# idx_orig bit_orig post_llr_q hard
0 1 63 1
1 1 63 1
2 0 -64 0
3 0 -64 0
4 1 63 1
5 0 -64 0
6 1 63 1
7 1 63 1
8 1 63 1
9 1 63 1
10 0 -64 0
11 0 -64 0
12 0 -64 0
13 1 63 1
14 0 -64 0
15 1 63 1
16 0 -64 0
17 1 63 1
18 1 63 1
19 0 -64 0
20 0 -64 0
21 1 63 1
22 0 -64 0
23 0 -64 0
24 1 63 1
25 0 -64 0
26 0 -64 0
27 0 -64 0
28 0 -64 0
29 0 -64 0
30 0 -64 0
31 1 63 1
32 0 -64 0
33 1 63 1
34 1 63 1
35 1 63 1
36 1 63 1
37 0 -64 0
38 0 -64 0
39 0 -64 0
40 1 63 1
41 1 63 1
42 0 -64 0
43 0 -64 0
44 1 63 1
45 1 63 1
46 1 63 1
47 1 63 1
48 1 63 1
49 0 -64 0
50 1 63 1
51 1 63 1
52 0 -64 0
53 0 -64 0
54 1 63 1
55 0 -64 0
56 1 63 1
57 0 -64 0
58 1 63 1
59 0 -64 0
60 1 63 1
61 1 63 1
62 0 -64 0
63 1 63 1
64 1 63 1
65 1 63 1
66 1 63 1
67 1 63 1
68 1 63 1
69 1 63 1
70 1 63 1
71 0 -64 0
72 1 63 1
73 0 -64 0
74 0 -64 0
75 0 -64 0
76 0 -64 0
77 0 -64 0
78 1 63 1
79 0 -64 0
80 1 63 1
81 1 63 1
82 1 63 1
83 0 -64 0
84 0 -64 0
85 1 63 1
86 0 -64 0
87 1 63 1
88 0 -64 0
89 1 63 1
90 1 63 1
91 1 63 1
92 0 -64 0
93 0 -64 0
94 1 63 1
95 0 -64 0
96 0 -64 0
97 1 63 1
98 1 63 1
99 0 -64 0
100 0 -64 0
101 0 -64 0
102 1 63 1
103 0 -64 0
104 1 63 1
105 0 -64 0
106 0 -64 0
107 0 -64 0
108 1 63 1
109 0 -64 0
110 1 63 1
111 0 -64 0
112 1 63 1
113 1 63 1
114 0 -64 0
115 1 63 1
116 0 -64 0
117 0 -64 0
118 0 -64 0
119 1 63 1
120 1 63 1
121 1 63 1
122 1 63 1
123 1 63 1
124 1 63 1
125 1 63 1
126 1 63 1
127 1 63 1
128 1 63 1
129 0 -64 0
130 0 -64 0
131 1 63 1
132 1 63 1
133 1 63 1
134 1 63 1
135 0 -64 0
136 1 63 1
137 1 63 1
138 0 -64 0
139 0 -64 0
140 1 63 1
141 0 -64 0
142 1 63 1
143 0 -64 0
144 1 63 1
145 1 63 1
146 0 -64 0
147 0 -64 0
148 0 -64 0
149 0 -64 0
150 0 -64 0
151 1 63 1
152 1 63 1
153 0 -64 0
154 0 -64 0
155 0 -64 0
156 1 63 1
157 0 -64 0
158 1 63 1
159 0 -64 0
160 0 -64 0
161 1 63 1
162 1 63 1
163 0 -64 0
164 1 63 1
165 0 -64 0
166 1 63 1
167 0 -64 0
168 1 63 1
169 0 -64 0
170 0 -64 0
171 0 -64 0
172 1 63 1
173 0 -64 0
174 0 -64 0
175 0 -64 0
176 1 63 1
177 0 -64 0
178 1 63 1
179 0 -64 0
180 0 -64 0
181 1 63 1
182 0 -64 0
183 1 63 1
184 0 -64 0
185 0 -64 0
186 0 -64 0
187 0 -64 0
188 0 -64 0
189 0 -64 0
190 1 63 1
191 1 63 1
192 0 -64 0
193 1 63 1
194 0 -64 0
195 1 63 1
196 0 -64 0
197 0 -64 0
198 0 -64 0
199 0 -64 0
200 0 -64 0
201 1 63 1
202 0 -64 0
203 1 63 1
204 1 63 1
205 1 63 1
206 1 63 1
207 0 -64 0
208 1 63 1
209 0 -64 0
210 0 -64 0
211 0 -64 0
212 1 63 1
213 1 63 1
214 1 63 1
215 0 -64 0
216 0 -64 0
217 0 -64 0
218 1 63 1
219 0 -64 0
220 1 63 1
221 1 63 1
222 0 -64 0
223 1 63 1
224 1 63 1
225 1 63 1
226 1 63 1
227 1 63 1
228 0 -64 0
229 1 63 1
230 1 63 1
231 1 63 1
232 1 63 1
233 1 63 1
234 0 -64 0
235 1 63 1
236 1 63 1
237 0 -64 0
238 1 63 1
239 1 63 1
240 0 -64 0
241 0 -64 0
242 1 63 1
243 0 -64 0
244 0 -64 0
245 0 -64 0
246 0 -64 0
247 0 -64 0
248 0 -64 0
249 0 -64 0
250 1 63 1
251 0 -64 0
252 1 63 1
253 1 63 1
254 1 63 1
255 1 63 1
256 1 63 1
257 0 -64 0
258 0 -64 0
259 0 -64 0
260 1 63 1
261 0 -64 0
262 0 -64 0
263 1 63 1
264 0 -64 0
265 0 -64 0
266 1 63 1
267 0 -64 0
268 1 63 1
269 0 -64 0
270 0 -64 0
271 1 63 1
272 0 -64 0
273 0 -64 0
274 1 63 1
275 1 63 1
276 1 63 1
277 0 -64 0
278 0 -64 0
279 0 -64 0
280 0 -64 0
281 0 -64 0
282 0 -64 0
283 1 63 1
284 1 63 1
285 1 63 1
286 0 -64 0
287 1 63 1
288 1 63 1
289 1 63 1
290 1 63 1
291 0 -64 0
292 1 63 1
293 0 -64 0
294 0 -64 0
295 0 -60 0
296 1 63 1
297 1 63 1
298 1 63 1
299 1 63 1
300 1 63 1
301 1 63 1
302 0 -60 0
303 1 63 1
304 0 -64 0
305 1 63 1
306 0 -64 0
307 0 -64 0
308 0 -64 0
309 1 63 1
310 0 -64 0
311 1 63 1
312 0 -64 0
313 1 63 1
314 1 63 1
315 0 -64 0
316 0 -64 0
317 0 -64 0
318 1 63 1
319 1 63 1
320 1 63 1
321 0 -64 0
322 0 -64 0
323 0 -64 0
324 1 63 1
325 1 63 1
326 0 -64 0
327 0 -64 0
328 0 -64 0
329 1 63 1
330 1 63 1
331 1 63 1
332 0 -64 0
333 0 -64 0
334 1 63 1
335 0 -64 0
336 0 -64 0
337 1 63 1
338 0 -64 0
339 1 63 1
340 1 63 1
341 1 63 1
342 0 -64 0
343 1 63 1
344 0 -64 0
345 0 -64 0
346 1 63 1
347 0 -64 0
348 0 -64 0
349 1 63 1
350 0 -64 0
351 0 -64 0
352 0 -64 0
353 1 63 1
354 0 -64 0
355 0 -64 0
356 1 63 1
357 0 -64 0
358 0 -64 0
359 1 63 1
360 1 63 1
361 0 -64 0
362 1 63 1
363 1 63 1
364 0 -64 0
365 1 63 1
366 1 63 1
367 1 63 1
368 0 -64 0
369 1 63 1
370 0 -64 0
371 1 63 1
372 0 -64 0
373 1 63 1
374 1 63 1
375 1 63 1
376 1 63 1
377 0 -64 0
378 0 -64 0
379 0 -64 0
380 0 -64 0
381 0 -64 0
382 0 -64 0
383 0 -64 0
384 0 -64 0
385 0 -64 0
386 1 63 1
387 1 63 1
388 1 63 1
389 1 63 1
390 0 -64 0
391 1 63 1
392 1 63 1
393 0 -64 0
394 1 63 1
395 1 63 1
396 1 63 1
397 1 63 1
398 1 63 1
399 0 -64 0
400 0 -64 0
401 0 -64 0
402 0 -64 0
403 1 63 1
404 0 -64 0
405 0 -64 0
406 0 -64 0
407 0 -64 0
408 0 -64 0
409 0 -64 0
410 0 -64 0
411 1 63 1
412 1 63 1
413 0 -64 0
414 0 -64 0
415 1 63 1
416 1 63 1
417 1 63 1
418 1 63 1
419 1 63 1
420 0 -64 0
421 1 63 1
422 1 63 1
423 1 63 1
424 0 -64 0
425 1 63 1
426 0 -64 0
427 1 63 1
428 1 63 1
429 1 63 1
430 1 63 1
431 0 -64 0
432 1 63 1
433 1 63 1
434 0 -64 0
435 1 63 1
436 1 63 1
437 1 63 1
438 0 -64 0
439 1 63 1
440 0 -64 0
441 0 -64 0
442 0 -64 0
443 1 63 1
444 0 -64 0
445 1 63 1
446 1 63 1
447 0 -64 0
448 1 63 1
449 1 63 1
450 0 -64 0
451 1 63 1
452 0 -64 0
453 1 63 1
454 1 63 1
455 1 63 1
456 0 -64 0
457 0 -64 0
458 0 -64 0
459 1 63 1
460 0 -64 0
461 1 63 1
462 0 -64 0
463 1 63 1
464 0 -64 0
465 1 63 1
466 0 -64 0
467 1 63 1
468 0 -64 0
469 0 -64 0
470 0 -64 0
471 1 63 1
472 0 -64 0
473 0 -64 0
474 1 63 1
475 1 63 1
476 1 63 1
477 0 -64 0
478 1 63 1
479 0 -64 0
480 1 63 1
481 0 -64 0
482 1 63 1
483 0 -64 0
484 0 -64 0
485 0 -64 0
486 1 63 1
487 0 -64 0
488 1 63 1
489 0 -64 0
490 1 63 1
491 1 63 1
492 1 63 1
493 0 -64 0
494 0 -64 0
495 1 63 1
496 0 -64 0
497 1 63 1
498 0 -64 0
499 1 63 1
500 1 63 1
501 1 63 1
502 0 -64 0
503 1 63 1
504 0 -64 0
505 0 -64 0
506 1 63 1
507 1 63 1
508 1 63 1
509 1 63 1
510 0 -64 0
511 1 63 1
512 1 63 1
513 1 63 1
514 0 -64 0
515 0 -64 0
516 1 63 1
517 1 63 1
518 1 63 1
519 1 63 1
520 1 63 1
521 0 -64 0
522 0 -64 0
523 1 63 1
524 0 -64 0
525 0 -64 0
526 1 63 1
527 0 -64 0
528 0 -64 0
529 1 63 1
530 1 63 1
531 1 63 1
532 0 -64 0
533 0 -64 0
534 1 63 1
535 1 63 1
536 1 63 1
537 1 63 1
538 0 -64 0
539 0 -64 0
540 1 63 1
541 0 -64 0
542 0 -64 0
543 1 63 1
544 1 63 1
545 1 63 1
546 0 -64 0
547 1 63 1
548 0 -64 0
549 0 -64 0
550 0 -64 0
551 0 -64 0
552 0 -64 0
553 1 63 1
554 1 63 1
555 1 63 1
556 1 63 1
557 1 63 1
558 0 -64 0
559 1 63 1
560 1 63 1
561 1 63 1
562 1 63 1
563 1 63 1
564 1 63 1
565 0 -64 0
566 1 63 1
567 1 63 1
568 0 -64 0
569 1 63 1
570 0 -64 0
571 0 -64 0
572 1 63 1
573 1 63 1
574 0 -64 0
575 0 -64 0
576 1 63 1
577 0 -64 0
578 0 -64 0
579 1 63 1
580 0 -64 0
581 0 -64 0
582 1 63 1
583 0 -64 0
584 0 -64 0
585 0 -64 0
586 0 -64 0
587 0 -64 0
588 0 -64 0
589 0 -64 0
590 1 63 1
591 0 -64 0
592 1 63 1
593 1 63 1
594 1 63 1
595 1 63 1
596 1 63 1
597 0 -63 0
598 0 -64 0
599 1 63 1
600 0 -64 0
601 0 -64 0
602 0 -64 0
603 1 63 1
604 0 -64 0
605 1 63 1
606 0 -64 0
607 0 -64 0
608 1 63 1
609 1 63 1
610 1 63 1
611 1 63 1
612 0 -64 0
613 0 -64 0
614 0 -64 0
615 1 63 1
616 1 63 1
617 1 63 1
618 0 -64 0
619 0 -64 0
620 0 -64 0
621 1 63 1
622 1 63 1
623 0 -64 0
624 0 -64 0
625 1 63 1
626 1 63 1
627 0 -64 0
628 0 -64 0
629 1 63 1
630 0 -64 0
631 1 63 1
632 1 63 1
633 0 -64 0
634 1 63 1
635 0 42 1
636 1 63 1
637 1 63 1
638 1 63 1
639 1 63 1
640 0 -64 0
641 1 63 1
642 0 42 1
643 0 -64 0
644 0 -64 0
645 1 63 1
646 0 -64 0
647 1 63 1
648 0 -64 0
649 0 -64 0
650 1 63 1
651 0 -64 0
652 1 63 1
653 1 63 1
654 1 63 1
655 0 -64 0
656 0 -64 0
657 0 -64 0
658 0 -64 0
659 0 -64 0
660 1 63 1
661 0 -64 0
662 0 -64 0
663 0 -64 0
664 0 -64 0
665 1 63 1
666 0 -64 0
667 1 63 1
668 1 63 1
669 0 -64 0
670 0 -64 0
671 1 63 1
672 0 -64 0
673 1 63 1
674 0 -64 0
675 1 63 1
676 1 63 1
677 0 -64 0
678 1 63 1
679 0 -64 0
680 1 8 1
681 0 -64 0
682 0 -64 0
683 1 63 1
684 0 -64 0
685 1 63 1
686 1 63 1
687 0 -8 0
688 1 63 1
689 0 -64 0
690 1 63 1
691 1 63 1
692 1 63 1
693 1 63 1
694 1 63 1
695 0 -64 0
696 0 -64 0
697 1 63 1
698 1 63 1
699 0 -64 0
700 1 63 1
701 0 -64 0
702 1 63 1
703 0 -64 0
704 1 63 1
705 0 -64 0
706 0 -64 0
707 1 63 1
708 1 63 1
709 0 -64 0
710 1 63 1
711 0 -64 0
712 0 -64 0
713 0 -64 0
714 0 -64 0
715 1 63 1
716 1 63 1
717 0 -64 0
718 1 63 1
719 0 -64 0
720 0 -64 0
721 0 -64 0
722 1 63 1
723 0 -64 0
724 1 63 1
725 1 63 1
726 0 -64 0
727 0 -64 0
728 0 -64 0
729 1 63 1
730 1 63 1
731 0 -64 0
732 0 -64 0
733 0 -64 0
734 0 -64 0
735 1 63 1
736 1 63 1
737 1 63 1
738 1 63 1
739 1 63 1
740 0 -64 0
741 1 63 1
742 0 -64 0
743 0 -64 0
744 0 -64 0
745 0 -64 0
746 0 -64 0
747 0 -64 0
748 0 -64 0
749 0 -64 0
750 0 -64 0
751 1 63 1
752 1 63 1
753 0 -64 0
754 0 -64 0
755 0 -64 0
756 0 -64 0
757 1 63 1
758 1 63 1
759 1 63 1
760 0 -64 0
761 1 63 1
762 0 -52 0
763 1 56 1
764 0 -47 0
765 0 -51 0
766 0 -50 0
767 1 49 1
768 0 -36 0
769 0 -52 0
770 1 44 1
771 0 -31 0
772 0 -55 0
773 1 63 1
774 0 -48 0
775 0 -64 0
776 0 -64 0
777 0 -64 0
778 1 63 1
779 1 63 1
780 0 -64 0
781 0 -64 0
782 0 -64 0
783 1 63 1
784 0 -64 0
785 1 63 1
786 0 -64 0
787 0 -64 0
788 1 63 1
789 0 -64 0
790 1 63 1
791 1 63 1
792 1 63 1
793 1 63 1
794 1 63 1
795 1 63 1
796 1 63 1
797 0 -64 0
798 0 -64 0
799 0 -64 0
800 1 63 1
801 0 -64 0
802 1 63 1
803 1 63 1
804 0 -64 0
805 1 63 1
806 0 -64 0
807 1 63 1
808 0 -64 0
809 0 -64 0
810 0 -64 0
811 0 -64 0
812 0 -64 0
813 0 -64 0
814 0 -64 0
815 0 -64 0
816 1 63 1
817 1 63 1
818 1 63 1
819 1 63 1
820 0 -64 0
821 0 -64 0
822 0 -64 0
823 1 63 1
824 0 -64 0
825 0 -64 0
826 0 -64 0
827 1 63 1
828 0 -64 0
829 1 63 1
830 1 63 1
831 1 63 1
832 1 63 1
833 0 -64 0
834 0 -64 0
835 1 63 1
836 1 63 1
837 0 -64 0
838 1 63 1
839 0 -64 0
840 1 63 1
841 1 63 1
842 0 -64 0
843 1 63 1
844 1 63 1
845 1 63 1
846 1 63 1
847 1 63 1
848 0 -64 0
849 1 63 1
850 0 -64 0
851 0 -64 0
852 1 63 1
853 1 63 1
854 1 63 1
855 0 -64 0
856 0 -64 0
857 1 63 1
858 1 63 1
859 1 63 1
860 0 -64 0
861 1 63 1
862 1 63 1
863 1 63 1
864 1 63 1
865 0 -64 0
866 1 63 1
867 0 -64 0
868 1 63 1
869 0 -64 0
870 1 63 1
871 1 63 1
872 1 63 1
873 1 63 1
874 1 63 1
875 0 -64 0
876 0 -64 0
877 0 -64 0
878 0 -64 0
879 1 63 1
880 0 -64 0
881 1 63 1
882 1 63 1
883 1 63 1
884 1 63 1
885 1 63 1
886 0 -64 0
887 1 63 1
888 0 -64 0
889 0 -64 0
890 0 -64 0
891 1 63 1
892 0 -64 0
893 0 -64 0
894 0 -64 0
895 0 -64 0
896 1 63 1
897 1 63 1
898 1 63 1
899 1 63 1
900 0 -64 0
901 0 -64 0
902 1 63 1
903 0 -64 0
904 0 -64 0
905 1 63 1
906 0 -64 0
907 1 63 1
908 1 63 1
909 0 -64 0
910 1 63 1
911 1 63 1
912 1 63 1
913 1 63 1
914 0 -64 0
915 0 -64 0
916 0 -64 0
917 1 63 1
918 0 -64 0
919 1 63 1
920 0 -64 0
921 0 -64 0
922 0 -62 0
923 0 -64 0
924 0 -64 0
925 0 -64 0
926 1 63 1
927 1 63 1
928 1 63 1
929 1 62 1
930 1 63 1
931 1 63 1
932 1 63 1
933 1 63 1
934 1 63 1
935 1 63 1
936 0 -64 0
937 1 63 1
938 0 -64 0
939 0 -64 0
940 0 -64 0
941 0 -64 0
942 0 -64 0
943 0 -64 0
944 0 -64 0
945 1 63 1
946 1 63 1
947 0 -64 0
948 1 63 1
949 0 -64 0
950 0 -64 0
951 1 63 1
952 0 -64 0
953 1 63 1
954 0 -64 0
955 1 63 1
956 1 63 1
957 1 63 1
958 0 -64 0
959 1 63 1
960 1 63 1
961 1 63 1
962 1 63 1
963 1 63 1
964 0 -64 0
965 0 -64 0
966 0 -64 0
967 0 -64 0
968 0 -64 0
969 1 63 1
970 0 -64 0
971 1 63 1
972 0 -64 0
973 1 63 1
974 0 -64 0
975 1 63 1
976 0 -64 0
977 0 -64 0
978 1 63 1
979 1 63 1
980 0 -64 0
981 1 63 1
982 1 63 1
983 1 63 1
984 0 -64 0
985 0 -64 0
986 1 63 1
987 0 -64 0
988 1 63 1
989 0 -64 0
990 1 63 1
991 0 -64 0
992 1 63 1
993 1 63 1
994 1 63 1
995 0 -64 0
996 1 63 1
997 0 -64 0
998 0 -64 0
999 1 63 1
1000 1 63 1
1001 1 63 1
1002 1 63 1
1003 1 63 1
1004 0 -64 0
1005 1 63 1
1006 0 -64 0
1007 1 63 1
1008 1 63 1
1009 0 -64 0
1010 0 -64 0
1011 1 63 1
1012 1 63 1
1013 0 -64 0
1014 1 63 1
1015 0 -64 0
1016 0 -64 0
1017 1 63 1
1018 0 -64 0
1019 0 -64 0
1020 1 63 1
1021 0 -64 0
1022 1 63 1
1023 0 -64 0
1024 1 63 1
1025 0 -64 0
1026 0 -64 0
1027 1 63 1
1028 0 -64 0
1029 0 -64 0
1030 0 -64 0
1031 0 -64 0
1032 0 -64 0
1033 0 -64 0
1034 1 63 1
1035 1 63 1
1036 0 -64 0
1037 0 -64 0
1038 1 63 1
1039 0 -64 0
1040 1 63 1
1041 0 -64 0
1042 0 -64 0
1043 0 -64 0
1044 0 -64 0
1045 1 63 1
1046 1 63 1
1047 0 -64 0
1048 1 63 1
1049 0 -64 0
1050 1 63 1
1051 0 -64 0
1052 0 -64 0
1053 1 63 1
1054 0 -64 0
1055 1 63 1
1056 1 63 1
1057 0 -64 0
1058 0 -64 0
1059 0 -64 0
1060 0 -64 0
1061 0 -64 0
1062 1 63 1
1063 0 -64 0
1064 0 -64 0
1065 1 63 1
1066 0 -64 0
1067 0 -64 0
1068 1 63 1
1069 1 63 1
1070 1 63 1
1071 0 -64 0
1072 1 63 1
1073 1 63 1
1074 1 63 1
1075 0 -64 0
1076 0 -64 0
1077 1 63 1
1078 1 63 1
1079 0 -64 0
1080 0 -64 0
1081 0 -64 0
1082 0 -64 0
1083 1 63 1
1084 0 -64 0
1085 0 -64 0
1086 1 63 1
1087 1 63 1
1088 1 63 1
1089 1 63 1
1090 1 63 1
1091 0 -64 0
1092 0 -64 0
1093 0 -64 0
1094 0 -64 0
1095 0 -64 0
1096 1 63 1
1097 0 -64 0
1098 1 63 1
1099 0 -64 0
1100 1 63 1
1101 1 63 1
1102 1 63 1
1103 1 63 1
1104 1 63 1
1105 0 -64 0
1106 0 -64 0
1107 0 -64 0
1108 1 63 1
1109 0 -64 0
1110 0 -64 0
1111 0 -64 0
1112 0 -64 0
1113 0 -64 0
1114 1 63 1
1115 1 63 1
1116 1 63 1
1117 0 -64 0
1118 0 -64 0
1119 1 63 1
1120 1 63 1
1121 1 63 1
1122 0 -64 0
1123 0 -64 0
1124 1 63 1
1125 0 -64 0
1126 0 -64 0
1127 1 63 1
1128 1 63 1
1129 1 63 1
1130 0 -64 0
1131 0 -64 0
1132 0 -64 0
1133 0 -64 0
1134 1 63 1
1135 0 -64 0
1136 0 -64 0
1137 1 63 1
1138 1 63 1
1139 0 -64 0
1140 1 63 1
1141 0 -64 0
1142 0 -64 0
1143 0 -64 0
1144 0 -64 0
1145 1 63 1
1146 0 -64 0
1147 1 63 1
1148 1 63 1
1149 0 -64 0
1150 0 -64 0
1151 1 63 1
1152 0 -64 0
1153 1 63 1
1154 1 63 1
1155 0 -64 0
1156 1 63 1
1157 1 63 1
1158 0 -64 0
1159 0 -64 0
1160 1 63 1
1161 1 63 1
1162 1 63 1
1163 1 63 1
1164 1 63 1
1165 0 -64 0
1166 0 -64 0
1167 1 63 1
1168 1 63 1
1169 0 -64 0
1170 0 -64 0
1171 0 -64 0
1172 0 -64 0
1173 1 63 1
1174 0 -64 0
1175 1 63 1
1176 1 63 1
1177 0 -64 0
1178 1 63 1
1179 0 -64 0
1180 0 -64 0
1181 1 63 1
1182 1 63 1
1183 0 -64 0
1184 0 -64 0
1185 1 63 1
1186 0 -64 0
1187 0 -64 0
1188 1 63 1
1189 0 -64 0
1190 0 -64 0
1191 1 63 1
1192 0 -64 0
1193 0 -64 0
1194 1 63 1
1195 1 63 1
1196 1 63 1
1197 1 63 1
1198 1 63 1
1199 0 -64 0
1200 0 -64 0
1201 0 -64 0
1202 0 -64 0
1203 1 63 1
1204 0 -64 0
1205 0 -64 0
1206 0 -64 0
1207 1 63 1
1208 0 -64 0
1209 0 -64 0
1210 0 -64 0
1211 0 -64 0
1212 0 -64 0
1213 0 -64 0
1214 0 -64 0
1215 1 63 1
1216 1 63 1
1217 1 63 1
1218 0 -64 0
1219 0 -64 0
1220 0 -64 0
1221 1 63 1
1222 1 63 1
1223 1 63 1
1224 1 63 1
1225 0 -64 0
1226 1 63 1
1227 0 -64 0
1228 1 63 1
1229 1 63 1
1230 1 63 1
1231 1 63 1
1232 0 -64 0
1233 1 63 1
1234 1 63 1
1235 0 -64 0
1236 1 63 1
1237 0 -64 0
1238 1 63 1
1239 1 63 1
1240 0 -64 0
1241 0 -64 0
1242 0 -64 0
1243 0 -64 0
1244 0 -64 0
1245 0 -64 0
1246 1 63 1
1247 1 63 1
1248 0 -64 0
1249 0 -64 0
1250 1 63 1
1251 1 63 1
1252 0 -64 0
1253 0 -64 0
1254 1 63 1
1255 1 63 1
1256 0 -64 0
1257 1 63 1
1258 1 63 1
1259 1 63 1
1260 1 63 1
1261 1 63 1
1262 1 63 1
1263 1 63 1
1264 1 63 1
1265 0 -64 0
1266 1 63 1
1267 1 63 1
1268 1 63 1
1269 1 63 1
1270 1 63 1
1271 1 63 1
1272 0 -64 0
1273 0 -64 0
1274 1 63 1
1275 1 63 1
1276 0 -64 0
1277 0 -64 0
1278 0 -64 0
1279 0 -64 0
1280 1 63 1
1281 1 63 1
1282 0 -64 0
1283 0 -64 0
1284 1 63 1
1285 0 -64 0
1286 1 63 1
1287 1 63 1
1288 0 -64 0
1289 1 63 1
1290 0 -64 0
1291 0 -64 0
1292 0 -64 0
1293 0 -64 0
1294 0 -64 0
1295 0 -64 0
1296 0 -64 0
1297 0 -64 0
1298 1 63 1
1299 1 63 1
1300 0 -64 0
1301 0 -64 0
1302 1 63 1
1303 1 63 1
1304 1 63 1
1305 1 63 1
1306 0 -64 0
1307 1 63 1
1308 1 63 1
1309 0 -64 0
1310 1 63 1
1311 0 -64 0
1312 1 63 1
1313 0 -64 0
1314 1 63 1
1315 0 -64 0
1316 1 63 1
1317 1 63 1
1318 1 63 1
1319 0 -64 0
1320 1 63 1
1321 1 63 1
1322 0 -64 0
1323 0 -64 0
1324 1 63 1
1325 0 -64 0
1326 0 -64 0
1327 0 -64 0
1328 0 -64 0
1329 0 -64 0
1330 0 -64 0
1331 0 -64 0
1332 0 -64 0
1333 1 63 1
1334 0 -64 0
1335 0 -64 0
1336 0 -64 0
1337 0 -64 0
1338 0 -64 0
1339 0 -64 0
1340 1 63 1
1341 1 63 1
1342 1 63 1
1343 0 -64 0
1344 0 -64 0
1345 1 63 1
1346 0 -64 0
1347 1 63 1
1348 0 -64 0
1349 1 63 1
1350 0 -64 0
1351 0 -64 0
1352 0 -64 0
1353 1 63 1
1354 0 -64 0
1355 1 63 1
1356 1 63 1
1357 1 63 1
1358 1 63 1
1359 0 -64 0
1360 0 -64 0
1361 1 63 1
1362 0 -64 0
1363 1 63 1
1364 0 -64 0
1365 0 -64 0
1366 0 -64 0
1367 0 -64 0
1368 0 -64 0
1369 1 63 1
1370 1 63 1
1371 1 63 1
1372 0 -64 0
1373 0 -64 0
1374 0 -64 0
1375 0 -64 0
1376 1 63 1
1377 1 63 1
1378 1 63 1
1379 1 63 1
1380 0 -64 0
1381 0 -64 0
1382 1 63 1
1383 0 -64 0
1384 0 -64 0
1385 1 63 1
1386 0 -64 0
1387 1 63 1
1388 1 63 1
1389 1 63 1
1390 1 63 1
1391 0 -64 0
1392 0 -64 0
1393 0 -64 0
1394 0 -64 0
1395 0 -64 0
1396 1 63 1
1397 1 63 1
1398 1 63 1
1399 0 -64 0
1400 0 -64 0
1401 0 -64 0
1402 0 -64 0
1403 0 -64 0
1404 0 -64 0
1405 0 -64 0
1406 0 -64 0
1407 0 -64 0
1408 1 63 1
1409 1 63 1
1410 1 63 1
1411 1 63 1
1412 1 63 1
1413 0 -64 0
1414 0 -64 0
1415 0 -64 0
1416 0 -64 0
1417 0 -64 0
1418 0 -64 0
1419 0 -64 0
1420 0 -64 0
1421 1 63 1
1422 0 -64 0
1423 0 -64 0
1424 1 63 1
1425 1 63 1
1426 1 63 1
1427 0 -64 0
1428 0 -64 0
1429 1 63 1
1430 1 63 1
1431 0 -64 0
1432 0 -64 0
1433 0 -64 0
1434 1 63 1
1435 1 63 1
1436 0 -64 0
1437 1 63 1
1438 1 63 1
1439 0 -64 0
1440 0 -64 0
1441 0 -64 0
1442 1 63 1
1443 1 63 1
1444 0 -64 0
1445 0 -64 0
1446 1 63 1
1447 1 63 1
1448 0 -64 0
1449 1 63 1
1450 1 63 1
1451 1 63 1
1452 1 63 1
1453 0 -64 0
1454 0 -64 0
1455 0 -64 0
1456 0 -64 0
1457 0 -64 0
1458 0 -64 0
1459 0 -64 0
1460 0 -64 0
1461 1 63 1
1462 1 63 1
1463 0 -64 0
1464 0 -64 0
1465 1 63 1
1466 1 63 1
1467 1 63 1
1468 1 63 1
1469 0 -64 0
1470 0 -64 0
1471 0 -64 0
1472 0 -64 0
1473 1 63 1
1474 0 -64 0
1475 0 -64 0
1476 0 -64 0
1477 1 63 1
1478 0 -64 0
1479 1 63 1
1480 1 63 1
1481 0 -64 0
1482 0 -64 0
1483 0 -64 0
1484 1 63 1
1485 0 -64 0
1486 0 -64 0
1487 0 -64 0
1488 1 63 1
1489 1 63 1
1490 1 63 1
1491 0 -64 0
1492 0 -64 0
1493 0 -64 0
1494 1 63 1
1495 0 -64 0
1496 0 -64 0
1497 0 -64 0
1498 1 63 1
1499 1 63 1
1500 1 63 1
1501 0 -64 0
1502 1 63 1
1503 0 -64 0
1504 0 -64 0
1505 0 -64 0
1506 1 63 1
1507 1 63 1
1508 0 -64 0
1509 0 -64 0
1510 1 63 1
1511 0 -64 0
1512 0 -64 0
1513 1 63 1
1514 1 63 1
1515 1 63 1
1516 1 63 1
1517 0 -64 0
1518 0 -64 0
1519 1 63 1
1520 1 63 1
1521 0 -64 0
1522 0 -64 0
1523 1 63 1
1524 1 63 1
1525 1 63 1
1526 0 -64 0
1527 1 63 1
1528 1 63 1
1529 1 63 1
1530 1 60 1
1531 0 -59 0
1532 1 63 1
1533 0 -42 0
1534 0 -51 0
1535 0 -34 0
1536 0 1 1
1537 0 -61 0
1538 1 61 1
1539 1 45 1
1540 0 -57 0
1541 1 46 1
1542 0 -55 0
1543 0 -64 0
1544 1 63 1
1545 1 63 1
1546 0 -64 0
1547 1 63 1
1548 0 -64 0
1549 1 63 1
1550 0 -64 0
1551 0 -64 0
1552 0 -64 0
1553 0 -64 0
1554 0 -64 0
1555 0 -64 0
1556 0 -64 0
1557 1 63 1
1558 0 -64 0
1559 1 63 1
1560 0 -64 0
1561 1 63 1
1562 0 -64 0
1563 0 -64 0
1564 0 -64 0
1565 0 -64 0
1566 1 63 1
1567 0 -64 0
1568 0 -64 0
1569 0 -64 0
1570 0 -64 0
1571 1 63 1
1572 0 -64 0
1573 0 -64 0
1574 1 63 1
1575 1 63 1
1576 0 -64 0
1577 0 -64 0
1578 1 63 1
1579 0 -64 0
1580 0 -64 0
1581 0 -64 0
1582 1 63 1
1583 1 63 1
1584 1 63 1
1585 0 -64 0
1586 1 63 1
1587 1 63 1
1588 1 63 1
1589 0 -64 0
1590 0 -64 0
1591 1 63 1
1592 1 63 1
1593 1 63 1
1594 0 -64 0
1595 1 63 1
1596 1 63 1
1597 1 63 1
1598 1 63 1
1599 1 63 1
1600 1 63 1
1601 1 63 1
1602 0 -64 0
1603 1 63 1
1604 0 -64 0
1605 1 63 1
1606 1 63 1
1607 1 63 1
1608 1 63 1
1609 1 63 1
1610 0 -64 0
1611 1 63 1
1612 1 63 1
1613 1 63 1
1614 1 63 1
1615 0 -64 0
1616 1 63 1
1617 1 63 1
1618 1 63 1
1619 1 63 1
1620 1 63 1
1621 1 63 1
1622 0 -64 0
1623 0 -64 0
1624 0 -64 0
1625 0 -64 0
1626 1 63 1
1627 0 -64 0
1628 0 -64 0
1629 0 -64 0
1630 1 63 1
1631 1 63 1
1632 0 -64 0
1633 1 63 1
1634 1 63 1
1635 1 63 1
1636 1 63 1
1637 0 -64 0
1638 0 -64 0
1639 0 -64 0
1640 0 -64 0
1641 0 -64 0
1642 1 63 1
1643 1 63 1
1644 1 63 1
1645 0 -64 0
1646 0 -64 0
1647 0 -64 0
1648 1 63 1
1649 0 -64 0
1650 1 63 1
1651 0 -64 0
1652 0 -64 0
1653 0 -64 0
1654 1 63 1
1655 1 63 1
1656 0 -64 0
1657 1 63 1
1658 0 -64 0
1659 1 63 1
1660 1 63 1
1661 0 -64 0
1662 0 -64 0
1663 1 63 1
1664 0 -64 0
1665 1 63 1
1666 0 -64 0
1667 1 63 1
1668 1 63 1
1669 0 -64 0
1670 0 -64 0
1671 1 63 1
1672 0 -64 0
1673 0 -64 0
1674 1 63 1
1675 1 63 1
1676 0 -64 0
1677 1 63 1
1678 0 -64 0
1679 0 -64 0
1680 0 -64 0
1681 0 -64 0
1682 0 -64 0
1683 0 -64 0
1684 0 -64 0
1685 0 -64 0
1686 1 63 1
1687 1 -64 0
1688 1 63 1
1689 0 63 1
1690 0 63 1
1691 1 -64 0
1692 0 -64 0
1693 1 63 1
1694 1 63 1
1695 0 -64 0
1696 1 63 1
1697 1 63 1
1698 1 63 1
1699 0 -64 0
1700 1 63 1
1701 1 63 1
1702 0 -64 0
1703 0 -64 0
1704 0 -64 0
1705 1 63 1
1706 1 63 1
1707 0 -64 0
1708 0 -64 0
1709 0 -64 0
1710 0 -64 0
1711 0 -64 0
1712 0 -64 0
1713 1 63 1
1714 1 63 1
1715 1 63 1
1716 0 -64 0
1717 1 63 1
1718 1 63 1
1719 1 63 1
1720 0 -64 0
1721 0 -64 0
1722 0 -64 0
1723 1 63 1
1724 0 -64 0
1725 0 -64 0
1726 0 -64 0
1727 0 -64 0
1728 0 -64 0
1729 1 63 1
1730 1 63 1
1731 1 63 1
1732 1 63 1
1733 1 63 1
1734 0 -64 0
1735 0 -64 0
1736 1 63 1
1737 1 63 1
1738 1 63 1
1739 1 63 1
1740 0 -64 0
1741 0 -64 0
1742 1 63 1
1743 1 63 1
1744 0 -64 0
1745 1 63 1
1746 0 -64 0
1747 1 63 1
1748 1 63 1
1749 0 -64 0
1750 1 63 1
1751 0 -64 0
1752 0 -64 0
1753 0 -64 0
1754 1 63 1
1755 1 63 1
1756 0 -64 0
1757 0 -64 0
1758 0 -64 0
1759 1 63 1
1760 1 63 1
1761 1 63 1
1762 0 -64 0
1763 0 -64 0
1764 1 63 1
1765 1 63 1
1766 0 -64 0
1767 1 63 1
1768 1 63 1
1769 1 63 1
1770 1 63 1
1771 1 63 1
1772 0 -64 0
1773 0 -64 0
1774 0 -64 0
1775 0 -64 0
1776 1 63 1
1777 0 -64 0
1778 1 63 1
1779 0 -64 0
1780 0 -64 0
1781 1 63 1
1782 1 63 1
1783 0 -64 0
1784 1 63 1
1785 0 -64 0
1786 0 -64 0
1787 1 63 1
1788 1 63 1
1789 0 -64 0
1790 1 63 1
1791 1 63 1
1792 1 63 1
1793 1 63 1
1794 0 -64 0
1795 1 63 1
1796 0 -64 0
1797 0 -64 0
1798 0 -64 0
1799 1 63 1
1800 1 63 1
1801 1 63 1
1802 0 -64 0
1803 0 -64 0
1804 1 63 1
1805 1 63 1
1806 0 -64 0
1807 1 63 1
1808 0 -64 0
1809 0 -64 0
1810 1 63 1
1811 1 63 1
1812 1 63 1
1813 0 -64 0
1814 1 63 1
1815 0 -64 0
1816 1 63 1
1817 0 -64 0
1818 0 -64 0
1819 0 -64 0
1820 1 63 1
1821 0 -64 0
1822 0 -64 0
1823 0 -64 0
1824 1 63 1
1825 0 -64 0
1826 0 -64 0
1827 1 63 1
1828 0 -64 0
1829 1 63 1
1830 0 -64 0
1831 1 63 1
1832 1 63 1
1833 0 -64 0
1834 0 -64 0
1835 0 -64 0
1836 0 -64 0
1837 1 63 1
1838 1 63 1
1839 0 -64 0
1840 0 -64 0
1841 0 -64 0
1842 1 63 1
1843 0 -64 0
1844 0 -64 0
1845 1 63 1
1846 0 63 1
1847 0 -64 0
1848 1 63 1
1849 1 63 1
1850 0 63 1
1851 1 -64 0
1852 1 63 1
1853 1 63 1
1854 0 -64 0
1855 0 -64 0
1856 1 63 1
1857 1 63 1
1858 0 -64 0
1859 1 63 1
1860 0 -64 0
1861 1 63 1
1862 1 63 1
1863 0 -64 0
1864 1 63 1
1865 0 -64 0
1866 0 -64 0
1867 1 63 1
1868 0 -64 0
1869 1 63 1
1870 1 63 1
1871 1 63 1
1872 0 -64 0
1873 1 63 1
1874 1 63 1
1875 1 63 1
1876 0 -64 0
1877 0 -64 0
1878 0 -64 0
1879 0 -64 0
1880 0 -64 0
1881 0 -64 0
1882 1 63 1
1883 1 63 1
1884 0 -64 0
1885 0 -64 0
1886 0 -64 0
1887 0 -64 0
1888 0 -64 0
1889 1 63 1
1890 1 63 1
1891 0 -64 0
1892 0 -64 0
1893 0 -64 0
1894 0 -64 0
1895 0 -64 0
1896 1 63 1
1897 1 63 1
1898 0 -64 0
1899 0 -64 0
1900 0 -64 0
1901 0 -64 0
1902 1 63 1
1903 1 63 1
1904 1 63 1
1905 0 -64 0
1906 1 63 1
1907 0 -64 0
1908 0 -64 0
1909 1 63 1
1910 0 -64 0
1911 1 63 1
1912 1 63 1
1913 0 -64 0
1914 0 -64 0
1915 1 63 1
1916 0 -64 0
1917 1 63 1
1918 1 63 1
1919 1 63 1
1920 0 -64 0
1921 0 -64 0
1922 1 63 1
1923 0 -64 0
1924 0 -64 0
1925 0 -64 0
1926 1 63 1
1927 1 63 1
1928 1 63 1
1929 1 63 1
1930 1 63 1
1931 0 -64 0
1932 1 63 1
1933 0 -64 0
1934 1 63 1
1935 0 -64 0
1936 1 63 1
1937 1 63 1
1938 1 63 1
1939 0 -64 0
1940 0 -64 0
1941 0 -64 0
1942 1 63 1
1943 1 63 1
1944 1 63 1
1945 1 63 1
1946 0 -64 0
1947 1 63 1
1948 1 63 1
1949 0 -64 0
1950 1 63 1
1951 1 63 1
1952 0 -64 0
1953 1 63 1
1954 1 63 1
1955 0 -64 0
1956 0 -64 0
1957 1 63 1
1958 1 63 1
1959 1 63 1
1960 1 63 1
1961 1 63 1
1962 1 63 1
1963 1 63 1
1964 0 -64 0
1965 1 63 1
1966 1 63 1
1967 1 63 1
1968 1 63 1
1969 1 63 1
1970 0 -64 0
1971 0 -64 0
1972 0 -64 0
1973 0 -64 0
1974 0 -64 0
1975 0 -64 0
1976 1 63 1
1977 0 -64 0
1978 0 -64 0
1979 1 63 1
1980 0 -64 0
1981 1 63 1
1982 1 63 1
1983 0 -64 0
1984 0 -64 0
1985 1 63 1
1986 1 63 1
1987 0 -64 0
1988 0 -64 0
1989 1 63 1
1990 1 63 1
1991 0 -64 0
1992 1 63 1
1993 0 -64 0
1994 1 63 1
1995 1 63 1
1996 1 63 1
1997 1 63 1
1998 0 -64 0
1999 1 63 1
2000 0 -64 0
2001 0 -64 0
2002 1 63 1
2003 0 -64 0
2004 1 63 1
2005 0 -64 0
2006 0 -64 0
2007 1 63 1
2008 1 63 1
2009 0 -64 0
2010 1 63 1
2011 1 63 1
2012 1 63 1
2013 0 -64 0
2014 1 63 1
2015 0 -64 0
2016 1 63 1
2017 0 -64 0
2018 0 -64 0
2019 0 -64 0
2020 0 -64 0
2021 0 -64 0
2022 0 -64 0
2023 1 63 1
2024 1 63 1
2025 1 63 1
2026 1 63 1
2027 0 -64 0
2028 0 -64 0
2029 0 -64 0
2030 1 63 1
2031 1 63 1
2032 1 63 1
2033 0 -64 0
2034 1 63 1
2035 0 -64 0
2036 1 63 1
2037 0 -64 0
2038 0 -64 0
2039 1 63 1
2040 1 63 1
2041 1 63 1
2042 0 -64 0
2043 1 63 1
2044 1 63 1
2045 0 -64 0
2046 0 -64 0
2047 0 -64 0
2048 0 -64 0
2049 1 63 1
2050 1 63 1
2051 1 63 1
2052 0 -64 0
2053 1 63 1
2054 1 63 1
2055 1 63 1
2056 1 63 1
2057 0 -64 0
2058 1 63 1
2059 1 63 1
2060 1 63 1
2061 1 63 1
2062 1 63 1
2063 1 63 1
2064 1 63 1
2065 1 63 1
2066 1 63 1
2067 1 63 1
2068 1 63 1
2069 1 63 1
2070 0 -64 0
2071 0 -64 0
2072 0 -64 0
2073 1 63 1
2074 1 63 1
2075 1 63 1
2076 1 63 1
2077 0 -64 0
2078 1 63 1
2079 1 63 1
2080 1 63 1
2081 0 -64 0
2082 0 -64 0
2083 0 -64 0
2084 0 -64 0
2085 1 63 1
2086 0 -64 0
2087 0 -64 0
2088 1 63 1
2089 0 -64 0
2090 0 -64 0
2091 1 63 1
2092 1 63 1
2093 0 -64 0
2094 1 63 1
2095 0 -64 0
2096 1 63 1
2097 1 63 1
2098 0 -64 0
2099 1 63 1
2100 0 -64 0
2101 1 63 1
2102 0 -64 0
2103 0 -64 0
2104 0 -64 0
2105 0 -64 0
2106 0 -64 0
2107 0 -64 0
2108 1 63 1
2109 1 63 1
2110 0 -64 0
2111 1 63 1
2112 1 63 1
2113 0 -64 0
2114 0 -64 0
2115 1 63 1
2116 1 63 1
2117 1 63 1
2118 1 63 1
2119 1 63 1
2120 1 63 1
2121 1 63 1
2122 0 -64 0
2123 0 -64 0
2124 1 63 1
2125 0 -64 0
2126 1 63 1
2127 0 -64 0
2128 0 -64 0
2129 1 63 1
2130 1 63 1
2131 0 -64 0
2132 1 63 1
2133 1 63 1
2134 0 -64 0
2135 1 63 1
2136 0 -64 0
2137 1 63 1
2138 1 63 1
2139 1 63 1
2140 0 -64 0
2141 0 -64 0
2142 1 63 1
2143 1 63 1
2144 0 -64 0
2145 0 -64 0
2146 0 -64 0
2147 1 63 1
2148 0 -64 0
2149 1 63 1
2150 0 -64 0
2151 1 63 1
2152 1 63 1
2153 1 63 1
2154 1 63 1
2155 1 63 1
2156 1 63 1
2157 0 -64 0
2158 0 -64 0
2159 0 -64 0
2160 1 63 1
2161 0 -64 0
2162 1 63 1
2163 0 -64 0
2164 1 63 1
2165 1 63 1
2166 1 63 1
2167 0 -64 0
2168 0 -64 0
2169 0 -64 0
2170 0 -64 0
2171 1 63 1
2172 1 63 1
2173 0 -64 0
2174 0 -64 0
2175 1 63 1
2176 0 -64 0
2177 0 -64 0
2178 0 -64 0
2179 0 -64 0
2180 1 63 1
2181 0 -64 0
2182 1 63 1
2183 0 -64 0
2184 1 63 1
2185 0 -64 0
2186 0 -64 0
2187 1 63 1
2188 0 -64 0
2189 1 63 1
2190 0 -64 0
2191 0 -64 0
2192 1 63 1
2193 0 -64 0
2194 0 -64 0
2195 1 63 1
2196 1 63 1
2197 0 -64 0
2198 0 -64 0
2199 1 63 1
2200 1 63 1
2201 1 63 1
2202 1 63 1
2203 0 -64 0
2204 1 63 1
2205 1 63 1
2206 0 -64 0
2207 0 -64 0
2208 1 63 1
2209 1 63 1
2210 1 63 1
2211 0 -64 0
2212 0 -64 0
2213 0 -64 0
2214 1 63 1
2215 0 -64 0
2216 0 -64 0
2217 0 -64 0
2218 0 -64 0
2219 1 63 1
2220 1 63 1
2221 1 63 1
2222 0 -64 0
2223 0 -64 0
2224 1 63 1
2225 1 63 1
2226 1 63 1
2227 1 63 1
2228 0 -64 0
2229 1 63 1
2230 1 63 1
2231 0 -64 0
2232 1 63 1
2233 0 -64 0
2234 1 63 1
2235 1 63 1
2236 1 63 1
2237 0 -64 0
2238 1 63 1
2239 1 63 1
2240 0 -64 0
2241 0 -64 0
2242 0 -64 0
2243 1 63 1
2244 0 -64 0
2245 1 63 1
2246 1 63 1
2247 0 -64 0
2248 0 -64 0
2249 0 -64 0
2250 1 63 1
2251 1 63 1
2252 1 63 1
2253 1 63 1
2254 1 63 1
2255 1 63 1
2256 0 -64 0
2257 0 -64 0
2258 0 -64 0
2259 1 63 1
2260 0 -64 0
2261 0 -64 0
2262 1 63 1
2263 1 63 1
2264 0 -64 0
2265 1 63 1
2266 1 63 1
2267 0 -64 0
2268 1 63 1
2269 0 -64 0
2270 1 63 1
2271 1 63 1
2272 1 63 1
2273 1 63 1
2274 0 -64 0
2275 1 63 1
2276 0 -64 0
2277 0 -64 0
2278 0 -64 0
2279 0 -64 0
2280 1 63 1
2281 1 63 1
2282 0 -64 0
2283 1 63 1
2284 0 -64 0
2285 0 -64 0
2286 0 -64 0
2287 1 63 1
2288 1 63 1
2289 1 63 1
2290 1 62 1
2291 0 -61 0
2292 0 -64 0
2293 0 -64 0
2294 0 -64 0
2295 0 -64 0
2296 1 63 1
2297 1 37 1
2298 1 61 1
2299 1 -44 0
2300 0 -56 0
2301 1 -45 0
2302 1 52 1
2303 0 37 1
2304 0 -35 0
2305 0 -49 0
2306 0 -61 0
2307 1 63 1
2308 1 63 1
2309 0 -64 0
2310 1 59 1
2311 0 -64 0
2312 1 63 1
2313 1 63 1
2314 1 63 1
2315 0 -64 0
2316 1 63 1
2317 1 63 1
2318 1 63 1
2319 0 -64 0
2320 0 -64 0
2321 1 63 1
2322 1 63 1
2323 1 63 1
2324 0 -64 0
2325 1 63 1
2326 0 -64 0
2327 1 63 1
2328 1 63 1
2329 0 -64 0
2330 1 63 1
2331 0 -64 0
2332 0 -64 0
2333 1 63 1
2334 1 63 1
2335 1 63 1
2336 1 63 1
2337 1 63 1
2338 1 63 1
2339 0 -64 0
2340 0 -64 0
2341 0 -64 0
2342 1 63 1
2343 1 63 1
2344 1 63 1
2345 0 -64 0
2346 1 63 1
2347 1 63 1
2348 0 -64 0
2349 0 -64 0
2350 1 63 1
2351 0 -64 0
2352 1 63 1
2353 0 -64 0
2354 0 -64 0
2355 1 63 1
2356 1 63 1
2357 0 -64 0
2358 0 -64 0
2359 1 63 1
2360 1 63 1
2361 0 -64 0
2362 0 -64 0
2363 0 -64 0
2364 0 -64 0
2365 1 63 1
2366 1 63 1
2367 1 63 1
2368 1 63 1
2369 1 63 1
2370 1 63 1
2371 1 63 1
2372 1 63 1
2373 1 63 1
2374 0 -64 0
2375 0 -64 0
2376 0 -64 0
2377 1 63 1
2378 1 63 1
2379 1 63 1
2380 0 -64 0
2381 0 -64 0
2382 1 63 1
2383 0 -64 0
2384 0 -64 0
2385 0 -64 0
2386 1 63 1
2387 0 -64 0
2388 1 63 1
2389 1 63 1
2390 0 -64 0
2391 1 63 1
2392 0 -64 0
2393 1 63 1
2394 1 63 1
2395 0 -64 0
2396 0 -64 0
2397 0 -64 0
2398 1 63 1
2399 1 63 1
2400 1 63 1
2401 1 63 1
2402 0 -64 0
2403 0 -64 0
2404 1 63 1
2405 0 -64 0
2406 1 63 1
2407 0 -64 0
2408 0 -64 0
2409 1 63 1
2410 1 63 1
2411 0 -64 0
2412 1 63 1
2413 0 -64 0
2414 0 -64 0
2415 1 63 1
2416 1 63 1
2417 0 -64 0
2418 0 -64 0
2419 0 -64 0
2420 0 -64 0
2421 0 -64 0
2422 0 -64 0
2423 0 -64 0
2424 1 63 1
2425 0 -64 0
2426 1 63 1
2427 0 -64 0
2428 0 -64 0
2429 1 63 1
2430 0 -64 0
2431 1 63 1
2432 1 63 1
2433 0 -64 0
2434 0 -64 0
2435 1 63 1
2436 1 63 1
2437 1 63 1
2438 1 63 1
2439 0 -64 0
2440 1 63 1
2441 1 63 1
2442 0 -64 0
2443 0 -64 0
2444 1 63 1
2445 0 -64 0
2446 1 63 1
2447 0 -64 0
2448 1 63 1
2449 0 -64 0
2450 1 63 1
2451 1 63 1
2452 1 63 1
2453 0 -64 0
2454 0 -64 0
2455 1 63 1
2456 0 -64 0
2457 1 63 1
2458 1 63 1
2459 0 -64 0
2460 0 -64 0
2461 0 -64 0
2462 0 -64 0
2463 1 63 1
2464 1 63 1
2465 0 -64 0
2466 0 -64 0
2467 0 -64 0
2468 0 -64 0
2469 1 63 1
2470 1 63 1
2471 1 63 1
2472 1 63 1
2473 0 -64 0
2474 1 63 1
2475 1 63 1
2476 0 -64 0
2477 1 63 1
2478 0 -64 0
2479 1 63 1
2480 0 -64 0
2481 1 63 1
2482 1 63 1
2483 1 63 1
2484 0 -64 0
2485 0 -64 0
2486 1 63 1
2487 1 63 1
2488 0 -64 0
2489 1 63 1
2490 1 63 1
2491 0 -64 0
2492 1 63 1
2493 0 -64 0
2494 0 -64 0
2495 0 -64 0
2496 1 63 1
2497 1 63 1
2498 1 63 1
2499 0 -64 0
2500 0 -64 0
2501 1 63 1
2502 0 -64 0
2503 1 63 1
2504 0 -64 0
2505 1 63 1
2506 0 -64 0
2507 1 63 1
2508 0 -64 0
2509 1 63 1
2510 1 63 1
2511 1 63 1
2512 0 -64 0
2513 1 63 1
2514 1 63 1
2515 1 63 1
2516 1 63 1
2517 1 63 1
2518 0 -64 0
2519 0 -64 0
2520 0 -64 0
2521 0 -64 0
2522 1 63 1
2523 0 -64 0
2524 0 -64 0
2525 0 -64 0
2526 0 -64 0
2527 1 63 1
2528 1 63 1
2529 0 -64 0
2530 0 -64 0
2531 1 63 1
2532 0 -64 0
2533 0 -64 0
2534 1 63 1
2535 1 63 1
2536 0 -64 0
2537 1 63 1
2538 0 -64 0
2539 1 63 1
2540 0 -64 0
2541 0 -64 0
2542 1 63 1
2543 0 -64 0
2544 0 -64 0
2545 0 -64 0
2546 1 63 1
2547 0 -64 0
2548 0 -64 0
2549 0 -64 0
2550 1 63 1
2551 1 63 1
2552 1 63 1
2553 1 63 1
2554 0 -64 0
2555 0 -64 0
2556 1 63 1
2557 0 -64 0
2558 1 63 1
2559 1 63 1
2560 0 -64 0
2561 0 -64 0
2562 1 63 1
2563 0 -64 0
2564 0 -64 0
2565 0 -64 0
2566 0 -64 0
2567 0 -64 0
2568 1 63 1
2569 1 63 1
2570 1 63 1
2571 0 -64 0
2572 1 63 1
2573 0 -64 0
2574 1 63 1
2575 0 -64 0
2576 1 63 1
2577 0 -64 0
2578 1 63 1
2579 1 63 1
2580 1 63 1
2581 0 -64 0
2582 0 -64 0
2583 1 63 1
2584 1 63 1
2585 0 -64 0
2586 0 -64 0
2587 0 -64 0
2588 1 63 1
2589 1 63 1
2590 1 63 1
2591 0 -64 0
2592 1 63 1
2593 1 63 1
2594 0 -64 0
2595 1 63 1
2596 1 63 1
2597 0 -64 0
2598 1 63 1
2599 0 -64 0
2600 0 -64 0
2601 1 63 1
2602 0 -64 0
2603 0 -64 0
2604 0 -64 0
2605 0 -64 0
2606 1 63 1
2607 1 63 1
2608 0 -64 0
2609 0 -64 0
2610 1 63 1
2611 0 -64 0
2612 0 -64 0
2613 0 -64 0
2614 0 -64 0
2615 0 -64 0
2616 0 -64 0
2617 1 63 1
2618 0 -64 0
2619 0 -64 0
2620 0 -64 0
2621 0 -64 0
2622 1 63 1
2623 0 -64 0
2624 0 -64 0
2625 1 63 1
2626 1 63 1
2627 1 63 1
2628 0 -64 0
2629 1 63 1
2630 0 -64 0
2631 0 -64 0
2632 0 -64 0
2633 1 63 1
2634 0 -64 0
2635 0 -64 0
2636 0 -64 0
2637 0 -64 0
2638 0 -64 0
2639 0 -64 0
2640 0 -64 0
2641 1 63 1
2642 1 63 1
2643 1 63 1
2644 1 63 1
2645 0 -64 0
2646 0 -64 0
2647 0 -64 0
2648 1 63 1
2649 0 -64 0
2650 0 -64 0
2651 0 -64 0
2652 0 -64 0
2653 0 -64 0
2654 0 -64 0
2655 1 63 1
2656 1 63 1
2657 1 63 1
2658 1 63 1
2659 0 -64 0
2660 1 63 1
2661 1 63 1
2662 1 63 1
2663 0 -64 0
2664 1 63 1
2665 1 63 1
2666 0 -64 0
2667 1 63 1
2668 0 -64 0
2669 0 -64 0
2670 1 63 1
2671 1 63 1
2672 1 63 1
2673 0 -64 0
2674 0 -64 0
2675 0 -64 0
2676 0 -64 0
2677 0 -64 0
2678 1 63 1
2679 0 -64 0
2680 1 63 1
2681 0 -64 0
2682 0 -64 0
2683 1 63 1
2684 1 63 1
2685 0 -64 0
2686 0 -64 0
2687 1 63 1
2688 1 63 1
2689 0 -64 0
2690 0 -64 0
2691 1 63 1
2692 1 63 1
2693 0 -64 0
2694 1 63 1
2695 1 63 1
2696 1 63 1
2697 1 63 1
2698 0 -64 0
2699 0 -64 0
2700 0 -64 0
2701 1 63 1
2702 0 -64 0
2703 0 -64 0
2704 0 -64 0
2705 1 63 1
2706 1 63 1
2707 1 63 1
2708 1 63 1
2709 0 -64 0
2710 1 63 1
2711 0 -64 0
2712 0 -64 0
2713 1 63 1
2714 1 63 1
2715 1 63 1
2716 0 -64 0
2717 0 -64 0
2718 0 -64 0
2719 0 -64 0
2720 1 63 1
2721 1 63 1
2722 1 63 1
2723 0 -64 0
2724 0 -64 0
2725 0 -64 0
2726 1 63 1
2727 1 63 1
2728 1 63 1
2729 0 -64 0
2730 0 -64 0
2731 0 -64 0
2732 1 63 1
2733 1 63 1
2734 1 63 1
2735 0 -64 0
2736 0 -64 0
2737 0 -64 0
2738 0 -64 0
2739 1 63 1
2740 1 63 1
2741 1 63 1
2742 0 -64 0
2743 0 -64 0
2744 0 -64 0
2745 1 63 1
2746 1 63 1
2747 0 -64 0
2748 1 63 1
2749 1 63 1
2750 0 -64 0
2751 0 -64 0
2752 1 63 1
2753 0 -64 0
2754 0 -64 0
2755 1 63 1
2756 0 -64 0
2757 1 63 1
2758 0 -64 0
2759 1 63 1
2760 0 -64 0
2761 0 -64 0
2762 0 -64 0
2763 0 -64 0
2764 1 63 1
2765 0 -64 0
2766 0 -64 0
2767 0 -64 0
2768 1 63 1
2769 0 -64 0
2770 0 -64 0
2771 1 63 1
2772 0 -64 0
2773 0 -64 0
2774 1 63 1
2775 0 -64 0
2776 0 -64 0
2777 1 63 1
2778 1 -39 0
2779 1 63 1
2780 1 63 1
2781 1 63 1
2782 0 -64 0
2783 1 63 1
2784 1 63 1
2785 0 39 1
2786 0 -64 0
2787 0 -64 0
2788 0 -64 0
2789 0 -64 0
2790 0 -64 0
2791 1 63 1
2792 1 63 1
2793 1 63 1
2794 0 -64 0
2795 0 -64 0
2796 1 63 1
2797 1 63 1
2798 1 63 1
2799 0 -64 0
2800 0 -64 0
2801 1 63 1
2802 1 63 1
2803 1 63 1
2804 1 63 1
2805 1 63 1
2806 0 -64 0
2807 1 63 1
2808 1 63 1
2809 1 63 1
2810 1 63 1
2811 0 -64 0
2812 1 63 1
2813 1 63 1
2814 1 63 1
2815 1 63 1
2816 0 -64 0
2817 1 63 1
2818 0 -64 0
2819 0 -64 0
2820 1 63 1
2821 1 63 1
2822 0 -64 0
2823 1 63 1
2824 1 63 1
2825 0 -64 0
2826 1 63 1
2827 1 63 1
2828 0 -64 0
2829 1 63 1
2830 0 -64 0
2831 0 -64 0
2832 1 63 1
2833 0 -64 0
2834 0 -64 0
2835 0 -64 0
2836 1 63 1
2837 1 63 1
2838 0 -64 0
2839 1 63 1
2840 0 -64 0
2841 0 -64 0
2842 1 63 1
2843 1 63 1
2844 1 63 1
2845 1 63 1
2846 1 63 1
2847 0 -64 0
2848 0 -64 0
2849 1 63 1
2850 1 63 1
2851 1 63 1
2852 1 63 1
2853 0 -64 0
2854 1 63 1
2855 0 -64 0
2856 1 63 1
2857 0 -64 0
2858 0 -64 0
2859 1 63 1
2860 1 63 1
2861 0 -64 0
2862 1 63 1
2863 1 63 1
2864 0 -64 0
2865 0 -64 0
2866 0 -64 0
2867 0 -64 0
2868 1 63 1
2869 0 -64 0
2870 1 63 1
2871 0 -64 0
2872 0 -64 0
2873 1 63 1
2874 0 -64 0
2875 0 -64 0
2876 1 63 1
2877 0 -64 0
2878 0 -64 0
2879 0 -64 0
2880 0 -64 0
2881 0 -64 0
2882 0 -64 0
2883 0 -64 0
2884 0 -64 0
2885 0 -64 0
2886 0 -64 0
2887 0 -64 0
2888 0 -64 0
2889 0 -64 0
2890 1 63 1
2891 1 63 1
2892 0 -64 0
2893 1 63 1
2894 0 -64 0
2895 0 -64 0
2896 1 63 1
2897 1 63 1
2898 1 63 1
2899 0 -64 0
2900 0 -64 0
2901 0 -64 0
2902 1 63 1
2903 1 63 1
2904 0 -64 0
2905 1 63 1
2906 0 -64 0
2907 1 63 1
2908 1 63 1
2909 1 63 1
2910 1 63 1
2911 0 -64 0
2912 0 -64 0
2913 1 63 1
2914 1 63 1
2915 0 -64 0
2916 1 63 1
2917 1 63 1
2918 0 -64 0
2919 1 63 1
2920 1 63 1
2921 1 63 1
2922 1 63 1
2923 1 63 1
2924 1 63 1
2925 1 63 1
2926 0 -64 0
2927 0 -64 0
2928 0 -64 0
2929 0 -64 0
2930 0 -64 0
2931 1 63 1
2932 0 -64 0
2933 0 -64 0
2934 1 63 1
2935 0 -64 0
2936 0 -64 0
2937 0 -64 0
2938 1 63 1
2939 0 -64 0
2940 1 63 1
2941 1 63 1
2942 0 -64 0
2943 1 63 1
2944 0 -64 0
2945 1 63 1
2946 0 -64 0
2947 1 63 1
2948 1 63 1
2949 0 -64 0
2950 0 -64 0
2951 1 63 1
2952 1 63 1
2953 1 63 1
2954 1 63 1
2955 1 63 1
2956 1 63 1
2957 1 63 1
2958 0 -64 0
2959 0 -64 0
2960 1 63 1
2961 1 63 1
2962 1 63 1
2963 0 -64 0
2964 1 63 1
2965 1 63 1
2966 1 63 1
2967 0 -64 0
2968 1 63 1
2969 0 -64 0
2970 0 -64 0
2971 0 -64 0
2972 1 63 1
2973 1 63 1
2974 1 63 1
2975 1 63 1
2976 0 -64 0
2977 1 63 1
2978 0 -64 0
2979 0 -64 0
2980 1 63 1
2981 0 -64 0
2982 1 63 1
2983 0 -64 0
2984 0 -64 0
2985 0 -64 0
2986 1 63 1
2987 0 -64 0
2988 1 63 1
2989 1 63 1
2990 0 -64 0
2991 1 63 1
2992 1 63 1
2993 1 63 1
2994 0 -64 0
2995 0 -64 0
2996 0 -64 0
2997 1 63 1
2998 1 63 1
2999 1 63 1
3000 0 -64 0
3001 1 63 1
3002 0 -64 0
3003 1 63 1
3004 1 63 1
3005 0 -64 0
3006 1 63 1
3007 0 -64 0
3008 1 63 1
3009 0 -64 0
3010 0 -64 0
3011 0 -64 0
3012 1 63 1
3013 0 -64 0
3014 0 -64 0
3015 0 -64 0
3016 1 63 1
3017 0 -64 0
3018 0 -64 0
3019 1 63 1
3020 1 63 1
3021 1 63 1
3022 0 -64 0
3023 1 63 1
3024 1 63 1
3025 0 -64 0
3026 1 63 1
3027 1 63 1
3028 0 -64 0
3029 0 -64 0
3030 1 63 1
3031 0 -64 0
3032 1 63 1
3033 0 -64 0
3034 0 -64 0
3035 0 -64 0
3036 1 63 1
3037 1 63 1
3038 1 63 1
3039 0 -64 0
3040 1 63 1
3041 1 63 1
3042 0 -64 0
3043 0 -64 0
3044 1 63 1
3045 0 -64 0
3046 1 63 1
3047 1 63 1
3048 0 -64 0
3049 0 -64 0
3050 0 -64 0
3051 0 -64 0
3052 0 -64 0
3053 0 -64 0
3054 1 63 1
3055 1 63 1
3056 0 -64 0
3057 1 63 1
3058 1 63 1
3059 0 -64 0
3060 1 63 1
3061 1 63 1
3062 0 -64 0
3063 0 -64 0
3064 0 -64 0
3065 1 63 1
3066 0 -62 0
3067 1 46 1
3068 0 -57 0
3069 0 -52 0
3070 0 -42 0
3071 0 -47 0
3072 0 -36 0
3073 1 43 1
3074 0 -43 0
3075 1 34 1
3076 1 57 1
3077 0 -59 0
3078 0 -54 0
3079 1 63 1
3080 1 63 1
3081 1 63 1
3082 0 -61 0
3083 0 -64 0
3084 0 -64 0
3085 0 -64 0
3086 1 63 1
3087 1 63 1
3088 1 63 1
3089 1 63 1
3090 0 -64 0
3091 0 -64 0
3092 0 -64 0
3093 1 63 1
3094 1 63 1
3095 0 -64 0
3096 1 63 1
3097 0 -64 0
3098 1 63 1
3099 0 -64 0
3100 1 63 1
3101 0 -64 0
3102 0 -64 0
3103 1 63 1
3104 0 -64 0
3105 1 63 1
3106 0 -64 0
3107 0 -64 0
3108 0 -64 0
3109 0 -64 0
3110 0 -64 0
3111 0 -64 0
3112 1 63 1
3113 1 63 1
3114 1 63 1
3115 0 -64 0
3116 1 63 1
3117 0 -64 0
3118 1 63 1
3119 1 63 1
3120 1 63 1
3121 1 63 1
3122 1 63 1
3123 1 63 1
3124 1 63 1
3125 0 -64 0
3126 1 63 1
3127 0 -64 0
3128 0 -64 0
3129 1 63 1
3130 0 -64 0
3131 1 63 1
3132 0 -64 0
3133 1 63 1
3134 0 -64 0
3135 1 63 1
3136 1 63 1
3137 1 63 1
3138 0 -64 0
3139 1 63 1
3140 1 63 1
3141 0 -64 0
3142 1 63 1
3143 0 -64 0
3144 1 63 1
3145 1 63 1
3146 0 -64 0
3147 1 63 1
3148 1 63 1
3149 0 -64 0
3150 1 63 1
3151 0 -64 0
3152 1 63 1
3153 1 63 1
3154 1 63 1
3155 0 -64 0
3156 1 63 1
3157 0 -64 0
3158 1 63 1
3159 1 63 1
3160 0 -64 0
3161 0 -64 0
3162 0 -64 0
3163 0 -64 0
3164 1 63 1
3165 0 -64 0
3166 0 -64 0
3167 1 63 1
3168 1 63 1
3169 0 -64 0
3170 1 63 1
3171 0 -64 0
3172 1 63 1
3173 1 63 1
3174 0 -64 0
3175 1 63 1
3176 1 63 1
3177 0 -64 0
3178 1 63 1
3179 0 -64 0
3180 0 -64 0
3181 1 63 1
3182 1 63 1
3183 1 63 1
3184 0 -64 0
3185 0 -64 0
3186 1 63 1
3187 0 -64 0
3188 0 -64 0
3189 1 63 1
3190 1 63 1
3191 0 -64 0
3192 1 63 1
3193 1 63 1
3194 0 -64 0
3195 1 63 1
3196 0 -64 0
3197 1 63 1
3198 1 63 1
3199 0 -64 0
3200 0 -64 0
3201 0 -64 0
3202 0 -64 0
3203 0 -64 0
3204 0 -64 0
3205 0 -64 0
3206 0 -64 0
3207 1 63 1
3208 1 63 1
3209 1 63 1
3210 1 63 1
3211 1 63 1
3212 1 63 1
3213 1 63 1
3214 0 -64 0
3215 1 63 1
3216 1 63 1
3217 1 63 1
3218 0 -64 0
3219 1 63 1
3220 1 63 1
3221 0 -64 0
3222 1 63 1
3223 1 63 1
3224 1 63 1
3225 0 -64 0
3226 0 -64 0
3227 0 -64 0
3228 1 63 1
3229 1 63 1
3230 1 63 1
3231 1 63 1
3232 1 63 1
3233 1 63 1
3234 0 -64 0
3235 1 63 1
3236 0 -64 0
3237 1 63 1
3238 0 -64 0
3239 1 63 1
3240 0 -64 0
3241 1 63 1
3242 0 -64 0
3243 1 63 1
3244 0 -64 0
3245 1 63 1
3246 1 63 1
3247 0 -64 0
3248 1 63 1
3249 0 -64 0
3250 1 63 1
3251 0 -64 0
3252 0 -64 0
3253 0 -64 0
3254 0 -64 0
3255 0 -64 0
3256 0 -64 0
3257 1 63 1
3258 1 63 1
3259 0 -64 0
3260 1 63 1
3261 1 63 1
3262 0 -64 0
3263 0 -64 0
3264 1 63 1
3265 1 63 1
3266 0 -64 0
3267 1 63 1
3268 0 -64 0
3269 1 63 1
3270 1 63 1
3271 0 -64 0
3272 0 -64 0
3273 0 -64 0
3274 0 -64 0
3275 0 -64 0
3276 1 63 1
3277 0 -64 0
3278 1 63 1
3279 0 -64 0
3280 0 -64 0
3281 0 -64 0
3282 1 63 1
3283 0 -64 0
3284 1 63 1
3285 1 63 1
3286 0 -64 0
3287 0 -64 0
3288 1 63 1
3289 1 63 1
3290 1 63 1
3291 0 -64 0
3292 1 63 1
3293 0 -64 0
3294 0 -64 0
3295 0 -64 0
3296 1 63 1
3297 1 63 1
3298 0 -64 0
3299 0 -64 0
3300 0 -64 0
3301 1 63 1
3302 1 63 1
3303 0 -64 0
3304 1 63 1
3305 1 63 1
3306 0 -64 0
3307 1 63 1
3308 1 63 1
3309 0 -64 0
3310 0 -64 0
3311 1 63 1
3312 0 -64 0
3313 1 63 1
3314 1 63 1
3315 0 -64 0
3316 1 63 1
3317 1 63 1
3318 0 -64 0
3319 1 63 1
3320 1 63 1
3321 1 63 1
3322 0 -64 0
3323 0 -64 0
3324 0 -64 0
3325 0 -64 0
3326 0 -64 0
3327 0 -64 0
3328 1 63 1
3329 1 63 1
3330 0 -64 0
3331 1 63 1
3332 1 63 1
3333 1 63 1
3334 1 63 1
3335 0 -64 0
3336 1 63 1
3337 0 -64 0
3338 0 -64 0
3339 0 -64 0
3340 1 63 1
3341 0 -64 0
3342 0 -64 0
3343 0 -64 0
3344 1 63 1
3345 1 63 1
3346 1 63 1
3347 0 -64 0
3348 0 -64 0
3349 1 63 1
3350 0 -64 0
3351 1 63 1
3352 1 63 1
3353 1 63 1
3354 0 -64 0
3355 1 63 1
3356 1 63 1
3357 1 63 1
3358 0 -64 0
3359 0 -64 0
3360 0 -64 0
3361 1 63 1
3362 0 -64 0
3363 0 -64 0
3364 0 -64 0
3365 1 63 1
3366 1 63 1
3367 1 63 1
3368 1 63 1
3369 1 63 1
3370 0 -64 0
3371 1 63 1
3372 0 -64 0
3373 0 -64 0
3374 0 -64 0
3375 1 63 1
3376 1 63 1
3377 0 -64 0
3378 0 -64 0
3379 1 63 1
3380 0 -64 0
3381 0 -64 0
3382 0 -64 0
3383 1 63 1
3384 1 63 1
3385 1 63 1
3386 1 63 1
3387 1 63 1
3388 0 -64 0
3389 1 63 1
3390 0 -64 0
3391 1 63 1
3392 1 63 1
3393 1 63 1
3394 1 63 1
3395 0 -64 0
3396 1 63 1
3397 0 -64 0
3398 1 63 1
3399 1 63 1
3400 1 63 1
3401 1 63 1
3402 0 -64 0
3403 0 -64 0
3404 0 -64 0
3405 0 -64 0
3406 0 -64 0
3407 0 -64 0
3408 0 -64 0
3409 1 63 1
3410 1 63 1
3411 0 -64 0
3412 0 -64 0
3413 0 -64 0
3414 0 -64 0
3415 0 -64 0
3416 0 -64 0
3417 1 63 1
3418 1 63 1
3419 0 -64 0
3420 0 -64 0
3421 1 63 1
3422 0 -64 0
3423 1 63 1
3424 1 63 1
3425 1 63 1
3426 0 -64 0
3427 0 -64 0
3428 1 63 1
3429 1 63 1
3430 1 63 1
3431 0 -64 0
3432 0 -64 0
3433 1 63 1
3434 1 63 1
3435 0 -64 0
3436 1 63 1
3437 1 63 1
3438 0 -64 0
3439 0 -64 0
3440 0 -64 0
3441 0 -64 0
3442 0 -64 0
3443 1 63 1
3444 1 63 1
3445 0 -64 0
3446 0 -64 0
3447 1 63 1
3448 0 -64 0
3449 1 63 1
3450 0 -64 0
3451 1 63 1
3452 0 -64 0
3453 0 -64 0
3454 0 -64 0
3455 1 63 1
3456 0 -64 0
3457 1 63 1
3458 1 63 1
3459 0 -64 0
3460 1 63 1
3461 0 -64 0
3462 1 63 1
3463 0 -64 0
3464 1 63 1
3465 1 63 1
3466 0 -64 0
3467 0 -64 0
3468 0 -64 0
3469 1 63 1
3470 1 63 1
3471 1 63 1
3472 0 -64 0
3473 0 -64 0
3474 1 63 1
3475 0 -64 0
3476 1 63 1
3477 0 -64 0
3478 1 63 1
3479 0 -64 0
3480 0 -64 0
3481 0 -64 0
3482 1 63 1
3483 0 -64 0
3484 0 -64 0
3485 0 -64 0
3486 0 -64 0
3487 0 -64 0
3488 0 -64 0
3489 0 -64 0
3490 0 -64 0
3491 1 63 1
3492 0 -64 0
3493 1 63 1
3494 0 -64 0
3495 1 63 1
3496 1 63 1
3497 0 -64 0
3498 1 63 1
3499 0 -64 0
3500 0 -64 0
3501 1 63 1
3502 1 63 1
3503 0 -64 0
3504 0 -64 0
3505 1 63 1
3506 1 63 1
3507 0 -64 0
3508 1 63 1
3509 1 63 1
3510 1 63 1
3511 0 -64 0
3512 1 63 1
3513 1 63 1
3514 1 63 1
3515 1 63 1
3516 1 63 1
3517 1 63 1
3518 0 -64 0
3519 1 63 1
3520 0 -64 0
3521 1 63 1
3522 1 63 1
3523 1 63 1
3524 0 -64 0
3525 0 -64 0
3526 0 -64 0
3527 0 -64 0
3528 0 -64 0
3529 1 63 1
3530 0 -64 0
3531 1 63 1
3532 0 -64 0
3533 0 -64 0
3534 1 63 1
3535 1 63 1
3536 0 -64 0
3537 0 -64 0
3538 1 63 1
3539 0 -64 0
3540 0 -64 0
3541 1 63 1
3542 1 63 1
3543 0 -64 0
3544 0 -64 0
3545 1 63 1
3546 1 63 1
3547 1 63 1
3548 0 -64 0
3549 0 -64 0
3550 1 63 1
3551 0 -64 0
3552 0 -64 0
3553 1 63 1
3554 1 63 1
3555 1 63 1
3556 0 -64 0
3557 1 63 1
3558 1 63 1
3559 0 -64 0
3560 1 63 1
3561 1 63 1
3562 1 63 1
3563 0 -64 0
3564 0 63 1
3565 0 63 1
3566 1 63 1
3567 1 -64 0
3568 0 -64 0
3569 0 -64 0
3570 1 63 1
3571 1 63 1
3572 1 63 1
3573 0 -64 0
3574 1 63 1
3575 1 63 1
3576 1 63 1
3577 0 -64 0
3578 1 63 1
3579 0 -64 0
3580 1 63 1
3581 0 -64 0
3582 1 63 1
3583 1 63 1
3584 1 63 1
3585 0 -64 0
3586 0 -64 0
3587 1 63 1
3588 0 -64 0
3589 0 -64 0
3590 0 -64 0
3591 0 -64 0
3592 1 63 1
3593 0 -64 0
3594 1 63 1
3595 1 63 1
3596 0 -64 0
3597 0 -64 0
3598 0 -64 0
3599 1 63 1
3600 0 -64 0
3601 1 63 1
3602 0 -64 0
3603 0 -64 0
3604 0 -64 0
3605 1 63 1
3606 1 63 1
3607 0 -64 0
3608 0 -64 0
3609 1 63 1
3610 1 63 1
3611 0 -64 0
3612 0 -64 0
3613 0 -64 0
3614 1 63 1
3615 0 -64 0
3616 1 63 1
3617 0 -64 0
3618 0 -64 0
3619 1 63 1
3620 1 63 1
3621 0 -64 0
3622 1 63 1
3623 1 63 1
3624 0 -64 0
3625 0 -64 0
3626 1 63 1
3627 1 63 1
3628 1 63 1
3629 0 -64 0
3630 0 -64 0
3631 0 -64 0
3632 1 63 1
3633 1 63 1
3634 1 63 1
3635 0 -64 0
3636 0 -64 0
3637 1 63 1
3638 1 63 1
3639 0 -64 0
3640 0 -64 0
3641 0 -64 0
3642 0 -64 0
3643 1 63 1
3644 1 63 1
3645 1 63 1
3646 0 -64 0
3647 0 -64 0
3648 1 63 1
3649 0 -64 0
3650 0 -64 0
3651 1 63 1
3652 1 63 1
3653 0 -64 0
3654 0 -64 0
3655 1 63 1
3656 1 63 1
3657 0 -64 0
3658 1 63 1
3659 1 63 1
3660 1 63 1
3661 0 -64 0
3662 1 63 1
3663 1 63 1
3664 0 -64 0
3665 0 -64 0
3666 0 -64 0
3667 0 -64 0
3668 1 63 1
3669 0 -64 0
3670 0 -64 0
3671 0 -64 0
3672 0 -64 0
3673 1 63 1
3674 0 -64 0
3675 0 -64 0
3676 1 63 1
3677 0 -64 0
3678 0 -64 0
3679 0 -64 0
3680 1 63 1
3681 0 -64 0
3682 1 63 1
3683 0 -64 0
3684 0 -64 0
3685 1 63 1
3686 1 63 1
3687 1 63 1
3688 1 63 1
3689 1 63 1
3690 1 63 1
3691 1 63 1
3692 1 63 1
3693 0 -64 0
3694 1 63 1
3695 0 -64 0
3696 0 -64 0
3697 0 -64 0
3698 1 63 1
3699 1 63 1
3700 1 63 1
3701 0 -64 0
3702 1 63 1
3703 0 -64 0
3704 0 -64 0
3705 1 63 1
3706 1 63 1
3707 1 63 1
3708 0 -64 0
3709 0 -64 0
3710 0 -64 0
3711 0 -64 0
3712 1 63 1
3713 0 -64 0
3714 1 63 1
3715 0 -64 0
3716 1 63 1
3717 0 -64 0
3718 0 -64 0
3719 1 63 1
3720 0 -64 0
3721 0 -64 0
3722 0 -64 0
3723 0 -64 0
3724 1 63 1
3725 0 -64 0
3726 1 63 1
3727 1 63 1
3728 1 63 1
3729 0 -64 0
3730 0 -64 0
3731 0 -64 0
3732 0 -64 0
3733 1 63 1
3734 1 63 1
3735 1 63 1
3736 0 -64 0
3737 0 -64 0
3738 1 63 1
3739 0 -64 0
3740 0 -64 0
3741 0 -64 0
3742 0 -64 0
3743 1 63 1
3744 1 63 1
3745 0 -64 0
3746 1 63 1
3747 1 63 1
3748 0 -64 0
3749 1 63 1
3750 1 63 1
3751 0 -64 0
3752 0 -64 0
3753 0 -64 0
3754 1 63 1
3755 1 63 1
3756 1 63 1
3757 0 -64 0
3758 0 -64 0
3759 0 -64 0
3760 1 63 1
3761 1 63 1
3762 1 63 1
3763 0 -64 0
3764 0 -64 0
3765 1 63 1
3766 0 -64 0
3767 1 63 1
3768 1 63 1
3769 0 -64 0
3770 0 -64 0
3771 0 -64 0
3772 0 -64 0
3773 0 -64 0
3774 0 -64 0
3775 0 -64 0
3776 1 63 1
3777 1 63 1
3778 0 -64 0
3779 1 63 1
3780 1 63 1
3781 0 -64 0
3782 1 63 1
3783 1 63 1
3784 1 63 1
3785 0 -64 0
3786 0 -64 0
3787 0 -64 0
3788 1 63 1
3789 1 63 1
3790 0 -64 0
3791 1 63 1
3792 0 -64 0
3793 0 -64 0
3794 1 63 1
3795 0 -64 0
3796 0 -64 0
3797 0 -64 0
3798 1 63 1
3799 0 -64 0
3800 1 58 1
3801 0 -64 0
3802 1 63 1
3803 1 63 1
3804 1 63 1
3805 1 63 1
3806 0 -64 0
3807 0 -58 0
3808 1 63 1
3809 0 -64 0
3810 1 63 1
3811 0 -64 0
3812 0 -64 0
3813 0 -64 0
3814 0 -64 0
3815 1 63 1
3816 1 63 1
3817 0 -64 0
3818 0 -64 0
3819 0 -64 0
3820 0 -64 0
3821 0 -64 0
3822 0 -64 0
3823 1 63 1
3824 1 63 1
3825 1 63 1
3826 1 63 1
3827 1 63 1
3828 1 63 1
3829 0 -64 0
3830 1 63 1
3831 0 -64 0
3832 1 63 1
3833 1 63 1
3834 0 -63 0
3835 1 52 1
3836 0 -42 0
3837 1 63 1
3838 1 -19 0
3839 1 45 1
3840 0 -38 0
3841 0 -45 0
3842 1 53 1
3843 0 -54 0
3844 0 -63 0
3845 1 52 1
3846 0 -64 0
3847 0 -64 0
3848 1 60 1
3849 0 -64 0
3850 1 63 1
3851 1 63 1
3852 0 -64 0
3853 1 63 1
3854 0 -64 0
3855 0 -60 0
3856 0 -64 0
3857 1 63 1
3858 0 -64 0
3859 0 -64 0
3860 1 63 1
3861 1 63 1
3862 0 -64 0
3863 0 -64 0
3864 1 63 1
3865 0 -64 0
3866 0 -64 0
3867 0 -64 0
3868 0 -64 0
3869 1 63 1
3870 1 63 1
3871 1 63 1
3872 0 -64 0
3873 0 -64 0
3874 0 -64 0
3875 1 63 1
3876 0 -64 0
3877 1 63 1
3878 1 63 1
3879 0 -64 0
3880 1 63 1
3881 0 -64 0
3882 0 -64 0
3883 1 63 1
3884 1 63 1
3885 0 -64 0
3886 0 -64 0
3887 0 -64 0
3888 0 -64 0
3889 0 -64 0
3890 1 63 1
3891 1 63 1
3892 1 63 1
3893 0 -64 0
3894 1 63 1
3895 0 -64 0
3896 0 -64 0
3897 0 -64 0
3898 0 -64 0
3899 1 63 1
3900 0 -64 0
3901 0 -64 0
3902 0 -64 0
3903 1 63 1
3904 1 63 1
3905 1 63 1
3906 1 63 1
3907 1 63 1
3908 1 63 1
3909 1 63 1
3910 1 63 1
3911 0 -64 0
3912 1 63 1
3913 1 63 1
3914 1 63 1
3915 1 63 1
3916 0 -64 0
3917 0 -64 0
3918 0 -64 0
3919 0 -64 0
3920 1 63 1
3921 0 -64 0
3922 0 -64 0
3923 1 63 1
3924 1 63 1
3925 0 -64 0
3926 0 -64 0
3927 1 63 1
3928 1 63 1
3929 1 63 1
3930 0 -64 0
3931 0 -64 0
3932 1 63 1
3933 0 -64 0
3934 1 63 1
3935 0 -64 0
3936 1 63 1
3937 0 -64 0
3938 1 63 1
3939 0 -64 0
3940 1 63 1
3941 0 -64 0
3942 1 63 1
3943 0 -64 0
3944 1 63 1
3945 0 -64 0
3946 0 -64 0
3947 1 63 1
3948 1 63 1
3949 0 -64 0
3950 1 63 1
3951 1 63 1
3952 1 63 1
3953 1 63 1
3954 1 63 1
3955 1 63 1
3956 1 63 1
3957 1 63 1
3958 1 63 1
3959 0 -64 0
3960 0 -64 0
3961 1 63 1
3962 0 -64 0
3963 1 63 1
3964 1 63 1
3965 1 63 1
3966 0 -64 0
3967 0 -64 0
3968 1 63 1
3969 1 63 1
3970 0 -64 0
3971 1 63 1
3972 1 63 1
3973 0 -64 0
3974 0 -64 0
3975 0 -64 0
3976 0 -64 0
3977 0 -64 0
3978 1 63 1
3979 1 63 1
3980 0 -64 0
3981 1 63 1
3982 1 63 1
3983 0 -64 0
3984 0 -64 0
3985 1 63 1
3986 0 -64 0
3987 0 -64 0
3988 0 -64 0
3989 0 -64 0
3990 0 -64 0
3991 0 -64 0
3992 1 63 1
3993 0 -64 0
3994 0 -64 0
3995 0 -64 0
3996 1 63 1
3997 1 63 1
3998 0 -64 0
3999 0 -64 0
4000 1 63 1
4001 1 63 1
4002 1 63 1
4003 1 63 1
4004 1 63 1
4005 0 -64 0
4006 0 -64 0
4007 0 -64 0
4008 0 -64 0
4009 0 -64 0
4010 0 -64 0
4011 0 -64 0
4012 1 63 1
4013 1 63 1
4014 0 -64 0
4015 1 63 1
4016 0 -64 0
4017 0 -64 0
4018 0 -64 0
4019 0 -64 0
4020 1 63 1
4021 0 -64 0
4022 1 63 1
4023 1 63 1
4024 0 -64 0
4025 0 -64 0
4026 0 -64 0
4027 0 -64 0
4028 1 63 1
4029 0 -64 0
4030 0 -64 0
4031 0 -64 0
4032 1 63 1
4033 1 63 1
4034 0 -64 0
4035 1 63 1
4036 0 -64 0
4037 0 -64 0
4038 0 -64 0
4039 0 -64 0
4040 0 -64 0
4041 0 -64 0
4042 0 -64 0
4043 0 -64 0
4044 0 -64 0
4045 1 63 1
4046 0 -64 0
4047 1 63 1
4048 0 -64 0
4049 1 63 1
4050 0 -64 0
4051 1 63 1
4052 1 63 1
4053 1 63 1
4054 1 63 1
4055 0 -64 0
4056 1 63 1
4057 0 -64 0
4058 0 -64 0
4059 0 -64 0
4060 0 -64 0
4061 0 -64 0
4062 0 -64 0
4063 1 63 1
4064 0 -64 0
4065 0 -64 0
4066 1 63 1
4067 1 63 1
4068 0 -64 0
4069 1 63 1
4070 0 -64 0
4071 0 -64 0
4072 0 -64 0
4073 1 63 1
4074 0 -64 0
4075 1 63 1
4076 0 -64 0
4077 1 63 1
4078 0 -64 0
4079 1 63 1
4080 0 -64 0
4081 0 -64 0
4082 0 -64 0
4083 0 -64 0
4084 0 -64 0
4085 1 63 1
4086 0 -64 0
4087 0 -64 0
4088 1 63 1
4089 1 63 1
4090 0 -64 0
4091 1 63 1
4092 0 -64 0
4093 0 -64 0
4094 1 63 1
4095 0 -64 0
4096 0 -64 0
4097 1 63 1
4098 0 -64 0
4099 0 -64 0
4100 0 -64 0
4101 0 -64 0
4102 0 -64 0
4103 1 63 1
4104 0 -64 0
4105 1 63 1
4106 0 -64 0
4107 1 63 1
4108 0 -64 0
4109 0 -64 0
4110 1 63 1
4111 0 -64 0
4112 1 63 1
4113 0 -64 0
4114 0 -64 0
4115 0 -64 0
4116 0 -64 0
4117 0 -64 0
4118 1 63 1
4119 0 -64 0
4120 1 63 1
4121 1 63 1
4122 0 -64 0
4123 1 63 1
4124 0 -64 0
4125 0 -64 0
4126 0 -64 0
4127 0 -64 0
4128 1 63 1
4129 1 63 1
4130 1 63 1
4131 1 63 1
4132 0 -64 0
4133 1 63 1
4134 1 63 1
4135 1 63 1
4136 0 -64 0
4137 0 -64 0
4138 1 63 1
4139 0 -64 0
4140 0 -64 0
4141 0 -64 0
4142 1 63 1
4143 0 -64 0
4144 0 -64 0
4145 1 63 1
4146 0 -64 0
4147 0 -64 0
4148 0 -64 0
4149 1 63 1
4150 1 63 1
4151 1 63 1
4152 1 63 1
4153 0 -64 0
4154 0 -64 0
4155 1 63 1
4156 0 -64 0
4157 1 63 1
4158 1 63 1
4159 0 -64 0
4160 1 63 1
4161 0 -64 0
4162 1 63 1
4163 1 63 1
4164 0 -64 0
4165 0 -64 0
4166 1 63 1
4167 1 63 1
4168 1 63 1
4169 0 -64 0
4170 0 -64 0
4171 1 63 1
4172 1 63 1
4173 0 -64 0
4174 0 -64 0
4175 0 -64 0
4176 0 -64 0
4177 0 -64 0
4178 1 63 1
4179 0 -64 0
4180 0 -64 0
4181 0 -64 0
4182 0 -64 0
4183 0 -64 0
4184 0 -64 0
4185 1 63 1
4186 0 -64 0
4187 0 -64 0
4188 1 63 1
4189 1 63 1
4190 0 -64 0
4191 1 63 1
4192 0 -64 0
4193 1 63 1
4194 0 -64 0
4195 1 63 1
4196 0 -64 0
4197 0 -64 0
4198 0 -64 0
4199 1 63 1
4200 0 -64 0
4201 1 63 1
4202 0 -64 0
4203 0 -64 0
4204 1 63 1
4205 0 -64 0
4206 0 -64 0
4207 1 63 1
4208 1 63 1
4209 1 63 1
4210 1 63 1
4211 0 -64 0
4212 1 63 1
4213 0 -64 0
4214 1 63 1
4215 1 63 1
4216 1 63 1
4217 1 63 1
4218 1 63 1
4219 0 -64 0
4220 1 63 1
4221 1 63 1
4222 0 -64 0
4223 1 63 1
4224 0 -64 0
4225 0 -64 0
4226 0 -64 0
4227 0 -64 0
4228 0 -64 0
4229 0 -64 0
4230 0 -64 0
4231 0 -64 0
4232 1 63 1
4233 1 63 1
4234 1 63 1
4235 0 -64 0
4236 0 -64 0
4237 0 -64 0
4238 0 -64 0
4239 1 63 1
4240 1 63 1
4241 1 63 1
4242 0 -64 0
4243 0 -64 0
4244 0 -64 0
4245 1 63 1
4246 1 63 1
4247 1 63 1
4248 0 -64 0
4249 0 -64 0
4250 0 -64 0
4251 1 63 1
4252 1 63 1
4253 1 63 1
4254 1 63 1
4255 1 63 1
4256 1 63 1
4257 0 -64 0
4258 1 63 1
4259 1 63 1
4260 1 63 1
4261 0 -64 0
4262 0 -64 0
4263 0 -64 0
4264 1 63 1
4265 1 63 1
4266 0 -64 0
4267 0 -64 0
4268 0 -64 0
4269 1 63 1
4270 0 -64 0
4271 0 -64 0
4272 0 -64 0
4273 0 -64 0
4274 1 63 1
4275 0 -64 0
4276 1 63 1
4277 1 63 1
4278 1 63 1
4279 0 -64 0
4280 0 -64 0
4281 0 -64 0
4282 1 63 1
4283 0 -64 0
4284 0 -64 0
4285 1 63 1
4286 0 -64 0
4287 0 -64 0
4288 0 -64 0
4289 1 63 1
4290 1 63 1
4291 1 63 1
4292 1 63 1
4293 1 -48 0
4294 0 -64 0
4295 0 63 1
4296 1 63 1
4297 0 -64 0
4298 1 63 1
4299 1 -64 0
4300 1 48 1
4301 0 -64 0
4302 1 63 1
4303 1 63 1
4304 0 -64 0
4305 1 63 1
4306 1 63 1
4307 0 -64 0
4308 1 63 1
4309 1 63 1
4310 0 -64 0
4311 1 63 1
4312 1 63 1
4313 1 63 1
4314 0 -64 0
4315 1 63 1
4316 1 63 1
4317 0 -64 0
4318 0 -64 0
4319 1 63 1
4320 1 63 1
4321 0 -64 0
4322 0 -64 0
4323 1 63 1
4324 1 63 1
4325 0 -64 0
4326 0 -64 0
4327 0 -64 0
4328 0 -64 0
4329 1 63 1
4330 1 63 1
4331 0 -64 0
4332 1 63 1
4333 0 -64 0
4334 1 63 1
4335 1 63 1
4336 0 -64 0
4337 1 63 1
4338 1 63 1
4339 1 63 1
4340 0 -64 0
4341 0 -64 0
4342 0 -64 0
4343 1 63 1
4344 0 -64 0
4345 0 -64 0
4346 0 -64 0
4347 1 63 1
4348 1 63 1
4349 0 -64 0
4350 0 -64 0
4351 0 -64 0
4352 1 63 1
4353 0 -64 0
4354 0 -64 0
4355 0 -64 0
4356 0 -64 0
4357 0 -64 0
4358 0 -64 0
4359 0 -64 0
4360 0 -64 0
4361 0 -64 0
4362 0 -64 0
4363 0 -64 0
4364 1 63 1
4365 1 63 1
4366 1 63 1
4367 1 63 1
4368 0 -64 0
4369 0 -64 0
4370 1 63 1
4371 1 63 1
4372 1 63 1
4373 0 -64 0
4374 0 -64 0
4375 1 63 1
4376 0 -64 0
4377 1 63 1
4378 1 63 1
4379 1 63 1
4380 0 -64 0
4381 1 63 1
4382 1 63 1
4383 1 63 1
4384 1 63 1
4385 0 -64 0
4386 1 63 1
4387 1 63 1
4388 1 63 1
4389 1 63 1
4390 0 -64 0
4391 0 -64 0
4392 1 63 1
4393 1 63 1
4394 1 63 1
4395 1 63 1
4396 0 -64 0
4397 0 -64 0
4398 0 -64 0
4399 1 63 1
4400 0 -64 0
4401 0 -64 0
4402 1 63 1
4403 0 -64 0
4404 1 63 1
4405 0 -64 0
4406 0 -64 0
4407 0 -64 0
4408 0 -64 0
4409 0 -64 0
4410 1 63 1
4411 0 -64 0
4412 1 63 1
4413 0 -64 0
4414 1 63 1
4415 0 -64 0
4416 0 -64 0
4417 0 -64 0
4418 0 -64 0
4419 0 -64 0
4420 0 -64 0
4421 1 63 1
4422 0 -64 0
4423 1 63 1
4424 0 -64 0
4425 0 -64 0
4426 1 63 1
4427 0 -64 0
4428 0 -64 0
4429 0 -64 0
4430 1 63 1
4431 1 63 1
4432 0 -64 0
4433 0 -64 0
4434 0 -64 0
4435 1 63 1
4436 0 -64 0
4437 1 63 1
4438 0 -64 0
4439 1 63 1
4440 0 -64 0
4441 1 63 1
4442 0 -64 0
4443 0 -64 0
4444 1 63 1
4445 1 63 1
4446 1 63 1
4447 0 -64 0
4448 1 63 1
4449 0 -64 0
4450 1 63 1
4451 0 -64 0
4452 0 -64 0
4453 0 -64 0
4454 0 -64 0
4455 1 63 1
4456 1 63 1
4457 0 -64 0
4458 1 63 1
4459 1 63 1
4460 1 63 1
4461 1 63 1
4462 1 63 1
4463 0 -64 0
4464 1 63 1
4465 1 63 1
4466 0 -64 0
4467 0 -64 0
4468 1 63 1
4469 0 -64 0
4470 1 63 1
4471 1 63 1
4472 1 63 1
4473 0 -64 0
4474 0 -64 0
4475 0 -64 0
4476 0 -64 0
4477 0 -64 0
4478 1 63 1
4479 1 63 1
4480 0 -64 0
4481 1 63 1
4482 1 63 1
4483 1 63 1
4484 0 -64 0
4485 1 63 1
4486 0 -64 0
4487 0 -64 0
4488 0 -64 0
4489 0 -64 0
4490 0 -64 0
4491 0 -64 0
4492 1 63 1
4493 0 -64 0
4494 1 63 1
4495 1 63 1
4496 0 -64 0
4497 0 -64 0
4498 1 63 1
4499 1 63 1
4500 0 -64 0
4501 0 -64 0
4502 1 63 1
4503 0 -64 0
4504 0 -64 0
4505 1 63 1
4506 1 63 1
4507 0 -64 0
4508 1 63 1
4509 0 -64 0
4510 1 63 1
4511 1 63 1
4512 1 63 1
4513 0 -64 0
4514 0 -64 0
4515 0 -64 0
4516 0 -64 0
4517 1 63 1
4518 0 -64 0
4519 1 63 1
4520 0 -64 0
4521 0 -64 0
4522 1 63 1
4523 1 63 1
4524 0 -64 0
4525 1 63 1
4526 1 63 1
4527 1 63 1
4528 1 63 1
4529 1 63 1
4530 0 -64 0
4531 1 63 1
4532 0 -64 0
4533 1 63 1
4534 1 63 1
4535 1 63 1
4536 0 -64 0
4537 1 63 1
4538 0 -64 0
4539 1 63 1
4540 0 -64 0
4541 1 63 1
4542 0 -64 0
4543 1 63 1
4544 1 63 1
4545 1 63 1
4546 0 -64 0
4547 1 63 1
4548 1 63 1
4549 1 63 1
4550 0 -64 0
4551 1 63 1
4552 0 -64 0
4553 1 63 1
4554 0 -64 0
4555 0 -64 0
4556 1 63 1
4557 1 63 1
4558 0 -64 0
4559 0 -64 0
4560 1 63 1
4561 1 63 1
4562 1 63 1
4563 1 63 1
4564 1 63 1
4565 0 -64 0
4566 0 -64 0
4567 1 63 1
4568 0 -64 0
4569 0 -64 0
4570 0 -64 0
4571 0 -64 0
4572 0 -64 0
4573 1 63 1
4574 1 63 1
4575 0 -64 0
4576 1 63 1
4577 1 63 1
4578 0 -64 0
4579 1 63 1
4580 0 -64 0
4581 1 63 1
4582 1 63 1
4583 0 -64 0
4584 0 -64 0
4585 0 -64 0
4586 0 -64 0
4587 0 -64 0
4588 1 63 1
4589 1 63 1
4590 1 63 1
4591 1 63 1
4592 0 -64 0
4593 0 -64 0
4594 1 63 1
4595 0 -64 0
4596 1 63 1
4597 0 -64 0
4598 0 -64 0
4599 1 59 1
4600 0 -64 0
4601 1 50 1
4602 0 -61 0
4603 1 61 1
4604 1 36 1
4605 1 52 1
4606 1 7 1
4607 0 -41 0
4608 0 -40 0
4609 1 -22 0
4610 0 -35 0
4611 0 33 1
4612 1 -29 0
4613 0 -40 0
4614 1 51 1
4615 0 -49 0
4616 1 63 1
4617 1 63 1
4618 0 -63 0
4619 1 52 1
4620 0 -64 0
4621 1 63 1
4622 1 63 1
4623 0 -64 0
4624 0 -64 0
4625 0 -64 0
4626 1 63 1
4627 0 -64 0
4628 1 63 1
4629 1 63 1
4630 0 -64 0
4631 1 63 1
4632 0 -64 0
4633 1 63 1
4634 1 63 1
4635 0 -64 0
4636 1 63 1
4637 1 63 1
4638 1 63 1
4639 0 -64 0
4640 1 63 1
4641 1 63 1
4642 0 -64 0
4643 1 63 1
4644 0 -64 0
4645 0 -64 0
4646 0 -64 0
4647 1 63 1
4648 0 -64 0
4649 1 63 1
4650 0 -64 0
4651 1 63 1
4652 1 63 1
4653 0 -64 0
4654 1 63 1
4655 1 63 1
4656 1 63 1
4657 1 63 1
4658 0 -64 0
4659 1 63 1
4660 1 63 1
4661 1 63 1
4662 0 -64 0
4663 0 -64 0
4664 1 63 1
4665 0 -64 0
4666 0 -64 0
4667 0 -64 0
4668 1 63 1
4669 0 -64 0
4670 0 -64 0
4671 0 -64 0
4672 0 -64 0
4673 1 63 1
4674 1 63 1
4675 1 63 1
4676 1 63 1
4677 0 -64 0
4678 0 -64 0
4679 1 63 1
4680 1 63 1
4681 0 -64 0
4682 1 63 1
4683 1 63 1
4684 1 63 1
4685 0 -64 0
4686 0 -64 0
4687 1 63 1
4688 1 63 1
4689 1 63 1
4690 1 63 1
4691 0 -64 0
4692 1 63 1
4693 1 63 1
4694 0 -64 0
4695 0 -64 0
4696 1 63 1
4697 1 63 1
4698 1 63 1
4699 1 63 1
4700 1 63 1
4701 1 63 1
4702 1 63 1
4703 0 -64 0
4704 0 -64 0
4705 0 -64 0
4706 1 63 1
4707 0 -64 0
4708 0 -64 0
4709 1 63 1
4710 1 63 1
4711 0 -64 0
4712 1 63 1
4713 1 63 1
4714 0 -64 0
4715 1 63 1
4716 1 63 1
4717 0 -64 0
4718 0 -64 0
4719 1 63 1
4720 0 -64 0
4721 1 63 1
4722 1 63 1
4723 1 63 1
4724 1 63 1
4725 0 -64 0
4726 1 63 1
4727 0 -64 0
4728 1 63 1
4729 1 63 1
4730 1 63 1
4731 1 63 1
4732 1 63 1
4733 1 63 1
4734 0 -64 0
4735 1 63 1
4736 1 63 1
4737 0 -64 0
4738 1 63 1
4739 0 -64 0
4740 1 63 1
4741 1 63 1
4742 0 -64 0
4743 0 -64 0
4744 0 -64 0
4745 0 -64 0
4746 0 -64 0
4747 0 -64 0
4748 0 -64 0
4749 1 63 1
4750 1 63 1
4751 1 63 1
4752 1 63 1
4753 0 -64 0
4754 1 63 1
4755 0 -64 0
4756 0 -64 0
4757 0 -64 0
4758 1 63 1
4759 1 63 1
4760 0 -64 0
4761 1 63 1
4762 0 -64 0
4763 0 -64 0
4764 1 63 1
4765 1 63 1
4766 0 -64 0
4767 0 -64 0
4768 0 -64 0
4769 1 63 1
4770 1 63 1
4771 1 63 1
4772 0 -64 0
4773 1 63 1
4774 0 -64 0
4775 0 -64 0
4776 0 -64 0
4777 1 63 1
4778 1 63 1
4779 1 63 1
4780 0 -64 0
4781 1 63 1
4782 0 -64 0
4783 1 63 1
4784 0 -64 0
4785 1 63 1
4786 1 63 1
4787 1 63 1
4788 1 63 1
4789 0 -64 0
4790 1 63 1
4791 1 63 1
4792 1 63 1
4793 1 63 1
4794 0 -64 0
4795 0 -64 0
4796 1 63 1
4797 0 -64 0
4798 0 -64 0
4799 1 63 1
4800 1 63 1
4801 1 63 1
4802 0 -64 0
4803 1 63 1
4804 1 63 1
4805 1 63 1
4806 1 63 1
4807 0 -64 0
4808 1 63 1
4809 1 63 1
4810 0 -64 0
4811 1 63 1
4812 0 -64 0
4813 1 63 1
4814 1 63 1
4815 0 -64 0
4816 0 -64 0
4817 1 63 1
4818 0 -64 0
4819 0 -64 0
4820 0 -64 0
4821 0 -64 0
4822 0 -64 0
4823 0 -64 0
4824 0 -64 0
4825 0 -64 0
4826 0 -64 0
4827 1 63 1
4828 0 -64 0
4829 1 63 1
4830 0 -64 0
4831 0 -64 0
4832 1 63 1
4833 1 63 1
4834 1 63 1
4835 1 63 1
4836 0 -64 0
4837 1 63 1
4838 0 -64 0
4839 1 63 1
4840 0 -64 0
4841 0 -64 0
4842 0 -64 0
4843 0 -64 0
4844 0 -64 0
4845 1 63 1
4846 1 63 1
4847 0 -64 0
4848 1 63 1
4849 0 -64 0
4850 0 -64 0
4851 0 -64 0
4852 0 -64 0
4853 0 -64 0
4854 1 63 1
4855 0 -64 0
4856 1 63 1
4857 0 -64 0
4858 1 63 1
4859 1 63 1
4860 0 -64 0
4861 1 63 1
4862 1 63 1
4863 1 63 1
4864 0 -64 0
4865 0 -64 0
4866 0 -64 0
4867 0 -64 0
4868 0 -64 0
4869 1 63 1
4870 1 63 1
4871 0 -64 0
4872 0 -64 0
4873 0 -64 0
4874 1 63 1
4875 0 -64 0
4876 1 63 1
4877 0 -64 0
4878 1 63 1
4879 1 63 1
4880 1 63 1
4881 0 -64 0
4882 0 -64 0
4883 1 63 1
4884 0 -64 0
4885 1 63 1
4886 1 63 1
4887 1 63 1
4888 0 -64 0
4889 0 -64 0
4890 0 -64 0
4891 0 -64 0
4892 0 -64 0
4893 0 -64 0
4894 0 -64 0
4895 0 -64 0
4896 1 63 1
4897 0 -64 0
4898 1 63 1
4899 1 63 1
4900 1 63 1
4901 1 63 1
4902 0 -64 0
4903 0 -64 0
4904 1 63 1
4905 1 63 1
4906 1 63 1
4907 1 63 1
4908 0 -64 0
4909 0 -64 0
4910 1 63 1
4911 0 -64 0
4912 0 -64 0
4913 0 -64 0
4914 0 -64 0
4915 0 -64 0
4916 1 63 1
4917 1 63 1
4918 0 -64 0
4919 1 63 1
4920 0 -64 0
4921 0 -64 0
4922 0 -64 0
4923 0 -64 0
4924 1 63 1
4925 1 63 1
4926 0 -64 0
4927 0 -64 0
4928 1 63 1
4929 1 63 1
4930 1 63 1
4931 1 63 1
4932 0 -64 0
4933 1 63 1
4934 0 -64 0
4935 0 -64 0
4936 1 63 1
4937 1 63 1
4938 1 63 1
4939 1 63 1
4940 0 -64 0
4941 1 63 1
4942 1 63 1
4943 0 -64 0
4944 1 63 1
4945 0 -64 0
4946 0 -64 0
4947 1 63 1
4948 0 -64 0
4949 0 -64 0
4950 1 63 1
4951 0 -64 0
4952 1 63 1
4953 1 63 1
4954 1 63 1
4955 1 63 1
4956 1 63 1
4957 1 63 1
4958 1 63 1
4959 0 -64 0
4960 0 -64 0
4961 0 -64 0
4962 0 -64 0
4963 0 -64 0
4964 1 63 1
4965 0 -64 0
4966 0 -64 0
4967 1 63 1
4968 1 63 1
4969 0 -64 0
4970 0 -64 0
4971 0 -64 0
4972 1 63 1
4973 0 -64 0
4974 0 -64 0
4975 0 -64 0
4976 0 -64 0
4977 1 63 1
4978 0 -64 0
4979 0 -64 0
4980 0 -64 0
4981 0 -64 0
4982 1 63 1
4983 1 63 1
4984 1 63 1
4985 1 63 1
4986 0 -64 0
4987 1 63 1
4988 0 -64 0
4989 0 -64 0
4990 0 -64 0
4991 1 63 1
4992 1 63 1
4993 0 -64 0
4994 1 63 1
4995 1 63 1
4996 0 -64 0
4997 1 63 1
4998 1 63 1
4999 0 -64 0
5000 1 63 1
5001 0 -64 0
5002 0 -64 0
5003 0 -64 0
5004 0 -64 0
5005 0 -64 0
5006 1 63 1
5007 1 63 1
5008 1 63 1
5009 0 -64 0
5010 1 63 1
5011 1 63 1
5012 1 63 1
5013 0 -64 0
5014 0 -64 0
5015 1 63 1
5016 0 -64 0
5017 0 -64 0
5018 0 -64 0
5019 0 -64 0
5020 1 63 1
5021 0 -64 0
5022 0 -64 0
5023 1 63 1
5024 1 63 1
5025 0 -64 0
5026 0 -64 0
5027 0 -64 0
5028 0 -64 0
5029 1 63 1
5030 0 -64 0
5031 0 -64 0
5032 0 -64 0
5033 0 -64 0
5034 0 -64 0
5035 1 63 1
5036 1 63 1
5037 1 63 1
5038 0 -64 0
5039 1 63 1
5040 1 63 1
5041 1 63 1
5042 1 63 1
5043 0 -64 0
5044 0 -64 0
5045 0 -64 0
5046 1 63 1
5047 0 -64 0
5048 1 63 1
5049 0 -64 0
5050 0 -64 0
5051 0 -64 0
5052 0 -64 0
5053 0 -64 0
5054 0 -64 0
5055 1 63 1
5056 0 -64 0
5057 1 63 1
5058 1 63 1
5059 0 -64 0
5060 0 -64 0
5061 1 63 1
5062 0 -64 0
5063 0 -64 0
5064 0 -64 0
5065 1 63 1
5066 0 -64 0
5067 1 63 1
5068 0 -64 0
5069 0 -64 0
5070 1 63 1
5071 0 -64 0
5072 1 63 1
5073 0 -64 0
5074 1 63 1
5075 0 -64 0
5076 0 -64 0
5077 0 -64 0
5078 0 -64 0
5079 0 -64 0
5080 0 -64 0
5081 1 63 1
5082 0 -64 0
5083 1 63 1
5084 0 -64 0
5085 1 63 1
5086 1 63 1
5087 0 -64 0
5088 0 -64 0
5089 1 63 1
5090 1 63 1
5091 1 63 1
5092 1 63 1
5093 1 63 1
5094 1 63 1
5095 0 -64 0
5096 0 -64 0
5097 1 63 1
5098 0 -64 0
5099 1 63 1
5100 0 -64 0
5101 1 63 1
5102 0 -64 0
5103 0 -64 0
5104 0 -64 0
5105 0 -64 0
5106 1 63 1
5107 0 -64 0
5108 1 63 1
5109 1 63 1
5110 0 -64 0
5111 0 -64 0
5112 0 -64 0
5113 0 -64 0
5114 0 -64 0
5115 1 63 1
5116 1 63 1
5117 0 -64 0
5118 1 63 1
5119 0 -64 0
5120 1 63 1
5121 0 -64 0
5122 0 -64 0
5123 1 63 1
5124 1 63 1
5125 1 63 1
5126 1 63 1
5127 1 63 1
5128 1 63 1
5129 1 63 1
5130 1 63 1
5131 0 -64 0
5132 1 63 1
5133 1 63 1
5134 0 -64 0
5135 1 63 1
5136 1 63 1
5137 1 63 1
5138 0 -64 0
5139 0 -64 0
5140 0 -64 0
5141 0 -64 0
5142 0 -64 0
5143 1 63 1
5144 0 -64 0
5145 0 -64 0
5146 1 63 1
5147 1 63 1
5148 0 -64 0
5149 0 -64 0
5150 0 -64 0
5151 1 63 1
5152 1 63 1
5153 0 -64 0
5154 1 63 1
5155 1 63 1
5156 0 -64 0
5157 1 63 1
5158 1 63 1
5159 1 63 1
5160 1 63 1
5161 1 63 1
5162 1 63 1
5163 0 -64 0
5164 1 63 1
5165 1 63 1
5166 1 63 1
5167 1 63 1
5168 0 -64 0
5169 1 63 1
5170 1 63 1
5171 1 63 1
5172 0 -64 0
5173 0 -64 0
5174 1 63 1
5175 1 63 1
5176 1 63 1
5177 1 63 1
5178 0 -64 0
5179 0 -64 0
5180 0 -64 0
5181 1 63 1
5182 0 -64 0
5183 0 -64 0
5184 1 63 1
5185 0 -64 0
5186 1 63 1
5187 1 63 1
5188 1 63 1
5189 0 -64 0
5190 1 63 1
5191 1 63 1
5192 0 -64 0
5193 1 63 1
5194 0 -64 0
5195 1 63 1
5196 0 -64 0
5197 0 -64 0
5198 0 -64 0
5199 1 63 1
5200 1 63 1
5201 1 63 1
5202 0 -64 0
5203 0 -64 0
5204 1 63 1
5205 1 63 1
5206 1 63 1
5207 0 -64 0
5208 1 63 1
5209 1 63 1
5210 1 63 1
5211 0 -64 0
5212 0 -64 0
5213 1 63 1
5214 0 -64 0
5215 1 63 1
5216 0 -64 0
5217 0 -64 0
5218 0 -64 0
5219 0 -64 0
5220 1 63 1
5221 1 63 1
5222 1 63 1
5223 1 63 1
5224 1 63 1
5225 1 63 1
5226 1 63 1
5227 0 -64 0
5228 1 63 1
5229 1 63 1
5230 0 -64 0
5231 1 63 1
5232 1 63 1
5233 0 -64 0
5234 1 63 1
5235 0 -64 0
5236 0 -64 0
5237 0 -64 0
5238 0 -64 0
5239 0 -64 0
5240 1 63 1
5241 1 63 1
5242 0 -64 0
5243 1 63 1
5244 1 63 1
5245 0 -64 0
5246 0 -64 0
5247 1 63 1
5248 1 63 1
5249 0 -64 0
5250 1 63 1
5251 0 -64 0
5252 0 -64 0
5253 1 63 1
5254 1 63 1
5255 1 63 1
5256 1 63 1
5257 1 63 1
5258 1 63 1
5259 0 -64 0
5260 0 -64 0
5261 1 63 1
5262 0 -64 0
5263 0 -64 0
5264 1 63 1
5265 1 63 1
5266 1 63 1
5267 0 -64 0
5268 1 63 1
5269 1 63 1
5270 1 63 1
5271 1 63 1
5272 0 -64 0
5273 0 -64 0
5274 0 -64 0
5275 0 -64 0
5276 0 -64 0
5277 1 63 1
5278 1 63 1
5279 1 63 1
5280 1 63 1
5281 1 63 1
5282 1 63 1
5283 0 -64 0
5284 0 -64 0
5285 0 -64 0
5286 1 63 1
5287 1 63 1
5288 0 -64 0
5289 0 -64 0
5290 1 63 1
5291 0 -64 0
5292 1 63 1
5293 1 63 1
5294 1 63 1
5295 0 -64 0
5296 0 -64 0
5297 0 -64 0
5298 1 63 1
5299 1 63 1
5300 1 63 1
5301 0 -64 0
5302 1 63 1
5303 0 -64 0
5304 1 63 1
5305 1 63 1
5306 0 -64 0
5307 0 -64 0
5308 1 63 1
5309 1 63 1
5310 1 63 1
5311 0 -64 0
5312 1 63 1
5313 1 63 1
5314 0 -64 0
5315 1 63 1
5316 1 63 1
5317 1 63 1
5318 0 -64 0
5319 0 -64 0
5320 1 63 1
5321 0 -64 0
5322 1 63 1
5323 1 63 1
5324 0 -64 0
5325 1 63 1
5326 0 -64 0
5327 0 -64 0
5328 0 -64 0
5329 1 63 1
5330 0 -64 0
5331 1 63 1
5332 0 -64 0
5333 1 63 1
5334 0 -64 0
5335 0 -64 0
5336 0 -64 0
5337 1 63 1
5338 0 -64 0
5339 1 63 1
5340 1 63 1
5341 0 -64 0
5342 1 63 1
5343 0 -64 0
5344 0 -64 0
5345 1 63 1
5346 1 63 1
5347 0 -64 0
5348 1 63 1
5349 1 63 1
5350 0 -64 0
5351 1 63 1
5352 0 -64 0
5353 1 63 1
5354 1 63 1
5355 0 -64 0
5356 1 63 1
5357 1 63 1
5358 0 -64 0
5359 1 63 1
5360 0 -64 0
5361 0 -64 0
5362 1 63 1
5363 0 -64 0
5364 1 63 1
5365 1 63 1
5366 0 -64 0
5367 0 -64 0
5368 0 -64 0
5369 0 -64 0
5370 1 63 1
5371 1 50 1
5372 1 51 1
5373 1 -24 0
5374 0 -53 0
5375 1 -38 0
5376 0 -37 0
5377 0 -49 0
5378 1 62 1
5379 0 -60 0
5380 1 63 1
5381 0 -64 0
5382 1 61 1
5383 1 63 1
5384 1 63 1
5385 0 -64 0
5386 0 -64 0
5387 0 -64 0
5388 1 63 1
5389 0 -64 0
5390 0 -64 0
5391 1 63 1
5392 0 -64 0
5393 1 63 1
5394 0 -64 0
5395 0 -64 0
5396 1 63 1
5397 1 63 1
5398 0 -64 0
5399 0 -64 0
5400 0 -64 0
5401 1 63 1
5402 1 63 1
5403 0 -64 0
5404 0 -64 0
5405 1 63 1
5406 0 -64 0
5407 0 -64 0
5408 1 63 1
5409 1 63 1
5410 1 63 1
5411 0 -64 0
5412 1 63 1
5413 0 -64 0
5414 0 -64 0
5415 0 -64 0
5416 0 -64 0
5417 0 -64 0
5418 0 -64 0
5419 1 63 1
5420 0 -64 0
5421 1 63 1
5422 1 63 1
5423 1 63 1
5424 0 -64 0
5425 1 63 1
5426 1 63 1
5427 1 63 1
5428 1 63 1
5429 0 -64 0
5430 0 -64 0
5431 1 63 1
5432 1 63 1
5433 0 -64 0
5434 0 -64 0
5435 1 63 1
5436 1 63 1
5437 0 -64 0
5438 1 63 1
5439 0 -64 0
5440 0 -64 0
5441 1 63 1
5442 1 63 1
5443 1 63 1
5444 0 -64 0
5445 0 -64 0
5446 1 63 1
5447 0 -64 0
5448 0 -64 0
5449 0 -64 0
5450 1 63 1
5451 0 -64 0
5452 1 63 1
5453 0 -64 0
5454 1 63 1
5455 1 63 1
5456 1 63 1
5457 0 -64 0
5458 1 63 1
5459 0 -64 0
5460 1 63 1
5461 0 -64 0
5462 1 63 1
5463 1 63 1
5464 1 63 1
5465 1 63 1
5466 1 63 1
5467 1 63 1
5468 1 63 1
5469 0 -64 0
5470 0 -64 0
5471 1 63 1
5472 1 63 1
5473 1 63 1
5474 1 63 1
5475 0 -64 0
5476 0 -64 0
5477 0 -64 0
5478 1 63 1
5479 0 -64 0
5480 1 63 1
5481 0 -64 0
5482 1 63 1
5483 0 -64 0
5484 0 -64 0
5485 0 -64 0
5486 0 -64 0
5487 0 -64 0
5488 1 63 1
5489 1 63 1
5490 1 63 1
5491 0 -64 0
5492 0 -64 0
5493 0 -64 0
5494 0 -64 0
5495 0 -64 0
5496 0 -64 0
5497 0 -64 0
5498 1 63 1
5499 1 63 1
5500 1 63 1
5501 0 -64 0
5502 1 63 1
5503 0 -64 0
5504 1 63 1
5505 0 -64 0
5506 0 -64 0
5507 1 63 1
5508 0 -64 0
5509 1 63 1
5510 1 63 1
5511 1 63 1
5512 0 -64 0
5513 1 63 1
5514 0 -64 0
5515 1 63 1
5516 0 -64 0
5517 0 -64 0
5518 1 63 1
5519 1 63 1
5520 1 63 1
5521 1 63 1
5522 1 63 1
5523 1 63 1
5524 0 -64 0
5525 0 -64 0
5526 1 63 1
5527 1 63 1
5528 1 63 1
5529 0 -64 0
5530 0 -64 0
5531 1 63 1
5532 0 -64 0
5533 0 -64 0
5534 0 -64 0
5535 1 63 1
5536 1 63 1
5537 1 63 1
5538 1 63 1
5539 0 -64 0
5540 0 -64 0
5541 0 -64 0
5542 1 63 1
5543 1 63 1
5544 1 63 1
5545 0 -64 0
5546 1 63 1
5547 1 63 1
5548 1 63 1
5549 1 63 1
5550 1 63 1
5551 1 63 1
5552 1 63 1
5553 0 -64 0
5554 1 63 1
5555 0 -64 0
5556 1 63 1
5557 1 63 1
5558 0 -64 0
5559 1 63 1
5560 0 -64 0
5561 1 63 1
5562 0 -64 0
5563 0 -64 0
5564 0 -64 0
5565 0 -64 0
5566 0 -64 0
5567 0 -64 0
5568 1 63 1
5569 0 -64 0
5570 1 63 1
5571 1 63 1
5572 0 -64 0
5573 1 63 1
5574 1 63 1
5575 1 63 1
5576 1 63 1
5577 1 63 1
5578 1 63 1
5579 1 63 1
5580 0 -64 0
5581 0 -64 0
5582 1 63 1
5583 0 -64 0
5584 1 63 1
5585 0 -64 0
5586 1 63 1
5587 1 63 1
5588 1 63 1
5589 0 -64 0
5590 1 63 1
5591 0 -64 0
5592 1 63 1
5593 0 -64 0
5594 0 -64 0
5595 0 -64 0
5596 0 -64 0
5597 0 -64 0
5598 0 -64 0
5599 1 63 1
5600 1 63 1
5601 0 -64 0
5602 1 63 1
5603 1 63 1
5604 1 63 1
5605 0 -64 0
5606 1 63 1
5607 0 -64 0
5608 1 63 1
5609 0 -64 0
5610 1 63 1
5611 0 -64 0
5612 0 -64 0
5613 0 -64 0
5614 1 63 1
5615 0 -64 0
5616 1 63 1
5617 1 63 1
5618 1 63 1
5619 0 -64 0
5620 1 63 1
5621 1 63 1
5622 0 -64 0
5623 0 -64 0
5624 0 -64 0
5625 0 -64 0
5626 0 -64 0
5627 0 -64 0
5628 0 -64 0
5629 0 -64 0
5630 0 -64 0
5631 0 -64 0
5632 1 63 1
5633 1 63 1
5634 0 -64 0
5635 0 -64 0
5636 0 -64 0
5637 0 -64 0
5638 1 63 1
5639 1 63 1
5640 1 63 1
5641 1 63 1
5642 1 63 1
5643 1 63 1
5644 1 63 1
5645 0 -64 0
5646 0 -64 0
5647 1 63 1
5648 1 63 1
5649 0 -64 0
5650 0 -64 0
5651 0 -64 0
5652 0 -64 0
5653 0 -64 0
5654 0 -64 0
5655 0 -64 0
5656 1 63 1
5657 0 -64 0
5658 1 63 1
5659 1 63 1
5660 0 -64 0
5661 1 63 1
5662 1 63 1
5663 0 -64 0
5664 0 -64 0
5665 1 63 1
5666 1 63 1
5667 1 63 1
5668 1 63 1
5669 1 63 1
5670 1 63 1
5671 0 -64 0
5672 0 -64 0
5673 0 -64 0
5674 1 63 1
5675 1 63 1
5676 0 -64 0
5677 1 63 1
5678 0 -64 0
5679 0 -64 0
5680 1 63 1
5681 1 63 1
5682 1 63 1
5683 1 63 1
5684 1 63 1
5685 1 63 1
5686 1 63 1
5687 1 63 1
5688 1 63 1
5689 1 63 1
5690 0 -64 0
5691 0 -64 0
5692 0 -64 0
5693 1 63 1
5694 1 63 1
5695 0 -64 0
5696 0 -64 0
5697 0 -64 0
5698 1 63 1
5699 1 63 1
5700 0 -64 0
5701 0 -64 0
5702 1 63 1
5703 0 -64 0
5704 1 63 1
5705 1 63 1
5706 1 63 1
5707 0 -64 0
5708 1 63 1
5709 0 -64 0
5710 0 -64 0
5711 1 63 1
5712 1 63 1
5713 1 63 1
5714 0 -64 0
5715 0 -64 0
5716 1 63 1
5717 1 63 1
5718 0 -64 0
5719 0 -64 0
5720 1 63 1
5721 0 -64 0
5722 1 63 1
5723 0 -64 0
5724 0 -64 0
5725 1 63 1
5726 1 63 1
5727 1 63 1
5728 0 -64 0
5729 0 -64 0
5730 1 63 1
5731 0 -64 0
5732 1 63 1
5733 1 63 1
5734 1 63 1
5735 1 63 1
5736 0 -64 0
5737 0 -64 0
5738 0 -64 0
5739 0 -64 0
5740 0 -64 0
5741 1 63 1
5742 1 63 1
5743 0 -64 0
5744 0 -64 0
5745 0 -64 0
5746 1 63 1
5747 1 63 1
5748 0 -64 0
5749 0 -64 0
5750 0 -64 0
5751 1 63 1
5752 0 -64 0
5753 0 -64 0
5754 0 -64 0
5755 0 -64 0
5756 0 -64 0
5757 0 -64 0
5758 0 -64 0
5759 1 63 1
5760 1 63 1
5761 0 -64 0
5762 1 63 1
5763 1 63 1
5764 1 63 1
5765 1 63 1
5766 0 -64 0
5767 1 63 1
5768 1 63 1
5769 0 -64 0
5770 0 -64 0
5771 0 -64 0
5772 1 63 1
5773 0 -64 0
5774 1 63 1
5775 1 63 1
5776 0 -64 0
5777 1 63 1
5778 1 63 1
5779 0 -64 0
5780 1 63 1
5781 1 63 1
5782 1 63 1
5783 1 63 1
5784 1 63 1
5785 0 -64 0
5786 1 63 1
5787 1 63 1
5788 0 -64 0
5789 1 63 1
5790 0 -64 0
5791 0 -64 0
5792 1 63 1
5793 0 -64 0
5794 1 63 1
5795 0 -64 0
5796 1 63 1
5797 0 -64 0
5798 0 -64 0
5799 1 63 1
5800 1 63 1
5801 0 -64 0
5802 1 63 1
5803 1 63 1
5804 1 63 1
5805 0 -64 0
5806 0 -64 0
5807 1 63 1
5808 0 -64 0
5809 1 63 1
5810 1 63 1
5811 1 63 1
5812 1 63 1
5813 0 -64 0
5814 0 -64 0
5815 1 63 1
5816 1 63 1
5817 1 63 1
5818 0 -64 0
5819 0 -64 0
5820 1 63 1
5821 0 -64 0
5822 0 -64 0
5823 0 -64 0
5824 0 -64 0
5825 1 63 1
5826 1 63 1
5827 1 63 1
5828 1 63 1
5829 0 -64 0
5830 0 -64 0
5831 0 -64 0
5832 1 63 1
5833 1 63 1
5834 0 -64 0
5835 1 63 1
5836 0 -64 0
5837 1 63 1
5838 1 63 1
5839 1 63 1
5840 0 -64 0
5841 0 -64 0
5842 0 -64 0
5843 1 63 1
5844 0 -64 0
5845 1 63 1
5846 0 -64 0
5847 0 -64 0
5848 1 63 1
5849 1 63 1
5850 0 -64 0
5851 1 63 1
5852 1 63 1
5853 1 63 1
5854 0 -64 0
5855 0 -64 0
5856 1 63 1
5857 1 63 1
5858 0 -64 0
5859 0 -64 0
5860 1 63 1
5861 1 63 1
5862 1 63 1
5863 0 -64 0
5864 1 63 1
5865 0 -64 0
5866 1 63 1
5867 1 63 1
5868 1 63 1
5869 1 63 1
5870 1 63 1
5871 0 -64 0
5872 1 63 1
5873 0 -64 0
5874 0 -64 0
5875 1 63 1
5876 1 63 1
5877 1 63 1
5878 0 -64 0
5879 0 -64 0
5880 1 63 1
5881 0 -64 0
5882 1 63 1
5883 0 -64 0
5884 0 -64 0
5885 1 63 1
5886 0 -64 0
5887 1 63 1
5888 0 -64 0
5889 1 63 1
5890 1 63 1
5891 1 63 1
5892 1 63 1
5893 1 63 1
5894 1 63 1
5895 0 -64 0
5896 0 -64 0
5897 0 -64 0
5898 0 -64 0
5899 0 -64 0
5900 0 -64 0
5901 0 -64 0
5902 0 -64 0
5903 0 -64 0
5904 0 -64 0
5905 1 63 1
5906 1 63 1
5907 1 63 1
5908 1 63 1
5909 0 -64 0
5910 0 -64 0
5911 1 63 1
5912 1 63 1
5913 1 63 1
5914 0 -64 0
5915 1 63 1
5916 0 -64 0
5917 1 63 1
5918 1 63 1
5919 1 63 1
5920 0 -64 0
5921 1 63 1
5922 0 -64 0
5923 1 63 1
5924 1 63 1
5925 0 -64 0
5926 0 -64 0
5927 0 -64 0
5928 1 63 1
5929 1 -64 0
5930 1 -64 0
5931 1 63 1
5932 0 63 1
5933 0 -64 0
5934 0 -64 0
5935 1 63 1
5936 1 63 1
5937 0 -64 0
5938 0 -64 0
5939 0 -64 0
5940 0 -64 0
5941 0 -64 0
5942 0 -64 0
5943 1 63 1
5944 1 63 1
5945 1 63 1
5946 0 -64 0
5947 0 -64 0
5948 0 -64 0
5949 1 63 1
5950 0 -64 0
5951 1 63 1
5952 0 -64 0
5953 0 -64 0
5954 0 -64 0
5955 1 63 1
5956 0 -64 0
5957 1 63 1
5958 1 63 1
5959 0 -64 0
5960 0 -64 0
5961 1 63 1
5962 1 63 1
5963 0 -64 0
5964 0 -64 0
5965 1 63 1
5966 1 63 1
5967 0 -64 0
5968 1 63 1
5969 0 -64 0
5970 0 -64 0
5971 1 63 1
5972 0 -64 0
5973 0 -64 0
5974 1 63 1
5975 1 63 1
5976 1 63 1
5977 1 63 1
5978 1 63 1
5979 0 -64 0
5980 0 -64 0
5981 0 -64 0
5982 0 -64 0
5983 1 63 1
5984 1 63 1
5985 0 -64 0
5986 1 63 1
5987 0 -64 0
5988 0 -64 0
5989 1 63 1
5990 0 -64 0
5991 1 63 1
5992 1 63 1
5993 0 -64 0
5994 0 -64 0
5995 1 63 1
5996 0 -64 0
5997 0 -64 0
5998 1 63 1
5999 1 63 1
6000 1 63 1
6001 0 -64 0
6002 0 -64 0
6003 0 -64 0
6004 1 63 1
6005 0 -64 0
6006 1 63 1
6007 0 -64 0
6008 1 63 1
6009 0 -64 0
6010 0 -64 0
6011 0 -64 0
6012 1 63 1
6013 0 -64 0
6014 0 -64 0
6015 0 -64 0
6016 1 63 1
6017 1 63 1
6018 0 -64 0
6019 0 -64 0
6020 1 63 1
6021 1 63 1
6022 0 -64 0
6023 1 63 1
6024 1 63 1
6025 1 63 1
6026 1 63 1
6027 1 63 1
6028 1 63 1
6029 0 -64 0
6030 1 63 1
6031 1 63 1
6032 1 63 1
6033 1 63 1
6034 1 63 1
6035 0 -64 0
6036 0 63 1
6037 1 63 1
6038 1 63 1
6039 1 63 1
6040 1 -64 0
6041 0 63 1
6042 0 -64 0
6043 1 63 1
6044 0 -64 0
6045 0 -64 0
6046 1 63 1
6047 1 63 1
6048 1 63 1
6049 1 63 1
6050 1 63 1
6051 0 -64 0
6052 1 63 1
6053 0 -64 0
6054 0 -64 0
6055 0 -64 0
6056 0 -64 0
6057 0 -64 0
6058 1 63 1
6059 1 63 1
6060 0 -64 0
6061 0 -64 0
6062 1 63 1
6063 0 -64 0
6064 1 63 1
6065 0 -64 0
6066 1 63 1
6067 1 63 1
6068 0 -64 0
6069 0 -64 0
6070 1 63 1
6071 1 63 1
6072 1 63 1
6073 1 63 1
6074 0 -64 0
6075 1 63 1
6076 0 -64 0
6077 1 63 1
6078 1 63 1
6079 1 63 1
6080 1 63 1
6081 1 63 1
6082 0 -64 0
6083 0 -64 0
6084 1 63 1
6085 1 63 1
6086 1 63 1
6087 0 -64 0
6088 0 -64 0
6089 1 63 1
6090 0 -64 0
6091 0 -64 0
6092 1 63 1
6093 1 63 1
6094 0 -64 0
6095 0 -64 0
6096 0 -64 0
6097 0 -64 0
6098 1 63 1
6099 1 63 1
6100 0 -64 0
6101 0 -64 0
6102 0 -64 0
6103 1 63 1
6104 0 -64 0
6105 0 -64 0
6106 1 63 1
6107 1 63 1
6108 0 -64 0
6109 0 -64 0
6110 0 -64 0
6111 1 63 1
6112 0 -64 0
6113 1 63 1
6114 1 63 1
6115 1 63 1
6116 1 63 1
6117 1 63 1
6118 0 -64 0
6119 0 -64 0
6120 1 63 1
6121 1 63 1
6122 1 63 1
6123 0 -64 0
6124 0 -64 0
6125 1 63 1
6126 0 -64 0
6127 0 -64 0
6128 0 -64 0
6129 0 -64 0
6130 1 63 1
6131 1 63 1
6132 1 63 1
6133 0 -64 0
6134 1 63 1
6135 1 63 1
6136 0 -64 0
6137 1 63 1
6138 1 63 1
6139 1 63 1
6140 0 -64 0
6141 1 63 1
6142 0 -64 0
6143 0 -64 0
