# idx_orig bit_orig post_llr hard
0 1 87159.30539444 1
1 1 107562.43393036 1
2 0 -134221.29745744 0
3 0 -62785.85645408 0
4 0 -147155.77158464 0
5 1 114349.71946952 1
6 1 124419.63941582 1
7 1 125644.79425188 1
8 0 -112543.50617412 0
9 0 -137103.06158657 0
10 1 105031.69047839 1
11 0 -132435.09777530 0
12 0 -125407.45118101 0
13 1 104874.69216227 1
14 1 132349.84531010 1
15 0 -94666.70506455 0
16 1 112537.59644710 1
17 1 107186.80118424 1
18 0 -125124.97411862 0
19 1 126564.07158206 1
20 1 107033.14615982 1
21 0 -115305.19831522 0
22 0 -115202.95751774 0
23 0 -118786.63906590 0
24 0 -108168.05744448 0
25 1 131163.73194339 1
26 0 -140868.22421332 0
27 1 124745.73511214 1
28 1 122096.86610741 1
29 0 -108699.91565533 0
30 1 151244.27295493 1
31 1 102246.15340575 1
32 0 -137605.06648445 0
33 0 -106427.89305503 0
34 0 -130384.69420228 0
35 0 -131965.22715132 0
36 0 -79447.80786273 0
37 0 -123145.87281198 0
38 0 -98907.14096846 0
39 1 130930.74820976 1
40 1 102422.81260155 1
41 0 -123363.63303248 0
42 0 -131422.66341224 0
43 0 -81125.68246996 0
44 0 -113984.29014144 0
45 1 97033.87896349 1
46 0 -138477.81297067 0
47 0 -121127.56484762 0
48 0 -116973.62615557 0
49 1 120567.66342478 1
50 1 102685.51863519 1
51 1 122585.80429727 1
52 1 82556.02889658 1
53 1 114465.70183500 1
54 1 126579.66629178 1
55 1 110833.48787924 1
56 0 -100770.19985473 0
57 1 107336.06290506 1
58 0 -119396.74610602 0
59 0 -85923.69088687 0
60 1 109583.09081844 1
61 1 116651.12189008 1
62 0 -120726.94609679 0
63 1 95442.39617677 1
64 0 -95143.45950965 0
65 1 122017.57034060 1
66 0 -94044.15683058 0
67 0 -129968.76051752 0
68 0 -134931.99691722 0
69 0 -127557.99402343 0
70 1 118549.78645007 1
71 0 -106284.96281944 0
72 0 -108963.15176917 0
73 0 -79997.56902905 0
74 1 85056.77790521 1
75 1 121626.38679281 1
76 1 120691.09902584 1
77 1 120583.08420106 1
78 0 -99427.65720397 0
79 1 131086.40625648 1
80 1 87190.98586482 1
81 1 139114.60849644 1
82 1 82196.68264891 1
83 0 -124014.08786931 0
84 1 96656.35953169 1
85 0 -115436.62048651 0
86 0 -131359.22780943 0
87 0 -95660.90720072 0
88 1 137645.22023587 1
89 0 -133953.70600913 0
90 1 117477.81014482 1
91 1 109714.25332524 1
92 0 -95509.00421875 0
93 0 -123688.16342297 0
94 1 41930.14131109 1
95 1 128174.43747952 1
96 1 119820.62081364 1
97 0 -124608.02587440 0
98 0 -100667.55758397 0
99 1 108558.35256619 1
100 0 -122398.30646056 0
101 0 -83076.53278805 0
102 0 -86241.56837283 0
103 1 120916.74534767 1
104 0 -110431.66196579 0
105 0 -124476.35350389 0
106 0 -111060.68639332 0
107 0 -132829.10039392 0
108 0 -93312.02819748 0
109 1 137422.07846307 1
110 0 -133387.27504283 0
111 0 -119723.51085415 0
112 1 126962.30175731 1
113 0 -104272.45313388 0
114 0 -85621.91808528 0
115 0 -87941.10853248 0
116 0 -129652.28923016 0
117 0 -136153.41496441 0
118 0 -109380.47866925 0
119 1 130311.54024867 1
120 1 107532.64547727 1
121 1 125168.33295649 1
122 1 40807.57392679 1
123 0 -129177.29180444 0
124 1 119762.17738885 1
125 1 109783.08250501 1
126 0 -127020.70887432 0
127 0 -110468.96994722 0
128 0 -78233.84188588 0
129 0 -40807.57392679 0
130 0 -126967.90402704 0
131 1 102048.27733944 1
132 0 -103047.35169561 0
133 0 -117887.06205980 0
134 1 57457.05823313 1
135 0 -108874.29547219 0
136 0 -71609.22232915 0
137 1 87177.75976136 1
138 1 104124.60439333 1
139 0 -73424.78060487 0
140 0 -111277.16154862 0
141 0 -92902.83781802 0
142 1 100451.58265320 1
143 0 -79196.63390282 0
144 0 -125786.27907486 0
145 0 -110568.45628924 0
146 1 121821.02928354 1
147 1 80400.61997248 1
148 1 70634.69931264 1
149 1 86433.93550962 1
150 1 102112.58835865 1
151 0 -133566.95369502 0
152 1 125496.69223181 1
153 1 119672.01010321 1
154 0 -107253.06851178 0
155 1 103886.03995105 1
156 1 123661.90251554 1
157 1 48627.77124705 1
158 1 135573.52091607 1
159 0 -80182.40595527 0
160 0 -110593.85973759 0
161 1 131121.78488191 1
162 1 75001.90514115 1
163 0 -118321.91054030 0
164 1 103992.37856256 1
165 1 135448.39358433 1
166 1 71145.19753951 1
167 1 79518.32438344 1
168 1 83398.75947107 1
169 1 57404.34146520 1
170 1 89103.33426024 1
171 0 -98966.11943349 0
172 0 -127339.59141526 0
173 0 -98684.99863180 0
174 0 -97962.07662113 0
175 0 -132936.49688842 0
176 1 87973.68380738 1
177 0 -88852.56172571 0
178 0 -94446.98841230 0
179 1 85956.36149924 1
180 1 96022.87296844 1
181 1 127881.40530746 1
182 1 104618.14752139 1
183 0 -85996.06931527 0
184 1 130584.70537022 1
185 1 112795.40179508 1
186 0 -84770.48692558 0
187 1 70338.85442985 1
188 1 98896.45563872 1
189 1 80191.64406323 1
190 0 -60892.51809518 0
191 1 132148.59642340 1
192 0 -101175.82052182 0
193 1 113144.55465724 1
194 1 103261.25711893 1
195 0 -121069.33101233 0
196 1 111197.50806362 1
197 0 -88795.11850870 0
198 0 -133323.05236413 0
199 0 -79424.08035913 0
200 0 -126772.60067284 0
201 1 119227.50004794 1
202 1 107880.11725991 1
203 0 -114955.89303305 0
204 0 -116899.39829268 0
205 1 141699.36772798 1
206 0 -59876.75509172 0
207 0 -120126.88415154 0
208 0 -95776.53161494 0
209 1 108788.99735432 1
210 1 83544.98897513 1
211 1 113950.65331123 1
212 1 115544.36125122 1
213 1 84331.82317403 1
214 0 -136481.33514358 0
215 1 111487.01660620 1
216 1 121662.80702331 1
217 0 -97946.22994416 0
218 0 -103792.12570198 0
219 1 96769.25393153 1
220 0 -83849.25149480 0
221 1 83654.53966056 1
222 1 107202.02582437 1
223 0 -118003.71499573 0
224 1 117621.09035666 1
225 1 62358.89700963 1
226 0 -79913.05046571 0
227 0 -74741.80981570 0
228 0 -112152.33716973 0
229 1 101120.35981155 1
230 1 93725.51503945 1
231 1 93663.93249236 1
232 1 109192.66593363 1
233 1 128013.52429032 1
234 0 -94414.57336394 0
235 0 -89372.54124326 0
236 1 115836.69532651 1
237 0 -94475.94562975 0
238 1 126325.42937444 1
239 1 84583.09412102 1
240 0 -123118.40596876 0
241 1 65050.70632282 1
242 0 -122171.51740201 0
243 0 -122139.68935666 0
244 1 135174.61077616 1
245 0 -91022.53382014 0
246 1 89274.70368963 1
247 0 -111187.81042303 0
248 0 -86838.83171383 0
249 0 -106985.17987987 0
250 0 -103313.86679616 0
251 0 -82615.19133603 0
252 0 -138870.73956086 0
253 1 108332.82799146 1
254 1 133267.48333396 1
255 1 67089.97257979 1
256 0 -142486.50818907 0
257 0 -104625.53008090 0
258 1 119833.95680665 1
259 1 120259.22086803 1
260 1 123598.10781409 1
261 0 -98166.92825201 0
262 1 108184.51414501 1
263 0 -141563.51313604 0
264 1 126703.58442706 1
265 1 84193.67233516 1
266 0 -103720.75319371 0
267 1 103937.21705910 1
268 0 -137919.65293019 0
269 0 -106688.05723892 0
270 1 115837.63644674 1
271 1 72623.34282897 1
272 1 128258.61960356 1
273 0 -126303.30775658 0
274 1 88053.98167300 1
275 0 -90625.91333192 0
276 1 102935.10685553 1
277 1 137042.39606033 1
278 1 108991.49184966 1
279 0 -132291.67588177 0
280 1 123346.89356424 1
281 0 -52086.81946946 0
282 1 119796.36351973 1
283 0 -97012.49178936 0
284 0 -141063.49572485 0
285 1 72566.01252366 1
286 1 110373.91187051 1
287 1 125447.52992459 1
288 0 -89792.74272246 0
289 1 134557.15373090 1
290 0 -84403.12423315 0
291 0 -118539.00300640 0
292 0 -120600.19635428 0
293 0 -124449.76415459 0
294 1 115032.09100713 1
295 0 -82694.09442542 0
296 1 137428.01325332 1
297 1 100673.30858175 1
298 1 145680.33808018 1
299 1 116030.50989572 1
300 1 118023.66313447 1
301 1 101862.45085235 1
302 1 88519.43198094 1
303 1 137635.96248366 1
304 0 -58542.03518561 0
305 1 123286.12658754 1
306 1 127948.97377353 1
307 1 122804.49572064 1
308 0 -125706.17909965 0
309 0 -102687.72465526 0
310 0 -134366.19089577 0
311 1 80402.50845893 1
312 1 105775.43517884 1
313 0 -119037.24147441 0
314 0 -98762.92731393 0
315 0 -101100.05052001 0
316 0 -95791.83159069 0
317 1 131482.62733974 1
318 1 92211.67214693 1
319 0 -131540.84671366 0
320 1 116411.90273503 1
321 0 -90838.53128574 0
322 0 -102977.03235266 0
323 1 88053.26329777 1
324 1 90092.03879027 1
325 0 -66331.92688800 0
326 0 -125576.52799350 0
327 1 102750.71812254 1
328 1 106935.59139259 1
329 1 101973.22596497 1
330 0 -82138.89561578 0
331 1 105667.04868988 1
332 0 -45712.49087150 0
333 1 122126.09344598 1
334 0 -106598.93076286 0
335 1 96289.33402136 1
336 0 -109802.21871056 0
337 0 -70051.00303371 0
338 0 -134152.45898178 0
339 1 79509.19933114 1
340 0 -143008.67830812 0
341 0 -96961.69817663 0
342 0 -123187.02663240 0
343 0 -109594.97386626 0
344 1 49894.41719534 1
345 0 -117389.32653165 0
346 0 -100457.07424739 0
347 1 119223.10489984 1
348 1 104580.31958048 1
349 0 -116393.95852906 0
350 1 121320.19452896 1
351 0 -86082.17683426 0
352 0 -101856.43793166 0
353 1 120568.37632790 1
354 0 -140029.77557724 0
355 1 127759.03276574 1
356 0 -140286.04898134 0
357 1 110765.72212502 1
358 0 -64486.94940412 0
359 1 129175.82523760 1
360 1 109393.88052651 1
361 0 -150441.63651030 0
362 1 130416.07825245 1
363 0 -145042.11874813 0
364 0 -90760.70287312 0
365 0 -105159.34932289 0
366 0 -130685.28789518 0
367 0 -86054.74115088 0
368 0 -131495.20870677 0
369 1 114243.04069471 1
370 0 -127116.47245979 0
371 1 122947.39548365 1
372 0 -87891.19919863 0
373 0 -141703.79746928 0
374 0 -97228.39301101 0
375 1 139980.45200057 1
376 1 139859.48955724 1
377 0 -127522.98133138 0
378 1 84148.44219784 1
379 1 87322.78428377 1
380 1 146316.99601151 1
381 1 103112.41965129 1
382 1 140436.13037655 1
383 0 -125791.46814041 0
384 1 105092.94335744 1
385 0 -119429.66531221 0
386 1 87797.95882394 1
387 0 -125023.93377997 0
388 1 112922.21499950 1
389 1 118263.58872235 1
390 1 107249.30563509 1
391 1 124488.83059859 1
392 1 97140.62547883 1
393 0 -111160.65776240 0
394 1 152147.74378571 1
395 0 -106660.59844798 0
396 0 -93858.59941189 0
397 0 -119132.01169242 0
398 1 92045.12956938 1
399 1 116733.19226894 1
400 1 67607.65739224 1
401 0 -125862.91152440 0
402 1 106629.39390660 1
403 0 -139774.70274003 0
404 0 -100993.48355309 0
405 1 126337.06837046 1
406 1 100822.14640132 1
407 1 102268.94970594 1
408 1 125309.20550732 1
409 0 -110293.40635665 0
410 1 119364.89217276 1
411 1 122946.79681729 1
412 1 103486.59435547 1
413 0 -77563.55368832 0
414 0 -104470.49230822 0
415 1 122127.85700960 1
416 0 -70012.21445533 0
417 1 135496.27339032 1
418 1 107293.70155621 1
419 0 -120170.76017163 0
420 0 -74618.77301649 0
421 0 -94425.36347738 0
422 1 126786.40551981 1
423 1 76209.80072472 1
424 0 -122370.89794475 0
425 0 -120608.39750384 0
426 0 -126337.65968943 0
427 0 -115063.06816293 0
428 0 -105519.89007997 0
429 0 -120941.96987205 0
430 0 -114332.17463275 0
431 1 130903.19262045 1
432 1 125249.96860279 1
433 1 84844.58056577 1
434 0 -119283.45529498 0
435 0 -88140.44839934 0
436 1 84192.64628597 1
437 0 -119832.65515800 0
438 0 -125890.14077033 0
439 1 131626.17608799 1
440 1 94044.54203835 1
441 0 -113637.63497486 0
442 1 92979.20262578 1
443 0 -89683.38994837 0
444 1 115065.18715773 1
445 1 133317.09589033 1
446 1 120655.24196401 1
447 0 -148295.29800723 0
448 0 -127084.81961461 0
449 1 118700.73398058 1
450 1 125159.07582117 1
451 0 -92806.26869938 0
452 1 135653.94827930 1
453 1 78948.42298156 1
454 1 130735.84949713 1
455 0 -115979.21161032 0
456 0 -45690.09579440 0
457 1 116083.32120067 1
458 0 -83635.56535134 0
459 1 134956.13847561 1
460 0 -100248.11996772 0
461 1 112237.50403270 1
462 1 129320.95456735 1
463 1 45810.64816483 1
464 1 114555.29669549 1
465 0 -98816.86301594 0
466 1 140522.10051349 1
467 0 -125833.40463772 0
468 0 -127197.79683462 0
469 1 132304.60210161 1
470 1 102934.95068175 1
471 0 -108149.92122797 0
472 0 -113845.98221357 0
473 0 -126637.20066571 0
474 1 136854.41828822 1
475 1 111409.66981795 1
476 0 -110532.09174158 0
477 1 96268.87889705 1
478 0 -118708.44516817 0
479 1 108653.97829625 1
480 1 123636.05722196 1
481 0 -106777.49002204 0
482 0 -125059.74460091 0
483 0 -104599.15180621 0
484 1 96384.02655713 1
485 1 113071.09430085 1
486 1 129773.33776228 1
487 1 138215.97059749 1
488 0 -103445.42083736 0
489 1 109979.33628213 1
490 1 120282.16276122 1
491 1 92463.43279859 1
492 1 115690.90734953 1
493 0 -89290.65953091 0
494 1 142973.50751144 1
495 1 108267.29724819 1
496 1 91014.92061589 1
497 1 108323.85406375 1
498 0 -89802.90838372 0
499 0 -103949.20037162 0
500 1 79423.09194741 1
501 1 141754.72953931 1
502 1 117482.39484937 1
503 1 97129.65168723 1
504 1 104576.07017124 1
505 0 -94243.21588855 0
506 1 117787.67405556 1
507 0 -102431.04211866 0
508 1 144632.93040107 1
509 1 122149.46972113 1
510 0 -113151.68439174 0
511 1 124230.57600805 1
512 1 77565.98937209 1
513 1 99512.75085898 1
514 0 -109144.74512224 0
515 0 -134224.24305148 0
516 0 -102459.76786678 0
517 0 -102604.51588067 0
518 1 121945.71315257 1
519 1 90126.24506191 1
520 0 -99877.02017403 0
521 0 -105598.84591643 0
522 0 -139076.70034205 0
523 0 -94076.06228473 0
524 1 92738.26102958 1
525 0 -124497.34997347 0
526 1 96860.92447288 1
527 1 121821.77687083 1
528 0 -117088.44738508 0
529 1 138481.59823419 1
530 1 113125.32288652 1
531 0 -121870.37199076 0
532 0 -115820.93177455 0
533 1 83884.50094584 1
534 0 -74356.04974183 0
535 0 -125093.43811572 0
536 1 139763.41536257 1
537 1 127771.88261521 1
538 0 -116438.30715297 0
539 1 125671.28088928 1
540 1 102867.86908453 1
541 1 137421.10138470 1
542 1 72130.61712414 1
543 0 -134130.75498734 0
544 0 -105269.89192984 0
545 1 141844.45809444 1
546 0 -109456.79415858 0
547 0 -109329.71599469 0
548 1 113866.16828885 1
549 1 117096.43067563 1
550 0 -118517.32604882 0
551 1 113684.39251804 1
552 0 -87622.79448444 0
553 0 -115798.62472055 0
554 1 48902.12222576 1
555 0 -98585.32989198 0
556 0 -98168.98788460 0
557 0 -125992.20668122 0
558 1 91547.08717405 1
559 0 -102421.79835048 0
560 0 -100711.58668056 0
561 0 -84968.38593419 0
562 1 68021.01463822 1
563 0 -100111.29142591 0
564 0 -118748.07082518 0
565 1 106176.00117100 1
566 1 109669.55008018 1
567 1 107952.73719105 1
568 1 102176.31641788 1
569 1 118787.80965164 1
570 1 118774.11962273 1
571 0 -133177.47073658 0
572 1 113411.84204292 1
573 1 102369.71503559 1
574 1 67828.52110859 1
575 0 -101815.78603528 0
576 1 108985.37509098 1
577 1 114081.48589810 1
578 0 -114343.94933220 0
579 0 -114864.80134097 0
580 0 -104600.01824912 0
581 1 106978.55013045 1
582 0 -59655.57941683 0
583 1 114176.02786289 1
584 1 98139.64935232 1
585 1 124262.49612775 1
586 0 -121516.64065617 0
587 1 69433.18033154 1
588 0 -69081.81250723 0
589 0 -59371.54893760 0
590 0 -123669.82724907 0
591 0 -96475.98805583 0
592 0 -132376.77245210 0
593 0 -118588.24402648 0
594 0 -77687.15044795 0
595 1 113168.03344523 1
596 1 95706.80233108 1
597 0 -81694.86360654 0
598 1 93748.89595650 1
599 0 -93589.60744539 0
600 0 -102956.48827917 0
601 1 118713.26466217 1
602 1 103543.88408333 1
603 0 -89537.30389908 0
604 0 -123493.70787518 0
605 0 -107716.25252083 0
606 0 -139212.53499767 0
607 0 -76588.10308189 0
608 1 82942.96711404 1
609 1 72127.86770089 1
610 1 105651.46650973 1
611 1 121906.43545247 1
612 1 110755.46278799 1
613 1 129638.62327443 1
614 0 -104000.69044495 0
615 1 131058.29045999 1
616 1 100432.18031764 1
617 0 -62533.62642803 0
618 1 125678.09270519 1
619 0 -72117.39603409 0
620 1 125839.69601000 1
621 0 -136582.45496976 0
622 0 -107414.23811310 0
623 1 115309.91514329 1
624 0 -130692.16060716 0
625 1 130655.30098566 1
626 0 -76868.80562801 0
627 1 97291.77430375 1
628 0 -80371.22321120 0
629 1 80255.58767190 1
630 0 -83893.31307987 0
631 0 -108949.75674210 0
632 0 -124662.87634262 0
633 0 -105318.95608012 0
634 0 -116675.21168780 0
635 1 124925.14350867 1
636 0 -101994.44873616 0
637 1 79689.74699101 1
638 1 96922.47395343 1
639 1 90904.23370183 1
640 1 111039.70070150 1
641 0 -149802.98839354 0
642 1 98111.34184756 1
643 0 -101803.50251986 0
644 0 -119469.23275323 0
645 1 103634.48255490 1
646 1 86175.76953664 1
647 0 -81788.76905666 0
648 1 119324.57381201 1
649 1 88006.39026449 1
650 1 82204.50878649 1
651 0 -127688.63068591 0
652 0 -101395.85466823 0
653 1 117225.25865387 1
654 0 -111996.38811259 0
655 1 143029.43017335 1
656 1 122459.96499730 1
657 0 -107012.41124493 0
658 0 -127098.18766661 0
659 0 -93896.70271385 0
660 1 123118.42762287 1
661 0 -138792.72027392 0
662 0 -137221.04966659 0
663 1 110433.04051533 1
664 0 -121133.39408613 0
665 1 133860.74631144 1
666 1 71451.52878964 1
667 1 98480.95202608 1
668 1 107365.11973616 1
669 1 122476.46259400 1
670 0 -93954.10570232 0
671 1 129746.89506839 1
672 0 -114546.24685500 0
673 1 111380.48668149 1
674 1 126630.83313174 1
675 0 -131010.72905067 0
676 1 133739.88156220 1
677 1 108593.82102849 1
678 0 -123502.89604678 0
679 0 -99217.67026156 0
680 0 -101730.47926100 0
681 0 -75584.26913822 0
682 1 115151.09872998 1
683 1 132664.39327934 1
684 1 125067.90663464 1
685 0 -90962.01379855 0
686 1 105569.52739193 1
687 0 -78925.70102716 0
688 0 -94185.67033648 0
689 0 -95968.79529987 0
690 0 -111475.32044463 0
691 1 83557.01664168 1
692 1 121897.93789737 1
693 1 129770.04932150 1
694 0 -96660.37831705 0
695 0 -74698.26543173 0
696 0 -111128.74885300 0
697 0 -111153.15889283 0
698 0 -121241.77695257 0
699 0 -102669.82234145 0
700 1 128010.92567637 1
701 0 -59971.43632273 0
702 1 117753.08638532 1
703 1 109073.35845484 1
704 0 -147744.19467293 0
705 0 -79377.63782646 0
706 0 -100209.14437478 0
707 0 -101847.46553793 0
708 0 -107900.13064565 0
709 0 -107916.07511599 0
710 1 93696.63454554 1
711 0 -94904.39463394 0
712 0 -130400.98067485 0
713 0 -120669.16325204 0
714 0 -122176.85932902 0
715 0 -64244.00029012 0
716 1 148056.28406988 1
717 1 110008.08651132 1
718 1 130610.88926662 1
719 1 120219.98639896 1
720 0 -115992.15070583 0
721 0 -74067.64684010 0
722 0 -100709.21235444 0
723 1 139583.01347668 1
724 0 -118058.06916367 0
725 1 87492.62716927 1
726 1 101380.87619816 1
727 0 -125059.49656202 0
728 1 112656.79558096 1
729 1 99029.08517147 1
730 1 107296.78378202 1
731 0 -70755.47146622 0
732 1 128379.56759669 1
733 0 -113303.35493324 0
734 1 111262.39646837 1
735 0 -73716.25998096 0
736 0 -97506.30854494 0
737 0 -121599.10226056 0
738 0 -108902.64108686 0
739 0 -123878.13710637 0
740 0 -110890.68037721 0
741 1 82921.91913775 1
742 1 106106.00163686 1
743 0 -107808.41483225 0
744 0 -126809.69082174 0
745 1 90492.33401395 1
746 1 113975.40248629 1
747 0 -116919.84354076 0
748 0 -125624.36554927 0
749 0 -119758.19580926 0
750 1 88914.49071782 1
751 1 103960.70977200 1
752 1 125076.73104225 1
753 1 135801.48237151 1
754 0 -110524.65882698 0
755 1 110536.97350294 1
756 1 125913.48142755 1
757 1 102843.07233906 1
758 0 -140722.30317239 0
759 1 119984.97781031 1
760 1 132572.30401711 1
761 1 102814.14243228 1
762 0 -114512.17126587 0
763 1 132173.04195228 1
764 1 64978.57364238 1
765 0 -106264.26647367 0
766 0 -116164.47845952 0
767 0 -130466.70983647 0
768 1 118388.41228492 1
769 0 -124923.51749271 0
770 1 134519.52704741 1
771 1 84439.94966182 1
772 1 84777.95745960 1
773 1 105807.61183047 1
774 0 -115510.49728632 0
775 1 94045.41468136 1
776 1 120250.62807052 1
777 1 124871.89363969 1
778 1 105936.72091029 1
779 0 -120803.06846366 0
780 1 109528.59974919 1
781 1 104260.17503233 1
782 0 -100665.17604829 0
783 0 -124800.96124450 0
784 1 84381.68245922 1
785 0 -84095.09467944 0
786 1 119728.30286862 1
787 0 -102003.87215736 0
788 0 -118624.05495929 0
789 0 -109136.03867714 0
790 1 127215.08399734 1
791 1 104559.81014202 1
792 0 -60713.63964696 0
793 0 -125632.96672522 0
794 0 -108033.75945110 0
795 1 105871.41039728 1
796 0 -117570.94511451 0
797 0 -115454.65319611 0
798 1 134250.01883660 1
799 0 -85414.80180275 0
800 0 -138993.01518912 0
801 1 97121.14249502 1
802 0 -125082.65628733 0
803 1 119156.91798202 1
804 1 83289.63939071 1
805 0 -107309.43445730 0
806 0 -98884.47515484 0
807 0 -113066.80207743 0
808 0 -92498.08190153 0
809 0 -103319.01268456 0
810 1 116781.82450114 1
811 1 121817.89956653 1
812 1 79631.84724758 1
813 1 104800.45215200 1
814 0 -119460.05656319 0
815 1 107881.95011983 1
816 1 120062.03087571 1
817 1 95332.66221111 1
818 1 86038.83266140 1
819 1 109184.47132027 1
820 0 -103076.72832693 0
821 1 122033.28542021 1
822 1 101550.91984977 1
823 0 -136394.62563260 0
824 0 -87758.71168981 0
825 0 -129288.68272970 0
826 1 117145.04166292 1
827 1 89951.15699377 1
828 1 117993.13155355 1
829 1 101373.14727970 1
830 1 113289.37707110 1
831 1 111723.43826758 1
832 1 95662.50379833 1
833 1 130696.89176355 1
834 0 -104074.43500961 0
835 1 128620.90251179 1
836 1 131961.97946544 1
837 0 -119080.17873324 0
838 0 -81779.92719201 0
839 1 103601.69396192 1
840 1 134561.79569533 1
841 0 -105605.91459030 0
842 1 137887.16339197 1
843 1 126781.25055341 1
844 0 -116782.82207000 0
845 0 -109383.49209129 0
846 0 -116140.19252920 0
847 1 122636.29043079 1
848 1 119458.78089705 1
849 1 126850.00895964 1
850 1 101927.92831137 1
851 1 128946.56924805 1
852 1 89216.31638485 1
853 1 133162.22162391 1
854 1 142573.30810199 1
855 0 -104155.72675251 0
856 1 89750.14910058 1
857 1 119353.75416300 1
858 0 -77910.63355858 0
859 0 -120594.23333602 0
860 1 82924.67578744 1
861 0 -122102.81958183 0
862 1 99045.85213111 1
863 1 88869.16938585 1
864 1 90656.36975687 1
865 1 117395.90529403 1
866 1 93781.56421005 1
867 1 117292.60091896 1
868 0 -112118.05708828 0
869 1 96892.70130455 1
870 1 118762.94015032 1
871 0 -114872.35186462 0
872 1 95667.06988006 1
873 0 -67567.48543706 0
874 1 118156.20357299 1
875 1 102511.37136608 1
876 1 59179.59962689 1
877 1 128987.56847264 1
878 1 96992.82355611 1
879 0 -121417.43347184 0
880 1 64818.99959408 1
881 0 -114921.98712808 0
882 0 -114433.44845250 0
883 1 59684.91563786 1
884 1 107172.90008464 1
885 0 -96136.48329075 0
886 1 116972.03990926 1
887 1 102454.23913067 1
888 0 -133567.49921363 0
889 1 116510.13413824 1
890 1 105871.85943430 1
891 1 112425.10328961 1
892 0 -106194.30465492 0
893 1 79733.87883516 1
894 1 99351.40494597 1
895 1 108318.02248334 1
896 0 -76985.81021229 0
897 1 103128.11158537 1
898 0 -112556.22930249 0
899 1 115309.18845411 1
900 1 82089.94049343 1
901 0 -90032.73446195 0
902 1 116512.20620033 1
903 1 76475.09631263 1
904 0 -101726.57119507 0
905 1 113621.53627251 1
906 1 110874.62582576 1
907 1 145192.18007402 1
908 1 107598.53940566 1
909 0 -137632.53848627 0
910 0 -125386.11078300 0
911 1 89488.55437405 1
912 0 -127359.83797231 0
913 0 -67898.33333913 0
914 0 -129491.64516001 0
915 1 98217.03785034 1
916 1 94739.11246168 1
917 0 -123494.68530907 0
918 1 86325.42661997 1
919 1 124563.34513542 1
920 1 85068.30413078 1
921 1 109531.79867940 1
922 1 114285.73598226 1
923 1 75972.53424228 1
924 1 120514.49084819 1
925 1 82654.85636668 1
926 0 -120992.40214567 0
927 0 -104680.07307007 0
928 1 123590.13275426 1
929 1 109068.09254029 1
930 1 121621.99700613 1
931 0 -106309.49139133 0
932 0 -88735.35844609 0
933 0 -101698.19814862 0
934 1 97126.61222584 1
935 1 105210.47597485 1
936 0 -87383.17944692 0
937 1 115048.60590491 1
938 1 120439.91037773 1
939 0 -88727.51897785 0
940 0 -97636.46582045 0
941 1 88185.11308451 1
942 1 123995.75485737 1
943 1 82059.91368534 1
944 1 114456.33694739 1
945 1 122722.78111370 1
946 1 115177.21674100 1
947 0 -116337.67433353 0
948 1 91987.92480713 1
949 1 123386.10066479 1
950 0 -102212.68359396 0
951 0 -116850.81209165 0
952 0 -123829.61895669 0
953 1 77128.85094184 1
954 0 -130407.15678685 0
955 1 106945.69981795 1
956 1 108175.77270616 1
957 1 101454.89355826 1
958 1 120931.63908875 1
959 1 121199.31548025 1
960 1 81416.26044357 1
961 0 -120847.08612729 0
962 0 -111793.04411081 0
963 1 108162.88694310 1
964 1 102523.84026373 1
965 0 -114327.03047659 0
966 0 -124974.80931747 0
967 0 -100874.08293083 0
968 1 132644.61359672 1
969 1 102003.22051706 1
970 1 126002.73461223 1
971 0 -108102.03183681 0
972 1 101690.83195817 1
973 0 -103374.94814917 0
974 1 110989.72474078 1
975 0 -129849.28496975 0
976 1 99040.30425799 1
977 0 -122445.80441452 0
978 0 -103295.50315381 0
979 1 109199.79413640 1
980 0 -120685.55387904 0
981 0 -93569.06939135 0
982 0 -137325.41986475 0
983 0 -91428.40120680 0
984 1 108181.29665155 1
985 0 -101673.23167194 0
986 0 -99783.11182705 0
987 1 125198.71324403 1
988 0 -95103.44241454 0
989 1 139686.49888780 1
990 0 -96473.15789421 0
991 0 -126270.83006283 0
992 1 84904.72227032 1
993 0 -110030.52983665 0
994 0 -76882.50914649 0
995 0 -96507.81308946 0
996 1 128662.16898487 1
997 0 -109789.81790293 0
998 0 -110477.92211587 0
999 0 -101652.06325750 0
1000 1 114652.67314332 1
1001 1 130193.81396736 1
1002 1 49799.27831131 1
1003 1 127317.95484970 1
1004 0 -91327.55635478 0
1005 1 110919.64367526 1
1006 1 108137.21023948 1
1007 1 120586.99813203 1
1008 0 -125591.95900323 0
1009 1 105589.87579622 1
1010 1 126768.36230886 1
1011 0 -104599.34442796 0
1012 1 102613.18237873 1
1013 0 -108617.76274996 0
1014 0 -73383.49534656 0
1015 0 -119705.29967363 0
1016 0 -94947.81407870 0
1017 1 126316.15618627 1
1018 1 95760.91698945 1
1019 0 -128671.72292762 0
1020 0 -107741.35124822 0
1021 0 -118617.88650256 0
1022 0 -70563.81196701 0
1023 1 97994.87983630 1
1024 0 -115837.13126609 0
1025 1 110489.63753738 1
1026 0 -123698.70128567 0
1027 0 -117092.94032486 0
1028 0 -124524.12524678 0
1029 1 110820.44859470 1
1030 0 -102033.35327372 0
1031 0 -118381.53838704 0
1032 1 108635.53798827 1
1033 1 119599.78314603 1
1034 0 -73256.67275957 0
1035 0 -113740.56994393 0
1036 0 -117122.42897682 0
1037 1 104763.21277420 1
1038 1 108750.55636126 1
1039 0 -123433.48396983 0
1040 0 -119447.79228887 0
1041 1 110454.84173795 1
1042 1 68759.17511811 1
1043 0 -116231.96086278 0
1044 1 97956.91350487 1
1045 1 119579.57299882 1
1046 1 118601.49568058 1
1047 1 80523.69728085 1
1048 1 70993.98476179 1
1049 1 70288.08006039 1
1050 1 127346.64286180 1
1051 0 -92785.28704728 0
1052 1 130545.94697841 1
1053 0 -115160.57828983 0
1054 0 -108896.08261930 0
1055 1 107171.26917070 1
1056 1 107224.24455637 1
1057 0 -79708.15942510 0
1058 1 82894.02688831 1
1059 0 -82575.99054818 0
1060 0 -98906.85126702 0
1061 0 -109710.10503549 0
1062 1 87671.13642546 1
1063 0 -104503.62853114 0
1064 0 -119776.91936968 0
1065 0 -93424.86976189 0
1066 1 139689.07310985 1
1067 1 67452.61554603 1
1068 0 -73326.57502634 0
1069 1 67464.62765177 1
1070 0 -119947.40929281 0
1071 0 -122914.07733670 0
1072 1 101006.49310405 1
1073 0 -109405.84791684 0
1074 1 82110.95462694 1
1075 0 -116508.40956645 0
1076 1 96774.64860041 1
1077 1 77614.16566539 1
1078 1 123465.61653904 1
1079 1 54702.88858092 1
1080 1 117765.85060838 1
1081 1 115023.85090363 1
1082 0 -99302.30596730 0
1083 1 97665.86153942 1
1084 0 -136746.07054452 0
1085 1 128390.22511250 1
1086 1 62050.63833566 1
1087 1 88785.05815524 1
1088 0 -57882.23485568 0
1089 1 82720.29389229 1
1090 0 -69321.10618612 0
1091 0 -115406.44961529 0
1092 1 117518.54639333 1
1093 1 79837.50236207 1
1094 1 104342.88689952 1
1095 1 109192.56473129 1
1096 1 103085.86076173 1
1097 0 -69524.92057550 0
1098 1 101740.15246013 1
1099 0 -70474.04587317 0
1100 1 73465.73271838 1
1101 1 134450.42740505 1
1102 1 79584.43332681 1
1103 1 105117.56517753 1
1104 1 108335.51232352 1
1105 0 -119310.78639068 0
1106 1 74479.16522453 1
1107 1 50916.91327772 1
1108 1 106650.67667874 1
1109 0 -82157.47702400 0
1110 1 85187.95184498 1
1111 0 -119266.95518891 0
1112 0 -108081.95088203 0
1113 1 101088.73234820 1
1114 0 -68948.31023410 0
1115 0 -123004.54603747 0
1116 1 83036.17664290 1
1117 0 -98397.79935800 0
1118 1 115393.00878143 1
1119 0 -78697.47649675 0
1120 0 -107188.04476102 0
1121 0 -77662.28587602 0
1122 1 117830.96890761 1
1123 0 -80721.18280886 0
1124 0 -111368.74023675 0
1125 0 -112366.72717728 0
1126 1 58611.90230248 1
1127 1 84992.06026732 1
1128 0 -52079.31352045 0
1129 0 -98119.64300383 0
1130 1 55042.38661129 1
1131 0 -126116.73730010 0
1132 0 -101028.03495149 0
1133 0 -109135.40242689 0
1134 1 107669.76774082 1
1135 0 -38350.66151676 0
1136 1 120216.49039976 1
1137 1 81728.85608474 1
1138 1 125746.64169466 1
1139 0 -84634.05025951 0
1140 0 -104674.23004658 0
1141 1 73282.93015005 1
1142 1 92603.48727005 1
1143 1 117606.66199153 1
1144 1 95384.73950633 1
1145 0 -91724.96230425 0
1146 1 88383.68254755 1
1147 1 83595.27482291 1
1148 1 92045.12240326 1
1149 1 69782.28165819 1
1150 0 -104187.78310315 0
1151 1 57680.14720819 1
1152 0 -130782.97363799 0
1153 0 -95774.61274740 0
1154 1 97656.08406816 1
1155 1 73051.25893226 1
1156 0 -90488.26261822 0
1157 0 -95301.01862583 0
1158 0 -99392.96446922 0
1159 0 -97798.84256423 0
1160 0 -101476.43731471 0
1161 0 -58351.22744603 0
1162 0 -109582.41366091 0
1163 1 83343.77501547 1
1164 1 123254.24246661 1
1165 1 62282.25164187 1
1166 0 -102154.40232206 0
1167 1 84806.57671964 1
1168 0 -99514.91465120 0
1169 0 -88700.35386457 0
1170 1 61593.63639783 1
1171 1 71436.48109895 1
1172 1 100365.45826305 1
1173 1 119311.16490093 1
1174 0 -91722.85675551 0
1175 1 58051.86494672 1
1176 0 -109299.99016431 0
1177 0 -88091.08787786 0
1178 1 106877.94553507 1
1179 0 -94090.73234892 0
1180 1 115533.66972721 1
1181 1 56275.01594541 1
1182 1 99901.38053934 1
1183 1 129085.57913620 1
1184 0 -92913.39100610 0
1185 1 71661.10647639 1
1186 0 -76533.71859864 0
1187 0 -119737.66834707 0
1188 1 94613.03647949 1
1189 1 101416.83877318 1
1190 0 -93520.00051327 0
1191 1 48053.62284108 1
1192 1 121032.88784199 1
1193 0 -94063.03190628 0
1194 1 108177.52300548 1
1195 0 -57591.45501087 0
1196 1 99325.99720892 1
1197 0 -118448.77121892 0
1198 1 99346.53805700 1
1199 1 122789.34264202 1
1200 0 -104621.00600092 0
1201 0 -102019.82776457 0
1202 0 -93536.28060840 0
1203 0 -99479.51375087 0
1204 0 -127670.59528604 0
1205 0 -78868.78003848 0
1206 0 -115775.59435346 0
1207 1 104490.46534842 1
1208 1 129494.11895387 1
1209 0 -104519.81030881 0
1210 0 -106849.40500263 0
1211 1 107141.81941014 1
1212 0 -107308.31024077 0
1213 0 -128024.63075609 0
1214 0 -91948.27980776 0
1215 1 105163.31725960 1
1216 0 -104820.09467308 0
1217 0 -109725.22836973 0
1218 0 -130576.21623743 0
1219 1 97036.08400850 1
1220 1 119906.70094735 1
1221 1 84993.66727137 1
1222 0 -117399.82465718 0
1223 1 109357.37803523 1
1224 1 78511.75516855 1
1225 0 -101790.75665315 0
1226 1 100404.74032609 1
1227 1 130408.31651404 1
1228 1 94486.78353844 1
1229 0 -136535.71009799 0
1230 1 113832.81407666 1
1231 0 -90077.58131559 0
1232 1 82104.10359467 1
1233 0 -99837.41577057 0
1234 0 -122233.90792214 0
1235 1 93096.27737706 1
1236 0 -129986.04740493 0
1237 0 -123884.20364457 0
1238 0 -115025.96939820 0
1239 0 -129659.18853456 0
1240 0 -104937.76728109 0
1241 1 112636.47408618 1
1242 0 -97127.98293563 0
1243 1 124315.47653046 1
1244 0 -73589.82929814 0
1245 1 87113.00793432 1
1246 0 -124626.45043130 0
1247 1 93674.57272920 1
1248 0 -115937.04402577 0
1249 1 100261.19712380 1
1250 1 129175.42098875 1
1251 1 85199.32134965 1
1252 1 67159.04145056 1
1253 0 -131411.50692016 0
1254 0 -101185.98147532 0
1255 1 108732.12020472 1
1256 0 -126322.38681235 0
1257 0 -113251.10865556 0
1258 0 -121693.44068971 0
1259 1 94808.61207277 1
1260 1 130672.22975776 1
1261 1 78319.64289918 1
1262 0 -127304.68430142 0
1263 0 -117039.61234367 0
1264 0 -84973.91643170 0
1265 0 -92472.67045934 0
1266 1 109878.14360751 1
1267 1 109658.88255780 1
1268 1 79266.97760441 1
1269 0 -117608.57562609 0
1270 0 -109822.23384987 0
1271 0 -131287.18872821 0
1272 1 68353.99415801 1
1273 0 -122349.45696934 0
1274 0 -122345.81732124 0
1275 0 -92783.08425224 0
1276 0 -137412.47594563 0
1277 1 96975.98118938 1
1278 1 88280.57212533 1
1279 1 106377.46402556 1
1280 1 125190.49773263 1
1281 1 129500.34714721 1
1282 1 104105.90435536 1
1283 0 -131730.04249258 0
1284 0 -89865.47384427 0
1285 1 130301.80943559 1
1286 0 -105578.32118971 0
1287 1 105062.66813234 1
1288 0 -113639.12589408 0
1289 1 85144.16034208 1
1290 1 111138.08623553 1
1291 1 111391.20358482 1
1292 1 104092.68117906 1
1293 0 -120758.30748319 0
1294 1 121537.23399329 1
1295 0 -124379.38285435 0
1296 0 -105434.15505718 0
1297 0 -117611.79676058 0
1298 0 -62590.34154635 0
1299 1 108732.68228822 1
1300 1 124920.60231116 1
1301 1 116388.35625876 1
1302 1 128992.44386706 1
1303 0 -107066.02793046 0
1304 1 109881.42459364 1
1305 0 -96943.20321445 0
1306 1 110117.77329536 1
1307 0 -107738.42325229 0
1308 0 -124459.64904255 0
1309 0 -112384.02081862 0
1310 0 -88063.99317023 0
1311 1 121964.51647422 1
1312 1 78235.11599136 1
1313 0 -122392.42866102 0
1314 0 -110177.30158244 0
1315 0 -115132.77861487 0
1316 0 -77540.85659602 0
1317 1 99258.68432738 1
1318 1 79103.76018896 1
1319 1 97906.17651546 1
1320 0 -73600.34503023 0
1321 1 114493.83099647 1
1322 0 -116868.62327772 0
1323 1 78067.66706325 1
1324 0 -77243.72915043 0
1325 1 125459.05406850 1
1326 1 98419.71650691 1
1327 0 -106509.43789489 0
1328 0 -111901.25747710 0
1329 1 114194.09540031 1
1330 1 105030.57083085 1
1331 0 -86681.07061838 0
1332 0 -102528.14301839 0
1333 1 69632.63901308 1
1334 1 115639.22225211 1
1335 0 -101804.96009158 0
1336 1 77577.21715021 1
1337 0 -115943.67654479 0
1338 1 91508.45512825 1
1339 1 121519.85928523 1
1340 1 69759.27615916 1
1341 1 116470.60178284 1
1342 1 118993.71010501 1
1343 1 77039.87793503 1
1344 1 111537.72818376 1
1345 1 100176.97551608 1
1346 0 -134793.80248210 0
1347 0 -115011.52755209 0
1348 0 -129231.37812026 0
1349 0 -122399.26671846 0
1350 1 129895.67819260 1
1351 1 111777.78345556 1
1352 1 114941.52646401 1
1353 0 -88972.62450649 0
1354 1 106962.79342805 1
1355 1 119912.42411590 1
1356 1 83887.59101957 1
1357 1 129985.52665326 1
1358 0 -98900.62156851 0
1359 0 -111359.72434515 0
1360 1 86779.45925882 1
1361 0 -102379.41148364 0
1362 0 -123538.76592684 0
1363 1 82634.64294960 1
1364 1 121752.39995428 1
1365 0 -105764.65768667 0
1366 0 -102511.95109938 0
1367 0 -147325.61080890 0
1368 1 108452.33733327 1
1369 1 148171.13010357 1
1370 1 116196.22431805 1
1371 0 -101782.55695415 0
1372 0 -119018.29654372 0
1373 0 -56741.89326001 0
1374 0 -128857.30329273 0
1375 0 -92770.57487042 0
1376 0 -104231.41917728 0
1377 1 112353.55535199 1
1378 0 -90962.90698246 0
1379 1 110317.22344990 1
1380 1 71138.06888839 1
1381 0 -110038.67103493 0
1382 1 104652.69228738 1
1383 1 93076.55191486 1
1384 1 108175.89249134 1
1385 0 -95468.66314217 0
1386 1 107404.82947390 1
1387 1 92185.27021813 1
1388 1 123589.28462153 1
1389 0 -96284.77755807 0
1390 1 122484.34845575 1
1391 0 -93243.74514585 0
1392 1 108120.76573235 1
1393 0 -79574.62014501 0
1394 0 -93904.95265920 0
1395 0 -101425.19127853 0
1396 0 -83744.75203898 0
1397 1 115588.75567056 1
1398 1 112579.13050129 1
1399 0 -109723.03185636 0
1400 0 -85060.30710318 0
1401 0 -90284.56688976 0
1402 1 123717.65477887 1
1403 1 81297.30945613 1
1404 0 -125168.84718160 0
1405 1 114668.37653664 1
1406 1 94282.95750482 1
1407 0 -106405.96125800 0
1408 1 79598.94417364 1
1409 0 -98544.53318438 0
1410 0 -98648.91986728 0
1411 0 -117538.29466946 0
1412 1 92896.33280740 1
1413 0 -71030.08484533 0
1414 1 101787.99488452 1
1415 1 85965.19969250 1
1416 0 -83142.08016841 0
1417 0 -95745.05981454 0
1418 0 -118864.80168923 0
1419 0 -96960.99979677 0
1420 1 72141.33249549 1
1421 1 98245.26247008 1
1422 1 91576.04541869 1
1423 0 -93081.78500424 0
1424 0 -87574.40793699 0
1425 1 116669.04793848 1
1426 0 -102887.07770617 0
1427 0 -92339.84564378 0
1428 1 109828.25457180 1
1429 0 -86253.72254593 0
1430 1 105324.99242518 1
1431 1 103430.19831850 1
1432 0 -101335.22804141 0
1433 0 -82563.10405584 0
1434 0 -101600.06403032 0
1435 1 100632.64567337 1
1436 0 -72620.62004874 0
1437 0 -110806.02402317 0
1438 1 106828.42199368 1
1439 1 120000.08565476 1
1440 1 110478.27867682 1
1441 1 105253.42599635 1
1442 1 120135.76972810 1
1443 1 75594.37424736 1
1444 0 -108889.61632030 0
1445 0 -110105.91586342 0
1446 1 114828.56338441 1
1447 0 -124565.69763871 0
1448 1 113287.51091029 1
1449 1 126510.91591258 1
1450 0 -103019.81163265 0
1451 0 -127877.04159601 0
1452 0 -94678.65180804 0
1453 1 129149.15039924 1
1454 1 82127.91640079 1
1455 0 -128625.25483136 0
1456 0 -130979.32987750 0
1457 0 -110225.11530676 0
1458 1 116282.59724978 1
1459 0 -114501.25934087 0
1460 1 121007.74803224 1
1461 0 -137470.72396857 0
1462 0 -65715.20208821 0
1463 1 117726.84097717 1
1464 1 81661.46324905 1
1465 1 121759.72053090 1
1466 1 99705.71923072 1
1467 1 126192.15027315 1
1468 1 119100.73049455 1
1469 1 110311.58381413 1
1470 0 -123166.57194807 0
1471 1 86568.18517657 1
1472 1 106655.85920490 1
1473 0 -103430.13906081 0
1474 1 75416.21193800 1
1475 1 106739.90228044 1
1476 1 96915.51327816 1
1477 1 116628.19628211 1
1478 1 70503.90259529 1
1479 0 -124445.10751237 0
1480 1 96664.56009015 1
1481 1 112928.71063567 1
1482 0 -67126.73175271 0
1483 1 97984.53966583 1
1484 1 111645.24406173 1
1485 0 -81915.82901452 0
1486 0 -131945.66208753 0
1487 0 -105450.97924480 0
1488 0 -125642.38954799 0
1489 1 124292.80968337 1
1490 1 106485.70715295 1
1491 0 -121394.21163734 0
1492 0 -88075.59013023 0
1493 1 120502.61944369 1
1494 1 54168.68422167 1
1495 0 -122167.93529035 0
1496 0 -110275.04353537 0
1497 0 -108973.48551087 0
1498 1 100534.20207376 1
1499 1 95651.32393041 1
1500 1 131832.33696720 1
1501 1 96584.79555935 1
1502 1 80726.03435344 1
1503 1 109224.46171227 1
1504 0 -112640.15666035 0
1505 1 104951.04347189 1
1506 1 90865.25764470 1
1507 0 -81958.11813352 0
1508 0 -60810.62709101 0
1509 1 84461.37058455 1
1510 0 -116173.99586839 0
1511 0 -101252.86135372 0
1512 0 -108891.94629383 0
1513 1 84320.53296451 1
1514 1 110546.71684139 1
1515 1 97336.43758357 1
1516 0 -101267.49799773 0
1517 1 70364.40925603 1
1518 0 -88338.06592891 0
1519 0 -72455.25415347 0
1520 1 68983.36290464 1
1521 1 114530.67722129 1
1522 1 64235.18170228 1
1523 0 -100728.49603039 0
1524 1 111906.88365000 1
1525 0 -96355.19195748 0
1526 1 116955.01952071 1
1527 0 -42399.30929003 0
1528 1 83364.91636921 1
1529 1 48162.87176729 1
1530 1 122756.63254820 1
1531 1 116770.60150014 1
1532 1 120057.62398780 1
1533 1 101082.94267413 1
1534 1 69145.63165673 1
1535 0 -121619.38259251 0
1536 0 -82867.46032822 0
1537 0 -74031.74767827 0
1538 1 110456.60384353 1
1539 0 -73792.59331089 0
1540 1 105546.16859106 1
1541 1 104026.04449525 1
1542 1 92515.71796813 1
1543 1 92006.84232859 1
1544 0 -118858.03798153 0
1545 0 -124220.31540367 0
1546 0 -80331.59415780 0
1547 0 -81955.34858454 0
1548 0 -56575.07218119 0
1549 0 -73699.79993798 0
1550 0 -56906.77577718 0
1551 1 132304.97126235 1
1552 1 108780.21435310 1
1553 0 -105393.76033563 0
1554 0 -96038.80575058 0
1555 0 -102013.50429230 0
1556 1 102877.41877755 1
1557 0 -56787.96948035 0
1558 1 122569.77682246 1
1559 1 67027.01371959 1
1560 0 -100152.15886290 0
1561 0 -120153.20588795 0
1562 1 76378.05463243 1
1563 1 109597.27144724 1
1564 1 101582.50328004 1
1565 1 118413.73386986 1
1566 0 -70309.74944060 0
1567 0 -84065.01220162 0
1568 1 92412.49556140 1
1569 0 -72970.82721695 0
1570 1 85931.53882420 1
1571 1 110919.22808956 1
1572 0 -105216.38218677 0
1573 1 101773.11537476 1
1574 0 -101950.79006637 0
1575 0 -124886.02686062 0
1576 0 -90769.36831967 0
1577 1 111254.89433671 1
1578 0 -107948.75427718 0
1579 1 86633.39627270 1
1580 1 109752.42904736 1
1581 0 -112157.25221117 0
1582 0 -122425.74679996 0
1583 1 74304.26611304 1
1584 0 -111231.02811210 0
1585 1 100551.78251111 1
1586 0 -79456.94126794 0
1587 1 83582.29809249 1
1588 1 86554.85139596 1
1589 1 88526.61181901 1
1590 1 35917.87503139 1
1591 1 116382.62743246 1
1592 0 -77617.71701891 0
1593 0 -112269.11352601 0
1594 1 103513.22929391 1
1595 0 -63360.22429080 0
1596 1 102262.37296702 1
1597 0 -52920.14071742 0
1598 1 108682.79143846 1
1599 0 -61674.26572632 0
1600 0 -110882.74166329 0
1601 0 -75791.27262015 0
1602 1 109068.87182712 1
1603 0 -101917.07891389 0
1604 0 -74550.74351307 0
1605 1 74905.68132335 1
1606 1 71263.60161716 1
1607 0 -96961.34371118 0
1608 0 -91697.74684017 0
1609 0 -93685.20781576 0
1610 1 92420.65388587 1
1611 1 51831.55915516 1
1612 0 -129621.39635414 0
1613 1 96703.52126894 1
1614 0 -117122.35238170 0
1615 0 -67597.28887765 0
1616 1 111939.06931461 1
1617 1 89790.92955474 1
1618 1 88649.86682097 1
1619 0 -103359.00115893 0
1620 0 -111376.05150660 0
1621 0 -80280.73430436 0
1622 0 -112936.68079927 0
1623 0 -106384.34867038 0
1624 1 120966.94134167 1
1625 0 -47891.80193028 0
1626 1 108468.66479869 1
1627 1 85699.43966860 1
1628 1 125598.22108172 1
1629 0 -95618.80974056 0
1630 1 87916.00570996 1
1631 1 72438.66364320 1
1632 0 -100388.02734794 0
1633 0 -129066.26500710 0
1634 0 -99262.91217064 0
1635 0 -69201.51730894 0
1636 1 105582.33466231 1
1637 0 -103399.31074481 0
1638 1 105202.74289974 1
1639 1 97602.73964826 1
1640 0 -118236.82000619 0
1641 1 52243.15180897 1
1642 0 -88588.28592541 0
1643 0 -122963.29199955 0
1644 1 97240.81713114 1
1645 0 -66163.19831960 0
1646 1 56211.64965283 1
1647 1 121086.62335139 1
1648 0 -89058.18669769 0
1649 1 99478.13309847 1
1650 1 75598.51254049 1
1651 0 -56494.45021510 0
1652 0 -105727.38676409 0
1653 1 75748.34884811 1
1654 0 -107173.45246620 0
1655 0 -49211.38072435 0
1656 0 -97769.16638311 0
1657 0 -95601.56626059 0
1658 0 -107010.94518042 0
1659 0 -104763.53471794 0
1660 1 84391.04204308 1
1661 1 104978.47352794 1
1662 1 79517.14509461 1
1663 1 116579.87944347 1
1664 1 112610.58993505 1
1665 0 -92100.09908963 0
1666 1 106968.02897108 1
1667 0 -81345.30677880 0
1668 0 -129477.98127315 0
1669 1 94696.28066748 1
1670 1 117360.24416520 1
1671 1 83681.17293463 1
1672 1 58860.99060228 1
1673 0 -113272.36873695 0
1674 1 67672.09163111 1
1675 1 105407.65572770 1
1676 1 78295.80308804 1
1677 0 -116698.93661017 0
1678 0 -111647.76029631 0
1679 0 -107541.35870120 0
1680 1 111482.28510941 1
1681 1 65921.74037267 1
1682 0 -109456.22781773 0
1683 1 80274.35012979 1
1684 0 -73900.47033077 0
1685 1 84460.56499843 1
1686 1 104711.02295185 1
1687 1 109914.87394775 1
1688 0 -68588.15890157 0
1689 0 -131679.85743067 0
1690 1 91655.17853371 1
1691 1 91387.98430051 1
1692 1 68060.56946251 1
1693 1 98224.59462722 1
1694 0 -88242.25159817 0
1695 1 56746.07753978 1
1696 0 -116090.38146287 0
1697 0 -70210.75698280 0
1698 0 -99791.03268363 0
1699 0 -90814.85453710 0
1700 0 -99307.91166088 0
1701 0 -73989.73422360 0
1702 1 60179.48327434 1
1703 0 -114214.15036145 0
1704 1 35187.26889738 1
1705 0 -78166.03016515 0
1706 0 -98698.50632976 0
1707 1 84861.76197574 1
1708 1 79261.06449878 1
1709 1 57900.28525437 1
1710 1 113797.11092638 1
1711 1 56606.42464004 1
1712 0 -64128.55977994 0
1713 1 104228.35441142 1
1714 1 101336.37008980 1
1715 1 72406.63249857 1
1716 0 -82976.55900941 0
1717 0 -105720.81097567 0
1718 1 35187.26889738 1
1719 1 92649.09468499 1
1720 0 -105946.95362900 0
1721 1 87885.80376205 1
1722 0 -98872.70286739 0
1723 0 -85009.64980452 0
1724 1 86307.48053075 1
1725 1 88554.81985249 1
1726 1 106945.63127887 1
1727 1 92234.45934746 1
1728 1 94412.45341602 1
1729 1 91385.97610754 1
1730 1 89895.30540515 1
1731 1 126657.05986508 1
1732 1 42119.96537756 1
1733 0 -121713.50752686 0
1734 1 108953.42179907 1
1735 1 109142.47307748 1
1736 1 109274.60439258 1
1737 0 -69914.11587352 0
1738 0 -80886.28460061 0
1739 0 -68216.06008727 0
1740 0 -117178.20003929 0
1741 0 -108476.07690327 0
1742 1 104503.07452214 1
1743 0 -112705.42262099 0
1744 1 60053.93142286 1
1745 0 -116085.26174714 0
1746 0 -68746.02586812 0
1747 0 -99048.22728641 0
1748 0 -100145.64764692 0
1749 1 97935.48063603 1
1750 0 -102029.75349751 0
1751 0 -80189.88436181 0
1752 0 -94800.42288435 0
1753 1 89876.55927771 1
1754 1 119652.55358850 1
1755 1 107710.89401037 1
1756 0 -122578.09829884 0
1757 0 -108429.58744179 0
1758 0 -59256.83223139 0
1759 1 113821.71767906 1
1760 0 -109908.79483740 0
1761 1 123088.55092731 1
1762 1 133297.62933877 1
1763 0 -128946.73070439 0
1764 0 -101770.04473791 0
1765 0 -95641.00134768 0
1766 1 118112.50506229 1
1767 0 -94186.66326466 0
1768 0 -122589.51044542 0
1769 0 -117023.12208037 0
1770 1 102577.81085832 1
1771 0 -122693.49568938 0
1772 1 68812.28002711 1
1773 0 -133816.78580455 0
1774 0 -97204.71506255 0
1775 1 121598.43806099 1
1776 1 74011.58129236 1
1777 1 113628.14876317 1
1778 1 76139.66942007 1
1779 1 91846.64965314 1
1780 0 -84519.76665779 0
1781 0 -99186.28255712 0
1782 1 119549.12145084 1
1783 1 74635.63818586 1
1784 1 90971.03577189 1
1785 1 116238.69229614 1
1786 1 78464.62807923 1
1787 1 127331.71096843 1
1788 0 -92330.92943100 0
1789 0 -117795.79832255 0
1790 1 97652.92964754 1
1791 1 93863.54871003 1
1792 0 -91664.90866841 0
1793 1 49456.62668650 1
1794 1 119244.53172175 1
1795 0 -89841.44108111 0
1796 1 74672.29689838 1
1797 0 -116291.28464677 0
1798 1 83661.45937630 1
1799 1 106310.21296454 1
1800 0 -47711.55178433 0
1801 1 107175.32011278 1
1802 1 98922.11028405 1
1803 0 -69377.26934121 0
1804 0 -113424.62034338 0
1805 1 99459.27284169 1
1806 1 116220.05034282 1
1807 0 -89994.05566165 0
1808 1 134662.20445804 1
1809 0 -101333.96411788 0
1810 1 107476.92498632 1
1811 0 -96446.42711289 0
1812 0 -112725.82305427 0
1813 0 -67796.06536590 0
1814 1 83170.64938141 1
1815 1 104971.93963150 1
1816 1 65104.78215012 1
1817 1 115450.08803413 1
1818 1 85930.46155438 1
1819 1 118872.73759334 1
1820 1 63601.73379504 1
1821 0 -75697.24113429 0
1822 0 -128945.25365342 0
1823 0 -67299.09678193 0
1824 1 110145.62073193 1
1825 0 -95560.86621001 0
1826 0 -105895.68284172 0
1827 0 -105384.96838138 0
1828 1 95518.68754588 1
1829 1 123475.50397931 1
1830 1 110177.40727959 1
1831 0 -102779.17281266 0
1832 0 -113562.05705919 0
1833 1 70485.32781068 1
1834 0 -113579.06792563 0
1835 1 82051.23791286 1
1836 1 110582.87843591 1
1837 1 114875.82817476 1
1838 0 -86417.62861316 0
1839 0 -112712.79649691 0
1840 1 96875.61668874 1
1841 1 110093.61078689 1
1842 1 99111.09432491 1
1843 0 -99064.89253809 0
1844 1 107172.82689184 1
1845 0 -93241.34731411 0
1846 1 105595.40312296 1
1847 0 -105803.85172165 0
1848 1 109736.21974987 1
1849 1 87814.52722124 1
1850 1 124357.83464140 1
1851 0 -96044.04368303 0
1852 0 -112229.76935909 0
1853 0 -76287.90499403 0
1854 0 -113474.92596477 0
1855 0 -106056.21448149 0
1856 0 -66643.72336382 0
1857 0 -123405.19593624 0
1858 0 -106162.88443433 0
1859 0 -118274.83361780 0
1860 0 -74355.54758387 0
1861 0 -107377.33750697 0
1862 0 -122320.32996196 0
1863 0 -80107.36061063 0
1864 1 123617.91803701 1
1865 0 -108692.94605447 0
1866 0 -117472.16649185 0
1867 0 -102061.76462380 0
1868 1 104878.38335076 1
1869 1 111348.92196075 1
1870 1 90867.33570486 1
1871 1 120874.24609496 1
1872 0 -92721.85259888 0
1873 1 98502.81813981 1
1874 1 112405.22460131 1
1875 1 106230.41770090 1
1876 0 -95534.11500855 0
1877 1 91044.56655517 1
1878 0 -127164.45852515 0
1879 0 -105426.39930788 0
1880 0 -88093.76532661 0
1881 1 104746.33189011 1
1882 0 -102922.06236261 0
1883 0 -89689.69895818 0
1884 1 78279.04989594 1
1885 1 110705.40609742 1
1886 1 92705.02947935 1
1887 0 -104242.74099900 0
1888 1 110492.23746736 1
1889 1 93616.43752927 1
1890 0 -114574.54393798 0
1891 0 -92571.87967854 0
1892 0 -102026.61560597 0
1893 0 -80783.74207021 0
1894 1 121230.42309514 1
1895 1 106445.39353801 1
1896 0 -103982.89812244 0
1897 0 -115078.19826783 0
1898 1 94070.50298590 1
1899 0 -125127.97319467 0
1900 0 -102564.67836658 0
1901 1 125240.27685553 1
1902 1 61102.38935578 1
1903 0 -90463.64116552 0
1904 1 90903.25495940 1
1905 1 88867.67418798 1
1906 0 -109132.20522127 0
1907 1 100603.04545017 1
1908 0 -126584.87650078 0
1909 0 -99741.10906108 0
1910 0 -98017.23987175 0
1911 0 -115219.93563230 0
1912 0 -71239.04271124 0
1913 1 114696.95971528 1
1914 1 51862.92317291 1
1915 0 -142053.75468392 0
1916 1 91804.83759246 1
1917 1 119721.03826554 1
1918 1 96533.94933813 1
1919 0 -97021.59746023 0
1920 0 -111950.60200881 0
1921 1 95423.43246783 1
1922 0 -79731.71461270 0
1923 1 104654.73637901 1
1924 1 91571.71099869 1
1925 0 -104959.79960951 0
1926 0 -89832.83189787 0
1927 0 -115050.07756079 0
1928 0 -99204.79520974 0
1929 1 122668.57949026 1
1930 0 -103075.88453592 0
1931 1 105830.88030373 1
1932 0 -93664.74341812 0
1933 1 86304.40916874 1
1934 1 67202.93261166 1
1935 1 92409.75055470 1
1936 0 -122007.12461434 0
1937 0 -104071.60797214 0
1938 0 -94234.68665231 0
1939 1 124300.18143072 1
1940 0 -89839.85465426 0
1941 1 106113.71327632 1
1942 0 -46940.10688865 0
1943 1 122722.45654196 1
1944 1 93297.17403305 1
1945 0 -99085.83993523 0
1946 0 -116276.69261832 0
1947 1 91434.29212337 1
1948 0 -62123.44799074 0
1949 0 -87720.30442880 0
1950 1 122076.23559726 1
1951 0 -82941.40743168 0
1952 0 -97540.68134884 0
1953 1 107096.59231660 1
1954 0 -50716.97288083 0
1955 0 -98411.31493205 0
1956 0 -81401.62088977 0
1957 0 -121235.69300080 0
1958 0 -71669.75833440 0
1959 1 60094.63732800 1
1960 1 95132.32197355 1
1961 1 80583.19906838 1
1962 1 63735.52295379 1
1963 1 90378.71321856 1
1964 0 -109705.09739644 0
1965 0 -98228.52101363 0
1966 0 -99495.31167505 0
1967 0 -75585.56646609 0
1968 1 51451.43067079 1
1969 0 -79660.10513146 0
1970 0 -88902.16052111 0
1971 1 126452.98921657 1
1972 0 -94080.46193086 0
1973 0 -81833.97746706 0
1974 0 -85222.45110217 0
1975 0 -71712.23928517 0
1976 0 -97579.64329820 0
1977 1 38520.89847782 1
1978 1 96103.41357115 1
1979 0 -48656.11840457 0
1980 0 -73977.31920667 0
1981 1 93018.15758012 1
1982 0 -55916.95070002 0
1983 1 94189.11317429 1
1984 1 75861.46957223 1
1985 0 -112692.58251839 0
1986 1 98004.11999151 1
1987 0 -49442.43078392 0
1988 0 -59419.90761002 0
1989 1 42591.25469389 1
1990 1 122311.42748956 1
1991 1 88691.38427348 1
1992 0 -122933.19521604 0
1993 1 82786.73918053 1
1994 0 -77365.44123503 0
1995 0 -121345.11302635 0
1996 0 -68200.28905395 0
1997 0 -68486.10986771 0
1998 0 -89163.77179914 0
1999 0 -75550.96865890 0
2000 0 -82682.09567215 0
2001 0 -100336.61544643 0
2002 1 81149.42365096 1
2003 0 -71061.31158989 0
2004 1 110455.47136137 1
2005 1 99886.25827637 1
2006 0 -74902.43082212 0
2007 1 64162.63578773 1
2008 1 60582.08462987 1
2009 1 65194.57966640 1
2010 0 -52141.07475352 0
2011 1 124940.33324008 1
2012 1 91963.74286738 1
2013 0 -108092.53695160 0
2014 0 -86457.08158918 0
2015 0 -107601.15704267 0
2016 0 -93399.45685329 0
2017 0 -50071.25330468 0
2018 1 121690.72643507 1
2019 1 62070.77918638 1
2020 0 -119170.36757922 0
2021 1 112243.16017071 1
2022 0 -81188.31077498 0
2023 0 -101643.88933906 0
2024 1 83778.00734170 1
2025 1 126936.74655335 1
2026 0 -52204.67415875 0
2027 1 103375.75034700 1
2028 1 75709.46455920 1
2029 1 80895.47597348 1
2030 1 59622.16262398 1
2031 1 89365.40557757 1
2032 0 -119214.25897023 0
2033 1 82615.36285433 1
2034 1 124513.79591885 1
2035 1 101100.23693332 1
2036 1 108251.99874584 1
2037 0 -82347.44521159 0
2038 0 -101146.02254205 0
2039 1 98281.19103332 1
2040 0 -94162.14166587 0
2041 0 -130212.44275956 0
2042 1 101515.89008699 1
2043 1 102431.18873046 1
2044 1 105266.57487513 1
2045 1 97859.54108621 1
2046 1 77031.88237489 1
2047 0 -83753.80634906 0
2048 0 -98719.57088558 0
2049 1 75311.41797082 1
2050 1 58645.63629179 1
2051 1 59468.30704630 1
2052 0 -94924.97025957 0
2053 0 -123446.74428616 0
2054 0 -93674.47629217 0
2055 1 78063.26406163 1
2056 0 -94918.46714969 0
2057 1 87227.73016383 1
2058 1 91359.26808635 1
2059 0 -58112.14913859 0
2060 0 -118683.32727055 0
2061 1 53936.34094198 1
2062 0 -112221.09048692 0
2063 1 89021.28805510 1
2064 0 -105228.80807201 0
2065 1 52691.29526010 1
2066 1 58637.02330712 1
2067 0 -92811.26425298 0
2068 0 -70103.67229311 0
2069 0 -88123.88979626 0
2070 1 73831.99309371 1
2071 1 59432.63012787 1
2072 1 100784.71013800 1
2073 1 76938.88612963 1
2074 1 114695.07561388 1
2075 1 48819.57482616 1
2076 0 -111030.75202161 0
2077 1 77710.57619360 1
2078 0 -93119.22415873 0
2079 1 73703.11542612 1
2080 1 97113.11841453 1
2081 1 77618.73528705 1
2082 0 -91024.97296508 0
2083 1 116454.25415147 1
2084 1 108760.20523374 1
2085 0 -54256.07904396 0
2086 0 -80542.43806242 0
2087 1 70332.14459618 1
2088 0 -126528.99177107 0
2089 0 -95641.03390562 0
2090 1 97348.66239276 1
2091 1 61106.74220721 1
2092 0 -113447.03568208 0
2093 1 123997.45021636 1
2094 0 -95013.43836958 0
2095 1 88395.39141574 1
2096 0 -94868.05471920 0
2097 0 -125508.62693683 0
2098 1 103053.20704874 1
2099 1 111992.99770060 1
2100 1 104668.40042732 1
2101 1 55814.16394418 1
2102 1 119714.58541053 1
2103 0 -95886.78155805 0
2104 1 128874.00919440 1
2105 0 -63061.80030436 0
2106 1 83518.09124205 1
2107 1 112250.19039691 1
2108 1 89035.82674214 1
2109 1 124069.86381602 1
2110 0 -85481.89827461 0
2111 1 81551.88726675 1
2112 0 -113641.23301225 0
2113 1 108147.91045936 1
2114 1 99504.89898201 1
2115 0 -63372.82105248 0
2116 1 121789.39659140 1
2117 1 99883.48606778 1
2118 1 125906.04433431 1
2119 1 99403.55926608 1
2120 0 -106869.49258096 0
2121 0 -85736.40005853 0
2122 0 -68919.21162040 0
2123 0 -124513.00409188 0
2124 0 -102361.53016786 0
2125 1 96438.05602292 1
2126 1 98562.36326070 1
2127 1 96568.68123185 1
2128 0 -100844.14587502 0
2129 1 79168.74416304 1
2130 0 -124036.32419330 0
2131 0 -74826.86302489 0
2132 0 -76366.21019835 0
2133 1 96866.07041568 1
2134 1 84086.66619386 1
2135 1 80047.20966848 1
2136 1 79870.16118288 1
2137 0 -123099.74799915 0
2138 1 111348.20566989 1
2139 0 -121104.82586685 0
2140 0 -93877.07643546 0
2141 1 81932.28526024 1
2142 0 -95316.60574742 0
2143 1 81041.13334094 1
2144 0 -75793.44447573 0
2145 0 -73614.42035905 0
2146 0 -125331.13451336 0
2147 0 -105815.02360558 0
2148 0 -89625.25033264 0
2149 1 106740.48803213 1
2150 0 -88513.53082031 0
2151 1 91939.77901469 1
2152 1 54871.29719252 1
2153 1 126627.63789781 1
2154 1 95676.13481666 1
2155 0 -74032.44977382 0
2156 1 113590.96757903 1
2157 1 76483.64131368 1
2158 0 -119666.48150980 0
2159 1 94879.96235063 1
2160 1 127831.68910179 1
2161 0 -84117.61170208 0
2162 0 -82542.33770488 0
2163 0 -103508.96276182 0
2164 0 -48926.94870041 0
2165 0 -91926.82697205 0
2166 1 95302.79990789 1
2167 0 -99510.21200948 0
2168 0 -90927.93030502 0
2169 0 -74921.91604760 0
2170 0 -107082.10899256 0
2171 1 74046.96721112 1
2172 1 74638.31347533 1
2173 1 104476.58127649 1
2174 1 109273.18341393 1
2175 1 88391.80968445 1
2176 0 -107244.20595275 0
2177 1 100379.93400157 1
2178 0 -53630.41953418 0
2179 1 105908.81068294 1
2180 1 111260.41201747 1
2181 1 114919.11732743 1
2182 1 106934.87513919 1
2183 1 115069.69843330 1
2184 0 -63342.40256521 0
2185 1 101776.78256455 1
2186 1 122138.37956896 1
2187 0 -84709.36667795 0
2188 0 -101367.34559141 0
2189 0 -102593.18621635 0
2190 0 -85647.79396917 0
2191 1 114793.50557090 1
2192 1 61756.05716141 1
2193 1 127920.03548179 1
2194 1 93334.55333355 1
2195 1 121708.67086016 1
2196 1 116968.30228698 1
2197 1 82725.24440746 1
2198 1 71574.32174331 1
2199 0 -86396.19206790 0
2200 1 124445.69225814 1
2201 1 101492.93019990 1
2202 1 129578.61899662 1
2203 1 113437.65229645 1
2204 1 86395.08059244 1
2205 1 112953.75822935 1
2206 1 83450.86089279 1
2207 1 112303.25972751 1
2208 0 -99595.48915859 0
2209 1 112275.72440414 1
2210 1 97083.37157279 1
2211 1 95614.83092559 1
2212 0 -88213.60777348 0
2213 0 -97924.93729375 0
2214 0 -120555.11121577 0
2215 1 109950.29326528 1
2216 1 124530.69334520 1
2217 0 -95385.63503159 0
2218 1 54573.83296944 1
2219 0 -88091.23859133 0
2220 0 -105300.99293398 0
2221 0 -106369.74933714 0
2222 0 -128257.56791443 0
2223 0 -120077.14690259 0
2224 1 83206.26102665 1
2225 0 -89883.87974903 0
2226 1 82518.23178530 1
2227 1 90574.29531179 1
2228 0 -105631.09066061 0
2229 1 108767.57864573 1
2230 1 101304.24423685 1
2231 0 -100543.24994230 0
2232 1 72658.71482237 1
2233 0 -57912.38687156 0
2234 0 -87290.80885747 0
2235 0 -107736.33956898 0
2236 0 -59493.81721221 0
2237 0 -115338.61290067 0
2238 0 -66871.51258472 0
2239 1 89936.10307002 1
2240 1 65967.25149526 1
2241 1 85161.44847700 1
2242 0 -112649.13551914 0
2243 1 63148.36271549 1
2244 1 93940.26473296 1
2245 0 -84468.76124299 0
2246 1 73500.48762157 1
2247 1 98597.03403419 1
2248 1 77546.08929336 1
2249 1 96819.76919460 1
2250 0 -77805.54725233 0
2251 1 100831.55539144 1
2252 0 -76151.68873797 0
2253 0 -42361.11811259 0
2254 0 -93028.38073436 0
2255 0 -66503.46464006 0
2256 1 55721.51454882 1
2257 0 -88684.42342401 0
2258 0 -88223.87312864 0
2259 0 -91380.58115745 0
2260 1 44186.03010969 1
2261 1 85697.31584634 1
2262 1 83391.70970093 1
2263 0 -56484.49845363 0
2264 0 -106169.04902598 0
2265 1 97709.73656940 1
2266 0 -99880.45988134 0
2267 0 -94509.63349737 0
2268 0 -122683.82063924 0
2269 1 83097.19507080 1
2270 1 103395.97258028 1
2271 1 85030.57860222 1
2272 0 -117596.88542410 0
2273 0 -59198.36665306 0
2274 0 -92553.40767548 0
2275 1 97560.28055298 1
2276 1 41115.57973517 1
2277 0 -122119.86318367 0
2278 1 78262.49985706 1
2279 0 -138578.46767534 0
2280 0 -62630.81447116 0
2281 0 -87990.77097896 0
2282 0 -107506.41387738 0
2283 1 45468.11587587 1
2284 0 -114193.12194199 0
2285 0 -86067.92919194 0
2286 0 -125183.87690133 0
2287 0 -99259.82568241 0
2288 1 94669.57060379 1
2289 1 102011.00418687 1
2290 1 78557.53638392 1
2291 1 95824.20878415 1
2292 1 96388.96148993 1
2293 0 -87499.79338878 0
2294 0 -111473.68137776 0
2295 1 85538.12179804 1
2296 1 83017.52576351 1
2297 0 -81808.89191077 0
2298 1 102500.95011922 1
2299 0 -105465.97626974 0
2300 1 113457.54595917 1
2301 1 89394.89867326 1
2302 1 112553.80944918 1
2303 1 91982.54371382 1
2304 0 -87751.68280579 0
2305 1 102008.44283471 1
2306 0 -122274.80670185 0
2307 1 125205.67192942 1
2308 1 100310.03053957 1
2309 1 107241.56029219 1
2310 1 125992.58632261 1
2311 0 -83596.13653846 0
2312 0 -119163.25759366 0
2313 1 91210.57214387 1
2314 0 -131527.55189047 0
2315 1 101254.11763354 1
2316 1 82527.29168902 1
2317 0 -109793.13243785 0
2318 1 96438.02694119 1
2319 1 115067.41722096 1
2320 1 88944.06491213 1
2321 1 124048.17293392 1
2322 1 114289.04228167 1
2323 0 -78009.29400556 0
2324 0 -111123.41098477 0
2325 1 94899.06957350 1
2326 1 117047.99839506 1
2327 0 -101030.31535313 0
2328 1 114341.85637936 1
2329 1 104097.52075162 1
2330 1 101103.01473054 1
2331 1 106048.34819512 1
2332 1 85475.87175867 1
2333 0 -91631.17600657 0
2334 1 111256.02002313 1
2335 0 -114682.21461693 0
2336 0 -82155.16309179 0
2337 0 -103057.31043425 0
2338 0 -98189.26066797 0
2339 1 84957.51325844 1
2340 1 94658.23718176 1
2341 0 -97933.35808067 0
2342 1 117544.34311264 1
2343 1 80915.79872601 1
2344 1 88779.88214879 1
2345 0 -98543.19105361 0
2346 1 81926.06963838 1
2347 1 114539.90275221 1
2348 0 -99571.16373340 0
2349 1 107597.97100679 1
2350 0 -98822.60182493 0
2351 1 90962.02210899 1
2352 0 -85964.22719586 0
2353 1 64021.47386840 1
2354 0 -118307.41752688 0
2355 0 -91872.98882718 0
2356 0 -100897.05291418 0
2357 0 -108463.92612879 0
2358 0 -89448.59087427 0
2359 0 -108177.10318399 0
2360 1 91202.40251214 1
2361 0 -112574.18784263 0
2362 0 -49170.91925414 0
2363 1 100834.38484017 1
2364 0 -92798.14049041 0
2365 1 103185.07548118 1
2366 1 106548.29670484 1
2367 0 -95887.65357033 0
2368 0 -116931.57940620 0
2369 0 -110547.84670389 0
2370 0 -117951.94447564 0
2371 0 -125709.54010128 0
2372 0 -89271.33748627 0
2373 1 111818.60325211 1
2374 0 -43406.65076453 0
2375 0 -130653.81365200 0
2376 0 -103989.30865789 0
2377 0 -125265.62111643 0
2378 0 -98925.37103108 0
2379 1 108752.25755959 1
2380 0 -107119.47665917 0
2381 1 82224.49302900 1
2382 0 -67719.50883466 0
2383 0 -106164.89686055 0
2384 1 99527.59563552 1
2385 1 103189.20095560 1
2386 0 -109540.41012685 0
2387 1 107740.72369612 1
2388 0 -91939.41051003 0
2389 0 -111452.22507987 0
2390 1 111296.11439214 1
2391 0 -113906.27336655 0
2392 0 -97484.27448873 0
2393 0 -97757.24267873 0
2394 0 -68382.09079841 0
2395 1 84778.57826615 1
2396 1 112215.18080329 1
2397 0 -107229.89429785 0
2398 1 101998.85125063 1
2399 0 -108458.55987844 0
2400 1 101333.01654606 1
2401 1 108254.86071027 1
2402 0 -43375.31031350 0
2403 1 113963.76437543 1
2404 1 108402.75761580 1
2405 0 -123768.19780589 0
2406 1 105751.00096527 1
2407 1 116884.17284639 1
2408 1 66865.61824315 1
2409 1 91264.03582951 1
2410 0 -123420.23602133 0
2411 1 105975.33880411 1
2412 1 123409.77413616 1
2413 0 -98864.39616167 0
2414 0 -70996.43707236 0
2415 1 106318.80073996 1
2416 0 -91499.57923062 0
2417 0 -82415.50824381 0
2418 0 -97223.87361126 0
2419 0 -83810.39317234 0
2420 1 84687.37779271 1
2421 0 -109324.35587930 0
2422 1 63265.12365694 1
2423 1 83664.70570989 1
2424 0 -108345.87388698 0
2425 1 102549.75268009 1
2426 0 -119189.96473000 0
2427 0 -53995.99281873 0
2428 1 63764.71276496 1
2429 0 -59819.09418629 0
2430 0 -80700.07341787 0
2431 1 100722.57173120 1
2432 1 104268.59328964 1
2433 1 103779.54325782 1
2434 0 -82029.49960619 0
2435 0 -96974.58996089 0
2436 0 -91168.53339924 0
2437 1 39673.26220294 1
2438 1 99756.86435589 1
2439 1 48861.87472160 1
2440 0 -98457.80950631 0
2441 0 -96395.99803961 0
2442 0 -76521.30298062 0
2443 1 83560.45148539 1
2444 1 82411.68775397 1
2445 1 105746.85047950 1
2446 1 103693.91767143 1
2447 0 -62797.15108693 0
2448 1 43311.15302260 1
2449 0 -46681.47152676 0
2450 0 -49349.89107504 0
2451 1 77349.07934860 1
2452 0 -117884.26989081 0
2453 1 74058.38041968 1
2454 0 -81219.67752816 0
2455 0 -85107.61421265 0
2456 1 68490.17686394 1
2457 0 -44948.51123269 0
2458 1 58413.59081311 1
2459 1 55488.02248264 1
2460 0 -70553.24470701 0
2461 1 105691.63461080 1
2462 1 53969.73085067 1
2463 0 -66005.58343174 0
2464 1 86458.05470178 1
2465 1 77174.52692222 1
2466 1 55488.02248264 1
2467 0 -61932.23661237 0
2468 0 -69685.57003062 0
2469 0 -42397.69978691 0
2470 0 -43788.16227612 0
2471 0 -103189.78117568 0
2472 0 -67988.12246217 0
2473 0 -87440.30911998 0
2474 0 -66458.63336355 0
2475 1 116010.41018480 1
2476 0 -74524.64477216 0
2477 1 50990.74204088 1
2478 1 101968.60872711 1
2479 0 -33484.60527271 0
2480 1 94168.29245566 1
2481 1 106053.70351909 1
2482 0 -92553.77433716 0
2483 0 -73542.45887941 0
2484 1 94130.79236275 1
2485 0 -96717.16401170 0
2486 1 34980.18128586 1
2487 1 83862.72999186 1
2488 0 -82453.36908241 0
2489 1 77894.64801862 1
2490 0 -35118.77215179 0
2491 1 89057.51571196 1
2492 0 -76824.32177003 0
2493 0 -52771.90696509 0
2494 0 -98485.97984483 0
2495 0 -100240.05309752 0
2496 1 90553.17342122 1
2497 1 49107.70577634 1
2498 1 103249.85555494 1
2499 0 -57169.05352053 0
2500 1 59163.62144716 1
2501 0 -98254.89699074 0
2502 1 95083.31119515 1
2503 1 98346.06783167 1
2504 1 77340.68938277 1
2505 0 -100926.63791566 0
2506 0 -46831.00910921 0
2507 1 48348.29285571 1
2508 0 -71540.56497385 0
2509 1 72869.46621158 1
2510 0 -63421.18328145 0
2511 0 -37076.83318345 0
2512 0 -87385.71654403 0
2513 1 89102.26674969 1
2514 0 -70258.28152431 0
2515 0 -61229.22163546 0
2516 1 109605.73720695 1
2517 0 -89211.94269103 0
2518 1 90114.02646959 1
2519 1 78102.99709284 1
2520 1 94518.58544405 1
2521 1 40994.43074877 1
2522 1 101558.68673626 1
2523 1 109303.70173132 1
2524 0 -114125.04982759 0
2525 0 -54467.37582318 0
2526 1 82433.30069287 1
2527 0 -80957.94851116 0
2528 1 61952.25504668 1
2529 1 90178.70744313 1
2530 0 -82741.69879960 0
2531 1 74768.38158453 1
2532 1 100926.00606060 1
2533 1 87201.64944914 1
2534 0 -106313.06440140 0
2535 1 32433.91778439 1
2536 1 113153.75747530 1
2537 0 -84427.48463336 0
2538 1 111993.65668838 1
2539 0 -67441.27271498 0
2540 1 99531.03647046 1
2541 1 59276.11848175 1
2542 0 -81637.48522259 0
2543 0 -112200.06265915 0
2544 1 112127.46786345 1
2545 1 73877.35055719 1
2546 1 68702.43881051 1
2547 0 -81758.07607249 0
2548 1 101129.48526280 1
2549 1 77126.26459994 1
2550 0 -88118.00493375 0
2551 1 59212.03076593 1
2552 1 119544.63580820 1
2553 0 -103828.11799730 0
2554 0 -72504.27604213 0
2555 0 -56479.10464400 0
2556 1 76866.86864577 1
2557 0 -113126.98844165 0
2558 1 94217.80584970 1
2559 1 118483.82148283 1
2560 1 86661.73159931 1
2561 1 40328.80340214 1
2562 1 96539.32249797 1
2563 0 -77454.65385296 0
2564 0 -110354.53093720 0
2565 0 -52705.51743580 0
2566 1 98253.38497662 1
2567 0 -96152.52167791 0
2568 0 -92003.43353155 0
2569 1 108234.29543380 1
2570 1 65438.18651468 1
2571 1 69861.40871107 1
2572 0 -99816.89652944 0
2573 0 -125665.80047302 0
2574 0 -94693.64920550 0
2575 0 -78213.75366938 0
2576 0 -114345.42129638 0
2577 0 -79391.30298458 0
2578 0 -131175.83759614 0
2579 0 -96936.77335676 0
2580 0 -128701.50172386 0
2581 0 -74560.85538092 0
2582 0 -86312.55291192 0
2583 0 -106481.74350360 0
2584 1 97375.81955702 1
2585 1 92153.85091106 1
2586 0 -108298.74797260 0
2587 1 125614.21981515 1
2588 1 97356.32433163 1
2589 0 -99300.40540631 0
2590 1 111156.54167226 1
2591 0 -66413.23237007 0
2592 1 74121.56402769 1
2593 0 -110895.00980270 0
2594 1 114483.38409843 1
2595 1 91153.53364868 1
2596 1 96065.29888435 1
2597 0 -110794.58510158 0
2598 1 96394.79535218 1
2599 0 -124625.51638376 0
2600 1 117367.34898277 1
2601 0 -107463.21056965 0
2602 0 -81908.33951961 0
2603 0 -91330.26668565 0
2604 0 -64204.59681194 0
2605 0 -61265.75972821 0
2606 1 119475.49553641 1
2607 0 -108616.90020485 0
2608 1 119092.45718856 1
2609 1 92032.99418328 1
2610 0 -96382.78898526 0
2611 1 83497.83848171 1
2612 1 37908.89979698 1
2613 1 111719.56490617 1
2614 1 92595.91124544 1
2615 0 -102664.46042922 0
2616 1 94097.99754594 1
2617 1 83720.29850060 1
2618 1 107502.85096459 1
2619 1 70750.69363206 1
2620 0 -118636.40765971 0
2621 1 84951.38158554 1
2622 0 -119046.60817035 0
2623 0 -84597.52422126 0
2624 0 -47803.88037990 0
2625 0 -83388.87204725 0
2626 1 75691.54764929 1
2627 1 96641.80339453 1
2628 1 88778.59426922 1
2629 1 106982.24842270 1
2630 0 -90228.92406579 0
2631 1 67174.35789567 1
2632 0 -61752.95467498 0
2633 1 80981.08040127 1
2634 1 109029.66268095 1
2635 0 -84680.29876982 0
2636 0 -126356.20383668 0
2637 1 76955.85169648 1
2638 0 -40985.04869311 0
2639 1 88797.11488479 1
2640 0 -84649.25272061 0
2641 0 -113205.56626964 0
2642 1 96266.46510643 1
2643 1 132397.21512432 1
2644 0 -51061.54856498 0
2645 1 91911.17926441 1
2646 0 -89582.82084209 0
2647 0 -67169.03569352 0
2648 1 107520.88440288 1
2649 0 -91401.07605585 0
2650 0 -106859.70163374 0
2651 1 100386.67667937 1
2652 0 -71061.78262351 0
2653 1 118243.09095257 1
2654 1 79837.41625248 1
2655 0 -124157.65120303 0
2656 1 112223.31240416 1
2657 1 105134.02179250 1
2658 0 -54139.45617129 0
2659 0 -77401.63434415 0
2660 0 -117333.91809068 0
2661 0 -83590.58981331 0
2662 0 -120003.60148035 0
2663 1 111503.35684378 1
2664 0 -102429.77988399 0
2665 0 -96554.37417801 0
2666 1 82935.36805924 1
2667 1 94402.13108906 1
2668 0 -78169.08586127 0
2669 0 -106155.21918125 0
2670 1 100543.14794197 1
2671 0 -126156.89796407 0
2672 0 -82495.28106393 0
2673 0 -102876.88115341 0
2674 0 -112108.28960769 0
2675 0 -80923.58481631 0
2676 0 -136285.41706309 0
2677 1 109505.88974243 1
2678 0 -91550.12956271 0
2679 0 -99575.10192411 0
2680 0 -60516.35176639 0
2681 0 -106853.91117212 0
2682 0 -99634.68303111 0
2683 0 -134905.34363775 0
2684 0 -86997.23350057 0
2685 1 127126.28107035 1
2686 1 78551.31974910 1
2687 1 100249.46081997 1
2688 0 -105305.64968009 0
2689 0 -75396.42863430 0
2690 0 -104713.55929372 0
2691 1 109761.51700406 1
2692 0 -95409.08736816 0
2693 1 46119.20428183 1
2694 1 90580.17055671 1
2695 0 -111867.79364073 0
2696 1 40019.04426261 1
2697 0 -113789.23169548 0
2698 0 -87811.87801783 0
2699 0 -112586.67642899 0
2700 0 -46748.82190245 0
2701 0 -92769.20199030 0
2702 0 -111426.36334544 0
2703 1 38404.63157860 1
2704 0 -109170.34135279 0
2705 0 -100976.58635165 0
2706 0 -111386.69544105 0
2707 1 92573.91771154 1
2708 0 -89464.77640158 0
2709 1 114240.88145748 1
2710 1 64661.08657729 1
2711 0 -119304.04797728 0
2712 0 -92378.81127505 0
2713 0 -85350.94006467 0
2714 0 -105913.01515499 0
2715 0 -75265.12788483 0
2716 1 77562.28453783 1
2717 0 -76357.84219786 0
2718 1 104564.99173669 1
2719 0 -108026.20463652 0
2720 0 -83369.59105310 0
2721 0 -85695.38386264 0
2722 0 -83943.47966822 0
2723 0 -74721.82542982 0
2724 1 83823.64283890 1
2725 0 -102613.14546932 0
2726 0 -97201.75365668 0
2727 1 120703.87997355 1
2728 0 -115702.51589206 0
2729 0 -91770.06317413 0
2730 1 109234.61160729 1
2731 1 54978.68647046 1
2732 0 -114690.52514333 0
2733 1 57471.57596049 1
2734 1 106641.74068413 1
2735 1 81816.85567866 1
2736 1 27620.52913176 1
2737 0 -126594.72781104 0
2738 0 -44929.09566815 0
2739 1 135473.79954287 1
2740 0 -57763.35748735 0
2741 1 98338.37482964 1
2742 0 -88734.06520337 0
2743 1 27620.52913176 1
2744 1 105372.17604617 1
2745 0 -49963.13064628 0
2746 1 112260.50525951 1
2747 0 -97324.77529313 0
2748 1 114180.88788856 1
2749 1 85866.42916434 1
2750 0 -66332.24190114 0
2751 1 87944.14227926 1
2752 0 -60134.78652012 0
2753 0 -70614.87583396 0
2754 1 101996.99692468 1
2755 0 -107284.84035010 0
2756 1 69010.09879180 1
2757 0 -80964.75086298 0
2758 0 -88618.60777475 0
2759 1 63058.33817565 1
2760 0 -93840.58475443 0
2761 1 77770.16468471 1
2762 1 132061.16512069 1
2763 1 60194.02657010 1
2764 1 78085.15677691 1
2765 1 93690.34786702 1
2766 1 73542.88816679 1
2767 1 106055.34845672 1
2768 0 -86250.60924260 0
2769 1 113367.52522754 1
2770 0 -96495.96147757 0
2771 1 71153.57681123 1
2772 0 -97179.59482149 0
2773 1 45202.22459950 1
2774 1 117125.21106797 1
2775 1 104523.58640807 1
2776 1 93820.55855821 1
2777 1 89778.05219415 1
2778 1 79012.11304195 1
2779 0 -94380.23551873 0
2780 1 43011.75875939 1
2781 0 -107189.37529017 0
2782 1 102190.59908750 1
2783 1 97237.83586918 1
2784 0 -84299.73419478 0
2785 0 -80558.20682577 0
2786 0 -107465.33549505 0
2787 0 -66280.44898257 0
2788 1 114670.06064709 1
2789 0 -102948.01667957 0
2790 0 -118881.64232699 0
2791 1 86942.43923511 1
2792 0 -80962.59068938 0
2793 1 81290.92001372 1
2794 0 -80766.49385405 0
2795 1 115532.45785427 1
2796 1 89416.05116958 1
2797 1 110325.90063219 1
2798 1 90442.50956539 1
2799 0 -85501.21175599 0
2800 0 -89552.83427403 0
2801 1 74450.33057423 1
2802 0 -141037.92730978 0
2803 0 -94444.61700008 0
2804 1 108276.44838588 1
2805 0 -97585.91842159 0
2806 0 -99453.15169502 0
2807 0 -120395.62184814 0
2808 0 -84917.33264107 0
2809 1 129274.12796824 1
2810 0 -113106.24004796 0
2811 0 -114551.02696185 0
2812 0 -86465.20916016 0
2813 0 -79473.15661709 0
2814 0 -123763.01982204 0
2815 0 -79622.47635854 0
2816 0 -125734.92942462 0
2817 1 121450.31223532 1
2818 0 -114248.80922977 0
2819 0 -106831.05661268 0
2820 1 92997.11836862 1
2821 0 -128644.27190415 0
2822 0 -33099.76728219 0
2823 1 119772.37197577 1
2824 0 -101032.84739771 0
2825 1 128300.93969766 1
2826 0 -96447.84177438 0
2827 0 -97288.39481040 0
2828 0 -117930.45608058 0
2829 1 74786.71703004 1
2830 0 -117491.35929437 0
2831 1 139093.92692893 1
2832 0 -104512.87783716 0
2833 1 104271.80233185 1
2834 1 55666.42982911 1
2835 1 116594.67010822 1
2836 0 -68797.59474590 0
2837 1 133322.49632573 1
2838 0 -103955.45778260 0
2839 1 117254.20854315 1
2840 1 99344.36145408 1
2841 1 93459.46946235 1
2842 1 73628.27855865 1
2843 0 -71754.17638000 0
2844 0 -113199.65704326 0
2845 0 -113111.32225650 0
2846 1 121625.77800746 1
2847 1 104621.95300373 1
2848 1 102111.80242622 1
2849 1 122832.86530193 1
2850 0 -83417.25284824 0
2851 0 -124053.18254222 0
2852 1 109496.00983811 1
2853 0 -110923.01274768 0
2854 0 -57381.58539912 0
2855 1 89981.12809928 1
2856 0 -121632.91836363 0
2857 1 74587.75344780 1
2858 0 -110264.09144786 0
2859 0 -129194.57928813 0
2860 1 120493.83757331 1
2861 0 -100147.99149147 0
2862 1 47296.17778532 1
2863 1 110251.34710142 1
2864 0 -67527.19147992 0
2865 1 115983.24424079 1
2866 1 116874.66714902 1
2867 0 -121581.40546015 0
2868 1 52656.89746052 1
2869 0 -83193.84635612 0
2870 1 116467.82810255 1
2871 1 53043.71069665 1
2872 0 -116811.10870903 0
2873 1 109525.51790649 1
2874 1 74493.40553384 1
2875 1 78963.52652229 1
2876 1 64532.73719539 1
2877 1 63575.83678347 1
2878 0 -45993.38213259 0
2879 1 74086.95116393 1
2880 0 -94095.77886626 0
2881 0 -104641.36293473 0
2882 1 64794.81198045 1
2883 1 84327.67430821 1
2884 0 -104492.48040778 0
2885 1 72112.31082063 1
2886 1 125385.90436416 1
2887 1 66005.23392321 1
2888 0 -69415.54371606 0
2889 0 -53867.63868359 0
2890 0 -101928.25601467 0
2891 0 -111138.87896363 0
2892 0 -61502.56898034 0
2893 1 106085.98710574 1
2894 0 -86210.99253444 0
2895 0 -110517.36766353 0
2896 0 -79792.31199047 0
2897 1 50594.28727062 1
2898 0 -111946.40801567 0
2899 1 13414.04456007 1
2900 0 -99607.86862057 0
2901 1 106415.17172739 1
2902 1 79664.15584567 1
2903 0 -73889.77647731 0
2904 1 94133.56776455 1
2905 1 106209.23289448 1
2906 1 56527.95833973 1
2907 0 -67448.04561275 0
2908 1 57476.06609855 1
2909 1 63189.90397857 1
2910 1 43706.39451813 1
2911 1 88914.60875480 1
2912 0 -123640.77119267 0
2913 1 42005.12582690 1
2914 1 100197.99923149 1
2915 0 -109417.30820205 0
2916 1 97256.22173344 1
2917 1 56123.41710561 1
2918 0 -94438.49936725 0
2919 0 -69255.65154367 0
2920 0 -26710.85908958 0
2921 1 113204.40334139 1
2922 1 81368.49033095 1
2923 1 89668.58763881 1
2924 0 -90760.77496022 0
2925 0 -94564.17931896 0
2926 1 55964.65779182 1
2927 0 -13414.04456007 0
2928 0 -84071.27012136 0
2929 0 -54782.86464474 0
2930 1 66576.81898540 1
2931 0 -94631.42487571 0
2932 0 -87689.72080692 0
2933 0 -81368.45203444 0
2934 1 32511.08104044 1
2935 0 -108734.41605256 0
2936 0 -84731.60581875 0
2937 1 64307.70747926 1
2938 1 95414.99538253 1
2939 1 67830.92397872 1
2940 0 -93108.80157455 0
2941 0 -56865.24591076 0
2942 0 -95907.59389803 0
2943 1 89640.73647042 1
2944 0 -112535.45445088 0
2945 0 -105991.15419047 0
2946 1 57194.84706199 1
2947 0 -85173.96787742 0
2948 1 30953.40292902 1
2949 1 94349.34363257 1
2950 0 -64637.08206621 0
2951 0 -125401.82529201 0
2952 1 88874.42071356 1
2953 0 -96987.18665256 0
2954 0 -106383.91931929 0
2955 0 -66135.15015507 0
2956 1 109642.14679973 1
2957 1 88651.80703306 1
2958 1 138669.27442895 1
2959 1 72483.51493278 1
2960 1 92268.55415020 1
2961 0 -118143.42009666 0
2962 1 61032.17880625 1
2963 1 106431.88951710 1
2964 0 -104108.17630210 0
2965 1 75642.11191376 1
2966 1 51212.70425836 1
2967 1 76794.41938790 1
2968 0 -88043.25216658 0
2969 1 34770.76166357 1
2970 1 66651.82519691 1
2971 1 72630.39616322 1
2972 0 -115808.16932020 0
2973 0 -92139.49610386 0
2974 0 -93362.80115143 0
2975 1 79166.25175075 1
2976 1 51759.03771531 1
2977 0 -88813.05155789 0
2978 1 110930.15410623 1
2979 1 97403.26008436 1
2980 0 -92636.61398658 0
2981 1 51337.89165152 1
2982 1 111524.79550127 1
2983 0 -59855.46949684 0
2984 0 -115003.05471544 0
2985 0 -62294.34566822 0
2986 1 100189.27027708 1
2987 1 77027.66463343 1
2988 1 86755.19712803 1
2989 1 93614.35349324 1
2990 0 -39909.78352759 0
2991 0 -64737.37089847 0
2992 1 108592.04044290 1
2993 0 -119042.49829641 0
2994 1 101658.60024122 1
2995 1 53159.47424284 1
2996 0 -121822.15721261 0
2997 0 -47824.35932821 0
2998 1 97886.24545067 1
2999 1 92858.59149334 1
3000 1 138700.54947036 1
3001 1 63525.03610745 1
3002 1 95886.89759330 1
3003 1 124702.65261905 1
3004 0 -73417.45202041 0
3005 0 -73503.96555947 0
3006 1 89528.83602042 1
3007 0 -118738.13716131 0
3008 0 -105624.92842644 0
3009 1 103206.57419954 1
3010 1 87514.23300105 1
3011 1 27349.29980037 1
3012 1 124542.33021516 1
3013 0 -130955.56544923 0
3014 1 105763.58992486 1
3015 0 -68244.09666403 0
3016 0 -103164.67788834 0
3017 1 110991.02810848 1
3018 1 69217.64617958 1
3019 1 124264.79978913 1
3020 0 -115549.07263902 0
3021 1 77714.46164021 1
3022 0 -101617.25755967 0
3023 1 98336.84458063 1
3024 0 -115898.73637314 0
3025 0 -34916.38826480 0
3026 0 -102079.36637651 0
3027 0 -116547.17894061 0
3028 0 -123664.70832677 0
3029 0 -102981.13756079 0
3030 0 -82097.78321460 0
3031 1 95083.92160704 1
3032 0 -80075.57368460 0
3033 0 -113381.39492322 0
3034 0 -96031.43478202 0
3035 1 98631.08276254 1
3036 1 95953.97087787 1
3037 1 88469.46544373 1
3038 0 -119416.69849953 0
3039 1 62541.50872008 1
3040 1 108572.83419583 1
3041 0 -79892.51141831 0
3042 1 102702.77731406 1
3043 0 -91203.46346803 0
3044 0 -45770.43520899 0
3045 0 -93967.04617410 0
3046 0 -66212.79494391 0
3047 1 103652.52150442 1
3048 0 -100162.78483731 0
3049 0 -118118.69513228 0
3050 0 -93442.22233186 0
3051 0 -64301.79653730 0
3052 1 76520.17200285 1
3053 1 61764.48446207 1
3054 0 -91133.51968132 0
3055 0 -80992.66215863 0
3056 1 130203.28064549 1
3057 1 103856.01528509 1
3058 1 104216.49004349 1
3059 0 -124633.07831458 0
3060 0 -70124.72426177 0
3061 0 -92920.33081714 0
3062 0 -97445.59210161 0
3063 0 -123739.08504628 0
3064 0 -61801.33213350 0
3065 1 79911.85715673 1
3066 0 -125508.72021322 0
3067 0 -77109.95118590 0
3068 0 -111615.63130263 0
3069 0 -96631.72368058 0
3070 1 122877.31925135 1
3071 0 -74726.12081593 0
3072 0 -57131.08498671 0
3073 0 -116367.63255198 0
3074 1 61612.36837758 1
3075 0 -97256.11191504 0
3076 0 -110859.96677104 0
3077 0 -117558.59155067 0
3078 1 101978.63532932 1
3079 1 93432.63259919 1
3080 1 123124.73259560 1
3081 0 -59504.25745721 0
3082 1 120152.42036676 1
3083 1 107372.37261985 1
3084 1 80005.85721110 1
3085 1 73163.77601995 1
3086 1 105695.08492901 1
3087 0 -102542.99747847 0
3088 0 -54833.88845339 0
3089 1 98894.19213834 1
3090 1 103773.28925422 1
3091 1 103058.08467346 1
3092 1 47483.17184785 1
3093 1 102639.37424325 1
3094 1 110030.26225115 1
3095 1 64340.09552459 1
3096 0 -118863.69420270 0
3097 1 93669.36953133 1
3098 0 -88034.62751735 0
3099 0 -74062.53483291 0
3100 0 -109206.70228202 0
3101 0 -126340.15903693 0
3102 1 68114.16333124 1
3103 1 127534.38790310 1
3104 0 -73640.32154994 0
3105 1 136411.43101699 1
3106 0 -84194.47176892 0
3107 0 -86155.61979781 0
3108 0 -93568.25367099 0
3109 0 -58059.08809043 0
3110 0 -110424.21588807 0
3111 0 -101595.10647381 0
3112 0 -100192.76967830 0
3113 0 -88541.62537747 0
3114 0 -90549.63673990 0
3115 0 -102170.29236735 0
3116 1 73827.17673435 1
3117 0 -105234.77829339 0
3118 1 56248.43158798 1
3119 1 106644.86422988 1
3120 0 -88236.23310269 0
3121 1 91655.57516608 1
3122 0 -104554.11600744 0
3123 1 72216.92854114 1
3124 0 -91814.86276281 0
3125 1 90990.74021106 1
3126 1 113197.69621150 1
3127 0 -74874.99915511 0
3128 0 -94260.89275557 0
3129 1 102119.59880092 1
3130 1 60743.97234376 1
3131 0 -116130.50729241 0
3132 1 83220.36848752 1
3133 0 -137602.69711423 0
3134 1 113895.49647118 1
3135 0 -95757.57994538 0
3136 1 74903.98065298 1
3137 1 71166.98742720 1
3138 1 82215.05833684 1
3139 1 102997.29887320 1
3140 0 -93050.51897745 0
3141 1 100000.92349638 1
3142 0 -102294.32589752 0
3143 0 -132410.26091650 0
3144 0 -57215.94249001 0
3145 1 118555.96324913 1
3146 0 -89351.77129111 0
3147 0 -132240.59458129 0
3148 1 87287.30062205 1
3149 0 -109007.73526740 0
3150 1 98509.23148210 1
3151 0 -76159.93146291 0
3152 0 -93900.67833750 0
3153 1 64267.93127542 1
3154 1 118319.50781599 1
3155 0 -88542.46419177 0
3156 0 -53997.45244377 0
3157 1 112415.15782120 1
3158 1 57295.69703646 1
3159 0 -107743.48684986 0
3160 0 -66003.56339391 0
3161 1 106679.78354598 1
3162 1 91528.10980183 1
3163 0 -53238.68460523 0
3164 0 -96551.59567556 0
3165 0 -77502.09443197 0
3166 1 92260.41040225 1
3167 1 111997.91145100 1
3168 0 -116855.64357194 0
3169 0 -82075.83089889 0
3170 0 -86126.86650809 0
3171 1 105627.89275182 1
3172 1 63887.42353781 1
3173 1 69209.61295140 1
3174 1 105034.06024089 1
3175 1 102578.18032288 1
3176 0 -48460.64776569 0
3177 1 90244.26566020 1
3178 1 100014.83620261 1
3179 0 -83698.65124093 0
3180 0 -77559.60220314 0
3181 1 94681.75047718 1
3182 1 114854.56166329 1
3183 1 58288.45523360 1
3184 1 103999.37270571 1
3185 1 101327.82787373 1
3186 0 -81163.56529494 0
3187 0 -124228.38742224 0
3188 0 -108292.39080361 0
3189 1 136403.58237848 1
3190 0 -88949.32236353 0
3191 0 -80619.39859601 0
3192 0 -110546.93497032 0
3193 1 41565.61805337 1
3194 1 119342.30014454 1
3195 1 95019.38726767 1
3196 1 81651.22442294 1
3197 0 -113416.64863716 0
3198 1 73781.09328618 1
3199 1 -112754.35446494 0
