# idx_int bit_int post_llr_q hard
0 1 63 1
1 0 -64 0
2 1 63 1
3 0 -64 0
4 0 -64 0
5 1 63 1
6 1 63 1
7 1 63 1
8 0 -64 0
9 0 -64 0
10 1 63 1
11 0 -64 0
12 1 63 1
13 0 -56 0
14 0 -64 0
15 0 -64 0
16 0 -64 0
17 1 63 1
18 1 63 1
19 1 63 1
20 0 -64 0
21 1 63 1
22 1 63 1
23 1 63 1
24 0 -64 0
25 0 -64 0
26 0 -64 0
27 0 -64 0
28 0 -64 0
29 1 63 1
30 1 63 1
31 0 -64 0
32 0 -64 0
33 0 -64 0
34 0 -64 0
35 1 63 1
36 0 -64 0
37 0 -64 0
38 1 63 1
39 1 63 1
40 0 -64 0
41 1 59 1
42 1 63 1
43 1 63 1
44 0 -64 0
45 0 -64 0
46 1 63 1
47 0 -64 0
48 0 -64 0
49 0 -64 0
50 1 63 1
51 0 -64 0
52 0 -64 0
53 0 -64 0
54 0 -64 0
55 0 -64 0
56 0 -64 0
57 1 63 1
58 0 -64 0
59 1 63 1
60 1 63 1
61 1 63 1
62 1 63 1
63 0 -64 0
64 1 63 1
65 1 63 1
66 1 63 1
67 0 -64 0
68 1 63 1
69 1 63 1
70 1 63 1
71 1 63 1
72 0 -64 0
73 1 63 1
74 1 63 1
75 0 -64 0
76 0 -64 0
77 1 63 1
78 0 -64 0
79 1 63 1
80 1 63 1
81 1 63 1
82 1 63 1
83 0 -64 0
84 0 -64 0
85 0 -64 0
86 1 63 1
87 0 -64 0
88 0 -64 0
89 1 63 1
90 1 63 1
91 1 63 1
92 1 63 1
93 1 63 1
94 1 63 1
95 1 63 1
96 0 -64 0
97 0 -64 0
98 0 -64 0
99 0 -64 0
100 1 63 1
101 0 -64 0
102 0 -64 0
103 0 -64 0
104 1 63 1
105 0 -64 0
106 0 -64 0
107 0 -64 0
108 0 -64 0
109 1 63 1
110 1 63 1
111 0 -64 0
112 1 63 1
113 0 -64 0
114 0 -64 0
115 1 63 1
116 1 63 1
117 1 63 1
118 0 -64 0
119 1 63 1
120 0 -64 0
121 0 -64 0
122 1 63 1
123 0 -64 0
124 0 -60 0
125 0 -64 0
126 0 -64 0
127 0 -64 0
128 1 63 1
129 1 63 1
130 1 63 1
131 1 63 1
132 0 -64 0
133 1 63 1
134 0 -64 0
135 1 63 1
136 0 -64 0
137 0 -64 0
138 1 63 1
139 0 -64 0
140 0 -64 0
141 1 63 1
142 0 -64 0
143 1 63 1
144 0 -64 0
145 0 -64 0
146 1 63 1
147 1 63 1
148 1 63 1
149 0 -64 0
150 0 -64 0
151 1 63 1
152 1 63 1
153 0 -64 0
154 1 63 1
155 0 -59 0
156 0 -64 0
157 0 -64 0
158 1 63 1
159 1 63 1
160 0 -64 0
161 1 63 1
162 0 -64 0
163 0 -64 0
164 0 -64 0
165 0 -64 0
166 1 63 1
167 0 -64 0
168 1 63 1
169 1 63 1
170 0 -64 0
171 0 -64 0
172 0 -64 0
173 0 -64 0
174 0 -64 0
175 0 -64 0
176 1 63 1
177 0 -64 0
178 0 -64 0
179 0 -64 0
180 1 63 1
181 0 -64 0
182 1 63 1
183 0 -64 0
184 1 63 1
185 1 63 1
186 1 63 1
187 0 -64 0
188 0 -64 0
189 1 63 1
190 0 -64 0
191 1 63 1
192 1 63 1
193 1 63 1
194 0 -64 0
195 1 63 1
196 1 63 1
197 1 63 1
198 0 -64 0
199 1 63 1
200 1 63 1
201 0 -64 0
202 0 -64 0
203 0 -64 0
204 1 63 1
205 0 -64 0
206 0 -64 0
207 0 -64 0
208 0 -64 0
209 0 -64 0
210 0 -64 0
211 1 63 1
212 1 63 1
213 0 -64 0
214 1 63 1
215 0 -64 0
216 1 63 1
217 0 -64 0
218 0 -64 0
219 1 63 1
220 0 -64 0
221 0 -64 0
222 0 -64 0
223 0 -64 0
224 0 -64 0
225 1 63 1
226 1 63 1
227 0 -64 0
228 0 -64 0
229 0 -64 0
230 1 63 1
231 0 -64 0
232 0 -64 0
233 1 63 1
234 1 63 1
235 0 -64 0
236 0 -64 0
237 0 -64 0
238 1 63 1
239 0 -64 0
240 0 -64 0
241 0 -64 0
242 0 -64 0
243 1 63 1
244 0 -64 0
245 0 -47 0
246 1 63 1
247 1 63 1
248 0 -64 0
249 0 -64 0
250 0 -64 0
251 0 -64 0
252 1 63 1
253 1 63 1
254 0 -64 0
255 1 63 1
256 0 -64 0
257 0 -64 0
258 1 45 1
259 1 63 1
260 1 63 1
261 1 63 1
262 0 -64 0
263 0 -64 0
264 1 63 1
265 1 63 1
266 1 63 1
267 0 -64 0
268 0 -64 0
269 1 63 1
270 0 -64 0
271 1 63 1
272 1 63 1
273 1 63 1
274 0 -64 0
275 1 63 1
276 0 -64 0
277 1 63 1
278 1 63 1
279 1 63 1
280 0 -64 0
281 1 63 1
282 1 63 1
283 1 63 1
284 1 63 1
285 0 -64 0
286 1 63 1
287 0 -64 0
288 1 63 1
289 0 -64 0
290 1 63 1
291 1 63 1
292 0 -64 0
293 0 -64 0
294 1 63 1
295 0 -64 0
296 0 -64 0
297 0 -64 0
298 0 -64 0
299 0 -64 0
300 1 63 1
301 0 -64 0
302 0 -64 0
303 0 -64 0
304 1 63 1
305 0 -64 0
306 1 63 1
307 1 63 1
308 0 -64 0
309 0 -64 0
310 1 63 1
311 1 63 1
312 0 -64 0
313 0 -64 0
314 1 63 1
315 0 -64 0
316 0 -64 0
317 0 -64 0
318 1 63 1
319 1 63 1
320 1 63 1
321 1 63 1
322 1 63 1
323 0 -64 0
324 0 -64 0
325 1 63 1
326 0 -64 0
327 1 63 1
328 1 63 1
329 1 63 1
330 0 -64 0
331 0 -64 0
332 1 63 1
333 1 63 1
334 0 -64 0
335 1 63 1
336 1 63 1
337 1 63 1
338 0 -64 0
339 0 -64 0
340 1 63 1
341 0 -64 0
342 0 -64 0
343 1 63 1
344 0 -64 0
345 0 -64 0
346 1 63 1
347 0 -64 0
348 1 63 1
349 0 -64 0
350 1 63 1
351 1 38 1
352 0 -64 0
353 1 63 1
354 1 63 1
355 0 -64 0
356 0 -64 0
357 1 63 1
358 1 63 1
359 0 -64 0
360 0 -64 0
361 0 -64 0
362 0 -64 0
363 1 63 1
364 0 -64 0
365 1 63 1
366 1 63 1
367 0 -64 0
368 1 63 1
369 0 -37 0
370 0 -64 0
371 1 63 1
372 0 -64 0
373 1 63 1
374 1 63 1
375 1 63 1
376 1 63 1
377 1 63 1
378 1 63 1
379 0 -64 0
380 0 -64 0
381 0 -64 0
382 1 63 1
383 0 -64 0
384 1 63 1
385 0 -64 0
386 1 63 1
387 1 63 1
388 1 63 1
389 1 63 1
390 1 63 1
391 0 -64 0
392 1 63 1
393 0 -64 0
394 0 -64 0
395 0 -64 0
396 0 -64 0
397 0 -64 0
398 0 -64 0
399 0 -64 0
400 0 -40 0
401 0 -64 0
402 0 -64 0
403 1 63 1
404 1 63 1
405 0 -64 0
406 0 -64 0
407 0 -64 0
408 0 -64 0
409 1 63 1
410 1 63 1
411 0 -64 0
412 0 -64 0
413 0 -64 0
414 1 63 1
415 1 63 1
416 0 -64 0
417 0 -64 0
418 1 63 1
419 0 -64 0
420 1 63 1
421 1 63 1
422 1 63 1
423 1 63 1
424 1 63 1
425 0 -64 0
426 1 63 1
427 0 -64 0
428 0 -64 0
429 0 -64 0
430 1 63 1
431 1 63 1
432 0 -64 0
433 0 -64 0
434 0 -64 0
435 1 63 1
436 0 -64 0
437 1 63 1
438 0 -64 0
439 1 63 1
440 1 63 1
441 1 63 1
442 0 -64 0
443 0 -64 0
444 1 63 1
445 0 -64 0
446 0 -64 0
447 1 63 1
448 0 -64 0
449 1 63 1
450 1 63 1
451 1 63 1
452 1 63 1
453 1 63 1
454 0 -64 0
455 0 -64 0
456 0 -64 0
457 1 63 1
458 1 63 1
459 1 63 1
460 0 -64 0
461 1 63 1
462 1 63 1
463 1 63 1
464 1 63 1
465 0 -64 0
466 1 63 1
467 1 52 1
468 0 -64 0
469 0 -64 0
470 1 63 1
471 1 63 1
472 0 -64 0
473 0 -64 0
474 1 63 1
475 0 -64 0
476 1 63 1
477 0 -64 0
478 0 -64 0
479 1 63 1
480 1 63 1
481 1 63 1
482 0 -64 0
483 0 -64 0
484 0 -64 0
485 0 -64 0
486 1 63 1
487 1 63 1
488 1 63 1
489 1 63 1
490 1 63 1
491 0 -64 0
492 0 -64 0
493 0 -64 0
494 0 -64 0
495 0 -64 0
496 0 -64 0
497 0 -64 0
498 0 -64 0
499 0 -64 0
500 1 63 1
501 0 -64 0
502 0 -64 0
503 0 -64 0
504 0 -64 0
505 1 63 1
506 0 -64 0
507 0 -64 0
508 0 -64 0
509 1 63 1
510 1 63 1
511 1 63 1
512 0 -64 0
513 1 63 1
514 0 -64 0
515 1 63 1
516 0 -64 0
517 1 63 1
518 0 -64 0
519 0 -64 0
520 1 63 1
521 0 -64 0
522 1 63 1
523 1 63 1
524 0 -37 0
525 0 -64 0
526 0 -64 0
527 1 63 1
528 0 -64 0
529 0 -64 0
530 0 -64 0
531 0 -64 0
532 1 63 1
533 0 -64 0
534 0 -64 0
535 0 -64 0
536 1 63 1
537 0 -64 0
538 1 63 1
539 0 -64 0
540 1 63 1
541 1 63 1
542 0 -64 0
543 0 -64 0
544 1 63 1
545 0 -64 0
546 1 63 1
547 1 63 1
548 1 63 1
549 1 63 1
550 1 63 1
551 1 63 1
552 0 -64 0
553 1 63 1
554 1 63 1
555 1 62 1
556 1 63 1
557 0 -64 0
558 1 63 1
559 1 63 1
560 1 63 1
561 1 63 1
562 0 -64 0
563 1 63 1
564 1 63 1
565 1 63 1
566 1 63 1
567 0 -64 0
568 0 -64 0
569 0 -64 0
570 1 63 1
571 0 -64 0
572 0 -64 0
573 0 -64 0
574 0 -64 0
575 0 -64 0
576 1 63 1
577 1 63 1
578 1 63 1
579 1 63 1
580 1 63 1
581 0 -64 0
582 1 63 1
583 1 63 1
584 1 63 1
585 0 -64 0
586 0 -64 0
587 0 -64 0
588 0 -64 0
589 0 -64 0
590 1 63 1
591 1 63 1
592 1 63 1
593 0 -64 0
594 1 63 1
595 0 -64 0
596 1 40 1
597 1 63 1
598 1 63 1
599 0 -64 0
600 1 63 1
601 0 -64 0
602 0 -64 0
603 0 -64 0
604 1 63 1
605 0 -64 0
606 0 -64 0
607 0 -64 0
608 1 63 1
609 1 63 1
610 0 -64 0
611 0 -64 0
612 0 -64 0
613 1 63 1
614 1 63 1
615 1 63 1
616 1 63 1
617 0 -64 0
618 0 -64 0
619 1 63 1
620 0 -64 0
621 1 63 1
622 0 -64 0
623 0 -64 0
624 0 -64 0
625 1 63 1
626 1 63 1
627 1 63 1
628 1 63 1
629 0 -64 0
630 1 63 1
631 0 -64 0
632 0 -64 0
633 0 -64 0
634 0 -64 0
635 1 63 1
636 1 63 1
637 0 -64 0
638 0 -64 0
639 0 -64 0
640 1 63 1
641 0 -64 0
642 0 -64 0
643 0 -64 0
644 1 63 1
645 1 49 1
646 0 -64 0
647 0 -64 0
648 0 -64 0
649 0 -64 0
650 1 63 1
651 1 63 1
652 0 -64 0
653 0 -64 0
654 0 -64 0
655 1 63 1
656 1 63 1
657 0 -64 0
658 1 49 1
659 1 63 1
660 1 63 1
661 0 -64 0
662 1 63 1
663 1 63 1
664 0 -64 0
665 0 -64 0
666 1 63 1
667 0 -64 0
668 0 -64 0
669 1 63 1
670 0 -64 0
671 0 -64 0
672 0 -64 0
673 1 63 1
674 1 63 1
675 1 63 1
676 0 -64 0
677 0 -64 0
678 1 63 1
679 1 63 1
680 0 -64 0
681 0 -64 0
682 0 -64 0
683 1 63 1
684 0 -64 0
685 1 63 1
686 0 -64 0
687 1 63 1
688 0 -64 0
689 1 63 1
690 1 63 1
691 0 -64 0
692 0 -64 0
693 1 63 1
694 0 -64 0
695 1 63 1
696 1 63 1
697 1 63 1
698 1 63 1
699 1 63 1
700 1 63 1
701 1 63 1
702 0 -64 0
703 1 63 1
704 1 63 1
705 1 63 1
706 0 -64 0
707 1 63 1
708 1 63 1
709 0 -64 0
710 1 63 1
711 0 -64 0
712 0 -46 0
713 0 -64 0
714 1 63 1
715 0 -64 0
716 0 -64 0
717 0 -64 0
718 0 -64 0
719 1 63 1
720 0 -64 0
721 1 63 1
722 1 63 1
723 0 -64 0
724 0 -64 0
725 1 63 1
726 0 -64 0
727 1 63 1
728 1 63 1
729 0 -64 0
730 0 -64 0
731 0 -64 0
732 1 63 1
733 1 63 1
734 0 -64 0
735 1 63 1
736 0 -64 0
737 0 -64 0
738 0 -64 0
739 1 63 1
740 0 -64 0
741 1 63 1
742 1 63 1
743 0 -64 0
744 0 -64 0
745 1 63 1
746 1 63 1
747 1 63 1
748 0 -64 0
749 1 63 1
750 1 63 1
751 0 -52 0
752 0 -64 0
753 0 -64 0
754 1 63 1
755 1 63 1
756 1 63 1
757 1 63 1
758 1 63 1
759 1 63 1
760 0 -64 0
761 0 -64 0
762 1 63 1
763 1 63 1
764 1 63 1
765 0 -64 0
766 1 63 1
767 1 63 1
768 1 63 1
769 0 -53 0
770 0 -64 0
771 1 63 1
772 0 -64 0
773 1 63 1
774 1 63 1
775 1 63 1
776 1 63 1
777 1 63 1
778 1 63 1
779 0 -64 0
780 1 63 1
781 0 -64 0
782 0 -64 0
783 0 -64 0
784 0 -64 0
785 1 63 1
786 1 63 1
787 0 -64 0
788 0 -64 0
789 0 -64 0
790 0 -64 0
791 1 63 1
792 1 63 1
793 1 63 1
794 0 -64 0
795 0 -64 0
796 1 63 1
797 0 -64 0
798 1 63 1
799 1 63 1
800 1 39 1
801 1 63 1
802 1 63 1
803 1 63 1
804 0 -64 0
805 0 -64 0
806 1 63 1
807 0 -64 0
808 1 63 1
809 1 63 1
810 0 -64 0
811 0 -64 0
812 1 63 1
813 0 -61 0
814 1 63 1
815 0 -64 0
816 1 63 1
817 0 -64 0
818 0 -64 0
819 0 -64 0
820 1 63 1
821 0 -64 0
822 0 -64 0
823 0 -64 0
824 1 63 1
825 0 -64 0
826 1 63 1
827 0 -64 0
828 0 -64 0
829 0 -64 0
830 1 63 1
831 0 -64 0
832 0 -64 0
833 0 -64 0
834 0 -64 0
835 1 63 1
836 0 -64 0
837 0 -64 0
838 1 63 1
839 1 63 1
840 1 63 1
841 1 63 1
842 0 -64 0
843 0 -64 0
844 1 63 1
845 1 63 1
846 1 63 1
847 0 -64 0
848 0 -64 0
849 0 -64 0
850 1 63 1
851 1 63 1
852 0 -64 0
853 1 63 1
854 0 -64 0
855 0 -63 0
856 0 -64 0
857 1 63 1
858 0 -64 0
859 0 -64 0
860 0 -64 0
861 1 63 1
862 1 63 1
863 1 63 1
864 0 -64 0
865 0 -64 0
866 1 63 1
867 0 -64 0
868 1 63 1
869 0 -64 0
870 0 -64 0
871 1 63 1
872 1 63 1
873 0 -64 0
874 1 63 1
875 1 63 1
876 0 -64 0
877 1 63 1
878 0 -64 0
879 0 -64 0
880 1 63 1
881 1 63 1
882 1 63 1
883 0 -64 0
884 1 63 1
885 1 63 1
886 1 63 1
887 0 -64 0
888 0 -64 0
889 0 -64 0
890 0 -64 0
891 1 63 1
892 0 -64 0
893 1 63 1
894 0 -64 0
895 0 -64 0
896 0 -64 0
897 0 -64 0
898 1 63 1
899 1 63 1
900 1 63 1
901 0 -64 0
902 0 -64 0
903 1 63 1
904 1 63 1
905 0 -64 0
906 1 63 1
907 0 -64 0
908 1 63 1
909 1 63 1
910 1 63 1
911 0 -64 0
912 1 63 1
913 1 63 1
914 1 63 1
915 0 -64 0
916 1 63 1
917 0 -64 0
918 0 -64 0
919 0 -64 0
920 0 -64 0
921 0 -64 0
922 1 63 1
923 0 -64 0
924 1 46 1
925 0 -64 0
926 1 63 1
927 1 63 1
928 0 -64 0
929 1 63 1
930 0 -64 0
931 1 63 1
932 1 63 1
933 0 -64 0
934 0 -64 0
935 0 -64 0
936 1 63 1
937 1 63 1
938 0 -64 0
939 0 -64 0
940 0 -64 0
941 1 63 1
942 0 -64 0
943 0 -64 0
944 0 -64 0
945 1 63 1
946 1 63 1
947 0 -64 0
948 0 -64 0
949 0 -64 0
950 0 -64 0
951 1 63 1
952 0 -64 0
953 1 63 1
954 0 -64 0
955 1 63 1
956 0 -64 0
957 0 -64 0
958 0 -63 0
959 1 63 1
960 1 63 1
961 1 63 1
962 0 -64 0
963 1 63 1
964 1 63 1
965 0 -64 0
966 1 63 1
967 0 -64 0
968 1 63 1
969 0 -64 0
970 1 63 1
971 0 -64 0
972 0 -64 0
973 1 63 1
974 0 -64 0
975 0 -64 0
976 1 63 1
977 0 -64 0
978 1 63 1
979 1 63 1
980 0 -64 0
981 1 63 1
982 0 -64 0
983 0 -64 0
984 0 -64 0
985 0 -64 0
986 1 63 1
987 1 63 1
988 0 -64 0
989 1 63 1
990 0 -64 0
991 1 63 1
992 0 -64 0
993 0 -64 0
994 1 63 1
995 1 63 1
996 1 49 1
997 1 63 1
998 1 63 1
999 1 63 1
1000 1 63 1
1001 1 63 1
1002 1 63 1
1003 1 63 1
1004 1 63 1
1005 0 -64 0
1006 0 -64 0
1007 0 -64 0
1008 1 63 1
1009 1 63 1
1010 1 63 1
1011 1 63 1
1012 0 -64 0
1013 0 -64 0
1014 0 -46 0
1015 1 63 1
1016 0 -64 0
1017 1 63 1
1018 0 -64 0
1019 0 -64 0
1020 1 63 1
1021 1 63 1
1022 0 -64 0
1023 1 63 1
1024 0 -64 0
1025 0 -64 0
1026 0 -64 0
1027 1 63 1
1028 1 63 1
1029 1 63 1
1030 1 63 1
1031 0 -64 0
1032 0 -64 0
1033 0 -64 0
1034 1 63 1
1035 0 -64 0
1036 1 63 1
1037 0 -64 0
1038 0 -64 0
1039 1 63 1
1040 0 -64 0
1041 0 -64 0
1042 1 63 1
1043 1 63 1
1044 0 -64 0
1045 0 -64 0
1046 0 -64 0
1047 1 63 1
1048 0 -64 0
1049 0 -64 0
1050 0 -64 0
1051 0 -64 0
1052 0 -64 0
1053 0 -64 0
1054 0 -64 0
1055 1 63 1
1056 1 63 1
1057 1 63 1
1058 1 63 1
1059 0 -64 0
1060 0 -64 0
1061 0 -64 0
1062 1 63 1
1063 1 63 1
1064 1 63 1
1065 0 -64 0
1066 1 63 1
1067 1 63 1
1068 0 -64 0
1069 0 -64 0
1070 0 -64 0
1071 0 -64 0
1072 0 -64 0
1073 1 63 1
1074 0 -64 0
1075 0 -64 0
1076 1 63 1
1077 0 -64 0
1078 1 63 1
1079 0 -64 0
1080 1 63 1
1081 0 -64 0
1082 0 -64 0
1083 1 63 1
1084 0 -64 0
1085 0 -64 0
1086 0 -64 0
1087 0 -64 0
1088 1 63 1
1089 0 -64 0
1090 0 -64 0
1091 0 -64 0
1092 1 63 1
1093 0 -64 0
1094 1 63 1
1095 0 -64 0
1096 0 -64 0
1097 0 -64 0
1098 0 -64 0
1099 1 63 1
1100 1 63 1
1101 1 63 1
1102 0 -64 0
1103 0 -64 0
1104 0 -64 0
1105 1 63 1
1106 0 -64 0
1107 0 -64 0
1108 0 -64 0
1109 0 -64 0
1110 1 63 1
1111 1 63 1
1112 1 63 1
1113 1 63 1
1114 1 63 1
1115 0 -64 0
1116 1 63 1
1117 0 -64 0
1118 1 63 1
1119 1 63 1
1120 0 -64 0
1121 0 -64 0
1122 1 63 1
1123 0 -64 0
1124 0 -64 0
1125 1 63 1
1126 0 -64 0
1127 0 -64 0
1128 0 -64 0
1129 1 63 1
1130 1 63 1
1131 0 -64 0
1132 1 63 1
1133 1 63 1
1134 0 -64 0
1135 0 -64 0
1136 0 -64 0
1137 0 -64 0
1138 1 63 1
1139 1 63 1
1140 0 -64 0
1141 1 63 1
1142 1 63 1
1143 1 63 1
1144 0 -64 0
1145 1 63 1
1146 1 63 1
1147 1 63 1
1148 0 -64 0
1149 1 63 1
1150 1 63 1
1151 1 63 1
1152 1 63 1
1153 1 63 1
1154 1 63 1
1155 0 -64 0
1156 1 63 1
1157 1 63 1
1158 1 63 1
1159 1 63 1
1160 1 63 1
1161 0 -64 0
1162 0 -64 0
1163 1 63 1
1164 1 63 1
1165 1 63 1
1166 1 63 1
1167 1 63 1
1168 0 -64 0
1169 0 -4 0
1170 1 63 1
1171 0 -64 0
1172 0 -64 0
1173 1 63 1
1174 1 63 1
1175 1 63 1
1176 0 -64 0
1177 0 -64 0
1178 1 63 1
1179 0 -64 0
1180 0 -64 0
1181 1 63 1
1182 0 -64 0
1183 0 -64 0
1184 1 63 1
1185 0 -64 0
1186 1 63 1
1187 0 -64 0
1188 1 63 1
1189 0 -64 0
1190 0 -64 0
1191 1 63 1
1192 0 -64 0
1193 0 -64 0
1194 0 -64 0
1195 1 63 1
1196 1 63 1
1197 1 63 1
1198 0 -64 0
1199 1 63 1
1200 0 -38 0
1201 1 63 1
1202 1 63 1
1203 0 -64 0
1204 1 63 1
1205 0 -64 0
1206 0 -64 0
1207 0 -64 0
1208 1 63 1
1209 1 63 1
1210 0 -64 0
1211 0 -64 0
1212 0 -64 0
1213 1 63 1
1214 1 63 1
1215 1 63 1
1216 0 -64 0
1217 1 63 1
1218 0 -64 0
1219 1 63 1
1220 0 -64 0
1221 0 -64 0
1222 1 63 1
1223 0 -64 0
1224 1 63 1
1225 1 63 1
1226 1 63 1
1227 1 63 1
1228 1 63 1
1229 0 -64 0
1230 1 63 1
1231 1 63 1
1232 0 -64 0
1233 0 -64 0
1234 0 -64 0
1235 0 -64 0
1236 1 63 1
1237 0 -64 0
1238 1 63 1
1239 1 63 1
1240 1 63 1
1241 1 63 1
1242 0 -64 0
1243 1 63 1
1244 0 -64 0
1245 0 -64 0
1246 1 63 1
1247 0 -64 0
1248 0 -64 0
1249 1 63 1
1250 0 -64 0
1251 1 63 1
1252 1 63 1
1253 0 -64 0
1254 0 -64 0
1255 0 -64 0
1256 1 63 1
1257 1 63 1
1258 1 63 1
1259 0 -64 0
1260 1 63 1
1261 1 63 1
1262 0 -64 0
1263 0 -64 0
1264 0 -64 0
1265 1 63 1
1266 0 -64 0
1267 0 -38 0
1268 0 -64 0
1269 1 63 1
1270 1 63 1
1271 0 -64 0
1272 1 63 1
1273 1 63 1
1274 0 -64 0
1275 0 -64 0
1276 1 63 1
1277 0 -64 0
1278 1 63 1
1279 0 -64 0
1280 1 63 1
1281 1 63 1
1282 1 63 1
1283 1 63 1
1284 0 -64 0
1285 1 63 1
1286 0 -64 0
1287 1 63 1
1288 1 63 1
1289 1 63 1
1290 1 63 1
1291 1 63 1
1292 0 -64 0
1293 1 63 1
1294 1 63 1
1295 1 63 1
1296 1 63 1
1297 1 63 1
1298 1 63 1
1299 0 -64 0
1300 1 63 1
1301 0 -64 0
1302 0 -64 0
1303 1 63 1
1304 1 63 1
1305 0 -64 0
1306 1 63 1
1307 0 -64 0
1308 1 63 1
1309 0 -64 0
1310 1 63 1
1311 1 63 1
1312 1 63 1
1313 1 63 1
1314 1 63 1
1315 1 63 1
1316 1 63 1
1317 1 63 1
1318 0 -64 0
1319 0 -64 0
1320 1 63 1
1321 1 63 1
1322 1 63 1
1323 0 -64 0
1324 0 -44 0
1325 0 -64 0
1326 1 63 1
1327 0 -64 0
1328 0 -64 0
1329 0 -64 0
1330 1 63 1
1331 1 63 1
1332 0 -64 0
1333 1 63 1
1334 0 -64 0
1335 1 63 1
1336 1 63 1
1337 1 63 1
1338 1 63 1
1339 1 63 1
1340 1 63 1
1341 0 -64 0
1342 0 -64 0
1343 1 63 1
1344 0 -64 0
1345 1 63 1
1346 0 -64 0
1347 1 63 1
1348 0 -64 0
1349 0 -64 0
1350 1 63 1
1351 1 63 1
1352 1 63 1
1353 1 63 1
1354 1 63 1
1355 0 -64 0
1356 1 63 1
1357 1 63 1
1358 0 -64 0
1359 0 -64 0
1360 0 -64 0
1361 1 63 1
1362 1 63 1
1363 1 63 1
1364 1 63 1
1365 0 -64 0
1366 0 -64 0
1367 1 63 1
1368 0 -64 0
1369 1 63 1
1370 1 63 1
1371 1 63 1
1372 1 63 1
1373 1 63 1
1374 1 63 1
1375 0 -64 0
1376 1 63 1
1377 0 -64 0
1378 1 63 1
1379 1 63 1
1380 1 63 1
1381 0 -64 0
1382 0 -64 0
1383 1 63 1
1384 0 -64 0
1385 0 -64 0
1386 1 63 1
1387 0 -64 0
1388 0 -64 0
1389 1 63 1
1390 1 63 1
1391 1 63 1
1392 1 63 1
1393 1 63 1
1394 0 -64 0
1395 0 -64 0
1396 0 -64 0
1397 0 -64 0
1398 1 63 1
1399 1 63 1
1400 0 -64 0
1401 1 63 1
1402 1 63 1
1403 1 63 1
1404 0 -64 0
1405 0 -64 0
1406 1 63 1
1407 0 -64 0
1408 0 -64 0
1409 1 63 1
1410 0 -64 0
1411 1 63 1
1412 0 -64 0
1413 1 63 1
1414 0 -64 0
1415 1 63 1
1416 0 -64 0
1417 0 -64 0
1418 1 63 1
1419 1 63 1
1420 0 -64 0
1421 1 63 1
1422 1 63 1
1423 0 -64 0
1424 1 63 1
1425 0 -64 0
1426 1 63 1
1427 0 -64 0
1428 0 -64 0
1429 0 -64 0
1430 0 -64 0
1431 0 -64 0
1432 0 -64 0
1433 1 63 1
1434 1 63 1
1435 0 -64 0
1436 0 -64 0
1437 0 -64 0
1438 0 -64 0
1439 0 -64 0
1440 1 63 1
1441 1 63 1
1442 0 -64 0
1443 0 -64 0
1444 1 63 1
1445 1 63 1
1446 1 63 1
1447 1 63 1
1448 1 63 1
1449 1 63 1
1450 0 -64 0
1451 1 63 1
1452 0 -64 0
1453 0 -64 0
1454 0 -64 0
1455 0 -64 0
1456 1 63 1
1457 0 -64 0
1458 1 40 1
1459 0 -64 0
1460 0 -64 0
1461 1 63 1
1462 0 -64 0
1463 0 -64 0
1464 0 -64 0
1465 1 63 1
1466 1 63 1
1467 0 -64 0
1468 1 63 1
1469 1 63 1
1470 1 63 1
1471 0 -64 0
1472 0 -64 0
1473 0 -64 0
1474 1 63 1
1475 1 63 1
1476 0 -64 0
1477 0 -64 0
1478 1 63 1
1479 0 -64 0
1480 1 63 1
1481 1 63 1
1482 1 63 1
1483 0 -64 0
1484 0 -64 0
1485 1 63 1
1486 1 63 1
1487 1 63 1
1488 0 -64 0
1489 1 63 1
1490 0 -64 0
1491 1 63 1
1492 1 63 1
1493 1 63 1
1494 1 63 1
1495 0 -64 0
1496 1 63 1
1497 0 -64 0
1498 0 -64 0
1499 1 63 1
1500 0 -64 0
1501 0 -64 0
1502 1 63 1
1503 0 -64 0
1504 0 -64 0
1505 1 63 1
1506 1 63 1
1507 1 63 1
1508 1 63 1
1509 1 63 1
1510 0 -64 0
1511 0 -64 0
1512 0 -64 0
1513 1 63 1
1514 0 -64 0
1515 0 -64 0
1516 1 63 1
1517 0 -64 0
1518 1 63 1
1519 0 -64 0
1520 1 63 1
1521 0 -64 0
1522 1 63 1
1523 1 63 1
1524 0 -64 0
1525 1 63 1
1526 0 -64 0
1527 1 63 1
1528 0 -64 0
1529 1 63 1
1530 1 63 1
1531 1 63 1
1532 1 63 1
1533 0 -64 0
1534 1 63 1
1535 0 -64 0
1536 0 -64 0
1537 1 63 1
1538 0 -64 0
1539 1 63 1
1540 1 63 1
1541 1 63 1
1542 1 63 1
1543 0 -64 0
1544 0 -64 0
1545 0 -64 0
1546 1 63 1
1547 1 63 1
1548 1 63 1
1549 0 -64 0
1550 1 63 1
1551 1 48 1
1552 0 -64 0
1553 0 -64 0
1554 1 63 1
1555 0 -64 0
1556 0 -64 0
1557 0 -64 0
1558 1 63 1
1559 1 63 1
1560 1 63 1
1561 0 -64 0
1562 1 63 1
1563 0 -64 0
1564 0 -64 0
1565 0 -64 0
1566 0 -64 0
1567 0 -64 0
1568 1 63 1
1569 0 17 1
1570 1 63 1
1571 0 -64 0
1572 1 63 1
1573 1 63 1
1574 0 -64 0
1575 0 -64 0
1576 1 63 1
1577 1 63 1
1578 0 -64 0
1579 1 63 1
1580 0 -64 0
1581 0 -64 0
1582 1 63 1
1583 1 63 1
1584 1 63 1
1585 1 63 1
1586 0 -64 0
1587 0 -64 0
1588 0 -64 0
1589 0 -64 0
1590 1 63 1
1591 0 -64 0
1592 0 -64 0
1593 0 -64 0
1594 1 63 1
1595 1 63 1
1596 1 63 1
1597 0 -64 0
1598 0 -64 0
1599 1 63 1
1600 0 -38 0
1601 0 -64 0
1602 1 63 1
1603 1 63 1
1604 0 -64 0
1605 1 63 1
1606 1 63 1
1607 0 -64 0
1608 1 63 1
1609 1 63 1
1610 1 63 1
1611 0 -64 0
1612 1 63 1
1613 0 -59 0
1614 1 63 1
1615 1 63 1
1616 1 63 1
1617 0 -64 0
1618 0 -64 0
1619 0 -64 0
1620 1 63 1
1621 0 -64 0
1622 1 63 1
1623 0 -64 0
1624 1 63 1
1625 1 63 1
1626 0 -64 0
1627 1 63 1
1628 0 -64 0
1629 0 -64 0
1630 0 -64 0
1631 1 63 1
1632 1 63 1
1633 1 63 1
1634 0 -64 0
1635 1 63 1
1636 1 63 1
1637 1 63 1
1638 1 63 1
1639 1 63 1
1640 1 63 1
1641 0 -64 0
1642 1 63 1
1643 1 63 1
1644 0 -64 0
1645 1 63 1
1646 1 63 1
1647 0 -64 0
1648 0 -64 0
1649 0 -64 0
1650 0 -64 0
1651 1 63 1
1652 0 -64 0
1653 0 -64 0
1654 0 -64 0
1655 1 63 1
1656 0 -64 0
1657 1 63 1
1658 1 63 1
1659 1 63 1
1660 0 -64 0
1661 1 63 1
1662 1 63 1
1663 0 -64 0
1664 0 -64 0
1665 0 -64 0
1666 0 -64 0
1667 0 11 1
1668 1 63 1
1669 0 -64 0
1670 1 63 1
1671 1 63 1
1672 1 63 1
1673 0 -64 0
1674 0 -64 0
1675 1 63 1
1676 1 63 1
1677 1 63 1
1678 1 63 1
1679 1 63 1
1680 1 63 1
1681 0 -64 0
1682 0 -64 0
1683 0 -64 0
1684 0 -64 0
1685 0 -64 0
1686 0 -64 0
1687 0 -64 0
1688 0 -64 0
1689 1 63 1
1690 1 63 1
1691 0 -64 0
1692 0 -64 0
1693 0 -64 0
1694 1 63 1
1695 0 -64 0
1696 1 63 1
1697 1 63 1
1698 1 63 1
1699 0 -64 0
1700 0 -64 0
1701 0 -64 0
1702 0 -64 0
1703 0 -64 0
1704 1 63 1
1705 1 63 1
1706 0 -64 0
1707 1 63 1
1708 1 63 1
1709 0 -64 0
1710 0 -64 0
1711 0 -64 0
1712 0 -64 0
1713 1 63 1
1714 1 63 1
1715 1 63 1
1716 1 63 1
1717 0 -64 0
1718 0 -64 0
1719 1 63 1
1720 0 -64 0
1721 0 -64 0
1722 0 -64 0
1723 0 -64 0
1724 0 -64 0
1725 1 63 1
1726 0 -64 0
1727 0 -64 0
1728 0 -64 0
1729 0 -64 0
1730 1 63 1
1731 1 63 1
1732 0 -64 0
1733 1 63 1
1734 0 -64 0
1735 1 63 1
1736 1 63 1
1737 1 63 1
1738 0 -64 0
1739 0 -64 0
1740 0 -64 0
1741 0 -64 0
1742 1 63 1
1743 1 63 1
1744 1 63 1
1745 0 -64 0
1746 0 -64 0
1747 1 63 1
1748 1 63 1
1749 1 63 1
1750 1 63 1
1751 0 -64 0
1752 0 -64 0
1753 1 63 1
1754 1 63 1
1755 0 -64 0
1756 0 -64 0
1757 0 -64 0
1758 0 -64 0
1759 1 63 1
1760 0 -64 0
1761 1 63 1
1762 1 63 1
1763 1 63 1
1764 0 -64 0
1765 0 -64 0
1766 0 -64 0
1767 1 63 1
1768 1 63 1
1769 0 -64 0
1770 1 63 1
1771 0 -64 0
1772 1 63 1
1773 0 -64 0
1774 0 -64 0
1775 1 63 1
1776 0 -64 0
1777 1 63 1
1778 1 63 1
1779 1 63 1
1780 0 -64 0
1781 1 63 1
1782 1 63 1
1783 0 -64 0
1784 1 63 1
1785 1 63 1
1786 0 -64 0
1787 1 63 1
1788 1 63 1
1789 0 -64 0
1790 0 -64 0
1791 0 -64 0
1792 0 -64 0
1793 1 63 1
1794 0 -64 0
1795 1 63 1
1796 1 46 1
1797 1 63 1
1798 1 63 1
1799 1 63 1
1800 0 -64 0
1801 0 -64 0
1802 0 -64 0
1803 1 63 1
1804 1 63 1
1805 0 -64 0
1806 1 63 1
1807 1 63 1
1808 0 -64 0
1809 1 63 1
1810 0 -64 0
1811 0 -64 0
1812 0 -64 0
1813 0 -64 0
1814 0 -58 0
1815 0 -64 0
1816 1 63 1
1817 1 63 1
1818 0 -64 0
1819 1 63 1
1820 0 -64 0
1821 1 63 1
1822 1 44 1
1823 1 63 1
1824 0 -64 0
1825 0 -64 0
1826 0 -64 0
1827 1 63 1
1828 1 63 1
1829 0 -64 0
1830 1 63 1
1831 1 63 1
1832 0 -64 0
1833 0 -64 0
1834 0 -64 0
1835 1 63 1
1836 0 -64 0
1837 1 63 1
1838 0 -64 0
1839 1 63 1
1840 0 -64 0
1841 0 -64 0
1842 0 -64 0
1843 1 63 1
1844 1 63 1
1845 1 63 1
1846 1 63 1
1847 0 -64 0
1848 0 -64 0
1849 0 -64 0
1850 0 -64 0
1851 0 -64 0
1852 0 -64 0
1853 0 -64 0
1854 0 -64 0
1855 0 -64 0
1856 0 -64 0
1857 1 63 1
1858 1 46 1
1859 0 -64 0
1860 1 63 1
1861 1 63 1
1862 1 63 1
1863 1 63 1
1864 1 63 1
1865 1 63 1
1866 0 -64 0
1867 1 63 1
1868 0 -64 0
1869 1 63 1
1870 1 63 1
1871 1 63 1
1872 0 -64 0
1873 1 63 1
1874 0 -64 0
1875 0 -64 0
1876 1 63 1
1877 1 63 1
1878 0 -64 0
1879 0 -64 0
1880 0 -64 0
1881 0 -64 0
1882 0 -64 0
1883 1 63 1
1884 0 -64 0
1885 1 63 1
1886 1 63 1
1887 1 63 1
1888 1 63 1
1889 0 -64 0
1890 0 -64 0
1891 1 63 1
1892 0 -64 0
1893 1 63 1
1894 0 -64 0
1895 0 -64 0
1896 0 -64 0
1897 0 -64 0
1898 0 -64 0
1899 0 -64 0
1900 0 -64 0
1901 1 63 1
1902 0 -64 0
1903 1 63 1
1904 1 63 1
1905 0 -64 0
1906 1 63 1
1907 1 63 1
1908 1 63 1
1909 0 -64 0
1910 0 -64 0
1911 0 -64 0
1912 1 63 1
1913 1 63 1
1914 1 63 1
1915 0 -64 0
1916 1 63 1
1917 0 -64 0
1918 0 -64 0
1919 1 63 1
1920 0 -64 0
1921 1 63 1
1922 1 63 1
1923 0 -64 0
1924 0 -64 0
1925 1 63 1
1926 1 63 1
1927 0 -64 0
1928 0 -64 0
1929 0 -64 0
1930 1 63 1
1931 1 63 1
1932 1 63 1
1933 0 -64 0
1934 0 -64 0
1935 1 63 1
1936 1 63 1
1937 1 63 1
1938 0 -64 0
1939 1 63 1
1940 0 -64 0
1941 1 63 1
1942 0 -64 0
1943 1 63 1
1944 1 63 1
1945 1 63 1
1946 1 63 1
1947 1 63 1
1948 1 63 1
1949 1 63 1
1950 1 63 1
1951 1 50 1
1952 0 -64 0
1953 1 63 1
1954 1 63 1
1955 1 63 1
1956 1 63 1
1957 1 63 1
1958 0 -64 0
1959 0 -64 0
1960 0 -64 0
1961 1 63 1
1962 1 63 1
1963 1 63 1
1964 1 63 1
1965 0 -64 0
1966 1 63 1
1967 1 63 1
1968 0 -64 0
1969 1 53 1
1970 1 63 1
1971 1 63 1
1972 0 -64 0
1973 0 -64 0
1974 1 63 1
1975 0 -64 0
1976 0 -64 0
1977 0 -64 0
1978 0 -64 0
1979 1 63 1
1980 1 63 1
1981 1 63 1
1982 1 63 1
1983 0 -64 0
1984 0 -64 0
1985 0 -64 0
1986 1 63 1
1987 1 63 1
1988 1 63 1
1989 1 63 1
1990 1 63 1
1991 0 -64 0
1992 0 -64 0
1993 0 -64 0
1994 1 63 1
1995 0 -64 0
1996 0 -64 0
1997 0 -64 0
1998 0 -64 0
1999 1 63 1
2000 0 -38 0
2001 1 63 1
2002 0 -64 0
2003 0 -64 0
2004 0 -64 0
2005 1 63 1
2006 1 63 1
2007 1 63 1
2008 1 63 1
2009 1 63 1
2010 1 63 1
2011 0 -64 0
2012 0 -64 0
2013 0 -52 0
2014 1 63 1
2015 1 63 1
2016 0 -64 0
2017 0 -64 0
2018 1 63 1
2019 0 -64 0
2020 0 -64 0
2021 0 -64 0
2022 1 63 1
2023 0 -64 0
2024 1 63 1
2025 1 63 1
2026 1 63 1
2027 1 63 1
2028 0 -64 0
2029 0 -64 0
2030 1 63 1
2031 1 63 1
2032 0 -64 0
2033 1 63 1
2034 0 -64 0
2035 0 -64 0
2036 0 -64 0
2037 1 63 1
2038 1 63 1
2039 1 63 1
2040 0 -64 0
2041 1 63 1
2042 1 63 1
2043 0 -64 0
2044 1 63 1
2045 1 63 1
2046 0 -64 0
2047 1 63 1
2048 0 -64 0
2049 1 63 1
2050 1 63 1
2051 0 -64 0
2052 1 63 1
2053 0 -64 0
2054 0 -64 0
2055 0 -64 0
2056 0 -64 0
2057 0 -64 0
2058 1 63 1
2059 1 63 1
2060 1 63 1
2061 0 -64 0
2062 1 63 1
2063 1 63 1
2064 1 63 1
2065 0 -64 0
2066 0 -64 0
2067 0 -64 0
2068 1 63 1
2069 0 -64 0
2070 1 63 1
2071 1 63 1
2072 1 63 1
2073 0 -64 0
2074 0 -64 0
2075 0 -64 0
2076 1 63 1
2077 1 63 1
2078 0 -64 0
2079 1 63 1
2080 1 63 1
2081 1 63 1
2082 1 63 1
2083 0 -64 0
2084 1 63 1
2085 1 63 1
2086 0 -64 0
2087 0 -64 0
2088 1 63 1
2089 1 63 1
2090 0 -64 0
2091 1 63 1
2092 1 63 1
2093 1 63 1
2094 1 63 1
2095 0 -64 0
2096 0 -64 0
2097 0 -64 0
2098 1 63 1
2099 1 63 1
2100 0 -64 0
2101 0 -64 0
2102 1 63 1
2103 1 63 1
2104 1 63 1
2105 1 63 1
2106 1 63 1
2107 1 63 1
2108 1 63 1
2109 0 -64 0
2110 1 63 1
2111 0 -64 0
2112 0 -64 0
2113 1 63 1
2114 1 63 1
2115 0 -64 0
2116 1 63 1
2117 1 63 1
2118 1 63 1
2119 1 63 1
2120 0 -64 0
2121 1 63 1
2122 1 63 1
2123 0 -64 0
2124 1 62 1
2125 1 63 1
2126 0 -64 0
2127 0 -64 0
2128 1 63 1
2129 1 63 1
2130 1 63 1
2131 1 63 1
2132 1 63 1
2133 0 -64 0
2134 0 -64 0
2135 0 -64 0
2136 0 -64 0
2137 0 -64 0
2138 1 63 1
2139 1 63 1
2140 0 -64 0
2141 0 -64 0
2142 0 -64 0
2143 0 -64 0
2144 1 63 1
2145 1 63 1
2146 1 63 1
2147 1 63 1
2148 0 -64 0
2149 0 -64 0
2150 0 -64 0
2151 1 63 1
2152 0 -64 0
2153 1 63 1
2154 1 63 1
2155 1 63 1
2156 0 -64 0
2157 1 63 1
2158 0 -64 0
2159 1 63 1
2160 1 63 1
2161 0 -64 0
2162 1 63 1
2163 0 -64 0
2164 0 -64 0
2165 0 -64 0
2166 1 63 1
2167 0 -64 0
2168 0 -64 0
2169 0 -64 0
2170 0 -64 0
2171 1 63 1
2172 1 63 1
2173 0 -64 0
2174 0 -64 0
2175 1 63 1
2176 0 -64 0
2177 0 -64 0
2178 1 63 1
2179 1 63 1
2180 0 -64 0
2181 1 63 1
2182 1 63 1
2183 0 -64 0
2184 0 -64 0
2185 1 63 1
2186 1 63 1
2187 0 -64 0
2188 0 -64 0
2189 1 63 1
2190 1 63 1
2191 1 63 1
2192 0 -64 0
2193 0 -64 0
2194 0 -64 0
2195 1 63 1
2196 1 58 1
2197 0 -64 0
2198 0 -64 0
2199 0 -64 0
2200 1 63 1
2201 1 63 1
2202 1 63 1
2203 0 -64 0
2204 1 63 1
2205 1 63 1
2206 0 -64 0
2207 0 -64 0
2208 0 -64 0
2209 1 63 1
2210 0 -64 0
2211 1 63 1
2212 1 63 1
2213 1 63 1
2214 1 51 1
2215 1 63 1
2216 1 63 1
2217 0 -64 0
2218 0 -64 0
2219 1 63 1
2220 1 63 1
2221 1 63 1
2222 0 -64 0
2223 1 63 1
2224 1 63 1
2225 0 -64 0
2226 1 63 1
2227 1 63 1
2228 0 -64 0
2229 1 63 1
2230 1 63 1
2231 1 63 1
2232 0 -64 0
2233 1 63 1
2234 0 -64 0
2235 1 63 1
2236 0 -64 0
2237 1 63 1
2238 1 63 1
2239 0 -64 0
2240 1 63 1
2241 0 -64 0
2242 1 63 1
2243 1 63 1
2244 1 63 1
2245 1 59 1
2246 0 -64 0
2247 1 63 1
2248 0 -64 0
2249 0 -64 0
2250 0 -64 0
2251 1 63 1
2252 0 -64 0
2253 1 63 1
2254 1 63 1
2255 1 63 1
2256 0 -64 0
2257 0 -64 0
2258 0 -50 0
2259 0 -64 0
2260 1 63 1
2261 1 63 1
2262 0 -64 0
2263 0 -64 0
2264 1 63 1
2265 1 63 1
2266 0 -64 0
2267 0 -64 0
2268 0 -64 0
2269 0 -64 0
2270 1 63 1
2271 0 -64 0
2272 0 -64 0
2273 1 63 1
2274 0 -64 0
2275 0 -64 0
2276 0 -64 0
2277 1 63 1
2278 1 63 1
2279 0 -64 0
2280 1 63 1
2281 0 -64 0
2282 0 -64 0
2283 1 63 1
2284 1 63 1
2285 0 -64 0
2286 0 -64 0
2287 1 63 1
2288 0 -64 0
2289 0 -64 0
2290 0 -64 0
2291 0 -64 0
2292 1 63 1
2293 1 63 1
2294 1 63 1
2295 0 -64 0
2296 1 63 1
2297 1 63 1
2298 0 -64 0
2299 1 63 1
2300 1 63 1
2301 0 -64 0
2302 0 -64 0
2303 1 63 1
2304 1 63 1
2305 0 -64 0
2306 1 63 1
2307 0 -64 0
2308 1 63 1
2309 1 63 1
2310 0 -64 0
2311 1 63 1
2312 0 -64 0
2313 0 -64 0
2314 1 63 1
2315 1 63 1
2316 0 -64 0
2317 1 63 1
2318 0 -64 0
2319 1 63 1
2320 1 63 1
2321 1 63 1
2322 0 -64 0
2323 1 63 1
2324 0 -64 0
2325 1 63 1
2326 1 63 1
2327 0 -64 0
2328 0 -64 0
2329 1 63 1
2330 0 -64 0
2331 1 63 1
2332 0 -64 0
2333 1 63 1
2334 1 63 1
2335 0 -64 0
2336 0 -64 0
2337 0 -64 0
2338 1 63 1
2339 1 63 1
2340 1 63 1
2341 1 63 1
2342 0 -64 0
2343 0 -64 0
2344 1 63 1
2345 0 -64 0
2346 1 63 1
2347 1 63 1
2348 0 -64 0
2349 1 63 1
2350 1 63 1
2351 0 -42 0
2352 1 63 1
2353 1 63 1
2354 1 63 1
2355 1 63 1
2356 1 63 1
2357 1 63 1
2358 1 63 1
2359 0 -64 0
2360 0 -64 0
2361 0 -64 0
2362 1 63 1
2363 0 -64 0
2364 0 -64 0
2365 0 -64 0
2366 1 63 1
2367 1 63 1
2368 0 -64 0
2369 0 -37 0
2370 1 63 1
2371 0 -64 0
2372 0 -64 0
2373 0 -64 0
2374 0 -64 0
2375 0 -64 0
2376 0 -64 0
2377 1 63 1
2378 1 63 1
2379 0 -64 0
2380 0 -64 0
2381 0 -64 0
2382 1 63 1
2383 0 -64 0
2384 0 -64 0
2385 1 63 1
2386 0 -64 0
2387 1 63 1
2388 1 63 1
2389 1 63 1
2390 1 63 1
2391 0 -64 0
2392 0 -64 0
2393 1 63 1
2394 0 -64 0
2395 0 -64 0
2396 1 63 1
2397 1 63 1
2398 1 63 1
2399 1 63 1
2400 0 -38 0
2401 1 63 1
2402 0 -64 0
2403 0 -64 0
2404 1 63 1
2405 1 63 1
2406 1 63 1
2407 1 63 1
2408 1 63 1
2409 1 63 1
2410 0 -64 0
2411 1 63 1
2412 0 -64 0
2413 0 -36 0
2414 0 -64 0
2415 1 63 1
2416 1 63 1
2417 1 63 1
2418 1 63 1
2419 0 -64 0
2420 0 -64 0
2421 0 -64 0
2422 1 63 1
2423 1 63 1
2424 0 -64 0
2425 1 63 1
2426 0 -64 0
2427 0 -64 0
2428 0 -64 0
2429 0 -64 0
2430 0 -64 0
2431 1 63 1
2432 1 63 1
2433 0 -64 0
2434 0 -64 0
2435 1 63 1
2436 0 -64 0
2437 1 63 1
2438 1 63 1
2439 0 -64 0
2440 0 -64 0
2441 0 -64 0
2442 0 -64 0
2443 1 63 1
2444 0 -64 0
2445 1 63 1
2446 0 -64 0
2447 1 63 1
2448 1 63 1
2449 1 63 1
2450 0 -64 0
2451 1 63 1
2452 0 -64 0
2453 1 63 1
2454 1 63 1
2455 0 -64 0
2456 0 -64 0
2457 1 63 1
2458 1 63 1
2459 1 63 1
2460 0 -64 0
2461 0 -64 0
2462 0 -64 0
2463 1 63 1
2464 0 -64 0
2465 1 63 1
2466 0 -64 0
2467 0 -56 0
2468 0 -64 0
2469 0 -64 0
2470 1 63 1
2471 1 63 1
2472 0 -64 0
2473 1 63 1
2474 0 -64 0
2475 1 63 1
2476 1 63 1
2477 1 63 1
2478 1 63 1
2479 1 63 1
2480 1 63 1
2481 1 63 1
2482 0 -64 0
2483 0 -64 0
2484 1 63 1
2485 0 -64 0
2486 1 63 1
2487 1 63 1
2488 1 63 1
2489 1 63 1
2490 0 -64 0
2491 1 63 1
2492 1 63 1
2493 0 -64 0
2494 1 63 1
2495 1 63 1
2496 1 63 1
2497 0 -64 0
2498 0 -64 0
2499 0 -64 0
2500 1 63 1
2501 1 63 1
2502 1 63 1
2503 0 -57 0
2504 1 63 1
2505 0 -64 0
2506 0 -62 0
2507 0 -64 0
2508 1 63 1
2509 1 63 1
2510 1 63 1
2511 0 -64 0
2512 1 63 1
2513 1 63 1
2514 0 -64 0
2515 0 -64 0
2516 0 -64 0
2517 0 -64 0
2518 1 63 1
2519 1 63 1
2520 0 -64 0
2521 1 63 1
2522 1 63 1
2523 1 63 1
2524 1 53 1
2525 1 63 1
2526 0 -64 0
2527 0 -64 0
2528 1 63 1
2529 1 63 1
2530 1 63 1
2531 0 -64 0
2532 1 63 1
2533 0 -64 0
2534 1 63 1
2535 1 63 1
2536 1 63 1
2537 0 -64 0
2538 1 63 1
2539 1 63 1
2540 0 -64 0
2541 1 63 1
2542 1 63 1
2543 1 63 1
2544 0 -64 0
2545 1 63 1
2546 0 -64 0
2547 1 63 1
2548 0 -64 0
2549 1 63 1
2550 0 -64 0
2551 1 63 1
2552 1 63 1
2553 0 -64 0
2554 1 63 1
2555 1 63 1
2556 1 63 1
2557 0 -64 0
2558 0 -64 0
2559 0 -64 0
2560 1 63 1
2561 1 63 1
2562 1 63 1
2563 0 -64 0
2564 1 63 1
2565 0 -64 0
2566 0 -64 0
2567 0 -64 0
2568 0 -64 0
2569 0 -64 0
2570 1 63 1
2571 1 63 1
2572 1 63 1
2573 1 63 1
2574 1 63 1
2575 1 63 1
2576 1 63 1
2577 0 -64 0
2578 1 63 1
2579 1 63 1
2580 1 63 1
2581 1 63 1
2582 1 63 1
2583 0 -64 0
2584 0 -64 0
2585 1 63 1
2586 0 -64 0
2587 1 63 1
2588 1 63 1
2589 0 -64 0
2590 0 -64 0
2591 0 -64 0
2592 0 -64 0
2593 1 63 1
2594 1 63 1
2595 0 -64 0
2596 0 -60 0
2597 0 -64 0
2598 1 63 1
2599 1 63 1
2600 0 -64 0
2601 0 -64 0
2602 1 63 1
2603 1 63 1
2604 0 -64 0
2605 1 63 1
2606 1 63 1
2607 0 -64 0
2608 1 63 1
2609 0 -64 0
2610 0 -64 0
2611 1 63 1
2612 1 63 1
2613 1 63 1
2614 1 63 1
2615 0 -64 0
2616 0 -64 0
2617 0 -64 0
2618 0 -64 0
2619 1 63 1
2620 1 63 1
2621 1 63 1
2622 0 -64 0
2623 1 63 1
2624 0 -64 0
2625 1 63 1
2626 1 63 1
2627 0 -64 0
2628 0 -64 0
2629 0 -64 0
2630 1 63 1
2631 1 63 1
2632 1 63 1
2633 0 -64 0
2634 0 -64 0
2635 0 -64 0
2636 1 63 1
2637 0 -64 0
2638 0 -64 0
2639 0 -64 0
2640 1 63 1
2641 1 63 1
2642 0 -64 0
2643 0 -64 0
2644 0 -64 0
2645 0 -59 0
2646 0 -64 0
2647 1 63 1
2648 0 -64 0
2649 1 63 1
2650 1 63 1
2651 0 -64 0
2652 1 63 1
2653 1 63 1
2654 0 -64 0
2655 1 63 1
2656 1 63 1
2657 1 63 1
2658 1 40 1
2659 1 63 1
2660 1 63 1
2661 1 63 1
2662 1 63 1
2663 1 63 1
2664 1 63 1
2665 0 -64 0
2666 1 63 1
2667 0 -64 0
2668 1 63 1
2669 1 63 1
2670 0 -64 0
2671 1 63 1
2672 1 63 1
2673 0 -64 0
2674 1 63 1
2675 1 63 1
2676 1 63 1
2677 1 63 1
2678 1 63 1
2679 0 -64 0
2680 1 63 1
2681 1 63 1
2682 1 63 1
2683 1 63 1
2684 1 63 1
2685 0 -64 0
2686 0 -64 0
2687 1 63 1
2688 0 -64 0
2689 0 -64 0
2690 1 63 1
2691 1 63 1
2692 1 63 1
2693 0 -64 0
2694 1 63 1
2695 0 -64 0
2696 1 63 1
2697 0 -64 0
2698 0 -64 0
2699 1 63 1
2700 1 63 1
2701 1 63 1
2702 1 63 1
2703 0 -64 0
2704 1 63 1
2705 0 -64 0
2706 1 63 1
2707 1 63 1
2708 0 -64 0
2709 0 -64 0
2710 1 63 1
2711 0 -64 0
2712 0 -64 0
2713 1 63 1
2714 1 63 1
2715 1 63 1
2716 0 -64 0
2717 0 -64 0
2718 0 -64 0
2719 1 63 1
2720 0 -64 0
2721 1 63 1
2722 1 63 1
2723 0 -64 0
2724 1 63 1
2725 0 -64 0
2726 1 63 1
2727 1 63 1
2728 1 63 1
2729 0 -64 0
2730 0 -64 0
2731 0 -64 0
2732 0 -64 0
2733 0 -64 0
2734 1 63 1
2735 1 63 1
2736 0 -64 0
2737 0 -64 0
2738 1 63 1
2739 0 -64 0
2740 0 -64 0
2741 1 63 1
2742 0 -64 0
2743 1 63 1
2744 1 63 1
2745 0 -64 0
2746 0 -64 0
2747 0 -64 0
2748 1 63 1
2749 1 63 1
2750 0 -64 0
2751 0 -62 0
2752 1 63 1
2753 0 -64 0
2754 1 63 1
2755 1 63 1
2756 1 63 1
2757 1 63 1
2758 0 -64 0
2759 1 63 1
2760 1 63 1
2761 0 -64 0
2762 0 -64 0
2763 1 63 1
2764 1 63 1
2765 0 -64 0
2766 1 63 1
2767 0 -64 0
2768 1 63 1
2769 1 52 1
2770 1 63 1
2771 0 -64 0
2772 1 63 1
2773 1 63 1
2774 0 -64 0
2775 0 -64 0
2776 0 -64 0
2777 1 63 1
2778 1 63 1
2779 1 63 1
2780 1 63 1
2781 1 63 1
2782 1 63 1
2783 1 63 1
2784 1 63 1
2785 0 -64 0
2786 1 63 1
2787 0 -64 0
2788 1 63 1
2789 1 63 1
2790 1 63 1
2791 1 63 1
2792 1 63 1
2793 1 63 1
2794 0 -64 0
2795 1 63 1
2796 1 63 1
2797 1 63 1
2798 1 63 1
2799 1 63 1
2800 1 39 1
2801 1 63 1
2802 0 -64 0
2803 1 63 1
2804 1 63 1
2805 0 -64 0
2806 0 -64 0
2807 1 63 1
2808 1 63 1
2809 1 63 1
2810 0 -64 0
2811 0 -64 0
2812 1 63 1
2813 1 63 1
2814 0 -64 0
2815 0 -64 0
2816 0 -64 0
2817 1 63 1
2818 1 63 1
2819 1 63 1
2820 0 -64 0
2821 1 63 1
2822 1 63 1
2823 1 63 1
2824 1 63 1
2825 1 63 1
2826 1 63 1
2827 0 -64 0
2828 1 63 1
2829 0 -64 0
2830 0 -64 0
2831 0 -64 0
2832 1 63 1
2833 1 63 1
2834 1 63 1
2835 0 -64 0
2836 1 63 1
2837 1 63 1
2838 0 -64 0
2839 0 -64 0
2840 0 -64 0
2841 1 63 1
2842 0 -64 0
2843 0 -64 0
2844 1 63 1
2845 0 -64 0
2846 0 -64 0
2847 1 63 1
2848 1 63 1
2849 1 63 1
2850 0 -64 0
2851 0 -64 0
2852 1 63 1
2853 1 63 1
2854 0 -64 0
2855 1 63 1
2856 1 63 1
2857 1 63 1
2858 1 63 1
2859 0 -64 0
2860 1 63 1
2861 0 -64 0
2862 1 63 1
2863 1 63 1
2864 1 63 1
2865 1 63 1
2866 0 -64 0
2867 0 -60 0
2868 1 63 1
2869 0 -64 0
2870 1 63 1
2871 0 -64 0
2872 1 63 1
2873 0 -64 0
2874 0 -64 0
2875 0 -64 0
2876 0 -64 0
2877 0 -64 0
2878 1 63 1
2879 1 63 1
2880 0 -64 0
2881 1 63 1
2882 1 63 1
2883 1 63 1
2884 1 63 1
2885 1 63 1
2886 0 -64 0
2887 1 63 1
2888 0 -64 0
2889 1 63 1
2890 1 63 1
2891 1 63 1
2892 0 -64 0
2893 0 -64 0
2894 1 63 1
2895 1 63 1
2896 0 -64 0
2897 1 63 1
2898 0 -64 0
2899 1 63 1
2900 0 -64 0
2901 1 63 1
2902 1 63 1
2903 0 -64 0
2904 0 -64 0
2905 1 63 1
2906 1 63 1
2907 0 -64 0
2908 0 -64 0
2909 1 63 1
2910 0 -64 0
2911 1 63 1
2912 1 63 1
2913 1 63 1
2914 0 -64 0
2915 0 -64 0
2916 1 63 1
2917 0 -64 0
2918 0 -64 0
2919 1 63 1
2920 1 63 1
2921 0 -64 0
2922 1 63 1
2923 1 63 1
2924 1 60 1
2925 0 -64 0
2926 0 -64 0
2927 0 -64 0
2928 0 -64 0
2929 1 63 1
2930 0 -64 0
2931 1 63 1
2932 0 -64 0
2933 1 63 1
2934 1 63 1
2935 1 63 1
2936 0 -64 0
2937 0 -64 0
2938 0 -64 0
2939 0 -64 0
2940 0 -64 0
2941 0 -64 0
2942 1 63 1
2943 1 63 1
2944 0 -64 0
2945 1 63 1
2946 1 63 1
2947 1 63 1
2948 1 63 1
2949 0 -64 0
2950 0 -64 0
2951 0 -64 0
2952 0 -64 0
2953 0 -64 0
2954 0 -64 0
2955 0 -64 0
2956 0 -64 0
2957 0 -64 0
2958 0 -64 0
2959 1 63 1
2960 1 63 1
2961 0 -64 0
2962 1 63 1
2963 1 63 1
2964 0 -64 0
2965 1 63 1
2966 0 -64 0
2967 0 -64 0
2968 1 63 1
2969 0 -64 0
2970 1 63 1
2971 0 -64 0
2972 1 63 1
2973 0 -64 0
2974 1 63 1
2975 1 63 1
2976 0 -64 0
2977 0 -64 0
2978 1 63 1
2979 0 -64 0
2980 1 63 1
2981 1 63 1
2982 0 -64 0
2983 0 -64 0
2984 0 -64 0
2985 0 -64 0
2986 1 63 1
2987 0 -64 0
2988 1 63 1
2989 0 -64 0
2990 0 -64 0
2991 0 -64 0
2992 0 -64 0
2993 1 63 1
2994 0 -64 0
2995 1 63 1
2996 0 -62 0
2997 1 63 1
2998 1 63 1
2999 1 63 1
3000 0 -64 0
3001 1 63 1
3002 1 63 1
3003 1 63 1
3004 0 -64 0
3005 1 63 1
3006 0 -64 0
3007 1 63 1
3008 0 -64 0
3009 1 63 1
3010 1 63 1
3011 1 63 1
3012 0 -64 0
3013 0 -64 0
3014 0 -64 0
3015 1 63 1
3016 1 63 1
3017 1 63 1
3018 1 63 1
3019 1 63 1
3020 1 63 1
3021 1 63 1
3022 1 61 1
3023 1 63 1
3024 0 -64 0
3025 0 -64 0
3026 1 63 1
3027 1 63 1
3028 0 -64 0
3029 1 63 1
3030 0 -64 0
3031 0 -64 0
3032 0 -64 0
3033 1 63 1
3034 1 63 1
3035 1 63 1
3036 1 63 1
3037 0 -64 0
3038 0 -64 0
3039 0 -64 0
3040 1 63 1
3041 1 63 1
3042 0 -64 0
3043 0 -64 0
3044 0 -64 0
3045 0 -33 0
3046 1 63 1
3047 0 -64 0
3048 0 -64 0
3049 0 -64 0
3050 0 -64 0
3051 1 63 1
3052 0 -64 0
3053 0 -64 0
3054 1 63 1
3055 0 -64 0
3056 1 63 1
3057 0 -64 0
3058 1 43 1
3059 0 -64 0
3060 0 -64 0
3061 1 63 1
3062 0 -64 0
3063 0 -64 0
3064 0 -64 0
3065 1 63 1
3066 1 63 1
3067 0 -64 0
3068 0 -64 0
3069 0 -64 0
3070 0 -64 0
3071 1 63 1
3072 0 -64 0
3073 1 63 1
3074 0 -64 0
3075 1 63 1
3076 1 63 1
3077 0 -64 0
3078 0 -64 0
3079 1 63 1
3080 0 -64 0
3081 1 63 1
3082 0 -64 0
3083 0 -64 0
3084 0 -64 0
3085 1 63 1
3086 0 -64 0
3087 0 -64 0
3088 0 -64 0
3089 1 63 1
3090 0 -64 0
3091 1 63 1
3092 0 -64 0
3093 1 63 1
3094 1 63 1
3095 1 63 1
3096 0 -64 0
3097 1 63 1
3098 1 63 1
3099 1 63 1
3100 0 -64 0
3101 1 63 1
3102 1 63 1
3103 0 -64 0
3104 0 -64 0
3105 0 -64 0
3106 1 63 1
3107 0 -64 0
3108 0 -64 0
3109 1 63 1
3110 0 -64 0
3111 1 63 1
3112 0 -64 0
3113 0 -64 0
3114 0 -64 0
3115 1 63 1
3116 1 63 1
3117 0 -64 0
3118 1 63 1
3119 1 63 1
3120 0 -64 0
3121 0 -64 0
3122 1 63 1
3123 1 63 1
3124 0 -64 0
3125 1 63 1
3126 0 -64 0
3127 1 63 1
3128 1 63 1
3129 1 63 1
3130 1 63 1
3131 1 63 1
3132 1 63 1
3133 0 -64 0
3134 0 -64 0
3135 0 -64 0
3136 1 63 1
3137 0 -64 0
3138 0 -64 0
3139 0 -64 0
3140 0 -64 0
3141 1 63 1
3142 1 63 1
3143 0 -64 0
3144 0 -64 0
3145 1 63 1
3146 0 -64 0
3147 1 63 1
3148 0 -64 0
3149 1 63 1
3150 0 -64 0
3151 0 -55 0
3152 1 63 1
3153 0 -64 0
3154 0 -64 0
3155 1 63 1
3156 1 63 1
3157 1 63 1
3158 0 -64 0
3159 0 -64 0
3160 1 63 1
3161 0 -64 0
3162 0 -64 0
3163 0 -64 0
3164 0 -64 0
3165 0 -64 0
3166 1 63 1
3167 0 -64 0
3168 0 -64 0
3169 1 -64 0
3170 0 -64 0
3171 1 63 1
3172 0 -64 0
3173 1 63 1
3174 0 -64 0
3175 1 63 1
3176 0 -64 0
3177 0 -64 0
3178 1 63 1
3179 0 -64 0
3180 0 -64 0
3181 0 -64 0
3182 0 -64 0
3183 0 -64 0
3184 0 -64 0
3185 0 -64 0
3186 1 63 1
3187 1 63 1
3188 1 63 1
3189 0 -64 0
3190 1 63 1
3191 0 -64 0
3192 1 63 1
3193 1 63 1
3194 0 -64 0
3195 0 -64 0
3196 1 63 1
3197 0 -64 0
3198 0 -64 0
3199 0 -64 0
