# idx_orig bit_orig post_llr hard
0 0 -88416.16221673 0
1 0 -88628.21102130 0
2 1 89964.28641748 1
3 0 -72486.77463098 0
4 0 -80939.34925905 0
5 0 -87863.97486725 0
6 1 92106.94280556 1
7 0 -93971.69093813 0
8 0 -84132.87892100 0
9 1 90547.05774748 1
10 0 -69620.56796260 0
11 0 -76761.15773294 0
12 0 -81564.32012737 0
13 1 82069.79788230 1
14 1 82197.32463731 1
15 0 -76329.38871887 0
16 1 84070.20047421 1
17 1 59910.99148109 1
18 1 70288.15941504 1
19 1 80030.84657515 1
20 1 76365.62839125 1
21 0 -79496.85101987 0
22 0 -70511.94026539 0
23 0 -83042.67111318 0
24 0 -59215.13644570 0
25 0 -71591.43610121 0
26 1 79718.21550208 1
27 1 90306.31288014 1
28 1 79275.26528845 1
29 1 85706.27612843 1
30 0 -98327.16970072 0
31 0 -68684.97596055 0
32 1 86419.00700681 1
33 1 86355.27183835 1
34 1 87342.02092708 1
35 0 -91021.18066032 0
36 1 90924.95955785 1
37 0 -99396.18967731 0
38 0 -76395.39329324 0
39 0 -88338.14737311 0
40 0 -93942.80163323 0
41 1 96376.47955199 1
42 0 -91298.64644846 0
43 0 -92796.17249732 0
44 1 98209.18179875 1
45 0 -84252.05521863 0
46 1 97028.12149884 1
47 1 101176.28144660 1
48 0 -94467.86574282 0
49 1 95631.00638567 1
50 0 -92976.05394036 0
51 0 -105451.88515008 0
52 1 71736.01238462 1
53 0 -93364.99602424 0
54 0 -88526.78644221 0
55 0 -101718.87328535 0
56 1 96333.84481194 1
57 0 -86876.42503592 0
58 1 104960.55114030 1
59 0 -72510.31895668 0
60 1 90108.47016547 1
61 1 96398.36765815 1
62 1 76365.62839125 1
63 1 86991.56913842 1
64 0 -90074.86342304 0
65 1 97087.36417736 1
66 0 -75227.87082284 0
67 1 80332.46917317 1
68 1 82409.08685169 1
69 0 -79933.14390543 0
70 1 92022.62214882 1
71 0 -81539.16114385 0
72 1 89954.34137675 1
73 1 65401.14071244 1
74 0 -74897.78887711 0
75 1 86876.74097055 1
76 0 -77988.64025500 0
77 1 86282.08253990 1
78 0 -76867.24203819 0
79 1 86847.42808404 1
80 0 -65240.65069107 0
81 1 83520.64051422 1
82 1 79637.87188261 1
83 0 -84950.20209823 0
84 0 -95216.17897996 0
85 1 82969.50002767 1
86 0 -91422.66660009 0
87 1 73158.48017454 1
88 0 -83491.01217288 0
89 1 85269.65233144 1
90 0 -90149.74336864 0
91 1 87171.93439582 1
92 1 82943.12889898 1
93 0 -90576.20896114 0
94 1 71672.48416888 1
95 1 89553.41019221 1
96 0 -91451.44719005 0
97 0 -90987.44050441 0
98 1 86482.42885411 1
99 1 78255.40767290 1
100 1 91714.50949253 1
101 1 80296.52160769 1
102 0 -81151.05753862 0
103 0 -91650.47428091 0
104 1 86955.25512484 1
105 0 -92122.13744591 0
106 0 -79551.91718810 0
107 1 91908.15673120 1
108 1 65100.84474024 1
109 0 -85342.70221572 0
110 1 94349.80916897 1
111 0 -99771.71698061 0
112 0 -98927.06042584 0
113 0 -85261.59912735 0
114 1 94751.65922489 1
115 0 -81999.37025367 0
116 0 -83416.67919824 0
117 1 81949.81392627 1
118 0 -95847.97341790 0
119 0 -81440.57752380 0
120 0 -81083.39978415 0
121 0 -96250.33227852 0
122 1 70087.88183324 1
123 1 83301.85732653 1
124 1 92991.23587446 1
125 1 96851.80974834 1
126 1 85254.52053890 1
127 1 76597.83357643 1
128 0 -85520.00891663 0
129 0 -62247.98950050 0
130 1 83708.59850851 1
131 0 -88774.01327573 0
132 0 -103124.93389651 0
133 1 80345.39973946 1
134 0 -84671.99690863 0
135 1 93741.31812637 1
136 1 69151.67265468 1
137 0 -80939.69881968 0
138 1 91703.63396581 1
139 1 83511.22248408 1
140 1 90149.16127293 1
141 0 -82425.02695256 0
142 1 93276.54130211 1
143 1 68739.36238783 1
144 1 88586.17963403 1
145 0 -97861.24155758 0
146 1 80621.09786746 1
147 1 83681.88307353 1
148 1 77406.42844976 1
149 1 86922.00675455 1
150 1 67482.52233243 1
151 1 84569.43324308 1
152 1 91837.07978892 1
153 0 -86057.23819279 0
154 0 -85874.93697878 0
155 0 -77349.52172063 0
156 0 -98711.08913143 0
157 1 59215.13644570 1
158 1 82240.28501397 1
159 1 87618.59329632 1
160 1 94455.65100251 1
161 1 78700.70692882 1
162 1 71322.17136728 1
163 0 -94107.32977871 0
164 0 -64010.83977268 0
165 1 82717.12890700 1
166 1 90814.58120474 1
167 0 -90433.95414486 0
168 1 77664.63421342 1
169 0 -81562.92423912 0
170 1 95313.79618524 1
171 0 -65548.91024940 0
172 0 -88006.71560326 0
173 0 -87927.32932728 0
174 0 -96619.04778753 0
175 1 86883.26825458 1
176 0 -87502.43702045 0
177 1 96510.58885317 1
178 1 84069.26813187 1
179 0 -82948.55124366 0
180 1 85239.04463110 1
181 1 101583.79393230 1
182 1 103873.59350759 1
183 1 78344.28713453 1
184 0 -104306.40371186 0
185 0 -79310.15028087 0
186 1 86828.12550143 1
187 0 -84667.07804081 0
188 1 96562.33754639 1
189 1 92082.26408782 1
190 1 75883.67262203 1
191 0 -94608.26518143 0
192 0 -85821.13086500 0
193 1 88065.41493769 1
194 1 86524.33109996 1
195 0 -95281.13180773 0
196 0 -88837.50295409 0
197 1 81324.11481951 1
198 1 97143.88156035 1
199 1 80490.84452485 1
200 0 -90895.29789907 0
201 1 83859.28982833 1
202 0 -97947.64369595 0
203 1 97620.46441784 1
204 1 85986.56334614 1
205 1 86176.85858393 1
206 1 67776.48612583 1
207 1 80086.72811427 1
208 1 94111.56783700 1
209 0 -91885.13449581 0
210 1 89599.34076553 1
211 0 -72066.69759829 0
212 1 91122.58598470 1
213 0 -72827.23101542 0
214 1 70119.56039134 1
215 1 85303.48656110 1
216 1 96029.46061009 1
217 1 94576.27497030 1
218 0 -82809.03868729 0
219 1 91761.15387549 1
220 0 -77702.24458665 0
221 0 -67307.80980220 0
222 1 91591.10985248 1
223 1 100710.08415534 1
224 1 103896.51927401 1
225 1 89615.07063445 1
226 1 94551.73273549 1
227 1 94154.88344580 1
228 1 88185.29624298 1
229 0 -95149.85403810 0
230 0 -104561.67018207 0
231 0 -92507.00920534 0
232 0 -94914.79637648 0
233 0 -98295.66831119 0
234 1 80035.34109932 1
235 1 70543.13594069 1
236 1 86938.05686834 1
237 0 -91824.58582459 0
238 1 95653.48798985 1
239 0 -84544.88968018 0
240 1 92678.42065487 1
241 1 75169.42813098 1
242 1 73584.42826606 1
243 1 84844.60877590 1
244 0 -89799.85078737 0
245 1 86927.41583821 1
246 1 81306.30400928 1
247 1 90644.11335056 1
248 1 77981.36215753 1
249 0 -79082.55319805 0
250 1 83598.11323018 1
251 1 93707.18748286 1
252 1 96734.80560104 1
253 1 99265.06379916 1
254 1 94084.00151741 1
255 0 -81814.21199650 0
256 0 -87116.59341037 0
257 0 -97757.63862885 0
258 1 102083.08383149 1
259 1 105582.78672950 1
260 1 98255.55532884 1
261 1 102145.54417564 1
262 0 -86145.21283623 0
263 0 -92038.83902444 0
264 1 84834.90364691 1
265 0 -93768.90002000 0
266 0 -110246.74434344 0
267 1 82942.39743010 1
268 1 102589.62248146 1
269 0 -81869.92010545 0
270 0 -93126.79115040 0
271 1 82412.82302594 1
272 1 92409.34748638 1
273 1 106453.78907816 1
274 1 90897.74133201 1
275 0 -94412.71289641 0
276 1 82149.46436920 1
277 1 82670.90697882 1
278 1 92601.74039542 1
279 0 -93623.60354236 0
280 0 -103756.25113654 0
281 0 -81543.53188230 0
282 0 -98281.78014338 0
283 1 73964.46082900 1
284 1 70626.00985655 1
285 1 81576.13210897 1
286 1 88067.30056766 1
287 1 95573.56488189 1
288 0 -81270.13944546 0
289 0 -86577.26837606 0
290 0 -69438.50809875 0
291 1 78021.34731135 1
292 1 73358.23316961 1
293 1 88599.06450496 1
294 0 -98170.09690181 0
295 1 77063.18693312 1
296 0 -90108.28058024 0
297 1 72451.47369714 1
298 0 -76961.06815167 0
299 0 -86526.81450810 0
300 1 87488.26522471 1
301 0 -98661.77110302 0
302 1 78650.71525771 1
303 0 -94696.34773631 0
304 0 -71360.93660383 0
305 0 -80246.08780578 0
306 0 -78089.70397632 0
307 0 -85996.23859780 0
308 0 -99734.02001905 0
309 1 80980.80629441 1
310 1 88116.02301634 1
311 0 -81835.35838458 0
312 1 90129.37256656 1
313 0 -88435.31078875 0
314 1 100516.30583424 1
315 0 -108893.77554141 0
316 0 -91366.46215960 0
317 1 94024.79870659 1
318 1 85251.55252086 1
319 0 -88030.93807180 0
320 1 87805.83877261 1
321 1 110381.28395599 1
322 1 105073.42726926 1
323 0 -96153.66222448 0
324 1 112873.85000062 1
325 1 94783.01894014 1
326 0 -91949.48098856 0
327 1 90557.41246626 1
328 0 -106959.58882469 0
329 0 -110922.98508131 0
330 0 -90589.70930878 0
331 0 -112409.63875656 0
332 0 -90489.11737457 0
333 1 99549.19288639 1
334 1 92304.13294489 1
335 1 100941.80806197 1
336 1 102589.66222159 1
337 0 -94081.30291273 0
338 0 -101267.52444404 0
339 0 -99746.80887059 0
340 1 99163.63453767 1
341 0 -98891.59493910 0
342 1 102854.16996495 1
343 0 -105311.06995854 0
344 0 -98088.61262832 0
345 0 -105442.67628880 0
346 1 86986.84326376 1
347 0 -98421.36510661 0
348 1 94556.91285065 1
349 1 107409.65742050 1
350 1 91088.50445151 1
351 0 -93811.40469758 0
352 0 -97392.80294217 0
353 1 88384.49026054 1
354 0 -95563.79110909 0
355 0 -89100.09652341 0
356 1 99022.13680711 1
357 1 103282.10542575 1
358 0 -95213.80813115 0
359 1 99345.46868180 1
360 0 -93912.06424560 0
361 1 89924.40654523 1
362 1 97627.52057869 1
363 1 99772.17442704 1
364 1 92568.77165628 1
365 1 93190.07654095 1
366 1 97057.68909466 1
367 1 95527.88858665 1
368 1 97459.35591758 1
369 0 -98380.88108213 0
370 1 108729.70009293 1
371 0 -102586.93002536 0
372 0 -94405.22766601 0
373 1 90445.43047638 1
374 0 -92739.78499739 0
375 1 94390.70265405 1
376 1 86251.10913435 1
377 0 -108403.62431502 0
378 1 101222.94151241 1
379 1 93263.42000918 1
380 1 93380.98596934 1
381 0 -87976.18235402 0
382 0 -93486.14472722 0
383 1 91063.28481311 1
384 0 -100436.15227310 0
385 1 99302.64279929 1
386 0 -97488.25267446 0
387 0 -95618.48897029 0
388 1 90638.14476538 1
389 1 92337.89444689 1
390 0 -97576.77375776 0
391 0 -98677.47194232 0
392 1 107164.37017435 1
393 1 81252.36692123 1
394 0 -97152.11699117 0
395 0 -87688.75110832 0
396 1 92237.97584164 1
397 1 95758.04335121 1
398 0 -97166.01839610 0
399 1 96319.59080254 1
400 1 85502.33521531 1
401 0 -91631.27289058 0
402 1 95905.15773298 1
403 1 90307.29368131 1
404 1 92632.79697807 1
405 1 91222.92011011 1
406 1 100763.69097653 1
407 0 -93768.14984844 0
408 0 -106268.10726961 0
409 1 97048.79490261 1
410 0 -96527.46340009 0
411 0 -86454.81050580 0
412 0 -95532.31055564 0
413 1 93162.05332189 1
414 1 99133.23813180 1
415 1 99076.60094064 1
416 0 -87587.27255967 0
417 0 -103092.90414308 0
418 0 -88230.64042797 0
419 1 105462.11090185 1
420 0 -92904.38128365 0
421 1 92992.00715456 1
422 0 -103059.21415255 0
423 0 -87642.79483699 0
424 0 -102740.72732506 0
425 0 -87503.92562195 0
426 1 96774.88804986 1
427 0 -90100.85017566 0
428 0 -82567.47358208 0
429 0 -99947.67351250 0
430 0 -83234.61424773 0
431 1 94287.70949434 1
432 0 -82775.77182586 0
433 0 -89642.62255839 0
434 0 -85594.04609974 0
435 1 87838.86924463 1
436 0 -87723.55176579 0
437 0 -85933.61831531 0
438 0 -94197.84249859 0
439 1 83894.18087737 1
440 0 -89257.39605940 0
441 1 84443.35186818 1
442 0 -79893.47986628 0
443 0 -94000.32893606 0
444 0 -75243.35036810 0
445 1 89989.80676663 1
446 1 89667.78223439 1
447 0 -95277.12076398 0
448 1 92314.84244620 1
449 0 -74769.63935971 0
450 1 98882.45925186 1
451 0 -84280.92898134 0
452 1 88345.27608774 1
453 0 -89893.12754440 0
454 0 -102977.80037269 0
455 0 -89832.81096734 0
456 1 69495.83515157 1
457 1 97386.67632450 1
458 1 75417.25988433 1
459 1 99107.04433114 1
460 1 86863.00068809 1
461 1 106563.57412104 1
462 1 95868.56711249 1
463 0 -81473.35023467 0
464 0 -97437.42955849 0
465 1 78179.69381752 1
466 1 100059.48574780 1
467 1 100605.82806343 1
468 0 -110435.84616547 0
469 1 104319.19992012 1
470 1 86289.62795422 1
471 0 -100133.21893144 0
472 0 -82736.78390720 0
473 1 101414.89020406 1
474 0 -86525.08657276 0
475 0 -111305.09569764 0
476 1 102716.93265371 1
477 1 92848.98550861 1
478 0 -96947.05254273 0
479 0 -99549.79103118 0
480 1 98594.70616065 1
481 0 -86615.48967653 0
482 0 -106996.72276017 0
483 1 95862.30938742 1
484 1 87083.49647078 1
485 0 -100758.26763318 0
486 1 95022.91256468 1
487 0 -102416.86927480 0
488 0 -90709.62098149 0
489 1 112556.94737183 1
490 1 100785.59962037 1
491 0 -89322.25867977 0
492 0 -79930.72533488 0
493 1 92897.54594878 1
494 0 -92117.08179029 0
495 0 -83459.94460918 0
496 0 -97313.24845858 0
497 0 -90232.14864228 0
498 1 81206.73300300 1
499 0 -82396.31679527 0
500 0 -86758.66425151 0
501 0 -100889.22499920 0
502 0 -83622.26041910 0
503 0 -101826.86232376 0
504 1 92914.93824031 1
505 0 -95198.57328334 0
506 1 86369.30485361 1
507 1 89174.34849268 1
508 1 100948.29751635 1
509 0 -85144.92997507 0
510 0 -101344.82789999 0
511 0 -106474.55858040 0
512 0 -91914.16692067 0
513 1 89782.59945984 1
514 0 -82134.66202256 0
515 1 100431.67411254 1
516 0 -90779.74252368 0
517 0 -105853.35204951 0
518 0 -95824.07901460 0
519 1 93018.28517226 1
520 0 -90977.74507460 0
521 1 96915.38084165 1
522 0 -92644.27303036 0
523 1 86933.64626465 1
524 1 101368.01046419 1
525 1 101711.36117841 1
526 0 -81206.82822415 0
527 1 87916.59578273 1
528 0 -95586.73734712 0
529 0 -99351.06937188 0
530 0 -84057.11096117 0
531 0 -98046.84649697 0
532 0 -103996.04256049 0
533 0 -78916.82119948 0
534 1 91385.07956561 1
535 0 -88948.02068076 0
536 0 -94704.49744010 0
537 1 87058.97857500 1
538 0 -100488.04951999 0
539 1 104857.79909151 1
540 1 90306.62329733 1
541 0 -96925.42509348 0
542 0 -80596.70197316 0
543 1 89776.98370528 1
544 0 -84881.27572634 0
545 0 -104328.72035663 0
546 1 100661.16440436 1
547 0 -88619.99009897 0
548 0 -95521.75332729 0
549 0 -89366.40549483 0
550 0 -97737.83414904 0
551 1 90252.26598405 1
552 1 103441.38324099 1
553 1 105755.98893156 1
554 1 100720.30141737 1
555 0 -104350.90209220 0
556 0 -95742.56312362 0
557 0 -91588.23557179 0
558 1 95507.21125373 1
559 1 106280.07819632 1
560 0 -102758.15386175 0
561 1 99107.99446442 1
562 1 89957.21226637 1
563 0 -88513.01500900 0
564 1 90791.09876831 1
565 1 96172.12886099 1
566 0 -102784.19642197 0
567 1 94273.64027830 1
568 0 -84742.43418212 0
569 1 84164.82134419 1
570 1 90307.87513068 1
571 1 97612.76768055 1
572 1 93851.28175117 1
573 1 101549.95871992 1
574 1 102497.58270286 1
575 1 105204.22100289 1
576 0 -82812.04711427 0
577 1 83864.85548179 1
578 0 -97337.23095361 0
579 0 -92001.21947860 0
580 0 -103976.00897917 0
581 1 116657.66898227 1
582 0 -84160.70677367 0
583 1 88986.83894538 1
584 0 -94612.02108563 0
585 0 -87418.07541630 0
586 1 94835.38628022 1
587 1 98067.47012054 1
588 0 -98062.00069871 0
589 1 82895.67740874 1
590 0 -82238.56433742 0
591 0 -83589.30995957 0
592 1 92573.77298828 1
593 1 82758.22833798 1
594 1 98873.02256808 1
595 0 -107301.86929765 0
596 1 84964.75766470 1
597 1 76481.27477832 1
598 1 79111.64272911 1
599 1 74360.60678158 1
600 1 83923.68149499 1
601 0 -100365.30664910 0
602 1 100880.82567957 1
603 1 87815.76681159 1
604 0 -83584.01513763 0
605 0 -82044.40653820 0
606 1 73916.25120610 1
607 1 77808.66473148 1
608 1 99602.47779728 1
609 1 102636.17437650 1
610 1 76747.68425497 1
611 1 85782.42436228 1
612 0 -83967.31229545 0
613 1 80094.69568922 1
614 1 80924.55689552 1
615 0 -97492.46592511 0
616 0 -108003.61242351 0
617 1 83852.22536282 1
618 1 87092.10669182 1
619 0 -82770.83499878 0
620 1 90687.53509864 1
621 1 77597.52774413 1
622 0 -108839.82462992 0
623 0 -106668.45883497 0
624 0 -93978.67533504 0
625 1 92178.42144316 1
626 1 80624.13292788 1
627 0 -94582.02882691 0
628 0 -78066.91698220 0
629 1 105854.55721843 1
630 0 -101267.68848609 0
631 1 93144.73105850 1
632 0 -95678.97495698 0
633 1 84058.69963255 1
634 1 93573.64312773 1
635 1 81334.87786024 1
636 0 -104766.37612623 0
637 0 -94316.32388352 0
638 1 93100.54390014 1
639 0 -77538.98596042 0
640 0 -69396.78042404 0
641 0 -80711.96341374 0
642 0 -67422.13635451 0
643 0 -101248.21417550 0
644 0 -97012.37249091 0
645 1 79420.91622817 1
646 1 77083.32445927 1
647 0 -66488.83256139 0
648 1 79683.87162255 1
649 0 -65281.08988688 0
650 0 -92367.87170323 0
651 0 -91419.00004932 0
652 0 -88752.66729452 0
653 1 87339.65300659 1
654 1 80738.32457932 1
655 1 74559.87718734 1
656 0 -74821.77447360 0
657 1 94349.40568546 1
658 1 101504.23900380 1
659 1 86429.84943344 1
660 1 90849.72992231 1
661 0 -74896.40706925 0
662 0 -81739.64058385 0
663 0 -77251.90973661 0
664 1 98532.85797089 1
665 0 -88469.58482269 0
666 0 -80477.44709971 0
667 1 87729.25986998 1
668 0 -89620.10736319 0
669 1 85158.56663148 1
670 0 -74489.89908227 0
671 1 89683.51481348 1
672 0 -99091.57719762 0
673 1 87905.63373228 1
674 0 -91371.02017415 0
675 0 -82964.37888679 0
676 0 -102856.34710693 0
677 1 86209.74843521 1
678 0 -98778.36269680 0
679 0 -104786.68997885 0
680 0 -98971.72490563 0
681 0 -91825.28453605 0
682 1 91288.45084648 1
683 0 -103390.02317950 0
684 0 -93641.30985295 0
685 0 -100619.75087137 0
686 1 91069.67344063 1
687 1 99870.76166329 1
688 1 103312.56936439 1
689 0 -96915.30699760 0
690 0 -99753.59061952 0
691 1 83610.23844770 1
692 1 111356.89713063 1
693 0 -100153.62244059 0
694 1 100679.26055708 1
695 0 -99775.79630962 0
696 0 -91564.35033823 0
697 1 101687.36151807 1
698 0 -93248.63558709 0
699 1 104972.97011495 1
700 0 -104121.97021542 0
701 0 -96481.47478972 0
702 1 98911.89183422 1
703 0 -97516.78920869 0
704 1 97399.69235666 1
705 0 -87005.49465820 0
706 0 -108609.10343910 0
707 1 99599.90910982 1
708 0 -92284.97922421 0
709 0 -102104.98471962 0
710 0 -94654.75192064 0
711 1 98908.34932358 1
712 1 86815.88543866 1
713 0 -109578.91952592 0
714 0 -93803.27761648 0
715 0 -95188.40249802 0
716 0 -105651.48394897 0
717 1 85879.24091826 1
718 1 101912.63329988 1
719 0 -88632.76869992 0
720 1 107728.59604609 1
721 0 -103097.42710832 0
722 0 -97553.98181714 0
723 1 103525.23690891 1
724 0 -91627.52068890 0
725 0 -99316.75182954 0
726 0 -90603.63712592 0
727 1 103584.71939024 1
728 0 -108261.35074661 0
729 1 95206.47083802 1
730 0 -105828.91765029 0
731 0 -87190.27928750 0
732 0 -92289.59216982 0
733 1 89285.81612930 1
734 1 108713.93413179 1
735 0 -101989.16764262 0
736 1 106409.79965908 1
737 0 -93950.04629630 0
738 1 98582.19775116 1
739 0 -92829.94628496 0
740 1 82351.26044767 1
741 1 99338.20238828 1
742 1 103812.35933873 1
743 1 103133.14681559 1
744 1 85169.64051124 1
745 1 85013.66391486 1
746 0 -87881.13547133 0
747 1 77418.62766822 1
748 1 97267.67090766 1
749 1 100602.61588425 1
750 0 -95027.06440310 0
751 1 92414.63097864 1
752 1 74529.68456647 1
753 0 -96898.08493912 0
754 0 -88293.12170651 0
755 0 -99733.45286113 0
756 1 108485.34749632 1
757 1 94510.49657256 1
758 0 -95249.22166661 0
759 1 76643.73841684 1
760 1 86872.03086864 1
761 0 -85942.68125521 0
762 0 -101732.72175411 0
763 0 -106798.10651411 0
764 1 91308.16038915 1
765 1 101648.19432165 1
766 0 -78634.86082940 0
767 0 -90354.70876530 0
768 0 -86424.85653698 0
769 0 -104575.68444496 0
770 1 101080.79433483 1
771 1 100861.52255663 1
772 1 92984.20061709 1
773 1 90545.71771723 1
774 0 -91814.84587976 0
775 1 95894.80446316 1
776 1 114404.05851270 1
777 1 103579.23332164 1
778 1 91135.11711529 1
779 1 97520.71499559 1
780 1 98679.79960458 1
781 0 -102295.25467145 0
782 0 -94600.50925695 0
783 1 110557.44217919 1
784 1 104855.24190401 1
785 1 94149.06044814 1
786 1 102782.83886147 1
787 0 -93435.27100655 0
788 1 114212.23024871 1
789 0 -101516.33966743 0
790 1 116768.29777600 1
791 0 -106139.19017553 0
792 0 -98150.40975603 0
793 1 110656.99732894 1
794 0 -94022.51022467 0
795 0 -100946.98233576 0
796 0 -91034.03365241 0
797 1 108974.96132518 1
798 0 -94046.16502314 0
799 1 99037.98672881 1
800 0 -94656.67808884 0
801 0 -92373.75788874 0
802 1 101364.85820482 1
803 0 -90810.27536308 0
804 0 -105137.88566449 0
805 0 -102712.50239429 0
806 0 -89958.68093651 0
807 1 100221.33158671 1
808 0 -95543.83808623 0
809 1 106904.38175597 1
810 0 -89607.94904269 0
811 0 -106011.68499036 0
812 1 91661.73092093 1
813 1 95501.08964427 1
814 1 104170.02968092 1
815 1 90003.73715024 1
816 1 107837.62654334 1
817 0 -97248.21186806 0
818 1 108576.27161826 1
819 1 100834.25152028 1
820 1 90075.15878971 1
821 1 95322.06330492 1
822 0 -96835.78894053 0
823 1 99622.16763002 1
824 1 83955.77170271 1
825 0 -107826.03495080 0
826 1 98831.65604928 1
827 0 -98572.34144151 0
828 0 -96075.95107577 0
829 0 -85668.35126543 0
830 0 -97957.96864841 0
831 1 85322.58283597 1
832 1 104999.82973291 1
833 0 -94327.97359495 0
834 0 -98505.09518567 0
835 1 91020.95917198 1
836 0 -74409.21231944 0
837 0 -99887.25899925 0
838 0 -88628.29395241 0
839 0 -105899.14170001 0
840 0 -86699.02740710 0
841 0 -88377.64492369 0
842 0 -101000.91908063 0
843 0 -78224.96239009 0
844 1 98460.12456126 1
845 0 -84465.22323932 0
846 0 -109480.20281730 0
847 0 -89466.56662950 0
848 1 90702.37092801 1
849 1 92903.07702468 1
850 1 78082.53122044 1
851 1 95119.64736678 1
852 0 -97086.89109094 0
853 0 -97232.13520673 0
854 1 96709.49410940 1
855 0 -88447.88406809 0
856 0 -86830.37970020 0
857 1 80308.05006091 1
858 0 -92410.13578809 0
859 0 -88205.84568378 0
860 0 -94900.66093117 0
861 0 -89951.64793295 0
862 1 91690.39630002 1
863 1 91919.03471136 1
864 1 78566.40112268 1
865 0 -93450.19748973 0
866 0 -80752.33467044 0
867 1 103540.31984012 1
868 0 -96766.96799125 0
869 1 88212.48555512 1
870 0 -86623.72000753 0
871 1 77928.85799127 1
872 0 -97037.87983303 0
873 1 76396.64906011 1
874 0 -100553.62158483 0
875 0 -90189.15465806 0
876 1 93278.59868285 1
877 1 90725.09171391 1
878 1 86218.82673188 1
879 1 105150.22709460 1
880 0 -80425.34295954 0
881 0 -95548.31397517 0
882 0 -96014.86281231 0
883 0 -85654.39486478 0
884 0 -85048.41352070 0
885 1 90624.29539892 1
886 1 104493.86929926 1
887 1 86710.04008750 1
888 0 -101764.32063218 0
889 1 91997.52811442 1
890 1 89687.69018715 1
891 0 -103801.02090808 0
892 1 91537.72087993 1
893 0 -96580.33750194 0
894 0 -93345.20388512 0
895 0 -98288.36122729 0
896 0 -93074.42560846 0
897 1 83312.18553067 1
898 1 93539.76800515 1
899 0 -88004.86931337 0
900 1 91707.49568687 1
901 0 -97398.86577961 0
902 1 96650.55352105 1
903 1 87532.06309463 1
904 0 -77137.81226993 0
905 1 89877.67787276 1
906 0 -92166.13566332 0
907 1 97357.64071077 1
908 1 88378.51403027 1
909 1 96711.86849922 1
910 1 101857.11170640 1
911 1 80797.39286975 1
912 1 91442.08714378 1
913 0 -75393.37689243 0
914 0 -100859.98236107 0
915 0 -86538.28506804 0
916 1 97801.86057829 1
917 1 109576.10108695 1
918 1 86001.86243686 1
919 0 -100224.77971152 0
920 1 78953.13688116 1
921 0 -99705.58484429 0
922 0 -84529.52483424 0
923 1 95960.22221157 1
924 0 -100152.75526966 0
925 0 -94502.63514557 0
926 1 99317.71173111 1
927 1 91139.55989066 1
928 0 -112287.73106530 0
929 1 95997.50520856 1
930 0 -104576.89549530 0
931 0 -105559.58373938 0
932 0 -90804.60138447 0
933 0 -105137.24403934 0
934 1 89098.89287105 1
935 0 -101702.06194259 0
936 0 -94938.87434460 0
937 1 116991.28569936 1
938 1 106936.25200000 1
939 1 102087.97666626 1
940 0 -105783.73041298 0
941 1 91148.34120273 1
942 0 -98615.71022838 0
943 1 97065.68170127 1
944 0 -108463.05273629 0
945 0 -110037.93766982 0
946 0 -95453.89444895 0
947 1 111139.07658685 1
948 0 -99149.17242421 0
949 0 -105509.72110114 0
950 0 -94695.35513862 0
951 1 113268.79886855 1
952 0 -104129.36336471 0
953 1 93389.11847220 1
954 1 109529.74633548 1
955 0 -97757.68996234 0
956 0 -101571.23439832 0
957 1 92759.82511386 1
958 1 115105.98084072 1
959 0 -107567.90940483 0
960 0 -86379.81849512 0
961 0 -114465.32564264 0
962 0 -87434.05014856 0
963 1 99578.62106762 1
964 1 92647.35802975 1
965 1 114109.74322402 1
966 1 97850.04235472 1
967 0 -80846.34308926 0
968 0 -101011.88438874 0
969 0 -89604.29609543 0
970 1 99598.06229548 1
971 1 97087.72892519 1
972 1 110422.85144564 1
973 0 -89821.28096693 0
974 0 -72193.53122618 0
975 0 -96702.05757223 0
976 0 -89532.73723647 0
977 0 -99347.21244222 0
978 0 -86144.02860182 0
979 0 -101668.59912250 0
980 0 -87472.43973217 0
981 1 80616.95945911 1
982 0 -87268.22475922 0
983 1 86871.61749752 1
984 1 104263.98286197 1
985 0 -90977.81880869 0
986 1 103994.94433070 1
987 0 -88870.26787525 0
988 1 84333.64744157 1
989 1 93725.48221845 1
990 0 -96409.15593532 0
991 0 -101324.48445402 0
992 1 92292.02671769 1
993 0 -104787.82201288 0
994 0 -93979.39368467 0
995 0 -81904.29210965 0
996 0 -97141.91288111 0
997 0 -91839.95895145 0
998 0 -96009.96554071 0
999 0 -90037.39314289 0
1000 0 -100868.42110279 0
1001 0 -103463.02618207 0
1002 0 -77653.56580216 0
1003 1 96593.61739226 1
1004 0 -95222.26991672 0
1005 1 99523.68055356 1
1006 1 93957.72981617 1
1007 0 -100630.76413035 0
1008 1 92476.49988612 1
1009 1 87638.08587549 1
1010 1 102104.02096457 1
1011 0 -102004.71026984 0
1012 0 -90414.48665259 0
1013 0 -91096.08312376 0
1014 0 -102900.94755635 0
1015 0 -107576.35127310 0
1016 0 -86398.98298354 0
1017 1 81023.60501539 1
1018 0 -103047.00674685 0
1019 0 -84863.20737870 0
1020 0 -84942.57718340 0
1021 1 100696.90163452 1
1022 0 -103364.21731483 0
1023 1 86430.36228669 1
1024 1 85983.47545892 1
1025 0 -98565.39422242 0
1026 0 -92316.22931070 0
1027 0 -76258.83375371 0
1028 1 91835.30617218 1
1029 1 95773.21162306 1
1030 1 89028.73812424 1
1031 0 -101832.75229960 0
1032 1 97884.59799440 1
1033 1 91514.94777559 1
1034 0 -83644.91170363 0
1035 1 112859.48220230 1
1036 0 -91697.95522281 0
1037 1 83447.62998139 1
1038 0 -98391.02997455 0
1039 1 90684.70107761 1
1040 0 -97225.48383082 0
1041 1 88820.01953671 1
1042 1 96327.11173122 1
1043 1 91496.81275828 1
1044 1 95049.20608588 1
1045 1 96521.28406846 1
1046 0 -93747.88385637 0
1047 1 96278.76483449 1
1048 0 -81814.32059387 0
1049 0 -93720.23171036 0
1050 0 -94298.72254226 0
1051 0 -92891.95063900 0
1052 1 104755.12462521 1
1053 1 92956.72352638 1
1054 1 99975.66526920 1
1055 1 91324.85190306 1
1056 1 101118.65885363 1
1057 1 103255.25691949 1
1058 1 92336.92766025 1
1059 1 96171.57455269 1
1060 1 94175.79389251 1
1061 1 104702.70530396 1
1062 0 -88476.97469681 0
1063 1 110641.28581667 1
1064 0 -109691.64961132 0
1065 0 -88001.58197288 0
1066 1 87363.42867425 1
1067 1 89276.97386236 1
1068 0 -93562.51240337 0
1069 0 -75913.70756500 0
1070 0 -96845.55161608 0
1071 1 93326.84907435 1
1072 0 -81686.31131806 0
1073 0 -94091.86765454 0
1074 0 -87533.40282815 0
1075 0 -95363.41124243 0
1076 0 -78677.53730025 0
1077 0 -101589.08399929 0
1078 0 -94246.39931384 0
1079 1 75975.32934290 1
1080 1 86569.45592810 1
1081 1 87418.67759474 1
1082 0 -98525.39237029 0
1083 1 77977.21125604 1
1084 0 -115603.29893069 0
1085 0 -88617.75617789 0
1086 0 -69179.75396291 0
1087 0 -82400.39728967 0
1088 0 -78373.19004366 0
1089 0 -89913.48147106 0
1090 0 -71932.78616901 0
1091 0 -98553.61786754 0
1092 1 100316.99900367 1
1093 0 -75035.15846627 0
1094 1 93265.70308007 1
1095 0 -85922.64878373 0
1096 0 -101125.09435695 0
1097 1 71970.65182560 1
1098 0 -106285.40594090 0
1099 1 90173.71499202 1
1100 0 -80877.86541545 0
1101 1 92157.55085809 1
1102 1 81560.63476406 1
1103 1 100543.72615503 1
1104 0 -78741.39503540 0
1105 1 100338.66002277 1
1106 0 -93577.62296898 0
1107 1 78145.94961285 1
1108 0 -88118.80428969 0
1109 1 84607.49519759 1
1110 1 90618.33800556 1
1111 1 60115.67165224 1
1112 0 -107407.11285529 0
1113 1 96800.06235454 1
1114 0 -79404.41226639 0
1115 0 -82425.39853864 0
1116 0 -89173.89623477 0
1117 0 -91521.63976214 0
1118 1 65338.76801868 1
1119 1 96471.90371183 1
1120 0 -95879.89973879 0
1121 0 -69280.37931691 0
1122 1 89318.19494427 1
1123 0 -86303.43786230 0
1124 1 94408.22984393 1
1125 0 -58008.34312412 0
1126 0 -100249.90916097 0
1127 0 -99271.55123782 0
1128 1 88814.31395304 1
1129 1 93372.12256133 1
1130 1 79486.01760562 1
1131 0 -90733.74291686 0
1132 0 -78603.72174108 0
1133 1 96744.23939792 1
1134 1 100777.85351116 1
1135 1 72935.11077646 1
1136 0 -102849.73832109 0
1137 0 -89354.41591246 0
1138 0 -105852.65461631 0
1139 1 83534.81911486 1
1140 0 -100587.34864618 0
1141 1 97381.08129889 1
1142 0 -84091.79510001 0
1143 1 100901.42269801 1
1144 0 -88730.44431342 0
1145 1 92619.88154190 1
1146 1 78792.08221160 1
1147 0 -101442.83660539 0
1148 0 -93272.40040783 0
1149 1 86335.80108884 1
1150 1 95655.99935900 1
1151 0 -89666.72941643 0
1152 1 95482.21880339 1
1153 0 -88951.34573996 0
1154 0 -98228.60843318 0
1155 1 92347.33938760 1
1156 1 85148.41655735 1
1157 0 -95910.26330096 0
1158 0 -98533.71332238 0
1159 0 -92802.73315147 0
1160 0 -78501.44450014 0
1161 1 97460.93889735 1
1162 0 -88138.19998344 0
1163 0 -81231.64893720 0
1164 1 89370.17872403 1
1165 1 84836.42160277 1
1166 1 92683.07885650 1
1167 1 73056.07615446 1
1168 1 97612.16404382 1
1169 0 -90171.83162137 0
1170 0 -83577.46836195 0
1171 0 -87748.83384477 0
1172 1 96358.72561479 1
1173 1 102591.47324650 1
1174 1 72913.63727321 1
1175 0 -109634.91267900 0
1176 0 -99225.49934206 0
1177 0 -78330.81530125 0
1178 1 98426.95717052 1
1179 1 91455.54770944 1
1180 1 109212.72787762 1
1181 0 -78093.73622263 0
1182 0 -107590.04887697 0
1183 0 -98470.08229422 0
1184 0 -74361.81162984 0
1185 1 91303.01228009 1
1186 1 92435.66003063 1
1187 0 -92299.27834242 0
1188 1 82720.85811397 1
1189 0 -98613.34239830 0
1190 1 98718.82140378 1
1191 0 -69656.89116837 0
1192 0 -86377.32517556 0
1193 0 -90341.91635567 0
1194 0 -97644.49019722 0
1195 0 -76043.80001466 0
1196 0 -107311.29632942 0
1197 1 97082.02663996 1
1198 0 -74296.87905019 0
1199 1 94484.35756487 1
1200 0 -94552.12278960 0
1201 0 -94142.67490920 0
1202 1 79428.27349228 1
1203 1 106409.86524226 1
1204 1 85603.66956344 1
1205 0 -82109.22354563 0
1206 1 89112.34128630 1
1207 0 -85741.20834539 0
1208 1 95689.45733440 1
1209 0 -76445.49053495 0
1210 0 -97126.08395870 0
1211 0 -96489.55422789 0
1212 1 76323.00569385 1
1213 0 -94020.45813795 0
1214 0 -94313.97914442 0
1215 1 100913.04820157 1
1216 1 88043.78003848 1
1217 0 -102970.73218917 0
1218 0 -109142.48795197 0
1219 0 -77284.16226177 0
1220 1 91855.01504332 1
1221 0 -97407.34494245 0
1222 0 -96251.19373983 0
1223 1 84907.44868482 1
1224 1 99499.53603456 1
1225 1 98471.48173304 1
1226 1 76025.63797336 1
1227 0 -86532.43667021 0
1228 0 -88018.91340721 0
1229 1 87081.20449196 1
1230 1 79724.54289129 1
1231 1 106775.95290388 1
1232 1 100938.69820683 1
1233 1 78079.83281038 1
1234 0 -98984.37458460 0
1235 1 94722.55393839 1
1236 1 96795.81309917 1
1237 0 -78042.09807610 0
1238 0 -98584.66153634 0
1239 1 101757.57002599 1
1240 0 -83800.67799732 0
1241 0 -102165.95876691 0
1242 1 88312.37648374 1
1243 1 92291.91949260 1
1244 0 -80794.66189929 0
1245 0 -109630.21211697 0
1246 0 -97135.85648439 0
1247 1 78793.12554562 1
1248 1 92477.66261968 1
1249 1 90863.53055614 1
1250 0 -82021.76361544 0
1251 1 74844.10665015 1
1252 1 95465.54194101 1
1253 0 -94196.48520396 0
1254 0 -70112.34520140 0
1255 0 -88087.43871522 0
1256 1 84007.92588967 1
1257 0 -95330.82789790 0
1258 0 -75906.87973127 0
1259 0 -101958.93668284 0
1260 0 -95791.41529921 0
1261 1 69804.87168101 1
1262 1 90247.74059586 1
1263 1 77423.51746704 1
1264 1 76970.89661966 1
1265 1 74620.99154260 1
1266 0 -94153.28394618 0
1267 0 -104744.40899055 0
1268 1 75712.84651218 1
1269 0 -90168.28945629 0
1270 0 -76023.08445371 0
1271 0 -78096.84449637 0
1272 1 73727.46894348 1
1273 0 -94620.96959525 0
1274 0 -105868.58854321 0
1275 1 64438.78277588 1
1276 1 84583.57140067 1
1277 1 79822.18568519 1
1278 0 -82829.84883069 0
1279 1 79581.42354137 1
1280 1 103062.53188982 1
1281 1 88737.31002522 1
1282 1 77322.81271579 1
1283 0 -92253.67544504 0
1284 1 87484.33553463 1
1285 0 -82853.71057434 0
1286 1 78263.88965620 1
1287 1 97656.02536697 1
1288 0 -90283.50629855 0
1289 1 63435.26537368 1
1290 1 93047.97074617 1
1291 1 78209.80512445 1
1292 1 83421.82062181 1
1293 1 74565.81064346 1
1294 0 -102957.65003704 0
1295 1 96481.38872366 1
1296 1 51892.26976814 1
1297 1 91850.91131153 1
1298 1 79160.57799962 1
1299 1 81634.39491059 1
1300 1 69859.78748654 1
1301 0 -90910.87347938 0
1302 1 93616.73787399 1
1303 0 -51892.26976814 0
1304 0 -93155.15793997 0
1305 1 77816.94861416 1
1306 0 -79903.71503482 0
1307 0 -76281.42396331 0
1308 0 -95722.65977905 0
1309 0 -97182.97734825 0
1310 0 -64305.70113640 0
1311 1 86064.06016752 1
1312 0 -87307.43325464 0
1313 1 74375.09747044 1
1314 0 -77686.84697305 0
1315 0 -92488.76189380 0
1316 0 -93315.34606490 0
1317 1 70003.70824590 1
1318 0 -88050.33235863 0
1319 1 90737.41324408 1
1320 0 -75785.47172028 0
1321 1 75308.34957580 1
1322 1 104237.44189359 1
1323 1 94530.16100325 1
1324 1 70778.01373861 1
1325 1 87461.42016756 1
1326 0 -88663.26307836 0
1327 1 95835.07590991 1
1328 1 86121.48977205 1
1329 1 109579.88930861 1
1330 0 -94614.38265416 0
1331 0 -65928.32312892 0
1332 0 -88278.31125675 0
1333 0 -79417.65681959 0
1334 0 -89929.12332560 0
1335 0 -87334.30773180 0
1336 0 -104121.77039508 0
1337 0 -104544.33814749 0
1338 0 -81942.08050710 0
1339 0 -101991.71149617 0
1340 0 -83091.03661079 0
1341 1 98059.57385643 1
1342 1 102006.11523071 1
1343 0 -105501.65183468 0
1344 1 101855.88581671 1
1345 0 -84940.60166878 0
1346 0 -102287.66125972 0
1347 0 -92190.32870205 0
1348 0 -94140.67554512 0
1349 1 89226.17467991 1
1350 0 -99164.19208463 0
1351 0 -95905.06235012 0
1352 1 70624.46710621 1
1353 1 92427.53981737 1
1354 1 81798.78760459 1
1355 0 -92740.46100062 0
1356 0 -74348.74556394 0
1357 1 100586.27463142 1
1358 0 -92965.80143397 0
1359 1 70987.19630736 1
1360 0 -85525.32769099 0
1361 0 -88664.88342867 0
1362 1 89260.39198273 1
1363 0 -72622.84413162 0
1364 1 99808.91716284 1
1365 1 88134.58677167 1
1366 0 -87776.14800326 0
1367 1 98694.62743024 1
1368 1 83628.96404560 1
1369 0 -95361.10906919 0
1370 1 82009.74581838 1
1371 1 97333.56527774 1
1372 1 80446.75083730 1
1373 1 67375.39641626 1
1374 0 -93814.57674338 0
1375 1 83050.57181656 1
1376 1 91189.47417351 1
1377 0 -83022.06396111 0
1378 0 -89734.26211734 0
1379 0 -92412.46262379 0
1380 1 71205.12830599 1
1381 0 -88026.74865810 0
1382 1 87492.91265453 1
1383 0 -76835.98322884 0
1384 1 73206.30019303 1
1385 0 -90273.28515821 0
1386 0 -82973.04702717 0
1387 0 -75782.45937949 0
1388 1 86286.31343516 1
1389 1 82506.42253417 1
1390 1 79664.41000876 1
1391 1 72701.22279114 1
1392 1 83469.62358782 1
1393 1 80549.80551304 1
1394 1 70685.58833846 1
1395 1 83167.15729296 1
1396 1 80002.00933337 1
1397 1 90762.38745949 1
1398 1 72391.64777014 1
1399 0 -96165.29455625 0
1400 1 94534.96010107 1
1401 0 -85537.48532827 0
1402 1 87758.01774861 1
1403 1 87385.71587558 1
1404 0 -88661.39909007 0
1405 1 85041.47510810 1
1406 0 -99770.52240311 0
1407 0 -96056.67397802 0
1408 0 -78679.83796066 0
1409 0 -91301.07767667 0
1410 1 89831.96737472 1
1411 0 -91206.44961544 0
1412 0 -80873.42997280 0
1413 0 -97113.02166832 0
1414 0 -86909.46166689 0
1415 0 -75013.32801312 0
1416 0 -90381.83214257 0
1417 1 84753.24366532 1
1418 0 -80947.41724734 0
1419 1 77450.64190712 1
1420 0 -92480.47557046 0
1421 1 99184.62498189 1
1422 0 -63056.79634632 0
1423 1 92366.75378142 1
1424 1 78991.26155190 1
1425 1 89324.91090992 1
1426 0 -82527.96277842 0
1427 0 -91698.98933275 0
1428 0 -95358.08550869 0
1429 0 -71126.81300347 0
1430 1 87427.48432618 1
1431 1 73190.48788449 1
1432 0 -81114.89110423 0
1433 0 -66149.57988825 0
1434 1 80180.55206376 1
1435 0 -88617.74189543 0
1436 0 -69140.45572906 0
1437 1 79415.46253718 1
1438 1 65735.24959521 1
1439 1 80023.00572760 1
1440 1 63508.52258226 1
1441 0 -90166.44344689 0
1442 1 79953.54513416 1
1443 1 70552.52804277 1
1444 0 -86658.43997449 0
1445 0 -69256.20736883 0
1446 1 78104.93033471 1
1447 0 -69418.14743177 0
1448 1 90058.00961993 1
1449 1 88967.53107620 1
1450 1 80188.41143863 1
1451 1 95761.42813071 1
1452 1 79006.04068168 1
1453 0 -78767.87514096 0
1454 0 -70874.56961541 0
1455 1 98562.54430594 1
1456 1 91429.17966274 1
1457 1 86483.42660033 1
1458 0 -91355.77217572 0
1459 0 -82329.08657239 0
1460 1 85048.07316825 1
1461 1 89680.29293345 1
1462 0 -97284.95547382 0
1463 1 88658.74313363 1
1464 1 83723.02887902 1
1465 0 -91696.64676495 0
1466 0 -89098.20453699 0
1467 1 83736.45934469 1
1468 1 64021.40411039 1
1469 1 94408.35849303 1
1470 0 -91605.80284246 0
1471 0 -81593.93093939 0
1472 0 -87622.34744223 0
1473 1 79439.89307014 1
1474 0 -84324.32894211 0
1475 0 -76465.54195559 0
1476 0 -92159.58104704 0
1477 1 87882.51145696 1
1478 1 79581.52446458 1
1479 1 85844.51099574 1
1480 0 -74471.38726657 0
1481 1 85616.11016373 1
1482 1 73121.17950074 1
1483 0 -89642.91707897 0
1484 1 97334.93584515 1
1485 0 -89410.46379565 0
1486 1 79918.84217926 1
1487 1 77018.89448735 1
1488 0 -78666.19024751 0
1489 0 -59886.56853898 0
1490 0 -92329.17673295 0
1491 0 -99453.34265765 0
1492 1 85428.99328181 1
1493 1 79271.04590085 1
1494 1 84557.08844076 1
1495 1 93593.45485700 1
1496 1 64458.27959393 1
1497 0 -85022.96748467 0
1498 0 -93754.09026327 0
1499 0 -78310.52133167 0
1500 0 -83022.81506750 0
1501 1 83119.70594926 1
1502 1 85277.31618194 1
1503 1 73029.93898707 1
1504 0 -101475.09907403 0
1505 1 92252.39602651 1
1506 0 -77342.43232899 0
1507 1 81046.77414627 1
1508 1 80943.10420319 1
1509 0 -81156.35882564 0
1510 0 -71954.58239001 0
1511 1 93510.12869744 1
1512 0 -94717.95983007 0
1513 0 -77103.34848623 0
1514 0 -81467.73679811 0
1515 1 82308.41634685 1
1516 0 -85970.49018622 0
1517 0 -69989.28519248 0
1518 0 -93254.52546258 0
1519 0 -84988.92638475 0
1520 0 -87632.91940238 0
1521 0 -78276.06319723 0
1522 1 82235.00422488 1
1523 0 -86306.06426999 0
1524 0 -77444.97746195 0
1525 1 94957.49586741 1
1526 0 -83157.51289690 0
1527 1 76991.11842067 1
1528 0 -69628.96058951 0
1529 0 -84279.94302362 0
1530 0 -80276.93216760 0
1531 0 -94154.56696566 0
1532 1 90837.12856851 1
1533 1 95808.54848534 1
1534 1 85870.62735989 1
1535 0 -78377.08577956 0
1536 0 -91057.07061896 0
1537 0 -85403.84179245 0
1538 1 83745.85430381 1
1539 1 92002.17430068 1
1540 0 -94121.43640778 0
1541 0 -84017.09448855 0
1542 0 -91974.90377672 0
1543 0 -92248.06950700 0
1544 1 88030.92282163 1
1545 1 81595.65119274 1
1546 0 -87113.47462575 0
1547 1 88215.75555859 1
1548 1 76007.71683015 1
1549 1 89885.69040301 1
1550 0 -81773.48795538 0
1551 0 -90174.23834047 0
1552 1 84223.01885063 1
1553 1 93918.30830524 1
1554 1 95896.08017540 1
1555 1 78805.67734714 1
1556 1 88505.01244641 1
1557 0 -86708.38036725 0
1558 1 96492.14279317 1
1559 0 -75117.96365328 0
1560 0 -99899.02402315 0
1561 0 -93162.07800370 0
1562 0 -76574.90886555 0
1563 0 -88536.46910070 0
1564 1 87492.31345609 1
1565 0 -84233.31908998 0
1566 1 69114.53716834 1
1567 1 87928.04458564 1
1568 0 -84775.30407427 0
1569 1 76552.99568037 1
1570 0 -72243.33959609 0
1571 0 -71801.60933603 0
1572 1 86044.15433391 1
1573 1 69982.38070726 1
1574 1 86267.91681966 1
1575 1 75986.21630738 1
1576 0 -78343.89639830 0
1577 0 -76602.81244200 0
1578 1 77602.85754538 1
1579 1 75362.38624166 1
1580 0 -67757.31596886 0
1581 1 87356.15423417 1
1582 0 -85379.91703739 0
1583 1 79956.18566971 1
1584 0 -77723.77250339 0
1585 0 -70544.21991081 0
1586 0 -73747.36552228 0
1587 1 67466.70353807 1
1588 0 -106973.80541036 0
1589 1 99538.75259274 1
1590 0 -84196.45872084 0
1591 0 -81275.88242367 0
1592 1 86837.65832418 1
1593 1 85589.19337412 1
1594 0 -74382.92236427 0
1595 1 90473.57229809 1
1596 1 93804.22494165 1
1597 1 87706.41469358 1
1598 1 95263.11952881 1
1599 1 81329.07411949 1
1600 1 91920.70978596 1
1601 0 -68652.65674460 0
1602 1 83666.33462620 1
1603 1 90194.69119588 1
1604 0 -79742.09528318 0
1605 0 -73582.40280967 0
1606 0 -73488.25546494 0
1607 0 -74995.59758699 0
1608 0 -64887.73840488 0
1609 1 85384.09098811 1
1610 0 -76786.94726038 0
1611 1 72872.58673901 1
1612 1 78520.07717961 1
1613 1 79145.84019720 1
1614 0 -72292.87839356 0
1615 0 -65231.93782496 0
1616 1 89657.36826355 1
1617 0 -76321.93806124 0
1618 1 92617.21179106 1
1619 0 -88694.16922894 0
1620 0 -83568.98436628 0
1621 0 -73148.65349302 0
1622 0 -67676.83314554 0
1623 1 103823.16499337 1
1624 0 -83628.54706008 0
1625 1 84401.77873255 1
1626 1 90104.18837078 1
1627 1 79261.27839717 1
1628 1 75094.90337343 1
1629 1 74385.41478303 1
1630 0 -106970.84859948 0
1631 1 95394.26733637 1
1632 1 88266.77294041 1
1633 0 -85335.96562589 0
1634 0 -76282.55718934 0
1635 0 -83377.42406008 0
1636 1 74251.32449817 1
1637 1 86144.43332480 1
1638 0 -95453.40169375 0
1639 0 -77164.82066501 0
1640 1 87143.27089553 1
1641 0 -79299.04056791 0
1642 0 -76237.14464195 0
1643 0 -75743.09105562 0
1644 0 -87561.85064401 0
1645 0 -87331.27605410 0
1646 0 -76305.60780889 0
1647 1 74538.90812842 1
1648 0 -76145.77967951 0
1649 0 -77947.60265965 0
1650 1 55389.21075084 1
1651 0 -90302.92316820 0
1652 0 -78576.03718395 0
1653 0 -79555.31222038 0
1654 0 -83804.52490630 0
1655 1 69124.79435482 1
1656 1 82661.51787655 1
1657 1 58111.06756128 1
1658 1 79901.37193280 1
1659 1 77752.52295585 1
1660 0 -82184.32474445 0
1661 0 -74436.98188987 0
1662 0 -72794.81430752 0
1663 0 -69111.42412731 0
1664 1 50834.79058408 1
1665 0 -79560.83933287 0
1666 0 -78821.19378545 0
1667 1 69945.02699674 1
1668 0 -71379.80686829 0
1669 1 70745.80112124 1
1670 1 70482.20371256 1
1671 0 -64972.78519937 0
1672 1 76094.44551790 1
1673 1 91942.18550503 1
1674 0 -79253.22539763 0
1675 0 -77902.01560436 0
1676 1 75113.14235306 1
1677 1 69681.94611668 1
1678 0 -62593.21637861 0
1679 0 -82685.48850696 0
1680 0 -93867.80404991 0
1681 0 -77210.55346588 0
1682 1 81516.99623552 1
1683 0 -71529.10044522 0
1684 1 71349.46039741 1
1685 0 -68914.56664033 0
1686 1 83144.57331246 1
1687 0 -79828.93341977 0
1688 1 73657.68331847 1
1689 1 81281.76521414 1
1690 0 -73668.40145574 0
1691 0 -76188.97737465 0
1692 0 -59853.80827654 0
1693 0 -88243.30746493 0
1694 1 88486.70518148 1
1695 0 -75702.12982991 0
1696 1 79480.40087587 1
1697 1 69469.57728557 1
1698 0 -63934.77209941 0
1699 0 -60383.81161945 0
1700 0 -75290.21552661 0
1701 0 -91659.20550128 0
1702 1 66547.07624462 1
1703 1 76581.44265022 1
1704 0 -61922.32567293 0
1705 1 71260.01186380 1
1706 1 60174.02010077 1
1707 1 78483.29434603 1
1708 0 -95114.28998545 0
1709 1 64402.65805110 1
1710 0 -67225.01924099 0
1711 1 61336.69995152 1
1712 0 -63360.77971997 0
1713 0 -61243.30183955 0
1714 1 78657.32287690 1
1715 0 -87021.78281828 0
1716 0 -68726.74655720 0
1717 1 71439.17177866 1
1718 1 58122.73659815 1
1719 1 82087.09634002 1
1720 0 -72798.20229552 0
1721 1 80134.52662337 1
1722 1 89010.97932599 1
1723 1 71424.64820712 1
1724 1 67778.98292919 1
1725 1 68678.93485298 1
1726 1 65633.62989512 1
1727 1 74290.43201650 1
1728 0 -88412.89121217 0
1729 1 85569.80378571 1
1730 1 67385.04853506 1
1731 1 66623.87127598 1
1732 0 -67599.10145437 0
1733 1 66787.39606547 1
1734 1 77194.10596111 1
1735 0 -83938.21642675 0
1736 0 -86466.81460427 0
1737 1 69091.62467167 1
1738 0 -67935.58112457 0
1739 0 -73940.03024152 0
1740 0 -63577.14352472 0
1741 1 71284.55852008 1
1742 0 -92564.26747442 0
1743 0 -89318.59643729 0
1744 0 -70055.58823517 0
1745 1 71675.72061805 1
1746 1 81609.14733766 1
1747 0 -66756.02401477 0
1748 0 -63048.88459193 0
1749 1 87158.13607280 1
1750 0 -82862.51371192 0
1751 0 -60139.16782852 0
1752 0 -61414.18593396 0
1753 1 63935.55192729 1
1754 0 -63176.12363722 0
1755 0 -65252.71884772 0
1756 1 76359.03589954 1
1757 1 83969.16972007 1
1758 0 -60248.59959905 0
1759 1 70141.71010500 1
1760 0 -66644.89467100 0
1761 1 62130.98327860 1
1762 1 67680.37680009 1
1763 1 72668.41565031 1
1764 1 92522.39927503 1
1765 0 -62885.27472337 0
1766 0 -73868.69948468 0
1767 0 -66001.85672672 0
1768 0 -78695.03050029 0
1769 0 -72654.97178917 0
1770 0 -79039.17593336 0
1771 1 87057.66073493 1
1772 1 81081.31614898 1
1773 1 71044.30468855 1
1774 0 -70647.93540510 0
1775 1 70161.77098522 1
1776 1 77821.68263415 1
1777 0 -94175.69593494 0
1778 0 -91929.72878853 0
1779 1 81218.58871583 1
1780 1 81615.06432668 1
1781 1 69150.75416617 1
1782 1 93261.33136589 1
1783 1 70632.44362687 1
1784 1 92931.98004863 1
1785 0 -89346.57612469 0
1786 0 -76812.15907384 0
1787 1 82807.05202779 1
1788 0 -82745.31180385 0
1789 1 88921.68822156 1
1790 0 -78612.00023001 0
1791 0 -95241.40323900 0
1792 0 -93714.75674818 0
1793 1 76746.51763425 1
1794 0 -82053.98065032 0
1795 0 -77198.56135866 0
1796 1 80857.82264684 1
1797 0 -77272.17201227 0
1798 0 -85776.05851547 0
1799 1 92348.86226575 1
1800 0 -72826.08796005 0
1801 1 72211.50738981 1
1802 1 80275.49936477 1
1803 1 75211.64940823 1
1804 0 -71096.83179104 0
1805 0 -100251.63040376 0
1806 0 -92619.64951245 0
1807 0 -85960.05666923 0
1808 1 83771.14653555 1
1809 0 -80182.34460205 0
1810 1 80622.26236263 1
1811 0 -81379.59572187 0
1812 1 93231.46511348 1
1813 1 94438.65651338 1
1814 0 -83329.19086241 0
1815 1 88441.03541488 1
1816 0 -71894.70760985 0
1817 1 84848.83664881 1
1818 0 -82731.69121416 0
1819 1 94465.28622335 1
1820 0 -101552.30745833 0
1821 0 -88285.43338882 0
1822 1 85715.03538627 1
1823 0 -82593.24679074 0
1824 0 -90870.61624050 0
1825 1 81661.45602612 1
1826 1 100211.77126266 1
1827 0 -113747.78556242 0
1828 1 98591.56539475 1
1829 0 -91523.04352118 0
1830 0 -86859.35992321 0
1831 0 -92149.35375443 0
1832 0 -82580.17508976 0
1833 1 96365.97794805 1
1834 0 -110283.32049043 0
1835 1 90358.13843807 1
1836 1 82879.42080940 1
1837 0 -76599.79879772 0
1838 0 -85301.40733662 0
1839 1 83185.02578078 1
1840 1 91035.09797169 1
1841 0 -93606.84567547 0
1842 0 -83840.39892059 0
1843 0 -82530.00735356 0
1844 1 68903.10756059 1
1845 0 -87642.21245494 0
1846 1 77964.42061867 1
1847 0 -95356.11133951 0
1848 1 101640.27749540 1
1849 1 94998.48762943 1
1850 0 -83615.93034175 0
1851 0 -77832.16648471 0
1852 0 -83029.92710607 0
1853 0 -77496.02065715 0
1854 0 -90259.05716793 0
1855 1 92689.22337984 1
1856 0 -84667.25325665 0
1857 0 -87805.11206476 0
1858 1 65447.31989711 1
1859 0 -84932.13922468 0
1860 1 68613.29817584 1
1861 0 -82609.17847428 0
1862 0 -89980.34149656 0
1863 1 75278.72943707 1
1864 1 73620.15654888 1
1865 0 -70055.03966248 0
1866 1 78874.58491426 1
1867 1 66280.81616019 1
1868 1 82365.60349538 1
1869 1 88153.74216582 1
1870 0 -77600.51822449 0
1871 1 82171.13207011 1
1872 1 70706.24285203 1
1873 1 84876.73196222 1
1874 0 -61936.59387521 0
1875 0 -92435.38490821 0
1876 0 -87508.62552901 0
1877 0 -83285.63709182 0
1878 0 -71982.60942128 0
1879 1 69001.78764752 1
1880 1 72934.25502655 1
1881 0 -74999.42520460 0
1882 1 81836.38676021 1
1883 1 88115.76666225 1
1884 1 82037.20298695 1
1885 1 76626.93931897 1
1886 1 74946.02358357 1
1887 1 74683.11795974 1
1888 0 -65721.55166297 0
1889 1 88245.65763648 1
1890 1 100115.99465064 1
1891 0 -76539.59075360 0
1892 0 -74188.11224443 0
1893 1 68396.78178873 1
1894 0 -65141.44576145 0
1895 0 -69739.31231573 0
1896 1 84715.23787517 1
1897 1 97972.88549341 1
1898 0 -73056.63128027 0
1899 1 75316.11472604 1
1900 1 67346.72459515 1
1901 0 -78226.60813168 0
1902 1 56688.83948862 1
1903 1 89767.16019741 1
1904 1 93305.80728612 1
1905 1 83216.59827556 1
1906 1 80093.19459707 1
1907 0 -74294.67900814 0
1908 1 74598.06048845 1
1909 0 -57203.96907285 0
1910 1 95618.78810654 1
1911 0 -97743.13111942 0
1912 1 88294.35960029 1
1913 0 -79523.52150407 0
1914 0 -84376.69802362 0
1915 0 -88787.86511681 0
1916 1 77376.87085579 1
1917 1 86184.18294130 1
1918 0 -95770.72535534 0
1919 0 -86855.52517576 0
1920 0 -73199.42570795 0
1921 1 78400.86527865 1
1922 0 -75645.20982072 0
1923 0 -70602.62898550 0
1924 0 -82534.96699333 0
1925 1 90919.48270311 1
1926 0 -89924.06337441 0
1927 0 -75583.18950145 0
1928 0 -72326.76777010 0
1929 1 83339.00692822 1
1930 0 -68850.94272891 0
1931 0 -94046.69792469 0
1932 1 92679.38238551 1
1933 1 90841.12133609 1
1934 0 -76039.21970517 0
1935 0 -80803.22038471 0
1936 0 -75907.70442899 0
1937 0 -66777.04760864 0
1938 1 88411.57544749 1
1939 0 -83555.01383843 0
1940 0 -82225.63096329 0
1941 1 79590.35905810 1
1942 1 63867.35590348 1
1943 1 77657.69764779 1
1944 0 -70001.48148407 0
1945 0 -91888.40281001 0
1946 0 -85572.75117508 0
1947 1 72560.16194245 1
1948 0 -70623.82327682 0
1949 1 57261.16147443 1
1950 1 82587.90177257 1
1951 1 75453.08870849 1
1952 0 -95078.46389256 0
1953 0 -86691.74448602 0
1954 1 77363.50741620 1
1955 1 78368.74417424 1
1956 0 -66099.19222466 0
1957 1 74540.13100566 1
1958 0 -68605.51899748 0
1959 0 -82829.29133140 0
1960 1 86680.89079191 1
1961 0 -83171.96003497 0
1962 1 79278.92413569 1
1963 1 65483.39082567 1
1964 0 -88838.49936631 0
1965 1 66783.50446058 1
1966 1 80082.73987676 1
1967 0 -83012.64502762 0
1968 1 84690.14719481 1
1969 1 73623.77130795 1
1970 0 -60011.84030857 0
1971 1 81026.97982621 1
1972 1 63830.09668885 1
1973 1 76051.80762659 1
1974 0 -82706.48137377 0
1975 0 -79910.10846931 0
1976 0 -72911.88058023 0
1977 1 62091.11928898 1
1978 0 -72271.09858133 0
1979 0 -52966.41819311 0
1980 0 -80600.68192768 0
1981 1 90059.10963260 1
1982 1 76802.85103633 1
1983 0 -72958.87899828 0
1984 0 -64328.92261420 0
1985 0 -70112.12608399 0
1986 0 -51090.99226818 0
1987 1 80251.19712122 1
1988 0 -78865.04615797 0
1989 1 78536.07927860 1
1990 1 61428.05536657 1
1991 0 -61858.22955702 0
1992 1 75632.06913693 1
1993 0 -63243.66217690 0
1994 0 -92605.65845535 0
1995 0 -83169.31180587 0
1996 0 -79799.91868079 0
1997 1 55969.42155124 1
1998 0 -70910.83960547 0
1999 1 63003.89787443 1
2000 0 -50631.54098420 0
2001 0 -67752.08079440 0
2002 0 -79401.85278768 0
2003 1 67371.26975364 1
2004 0 -55969.42155124 0
2005 1 52766.95709485 1
2006 1 63946.16612902 1
2007 1 48662.93742249 1
2008 0 -67158.11083881 0
2009 0 -72188.85479106 0
2010 1 75299.71559691 1
2011 0 -58338.28746575 0
2012 1 67074.29525524 1
2013 1 72397.21080204 1
2014 1 55374.63340325 1
2015 0 -77427.00936796 0
2016 0 -83355.34934677 0
2017 1 73954.69727312 1
2018 0 -69073.69544381 0
2019 0 -55730.89170374 0
2020 0 -73357.20772563 0
2021 1 53497.95924091 1
2022 0 -73154.05982207 0
2023 1 85458.75190092 1
2024 0 -79494.26113013 0
2025 1 61465.93435755 1
2026 0 -61415.95154615 0
2027 0 -75226.87614048 0
2028 1 60329.58274529 1
2029 0 -77233.28342627 0
2030 0 -83118.10120429 0
2031 0 -71852.91144722 0
2032 0 -81072.65454833 0
2033 1 62408.02686893 1
2034 0 -83496.05919237 0
2035 0 -53327.11255003 0
2036 0 -88902.61151086 0
2037 0 -83852.45296586 0
2038 1 72019.08927944 1
2039 0 -66052.22151059 0
2040 1 60568.38183621 1
2041 1 70225.64339574 1
2042 0 -63632.20863727 0
2043 0 -84433.10471380 0
2044 1 84699.87718817 1
2045 0 -65275.84017572 0
2046 0 -59552.05364456 0
2047 1 61617.85465553 1
2048 1 78983.24173640 1
2049 1 61421.17160617 1
2050 0 -79829.53064716 0
2051 1 78287.30464869 1
2052 0 -73574.49559283 0
2053 0 -70524.08573529 0
2054 1 64117.90474888 1
2055 1 74521.13401589 1
2056 0 -66788.42320760 0
2057 0 -93290.15879693 0
2058 0 -94383.64851495 0
2059 0 -85169.79584410 0
2060 1 72818.18929760 1
2061 0 -71632.48336474 0
2062 0 -87753.30103929 0
2063 0 -75693.06164484 0
2064 0 -87794.68159601 0
2065 0 -85919.80792146 0
2066 1 88564.58664042 1
2067 1 78232.56550499 1
2068 0 -72016.62203646 0
2069 0 -78742.38661831 0
2070 0 -72506.06931693 0
2071 0 -90834.65896291 0
2072 1 77975.71782862 1
2073 1 92435.85430137 1
2074 0 -70080.87560784 0
2075 1 74670.39443218 1
2076 0 -82231.70056712 0
2077 0 -66675.93195284 0
2078 0 -95389.85214093 0
2079 1 77956.05174294 1
2080 1 85720.16179157 1
2081 0 -73112.02218609 0
2082 1 66095.26585026 1
2083 1 87922.42424077 1
2084 0 -67547.42530702 0
2085 1 95535.11336172 1
2086 0 -90035.91479849 0
2087 1 79478.09265906 1
2088 0 -74989.68648116 0
2089 1 66248.38979026 1
2090 0 -91365.16157809 0
2091 0 -69509.17125699 0
2092 0 -96847.47147729 0
2093 1 88693.97695621 1
2094 0 -78783.46963823 0
2095 1 76612.09955006 1
2096 0 -73493.29211791 0
2097 0 -78447.52774372 0
2098 0 -68139.15197104 0
2099 0 -93463.19081046 0
2100 0 -93841.71837192 0
2101 1 82515.41819381 1
2102 0 -84096.58236381 0
2103 1 67852.28623254 1
2104 0 -80895.61205599 0
2105 1 66963.73495796 1
2106 0 -97102.41434095 0
2107 1 85144.59351746 1
2108 0 -78984.00172236 0
2109 1 76251.16410473 1
2110 1 66712.94055950 1
2111 0 -71787.61092618 0
2112 1 64677.00535984 1
2113 1 97065.63897286 1
2114 1 90565.61668708 1
2115 0 -80257.35188506 0
2116 1 83445.35230165 1
2117 0 -62422.97181201 0
2118 0 -70447.23467455 0
2119 1 72830.22236065 1
2120 1 102007.98620650 1
2121 0 -84069.78053805 0
2122 1 84192.22727523 1
2123 1 83216.25009936 1
2124 1 58785.04697363 1
2125 1 72304.01711861 1
2126 0 -64171.73488761 0
2127 1 86762.28601827 1
2128 0 -77313.93590095 0
2129 1 73952.81675774 1
2130 1 75087.60806530 1
2131 0 -68007.26929795 0
2132 1 73243.00422977 1
2133 1 75851.47735610 1
2134 0 -89280.16620252 0
2135 0 -84175.75159170 0
2136 1 80404.20504341 1
2137 1 71070.74663110 1
2138 0 -74195.61951600 0
2139 1 67622.61488606 1
2140 0 -67677.67065808 0
2141 1 90422.99214259 1
2142 1 82584.28312534 1
2143 1 73807.85816193 1
2144 0 -72882.86542114 0
2145 0 -71657.12883019 0
2146 1 62733.13595380 1
2147 1 55853.23508906 1
2148 0 -84056.82259120 0
2149 1 75533.55242661 1
2150 1 75090.90123343 1
2151 0 -73975.89517049 0
2152 1 69676.62027931 1
2153 1 66533.03139617 1
2154 1 64705.72240925 1
2155 0 -88460.45698199 0
2156 1 80575.56314604 1
2157 1 83768.30246428 1
2158 1 64388.28949065 1
2159 0 -79034.54516787 0
2160 1 77182.47534654 1
2161 1 65523.43770268 1
2162 0 -81835.74249892 0
2163 1 89349.74547422 1
2164 1 82196.09547167 1
2165 0 -77692.44686522 0
2166 1 82820.08717889 1
2167 1 77072.16313648 1
2168 0 -74999.79052300 0
2169 0 -96923.73633663 0
2170 1 83938.65413511 1
2171 0 -75833.56965331 0
2172 0 -75035.99290730 0
2173 1 78133.23048957 1
2174 1 78176.44647112 1
2175 1 69547.24266039 1
2176 0 -90714.74683436 0
2177 1 91475.87880145 1
2178 0 -70133.20731506 0
2179 1 87966.73185021 1
2180 0 -79722.88262627 0
2181 1 74625.98660698 1
2182 1 75788.64224280 1
2183 0 -82735.11494530 0
2184 0 -85956.94129076 0
2185 1 72223.33987023 1
2186 1 77174.12251190 1
2187 0 -84787.42158817 0
2188 1 84118.76391381 1
2189 1 75535.96100013 1
2190 1 84860.56048414 1
2191 0 -91034.22916363 0
2192 0 -76737.00240695 0
2193 0 -80466.72057311 0
2194 1 88217.97029440 1
2195 1 84231.55610299 1
2196 0 -77094.38076211 0
2197 1 97425.45111830 1
2198 1 99381.89354274 1
2199 0 -94743.90129057 0
2200 0 -82647.04916935 0
2201 0 -84620.53536621 0
2202 1 92876.25880124 1
2203 0 -70750.48106581 0
2204 1 93866.05172786 1
2205 0 -93791.41488846 0
2206 0 -94985.19307030 0
2207 1 83270.54126528 1
2208 1 77918.54150140 1
2209 0 -81460.25749969 0
2210 0 -72830.12778664 0
2211 1 96293.76231025 1
2212 1 86995.85178373 1
2213 0 -81751.22634495 0
2214 1 76877.84406844 1
2215 1 78323.35239282 1
2216 0 -74912.19707335 0
2217 1 72418.82761697 1
2218 0 -88775.23263386 0
2219 1 84267.22669025 1
2220 1 75384.21790098 1
2221 1 68182.14876713 1
2222 0 -76633.94914577 0
2223 1 71338.13439659 1
2224 0 -75838.62792970 0
2225 1 88160.85627725 1
2226 0 -92353.87825289 0
2227 1 82809.05879993 1
2228 1 77975.27231316 1
2229 0 -83577.87737242 0
2230 0 -85870.25678575 0
2231 1 66278.10336079 1
2232 0 -102049.44823723 0
2233 0 -94728.66803292 0
2234 1 91239.21719121 1
2235 1 77708.28774852 1
2236 0 -76095.71381005 0
2237 0 -89778.12370310 0
2238 0 -72335.79634446 0
2239 1 99063.84646196 1
2240 0 -90171.57714877 0
2241 1 80429.12976566 1
2242 0 -79094.11174453 0
2243 1 73144.96299795 1
2244 1 76737.75357142 1
2245 1 68636.83518160 1
2246 0 -90094.23271487 0
2247 1 100852.16079823 1
2248 0 -80246.18807977 0
2249 0 -80382.84487234 0
2250 1 75537.97215680 1
2251 1 76644.50148668 1
2252 0 -71969.33431393 0
2253 0 -77126.64693533 0
2254 1 96190.90985206 1
2255 0 -77021.51637562 0
2256 1 73868.47191715 1
2257 0 -68260.67892111 0
2258 0 -72727.48365035 0
2259 0 -65314.98077163 0
2260 1 79017.23416188 1
2261 1 89572.90354453 1
2262 1 78745.11401257 1
2263 0 -75286.86185133 0
2264 0 -67936.78855429 0
2265 0 -81437.57528327 0
2266 0 -69920.02026926 0
2267 1 93182.54178091 1
2268 0 -83783.02249886 0
2269 1 85292.30090826 1
2270 0 -76337.19829183 0
2271 0 -74917.82147281 0
2272 1 75942.70363288 1
2273 1 65743.73426913 1
2274 0 -91885.23500296 0
2275 1 90968.14918566 1
2276 0 -79852.11682241 0
2277 1 74222.13073326 1
2278 0 -69219.06781046 0
2279 1 80939.50277004 1
2280 0 -58247.99227477 0
2281 1 85168.33072802 1
2282 1 82624.77581712 1
2283 0 -74722.00393222 0
2284 1 61125.94094754 1
2285 0 -66302.64777791 0
2286 0 -79447.18141997 0
2287 0 -60591.17476909 0
2288 0 -78142.69951528 0
2289 1 79552.48153429 1
2290 1 74203.79722917 1
2291 1 59090.68958629 1
2292 1 62124.87592058 1
2293 0 -62274.27345373 0
2294 0 -48662.93742249 0
2295 1 75307.87324195 1
2296 0 -72990.74567621 0
2297 1 76484.96940833 1
2298 0 -56481.88643137 0
2299 0 -58963.04882336 0
2300 0 -64090.22375097 0
2301 0 -52865.44023283 0
2302 1 78161.81874886 1
2303 1 73921.84522917 1
2304 0 -66097.19287952 0
2305 0 -57439.58508060 0
2306 1 67231.57525237 1
2307 1 86772.45142809 1
2308 0 -68323.47579239 0
2309 0 -93108.92060163 0
2310 0 -78587.98460877 0
2311 1 71136.59772601 1
2312 0 -60674.53689192 0
2313 1 65185.82486033 1
2314 1 71580.12124930 1
2315 1 60842.96669529 1
2316 1 87871.57287759 1
2317 0 -82897.37168243 0
2318 0 -70619.62589651 0
2319 1 66399.90828040 1
2320 1 64776.08165107 1
2321 1 76230.80219021 1
2322 0 -64383.61124573 0
2323 0 -86379.11241369 0
2324 0 -75956.86717937 0
2325 1 75519.61387515 1
2326 0 -70463.24947868 0
2327 0 -59458.90040464 0
2328 1 78939.33497155 1
2329 0 -61070.86915824 0
2330 1 93320.86953564 1
2331 1 82498.91806967 1
2332 1 75089.37971655 1
2333 0 -68217.63281012 0
2334 1 52766.95709485 1
2335 1 82461.36114770 1
2336 1 65972.76723488 1
2337 0 -87726.79006039 0
2338 0 -79682.32777469 0
2339 1 81627.36848168 1
2340 0 -69635.25806339 0
2341 0 -83799.93638325 0
2342 1 71631.58669891 1
2343 1 67006.52510963 1
2344 1 93155.85334181 1
2345 0 -94996.93754734 0
2346 1 94525.04526645 1
2347 0 -86780.00461934 0
2348 1 73662.79218936 1
2349 1 88268.05475346 1
2350 0 -81510.87084672 0
2351 1 90595.34015181 1
2352 0 -92315.27977518 0
2353 1 75799.59928120 1
2354 1 71416.62648581 1
2355 0 -75214.73400164 0
2356 0 -74714.39804421 0
2357 1 66120.86883704 1
2358 0 -78999.39752740 0
2359 0 -80604.89709613 0
2360 0 -75170.30863382 0
2361 1 79463.65978539 1
2362 1 78447.45489398 1
2363 1 75226.32606257 1
2364 0 -71193.61142324 0
2365 1 89374.80409947 1
2366 1 88796.62913471 1
2367 0 -81918.08159797 0
2368 1 80335.89028623 1
2369 1 75854.60312398 1
2370 1 90047.23195977 1
2371 0 -75736.26705914 0
2372 0 -92204.57549870 0
2373 1 85929.23770544 1
2374 0 -83163.00501704 0
2375 1 91010.53089343 1
2376 0 -85157.09071364 0
2377 0 -87346.76712822 0
2378 1 85019.41459276 1
2379 1 83002.36143734 1
2380 0 -79198.60297976 0
2381 0 -80933.61211347 0
2382 1 79876.62601847 1
2383 1 69435.69871897 1
2384 1 82892.72140334 1
2385 0 -85147.91621614 0
2386 1 76128.82703996 1
2387 1 66692.61783974 1
2388 1 70376.05886501 1
2389 1 70437.05543318 1
2390 0 -69543.47340550 0
2391 1 86666.46178524 1
2392 1 75790.90910484 1
2393 0 -77783.78433625 0
2394 0 -65638.22492563 0
2395 0 -87438.34443639 0
2396 1 78935.40390535 1
2397 0 -71479.14027775 0
2398 0 -89784.36621061 0
2399 1 68368.28734262 1
2400 1 84880.89325250 1
2401 0 -92723.05225937 0
2402 1 82655.47694166 1
2403 0 -79106.85724400 0
2404 0 -84759.09584540 0
2405 1 100194.77675638 1
2406 1 84603.45697883 1
2407 1 86776.62814075 1
2408 1 85940.59895458 1
2409 0 -83983.45416641 0
2410 1 88391.04427859 1
2411 0 -90148.94992927 0
2412 1 99026.84809062 1
2413 0 -81381.92382825 0
2414 0 -88309.46692144 0
2415 0 -88129.84429629 0
2416 1 77608.27270319 1
2417 0 -83506.86306301 0
2418 1 82352.43500297 1
2419 1 84793.65583965 1
2420 0 -83274.60705265 0
2421 0 -94836.96005189 0
2422 0 -81280.21851268 0
2423 0 -67776.89499736 0
2424 1 88044.37457145 1
2425 1 75278.50284655 1
2426 0 -72329.33739095 0
2427 0 -70564.50334461 0
2428 1 84013.74215159 1
2429 0 -83546.65378303 0
2430 0 -64305.30502265 0
2431 1 84300.92374087 1
2432 0 -75451.39091516 0
2433 0 -78468.14107776 0
2434 0 -74235.30771313 0
2435 0 -87795.29729912 0
2436 1 95036.97581621 1
2437 0 -76319.26456735 0
2438 1 91960.24816932 1
2439 1 78250.27960861 1
2440 1 78963.59725417 1
2441 1 74867.67251124 1
2442 0 -82436.09246421 0
2443 0 -94549.47296647 0
2444 1 77703.80210875 1
2445 1 87750.50741593 1
2446 0 -73797.66967610 0
2447 0 -71560.63395732 0
2448 1 72265.64728989 1
2449 1 85243.30344514 1
2450 1 85711.47906668 1
2451 1 75771.94846305 1
2452 1 84718.60189077 1
2453 1 86243.17453352 1
2454 0 -77242.98155511 0
2455 1 71744.76235716 1
2456 0 -85771.55518476 0
2457 0 -89413.26328143 0
2458 1 86211.64953001 1
2459 1 72583.83713369 1
2460 1 82820.02276835 1
2461 0 -71196.93280883 0
2462 1 76330.05392227 1
2463 0 -88126.73801559 0
2464 0 -93558.48986691 0
2465 0 -76434.48712918 0
2466 1 73462.52271803 1
2467 0 -70025.33977078 0
2468 0 -67835.70343530 0
2469 0 -66174.43195223 0
2470 1 81041.03939065 1
2471 0 -92385.10998747 0
2472 0 -80307.31150268 0
2473 0 -88627.27735784 0
2474 0 -73901.25318028 0
2475 0 -72286.84773232 0
2476 0 -75567.99705489 0
2477 0 -79938.69163187 0
2478 1 89434.75208208 1
2479 0 -72777.92518398 0
2480 1 82277.69542626 1
2481 0 -74228.06478034 0
2482 0 -61866.18264172 0
2483 1 71496.84872872 1
2484 1 90521.55594839 1
2485 1 79601.90317859 1
2486 1 72239.20508692 1
2487 0 -80240.17468167 0
2488 0 -73531.60915280 0
2489 0 -61696.58130725 0
2490 0 -72388.42567310 0
2491 0 -72603.17977834 0
2492 0 -88012.64352363 0
2493 1 71037.40405555 1
2494 1 78850.93340115 1
2495 0 -68206.13476791 0
2496 1 66434.01080083 1
2497 1 78368.12577510 1
2498 0 -87544.16889303 0
2499 0 -88297.46252262 0
2500 1 84365.98354479 1
2501 1 79106.34864837 1
2502 0 -76355.20641001 0
2503 0 -73740.62790269 0
2504 1 85438.13996355 1
2505 1 76622.49185291 1
2506 1 85417.69416277 1
2507 0 -80825.42002201 0
2508 0 -87905.00759179 0
2509 1 87283.58492058 1
2510 1 74960.80544976 1
2511 0 -85516.41352090 0
2512 1 86005.95139921 1
2513 1 92362.50512031 1
2514 0 -82863.05358686 0
2515 1 88749.51719685 1
2516 0 -79523.13050358 0
2517 1 85061.07609949 1
2518 0 -87397.62703218 0
2519 1 83829.79158246 1
2520 1 89116.18219982 1
2521 0 -80588.43099855 0
2522 0 -86416.60259911 0
2523 0 -79910.31130470 0
2524 0 -72445.81302308 0
2525 1 79484.32473300 1
2526 1 78060.78918224 1
2527 1 88497.66082238 1
2528 1 83147.43102815 1
2529 1 85919.02964834 1
2530 1 79722.60900208 1
2531 1 77439.35981644 1
2532 1 72744.26758041 1
2533 1 77877.98122038 1
2534 1 86865.27921429 1
2535 0 -80120.64916858 0
2536 0 -81883.83127200 0
2537 1 75362.49994610 1
2538 0 -75633.89748559 0
2539 1 73963.27402865 1
2540 1 76824.49274808 1
2541 1 84210.15611829 1
2542 1 81077.44045701 1
2543 1 88343.60716859 1
2544 0 -78104.88300494 0
2545 0 -71827.89554427 0
2546 0 -83983.14727681 0
2547 0 -68752.94046423 0
2548 1 86411.72446245 1
2549 1 83163.59635777 1
2550 1 83640.31543060 1
2551 1 64227.57212017 1
2552 0 -56558.82793039 0
2553 0 -79108.85385414 0
2554 0 -65383.15467947 0
2555 0 -77895.82090021 0
2556 0 -80332.87813904 0
2557 0 -74993.65010146 0
2558 0 -63092.43704194 0
2559 0 -54887.18840281 0
2560 1 81310.39986350 1
2561 0 -65513.18750032 0
2562 0 -75055.60729679 0
2563 1 79539.75484579 1
2564 1 74723.37087669 1
2565 0 -62634.38743159 0
2566 0 -61211.52923883 0
2567 0 -85455.50929544 0
2568 1 81148.16897653 1
2569 1 74106.33874353 1
2570 0 -82105.79726398 0
2571 1 82702.60218179 1
2572 1 61859.89472938 1
2573 1 75575.88145213 1
2574 1 80651.44014694 1
2575 0 -79681.20115183 0
2576 0 -89462.00347468 0
2577 0 -75019.13106057 0
2578 0 -78610.36524004 0
2579 1 74178.44092628 1
2580 0 -75413.71892340 0
2581 0 -80431.96331880 0
2582 1 86105.53788832 1
2583 1 93815.61713652 1
2584 1 72043.19024478 1
2585 1 77766.93550035 1
2586 0 -69447.79145459 0
2587 0 -65608.53820403 0
2588 1 73493.54738547 1
2589 1 85018.92531363 1
2590 1 81723.63036219 1
2591 1 86476.80798623 1
2592 0 -69181.52626625 0
2593 1 81416.38520094 1
2594 0 -70308.30169640 0
2595 1 87113.41958126 1
2596 1 82713.40725645 1
2597 1 81840.45262634 1
2598 0 -76734.88374648 0
2599 0 -69670.20827028 0
2600 0 -79024.26382624 0
2601 1 78256.33577009 1
2602 1 85563.06770181 1
2603 0 -80827.91345433 0
2604 0 -92612.29802150 0
2605 1 84055.57159447 1
2606 0 -76320.00695035 0
2607 1 75668.85447110 1
2608 0 -72076.77087431 0
2609 1 81903.47728155 1
2610 1 80187.88909813 1
2611 0 -98345.09990173 0
2612 0 -87250.67574496 0
2613 0 -87148.64752447 0
2614 0 -80569.70081507 0
2615 1 74973.94633482 1
2616 1 86946.10832889 1
2617 0 -87738.25289217 0
2618 1 84390.06117609 1
2619 0 -87711.99049979 0
2620 1 88361.43358412 1
2621 0 -81373.79989853 0
2622 1 80223.29711618 1
2623 1 93429.68036957 1
2624 0 -81162.72274796 0
2625 1 83133.33916458 1
2626 1 88854.14563729 1
2627 0 -94594.05709926 0
2628 0 -88093.50633968 0
2629 1 85327.97693209 1
2630 0 -81920.24120978 0
2631 0 -81970.03565961 0
2632 0 -78861.76349296 0
2633 0 -86042.91980073 0
2634 0 -94239.52170975 0
2635 1 86072.82051131 1
2636 0 -75486.20248363 0
2637 1 90356.27268638 1
2638 0 -72249.59685012 0
2639 1 83626.70880076 1
2640 0 -81484.94183342 0
2641 1 76640.22071851 1
2642 1 84274.32205493 1
2643 1 68419.95532951 1
2644 0 -78703.46404383 0
2645 1 66550.62247117 1
2646 0 -76043.30719415 0
2647 1 85385.03912518 1
2648 1 77928.77038852 1
2649 0 -80191.27223540 0
2650 1 72762.02329842 1
2651 1 77979.17621671 1
2652 1 67301.87315022 1
2653 0 -72851.85932947 0
2654 1 89217.43205307 1
2655 0 -79833.56516949 0
2656 0 -80697.71106945 0
2657 1 78082.61719070 1
2658 0 -83914.41946950 0
2659 1 76435.73996116 1
2660 1 83454.64207278 1
2661 1 87482.18214173 1
2662 1 89110.95460526 1
2663 0 -81633.82160418 0
2664 0 -76917.45592903 0
2665 1 88749.91458033 1
2666 0 -77445.08001330 0
2667 0 -81690.79868225 0
2668 1 86932.12921869 1
2669 0 -92359.31791464 0
2670 1 92831.56477458 1
2671 1 80933.90586955 1
2672 0 -91324.44527789 0
2673 0 -75684.52345113 0
2674 0 -84850.63037776 0
2675 1 84958.91269119 1
2676 0 -81612.79987618 0
2677 0 -83133.01434179 0
2678 1 79819.06431118 1
2679 1 89370.64749536 1
2680 1 88574.41083705 1
2681 0 -82398.87624758 0
2682 1 92242.94385275 1
2683 1 80202.99966122 1
2684 0 -88120.96795924 0
2685 1 79424.74747239 1
2686 1 87482.55558830 1
2687 0 -87541.38656900 0
2688 1 104928.59149168 1
2689 0 -90770.40625655 0
2690 1 96195.40319925 1
2691 0 -80882.51010391 0
2692 0 -87736.20637498 0
2693 0 -88155.94808807 0
2694 0 -88401.93901115 0
2695 1 88717.56323293 1
2696 1 93277.65688519 1
2697 0 -92758.14564165 0
2698 0 -85292.55073486 0
2699 1 93556.69048102 1
2700 1 89258.47016001 1
2701 1 87092.01632177 1
2702 0 -95796.42482157 0
2703 0 -89479.49570606 0
2704 1 87442.94021722 1
2705 0 -88899.26020326 0
2706 0 -83506.28227968 0
2707 1 95626.21002878 1
2708 0 -88710.75581409 0
2709 1 97590.91692013 1
2710 1 87950.84538930 1
2711 1 92013.14768061 1
2712 1 87110.69619879 1
2713 1 80748.59287638 1
2714 0 -97409.45521974 0
2715 0 -85336.16825603 0
2716 0 -93975.55112778 0
2717 1 91163.96928455 1
2718 0 -87050.23901452 0
2719 0 -88220.21091974 0
2720 1 80152.42446350 1
2721 1 88219.75771968 1
2722 1 88055.37500020 1
2723 1 84073.82550980 1
2724 0 -85343.35679872 0
2725 0 -90303.23124658 0
2726 1 82741.62630524 1
2727 1 82608.38691420 1
2728 0 -87015.74352276 0
2729 1 84842.28326722 1
2730 1 86097.70802938 1
2731 0 -88904.21532056 0
2732 1 75145.66273720 1
2733 0 -75900.85646960 0
2734 1 81673.06314175 1
2735 1 77112.42007225 1
2736 0 -81897.44157393 0
2737 0 -82389.94992823 0
2738 0 -87762.18011173 0
2739 1 81241.22196941 1
2740 1 76897.78791024 1
2741 1 79144.82412935 1
2742 1 79734.24063257 1
2743 0 -77171.21516444 0
2744 0 -87564.02534266 0
2745 0 -81817.06915450 0
2746 1 83233.56112512 1
2747 1 85800.62229920 1
2748 0 -89110.62057445 0
2749 1 83535.99156431 1
2750 1 83441.23742050 1
2751 0 -84331.26292956 0
2752 1 79231.35405195 1
2753 0 -76580.31146003 0
2754 1 90724.13131986 1
2755 1 82499.28170168 1
2756 1 76456.07140781 1
2757 0 -91042.63845211 0
2758 0 -88358.86423075 0
2759 0 -90399.82816027 0
2760 1 83151.74410234 1
2761 0 -93620.15646491 0
2762 0 -82522.95796066 0
2763 0 -82212.54727968 0
2764 0 -86670.13650750 0
2765 0 -96631.56047020 0
2766 0 -82275.45840152 0
2767 0 -95243.52887547 0
2768 1 102601.92954056 1
2769 0 -92593.53699180 0
2770 1 88493.51682320 1
2771 0 -92667.04083420 0
2772 0 -85808.82554102 0
2773 0 -81567.16755295 0
2774 1 89324.12160432 1
2775 1 92149.00967119 1
2776 0 -83377.63980068 0
2777 0 -86500.35347922 0
2778 0 -87209.82487618 0
2779 1 91387.82740710 1
2780 0 -87033.38908871 0
2781 0 -91097.91433650 0
2782 1 87821.29528318 1
2783 0 -82030.97649646 0
2784 0 -83805.94351235 0
2785 1 97598.86119131 1
2786 0 -97945.80028003 0
2787 1 91603.18186369 1
2788 0 -100523.88040281 0
2789 0 -96895.74821940 0
2790 0 -94972.05723541 0
2791 0 -93922.55414182 0
2792 1 95302.17742620 1
2793 1 93194.49198562 1
2794 0 -84414.57910415 0
2795 0 -97774.34193841 0
2796 1 96091.67318780 1
2797 0 -80696.72174476 0
2798 1 92854.15428583 1
2799 1 102428.94947662 1
2800 0 -94034.48652154 0
2801 0 -84131.33824877 0
2802 0 -76752.53973225 0
2803 1 96312.43100404 1
2804 0 -80778.63857999 0
2805 0 -88186.83661365 0
2806 0 -93532.36955402 0
2807 1 86832.46496773 1
2808 0 -78417.83656921 0
2809 0 -82763.81870336 0
2810 0 -96468.88383601 0
2811 1 80993.87465497 1
2812 0 -88827.32843696 0
2813 0 -86402.02766747 0
2814 0 -83599.93697802 0
2815 0 -84508.86844357 0
2816 1 82927.38585458 1
2817 0 -83026.95645917 0
2818 1 65242.25744411 1
2819 0 -80183.93926202 0
2820 1 84570.04173733 1
2821 0 -88043.69105859 0
2822 0 -82000.54977731 0
2823 1 77568.31542298 1
2824 1 90259.90953918 1
2825 1 80719.29599994 1
2826 0 -82543.76006850 0
2827 1 76268.42152141 1
2828 1 82146.67479796 1
2829 1 80514.50519209 1
2830 1 78347.08069765 1
2831 0 -83823.00288090 0
2832 0 -74150.08044955 0
2833 1 75279.11011559 1
2834 0 -74080.02672553 0
2835 0 -76088.59994314 0
2836 0 -78989.21097913 0
2837 0 -81800.25707072 0
2838 1 80423.62330446 1
2839 1 66364.09622574 1
2840 1 77089.27484789 1
2841 0 -88626.82300022 0
2842 1 72059.06327770 1
2843 0 -74231.75322164 0
2844 1 80064.57650973 1
2845 1 86199.42335304 1
2846 0 -69700.05982037 0
2847 0 -75781.96377794 0
2848 1 73483.73089589 1
2849 0 -75574.33992913 0
2850 0 -75546.32894247 0
2851 0 -80185.24780220 0
2852 0 -83590.05064754 0
2853 0 -60069.91657837 0
2854 1 77216.73527656 1
2855 0 -85803.31934919 0
2856 0 -76556.97843416 0
2857 0 -67481.74376788 0
2858 1 83275.22686838 1
2859 1 69344.59338713 1
2860 1 58001.73759184 1
2861 1 89137.48634968 1
2862 0 -81984.29737311 0
2863 0 -75297.93823297 0
2864 0 -81294.46891991 0
2865 0 -86932.80307596 0
2866 1 73352.95377407 1
2867 1 59177.14323257 1
2868 1 74260.59189464 1
2869 0 -78939.12020107 0
2870 1 73943.80399317 1
2871 1 75720.77284360 1
2872 1 86794.02986399 1
2873 1 72017.37104272 1
2874 1 67701.23168291 1
2875 0 -80570.36559480 0
2876 0 -81701.46750458 0
2877 1 74307.52235047 1
2878 1 78689.69122481 1
2879 1 75451.46044225 1
2880 1 87416.41401515 1
2881 0 -67966.99377062 0
2882 1 81498.27703492 1
2883 1 75662.27999770 1
2884 0 -78711.63666110 0
2885 0 -74025.77185169 0
2886 1 74972.90376257 1
2887 1 73320.22366309 1
2888 0 -62888.17011481 0
2889 0 -77647.13686224 0
2890 1 71641.36698079 1
2891 1 90120.54900119 1
2892 1 81491.24804826 1
2893 0 -85942.28878760 0
2894 0 -82087.81203697 0
2895 0 -73937.30096108 0
2896 0 -91556.45374408 0
2897 0 -86019.37917549 0
2898 1 92618.50996678 1
2899 0 -79260.23202327 0
2900 1 96822.20031068 1
2901 0 -84461.95451081 0
2902 0 -75066.17688109 0
2903 1 94108.24949591 1
2904 1 86679.40979741 1
2905 1 84871.98687837 1
2906 1 72307.44250394 1
2907 0 -78142.38295444 0
2908 0 -80322.58595963 0
2909 1 70009.19948840 1
2910 0 -79369.22053595 0
2911 0 -81999.77003691 0
2912 0 -96817.01475014 0
2913 1 79736.07324418 1
2914 0 -84061.44159336 0
2915 1 80247.05686694 1
2916 0 -74402.58046106 0
2917 0 -80056.51749872 0
2918 1 89395.25119968 1
2919 0 -78004.68638089 0
2920 1 83777.05758663 1
2921 0 -83852.03756471 0
2922 0 -79845.08428904 0
2923 0 -74153.42763833 0
2924 1 88514.45030945 1
2925 0 -76058.05416418 0
2926 1 78574.45924095 1
2927 0 -78102.59779083 0
2928 0 -79870.08415072 0
2929 1 75007.56454290 1
2930 1 66791.35422716 1
2931 1 84381.21834976 1
2932 0 -83285.65003352 0
2933 1 86109.19661770 1
2934 1 77105.80100305 1
2935 1 80714.42902807 1
2936 1 79301.55914645 1
2937 0 -66944.21038924 0
2938 1 86754.55400479 1
2939 0 -79532.56577189 0
2940 1 79880.14379035 1
2941 0 -68147.62535868 0
2942 1 79235.57750261 1
2943 0 -84347.09983571 0
2944 0 -76562.43691027 0
2945 0 -72910.28885458 0
2946 1 71368.16403537 1
2947 0 -77116.71130710 0
2948 1 70085.65100585 1
2949 0 -69296.04270156 0
2950 0 -75911.39050527 0
2951 0 -60379.45914388 0
2952 0 -75349.73615421 0
2953 0 -75917.36054683 0
2954 0 -73167.87627638 0
2955 1 65346.24601809 1
2956 0 -72659.73890189 0
2957 1 80447.04052833 1
2958 1 77636.84061267 1
2959 1 75890.67183060 1
2960 0 -81727.20208945 0
2961 0 -74783.53348674 0
2962 0 -74668.22095885 0
2963 1 80913.88997787 1
2964 1 87054.55858863 1
2965 0 -71735.00394457 0
2966 0 -80145.78720018 0
2967 1 84343.83058430 1
2968 1 87436.17161433 1
2969 0 -86499.50355011 0
2970 0 -78904.98565491 0
2971 0 -80425.56616009 0
2972 0 -77194.61877586 0
2973 0 -96191.62563069 0
2974 1 79595.41279790 1
2975 0 -83053.14198846 0
2976 1 73912.51467658 1
2977 0 -87102.56357043 0
2978 0 -92541.56983658 0
2979 0 -73629.89608763 0
2980 1 88361.31780788 1
2981 0 -83584.41212881 0
2982 0 -84335.77897923 0
2983 0 -78718.18244463 0
2984 1 88686.96556410 1
2985 1 86563.56240800 1
2986 1 78182.72907541 1
2987 1 86600.03077191 1
2988 0 -89248.93546464 0
2989 0 -82724.01456216 0
2990 0 -72135.01961592 0
2991 0 -89500.42042436 0
2992 0 -82492.24161937 0
2993 0 -81979.90485997 0
2994 0 -81744.03693043 0
2995 1 82670.65144837 1
2996 0 -89159.41649452 0
2997 0 -73781.54598385 0
2998 0 -88213.07922565 0
2999 0 -79364.07674627 0
3000 0 -78882.72357825 0
3001 1 85240.13058269 1
3002 1 75711.01450315 1
3003 1 79249.38186065 1
3004 1 75868.46330158 1
3005 1 81508.21012143 1
3006 1 77023.67025467 1
3007 0 -71353.26903874 0
3008 1 80851.83657156 1
3009 1 80744.20014371 1
3010 0 -73141.92670115 0
3011 0 -62966.88250942 0
3012 0 -86035.85647193 0
3013 1 83248.60435964 1
3014 0 -79301.65945282 0
3015 0 -79547.82778028 0
3016 1 92097.49190964 1
3017 0 -73755.77966869 0
3018 0 -73776.95242757 0
3019 0 -88551.36771654 0
3020 1 84575.08213786 1
3021 0 -72984.82642716 0
3022 0 -86458.72437038 0
3023 1 83155.27040173 1
3024 1 68112.52224431 1
3025 0 -69513.24599455 0
3026 1 87953.94791361 1
3027 1 85059.67436318 1
3028 1 75379.30171623 1
3029 0 -79893.81957731 0
3030 1 83489.16630403 1
3031 1 78756.07182374 1
3032 0 -66473.86077179 0
3033 0 -101309.62379762 0
3034 1 87355.92269121 1
3035 1 81187.30597686 1
3036 1 88371.12631385 1
3037 0 -79491.00591584 0
3038 0 -76861.47510689 0
3039 0 -75101.77054066 0
3040 1 90335.61850327 1
3041 1 87871.64774548 1
3042 1 84501.79906836 1
3043 1 89669.16303566 1
3044 0 -68914.37992045 0
3045 0 -77576.68471400 0
3046 0 -69884.40264285 0
3047 1 85740.84045352 1
3048 0 -80438.07936275 0
3049 0 -70812.42994061 0
3050 1 66481.43298971 1
3051 0 -68830.79934827 0
3052 0 -71596.44320929 0
3053 0 -71364.77571632 0
3054 0 -87518.42067785 0
3055 0 -88076.43921997 0
3056 1 73419.68777634 1
3057 0 -66864.49906108 0
3058 1 66454.77136774 1
3059 0 -72213.85913709 0
3060 1 74147.62856311 1
3061 1 95749.48712764 1
3062 0 -79792.43866406 0
3063 1 70513.42344755 1
3064 1 77203.03800771 1
3065 0 -74759.52378425 0
3066 0 -82263.72873950 0
3067 0 -76113.63033374 0
3068 1 91304.83930619 1
3069 1 76675.63776353 1
3070 0 -67021.11814758 0
3071 1 79231.84625469 1
3072 1 73460.98624662 1
3073 1 84838.72206970 1
3074 1 77525.73965887 1
3075 0 -84274.45261934 0
3076 1 78451.93451336 1
3077 1 75370.48712262 1
3078 1 72294.02720577 1
3079 1 89396.82196026 1
3080 0 -78145.37704172 0
3081 0 -82951.47254260 0
3082 1 84630.41506997 1
3083 1 72525.46723055 1
3084 0 -76421.61529739 0
3085 0 -75440.16553956 0
3086 0 -76734.52279342 0
3087 0 -81136.59332288 0
3088 0 -77336.85481124 0
3089 1 84664.66782086 1
3090 0 -68453.83298803 0
3091 0 -76870.45430781 0
3092 1 79738.18102631 1
3093 0 -78737.58603444 0
3094 1 95783.54634269 1
3095 0 -75477.83504524 0
3096 0 -87265.55270785 0
3097 0 -87350.72250197 0
3098 0 -67409.73678040 0
3099 0 -81444.05118467 0
3100 1 74478.07107481 1
3101 1 76479.26123060 1
3102 0 -76296.20713197 0
3103 0 -81023.38778581 0
3104 1 69783.23188191 1
3105 1 68573.46532980 1
3106 1 78427.66295197 1
3107 0 -74726.26564715 0
3108 1 79557.46925248 1
3109 0 -62805.49223765 0
3110 1 79304.42853794 1
3111 0 -73363.64354085 0
3112 0 -72725.84507245 0
3113 1 77713.46109367 1
3114 0 -77393.31403752 0
3115 0 -75085.17033371 0
3116 0 -55897.41085677 0
3117 1 77460.40980414 1
3118 0 -71082.23018721 0
3119 0 -71297.56668243 0
3120 1 72991.92012257 1
3121 0 -82524.96848024 0
3122 1 79119.80593869 1
3123 1 56823.77063824 1
3124 1 78321.67757045 1
3125 1 78394.90352860 1
3126 0 -73242.87193742 0
3127 1 82771.71629177 1
3128 0 -74554.74378923 0
3129 0 -77422.93641865 0
3130 0 -76733.28172942 0
3131 0 -86105.69872269 0
3132 0 -86529.65607114 0
3133 0 -65535.24670782 0
3134 1 85066.22930554 1
3135 0 -69299.62846544 0
3136 0 -73438.81145906 0
3137 1 76247.69839100 1
3138 0 -78063.07864147 0
3139 0 -88813.07483613 0
3140 1 64062.11210636 1
3141 1 75238.84049589 1
3142 1 74842.51530672 1
3143 1 71797.18046528 1
3144 0 -81217.99614166 0
3145 0 -77686.93097093 0
3146 0 -86732.71798627 0
3147 1 69061.81680320 1
3148 0 -86738.50263971 0
3149 0 -84605.57919649 0
3150 0 -79698.68973280 0
3151 1 73278.29184741 1
3152 1 85132.76339450 1
3153 1 74872.80632664 1
3154 1 78181.65896355 1
3155 0 -71492.31825659 0
3156 1 74393.42405676 1
3157 1 83733.84144377 1
3158 0 -74590.67381220 0
3159 1 91435.68798151 1
3160 0 -74557.84217880 0
3161 1 68316.50103998 1
3162 1 74735.11995342 1
3163 1 76934.37710114 1
3164 0 -71390.99252016 0
3165 1 69231.66575665 1
3166 0 -76242.70616356 0
3167 0 -76309.60546752 0
3168 1 66031.21581950 1
3169 1 70844.50734980 1
3170 0 -72283.77575711 0
3171 0 -73420.16343025 0
3172 1 65098.86202166 1
3173 1 71479.26731960 1
3174 0 -72549.81061967 0
3175 1 65516.39365529 1
3176 0 -65028.93577668 0
3177 0 -72052.78649198 0
3178 1 68128.26699238 1
3179 0 -60950.19091784 0
3180 0 -71593.27266802 0
3181 1 64180.18537119 1
3182 1 53380.02572402 1
3183 0 -60300.71672285 0
3184 1 63982.97804093 1
3185 1 68645.11804282 1
3186 0 -67568.71886261 0
3187 0 -69565.22172413 0
3188 1 56222.57945443 1
3189 0 -55470.11847177 0
3190 0 -70416.72291161 0
3191 1 70475.93053024 1
3192 0 -58614.60970725 0
3193 0 -55897.41085677 0
3194 1 64719.36347472 1
3195 1 56222.57945443 1
3196 0 53380.02572402 1
3197 1 61847.54975253 1
3198 0 -63982.97804093 0
3199 1 58614.60970725 1
