# idx_int bit_int post_llr_q hard
0 0 -64 0
1 0 -64 0
2 0 -64 0
3 1 63 1
4 0 -64 0
5 0 -64 0
6 1 63 1
7 0 -64 0
8 1 63 1
9 1 63 1
10 1 63 1
11 1 63 1
12 1 63 1
13 1 63 1
14 1 63 1
15 1 63 1
16 1 63 1
17 0 -64 0
18 1 63 1
19 1 63 1
20 1 63 1
21 1 63 1
22 0 -64 0
23 0 -64 0
24 1 63 1
25 1 63 1
26 0 -64 0
27 1 63 1
28 0 -64 0
29 1 63 1
30 1 63 1
31 0 -64 0
32 0 -64 0
33 1 63 1
34 0 -64 0
35 1 63 1
36 0 -64 0
37 0 -64 0
38 0 -64 0
39 0 -64 0
40 0 -64 0
41 0 -64 0
42 0 -64 0
43 0 -64 0
44 0 -64 0
45 1 63 1
46 0 -64 0
47 0 -64 0
48 0 -64 0
49 0 -64 0
50 0 -64 0
51 1 63 1
52 1 63 1
53 0 -64 0
54 0 -64 0
55 1 63 1
56 1 63 1
57 1 63 1
58 0 -64 0
59 1 63 1
60 1 63 1
61 1 63 1
62 1 63 1
63 0 -64 0
64 1 63 1
65 1 63 1
66 0 -64 0
67 1 63 1
68 1 63 1
69 0 -64 0
70 0 -64 0
71 1 63 1
72 0 -64 0
73 0 -64 0
74 1 63 1
75 1 63 1
76 0 -64 0
77 1 63 1
78 1 63 1
79 1 63 1
80 1 63 1
81 0 -64 0
82 1 63 1
83 1 63 1
84 1 63 1
85 1 63 1
86 1 63 1
87 1 63 1
88 0 -64 0
89 1 63 1
90 1 63 1
91 1 63 1
92 1 63 1
93 1 63 1
94 1 63 1
95 0 -64 0
96 1 63 1
97 1 63 1
98 0 -64 0
99 1 63 1
100 0 -64 0
101 0 -64 0
102 1 63 1
103 1 63 1
104 1 63 1
105 1 63 1
106 1 54 1
107 0 -64 0
108 0 -64 0
109 1 63 1
110 1 63 1
111 0 -64 0
112 0 -64 0
113 1 63 1
114 0 -64 0
115 0 -64 0
116 0 -64 0
117 0 -64 0
118 0 -64 0
119 0 -64 0
120 0 -64 0
121 1 63 1
122 1 63 1
123 1 63 1
124 0 -59 0
125 0 -64 0
126 1 63 1
127 0 -64 0
128 0 -64 0
129 1 63 1
130 0 -64 0
131 1 63 1
132 1 63 1
133 1 63 1
134 0 -64 0
135 0 -64 0
136 1 63 1
137 1 63 1
138 1 63 1
139 0 -64 0
140 1 63 1
141 0 -64 0
142 0 -64 0
143 1 63 1
144 0 -64 0
145 0 -64 0
146 0 -64 0
147 0 -64 0
148 0 -64 0
149 1 63 1
150 1 63 1
151 0 -64 0
152 0 -64 0
153 1 63 1
154 0 -64 0
155 0 -60 0
156 0 -64 0
157 0 -64 0
158 0 -64 0
159 1 63 1
160 0 -64 0
161 0 -64 0
162 1 63 1
163 1 63 1
164 1 63 1
165 0 -64 0
166 0 -64 0
167 0 -60 0
168 0 -64 0
169 0 -64 0
170 0 -64 0
171 0 -64 0
172 1 63 1
173 1 63 1
174 1 63 1
175 0 -64 0
176 0 -64 0
177 1 63 1
178 0 -64 0
179 1 63 1
180 1 63 1
181 0 -64 0
182 1 63 1
183 1 63 1
184 1 63 1
185 0 -64 0
186 1 63 1
187 0 -64 0
188 1 63 1
189 0 -64 0
190 0 -57 0
191 1 63 1
192 0 -64 0
193 0 -64 0
194 0 -64 0
195 0 -64 0
196 0 -64 0
197 1 63 1
198 0 -64 0
199 0 -64 0
200 0 -64 0
201 1 63 1
202 0 -64 0
203 0 -64 0
204 0 -64 0
205 0 -64 0
206 0 -64 0
207 0 -64 0
208 0 -64 0
209 1 63 1
210 1 63 1
211 1 63 1
212 0 -64 0
213 1 63 1
214 0 -52 0
215 0 -64 0
216 0 -64 0
217 0 -64 0
218 0 -64 0
219 1 63 1
220 0 -64 0
221 0 -64 0
222 1 63 1
223 1 63 1
224 1 63 1
225 1 63 1
226 1 63 1
227 1 63 1
228 0 -64 0
229 0 -64 0
230 0 -64 0
231 0 -64 0
232 1 63 1
233 0 -64 0
234 0 -64 0
235 1 63 1
236 1 63 1
237 1 63 1
238 0 -64 0
239 0 -64 0
240 0 -64 0
241 1 63 1
242 0 -64 0
243 1 63 1
244 1 63 1
245 0 -37 0
246 0 -64 0
247 1 63 1
248 0 -64 0
249 1 63 1
250 0 -64 0
251 1 63 1
252 0 -64 0
253 1 63 1
254 0 -64 0
255 0 -64 0
256 0 -64 0
257 1 63 1
258 0 -32 0
259 1 63 1
260 1 63 1
261 0 -62 0
262 1 63 1
263 0 -64 0
264 0 -64 0
265 1 63 1
266 0 -64 0
267 0 -64 0
268 0 -64 0
269 1 63 1
270 1 63 1
271 0 -64 0
272 1 63 1
273 0 -64 0
274 1 63 1
275 1 63 1
276 0 -64 0
277 1 63 1
278 0 -64 0
279 0 -64 0
280 0 -64 0
281 0 -64 0
282 0 -64 0
283 1 63 1
284 0 -64 0
285 0 -64 0
286 0 -64 0
287 1 63 1
288 1 63 1
289 0 -64 0
290 0 -64 0
291 0 -64 0
292 0 -64 0
293 1 63 1
294 1 63 1
295 0 -64 0
296 1 63 1
297 1 63 1
298 1 63 1
299 0 -64 0
300 1 63 1
301 0 -64 0
302 0 -64 0
303 1 63 1
304 1 63 1
305 1 63 1
306 1 63 1
307 1 63 1
308 1 63 1
309 1 63 1
310 0 -64 0
311 0 -64 0
312 1 63 1
313 1 63 1
314 0 -64 0
315 0 -64 0
316 0 -64 0
317 1 63 1
318 1 63 1
319 0 -64 0
320 1 63 1
321 1 63 1
322 1 63 1
323 0 -64 0
324 0 -64 0
325 0 -64 0
326 1 63 1
327 0 -64 0
328 0 -64 0
329 0 -64 0
330 1 63 1
331 1 63 1
332 0 -64 0
333 1 63 1
334 0 -64 0
335 0 -64 0
336 0 -64 0
337 1 63 1
338 0 -64 0
339 0 -64 0
340 1 63 1
341 1 63 1
342 0 -64 0
343 1 63 1
344 0 -64 0
345 1 63 1
346 0 -64 0
347 1 63 1
348 0 -64 0
349 0 -64 0
350 0 -64 0
351 0 26 1
352 1 63 1
353 0 -64 0
354 1 63 1
355 0 -64 0
356 1 63 1
357 0 -64 0
358 0 -64 0
359 1 63 1
360 0 -64 0
361 0 -64 0
362 1 63 1
363 0 -64 0
364 0 -64 0
365 0 -64 0
366 0 -64 0
367 1 63 1
368 1 63 1
369 1 50 1
370 0 -64 0
371 0 -64 0
372 0 -64 0
373 1 63 1
374 1 63 1
375 1 63 1
376 1 63 1
377 1 63 1
378 0 -64 0
379 0 -64 0
380 0 -64 0
381 0 -64 0
382 1 63 1
383 1 63 1
384 1 63 1
385 0 -64 0
386 1 63 1
387 1 63 1
388 0 -64 0
389 1 63 1
390 0 -64 0
391 1 63 1
392 1 63 1
393 1 63 1
394 1 63 1
395 0 -64 0
396 0 -64 0
397 0 -64 0
398 0 -64 0
399 1 63 1
400 0 -39 0
401 1 63 1
402 0 -64 0
403 1 63 1
404 0 -64 0
405 1 63 1
406 1 63 1
407 1 63 1
408 0 -64 0
409 0 -64 0
410 0 -64 0
411 1 63 1
412 1 63 1
413 0 -64 0
414 1 63 1
415 0 -64 0
416 0 -64 0
417 0 -64 0
418 0 -64 0
419 1 63 1
420 0 -64 0
421 0 -64 0
422 1 63 1
423 1 63 1
424 1 63 1
425 0 -64 0
426 0 -64 0
427 0 -64 0
428 0 -64 0
429 0 -64 0
430 0 -64 0
431 1 63 1
432 1 63 1
433 1 63 1
434 0 -64 0
435 0 -64 0
436 0 -64 0
437 0 -64 0
438 1 63 1
439 0 -64 0
440 0 -64 0
441 0 -64 0
442 0 -64 0
443 1 63 1
444 0 -64 0
445 0 -64 0
446 1 63 1
447 1 63 1
448 0 -64 0
449 1 63 1
450 1 63 1
451 0 -64 0
452 1 63 1
453 1 63 1
454 1 63 1
455 1 63 1
456 1 63 1
457 0 -64 0
458 1 63 1
459 0 -64 0
460 1 63 1
461 0 -64 0
462 1 63 1
463 1 63 1
464 0 -64 0
465 0 -64 0
466 0 -64 0
467 0 -45 0
468 1 63 1
469 1 63 1
470 0 -64 0
471 1 63 1
472 1 63 1
473 0 -64 0
474 0 -64 0
475 0 -64 0
476 0 -64 0
477 1 63 1
478 1 63 1
479 0 -64 0
480 1 63 1
481 1 63 1
482 1 63 1
483 1 63 1
484 0 -64 0
485 1 63 1
486 0 -64 0
487 1 63 1
488 1 63 1
489 0 -64 0
490 0 -64 0
491 0 -64 0
492 0 -64 0
493 1 55 1
494 0 -64 0
495 0 -64 0
496 1 63 1
497 0 -64 0
498 0 -64 0
499 1 63 1
500 0 -64 0
501 1 63 1
502 1 63 1
503 1 63 1
504 0 -64 0
505 0 -64 0
506 0 -64 0
507 0 -64 0
508 0 -64 0
509 1 63 1
510 1 63 1
511 0 -64 0
512 0 -64 0
513 1 63 1
514 1 63 1
515 1 63 1
516 0 -64 0
517 1 63 1
518 0 -64 0
519 0 -64 0
520 0 -64 0
521 0 -64 0
522 1 63 1
523 0 -64 0
524 1 53 1
525 0 -64 0
526 1 63 1
527 0 -64 0
528 1 63 1
529 1 63 1
530 1 63 1
531 1 63 1
532 1 63 1
533 1 63 1
534 0 -64 0
535 0 -64 0
536 0 -64 0
537 0 -64 0
538 1 63 1
539 0 -64 0
540 0 -64 0
541 0 -64 0
542 1 63 1
543 0 -64 0
544 1 63 1
545 0 -64 0
546 0 -64 0
547 0 -64 0
548 1 63 1
549 1 63 1
550 0 -64 0
551 0 -64 0
552 0 -64 0
553 0 -64 0
554 1 63 1
555 1 49 1
556 1 63 1
557 0 -64 0
558 0 -64 0
559 0 -64 0
560 0 -64 0
561 1 63 1
562 1 63 1
563 1 63 1
564 1 63 1
565 1 63 1
566 1 63 1
567 1 63 1
568 0 -64 0
569 0 -64 0
570 0 -64 0
571 0 -64 0
572 0 -64 0
573 1 63 1
574 1 63 1
575 1 63 1
576 0 -64 0
577 1 63 1
578 1 63 1
579 0 -64 0
580 1 63 1
581 0 -64 0
582 0 -64 0
583 1 63 1
584 1 63 1
585 0 -64 0
586 0 -64 0
587 1 63 1
588 0 -64 0
589 0 -64 0
590 0 -64 0
591 0 -64 0
592 0 -64 0
593 1 63 1
594 0 -64 0
595 0 -64 0
596 1 63 1
597 0 -64 0
598 1 63 1
599 1 63 1
600 0 -64 0
601 0 -64 0
602 0 -64 0
603 1 63 1
604 1 63 1
605 1 63 1
606 1 63 1
607 0 -64 0
608 1 63 1
609 0 -64 0
610 1 63 1
611 0 -64 0
612 1 63 1
613 1 63 1
614 1 63 1
615 0 -64 0
616 0 -64 0
617 1 63 1
618 0 -64 0
619 1 63 1
620 0 -64 0
621 1 63 1
622 0 -64 0
623 0 -64 0
624 1 63 1
625 1 63 1
626 0 -64 0
627 1 63 1
628 1 63 1
629 1 63 1
630 1 63 1
631 0 -64 0
632 0 -64 0
633 1 63 1
634 1 63 1
635 0 -64 0
636 0 -64 0
637 0 -64 0
638 0 -64 0
639 0 -64 0
640 0 -64 0
641 0 -64 0
642 1 63 1
643 0 -64 0
644 1 63 1
645 0 -62 0
646 1 63 1
647 0 -64 0
648 0 -64 0
649 1 63 1
650 1 63 1
651 1 63 1
652 0 -64 0
653 1 63 1
654 0 -64 0
655 1 63 1
656 1 63 1
657 1 63 1
658 0 -50 0
659 0 -64 0
660 1 63 1
661 0 -64 0
662 0 -64 0
663 1 63 1
664 1 63 1
665 0 -64 0
666 0 -64 0
667 1 63 1
668 1 63 1
669 0 -64 0
670 1 63 1
671 0 -64 0
672 0 -64 0
673 1 63 1
674 1 63 1
675 0 -64 0
676 0 -64 0
677 1 63 1
678 1 63 1
679 0 -64 0
680 1 63 1
681 1 63 1
682 0 -64 0
683 1 63 1
684 1 63 1
685 0 -64 0
686 0 -64 0
687 0 -64 0
688 0 -64 0
689 0 -64 0
690 1 63 1
691 0 -64 0
692 1 63 1
693 0 -64 0
694 0 -64 0
695 0 -64 0
696 0 -64 0
697 1 63 1
698 0 -64 0
699 1 63 1
700 1 63 1
701 1 63 1
702 1 63 1
703 1 63 1
704 0 -64 0
705 1 63 1
706 1 63 1
707 0 -64 0
708 0 -64 0
709 1 63 1
710 0 -64 0
711 1 63 1
712 1 63 1
713 0 -64 0
714 1 63 1
715 0 -64 0
716 0 -64 0
717 0 -64 0
718 1 63 1
719 1 63 1
720 1 63 1
721 1 63 1
722 1 63 1
723 0 -64 0
724 0 -64 0
725 1 63 1
726 0 -64 0
727 0 -64 0
728 1 63 1
729 0 -64 0
730 0 -64 0
731 0 -64 0
732 0 -64 0
733 0 -64 0
734 0 -64 0
735 1 63 1
736 1 63 1
737 0 -64 0
738 1 63 1
739 1 63 1
740 0 -64 0
741 0 -64 0
742 1 63 1
743 0 -64 0
744 0 -64 0
745 1 63 1
746 1 63 1
747 0 -64 0
748 1 63 1
749 0 -64 0
750 1 63 1
751 0 -52 0
752 0 -64 0
753 1 63 1
754 1 63 1
755 1 63 1
756 0 -64 0
757 1 63 1
758 0 -64 0
759 1 63 1
760 0 -64 0
761 1 63 1
762 1 63 1
763 0 -64 0
764 1 63 1
765 0 -64 0
766 0 -64 0
767 1 63 1
768 0 -64 0
769 1 50 1
770 0 -64 0
771 0 -64 0
772 0 -64 0
773 0 -64 0
774 0 -64 0
775 1 63 1
776 1 63 1
777 1 55 1
778 1 63 1
779 1 63 1
780 1 63 1
781 0 -64 0
782 1 63 1
783 0 -64 0
784 1 63 1
785 1 63 1
786 0 -64 0
787 1 63 1
788 0 -64 0
789 1 63 1
790 1 63 1
791 0 -64 0
792 0 -64 0
793 1 63 1
794 0 -64 0
795 0 -64 0
796 1 63 1
797 0 -64 0
798 0 -64 0
799 1 63 1
800 1 37 1
801 0 -64 0
802 0 -64 0
803 0 -64 0
804 1 63 1
805 0 -64 0
806 0 -64 0
807 1 63 1
808 1 63 1
809 1 63 1
810 1 63 1
811 0 -64 0
812 1 63 1
813 1 60 1
814 0 -64 0
815 1 63 1
816 1 63 1
817 1 63 1
818 1 63 1
819 1 63 1
820 0 -64 0
821 1 63 1
822 1 63 1
823 0 -64 0
824 1 63 1
825 1 63 1
826 0 -64 0
827 0 -64 0
828 0 -64 0
829 1 63 1
830 0 -64 0
831 0 -64 0
832 1 63 1
833 0 -64 0
834 1 63 1
835 1 63 1
836 0 -64 0
837 1 63 1
838 1 63 1
839 1 63 1
840 0 -64 0
841 0 -64 0
842 0 -64 0
843 1 63 1
844 0 -64 0
845 0 -64 0
846 1 63 1
847 1 63 1
848 1 63 1
849 0 -64 0
850 0 -64 0
851 0 -64 0
852 0 -64 0
853 0 -64 0
854 0 -64 0
855 1 63 1
856 0 -64 0
857 1 63 1
858 1 63 1
859 0 -64 0
860 1 63 1
861 0 -64 0
862 0 -64 0
863 0 -64 0
864 0 -64 0
865 0 -64 0
866 1 63 1
867 0 -59 0
868 0 -64 0
869 1 63 1
870 1 63 1
871 0 -64 0
872 1 63 1
873 1 63 1
874 0 -64 0
875 0 -64 0
876 0 -64 0
877 0 -64 0
878 1 63 1
879 0 -64 0
880 0 -64 0
881 0 -64 0
882 0 -64 0
883 0 -64 0
884 0 -64 0
885 1 63 1
886 0 -64 0
887 1 63 1
888 0 -64 0
889 0 -64 0
890 1 63 1
891 1 63 1
892 0 -64 0
893 1 63 1
894 0 -64 0
895 0 -64 0
896 0 -64 0
897 1 63 1
898 1 63 1
899 0 -64 0
900 0 -64 0
901 0 -64 0
902 1 63 1
903 0 63 1
904 1 63 1
905 0 -64 0
906 1 63 1
907 0 -64 0
908 0 -64 0
909 0 -64 0
910 1 63 1
911 1 63 1
912 1 63 1
913 1 63 1
914 0 -64 0
915 1 63 1
916 0 -64 0
917 1 63 1
918 1 63 1
919 0 -64 0
920 1 63 1
921 0 -64 0
922 1 63 1
923 0 -64 0
924 0 -64 0
925 0 -64 0
926 1 63 1
927 1 63 1
928 1 63 1
929 0 -64 0
930 0 -64 0
931 0 -64 0
932 0 -64 0
933 1 63 1
934 1 63 1
935 0 -64 0
936 1 63 1
937 1 63 1
938 1 63 1
939 0 -64 0
940 0 -64 0
941 1 63 1
942 1 63 1
943 1 63 1
944 1 63 1
945 1 63 1
946 0 -64 0
947 1 63 1
948 1 63 1
949 0 -64 0
950 1 63 1
951 1 63 1
952 0 -64 0
953 1 63 1
954 1 63 1
955 0 -64 0
956 1 63 1
957 1 63 1
958 0 -64 0
959 0 -64 0
960 0 -64 0
961 1 63 1
962 1 63 1
963 1 63 1
964 1 63 1
965 0 -64 0
966 0 -64 0
967 1 63 1
968 1 63 1
969 0 -64 0
970 1 63 1
971 0 -64 0
972 0 -64 0
973 0 -64 0
974 1 63 1
975 1 63 1
976 0 -64 0
977 0 -64 0
978 1 63 1
979 0 -64 0
980 0 -64 0
981 0 -64 0
982 0 -64 0
983 0 -64 0
984 0 -64 0
985 1 63 1
986 1 63 1
987 0 -64 0
988 1 63 1
989 0 -64 0
990 1 63 1
991 0 -64 0
992 0 -64 0
993 1 63 1
994 1 63 1
995 0 -64 0
996 1 63 1
997 0 -64 0
998 1 63 1
999 0 -64 0
1000 0 -64 0
1001 1 63 1
1002 1 63 1
1003 1 63 1
1004 0 -64 0
1005 0 -64 0
1006 1 63 1
1007 0 -64 0
1008 1 63 1
1009 0 -64 0
1010 0 -64 0
1011 1 63 1
1012 1 63 1
1013 0 -64 0
1014 0 -64 0
1015 0 -64 0
1016 0 -64 0
1017 1 63 1
1018 0 -64 0
1019 1 63 1
1020 1 63 1
1021 0 -64 0
1022 1 55 1
1023 1 63 1
1024 0 -64 0
1025 1 63 1
1026 1 63 1
1027 1 63 1
1028 1 63 1
1029 1 63 1
1030 0 -64 0
1031 0 -64 0
1032 1 63 1
1033 1 63 1
1034 0 -64 0
1035 1 63 1
1036 0 -64 0
1037 1 63 1
1038 0 -64 0
1039 0 -64 0
1040 1 63 1
1041 0 -64 0
1042 0 -64 0
1043 0 -64 0
1044 1 63 1
1045 0 -56 0
1046 0 -64 0
1047 0 -64 0
1048 0 -64 0
1049 1 63 1
1050 0 -64 0
1051 0 -64 0
1052 0 -64 0
1053 0 -64 0
1054 0 -64 0
1055 1 63 1
1056 0 -64 0
1057 0 -64 0
1058 0 63 1
1059 1 63 1
1060 1 63 1
1061 1 63 1
1062 0 -64 0
1063 1 63 1
1064 0 -64 0
1065 1 63 1
1066 1 63 1
1067 1 63 1
1068 0 -64 0
1069 0 -64 0
1070 0 -64 0
1071 0 -64 0
1072 1 63 1
1073 0 -64 0
1074 0 -64 0
1075 1 63 1
1076 1 63 1
1077 1 63 1
1078 0 -64 0
1079 1 63 1
1080 0 -64 0
1081 0 -64 0
1082 1 63 1
1083 1 63 1
1084 1 63 1
1085 0 -64 0
1086 1 63 1
1087 0 -64 0
1088 0 -64 0
1089 0 -64 0
1090 0 -64 0
1091 0 -64 0
1092 0 -64 0
1093 1 63 1
1094 0 -64 0
1095 0 -64 0
1096 0 -64 0
1097 0 -64 0
1098 0 -64 0
1099 1 63 1
1100 0 -64 0
1101 1 63 1
1102 1 63 1
1103 0 -64 0
1104 0 -64 0
1105 1 63 1
1106 1 63 1
1107 0 -64 0
1108 1 63 1
1109 0 -64 0
1110 0 -64 0
1111 0 -64 0
1112 0 -64 0
1113 1 63 1
1114 1 63 1
1115 0 -64 0
1116 0 -64 0
1117 0 -64 0
1118 1 63 1
1119 0 -64 0
1120 1 63 1
1121 1 63 1
1122 1 63 1
1123 1 58 1
1124 0 -64 0
1125 0 -64 0
1126 0 -64 0
1127 0 -64 0
1128 1 63 1
1129 1 63 1
1130 0 -64 0
1131 1 63 1
1132 1 63 1
1133 1 63 1
1134 1 63 1
1135 1 63 1
1136 0 -64 0
1137 1 63 1
1138 1 63 1
1139 1 63 1
1140 0 -64 0
1141 0 -64 0
1142 0 -64 0
1143 1 63 1
1144 1 63 1
1145 0 -64 0
1146 1 63 1
1147 1 63 1
1148 0 -64 0
1149 0 -64 0
1150 0 -64 0
1151 0 -64 0
1152 0 -64 0
1153 1 63 1
1154 1 63 1
1155 1 63 1
1156 0 -64 0
1157 0 -64 0
1158 0 -64 0
1159 1 63 1
1160 1 63 1
1161 1 63 1
1162 1 63 1
1163 0 -64 0
1164 1 63 1
1165 0 -64 0
1166 1 63 1
1167 0 -64 0
1168 1 63 1
1169 1 40 1
1170 0 -64 0
1171 1 63 1
1172 1 63 1
1173 0 -64 0
1174 1 63 1
1175 1 63 1
1176 0 -64 0
1177 0 -64 0
1178 0 -64 0
1179 0 -64 0
1180 1 63 1
1181 0 -64 0
1182 0 -64 0
1183 1 63 1
1184 1 63 1
1185 0 -64 0
1186 1 63 1
1187 1 63 1
1188 1 63 1
1189 0 -64 0
1190 0 -55 0
1191 0 -64 0
1192 0 -64 0
1193 1 63 1
1194 0 -64 0
1195 1 63 1
1196 0 -64 0
1197 0 -64 0
1198 0 -64 0
1199 1 63 1
1200 0 -40 0
1201 1 63 1
1202 1 63 1
1203 1 63 1
1204 0 -64 0
1205 0 -64 0
1206 1 63 1
1207 1 63 1
1208 0 -64 0
1209 0 -64 0
1210 0 -64 0
1211 1 63 1
1212 0 -64 0
1213 0 -59 0
1214 0 -64 0
1215 1 63 1
1216 1 63 1
1217 0 -64 0
1218 0 -64 0
1219 1 63 1
1220 0 -64 0
1221 1 63 1
1222 1 63 1
1223 0 -64 0
1224 0 -64 0
1225 0 -64 0
1226 0 -64 0
1227 1 63 1
1228 1 63 1
1229 0 -64 0
1230 0 -64 0
1231 0 -64 0
1232 0 -64 0
1233 1 63 1
1234 0 -64 0
1235 0 -64 0
1236 1 63 1
1237 1 63 1
1238 1 63 1
1239 0 -64 0
1240 0 -64 0
1241 0 -64 0
1242 0 -64 0
1243 1 63 1
1244 1 63 1
1245 0 -64 0
1246 1 63 1
1247 0 -64 0
1248 0 -64 0
1249 1 63 1
1250 1 63 1
1251 1 63 1
1252 0 -64 0
1253 0 -64 0
1254 1 63 1
1255 1 63 1
1256 0 -64 0
1257 1 63 1
1258 0 -64 0
1259 1 63 1
1260 1 63 1
1261 0 -64 0
1262 1 63 1
1263 1 63 1
1264 1 63 1
1265 0 -64 0
1266 1 63 1
1267 1 19 1
1268 0 -64 0
1269 0 -64 0
1270 0 -64 0
1271 1 63 1
1272 0 -64 0
1273 0 -64 0
1274 1 63 1
1275 1 63 1
1276 0 -64 0
1277 0 -64 0
1278 0 -64 0
1279 0 -64 0
1280 1 63 1
1281 1 63 1
1282 1 63 1
1283 1 63 1
1284 0 -64 0
1285 0 -64 0
1286 1 63 1
1287 1 63 1
1288 0 -64 0
1289 1 63 1
1290 1 63 1
1291 1 63 1
1292 1 63 1
1293 0 -64 0
1294 0 -64 0
1295 0 -64 0
1296 0 -64 0
1297 1 63 1
1298 0 -64 0
1299 0 -64 0
1300 1 63 1
1301 0 -64 0
1302 1 63 1
1303 1 63 1
1304 1 63 1
1305 0 -64 0
1306 1 63 1
1307 0 -64 0
1308 0 -64 0
1309 1 63 1
1310 0 -64 0
1311 1 63 1
1312 1 63 1
1313 0 -64 0
1314 0 -64 0
1315 0 -64 0
1316 0 -64 0
1317 0 -64 0
1318 1 63 1
1319 0 -64 0
1320 1 63 1
1321 1 63 1
1322 0 -64 0
1323 1 63 1
1324 1 53 1
1325 1 63 1
1326 0 -64 0
1327 0 -64 0
1328 1 63 1
1329 1 63 1
1330 0 -64 0
1331 0 -64 0
1332 0 -64 0
1333 0 -64 0
1334 0 -64 0
1335 0 -64 0
1336 0 -64 0
1337 0 -64 0
1338 0 -64 0
1339 1 63 1
1340 0 -64 0
1341 0 -64 0
1342 1 63 1
1343 0 -64 0
1344 0 -64 0
1345 0 -64 0
1346 0 -64 0
1347 1 63 1
1348 0 -64 0
1349 1 63 1
1350 0 -64 0
1351 1 63 1
1352 0 -64 0
1353 1 63 1
1354 0 -64 0
1355 0 -64 0
1356 1 63 1
1357 1 63 1
1358 1 63 1
1359 0 -64 0
1360 0 -64 0
1361 1 63 1
1362 0 -64 0
1363 0 -64 0
1364 0 -64 0
1365 0 -64 0
1366 0 -64 0
1367 1 63 1
1368 0 -64 0
1369 1 63 1
1370 1 63 1
1371 1 63 1
1372 1 63 1
1373 1 63 1
1374 0 -64 0
1375 1 63 1
1376 1 63 1
1377 0 -64 0
1378 1 63 1
1379 1 63 1
1380 0 -64 0
1381 0 -64 0
1382 0 -64 0
1383 1 63 1
1384 1 63 1
1385 1 63 1
1386 1 63 1
1387 1 63 1
1388 1 63 1
1389 1 63 1
1390 1 63 1
1391 1 63 1
1392 1 63 1
1393 0 -64 0
1394 0 -64 0
1395 0 -64 0
1396 0 -53 0
1397 0 -64 0
1398 0 -64 0
1399 1 63 1
1400 0 -64 0
1401 0 -64 0
1402 0 -64 0
1403 0 -64 0
1404 0 -64 0
1405 1 63 1
1406 0 -64 0
1407 0 -64 0
1408 1 63 1
1409 0 -64 0
1410 0 -64 0
1411 1 63 1
1412 0 -64 0
1413 0 -64 0
1414 0 -64 0
1415 0 -64 0
1416 0 -64 0
1417 1 63 1
1418 1 63 1
1419 0 -64 0
1420 1 63 1
1421 0 -64 0
1422 0 -31 0
1423 0 -64 0
1424 1 63 1
1425 0 -64 0
1426 0 -64 0
1427 0 -64 0
1428 0 -64 0
1429 0 -64 0
1430 0 -64 0
1431 1 63 1
1432 0 -64 0
1433 1 63 1
1434 0 -64 0
1435 1 63 1
1436 1 63 1
1437 1 63 1
1438 0 -64 0
1439 1 63 1
1440 1 63 1
1441 0 -64 0
1442 0 -64 0
1443 0 -64 0
1444 0 -64 0
1445 1 63 1
1446 1 63 1
1447 0 -64 0
1448 0 -64 0
1449 1 63 1
1450 1 63 1
1451 0 -64 0
1452 0 -64 0
1453 1 63 1
1454 0 -64 0
1455 1 63 1
1456 1 63 1
1457 1 63 1
1458 1 33 1
1459 1 63 1
1460 1 63 1
1461 0 -64 0
1462 0 -64 0
1463 1 63 1
1464 0 -64 0
1465 1 63 1
1466 0 -64 0
1467 0 -64 0
1468 0 -64 0
1469 1 63 1
1470 0 -64 0
1471 1 63 1
1472 1 63 1
1473 0 -64 0
1474 1 63 1
1475 1 63 1
1476 1 63 1
1477 0 -64 0
1478 0 -64 0
1479 0 -64 0
1480 1 63 1
1481 1 63 1
1482 1 63 1
1483 1 63 1
1484 1 63 1
1485 1 63 1
1486 1 63 1
1487 0 -64 0
1488 1 63 1
1489 1 63 1
1490 0 -64 0
1491 1 63 1
1492 1 63 1
1493 0 -64 0
1494 0 -64 0
1495 0 -64 0
1496 0 -64 0
1497 0 -64 0
1498 0 -64 0
1499 0 -64 0
1500 1 63 1
1501 0 -64 0
1502 1 63 1
1503 1 63 1
1504 0 -64 0
1505 0 -64 0
1506 1 63 1
1507 0 -64 0
1508 1 63 1
1509 0 -64 0
1510 0 -64 0
1511 0 -64 0
1512 0 -64 0
1513 0 -64 0
1514 1 63 1
1515 1 63 1
1516 0 -64 0
1517 1 63 1
1518 1 63 1
1519 1 63 1
1520 1 63 1
1521 1 63 1
1522 1 63 1
1523 1 63 1
1524 1 63 1
1525 0 -64 0
1526 0 -64 0
1527 0 -64 0
1528 1 63 1
1529 1 63 1
1530 0 -64 0
1531 1 63 1
1532 0 -64 0
1533 1 63 1
1534 0 -64 0
1535 1 63 1
1536 0 -64 0
1537 0 -64 0
1538 0 -64 0
1539 1 63 1
1540 0 -64 0
1541 0 -64 0
1542 0 -64 0
1543 1 63 1
1544 1 63 1
1545 1 63 1
1546 0 -64 0
1547 0 -64 0
1548 0 -64 0
1549 1 63 1
1550 1 63 1
1551 0 -48 0
1552 0 -64 0
1553 0 -64 0
1554 0 -64 0
1555 1 63 1
1556 0 -64 0
1557 0 -64 0
1558 0 -64 0
1559 1 63 1
1560 0 -64 0
1561 1 63 1
1562 0 -64 0
1563 0 -64 0
1564 0 -64 0
1565 1 63 1
1566 0 -64 0
1567 0 -64 0
1568 1 63 1
1569 1 54 1
1570 0 -64 0
1571 0 -64 0
1572 1 63 1
1573 0 -64 0
1574 1 63 1
1575 1 63 1
1576 0 -64 0
1577 0 -64 0
1578 0 -64 0
1579 1 63 1
1580 0 -64 0
1581 1 63 1
1582 1 63 1
1583 1 63 1
1584 0 -64 0
1585 1 63 1
1586 0 -64 0
1587 0 -64 0
1588 1 63 1
1589 0 -64 0
1590 0 -64 0
1591 0 -64 0
1592 1 63 1
1593 0 -64 0
1594 0 -64 0
1595 1 63 1
1596 1 63 1
1597 1 63 1
1598 0 -64 0
1599 1 63 1
1600 1 37 1
1601 1 63 1
1602 1 63 1
1603 0 -64 0
1604 0 -64 0
1605 0 -64 0
1606 0 -64 0
1607 0 -64 0
1608 1 63 1
1609 1 63 1
1610 1 63 1
1611 1 63 1
1612 1 63 1
1613 1 32 1
1614 1 63 1
1615 0 -64 0
1616 1 63 1
1617 0 -64 0
1618 0 -64 0
1619 1 63 1
1620 1 63 1
1621 1 63 1
1622 1 63 1
1623 1 63 1
1624 0 -64 0
1625 1 63 1
1626 0 -64 0
1627 1 63 1
1628 0 -64 0
1629 0 -64 0
1630 1 63 1
1631 0 -64 0
1632 0 -64 0
1633 1 63 1
1634 0 -64 0
1635 1 63 1
1636 1 63 1
1637 1 63 1
1638 1 63 1
1639 0 -64 0
1640 1 63 1
1641 1 63 1
1642 0 -64 0
1643 1 63 1
1644 0 -64 0
1645 1 63 1
1646 0 -64 0
1647 0 -64 0
1648 0 -64 0
1649 1 63 1
1650 0 -64 0
1651 1 63 1
1652 0 -64 0
1653 0 -64 0
1654 1 63 1
1655 1 63 1
1656 0 -64 0
1657 0 -64 0
1658 0 -64 0
1659 1 63 1
1660 1 63 1
1661 1 63 1
1662 1 63 1
1663 0 -64 0
1664 0 -64 0
1665 0 -64 0
1666 1 63 1
1667 1 63 1
1668 0 -64 0
1669 0 -64 0
1670 1 63 1
1671 0 -64 0
1672 0 -64 0
1673 0 -64 0
1674 0 -64 0
1675 1 63 1
1676 0 -64 0
1677 1 63 1
1678 1 63 1
1679 1 63 1
1680 0 -64 0
1681 1 63 1
1682 0 -64 0
1683 0 -64 0
1684 0 -64 0
1685 1 63 1
1686 1 63 1
1687 1 63 1
1688 1 63 1
1689 1 63 1
1690 0 -64 0
1691 0 -64 0
1692 1 63 1
1693 0 -64 0
1694 0 -64 0
1695 0 -64 0
1696 0 -64 0
1697 1 63 1
1698 1 63 1
1699 1 63 1
1700 1 63 1
1701 1 63 1
1702 0 -64 0
1703 0 -64 0
1704 1 63 1
1705 0 -64 0
1706 0 -62 0
1707 0 -64 0
1708 1 63 1
1709 1 63 1
1710 1 63 1
1711 0 -64 0
1712 1 63 1
1713 0 -64 0
1714 0 -64 0
1715 1 63 1
1716 1 63 1
1717 1 63 1
1718 1 63 1
1719 0 -64 0
1720 1 63 1
1721 0 -64 0
1722 0 -64 0
1723 0 -64 0
1724 0 -64 0
1725 1 63 1
1726 1 63 1
1727 0 -64 0
1728 1 63 1
1729 1 63 1
1730 0 -64 0
1731 0 -64 0
1732 0 -64 0
1733 0 -64 0
1734 0 -64 0
1735 0 -64 0
1736 0 -64 0
1737 1 63 1
1738 0 -64 0
1739 0 -64 0
1740 0 -64 0
1741 0 -64 0
1742 0 -64 0
1743 0 -64 0
1744 0 -64 0
1745 1 63 1
1746 0 -64 0
1747 1 63 1
1748 1 63 1
1749 1 63 1
1750 0 -64 0
1751 1 63 1
1752 0 -64 0
1753 0 -64 0
1754 1 63 1
1755 1 63 1
1756 1 63 1
1757 1 63 1
1758 1 63 1
1759 0 -64 0
1760 1 63 1
1761 0 -64 0
1762 1 63 1
1763 0 -64 0
1764 0 -64 0
1765 0 -64 0
1766 0 -64 0
1767 0 -64 0
1768 0 -64 0
1769 0 -64 0
1770 1 63 1
1771 0 -64 0
1772 0 -64 0
1773 0 -64 0
1774 0 -64 0
1775 1 63 1
1776 0 -64 0
1777 0 -64 0
1778 0 -64 0
1779 1 63 1
1780 0 -64 0
1781 0 -64 0
1782 1 63 1
1783 1 63 1
1784 1 63 1
1785 0 -64 0
1786 0 -64 0
1787 0 -64 0
1788 0 -64 0
1789 1 63 1
1790 1 63 1
1791 0 -64 0
1792 1 63 1
1793 0 -64 0
1794 1 63 1
1795 1 63 1
1796 1 54 1
1797 1 63 1
1798 0 -64 0
1799 0 -64 0
1800 1 63 1
1801 0 -64 0
1802 1 63 1
1803 0 -64 0
1804 1 63 1
1805 1 63 1
1806 0 -64 0
1807 0 -64 0
1808 0 -64 0
1809 1 63 1
1810 1 63 1
1811 1 63 1
1812 0 -64 0
1813 1 63 1
1814 0 -64 0
1815 1 63 1
1816 0 -64 0
1817 1 63 1
1818 0 -64 0
1819 0 -64 0
1820 0 -64 0
1821 1 63 1
1822 1 63 1
1823 1 63 1
1824 0 -60 0
1825 1 63 1
1826 1 63 1
1827 1 63 1
1828 0 -64 0
1829 1 63 1
1830 0 -64 0
1831 0 -64 0
1832 0 -64 0
1833 1 63 1
1834 0 -64 0
1835 0 -64 0
1836 0 -64 0
1837 0 -64 0
1838 1 63 1
1839 0 -64 0
1840 0 -64 0
1841 0 -64 0
1842 0 -64 0
1843 1 63 1
1844 1 63 1
1845 0 -53 0
1846 1 63 1
1847 0 -64 0
1848 0 -64 0
1849 0 -64 0
1850 1 63 1
1851 0 -64 0
1852 0 -64 0
1853 1 63 1
1854 1 63 1
1855 0 -64 0
1856 0 -64 0
1857 1 63 1
1858 0 -54 0
1859 1 63 1
1860 0 -64 0
1861 0 -64 0
1862 1 63 1
1863 1 63 1
1864 0 -64 0
1865 1 63 1
1866 0 -64 0
1867 1 63 1
1868 1 63 1
1869 0 -64 0
1870 0 -64 0
1871 0 -64 0
1872 0 -64 0
1873 0 -64 0
1874 1 63 1
1875 0 -64 0
1876 1 63 1
1877 0 -64 0
1878 0 -64 0
1879 1 63 1
1880 0 -64 0
1881 0 -64 0
1882 0 -64 0
1883 1 63 1
1884 1 63 1
1885 1 63 1
1886 0 -64 0
1887 0 -64 0
1888 0 -64 0
1889 0 -64 0
1890 1 63 1
1891 1 63 1
1892 1 63 1
1893 1 63 1
1894 0 -64 0
1895 0 -64 0
1896 0 -64 0
1897 1 63 1
1898 0 -64 0
1899 0 -64 0
1900 1 63 1
1901 0 -64 0
1902 0 -64 0
1903 0 -64 0
1904 1 63 1
1905 0 -64 0
1906 0 -64 0
1907 1 63 1
1908 0 -64 0
1909 1 63 1
1910 1 63 1
1911 1 63 1
1912 1 63 1
1913 0 -64 0
1914 0 -64 0
1915 1 63 1
1916 1 63 1
1917 0 -64 0
1918 0 -64 0
1919 1 63 1
1920 0 -64 0
1921 0 -64 0
1922 0 -64 0
1923 0 -64 0
1924 1 63 1
1925 1 63 1
1926 1 63 1
1927 1 63 1
1928 0 -64 0
1929 1 63 1
1930 1 63 1
1931 1 63 1
1932 0 -64 0
1933 0 -64 0
1934 0 -64 0
1935 1 63 1
1936 0 -64 0
1937 0 -64 0
1938 0 -64 0
1939 0 -64 0
1940 0 -64 0
1941 1 63 1
1942 1 63 1
1943 0 -64 0
1944 0 -64 0
1945 0 -64 0
1946 1 63 1
1947 1 63 1
1948 1 63 1
1949 1 63 1
1950 1 63 1
1951 0 -44 0
1952 1 63 1
1953 0 -64 0
1954 1 63 1
1955 0 -64 0
1956 0 -64 0
1957 1 63 1
1958 0 -64 0
1959 1 63 1
1960 0 -64 0
1961 0 -64 0
1962 0 -64 0
1963 1 63 1
1964 1 63 1
1965 0 -64 0
1966 1 63 1
1967 0 -64 0
1968 1 63 1
1969 1 47 1
1970 1 63 1
1971 1 63 1
1972 0 -64 0
1973 1 63 1
1974 1 63 1
1975 1 63 1
1976 0 -64 0
1977 1 63 1
1978 1 63 1
1979 0 -64 0
1980 0 -64 0
1981 1 63 1
1982 1 63 1
1983 1 63 1
1984 0 -64 0
1985 1 63 1
1986 1 63 1
1987 1 63 1
1988 1 63 1
1989 1 63 1
1990 0 -64 0
1991 1 63 1
1992 1 63 1
1993 1 63 1
1994 1 63 1
1995 1 63 1
1996 1 63 1
1997 1 63 1
1998 1 63 1
1999 1 63 1
2000 0 0 0
2001 0 -64 0
2002 1 63 1
2003 1 63 1
2004 1 63 1
2005 0 -64 0
2006 0 -64 0
2007 1 63 1
2008 1 63 1
2009 1 63 1
2010 0 -64 0
2011 1 63 1
2012 0 -64 0
2013 1 63 1
2014 0 -64 0
2015 0 -64 0
2016 0 -64 0
2017 1 63 1
2018 1 63 1
2019 1 63 1
2020 0 -64 0
2021 1 63 1
2022 1 63 1
2023 1 63 1
2024 0 -64 0
2025 1 63 1
2026 0 -64 0
2027 1 63 1
2028 0 -64 0
2029 0 -64 0
2030 1 63 1
2031 0 -64 0
2032 1 63 1
2033 0 -64 0
2034 1 63 1
2035 0 -64 0
2036 0 -64 0
2037 1 63 1
2038 1 63 1
2039 1 63 1
2040 1 63 1
2041 0 -64 0
2042 0 -64 0
2043 1 63 1
2044 1 63 1
2045 1 63 1
2046 1 63 1
2047 1 63 1
2048 1 63 1
2049 0 -64 0
2050 1 63 1
2051 0 -64 0
2052 0 -64 0
2053 0 -64 0
2054 1 63 1
2055 0 -64 0
2056 1 63 1
2057 1 63 1
2058 1 63 1
2059 1 63 1
2060 1 63 1
2061 0 -64 0
2062 1 63 1
2063 0 -64 0
2064 0 -64 0
2065 0 -64 0
2066 1 63 1
2067 1 63 1
2068 0 -64 0
2069 1 63 1
2070 1 63 1
2071 0 -64 0
2072 1 63 1
2073 1 63 1
2074 1 63 1
2075 0 -64 0
2076 0 -64 0
2077 1 63 1
2078 0 -64 0
2079 1 63 1
2080 1 63 1
2081 1 63 1
2082 0 -64 0
2083 0 -64 0
2084 1 63 1
2085 1 63 1
2086 1 63 1
2087 1 63 1
2088 0 -64 0
2089 1 63 1
2090 0 -64 0
2091 1 63 1
2092 1 63 1
2093 0 -64 0
2094 0 -64 0
2095 1 63 1
2096 0 -64 0
2097 1 63 1
2098 1 63 1
2099 1 63 1
2100 1 63 1
2101 0 -64 0
2102 1 63 1
2103 0 -64 0
2104 0 -64 0
2105 0 -64 0
2106 1 63 1
2107 0 -64 0
2108 1 63 1
2109 0 -64 0
2110 0 -64 0
2111 0 -64 0
2112 0 -64 0
2113 0 -64 0
2114 1 63 1
2115 1 63 1
2116 1 63 1
2117 0 -64 0
2118 1 63 1
2119 1 63 1
2120 0 -64 0
2121 0 -64 0
2122 0 -64 0
2123 0 -64 0
2124 0 -60 0
2125 0 -64 0
2126 0 -64 0
2127 1 63 1
2128 1 63 1
2129 1 63 1
2130 1 63 1
2131 1 63 1
2132 1 63 1
2133 1 63 1
2134 1 63 1
2135 1 63 1
2136 0 -64 0
2137 0 -64 0
2138 1 63 1
2139 1 63 1
2140 1 63 1
2141 0 -64 0
2142 0 -64 0
2143 1 63 1
2144 0 -64 0
2145 0 -64 0
2146 1 63 1
2147 1 63 1
2148 1 63 1
2149 0 -64 0
2150 1 63 1
2151 0 -64 0
2152 0 -64 0
2153 1 63 1
2154 0 -64 0
2155 1 63 1
2156 1 63 1
2157 1 63 1
2158 1 63 1
2159 1 63 1
2160 0 -64 0
2161 0 -64 0
2162 0 -64 0
2163 0 -64 0
2164 1 63 1
2165 0 -64 0
2166 0 -64 0
2167 0 -64 0
2168 0 -64 0
2169 0 -64 0
2170 1 63 1
2171 0 -64 0
2172 1 63 1
2173 0 -64 0
2174 0 -64 0
2175 0 -64 0
2176 0 -64 0
2177 1 63 1
2178 0 -64 0
2179 1 63 1
2180 0 -64 0
2181 1 63 1
2182 1 63 1
2183 0 -64 0
2184 1 63 1
2185 0 -64 0
2186 1 63 1
2187 1 63 1
2188 1 63 1
2189 1 63 1
2190 0 -64 0
2191 1 63 1
2192 0 -64 0
2193 1 63 1
2194 1 63 1
2195 0 -64 0
2196 0 -57 0
2197 1 63 1
2198 0 -64 0
2199 1 63 1
2200 0 -64 0
2201 0 -64 0
2202 1 63 1
2203 1 63 1
2204 0 -64 0
2205 1 63 1
2206 0 -64 0
2207 0 -64 0
2208 1 63 1
2209 1 63 1
2210 0 -64 0
2211 0 -64 0
2212 0 -64 0
2213 1 63 1
2214 0 -64 0
2215 0 -64 0
2216 1 63 1
2217 0 -64 0
2218 0 -64 0
2219 1 63 1
2220 1 63 1
2221 0 -64 0
2222 1 49 1
2223 1 63 1
2224 0 -64 0
2225 1 63 1
2226 1 63 1
2227 1 63 1
2228 1 63 1
2229 0 -64 0
2230 1 63 1
2231 1 63 1
2232 1 63 1
2233 0 -64 0
2234 1 63 1
2235 0 -64 0
2236 1 63 1
2237 1 63 1
2238 0 -64 0
2239 1 63 1
2240 0 -64 0
2241 1 63 1
2242 1 63 1
2243 1 63 1
2244 1 63 1
2245 0 -59 0
2246 0 -64 0
2247 1 63 1
2248 0 -64 0
2249 0 -64 0
2250 0 -64 0
2251 0 -64 0
2252 0 -64 0
2253 1 63 1
2254 0 -64 0
2255 0 -64 0
2256 1 63 1
2257 0 -64 0
2258 0 -57 0
2259 1 63 1
2260 0 -64 0
2261 1 63 1
2262 0 -64 0
2263 1 63 1
2264 1 63 1
2265 0 -64 0
2266 1 63 1
2267 0 -64 0
2268 1 63 1
2269 0 -64 0
2270 1 63 1
2271 1 63 1
2272 0 -64 0
2273 0 -64 0
2274 0 -64 0
2275 1 63 1
2276 1 63 1
2277 1 63 1
2278 0 -64 0
2279 1 63 1
2280 0 -64 0
2281 1 63 1
2282 0 -64 0
2283 0 -64 0
2284 1 63 1
2285 1 63 1
2286 0 -64 0
2287 1 63 1
2288 0 -64 0
2289 0 -64 0
2290 0 -64 0
2291 1 63 1
2292 1 63 1
2293 0 -64 0
2294 0 -64 0
2295 1 63 1
2296 1 63 1
2297 0 -64 0
2298 0 -64 0
2299 1 63 1
2300 1 63 1
2301 0 -64 0
2302 0 -64 0
2303 1 63 1
2304 0 -64 0
2305 0 -64 0
2306 0 -64 0
2307 0 -64 0
2308 0 -64 0
2309 1 63 1
2310 1 63 1
2311 0 -64 0
2312 0 -64 0
2313 1 63 1
2314 1 63 1
2315 1 63 1
2316 0 -64 0
2317 1 63 1
2318 0 -64 0
2319 0 -64 0
2320 0 -64 0
2321 1 63 1
2322 0 -64 0
2323 1 63 1
2324 0 -64 0
2325 0 -64 0
2326 1 63 1
2327 0 -64 0
2328 0 -64 0
2329 0 -64 0
2330 1 63 1
2331 0 -64 0
2332 1 63 1
2333 0 -64 0
2334 1 63 1
2335 1 63 1
2336 1 63 1
2337 0 -64 0
2338 0 -64 0
2339 1 63 1
2340 1 63 1
2341 0 -64 0
2342 1 63 1
2343 0 -64 0
2344 0 -64 0
2345 0 -64 0
2346 1 63 1
2347 1 63 1
2348 1 63 1
2349 1 63 1
2350 0 -64 0
2351 0 -51 0
2352 1 63 1
2353 1 63 1
2354 1 63 1
2355 0 -64 0
2356 0 -64 0
2357 0 -64 0
2358 0 -64 0
2359 0 -64 0
2360 1 63 1
2361 0 -64 0
2362 1 63 1
2363 0 -64 0
2364 0 -64 0
2365 1 63 1
2366 1 63 1
2367 1 63 1
2368 1 63 1
2369 1 54 1
2370 0 -64 0
2371 1 63 1
2372 1 63 1
2373 1 63 1
2374 0 -64 0
2375 0 -64 0
2376 0 -64 0
2377 0 -64 0
2378 0 -64 0
2379 0 -64 0
2380 1 63 1
2381 0 -64 0
2382 0 -64 0
2383 0 -64 0
2384 0 -64 0
2385 0 -64 0
2386 1 63 1
2387 0 -64 0
2388 1 63 1
2389 0 -64 0
2390 1 63 1
2391 1 63 1
2392 0 -64 0
2393 0 -64 0
2394 0 -64 0
2395 0 -64 0
2396 0 -64 0
2397 0 -64 0
2398 1 63 1
2399 1 63 1
2400 0 -39 0
2401 0 -64 0
2402 1 63 1
2403 0 -64 0
2404 1 63 1
2405 0 -64 0
2406 1 63 1
2407 1 63 1
2408 0 -64 0
2409 0 -64 0
2410 1 63 1
2411 1 63 1
2412 1 63 1
2413 1 45 1
2414 1 63 1
2415 0 -64 0
2416 1 63 1
2417 1 63 1
2418 1 63 1
2419 0 -64 0
2420 1 63 1
2421 0 -64 0
2422 0 -64 0
2423 1 63 1
2424 0 -64 0
2425 1 63 1
2426 1 63 1
2427 0 -64 0
2428 1 63 1
2429 1 63 1
2430 1 63 1
2431 1 63 1
2432 0 -64 0
2433 1 63 1
2434 1 63 1
2435 0 -64 0
2436 0 -64 0
2437 1 63 1
2438 0 -64 0
2439 0 -64 0
2440 1 63 1
2441 1 63 1
2442 0 -64 0
2443 0 -64 0
2444 1 63 1
2445 1 63 1
2446 1 63 1
2447 0 -64 0
2448 0 -64 0
2449 1 63 1
2450 0 -64 0
2451 0 -64 0
2452 1 63 1
2453 0 -64 0
2454 0 -64 0
2455 0 -64 0
2456 1 63 1
2457 1 63 1
2458 0 -64 0
2459 0 -64 0
2460 1 63 1
2461 0 -64 0
2462 0 -64 0
2463 1 63 1
2464 0 -64 0
2465 1 63 1
2466 0 -64 0
2467 1 50 1
2468 0 -64 0
2469 0 -64 0
2470 1 63 1
2471 0 -64 0
2472 0 -64 0
2473 1 63 1
2474 0 -64 0
2475 1 63 1
2476 1 63 1
2477 0 -64 0
2478 1 63 1
2479 0 -64 0
2480 0 -64 0
2481 1 63 1
2482 1 63 1
2483 1 63 1
2484 1 63 1
2485 1 63 1
2486 1 63 1
2487 0 -64 0
2488 0 -64 0
2489 1 63 1
2490 0 -64 0
2491 0 -64 0
2492 1 63 1
2493 1 63 1
2494 0 -64 0
2495 0 -64 0
2496 1 63 1
2497 1 63 1
2498 0 -64 0
2499 0 -64 0
2500 0 -64 0
2501 1 63 1
2502 0 -64 0
2503 1 54 1
2504 0 -64 0
2505 1 63 1
2506 1 -12 0
2507 0 -64 0
2508 1 63 1
2509 0 -64 0
2510 1 63 1
2511 1 63 1
2512 0 -64 0
2513 0 -64 0
2514 0 -64 0
2515 1 63 1
2516 0 -64 0
2517 1 63 1
2518 0 -64 0
2519 1 63 1
2520 0 -64 0
2521 0 -64 0
2522 0 -64 0
2523 1 63 1
2524 0 -64 0
2525 0 -64 0
2526 0 -64 0
2527 1 63 1
2528 0 -64 0
2529 0 -64 0
2530 0 -64 0
2531 0 -64 0
2532 1 63 1
2533 1 63 1
2534 0 -64 0
2535 1 63 1
2536 0 -64 0
2537 1 63 1
2538 0 -64 0
2539 1 63 1
2540 1 63 1
2541 1 63 1
2542 1 63 1
2543 1 63 1
2544 1 63 1
2545 0 -64 0
2546 1 63 1
2547 1 63 1
2548 0 -64 0
2549 1 63 1
2550 1 63 1
2551 1 63 1
2552 1 63 1
2553 1 63 1
2554 1 63 1
2555 0 -64 0
2556 1 63 1
2557 0 -64 0
2558 1 63 1
2559 0 -64 0
2560 1 63 1
2561 0 -64 0
2562 0 -64 0
2563 0 -64 0
2564 0 -64 0
2565 0 -64 0
2566 0 -64 0
2567 1 63 1
2568 0 -64 0
2569 1 63 1
2570 0 -64 0
2571 1 63 1
2572 1 63 1
2573 1 63 1
2574 1 63 1
2575 1 63 1
2576 1 63 1
2577 1 63 1
2578 0 -64 0
2579 1 63 1
2580 0 -64 0
2581 0 -64 0
2582 0 -64 0
2583 1 63 1
2584 0 -64 0
2585 0 -64 0
2586 1 63 1
2587 1 63 1
2588 1 63 1
2589 0 -64 0
2590 0 -64 0
2591 1 63 1
2592 1 63 1
2593 0 -64 0
2594 1 63 1
2595 1 63 1
2596 0 -55 0
2597 0 -64 0
2598 0 -64 0
2599 1 63 1
2600 1 63 1
2601 1 63 1
2602 1 63 1
2603 0 -64 0
2604 1 63 1
2605 0 -64 0
2606 0 -64 0
2607 0 -64 0
2608 1 63 1
2609 1 63 1
2610 1 63 1
2611 0 -64 0
2612 1 63 1
2613 1 63 1
2614 0 -64 0
2615 0 -64 0
2616 1 63 1
2617 0 -64 0
2618 0 -64 0
2619 0 -64 0
2620 1 63 1
2621 0 -64 0
2622 1 50 1
2623 1 63 1
2624 1 63 1
2625 0 -64 0
2626 1 63 1
2627 0 -64 0
2628 1 63 1
2629 0 -64 0
2630 1 63 1
2631 1 63 1
2632 1 63 1
2633 0 -64 0
2634 1 63 1
2635 1 63 1
2636 0 -64 0
2637 1 63 1
2638 0 -64 0
2639 1 63 1
2640 1 63 1
2641 0 -64 0
2642 0 -64 0
2643 1 63 1
2644 1 63 1
2645 0 -54 0
2646 0 -64 0
2647 0 -64 0
2648 0 -64 0
2649 1 63 1
2650 0 -64 0
2651 1 63 1
2652 1 63 1
2653 1 63 1
2654 0 -64 0
2655 1 63 1
2656 1 63 1
2657 0 -64 0
2658 1 44 1
2659 1 63 1
2660 0 -64 0
2661 0 -64 0
2662 0 -64 0
2663 0 -64 0
2664 0 -64 0
2665 0 -64 0
2666 0 -64 0
2667 1 63 1
2668 0 -64 0
2669 0 -64 0
2670 1 63 1
2671 1 63 1
2672 1 63 1
2673 1 63 1
2674 0 -64 0
2675 1 63 1
2676 0 -64 0
2677 1 63 1
2678 1 63 1
2679 1 63 1
2680 0 -64 0
2681 0 -64 0
2682 0 -64 0
2683 1 63 1
2684 1 63 1
2685 0 -64 0
2686 0 -64 0
2687 0 -64 0
2688 0 -64 0
2689 1 63 1
2690 1 63 1
2691 1 63 1
2692 1 63 1
2693 1 57 1
2694 0 -64 0
2695 1 63 1
2696 0 -64 0
2697 1 63 1
2698 1 63 1
2699 0 -64 0
2700 0 -64 0
2701 1 63 1
2702 1 63 1
2703 1 63 1
2704 1 63 1
2705 0 -64 0
2706 0 -64 0
2707 0 -64 0
2708 1 63 1
2709 1 63 1
2710 0 -64 0
2711 1 63 1
2712 1 63 1
2713 0 -64 0
2714 0 -64 0
2715 1 63 1
2716 0 -64 0
2717 0 -64 0
2718 1 63 1
2719 1 63 1
2720 0 -64 0
2721 0 -64 0
2722 1 63 1
2723 1 63 1
2724 1 63 1
2725 1 63 1
2726 1 63 1
2727 1 63 1
2728 1 63 1
2729 0 -64 0
2730 0 -64 0
2731 0 -64 0
2732 1 63 1
2733 0 -64 0
2734 1 63 1
2735 0 -64 0
2736 1 63 1
2737 0 -64 0
2738 1 63 1
2739 0 -64 0
2740 1 63 1
2741 0 -64 0
2742 1 63 1
2743 0 -64 0
2744 1 63 1
2745 1 63 1
2746 0 -64 0
2747 1 63 1
2748 1 63 1
2749 0 -64 0
2750 0 -64 0
2751 0 -59 0
2752 1 63 1
2753 1 63 1
2754 1 63 1
2755 1 63 1
2756 0 -64 0
2757 0 -64 0
2758 0 -64 0
2759 0 -64 0
2760 0 -64 0
2761 1 63 1
2762 1 63 1
2763 0 -64 0
2764 0 -64 0
2765 1 63 1
2766 1 63 1
2767 0 -64 0
2768 0 -64 0
2769 1 44 1
2770 0 -64 0
2771 1 63 1
2772 0 -64 0
2773 0 -64 0
2774 0 -64 0
2775 0 -64 0
2776 0 -64 0
2777 0 -64 0
2778 0 -64 0
2779 0 -64 0
2780 1 63 1
2781 1 63 1
2782 0 -64 0
2783 1 63 1
2784 0 -64 0
2785 0 -64 0
2786 0 -64 0
2787 0 -64 0
2788 1 63 1
2789 0 -64 0
2790 1 63 1
2791 0 -64 0
2792 1 63 1
2793 1 63 1
2794 0 -64 0
2795 1 63 1
2796 1 63 1
2797 1 63 1
2798 0 -64 0
2799 0 -64 0
2800 1 39 1
2801 1 63 1
2802 0 -64 0
2803 0 -64 0
2804 1 63 1
2805 0 -64 0
2806 0 -64 0
2807 0 -64 0
2808 1 63 1
2809 0 -64 0
2810 1 63 1
2811 0 -64 0
2812 1 63 1
2813 0 -63 0
2814 0 -64 0
2815 0 -64 0
2816 1 63 1
2817 1 63 1
2818 1 63 1
2819 1 63 1
2820 1 63 1
2821 0 -64 0
2822 1 63 1
2823 0 -64 0
2824 1 63 1
2825 1 63 1
2826 0 -64 0
2827 1 63 1
2828 1 63 1
2829 1 63 1
2830 1 63 1
2831 0 -64 0
2832 0 -64 0
2833 1 63 1
2834 1 63 1
2835 0 -64 0
2836 1 63 1
2837 1 63 1
2838 1 63 1
2839 0 -64 0
2840 1 63 1
2841 0 -64 0
2842 0 -64 0
2843 0 -64 0
2844 0 -64 0
2845 0 -64 0
2846 0 -64 0
2847 0 -64 0
2848 0 -64 0
2849 1 63 1
2850 1 63 1
2851 1 63 1
2852 1 63 1
2853 0 -64 0
2854 1 63 1
2855 1 63 1
2856 0 -64 0
2857 0 -64 0
2858 1 63 1
2859 0 -64 0
2860 1 63 1
2861 0 -64 0
2862 0 -64 0
2863 1 63 1
2864 0 -64 0
2865 1 63 1
2866 1 63 1
2867 1 46 1
2868 1 63 1
2869 1 63 1
2870 1 63 1
2871 0 -64 0
2872 1 63 1
2873 1 63 1
2874 0 -64 0
2875 1 63 1
2876 1 63 1
2877 1 63 1
2878 0 -64 0
2879 1 63 1
2880 1 63 1
2881 0 -64 0
2882 1 63 1
2883 1 63 1
2884 1 63 1
2885 1 63 1
2886 0 -64 0
2887 0 -64 0
2888 0 -64 0
2889 0 -64 0
2890 0 -64 0
2891 1 63 1
2892 0 -64 0
2893 0 -64 0
2894 1 63 1
2895 0 -64 0
2896 0 -64 0
2897 1 63 1
2898 0 -64 0
2899 0 -64 0
2900 1 63 1
2901 1 63 1
2902 1 63 1
2903 0 -64 0
2904 1 63 1
2905 1 63 1
2906 0 -49 0
2907 1 63 1
2908 0 -64 0
2909 0 -64 0
2910 1 63 1
2911 1 63 1
2912 0 -64 0
2913 1 63 1
2914 1 63 1
2915 1 63 1
2916 0 -64 0
2917 1 63 1
2918 1 63 1
2919 0 -64 0
2920 1 63 1
2921 0 -64 0
2922 0 -64 0
2923 0 -64 0
2924 0 -45 0
2925 0 -64 0
2926 1 63 1
2927 1 63 1
2928 1 63 1
2929 0 -64 0
2930 0 -64 0
2931 0 -64 0
2932 1 63 1
2933 1 63 1
2934 0 -64 0
2935 1 63 1
2936 1 63 1
2937 0 -64 0
2938 0 -64 0
2939 0 -64 0
2940 1 63 1
2941 1 63 1
2942 1 63 1
2943 0 -64 0
2944 1 63 1
2945 1 63 1
2946 0 -64 0
2947 1 63 1
2948 1 63 1
2949 1 63 1
2950 1 63 1
2951 0 -64 0
2952 0 -64 0
2953 0 -64 0
2954 1 63 1
2955 0 -64 0
2956 0 -64 0
2957 0 -64 0
2958 1 63 1
2959 1 63 1
2960 1 63 1
2961 0 -64 0
2962 1 63 1
2963 0 -64 0
2964 1 63 1
2965 1 63 1
2966 1 63 1
2967 1 63 1
2968 1 63 1
2969 1 63 1
2970 1 63 1
2971 1 63 1
2972 0 -64 0
2973 1 63 1
2974 1 63 1
2975 1 63 1
2976 1 63 1
2977 0 -64 0
2978 0 -64 0
2979 0 -64 0
2980 1 63 1
2981 0 -64 0
2982 1 63 1
2983 1 63 1
2984 0 -64 0
2985 0 -64 0
2986 1 63 1
2987 1 63 1
2988 0 -64 0
2989 1 63 1
2990 0 -64 0
2991 1 63 1
2992 1 63 1
2993 1 63 1
2994 0 -64 0
2995 1 63 1
2996 1 51 1
2997 0 -64 0
2998 1 63 1
2999 0 -64 0
3000 0 -64 0
3001 1 63 1
3002 1 63 1
3003 0 -64 0
3004 1 63 1
3005 0 -64 0
3006 1 63 1
3007 1 63 1
3008 1 63 1
3009 1 63 1
3010 0 -64 0
3011 0 -64 0
3012 1 63 1
3013 1 63 1
3014 0 -64 0
3015 0 -64 0
3016 1 63 1
3017 1 63 1
3018 0 -64 0
3019 1 63 1
3020 0 -64 0
3021 0 -64 0
3022 1 58 1
3023 0 -64 0
3024 0 -64 0
3025 0 -64 0
3026 0 -64 0
3027 1 63 1
3028 1 63 1
3029 1 63 1
3030 0 -64 0
3031 0 -64 0
3032 0 -64 0
3033 1 63 1
3034 0 -64 0
3035 0 -64 0
3036 1 63 1
3037 1 63 1
3038 0 -64 0
3039 1 63 1
3040 1 63 1
3041 0 -64 0
3042 1 63 1
3043 1 63 1
3044 0 -64 0
3045 1 52 1
3046 1 63 1
3047 0 -64 0
3048 1 63 1
3049 1 63 1
3050 0 -64 0
3051 0 -64 0
3052 1 63 1
3053 0 -64 0
3054 0 -64 0
3055 0 -64 0
3056 0 -64 0
3057 0 -64 0
3058 0 -38 0
3059 1 63 1
3060 1 63 1
3061 0 -64 0
3062 0 -64 0
3063 0 -64 0
3064 1 63 1
3065 0 -64 0
3066 1 63 1
3067 1 63 1
3068 0 -64 0
3069 0 -64 0
3070 0 -64 0
3071 1 63 1
3072 1 63 1
3073 1 63 1
3074 1 63 1
3075 1 63 1
3076 0 -64 0
3077 0 -64 0
3078 0 -64 0
3079 0 -64 0
3080 1 63 1
3081 1 63 1
3082 0 -64 0
3083 1 63 1
3084 1 63 1
3085 0 -64 0
3086 1 63 1
3087 0 -64 0
3088 0 -64 0
3089 0 -64 0
3090 1 63 1
3091 1 63 1
3092 0 -64 0
3093 1 63 1
3094 0 -64 0
3095 1 63 1
3096 1 63 1
3097 1 63 1
3098 1 63 1
3099 0 -64 0
3100 0 -64 0
3101 1 63 1
3102 1 63 1
3103 0 -64 0
3104 0 -64 0
3105 1 63 1
3106 0 -64 0
3107 1 63 1
3108 0 -64 0
3109 0 -64 0
3110 0 -64 0
3111 1 63 1
3112 1 63 1
3113 1 63 1
3114 0 -64 0
3115 0 -64 0
3116 1 63 1
3117 0 -64 0
3118 0 -64 0
3119 1 63 1
3120 1 63 1
3121 1 63 1
3122 1 63 1
3123 1 63 1
3124 0 -64 0
3125 0 -64 0
3126 1 63 1
3127 1 63 1
3128 0 -64 0
3129 0 -64 0
3130 0 -64 0
3131 1 63 1
3132 0 -64 0
3133 0 -64 0
3134 0 -64 0
3135 0 -64 0
3136 0 -64 0
3137 1 63 1
3138 0 -64 0
3139 1 63 1
3140 1 63 1
3141 1 63 1
3142 0 -64 0
3143 0 -64 0
3144 1 63 1
3145 0 -64 0
3146 0 -64 0
3147 0 -64 0
3148 1 55 1
3149 0 -64 0
3150 1 63 1
3151 0 -49 0
3152 0 -64 0
3153 1 63 1
3154 1 63 1
3155 1 63 1
3156 1 63 1
3157 1 63 1
3158 0 -64 0
3159 1 63 1
3160 1 63 1
3161 1 63 1
3162 1 63 1
3163 0 -64 0
3164 0 -64 0
3165 0 -64 0
3166 0 -64 0
3167 1 63 1
3168 1 63 1
3169 1 -64 0
3170 0 -64 0
3171 0 -64 0
3172 1 63 1
3173 1 63 1
3174 0 -64 0
3175 0 -64 0
3176 0 -64 0
3177 1 63 1
3178 1 63 1
3179 1 63 1
3180 0 -64 0
3181 0 -64 0
3182 0 -64 0
3183 1 63 1
3184 0 -64 0
3185 1 63 1
3186 1 63 1
3187 1 63 1
3188 0 -64 0
3189 1 63 1
3190 1 63 1
3191 1 63 1
3192 1 63 1
3193 0 -64 0
3194 1 63 1
3195 1 63 1
3196 0 -64 0
3197 0 -64 0
3198 1 63 1
3199 0 -64 0
