3200 11 111 240
0 1 1 -4 -4 -4
1 1 0 -9 -9 9
2 1 0 -2 10 -9
3 0 0 5 -9 15
4 1 0 -15 3 4
5 0 1 15 -12 9
6 0 1 8 -16 3
7 1 0 -9 6 3
8 0 0 6 -1 -16
9 0 0 15 6 -3
10 1 0 2 -1 -5
11 0 0 7 6 10
12 1 0 -7 7 -8
13 0 1 15 -2 -11
14 1 0 -8 -1 10
15 1 1 -5 14 -16
16 1 0 -1 -13 -16
17 1 1 -10 15 1
18 0 0 10 13 -16
19 1 0 -9 -11 -14
20 1 0 -14 -14 -8
21 0 0 15 -6 -4
22 1 1 -11 6 -11
23 1 1 -13 -2 -16
24 1 0 -10 -7 15
25 1 0 -10 11 10
26 0 0 -4 10 -15
27 0 1 5 -12 -2
28 0 1 10 -16 3
29 0 1 4 14 -4
30 0 0 6 -13 3
31 1 0 -11 -4 -10
32 0 0 7 15 -7
33 0 1 15 7 5
34 0 0 4 -16 11
35 0 1 8 -11 -3
36 1 0 -10 14 7
37 1 1 1 -2 1
38 1 0 -15 -3 10
39 0 0 9 -10 -11
40 0 0 0 -5 -16
41 0 0 12 15 -16
42 1 1 -6 11 -3
43 1 1 -16 -7 15
44 0 1 -3 -5 8
45 1 1 0 -10 4
46 1 1 -9 9 -13
47 0 1 15 -16 9
48 1 1 -16 7 2
49 0 1 4 -13 -7
50 1 0 -13 15 -7
51 0 0 7 -6 -6
52 1 0 -9 15 4
53 1 1 0 -2 10
54 1 0 -8 2 7
55 0 1 9 11 15
56 0 0 9 -16 -1
57 1 1 -7 4 -9
58 0 1 15 -5 -10
59 0 0 -6 -12 15
60 0 1 12 -13 -15
61 1 1 -14 2 10
62 0 0 15 -7 15
63 1 1 -8 14 -16
64 1 1 -2 1 -12
65 0 1 10 10 9
66 0 0 5 -11 -16
67 0 0 8 8 -3
68 0 0 5 12 -13
69 0 0 5 -11 5
70 1 0 -10 6 -16
71 0 1 1 1 -2
72 0 0 0 -12 4
73 0 0 4 -3 0
74 0 0 10 5 -10
75 1 0 -1 2 -9
76 1 1 -9 -3 15
77 0 1 7 -8 -8
78 1 0 1 -4 15
79 1 0 -10 11 -16
80 0 0 -4 -11 15
81 0 1 -3 -2 -13
82 0 0 5 -14 -4
83 0 1 6 9 4
84 1 1 -2 10 4
85 1 0 -11 -8 2
86 1 1 -9 10 13
87 0 1 6 9 5
88 0 0 14 13 -7
89 1 0 -11 -12 3
90 1 0 -15 -7 10
91 0 1 12 -7 -1
92 0 1 14 -6 6
93 0 0 13 7 -1
94 1 0 -7 8 -14
95 1 0 -12 -11 -9
96 0 0 7 2 -6
97 1 0 -7 -4 13
98 1 0 -12 10 -16
99 1 0 -7 7 5
100 1 1 -7 5 -9
101 0 1 5 3 10
102 0 1 13 5 -7
103 0 1 7 -3 -2
104 0 1 15 -16 10
105 1 0 0 -16 -3
106 0 0 15 -8 4
107 0 1 0 -14 0
108 1 1 1 -15 -9
109 1 0 -5 11 7
110 1 1 3 5 8
111 1 1 -5 4 -11
112 1 0 -11 -1 -5
113 0 1 8 -11 -16
114 1 1 -4 -13 11
115 0 1 6 -16 14
116 0 0 13 -15 1
117 0 1 8 -1 -13
118 0 0 10 -10 3
119 0 0 15 15 8
120 1 1 -7 3 4
121 0 1 7 -2 6
122 0 1 6 2 -9
123 1 1 -2 15 4
124 1 1 -10 -14 2
125 1 1 -7 13 -15
126 0 1 10 15 15
127 0 0 11 -1 -13
128 1 0 -16 -5 -5
129 0 1 11 15 2
130 0 0 9 -7 1
131 0 0 -7 15 6
132 0 0 4 -1 7
133 1 1 -4 14 -12
134 0 1 6 -11 -8
135 1 0 -12 -6 -9
136 1 0 -15 -10 -6
137 1 0 -3 -12 11
138 1 0 -10 -16 -6
139 0 0 4 11 7
140 0 1 1 15 -5
141 1 0 -6 9 -7
142 0 1 10 -6 -5
143 1 1 -16 0 12
144 0 1 6 15 7
145 1 0 -7 -16 -12
146 1 0 -8 0 2
147 0 1 11 15 -8
148 0 0 6 13 -8
149 1 0 -9 -10 8
150 0 1 3 6 15
151 0 1 15 -15 -10
152 0 1 12 7 15
153 0 0 9 5 12
154 1 0 -12 15 8
155 1 0 -10 12 6
156 1 1 -3 -10 -13
157 1 0 -11 8 -3
158 0 1 11 15 3
159 1 1 -5 -1 -10
160 0 1 4 6 15
161 0 0 10 -14 -15
162 1 1 -6 -12 -16
163 1 1 -7 -15 -2
164 1 1 -13 -16 15
165 1 0 -11 -16 -10
166 0 0 10 5 -12
167 1 0 -8 -6 -10
168 0 0 10 -10 14
169 1 0 -15 -4 -11
170 0 1 15 -16 -2
171 0 0 1 -10 9
172 1 1 -11 -5 -5
173 0 0 9 -13 -10
174 0 1 7 1 -16
175 1 1 -14 -16 6
176 1 0 -6 -1 -4
177 1 1 -7 3 14
178 0 0 12 -6 4
179 0 0 12 8 -11
180 1 1 -11 -9 5
181 0 0 7 -9 10
182 1 0 -14 -9 15
183 0 0 5 -13 11
184 0 1 14 5 -1
185 1 0 -11 -16 6
186 0 1 8 -10 11
187 1 0 -10 15 6
188 1 0 -10 -7 -12
189 0 0 15 11 2
190 0 1 5 2 15
191 0 1 15 -3 -7
192 1 0 -7 -14 -1
193 1 0 2 15 0
194 1 0 -10 -14 -1
195 1 0 -14 -3 2
196 0 0 15 -7 -11
197 0 1 5 -12 10
198 1 0 -7 -1 -12
199 0 0 5 -13 -14
200 0 0 10 -4 -7
201 0 0 9 -4 3
202 1 1 -16 0 5
203 1 0 -9 -6 5
204 1 1 -9 8 4
205 0 1 7 12 0
206 1 1 -8 -10 -5
207 1 1 -7 -5 3
208 0 1 -4 -9 -14
209 1 0 -13 15 13
210 1 1 -6 -8 6
211 0 0 4 10 11
212 0 0 13 -6 -8
213 0 1 6 -3 6
214 1 1 -4 -16 11
215 1 1 -16 -3 4
216 0 0 3 13 7
217 1 0 2 -14 -13
218 0 0 15 4 -4
219 1 0 -12 10 -15
220 0 1 -4 11 -10
221 0 0 11 -15 -8
222 1 1 -6 15 6
223 1 1 -16 8 -3
224 0 1 7 -14 -16
225 0 1 10 0 7
226 1 0 -14 -9 -9
227 0 1 13 -6 8
228 0 0 14 10 -9
229 1 0 -10 -2 -8
230 0 0 10 9 -9
231 0 1 0 3 -9
232 1 1 -10 2 -1
233 0 1 10 -8 11
234 0 0 14 -9 -2
235 1 1 -9 9 -13
236 0 1 8 8 -2
237 1 0 -2 -8 -1
238 0 0 15 10 10
239 1 0 -14 6 -7
240 0 0 6 3 -4
241 0 0 5 -7 -11
242 1 1 0 13 -5
243 1 1 -3 -2 5
244 0 1 15 -15 5
245 0 1 8 10 7
246 1 0 5 -13 13
247 0 0 11 -16 -1
248 0 1 11 11 7
249 1 1 -4 12 11
250 1 0 -12 -1 -5
251 1 1 -12 7 -4
252 0 0 8 12 2
253 0 1 7 -6 -10
254 1 1 -10 -16 11
255 0 1 15 15 -9
256 0 0 8 -2 11
257 0 1 11 8 3
258 0 0 11 15 9
259 1 0 -11 11 -9
260 1 0 -9 15 -9
261 0 1 9 4 7
262 0 0 7 -12 6
263 0 1 13 -3 -13
264 1 0 -8 3 11
265 1 1 -9 -1 9
266 1 1 -11 -4 -15
267 1 1 -12 9 7
268 1 0 -4 7 2
269 0 0 0 -6 1
270 0 0 3 7 7
271 0 1 6 8 -1
272 1 1 -2 15 -9
273 0 1 5 -5 -1
274 1 1 -1 -14 11
275 0 1 13 5 12
276 0 1 8 7 -9
277 1 0 -14 0 -1
278 0 1 -4 -6 -2
279 0 1 10 -1 8
280 0 1 15 12 15
281 1 1 -9 1 3
282 0 0 10 -16 14
283 1 1 -5 -7 7
284 1 1 -16 -11 9
285 1 0 -9 -4 7
286 0 0 14 9 -13
287 1 0 -2 -9 -15
288 1 0 -3 -2 -15
289 1 0 -7 -13 7
290 1 1 -7 -9 11
291 1 0 -14 8 3
292 0 0 9 -1 -16
293 1 1 -11 9 1
294 0 0 1 -14 -8
295 0 1 9 -9 8
296 1 0 -6 -1 -8
297 0 0 8 5 -14
298 0 0 13 8 -7
299 0 0 10 4 8
300 1 1 -3 -8 5
301 1 0 -14 -16 5
302 0 0 8 -16 -6
303 0 0 3 -1 -16
304 1 0 -16 -16 -12
305 1 0 -12 13 14
306 0 0 10 -15 -8
307 1 0 -13 5 12
308 0 0 9 -8 4
309 0 1 0 -10 13
310 1 0 -6 7 -5
311 1 0 -16 1 -2
312 1 0 -4 -7 8
313 1 1 -10 4 15
314 1 0 -5 4 -11
315 0 1 8 -7 -8
316 0 0 9 15 3
317 1 1 -10 -15 -11
318 1 1 0 -4 6
319 0 1 5 -1 -6
320 1 1 -11 -7 -15
321 0 0 4 7 -6
322 1 0 -9 5 -6
323 0 1 5 8 -7
324 0 0 10 -8 -11
325 1 1 -9 8 10
326 0 0 6 -11 13
327 0 1 2 -3 -9
328 1 1 -15 10 -8
329 1 1 -9 -16 12
330 1 0 -1 -10 -8
331 0 0 10 -10 4
332 1 0 -7 12 -16
333 1 0 -13 -3 8
334 0 0 12 4 -8
335 1 0 -5 5 15
336 0 0 13 15 13
337 0 1 11 -4 12
338 0 1 5 -9 9
339 0 1 3 -6 -8
340 0 0 4 15 -1
341 0 1 8 -9 -7
342 0 0 15 -3 0
343 1 1 -16 -9 7
344 1 1 -8 1 -1
345 1 1 -1 -10 -5
346 0 0 14 4 -14
347 1 1 -16 10 6
348 1 0 1 -15 11
349 1 1 -16 5 -7
350 0 1 4 10 4
351 0 0 0 14 -16
352 1 0 -3 1 -8
353 0 1 0 12 -6
354 1 1 -11 7 15
355 0 0 3 13 0
356 0 1 -1 -9 12
357 1 1 -1 8 7
358 1 0 -7 9 -5
359 1 0 1 13 5
360 1 0 -10 -5 0
361 1 1 -13 6 0
362 0 1 4 12 3
363 0 1 3 9 -6
364 1 1 -8 1 11
365 0 0 8 3 15
366 1 0 -11 7 4
367 1 0 -16 -12 5
368 1 1 -7 8 -6
369 1 0 -3 -10 15
370 0 1 13 6 13
371 0 1 15 -8 -3
372 1 1 -4 -13 -4
373 0 1 8 6 -2
374 0 1 8 1 -5
375 0 1 6 -6 10
376 1 0 2 5 -16
377 0 0 7 -2 -7
378 0 1 5 -7 8
379 1 0 -16 7 11
380 0 0 6 3 15
381 1 0 -8 -7 -2
382 0 1 10 10 -4
383 0 0 10 -6 1
384 0 0 -3 4 -14
385 0 1 8 0 1
386 1 0 -6 -3 5
387 0 1 15 -12 -1
388 0 0 8 1 -16
389 0 1 11 8 -15
390 0 1 10 -9 1
391 1 0 -4 11 -3
392 0 1 15 -12 7
393 0 0 4 -5 -10
394 1 1 -11 5 12
395 1 1 -2 -7 4
396 1 0 -3 -8 -1
397 1 1 -8 15 -14
398 0 0 11 -7 15
399 1 0 -4 2 9
400 1 0 -8 4 -8
401 1 0 -9 9 -7
402 0 1 13 10 15
403 1 1 -7 11 -11
404 0 1 10 -10 -2
405 0 1 -2 -6 10
406 1 1 1 0 6
407 1 0 -16 3 -7
408 1 1 -12 -7 -4
409 0 0 4 9 7
410 0 1 4 -13 -7
411 1 0 -14 -11 -7
412 0 0 10 10 12
413 1 0 -4 -11 -1
414 0 1 4 -15 -9
415 1 1 -14 -12 -9
416 1 1 -6 8 -2
417 1 1 -8 6 -15
418 1 0 -9 9 4
419 1 1 -16 -12 -6
420 0 1 9 0 13
421 0 1 1 8 -13
422 0 1 10 -16 -3
423 0 1 13 15 15
424 1 1 -16 -5 6
425 1 0 -6 15 -5
426 1 1 -10 -7 -5
427 0 1 7 8 -15
428 1 1 -3 2 1
429 0 0 5 1 15
430 0 1 10 -11 -16
431 1 0 -4 11 -11
432 0 0 1 -3 1
433 0 0 4 -1 -5
434 0 0 2 -8 3
435 1 1 -5 -3 -10
436 1 0 -7 10 -9
437 1 0 -8 7 3
438 0 1 13 -8 -1
439 0 1 9 6 -1
440 0 1 10 15 8
441 1 1 -5 10 -3
442 1 1 -6 8 -15
443 0 1 11 3 12
444 1 0 2 3 -9
445 0 0 15 -11 -6
446 1 0 -15 -11 -11
447 1 0 -16 -13 10
448 1 1 3 -8 14
449 1 1 -7 -10 -6
450 0 0 5 12 -7
451 0 0 7 0 15
452 0 1 4 -11 4
453 0 1 9 0 -4
454 0 1 7 -16 -1
455 1 1 -16 -5 -13
456 0 0 12 -11 15
457 0 0 15 -6 -10
458 1 1 -5 -8 -6
459 1 1 1 15 -16
460 1 1 -16 15 -5
461 1 0 -9 -3 13
462 0 0 15 15 8
463 1 1 -10 10 3
464 0 0 -6 -10 -8
465 1 1 -6 3 -11
466 1 0 -9 -1 3
467 1 0 -5 0 4
468 0 1 10 5 -1
469 1 0 -11 -11 -4
470 1 0 -4 10 11
471 0 0 0 7 11
472 1 1 -5 -5 7
473 1 0 -1 -6 -16
474 1 0 -16 11 4
475 1 1 -15 3 0
476 1 0 -5 13 -12
477 1 1 -16 -5 -7
478 0 1 6 -2 8
479 0 1 3 4 10
480 0 0 8 -9 -7
481 0 0 6 10 9
482 0 0 9 15 9
483 1 0 -6 5 4
484 0 1 6 -11 11
485 0 1 2 2 11
486 1 0 1 -6 -16
487 1 1 -8 9 -6
488 0 0 15 7 3
489 1 0 -2 -13 12
490 1 1 -16 -7 14
491 0 0 2 -8 6
492 0 1 8 -8 -4
493 0 0 5 3 2
494 1 0 -7 5 11
495 1 1 4 -16 7
496 0 0 15 -3 -3
497 1 0 -13 -12 10
498 1 0 -11 7 15
499 1 1 -9 7 7
500 1 1 -9 5 7
501 1 1 -16 -5 -9
502 0 1 14 -16 2
503 0 0 15 14 10
504 1 0 -10 11 8
505 1 0 -6 -9 4
506 1 1 -16 4 -11
507 1 1 -9 -5 -16
508 0 0 0 -2 -8
509 1 1 -3 15 6
510 0 1 5 13 -10
511 1 0 -3 15 4
512 0 1 4 -12 1
513 0 0 11 6 5
514 1 1 -11 -11 13
515 0 0 1 -13 -1
516 0 0 4 11 1
517 0 1 1 -12 -15
518 0 1 2 3 9
519 0 1 5 6 -8
520 1 1 -4 11 -8
521 0 0 13 -13 -10
522 0 1 6 15 15
523 0 1 7 7 -12
524 0 1 6 -12 -9
525 1 0 -13 5 2
526 1 0 -13 3 0
527 0 0 15 -14 4
528 1 1 -3 1 15
529 1 1 -11 -7 -13
530 0 1 8 0 5
531 1 0 -10 -14 10
532 1 1 -16 3 -9
533 1 0 -8 -9 10
534 1 1 -10 -11 10
535 1 1 1 5 -2
536 1 0 -15 2 0
537 1 0 -2 4 7
538 0 1 9 0 11
539 1 1 -10 10 -16
540 0 1 4 -14 8
541 0 0 -1 7 15
542 1 1 -5 -5 -11
543 0 0 10 -1 -7
544 0 0 14 5 -4
545 0 0 14 -8 15
546 0 1 2 1 -9
547 0 0 8 8 -13
548 1 0 -10 13 15
549 0 1 10 0 15
550 0 0 -4 2 10
551 0 0 15 6 -4
552 1 0 -11 4 -6
553 1 0 -9 12 -16
554 0 0 3 2 8
555 0 0 -3 -7 -9
556 1 0 -9 12 -5
557 1 1 -9 4 -11
558 0 0 13 -7 0
559 1 0 -8 -10 9
560 1 0 -12 -11 -9
561 0 1 -4 3 -7
562 1 1 -5 -4 -7
563 0 0 15 -5 10
564 1 0 -9 1 11
565 1 0 -8 4 -2
566 1 0 -11 0 -10
567 0 1 12 -2 3
568 1 1 -14 -3 -16
569 1 1 -16 -6 -14
570 1 1 -8 2 14
571 0 0 3 -2 -11
572 1 0 0 -6 -6
573 0 0 4 -6 -8
574 0 0 6 7 8
575 1 1 -10 12 15
576 1 1 -10 0 -2
577 0 1 9 -9 15
578 1 0 -10 -3 6
579 1 1 -9 -2 -6
580 0 0 14 12 12
581 0 1 1 -1 8
582 1 0 -12 12 11
583 1 1 -4 -9 14
584 1 0 -13 0 5
585 1 1 -3 15 -15
586 0 1 9 -3 -13
587 0 0 10 -1 2
588 0 1 10 -4 -16
589 1 0 -6 -6 -15
590 1 0 -11 8 10
591 0 0 8 -4 -6
592 1 1 -6 3 -5
593 0 1 9 5 -10
594 0 0 1 -8 5
595 1 1 -7 9 -3
596 0 0 15 4 -11
597 0 0 14 15 -8
598 1 1 -11 -15 8
599 0 1 13 9 -16
600 1 1 -7 7 10
601 0 0 0 14 7
602 1 1 -10 9 -2
603 0 1 2 -9 -3
604 0 0 6 0 -2
605 0 0 11 9 -5
606 1 1 -14 -2 -10
607 0 1 1 0 12
608 1 0 -12 -9 -9
609 0 1 14 5 9
610 1 1 -1 -14 13
611 1 0 -10 13 -10
612 0 0 7 8 6
613 0 0 1 10 8
614 0 0 15 -6 -4
615 0 0 11 9 -14
616 1 0 -8 -8 -13
617 1 0 -2 -12 -1
618 1 1 -14 12 13
619 0 0 11 -6 5
620 0 0 15 -1 -3
621 1 0 -12 8 -9
622 0 1 15 5 10
623 1 1 -9 -9 -14
624 1 1 -10 -9 -4
625 1 0 -1 15 -9
626 0 1 15 -15 4
627 0 1 6 -16 -13
628 1 1 -7 15 -7
629 1 1 -4 -16 12
630 1 1 -8 -13 11
631 1 0 -4 6 -9
632 0 1 14 -3 -7
633 0 0 11 -10 15
634 0 0 10 -14 6
635 0 1 7 9 14
636 0 0 2 -3 -9
637 1 0 -14 -12 5
638 0 1 9 8 -6
639 1 1 -2 -1 13
640 0 0 9 -15 9
641 1 0 -9 -8 10
642 1 0 -3 5 9
643 0 0 4 -6 5
644 0 1 6 -1 -1
645 0 0 10 -3 4
646 1 0 -5 1 0
647 0 0 2 -10 8
648 0 1 10 -5 -11
649 0 1 12 6 11
650 1 0 -13 12 14
651 1 1 -1 -16 -4
652 1 1 -12 2 -1
653 0 1 9 14 7
654 1 1 -3 -7 0
655 1 1 -3 -9 13
656 0 0 7 -16 14
657 1 0 -16 9 -12
658 0 0 12 10 -12
659 1 0 -16 3 -6
660 1 1 -7 -16 -15
661 0 0 15 -1 -10
662 0 0 8 -3 -12
663 0 0 7 12 11
664 0 1 0 -5 5
665 0 1 -2 11 -14
666 0 0 13 5 -12
667 0 1 15 2 -7
668 1 1 0 1 7
669 0 1 5 -3 8
670 0 1 9 -9 15
671 0 0 15 -13 2
672 1 1 -4 -3 7
673 1 1 -8 5 12
674 0 1 13 -10 -1
675 1 0 -3 12 0
676 0 0 3 -16 1
677 0 1 10 -16 9
678 1 0 -7 -4 15
679 1 0 -16 -12 -14
680 1 0 -9 -13 0
681 0 0 14 -1 -4
682 0 0 12 5 4
683 0 1 -2 8 6
684 1 1 0 11 -11
685 0 1 6 7 4
686 1 0 1 14 2
687 1 1 -2 15 -9
688 1 0 -7 -3 15
689 1 0 -16 9 -5
690 0 1 10 7 -15
691 1 1 -3 -6 -11
692 0 0 15 5 9
693 0 0 12 -10 4
694 0 1 11 15 12
695 1 0 -14 -9 -6
696 0 1 10 -9 -12
697 0 1 10 9 -10
698 0 0 8 -13 3
699 1 1 -16 -11 -16
700 1 0 -4 0 -16
701 1 0 -15 -12 6
702 0 1 15 2 13
703 0 1 7 6 -7
704 1 1 -10 12 5
705 0 1 12 -14 -10
706 0 1 15 4 -11
707 1 1 -6 -13 0
708 0 1 12 7 14
709 0 0 15 15 -16
710 0 0 8 -3 -2
711 0 0 9 11 4
712 1 1 -14 2 12
713 0 0 3 -10 -13
714 1 0 -16 -10 4
715 0 0 11 -6 10
716 0 0 10 -14 -16
717 1 1 -15 -5 12
718 1 0 -10 6 0
719 0 0 5 -8 1
720 1 1 -11 8 10
721 0 0 10 -14 9
722 1 1 -8 15 -13
723 0 1 4 -4 -8
724 0 1 14 -5 4
725 0 1 -1 -10 11
726 1 0 -1 -4 -11
727 0 0 10 -6 9
728 0 0 -4 -8 8
729 0 1 15 15 2
730 0 0 8 -13 6
731 1 0 -12 -3 10
732 0 0 8 1 15
733 0 0 9 5 4
734 0 1 8 -7 3
735 1 1 -16 2 7
736 0 1 13 -7 13
737 0 1 0 -4 -12
738 0 1 15 -13 8
739 0 0 14 9 -3
740 1 1 -15 3 -5
741 1 1 -13 -8 3
742 1 0 -16 7 -12
743 1 1 -12 -12 15
744 1 1 -13 -12 -5
745 1 0 -16 15 15
746 0 0 9 -10 -4
747 0 1 14 -13 -2
748 1 0 -8 9 5
749 1 0 -16 -6 -2
750 0 1 4 5 3
751 0 1 12 -11 7
752 1 1 -9 -5 -15
753 0 1 14 4 13
754 1 1 -2 3 -11
755 1 0 -10 15 7
756 1 1 -16 -9 8
757 0 1 2 5 -11
758 0 0 1 -16 -6
759 1 0 -16 -8 15
760 1 0 -2 -11 -12
761 1 1 -7 -2 -16
762 0 1 9 15 -9
763 0 0 8 3 7
764 1 1 1 8 -16
765 1 1 -11 10 -5
766 1 0 -8 -6 8
767 1 0 -4 5 2
768 0 1 8 5 -1
769 1 0 -10 -6 14
770 1 0 -11 -2 0
771 0 1 13 -6 -2
772 0 1 14 -9 -8
773 1 0 -8 -14 12
774 0 0 11 -5 14
775 0 0 4 -6 -14
776 0 1 -10 10 10
777 0 0 2 -5 -12
778 1 0 -16 -7 -6
779 0 0 3 -4 -16
780 1 1 -6 -11 -5
781 1 1 0 -1 -5
782 1 0 -13 -12 -9
783 1 0 -5 -9 -13
784 1 0 -11 10 4
785 0 1 15 -16 -16
786 1 0 -5 15 -4
787 1 0 -5 5 -12
788 1 1 -15 15 -11
789 1 0 -4 -10 -10
790 0 1 11 -14 8
791 0 0 -2 -6 9
792 1 1 0 15 -8
793 1 1 -10 -9 5
794 0 0 12 -16 -16
795 0 0 8 7 -2
796 1 0 -9 15 9
797 0 1 13 13 13
798 0 0 8 -3 6
799 0 1 15 -15 8
800 0 0 3 -12 -8
801 0 1 1 -2 -9
802 0 0 8 -7 10
803 1 1 -6 -1 -11
804 0 1 13 4 15
805 0 0 10 7 13
806 1 1 -10 5 -15
807 1 1 -14 1 -14
808 1 0 -14 -13 -4
809 1 0 -12 1 -7
810 0 1 15 -2 -7
811 1 0 -13 -7 -6
812 1 1 -13 -2 15
813 0 1 14 -9 -9
814 1 0 -10 9 14
815 1 1 -3 -11 15
816 0 1 5 7 -6
817 0 0 10 -9 -11
818 1 1 -1 -2 -7
819 1 1 5 -16 11
820 1 0 -7 -3 0
821 0 1 8 6 6
822 1 1 -14 -13 6
823 1 0 3 5 -1
824 1 1 -8 -3 -9
825 1 0 -2 7 12
826 1 1 -5 15 -6
827 0 0 3 -8 0
828 0 1 -1 -8 -6
829 1 0 -4 9 -4
830 0 0 9 2 -10
831 1 1 -12 -7 -5
832 0 0 11 7 -11
833 0 0 7 -5 -5
834 0 0 1 -4 6
835 0 0 10 8 -16
836 0 0 1 -7 12
837 1 1 -3 -3 -3
838 0 1 11 -7 13
839 0 1 -5 0 -10
840 1 0 -5 -3 4
841 0 0 13 7 -6
842 0 1 4 6 -7
843 0 0 7 3 10
844 1 1 -11 -7 -9
845 0 1 3 15 8
846 1 1 -13 5 -16
847 1 1 -10 -8 -14
848 1 1 -2 13 9
849 1 1 0 -13 5
850 0 1 13 0 5
851 1 0 -12 8 5
852 1 1 0 -8 15
853 1 0 -3 15 -9
854 0 0 8 8 0
855 0 0 9 8 8
856 1 0 -7 -2 -16
857 1 0 -4 -13 -11
858 1 1 -16 14 5
859 0 0 6 0 5
860 1 0 -7 4 15
861 0 1 15 -10 -8
862 1 1 -4 3 -10
863 1 1 2 6 12
864 0 0 12 -9 -1
865 1 0 -8 -2 -14
866 0 0 15 2 -1
867 1 0 -6 -2 8
868 0 0 0 -4 -4
869 1 1 -4 -2 -9
870 1 1 -10 -1 3
871 1 1 0 15 -12
872 1 0 -16 14 7
873 1 1 -3 -9 -13
874 0 1 15 -10 5
875 1 0 -16 -6 9
876 0 0 1 -2 4
877 0 1 13 -7 -6
878 1 0 -12 -13 15
879 0 1 12 -6 10
880 0 0 13 -11 -2
881 1 1 -9 -10 15
882 1 0 -8 10 2
883 1 0 -4 10 15
884 1 1 -14 14 -9
885 0 1 7 7 8
886 0 1 15 -10 0
887 1 0 -4 3 9
888 1 0 -9 13 -6
889 1 1 -4 7 -5
890 1 0 -14 -7 15
891 1 1 -10 6 -13
892 0 1 15 -1 11
893 1 0 -8 -9 -3
894 0 0 3 14 15
895 1 1 -16 9 -10
896 1 1 -10 -14 -10
897 0 1 9 -1 12
898 1 0 -2 -7 -9
899 1 1 1 4 15
900 0 1 8 -12 -8
901 0 0 6 -7 1
902 1 0 -6 15 8
903 0 1 5 9 -6
904 1 1 4 -12 10
905 1 0 -5 -6 0
906 0 1 12 -9 -4
907 0 1 10 4 -5
908 1 0 -16 -10 0
909 0 1 -2 -13 4
910 1 1 -15 12 4
911 0 1 6 6 -1
912 1 0 -1 1 -10
913 1 0 -12 -12 -4
914 0 0 5 -9 15
915 1 1 -12 13 13
916 0 1 4 -1 -16
917 0 1 5 6 10
918 0 1 10 9 -16
919 0 0 1 11 -1
920 1 1 -16 -7 3
921 1 0 -6 -16 1
922 0 1 14 -1 15
923 1 1 -16 5 8
924 1 0 -7 -9 15
925 0 1 6 0 7
926 1 0 -3 15 -4
927 0 0 1 4 5
928 1 1 -2 6 -2
929 1 0 -12 8 -9
930 0 1 7 0 -4
931 0 1 3 -7 15
932 0 0 15 -15 -9
933 0 1 4 -6 6
934 0 1 13 2 4
935 0 1 14 -3 2
936 0 0 7 -3 4
937 1 0 -7 -7 -10
938 1 0 -3 15 -10
939 1 1 -3 -15 12
940 0 0 5 3 9
941 0 1 15 -15 1
942 1 0 -10 -10 -1
943 1 1 2 -16 6
944 0 1 5 7 5
945 1 0 -3 -13 -14
946 1 0 -15 10 7
947 1 0 -12 -16 -4
948 0 0 -1 5 15
949 1 1 -11 6 -4
950 1 1 -6 0 -1
951 1 0 -3 0 10
952 0 1 7 2 -15
953 0 1 10 6 -5
954 1 1 -16 -7 8
955 1 0 -8 -11 -13
956 1 0 -4 5 -3
957 0 0 12 -12 -8
958 0 1 11 -13 -16
959 0 0 2 -13 -3
960 0 0 11 15 -16
961 1 1 -11 14 -2
962 1 0 -4 2 -4
963 0 0 0 -7 -2
964 1 0 -7 -5 14
965 0 1 -2 -14 12
966 1 0 -9 12 14
967 0 0 5 7 -15
968 0 0 12 9 -6
969 1 1 -12 -12 11
970 0 1 -8 2 -16
971 1 0 -16 6 15
972 0 1 9 15 1
973 0 1 15 -9 -6
974 0 1 15 -4 14
975 1 1 -8 4 -8
976 0 1 7 15 -16
977 1 1 4 -9 3
978 1 1 -2 -8 3
979 1 1 -12 11 2
980 0 1 13 -5 -2
981 0 0 15 -16 -11
982 1 1 -8 4 -10
983 0 1 4 5 8
984 1 1 -4 -10 15
985 1 1 -8 -2 15
986 1 0 4 0 14
987 0 1 12 -11 9
988 1 0 -8 11 -3
989 0 1 15 -9 -16
990 1 0 -16 10 1
991 0 1 4 -4 -16
992 1 1 -6 15 8
993 1 0 6 3 15
994 0 0 9 -13 15
995 0 0 15 15 7
996 0 0 8 1 8
997 1 0 -10 9 13
998 1 1 -1 15 2
999 0 1 6 6 -6
1000 0 1 15 -9 2
1001 1 1 -6 12 -1
1002 0 1 11 -13 8
1003 1 0 2 -1 13
1004 1 1 -16 2 11
1005 1 1 -16 11 9
1006 0 0 9 7 5
1007 1 0 -16 6 -15
1008 1 0 -13 11 -4
1009 1 1 -7 -12 6
1010 1 1 -7 1 -15
1011 0 1 9 6 -16
1012 0 0 8 4 2
1013 0 1 5 4 11
1014 1 1 -14 -16 -6
1015 0 1 13 13 -5
1016 1 0 -13 4 -16
1017 0 0 12 4 -5
1018 0 0 8 2 2
1019 1 0 -13 3 -7
1020 1 1 -2 4 -13
1021 1 1 -14 13 -8
1022 1 0 -9 -9 11
1023 1 0 0 13 9
1024 0 1 12 0 8
1025 1 0 -13 -6 -15
1026 1 1 -12 -10 -10
1027 1 0 -2 14 -2
1028 0 1 0 -10 -4
1029 1 0 -16 -2 -3
1030 0 0 5 -16 7
1031 1 0 -10 6 -8
1032 0 0 7 -9 5
1033 1 1 -12 9 -4
1034 0 1 13 -7 4
1035 0 0 4 -3 6
1036 0 1 4 -8 -7
1037 0 0 5 0 -2
1038 1 1 -16 2 14
1039 0 1 6 5 -11
1040 0 0 15 -1 -11
1041 0 0 4 -12 7
1042 0 1 6 -6 -5
1043 1 0 -9 -4 13
1044 0 0 4 -12 2
1045 0 1 11 -13 11
1046 1 1 -16 -13 12
1047 0 1 13 -12 2
1048 0 0 15 -8 10
1049 0 1 13 1 14
1050 0 0 12 -3 -16
1051 0 1 12 15 -3
1052 1 0 -3 -8 13
1053 1 0 -16 8 9
1054 1 0 0 1 -7
1055 1 0 -4 0 -3
1056 0 0 14 -12 -16
1057 0 0 14 -11 4
1058 1 1 0 -14 15
1059 1 1 -4 4 -7
1060 0 1 15 -16 2
1061 0 0 10 -11 4
1062 0 1 12 -6 4
1063 0 1 15 4 -9
1064 1 1 -5 -1 7
1065 1 1 -9 -16 9
1066 0 0 15 -14 -7
1067 0 0 2 15 5
1068 0 0 7 -2 13
1069 1 1 -10 -6 15
1070 1 1 -9 2 14
1071 1 0 -9 -4 4
1072 1 1 -6 -14 15
1073 0 0 15 14 -9
1074 0 0 7 9 15
1075 0 1 7 -2 -5
1076 1 1 -11 9 3
1077 0 0 9 0 4
1078 0 0 15 -9 -1
1079 0 0 -1 -1 10
1080 1 0 -7 -13 2
1081 0 0 0 -9 10
1082 0 0 3 -9 8
1083 0 1 14 12 -11
1084 0 1 8 -10 -14
1085 0 0 5 9 -16
1086 0 0 9 2 -8
1087 0 0 15 -14 8
1088 1 0 6 4 -3
1089 0 1 -2 -2 -10
1090 1 1 -2 -4 -13
1091 1 1 -16 7 -16
1092 0 0 -3 -9 10
1093 1 1 -14 -9 4
1094 0 1 9 12 5
1095 0 1 6 13 -12
1096 1 0 -11 15 -1
1097 1 1 -5 7 4
1098 1 0 -10 -5 7
1099 0 1 9 -12 11
1100 1 1 -5 -13 15
1101 1 1 -7 14 -15
1102 1 1 -10 12 15
1103 0 0 9 -4 15
1104 1 1 -9 -1 -8
1105 0 1 6 7 -11
1106 0 1 4 9 6
1107 1 1 -16 8 5
1108 1 1 -10 4 8
1109 0 1 12 10 -8
1110 1 1 -1 -6 8
1111 0 1 2 -10 -4
1112 1 1 -8 -12 -5
1113 1 0 -4 -7 -4
1114 1 0 -9 -13 -11
1115 1 0 -4 -6 10
1116 0 0 -7 12 0
1117 1 0 -10 -7 6
1118 0 0 1 -4 0
1119 1 0 -15 -4 -14
1120 0 1 0 -6 12
1121 0 0 4 -15 8
1122 0 0 10 15 -11
1123 1 1 -5 15 6
1124 0 0 -2 13 9
1125 1 1 -8 15 -16
1126 1 0 -9 6 13
1127 0 1 11 11 4
1128 1 1 -13 14 -14
1129 1 1 -5 7 5
1130 1 1 -15 -16 -16
1131 0 0 7 -2 5
1132 1 0 -7 -3 -6
1133 1 0 -5 15 6
1134 1 1 -3 13 -8
1135 1 0 -6 14 -5
1136 1 0 -5 -10 12
1137 0 1 14 -12 9
1138 1 0 -1 -4 9
1139 1 1 -16 9 11
1140 0 1 6 -7 -2
1141 1 1 7 6 -8
1142 1 0 -8 2 -3
1143 0 1 5 1 -3
1144 0 0 15 6 -13
1145 0 1 7 3 15
1146 1 1 0 6 -4
1147 0 0 10 -3 8
1148 1 0 -8 -13 -9
1149 1 1 -8 0 -9
1150 0 0 12 9 5
1151 0 1 14 10 -8
1152 1 1 -5 10 15
1153 0 1 7 -11 -15
1154 1 0 -13 0 13
1155 1 0 -3 -7 -5
1156 0 1 7 15 -8
1157 0 0 3 7 1
1158 1 1 -8 1 -1
1159 1 1 -2 13 12
1160 0 1 7 0 -6
1161 1 0 -15 11 4
1162 1 0 -15 12 -5
1163 1 1 -12 1 -4
1164 0 0 1 -12 -2
1165 1 1 -16 -11 -7
1166 0 1 4 -11 3
1167 1 1 -13 5 0
1168 1 1 -2 -11 2
1169 0 0 4 9 -11
1170 1 0 -1 6 0
1171 1 1 -9 -10 -4
1172 1 0 -15 15 -16
1173 1 1 -2 -8 12
1174 1 0 -6 -16 15
1175 1 0 -12 9 12
1176 1 0 -12 9 15
1177 0 0 11 -14 7
1178 1 0 0 -10 9
1179 0 1 5 15 -11
1180 0 1 -1 9 -7
1181 1 0 -7 14 -5
1182 0 1 8 -5 6
1183 0 1 3 14 -9
1184 1 0 -13 -3 3
1185 1 0 -1 13 -16
1186 0 1 4 14 -8
1187 1 1 -15 -5 -7
1188 0 0 9 15 13
1189 0 1 8 -16 -1
1190 0 1 10 5 15
1191 1 0 0 -16 15
1192 1 1 -7 15 -5
1193 1 0 -4 -11 1
1194 1 0 -15 -5 -8
1195 1 0 -3 4 15
1196 1 0 -9 8 15
1197 1 0 -8 14 -7
1198 0 0 9 9 -4
1199 0 0 15 -12 -14
1200 1 1 -9 -3 -9
1201 0 0 -2 -7 4
1202 1 1 -7 -1 7
1203 1 1 -16 15 -1
1204 1 0 0 11 6
1205 0 0 15 4 0
1206 0 1 9 -7 -5
1207 1 0 -9 15 8
1208 0 0 2 -9 14
1209 1 0 1 5 -11
1210 1 1 -4 9 3
1211 1 0 -5 5 -3
1212 0 0 11 0 -13
1213 0 0 7 -9 -2
1214 0 0 6 -5 -2
1215 1 0 -9 14 -10
1216 0 0 14 9 13
1217 0 0 0 8 -1
1218 1 1 -7 -2 11
1219 1 1 -4 -9 11
1220 1 1 -14 2 -10
1221 0 1 5 -10 11
1222 0 0 15 -2 11
1223 0 1 8 -13 -15
1224 0 1 8 12 -13
1225 0 1 8 -10 13
1226 1 1 -1 -16 7
1227 0 0 6 15 -8
1228 1 0 -10 -13 3
1229 1 1 6 3 -11
1230 0 0 10 -2 -5
1231 0 0 15 15 -2
1232 0 1 15 9 11
1233 1 0 -8 -6 14
1234 1 1 -9 -7 9
1235 1 0 -5 13 -7
1236 1 0 -7 13 9
1237 1 1 -3 2 -16
1238 0 1 11 5 8
1239 0 1 9 -10 -2
1240 0 0 -2 -7 13
1241 0 1 15 -3 15
1242 0 0 7 9 6
1243 1 1 -1 15 10
1244 0 0 -1 11 -3
1245 0 1 7 -14 -16
1246 1 1 -1 13 -11
1247 1 1 -7 11 -1
1248 1 1 -13 -3 -5
1249 0 1 12 13 -8
1250 0 1 9 -11 -2
1251 0 0 10 -11 10
1252 0 0 9 -6 9
1253 1 0 -12 -6 -3
1254 1 0 1 7 -8
1255 0 1 3 -3 14
1256 0 0 1 -6 6
1257 0 1 3 -5 3
1258 0 1 11 10 -5
1259 1 0 -7 7 -15
1260 0 0 4 7 -10
1261 0 1 9 -11 -9
1262 0 1 10 1 3
1263 1 0 -5 3 -12
1264 0 0 4 0 -10
1265 1 1 -16 -13 3
1266 0 0 1 0 5
1267 0 1 4 -11 -15
1268 0 0 3 7 -6
1269 1 0 -16 -5 -10
1270 1 0 -7 6 15
1271 0 0 5 5 9
1272 1 0 -3 -15 -9
1273 1 0 -8 -11 -11
1274 0 1 14 -1 4
1275 1 1 0 6 1
1276 0 1 6 3 -8
1277 1 1 1 -8 15
1278 0 0 15 15 -2
1279 1 1 -2 13 5
1280 1 1 -8 0 1
1281 0 0 9 -10 -10
1282 0 1 1 7 -11
1283 1 0 -7 -13 6
1284 1 1 -8 7 -15
1285 0 0 -8 -11 -16
1286 1 1 -8 -14 -5
1287 0 0 12 -13 -1
1288 1 1 -6 6 12
1289 0 1 10 15 -6
1290 0 0 8 9 10
1291 0 0 2 3 -16
1292 1 1 -13 -11 -12
1293 1 0 -10 -9 6
1294 0 0 13 -11 1
1295 1 1 -14 10 2
1296 0 0 15 15 -16
1297 0 0 14 4 9
1298 1 1 -5 -15 0
1299 0 0 -3 9 -3
1300 1 1 -7 7 -8
1301 1 1 -12 -10 1
1302 1 1 -12 6 15
1303 0 1 15 1 6
1304 1 1 -12 -3 -16
1305 1 1 -13 -14 5
1306 1 0 -3 15 -3
1307 0 1 10 -4 -16
1308 0 1 -1 -12 -11
1309 0 1 14 -1 12
1310 1 0 -13 -9 2
1311 1 1 -15 10 7
1312 0 1 0 -4 0
1313 1 0 1 7 -6
1314 1 0 -6 10 9
1315 1 0 -10 14 12
1316 0 0 14 7 -3
1317 1 0 -9 0 -13
1318 1 0 -7 6 1
1319 1 0 -3 -16 7
1320 1 0 -8 10 -6
1321 0 1 2 14 -5
1322 1 0 -10 -16 5
1323 1 0 -16 -15 6
1324 0 0 8 -6 3
1325 1 1 -5 8 7
1326 1 1 -16 -8 9
1327 0 1 3 11 10
1328 0 1 13 -16 3
1329 0 1 9 13 6
1330 1 0 -8 -1 12
1331 1 1 -8 6 -9
1332 1 1 -7 -3 -14
1333 0 0 6 5 -14
1334 0 0 11 -10 -11
1335 0 1 9 1 -9
1336 1 1 -12 -7 5
1337 0 1 8 -11 15
1338 0 0 3 1 -9
1339 1 1 -9 -2 -6
1340 1 0 -16 -14 0
1341 0 1 7 -6 2
1342 1 1 -12 -3 3
1343 1 0 -16 9 6
1344 1 0 -3 6 -2
1345 1 1 -16 3 -6
1346 1 1 -16 -16 0
1347 0 1 4 -14 7
1348 0 0 13 7 -4
1349 0 1 6 -12 15
1350 0 0 8 15 -16
1351 1 0 -9 -11 -2
1352 0 0 1 1 -4
1353 1 1 -9 -9 2
1354 0 0 2 -5 -16
1355 1 1 -9 7 2
1356 1 1 0 -12 -1
1357 1 1 -10 -14 -5
1358 0 1 9 2 7
1359 1 1 -5 9 5
1360 0 1 -1 5 0
1361 1 0 -14 -5 4
1362 0 1 9 15 10
1363 1 1 -3 7 7
1364 1 0 -5 -6 15
1365 0 0 14 -13 -7
1366 1 1 -2 -14 8
1367 0 0 12 -7 -16
1368 0 1 0 -13 10
1369 0 0 15 3 -11
1370 0 1 4 -8 8
1371 1 0 -16 -9 -16
1372 0 0 -4 15 -15
1373 0 0 14 12 -12
1374 0 1 6 -13 -6
1375 0 1 1 -8 14
1376 0 1 13 -14 8
1377 0 0 4 10 -6
1378 1 1 -15 8 -6
1379 0 0 4 11 15
1380 0 1 9 -16 -16
1381 0 0 11 -16 4
1382 1 0 -10 2 15
1383 1 1 4 4 9
1384 1 0 -13 -15 15
1385 1 1 -1 -5 15
1386 1 0 -12 9 -10
1387 0 1 9 2 -8
1388 0 1 11 6 -5
1389 1 1 2 -1 -11
1390 1 0 -3 4 7
1391 0 0 4 7 9
1392 0 1 -3 11 2
1393 0 0 4 3 -8
1394 0 0 4 14 6
1395 1 0 -8 -8 15
1396 0 1 8 15 9
1397 0 0 15 -11 -13
1398 1 1 -10 -5 -10
1399 1 1 7 -1 -6
1400 1 0 -14 -13 10
1401 1 1 -3 -14 -13
1402 0 1 8 11 11
1403 0 1 15 3 -14
1404 0 0 4 -9 4
1405 0 0 0 2 -5
1406 1 0 -5 5 6
1407 0 0 11 9 4
1408 1 0 -5 -12 -14
1409 1 1 -8 -5 1
1410 0 1 3 2 7
1411 0 1 2 -13 8
1412 0 0 7 6 10
1413 1 0 -8 10 -8
1414 0 1 11 9 10
1415 1 0 -16 13 -5
1416 0 1 11 -3 13
1417 0 0 7 15 -3
1418 0 1 9 8 13
1419 0 1 1 2 11
1420 0 1 3 -8 11
1421 0 1 10 -7 -2
1422 1 1 -9 -7 7
1423 0 0 9 -12 8
1424 1 1 -2 4 -6
1425 0 1 15 8 -7
1426 0 1 10 9 4
1427 1 1 -16 -1 3
1428 0 0 5 9 -15
1429 0 1 8 -9 -12
1430 1 1 -5 -14 1
1431 0 1 8 0 8
1432 0 0 13 14 15
1433 1 0 -7 2 9
1434 1 0 -9 13 -1
1435 0 0 7 14 0
1436 0 1 15 -1 8
1437 0 1 4 -2 -4
1438 0 1 11 11 -4
1439 1 1 -12 4 13
1440 0 0 8 0 -7
1441 1 0 0 5 -8
1442 0 1 7 5 11
1443 1 1 -13 -8 -16
1444 0 1 0 12 0
1445 0 1 14 6 15
1446 1 0 -16 -9 -10
1447 0 1 12 15 -1
1448 0 0 -3 10 -8
1449 0 0 7 -9 -2
1450 1 1 -7 7 15
1451 1 1 -14 3 -12
1452 0 1 7 4 -14
1453 1 1 2 -12 6
1454 1 0 -9 -7 -11
1455 0 0 10 8 -3
1456 1 0 -8 -5 -9
1457 0 1 -8 -5 -8
1458 0 1 9 14 12
1459 0 0 10 -1 -8
1460 1 0 -16 0 -11
1461 0 0 2 15 -6
1462 0 1 13 11 -7
1463 0 1 7 -13 11
1464 0 0 14 -16 -8
1465 1 0 -5 10 -7
1466 0 0 -3 12 -1
1467 0 1 8 11 -12
1468 1 0 -15 -7 -6
1469 0 1 9 8 2
1470 1 1 -6 6 -2
1471 0 0 1 8 5
1472 0 1 12 -6 0
1473 1 1 1 12 -11
1474 0 0 7 -5 -1
1475 1 1 -8 15 1
1476 1 0 -6 15 -14
1477 0 1 -3 -16 4
1478 1 0 -14 -11 -1
1479 1 1 -6 -3 -10
1480 0 1 8 7 -6
1481 1 0 -15 -11 -8
1482 1 0 -6 6 -12
1483 0 0 9 0 11
1484 1 0 -8 -11 -4
1485 0 1 13 15 -2
1486 0 1 3 -12 -1
1487 0 0 9 2 12
1488 1 0 -13 -12 9
1489 0 1 9 -7 6
1490 0 1 14 15 1
1491 0 1 4 -11 0
1492 0 0 5 8 -15
1493 0 0 9 5 2
1494 0 1 9 -1 11
1495 1 0 -7 7 0
1496 0 1 1 -6 12
1497 0 1 0 -7 -2
1498 1 0 1 10 4
1499 0 1 9 2 7
1500 1 1 -5 -9 6
1501 0 0 4 8 11
1502 0 0 5 -8 -3
1503 0 0 11 12 -11
1504 0 1 5 5 -3
1505 0 0 5 -8 3
1506 0 1 1 -16 -16
1507 1 0 -9 4 4
1508 1 1 -14 3 3
1509 1 1 -10 -14 -2
1510 1 0 -12 3 -7
1511 1 1 -12 -1 -16
1512 0 1 6 -7 15
1513 1 0 -5 4 -3
1514 1 0 -10 -8 -16
1515 0 0 3 9 6
1516 0 0 11 15 7
1517 0 1 4 1 2
1518 0 1 11 -5 -12
1519 0 1 9 -8 8
1520 0 0 1 15 8
1521 1 1 -8 14 -13
1522 1 0 -9 -7 6
1523 0 1 15 -4 1
1524 1 1 -5 1 -16
1525 0 1 14 -11 4
1526 1 1 -4 15 1
1527 0 1 13 -4 -5
1528 1 1 -13 -10 8
1529 0 1 0 -4 -1
1530 0 0 -4 -3 2
1531 1 0 -4 -7 5
1532 1 1 -12 -11 -12
1533 1 1 -9 -9 12
1534 1 0 -10 -16 11
1535 1 0 -15 -9 -4
1536 1 1 -14 -5 -9
1537 0 0 4 -3 13
1538 0 1 4 -1 7
1539 1 0 -5 8 7
1540 0 1 9 -2 2
1541 0 1 9 9 15
1542 0 1 5 1 -15
1543 1 0 -11 -2 -10
1544 0 1 0 2 -13
1545 1 1 -7 -2 9
1546 1 1 -9 -3 2
1547 1 0 -6 0 -14
1548 0 0 7 8 7
1549 1 0 -10 -2 10
1550 1 0 -6 11 -4
1551 0 0 2 7 2
1552 1 0 -7 -11 -3
1553 0 0 2 15 13
1554 1 1 -5 13 2
1555 1 0 -13 -12 15
1556 0 1 3 -13 5
1557 1 0 -13 -15 -14
1558 1 1 -5 12 -11
1559 1 1 -8 3 -9
1560 0 1 3 -13 -10
1561 1 0 -7 -1 10
1562 0 0 11 15 11
1563 0 1 8 10 6
1564 0 0 8 -4 -7
1565 0 0 9 -15 5
1566 1 0 -7 13 12
1567 1 1 -1 -5 10
1568 1 1 -16 -3 14
1569 1 0 -16 1 14
1570 1 0 -16 14 -16
1571 1 1 -15 8 10
1572 0 1 9 13 11
1573 1 0 -4 13 -5
1574 1 1 -13 14 -8
1575 0 0 -5 10 9
1576 0 0 4 -4 2
1577 0 1 14 -12 15
1578 1 0 -1 -1 -2
1579 0 1 7 3 -16
1580 0 0 6 9 -1
1581 0 0 9 5 5
1582 0 1 9 13 2
1583 1 0 -4 -15 -3
1584 1 0 5 -8 3
1585 0 0 11 -8 9
1586 0 0 12 -8 -8
1587 1 0 -8 -2 -15
1588 0 0 10 -7 -2
1589 1 0 0 7 6
1590 1 0 -15 -14 -9
1591 0 0 8 13 9
1592 1 0 2 11 1
1593 1 1 -5 -13 13
1594 0 1 3 -4 14
1595 0 0 4 15 15
1596 1 0 1 15 -16
1597 0 0 6 7 -9
1598 0 1 12 -14 5
1599 0 0 -1 -16 12
1600 0 0 13 -2 8
1601 1 1 -5 -12 -2
1602 0 1 -1 -8 -16
1603 1 1 -4 6 2
1604 1 1 -13 -2 14
1605 0 1 3 14 5
1606 1 1 -6 9 -10
1607 0 0 13 10 -7
1608 1 0 -16 15 11
1609 0 0 3 -16 -13
1610 1 1 2 -2 -16
1611 0 1 11 15 -14
1612 1 1 -9 -13 -3
1613 1 0 -4 8 2
1614 1 0 -8 -16 -11
1615 0 1 14 9 13
1616 1 0 -14 3 -15
1617 1 1 -16 -7 -13
1618 1 0 -14 9 4
1619 0 1 15 9 -10
1620 0 0 0 6 -10
1621 1 1 2 -9 -9
1622 1 0 -5 -9 -12
1623 1 0 -14 14 -9
1624 0 1 12 -16 -7
1625 0 0 9 -16 -9
1626 0 0 7 -16 -16
1627 1 1 -3 -9 -16
1628 1 0 1 8 -9
1629 0 1 13 -11 3
1630 0 0 10 -7 5
1631 0 0 15 -5 9
1632 0 0 7 -3 5
1633 0 1 12 -7 -1
1634 1 0 -5 -14 11
1635 0 1 12 12 1
1636 0 1 6 1 -2
1637 0 0 6 -5 0
1638 0 0 9 -6 15
1639 1 0 -9 4 1
1640 1 1 -8 -6 -11
1641 0 0 -4 12 9
1642 1 1 -8 11 -6
1643 1 1 -12 -11 5
1644 0 0 7 -16 7
1645 1 0 -6 -3 11
1646 0 0 11 -16 6
1647 0 0 15 -14 3
1648 1 0 -14 -12 11
1649 0 0 15 -2 6
1650 1 1 -1 4 -9
1651 0 1 9 3 -12
1652 1 1 -13 -4 2
1653 0 1 11 4 14
1654 1 0 -15 8 -4
1655 0 1 10 3 -9
1656 1 0 -4 8 6
1657 0 1 7 -3 -10
1658 1 0 -5 -15 -16
1659 0 1 10 4 -7
1660 0 0 11 -8 -4
1661 0 0 1 -13 -7
1662 0 1 5 -6 -10
1663 1 0 -4 8 -15
1664 0 1 6 15 2
1665 1 0 -8 -5 8
1666 1 1 -6 -11 -16
1667 1 0 -7 4 9
1668 1 1 -10 9 15
1669 1 0 -3 4 -3
1670 1 0 -10 -11 -15
1671 1 0 0 9 -12
1672 0 0 8 10 -14
1673 0 1 8 12 -15
1674 1 1 -1 -7 10
1675 0 1 8 4 15
1676 1 1 -3 15 7
1677 0 0 6 6 10
1678 1 1 -7 15 1
1679 1 1 -7 6 4
1680 0 0 6 14 12
1681 0 0 8 -12 -1
1682 1 1 -6 15 11
1683 0 0 4 -16 -14
1684 0 1 11 2 8
1685 0 0 8 -3 -11
1686 1 0 -15 -2 -5
1687 0 1 9 -11 -5
1688 1 1 -14 7 -8
1689 0 1 9 8 -10
1690 1 0 -9 -6 -6
1691 1 1 4 -9 12
1692 1 0 -5 6 5
1693 1 1 -7 11 -10
1694 1 0 -1 10 2
1695 1 1 -11 -5 13
1696 0 0 -7 -12 0
1697 1 0 -6 -9 -16
1698 1 0 -16 6 -16
1699 0 0 6 -7 -11
1700 1 0 -6 7 3
1701 1 1 -10 15 11
1702 1 0 -1 -6 9
1703 1 1 -10 -7 4
1704 1 1 -9 1 8
1705 0 0 3 14 13
1706 1 0 -16 -16 0
1707 0 1 3 5 7
1708 1 0 -10 -1 -11
1709 0 1 15 1 -3
1710 1 0 -6 10 -8
1711 1 1 -6 8 2
1712 1 1 -1 -6 11
1713 0 0 2 -8 -7
1714 0 1 3 0 -5
1715 0 1 15 -14 -8
1716 1 0 -15 -16 15
1717 1 0 2 -16 -2
1718 1 1 -5 -16 4
1719 0 1 15 1 8
1720 0 0 1 6 15
1721 1 0 -14 10 -11
1722 0 0 9 -3 -5
1723 0 1 13 11 10
1724 1 1 5 -10 -3
1725 1 0 -16 8 -2
1726 0 1 9 10 11
1727 0 1 11 10 -1
1728 0 1 15 5 1
1729 0 1 3 2 -4
1730 0 0 11 6 10
1731 0 1 9 5 9
1732 0 1 -1 2 -2
1733 1 0 -6 -9 -7
1734 1 1 -11 -5 -14
1735 1 1 -7 8 5
1736 1 1 -6 7 15
1737 0 0 1 1 -14
1738 1 0 -10 -12 11
1739 1 1 -10 1 -7
1740 1 0 -15 -10 -9
1741 1 0 -12 7 14
1742 1 0 -5 -16 -2
1743 0 0 12 13 -3
1744 0 1 15 13 -4
1745 0 1 12 -7 6
1746 1 1 -8 5 -10
1747 1 0 -6 11 15
1748 1 0 -13 8 -7
1749 0 0 10 15 11
1750 1 1 -9 -8 -10
1751 0 1 10 0 15
1752 0 0 13 5 14
1753 1 1 -8 -6 -8
1754 0 1 5 -12 -11
1755 1 0 -14 -10 -10
1756 1 0 -14 14 -4
1757 1 0 -5 15 9
1758 1 1 -11 10 0
1759 1 1 -16 2 -8
1760 1 0 -1 9 -1
1761 1 1 0 -6 -16
1762 1 1 -3 -12 4
1763 0 0 9 -13 -9
1764 1 0 -14 1 -16
1765 0 0 8 9 -15
1766 0 0 8 9 13
1767 0 0 0 7 -13
1768 1 1 -11 1 -13
1769 1 1 1 5 -10
1770 0 1 12 -8 -9
1771 1 1 -8 15 -14
1772 0 1 14 2 -9
1773 1 0 -13 -10 4
1774 1 1 -8 -7 -4
1775 0 0 2 -16 -15
1776 1 0 -13 7 10
1777 1 1 -14 -5 12
1778 0 0 15 8 14
1779 0 1 6 -13 15
1780 1 0 -16 -14 -6
1781 0 1 6 8 -10
1782 0 0 5 6 2
1783 1 0 0 -4 8
1784 1 1 -11 9 8
1785 0 0 14 6 -6
1786 0 0 9 -5 2
1787 0 0 2 -7 11
1788 0 0 6 -2 -11
1789 1 1 -11 -7 1
1790 1 1 -13 8 9
1791 1 1 -7 9 7
1792 1 1 0 15 -3
1793 1 0 -13 -11 -6
1794 1 1 -6 12 -4
1795 0 0 -2 12 -16
1796 0 1 11 0 15
1797 1 0 9 -1 14
1798 1 0 -13 -5 14
1799 0 0 7 -12 13
1800 0 1 4 -10 0
1801 1 0 -11 -8 8
1802 0 0 9 -5 -8
1803 0 0 9 -16 10
1804 1 1 -11 -10 -1
1805 0 1 2 -16 5
1806 0 0 2 -5 13
1807 1 0 -3 -16 -2
1808 1 1 -14 15 -16
1809 1 0 -10 9 6
1810 1 1 1 3 12
1811 1 1 -10 2 -4
1812 1 0 -12 12 0
1813 0 0 15 15 12
1814 1 0 -4 -16 -16
1815 1 0 -5 7 0
1816 0 1 7 -8 -14
1817 1 0 -8 5 -12
1818 0 1 2 2 -14
1819 1 0 -1 -12 -14
1820 1 0 -13 -12 -16
1821 1 0 -6 13 -2
1822 0 0 10 -1 -7
1823 0 1 5 5 0
1824 1 0 -8 11 7
1825 1 1 -12 -7 -2
1826 1 0 -8 -7 -7
1827 0 1 -1 -2 -11
1828 1 1 -13 7 12
1829 0 0 3 4 -7
1830 0 0 6 4 -1
1831 0 1 -2 12 11
1832 0 1 2 0 -2
1833 1 1 -4 5 -2
1834 0 1 2 13 2
1835 1 0 -4 10 -4
1836 0 1 6 10 1
1837 0 0 15 -6 -10
1838 0 0 12 -8 -4
1839 1 0 -8 15 -10
1840 0 0 15 15 11
1841 0 0 -2 6 -7
1842 0 0 6 12 13
1843 1 1 1 -10 -12
1844 0 0 13 14 1
1845 1 0 -13 8 11
1846 0 1 14 4 15
1847 0 1 -1 -14 -11
1848 0 0 15 -9 -15
1849 1 1 -12 11 -6
1850 0 0 6 5 -8
1851 1 0 -14 -3 -9
1852 1 0 -16 -16 4
1853 1 0 -13 7 -5
1854 0 0 3 -16 3
1855 1 0 -1 11 -1
1856 1 1 5 13 9
1857 1 1 3 10 -1
1858 1 0 -13 -4 3
1859 1 1 -15 5 11
1860 0 0 0 -1 -13
1861 0 1 15 2 -7
1862 1 0 -3 -16 9
1863 0 0 9 15 4
1864 1 1 -9 -1 4
1865 0 1 11 5 14
1866 0 1 13 -16 -2
1867 1 0 -3 14 -10
1868 1 1 -3 7 -2
1869 1 1 -7 15 13
1870 1 1 -11 -4 1
1871 0 0 11 -14 -15
1872 1 0 -16 1 13
1873 0 1 5 -11 -7
1874 0 0 7 -5 -15
1875 0 1 3 4 -2
1876 0 0 8 5 -15
1877 1 0 -6 -2 -12
1878 0 0 5 4 12
1879 1 1 -7 -6 1
1880 0 1 9 -11 -6
1881 1 1 -7 -14 3
1882 0 1 8 -11 -16
1883 1 1 -4 9 -11
1884 1 1 -2 -15 2
1885 1 0 -4 -8 -6
1886 0 1 13 -14 0
1887 1 1 -16 -1 7
1888 0 1 12 10 8
1889 1 0 -6 -9 0
1890 1 0 -6 -7 4
1891 1 0 -10 3 -2
1892 1 0 -6 8 -7
1893 1 0 -2 1 12
1894 0 0 10 15 -1
1895 1 0 -14 15 -3
1896 1 0 1 12 15
1897 0 0 -1 11 -13
1898 0 0 3 -16 -15
1899 0 1 8 -6 6
1900 1 0 -2 14 7
1901 0 0 11 5 9
1902 1 1 -12 -10 -11
1903 1 1 -16 -7 -4
1904 1 1 -2 15 14
1905 1 1 -4 5 10
1906 0 0 1 -7 -3
1907 0 0 7 5 5
1908 1 0 -7 -14 8
1909 1 1 -16 15 2
1910 1 1 4 -11 10
1911 1 1 -16 -3 -9
1912 0 0 0 -16 -2
1913 1 0 -13 15 12
1914 0 0 6 9 -8
1915 0 0 2 11 15
1916 1 0 -7 -10 11
1917 0 0 3 -3 -6
1918 0 1 8 -3 6
1919 0 1 15 8 14
1920 0 0 10 11 -4
1921 0 1 4 -10 -12
1922 0 0 8 -4 2
1923 0 0 5 -9 11
1924 0 0 2 7 -9
1925 1 1 2 11 5
1926 0 0 7 3 4
1927 1 0 -6 15 -9
1928 0 0 7 -8 -9
1929 1 1 -13 -6 -4
1930 1 1 -6 -16 11
1931 0 0 4 15 0
1932 0 1 6 6 10
1933 1 0 -8 8 -6
1934 1 0 -9 7 -9
1935 1 0 -8 -8 -6
1936 0 1 -2 -6 -16
1937 0 0 3 -1 -4
1938 1 1 -2 4 9
1939 1 1 -12 -6 -3
1940 0 0 2 -3 4
1941 1 0 -12 -7 -11
1942 0 1 12 -14 -4
1943 1 0 -9 8 10
1944 0 1 6 15 -15
1945 0 0 6 6 -14
1946 0 1 9 -5 -11
1947 1 0 -14 -16 -15
1948 1 0 -3 -5 -1
1949 1 1 -1 6 -13
1950 1 0 -12 11 3
1951 1 0 2 0 -15
1952 1 0 -16 -11 10
1953 1 1 -2 0 15
1954 0 1 2 -1 -7
1955 0 1 14 9 12
1956 1 1 -7 -16 2
1957 1 0 -15 -10 13
1958 0 0 4 -6 -4
1959 1 1 -10 5 -11
1960 0 0 15 7 14
1961 1 1 -2 -13 -6
1962 0 1 -1 6 6
1963 1 1 -8 11 -1
1964 1 0 -13 -5 9
1965 1 0 -11 13 -10
1966 0 1 15 5 -12
1967 1 0 -2 -11 1
1968 1 0 -3 -11 8
1969 0 0 5 -12 -9
1970 1 0 -16 15 -13
1971 0 0 5 7 -15
1972 1 1 -9 -15 -15
1973 0 0 15 13 6
1974 0 0 3 -13 -7
1975 0 0 7 5 9
1976 1 1 -11 -6 7
1977 0 1 8 -16 -8
1978 0 1 6 7 11
1979 0 0 10 -14 8
1980 1 1 -10 -16 -8
1981 0 1 -3 11 -1
1982 0 1 1 12 11
1983 1 1 -8 5 -1
1984 1 1 -7 8 4
1985 1 0 -2 -9 6
1986 0 0 13 -16 -15
1987 0 0 6 14 -7
1988 0 0 2 -3 -16
1989 1 1 -10 -5 -3
1990 0 1 7 -2 0
1991 0 1 7 13 6
1992 0 1 11 -8 7
1993 1 0 -8 9 15
1994 0 0 15 -7 -9
1995 1 0 -12 7 -6
1996 1 0 -15 8 -6
1997 1 1 -5 10 -4
1998 1 1 0 -5 14
1999 0 0 15 -7 0
2000 1 1 -16 -1 8
2001 0 0 7 -5 -16
2002 1 1 -3 11 3
2003 0 0 -1 11 -9
2004 1 0 -3 -12 -7
2005 0 1 0 13 -2
2006 1 0 -3 7 7
2007 0 1 0 8 -10
2008 0 0 10 -10 9
2009 0 1 4 4 7
2010 1 0 -9 12 10
2011 1 0 -12 -16 -7
2012 1 1 -11 -10 11
2013 1 1 -11 11 10
2014 0 1 12 -4 10
2015 0 0 15 -10 1
2016 1 1 -16 9 11
2017 0 1 14 5 9
2018 0 0 2 13 7
2019 0 1 10 5 3
2020 1 0 -11 -11 -16
2021 0 0 8 10 4
2022 1 0 -2 10 5
2023 0 1 14 10 15
2024 1 1 -5 10 5
2025 0 0 15 -8 14
2026 1 1 -12 -8 3
2027 0 1 9 1 -3
2028 1 0 -7 -5 8
2029 1 0 1 12 -11
2030 0 0 13 4 -10
2031 1 0 -3 -13 -8
2032 0 1 8 4 -11
2033 1 1 -6 15 6
2034 1 1 -11 4 3
2035 1 0 -13 -6 -6
2036 1 0 -11 -15 3
2037 1 0 -8 -5 7
2038 0 0 8 -11 -16
2039 1 1 -3 0 4
2040 1 0 -8 -16 0
2041 0 0 10 15 -8
2042 0 0 5 -10 -15
2043 1 1 -5 -10 -4
2044 0 0 15 4 -16
2045 0 1 12 6 6
2046 1 1 -11 15 -15
2047 1 1 -8 3 -13
2048 0 1 15 7 10
2049 1 0 -10 13 -14
2050 1 1 -13 5 3
2051 0 1 -2 6 11
2052 0 0 10 -10 -1
2053 0 0 6 -11 3
2054 0 0 6 -15 1
2055 1 1 -11 -7 10
2056 0 1 0 -11 13
2057 1 0 -11 7 0
2058 1 1 -5 -16 10
2059 1 1 -1 -9 4
2060 0 1 14 -15 -12
2061 0 1 5 -9 5
2062 1 0 -8 1 3
2063 1 0 -1 3 0
2064 1 0 -16 3 4
2065 1 0 -8 8 11
2066 0 0 15 8 13
2067 0 1 15 1 -2
2068 1 1 3 7 -6
2069 1 0 -6 -2 -8
2070 0 0 9 -8 -8
2071 1 0 -9 -9 9
2072 0 0 8 2 -3
2073 1 0 -11 -13 12
2074 1 0 0 1 8
2075 1 1 -12 -12 5
2076 0 0 8 3 -9
2077 0 0 9 2 -11
2078 1 1 -5 -8 -13
2079 1 0 -4 -11 3
2080 0 0 11 4 0
2081 0 1 10 5 15
2082 1 0 -9 4 13
2083 0 1 7 -5 5
2084 1 0 -8 -8 7
2085 0 0 7 3 2
2086 0 0 0 4 11
2087 1 1 -5 7 1
2088 1 0 -4 8 -5
2089 0 0 10 9 15
2090 0 0 5 -4 4
2091 1 1 -15 -2 5
2092 0 1 3 -1 5
2093 1 1 -7 2 -9
2094 1 0 0 3 0
2095 0 0 7 -16 6
2096 0 0 1 0 1
2097 1 0 1 -16 11
2098 0 0 10 1 10
2099 1 1 -11 -14 0
2100 1 0 -6 12 -11
2101 1 1 -6 5 -5
2102 1 0 -8 14 10
2103 0 1 3 15 -9
2104 1 1 -3 9 -6
2105 1 0 -5 14 15
2106 1 0 -3 -9 8
2107 0 0 10 -14 9
2108 1 1 -11 -12 -13
2109 0 0 6 -10 4
2110 1 1 -1 5 13
2111 0 1 9 11 -13
2112 0 1 1 3 12
2113 1 1 -5 -14 -10
2114 1 1 -15 -12 -7
2115 0 1 15 -7 7
2116 0 1 4 -8 14
2117 0 1 11 8 6
2118 1 1 -11 5 -4
2119 1 1 -10 -10 4
2120 0 0 6 -14 12
2121 0 1 7 0 -5
2122 1 1 -3 10 -6
2123 1 0 -13 -4 0
2124 1 1 -13 -1 0
2125 0 0 13 12 9
2126 0 0 8 15 9
2127 0 0 15 10 14
2128 0 1 10 7 -1
2129 0 1 4 9 -3
2130 1 0 -9 -12 -12
2131 1 0 -9 -9 -16
2132 1 1 -2 7 -9
2133 1 1 -10 11 5
2134 0 1 8 -8 15
2135 1 1 -5 -8 7
2136 0 0 15 14 13
2137 1 1 -15 -2 13
2138 0 1 7 -9 11
2139 0 1 10 0 -15
2140 1 1 -16 5 8
2141 0 1 7 10 4
2142 0 0 11 -1 -5
2143 1 0 -2 5 3
2144 1 1 -11 9 -5
2145 1 1 -8 7 -8
2146 1 1 -8 -4 -16
2147 1 1 -8 14 -16
2148 1 1 -3 -4 -16
2149 0 0 4 -2 -1
2150 0 1 8 -10 -9
2151 1 1 0 -6 11
2152 0 0 10 10 0
2153 0 0 4 10 15
2154 1 0 -10 5 4
2155 0 0 10 -1 15
2156 1 1 0 -11 0
2157 1 1 -9 -9 -7
2158 1 1 -6 -7 11
2159 0 0 7 15 -16
2160 1 1 -11 -14 1
2161 1 1 -14 8 -6
2162 0 1 15 15 8
2163 0 0 9 5 -4
2164 0 1 8 15 15
2165 0 1 14 9 6
2166 0 1 6 -3 -5
2167 0 1 5 -3 1
2168 0 0 13 15 8
2169 1 0 -7 -11 8
2170 1 1 2 -11 -2
2171 1 0 -8 -1 -1
2172 0 0 6 -9 -12
2173 0 1 15 -6 -9
2174 1 1 -13 9 -7
2175 1 1 -13 -13 0
2176 0 0 -2 3 2
2177 1 0 -12 1 12
2178 0 1 2 8 15
2179 1 0 -16 11 -13
2180 1 1 -8 11 -6
2181 1 1 2 -1 -12
2182 0 0 15 -16 9
2183 1 1 -16 -7 -3
2184 0 1 4 0 -2
2185 0 1 6 -6 3
2186 1 1 -11 -3 -7
2187 0 1 6 0 10
2188 0 1 4 -13 7
2189 0 1 4 10 -2
2190 1 0 -13 2 11
2191 1 0 -10 -7 2
2192 0 0 2 -7 -16
2193 1 1 -16 -2 -2
2194 0 1 15 -10 -13
2195 1 1 -4 8 -11
2196 0 1 14 9 14
2197 0 1 15 7 3
2198 1 1 -16 -6 6
2199 1 1 -7 -2 -9
2200 1 0 -2 3 -7
2201 1 1 -5 14 -2
2202 0 0 3 -14 -8
2203 0 1 -1 15 7
2204 0 1 8 15 -11
2205 1 1 -15 7 -8
2206 1 0 -16 2 -13
2207 1 0 -10 -11 -11
2208 1 1 -12 10 3
2209 1 1 -16 -12 9
2210 1 0 -14 -14 -5
2211 0 0 12 -5 1
2212 0 1 -4 -10 11
2213 1 0 -9 -5 4
2214 0 0 5 -10 14
2215 0 0 6 -2 0
2216 0 0 1 -2 11
2217 1 0 -9 8 14
2218 0 0 6 11 15
2219 0 1 2 -16 -9
2220 0 1 2 -1 0
2221 1 0 -6 4 -9
2222 1 1 -3 -15 13
2223 0 1 6 2 -14
2224 1 1 -9 8 -3
2225 1 1 -1 9 8
2226 1 1 -5 8 11
2227 0 1 1 12 4
2228 1 1 -2 -12 -6
2229 1 1 -6 -5 3
2230 1 1 -7 9 -3
2231 0 1 -3 2 -8
2232 0 1 14 -10 5
2233 1 0 -15 3 -10
2234 0 0 13 0 -13
2235 1 0 -13 -1 -2
2236 1 1 3 -11 -4
2237 0 1 2 -7 14
2238 0 0 8 -6 -1
2239 1 1 -12 3 14
2240 0 0 15 -15 -11
2241 1 1 -16 14 0
2242 0 1 5 11 15
2243 1 1 -8 -7 15
2244 1 1 -8 -12 -7
2245 0 0 -1 2 -7
2246 0 0 15 -4 15
2247 0 0 9 8 -6
2248 0 0 7 -11 0
2249 1 0 -11 -10 7
2250 1 1 4 -16 4
2251 0 1 1 13 2
2252 1 1 -10 -16 -8
2253 0 1 10 -8 4
2254 0 0 6 8 15
2255 0 1 11 -9 -5
2256 0 1 4 15 -3
2257 1 1 -5 -7 7
2258 0 1 1 -9 6
2259 1 1 -9 -9 11
2260 0 0 12 -8 15
2261 1 0 -11 15 -13
2262 0 1 14 4 10
2263 1 1 -11 -5 15
2264 0 1 14 1 15
2265 0 1 14 -14 -13
2266 1 1 -11 -16 -3
2267 1 1 -8 4 -10
2268 0 1 3 3 -11
2269 0 1 3 8 12
2270 1 1 5 5 0
2271 1 0 -15 3 -8
2272 0 1 11 14 -7
2273 1 1 -8 10 -7
2274 0 0 12 -15 3
2275 0 1 11 9 -9
2276 0 1 6 8 7
2277 1 0 -13 6 8
2278 0 0 3 -13 10
2279 1 0 7 -9 14
2280 1 0 -13 -9 8
2281 1 1 -7 -6 -7
2282 1 0 -11 -13 0
2283 0 0 15 14 -11
2284 0 1 5 14 -8
2285 0 1 7 -9 -13
2286 0 0 4 -13 5
2287 1 1 -10 15 -3
2288 0 1 -2 -2 9
2289 1 0 -10 -13 6
2290 0 0 6 11 -1
2291 1 1 -16 4 -5
2292 1 0 -4 -9 15
2293 0 0 8 0 1
2294 1 0 -12 -2 12
2295 0 1 8 -14 -7
2296 0 0 13 -10 -10
2297 1 0 -14 -9 1
2298 0 1 13 -16 15
2299 1 0 -1 8 13
2300 1 0 -16 -11 1
2301 0 0 3 13 -11
2302 0 0 6 -5 -16
2303 1 1 -8 -2 -16
2304 1 0 -3 -9 -10
2305 1 1 -6 -11 2
2306 1 1 -16 -12 -1
2307 0 0 8 -3 2
2308 0 1 15 4 15
2309 0 1 0 -8 -10
2310 1 1 -12 1 2
2311 1 1 -9 10 -11
2312 1 1 -9 9 -7
2313 1 0 -12 -11 -9
2314 1 1 -7 5 6
2315 1 1 -14 -3 -4
2316 0 1 13 1 -11
2317 0 0 12 -9 -1
2318 0 0 -3 8 -1
2319 1 0 -7 -10 4
2320 0 0 15 -3 -6
2321 0 0 0 -1 12
2322 0 0 15 -10 15
2323 0 0 4 10 1
2324 1 1 -9 -5 6
2325 0 0 5 -5 -9
2326 0 1 0 8 6
2327 1 0 -8 3 -16
2328 0 1 14 10 11
2329 1 1 -9 13 7
2330 0 0 15 -5 -6
2331 1 1 1 -16 -14
2332 1 0 -11 -16 15
2333 1 0 -5 -4 6
2334 0 1 13 13 12
2335 0 0 12 12 -5
2336 1 0 -10 6 13
2337 1 1 -8 12 -11
2338 1 0 -4 -9 -5
2339 1 0 -6 8 7
2340 1 0 -16 -16 -6
2341 1 1 -10 -6 -14
2342 1 0 5 8 7
2343 1 1 -16 9 -7
2344 1 0 4 10 -10
2345 0 1 10 12 -16
2346 1 1 -9 7 9
2347 1 1 -4 10 3
2348 1 1 -4 -12 9
2349 0 0 15 -9 10
2350 1 1 -5 -14 9
2351 0 0 5 -3 2
2352 0 0 15 -8 10
2353 1 1 -5 -7 -14
2354 1 1 -15 -1 4
2355 1 0 -16 6 3
2356 1 0 -7 8 10
2357 0 0 15 3 10
2358 1 0 -10 10 7
2359 0 0 2 0 15
2360 1 1 -11 1 -2
2361 0 0 13 10 6
2362 0 1 9 3 12
2363 1 0 -12 3 -1
2364 1 0 -14 -1 -3
2365 0 1 15 -1 9
2366 0 0 5 -15 -10
2367 1 0 1 9 -11
2368 1 1 -4 9 0
2369 1 0 -16 9 8
2370 1 1 -16 -12 -1
2371 0 1 9 -16 1
2372 1 0 -6 -13 -12
2373 0 0 1 -9 -8
2374 1 1 -10 -12 -6
2375 0 1 11 13 7
2376 1 1 -9 0 5
2377 1 1 -2 0 -1
2378 0 0 9 -9 3
2379 0 1 6 -9 11
2380 0 1 5 10 7
2381 1 1 3 5 5
2382 1 0 -8 -7 -8
2383 1 0 -8 7 15
2384 0 1 12 9 15
2385 1 1 -1 -15 -16
2386 1 0 -2 -15 -13
2387 1 0 -2 8 5
2388 0 1 4 -4 5
2389 0 1 7 -9 -5
2390 0 0 15 -10 -5
2391 0 0 9 5 9
2392 0 0 0 -4 -3
2393 1 1 -16 -4 -7
2394 1 1 -8 -3 -9
2395 0 0 9 3 -4
2396 0 0 10 2 4
2397 0 0 15 -6 -9
2398 0 0 11 -12 -13
2399 0 1 7 3 14
2400 0 0 15 2 -1
2401 0 0 5 -13 3
2402 0 0 11 13 4
2403 0 0 4 8 10
2404 1 1 -11 10 -6
2405 0 1 15 -4 -4
2406 0 1 3 14 3
2407 0 1 -7 6 3
2408 1 0 -7 5 -10
2409 1 1 -6 7 -5
2410 1 1 0 -8 -3
2411 0 1 5 -16 -2
2412 1 0 -6 -5 -1
2413 1 1 -6 7 -16
2414 0 0 15 -15 -2
2415 1 1 -6 5 -16
2416 0 1 8 -9 8
2417 0 0 5 -6 -12
2418 0 0 10 2 -12
2419 0 0 15 5 -10
2420 1 1 -12 8 -7
2421 0 0 14 6 -8
2422 1 0 0 11 -16
2423 1 1 -16 -1 -14
2424 1 1 -3 -6 14
2425 0 0 8 -7 -16
2426 0 1 6 7 15
2427 0 0 9 -7 -14
2428 0 0 7 9 -12
2429 1 1 -13 -10 0
2430 1 0 -10 7 8
2431 0 0 -4 3 5
2432 1 0 -15 -16 15
2433 1 1 -9 -5 -12
2434 1 0 -9 4 12
2435 0 0 10 -6 -15
2436 1 1 -14 11 -6
2437 0 0 14 -7 -2
2438 1 1 -2 -1 -10
2439 1 1 0 1 6
2440 0 1 1 -10 -10
2441 0 0 0 4 8
2442 1 1 -4 -8 4
2443 0 0 10 -16 3
2444 0 0 2 9 -2
2445 0 1 6 0 15
2446 0 1 13 -3 8
2447 1 1 -1 -8 11
2448 0 0 11 2 12
2449 1 1 -16 -16 0
2450 1 1 -9 15 12
2451 0 1 13 -8 -10
2452 1 1 -16 4 15
2453 1 0 -8 15 5
2454 1 0 -16 8 14
2455 0 1 10 8 -2
2456 0 0 1 -1 8
2457 1 0 -3 9 -3
2458 1 1 7 4 -6
2459 0 0 15 -1 -1
2460 1 0 1 -9 2
2461 0 0 3 3 -8
2462 1 0 -5 -5 -5
2463 1 0 -16 9 -16
2464 0 1 14 12 -10
2465 0 1 5 3 14
2466 0 1 12 5 13
2467 0 0 8 12 -8
2468 1 0 -8 -1 5
2469 1 1 1 -14 -12
2470 1 1 -6 14 5
2471 0 0 6 -14 13
2472 0 0 12 -15 7
2473 1 0 -5 15 7
2474 1 1 -8 -16 -7
2475 1 0 -11 -2 5
2476 1 0 -2 1 -16
2477 1 0 -9 15 5
2478 0 1 15 -7 -10
2479 1 1 -8 -7 15
2480 0 0 10 0 2
2481 0 1 15 12 -11
2482 0 0 -6 -3 8
2483 0 1 10 -12 8
2484 1 0 -9 5 15
2485 0 1 5 7 8
2486 0 1 0 15 -1
2487 0 0 10 10 4
2488 0 1 3 2 7
2489 1 1 -16 -8 -1
2490 1 0 -16 -7 -4
2491 1 0 -1 4 -16
2492 0 0 9 -16 -2
2493 0 1 10 -12 2
2494 0 0 3 -4 1
2495 0 1 8 5 -6
2496 0 0 15 -14 15
2497 0 0 15 1 -16
2498 1 1 -9 -10 -9
2499 1 1 -13 2 -5
2500 0 1 9 0 -4
2501 1 1 -4 -9 -9
2502 1 0 -4 -1 5
2503 0 1 12 -13 5
2504 1 0 -10 11 -3
2505 1 0 -1 -16 15
2506 1 1 -4 -7 15
2507 0 1 1 -11 -14
2508 0 0 11 -8 -10
2509 1 0 -1 -6 12
2510 1 1 -4 -4 9
2511 1 0 -9 11 5
2512 0 0 10 -5 -5
2513 1 1 -5 -4 7
2514 0 1 5 12 -4
2515 1 0 -2 -5 -8
2516 0 0 12 -9 9
2517 1 0 -6 1 3
2518 0 1 0 -13 13
2519 1 0 -8 4 -14
2520 0 1 -3 6 -14
2521 0 1 15 9 -5
2522 1 1 -1 -9 -5
2523 0 0 0 -8 3
2524 0 1 10 1 -4
2525 1 1 -9 -8 11
2526 0 1 4 8 -13
2527 1 0 -12 7 9
2528 0 1 6 -2 13
2529 1 1 -11 -16 -3
2530 0 0 8 -4 -7
2531 1 0 -16 2 10
2532 0 1 2 12 9
2533 1 0 -13 -5 9
2534 1 0 -11 -15 -6
2535 0 0 10 -8 1
2536 0 1 9 -11 13
2537 0 0 12 15 12
2538 1 0 -7 10 4
2539 1 1 -11 -5 -15
2540 0 0 15 -12 11
2541 1 1 -16 -13 15
2542 1 1 -13 3 -8
2543 1 0 -11 -3 -5
2544 0 1 4 7 -2
2545 1 1 -7 -5 10
2546 0 1 15 3 8
2547 0 0 7 7 -4
2548 0 0 0 -4 8
2549 0 0 5 3 6
2550 1 1 -10 3 8
2551 1 1 -1 -10 12
2552 0 0 1 6 11
2553 1 1 0 5 13
2554 0 0 5 4 -5
2555 0 0 1 -16 6
2556 1 0 -10 4 13
2557 0 1 8 -11 10
2558 0 1 1 -3 11
2559 1 0 -4 15 5
2560 1 1 -15 -11 10
2561 0 1 -1 6 15
2562 1 1 -8 14 -1
2563 1 1 -2 -4 10
2564 1 1 -15 7 0
2565 1 1 -9 -5 -5
2566 0 1 -2 12 3
2567 1 1 -6 9 4
2568 1 0 -13 -12 -3
2569 1 0 -6 15 15
2570 0 0 6 0 10
2571 0 0 7 15 -3
2572 0 1 11 8 2
2573 1 0 1 1 -16
2574 1 1 -13 -15 9
2575 1 1 -15 8 15
2576 0 1 11 -10 10
2577 0 1 3 -12 4
2578 1 0 -10 5 -11
2579 0 0 4 4 -9
2580 0 0 8 5 -6
2581 1 0 -15 -13 14
2582 0 1 13 1 -8
2583 0 1 15 -16 -3
2584 1 0 -7 0 4
2585 0 1 7 2 -10
2586 0 1 8 15 -13
2587 0 1 15 -9 9
2588 0 1 14 -14 10
2589 1 1 -6 6 12
2590 0 1 10 14 -14
2591 1 0 -1 -14 -7
2592 1 0 -8 -3 8
2593 0 1 -2 -7 7
2594 0 1 13 -13 -4
2595 1 0 -5 -14 -16
2596 0 1 2 -12 -10
2597 1 0 -16 12 -9
2598 0 0 6 13 0
2599 1 0 -9 -7 4
2600 1 1 -13 -1 15
2601 1 1 -8 5 -12
2602 1 0 -7 8 -5
2603 1 0 -3 12 3
2604 1 0 -12 -11 -15
2605 0 1 12 -16 -2
2606 0 0 13 15 8
2607 1 0 -6 15 7
2608 0 1 7 7 7
2609 0 1 15 -8 9
2610 0 1 15 -9 -7
2611 1 0 -1 7 -12
2612 1 1 -8 -5 -10
2613 1 1 -14 -11 13
2614 0 1 5 -1 14
2615 1 0 -3 7 -7
2616 0 0 11 7 13
2617 0 0 15 7 2
2618 0 1 11 15 0
2619 1 1 -16 -7 6
2620 1 1 -4 -14 -11
2621 1 0 -15 3 -5
2622 1 0 -10 13 2
2623 1 1 -3 0 9
2624 0 1 4 4 -9
2625 1 1 -16 2 15
2626 0 0 15 -5 8
2627 0 0 10 1 6
2628 0 0 7 4 7
2629 0 0 4 -16 11
2630 0 0 6 -9 13
2631 1 0 -10 13 7
2632 1 1 -9 -2 -16
2633 1 1 -10 -9 -7
2634 0 1 15 -12 11
2635 0 0 9 -12 -7
2636 0 1 15 9 10
2637 0 1 11 -16 0
2638 0 1 14 8 -9
2639 0 0 14 4 0
2640 0 0 8 -10 -15
2641 0 1 7 -8 7
2642 0 1 15 -13 6
2643 1 1 -15 -7 -7
2644 1 0 -10 7 0
2645 1 1 -11 12 5
2646 1 1 -16 15 4
2647 0 0 10 15 8
2648 0 1 15 -14 6
2649 0 1 15 -5 10
2650 1 0 -11 5 15
2651 1 0 -10 -2 -16
2652 1 0 12 -14 -8
2653 0 1 3 -10 9
2654 0 1 12 -4 -11
2655 1 1 -3 -4 -16
2656 0 0 5 -4 -3
2657 0 0 6 -13 -14
2658 1 0 -16 -16 11
2659 0 0 3 -14 -3
2660 0 1 6 -11 -6
2661 0 1 3 2 0
2662 0 0 13 -8 15
2663 0 0 7 1 8
2664 0 0 7 -3 -8
2665 0 0 8 -12 -10
2666 1 1 -7 13 7
2667 0 0 14 1 10
2668 0 1 9 -14 -7
2669 1 1 -3 6 -10
2670 0 0 -2 2 2
2671 1 0 -9 -11 -6
2672 0 1 4 8 -11
2673 0 1 -1 -13 2
2674 0 1 -6 13 6
2675 1 0 -15 -1 -8
2676 1 1 -7 10 0
2677 0 0 13 5 5
2678 0 1 1 7 -9
2679 1 0 -3 6 -11
2680 1 0 -6 -5 7
2681 0 0 7 -7 6
2682 1 0 -7 12 12
2683 1 0 -7 -5 8
2684 1 1 -11 -12 0
2685 0 0 1 -5 0
2686 1 0 -7 15 9
2687 0 1 7 10 -8
2688 1 1 -16 -6 8
2689 0 1 15 4 1
2690 0 0 6 -6 8
2691 0 0 9 10 -8
2692 0 1 10 2 -11
2693 0 1 5 -5 -6
2694 0 1 5 -8 -5
2695 1 0 -3 13 11
2696 0 0 7 2 9
2697 1 0 -16 -1 -12
2698 1 0 -13 -16 -3
2699 0 1 0 -12 14
2700 0 1 12 -9 -12
2701 0 0 12 10 9
2702 0 0 11 -8 -15
2703 1 0 -5 -16 13
2704 1 1 -3 -4 -6
2705 1 0 -9 -6 -8
2706 1 0 -8 -7 9
2707 0 0 12 2 -4
2708 0 1 15 8 -16
2709 1 0 -1 12 15
2710 0 1 14 -4 -13
2711 0 1 4 13 0
2712 1 0 -1 -13 14
2713 1 0 -16 4 15
2714 1 0 -11 -13 15
2715 1 1 -12 -8 -5
2716 0 0 4 -15 7
2717 1 0 -2 8 -8
2718 1 1 -2 -6 -1
2719 1 0 -7 -7 15
2720 1 0 -7 10 14
2721 0 0 12 -10 0
2722 1 0 -10 4 6
2723 1 1 4 -5 8
2724 0 0 7 -7 7
2725 1 1 -9 -8 -5
2726 1 1 -14 1 -9
2727 1 1 -3 -13 15
2728 0 0 15 15 -11
2729 1 0 -2 -5 -15
2730 1 1 -6 2 7
2731 1 1 -16 -15 -15
2732 1 1 -2 -11 -9
2733 0 0 10 -8 -11
2734 1 0 -16 -2 -15
2735 0 1 -1 4 -16
2736 0 0 10 10 -6
2737 1 1 -10 -7 11
2738 0 1 13 -8 -8
2739 0 0 8 -8 4
2740 1 0 -15 -4 -5
2741 0 0 7 8 12
2742 1 1 -9 -10 -2
2743 0 1 6 -9 7
2744 1 0 -8 -8 5
2745 1 0 -9 -1 9
2746 0 1 -4 -7 -5
2747 1 0 -7 10 9
2748 1 0 -7 11 -14
2749 1 0 -7 9 9
2750 1 0 -9 -12 15
2751 1 1 -9 9 5
2752 1 0 -1 -11 -10
2753 1 0 -16 -3 5
2754 0 0 15 -16 8
2755 0 0 8 -7 1
2756 0 1 12 10 7
2757 0 0 1 -16 -7
2758 0 1 10 5 4
2759 1 1 -5 -11 4
2760 1 1 -15 3 3
2761 0 0 -3 10 -1
2762 1 0 -3 -16 -3
2763 0 0 12 8 -15
2764 1 0 -6 5 -8
2765 1 1 -10 -6 -16
2766 0 0 8 -4 -7
2767 0 1 11 10 14
2768 1 0 -5 7 15
2769 0 1 13 2 -1
2770 0 1 7 -14 -9
2771 0 1 12 -9 15
2772 1 0 -11 5 -8
2773 0 0 0 12 -3
2774 0 0 11 2 -3
2775 0 1 7 13 0
2776 0 0 5 -1 -16
2777 1 1 -12 -16 6
2778 1 1 -10 -16 -3
2779 1 1 -14 14 -4
2780 1 0 0 15 -8
2781 0 0 5 -8 -7
2782 1 1 -2 -11 -4
2783 0 1 15 7 11
2784 1 0 -3 -5 -8
2785 0 1 4 -1 6
2786 0 0 4 10 -15
2787 0 1 5 -16 8
2788 0 1 11 10 14
2789 0 1 9 8 15
2790 0 1 12 -11 4
2791 0 0 8 -4 -3
2792 0 0 15 -2 9
2793 1 1 -12 -8 5
2794 1 0 -13 2 6
2795 0 1 15 3 -2
2796 0 0 4 -15 0
2797 0 0 6 -11 0
2798 1 1 -16 -9 -11
2799 0 1 3 -2 -1
2800 0 1 12 -9 -14
2801 0 0 5 15 6
2802 1 0 -7 6 -5
2803 1 0 -10 -15 10
2804 1 1 -11 10 -10
2805 1 0 -7 -6 -8
2806 0 0 4 7 6
2807 1 1 -5 15 7
2808 0 0 11 8 13
2809 0 1 6 -5 11
2810 0 1 14 -4 -4
2811 0 0 -5 -5 -1
2812 1 0 -1 -8 -4
2813 1 1 -14 14 8
2814 0 0 5 -15 1
2815 0 1 11 -14 15
2816 0 0 12 -4 -4
2817 1 1 -8 -8 9
2818 1 0 -16 14 -13
2819 1 1 -8 -4 15
2820 1 1 -12 8 15
2821 0 0 10 11 1
2822 0 1 -2 -3 -16
2823 1 1 -7 5 -14
2824 0 1 13 -3 -8
2825 1 0 -10 15 1
2826 0 0 5 -7 0
2827 1 0 -12 -2 1
2828 0 0 12 -6 -13
2829 1 1 -13 11 14
2830 1 1 -7 10 -12
2831 1 1 -13 6 -5
2832 1 1 -13 -4 13
2833 0 1 5 -2 2
2834 0 1 1 -5 15
2835 1 0 -12 5 15
2836 1 0 6 2 -8
2837 1 1 -10 15 15
2838 0 0 0 2 -11
2839 0 1 -5 4 11
2840 1 1 3 -9 6
2841 0 0 10 7 -10
2842 0 0 6 -4 14
2843 0 0 5 6 3
2844 1 0 -9 7 -16
2845 0 0 15 -14 -9
2846 1 1 -9 -9 5
2847 0 0 8 -16 6
2848 0 0 6 -12 6
2849 0 1 5 12 -8
2850 0 0 -4 -8 8
2851 0 1 13 14 9
2852 0 1 0 10 -16
2853 1 1 4 13 0
2854 1 0 -3 12 0
2855 0 1 2 0 -10
2856 0 1 7 -6 -16
2857 0 0 15 -13 -11
2858 1 1 -6 8 -6
2859 1 1 -3 -9 -15
2860 1 1 0 -7 -10
2861 1 0 -16 15 2
2862 0 0 12 -12 -4
2863 0 1 14 -10 -8
2864 1 0 -1 -1 -5
2865 1 1 -12 -12 7
2866 1 1 -10 -14 -7
2867 0 1 -1 -12 -11
2868 0 1 10 -13 3
2869 0 0 8 5 -10
2870 1 0 -3 9 -3
2871 1 0 -9 -16 -12
2872 1 0 -11 13 15
2873 1 0 -8 -9 -16
2874 0 1 2 15 -7
2875 1 1 5 1 -9
2876 1 1 -6 -10 -14
2877 1 1 -11 11 -6
2878 1 1 -15 -11 0
2879 1 0 -8 -3 14
2880 1 1 -14 1 -10
2881 1 1 -11 10 4
2882 1 1 -9 7 -3
2883 0 0 2 4 -4
2884 0 1 12 -6 4
2885 1 0 -7 5 11
2886 0 0 3 -8 -11
2887 0 0 3 -10 -10
2888 0 0 10 -3 -15
2889 0 0 4 9 -7
2890 1 0 -14 11 -1
2891 1 1 -10 -6 3
2892 0 1 13 -7 -5
2893 0 0 7 1 8
2894 1 1 -13 2 -13
2895 0 1 10 7 8
2896 0 0 11 -1 4
2897 0 0 5 -6 13
2898 1 0 0 2 15
2899 1 1 -13 -4 -7
2900 0 1 15 5 -16
2901 0 0 7 -5 -6
2902 1 1 -11 -14 13
2903 0 1 5 4 4
2904 1 0 4 -2 14
2905 1 1 -7 15 7
2906 1 1 -14 2 4
2907 1 0 -11 -13 -13
2908 0 1 15 -4 -6
2909 0 1 10 -6 5
2910 0 0 11 9 -3
2911 1 0 -2 6 -6
2912 0 1 5 11 10
2913 1 1 -4 1 -7
2914 0 0 12 -2 0
2915 1 1 -16 -9 12
2916 0 0 10 11 6
2917 1 1 -8 -2 5
2918 1 1 -4 4 13
2919 1 0 -9 -3 13
2920 1 1 -2 -11 11
2921 0 0 10 -10 -16
2922 0 1 5 -8 -9
2923 0 0 9 9 3
2924 0 1 6 -11 -8
2925 1 0 -11 -4 0
2926 1 0 -7 -5 4
2927 0 1 7 0 11
2928 1 1 -10 -13 7
2929 0 0 10 -2 -10
2930 0 0 9 0 9
2931 0 1 14 -5 5
2932 1 1 -4 -14 -8
2933 0 1 12 -3 10
2934 0 1 4 6 -16
2935 1 0 3 15 9
2936 0 1 7 -12 11
2937 0 0 13 14 11
2938 1 1 -14 -4 9
2939 1 0 -6 -1 -9
2940 0 1 6 8 -9
2941 1 1 -15 -6 3
2942 1 0 4 -12 9
2943 1 1 -16 -3 -10
2944 1 0 -6 -1 -14
2945 1 1 -13 12 -2
2946 1 1 -7 -5 10
2947 0 1 13 -10 9
2948 1 1 0 -4 3
2949 1 0 -10 3 12
2950 0 1 2 -1 2
2951 0 1 10 -7 10
2952 0 0 7 -11 -2
2953 1 1 -13 -4 9
2954 0 1 8 -10 5
2955 1 0 -16 6 10
2956 0 1 15 15 13
2957 1 1 -11 3 9
2958 0 1 15 5 -3
2959 1 1 0 13 9
2960 1 1 -4 -10 -10
2961 1 1 -3 -1 -5
2962 0 0 13 5 -2
2963 0 1 9 0 -3
2964 1 0 -12 -16 -1
2965 1 1 -15 -2 -1
2966 1 0 -2 10 1
2967 0 0 4 -12 -13
2968 1 1 -11 8 -11
2969 0 0 15 -7 9
2970 0 1 7 -10 -16
2971 0 0 7 -14 -4
2972 0 0 7 5 14
2973 1 1 -16 2 6
2974 1 0 -5 -6 4
2975 1 0 -6 7 -10
2976 1 0 -16 -9 1
2977 1 0 -13 -13 -9
2978 0 0 5 -8 13
2979 1 0 0 10 -16
2980 1 0 -11 -12 3
2981 1 1 -7 -8 -3
2982 1 0 -11 -2 -10
2983 1 1 -5 12 -7
2984 0 0 7 -10 -7
2985 1 0 -9 -2 -9
2986 1 0 1 -11 5
2987 1 0 -10 -16 -12
2988 0 0 4 0 13
2989 0 0 9 11 14
2990 0 0 12 -2 -8
2991 0 0 8 -2 -8
2992 0 1 15 -2 13
2993 0 1 10 6 2
2994 0 1 6 -10 -5
2995 0 0 9 1 -7
2996 0 1 13 10 4
2997 1 0 -3 -12 4
2998 1 1 6 7 -4
2999 0 1 6 5 -4
3000 0 0 -4 5 -11
3001 0 0 14 0 -16
3002 1 1 -5 10 -13
3003 0 0 6 15 -1
3004 0 1 6 7 9
3005 0 0 11 7 7
3006 1 1 -14 -7 -13
3007 0 0 7 15 -8
3008 1 1 -16 6 0
3009 0 1 6 14 -7
3010 0 0 8 -16 -3
3011 1 0 -14 15 8
3012 1 0 -9 15 -2
3013 1 0 -10 7 11
3014 0 0 12 4 11
3015 1 1 -14 9 6
3016 0 0 2 -15 -13
3017 0 0 9 10 6
3018 1 0 -11 -12 -5
3019 1 0 -2 9 -13
3020 1 1 3 -5 15
3021 1 0 -7 0 -16
3022 1 0 -8 0 -16
3023 1 0 -2 -5 3
3024 1 1 -14 9 -13
3025 1 1 -15 -1 4
3026 0 0 6 -16 -6
3027 1 1 -13 -7 6
3028 1 0 -2 9 -7
3029 1 1 -4 8 14
3030 0 1 12 -16 10
3031 0 0 15 15 -16
3032 0 0 7 15 15
3033 1 1 -16 5 -8
3034 0 0 11 -10 -14
3035 0 0 15 4 7
3036 1 0 -4 -11 -11
3037 0 0 9 1 10
3038 1 0 -6 -4 6
3039 1 1 -7 15 -1
3040 0 0 14 -14 -11
3041 0 1 4 -1 -5
3042 1 1 -5 15 2
3043 0 0 9 7 -6
3044 1 0 -16 -4 3
3045 0 0 -2 13 -14
3046 1 1 -8 8 15
3047 0 0 13 11 -5
3048 1 1 -5 6 3
3049 0 1 1 -9 5
3050 1 1 -15 -16 9
3051 1 0 -14 -1 15
3052 0 1 2 9 6
3053 1 1 -16 -4 -1
3054 0 1 10 -8 -9
3055 1 1 -1 -15 9
3056 0 0 9 -8 15
3057 0 1 7 5 2
3058 1 0 -4 -12 3
3059 0 1 8 -9 5
3060 1 1 -5 9 1
3061 1 1 -12 -5 15
3062 0 1 5 10 -8
3063 1 1 -7 6 -6
3064 1 0 -6 -1 -11
3065 0 0 8 -10 -14
3066 0 0 9 13 6
3067 1 0 -16 13 0
3068 0 0 5 8 12
3069 0 0 3 -5 12
3070 0 0 6 -13 -14
3071 0 0 -1 -8 -11
3072 1 1 -4 -10 15
3073 0 1 10 -6 -16
3074 0 1 10 -15 -6
3075 1 1 -9 2 3
3076 1 1 -7 8 11
3077 0 0 6 -3 -5
3078 1 0 -13 9 7
3079 1 0 -14 7 15
3080 0 1 10 2 -1
3081 0 0 1 0 -2
3082 1 0 -5 -7 8
3083 0 0 13 -5 12
3084 0 1 15 12 8
3085 1 1 -4 8 0
3086 0 1 5 15 -14
3087 1 0 4 13 -8
3088 0 1 6 -14 -8
3089 0 0 5 15 -4
3090 0 1 8 6 8
3091 0 0 8 -7 3
3092 1 1 -5 2 -10
3093 0 0 11 -14 15
3094 1 0 -11 6 -14
3095 1 1 4 15 -6
3096 0 1 14 -3 -10
3097 0 0 11 12 14
3098 1 1 -11 0 -8
3099 0 0 4 -7 -7
3100 0 1 6 5 -5
3101 1 0 -8 1 2
3102 0 1 15 12 8
3103 1 1 -13 10 -7
3104 1 1 -6 0 -16
3105 1 1 -7 -2 15
3106 1 1 -8 6 2
3107 1 0 -6 -10 -14
3108 1 1 -2 -2 -8
3109 1 1 -13 7 -9
3110 1 1 -10 -7 -9
3111 0 1 6 -6 -10
3112 0 0 15 6 15
3113 0 0 8 4 15
3114 0 1 4 -16 8
3115 1 1 -10 14 15
3116 1 0 -2 15 5
3117 0 0 9 -8 1
3118 0 0 7 13 -16
3119 0 1 6 15 4
3120 1 1 -10 13 -16
3121 0 1 11 -11 -4
3122 0 1 6 3 12
3123 0 0 3 10 -2
3124 0 1 13 -6 10
3125 1 1 -6 -1 7
3126 1 1 -16 15 11
3127 0 0 11 -10 6
3128 0 0 9 7 -3
3129 0 1 5 10 5
3130 0 0 5 -16 -4
3131 0 1 2 -8 10
3132 0 0 3 -10 -15
3133 0 1 12 9 9
3134 1 1 -7 9 9
3135 0 1 11 6 10
3136 1 1 -6 15 -16
3137 0 1 1 -8 7
3138 0 0 8 15 12
3139 1 0 -5 -10 8
3140 1 0 -12 11 -4
3141 1 0 -7 -5 13
3142 0 0 11 1 11
3143 0 1 3 -8 -12
3144 0 1 3 6 -10
3145 0 1 15 1 15
3146 1 1 -8 9 8
3147 0 0 15 -8 -15
3148 0 0 9 7 14
3149 0 1 9 14 -11
3150 1 1 -16 7 15
3151 0 0 4 -16 8
3152 1 0 -7 -5 5
3153 1 1 -16 -8 -9
3154 1 0 -1 -9 2
3155 1 1 -11 0 6
3156 1 1 -3 -11 -13
3157 1 0 -13 1 1
3158 0 1 5 1 -1
3159 1 0 -10 -5 -2
3160 0 0 3 -8 -1
3161 1 1 -16 -11 -3
3162 0 0 2 10 1
3163 0 1 14 -2 13
3164 1 1 -4 -6 -4
3165 1 0 -8 10 13
3166 0 1 5 -10 13
3167 0 1 15 -13 -1
3168 1 1 -6 7 1
3169 1 0 3 -2 5
3170 0 1 10 11 -11
3171 0 0 5 3 11
3172 1 1 -4 -7 9
3173 1 1 -2 -7 -11
3174 1 0 -9 -16 -2
3175 0 1 13 -5 1
3176 0 1 9 13 15
3177 1 1 -9 6 12
3178 0 1 10 -16 4
3179 1 0 -9 -1 9
3180 1 0 -16 -11 -8
3181 0 1 10 9 -1
3182 1 0 -11 5 -9
3183 0 0 -1 -16 3
3184 1 1 -12 -6 5
3185 0 1 10 -8 -1
3186 0 1 14 -5 -12
3187 1 1 -6 -8 7
3188 0 1 12 -14 0
3189 1 0 -12 6 -7
3190 0 1 9 10 -16
3191 0 0 9 15 14
3192 1 0 -13 -4 7
3193 1 1 -16 -9 10
3194 0 1 5 -11 5
3195 1 0 -9 1 15
3196 0 0 5 1 -14
3197 0 0 10 -7 -4
3198 1 0 -5 -8 -5
3199 0 0 5 15 6
