# idx_int bit_int post_llr_q hard
0 1 63 1
1 0 -64 0
2 0 -64 0
3 0 -64 0
4 0 -64 0
5 1 63 1
6 1 63 1
7 0 -64 0
8 0 -64 0
9 0 -64 0
10 0 -64 0
11 0 -64 0
12 0 -64 0
13 1 58 1
14 0 -61 0
15 1 63 1
16 0 -64 0
17 1 63 1
18 0 -64 0
19 0 -64 0
20 0 -64 0
21 0 -64 0
22 1 63 1
23 1 63 1
24 0 -64 0
25 0 -64 0
26 0 -64 0
27 1 63 1
28 1 63 1
29 1 63 1
30 0 -64 0
31 0 -64 0
32 0 -64 0
33 1 63 1
34 0 -64 0
35 1 63 1
36 0 -64 0
37 1 63 1
38 0 -64 0
39 0 -64 0
40 0 -64 0
41 0 -64 0
42 1 63 1
43 1 63 1
44 1 63 1
45 1 63 1
46 1 63 1
47 1 63 1
48 1 63 1
49 1 63 1
50 0 -64 0
51 0 -64 0
52 0 -64 0
53 1 63 1
54 0 -24 0
55 1 63 1
56 0 -64 0
57 1 63 1
58 1 63 1
59 0 -64 0
60 1 63 1
61 1 63 1
62 0 -64 0
63 1 63 1
64 1 63 1
65 1 63 1
66 0 -64 0
67 0 -64 0
68 0 -64 0
69 0 -64 0
70 0 -64 0
71 1 63 1
72 0 -64 0
73 0 -64 0
74 0 -64 0
75 0 -64 0
76 1 63 1
77 1 63 1
78 0 -64 0
79 0 -64 0
80 0 -64 0
81 1 63 1
82 0 -64 0
83 1 63 1
84 1 63 1
85 0 -64 0
86 1 63 1
87 1 63 1
88 0 -64 0
89 0 -64 0
90 0 -64 0
91 1 63 1
92 1 63 1
93 0 -64 0
94 0 -64 0
95 0 -64 0
96 0 -64 0
97 0 -64 0
98 0 -64 0
99 0 -64 0
100 1 63 1
101 1 63 1
102 1 63 1
103 1 63 1
104 1 63 1
105 0 -64 0
106 0 -54 0
107 1 63 1
108 1 63 1
109 0 -64 0
110 1 63 1
111 1 63 1
112 0 -64 0
113 1 63 1
114 1 63 1
115 1 63 1
116 0 -64 0
117 1 63 1
118 0 -64 0
119 0 -64 0
120 1 63 1
121 1 63 1
122 1 63 1
123 1 63 1
124 1 45 1
125 1 63 1
126 1 63 1
127 0 -64 0
128 0 -64 0
129 1 63 1
130 0 -64 0
131 0 -64 0
132 0 -64 0
133 1 63 1
134 1 63 1
135 0 -64 0
136 0 -64 0
137 0 -64 0
138 0 -64 0
139 0 -64 0
140 1 63 1
141 0 -64 0
142 1 63 1
143 1 63 1
144 1 63 1
145 0 -64 0
146 0 -64 0
147 1 63 1
148 0 -64 0
149 0 -64 0
150 1 63 1
151 1 63 1
152 1 63 1
153 0 -64 0
154 0 -64 0
155 0 -46 0
156 1 63 1
157 0 -64 0
158 1 63 1
159 1 63 1
160 1 63 1
161 0 -64 0
162 1 63 1
163 1 63 1
164 1 63 1
165 0 -64 0
166 0 -64 0
167 0 -64 0
168 0 -64 0
169 0 -64 0
170 1 63 1
171 0 -64 0
172 1 63 1
173 0 -64 0
174 1 63 1
175 1 63 1
176 0 -64 0
177 1 63 1
178 0 -64 0
179 0 -64 0
180 1 63 1
181 0 -64 0
182 0 -64 0
183 0 -64 0
184 1 63 1
185 0 -64 0
186 1 63 1
187 0 -64 0
188 0 -64 0
189 0 -64 0
190 1 63 1
191 1 63 1
192 0 -64 0
193 0 -64 0
194 0 -64 0
195 0 -64 0
196 0 -64 0
197 1 63 1
198 0 -64 0
199 0 -64 0
200 0 63 1
201 0 -64 0
202 1 63 1
203 0 -64 0
204 1 63 1
205 1 63 1
206 1 63 1
207 1 63 1
208 1 63 1
209 0 -64 0
210 1 63 1
211 0 -64 0
212 0 -64 0
213 1 49 1
214 1 36 1
215 1 63 1
216 0 -64 0
217 0 -64 0
218 0 -64 0
219 0 -64 0
220 1 63 1
221 0 -64 0
222 1 63 1
223 1 63 1
224 1 63 1
225 1 63 1
226 0 -64 0
227 1 63 1
228 0 -64 0
229 0 -64 0
230 0 -64 0
231 1 63 1
232 1 63 1
233 1 63 1
234 0 -64 0
235 1 63 1
236 1 63 1
237 0 -64 0
238 0 -64 0
239 0 -64 0
240 0 -64 0
241 0 -64 0
242 1 63 1
243 1 63 1
244 1 63 1
245 1 53 1
246 0 -64 0
247 0 -64 0
248 1 63 1
249 1 63 1
250 0 -64 0
251 1 63 1
252 0 -64 0
253 1 63 1
254 1 63 1
255 1 63 1
256 0 -64 0
257 1 63 1
258 0 -42 0
259 0 -64 0
260 0 -64 0
261 1 63 1
262 0 -64 0
263 1 63 1
264 0 -64 0
265 1 63 1
266 1 63 1
267 1 -64 0
268 0 -64 0
269 0 -64 0
270 0 -64 0
271 1 63 1
272 1 63 1
273 1 63 1
274 1 63 1
275 1 63 1
276 1 63 1
277 0 -64 0
278 1 63 1
279 1 63 1
280 1 63 1
281 1 63 1
282 0 -64 0
283 1 63 1
284 1 63 1
285 0 -53 0
286 0 -64 0
287 0 -64 0
288 0 -46 0
289 0 -64 0
290 1 63 1
291 0 -64 0
292 0 -64 0
293 1 63 1
294 0 -64 0
295 1 63 1
296 0 -64 0
297 0 -64 0
298 0 -64 0
299 0 -64 0
300 1 63 1
301 0 -64 0
302 0 -64 0
303 0 -64 0
304 0 -64 0
305 0 -64 0
306 0 -64 0
307 0 -64 0
308 0 -64 0
309 1 63 1
310 0 -52 0
311 0 -64 0
312 0 -64 0
313 1 63 1
314 0 -64 0
315 1 63 1
316 0 -64 0
317 1 63 1
318 1 63 1
319 1 63 1
320 1 63 1
321 0 -64 0
322 0 -64 0
323 1 63 1
324 0 -64 0
325 1 63 1
326 0 -64 0
327 1 63 1
328 1 63 1
329 1 63 1
330 0 -64 0
331 0 -64 0
332 0 -64 0
333 0 -64 0
334 0 -64 0
335 0 -64 0
336 0 -64 0
337 1 63 1
338 1 44 1
339 1 63 1
340 0 -64 0
341 1 63 1
342 0 -64 0
343 1 -59 0
344 1 63 1
345 1 63 1
346 0 -64 0
347 1 63 1
348 0 -64 0
349 1 -43 0
350 1 63 1
351 0 -44 0
352 0 -64 0
353 1 63 1
354 1 63 1
355 0 -64 0
356 1 63 1
357 1 63 1
358 0 -64 0
359 0 -64 0
360 0 -64 0
361 1 63 1
362 1 63 1
363 1 63 1
364 1 63 1
365 0 -64 0
366 0 -64 0
367 0 -64 0
368 1 63 1
369 0 27 1
370 1 63 1
371 1 63 1
372 1 63 1
373 1 63 1
374 1 63 1
375 1 63 1
376 0 -64 0
377 0 -53 0
378 1 63 1
379 0 -64 0
380 0 -64 0
381 0 -64 0
382 1 63 1
383 0 -64 0
384 0 -64 0
385 1 63 1
386 0 -64 0
387 1 63 1
388 0 63 1
389 1 63 1
390 1 63 1
391 0 -64 0
392 1 63 1
393 0 -64 0
394 1 63 1
395 1 63 1
396 0 -64 0
397 1 63 1
398 0 -64 0
399 0 -64 0
400 0 -39 0
401 0 -64 0
402 1 63 1
403 1 63 1
404 1 63 1
405 1 63 1
406 1 63 1
407 0 -64 0
408 1 63 1
409 0 -64 0
410 1 63 1
411 0 -64 0
412 0 -64 0
413 0 -64 0
414 1 63 1
415 1 63 1
416 1 63 1
417 1 63 1
418 0 -64 0
419 1 63 1
420 1 57 1
421 1 63 1
422 1 63 1
423 1 63 1
424 1 63 1
425 0 -64 0
426 1 63 1
427 1 63 1
428 1 63 1
429 0 -64 0
430 1 63 1
431 0 -64 0
432 0 -64 0
433 0 63 1
434 0 -64 0
435 1 63 1
436 0 -64 0
437 0 -64 0
438 1 63 1
439 1 63 1
440 1 63 1
441 1 63 1
442 1 63 1
443 1 63 1
444 0 -64 0
445 0 -64 0
446 0 -64 0
447 0 -64 0
448 1 -64 0
449 1 63 1
450 0 -64 0
451 0 -64 0
452 1 63 1
453 1 63 1
454 1 63 1
455 1 63 1
456 0 -64 0
457 0 -64 0
458 1 63 1
459 1 61 1
460 1 63 1
461 0 -64 0
462 0 -64 0
463 1 63 1
464 0 -64 0
465 1 63 1
466 0 -64 0
467 0 -46 0
468 1 63 1
469 0 -64 0
470 0 -64 0
471 0 -64 0
472 1 63 1
473 0 -64 0
474 0 -64 0
475 1 63 1
476 0 -64 0
477 1 63 1
478 1 63 1
479 1 63 1
480 0 -64 0
481 0 -64 0
482 0 -64 0
483 0 -64 0
484 1 63 1
485 1 63 1
486 0 -64 0
487 1 61 1
488 0 -64 0
489 0 -64 0
490 1 63 1
491 0 -64 0
492 1 63 1
493 0 -64 0
494 0 -64 0
495 1 63 1
496 0 -64 0
497 0 -64 0
498 0 -59 0
499 1 63 1
500 1 63 1
501 1 63 1
502 1 63 1
503 0 -52 0
504 0 -64 0
505 0 -64 0
506 1 41 1
507 1 63 1
508 0 -64 0
509 1 63 1
510 1 63 1
511 0 -64 0
512 1 63 1
513 0 -64 0
514 1 63 1
515 0 -64 0
516 0 -64 0
517 1 63 1
518 1 63 1
519 1 63 1
520 1 63 1
521 0 -64 0
522 1 63 1
523 1 63 1
524 1 46 1
525 0 -64 0
526 0 -64 0
527 0 -64 0
528 1 63 1
529 1 63 1
530 1 63 1
531 0 -64 0
532 1 63 1
533 0 -64 0
534 1 63 1
535 1 63 1
536 0 -64 0
537 0 -64 0
538 1 63 1
539 1 63 1
540 1 63 1
541 0 -64 0
542 1 63 1
543 0 -64 0
544 0 -64 0
545 0 -64 0
546 1 63 1
547 0 -64 0
548 0 -64 0
549 1 63 1
550 0 -64 0
551 0 -64 0
552 0 -64 0
553 0 -64 0
554 0 -64 0
555 0 15 1
556 0 -64 0
557 1 47 1
558 0 -64 0
559 0 -64 0
560 0 -64 0
561 1 63 1
562 1 63 1
563 0 -64 0
564 0 -64 0
565 0 -64 0
566 0 -64 0
567 1 63 1
568 1 63 1
569 1 63 1
570 1 63 1
571 0 -64 0
572 0 -64 0
573 0 -64 0
574 0 -64 0
575 1 63 1
576 1 63 1
577 1 63 1
578 0 -64 0
579 1 63 1
580 0 -64 0
581 1 63 1
582 0 -64 0
583 1 63 1
584 0 -64 0
585 1 63 1
586 1 63 1
587 0 -64 0
588 1 63 1
589 0 -64 0
590 0 -64 0
591 0 -64 0
592 1 63 1
593 1 63 1
594 0 -64 0
595 1 63 1
596 0 -59 0
597 0 -64 0
598 1 63 1
599 1 63 1
600 1 63 1
601 0 -64 0
602 1 63 1
603 1 63 1
604 0 -64 0
605 0 -64 0
606 1 63 1
607 1 63 1
608 0 -64 0
609 1 63 1
610 1 63 1
611 0 -64 0
612 0 -64 0
613 0 -64 0
614 0 -60 0
615 0 -64 0
616 0 -64 0
617 0 -64 0
618 1 63 1
619 0 -64 0
620 0 -64 0
621 0 -64 0
622 1 63 1
623 1 63 1
624 1 63 1
625 0 -64 0
626 1 63 1
627 1 63 1
628 1 63 1
629 1 63 1
630 1 63 1
631 0 -64 0
632 1 63 1
633 0 -64 0
634 0 -64 0
635 1 63 1
636 0 -64 0
637 0 -64 0
638 1 63 1
639 1 63 1
640 0 -64 0
641 0 -64 0
642 0 -64 0
643 0 -64 0
644 1 63 1
645 0 -59 0
646 0 -64 0
647 0 -64 0
648 1 63 1
649 1 63 1
650 0 -64 0
651 1 63 1
652 1 63 1
653 1 63 1
654 1 63 1
655 1 63 1
656 0 -64 0
657 0 -64 0
658 0 -49 0
659 0 -64 0
660 1 63 1
661 0 -64 0
662 0 -64 0
663 0 -64 0
664 1 63 1
665 1 63 1
666 0 -64 0
667 1 63 1
668 1 63 1
669 1 63 1
670 1 63 1
671 0 -64 0
672 1 63 1
673 1 63 1
674 1 63 1
675 0 -64 0
676 0 -64 0
677 1 63 1
678 0 -64 0
679 0 -64 0
680 0 -64 0
681 0 -64 0
682 0 -64 0
683 1 63 1
684 1 63 1
685 1 63 1
686 0 -64 0
687 1 63 1
688 0 -64 0
689 0 -64 0
690 1 -64 0
691 1 63 1
692 0 -64 0
693 0 -64 0
694 1 63 1
695 0 -64 0
696 1 63 1
697 1 63 1
698 0 -64 0
699 1 63 1
700 0 -64 0
701 0 -64 0
702 1 63 1
703 1 63 1
704 1 63 1
705 1 63 1
706 1 63 1
707 1 63 1
708 1 63 1
709 0 -64 0
710 0 -64 0
711 0 -64 0
712 1 63 1
713 0 -64 0
714 0 -64 0
715 0 -64 0
716 0 -64 0
717 1 63 1
718 0 -64 0
719 0 -64 0
720 1 63 1
721 0 -64 0
722 1 63 1
723 1 63 1
724 1 63 1
725 1 63 1
726 0 -64 0
727 0 -64 0
728 0 -64 0
729 1 63 1
730 0 -64 0
731 0 -64 0
732 0 -64 0
733 0 -64 0
734 1 63 1
735 1 63 1
736 1 63 1
737 1 63 1
738 1 63 1
739 0 -64 0
740 1 63 1
741 1 63 1
742 0 -64 0
743 1 63 1
744 1 63 1
745 0 -64 0
746 0 -64 0
747 1 63 1
748 0 -47 0
749 0 -64 0
750 1 63 1
751 1 35 1
752 1 63 1
753 1 63 1
754 1 63 1
755 0 -64 0
756 1 63 1
757 1 63 1
758 0 -64 0
759 0 -64 0
760 0 -64 0
761 1 63 1
762 1 63 1
763 0 -64 0
764 1 63 1
765 1 63 1
766 0 -64 0
767 0 -64 0
768 1 63 1
769 0 -35 0
770 0 -64 0
771 1 63 1
772 1 63 1
773 0 -64 0
774 0 -64 0
775 0 -64 0
776 1 63 1
777 0 -61 0
778 0 -64 0
779 0 -64 0
780 1 63 1
781 1 63 1
782 0 -64 0
783 0 -64 0
784 0 -64 0
785 1 63 1
786 0 -64 0
787 0 -64 0
788 1 63 1
789 0 -64 0
790 1 63 1
791 0 -64 0
792 1 63 1
793 1 63 1
794 0 -64 0
795 0 -64 0
796 0 -64 0
797 1 63 1
798 0 -64 0
799 1 63 1
800 0 -38 0
801 1 63 1
802 0 -64 0
803 1 63 1
804 1 63 1
805 0 -64 0
806 1 63 1
807 1 63 1
808 0 -64 0
809 0 -64 0
810 1 63 1
811 0 -64 0
812 1 63 1
813 1 62 1
814 0 -64 0
815 1 63 1
816 1 63 1
817 0 -64 0
818 1 63 1
819 1 63 1
820 0 -64 0
821 1 63 1
822 1 63 1
823 0 -64 0
824 1 63 1
825 0 -64 0
826 1 63 1
827 0 -64 0
828 1 63 1
829 0 -64 0
830 0 -64 0
831 1 63 1
832 0 -64 0
833 0 -64 0
834 0 -64 0
835 0 -64 0
836 0 -64 0
837 1 63 1
838 1 63 1
839 1 63 1
840 0 -64 0
841 0 -63 0
842 1 63 1
843 0 -64 0
844 1 63 1
845 1 54 1
846 1 63 1
847 1 63 1
848 1 63 1
849 1 63 1
850 1 63 1
851 0 -64 0
852 1 63 1
853 0 -64 0
854 0 -64 0
855 0 -64 0
856 0 -64 0
857 0 -64 0
858 1 63 1
859 0 -64 0
860 0 -64 0
861 1 63 1
862 1 63 1
863 1 63 1
864 0 -64 0
865 0 -64 0
866 0 -64 0
867 0 -23 0
868 0 -64 0
869 1 63 1
870 1 63 1
871 1 63 1
872 0 -64 0
873 1 63 1
874 1 63 1
875 0 -64 0
876 0 -64 0
877 1 63 1
878 0 -64 0
879 1 63 1
880 0 -64 0
881 1 63 1
882 0 -64 0
883 0 -64 0
884 1 63 1
885 1 63 1
886 1 63 1
887 0 -64 0
888 0 -64 0
889 1 63 1
890 0 -64 0
891 1 63 1
892 1 63 1
893 0 -64 0
894 0 -64 0
895 1 63 1
896 1 63 1
897 1 63 1
898 0 63 1
899 1 -64 0
900 1 63 1
901 0 -64 0
902 0 -64 0
903 1 63 1
904 1 63 1
905 0 -64 0
906 1 24 1
907 1 63 1
908 0 -64 0
909 1 63 1
910 1 63 1
911 1 63 1
912 0 -64 0
913 0 -64 0
914 0 -64 0
915 1 63 1
916 1 63 1
917 1 63 1
918 1 63 1
919 0 -64 0
920 1 63 1
921 0 -44 0
922 1 63 1
923 1 63 1
924 0 -51 0
925 1 63 1
926 0 -64 0
927 0 -64 0
928 1 63 1
929 0 -64 0
930 1 63 1
931 1 63 1
932 0 -53 0
933 1 63 1
934 1 63 1
935 1 63 1
936 0 -64 0
937 0 -64 0
938 0 -64 0
939 1 63 1
940 0 -64 0
941 1 63 1
942 0 -64 0
943 1 63 1
944 1 63 1
945 0 -64 0
946 0 -64 0
947 0 -64 0
948 0 -64 0
949 1 63 1
950 1 63 1
951 0 -64 0
952 1 63 1
953 1 63 1
954 1 63 1
955 0 -64 0
956 0 -64 0
957 0 -64 0
958 1 63 1
959 0 63 1
960 0 -64 0
961 1 63 1
962 0 -64 0
963 0 -64 0
964 0 -64 0
965 1 63 1
966 0 -64 0
967 0 -64 0
968 0 -64 0
969 1 63 1
970 1 63 1
971 0 -64 0
972 1 63 1
973 1 63 1
974 1 63 1
975 1 63 1
976 1 63 1
977 1 63 1
978 1 63 1
979 1 63 1
980 1 63 1
981 0 -64 0
982 1 63 1
983 1 63 1
984 1 63 1
985 1 63 1
986 0 -64 0
987 1 63 1
988 0 -64 0
989 1 63 1
990 0 -64 0
991 1 -64 0
992 1 63 1
993 0 -64 0
994 0 33 1
995 0 -64 0
996 0 -55 0
997 0 63 1
998 1 63 1
999 1 63 1
1000 1 63 1
1001 1 -62 0
1002 1 63 1
1003 0 -64 0
1004 1 63 1
1005 1 63 1
1006 0 -64 0
1007 0 -64 0
1008 0 -64 0
1009 1 63 1
1010 1 63 1
1011 1 63 1
1012 0 -64 0
1013 1 63 1
1014 1 53 1
1015 1 63 1
1016 0 -64 0
1017 0 -64 0
1018 0 -64 0
1019 0 -64 0
1020 1 63 1
1021 1 63 1
1022 0 -53 0
1023 0 -64 0
1024 1 63 1
1025 0 -64 0
1026 1 63 1
1027 0 -64 0
1028 1 63 1
1029 0 -64 0
1030 0 -64 0
1031 0 -64 0
1032 0 -64 0
1033 1 63 1
1034 1 63 1
1035 0 -64 0
1036 1 63 1
1037 0 -64 0
1038 1 63 1
1039 1 63 1
1040 0 -64 0
1041 0 -64 0
1042 1 63 1
1043 0 -64 0
1044 0 -64 0
1045 1 56 1
1046 1 63 1
1047 1 63 1
1048 0 -64 0
1049 1 63 1
1050 0 -64 0
1051 1 63 1
1052 0 -64 0
1053 0 -64 0
1054 0 -64 0
1055 0 -64 0
1056 0 -64 0
1057 0 -64 0
1058 1 -60 0
1059 1 63 1
1060 1 63 1
1061 0 -64 0
1062 1 63 1
1063 1 63 1
1064 1 63 1
1065 1 63 1
1066 0 -64 0
1067 0 -64 0
1068 0 -64 0
1069 1 63 1
1070 1 63 1
1071 0 -64 0
1072 1 63 1
1073 0 -64 0
1074 0 -64 0
1075 1 63 1
1076 1 63 1
1077 0 -64 0
1078 0 -64 0
1079 0 -64 0
1080 0 -64 0
1081 0 -37 0
1082 0 -64 0
1083 1 63 1
1084 1 63 1
1085 0 -64 0
1086 0 -64 0
1087 0 -64 0
1088 0 -64 0
1089 1 63 1
1090 1 63 1
1091 1 63 1
1092 0 -64 0
1093 1 63 1
1094 1 63 1
1095 1 63 1
1096 0 -64 0
1097 1 63 1
1098 0 -64 0
1099 1 63 1
1100 1 63 1
1101 1 63 1
1102 1 63 1
1103 0 -64 0
1104 1 63 1
1105 1 63 1
1106 1 63 1
1107 1 63 1
1108 1 63 1
1109 1 63 1
1110 1 63 1
1111 1 63 1
1112 1 63 1
1113 0 -64 0
1114 0 -64 0
1115 0 -64 0
1116 0 -64 0
1117 0 -64 0
1118 0 -64 0
1119 0 -64 0
1120 1 63 1
1121 0 -64 0
1122 0 -64 0
1123 1 63 1
1124 0 -64 0
1125 1 63 1
1126 0 -64 0
1127 1 63 1
1128 1 63 1
1129 1 63 1
1130 1 -64 0
1131 0 -64 0
1132 0 -64 0
1133 0 -64 0
1134 1 63 1
1135 0 -64 0
1136 0 -64 0
1137 1 63 1
1138 0 -64 0
1139 1 63 1
1140 1 63 1
1141 1 63 1
1142 0 -64 0
1143 1 63 1
1144 0 -64 0
1145 1 63 1
1146 1 63 1
1147 0 -64 0
1148 0 -64 0
1149 1 63 1
1150 0 -64 0
1151 1 63 1
1152 1 63 1
1153 1 63 1
1154 0 -64 0
1155 0 -64 0
1156 1 63 1
1157 0 -64 0
1158 1 63 1
1159 1 63 1
1160 1 63 1
1161 0 -64 0
1162 0 -64 0
1163 1 63 1
1164 0 -64 0
1165 1 63 1
1166 1 63 1
1167 1 63 1
1168 1 63 1
1169 0 -52 0
1170 0 -64 0
1171 1 54 1
1172 0 -64 0
1173 1 63 1
1174 0 -64 0
1175 0 -64 0
1176 0 -64 0
1177 0 -64 0
1178 0 -64 0
1179 1 63 1
1180 1 63 1
1181 0 -64 0
1182 1 63 1
1183 1 63 1
1184 0 -64 0
1185 0 -64 0
1186 1 63 1
1187 1 63 1
1188 0 -64 0
1189 1 63 1
1190 1 63 1
1191 0 -64 0
1192 1 63 1
1193 0 -64 0
1194 0 -64 0
1195 0 -64 0
1196 0 -64 0
1197 0 -64 0
1198 0 -64 0
1199 0 -64 0
1200 1 37 1
1201 0 -64 0
1202 1 63 1
1203 1 63 1
1204 0 -64 0
1205 0 -64 0
1206 1 63 1
1207 0 -64 0
1208 0 -64 0
1209 0 -64 0
1210 1 63 1
1211 0 -64 0
1212 0 -64 0
1213 0 -61 0
1214 0 -64 0
1215 0 -64 0
1216 0 -64 0
1217 0 -64 0
1218 1 63 1
1219 1 63 1
1220 1 63 1
1221 1 63 1
1222 0 -64 0
1223 1 63 1
1224 1 63 1
1225 1 63 1
1226 1 63 1
1227 0 -64 0
1228 0 -64 0
1229 1 63 1
1230 0 -64 0
1231 0 -64 0
1232 1 63 1
1233 0 -64 0
1234 1 63 1
1235 0 -64 0
1236 0 -64 0
1237 1 63 1
1238 1 63 1
1239 1 63 1
1240 0 -64 0
1241 1 63 1
1242 0 -64 0
1243 1 63 1
1244 0 -64 0
1245 1 63 1
1246 1 63 1
1247 1 63 1
1248 1 63 1
1249 1 -64 0
1250 1 63 1
1251 0 -64 0
1252 0 -64 0
1253 0 -64 0
1254 0 -64 0
1255 1 63 1
1256 0 -64 0
1257 1 63 1
1258 1 -64 0
1259 0 -64 0
1260 0 -64 0
1261 1 63 1
1262 1 63 1
1263 0 -64 0
1264 0 -64 0
1265 1 63 1
1266 0 -64 0
1267 1 48 1
1268 0 -64 0
1269 0 -64 0
1270 0 -64 0
1271 0 -64 0
1272 0 -64 0
1273 0 -64 0
1274 1 63 1
1275 1 63 1
1276 1 63 1
1277 1 63 1
1278 0 -64 0
1279 1 63 1
1280 1 63 1
1281 0 -64 0
1282 1 63 1
1283 0 -64 0
1284 1 63 1
1285 0 -64 0
1286 1 63 1
1287 0 -64 0
1288 1 63 1
1289 1 63 1
1290 0 -64 0
1291 0 -64 0
1292 1 63 1
1293 0 -64 0
1294 0 -64 0
1295 1 63 1
1296 0 -64 0
1297 0 -64 0
1298 1 63 1
1299 0 -64 0
1300 1 63 1
1301 1 63 1
1302 1 63 1
1303 1 51 1
1304 1 63 1
1305 1 63 1
1306 0 -64 0
1307 1 63 1
1308 1 63 1
1309 1 63 1
1310 0 -64 0
1311 1 63 1
1312 1 63 1
1313 0 -64 0
1314 0 -64 0
1315 0 -64 0
1316 0 -64 0
1317 0 -64 0
1318 0 -64 0
1319 0 -64 0
1320 0 -64 0
1321 1 63 1
1322 0 -64 0
1323 0 -64 0
1324 0 -55 0
1325 1 63 1
1326 1 -64 0
1327 1 63 1
1328 1 63 1
1329 1 63 1
1330 0 -64 0
1331 1 63 1
1332 1 63 1
1333 0 -64 0
1334 0 -64 0
1335 1 -43 0
1336 1 63 1
1337 1 63 1
1338 0 -64 0
1339 1 63 1
1340 0 -64 0
1341 1 63 1
1342 1 63 1
1343 0 -64 0
1344 0 -64 0
1345 1 63 1
1346 1 63 1
1347 1 -64 0
1348 0 -64 0
1349 1 63 1
1350 0 -64 0
1351 0 -64 0
1352 0 -64 0
1353 1 63 1
1354 0 -64 0
1355 1 63 1
1356 1 63 1
1357 1 61 1
1358 1 63 1
1359 1 63 1
1360 1 63 1
1361 0 -64 0
1362 1 63 1
1363 1 63 1
1364 0 -64 0
1365 0 -64 0
1366 1 63 1
1367 0 -64 0
1368 1 61 1
1369 0 -64 0
1370 1 63 1
1371 0 -64 0
1372 0 -64 0
1373 0 -64 0
1374 1 63 1
1375 1 40 1
1376 1 63 1
1377 0 -64 0
1378 1 63 1
1379 0 -64 0
1380 1 63 1
1381 0 -64 0
1382 0 -64 0
1383 1 63 1
1384 0 -64 0
1385 1 63 1
1386 0 -64 0
1387 1 63 1
1388 1 63 1
1389 1 63 1
1390 0 -64 0
1391 0 -64 0
1392 1 63 1
1393 0 -64 0
1394 0 -64 0
1395 0 -64 0
1396 1 50 1
1397 0 -64 0
1398 1 63 1
1399 1 63 1
1400 0 -64 0
1401 1 63 1
1402 1 63 1
1403 1 63 1
1404 0 -64 0
1405 0 -64 0
1406 0 -64 0
1407 0 -64 0
1408 0 -64 0
1409 1 63 1
1410 1 63 1
1411 1 63 1
1412 0 -64 0
1413 0 -64 0
1414 1 35 1
1415 0 -64 0
1416 1 63 1
1417 0 -64 0
1418 1 63 1
1419 1 63 1
1420 1 63 1
1421 1 63 1
1422 1 38 1
1423 0 -64 0
1424 1 63 1
1425 1 63 1
1426 1 63 1
1427 1 63 1
1428 0 -64 0
1429 1 63 1
1430 1 63 1
1431 1 63 1
1432 0 -64 0
1433 0 -64 0
1434 0 -64 0
1435 0 -64 0
1436 1 63 1
1437 1 63 1
1438 1 63 1
1439 1 63 1
1440 0 -64 0
1441 0 -64 0
1442 1 63 1
1443 1 63 1
1444 1 63 1
1445 1 63 1
1446 0 -64 0
1447 1 63 1
1448 0 -64 0
1449 0 -64 0
1450 1 63 1
1451 1 63 1
1452 1 63 1
1453 1 63 1
1454 0 -64 0
1455 0 -64 0
1456 0 -64 0
1457 1 63 1
1458 1 39 1
1459 0 -64 0
1460 0 -64 0
1461 0 -64 0
1462 1 63 1
1463 1 63 1
1464 0 -64 0
1465 0 -64 0
1466 0 -64 0
1467 1 63 1
1468 0 -64 0
1469 1 63 1
1470 1 63 1
1471 0 -64 0
1472 1 63 1
1473 1 63 1
1474 0 -64 0
1475 1 63 1
1476 0 -64 0
1477 1 63 1
1478 0 -49 0
1479 1 61 1
1480 1 63 1
1481 0 -64 0
1482 0 -64 0
1483 0 -64 0
1484 0 -64 0
1485 1 63 1
1486 1 63 1
1487 0 -64 0
1488 0 -64 0
1489 1 63 1
1490 1 61 1
1491 1 63 1
1492 0 -64 0
1493 0 -64 0
1494 1 63 1
1495 0 -64 0
1496 1 63 1
1497 1 63 1
1498 0 -64 0
1499 1 63 1
1500 1 63 1
1501 0 -64 0
1502 0 -64 0
1503 0 -64 0
1504 1 63 1
1505 0 -64 0
1506 1 63 1
1507 0 -64 0
1508 1 63 1
1509 1 63 1
1510 0 -64 0
1511 1 63 1
1512 1 63 1
1513 0 -64 0
1514 0 -64 0
1515 0 -64 0
1516 0 -64 0
1517 1 63 1
1518 1 63 1
1519 1 63 1
1520 0 -64 0
1521 1 63 1
1522 0 -64 0
1523 1 63 1
1524 1 63 1
1525 1 63 1
1526 1 63 1
1527 1 63 1
1528 1 63 1
1529 1 63 1
1530 0 47 1
1531 0 -33 0
1532 1 63 1
1533 1 63 1
1534 0 -64 0
1535 0 -64 0
1536 1 63 1
1537 0 -64 0
1538 1 63 1
1539 0 -64 0
1540 1 63 1
1541 1 63 1
1542 1 63 1
1543 0 -64 0
1544 1 63 1
1545 1 63 1
1546 1 63 1
1547 0 -64 0
1548 0 -64 0
1549 0 -64 0
1550 0 -64 0
1551 0 -39 0
1552 0 -64 0
1553 0 -64 0
1554 1 63 1
1555 0 -64 0
1556 1 63 1
1557 0 -64 0
1558 1 63 1
1559 1 63 1
1560 1 63 1
1561 0 -64 0
1562 0 -64 0
1563 1 63 1
1564 0 -64 0
1565 0 -64 0
1566 0 -64 0
1567 1 63 1
1568 1 63 1
1569 0 -46 0
1570 0 -64 0
1571 1 63 1
1572 1 63 1
1573 0 -64 0
1574 1 63 1
1575 0 -64 0
1576 0 -64 0
1577 1 46 1
1578 0 -64 0
1579 1 63 1
1580 0 -64 0
1581 0 -64 0
1582 1 63 1
1583 0 -64 0
1584 0 -64 0
1585 0 -64 0
1586 0 -64 0
1587 0 -64 0
1588 0 -64 0
1589 0 -64 0
1590 0 -64 0
1591 0 -64 0
1592 0 -64 0
1593 1 63 1
1594 1 63 1
1595 0 -64 0
1596 0 -64 0
1597 0 -64 0
1598 1 63 1
1599 0 -64 0
1600 0 -39 0
1601 1 63 1
1602 1 63 1
1603 1 63 1
1604 1 63 1
1605 1 63 1
1606 1 63 1
1607 0 -64 0
1608 0 -64 0
1609 0 63 1
1610 1 63 1
1611 1 63 1
1612 1 63 1
1613 0 -46 0
1614 0 -64 0
1615 1 63 1
1616 0 -64 0
1617 1 59 1
1618 0 -64 0
1619 1 63 1
1620 0 -64 0
1621 1 63 1
1622 0 -64 0
1623 0 -64 0
1624 1 63 1
1625 0 -64 0
1626 0 -64 0
1627 1 63 1
1628 0 -64 0
1629 1 63 1
1630 0 -64 0
1631 0 -64 0
1632 0 -64 0
1633 1 63 1
1634 0 -64 0
1635 1 63 1
1636 1 63 1
1637 0 -64 0
1638 0 -64 0
1639 0 -64 0
1640 1 -64 0
1641 0 -64 0
1642 1 63 1
1643 1 63 1
1644 0 -64 0
1645 0 -64 0
1646 0 -64 0
1647 0 -64 0
1648 0 -64 0
1649 0 -64 0
1650 1 63 1
1651 1 63 1
1652 1 63 1
1653 1 63 1
1654 0 -64 0
1655 1 63 1
1656 0 -64 0
1657 1 63 1
1658 0 -64 0
1659 1 63 1
1660 0 -64 0
1661 0 -64 0
1662 1 63 1
1663 0 -64 0
1664 1 63 1
1665 0 -64 0
1666 1 63 1
1667 0 -55 0
1668 1 63 1
1669 0 -64 0
1670 0 -64 0
1671 0 -64 0
1672 0 -64 0
1673 1 63 1
1674 1 63 1
1675 1 63 1
1676 1 63 1
1677 0 -64 0
1678 1 63 1
1679 1 63 1
1680 0 -64 0
1681 0 -64 0
1682 1 63 1
1683 0 -64 0
1684 1 63 1
1685 0 -64 0
1686 0 -64 0
1687 1 63 1
1688 1 63 1
1689 1 63 1
1690 0 -64 0
1691 1 63 1
1692 0 -64 0
1693 1 63 1
1694 0 -64 0
1695 1 63 1
1696 0 -64 0
1697 0 -64 0
1698 0 -64 0
1699 0 -64 0
1700 0 -64 0
1701 1 63 1
1702 0 -64 0
1703 1 55 1
1704 1 63 1
1705 0 -64 0
1706 0 -64 0
1707 1 63 1
1708 0 -64 0
1709 1 63 1
1710 0 -64 0
1711 1 63 1
1712 1 63 1
1713 0 -64 0
1714 1 63 1
1715 1 63 1
1716 0 -64 0
1717 0 -64 0
1718 1 63 1
1719 1 63 1
1720 0 -64 0
1721 0 -64 0
1722 0 -64 0
1723 1 63 1
1724 1 63 1
1725 0 -64 0
1726 1 63 1
1727 1 63 1
1728 1 63 1
1729 1 63 1
1730 0 -64 0
1731 1 63 1
1732 1 63 1
1733 0 -64 0
1734 1 63 1
1735 1 63 1
1736 1 63 1
1737 0 -64 0
1738 0 -64 0
1739 1 63 1
1740 0 -64 0
1741 0 -64 0
1742 0 -64 0
1743 0 -64 0
1744 1 63 1
1745 1 63 1
1746 1 63 1
1747 0 -64 0
1748 0 -64 0
1749 0 -64 0
1750 1 63 1
1751 1 63 1
1752 0 37 1
1753 1 63 1
1754 1 63 1
1755 0 -52 0
1756 0 -64 0
1757 0 -64 0
1758 1 63 1
1759 1 63 1
1760 0 -64 0
1761 1 63 1
1762 1 63 1
1763 0 -64 0
1764 0 -64 0
1765 0 -64 0
1766 0 -64 0
1767 0 -64 0
1768 1 -32 0
1769 1 63 1
1770 1 63 1
1771 1 63 1
1772 1 63 1
1773 0 -64 0
1774 1 63 1
1775 0 -64 0
1776 0 -64 0
1777 1 63 1
1778 0 -64 0
1779 1 63 1
1780 0 -64 0
1781 1 63 1
1782 0 -64 0
1783 0 -64 0
1784 1 63 1
1785 0 -64 0
1786 0 -64 0
1787 0 -64 0
1788 0 -64 0
1789 1 63 1
1790 1 63 1
1791 1 63 1
1792 1 63 1
1793 0 -64 0
1794 1 63 1
1795 0 -64 0
1796 1 60 1
1797 0 -64 0
1798 0 -64 0
1799 0 -64 0
1800 1 63 1
1801 0 -64 0
1802 0 -64 0
1803 0 -64 0
1804 1 63 1
1805 1 63 1
1806 0 -64 0
1807 0 -64 0
1808 1 63 1
1809 0 -64 0
1810 1 63 1
1811 1 63 1
1812 0 -64 0
1813 0 -64 0
1814 0 -47 0
1815 0 -64 0
1816 1 63 1
1817 0 -64 0
1818 1 63 1
1819 0 -64 0
1820 0 -64 0
1821 0 -64 0
1822 0 -44 0
1823 1 63 1
1824 0 -64 0
1825 1 63 1
1826 0 -64 0
1827 1 63 1
1828 1 63 1
1829 0 -64 0
1830 0 -64 0
1831 1 63 1
1832 1 63 1
1833 1 63 1
1834 1 63 1
1835 0 -64 0
1836 1 -64 0
1837 0 -64 0
1838 0 -64 0
1839 0 -64 0
1840 0 -64 0
1841 0 -64 0
1842 0 -64 0
1843 1 63 1
1844 0 -64 0
1845 0 -43 0
1846 1 63 1
1847 1 63 1
1848 0 -64 0
1849 1 63 1
1850 0 -64 0
1851 0 -64 0
1852 0 -64 0
1853 0 -64 0
1854 0 -64 0
1855 0 -64 0
1856 1 63 1
1857 1 63 1
1858 0 -53 0
1859 1 63 1
1860 0 -64 0
1861 1 63 1
1862 0 -64 0
1863 0 -64 0
1864 1 63 1
1865 1 63 1
1866 1 63 1
1867 0 -64 0
1868 1 63 1
1869 1 63 1
1870 1 63 1
1871 0 -64 0
1872 0 -64 0
1873 1 63 1
1874 0 -64 0
1875 1 63 1
1876 0 -64 0
1877 0 -64 0
1878 0 -64 0
1879 1 63 1
1880 1 63 1
1881 1 63 1
1882 1 63 1
1883 1 63 1
1884 1 63 1
1885 0 -64 0
1886 1 63 1
1887 1 63 1
1888 1 63 1
1889 0 -64 0
1890 0 -64 0
1891 0 -64 0
1892 0 -64 0
1893 0 -64 0
1894 0 -64 0
1895 0 -64 0
1896 0 -64 0
1897 0 -64 0
1898 0 -64 0
1899 1 63 1
1900 0 -64 0
1901 0 -64 0
1902 1 63 1
1903 1 63 1
1904 1 63 1
1905 1 63 1
1906 0 -64 0
1907 0 -64 0
1908 0 -64 0
1909 1 63 1
1910 1 63 1
1911 1 63 1
1912 0 -64 0
1913 0 -64 0
1914 0 -64 0
1915 0 -64 0
1916 0 -64 0
1917 0 -64 0
1918 1 63 1
1919 1 63 1
1920 0 -64 0
1921 1 63 1
1922 0 -64 0
1923 0 -64 0
1924 0 -64 0
1925 1 63 1
1926 0 -64 0
1927 0 -64 0
1928 0 -64 0
1929 1 63 1
1930 1 63 1
1931 0 -64 0
1932 1 63 1
1933 0 -64 0
1934 0 -64 0
1935 0 -64 0
1936 1 63 1
1937 0 -64 0
1938 1 63 1
1939 1 63 1
1940 0 -64 0
1941 0 -64 0
1942 1 63 1
1943 0 -64 0
1944 1 63 1
1945 0 -64 0
1946 1 63 1
1947 0 -64 0
1948 0 -64 0
1949 1 63 1
1950 0 -64 0
1951 0 25 1
1952 0 -64 0
1953 1 63 1
1954 1 63 1
1955 1 63 1
1956 1 63 1
1957 0 -64 0
1958 0 -64 0
1959 1 63 1
1960 0 -64 0
1961 1 63 1
1962 1 63 1
1963 1 63 1
1964 0 -64 0
1965 0 -64 0
1966 1 63 1
1967 0 -64 0
1968 0 -64 0
1969 0 -41 0
1970 0 -64 0
1971 0 -64 0
1972 1 63 1
1973 0 -64 0
1974 0 -64 0
1975 0 -64 0
1976 1 63 1
1977 1 58 1
1978 1 63 1
1979 0 -64 0
1980 1 63 1
1981 1 63 1
1982 1 63 1
1983 1 63 1
1984 1 63 1
1985 0 -64 0
1986 0 -64 0
1987 0 -64 0
1988 0 -64 0
1989 1 63 1
1990 1 63 1
1991 1 63 1
1992 1 63 1
1993 0 -64 0
1994 0 -64 0
1995 0 -64 0
1996 0 -64 0
1997 1 63 1
1998 1 63 1
1999 0 -64 0
2000 1 40 1
2001 0 -64 0
2002 1 63 1
2003 0 -64 0
2004 0 -64 0
2005 1 63 1
2006 0 -64 0
2007 1 63 1
2008 0 -64 0
2009 1 -64 0
2010 0 -64 0
2011 0 -64 0
2012 1 63 1
2013 1 56 1
2014 1 63 1
2015 0 -64 0
2016 1 63 1
2017 1 63 1
2018 0 -64 0
2019 1 63 1
2020 0 -64 0
2021 0 -64 0
2022 0 -64 0
2023 1 63 1
2024 1 63 1
2025 0 -64 0
2026 1 63 1
2027 1 63 1
2028 0 -64 0
2029 0 -64 0
2030 0 -64 0
2031 0 -64 0
2032 1 63 1
2033 1 63 1
2034 1 63 1
2035 0 -64 0
2036 0 -64 0
2037 0 -64 0
2038 0 -64 0
2039 1 63 1
2040 0 59 1
2041 0 -64 0
2042 0 -64 0
2043 1 63 1
2044 0 -64 0
2045 1 63 1
2046 1 63 1
2047 1 63 1
2048 1 63 1
2049 0 -64 0
2050 1 63 1
2051 1 63 1
2052 0 -64 0
2053 0 -64 0
2054 0 -64 0
2055 1 63 1
2056 1 63 1
2057 0 -64 0
2058 1 63 1
2059 1 63 1
2060 1 63 1
2061 1 63 1
2062 0 -64 0
2063 0 -64 0
2064 0 62 1
2065 0 -64 0
2066 0 -64 0
2067 1 52 1
2068 1 63 1
2069 0 -64 0
2070 0 -64 0
2071 0 -64 0
2072 0 -64 0
2073 0 -64 0
2074 0 -64 0
2075 1 63 1
2076 0 -64 0
2077 0 -64 0
2078 1 63 1
2079 0 -64 0
2080 0 -64 0
2081 1 63 1
2082 0 -64 0
2083 1 63 1
2084 0 -64 0
2085 0 -64 0
2086 0 -64 0
2087 1 63 1
2088 0 -64 0
2089 0 -64 0
2090 0 -64 0
2091 1 63 1
2092 1 63 1
2093 1 63 1
2094 0 -64 0
2095 0 -64 0
2096 0 -64 0
2097 0 -64 0
2098 0 -64 0
2099 1 63 1
2100 0 -64 0
2101 1 63 1
2102 0 -64 0
2103 1 58 1
2104 1 63 1
2105 0 -64 0
2106 0 -60 0
2107 0 -64 0
2108 1 63 1
2109 0 -64 0
2110 1 63 1
2111 1 63 1
2112 1 63 1
2113 1 63 1
2114 1 63 1
2115 1 63 1
2116 1 63 1
2117 1 63 1
2118 1 63 1
2119 1 63 1
2120 0 -64 0
2121 1 63 1
2122 1 63 1
2123 0 -64 0
2124 1 54 1
2125 0 -64 0
2126 0 -64 0
2127 0 -64 0
2128 1 63 1
2129 1 63 1
2130 0 -64 0
2131 0 -64 0
2132 1 63 1
2133 1 63 1
2134 1 63 1
2135 1 63 1
2136 0 -64 0
2137 1 63 1
2138 1 63 1
2139 1 63 1
2140 1 63 1
2141 1 63 1
2142 0 -64 0
2143 0 -64 0
2144 1 48 1
2145 1 63 1
2146 1 63 1
2147 1 63 1
2148 1 63 1
2149 0 -64 0
2150 1 63 1
2151 1 63 1
2152 0 -64 0
2153 0 -64 0
2154 0 -64 0
2155 0 -53 0
2156 1 63 1
2157 1 63 1
2158 1 63 1
2159 0 -64 0
2160 1 63 1
2161 1 63 1
2162 1 63 1
2163 0 -64 0
2164 1 63 1
2165 1 63 1
2166 1 63 1
2167 1 63 1
2168 0 -64 0
2169 0 -64 0
2170 1 63 1
2171 0 -64 0
2172 0 -64 0
2173 1 63 1
2174 1 63 1
2175 1 63 1
2176 0 -64 0
2177 0 -64 0
2178 1 63 1
2179 0 -64 0
2180 1 63 1
2181 1 63 1
2182 0 -64 0
2183 1 63 1
2184 1 63 1
2185 1 63 1
2186 1 63 1
2187 1 63 1
2188 1 54 1
2189 1 63 1
2190 0 -64 0
2191 0 -64 0
2192 0 -64 0
2193 1 63 1
2194 1 63 1
2195 1 63 1
2196 1 36 1
2197 1 63 1
2198 1 63 1
2199 1 63 1
2200 0 -64 0
2201 1 63 1
2202 0 -64 0
2203 1 63 1
2204 1 63 1
2205 1 63 1
2206 0 -64 0
2207 0 -64 0
2208 1 63 1
2209 1 63 1
2210 0 -64 0
2211 0 -64 0
2212 1 63 1
2213 0 -64 0
2214 0 -64 0
2215 0 -64 0
2216 0 -64 0
2217 0 -64 0
2218 0 -64 0
2219 1 63 1
2220 1 63 1
2221 0 -64 0
2222 1 6 1
2223 1 63 1
2224 1 63 1
2225 1 63 1
2226 1 63 1
2227 1 63 1
2228 1 63 1
2229 1 63 1
2230 1 63 1
2231 1 63 1
2232 1 63 1
2233 0 -64 0
2234 0 -64 0
2235 0 63 1
2236 1 63 1
2237 1 63 1
2238 0 -64 0
2239 1 63 1
2240 0 -64 0
2241 1 63 1
2242 1 63 1
2243 1 63 1
2244 1 63 1
2245 0 11 1
2246 0 -64 0
2247 0 -64 0
2248 0 -64 0
2249 0 -64 0
2250 1 63 1
2251 1 63 1
2252 1 63 1
2253 1 63 1
2254 0 -64 0
2255 1 63 1
2256 1 63 1
2257 1 63 1
2258 1 37 1
2259 1 63 1
2260 0 -64 0
2261 0 -64 0
2262 1 -53 0
2263 1 63 1
2264 1 63 1
2265 1 63 1
2266 1 63 1
2267 1 63 1
2268 1 63 1
2269 1 63 1
2270 1 63 1
2271 0 -64 0
2272 1 63 1
2273 1 63 1
2274 0 -64 0
2275 1 63 1
2276 1 63 1
2277 0 -64 0
2278 0 -64 0
2279 0 -44 0
2280 0 -64 0
2281 1 63 1
2282 0 -64 0
2283 0 -64 0
2284 1 63 1
2285 1 63 1
2286 0 -64 0
2287 1 63 1
2288 1 63 1
2289 0 -64 0
2290 0 -64 0
2291 1 63 1
2292 0 -64 0
2293 0 -64 0
2294 0 -64 0
2295 1 63 1
2296 0 -64 0
2297 0 -64 0
2298 1 63 1
2299 0 -64 0
2300 0 -64 0
2301 0 -64 0
2302 0 -64 0
2303 1 63 1
2304 0 -64 0
2305 1 63 1
2306 1 63 1
2307 0 -64 0
2308 1 63 1
2309 1 63 1
2310 1 63 1
2311 1 63 1
2312 1 -18 0
2313 0 -64 0
2314 1 63 1
2315 1 63 1
2316 1 63 1
2317 0 -64 0
2318 0 -64 0
2319 0 -64 0
2320 0 -64 0
2321 0 -64 0
2322 0 -64 0
2323 0 -64 0
2324 1 63 1
2325 0 -64 0
2326 1 63 1
2327 0 -64 0
2328 1 63 1
2329 1 63 1
2330 0 -64 0
2331 1 63 1
2332 0 -64 0
2333 0 -64 0
2334 1 63 1
2335 0 -64 0
2336 0 -64 0
2337 1 63 1
2338 0 -64 0
2339 0 -64 0
2340 0 -64 0
2341 1 63 1
2342 0 -64 0
2343 1 63 1
2344 0 -64 0
2345 1 63 1
2346 1 63 1
2347 1 63 1
2348 1 63 1
2349 0 -64 0
2350 1 63 1
2351 0 24 1
2352 0 -64 0
2353 1 63 1
2354 1 63 1
2355 0 -64 0
2356 0 -64 0
2357 0 -64 0
2358 0 -64 0
2359 0 -64 0
2360 1 63 1
2361 0 -64 0
2362 1 63 1
2363 0 -64 0
2364 0 -64 0
2365 1 63 1
2366 0 -64 0
2367 0 -64 0
2368 1 63 1
2369 0 -61 0
2370 1 63 1
2371 1 63 1
2372 0 -64 0
2373 0 -64 0
2374 1 63 1
2375 1 -64 0
2376 1 63 1
2377 1 48 1
2378 0 -64 0
2379 1 63 1
2380 1 63 1
2381 1 63 1
2382 0 -64 0
2383 0 -64 0
2384 1 63 1
2385 1 63 1
2386 0 -64 0
2387 0 -64 0
2388 1 63 1
2389 1 63 1
2390 0 -64 0
2391 0 -64 0
2392 0 -64 0
2393 1 63 1
2394 1 63 1
2395 0 -64 0
2396 0 -64 0
2397 0 -64 0
2398 0 -64 0
2399 1 63 1
2400 0 -34 0
2401 0 -64 0
2402 0 -64 0
2403 0 -64 0
2404 1 63 1
2405 1 63 1
2406 1 63 1
2407 1 63 1
2408 0 -64 0
2409 1 63 1
2410 1 63 1
2411 1 63 1
2412 0 -64 0
2413 1 32 1
2414 0 -64 0
2415 1 63 1
2416 1 63 1
2417 0 -64 0
2418 0 -64 0
2419 0 -64 0
2420 1 63 1
2421 0 -64 0
2422 0 -64 0
2423 1 63 1
2424 1 63 1
2425 0 -64 0
2426 1 63 1
2427 0 -64 0
2428 0 -64 0
2429 1 63 1
2430 0 -64 0
2431 0 -64 0
2432 0 -64 0
2433 1 63 1
2434 0 -62 0
2435 0 -64 0
2436 1 -64 0
2437 0 -64 0
2438 1 63 1
2439 1 63 1
2440 1 63 1
2441 0 -57 0
2442 1 63 1
2443 0 -64 0
2444 0 -64 0
2445 1 63 1
2446 1 63 1
2447 1 63 1
2448 0 -64 0
2449 1 63 1
2450 1 63 1
2451 1 63 1
2452 1 63 1
2453 0 -64 0
2454 0 -64 0
2455 1 63 1
2456 0 -64 0
2457 0 -64 0
2458 1 63 1
2459 0 -64 0
2460 0 -64 0
2461 0 -64 0
2462 0 -64 0
2463 0 -64 0
2464 1 63 1
2465 1 63 1
2466 1 63 1
2467 0 -52 0
2468 0 -64 0
2469 1 63 1
2470 1 63 1
2471 0 -46 0
2472 0 -64 0
2473 0 -64 0
2474 1 63 1
2475 0 -64 0
2476 0 -64 0
2477 0 -64 0
2478 1 63 1
2479 1 63 1
2480 0 -64 0
2481 1 63 1
2482 0 -64 0
2483 1 63 1
2484 0 -64 0
2485 1 63 1
2486 1 63 1
2487 0 -64 0
2488 1 63 1
2489 1 63 1
2490 0 -64 0
2491 0 -64 0
2492 0 -64 0
2493 1 63 1
2494 0 -64 0
2495 1 63 1
2496 0 -64 0
2497 0 -64 0
2498 1 63 1
2499 1 63 1
2500 1 63 1
2501 1 63 1
2502 0 -64 0
2503 1 63 1
2504 0 -64 0
2505 0 -64 0
2506 1 63 1
2507 1 63 1
2508 0 -64 0
2509 0 -64 0
2510 1 63 1
2511 0 -64 0
2512 0 -64 0
2513 1 63 1
2514 1 63 1
2515 0 -64 0
2516 0 -64 0
2517 0 -64 0
2518 1 63 1
2519 0 -64 0
2520 1 63 1
2521 1 63 1
2522 1 63 1
2523 0 -64 0
2524 1 63 1
2525 1 63 1
2526 1 63 1
2527 0 -64 0
2528 1 63 1
2529 1 63 1
2530 0 -64 0
2531 0 -64 0
2532 1 63 1
2533 0 -64 0
2534 0 -64 0
2535 0 -64 0
2536 1 63 1
2537 0 -64 0
2538 0 -64 0
2539 1 63 1
2540 0 -64 0
2541 1 63 1
2542 1 63 1
2543 0 -64 0
2544 1 63 1
2545 1 63 1
2546 1 63 1
2547 0 -64 0
2548 0 -41 0
2549 0 -64 0
2550 1 63 1
2551 1 63 1
2552 0 -64 0
2553 1 63 1
2554 0 -64 0
2555 0 -44 0
2556 0 -64 0
2557 1 63 1
2558 1 63 1
2559 0 -64 0
2560 1 63 1
2561 1 63 1
2562 1 63 1
2563 1 63 1
2564 1 63 1
2565 1 63 1
2566 1 63 1
2567 1 63 1
2568 0 -64 0
2569 0 -64 0
2570 0 -64 0
2571 0 -64 0
2572 1 63 1
2573 0 -64 0
2574 1 63 1
2575 1 63 1
2576 1 63 1
2577 1 63 1
2578 0 -64 0
2579 0 -64 0
2580 0 -64 0
2581 0 -64 0
2582 1 63 1
2583 1 63 1
2584 0 -64 0
2585 1 63 1
2586 1 63 1
2587 1 63 1
2588 1 63 1
2589 1 63 1
2590 1 -64 0
2591 0 -64 0
2592 0 -64 0
2593 1 63 1
2594 1 63 1
2595 0 -64 0
2596 1 59 1
2597 0 -64 0
2598 0 -64 0
2599 0 -64 0
2600 1 63 1
2601 1 63 1
2602 0 -64 0
2603 0 -64 0
2604 0 -64 0
2605 1 63 1
2606 0 -64 0
2607 0 -64 0
2608 1 63 1
2609 1 63 1
2610 1 63 1
2611 0 -64 0
2612 1 63 1
2613 1 63 1
2614 1 63 1
2615 0 -64 0
2616 0 -64 0
2617 0 -64 0
2618 1 63 1
2619 1 63 1
2620 1 63 1
2621 0 -64 0
2622 0 -41 0
2623 1 63 1
2624 1 63 1
2625 1 63 1
2626 0 -64 0
2627 0 -64 0
2628 0 -64 0
2629 0 -64 0
2630 0 -64 0
2631 0 -64 0
2632 1 63 1
2633 1 63 1
2634 1 63 1
2635 0 -64 0
2636 1 63 1
2637 1 63 1
2638 1 63 1
2639 0 -64 0
2640 0 -64 0
2641 1 63 1
2642 1 63 1
2643 1 63 1
2644 0 -64 0
2645 1 56 1
2646 1 63 1
2647 0 -64 0
2648 1 63 1
2649 1 63 1
2650 0 -64 0
2651 0 -64 0
2652 0 -64 0
2653 1 63 1
2654 1 63 1
2655 1 63 1
2656 0 -64 0
2657 0 -64 0
2658 0 -50 0
2659 0 -64 0
2660 1 63 1
2661 1 63 1
2662 0 -64 0
2663 0 -64 0
2664 0 -64 0
2665 0 -64 0
2666 1 63 1
2667 0 -64 0
2668 1 63 1
2669 1 63 1
2670 0 -64 0
2671 0 -64 0
2672 1 63 1
2673 1 63 1
2674 1 63 1
2675 0 -64 0
2676 1 63 1
2677 0 -64 0
2678 1 63 1
2679 0 -64 0
2680 0 -64 0
2681 0 -64 0
2682 0 -64 0
2683 0 -64 0
2684 1 63 1
2685 0 -64 0
2686 0 -64 0
2687 1 63 1
2688 1 63 1
2689 1 63 1
2690 0 -64 0
2691 0 -64 0
2692 1 63 1
2693 1 63 1
2694 1 63 1
2695 0 -64 0
2696 0 -64 0
2697 0 -64 0
2698 0 63 1
2699 1 63 1
2700 1 63 1
2701 0 -64 0
2702 0 -64 0
2703 0 -64 0
2704 1 63 1
2705 0 -64 0
2706 0 -64 0
2707 0 -64 0
2708 1 63 1
2709 0 -64 0
2710 1 63 1
2711 1 63 1
2712 0 -64 0
2713 0 -64 0
2714 0 -64 0
2715 1 63 1
2716 0 -64 0
2717 0 -64 0
2718 1 63 1
2719 0 -64 0
2720 0 -64 0
2721 0 -64 0
2722 0 -64 0
2723 1 57 1
2724 0 -64 0
2725 1 -64 0
2726 1 63 1
2727 1 63 1
2728 0 -64 0
2729 0 -64 0
2730 1 63 1
2731 1 63 1
2732 1 63 1
2733 0 -64 0
2734 0 -64 0
2735 1 63 1
2736 0 -64 0
2737 1 63 1
2738 1 63 1
2739 0 -64 0
2740 0 -64 0
2741 0 -64 0
2742 1 63 1
2743 1 63 1
2744 0 -64 0
2745 0 -64 0
2746 1 63 1
2747 0 -64 0
2748 0 -64 0
2749 0 -64 0
2750 0 -64 0
2751 1 39 1
2752 0 -64 0
2753 0 -64 0
2754 0 -64 0
2755 0 -64 0
2756 1 63 1
2757 0 -64 0
2758 1 63 1
2759 1 63 1
2760 1 63 1
2761 0 -64 0
2762 0 -64 0
2763 0 -64 0
2764 0 -64 0
2765 1 63 1
2766 0 -64 0
2767 1 63 1
2768 0 -64 0
2769 1 -25 0
2770 1 63 1
2771 1 63 1
2772 0 -64 0
2773 0 -64 0
2774 0 -64 0
2775 1 63 1
2776 0 -64 0
2777 1 63 1
2778 1 63 1
2779 1 63 1
2780 0 -64 0
2781 0 -64 0
2782 1 63 1
2783 1 63 1
2784 0 -64 0
2785 1 63 1
2786 0 63 1
2787 1 63 1
2788 1 63 1
2789 1 63 1
2790 1 63 1
2791 0 -64 0
2792 0 -64 0
2793 1 63 1
2794 0 -64 0
2795 1 63 1
2796 0 -64 0
2797 0 63 1
2798 1 63 1
2799 1 63 1
2800 1 40 1
2801 0 -64 0
2802 0 -64 0
2803 0 -64 0
2804 1 63 1
2805 0 -64 0
2806 0 -64 0
2807 1 63 1
2808 0 -64 0
2809 1 63 1
2810 1 63 1
2811 0 -64 0
2812 0 -64 0
2813 1 43 1
2814 0 -64 0
2815 1 63 1
2816 0 -64 0
2817 1 63 1
2818 0 -64 0
2819 1 63 1
2820 1 63 1
2821 0 -64 0
2822 1 63 1
2823 1 63 1
2824 1 63 1
2825 0 -64 0
2826 0 -64 0
2827 0 -64 0
2828 0 -64 0
2829 1 63 1
2830 1 63 1
2831 1 63 1
2832 1 63 1
2833 1 63 1
2834 1 63 1
2835 0 -64 0
2836 0 -64 0
2837 1 63 1
2838 0 -64 0
2839 1 63 1
2840 1 63 1
2841 0 -64 0
2842 0 -64 0
2843 0 -64 0
2844 0 -64 0
2845 0 -64 0
2846 1 63 1
2847 0 -64 0
2848 0 -64 0
2849 1 63 1
2850 0 -64 0
2851 1 63 1
2852 1 63 1
2853 1 63 1
2854 0 -64 0
2855 1 63 1
2856 1 63 1
2857 0 -64 0
2858 1 63 1
2859 1 63 1
2860 1 63 1
2861 0 -64 0
2862 0 -64 0
2863 1 63 1
2864 0 -64 0
2865 1 63 1
2866 1 63 1
2867 1 53 1
2868 1 63 1
2869 0 -64 0
2870 0 -64 0
2871 0 -64 0
2872 0 -64 0
2873 0 -64 0
2874 1 63 1
2875 1 63 1
2876 1 63 1
2877 1 63 1
2878 1 63 1
2879 0 -64 0
2880 1 63 1
2881 1 63 1
2882 1 63 1
2883 0 -64 0
2884 1 63 1
2885 0 -64 0
2886 0 -64 0
2887 0 -64 0
2888 0 -64 0
2889 0 -64 0
2890 0 -50 0
2891 1 63 1
2892 1 63 1
2893 0 -64 0
2894 1 63 1
2895 1 63 1
2896 0 -64 0
2897 0 -64 0
2898 0 -64 0
2899 1 63 1
2900 1 63 1
2901 0 -64 0
2902 1 63 1
2903 1 63 1
2904 0 -64 0
2905 1 63 1
2906 1 63 1
2907 0 -64 0
2908 1 63 1
2909 1 63 1
2910 0 -64 0
2911 0 -64 0
2912 1 63 1
2913 1 63 1
2914 0 -64 0
2915 1 63 1
2916 0 -64 0
2917 1 63 1
2918 1 63 1
2919 0 -64 0
2920 1 63 1
2921 0 -64 0
2922 1 63 1
2923 0 -64 0
2924 1 57 1
2925 0 -64 0
2926 0 -64 0
2927 1 63 1
2928 1 63 1
2929 0 -64 0
2930 0 -64 0
2931 1 63 1
2932 1 63 1
2933 1 63 1
2934 1 63 1
2935 0 -64 0
2936 1 63 1
2937 0 -64 0
2938 1 63 1
2939 0 -64 0
2940 1 63 1
2941 1 63 1
2942 0 -64 0
2943 1 63 1
2944 0 -64 0
2945 1 63 1
2946 1 63 1
2947 1 63 1
2948 1 63 1
2949 0 -64 0
2950 1 63 1
2951 1 63 1
2952 0 -64 0
2953 1 63 1
2954 1 63 1
2955 0 -64 0
2956 1 63 1
2957 1 63 1
2958 1 63 1
2959 1 63 1
2960 1 63 1
2961 1 63 1
2962 0 -64 0
2963 1 63 1
2964 0 -64 0
2965 1 63 1
2966 0 -64 0
2967 0 -64 0
2968 1 63 1
2969 0 -64 0
2970 1 63 1
2971 0 -64 0
2972 0 -64 0
2973 1 63 1
2974 0 -64 0
2975 0 -64 0
2976 0 -64 0
2977 0 -64 0
2978 0 -64 0
2979 0 -64 0
2980 0 -64 0
2981 1 63 1
2982 0 -64 0
2983 1 63 1
2984 0 -64 0
2985 0 -64 0
2986 0 -64 0
2987 0 -64 0
2988 0 -64 0
2989 0 -64 0
2990 0 -64 0
2991 0 -64 0
2992 1 63 1
2993 1 63 1
2994 1 63 1
2995 0 -64 0
2996 1 50 1
2997 0 -64 0
2998 1 63 1
2999 1 63 1
3000 0 -64 0
3001 0 -64 0
3002 1 63 1
3003 0 -64 0
3004 1 63 1
3005 0 -64 0
3006 1 63 1
3007 0 -64 0
3008 1 63 1
3009 1 -64 0
3010 0 -64 0
3011 0 -64 0
3012 0 -64 0
3013 0 -64 0
3014 0 -64 0
3015 1 63 1
3016 0 -64 0
3017 0 -64 0
3018 0 -64 0
3019 0 -64 0
3020 1 63 1
3021 0 -64 0
3022 0 24 1
3023 0 -64 0
3024 1 63 1
3025 1 63 1
3026 0 -64 0
3027 1 63 1
3028 0 -64 0
3029 1 63 1
3030 1 63 1
3031 0 -64 0
3032 0 -64 0
3033 1 63 1
3034 0 -64 0
3035 0 -64 0
3036 0 -64 0
3037 0 -64 0
3038 0 -64 0
3039 1 63 1
3040 0 -64 0
3041 1 63 1
3042 1 63 1
3043 0 -64 0
3044 0 -64 0
3045 0 -57 0
3046 1 63 1
3047 0 -64 0
3048 1 63 1
3049 1 63 1
3050 1 63 1
3051 0 -64 0
3052 1 63 1
3053 1 63 1
3054 1 63 1
3055 1 63 1
3056 0 -64 0
3057 1 63 1
3058 0 -49 0
3059 1 63 1
3060 1 63 1
3061 1 57 1
3062 1 63 1
3063 1 63 1
3064 0 -64 0
3065 0 -64 0
3066 0 -64 0
3067 0 -64 0
3068 0 -64 0
3069 0 -64 0
3070 0 -64 0
3071 0 -64 0
3072 1 63 1
3073 1 63 1
3074 1 63 1
3075 1 63 1
3076 1 63 1
3077 0 -64 0
3078 0 -64 0
3079 0 -64 0
3080 1 63 1
3081 0 -64 0
3082 0 -64 0
3083 0 -64 0
3084 1 63 1
3085 1 63 1
3086 1 63 1
3087 0 -64 0
3088 1 63 1
3089 0 -64 0
3090 1 63 1
3091 0 -64 0
3092 1 63 1
3093 0 -64 0
3094 0 -64 0
3095 1 63 1
3096 1 63 1
3097 0 -64 0
3098 1 63 1
3099 0 -47 0
3100 1 63 1
3101 0 -64 0
3102 1 63 1
3103 1 63 1
3104 1 63 1
3105 1 63 1
3106 1 63 1
3107 0 -64 0
3108 1 63 1
3109 1 63 1
3110 1 63 1
3111 1 63 1
3112 0 -41 0
3113 0 -64 0
3114 1 63 1
3115 1 63 1
3116 0 -64 0
3117 0 -64 0
3118 0 -64 0
3119 1 63 1
3120 1 63 1
3121 1 63 1
3122 1 63 1
3123 0 -64 0
3124 1 63 1
3125 1 63 1
3126 1 63 1
3127 0 -64 0
3128 0 -64 0
3129 1 63 1
3130 0 -64 0
3131 1 63 1
3132 0 -64 0
3133 1 63 1
3134 1 63 1
3135 1 63 1
3136 1 63 1
3137 1 63 1
3138 0 -64 0
3139 0 -64 0
3140 0 -64 0
3141 0 -64 0
3142 0 -64 0
3143 1 63 1
3144 1 63 1
3145 1 63 1
3146 1 63 1
3147 0 -64 0
3148 0 -64 0
3149 1 63 1
3150 1 63 1
3151 0 37 1
3152 0 -64 0
3153 1 63 1
3154 0 -64 0
3155 1 63 1
3156 1 63 1
3157 0 -64 0
3158 1 63 1
3159 0 -64 0
3160 0 -64 0
3161 1 63 1
3162 0 -64 0
3163 1 63 1
3164 1 63 1
3165 0 -64 0
3166 1 63 1
3167 1 63 1
3168 1 63 1
3169 0 18 1
3170 1 63 1
3171 0 -64 0
3172 1 63 1
3173 1 63 1
3174 0 -64 0
3175 1 63 1
3176 1 63 1
3177 1 63 1
3178 1 63 1
3179 0 -64 0
3180 0 -64 0
3181 1 63 1
3182 0 -64 0
3183 0 -64 0
3184 1 63 1
3185 1 63 1
3186 1 63 1
3187 1 63 1
3188 1 63 1
3189 0 -64 0
3190 1 63 1
3191 0 -64 0
3192 0 -64 0
3193 1 -64 0
3194 1 63 1
3195 0 -64 0
3196 0 -49 0
3197 0 24 1
3198 0 -64 0
3199 0 -64 0
