# idx_orig bit_orig post_llr_q hard
0 1 63 1
1 0 -64 0
2 0 -64 0
3 0 -64 0
4 1 63 1
5 0 -64 0
6 1 63 1
7 1 63 1
8 1 63 1
9 1 63 1
10 0 -64 0
11 0 -64 0
12 1 63 1
13 0 -64 0
14 0 -64 0
15 1 63 1
16 1 63 1
17 1 63 1
18 0 -64 0
19 0 -64 0
20 1 63 1
21 0 -64 0
22 0 -64 0
23 1 63 1
24 0 -64 0
25 0 -64 0
26 1 63 1
27 1 63 1
28 1 63 1
29 0 -64 0
30 0 -64 0
31 0 -64 0
32 0 -64 0
33 0 -64 0
34 1 63 1
35 0 -64 0
36 0 -64 0
37 1 63 1
38 0 -64 0
39 1 63 1
40 1 63 1
41 0 -64 0
42 1 63 1
43 0 -64 0
44 0 -64 0
45 1 63 1
46 0 -64 0
47 0 -64 0
48 0 -64 0
49 1 63 1
50 1 63 1
51 0 -64 0
52 0 -64 0
53 0 -64 0
54 1 63 1
55 1 63 1
56 0 -64 0
57 1 63 1
58 1 63 1
59 0 -64 0
60 0 -64 0
61 0 -64 0
62 1 63 1
63 0 -64 0
64 0 -64 0
65 0 -64 0
66 1 63 1
67 0 -64 0
68 1 63 1
69 0 -64 0
70 1 63 1
71 0 -64 0
72 0 -64 0
73 0 -64 0
74 1 63 1
75 1 63 1
76 0 -64 0
77 0 -64 0
78 1 63 1
79 1 63 1
80 1 63 1
81 0 -64 0
82 0 -64 0
83 1 63 1
84 1 63 1
85 0 -64 0
86 1 63 1
87 1 63 1
88 0 -64 0
89 1 63 1
90 0 -64 0
91 0 -64 0
92 0 -64 0
93 0 -64 0
94 0 -64 0
95 1 63 1
96 1 63 1
97 0 -64 0
98 0 -64 0
99 1 63 1
100 1 63 1
101 0 -64 0
102 0 -64 0
103 0 -64 0
104 1 63 1
105 1 63 1
106 1 63 1
107 0 -64 0
108 1 63 1
109 1 63 1
110 1 63 1
111 1 63 1
112 1 63 1
113 0 -64 0
114 1 63 1
115 1 63 1
116 0 -64 0
117 0 -64 0
118 0 -64 0
119 0 -64 0
120 1 63 1
121 0 -64 0
122 1 63 1
123 0 -64 0
124 1 63 1
125 1 63 1
126 0 -64 0
127 0 -64 0
128 1 63 1
129 1 63 1
130 1 63 1
131 1 63 1
132 0 -64 0
133 0 -64 0
134 1 63 1
135 0 -64 0
136 0 -64 0
137 0 -64 0
138 1 63 1
139 1 63 1
140 0 -64 0
141 1 63 1
142 0 -64 0
143 1 63 1
144 1 63 1
145 0 -64 0
146 0 -64 0
147 1 63 1
148 1 63 1
149 0 -64 0
150 0 -64 0
151 0 -64 0
152 1 63 1
153 0 -64 0
154 0 -64 0
155 1 63 1
156 1 63 1
157 0 -64 0
158 0 -64 0
159 0 -64 0
160 0 -64 0
161 0 -64 0
162 1 63 1
163 0 -64 0
164 0 -64 0
165 0 -64 0
166 0 -64 0
167 1 63 1
168 0 -64 0
169 0 -64 0
170 0 -64 0
171 1 63 1
172 1 63 1
173 0 -64 0
174 0 -64 0
175 1 63 1
176 0 -64 0
177 1 63 1
178 1 63 1
179 0 -64 0
180 1 63 1
181 0 -64 0
182 0 -64 0
183 0 -64 0
184 0 -64 0
185 1 63 1
186 0 -64 0
187 1 63 1
188 0 -64 0
189 0 -64 0
190 0 -64 0
191 0 -64 0
192 0 -64 0
193 1 63 1
194 1 63 1
195 0 -64 0
196 0 -64 0
197 1 63 1
198 1 63 1
199 0 -64 0
200 0 -64 0
201 0 -64 0
202 1 63 1
203 0 -64 0
204 1 63 1
205 1 63 1
206 1 63 1
207 0 -64 0
208 0 -64 0
209 0 -64 0
210 1 63 1
211 0 -64 0
212 0 -64 0
213 0 -64 0
214 0 -64 0
215 1 63 1
216 1 63 1
217 0 -64 0
218 0 -64 0
219 0 -64 0
220 1 63 1
221 1 63 1
222 1 63 1
223 0 -64 0
224 0 -64 0
225 0 -64 0
226 1 63 1
227 0 -64 0
228 0 -64 0
229 0 -64 0
230 1 63 1
231 0 -64 0
232 1 63 1
233 1 63 1
234 1 63 1
235 0 -64 0
236 1 63 1
237 1 63 1
238 0 -64 0
239 0 -64 0
240 0 -64 0
241 0 -64 0
242 1 63 1
243 1 63 1
244 1 63 1
245 1 63 1
246 0 -64 0
247 1 63 1
248 0 -64 0
249 0 -64 0
250 1 63 1
251 1 63 1
252 0 -64 0
253 0 -64 0
254 1 63 1
255 1 63 1
256 0 -64 0
257 1 63 1
258 0 -64 0
259 1 63 1
260 1 63 1
261 1 63 1
262 1 63 1
263 0 -64 0
264 0 -64 0
265 0 -64 0
266 1 63 1
267 0 -64 0
268 1 63 1
269 0 -64 0
270 1 63 1
271 0 -64 0
272 1 63 1
273 0 -64 0
274 0 -64 0
275 1 63 1
276 1 63 1
277 0 -64 0
278 0 -64 0
279 1 63 1
280 0 -64 0
281 0 -64 0
282 1 63 1
283 1 63 1
284 1 63 1
285 1 63 1
286 0 -64 0
287 0 -64 0
288 0 -64 0
289 1 63 1
290 0 -64 0
291 1 63 1
292 1 63 1
293 1 63 1
294 0 -64 0
295 0 -64 0
296 0 -64 0
297 0 -64 0
298 0 -64 0
299 0 -64 0
300 1 63 1
301 1 63 1
302 1 63 1
303 1 63 1
304 0 -64 0
305 1 63 1
306 0 -64 0
307 0 -64 0
308 0 -64 0
309 0 -64 0
310 0 -64 0
311 1 63 1
312 0 -64 0
313 0 -64 0
314 0 -64 0
315 1 63 1
316 0 -64 0
317 0 -64 0
318 0 -64 0
319 1 63 1
320 1 63 1
321 1 63 1
322 0 -64 0
323 0 -64 0
324 0 -64 0
325 0 -64 0
326 1 63 1
327 0 -64 0
328 0 -64 0
329 1 63 1
330 1 63 1
331 0 -64 0
332 1 63 1
333 0 -64 0
334 0 -64 0
335 0 -64 0
336 1 63 1
337 1 63 1
338 1 63 1
339 1 63 1
340 1 63 1
341 0 -64 0
342 0 -64 0
343 0 -64 0
344 1 63 1
345 1 63 1
346 0 -64 0
347 0 -64 0
348 0 -64 0
349 1 63 1
350 0 -64 0
351 1 63 1
352 1 63 1
353 1 63 1
354 1 63 1
355 1 63 1
356 0 -64 0
357 1 63 1
358 1 63 1
359 0 -64 0
360 1 63 1
361 0 -64 0
362 1 63 1
363 0 -64 0
364 0 -64 0
365 0 -64 0
366 0 -64 0
367 1 63 1
368 1 63 1
369 0 -64 0
370 0 -64 0
371 0 -64 0
372 0 -64 0
373 0 -64 0
374 0 -64 0
375 0 -64 0
376 0 -64 0
377 0 -64 0
378 1 63 1
379 0 -64 0
380 0 -64 0
381 1 63 1
382 1 63 1
383 0 -64 0
384 0 -64 0
385 1 63 1
386 0 -64 0
387 0 -64 0
388 1 63 1
389 1 63 1
390 1 63 1
391 0 -64 0
392 0 -64 0
393 0 -64 0
394 0 -64 0
395 0 -64 0
396 1 63 1
397 1 63 1
398 0 -64 0
399 0 -64 0
400 1 63 1
401 0 -64 0
402 0 -64 0
403 1 63 1
404 1 63 1
405 0 -64 0
406 1 63 1
407 1 63 1
408 1 63 1
409 0 -64 0
410 0 -64 0
411 1 63 1
412 1 63 1
413 0 -64 0
414 1 63 1
415 1 63 1
416 0 -64 0
417 0 -64 0
418 0 -64 0
419 1 63 1
420 1 63 1
421 1 63 1
422 1 63 1
423 1 63 1
424 0 -64 0
425 1 63 1
426 0 -64 0
427 0 -64 0
428 0 -64 0
429 0 -64 0
430 1 63 1
431 1 63 1
432 1 63 1
433 0 -64 0
434 1 63 1
435 1 63 1
436 0 -64 0
437 1 63 1
438 1 63 1
439 0 -64 0
440 1 63 1
441 1 63 1
442 0 -64 0
443 0 -64 0
444 0 -64 0
445 1 63 1
446 0 -64 0
447 0 -64 0
448 0 -64 0
449 1 63 1
450 0 -64 0
451 0 -64 0
452 0 -64 0
453 1 63 1
454 0 -64 0
455 1 63 1
456 1 63 1
457 0 -64 0
458 0 -64 0
459 1 63 1
460 1 63 1
461 1 63 1
462 0 -64 0
463 1 63 1
464 1 63 1
465 1 63 1
466 0 -64 0
467 1 63 1
468 1 63 1
469 0 -64 0
470 1 63 1
471 1 63 1
472 1 63 1
473 1 63 1
474 0 -64 0
475 0 -64 0
476 1 63 1
477 1 63 1
478 0 -64 0
479 0 -64 0
480 1 63 1
481 1 63 1
482 1 63 1
483 1 63 1
484 1 63 1
485 0 -64 0
486 0 -64 0
487 1 63 1
488 1 63 1
489 0 -64 0
490 1 63 1
491 0 -64 0
492 1 63 1
493 1 63 1
494 1 63 1
495 1 63 1
496 0 -64 0
497 1 63 1
498 0 -64 0
499 1 63 1
500 0 -64 0
501 0 -64 0
502 1 63 1
503 1 63 1
504 0 -64 0
505 0 -64 0
506 0 -64 0
507 0 -64 0
508 1 63 1
509 0 -64 0
510 0 -64 0
511 0 -64 0
512 1 63 1
513 0 -64 0
514 0 -64 0
515 0 -64 0
516 0 -64 0
517 1 63 1
518 1 63 1
519 0 -64 0
520 1 63 1
521 0 -64 0
522 0 -64 0
523 0 -64 0
524 1 63 1
525 1 63 1
526 0 -64 0
527 0 -64 0
528 1 63 1
529 0 -64 0
530 0 -64 0
531 1 63 1
532 0 -64 0
533 0 -64 0
534 1 63 1
535 1 63 1
536 0 -64 0
537 1 63 1
538 0 -64 0
539 0 -64 0
540 0 -64 0
541 0 -64 0
542 0 -64 0
543 1 63 1
544 0 -64 0
545 0 -64 0
546 1 63 1
547 1 63 1
548 0 -64 0
549 0 -64 0
550 0 -64 0
551 1 63 1
552 1 63 1
553 1 63 1
554 1 63 1
555 0 -64 0
556 1 63 1
557 1 63 1
558 0 -64 0
559 1 63 1
560 1 63 1
561 1 63 1
562 1 63 1
563 1 63 1
564 1 63 1
565 1 63 1
566 1 63 1
567 0 -64 0
568 1 63 1
569 0 -64 0
570 1 63 1
571 1 63 1
572 1 63 1
573 0 -64 0
574 0 -64 0
575 0 -64 0
576 1 63 1
577 0 -64 0
578 1 63 1
579 0 -64 0
580 0 -64 0
581 0 -64 0
582 1 63 1
583 0 -64 0
584 0 -64 0
585 0 -64 0
586 0 -64 0
587 1 63 1
588 1 63 1
589 1 63 1
590 1 63 1
591 0 -64 0
592 0 -64 0
593 0 -64 0
594 0 -64 0
595 1 63 1
596 1 63 1
597 0 -64 0
598 0 -64 0
599 1 63 1
600 1 63 1
601 1 63 1
602 0 -64 0
603 1 63 1
604 1 63 1
605 0 -64 0
606 1 63 1
607 0 -64 0
608 0 -64 0
609 1 63 1
610 0 -64 0
611 0 -64 0
612 0 -64 0
613 0 -64 0
614 1 63 1
615 0 -64 0
616 1 63 1
617 0 -64 0
618 1 63 1
619 0 -64 0
620 1 63 1
621 0 -64 0
622 0 -64 0
623 1 63 1
624 1 63 1
625 0 -64 0
626 0 -64 0
627 0 -64 0
628 1 63 1
629 0 -64 0
630 1 63 1
631 0 -64 0
632 1 63 1
633 1 63 1
634 1 63 1
635 0 -64 0
636 0 -64 0
637 1 63 1
638 0 -64 0
639 0 -64 0
640 0 -64 0
641 1 63 1
642 1 63 1
643 1 63 1
644 1 63 1
645 0 -64 0
646 1 63 1
647 1 63 1
648 1 63 1
649 1 63 1
650 0 -64 0
651 1 63 1
652 1 63 1
653 1 63 1
654 0 -64 0
655 0 -64 0
656 0 -64 0
657 0 -64 0
658 0 -64 0
659 0 -64 0
660 0 -64 0
661 1 63 1
662 1 63 1
663 1 63 1
664 1 63 1
665 0 -64 0
666 0 -64 0
667 1 63 1
668 0 -64 0
669 1 63 1
670 0 -64 0
671 1 63 1
672 1 63 1
673 0 -64 0
674 1 63 1
675 1 63 1
676 1 63 1
677 0 -64 0
678 0 -64 0
679 0 -64 0
680 1 63 1
681 1 63 1
682 1 63 1
683 1 63 1
684 0 -64 0
685 0 -64 0
686 1 63 1
687 1 63 1
688 1 63 1
689 1 63 1
690 1 63 1
691 1 63 1
692 1 63 1
693 1 63 1
694 1 63 1
695 1 63 1
696 0 -64 0
697 0 -64 0
698 0 -64 0
699 1 63 1
700 1 63 1
701 0 -64 0
702 0 -64 0
703 1 63 1
704 0 -64 0
705 0 -64 0
706 0 -64 0
707 0 -64 0
708 1 63 1
709 1 63 1
710 1 63 1
711 1 63 1
712 0 -64 0
713 1 63 1
714 0 -64 0
715 1 63 1
716 1 63 1
717 0 -64 0
718 1 63 1
719 0 -64 0
720 1 63 1
721 1 63 1
722 1 63 1
723 0 -64 0
724 0 -64 0
725 0 -64 0
726 0 -64 0
727 0 -64 0
728 1 63 1
729 0 -64 0
730 1 63 1
731 0 -64 0
732 1 63 1
733 0 -64 0
734 1 63 1
735 1 63 1
736 1 63 1
737 1 63 1
738 1 63 1
739 0 -64 0
740 0 -64 0
741 1 63 1
742 1 63 1
743 0 -64 0
744 0 -64 0
745 0 -64 0
746 0 -64 0
747 0 -64 0
748 1 63 1
749 1 63 1
750 1 63 1
751 0 -64 0
752 0 -64 0
753 0 -64 0
754 0 -64 0
755 0 -64 0
756 0 -64 0
757 1 63 1
758 1 63 1
759 0 -64 0
760 1 63 1
761 1 63 1
762 1 63 1
763 1 63 1
764 1 58 1
765 1 63 1
766 1 49 1
767 0 -51 0
768 0 -36 0
769 0 -45 0
770 1 63 1
771 0 -64 0
772 0 -63 0
773 1 63 1
774 0 -64 0
775 1 63 1
776 1 63 1
777 0 -64 0
778 1 63 1
779 1 63 1
780 0 -64 0
781 0 -64 0
782 0 -64 0
783 0 -64 0
784 0 -64 0
785 0 -64 0
786 0 -64 0
787 1 63 1
788 0 -64 0
789 1 63 1
790 0 -64 0
791 0 -64 0
792 0 -64 0
793 0 -64 0
794 1 63 1
795 0 -64 0
796 1 63 1
797 1 63 1
798 1 63 1
799 1 63 1
800 0 -64 0
801 1 63 1
802 1 63 1
803 1 63 1
804 0 -64 0
805 0 -64 0
806 1 63 1
807 0 -64 0
808 1 63 1
809 1 63 1
810 0 -64 0
811 0 -64 0
812 0 -64 0
813 0 -64 0
814 1 63 1
815 0 -64 0
816 1 63 1
817 1 63 1
818 0 -64 0
819 1 63 1
820 0 -64 0
821 1 63 1
822 0 -64 0
823 0 -64 0
824 0 -64 0
825 1 63 1
826 0 -64 0
827 0 -64 0
828 0 -64 0
829 1 63 1
830 1 63 1
831 1 63 1
832 1 63 1
833 0 -64 0
834 1 63 1
835 0 -64 0
836 1 63 1
837 1 63 1
838 0 -64 0
839 1 63 1
840 0 -64 0
841 0 -64 0
842 0 -64 0
843 1 63 1
844 0 -64 0
845 1 63 1
846 0 -64 0
847 0 -64 0
848 0 -64 0
849 0 -64 0
850 1 63 1
851 0 -64 0
852 1 63 1
853 0 -64 0
854 1 63 1
855 0 -64 0
856 0 -64 0
857 0 -64 0
858 0 -64 0
859 0 -64 0
860 1 63 1
861 0 -64 0
862 0 -64 0
863 0 -64 0
864 1 63 1
865 1 63 1
866 1 63 1
867 0 -64 0
868 0 -64 0
869 1 63 1
870 0 -64 0
871 0 -64 0
872 0 -64 0
873 0 -64 0
874 0 -64 0
875 0 -64 0
876 0 -64 0
877 1 63 1
878 0 -64 0
879 1 63 1
880 0 -64 0
881 0 -64 0
882 0 -64 0
883 0 -64 0
884 0 -64 0
885 0 -64 0
886 0 -64 0
887 0 -64 0
888 0 -64 0
889 0 -64 0
890 1 63 1
891 0 -64 0
892 0 -64 0
893 1 63 1
894 0 -64 0
895 1 63 1
896 0 -64 0
897 0 -64 0
898 1 63 1
899 1 63 1
900 1 63 1
901 0 -64 0
902 0 -64 0
903 1 63 1
904 0 -64 0
905 1 63 1
906 0 -64 0
907 1 63 1
908 1 63 1
909 0 -64 0
910 0 -64 0
911 1 63 1
912 1 63 1
913 1 63 1
914 1 63 1
915 0 -64 0
916 1 63 1
917 1 63 1
918 0 -64 0
919 1 63 1
920 1 63 1
921 1 63 1
922 1 63 1
923 0 -64 0
924 0 -64 0
925 1 63 1
926 0 -64 0
927 1 63 1
928 0 -64 0
929 0 -64 0
930 1 63 1
931 1 63 1
932 1 63 1
933 1 63 1
934 0 -64 0
935 0 -64 0
936 0 -64 0
937 0 -64 0
938 0 -64 0
939 0 -64 0
940 0 -64 0
941 1 63 1
942 0 -64 0
943 1 63 1
944 1 63 1
945 0 -64 0
946 1 63 1
947 1 63 1
948 1 63 1
949 1 63 1
950 0 -64 0
951 0 -64 0
952 0 -64 0
953 1 63 1
954 0 -64 0
955 0 -64 0
956 0 -64 0
957 1 63 1
958 0 -64 0
959 1 63 1
960 0 -64 0
961 0 -64 0
962 1 63 1
963 0 -64 0
964 0 -64 0
965 1 63 1
966 0 -64 0
967 1 63 1
968 0 -64 0
969 1 63 1
970 1 63 1
971 1 63 1
972 1 63 1
973 0 -64 0
974 1 63 1
975 1 63 1
976 1 63 1
977 0 -64 0
978 0 -64 0
979 1 63 1
980 0 -64 0
981 1 63 1
982 1 63 1
983 0 -64 0
984 1 63 1
985 0 -64 0
986 1 63 1
987 0 -64 0
988 1 63 1
989 1 63 1
990 1 63 1
991 0 -64 0
992 1 63 1
993 1 63 1
994 0 -64 0
995 1 63 1
996 0 -64 0
997 1 63 1
998 1 63 1
999 0 -64 0
1000 0 -64 0
1001 1 63 1
1002 0 -64 0
1003 1 63 1
1004 1 63 1
1005 0 -64 0
1006 0 -64 0
1007 1 63 1
1008 0 -64 0
1009 1 63 1
1010 1 63 1
1011 1 63 1
1012 1 63 1
1013 0 -64 0
1014 0 -64 0
1015 1 63 1
1016 0 -64 0
1017 0 -64 0
1018 0 -64 0
1019 1 63 1
1020 0 -64 0
1021 0 -64 0
1022 1 63 1
1023 0 -64 0
1024 1 63 1
1025 0 -64 0
1026 0 -64 0
1027 0 -64 0
1028 0 -64 0
1029 0 -64 0
1030 1 63 1
1031 0 -64 0
1032 1 63 1
1033 0 -64 0
1034 1 63 1
1035 0 -64 0
1036 0 -64 0
1037 1 63 1
1038 1 63 1
1039 0 -64 0
1040 1 63 1
1041 0 -64 0
1042 0 -64 0
1043 0 -64 0
1044 1 63 1
1045 0 -64 0
1046 1 63 1
1047 0 -64 0
1048 0 -64 0
1049 0 -64 0
1050 1 63 1
1051 0 -64 0
1052 0 -64 0
1053 0 -64 0
1054 0 -64 0
1055 0 -64 0
1056 1 63 1
1057 1 63 1
1058 0 -64 0
1059 1 63 1
1060 0 -64 0
1061 1 63 1
1062 1 63 1
1063 0 -64 0
1064 1 63 1
1065 1 63 1
1066 1 63 1
1067 1 63 1
1068 1 63 1
1069 1 63 1
1070 1 63 1
1071 0 -64 0
1072 1 63 1
1073 1 63 1
1074 1 63 1
1075 1 63 1
1076 1 63 1
1077 1 63 1
1078 0 -64 0
1079 1 63 1
1080 1 63 1
1081 1 63 1
1082 1 63 1
1083 1 63 1
1084 0 -64 0
1085 1 63 1
1086 1 63 1
1087 1 63 1
1088 1 63 1
1089 0 -64 0
1090 1 63 1
1091 0 -64 0
1092 0 -64 0
1093 0 -64 0
1094 1 63 1
1095 1 63 1
1096 1 63 1
1097 0 -64 0
1098 0 -64 0
1099 1 63 1
1100 0 -64 0
1101 0 -64 0
1102 1 63 1
1103 0 -64 0
1104 0 -64 0
1105 1 63 1
1106 0 -64 0
1107 0 -64 0
1108 0 -64 0
1109 1 63 1
1110 1 63 1
1111 1 63 1
1112 1 63 1
1113 0 -64 0
1114 1 63 1
1115 1 63 1
1116 0 -64 0
1117 0 -64 0
1118 1 63 1
1119 0 -64 0
1120 0 -64 0
1121 1 63 1
1122 1 63 1
1123 0 -64 0
1124 0 -64 0
1125 0 -64 0
1126 1 63 1
1127 0 -64 0
1128 0 -64 0
1129 1 63 1
1130 1 63 1
1131 0 -64 0
1132 0 -64 0
1133 1 63 1
1134 1 63 1
1135 1 63 1
1136 0 -64 0
1137 1 63 1
1138 1 63 1
1139 1 63 1
1140 0 -64 0
1141 0 -64 0
1142 1 63 1
1143 1 63 1
1144 0 -64 0
1145 0 -64 0
1146 1 63 1
1147 0 -64 0
1148 0 -64 0
1149 1 63 1
1150 0 -64 0
1151 0 -64 0
1152 0 -64 0
1153 1 63 1
1154 0 -64 0
1155 1 63 1
1156 0 -64 0
1157 1 63 1
1158 0 -64 0
1159 0 -64 0
1160 0 -64 0
1161 1 63 1
1162 1 63 1
1163 0 -64 0
1164 1 63 1
1165 1 63 1
1166 1 63 1
1167 0 -64 0
1168 1 63 1
1169 1 63 1
1170 1 63 1
1171 0 -64 0
1172 1 63 1
1173 1 63 1
1174 0 -64 0
1175 1 63 1
1176 0 -64 0
1177 1 63 1
1178 1 63 1
1179 1 63 1
1180 1 63 1
1181 0 -64 0
1182 1 63 1
1183 0 -64 0
1184 0 -64 0
1185 1 63 1
1186 1 63 1
1187 0 -64 0
1188 1 63 1
1189 1 60 1
1190 0 -64 0
1191 1 63 1
1192 1 63 1
1193 0 -64 0
1194 1 63 1
1195 1 63 1
1196 1 60 1
1197 0 -64 0
1198 0 -64 0
1199 0 -64 0
1200 1 63 1
1201 1 63 1
1202 0 -64 0
1203 0 -64 0
1204 1 63 1
1205 0 -64 0
1206 1 63 1
1207 1 63 1
1208 0 -64 0
1209 1 63 1
1210 0 -64 0
1211 1 63 1
1212 0 -64 0
1213 1 63 1
1214 1 63 1
1215 0 -64 0
1216 0 -64 0
1217 0 -64 0
1218 1 63 1
1219 1 63 1
1220 0 -64 0
1221 0 -64 0
1222 1 63 1
1223 0 -64 0
1224 1 63 1
1225 1 63 1
1226 0 -64 0
1227 0 -64 0
1228 0 -64 0
1229 1 63 1
1230 1 63 1
1231 1 63 1
1232 1 63 1
1233 1 63 1
1234 0 -64 0
1235 1 63 1
1236 0 -64 0
1237 1 63 1
1238 0 -64 0
1239 1 63 1
1240 1 63 1
1241 0 -64 0
1242 0 -64 0
1243 0 -64 0
1244 1 63 1
1245 0 -64 0
1246 1 63 1
1247 0 -64 0
1248 1 63 1
1249 1 63 1
1250 0 -64 0
1251 1 63 1
1252 0 -64 0
1253 1 63 1
1254 0 -64 0
1255 1 63 1
1256 0 -64 0
1257 1 63 1
1258 1 63 1
1259 1 63 1
1260 0 -64 0
1261 0 -64 0
1262 1 63 1
1263 0 -64 0
1264 0 -64 0
1265 0 -64 0
1266 1 63 1
1267 0 -64 0
1268 1 63 1
1269 0 -64 0
1270 0 -64 0
1271 0 -64 0
1272 1 63 1
1273 0 -64 0
1274 1 63 1
1275 1 63 1
1276 1 63 1
1277 1 63 1
1278 0 -64 0
1279 1 63 1
1280 1 63 1
1281 0 -64 0
1282 0 -64 0
1283 1 63 1
1284 0 -64 0
1285 1 63 1
1286 0 -64 0
1287 0 -64 0
1288 0 -64 0
1289 1 63 1
1290 1 63 1
1291 1 63 1
1292 1 63 1
1293 1 63 1
1294 1 63 1
1295 1 63 1
1296 1 63 1
1297 1 63 1
1298 1 63 1
1299 1 63 1
1300 0 -64 0
1301 0 -64 0
1302 1 63 1
1303 0 -64 0
1304 0 -64 0
1305 1 63 1
1306 0 -64 0
1307 1 63 1
1308 0 -64 0
1309 0 -64 0
1310 1 63 1
1311 0 -64 0
1312 0 -64 0
1313 0 -64 0
1314 1 63 1
1315 0 -64 0
1316 0 -64 0
1317 0 -64 0
1318 0 -64 0
1319 0 -64 0
1320 1 63 1
1321 1 63 1
1322 0 -64 0
1323 1 63 1
1324 0 -64 0
1325 1 63 1
1326 0 -64 0
1327 1 63 1
1328 0 -64 0
1329 0 -64 0
1330 0 -64 0
1331 0 -64 0
1332 0 -64 0
1333 0 -64 0
1334 1 63 1
1335 1 63 1
1336 1 63 1
1337 1 63 1
1338 0 -64 0
1339 1 63 1
1340 1 63 1
1341 1 63 1
1342 1 63 1
1343 1 63 1
1344 1 63 1
1345 1 63 1
1346 0 -64 0
1347 1 63 1
1348 1 63 1
1349 0 -64 0
1350 1 63 1
1351 1 63 1
1352 0 -64 0
1353 0 -64 0
1354 1 63 1
1355 0 -64 0
1356 1 63 1
1357 1 63 1
1358 1 63 1
1359 1 63 1
1360 0 -64 0
1361 1 63 1
1362 0 -64 0
1363 1 63 1
1364 1 63 1
1365 0 -64 0
1366 0 -64 0
1367 1 63 1
1368 1 63 1
1369 0 -64 0
1370 0 -64 0
1371 0 -64 0
1372 0 -64 0
1373 1 63 1
1374 0 -64 0
1375 1 63 1
1376 1 63 1
1377 0 -64 0
1378 1 63 1
1379 0 -64 0
1380 0 -64 0
1381 1 63 1
1382 0 -64 0
1383 0 -64 0
1384 1 63 1
1385 1 63 1
1386 1 63 1
1387 0 -64 0
1388 0 -64 0
1389 0 -64 0
1390 0 -64 0
1391 1 63 1
1392 0 -64 0
1393 0 -64 0
1394 1 63 1
1395 0 -64 0
1396 1 63 1
1397 1 63 1
1398 0 -64 0
1399 1 63 1
1400 0 -64 0
1401 0 -64 0
1402 1 63 1
1403 0 -64 0
1404 1 63 1
1405 0 -64 0
1406 1 63 1
1407 0 -64 0
1408 1 63 1
1409 0 -64 0
1410 0 -64 0
1411 1 63 1
1412 0 -64 0
1413 0 -64 0
1414 1 63 1
1415 1 63 1
1416 0 -64 0
1417 1 63 1
1418 1 63 1
1419 1 63 1
1420 1 63 1
1421 0 -64 0
1422 1 63 1
1423 0 -64 0
1424 1 63 1
1425 0 -64 0
1426 1 63 1
1427 0 -64 0
1428 1 63 1
1429 1 63 1
1430 1 63 1
1431 1 63 1
1432 1 63 1
1433 0 -64 0
1434 1 63 1
1435 1 63 1
1436 0 -64 0
1437 1 63 1
1438 1 63 1
1439 1 63 1
1440 1 63 1
1441 1 63 1
1442 0 -64 0
1443 0 -64 0
1444 0 -64 0
1445 1 63 1
1446 0 -64 0
1447 0 -64 0
1448 1 63 1
1449 0 -64 0
1450 1 63 1
1451 1 63 1
1452 0 -64 0
1453 1 63 1
1454 1 63 1
1455 1 63 1
1456 1 63 1
1457 0 -64 0
1458 0 -64 0
1459 1 63 1
1460 0 -64 0
1461 0 -64 0
1462 1 63 1
1463 1 63 1
1464 0 -64 0
1465 0 -64 0
1466 0 -64 0
1467 0 -64 0
1468 0 -64 0
1469 0 -64 0
1470 0 -64 0
1471 1 63 1
1472 1 63 1
1473 1 63 1
1474 1 63 1
1475 0 -64 0
1476 1 63 1
1477 1 63 1
1478 1 63 1
1479 0 -64 0
1480 0 -64 0
1481 1 63 1
1482 1 63 1
1483 1 63 1
1484 1 63 1
1485 1 63 1
1486 1 63 1
1487 0 -64 0
1488 1 63 1
1489 1 63 1
1490 0 -64 0
1491 0 -64 0
1492 1 63 1
1493 1 63 1
1494 0 -64 0
1495 0 -64 0
1496 1 63 1
1497 1 63 1
1498 0 -64 0
1499 0 -64 0
1500 1 63 1
1501 1 63 1
1502 0 -64 0
1503 0 -64 0
1504 0 -64 0
1505 0 -64 0
1506 0 -64 0
1507 0 -64 0
1508 0 -64 0
1509 1 63 1
1510 1 63 1
1511 1 63 1
1512 0 -64 0
1513 0 -64 0
1514 1 63 1
1515 1 63 1
1516 1 63 1
1517 1 63 1
1518 1 63 1
1519 0 -64 0
1520 0 -64 0
1521 0 -64 0
1522 0 -64 0
1523 0 -64 0
1524 1 63 1
1525 0 -64 0
1526 0 -64 0
1527 1 63 1
1528 0 -64 0
1529 0 -64 0
1530 0 -64 0
1531 1 38 1
1532 1 52 1
1533 1 57 1
1534 1 46 1
1535 0 -54 0
1536 1 40 1
1537 0 -47 0
1538 1 59 1
1539 0 -64 0
1540 0 -61 0
1541 0 -64 0
1542 0 -64 0
1543 1 63 1
1544 1 63 1
1545 1 63 1
1546 1 63 1
1547 0 -64 0
1548 1 63 1
1549 0 -64 0
1550 0 -64 0
1551 0 -64 0
1552 1 63 1
1553 0 -64 0
1554 0 -64 0
1555 1 63 1
1556 1 63 1
1557 0 -64 0
1558 1 63 1
1559 1 63 1
1560 0 -64 0
1561 0 -64 0
1562 1 63 1
1563 0 -64 0
1564 1 63 1
1565 0 -64 0
1566 1 63 1
1567 0 -64 0
1568 1 63 1
1569 0 -64 0
1570 0 -64 0
1571 1 63 1
1572 0 -64 0
1573 1 63 1
1574 0 -64 0
1575 0 -64 0
1576 0 -64 0
1577 0 -64 0
1578 0 -64 0
1579 0 -64 0
1580 1 63 1
1581 1 63 1
1582 1 63 1
1583 0 -64 0
1584 1 63 1
1585 1 63 1
1586 1 63 1
1587 1 63 1
1588 0 -64 0
1589 0 -64 0
1590 1 63 1
1591 0 -64 0
1592 1 63 1
1593 1 63 1
1594 0 -64 0
1595 0 -64 0
1596 0 -64 0
1597 1 63 1
1598 1 63 1
1599 0 -64 0
1600 0 -64 0
1601 0 -64 0
1602 1 63 1
1603 1 63 1
1604 1 63 1
1605 1 63 1
1606 0 -64 0
1607 0 -64 0
1608 1 63 1
1609 0 -64 0
1610 0 -64 0
1611 0 -64 0
1612 1 63 1
1613 1 63 1
1614 0 -64 0
1615 0 -64 0
1616 1 63 1
1617 0 -64 0
1618 0 -64 0
1619 0 -64 0
1620 1 63 1
1621 0 -64 0
1622 0 -64 0
1623 1 63 1
1624 0 -64 0
1625 0 -64 0
1626 0 -64 0
1627 1 63 1
1628 1 63 1
1629 0 -64 0
1630 0 -64 0
1631 1 63 1
1632 1 63 1
1633 1 63 1
1634 1 63 1
1635 0 -64 0
1636 1 63 1
1637 1 63 1
1638 0 -64 0
1639 0 -64 0
1640 0 -64 0
1641 1 63 1
1642 0 -64 0
1643 0 -64 0
1644 0 -64 0
1645 1 63 1
1646 1 63 1
1647 0 -64 0
1648 1 63 1
1649 1 63 1
1650 1 63 1
1651 0 -64 0
1652 0 -64 0
1653 1 63 1
1654 1 63 1
1655 0 -64 0
1656 0 -64 0
1657 0 -64 0
1658 0 -64 0
1659 0 -64 0
1660 1 63 1
1661 1 63 1
1662 0 -64 0
1663 0 -64 0
1664 0 -64 0
1665 1 63 1
1666 0 -64 0
1667 0 -64 0
1668 0 -64 0
1669 0 -64 0
1670 1 63 1
1671 1 63 1
1672 0 -64 0
1673 0 -64 0
1674 0 -64 0
1675 0 -64 0
1676 0 -64 0
1677 1 63 1
1678 0 -64 0
1679 1 63 1
1680 1 63 1
1681 0 -64 0
1682 1 63 1
1683 1 63 1
1684 1 63 1
1685 0 -64 0
1686 0 -64 0
1687 1 63 1
1688 1 63 1
1689 1 63 1
1690 1 63 1
1691 0 -64 0
1692 0 -64 0
1693 0 -64 0
1694 1 63 1
1695 1 63 1
1696 0 -64 0
1697 1 63 1
1698 0 -64 0
1699 0 -64 0
1700 1 63 1
1701 0 -64 0
1702 1 63 1
1703 1 63 1
1704 1 63 1
1705 0 -64 0
1706 0 -64 0
1707 1 63 1
1708 0 -64 0
1709 1 63 1
1710 1 63 1
1711 1 63 1
1712 0 -64 0
1713 0 -64 0
1714 0 -64 0
1715 0 -64 0
1716 1 63 1
1717 1 63 1
1718 0 -64 0
1719 1 63 1
1720 0 -64 0
1721 0 -64 0
1722 1 63 1
1723 0 -64 0
1724 1 63 1
1725 0 -64 0
1726 1 63 1
1727 0 -64 0
1728 1 63 1
1729 0 -64 0
1730 0 -64 0
1731 0 -64 0
1732 0 -64 0
1733 0 -64 0
1734 1 63 1
1735 0 -64 0
1736 0 -64 0
1737 1 63 1
1738 0 -64 0
1739 0 -64 0
1740 0 -64 0
1741 1 63 1
1742 1 63 1
1743 1 63 1
1744 0 -64 0
1745 1 63 1
1746 1 63 1
1747 1 63 1
1748 0 -64 0
1749 1 63 1
1750 1 63 1
1751 1 63 1
1752 1 63 1
1753 0 -64 0
1754 0 -64 0
1755 1 63 1
1756 0 -64 0
1757 1 63 1
1758 1 63 1
1759 0 -64 0
1760 1 63 1
1761 0 -64 0
1762 0 -64 0
1763 0 -64 0
1764 1 63 1
1765 1 63 1
1766 1 63 1
1767 1 63 1
1768 1 63 1
1769 1 63 1
1770 1 63 1
1771 1 63 1
1772 1 63 1
1773 0 -64 0
1774 0 -64 0
1775 0 -64 0
1776 0 -64 0
1777 1 63 1
1778 0 -64 0
1779 0 -64 0
1780 0 -64 0
1781 0 -64 0
1782 0 -64 0
1783 0 -64 0
1784 0 -64 0
1785 0 -64 0
1786 1 63 1
1787 0 -64 0
1788 1 63 1
1789 0 -64 0
1790 0 -64 0
1791 1 63 1
1792 1 63 1
1793 0 -64 0
1794 0 -64 0
1795 0 -64 0
1796 1 63 1
1797 1 63 1
1798 1 63 1
1799 0 -64 0
1800 1 63 1
1801 1 63 1
1802 1 63 1
1803 0 -64 0
1804 1 63 1
1805 0 -64 0
1806 1 63 1
1807 1 63 1
1808 0 -64 0
1809 1 63 1
1810 0 -64 0
1811 0 -64 0
1812 1 63 1
1813 1 63 1
1814 1 63 1
1815 1 63 1
1816 1 63 1
1817 1 63 1
1818 1 63 1
1819 1 63 1
1820 1 63 1
1821 0 -64 0
1822 1 63 1
1823 1 63 1
1824 1 63 1
1825 1 63 1
1826 1 63 1
1827 0 -64 0
1828 0 -64 0
1829 1 63 1
1830 0 -64 0
1831 0 -64 0
1832 1 63 1
1833 0 -64 0
1834 1 63 1
1835 1 63 1
1836 0 -64 0
1837 1 63 1
1838 1 63 1
1839 1 63 1
1840 1 63 1
1841 1 63 1
1842 1 63 1
1843 1 63 1
1844 1 63 1
1845 0 -64 0
1846 0 -64 0
1847 1 63 1
1848 1 63 1
1849 1 63 1
1850 0 -64 0
1851 1 63 1
1852 0 -64 0
1853 1 63 1
1854 0 -64 0
1855 0 -64 0
1856 1 63 1
1857 1 63 1
1858 0 -64 0
1859 1 63 1
1860 1 63 1
1861 0 -64 0
1862 1 63 1
1863 0 -64 0
1864 1 63 1
1865 1 63 1
1866 1 63 1
1867 0 -64 0
1868 1 63 1
1869 1 63 1
1870 0 -64 0
1871 0 -64 0
1872 1 63 1
1873 1 63 1
1874 1 63 1
1875 1 63 1
1876 0 -64 0
1877 1 63 1
1878 1 63 1
1879 1 63 1
1880 0 -64 0
1881 0 -64 0
1882 1 63 1
1883 0 -64 0
1884 0 -64 0
1885 1 63 1
1886 1 63 1
1887 1 63 1
1888 1 63 1
1889 1 63 1
1890 1 63 1
1891 1 63 1
1892 1 63 1
1893 0 -64 0
1894 0 -64 0
1895 1 63 1
1896 0 -64 0
1897 0 -64 0
1898 1 63 1
1899 0 -64 0
1900 0 -64 0
1901 1 63 1
1902 0 -64 0
1903 0 -64 0
1904 1 63 1
1905 1 63 1
1906 0 -64 0
1907 0 -64 0
1908 0 -64 0
1909 1 63 1
1910 1 63 1
1911 0 -64 0
1912 1 63 1
1913 0 -64 0
1914 0 -64 0
1915 0 -64 0
1916 0 -64 0
1917 1 63 1
1918 1 63 1
1919 0 -64 0
1920 0 -64 0
1921 1 63 1
1922 1 63 1
1923 0 -64 0
1924 1 63 1
1925 0 -64 0
1926 1 63 1
1927 0 -64 0
1928 0 -64 0
1929 0 -64 0
1930 0 -64 0
1931 1 63 1
1932 1 63 1
1933 1 63 1
1934 0 -64 0
1935 0 -64 0
1936 0 -64 0
1937 1 63 1
1938 1 63 1
1939 0 -64 0
1940 0 -64 0
1941 1 63 1
1942 1 63 1
1943 0 -64 0
1944 1 63 1
1945 0 -64 0
1946 1 63 1
1947 1 63 1
1948 1 63 1
1949 0 -64 0
1950 1 63 1
1951 0 -64 0
1952 0 -64 0
1953 1 63 1
1954 0 -64 0
1955 0 -64 0
1956 1 63 1
1957 0 -64 0
1958 0 -64 0
1959 1 63 1
1960 1 63 1
1961 1 63 1
1962 1 63 1
1963 1 63 1
1964 0 -64 0
1965 0 -64 0
1966 1 63 1
1967 0 -64 0
1968 0 -64 0
1969 1 63 1
1970 0 -64 0
1971 1 63 1
1972 0 -64 0
1973 0 -64 0
1974 0 -64 0
1975 0 -64 0
1976 1 63 1
1977 1 63 1
1978 0 -64 0
1979 1 63 1
1980 0 -64 0
1981 0 -64 0
1982 1 63 1
1983 0 -64 0
1984 1 63 1
1985 1 63 1
1986 0 -64 0
1987 0 -64 0
1988 1 63 1
1989 1 63 1
1990 1 63 1
1991 0 -64 0
1992 1 63 1
1993 0 -64 0
1994 1 63 1
1995 1 63 1
1996 0 -64 0
1997 1 63 1
1998 0 -64 0
1999 1 63 1
2000 1 63 1
2001 0 -64 0
2002 0 -64 0
2003 1 63 1
2004 0 -64 0
2005 1 63 1
2006 0 -64 0
2007 0 -64 0
2008 1 63 1
2009 1 63 1
2010 0 -64 0
2011 0 -64 0
2012 1 63 1
2013 0 -64 0
2014 1 63 1
2015 1 63 1
2016 0 -64 0
2017 0 -64 0
2018 0 -64 0
2019 1 63 1
2020 1 63 1
2021 1 63 1
2022 1 63 1
2023 0 -64 0
2024 1 63 1
2025 1 63 1
2026 1 63 1
2027 0 -64 0
2028 0 -64 0
2029 1 63 1
2030 1 63 1
2031 1 63 1
2032 0 -64 0
2033 0 -64 0
2034 0 -64 0
2035 1 63 1
2036 0 -64 0
2037 1 63 1
2038 1 63 1
2039 0 -64 0
2040 0 -64 0
2041 1 63 1
2042 0 -64 0
2043 1 63 1
2044 0 -64 0
2045 1 63 1
2046 1 63 1
2047 0 -64 0
2048 0 -64 0
2049 1 63 1
2050 1 63 1
2051 0 -64 0
2052 0 -64 0
2053 1 63 1
2054 1 63 1
2055 1 63 1
2056 0 -64 0
2057 0 -64 0
2058 0 -64 0
2059 0 -64 0
2060 1 63 1
2061 1 63 1
2062 1 63 1
2063 0 -64 0
2064 0 -64 0
2065 0 -64 0
2066 1 63 1
2067 1 63 1
2068 1 63 1
2069 1 63 1
2070 0 -64 0
2071 0 -64 0
2072 0 -64 0
2073 1 63 1
2074 1 63 1
2075 1 63 1
2076 0 -64 0
2077 0 -64 0
2078 1 63 1
2079 0 -64 0
2080 1 63 1
2081 0 -64 0
2082 0 -64 0
2083 0 -64 0
2084 0 -64 0
2085 0 -64 0
2086 1 63 1
2087 1 63 1
2088 0 -64 0
2089 1 63 1
2090 1 63 1
2091 0 -64 0
2092 0 -64 0
2093 0 -64 0
2094 0 -64 0
2095 1 63 1
2096 1 63 1
2097 1 63 1
2098 0 -64 0
2099 1 63 1
2100 1 63 1
2101 1 63 1
2102 0 -64 0
2103 0 -64 0
2104 0 -64 0
2105 1 63 1
2106 0 -64 0
2107 1 63 1
2108 0 -64 0
2109 1 63 1
2110 0 -64 0
2111 0 -64 0
2112 1 63 1
2113 0 -64 0
2114 0 -64 0
2115 1 63 1
2116 0 -64 0
2117 1 63 1
2118 0 -64 0
2119 1 63 1
2120 0 -64 0
2121 0 -64 0
2122 0 -64 0
2123 0 -64 0
2124 1 63 1
2125 0 -64 0
2126 0 -64 0
2127 0 -64 0
2128 1 63 1
2129 0 -64 0
2130 0 -64 0
2131 0 -64 0
2132 1 63 1
2133 1 63 1
2134 0 -64 0
2135 1 63 1
2136 1 63 1
2137 0 -64 0
2138 1 63 1
2139 0 -64 0
2140 0 -64 0
2141 0 -64 0
2142 1 63 1
2143 0 -64 0
2144 1 63 1
2145 0 -64 0
2146 1 63 1
2147 0 -64 0
2148 0 -64 0
2149 1 63 1
2150 0 -64 0
2151 0 -64 0
2152 1 63 1
2153 0 -64 0
2154 0 -64 0
2155 1 63 1
2156 0 -64 0
2157 0 -64 0
2158 1 63 1
2159 1 63 1
2160 0 -64 0
2161 1 63 1
2162 1 63 1
2163 1 63 1
2164 1 63 1
2165 1 63 1
2166 0 -64 0
2167 0 -64 0
2168 1 63 1
2169 1 63 1
2170 1 63 1
2171 0 -64 0
2172 1 63 1
2173 0 -64 0
2174 1 63 1
2175 1 63 1
2176 1 63 1
2177 0 -64 0
2178 0 -64 0
2179 1 63 1
2180 1 63 1
2181 0 -64 0
2182 0 -64 0
2183 0 -64 0
2184 0 -64 0
2185 0 -64 0
2186 0 -64 0
2187 0 -64 0
2188 0 -64 0
2189 0 -64 0
2190 1 63 1
2191 1 63 1
2192 1 63 1
2193 1 63 1
2194 0 -64 0
2195 1 63 1
2196 0 -64 0
2197 1 63 1
2198 1 63 1
2199 1 63 1
2200 0 -64 0
2201 1 63 1
2202 1 63 1
2203 0 -64 0
2204 0 -64 0
2205 0 -64 0
2206 0 -64 0
2207 1 63 1
2208 0 -64 0
2209 0 -64 0
2210 0 -64 0
2211 1 63 1
2212 1 63 1
2213 1 63 1
2214 1 63 1
2215 0 -64 0
2216 1 63 1
2217 1 63 1
2218 0 -64 0
2219 0 -64 0
2220 0 -64 0
2221 1 63 1
2222 0 -64 0
2223 1 63 1
2224 1 63 1
2225 0 -64 0
2226 1 63 1
2227 0 -64 0
2228 0 -64 0
2229 1 63 1
2230 1 63 1
2231 1 63 1
2232 1 63 1
2233 0 -64 0
2234 1 63 1
2235 0 -64 0
2236 1 63 1
2237 1 63 1
2238 1 63 1
2239 1 63 1
2240 0 -64 0
2241 0 -64 0
2242 0 -64 0
2243 0 -64 0
2244 1 63 1
2245 1 63 1
2246 1 63 1
2247 0 -64 0
2248 1 63 1
2249 0 -64 0
2250 1 63 1
2251 0 -64 0
2252 0 -64 0
2253 0 -64 0
2254 0 -64 0
2255 1 63 1
2256 0 -64 0
2257 0 -64 0
2258 1 63 1
2259 0 -64 0
2260 1 63 1
2261 0 -64 0
2262 0 -64 0
2263 0 -64 0
2264 0 -64 0
2265 0 -64 0
2266 0 -64 0
2267 0 -64 0
2268 0 -64 0
2269 1 63 1
2270 1 63 1
2271 0 -64 0
2272 0 -64 0
2273 1 63 1
2274 0 -64 0
2275 1 63 1
2276 1 63 1
2277 0 -64 0
2278 0 -64 0
2279 0 -64 0
2280 0 -64 0
2281 1 63 1
2282 0 -64 0
2283 1 63 1
2284 1 63 1
2285 1 63 1
2286 0 -64 0
2287 1 63 1
2288 0 -64 0
2289 0 -64 0
2290 0 -64 0
2291 1 63 1
2292 1 63 1
2293 1 63 1
2294 0 -64 0
2295 0 -64 0
2296 1 63 1
2297 1 63 1
2298 0 -64 0
2299 1 58 1
2300 0 -39 0
2301 1 63 1
2302 0 -44 0
2303 0 -50 0
2304 0 -35 0
2305 0 -42 0
2306 1 63 1
2307 1 63 1
2308 0 -62 0
2309 1 63 1
2310 1 63 1
2311 0 -64 0
2312 1 63 1
2313 0 -64 0
2314 1 63 1
2315 0 -64 0
2316 1 63 1
2317 1 63 1
2318 0 -64 0
2319 1 63 1
2320 0 -64 0
2321 1 63 1
2322 1 63 1
2323 0 -64 0
2324 0 -64 0
2325 1 63 1
2326 0 -64 0
2327 0 -64 0
2328 0 -64 0
2329 1 63 1
2330 0 -64 0
2331 1 63 1
2332 0 -64 0
2333 1 63 1
2334 1 63 1
2335 0 -64 0
2336 0 -64 0
2337 0 -64 0
2338 0 -64 0
2339 0 -64 0
2340 1 63 1
2341 0 -64 0
2342 1 63 1
2343 1 63 1
2344 1 63 1
2345 0 -64 0
2346 0 -64 0
2347 0 -64 0
2348 1 63 1
2349 0 -64 0
2350 0 -64 0
2351 1 63 1
2352 0 -64 0
2353 0 -64 0
2354 0 -64 0
2355 0 -64 0
2356 1 63 1
2357 0 -64 0
2358 0 -64 0
2359 0 -64 0
2360 1 63 1
2361 0 -64 0
2362 1 63 1
2363 1 63 1
2364 0 -64 0
2365 1 63 1
2366 1 63 1
2367 0 -64 0
2368 1 63 1
2369 1 63 1
2370 1 63 1
2371 0 -64 0
2372 0 -64 0
2373 0 -64 0
2374 1 63 1
2375 0 -64 0
2376 1 63 1
2377 0 -64 0
2378 0 -64 0
2379 1 63 1
2380 1 63 1
2381 1 63 1
2382 1 63 1
2383 0 -64 0
2384 0 -64 0
2385 1 63 1
2386 1 63 1
2387 1 63 1
2388 1 63 1
2389 0 -64 0
2390 0 -64 0
2391 1 63 1
2392 0 -64 0
2393 0 -64 0
2394 1 63 1
2395 1 63 1
2396 0 -64 0
2397 0 -64 0
2398 1 63 1
2399 1 63 1
2400 0 -64 0
2401 0 -64 0
2402 0 -64 0
2403 1 63 1
2404 1 63 1
2405 1 63 1
2406 1 63 1
2407 0 -64 0
2408 0 -64 0
2409 0 -64 0
2410 0 -64 0
2411 0 -64 0
2412 0 -64 0
2413 0 -64 0
2414 0 -64 0
2415 0 -64 0
2416 0 -64 0
2417 0 -64 0
2418 1 63 1
2419 1 63 1
2420 0 -64 0
2421 0 -64 0
2422 1 63 1
2423 0 -64 0
2424 1 63 1
2425 0 -64 0
2426 1 63 1
2427 1 63 1
2428 0 -64 0
2429 1 63 1
2430 0 -64 0
2431 1 63 1
2432 0 -64 0
2433 1 63 1
2434 1 63 1
2435 0 -64 0
2436 1 63 1
2437 0 -64 0
2438 0 -64 0
2439 1 63 1
2440 0 -64 0
2441 1 63 1
2442 0 -64 0
2443 1 63 1
2444 0 -64 0
2445 0 -64 0
2446 0 -64 0
2447 1 63 1
2448 1 63 1
2449 0 -64 0
2450 0 -64 0
2451 1 63 1
2452 1 63 1
2453 1 63 1
2454 0 -64 0
2455 0 -64 0
2456 1 63 1
2457 0 -64 0
2458 1 63 1
2459 1 63 1
2460 0 -64 0
2461 1 63 1
2462 1 63 1
2463 1 63 1
2464 1 63 1
2465 1 63 1
2466 1 63 1
2467 1 63 1
2468 1 63 1
2469 0 -64 0
2470 0 -64 0
2471 0 -64 0
2472 0 -64 0
2473 0 -64 0
2474 0 -64 0
2475 1 63 1
2476 0 -64 0
2477 0 -64 0
2478 1 63 1
2479 0 -64 0
2480 0 -64 0
2481 0 -64 0
2482 1 63 1
2483 1 63 1
2484 0 -64 0
2485 0 -64 0
2486 0 -64 0
2487 1 63 1
2488 0 -64 0
2489 0 -64 0
2490 0 -64 0
2491 1 63 1
2492 1 63 1
2493 0 -64 0
2494 0 -64 0
2495 0 -64 0
2496 0 -64 0
2497 1 63 1
2498 1 63 1
2499 0 -64 0
2500 0 -64 0
2501 0 -64 0
2502 0 -64 0
2503 0 -64 0
2504 0 -64 0
2505 1 63 1
2506 1 63 1
2507 0 -64 0
2508 1 63 1
2509 0 -64 0
2510 0 -64 0
2511 1 63 1
2512 1 63 1
2513 0 -64 0
2514 0 -64 0
2515 1 63 1
2516 1 63 1
2517 1 63 1
2518 0 -64 0
2519 1 63 1
2520 0 -64 0
2521 0 -64 0
2522 0 -64 0
2523 0 -64 0
2524 1 63 1
2525 1 63 1
2526 1 63 1
2527 0 -64 0
2528 1 63 1
2529 0 -64 0
2530 0 -64 0
2531 0 -64 0
2532 0 -64 0
2533 1 63 1
2534 0 -64 0
2535 1 63 1
2536 0 -64 0
2537 0 -64 0
2538 0 -64 0
2539 1 63 1
2540 1 63 1
2541 1 63 1
2542 1 63 1
2543 1 63 1
2544 0 -64 0
2545 1 63 1
2546 1 63 1
2547 0 -64 0
2548 0 -64 0
2549 1 63 1
2550 0 -64 0
2551 1 63 1
2552 1 63 1
2553 1 63 1
2554 0 -64 0
2555 0 -64 0
2556 1 63 1
2557 0 -64 0
2558 0 -64 0
2559 0 -64 0
2560 1 63 1
2561 0 -64 0
2562 1 63 1
2563 0 -64 0
2564 0 -64 0
2565 0 -64 0
2566 0 -64 0
2567 0 -64 0
2568 0 -64 0
2569 0 -64 0
2570 0 -64 0
2571 1 63 1
2572 1 63 1
2573 0 -64 0
2574 1 63 1
2575 0 -64 0
2576 0 -64 0
2577 0 -64 0
2578 1 63 1
2579 0 -64 0
2580 0 -64 0
2581 0 -64 0
2582 1 63 1
2583 1 63 1
2584 0 -64 0
2585 0 -64 0
2586 0 -64 0
2587 1 63 1
2588 1 63 1
2589 0 -64 0
2590 0 -64 0
2591 1 63 1
2592 0 -64 0
2593 0 -64 0
2594 0 -64 0
2595 0 -64 0
2596 0 -64 0
2597 0 -64 0
2598 0 -64 0
2599 1 63 1
2600 1 63 1
2601 0 -64 0
2602 0 -64 0
2603 0 -64 0
2604 1 63 1
2605 0 -64 0
2606 1 63 1
2607 1 63 1
2608 0 -64 0
2609 0 -64 0
2610 0 -64 0
2611 0 -64 0
2612 0 -64 0
2613 1 63 1
2614 0 -64 0
2615 0 -64 0
2616 1 63 1
2617 1 63 1
2618 0 -64 0
2619 1 63 1
2620 1 63 1
2621 1 63 1
2622 1 63 1
2623 0 -64 0
2624 1 63 1
2625 1 63 1
2626 1 63 1
2627 0 -64 0
2628 1 63 1
2629 1 63 1
2630 0 -64 0
2631 1 63 1
2632 0 -64 0
2633 1 63 1
2634 1 63 1
2635 0 -64 0
2636 0 -64 0
2637 0 -64 0
2638 1 63 1
2639 1 63 1
2640 0 -64 0
2641 0 -64 0
2642 0 -64 0
2643 0 -64 0
2644 1 63 1
2645 1 63 1
2646 0 -64 0
2647 0 -64 0
2648 0 -64 0
2649 1 63 1
2650 1 63 1
2651 0 -64 0
2652 0 -64 0
2653 0 -64 0
2654 0 -64 0
2655 0 -64 0
2656 1 63 1
2657 0 -64 0
2658 0 -64 0
2659 0 -64 0
2660 0 -64 0
2661 1 63 1
2662 0 -64 0
2663 1 63 1
2664 1 63 1
2665 1 63 1
2666 1 63 1
2667 0 -64 0
2668 1 63 1
2669 1 63 1
2670 1 63 1
2671 0 -64 0
2672 0 -64 0
2673 1 63 1
2674 1 63 1
2675 1 63 1
2676 0 -64 0
2677 1 63 1
2678 0 -64 0
2679 0 -64 0
2680 1 63 1
2681 0 -64 0
2682 1 63 1
2683 1 63 1
2684 1 63 1
2685 1 63 1
2686 1 63 1
2687 1 63 1
2688 0 -64 0
2689 0 -64 0
2690 1 63 1
2691 1 63 1
2692 0 -64 0
2693 0 -64 0
2694 0 -64 0
2695 1 63 1
2696 0 -64 0
2697 0 -64 0
2698 0 -64 0
2699 1 63 1
2700 0 -64 0
2701 0 -64 0
2702 1 63 1
2703 0 -64 0
2704 0 -64 0
2705 1 63 1
2706 1 63 1
2707 1 63 1
2708 1 63 1
2709 1 63 1
2710 1 63 1
2711 1 63 1
2712 1 63 1
2713 0 -64 0
2714 1 63 1
2715 1 63 1
2716 1 63 1
2717 1 63 1
2718 0 -64 0
2719 1 63 1
2720 0 -64 0
2721 0 -64 0
2722 1 63 1
2723 1 63 1
2724 0 -64 0
2725 0 -64 0
2726 0 -64 0
2727 1 63 1
2728 0 -64 0
2729 0 -64 0
2730 0 -64 0
2731 1 63 1
2732 1 63 1
2733 1 63 1
2734 0 -64 0
2735 1 63 1
2736 0 -64 0
2737 0 -64 0
2738 0 -64 0
2739 0 -64 0
2740 1 63 1
2741 0 -64 0
2742 0 -64 0
2743 0 -64 0
2744 0 -64 0
2745 0 -64 0
2746 1 63 1
2747 0 -64 0
2748 1 63 1
2749 0 -64 0
2750 0 -64 0
2751 1 63 1
2752 0 -64 0
2753 1 63 1
2754 0 -64 0
2755 0 -64 0
2756 0 -64 0
2757 1 63 1
2758 1 63 1
2759 1 63 1
2760 0 -64 0
2761 0 -64 0
2762 1 63 1
2763 1 63 1
2764 1 63 1
2765 0 -64 0
2766 1 63 1
2767 0 -64 0
2768 1 63 1
2769 1 63 1
2770 1 63 1
2771 0 -64 0
2772 1 63 1
2773 1 63 1
2774 1 63 1
2775 1 63 1
2776 0 -64 0
2777 1 63 1
2778 1 63 1
2779 1 63 1
2780 1 63 1
2781 1 63 1
2782 0 -64 0
2783 0 -64 0
2784 0 -64 0
2785 1 63 1
2786 0 -64 0
2787 0 -64 0
2788 0 -64 0
2789 0 -64 0
2790 1 63 1
2791 0 -64 0
2792 1 63 1
2793 0 -64 0
2794 1 63 1
2795 1 63 1
2796 1 63 1
2797 1 63 1
2798 0 -64 0
2799 1 63 1
2800 1 63 1
2801 1 63 1
2802 1 63 1
2803 1 63 1
2804 0 -64 0
2805 0 -64 0
2806 0 -64 0
2807 1 63 1
2808 0 -64 0
2809 1 63 1
2810 0 -64 0
2811 0 -64 0
2812 1 63 1
2813 1 63 1
2814 0 -64 0
2815 1 63 1
2816 1 63 1
2817 1 63 1
2818 0 -64 0
2819 0 -64 0
2820 0 -64 0
2821 1 63 1
2822 1 63 1
2823 0 -64 0
2824 1 63 1
2825 1 63 1
2826 1 63 1
2827 0 -64 0
2828 0 -64 0
2829 1 63 1
2830 1 63 1
2831 0 -64 0
2832 0 -64 0
2833 1 63 1
2834 1 63 1
2835 1 63 1
2836 0 -64 0
2837 0 -64 0
2838 0 -64 0
2839 1 63 1
2840 1 63 1
2841 0 -64 0
2842 1 63 1
2843 1 63 1
2844 0 -64 0
2845 0 -64 0
2846 1 63 1
2847 0 -64 0
2848 1 63 1
2849 1 63 1
2850 0 -64 0
2851 1 63 1
2852 1 63 1
2853 1 63 1
2854 0 -64 0
2855 0 -64 0
2856 0 -64 0
2857 0 -64 0
2858 0 -64 0
2859 1 63 1
2860 1 63 1
2861 0 -64 0
2862 0 -64 0
2863 0 -64 0
2864 1 63 1
2865 0 -64 0
2866 0 -64 0
2867 0 -64 0
2868 1 63 1
2869 1 63 1
2870 0 -64 0
2871 1 63 1
2872 1 63 1
2873 0 -64 0
2874 0 -64 0
2875 0 -64 0
2876 0 -64 0
2877 0 -64 0
2878 0 -64 0
2879 0 -64 0
2880 1 63 1
2881 1 63 1
2882 1 63 1
2883 1 63 1
2884 1 63 1
2885 0 -64 0
2886 0 -64 0
2887 0 -64 0
2888 0 -64 0
2889 0 -64 0
2890 1 63 1
2891 0 -64 0
2892 1 63 1
2893 1 63 1
2894 0 -64 0
2895 0 -64 0
2896 1 63 1
2897 0 -64 0
2898 1 63 1
2899 0 -64 0
2900 1 63 1
2901 1 63 1
2902 0 -64 0
2903 1 63 1
2904 1 63 1
2905 1 63 1
2906 1 63 1
2907 0 -64 0
2908 1 63 1
2909 0 -64 0
2910 1 63 1
2911 0 -64 0
2912 1 63 1
2913 0 -64 0
2914 0 -64 0
2915 0 -64 0
2916 0 -64 0
2917 1 63 1
2918 1 63 1
2919 1 63 1
2920 1 63 1
2921 1 63 1
2922 1 63 1
2923 1 63 1
2924 1 63 1
2925 1 63 1
2926 1 63 1
2927 0 -64 0
2928 0 -64 0
2929 0 -64 0
2930 0 -64 0
2931 0 -64 0
2932 1 63 1
2933 1 63 1
2934 0 -64 0
2935 0 -64 0
2936 0 -64 0
2937 1 63 1
2938 0 -64 0
2939 1 63 1
2940 1 63 1
2941 1 63 1
2942 1 63 1
2943 0 -64 0
2944 1 63 1
2945 0 -64 0
2946 1 63 1
2947 0 -64 0
2948 1 63 1
2949 1 63 1
2950 1 63 1
2951 0 -64 0
2952 1 63 1
2953 1 63 1
2954 1 63 1
2955 1 63 1
2956 0 -64 0
2957 0 -64 0
2958 1 63 1
2959 0 -64 0
2960 1 63 1
2961 1 63 1
2962 1 63 1
2963 0 -64 0
2964 1 63 1
2965 1 63 1
2966 0 -64 0
2967 1 63 1
2968 1 63 1
2969 0 -64 0
2970 1 63 1
2971 0 -64 0
2972 1 63 1
2973 0 -64 0
2974 1 63 1
2975 0 -64 0
2976 1 63 1
2977 0 -64 0
2978 0 -64 0
2979 0 -64 0
2980 1 63 1
2981 0 -64 0
2982 0 -64 0
2983 0 -64 0
2984 1 63 1
2985 0 -64 0
2986 1 63 1
2987 0 -64 0
2988 0 -64 0
2989 0 -64 0
2990 0 -64 0
2991 1 63 1
2992 0 -64 0
2993 1 63 1
2994 1 63 1
2995 0 -64 0
2996 1 63 1
2997 0 -64 0
2998 0 -64 0
2999 1 63 1
3000 0 -64 0
3001 1 63 1
3002 1 63 1
3003 1 63 1
3004 1 63 1
3005 0 -64 0
3006 0 -64 0
3007 0 -64 0
3008 0 -64 0
3009 0 -64 0
3010 0 -64 0
3011 1 63 1
3012 0 -64 0
3013 1 63 1
3014 0 -64 0
3015 1 63 1
3016 1 63 1
3017 1 63 1
3018 1 63 1
3019 1 63 1
3020 1 63 1
3021 0 -64 0
3022 0 -64 0
3023 1 63 1
3024 0 -64 0
3025 0 -62 0
3026 0 -64 0
3027 0 -64 0
3028 0 -64 0
3029 0 -64 0
3030 1 63 1
3031 1 63 1
3032 0 -62 0
3033 0 -64 0
3034 0 -64 0
3035 0 -64 0
3036 1 63 1
3037 0 -64 0
3038 1 63 1
3039 1 63 1
3040 1 63 1
3041 1 63 1
3042 1 63 1
3043 1 63 1
3044 0 -64 0
3045 0 -64 0
3046 1 63 1
3047 0 -64 0
3048 1 63 1
3049 1 63 1
3050 0 -64 0
3051 0 -64 0
3052 0 -64 0
3053 0 -64 0
3054 1 63 1
3055 0 -64 0
3056 1 63 1
3057 0 -64 0
3058 0 -64 0
3059 0 -64 0
3060 0 -64 0
3061 1 63 1
3062 1 63 1
3063 0 -64 0
3064 1 63 1
3065 1 63 1
3066 1 63 1
3067 1 56 1
3068 0 -64 0
3069 0 -60 0
3070 0 -53 0
3071 1 37 1
3072 1 35 1
3073 1 34 1
3074 0 -41 0
3075 1 52 1
3076 1 52 1
3077 0 -64 0
3078 0 -49 0
3079 1 63 1
3080 0 -64 0
3081 0 -64 0
3082 1 63 1
3083 0 -64 0
3084 0 -64 0
3085 1 63 1
3086 1 63 1
3087 0 -64 0
3088 1 63 1
3089 0 -64 0
3090 1 63 1
3091 0 -64 0
3092 0 -64 0
3093 0 -64 0
3094 0 -64 0
3095 1 63 1
3096 1 63 1
3097 1 63 1
3098 1 63 1
3099 0 -64 0
3100 1 63 1
3101 0 -64 0
3102 0 -64 0
3103 0 -64 0
3104 1 63 1
3105 1 63 1
3106 0 -64 0
3107 1 63 1
3108 1 63 1
3109 1 63 1
3110 1 63 1
3111 0 -64 0
3112 0 -64 0
3113 0 -64 0
3114 1 63 1
3115 0 -64 0
3116 0 -64 0
3117 1 63 1
3118 0 -64 0
3119 0 -64 0
3120 0 -64 0
3121 0 -64 0
3122 1 63 1
3123 0 -64 0
3124 0 -64 0
3125 1 63 1
3126 1 63 1
3127 1 63 1
3128 0 -64 0
3129 0 -64 0
3130 0 -64 0
3131 1 63 1
3132 0 -64 0
3133 1 63 1
3134 1 63 1
3135 0 -64 0
3136 0 -64 0
3137 0 -64 0
3138 1 63 1
3139 0 -64 0
3140 0 -64 0
3141 0 -64 0
3142 0 -64 0
3143 0 -64 0
3144 0 -64 0
3145 0 -64 0
3146 1 63 1
3147 1 63 1
3148 1 63 1
3149 1 63 1
3150 0 -64 0
3151 1 63 1
3152 1 63 1
3153 1 63 1
3154 0 -64 0
3155 1 63 1
3156 1 63 1
3157 1 63 1
3158 1 63 1
3159 1 63 1
3160 1 63 1
3161 1 63 1
3162 0 -64 0
3163 1 63 1
3164 1 63 1
3165 1 63 1
3166 0 -64 0
3167 1 63 1
3168 0 -64 0
3169 1 63 1
3170 0 -64 0
3171 0 -64 0
3172 0 -64 0
3173 0 -64 0
3174 1 63 1
3175 0 -64 0
3176 0 -64 0
3177 0 -64 0
3178 1 63 1
3179 0 -64 0
3180 1 63 1
3181 0 -64 0
3182 1 63 1
3183 0 -64 0
3184 1 63 1
3185 0 -64 0
3186 1 63 1
3187 0 -64 0
3188 0 -64 0
3189 0 -64 0
3190 0 -64 0
3191 1 63 1
3192 0 -64 0
3193 0 -64 0
3194 0 -64 0
3195 0 -64 0
3196 0 -64 0
3197 0 -64 0
3198 1 63 1
3199 1 63 1
3200 1 63 1
3201 1 63 1
3202 0 -64 0
3203 0 -64 0
3204 1 63 1
3205 1 63 1
3206 0 -64 0
3207 0 -64 0
3208 1 63 1
3209 0 -64 0
3210 1 63 1
3211 1 63 1
3212 1 63 1
3213 1 63 1
3214 0 -64 0
3215 1 63 1
3216 1 63 1
3217 0 -64 0
3218 0 -64 0
3219 0 -64 0
3220 1 63 1
3221 1 63 1
3222 1 63 1
3223 0 -64 0
3224 1 63 1
3225 1 63 1
3226 1 63 1
3227 1 63 1
3228 1 63 1
3229 1 63 1
3230 0 -64 0
3231 0 -64 0
3232 0 -64 0
3233 0 -64 0
3234 0 -64 0
3235 0 -64 0
3236 1 63 1
3237 1 63 1
3238 0 -64 0
3239 1 63 1
3240 0 -64 0
3241 0 -64 0
3242 1 63 1
3243 0 -64 0
3244 0 -64 0
3245 1 63 1
3246 1 63 1
3247 1 63 1
3248 0 -64 0
3249 0 -64 0
3250 1 63 1
3251 1 63 1
3252 1 63 1
3253 0 -64 0
3254 0 -64 0
3255 1 63 1
3256 0 -64 0
3257 0 -64 0
3258 0 -64 0
3259 0 -64 0
3260 0 -64 0
3261 0 -64 0
3262 1 63 1
3263 1 63 1
3264 0 -64 0
3265 0 -64 0
3266 0 -64 0
3267 1 63 1
3268 0 -64 0
3269 1 63 1
3270 1 63 1
3271 1 63 1
3272 0 -64 0
3273 0 -64 0
3274 0 -64 0
3275 1 63 1
3276 0 -64 0
3277 0 -64 0
3278 1 63 1
3279 1 63 1
3280 0 -64 0
3281 1 63 1
3282 0 -64 0
3283 1 63 1
3284 1 63 1
3285 1 63 1
3286 1 63 1
3287 0 -64 0
3288 1 63 1
3289 0 -64 0
3290 1 63 1
3291 1 63 1
3292 0 -64 0
3293 1 63 1
3294 0 -64 0
3295 0 -64 0
3296 1 63 1
3297 1 63 1
3298 0 -64 0
3299 1 63 1
3300 0 -64 0
3301 0 -64 0
3302 0 -64 0
3303 1 63 1
3304 0 -64 0
3305 1 63 1
3306 0 -64 0
3307 1 63 1
3308 0 -64 0
3309 0 -64 0
3310 0 -64 0
3311 1 63 1
3312 1 63 1
3313 1 63 1
3314 1 63 1
3315 0 -64 0
3316 1 63 1
3317 1 63 1
3318 1 63 1
3319 0 -64 0
3320 1 63 1
3321 0 -64 0
3322 1 63 1
3323 0 -64 0
3324 0 -64 0
3325 1 63 1
3326 0 -64 0
3327 1 63 1
3328 1 63 1
3329 1 63 1
3330 1 63 1
3331 0 -64 0
3332 1 63 1
3333 0 -64 0
3334 1 63 1
3335 0 -64 0
3336 0 -64 0
3337 1 63 1
3338 1 63 1
3339 1 63 1
3340 0 -64 0
3341 0 -64 0
3342 0 -64 0
3343 0 -64 0
3344 1 63 1
3345 0 -64 0
3346 1 63 1
3347 0 -64 0
3348 1 63 1
3349 0 -64 0
3350 0 -64 0
3351 1 63 1
3352 0 -64 0
3353 1 63 1
3354 1 63 1
3355 1 63 1
3356 1 63 1
3357 0 -64 0
3358 0 -64 0
3359 1 63 1
3360 0 -64 0
3361 1 63 1
3362 0 -64 0
3363 0 -64 0
3364 1 63 1
3365 0 -64 0
3366 0 -64 0
3367 0 -64 0
3368 0 -64 0
3369 1 63 1
3370 0 -64 0
3371 0 -64 0
3372 1 63 1
3373 1 63 1
3374 0 -64 0
3375 1 63 1
3376 0 -64 0
3377 0 -64 0
3378 1 63 1
3379 1 63 1
3380 0 -64 0
3381 0 -64 0
3382 1 63 1
3383 0 -64 0
3384 1 63 1
3385 0 -64 0
3386 0 -64 0
3387 0 -64 0
3388 0 -64 0
3389 1 63 1
3390 1 63 1
3391 1 63 1
3392 1 63 1
3393 0 -64 0
3394 1 63 1
3395 0 -64 0
3396 1 63 1
3397 0 -64 0
3398 1 63 1
3399 1 63 1
3400 0 -64 0
3401 0 -64 0
3402 0 -64 0
3403 0 -64 0
3404 0 -64 0
3405 1 63 1
3406 0 -64 0
3407 1 63 1
3408 0 -64 0
3409 1 63 1
3410 0 -64 0
3411 1 63 1
3412 0 -64 0
3413 1 63 1
3414 1 63 1
3415 1 63 1
3416 0 -64 0
3417 1 63 1
3418 0 -64 0
3419 0 -64 0
3420 0 -64 0
3421 0 -64 0
3422 0 -64 0
3423 1 63 1
3424 1 63 1
3425 1 63 1
3426 1 63 1
3427 0 -64 0
3428 0 -64 0
3429 1 63 1
3430 0 -64 0
3431 0 -64 0
3432 1 63 1
3433 0 -64 0
3434 0 -64 0
3435 1 63 1
3436 1 63 1
3437 1 63 1
3438 0 -64 0
3439 1 63 1
3440 0 -64 0
3441 1 63 1
3442 1 63 1
3443 0 -64 0
3444 1 63 1
3445 0 -64 0
3446 1 63 1
3447 0 -64 0
3448 1 63 1
3449 1 63 1
3450 1 63 1
3451 0 -64 0
3452 1 63 1
3453 0 -64 0
3454 0 -64 0
3455 1 63 1
3456 0 -64 0
3457 0 -64 0
3458 1 63 1
3459 0 -64 0
3460 0 -64 0
3461 1 63 1
3462 1 63 1
3463 1 63 1
3464 1 63 1
3465 0 -64 0
3466 0 -64 0
3467 0 -64 0
3468 0 -64 0
3469 0 -64 0
3470 0 -64 0
3471 1 63 1
3472 1 63 1
3473 1 63 1
3474 0 -64 0
3475 0 -64 0
3476 1 63 1
3477 1 63 1
3478 0 -64 0
3479 1 63 1
3480 1 63 1
3481 1 63 1
3482 1 63 1
3483 1 63 1
3484 0 -64 0
3485 1 63 1
3486 0 -64 0
3487 1 63 1
3488 1 63 1
3489 0 -64 0
3490 1 63 1
3491 1 63 1
3492 1 63 1
3493 0 -64 0
3494 0 -64 0
3495 1 63 1
3496 1 63 1
3497 1 63 1
3498 0 -64 0
3499 1 63 1
3500 1 63 1
3501 1 63 1
3502 0 -64 0
3503 0 -64 0
3504 1 63 1
3505 1 63 1
3506 1 63 1
3507 1 63 1
3508 0 -64 0
3509 0 -64 0
3510 1 63 1
3511 1 63 1
3512 1 63 1
3513 1 63 1
3514 0 -64 0
3515 0 -64 0
3516 0 -64 0
3517 0 -64 0
3518 0 -64 0
3519 1 63 1
3520 0 -64 0
3521 1 63 1
3522 1 63 1
3523 1 63 1
3524 1 63 1
3525 0 -64 0
3526 1 63 1
3527 1 63 1
3528 1 63 1
3529 0 -64 0
3530 1 63 1
3531 1 63 1
3532 1 63 1
3533 0 -64 0
3534 1 63 1
3535 1 63 1
3536 0 -64 0
3537 1 63 1
3538 0 -64 0
3539 0 -64 0
3540 0 -64 0
3541 1 63 1
3542 1 63 1
3543 0 -64 0
3544 0 -64 0
3545 0 -64 0
3546 0 -64 0
3547 0 -64 0
3548 1 63 1
3549 0 -64 0
3550 0 -64 0
3551 0 -64 0
3552 0 -64 0
3553 1 63 1
3554 0 -64 0
3555 1 63 1
3556 1 63 1
3557 0 -64 0
3558 0 -64 0
3559 0 -64 0
3560 1 63 1
3561 0 -64 0
3562 1 63 1
3563 0 -64 0
3564 0 -64 0
3565 1 63 1
3566 1 63 1
3567 0 -64 0
3568 1 63 1
3569 1 63 1
3570 0 -64 0
3571 1 63 1
3572 0 -64 0
3573 0 -64 0
3574 0 -64 0
3575 1 63 1
3576 1 63 1
3577 0 -64 0
3578 0 -64 0
3579 0 -64 0
3580 1 63 1
3581 1 63 1
3582 0 -64 0
3583 0 -64 0
3584 0 -64 0
3585 0 -64 0
3586 0 -64 0
3587 1 63 1
3588 1 63 1
3589 0 -64 0
3590 1 63 1
3591 1 63 1
3592 0 -64 0
3593 1 63 1
3594 1 63 1
3595 1 63 1
3596 0 -64 0
3597 1 63 1
3598 0 -64 0
3599 1 63 1
3600 0 -64 0
3601 1 63 1
3602 1 63 1
3603 0 -64 0
3604 1 63 1
3605 1 63 1
3606 1 63 1
3607 1 63 1
3608 1 63 1
3609 0 -64 0
3610 1 63 1
3611 1 63 1
3612 0 -64 0
3613 1 63 1
3614 0 -64 0
3615 0 -64 0
3616 0 -64 0
3617 1 63 1
3618 0 -64 0
3619 0 -64 0
3620 0 -64 0
3621 1 63 1
3622 1 63 1
3623 0 -64 0
3624 0 -64 0
3625 1 63 1
3626 1 63 1
3627 1 63 1
3628 0 -64 0
3629 1 63 1
3630 1 63 1
3631 1 63 1
3632 0 -64 0
3633 1 63 1
3634 0 -64 0
3635 1 63 1
3636 1 63 1
3637 0 -64 0
3638 1 63 1
3639 0 -64 0
3640 1 63 1
3641 1 63 1
3642 0 -64 0
3643 0 -64 0
3644 1 63 1
3645 1 63 1
3646 1 63 1
3647 1 63 1
3648 0 -64 0
3649 1 63 1
3650 0 -64 0
3651 0 -64 0
3652 1 63 1
3653 0 -64 0
3654 1 63 1
3655 1 63 1
3656 0 -64 0
3657 1 63 1
3658 1 63 1
3659 1 63 1
3660 1 63 1
3661 0 -64 0
3662 0 -64 0
3663 0 -64 0
3664 0 -64 0
3665 1 63 1
3666 1 63 1
3667 0 -64 0
3668 1 63 1
3669 0 -64 0
3670 1 63 1
3671 1 63 1
3672 0 -64 0
3673 0 -64 0
3674 0 -64 0
3675 1 63 1
3676 1 63 1
3677 1 63 1
3678 0 -64 0
3679 1 63 1
3680 0 -64 0
3681 1 63 1
3682 1 63 1
3683 1 63 1
3684 1 63 1
3685 0 -64 0
3686 1 63 1
3687 0 -64 0
3688 0 -64 0
3689 0 -64 0
3690 0 -64 0
3691 1 63 1
3692 1 63 1
3693 1 63 1
3694 1 63 1
3695 1 63 1
3696 1 63 1
3697 1 63 1
3698 1 63 1
3699 0 -64 0
3700 0 -64 0
3701 1 63 1
3702 1 63 1
3703 0 -64 0
3704 1 63 1
3705 1 63 1
3706 1 63 1
3707 0 -64 0
3708 1 63 1
3709 1 63 1
3710 1 63 1
3711 1 63 1
3712 0 -64 0
3713 0 -64 0
3714 0 -64 0
3715 1 63 1
3716 0 -64 0
3717 1 63 1
3718 1 63 1
3719 0 -64 0
3720 0 -64 0
3721 1 63 1
3722 0 -64 0
3723 1 63 1
3724 1 63 1
3725 0 -64 0
3726 1 63 1
3727 1 63 1
3728 1 63 1
3729 1 63 1
3730 0 -64 0
3731 0 -64 0
3732 1 63 1
3733 0 -64 0
3734 1 63 1
3735 1 63 1
3736 0 -64 0
3737 1 63 1
3738 1 63 1
3739 1 63 1
3740 1 63 1
3741 1 63 1
3742 0 -64 0
3743 1 63 1
3744 0 -64 0
3745 1 63 1
3746 0 -64 0
3747 1 63 1
3748 1 63 1
3749 0 -64 0
3750 1 63 1
3751 1 63 1
3752 0 -64 0
3753 1 63 1
3754 0 -64 0
3755 1 63 1
3756 0 -64 0
3757 0 -64 0
3758 0 -64 0
3759 1 63 1
3760 0 -64 0
3761 0 -64 0
3762 0 -64 0
3763 1 63 1
3764 1 63 1
3765 0 -64 0
3766 0 -64 0
3767 1 63 1
3768 0 -64 0
3769 0 -64 0
3770 1 63 1
3771 1 63 1
3772 1 63 1
3773 0 -64 0
3774 0 -64 0
3775 0 -64 0
3776 1 63 1
3777 0 -64 0
3778 0 -64 0
3779 0 -64 0
3780 0 -64 0
3781 0 -64 0
3782 1 63 1
3783 0 -64 0
3784 0 -64 0
3785 1 63 1
3786 0 -64 0
3787 0 -64 0
3788 0 -64 0
3789 0 -64 0
3790 0 -64 0
3791 1 63 1
3792 1 63 1
3793 1 63 1
3794 0 -64 0
3795 0 -64 0
3796 0 -64 0
3797 1 63 1
3798 1 63 1
3799 1 63 1
3800 1 63 1
3801 0 -64 0
3802 1 63 1
3803 0 -64 0
3804 1 63 1
3805 1 63 1
3806 1 63 1
3807 0 -64 0
3808 0 -64 0
3809 1 63 1
3810 0 -64 0
3811 1 63 1
3812 1 63 1
3813 0 -64 0
3814 0 -64 0
3815 0 -64 0
3816 0 -64 0
3817 0 -64 0
3818 1 63 1
3819 1 63 1
3820 0 -64 0
3821 0 -64 0
3822 1 63 1
3823 0 -64 0
3824 0 -64 0
3825 0 -64 0
3826 0 -64 0
3827 0 -64 0
3828 1 63 1
3829 1 63 1
3830 0 -64 0
3831 1 63 1
3832 0 -64 0
3833 1 63 1
3834 0 -64 0
3835 1 42 1
3836 1 63 1
3837 1 57 1
3838 1 50 1
3839 1 55 1
3840 1 39 1
3841 1 34 1
3842 1 47 1
3843 1 60 1
3844 0 -62 0
3845 0 -57 0
3846 1 61 1
3847 0 -64 0
3848 0 -63 0
3849 1 63 1
3850 1 63 1
3851 1 63 1
3852 1 63 1
3853 0 -64 0
3854 1 63 1
3855 0 -64 0
3856 1 63 1
3857 1 63 1
3858 1 63 1
3859 1 63 1
3860 0 -64 0
3861 1 63 1
3862 1 63 1
3863 1 63 1
3864 0 -64 0
3865 1 63 1
3866 1 63 1
3867 0 -64 0
3868 1 63 1
3869 1 63 1
3870 1 63 1
3871 0 -64 0
3872 1 63 1
3873 1 63 1
3874 0 -64 0
3875 0 -64 0
3876 1 63 1
3877 1 63 1
3878 0 -64 0
3879 1 63 1
3880 1 63 1
3881 1 63 1
3882 1 63 1
3883 1 63 1
3884 0 -64 0
3885 1 63 1
3886 0 -64 0
3887 1 63 1
3888 1 63 1
3889 1 63 1
3890 0 -64 0
3891 0 -64 0
3892 1 63 1
3893 1 63 1
3894 0 -64 0
3895 0 -64 0
3896 0 -64 0
3897 0 -64 0
3898 1 63 1
3899 0 -64 0
3900 0 -64 0
3901 1 63 1
3902 0 -64 0
3903 1 63 1
3904 0 -64 0
3905 0 -64 0
3906 1 63 1
3907 1 63 1
3908 1 63 1
3909 0 -64 0
3910 1 63 1
3911 0 -64 0
3912 0 -64 0
3913 1 63 1
3914 1 63 1
3915 0 -64 0
3916 1 63 1
3917 1 63 1
3918 0 -64 0
3919 1 63 1
3920 1 63 1
3921 1 63 1
3922 1 63 1
3923 0 -64 0
3924 0 -64 0
3925 1 63 1
3926 1 63 1
3927 0 -64 0
3928 1 63 1
3929 1 63 1
3930 0 -64 0
3931 0 -64 0
3932 0 -64 0
3933 0 -64 0
3934 0 -64 0
3935 0 -64 0
3936 0 -64 0
3937 1 63 1
3938 1 63 1
3939 0 -64 0
3940 0 -64 0
3941 0 -64 0
3942 0 -64 0
3943 0 -64 0
3944 0 -64 0
3945 1 63 1
3946 1 63 1
3947 0 -64 0
3948 1 63 1
3949 1 63 1
3950 1 63 1
3951 0 -64 0
3952 0 -64 0
3953 1 63 1
3954 0 -64 0
3955 1 63 1
3956 1 63 1
3957 0 -64 0
3958 0 -64 0
3959 1 63 1
3960 0 -64 0
3961 0 -64 0
3962 0 -64 0
3963 0 -64 0
3964 0 -64 0
3965 0 -64 0
3966 0 -64 0
3967 1 63 1
3968 0 -64 0
3969 1 63 1
3970 0 -64 0
3971 1 63 1
3972 0 -64 0
3973 1 63 1
3974 1 63 1
3975 0 -64 0
3976 0 -64 0
3977 1 63 1
3978 0 -64 0
3979 0 -64 0
3980 1 63 1
3981 0 -64 0
3982 1 63 1
3983 1 63 1
3984 1 63 1
3985 1 63 1
3986 0 -64 0
3987 0 -64 0
3988 1 63 1
3989 1 63 1
3990 1 63 1
3991 0 -64 0
3992 0 -64 0
3993 1 63 1
3994 1 63 1
3995 0 -64 0
3996 0 -64 0
3997 1 63 1
3998 1 63 1
3999 1 63 1
4000 0 -64 0
4001 1 63 1
4002 0 -64 0
4003 0 -64 0
4004 1 63 1
4005 1 63 1
4006 0 -64 0
4007 0 -64 0
4008 0 -64 0
4009 0 -64 0
4010 1 63 1
4011 1 63 1
4012 1 63 1
4013 0 -64 0
4014 1 63 1
4015 0 -64 0
4016 1 63 1
4017 1 63 1
4018 0 -64 0
4019 1 63 1
4020 0 -64 0
4021 0 -64 0
4022 1 63 1
4023 1 63 1
4024 0 -64 0
4025 1 63 1
4026 0 -64 0
4027 1 63 1
4028 0 -64 0
4029 1 63 1
4030 1 63 1
4031 0 -64 0
4032 0 -64 0
4033 1 63 1
4034 1 63 1
4035 0 -64 0
4036 0 -64 0
4037 0 -64 0
4038 0 -64 0
4039 1 63 1
4040 0 -64 0
4041 0 -64 0
4042 1 63 1
4043 0 -64 0
4044 0 -64 0
4045 1 63 1
4046 1 63 1
4047 0 -64 0
4048 0 -64 0
4049 0 -64 0
4050 0 -64 0
4051 1 63 1
4052 0 -64 0
4053 1 63 1
4054 1 63 1
4055 0 -64 0
4056 0 -64 0
4057 0 -64 0
4058 1 63 1
4059 1 63 1
4060 1 63 1
4061 0 -64 0
4062 1 63 1
4063 1 63 1
4064 1 63 1
4065 1 63 1
4066 1 63 1
4067 0 -64 0
4068 0 -64 0
4069 0 -64 0
4070 0 -64 0
4071 1 63 1
4072 1 63 1
4073 0 -64 0
4074 1 63 1
4075 1 63 1
4076 0 -64 0
4077 0 -64 0
4078 0 -64 0
4079 0 -64 0
4080 1 63 1
4081 1 63 1
4082 0 -64 0
4083 1 63 1
4084 1 63 1
4085 1 63 1
4086 1 63 1
4087 0 -64 0
4088 0 -64 0
4089 1 63 1
4090 0 -64 0
4091 1 63 1
4092 1 63 1
4093 1 63 1
4094 1 63 1
4095 0 -64 0
4096 0 -64 0
4097 0 -64 0
4098 1 63 1
4099 1 63 1
4100 1 63 1
4101 0 -64 0
4102 0 -64 0
4103 1 63 1
4104 0 -64 0
4105 1 63 1
4106 1 63 1
4107 0 -64 0
4108 1 63 1
4109 1 63 1
4110 1 63 1
4111 1 63 1
4112 1 63 1
4113 1 63 1
4114 0 -64 0
4115 0 -64 0
4116 0 -64 0
4117 1 63 1
4118 0 -64 0
4119 1 63 1
4120 1 63 1
4121 1 63 1
4122 1 63 1
4123 0 -64 0
4124 0 -64 0
4125 1 63 1
4126 0 -64 0
4127 0 -64 0
4128 0 -64 0
4129 0 -64 0
4130 1 63 1
4131 0 -64 0
4132 1 63 1
4133 1 63 1
4134 0 -64 0
4135 0 -64 0
4136 0 -64 0
4137 0 -64 0
4138 0 -64 0
4139 1 63 1
4140 1 63 1
4141 0 -64 0
4142 1 63 1
4143 0 -64 0
4144 0 -64 0
4145 0 -64 0
4146 1 63 1
4147 1 63 1
4148 0 -64 0
4149 0 -64 0
4150 1 63 1
4151 1 63 1
4152 0 -64 0
4153 1 63 1
4154 1 63 1
4155 0 -64 0
4156 0 -64 0
4157 0 -64 0
4158 1 63 1
4159 1 63 1
4160 1 63 1
4161 0 -64 0
4162 1 63 1
4163 0 -64 0
4164 0 -64 0
4165 1 63 1
4166 0 -64 0
4167 0 -64 0
4168 0 -64 0
4169 0 -64 0
4170 0 -64 0
4171 1 63 1
4172 1 63 1
4173 1 63 1
4174 0 -64 0
4175 1 63 1
4176 1 63 1
4177 1 63 1
4178 0 -64 0
4179 1 63 1
4180 0 -64 0
4181 1 63 1
4182 0 -64 0
4183 0 -64 0
4184 0 -64 0
4185 0 -64 0
4186 1 63 1
4187 1 63 1
4188 1 63 1
4189 1 63 1
4190 0 -64 0
4191 1 63 1
4192 0 -64 0
4193 0 -64 0
4194 1 63 1
4195 0 -64 0
4196 0 -64 0
4197 0 -64 0
4198 1 63 1
4199 1 63 1
4200 0 -64 0
4201 0 -64 0
4202 0 -64 0
4203 1 63 1
4204 1 63 1
4205 0 -64 0
4206 0 -64 0
4207 0 -64 0
4208 1 63 1
4209 1 63 1
4210 0 -64 0
4211 0 -64 0
4212 1 63 1
4213 1 63 1
4214 1 63 1
4215 0 -64 0
4216 0 -64 0
4217 0 -64 0
4218 1 63 1
4219 0 -64 0
4220 1 63 1
4221 0 -64 0
4222 1 63 1
4223 0 -64 0
4224 1 63 1
4225 0 -64 0
4226 1 63 1
4227 1 63 1
4228 1 63 1
4229 0 -64 0
4230 1 63 1
4231 1 63 1
4232 0 -64 0
4233 1 63 1
4234 0 -64 0
4235 0 -64 0
4236 1 63 1
4237 0 -64 0
4238 0 -64 0
4239 0 -64 0
4240 1 63 1
4241 0 -64 0
4242 1 63 1
4243 1 63 1
4244 0 -64 0
4245 0 -64 0
4246 1 63 1
4247 1 63 1
4248 1 63 1
4249 1 63 1
4250 1 63 1
4251 1 63 1
4252 1 63 1
4253 1 63 1
4254 1 63 1
4255 0 -64 0
4256 0 -64 0
4257 1 63 1
4258 1 63 1
4259 0 -64 0
4260 0 -64 0
4261 1 63 1
4262 0 -64 0
4263 1 63 1
4264 0 -64 0
4265 1 63 1
4266 0 -64 0
4267 0 -64 0
4268 0 -64 0
4269 1 63 1
4270 1 63 1
4271 1 63 1
4272 0 -64 0
4273 0 -64 0
4274 0 -64 0
4275 0 -64 0
4276 1 63 1
4277 0 -64 0
4278 1 63 1
4279 0 -64 0
4280 0 -64 0
4281 1 63 1
4282 1 63 1
4283 0 -64 0
4284 1 63 1
4285 0 -64 0
4286 1 63 1
4287 1 63 1
4288 0 -64 0
4289 1 63 1
4290 0 -64 0
4291 1 63 1
4292 0 -64 0
4293 0 -64 0
4294 0 -64 0
4295 1 63 1
4296 1 63 1
4297 1 63 1
4298 1 63 1
4299 1 63 1
4300 0 -64 0
4301 1 63 1
4302 1 63 1
4303 0 -64 0
4304 1 63 1
4305 1 63 1
4306 1 63 1
4307 1 63 1
4308 1 63 1
4309 1 63 1
4310 1 63 1
4311 1 63 1
4312 1 63 1
4313 1 63 1
4314 0 -64 0
4315 0 -64 0
4316 1 63 1
4317 1 63 1
4318 0 -64 0
4319 1 63 1
4320 1 63 1
4321 0 -64 0
4322 0 -64 0
4323 0 -64 0
4324 1 63 1
4325 1 63 1
4326 0 -64 0
4327 1 63 1
4328 0 -64 0
4329 1 63 1
4330 1 63 1
4331 1 63 1
4332 0 -64 0
4333 1 63 1
4334 1 63 1
4335 1 63 1
4336 1 63 1
4337 1 63 1
4338 0 -64 0
4339 1 63 1
4340 1 63 1
4341 0 -64 0
4342 1 63 1
4343 0 -64 0
4344 1 63 1
4345 0 -64 0
4346 0 -64 0
4347 0 -64 0
4348 1 63 1
4349 1 63 1
4350 1 63 1
4351 1 63 1
4352 0 -64 0
4353 0 -64 0
4354 1 63 1
4355 0 -64 0
4356 1 63 1
4357 1 63 1
4358 1 63 1
4359 1 63 1
4360 1 63 1
4361 0 -64 0
4362 1 63 1
4363 0 -64 0
4364 0 -64 0
4365 0 -64 0
4366 1 63 1
4367 1 63 1
4368 0 -64 0
4369 1 63 1
4370 0 -64 0
4371 1 63 1
4372 1 63 1
4373 1 63 1
4374 0 -64 0
4375 1 63 1
4376 0 -64 0
4377 0 -64 0
4378 1 63 1
4379 1 63 1
4380 0 -64 0
4381 1 63 1
4382 1 63 1
4383 0 -64 0
4384 0 -64 0
4385 1 63 1
4386 0 -64 0
4387 0 -64 0
4388 1 63 1
4389 1 63 1
4390 1 63 1
4391 1 63 1
4392 1 63 1
4393 1 63 1
4394 0 -64 0
4395 0 -64 0
4396 0 -64 0
4397 1 63 1
4398 0 -64 0
4399 1 63 1
4400 0 -64 0
4401 1 63 1
4402 1 63 1
4403 0 -64 0
4404 0 -64 0
4405 0 -64 0
4406 0 -64 0
4407 0 -64 0
4408 1 63 1
4409 0 -64 0
4410 1 63 1
4411 0 -64 0
4412 0 -64 0
4413 0 -64 0
4414 1 63 1
4415 0 -64 0
4416 1 63 1
4417 0 -64 0
4418 0 -64 0
4419 0 -64 0
4420 0 -64 0
4421 0 -64 0
4422 1 63 1
4423 0 -64 0
4424 0 -64 0
4425 1 63 1
4426 1 63 1
4427 0 -64 0
4428 0 -64 0
4429 0 -64 0
4430 0 -64 0
4431 0 -64 0
4432 1 63 1
4433 0 -64 0
4434 0 -64 0
4435 0 -64 0
4436 1 63 1
4437 0 -64 0
4438 1 63 1
4439 1 63 1
4440 1 63 1
4441 1 63 1
4442 0 -64 0
4443 1 63 1
4444 0 -64 0
4445 0 -64 0
4446 1 63 1
4447 0 -64 0
4448 0 -64 0
4449 1 63 1
4450 1 63 1
4451 0 -64 0
4452 1 63 1
4453 1 63 1
4454 0 -64 0
4455 0 -64 0
4456 0 -64 0
4457 1 63 1
4458 1 63 1
4459 1 63 1
4460 0 -64 0
4461 1 63 1
4462 0 -64 0
4463 0 -64 0
4464 0 -64 0
4465 1 63 1
4466 0 -64 0
4467 1 63 1
4468 0 -64 0
4469 0 -64 0
4470 0 -64 0
4471 1 63 1
4472 0 -64 0
4473 0 -64 0
4474 0 -64 0
4475 1 63 1
4476 0 -64 0
4477 0 -64 0
4478 0 -64 0
4479 1 63 1
4480 0 -64 0
4481 1 63 1
4482 0 -64 0
4483 1 63 1
4484 1 63 1
4485 0 -64 0
4486 1 63 1
4487 0 -64 0
4488 0 -64 0
4489 0 -64 0
4490 1 63 1
4491 0 -64 0
4492 1 63 1
4493 1 63 1
4494 0 -64 0
4495 1 63 1
4496 0 -64 0
4497 0 -64 0
4498 0 -64 0
4499 1 63 1
4500 0 -64 0
4501 1 63 1
4502 0 -64 0
4503 1 63 1
4504 1 63 1
4505 1 63 1
4506 0 -64 0
4507 0 -64 0
4508 1 63 1
4509 1 63 1
4510 1 63 1
4511 1 63 1
4512 0 -64 0
4513 0 -64 0
4514 1 63 1
4515 1 63 1
4516 1 63 1
4517 0 -64 0
4518 1 63 1
4519 1 63 1
4520 1 63 1
4521 0 -64 0
4522 1 63 1
4523 0 -64 0
4524 1 63 1
4525 1 63 1
4526 1 63 1
4527 0 -64 0
4528 0 -64 0
4529 0 -64 0
4530 1 63 1
4531 0 -64 0
4532 0 -64 0
4533 0 -64 0
4534 0 -64 0
4535 1 63 1
4536 0 -64 0
4537 1 63 1
4538 0 -64 0
4539 0 -64 0
4540 1 63 1
4541 1 63 1
4542 1 63 1
4543 1 63 1
4544 0 -64 0
4545 0 -64 0
4546 1 63 1
4547 0 -64 0
4548 0 -64 0
4549 0 -64 0
4550 1 63 1
4551 1 63 1
4552 1 63 1
4553 1 63 1
4554 0 -64 0
4555 0 -64 0
4556 1 63 1
4557 0 -64 0
4558 0 -64 0
4559 1 63 1
4560 1 63 1
4561 1 63 1
4562 0 -64 0
4563 0 -64 0
4564 0 -64 0
4565 0 -64 0
4566 0 -64 0
4567 0 -64 0
4568 1 63 1
4569 1 63 1
4570 1 63 1
4571 1 63 1
4572 0 -64 0
4573 1 63 1
4574 0 -64 0
4575 1 63 1
4576 0 -64 0
4577 0 -64 0
4578 0 -64 0
4579 1 63 1
4580 1 63 1
4581 1 63 1
4582 0 -64 0
4583 1 63 1
4584 0 -64 0
4585 0 -64 0
4586 1 63 1
4587 0 -64 0
4588 1 63 1
4589 0 -64 0
4590 1 63 1
4591 0 -64 0
4592 0 -64 0
4593 1 63 1
4594 0 -64 0
4595 0 -64 0
4596 0 -64 0
4597 1 63 1
4598 0 -64 0
4599 0 -64 0
4600 1 63 1
4601 0 -64 0
4602 0 -64 0
4603 0 -64 0
4604 0 -53 0
4605 1 60 1
4606 0 -39 0
4607 0 35 1
4608 1 37 1
4609 0 -53 0
4610 0 -63 0
4611 0 -57 0
4612 0 -64 0
4613 1 63 1
4614 1 63 1
4615 0 -64 0
4616 0 -64 0
4617 0 -64 0
4618 1 63 1
4619 0 -64 0
4620 0 -64 0
4621 0 -64 0
4622 1 63 1
4623 0 -64 0
4624 1 63 1
4625 1 63 1
4626 1 63 1
4627 0 -64 0
4628 1 63 1
4629 1 63 1
4630 1 63 1
4631 0 -64 0
4632 0 -64 0
4633 1 63 1
4634 0 -64 0
4635 1 63 1
4636 1 63 1
4637 0 -64 0
4638 0 -64 0
4639 1 63 1
4640 1 63 1
4641 0 -64 0
4642 0 -64 0
4643 0 -64 0
4644 1 63 1
4645 0 -64 0
4646 1 63 1
4647 0 -64 0
4648 1 63 1
4649 1 63 1
4650 0 -64 0
4651 1 63 1
4652 0 -64 0
4653 0 -64 0
4654 1 63 1
4655 1 63 1
4656 0 -64 0
4657 0 -64 0
4658 1 63 1
4659 1 63 1
4660 0 -64 0
4661 1 63 1
4662 1 63 1
4663 1 63 1
4664 0 -64 0
4665 1 63 1
4666 1 63 1
4667 1 63 1
4668 1 63 1
4669 1 63 1
4670 0 -64 0
4671 0 -64 0
4672 0 -64 0
4673 1 63 1
4674 1 63 1
4675 1 63 1
4676 1 63 1
4677 1 63 1
4678 1 63 1
4679 1 63 1
4680 0 -64 0
4681 0 -64 0
4682 0 -64 0
4683 0 -64 0
4684 1 63 1
4685 0 -64 0
4686 0 -64 0
4687 0 -64 0
4688 0 -64 0
4689 1 63 1
4690 0 -64 0
4691 0 -64 0
4692 0 -64 0
4693 1 63 1
4694 0 -64 0
4695 0 -64 0
4696 0 -64 0
4697 0 -64 0
4698 0 -64 0
4699 1 63 1
4700 1 63 1
4701 0 -64 0
4702 1 63 1
4703 0 -64 0
4704 0 -64 0
4705 1 63 1
4706 0 -64 0
4707 1 63 1
4708 0 -64 0
4709 0 -64 0
4710 1 63 1
4711 1 63 1
4712 1 63 1
4713 1 63 1
4714 1 63 1
4715 1 63 1
4716 0 -64 0
4717 0 -64 0
4718 0 -64 0
4719 0 -64 0
4720 1 63 1
4721 0 -64 0
4722 1 63 1
4723 1 63 1
4724 1 63 1
4725 0 -64 0
4726 0 -64 0
4727 0 -64 0
4728 0 -64 0
4729 0 -64 0
4730 0 -64 0
4731 0 -64 0
4732 0 -64 0
4733 1 63 1
4734 1 63 1
4735 1 63 1
4736 1 63 1
4737 0 -64 0
4738 0 -64 0
4739 0 -64 0
4740 1 63 1
4741 0 -64 0
4742 1 63 1
4743 1 63 1
4744 0 -64 0
4745 1 63 1
4746 0 -64 0
4747 1 63 1
4748 0 -64 0
4749 0 -64 0
4750 1 63 1
4751 0 -64 0
4752 1 63 1
4753 1 63 1
4754 0 -64 0
4755 1 63 1
4756 0 -64 0
4757 1 63 1
4758 0 -64 0
4759 1 63 1
4760 1 63 1
4761 0 -64 0
4762 0 -64 0
4763 0 -64 0
4764 0 -64 0
4765 0 -64 0
4766 1 63 1
4767 1 63 1
4768 1 63 1
4769 1 63 1
4770 0 -64 0
4771 0 -64 0
4772 0 -64 0
4773 0 -64 0
4774 1 63 1
4775 0 -64 0
4776 1 63 1
4777 1 63 1
4778 0 -64 0
4779 1 63 1
4780 1 63 1
4781 0 -64 0
4782 1 63 1
4783 1 63 1
4784 1 63 1
4785 1 63 1
4786 0 -64 0
4787 0 -64 0
4788 0 -64 0
4789 1 63 1
4790 0 -64 0
4791 0 -64 0
4792 1 63 1
4793 0 -64 0
4794 1 63 1
4795 0 -64 0
4796 1 63 1
4797 1 63 1
4798 1 63 1
4799 0 -64 0
4800 1 63 1
4801 0 -64 0
4802 1 63 1
4803 1 63 1
4804 1 63 1
4805 0 -64 0
4806 0 -64 0
4807 1 63 1
4808 0 -64 0
4809 0 -64 0
4810 0 -64 0
4811 1 63 1
4812 1 63 1
4813 1 63 1
4814 1 63 1
4815 0 -64 0
4816 0 -64 0
4817 0 -64 0
4818 0 -64 0
4819 0 -64 0
4820 0 -64 0
4821 1 63 1
4822 1 63 1
4823 0 -64 0
4824 1 63 1
4825 0 -64 0
4826 1 63 1
4827 0 -64 0
4828 1 63 1
4829 0 -64 0
4830 0 -64 0
4831 1 63 1
4832 0 -64 0
4833 0 -64 0
4834 1 63 1
4835 0 -64 0
4836 1 63 1
4837 0 -64 0
4838 0 -64 0
4839 1 63 1
4840 1 63 1
4841 1 63 1
4842 0 -64 0
4843 1 63 1
4844 0 -64 0
4845 0 -64 0
4846 0 -64 0
4847 1 63 1
4848 0 -64 0
4849 0 -64 0
4850 1 63 1
4851 0 -64 0
4852 0 -64 0
4853 0 -64 0
4854 1 63 1
4855 0 -64 0
4856 1 63 1
4857 1 63 1
4858 1 63 1
4859 1 63 1
4860 0 -64 0
4861 1 63 1
4862 0 -64 0
4863 1 63 1
4864 1 63 1
4865 0 -64 0
4866 1 63 1
4867 1 63 1
4868 0 -64 0
4869 0 -64 0
4870 0 -64 0
4871 1 63 1
4872 1 63 1
4873 0 -64 0
4874 0 -64 0
4875 1 63 1
4876 1 63 1
4877 0 -64 0
4878 1 63 1
4879 1 63 1
4880 0 -64 0
4881 0 -64 0
4882 1 63 1
4883 0 -64 0
4884 0 -64 0
4885 1 63 1
4886 1 63 1
4887 0 -64 0
4888 1 63 1
4889 0 -64 0
4890 0 -64 0
4891 1 63 1
4892 1 63 1
4893 1 63 1
4894 0 -64 0
4895 1 63 1
4896 1 63 1
4897 1 63 1
4898 1 63 1
4899 1 63 1
4900 1 63 1
4901 1 63 1
4902 1 63 1
4903 1 63 1
4904 0 -64 0
4905 1 63 1
4906 0 -64 0
4907 1 63 1
4908 0 -64 0
4909 0 -64 0
4910 1 63 1
4911 1 63 1
4912 1 63 1
4913 0 -64 0
4914 0 -64 0
4915 0 -64 0
4916 1 63 1
4917 1 63 1
4918 1 63 1
4919 1 63 1
4920 0 -64 0
4921 1 63 1
4922 0 -64 0
4923 1 63 1
4924 0 -64 0
4925 0 -64 0
4926 1 63 1
4927 0 -64 0
4928 1 63 1
4929 0 -64 0
4930 0 -64 0
4931 1 63 1
4932 1 63 1
4933 1 63 1
4934 1 63 1
4935 0 -64 0
4936 1 63 1
4937 1 63 1
4938 1 63 1
4939 0 -64 0
4940 0 -64 0
4941 1 63 1
4942 0 -64 0
4943 0 -64 0
4944 1 63 1
4945 1 63 1
4946 1 63 1
4947 0 -64 0
4948 0 -64 0
4949 0 -64 0
4950 1 63 1
4951 1 63 1
4952 1 63 1
4953 0 -64 0
4954 1 63 1
4955 1 63 1
4956 1 63 1
4957 0 -64 0
4958 1 63 1
4959 0 -64 0
4960 1 63 1
4961 1 63 1
4962 0 -64 0
4963 0 -64 0
4964 1 63 1
4965 0 -64 0
4966 1 63 1
4967 0 -64 0
4968 0 -64 0
4969 1 63 1
4970 1 63 1
4971 1 63 1
4972 1 63 1
4973 0 -64 0
4974 1 63 1
4975 0 -64 0
4976 0 -64 0
4977 0 -64 0
4978 0 -64 0
4979 0 -64 0
4980 1 63 1
4981 1 63 1
4982 0 -64 0
4983 0 -64 0
4984 1 63 1
4985 1 63 1
4986 1 63 1
4987 0 -64 0
4988 0 -64 0
4989 0 -64 0
4990 1 63 1
4991 1 63 1
4992 1 63 1
4993 0 -64 0
4994 0 -64 0
4995 1 63 1
4996 0 -64 0
4997 1 63 1
4998 0 -64 0
4999 0 -64 0
5000 1 63 1
5001 1 63 1
5002 0 -64 0
5003 0 -64 0
5004 1 63 1
5005 1 63 1
5006 0 -64 0
5007 0 -64 0
5008 1 63 1
5009 1 63 1
5010 1 63 1
5011 0 -64 0
5012 0 -64 0
5013 1 63 1
5014 1 63 1
5015 0 -64 0
5016 0 -64 0
5017 1 63 1
5018 0 -64 0
5019 1 63 1
5020 0 -64 0
5021 1 63 1
5022 0 -64 0
5023 0 -64 0
5024 1 63 1
5025 1 63 1
5026 1 63 1
5027 0 -64 0
5028 1 63 1
5029 1 63 1
5030 1 63 1
5031 0 -64 0
5032 1 63 1
5033 1 63 1
5034 0 -64 0
5035 0 -64 0
5036 1 63 1
5037 1 63 1
5038 1 63 1
5039 1 63 1
5040 0 -64 0
5041 0 -64 0
5042 1 63 1
5043 0 -64 0
5044 1 63 1
5045 0 -64 0
5046 0 -64 0
5047 1 63 1
5048 1 63 1
5049 0 -64 0
5050 0 -64 0
5051 1 63 1
5052 1 63 1
5053 0 -64 0
5054 0 -64 0
5055 1 63 1
5056 1 63 1
5057 1 63 1
5058 1 63 1
5059 0 -64 0
5060 1 63 1
5061 0 -64 0
5062 0 -64 0
5063 1 63 1
5064 1 63 1
5065 0 -64 0
5066 0 -64 0
5067 1 63 1
5068 1 63 1
5069 1 63 1
5070 0 -64 0
5071 0 -64 0
5072 1 63 1
5073 1 63 1
5074 0 -64 0
5075 1 63 1
5076 1 63 1
5077 0 -64 0
5078 1 63 1
5079 1 63 1
5080 1 63 1
5081 0 -64 0
5082 0 -64 0
5083 0 -64 0
5084 1 63 1
5085 0 -64 0
5086 1 63 1
5087 1 63 1
5088 1 63 1
5089 0 -64 0
5090 1 63 1
5091 1 63 1
5092 0 -64 0
5093 1 63 1
5094 0 -64 0
5095 0 -64 0
5096 0 -64 0
5097 1 63 1
5098 1 63 1
5099 1 63 1
5100 1 63 1
5101 1 63 1
5102 0 -64 0
5103 0 -64 0
5104 1 63 1
5105 1 63 1
5106 1 63 1
5107 1 63 1
5108 1 63 1
5109 1 63 1
5110 0 -64 0
5111 0 -64 0
5112 0 -64 0
5113 1 63 1
5114 1 63 1
5115 1 63 1
5116 0 -64 0
5117 1 63 1
5118 1 63 1
5119 1 63 1
5120 1 63 1
5121 1 63 1
5122 0 -64 0
5123 1 63 1
5124 0 -64 0
5125 1 63 1
5126 0 -64 0
5127 1 63 1
5128 1 63 1
5129 0 -64 0
5130 1 63 1
5131 1 63 1
5132 1 63 1
5133 1 63 1
5134 1 63 1
5135 0 -64 0
5136 1 63 1
5137 1 63 1
5138 0 -64 0
5139 0 -64 0
5140 1 63 1
5141 0 -64 0
5142 1 63 1
5143 0 -64 0
5144 0 -64 0
5145 0 -64 0
5146 1 63 1
5147 0 -64 0
5148 0 -64 0
5149 1 63 1
5150 0 -64 0
5151 0 -64 0
5152 0 -64 0
5153 0 -64 0
5154 0 -64 0
5155 0 -64 0
5156 0 -64 0
5157 0 -64 0
5158 0 -64 0
5159 0 -64 0
5160 1 63 1
5161 0 -64 0
5162 1 63 1
5163 0 -64 0
5164 0 -64 0
5165 0 -64 0
5166 1 63 1
5167 1 63 1
5168 0 -64 0
5169 1 63 1
5170 1 63 1
5171 0 -64 0
5172 1 63 1
5173 1 63 1
5174 0 -64 0
5175 0 -64 0
5176 0 -64 0
5177 0 -64 0
5178 0 -64 0
5179 1 63 1
5180 1 63 1
5181 0 -64 0
5182 1 63 1
5183 1 63 1
5184 0 -64 0
5185 1 63 1
5186 1 63 1
5187 0 -64 0
5188 0 -64 0
5189 1 63 1
5190 1 63 1
5191 1 63 1
5192 1 63 1
5193 0 -64 0
5194 0 -64 0
5195 1 63 1
5196 0 -64 0
5197 0 -64 0
5198 1 63 1
5199 1 63 1
5200 1 63 1
5201 1 63 1
5202 0 -64 0
5203 0 -64 0
5204 0 -64 0
5205 1 63 1
5206 1 63 1
5207 0 -64 0
5208 0 -64 0
5209 0 -64 0
5210 0 -64 0
5211 1 63 1
5212 1 63 1
5213 0 -64 0
5214 0 -64 0
5215 1 63 1
5216 0 -64 0
5217 1 63 1
5218 1 63 1
5219 1 63 1
5220 0 -64 0
5221 1 63 1
5222 0 -64 0
5223 0 -64 0
5224 0 -64 0
5225 0 -64 0
5226 1 63 1
5227 0 -64 0
5228 0 -64 0
5229 1 63 1
5230 1 63 1
5231 1 63 1
5232 1 63 1
5233 1 63 1
5234 1 63 1
5235 1 63 1
5236 1 63 1
5237 0 -64 0
5238 1 63 1
5239 1 63 1
5240 0 -64 0
5241 0 -64 0
5242 0 -64 0
5243 0 -64 0
5244 0 -64 0
5245 1 63 1
5246 1 63 1
5247 0 -64 0
5248 0 -64 0
5249 0 -64 0
5250 0 -64 0
5251 0 -64 0
5252 1 63 1
5253 0 -64 0
5254 0 -64 0
5255 0 -64 0
5256 0 -64 0
5257 0 -64 0
5258 1 63 1
5259 1 63 1
5260 1 63 1
5261 1 63 1
5262 1 63 1
5263 1 63 1
5264 1 63 1
5265 1 63 1
5266 0 -64 0
5267 1 63 1
5268 1 63 1
5269 0 -64 0
5270 1 63 1
5271 1 63 1
5272 0 -64 0
5273 0 -64 0
5274 1 63 1
5275 1 63 1
5276 1 63 1
5277 1 63 1
5278 0 -64 0
5279 1 63 1
5280 0 -64 0
5281 1 63 1
5282 1 63 1
5283 1 63 1
5284 0 -64 0
5285 0 -64 0
5286 0 -64 0
5287 0 -64 0
5288 0 -64 0
5289 0 -64 0
5290 1 63 1
5291 1 63 1
5292 1 63 1
5293 1 63 1
5294 1 63 1
5295 0 -64 0
5296 1 63 1
5297 1 63 1
5298 0 -64 0
5299 1 63 1
5300 0 -64 0
5301 0 -64 0
5302 1 63 1
5303 1 63 1
5304 0 -64 0
5305 0 -64 0
5306 1 63 1
5307 0 -64 0
5308 0 -64 0
5309 1 63 1
5310 1 63 1
5311 0 -64 0
5312 0 -64 0
5313 1 63 1
5314 0 -64 0
5315 0 -64 0
5316 1 63 1
5317 1 63 1
5318 1 63 1
5319 0 -64 0
5320 0 -64 0
5321 1 63 1
5322 0 -64 0
5323 0 -64 0
5324 1 63 1
5325 1 63 1
5326 1 63 1
5327 0 -64 0
5328 0 -64 0
5329 0 -64 0
5330 0 -64 0
5331 1 63 1
5332 1 63 1
5333 1 63 1
5334 1 63 1
5335 0 -64 0
5336 0 -64 0
5337 1 63 1
5338 0 -64 0
5339 0 -64 0
5340 0 -64 0
5341 1 63 1
5342 0 -64 0
5343 1 63 1
5344 1 63 1
5345 0 -64 0
5346 1 63 1
5347 1 63 1
5348 0 -64 0
5349 1 63 1
5350 1 63 1
5351 1 63 1
5352 1 63 1
5353 1 63 1
5354 1 63 1
5355 0 -64 0
5356 0 -64 0
5357 0 -64 0
5358 0 -64 0
5359 0 -64 0
5360 1 63 1
5361 0 -64 0
5362 0 -64 0
5363 0 -64 0
5364 0 -64 0
5365 1 63 1
5366 0 -64 0
5367 0 -64 0
5368 1 63 1
5369 0 -49 0
5370 0 -64 0
5371 1 63 1
5372 1 59 1
5373 1 59 1
5374 1 43 1
5375 1 50 1
5376 1 39 1
5377 1 51 1
5378 1 57 1
5379 0 -60 0
5380 1 56 1
5381 0 -64 0
5382 1 63 1
5383 1 63 1
5384 1 63 1
5385 1 63 1
5386 1 63 1
5387 0 -64 0
5388 0 -64 0
5389 1 63 1
5390 0 -64 0
5391 1 63 1
5392 0 -64 0
5393 1 63 1
5394 0 -64 0
5395 0 -64 0
5396 1 63 1
5397 0 -64 0
5398 1 63 1
5399 0 -64 0
5400 0 -64 0
5401 0 -64 0
5402 1 63 1
5403 0 -64 0
5404 0 -64 0
5405 1 63 1
5406 0 -64 0
5407 1 63 1
5408 1 63 1
5409 0 -64 0
5410 0 -64 0
5411 0 -64 0
5412 1 63 1
5413 0 -64 0
5414 0 -64 0
5415 1 63 1
5416 1 63 1
5417 1 63 1
5418 0 -64 0
5419 0 -64 0
5420 0 -64 0
5421 0 -64 0
5422 0 -64 0
5423 1 63 1
5424 1 63 1
5425 1 63 1
5426 0 -64 0
5427 1 63 1
5428 0 -64 0
5429 0 -64 0
5430 0 -64 0
5431 1 63 1
5432 1 63 1
5433 1 63 1
5434 0 -64 0
5435 0 -64 0
5436 0 -64 0
5437 1 63 1
5438 0 -64 0
5439 0 -64 0
5440 1 63 1
5441 1 63 1
5442 1 63 1
5443 0 -64 0
5444 1 63 1
5445 1 63 1
5446 0 -64 0
5447 0 -64 0
5448 0 -64 0
5449 1 63 1
5450 1 63 1
5451 1 63 1
5452 0 -64 0
5453 0 -64 0
5454 0 -64 0
5455 1 63 1
5456 0 -64 0
5457 1 63 1
5458 1 63 1
5459 0 -64 0
5460 1 63 1
5461 0 -64 0
5462 1 63 1
5463 1 63 1
5464 0 -64 0
5465 1 63 1
5466 1 63 1
5467 0 -64 0
5468 0 -64 0
5469 1 63 1
5470 1 63 1
5471 0 -64 0
5472 0 -64 0
5473 0 -64 0
5474 0 -64 0
5475 0 -64 0
5476 0 -64 0
5477 0 -64 0
5478 1 63 1
5479 0 -64 0
5480 1 63 1
5481 0 -64 0
5482 1 63 1
5483 1 63 1
5484 0 -64 0
5485 1 63 1
5486 1 63 1
5487 0 -64 0
5488 0 -64 0
5489 1 63 1
5490 0 -64 0
5491 0 -64 0
5492 0 -64 0
5493 0 -64 0
5494 1 63 1
5495 0 -64 0
5496 1 63 1
5497 0 -64 0
5498 0 -64 0
5499 1 63 1
5500 1 63 1
5501 1 63 1
5502 0 -64 0
5503 1 63 1
5504 0 -64 0
5505 0 -64 0
5506 1 63 1
5507 1 63 1
5508 0 -64 0
5509 0 -64 0
5510 1 63 1
5511 1 63 1
5512 1 63 1
5513 1 63 1
5514 1 63 1
5515 1 63 1
5516 1 63 1
5517 1 63 1
5518 0 -64 0
5519 1 63 1
5520 1 63 1
5521 1 63 1
5522 0 -64 0
5523 1 63 1
5524 1 63 1
5525 0 -64 0
5526 1 63 1
5527 0 -64 0
5528 1 63 1
5529 0 -64 0
5530 0 -64 0
5531 0 -64 0
5532 0 -64 0
5533 0 -64 0
5534 1 63 1
5535 1 63 1
5536 0 -64 0
5537 0 -64 0
5538 1 63 1
5539 0 -64 0
5540 1 63 1
5541 0 -64 0
5542 1 63 1
5543 1 63 1
5544 0 -64 0
5545 1 63 1
5546 1 63 1
5547 0 -64 0
5548 0 -64 0
5549 1 63 1
5550 1 63 1
5551 1 63 1
5552 0 -64 0
5553 0 -64 0
5554 0 -64 0
5555 1 63 1
5556 1 63 1
5557 0 -64 0
5558 0 -64 0
5559 1 63 1
5560 0 -64 0
5561 1 63 1
5562 1 63 1
5563 0 -64 0
5564 0 -64 0
5565 1 63 1
5566 1 63 1
5567 1 63 1
5568 1 63 1
5569 1 63 1
5570 0 -64 0
5571 0 -64 0
5572 1 63 1
5573 1 63 1
5574 1 63 1
5575 0 -64 0
5576 1 63 1
5577 0 -64 0
5578 0 -64 0
5579 1 63 1
5580 1 63 1
5581 0 -64 0
5582 0 -64 0
5583 0 -64 0
5584 1 63 1
5585 1 63 1
5586 0 -64 0
5587 0 -64 0
5588 1 63 1
5589 1 63 1
5590 0 -64 0
5591 1 63 1
5592 1 63 1
5593 1 63 1
5594 0 -64 0
5595 0 -64 0
5596 1 63 1
5597 0 -64 0
5598 0 -64 0
5599 1 63 1
5600 1 63 1
5601 0 -64 0
5602 0 -64 0
5603 0 -64 0
5604 1 63 1
5605 0 -64 0
5606 0 -64 0
5607 1 63 1
5608 0 -64 0
5609 1 63 1
5610 1 63 1
5611 0 -64 0
5612 1 63 1
5613 0 -64 0
5614 0 -64 0
5615 1 63 1
5616 1 63 1
5617 1 63 1
5618 1 63 1
5619 1 63 1
5620 0 -64 0
5621 1 63 1
5622 0 -64 0
5623 1 63 1
5624 0 -64 0
5625 1 63 1
5626 1 63 1
5627 0 -64 0
5628 1 63 1
5629 1 63 1
5630 0 -64 0
5631 1 63 1
5632 1 63 1
5633 0 -64 0
5634 1 63 1
5635 1 63 1
5636 1 63 1
5637 1 63 1
5638 0 -64 0
5639 0 -64 0
5640 1 63 1
5641 1 63 1
5642 1 63 1
5643 1 63 1
5644 0 -64 0
5645 0 -64 0
5646 1 63 1
5647 1 63 1
5648 1 63 1
5649 0 -64 0
5650 0 -64 0
5651 1 63 1
5652 0 -64 0
5653 0 -64 0
5654 0 -64 0
5655 0 -64 0
5656 1 63 1
5657 0 -64 0
5658 1 63 1
5659 0 -64 0
5660 1 63 1
5661 1 63 1
5662 0 -64 0
5663 1 63 1
5664 1 63 1
5665 0 -64 0
5666 1 63 1
5667 0 -64 0
5668 1 63 1
5669 1 63 1
5670 0 -64 0
5671 0 -64 0
5672 1 63 1
5673 1 63 1
5674 0 -64 0
5675 1 63 1
5676 1 63 1
5677 1 63 1
5678 0 -64 0
5679 0 -64 0
5680 0 -64 0
5681 1 63 1
5682 0 -64 0
5683 0 -64 0
5684 1 63 1
5685 0 -64 0
5686 0 -64 0
5687 1 63 1
5688 1 63 1
5689 0 -64 0
5690 0 -64 0
5691 0 -64 0
5692 1 63 1
5693 1 63 1
5694 0 -64 0
5695 0 -64 0
5696 1 63 1
5697 0 -64 0
5698 1 63 1
5699 1 63 1
5700 0 -64 0
5701 0 -64 0
5702 1 63 1
5703 0 -64 0
5704 1 63 1
5705 0 -64 0
5706 0 -64 0
5707 1 63 1
5708 0 -64 0
5709 1 63 1
5710 1 63 1
5711 0 -64 0
5712 1 63 1
5713 1 63 1
5714 0 -64 0
5715 1 63 1
5716 0 -64 0
5717 0 -64 0
5718 1 63 1
5719 1 63 1
5720 1 63 1
5721 0 -64 0
5722 0 -64 0
5723 1 63 1
5724 1 63 1
5725 1 63 1
5726 0 -64 0
5727 0 -64 0
5728 1 63 1
5729 0 -64 0
5730 0 -64 0
5731 0 -64 0
5732 1 63 1
5733 1 63 1
5734 1 63 1
5735 0 -64 0
5736 0 -64 0
5737 0 -64 0
5738 0 -64 0
5739 0 -64 0
5740 0 -64 0
5741 1 63 1
5742 0 -64 0
5743 0 -64 0
5744 0 -64 0
5745 0 -64 0
5746 0 -64 0
5747 1 63 1
5748 0 -64 0
5749 0 -64 0
5750 1 63 1
5751 0 -64 0
5752 0 -64 0
5753 1 63 1
5754 1 63 1
5755 0 -64 0
5756 1 63 1
5757 1 63 1
5758 1 63 1
5759 0 -64 0
5760 1 -32 0
5761 1 47 1
5762 1 18 1
5763 0 -60 0
5764 0 -47 0
5765 0 -60 0
5766 0 -18 0
5767 0 18 1
5768 1 61 1
5769 0 -62 0
5770 0 -64 0
5771 0 -64 0
5772 0 -64 0
5773 0 -64 0
5774 1 63 1
5775 0 -64 0
5776 1 63 1
5777 0 -64 0
5778 1 63 1
5779 0 -64 0
5780 0 -64 0
5781 1 63 1
5782 1 63 1
5783 0 -64 0
5784 0 -64 0
5785 1 63 1
5786 0 -64 0
5787 1 63 1
5788 1 63 1
5789 0 -64 0
5790 0 -64 0
5791 1 63 1
5792 1 63 1
5793 0 -64 0
5794 0 -64 0
5795 0 -64 0
5796 0 -64 0
5797 0 -64 0
5798 1 63 1
5799 1 63 1
5800 0 -64 0
5801 0 -64 0
5802 1 63 1
5803 1 63 1
5804 1 63 1
5805 0 -64 0
5806 1 63 1
5807 0 -64 0
5808 0 -64 0
5809 0 -64 0
5810 1 63 1
5811 0 -64 0
5812 1 63 1
5813 1 63 1
5814 0 -64 0
5815 1 63 1
5816 1 63 1
5817 0 -64 0
5818 1 63 1
5819 0 -64 0
5820 1 63 1
5821 1 63 1
5822 0 -64 0
5823 0 -64 0
5824 0 -64 0
5825 0 -64 0
5826 1 63 1
5827 1 63 1
5828 1 63 1
5829 0 -64 0
5830 1 63 1
5831 0 -64 0
5832 1 63 1
5833 0 -64 0
5834 0 -64 0
5835 1 63 1
5836 0 -64 0
5837 1 63 1
5838 0 -64 0
5839 0 -64 0
5840 1 63 1
5841 1 63 1
5842 1 63 1
5843 0 -64 0
5844 1 63 1
5845 1 63 1
5846 1 63 1
5847 0 -64 0
5848 1 63 1
5849 1 63 1
5850 1 63 1
5851 0 -64 0
5852 1 63 1
5853 1 63 1
5854 1 63 1
5855 1 63 1
5856 0 -64 0
5857 1 63 1
5858 0 -64 0
5859 1 63 1
5860 1 63 1
5861 1 63 1
5862 0 -64 0
5863 0 -64 0
5864 1 63 1
5865 1 63 1
5866 0 -64 0
5867 1 63 1
5868 1 63 1
5869 1 63 1
5870 0 -64 0
5871 0 -64 0
5872 0 -64 0
5873 1 63 1
5874 0 -64 0
5875 0 -64 0
5876 1 63 1
5877 0 -64 0
5878 1 63 1
5879 0 -64 0
5880 0 -64 0
5881 1 63 1
5882 0 -64 0
5883 1 63 1
5884 1 63 1
5885 0 -64 0
5886 1 63 1
5887 0 -64 0
5888 0 -64 0
5889 0 -64 0
5890 0 -64 0
5891 1 63 1
5892 0 -64 0
5893 0 -64 0
5894 0 -64 0
5895 1 63 1
5896 0 -64 0
5897 0 -64 0
5898 0 -64 0
5899 1 63 1
5900 1 63 1
5901 1 63 1
5902 1 63 1
5903 0 -64 0
5904 1 63 1
5905 0 -64 0
5906 1 63 1
5907 0 -64 0
5908 1 63 1
5909 0 -64 0
5910 0 -64 0
5911 1 63 1
5912 1 63 1
5913 1 63 1
5914 0 -64 0
5915 1 63 1
5916 1 63 1
5917 1 63 1
5918 0 -64 0
5919 0 -64 0
5920 0 -64 0
5921 0 -64 0
5922 1 63 1
5923 0 -64 0
5924 1 63 1
5925 1 63 1
5926 1 63 1
5927 0 -64 0
5928 1 63 1
5929 1 63 1
5930 1 63 1
5931 1 63 1
5932 1 63 1
5933 0 -64 0
5934 1 63 1
5935 0 -64 0
5936 0 -64 0
5937 0 -64 0
5938 0 -64 0
5939 0 -64 0
5940 0 -64 0
5941 0 -64 0
5942 0 -64 0
5943 0 -64 0
5944 0 -64 0
5945 0 -64 0
5946 0 -64 0
5947 0 -64 0
5948 1 63 1
5949 0 -64 0
5950 1 63 1
5951 1 63 1
5952 1 63 1
5953 0 -64 0
5954 1 63 1
5955 0 -64 0
5956 0 -64 0
5957 1 63 1
5958 0 -64 0
5959 1 63 1
5960 1 63 1
5961 0 -64 0
5962 0 -64 0
5963 1 63 1
5964 0 -64 0
5965 0 -64 0
5966 1 63 1
5967 1 63 1
5968 0 -64 0
5969 0 -64 0
5970 0 -64 0
5971 1 63 1
5972 0 -64 0
5973 0 -64 0
5974 0 -64 0
5975 1 63 1
5976 1 63 1
5977 0 -64 0
5978 1 63 1
5979 0 -64 0
5980 0 -64 0
5981 1 63 1
5982 0 -64 0
5983 1 63 1
5984 1 63 1
5985 0 -64 0
5986 0 -64 0
5987 1 63 1
5988 0 -64 0
5989 0 -64 0
5990 0 -64 0
5991 1 63 1
5992 1 63 1
5993 0 -64 0
5994 0 -64 0
5995 0 -64 0
5996 0 -64 0
5997 0 -64 0
5998 0 -64 0
5999 1 63 1
6000 0 -64 0
6001 1 63 1
6002 1 63 1
6003 1 63 1
6004 0 -64 0
6005 1 63 1
6006 0 -64 0
6007 1 63 1
6008 1 63 1
6009 1 63 1
6010 0 -64 0
6011 1 63 1
6012 0 -64 0
6013 0 -64 0
6014 0 -64 0
6015 0 -64 0
6016 1 63 1
6017 0 -64 0
6018 0 -64 0
6019 1 63 1
6020 0 -64 0
6021 1 63 1
6022 0 -64 0
6023 0 -64 0
6024 1 63 1
6025 0 -64 0
6026 0 -64 0
6027 1 63 1
6028 1 63 1
6029 0 -64 0
6030 1 63 1
6031 0 -64 0
6032 0 -64 0
6033 0 -64 0
6034 1 63 1
6035 0 -64 0
6036 1 63 1
6037 0 -64 0
6038 1 63 1
6039 1 63 1
6040 1 63 1
6041 1 63 1
6042 1 63 1
6043 0 -64 0
6044 1 63 1
6045 1 63 1
6046 0 -64 0
6047 0 -64 0
6048 0 -64 0
6049 1 63 1
6050 1 63 1
6051 1 63 1
6052 0 -64 0
6053 1 63 1
6054 1 63 1
6055 1 63 1
6056 1 63 1
6057 0 -64 0
6058 1 63 1
6059 0 -64 0
6060 0 -64 0
6061 1 63 1
6062 1 63 1
6063 0 -64 0
6064 1 63 1
6065 0 -64 0
6066 1 63 1
6067 0 -64 0
6068 1 63 1
6069 1 63 1
6070 1 63 1
6071 1 63 1
6072 0 -64 0
6073 1 63 1
6074 0 -64 0
6075 1 63 1
6076 0 -64 0
6077 1 63 1
6078 0 -64 0
6079 1 63 1
6080 1 63 1
6081 1 63 1
6082 0 -64 0
6083 0 -64 0
6084 1 63 1
6085 0 -64 0
6086 0 -64 0
6087 1 63 1
6088 1 63 1
6089 0 -64 0
6090 0 -64 0
6091 1 63 1
6092 1 63 1
6093 0 -64 0
6094 1 63 1
6095 1 63 1
6096 0 -64 0
6097 0 -64 0
6098 1 63 1
6099 0 -64 0
6100 1 63 1
6101 1 63 1
6102 0 -64 0
6103 0 -64 0
6104 1 63 1
6105 1 63 1
6106 1 63 1
6107 1 63 1
6108 1 63 1
6109 0 -64 0
6110 1 63 1
6111 0 -64 0
6112 0 -64 0
6113 0 -64 0
6114 0 -64 0
6115 0 -64 0
6116 0 -64 0
6117 0 -64 0
6118 1 63 1
6119 1 63 1
6120 0 -64 0
6121 1 63 1
6122 0 -64 0
6123 0 -64 0
6124 0 -64 0
6125 0 -64 0
6126 0 -64 0
6127 0 -64 0
6128 1 63 1
6129 1 63 1
6130 0 -64 0
6131 0 -64 0
6132 1 63 1
6133 0 -64 0
6134 0 -64 0
6135 0 -64 0
6136 1 63 1
6137 1 63 1
6138 1 63 1
6139 1 63 1
6140 1 63 1
6141 1 63 1
6142 1 -64 0
6143 0 -64 0
