# idx_int bit_int post_llr_q hard
0 0 -64 0
1 0 -64 0
2 1 63 1
3 1 63 1
4 1 63 1
5 1 63 1
6 1 63 1
7 0 -64 0
8 1 63 1
9 0 -64 0
10 1 63 1
11 1 63 1
12 0 -64 0
13 0 -64 0
14 0 -64 0
15 0 -64 0
16 1 63 1
17 1 63 1
18 1 63 1
19 1 63 1
20 1 63 1
21 1 63 1
22 0 -64 0
23 1 63 1
24 1 63 1
25 0 -64 0
26 0 -64 0
27 0 -64 0
28 0 -64 0
29 1 63 1
30 1 63 1
31 0 -64 0
32 0 -64 0
33 1 63 1
34 0 -64 0
35 0 -64 0
36 0 -64 0
37 0 -64 0
38 1 63 1
39 0 -64 0
40 0 -64 0
41 0 -64 0
42 1 63 1
43 0 -64 0
44 1 63 1
45 0 -64 0
46 0 -64 0
47 1 63 1
48 1 63 1
49 0 -64 0
50 1 63 1
51 1 63 1
52 1 63 1
53 0 -64 0
54 0 -64 0
55 0 -64 0
56 1 63 1
57 0 -64 0
58 1 63 1
59 1 63 1
60 1 63 1
61 0 -64 0
62 0 -64 0
63 0 -64 0
64 1 63 1
65 1 63 1
66 1 63 1
67 1 63 1
68 0 -64 0
69 0 -64 0
70 0 -64 0
71 1 63 1
72 1 63 1
73 1 63 1
74 1 63 1
75 0 -64 0
76 1 63 1
77 1 55 1
78 1 63 1
79 0 -64 0
80 1 63 1
81 0 -64 0
82 1 63 1
83 0 -64 0
84 1 63 1
85 0 -64 0
86 1 63 1
87 1 63 1
88 1 63 1
89 1 63 1
90 0 -64 0
91 0 -64 0
92 0 -64 0
93 1 63 1
94 1 63 1
95 0 -64 0
96 0 -64 0
97 1 63 1
98 1 63 1
99 0 -64 0
100 1 63 1
101 1 63 1
102 0 -64 0
103 0 -64 0
104 1 63 1
105 0 -64 0
106 1 63 1
107 0 -64 0
108 0 -64 0
109 1 63 1
110 1 63 1
111 0 -64 0
112 0 -64 0
113 1 63 1
114 1 63 1
115 1 56 1
116 0 -64 0
117 1 63 1
118 1 63 1
119 0 -64 0
120 0 -64 0
121 1 63 1
122 0 -64 0
123 1 63 1
124 1 63 1
125 0 -64 0
126 1 63 1
127 0 -64 0
128 1 63 1
129 0 -64 0
130 0 -64 0
131 1 63 1
132 0 -64 0
133 0 -64 0
134 1 63 1
135 1 63 1
136 0 -64 0
137 0 -64 0
138 0 -64 0
139 0 -64 0
140 1 63 1
141 0 -64 0
142 0 -64 0
143 1 63 1
144 1 63 1
145 0 -64 0
146 1 63 1
147 0 -64 0
148 1 63 1
149 0 -64 0
150 1 63 1
151 1 63 1
152 0 -64 0
153 1 63 1
154 1 63 1
155 1 63 1
156 1 63 1
157 1 56 1
158 1 63 1
159 1 63 1
160 1 63 1
161 1 63 1
162 1 63 1
163 0 -64 0
164 0 -64 0
165 1 63 1
166 1 63 1
167 1 63 1
168 0 -64 0
169 1 63 1
170 0 -64 0
171 0 -64 0
172 1 63 1
173 1 63 1
174 1 63 1
175 0 -64 0
176 1 63 1
177 0 -64 0
178 0 -64 0
179 0 -64 0
180 0 -64 0
181 1 63 1
182 1 63 1
183 0 -64 0
184 1 63 1
185 0 -64 0
186 0 -64 0
187 0 -64 0
188 1 63 1
189 1 63 1
190 1 63 1
191 0 -64 0
192 0 -64 0
193 1 63 1
194 1 63 1
195 0 -64 0
196 0 -64 0
197 0 -64 0
198 0 -64 0
199 0 -64 0
200 0 -64 0
201 0 -64 0
202 1 63 1
203 1 63 1
204 1 63 1
205 0 -64 0
206 0 -64 0
207 0 -64 0
208 1 63 1
209 0 -64 0
210 0 -64 0
211 0 -64 0
212 0 -64 0
213 1 63 1
214 1 63 1
215 1 63 1
216 1 63 1
217 1 63 1
218 1 63 1
219 1 63 1
220 0 -64 0
221 1 63 1
222 0 -64 0
223 0 -64 0
224 0 -64 0
225 0 -64 0
226 0 -64 0
227 1 63 1
228 1 63 1
229 1 63 1
230 1 63 1
231 0 -64 0
232 0 -64 0
233 0 -64 0
234 0 -64 0
235 0 -64 0
236 1 63 1
237 0 -64 0
238 1 51 1
239 0 -64 0
240 1 63 1
241 1 63 1
242 1 63 1
243 0 -64 0
244 0 -64 0
245 1 63 1
246 0 -64 0
247 0 -64 0
248 1 63 1
249 0 -64 0
250 1 63 1
251 0 -64 0
252 1 63 1
253 0 -64 0
254 0 -64 0
255 0 -64 0
256 1 63 1
257 1 63 1
258 0 -64 0
259 1 63 1
260 0 -64 0
261 1 63 1
262 0 -64 0
263 0 -64 0
264 0 -64 0
265 0 -64 0
266 0 -64 0
267 1 63 1
268 1 63 1
269 0 -64 0
270 1 63 1
271 1 63 1
272 1 63 1
273 1 63 1
274 0 -64 0
275 1 63 1
276 0 -64 0
277 1 63 1
278 0 -64 0
279 1 63 1
280 1 63 1
281 0 -64 0
282 1 63 1
283 1 63 1
284 1 63 1
285 0 -64 0
286 1 63 1
287 1 63 1
288 0 -64 0
289 0 -64 0
290 1 63 1
291 0 -64 0
292 0 -61 0
293 1 63 1
294 1 63 1
295 1 63 1
296 0 -64 0
297 0 -64 0
298 0 -64 0
299 1 63 1
300 0 -64 0
301 1 63 1
302 0 -64 0
303 1 63 1
304 1 63 1
305 0 -64 0
306 1 63 1
307 0 -64 0
308 0 -64 0
309 1 63 1
310 1 63 1
311 0 -64 0
312 1 63 1
313 0 -64 0
314 1 63 1
315 1 63 1
316 1 63 1
317 1 63 1
318 1 63 1
319 0 -64 0
320 1 63 1
321 0 -64 0
322 0 -57 0
323 0 -64 0
324 1 63 1
325 1 63 1
326 0 -64 0
327 0 -64 0
328 0 -64 0
329 0 -64 0
330 0 -64 0
331 0 -64 0
332 0 -64 0
333 0 -64 0
334 1 63 1
335 0 -64 0
336 0 -64 0
337 1 63 1
338 1 63 1
339 1 63 1
340 0 -64 0
341 1 63 1
342 1 63 1
343 0 -64 0
344 1 63 1
345 0 -64 0
346 0 -64 0
347 1 63 1
348 1 63 1
349 1 63 1
350 1 63 1
351 1 63 1
352 0 -64 0
353 0 -64 0
354 1 63 1
355 1 63 1
356 1 63 1
357 0 -64 0
358 0 -64 0
359 0 -64 0
360 1 63 1
361 1 63 1
362 1 63 1
363 1 63 1
364 0 -64 0
365 1 63 1
366 1 63 1
367 1 63 1
368 0 -64 0
369 0 -64 0
370 0 -64 0
371 1 63 1
372 0 -64 0
373 1 63 1
374 0 -64 0
375 0 -64 0
376 1 63 1
377 0 -64 0
378 1 63 1
379 0 -64 0
380 0 -64 0
381 1 63 1
382 1 63 1
383 0 -64 0
384 0 -64 0
385 0 -64 0
386 0 -64 0
387 0 -64 0
388 0 -64 0
389 0 -64 0
390 0 -64 0
391 1 63 1
392 0 -64 0
393 0 -64 0
394 1 63 1
395 0 -64 0
396 1 63 1
397 0 -64 0
398 1 63 1
399 1 63 1
400 0 -64 0
401 1 63 1
402 0 -64 0
403 0 -64 0
404 1 63 1
405 0 -64 0
406 1 63 1
407 1 40 1
408 0 -64 0
409 1 63 1
410 0 -64 0
411 1 63 1
412 0 -64 0
413 0 -64 0
414 1 63 1
415 0 -64 0
416 1 63 1
417 0 -64 0
418 1 63 1
419 0 -64 0
420 1 63 1
421 0 -64 0
422 1 63 1
423 1 63 1
424 0 -64 0
425 0 -64 0
426 1 63 1
427 1 63 1
428 0 -64 0
429 0 -64 0
430 1 63 1
431 1 63 1
432 0 -64 0
433 1 63 1
434 0 -64 0
435 0 -64 0
436 0 -64 0
437 1 63 1
438 0 -64 0
439 0 -64 0
440 0 -64 0
441 0 -64 0
442 1 63 1
443 0 -64 0
444 1 63 1
445 1 63 1
446 1 63 1
447 1 63 1
448 1 63 1
449 0 -64 0
450 0 -64 0
451 0 -64 0
452 0 -64 0
453 1 63 1
454 1 63 1
455 0 -64 0
456 1 63 1
457 0 -64 0
458 1 63 1
459 1 63 1
460 1 63 1
461 0 -64 0
462 1 63 1
463 1 63 1
464 0 -64 0
465 1 63 1
466 1 63 1
467 0 -64 0
468 0 -64 0
469 0 -64 0
470 0 -64 0
471 1 63 1
472 1 63 1
473 1 63 1
474 0 -64 0
475 0 -64 0
476 1 50 1
477 1 63 1
478 0 -64 0
479 1 63 1
480 0 -64 0
481 1 63 1
482 1 63 1
483 1 63 1
484 0 -64 0
485 1 63 1
486 0 -64 0
487 0 -64 0
488 0 -64 0
489 1 63 1
490 0 -64 0
491 1 63 1
492 1 63 1
493 0 -64 0
494 0 -64 0
495 1 63 1
496 1 63 1
497 1 63 1
498 1 63 1
499 0 -64 0
500 0 -64 0
501 1 63 1
502 0 -64 0
503 0 -64 0
504 1 63 1
505 0 -64 0
506 1 63 1
507 0 -64 0
508 0 -64 0
509 0 -64 0
510 1 63 1
511 0 -64 0
512 1 63 1
513 1 63 1
514 1 63 1
515 0 -64 0
516 1 63 1
517 0 -64 0
518 1 63 1
519 1 63 1
520 0 -64 0
521 1 63 1
522 0 -64 0
523 0 -64 0
524 1 63 1
525 0 -64 0
526 1 63 1
527 1 63 1
528 0 -64 0
529 0 -64 0
530 1 63 1
531 1 63 1
532 1 63 1
533 1 63 1
534 1 63 1
535 0 -64 0
536 1 63 1
537 0 -64 0
538 1 63 1
539 1 63 1
540 0 -64 0
541 1 63 1
542 1 63 1
543 0 -64 0
544 0 -64 0
545 1 63 1
546 1 63 1
547 1 63 1
548 0 -64 0
549 1 63 1
550 0 -64 0
551 1 63 1
552 0 -64 0
553 0 63 1
554 0 -64 0
555 0 -64 0
556 0 -64 0
557 0 -64 0
558 1 63 1
559 0 -64 0
560 0 -64 0
561 1 63 1
562 0 -64 0
563 1 63 1
564 0 -64 0
565 0 -64 0
566 1 63 1
567 1 63 1
568 0 -64 0
569 1 63 1
570 1 63 1
571 0 -64 0
572 0 -64 0
573 0 -64 0
574 0 -64 0
575 0 -64 0
576 0 -64 0
577 0 -64 0
578 0 -64 0
579 0 -64 0
580 1 63 1
581 0 -64 0
582 1 63 1
583 1 63 1
584 0 -64 0
585 0 -64 0
586 0 -64 0
587 1 63 1
588 0 -64 0
589 1 63 1
590 0 -64 0
591 1 63 1
592 1 63 1
593 0 -64 0
594 1 63 1
595 1 63 1
596 1 63 1
597 1 63 1
598 0 -64 0
599 0 -64 0
600 1 63 1
601 0 -64 0
602 1 63 1
603 0 -64 0
604 1 63 1
605 1 63 1
606 1 63 1
607 1 63 1
608 1 63 1
609 1 63 1
610 1 63 1
611 0 -64 0
612 1 63 1
613 1 63 1
614 0 -64 0
615 1 63 1
616 1 63 1
617 0 -64 0
618 1 63 1
619 0 -64 0
620 1 63 1
621 1 63 1
622 0 -64 0
623 0 -64 0
624 0 -64 0
625 1 63 1
626 1 63 1
627 1 63 1
628 0 -64 0
629 1 63 1
630 1 63 1
631 1 63 1
632 0 -64 0
633 1 63 1
634 1 63 1
635 1 63 1
636 1 63 1
637 1 63 1
638 0 -64 0
639 0 -64 0
640 0 -64 0
641 0 -64 0
642 0 -64 0
643 0 -64 0
644 0 -64 0
645 1 63 1
646 1 63 1
647 1 63 1
648 0 -64 0
649 0 -64 0
650 1 63 1
651 0 -64 0
652 1 63 1
653 1 63 1
654 1 63 1
655 1 63 1
656 0 -64 0
657 0 -64 0
658 1 63 1
659 1 63 1
660 0 -64 0
661 1 63 1
662 1 63 1
663 1 63 1
664 0 -64 0
665 0 -64 0
666 0 -64 0
667 1 63 1
668 1 63 1
669 1 63 1
670 1 63 1
671 0 -64 0
672 0 -64 0
673 0 -64 0
674 0 -64 0
675 1 63 1
676 0 -64 0
677 0 -64 0
678 1 63 1
679 1 63 1
680 1 63 1
681 1 63 1
682 0 -64 0
683 0 -64 0
684 0 -64 0
685 0 -64 0
686 1 63 1
687 0 -64 0
688 0 -64 0
689 0 -64 0
690 0 -64 0
691 0 -64 0
692 1 63 1
693 1 63 1
694 1 63 1
695 0 -64 0
696 0 -64 0
697 1 63 1
698 0 -64 0
699 0 -49 0
700 1 63 1
701 0 -64 0
702 1 63 1
703 0 -64 0
704 0 -64 0
705 1 63 1
706 0 -64 0
707 1 63 1
708 0 -64 0
709 1 63 1
710 1 63 1
711 1 63 1
712 0 -64 0
713 1 63 1
714 0 -64 0
715 0 -64 0
716 0 -64 0
717 0 -64 0
718 1 63 1
719 0 -64 0
720 0 -64 0
721 0 -64 0
722 1 63 1
723 0 -64 0
724 1 63 1
725 0 -64 0
726 1 63 1
727 1 63 1
728 1 63 1
729 0 -64 0
730 1 63 1
731 1 63 1
732 0 -64 0
733 0 -64 0
734 1 63 1
735 0 -64 0
736 0 -64 0
737 1 63 1
738 1 63 1
739 0 -64 0
740 0 -64 0
741 1 63 1
742 1 63 1
743 0 -64 0
744 0 -64 0
745 0 -64 0
746 0 -64 0
747 0 -64 0
748 0 -64 0
749 0 -64 0
750 0 -64 0
751 0 -64 0
752 1 63 1
753 1 63 1
754 1 63 1
755 1 63 1
756 1 63 1
757 0 -64 0
758 0 -64 0
759 0 -64 0
760 1 63 1
761 1 63 1
762 0 -64 0
763 0 -64 0
764 1 63 1
765 0 -64 0
766 1 63 1
767 0 -64 0
768 0 -37 0
769 1 63 1
770 0 -64 0
771 1 63 1
772 0 -64 0
773 1 63 1
774 1 63 1
775 0 -64 0
776 0 -64 0
777 0 -64 0
778 1 63 1
779 0 -64 0
780 0 -64 0
781 1 63 1
782 1 63 1
783 0 -64 0
784 0 -64 0
785 0 -64 0
786 1 63 1
787 1 63 1
788 0 -64 0
789 0 -64 0
790 1 63 1
791 0 -64 0
792 1 63 1
793 0 -64 0
794 0 -64 0
795 0 -64 0
796 1 63 1
797 0 -64 0
798 1 63 1
799 1 63 1
800 0 -64 0
801 0 -64 0
802 1 63 1
803 0 -64 0
804 1 63 1
805 0 -64 0
806 1 63 1
807 1 63 1
808 1 63 1
809 0 -64 0
810 0 -64 0
811 1 63 1
812 1 63 1
813 0 -64 0
814 0 -64 0
815 1 63 1
816 0 -64 0
817 1 63 1
818 1 63 1
819 0 -64 0
820 0 -64 0
821 0 -64 0
822 1 63 1
823 0 -64 0
824 1 63 1
825 0 -64 0
826 1 63 1
827 1 63 1
828 1 63 1
829 0 -64 0
830 1 63 1
831 1 63 1
832 0 -64 0
833 0 -64 0
834 0 -64 0
835 0 -64 0
836 1 63 1
837 0 -64 0
838 1 63 1
839 1 63 1
840 0 -64 0
841 0 -64 0
842 1 63 1
843 0 -64 0
844 0 -64 0
845 1 63 1
846 0 -64 0
847 1 63 1
848 1 63 1
849 0 -64 0
850 1 63 1
851 0 -64 0
852 0 -64 0
853 1 63 1
854 0 -64 0
855 1 63 1
856 0 -64 0
857 0 -64 0
858 1 63 1
859 1 63 1
860 0 -64 0
861 0 -64 0
862 0 -64 0
863 1 63 1
864 0 -64 0
865 1 63 1
866 1 63 1
867 1 63 1
868 0 -64 0
869 1 63 1
870 1 63 1
871 0 -64 0
872 1 63 1
873 1 63 1
874 0 -64 0
875 1 63 1
876 0 -64 0
877 0 -64 0
878 1 63 1
879 1 63 1
880 0 -64 0
881 0 -64 0
882 1 63 1
883 0 -64 0
884 0 -64 0
885 1 63 1
886 0 -64 0
887 0 -64 0
888 1 63 1
889 0 -64 0
890 0 -64 0
891 0 -64 0
892 1 63 1
893 1 63 1
894 1 63 1
895 1 63 1
896 1 63 1
897 1 63 1
898 1 63 1
899 1 63 1
900 0 -64 0
901 1 63 1
902 1 63 1
903 1 63 1
904 1 63 1
905 0 -64 0
906 1 63 1
907 0 -64 0
908 0 -64 0
909 1 63 1
910 0 -64 0
911 1 63 1
912 1 63 1
913 0 -64 0
914 1 63 1
915 1 63 1
916 1 63 1
917 1 63 1
918 0 -64 0
919 1 63 1
920 1 63 1
921 1 63 1
922 0 -64 0
923 0 -64 0
924 0 -64 0
925 1 63 1
926 0 -64 0
927 0 -64 0
928 0 -64 0
929 1 63 1
930 0 -64 0
931 1 63 1
932 0 -64 0
933 0 -64 0
934 0 -64 0
935 1 63 1
936 0 -64 0
937 0 -64 0
938 1 63 1
939 1 63 1
940 0 -64 0
941 1 63 1
942 0 -64 0
943 0 -64 0
944 1 63 1
945 1 63 1
946 1 63 1
947 0 -64 0
948 1 63 1
949 1 63 1
950 0 -64 0
951 0 -64 0
952 0 -64 0
953 1 63 1
954 0 -64 0
955 0 -64 0
956 0 -64 0
957 1 63 1
958 0 -64 0
959 0 -64 0
960 1 63 1
961 0 -64 0
962 1 63 1
963 1 63 1
964 0 -64 0
965 0 -64 0
966 1 63 1
967 0 -64 0
968 1 63 1
969 1 63 1
970 0 -64 0
971 1 63 1
972 0 -64 0
973 1 63 1
974 1 63 1
975 0 -64 0
976 1 63 1
977 0 -64 0
978 0 -64 0
979 0 -64 0
980 1 63 1
981 1 63 1
982 0 -64 0
983 1 63 1
984 1 63 1
985 0 -64 0
986 1 63 1
987 1 63 1
988 0 -64 0
989 0 -64 0
990 1 63 1
991 0 -64 0
992 1 63 1
993 0 -64 0
994 0 -64 0
995 0 -64 0
996 0 -64 0
997 1 63 1
998 0 -64 0
999 1 63 1
1000 0 -64 0
1001 1 63 1
1002 1 63 1
1003 1 63 1
1004 0 -64 0
1005 1 63 1
1006 1 54 1
1007 1 63 1
1008 0 -64 0
1009 1 63 1
1010 0 -64 0
1011 0 -64 0
1012 0 -64 0
1013 0 -64 0
1014 1 63 1
1015 1 63 1
1016 1 63 1
1017 0 -64 0
1018 0 -64 0
1019 1 63 1
1020 1 63 1
1021 0 -64 0
1022 1 63 1
1023 0 -64 0
1024 1 63 1
1025 0 -64 0
1026 0 -64 0
1027 1 63 1
1028 1 63 1
1029 1 63 1
1030 0 -64 0
1031 1 63 1
1032 0 -64 0
1033 1 63 1
1034 1 63 1
1035 0 -64 0
1036 1 63 1
1037 0 -64 0
1038 1 63 1
1039 1 63 1
1040 1 63 1
1041 1 63 1
1042 0 -64 0
1043 0 -64 0
1044 0 -64 0
1045 0 -64 0
1046 0 -64 0
1047 1 63 1
1048 1 63 1
1049 0 -64 0
1050 1 63 1
1051 1 63 1
1052 0 -64 0
1053 1 63 1
1054 0 -64 0
1055 0 -64 0
1056 1 63 1
1057 0 -64 0
1058 1 63 1
1059 1 63 1
1060 0 -60 0
1061 0 -64 0
1062 1 63 1
1063 1 63 1
1064 1 63 1
1065 0 -64 0
1066 0 -64 0
1067 1 63 1
1068 1 63 1
1069 0 -64 0
1070 1 63 1
1071 0 -64 0
1072 0 -64 0
1073 1 63 1
1074 0 -64 0
1075 0 -64 0
1076 0 -64 0
1077 1 63 1
1078 1 63 1
1079 1 63 1
1080 0 -64 0
1081 0 -64 0
1082 0 -64 0
1083 0 -64 0
1084 1 63 1
1085 0 -64 0
1086 1 63 1
1087 1 63 1
1088 1 63 1
1089 1 63 1
1090 0 -64 0
1091 1 63 1
1092 1 63 1
1093 0 -64 0
1094 0 -64 0
1095 0 -64 0
1096 1 63 1
1097 0 -64 0
1098 0 -64 0
1099 0 -64 0
1100 0 -64 0
1101 1 63 1
1102 1 63 1
1103 0 -64 0
1104 0 -64 0
1105 1 63 1
1106 1 63 1
1107 1 63 1
1108 0 -64 0
1109 0 -64 0
1110 1 63 1
1111 0 -64 0
1112 1 63 1
1113 0 -64 0
1114 1 63 1
1115 1 63 1
1116 1 63 1
1117 0 -64 0
1118 0 -64 0
1119 0 -64 0
1120 1 63 1
1121 1 63 1
1122 0 -64 0
1123 0 -64 0
1124 0 -64 0
1125 0 -64 0
1126 1 63 1
1127 1 63 1
1128 1 63 1
1129 1 63 1
1130 1 63 1
1131 0 -64 0
1132 1 63 1
1133 0 -64 0
1134 1 63 1
1135 0 -64 0
1136 1 63 1
1137 0 -64 0
1138 1 63 1
1139 1 63 1
1140 0 -64 0
1141 1 63 1
1142 0 -64 0
1143 0 -64 0
1144 1 63 1
1145 0 -64 0
1146 0 -64 0
1147 1 63 1
1148 1 63 1
1149 1 63 1
1150 0 -64 0
1151 1 63 1
1152 1 63 1
1153 1 63 1
1154 0 -64 0
1155 0 -64 0
1156 0 -64 0
1157 1 63 1
1158 0 -64 0
1159 1 63 1
1160 1 63 1
1161 0 -64 0
1162 1 63 1
1163 1 63 1
1164 1 63 1
1165 0 -64 0
1166 0 -64 0
1167 0 -64 0
1168 1 63 1
1169 1 63 1
1170 1 63 1
1171 1 63 1
1172 1 63 1
1173 0 -64 0
1174 0 -64 0
1175 0 -43 0
1176 1 63 1
1177 0 -64 0
1178 1 63 1
1179 0 -64 0
1180 1 63 1
1181 0 -64 0
1182 0 -64 0
1183 1 63 1
1184 1 63 1
1185 1 63 1
1186 1 63 1
1187 0 -64 0
1188 0 -64 0
1189 1 63 1
1190 1 63 1
1191 1 63 1
1192 0 -64 0
1193 1 63 1
1194 1 63 1
1195 0 -64 0
1196 1 63 1
1197 1 63 1
1198 0 -64 0
1199 0 -64 0
1200 0 -64 0
1201 1 63 1
1202 0 -64 0
1203 1 63 1
1204 0 -64 0
1205 1 63 1
1206 0 -64 0
1207 0 -64 0
1208 1 63 1
1209 0 -64 0
1210 0 -64 0
1211 0 -64 0
1212 1 63 1
1213 0 -64 0
1214 0 -64 0
1215 1 63 1
1216 1 63 1
1217 0 -64 0
1218 1 63 1
1219 0 -64 0
1220 0 -64 0
1221 0 -64 0
1222 1 63 1
1223 1 63 1
1224 0 -64 0
1225 0 -64 0
1226 0 -64 0
1227 1 63 1
1228 1 63 1
1229 1 63 1
1230 0 -64 0
1231 1 63 1
1232 0 -64 0
1233 0 -64 0
1234 1 63 1
1235 0 -64 0
1236 1 63 1
1237 0 -64 0
1238 1 63 1
1239 1 63 1
1240 0 -64 0
1241 0 -64 0
1242 1 63 1
1243 0 -64 0
1244 0 -54 0
1245 0 -64 0
1246 0 -64 0
1247 0 -64 0
1248 1 63 1
1249 0 -64 0
1250 1 63 1
1251 0 -64 0
1252 0 -64 0
1253 0 -64 0
1254 1 63 1
1255 1 63 1
1256 0 -64 0
1257 1 63 1
1258 1 63 1
1259 1 63 1
1260 0 -64 0
1261 0 -64 0
1262 1 63 1
1263 1 63 1
1264 1 63 1
1265 0 -64 0
1266 1 63 1
1267 1 63 1
1268 0 -64 0
1269 1 63 1
1270 1 63 1
1271 0 -64 0
1272 1 63 1
1273 1 63 1
1274 0 -64 0
1275 0 -64 0
1276 1 63 1
1277 0 -64 0
1278 0 -64 0
1279 0 -64 0
1280 0 -64 0
1281 0 -64 0
1282 1 63 1
1283 1 63 1
1284 1 63 1
1285 1 63 1
1286 1 63 1
1287 1 63 1
1288 0 -64 0
1289 1 63 1
1290 1 63 1
1291 1 63 1
1292 0 -64 0
1293 1 63 1
1294 0 -64 0
1295 0 -64 0
1296 1 63 1
1297 0 -64 0
1298 0 -46 0
1299 1 63 1
1300 0 -64 0
1301 1 63 1
1302 0 -64 0
1303 0 -64 0
1304 0 -64 0
1305 0 -64 0
1306 1 63 1
1307 0 -64 0
1308 1 63 1
1309 0 -64 0
1310 0 -64 0
1311 0 -64 0
1312 1 63 1
1313 1 63 1
1314 1 63 1
1315 1 63 1
1316 1 63 1
1317 0 -64 0
1318 1 63 1
1319 0 -64 0
1320 1 63 1
1321 0 -47 0
1322 0 -64 0
1323 0 -64 0
1324 0 -64 0
1325 1 63 1
1326 1 63 1
1327 1 63 1
1328 0 -64 0
1329 0 -64 0
1330 1 63 1
1331 0 -64 0
1332 0 -64 0
1333 0 -64 0
1334 0 -64 0
1335 0 -64 0
1336 0 -64 0
1337 0 -64 0
1338 0 -64 0
1339 0 -64 0
1340 0 -64 0
1341 0 -64 0
1342 1 63 1
1343 0 -64 0
1344 1 63 1
1345 0 -64 0
1346 1 63 1
1347 0 -64 0
1348 0 -64 0
1349 1 63 1
1350 0 -64 0
1351 0 -64 0
1352 1 63 1
1353 0 -64 0
1354 1 63 1
1355 0 -64 0
1356 1 63 1
1357 1 63 1
1358 1 63 1
1359 1 63 1
1360 0 -64 0
1361 1 63 1
1362 0 -64 0
1363 0 -64 0
1364 1 63 1
1365 1 63 1
1366 0 -64 0
1367 0 -64 0
1368 0 -64 0
1369 1 63 1
1370 1 63 1
1371 1 63 1
1372 1 63 1
1373 0 -64 0
1374 1 63 1
1375 0 -64 0
1376 1 63 1
1377 1 63 1
1378 1 63 1
1379 0 -64 0
1380 0 -64 0
1381 1 63 1
1382 1 63 1
1383 1 63 1
1384 1 63 1
1385 1 63 1
1386 0 -64 0
1387 1 63 1
1388 0 -64 0
1389 1 63 1
1390 1 63 1
1391 0 -64 0
1392 0 -64 0
1393 1 63 1
1394 1 63 1
1395 0 -64 0
1396 0 -64 0
1397 0 -64 0
1398 0 -64 0
1399 1 63 1
1400 1 63 1
1401 1 63 1
1402 1 63 1
1403 0 -64 0
1404 1 63 1
1405 1 63 1
1406 0 -64 0
1407 0 -64 0
1408 0 -64 0
1409 1 63 1
1410 1 63 1
1411 1 63 1
1412 0 -64 0
1413 0 -64 0
1414 0 -64 0
1415 0 -64 0
1416 1 63 1
1417 1 63 1
1418 0 -64 0
1419 0 -64 0
1420 0 -64 0
1421 0 -64 0
1422 1 63 1
1423 0 -64 0
1424 0 -64 0
1425 1 63 1
1426 1 63 1
1427 1 63 1
1428 1 63 1
1429 1 63 1
1430 1 63 1
1431 1 63 1
1432 0 -64 0
1433 1 63 1
1434 1 63 1
1435 0 -64 0
1436 1 63 1
1437 1 63 1
1438 0 -64 0
1439 1 63 1
1440 0 -64 0
1441 0 -64 0
1442 1 63 1
1443 1 63 1
1444 1 63 1
1445 1 63 1
1446 0 -64 0
1447 0 -64 0
1448 0 -64 0
1449 1 63 1
1450 0 -64 0
1451 0 -64 0
1452 0 -64 0
1453 1 63 1
1454 1 63 1
1455 0 -64 0
1456 0 -64 0
1457 0 -64 0
1458 0 -64 0
1459 1 63 1
1460 0 -64 0
1461 1 63 1
1462 1 63 1
1463 0 -64 0
1464 0 -64 0
1465 0 -64 0
1466 0 -64 0
1467 0 -44 0
1468 0 -64 0
1469 1 63 1
1470 0 -64 0
1471 0 -64 0
1472 0 -64 0
1473 0 -64 0
1474 1 63 1
1475 1 63 1
1476 0 -64 0
1477 1 63 1
1478 1 63 1
1479 0 -64 0
1480 0 -64 0
1481 0 -64 0
1482 1 63 1
1483 0 -64 0
1484 0 -64 0
1485 1 63 1
1486 0 -64 0
1487 1 63 1
1488 0 -64 0
1489 1 63 1
1490 1 63 1
1491 1 63 1
1492 0 -64 0
1493 1 63 1
1494 1 63 1
1495 0 -64 0
1496 0 -64 0
1497 0 -64 0
1498 0 -64 0
1499 1 63 1
1500 0 -64 0
1501 1 63 1
1502 1 63 1
1503 0 -64 0
1504 0 -64 0
1505 0 -64 0
1506 0 -64 0
1507 1 63 1
1508 1 63 1
1509 0 -64 0
1510 1 63 1
1511 1 63 1
1512 1 63 1
1513 0 -64 0
1514 0 -64 0
1515 1 63 1
1516 0 -64 0
1517 1 63 1
1518 0 -64 0
1519 0 -64 0
1520 0 -64 0
1521 1 63 1
1522 0 -64 0
1523 0 -64 0
1524 0 -64 0
1525 1 63 1
1526 1 63 1
1527 0 -64 0
1528 0 -64 0
1529 1 63 1
1530 0 -64 0
1531 0 -64 0
1532 0 -64 0
1533 0 -64 0
1534 0 -64 0
1535 1 63 1
1536 1 40 1
1537 1 63 1
1538 1 63 1
1539 1 63 1
1540 1 63 1
1541 1 63 1
1542 1 63 1
1543 0 -64 0
1544 0 -64 0
1545 0 -64 0
1546 0 -64 0
1547 0 -64 0
1548 0 -64 0
1549 0 -64 0
1550 1 63 1
1551 1 63 1
1552 1 63 1
1553 1 63 1
1554 1 63 1
1555 0 -64 0
1556 1 63 1
1557 1 63 1
1558 0 -64 0
1559 1 63 1
1560 1 63 1
1561 0 -64 0
1562 1 63 1
1563 1 63 1
1564 0 -64 0
1565 1 63 1
1566 0 -64 0
1567 0 -64 0
1568 1 63 1
1569 1 63 1
1570 1 63 1
1571 1 63 1
1572 1 63 1
1573 1 63 1
1574 0 -64 0
1575 1 63 1
1576 1 63 1
1577 0 -64 0
1578 1 63 1
1579 1 63 1
1580 1 63 1
1581 1 63 1
1582 1 63 1
1583 0 -64 0
1584 1 63 1
1585 0 -64 0
1586 0 -64 0
1587 1 63 1
1588 1 63 1
1589 1 63 1
1590 0 -64 0
1591 1 63 1
1592 1 63 1
1593 1 63 1
1594 0 -64 0
1595 1 63 1
1596 0 -64 0
1597 1 63 1
1598 0 -64 0
1599 0 -64 0
1600 1 63 1
1601 0 -64 0
1602 0 -64 0
1603 0 -64 0
1604 1 63 1
1605 1 63 1
1606 0 -64 0
1607 0 -64 0
1608 1 63 1
1609 0 -64 0
1610 0 -64 0
1611 1 63 1
1612 0 -64 0
1613 0 -64 0
1614 0 -64 0
1615 0 -64 0
1616 0 -64 0
1617 0 -64 0
1618 1 63 1
1619 0 -64 0
1620 0 -64 0
1621 1 63 1
1622 1 63 1
1623 0 -64 0
1624 1 63 1
1625 1 63 1
1626 1 63 1
1627 0 -64 0
1628 1 63 1
1629 1 63 1
1630 1 63 1
1631 1 63 1
1632 1 63 1
1633 0 -64 0
1634 0 -64 0
1635 1 63 1
1636 1 63 1
1637 0 -64 0
1638 0 -64 0
1639 0 -64 0
1640 0 -64 0
1641 1 63 1
1642 1 63 1
1643 0 -64 0
1644 1 63 1
1645 1 63 1
1646 1 63 1
1647 1 63 1
1648 0 -64 0
1649 1 63 1
1650 0 -64 0
1651 1 63 1
1652 0 -64 0
1653 0 -64 0
1654 0 -64 0
1655 0 -64 0
1656 0 -64 0
1657 1 63 1
1658 1 63 1
1659 0 -64 0
1660 0 -64 0
1661 1 63 1
1662 1 63 1
1663 1 63 1
1664 1 63 1
1665 0 -64 0
1666 1 63 1
1667 0 -64 0
1668 0 -64 0
1669 0 -64 0
1670 1 63 1
1671 0 -64 0
1672 0 -64 0
1673 1 63 1
1674 1 63 1
1675 1 63 1
1676 0 -64 0
1677 0 -64 0
1678 1 63 1
1679 1 63 1
1680 1 63 1
1681 0 -64 0
1682 0 -64 0
1683 1 63 1
1684 0 -64 0
1685 0 -64 0
1686 1 63 1
1687 0 -64 0
1688 0 -64 0
1689 1 63 1
1690 0 -64 0
1691 1 63 1
1692 0 -64 0
1693 0 -64 0
1694 1 63 1
1695 0 -64 0
1696 0 -64 0
1697 1 63 1
1698 1 63 1
1699 0 -64 0
1700 0 -64 0
1701 0 -64 0
1702 0 -64 0
1703 1 63 1
1704 1 63 1
1705 0 -64 0
1706 1 63 1
1707 0 -64 0
1708 1 63 1
1709 1 63 1
1710 1 63 1
1711 0 -64 0
1712 0 -64 0
1713 1 63 1
1714 1 63 1
1715 1 63 1
1716 1 63 1
1717 0 -64 0
1718 0 -64 0
1719 1 63 1
1720 0 -64 0
1721 0 -64 0
1722 1 63 1
1723 1 63 1
1724 0 -64 0
1725 0 -64 0
1726 0 -64 0
1727 0 -64 0
1728 1 63 1
1729 1 63 1
1730 1 63 1
1731 1 63 1
1732 0 -64 0
1733 0 -64 0
1734 0 -64 0
1735 1 62 1
1736 0 -64 0
1737 0 -64 0
1738 0 -64 0
1739 1 63 1
1740 1 63 1
1741 1 63 1
1742 1 63 1
1743 1 63 1
1744 1 63 1
1745 0 -64 0
1746 0 -64 0
1747 0 -64 0
1748 0 -64 0
1749 0 -64 0
1750 0 -64 0
1751 0 -64 0
1752 1 63 1
1753 1 63 1
1754 1 63 1
1755 1 63 1
1756 0 -64 0
1757 0 -64 0
1758 0 -64 0
1759 0 -64 0
1760 0 -64 0
1761 1 63 1
1762 0 -64 0
1763 1 63 1
1764 0 -64 0
1765 0 -64 0
1766 1 63 1
1767 1 63 1
1768 0 -64 0
1769 1 63 1
1770 0 -64 0
1771 0 -64 0
1772 0 -64 0
1773 0 -64 0
1774 1 62 1
1775 1 63 1
1776 1 63 1
1777 1 63 1
1778 1 63 1
1779 0 -64 0
1780 0 -64 0
1781 0 -64 0
1782 0 -64 0
1783 0 -64 0
1784 0 -64 0
1785 1 63 1
1786 1 63 1
1787 0 -64 0
1788 1 63 1
1789 1 63 1
1790 1 63 1
1791 1 63 1
1792 1 63 1
1793 0 -64 0
1794 1 63 1
1795 1 63 1
1796 0 -64 0
1797 0 -52 0
1798 1 63 1
1799 0 -64 0
1800 0 -64 0
1801 0 -64 0
1802 0 -64 0
1803 0 -64 0
1804 0 -64 0
1805 0 -64 0
1806 1 63 1
1807 0 -64 0
1808 1 63 1
1809 1 63 1
1810 0 -64 0
1811 1 63 1
1812 1 63 1
1813 1 63 1
1814 1 63 1
1815 0 -64 0
1816 0 -64 0
1817 0 -64 0
1818 0 -64 0
1819 0 -64 0
1820 1 63 1
1821 0 -64 0
1822 1 63 1
1823 1 63 1
1824 0 -64 0
1825 1 63 1
1826 1 63 1
1827 1 63 1
1828 1 38 1
1829 1 63 1
1830 1 63 1
1831 0 -64 0
1832 0 -64 0
1833 0 -64 0
1834 1 63 1
1835 1 63 1
1836 1 63 1
1837 0 -64 0
1838 0 -64 0
1839 1 63 1
1840 1 63 1
1841 0 -64 0
1842 0 -64 0
1843 1 63 1
1844 1 63 1
1845 1 63 1
1846 1 63 1
1847 1 63 1
1848 1 63 1
1849 1 63 1
1850 1 63 1
1851 0 -64 0
1852 1 63 1
1853 0 -64 0
1854 0 -64 0
1855 1 63 1
1856 1 63 1
1857 0 -64 0
1858 1 63 1
1859 1 63 1
1860 1 63 1
1861 0 -64 0
1862 0 -64 0
1863 0 -64 0
1864 0 -64 0
1865 1 63 1
1866 0 -64 0
1867 0 -64 0
1868 0 -64 0
1869 0 -64 0
1870 0 -64 0
1871 0 -64 0
1872 1 63 1
1873 1 63 1
1874 1 63 1
1875 0 -64 0
1876 0 -64 0
1877 0 -64 0
1878 1 63 1
1879 1 63 1
1880 1 63 1
1881 0 -64 0
1882 1 63 1
1883 0 -64 0
1884 1 63 1
1885 1 63 1
1886 1 63 1
1887 0 -64 0
1888 1 63 1
1889 1 63 1
1890 1 63 1
1891 0 -64 0
1892 1 63 1
1893 1 63 1
1894 0 -64 0
1895 1 63 1
1896 0 -64 0
1897 0 -64 0
1898 0 -64 0
1899 1 63 1
1900 1 63 1
1901 0 -64 0
1902 1 63 1
1903 0 -64 0
1904 0 -64 0
1905 1 63 1
1906 1 63 1
1907 1 63 1
1908 1 63 1
1909 0 -64 0
1910 1 63 1
1911 1 63 1
1912 0 -64 0
1913 1 63 1
1914 1 63 1
1915 0 -64 0
1916 0 -64 0
1917 1 63 1
1918 0 -64 0
1919 1 63 1
1920 1 63 1
1921 1 63 1
1922 1 63 1
1923 0 -64 0
1924 0 -64 0
1925 1 63 1
1926 1 63 1
1927 1 63 1
1928 1 63 1
1929 1 63 1
1930 0 -64 0
1931 1 63 1
1932 1 63 1
1933 1 63 1
1934 0 -64 0
1935 1 63 1
1936 0 -64 0
1937 0 -64 0
1938 0 -64 0
1939 1 63 1
1940 1 63 1
1941 0 -64 0
1942 1 63 1
1943 0 -55 0
1944 1 63 1
1945 1 63 1
1946 0 -64 0
1947 1 63 1
1948 1 63 1
1949 1 63 1
1950 1 63 1
1951 0 -64 0
1952 1 63 1
1953 1 63 1
1954 1 63 1
1955 1 63 1
1956 0 -64 0
1957 0 -64 0
1958 1 63 1
1959 1 63 1
1960 0 -64 0
1961 1 63 1
1962 1 63 1
1963 1 63 1
1964 1 63 1
1965 1 63 1
1966 1 63 1
1967 0 -64 0
1968 1 63 1
1969 1 63 1
1970 0 -64 0
1971 1 63 1
1972 0 -64 0
1973 1 63 1
1974 1 63 1
1975 0 -64 0
1976 0 -64 0
1977 1 63 1
1978 1 63 1
1979 0 -64 0
1980 0 -64 0
1981 1 63 1
1982 0 -64 0
1983 0 -64 0
1984 0 -64 0
1985 0 -64 0
1986 0 -64 0
1987 0 -64 0
1988 1 63 1
1989 1 63 1
1990 1 63 1
1991 0 -64 0
1992 1 63 1
1993 1 63 1
1994 1 63 1
1995 0 -64 0
1996 0 -64 0
1997 0 -64 0
1998 0 -64 0
1999 0 -64 0
2000 1 63 1
2001 1 63 1
2002 1 63 1
2003 0 -64 0
2004 1 63 1
2005 1 63 1
2006 0 -64 0
2007 1 63 1
2008 1 63 1
2009 0 -64 0
2010 1 63 1
2011 0 -64 0
2012 0 -64 0
2013 0 -64 0
2014 0 -64 0
2015 1 63 1
2016 1 63 1
2017 1 63 1
2018 1 63 1
2019 1 63 1
2020 1 63 1
2021 0 -64 0
2022 0 -64 0
2023 0 -64 0
2024 1 63 1
2025 1 63 1
2026 1 63 1
2027 0 -64 0
2028 0 -64 0
2029 0 -64 0
2030 0 -64 0
2031 1 63 1
2032 0 -64 0
2033 1 63 1
2034 0 -64 0
2035 1 63 1
2036 0 -64 0
2037 1 63 1
2038 0 -64 0
2039 1 63 1
2040 0 -64 0
2041 0 -64 0
2042 1 63 1
2043 0 -64 0
2044 1 63 1
2045 1 63 1
2046 0 -64 0
2047 1 63 1
2048 1 63 1
2049 1 63 1
2050 0 -64 0
2051 1 63 1
2052 1 63 1
2053 1 63 1
2054 1 63 1
2055 1 63 1
2056 0 -64 0
2057 0 -64 0
2058 0 -64 0
2059 1 63 1
2060 0 -64 0
2061 1 63 1
2062 1 63 1
2063 0 -64 0
2064 0 -64 0
2065 1 63 1
2066 0 -45 0
2067 0 -64 0
2068 1 63 1
2069 1 63 1
2070 0 -64 0
2071 1 63 1
2072 0 -64 0
2073 1 63 1
2074 1 63 1
2075 0 -64 0
2076 0 -64 0
2077 1 63 1
2078 1 63 1
2079 0 -64 0
2080 0 -64 0
2081 0 -64 0
2082 0 -64 0
2083 1 63 1
2084 1 63 1
2085 1 63 1
2086 0 -64 0
2087 1 63 1
2088 0 -64 0
2089 0 -42 0
2090 1 63 1
2091 0 -64 0
2092 1 63 1
2093 0 -64 0
2094 0 -64 0
2095 1 63 1
2096 0 -64 0
2097 0 -64 0
2098 0 -64 0
2099 1 63 1
2100 1 63 1
2101 0 -64 0
2102 1 63 1
2103 0 -64 0
2104 0 -64 0
2105 0 -64 0
2106 1 63 1
2107 0 -64 0
2108 0 -64 0
2109 1 63 1
2110 1 63 1
2111 1 63 1
2112 0 -64 0
2113 1 63 1
2114 1 63 1
2115 0 -64 0
2116 1 63 1
2117 0 -64 0
2118 1 63 1
2119 0 -64 0
2120 1 55 1
2121 1 63 1
2122 1 63 1
2123 0 -64 0
2124 0 -64 0
2125 0 -64 0
2126 0 -64 0
2127 0 -64 0
2128 1 63 1
2129 1 63 1
2130 0 -64 0
2131 1 63 1
2132 1 63 1
2133 1 63 1
2134 0 -64 0
2135 0 -64 0
2136 0 -64 0
2137 1 63 1
2138 0 -64 0
2139 0 -64 0
2140 1 63 1
2141 1 63 1
2142 0 -64 0
2143 0 -64 0
2144 1 63 1
2145 1 63 1
2146 1 63 1
2147 1 63 1
2148 0 -64 0
2149 0 -64 0
2150 0 -64 0
2151 0 -64 0
2152 1 63 1
2153 1 63 1
2154 1 63 1
2155 0 -64 0
2156 1 63 1
2157 0 -64 0
2158 1 63 1
2159 1 63 1
2160 1 63 1
2161 0 -64 0
2162 1 63 1
2163 0 -64 0
2164 0 -64 0
2165 0 -64 0
2166 0 -64 0
2167 0 -64 0
2168 1 63 1
2169 0 -64 0
2170 0 -64 0
2171 0 -64 0
2172 0 -64 0
2173 0 -64 0
2174 0 -64 0
2175 1 63 1
2176 1 63 1
2177 1 63 1
2178 1 63 1
2179 0 -64 0
2180 1 63 1
2181 1 63 1
2182 0 -64 0
2183 1 63 1
2184 1 63 1
2185 1 63 1
2186 1 63 1
2187 0 -64 0
2188 1 63 1
2189 1 63 1
2190 0 -64 0
2191 1 63 1
2192 0 -64 0
2193 1 63 1
2194 0 -64 0
2195 0 -64 0
2196 0 -64 0
2197 1 63 1
2198 1 63 1
2199 1 63 1
2200 0 -64 0
2201 1 63 1
2202 1 63 1
2203 0 -64 0
2204 0 -64 0
2205 1 63 1
2206 1 63 1
2207 0 -64 0
2208 1 63 1
2209 0 -64 0
2210 0 -64 0
2211 0 -64 0
2212 0 -64 0
2213 0 -64 0
2214 1 63 1
2215 1 63 1
2216 1 63 1
2217 1 63 1
2218 1 63 1
2219 0 -64 0
2220 0 -64 0
2221 0 -64 0
2222 0 -64 0
2223 0 -64 0
2224 0 -64 0
2225 1 63 1
2226 1 63 1
2227 1 63 1
2228 1 63 1
2229 0 -64 0
2230 1 63 1
2231 1 63 1
2232 0 -64 0
2233 1 63 1
2234 1 63 1
2235 1 49 1
2236 1 63 1
2237 1 63 1
2238 0 -64 0
2239 1 63 1
2240 0 -64 0
2241 0 -64 0
2242 1 63 1
2243 0 -64 0
2244 1 63 1
2245 0 -64 0
2246 1 63 1
2247 0 -64 0
2248 1 63 1
2249 0 -64 0
2250 1 63 1
2251 0 -64 0
2252 0 -64 0
2253 1 63 1
2254 1 63 1
2255 0 -64 0
2256 0 -64 0
2257 1 63 1
2258 0 -64 0
2259 1 63 1
2260 1 63 1
2261 1 63 1
2262 0 -64 0
2263 0 -64 0
2264 0 -64 0
2265 0 -64 0
2266 0 -64 0
2267 1 63 1
2268 1 63 1
2269 1 63 1
2270 1 63 1
2271 0 -64 0
2272 1 63 1
2273 0 -64 0
2274 0 -64 0
2275 0 -64 0
2276 0 -64 0
2277 1 63 1
2278 0 -64 0
2279 1 63 1
2280 0 -64 0
2281 0 -64 0
2282 0 -64 0
2283 0 -64 0
2284 0 -64 0
2285 0 -64 0
2286 1 63 1
2287 1 63 1
2288 0 -64 0
2289 0 -64 0
2290 0 -64 0
2291 0 -64 0
2292 1 63 1
2293 1 63 1
2294 1 63 1
2295 1 63 1
2296 1 63 1
2297 0 -64 0
2298 1 63 1
2299 0 -64 0
2300 1 63 1
2301 0 -64 0
2302 0 -64 0
2303 1 63 1
2304 1 37 1
2305 1 63 1
2306 0 -64 0
2307 1 63 1
2308 1 63 1
2309 1 63 1
2310 1 63 1
2311 1 63 1
2312 1 63 1
2313 1 63 1
2314 0 -64 0
2315 1 63 1
2316 1 63 1
2317 1 63 1
2318 0 -64 0
2319 0 -64 0
2320 0 -64 0
2321 0 -64 0
2322 1 63 1
2323 0 -64 0
2324 0 -64 0
2325 0 -64 0
2326 0 -64 0
2327 1 63 1
2328 0 -64 0
2329 1 63 1
2330 0 -64 0
2331 1 63 1
2332 0 -64 0
2333 1 63 1
2334 1 63 1
2335 0 -64 0
2336 0 -64 0
2337 1 63 1
2338 0 -64 0
2339 1 63 1
2340 1 63 1
2341 0 -64 0
2342 0 -64 0
2343 1 63 1
2344 0 -64 0
2345 0 -64 0
2346 1 63 1
2347 0 -64 0
2348 1 63 1
2349 1 63 1
2350 0 -64 0
2351 0 -64 0
2352 0 -64 0
2353 0 -64 0
2354 0 -64 0
2355 0 -64 0
2356 0 -64 0
2357 1 63 1
2358 1 57 1
2359 0 -64 0
2360 1 63 1
2361 0 -64 0
2362 1 63 1
2363 0 -64 0
2364 1 63 1
2365 1 63 1
2366 1 63 1
2367 0 -64 0
2368 1 63 1
2369 0 -64 0
2370 0 -64 0
2371 1 63 1
2372 1 63 1
2373 1 63 1
2374 0 -64 0
2375 1 63 1
2376 0 -64 0
2377 1 63 1
2378 0 -64 0
2379 1 63 1
2380 0 -64 0
2381 0 -56 0
2382 0 -64 0
2383 1 63 1
2384 1 63 1
2385 1 63 1
2386 0 -64 0
2387 0 -64 0
2388 1 63 1
2389 0 -64 0
2390 1 63 1
2391 0 -64 0
2392 1 63 1
2393 0 -64 0
2394 1 63 1
2395 0 -64 0
2396 0 -64 0
2397 0 -64 0
2398 0 -64 0
2399 0 -64 0
2400 0 -64 0
2401 0 -64 0
2402 0 -64 0
2403 1 63 1
2404 0 -64 0
2405 0 -64 0
2406 1 63 1
2407 0 -64 0
2408 1 63 1
2409 1 63 1
2410 0 -64 0
2411 1 63 1
2412 1 63 1
2413 0 -64 0
2414 1 63 1
2415 1 63 1
2416 0 -64 0
2417 0 -64 0
2418 0 -64 0
2419 0 -64 0
2420 1 63 1
2421 0 -64 0
2422 1 63 1
2423 1 63 1
2424 0 -64 0
2425 1 63 1
2426 0 -64 0
2427 1 63 1
2428 1 63 1
2429 1 63 1
2430 1 63 1
2431 0 -64 0
2432 0 -64 0
2433 0 -64 0
2434 1 63 1
2435 1 63 1
2436 1 63 1
2437 0 -64 0
2438 0 -64 0
2439 0 -64 0
2440 0 -64 0
2441 1 63 1
2442 0 -64 0
2443 0 -64 0
2444 1 63 1
2445 0 -64 0
2446 1 63 1
2447 0 -64 0
2448 1 63 1
2449 0 -64 0
2450 0 -64 0
2451 0 -64 0
2452 0 -64 0
2453 0 -64 0
2454 0 -64 0
2455 0 -64 0
2456 0 -64 0
2457 0 -64 0
2458 1 63 1
2459 1 63 1
2460 0 -64 0
2461 1 63 1
2462 1 63 1
2463 0 -64 0
2464 0 -64 0
2465 1 63 1
2466 1 63 1
2467 0 -64 0
2468 1 63 1
2469 1 63 1
2470 0 -64 0
2471 0 -64 0
2472 0 -64 0
2473 0 -64 0
2474 0 -64 0
2475 1 63 1
2476 1 63 1
2477 0 -64 0
2478 1 63 1
2479 0 -64 0
2480 0 -64 0
2481 0 -64 0
2482 0 -64 0
2483 0 -64 0
2484 0 -64 0
2485 0 -64 0
2486 0 -64 0
2487 0 -64 0
2488 0 -64 0
2489 0 -64 0
2490 1 63 1
2491 0 -64 0
2492 0 -64 0
2493 0 -64 0
2494 0 -64 0
2495 0 -64 0
2496 1 63 1
2497 0 -64 0
2498 1 63 1
2499 1 63 1
2500 1 63 1
2501 1 63 1
2502 1 63 1
2503 1 63 1
2504 0 -64 0
2505 0 -64 0
2506 0 -64 0
2507 0 -64 0
2508 1 63 1
2509 1 63 1
2510 1 63 1
2511 0 -64 0
2512 1 63 1
2513 0 -64 0
2514 0 -64 0
2515 1 63 1
2516 0 -64 0
2517 0 -64 0
2518 0 -64 0
2519 0 -64 0
2520 1 63 1
2521 1 63 1
2522 0 -64 0
2523 1 63 1
2524 1 63 1
2525 1 63 1
2526 1 63 1
2527 1 63 1
2528 1 63 1
2529 0 -64 0
2530 0 -64 0
2531 1 63 1
2532 0 -64 0
2533 0 -64 0
2534 0 -64 0
2535 0 -64 0
2536 1 63 1
2537 1 63 1
2538 1 63 1
2539 0 -64 0
2540 1 63 1
2541 1 63 1
2542 0 -57 0
2543 0 -64 0
2544 0 -64 0
2545 1 63 1
2546 1 63 1
2547 0 -64 0
2548 1 63 1
2549 0 -64 0
2550 1 63 1
2551 1 63 1
2552 0 -64 0
2553 1 63 1
2554 1 63 1
2555 1 63 1
2556 0 -64 0
2557 0 -64 0
2558 1 63 1
2559 0 -64 0
2560 0 -64 0
2561 0 -64 0
2562 1 63 1
2563 0 -64 0
2564 0 -64 0
2565 0 -61 0
2566 0 -64 0
2567 0 -64 0
2568 0 -64 0
2569 1 63 1
2570 0 -64 0
2571 0 -64 0
2572 1 63 1
2573 1 63 1
2574 1 63 1
2575 1 63 1
2576 1 63 1
2577 1 63 1
2578 1 63 1
2579 1 63 1
2580 1 63 1
2581 1 63 1
2582 1 63 1
2583 1 63 1
2584 0 -64 0
2585 0 -64 0
2586 1 63 1
2587 0 -64 0
2588 0 -64 0
2589 0 -64 0
2590 1 63 1
2591 0 -64 0
2592 1 63 1
2593 1 63 1
2594 1 63 1
2595 1 63 1
2596 1 59 1
2597 0 -64 0
2598 1 63 1
2599 0 -64 0
2600 0 -64 0
2601 0 -64 0
2602 1 63 1
2603 1 63 1
2604 0 -64 0
2605 0 -64 0
2606 0 -64 0
2607 0 -64 0
2608 0 -64 0
2609 0 -64 0
2610 0 -64 0
2611 0 -64 0
2612 1 63 1
2613 0 -64 0
2614 0 -64 0
2615 1 63 1
2616 0 -64 0
2617 0 -64 0
2618 0 -64 0
2619 0 -64 0
2620 1 63 1
2621 0 -64 0
2622 1 63 1
2623 1 63 1
2624 0 -64 0
2625 1 63 1
2626 0 -64 0
2627 1 63 1
2628 1 63 1
2629 1 63 1
2630 1 63 1
2631 0 -64 0
2632 0 -64 0
2633 1 63 1
2634 0 -64 0
2635 0 -64 0
2636 0 -64 0
2637 0 -64 0
2638 1 63 1
2639 0 -64 0
2640 0 -64 0
2641 0 -64 0
2642 1 63 1
2643 1 63 1
2644 0 -64 0
2645 0 -64 0
2646 1 63 1
2647 1 63 1
2648 0 -64 0
2649 1 63 1
2650 0 -64 0
2651 0 -64 0
2652 1 63 1
2653 1 63 1
2654 0 -64 0
2655 0 -64 0
2656 1 63 1
2657 0 -64 0
2658 1 63 1
2659 0 -64 0
2660 0 -64 0
2661 1 63 1
2662 0 -64 0
2663 0 -64 0
2664 1 63 1
2665 1 63 1
2666 0 -64 0
2667 0 -64 0
2668 0 -64 0
2669 1 63 1
2670 1 63 1
2671 1 63 1
2672 1 63 1
2673 0 -64 0
2674 1 63 1
2675 0 -64 0
2676 1 63 1
2677 0 -64 0
2678 1 63 1
2679 1 63 1
2680 0 -64 0
2681 0 -64 0
2682 1 63 1
2683 1 63 1
2684 1 63 1
2685 0 -64 0
2686 0 -64 0
2687 1 63 1
2688 1 63 1
2689 0 -64 0
2690 1 63 1
2691 1 63 1
2692 0 -64 0
2693 0 -64 0
2694 0 -64 0
2695 1 63 1
2696 0 -64 0
2697 0 -64 0
2698 1 63 1
2699 1 63 1
2700 1 63 1
2701 0 -64 0
2702 0 -64 0
2703 1 63 1
2704 1 63 1
2705 0 -64 0
2706 1 63 1
2707 0 -64 0
2708 1 63 1
2709 1 63 1
2710 0 -64 0
2711 1 -27 0
2712 0 -64 0
2713 0 -64 0
2714 1 63 1
2715 0 -64 0
2716 0 -64 0
2717 0 -64 0
2718 1 63 1
2719 1 63 1
2720 0 -64 0
2721 1 63 1
2722 0 -64 0
2723 1 63 1
2724 0 -64 0
2725 0 -64 0
2726 0 -64 0
2727 1 -64 0
2728 1 63 1
2729 1 63 1
2730 1 63 1
2731 1 63 1
2732 0 -64 0
2733 1 63 1
2734 1 63 1
2735 1 63 1
2736 1 63 1
2737 1 63 1
2738 1 63 1
2739 1 63 1
2740 1 63 1
2741 0 -64 0
2742 0 -64 0
2743 1 63 1
2744 1 63 1
2745 1 63 1
2746 0 -64 0
2747 1 63 1
2748 0 -64 0
2749 0 -64 0
2750 0 -64 0
2751 1 63 1
2752 0 -64 0
2753 1 63 1
2754 0 -64 0
2755 1 63 1
2756 1 63 1
2757 1 63 1
2758 1 63 1
2759 0 -64 0
2760 0 -64 0
2761 0 -64 0
2762 1 63 1
2763 1 63 1
2764 1 63 1
2765 0 -64 0
2766 1 63 1
2767 1 63 1
2768 0 -64 0
2769 1 63 1
2770 0 -64 0
2771 1 63 1
2772 0 -64 0
2773 0 -64 0
2774 1 63 1
2775 0 -64 0
2776 0 -64 0
2777 0 -64 0
2778 1 63 1
2779 1 63 1
2780 1 63 1
2781 0 -64 0
2782 0 -64 0
2783 0 -64 0
2784 0 -64 0
2785 0 -64 0
2786 1 63 1
2787 1 63 1
2788 0 -64 0
2789 1 63 1
2790 0 -64 0
2791 1 63 1
2792 1 63 1
2793 0 -64 0
2794 1 63 1
2795 0 -64 0
2796 1 63 1
2797 1 63 1
2798 0 -64 0
2799 0 -64 0
2800 0 -64 0
2801 0 -64 0
2802 0 -64 0
2803 1 63 1
2804 0 -64 0
2805 0 -64 0
2806 0 -64 0
2807 0 -64 0
2808 0 -64 0
2809 1 63 1
2810 1 63 1
2811 0 -64 0
2812 0 -64 0
2813 0 -64 0
2814 0 -64 0
2815 0 -64 0
2816 0 -64 0
2817 0 -64 0
2818 0 -64 0
2819 1 63 1
2820 1 63 1
2821 0 -64 0
2822 0 -64 0
2823 1 63 1
2824 0 -64 0
2825 0 -64 0
2826 0 -64 0
2827 0 -64 0
2828 1 63 1
2829 0 -64 0
2830 0 -64 0
2831 0 -64 0
2832 0 -64 0
2833 1 63 1
2834 1 42 1
2835 0 -64 0
2836 0 -64 0
2837 1 63 1
2838 0 -64 0
2839 1 63 1
2840 1 63 1
2841 0 -64 0
2842 1 63 1
2843 1 63 1
2844 0 -64 0
2845 0 -64 0
2846 1 63 1
2847 0 -64 0
2848 1 63 1
2849 0 -64 0
2850 1 63 1
2851 1 63 1
2852 1 63 1
2853 0 -64 0
2854 0 -64 0
2855 0 -64 0
2856 0 -64 0
2857 0 -44 0
2858 0 -64 0
2859 0 -64 0
2860 0 -64 0
2861 0 -64 0
2862 1 63 1
2863 0 -64 0
2864 0 -64 0
2865 0 -64 0
2866 0 -64 0
2867 0 -64 0
2868 0 -64 0
2869 0 -64 0
2870 1 63 1
2871 1 63 1
2872 0 -64 0
2873 0 -64 0
2874 1 63 1
2875 1 63 1
2876 0 -64 0
2877 0 -64 0
2878 1 63 1
2879 0 -64 0
2880 1 63 1
2881 1 63 1
2882 1 63 1
2883 1 63 1
2884 1 63 1
2885 1 63 1
2886 1 63 1
2887 0 -64 0
2888 0 -64 0
2889 0 -64 0
2890 0 -64 0
2891 1 63 1
2892 0 -64 0
2893 0 -64 0
2894 1 63 1
2895 0 -64 0
2896 0 -64 0
2897 1 63 1
2898 0 -64 0
2899 0 -64 0
2900 1 63 1
2901 0 -64 0
2902 0 -64 0
2903 0 -64 0
2904 1 63 1
2905 0 -64 0
2906 0 -64 0
2907 0 -64 0
2908 0 -64 0
2909 1 63 1
2910 0 -64 0
2911 0 -64 0
2912 0 -64 0
2913 1 63 1
2914 0 -64 0
2915 1 63 1
2916 1 63 1
2917 0 -64 0
2918 0 -64 0
2919 1 63 1
2920 1 63 1
2921 0 -64 0
2922 1 63 1
2923 0 -64 0
2924 1 63 1
2925 0 -64 0
2926 1 63 1
2927 1 63 1
2928 1 63 1
2929 1 63 1
2930 0 -64 0
2931 0 -64 0
2932 1 63 1
2933 1 63 1
2934 1 63 1
2935 1 63 1
2936 0 -64 0
2937 0 -64 0
2938 1 63 1
2939 1 63 1
2940 0 -64 0
2941 0 -64 0
2942 0 -64 0
2943 0 -64 0
2944 1 63 1
2945 1 63 1
2946 0 -64 0
2947 0 -64 0
2948 0 -64 0
2949 0 -64 0
2950 1 63 1
2951 1 63 1
2952 0 -64 0
2953 1 63 1
2954 1 63 1
2955 0 -64 0
2956 1 63 1
2957 0 -64 0
2958 1 63 1
2959 0 -64 0
2960 1 63 1
2961 1 63 1
2962 1 63 1
2963 1 63 1
2964 0 -64 0
2965 1 63 1
2966 1 63 1
2967 1 63 1
2968 1 63 1
2969 1 63 1
2970 1 63 1
2971 0 -64 0
2972 1 63 1
2973 1 63 1
2974 0 -64 0
2975 1 63 1
2976 1 63 1
2977 0 -64 0
2978 0 -64 0
2979 0 -64 0
2980 1 63 1
2981 0 -64 0
2982 1 63 1
2983 0 -64 0
2984 0 -64 0
2985 0 -64 0
2986 1 63 1
2987 0 -64 0
2988 1 63 1
2989 1 63 1
2990 0 -64 0
2991 1 63 1
2992 0 -64 0
2993 0 -64 0
2994 0 -64 0
2995 0 -64 0
2996 1 63 1
2997 0 -64 0
2998 0 -64 0
2999 1 63 1
3000 0 -64 0
3001 0 -64 0
3002 0 -64 0
3003 1 49 1
3004 1 63 1
3005 1 63 1
3006 0 -64 0
3007 1 63 1
3008 1 63 1
3009 1 63 1
3010 0 -64 0
3011 1 63 1
3012 0 -64 0
3013 1 63 1
3014 1 63 1
3015 1 63 1
3016 1 63 1
3017 0 -64 0
3018 1 63 1
3019 0 -64 0
3020 1 63 1
3021 0 -64 0
3022 1 63 1
3023 1 63 1
3024 0 -64 0
3025 0 -64 0
3026 1 63 1
3027 1 63 1
3028 1 63 1
3029 0 -64 0
3030 0 -64 0
3031 1 63 1
3032 1 63 1
3033 0 -64 0
3034 0 -64 0
3035 1 63 1
3036 0 -64 0
3037 1 63 1
3038 0 -64 0
3039 0 -64 0
3040 0 -64 0
3041 1 63 1
3042 0 -64 0
3043 1 63 1
3044 0 -64 0
3045 0 -64 0
3046 1 63 1
3047 1 63 1
3048 1 63 1
3049 0 -64 0
3050 1 63 1
3051 1 63 1
3052 0 -64 0
3053 1 63 1
3054 0 -64 0
3055 0 -64 0
3056 0 -64 0
3057 1 63 1
3058 0 -64 0
3059 1 63 1
3060 0 -64 0
3061 1 63 1
3062 0 -64 0
3063 1 63 1
3064 1 63 1
3065 0 -64 0
3066 0 -64 0
3067 1 63 1
3068 1 63 1
3069 0 -64 0
3070 1 63 1
3071 0 -64 0
3072 1 40 1
3073 0 -64 0
3074 0 -64 0
3075 0 -64 0
3076 0 -64 0
3077 1 63 1
3078 0 -64 0
3079 1 63 1
3080 1 63 1
3081 1 63 1
3082 1 63 1
3083 1 63 1
3084 0 -64 0
3085 1 63 1
3086 0 -64 0
3087 0 -64 0
3088 0 -64 0
3089 0 -64 0
3090 1 63 1
3091 1 63 1
3092 1 63 1
3093 0 -64 0
3094 1 63 1
3095 1 63 1
3096 0 -64 0
3097 1 63 1
3098 1 63 1
3099 0 -64 0
3100 0 -64 0
3101 0 -64 0
3102 0 -64 0
3103 0 -64 0
3104 0 -64 0
3105 0 -64 0
3106 0 -64 0
3107 0 -64 0
3108 0 -64 0
3109 0 -64 0
3110 0 -64 0
3111 1 63 1
3112 0 -64 0
3113 1 63 1
3114 1 63 1
3115 1 63 1
3116 1 63 1
3117 0 -64 0
3118 1 63 1
3119 0 -64 0
3120 1 63 1
3121 1 63 1
3122 0 -64 0
3123 0 -64 0
3124 1 63 1
3125 0 -64 0
3126 0 -63 0
3127 0 -64 0
3128 0 -64 0
3129 1 63 1
3130 1 63 1
3131 0 -64 0
3132 1 63 1
3133 0 -64 0
3134 1 63 1
3135 0 -64 0
3136 0 -64 0
3137 0 -64 0
3138 0 -64 0
3139 1 63 1
3140 0 -64 0
3141 0 -64 0
3142 1 63 1
3143 0 -64 0
3144 1 63 1
3145 0 -64 0
3146 0 -64 0
3147 0 -64 0
3148 1 63 1
3149 1 63 1
3150 1 63 1
3151 1 63 1
3152 0 -64 0
3153 0 -64 0
3154 1 63 1
3155 1 63 1
3156 0 -64 0
3157 1 63 1
3158 1 63 1
3159 1 63 1
3160 1 63 1
3161 0 -64 0
3162 1 63 1
3163 0 -64 0
3164 1 63 1
3165 0 -64 0
3166 0 -64 0
3167 1 63 1
3168 0 -64 0
3169 0 -64 0
3170 0 -64 0
3171 0 -64 0
3172 1 63 1
3173 1 63 1
3174 0 -64 0
3175 1 63 1
3176 1 63 1
3177 1 63 1
3178 1 63 1
3179 1 63 1
3180 0 -64 0
3181 0 -64 0
3182 1 63 1
3183 0 -64 0
3184 0 -64 0
3185 1 63 1
3186 1 63 1
3187 1 62 1
3188 0 -64 0
3189 0 -64 0
3190 1 63 1
3191 1 63 1
3192 0 -64 0
3193 1 63 1
3194 1 63 1
3195 0 -64 0
3196 0 -64 0
3197 1 63 1
3198 1 63 1
3199 0 -64 0
3200 0 -64 0
3201 1 63 1
3202 0 -64 0
3203 1 63 1
3204 1 63 1
3205 1 63 1
3206 1 63 1
3207 0 -64 0
3208 0 -64 0
3209 0 -64 0
3210 1 63 1
3211 0 -64 0
3212 1 63 1
3213 1 63 1
3214 0 -64 0
3215 0 -64 0
3216 1 63 1
3217 1 63 1
3218 0 -64 0
3219 1 63 1
3220 1 63 1
3221 1 63 1
3222 1 63 1
3223 1 63 1
3224 1 63 1
3225 0 -64 0
3226 1 63 1
3227 0 -64 0
3228 1 63 1
3229 1 63 1
3230 1 63 1
3231 1 63 1
3232 1 63 1
3233 0 -64 0
3234 1 63 1
3235 1 63 1
3236 1 63 1
3237 1 63 1
3238 1 63 1
3239 0 -64 0
3240 0 -64 0
3241 0 -64 0
3242 0 -64 0
3243 1 63 1
3244 1 63 1
3245 0 -64 0
3246 1 63 1
3247 0 -64 0
3248 0 -64 0
3249 0 -64 0
3250 1 63 1
3251 0 -64 0
3252 0 -64 0
3253 0 -64 0
3254 0 -64 0
3255 1 63 1
3256 1 63 1
3257 1 63 1
3258 1 63 1
3259 1 63 1
3260 0 -64 0
3261 1 63 1
3262 0 -64 0
3263 1 63 1
3264 0 -64 0
3265 1 63 1
3266 1 63 1
3267 0 -64 0
3268 1 63 1
3269 1 63 1
3270 0 -64 0
3271 0 -64 0
3272 0 -64 0
3273 0 -64 0
3274 0 -64 0
3275 0 -64 0
3276 1 63 1
3277 0 -64 0
3278 0 -64 0
3279 1 63 1
3280 0 -64 0
3281 0 -64 0
3282 1 63 1
3283 1 63 1
3284 0 -64 0
3285 0 -64 0
3286 1 63 1
3287 1 63 1
3288 0 -64 0
3289 1 63 1
3290 0 -64 0
3291 1 63 1
3292 0 -64 0
3293 0 -64 0
3294 0 -64 0
3295 0 -62 0
3296 0 -64 0
3297 1 63 1
3298 1 63 1
3299 1 63 1
3300 0 -64 0
3301 0 -64 0
3302 0 -64 0
3303 0 -64 0
3304 0 -64 0
3305 0 -64 0
3306 0 -64 0
3307 0 -64 0
3308 1 63 1
3309 0 -64 0
3310 1 63 1
3311 0 -64 0
3312 1 63 1
3313 1 63 1
3314 0 -64 0
3315 1 63 1
3316 0 -64 0
3317 0 -64 0
3318 0 -64 0
3319 0 -64 0
3320 1 63 1
3321 1 63 1
3322 1 63 1
3323 1 63 1
3324 0 -64 0
3325 0 -64 0
3326 1 63 1
3327 0 -64 0
3328 1 63 1
3329 1 63 1
3330 0 -64 0
3331 0 -64 0
3332 0 -64 0
3333 0 -57 0
3334 0 -64 0
3335 1 63 1
3336 0 -64 0
3337 1 63 1
3338 1 63 1
3339 1 63 1
3340 1 63 1
3341 1 63 1
3342 0 -64 0
3343 0 -64 0
3344 1 63 1
3345 1 63 1
3346 0 -64 0
3347 0 -64 0
3348 1 63 1
3349 1 63 1
3350 1 63 1
3351 1 63 1
3352 1 63 1
3353 0 -64 0
3354 0 -64 0
3355 0 -64 0
3356 0 -64 0
3357 1 63 1
3358 1 63 1
3359 1 63 1
3360 1 63 1
3361 0 -64 0
3362 1 63 1
3363 0 -64 0
3364 0 -54 0
3365 1 63 1
3366 0 -64 0
3367 0 -64 0
3368 1 63 1
3369 1 63 1
3370 0 -64 0
3371 1 63 1
3372 1 63 1
3373 0 -64 0
3374 0 -64 0
3375 0 -64 0
3376 0 -64 0
3377 0 -64 0
3378 0 -64 0
3379 0 -64 0
3380 1 63 1
3381 1 63 1
3382 1 63 1
3383 1 63 1
3384 1 63 1
3385 1 63 1
3386 1 63 1
3387 1 63 1
3388 0 -64 0
3389 1 63 1
3390 1 56 1
3391 0 -64 0
3392 0 -64 0
3393 1 63 1
3394 0 -64 0
3395 1 63 1
3396 0 -64 0
3397 0 -64 0
3398 0 -64 0
3399 0 -64 0
3400 0 -64 0
3401 0 -64 0
3402 1 63 1
3403 1 63 1
3404 1 63 1
3405 1 63 1
3406 0 -64 0
3407 0 -64 0
3408 0 -64 0
3409 0 -64 0
3410 1 63 1
3411 0 -64 0
3412 1 63 1
3413 1 63 1
3414 1 63 1
3415 1 63 1
3416 0 -64 0
3417 1 62 1
3418 0 -64 0
3419 0 -64 0
3420 1 63 1
3421 0 -64 0
3422 0 -64 0
3423 0 -64 0
3424 0 -64 0
3425 1 63 1
3426 1 63 1
3427 1 63 1
3428 1 63 1
3429 0 -64 0
3430 1 63 1
3431 0 -64 0
3432 0 -64 0
3433 1 63 1
3434 1 63 1
3435 1 63 1
3436 1 63 1
3437 1 63 1
3438 0 -64 0
3439 1 63 1
3440 1 63 1
3441 1 63 1
3442 0 -64 0
3443 1 63 1
3444 0 -64 0
3445 0 -64 0
3446 0 -64 0
3447 1 63 1
3448 0 -64 0
3449 1 63 1
3450 0 -64 0
3451 0 -64 0
3452 1 63 1
3453 0 -64 0
3454 1 63 1
3455 1 63 1
3456 1 63 1
3457 1 63 1
3458 1 63 1
3459 0 -64 0
3460 0 -64 0
3461 0 -64 0
3462 0 -64 0
3463 0 -64 0
3464 1 63 1
3465 0 -64 0
3466 0 -64 0
3467 0 -64 0
3468 0 -64 0
3469 0 -64 0
3470 1 63 1
3471 1 63 1
3472 0 -64 0
3473 0 -64 0
3474 1 63 1
3475 1 63 1
3476 1 63 1
3477 0 -64 0
3478 1 63 1
3479 0 -52 0
3480 0 -64 0
3481 0 -64 0
3482 0 -64 0
3483 1 63 1
3484 0 -64 0
3485 1 63 1
3486 0 -64 0
3487 1 63 1
3488 0 -64 0
3489 0 -64 0
3490 1 63 1
3491 0 -64 0
3492 1 63 1
3493 1 63 1
3494 0 -64 0
3495 0 -64 0
3496 0 -64 0
3497 1 63 1
3498 1 63 1
3499 1 63 1
3500 0 -64 0
3501 0 -64 0
3502 0 -64 0
3503 0 -64 0
3504 1 63 1
3505 1 63 1
3506 1 63 1
3507 1 63 1
3508 1 63 1
3509 1 63 1
3510 0 -64 0
3511 1 63 1
3512 1 63 1
3513 1 63 1
3514 1 63 1
3515 0 -64 0
3516 0 -64 0
3517 0 -64 0
3518 1 63 1
3519 0 -64 0
3520 0 -64 0
3521 1 63 1
3522 0 -64 0
3523 0 -64 0
3524 0 -64 0
3525 0 -64 0
3526 0 -64 0
3527 0 -64 0
3528 0 -64 0
3529 1 63 1
3530 0 -64 0
3531 0 -64 0
3532 1 63 1
3533 1 63 1
3534 0 -64 0
3535 1 63 1
3536 0 -64 0
3537 0 -64 0
3538 1 63 1
3539 1 63 1
3540 0 -64 0
3541 0 -64 0
3542 0 -64 0
3543 0 -64 0
3544 0 -64 0
3545 0 -64 0
3546 1 63 1
3547 1 63 1
3548 0 -56 0
3549 1 63 1
3550 0 -64 0
3551 1 63 1
3552 1 63 1
3553 1 63 1
3554 1 63 1
3555 1 63 1
3556 1 63 1
3557 0 -64 0
3558 1 63 1
3559 1 63 1
3560 1 63 1
3561 0 -64 0
3562 0 -64 0
3563 0 -64 0
3564 1 63 1
3565 1 63 1
3566 0 -64 0
3567 1 63 1
3568 1 63 1
3569 0 -64 0
3570 0 -64 0
3571 0 -64 0
3572 0 -64 0
3573 1 63 1
3574 1 63 1
3575 0 -64 0
3576 0 -64 0
3577 0 -64 0
3578 0 -64 0
3579 0 -64 0
3580 1 63 1
3581 0 -64 0
3582 1 63 1
3583 0 -64 0
3584 0 -64 0
3585 1 63 1
3586 0 -64 0
3587 0 -64 0
3588 0 -64 0
3589 0 -64 0
3590 0 -64 0
3591 1 63 1
3592 0 -64 0
3593 1 63 1
3594 1 63 1
3595 0 -64 0
3596 1 63 1
3597 0 -64 0
3598 0 -64 0
3599 1 63 1
3600 1 63 1
3601 1 63 1
3602 0 -37 0
3603 1 63 1
3604 1 63 1
3605 0 -64 0
3606 1 63 1
3607 0 -64 0
3608 1 63 1
3609 1 63 1
3610 1 63 1
3611 0 -64 0
3612 1 63 1
3613 0 -64 0
3614 1 63 1
3615 1 63 1
3616 0 -64 0
3617 0 -64 0
3618 0 -64 0
3619 1 63 1
3620 1 63 1
3621 1 63 1
3622 1 63 1
3623 0 -64 0
3624 1 63 1
3625 1 -22 0
3626 0 -64 0
3627 1 63 1
3628 0 -64 0
3629 0 -64 0
3630 0 -64 0
3631 0 -64 0
3632 0 -64 0
3633 1 63 1
3634 1 63 1
3635 0 -64 0
3636 0 -64 0
3637 1 63 1
3638 0 -64 0
3639 0 -64 0
3640 0 -64 0
3641 0 -64 0
3642 1 63 1
3643 1 63 1
3644 1 63 1
3645 0 -64 0
3646 0 -64 0
3647 1 63 1
3648 1 63 1
3649 1 63 1
3650 0 -64 0
3651 0 -64 0
3652 1 63 1
3653 1 63 1
3654 1 63 1
3655 1 63 1
3656 1 63 1
3657 0 -64 0
3658 0 -64 0
3659 1 63 1
3660 1 63 1
3661 0 -64 0
3662 1 63 1
3663 1 63 1
3664 0 -64 0
3665 1 63 1
3666 1 63 1
3667 1 63 1
3668 0 -64 0
3669 0 -64 0
3670 0 -64 0
3671 1 63 1
3672 1 63 1
3673 1 63 1
3674 1 63 1
3675 1 63 1
3676 1 63 1
3677 0 -64 0
3678 1 63 1
3679 1 63 1
3680 1 63 1
3681 0 -64 0
3682 0 -64 0
3683 1 63 1
3684 1 63 1
3685 0 -64 0
3686 0 -64 0
3687 1 63 1
3688 1 63 1
3689 0 -64 0
3690 1 63 1
3691 1 63 1
3692 1 63 1
3693 0 -64 0
3694 1 63 1
3695 0 -64 0
3696 0 -64 0
3697 1 63 1
3698 0 -64 0
3699 1 63 1
3700 0 -64 0
3701 0 -64 0
3702 1 63 1
3703 1 63 1
3704 0 -64 0
3705 1 63 1
3706 1 63 1
3707 0 -64 0
3708 0 -64 0
3709 1 63 1
3710 0 -64 0
3711 0 -64 0
3712 0 -64 0
3713 0 -64 0
3714 0 -64 0
3715 0 -64 0
3716 1 63 1
3717 0 -64 0
3718 1 63 1
3719 1 63 1
3720 1 63 1
3721 0 -64 0
3722 1 63 1
3723 1 63 1
3724 1 63 1
3725 1 63 1
3726 1 63 1
3727 0 -64 0
3728 1 63 1
3729 0 -64 0
3730 0 -64 0
3731 0 -64 0
3732 0 -64 0
3733 0 -64 0
3734 0 -64 0
3735 0 -64 0
3736 1 63 1
3737 1 63 1
3738 1 63 1
3739 0 -64 0
3740 1 63 1
3741 0 -64 0
3742 0 -64 0
3743 0 -64 0
3744 0 -64 0
3745 0 -64 0
3746 0 -64 0
3747 0 -57 0
3748 1 63 1
3749 0 -64 0
3750 1 63 1
3751 0 -64 0
3752 1 63 1
3753 1 63 1
3754 0 -64 0
3755 0 -64 0
3756 0 -64 0
3757 1 63 1
3758 0 -64 0
3759 0 -64 0
3760 0 -64 0
3761 1 63 1
3762 1 63 1
3763 1 63 1
3764 1 63 1
3765 1 63 1
3766 1 63 1
3767 0 -64 0
3768 0 -64 0
3769 0 -64 0
3770 0 -64 0
3771 0 -64 0
3772 1 63 1
3773 1 63 1
3774 1 63 1
3775 0 -64 0
3776 0 -64 0
3777 0 -64 0
3778 0 -64 0
3779 0 -64 0
3780 0 -64 0
3781 0 -64 0
3782 1 63 1
3783 1 63 1
3784 1 63 1
3785 0 -64 0
3786 1 63 1
3787 0 -64 0
3788 0 -64 0
3789 0 -64 0
3790 0 -64 0
3791 0 -64 0
3792 0 -64 0
3793 0 -64 0
3794 1 63 1
3795 0 -64 0
3796 1 63 1
3797 0 -64 0
3798 0 -64 0
3799 0 -64 0
3800 1 63 1
3801 1 63 1
3802 1 63 1
3803 1 63 1
3804 1 63 1
3805 1 63 1
3806 1 63 1
3807 1 63 1
3808 1 63 1
3809 1 63 1
3810 0 -64 0
3811 0 -64 0
3812 0 -64 0
3813 1 63 1
3814 1 63 1
3815 1 63 1
3816 1 63 1
3817 1 63 1
3818 0 -64 0
3819 1 63 1
3820 1 63 1
3821 0 -64 0
3822 1 63 1
3823 1 63 1
3824 1 63 1
3825 1 63 1
3826 0 -64 0
3827 0 -64 0
3828 1 63 1
3829 1 63 1
3830 1 63 1
3831 0 -64 0
3832 0 -64 0
3833 0 -64 0
3834 1 63 1
3835 0 -64 0
3836 0 -64 0
3837 0 -64 0
3838 0 -64 0
3839 1 63 1
3840 0 -38 0
3841 1 63 1
3842 0 -64 0
3843 1 63 1
3844 1 63 1
3845 1 63 1
3846 0 -64 0
3847 0 -64 0
3848 1 63 1
3849 0 -64 0
3850 0 -64 0
3851 0 -64 0
3852 1 63 1
3853 1 63 1
3854 1 63 1
3855 0 -64 0
3856 0 -64 0
3857 1 63 1
3858 1 63 1
3859 0 -64 0
3860 1 63 1
3861 1 63 1
3862 0 -64 0
3863 1 63 1
3864 0 -64 0
3865 0 -64 0
3866 1 63 1
3867 0 -64 0
3868 1 63 1
3869 1 63 1
3870 0 -64 0
3871 1 63 1
3872 1 63 1
3873 0 -64 0
3874 1 63 1
3875 1 63 1
3876 1 63 1
3877 1 63 1
3878 0 -64 0
3879 1 63 1
3880 0 -64 0
3881 1 63 1
3882 0 -64 0
3883 1 63 1
3884 0 -64 0
3885 0 -64 0
3886 1 63 1
3887 1 63 1
3888 1 63 1
3889 0 -64 0
3890 1 63 1
3891 0 -64 0
3892 1 63 1
3893 1 63 1
3894 1 63 1
3895 1 63 1
3896 1 63 1
3897 1 63 1
3898 0 -64 0
3899 0 -64 0
3900 0 -64 0
3901 1 63 1
3902 1 63 1
3903 1 63 1
3904 1 63 1
3905 0 -64 0
3906 0 -64 0
3907 0 -64 0
3908 1 63 1
3909 1 63 1
3910 1 63 1
3911 1 63 1
3912 0 -64 0
3913 0 -64 0
3914 0 -64 0
3915 0 -64 0
3916 1 63 1
3917 1 36 1
3918 1 63 1
3919 0 -64 0
3920 1 63 1
3921 0 -64 0
3922 0 -64 0
3923 0 -64 0
3924 1 63 1
3925 0 -64 0
3926 1 63 1
3927 1 63 1
3928 1 63 1
3929 0 -64 0
3930 0 -64 0
3931 0 -64 0
3932 0 -64 0
3933 0 -64 0
3934 1 63 1
3935 1 63 1
3936 1 63 1
3937 1 63 1
3938 0 -64 0
3939 1 63 1
3940 0 -64 0
3941 0 -64 0
3942 0 -64 0
3943 1 63 1
3944 0 -64 0
3945 0 -64 0
3946 1 63 1
3947 0 -64 0
3948 1 63 1
3949 0 -64 0
3950 0 -64 0
3951 0 -64 0
3952 0 -64 0
3953 1 63 1
3954 0 -64 0
3955 1 63 1
3956 1 63 1
3957 1 63 1
3958 1 63 1
3959 1 63 1
3960 1 63 1
3961 0 -64 0
3962 1 63 1
3963 1 63 1
3964 0 -64 0
3965 1 63 1
3966 1 63 1
3967 1 63 1
3968 0 -64 0
3969 1 63 1
3970 0 -64 0
3971 1 63 1
3972 0 -64 0
3973 0 -64 0
3974 1 63 1
3975 1 63 1
3976 1 63 1
3977 1 63 1
3978 0 -64 0
3979 0 -64 0
3980 1 63 1
3981 1 63 1
3982 0 -64 0
3983 1 63 1
3984 0 -64 0
3985 1 63 1
3986 0 -64 0
3987 1 63 1
3988 1 63 1
3989 1 63 1
3990 0 -64 0
3991 1 63 1
3992 0 -64 0
3993 1 63 1
3994 1 63 1
3995 0 -64 0
3996 0 -64 0
3997 1 63 1
3998 1 63 1
3999 0 -64 0
4000 1 63 1
4001 1 63 1
4002 0 -64 0
4003 1 63 1
4004 0 -64 0
4005 1 63 1
4006 1 63 1
4007 1 63 1
4008 1 63 1
4009 0 -64 0
4010 0 -64 0
4011 0 -64 0
4012 0 -64 0
4013 0 -64 0
4014 1 63 1
4015 1 63 1
4016 0 -64 0
4017 0 -64 0
4018 0 -64 0
4019 1 63 1
4020 0 -64 0
4021 0 -64 0
4022 0 -64 0
4023 1 63 1
4024 1 63 1
4025 1 63 1
4026 0 -64 0
4027 0 -64 0
4028 1 63 1
4029 1 63 1
4030 1 63 1
4031 1 63 1
4032 0 -64 0
4033 1 63 1
4034 1 63 1
4035 0 -64 0
4036 1 63 1
4037 0 -64 0
4038 1 63 1
4039 1 63 1
4040 1 63 1
4041 0 -64 0
4042 0 -64 0
4043 1 63 1
4044 1 63 1
4045 1 63 1
4046 1 63 1
4047 0 -64 0
4048 1 63 1
4049 1 63 1
4050 0 -64 0
4051 1 63 1
4052 1 63 1
4053 1 63 1
4054 1 63 1
4055 0 -64 0
4056 1 63 1
4057 1 63 1
4058 0 -64 0
4059 1 63 1
4060 0 -64 0
4061 0 -64 0
4062 1 63 1
4063 1 63 1
4064 1 63 1
4065 0 -64 0
4066 0 -64 0
4067 1 63 1
4068 0 -64 0
4069 0 -64 0
4070 1 63 1
4071 0 -64 0
4072 1 63 1
4073 0 -64 0
4074 1 63 1
4075 0 -64 0
4076 1 63 1
4077 0 -64 0
4078 0 -64 0
4079 0 -64 0
4080 1 63 1
4081 1 63 1
4082 0 -64 0
4083 1 63 1
4084 0 -64 0
4085 1 63 1
4086 0 -64 0
4087 0 -64 0
4088 1 63 1
4089 1 63 1
4090 0 -64 0
4091 1 63 1
4092 1 63 1
4093 0 -64 0
4094 0 -64 0
4095 0 -64 0
4096 0 -64 0
4097 0 -64 0
4098 1 63 1
4099 0 -64 0
4100 0 -64 0
4101 1 35 1
4102 0 -64 0
4103 0 -64 0
4104 0 -64 0
4105 1 63 1
4106 0 -64 0
4107 1 63 1
4108 1 63 1
4109 1 63 1
4110 1 63 1
4111 1 63 1
4112 1 63 1
4113 1 63 1
4114 0 -64 0
4115 1 63 1
4116 1 63 1
4117 0 -64 0
4118 1 63 1
4119 1 63 1
4120 1 63 1
4121 0 -64 0
4122 0 -64 0
4123 1 63 1
4124 0 -64 0
4125 1 63 1
4126 1 63 1
4127 0 -64 0
4128 1 63 1
4129 1 63 1
4130 1 63 1
4131 0 -64 0
4132 1 47 1
4133 0 -64 0
4134 1 63 1
4135 1 63 1
4136 0 -64 0
4137 0 -64 0
4138 0 -64 0
4139 1 63 1
4140 0 -64 0
4141 1 63 1
4142 1 63 1
4143 1 63 1
4144 0 -64 0
4145 0 -64 0
4146 0 -64 0
4147 0 -64 0
4148 0 -64 0
4149 1 63 1
4150 0 -64 0
4151 1 63 1
4152 0 -64 0
4153 1 63 1
4154 0 -64 0
4155 0 -64 0
4156 0 -64 0
4157 1 63 1
4158 0 -64 0
4159 1 63 1
4160 0 -64 0
4161 0 -64 0
4162 0 -64 0
4163 1 63 1
4164 1 63 1
4165 0 -64 0
4166 0 -64 0
4167 1 63 1
4168 1 63 1
4169 0 -64 0
4170 1 63 1
4171 0 -64 0
4172 1 63 1
4173 0 -64 0
4174 0 -64 0
4175 1 63 1
4176 0 -64 0
4177 0 -64 0
4178 0 -64 0
4179 0 -64 0
4180 1 63 1
4181 1 63 1
4182 1 63 1
4183 0 -64 0
4184 0 -64 0
4185 0 -64 0
4186 1 63 1
4187 0 -64 0
4188 1 63 1
4189 0 -64 0
4190 0 -64 0
4191 1 63 1
4192 1 63 1
4193 0 -64 0
4194 1 63 1
4195 0 -64 0
4196 0 -64 0
4197 0 -64 0
4198 1 63 1
4199 0 -64 0
4200 1 63 1
4201 0 -64 0
4202 1 63 1
4203 1 63 1
4204 0 -64 0
4205 1 63 1
4206 1 63 1
4207 1 63 1
4208 0 -64 0
4209 1 63 1
4210 0 -64 0
4211 0 -64 0
4212 1 63 1
4213 1 63 1
4214 0 -64 0
4215 0 -64 0
4216 1 63 1
4217 0 -64 0
4218 0 -64 0
4219 0 -64 0
4220 1 63 1
4221 1 63 1
4222 1 63 1
4223 1 63 1
4224 0 -64 0
4225 1 63 1
4226 1 63 1
4227 1 63 1
4228 0 -64 0
4229 0 -64 0
4230 1 63 1
4231 1 63 1
4232 0 -64 0
4233 0 -64 0
4234 1 63 1
4235 1 63 1
4236 0 -64 0
4237 0 -64 0
4238 1 63 1
4239 0 -64 0
4240 1 63 1
4241 1 63 1
4242 0 -64 0
4243 1 63 1
4244 0 -64 0
4245 0 -64 0
4246 1 63 1
4247 0 -39 0
4248 0 -64 0
4249 0 -64 0
4250 0 -64 0
4251 1 63 1
4252 1 63 1
4253 1 63 1
4254 1 63 1
4255 0 -64 0
4256 0 -64 0
4257 1 63 1
4258 1 63 1
4259 1 63 1
4260 1 63 1
4261 1 63 1
4262 0 -64 0
4263 1 63 1
4264 0 -64 0
4265 0 -64 0
4266 0 -64 0
4267 0 -64 0
4268 1 63 1
4269 1 63 1
4270 1 63 1
4271 1 63 1
4272 1 63 1
4273 1 63 1
4274 1 63 1
4275 1 63 1
4276 0 -64 0
4277 1 63 1
4278 0 -64 0
4279 1 63 1
4280 1 63 1
4281 0 -64 0
4282 1 63 1
4283 0 -64 0
4284 1 63 1
4285 0 -64 0
4286 1 63 1
4287 0 -64 0
4288 1 63 1
4289 1 63 1
4290 1 63 1
4291 0 -64 0
4292 0 -64 0
4293 1 63 1
4294 1 63 1
4295 0 -64 0
4296 0 -64 0
4297 1 63 1
4298 1 63 1
4299 0 -64 0
4300 0 -64 0
4301 0 -64 0
4302 0 -64 0
4303 0 -64 0
4304 0 -64 0
4305 1 63 1
4306 1 63 1
4307 0 -64 0
4308 1 63 1
4309 0 -64 0
4310 0 -64 0
4311 1 63 1
4312 1 63 1
4313 1 63 1
4314 1 63 1
4315 0 -64 0
4316 1 63 1
4317 1 63 1
4318 0 -64 0
4319 0 -64 0
4320 0 -64 0
4321 0 -64 0
4322 1 63 1
4323 0 -64 0
4324 0 -64 0
4325 0 -64 0
4326 0 -64 0
4327 0 -64 0
4328 1 63 1
4329 1 63 1
4330 1 63 1
4331 0 -64 0
4332 1 63 1
4333 1 63 1
4334 1 63 1
4335 1 63 1
4336 0 -64 0
4337 0 -64 0
4338 1 63 1
4339 1 63 1
4340 1 63 1
4341 0 -64 0
4342 0 -64 0
4343 0 -64 0
4344 1 63 1
4345 0 -64 0
4346 1 63 1
4347 0 -64 0
4348 1 63 1
4349 0 -64 0
4350 1 63 1
4351 0 -64 0
4352 0 -64 0
4353 0 -64 0
4354 0 -64 0
4355 1 63 1
4356 0 -64 0
4357 0 -64 0
4358 0 -64 0
4359 1 63 1
4360 0 -64 0
4361 0 -64 0
4362 0 -64 0
4363 0 -64 0
4364 0 -64 0
4365 1 63 1
4366 0 -64 0
4367 0 -64 0
4368 0 -64 0
4369 1 63 1
4370 1 39 1
4371 0 -64 0
4372 1 63 1
4373 1 63 1
4374 0 -64 0
4375 0 -64 0
4376 0 -64 0
4377 0 -64 0
4378 0 -64 0
4379 0 -64 0
4380 0 -64 0
4381 1 63 1
4382 0 -64 0
4383 1 63 1
4384 1 63 1
4385 1 63 1
4386 0 -64 0
4387 0 -64 0
4388 1 63 1
4389 0 -64 0
4390 0 -64 0
4391 0 -64 0
4392 1 63 1
4393 1 42 1
4394 1 63 1
4395 0 -64 0
4396 1 63 1
4397 1 63 1
4398 1 63 1
4399 1 63 1
4400 0 -64 0
4401 0 -64 0
4402 1 63 1
4403 1 63 1
4404 0 -64 0
4405 0 -64 0
4406 1 63 1
4407 0 -64 0
4408 1 63 1
4409 1 -64 0
4410 1 63 1
4411 0 -64 0
4412 0 -64 0
4413 1 63 1
4414 0 -64 0
4415 1 63 1
4416 0 -64 0
4417 1 63 1
4418 1 63 1
4419 1 63 1
4420 1 63 1
4421 1 63 1
4422 1 63 1
4423 1 63 1
4424 1 63 1
4425 1 63 1
4426 1 63 1
4427 1 63 1
4428 1 63 1
4429 1 63 1
4430 1 63 1
4431 1 63 1
4432 1 63 1
4433 1 63 1
4434 0 -64 0
4435 1 63 1
4436 1 63 1
4437 0 -64 0
4438 1 63 1
4439 0 -64 0
4440 1 63 1
4441 0 -64 0
4442 0 -64 0
4443 0 -64 0
4444 0 -64 0
4445 1 63 1
4446 1 63 1
4447 1 63 1
4448 0 -64 0
4449 1 63 1
4450 1 63 1
4451 1 63 1
4452 1 63 1
4453 0 -64 0
4454 0 -64 0
4455 0 -64 0
4456 0 -64 0
4457 0 -64 0
4458 0 -64 0
4459 0 -64 0
4460 0 -64 0
4461 0 -64 0
4462 1 63 1
4463 1 63 1
4464 1 63 1
4465 0 -64 0
4466 1 63 1
4467 1 63 1
4468 1 63 1
4469 1 63 1
4470 1 63 1
4471 0 -64 0
4472 0 -64 0
4473 0 -64 0
4474 0 -64 0
4475 1 63 1
4476 0 -64 0
4477 0 -64 0
4478 1 63 1
4479 0 -64 0
4480 1 63 1
4481 1 63 1
4482 0 -64 0
4483 1 63 1
4484 1 63 1
4485 1 63 1
4486 1 63 1
4487 0 -64 0
4488 1 63 1
4489 1 63 1
4490 0 -64 0
4491 0 -64 0
4492 1 63 1
4493 1 63 1
4494 0 -64 0
4495 0 -64 0
4496 1 63 1
4497 1 63 1
4498 1 63 1
4499 1 63 1
4500 0 -64 0
4501 1 63 1
4502 1 63 1
4503 1 63 1
4504 0 -64 0
4505 0 -64 0
4506 1 63 1
4507 0 -64 0
4508 1 63 1
4509 0 -64 0
4510 0 -64 0
4511 0 -64 0
4512 1 63 1
4513 1 63 1
4514 1 63 1
4515 0 -64 0
4516 0 -64 0
4517 1 63 1
4518 0 -64 0
4519 0 -64 0
4520 0 -64 0
4521 1 63 1
4522 1 63 1
4523 1 63 1
4524 0 -64 0
4525 1 63 1
4526 1 63 1
4527 1 63 1
4528 1 63 1
4529 1 63 1
4530 1 63 1
4531 1 63 1
4532 1 63 1
4533 1 63 1
4534 1 63 1
4535 1 63 1
4536 1 63 1
4537 0 -64 0
4538 1 63 1
4539 1 54 1
4540 0 -64 0
4541 0 -64 0
4542 1 63 1
4543 0 -64 0
4544 0 -64 0
4545 0 -64 0
4546 0 -64 0
4547 0 -64 0
4548 1 63 1
4549 1 63 1
4550 1 63 1
4551 0 -64 0
4552 0 -64 0
4553 1 63 1
4554 0 -64 0
4555 1 63 1
4556 0 -64 0
4557 1 63 1
4558 0 -64 0
4559 0 -64 0
4560 1 63 1
4561 1 63 1
4562 0 -64 0
4563 1 63 1
4564 1 63 1
4565 0 -64 0
4566 1 63 1
4567 0 -64 0
4568 1 63 1
4569 0 -64 0
4570 0 -64 0
4571 0 -64 0
4572 0 -64 0
4573 1 63 1
4574 1 63 1
4575 0 -64 0
4576 1 63 1
4577 0 -64 0
4578 1 63 1
4579 1 63 1
4580 0 -64 0
4581 1 63 1
4582 1 63 1
4583 1 63 1
4584 1 63 1
4585 1 63 1
4586 1 63 1
4587 0 -64 0
4588 1 63 1
4589 1 63 1
4590 1 63 1
4591 1 63 1
4592 1 63 1
4593 0 -64 0
4594 0 -64 0
4595 1 63 1
4596 1 63 1
4597 0 -64 0
4598 0 -64 0
4599 0 -64 0
4600 1 63 1
4601 1 63 1
4602 0 -64 0
4603 0 -64 0
4604 0 -64 0
4605 0 -64 0
4606 0 -64 0
4607 0 -64 0
4608 0 -39 0
4609 1 63 1
4610 0 -64 0
4611 1 63 1
4612 0 -64 0
4613 0 -64 0
4614 0 -64 0
4615 0 -64 0
4616 1 63 1
4617 1 63 1
4618 1 63 1
4619 0 -64 0
4620 0 -64 0
4621 0 -64 0
4622 0 -64 0
4623 0 -64 0
4624 0 -64 0
4625 0 -64 0
4626 1 63 1
4627 0 -64 0
4628 1 63 1
4629 0 -64 0
4630 0 -64 0
4631 0 -64 0
4632 0 -64 0
4633 0 -64 0
4634 1 63 1
4635 1 63 1
4636 0 -64 0
4637 0 -64 0
4638 0 -64 0
4639 0 -64 0
4640 1 63 1
4641 1 63 1
4642 1 63 1
4643 0 -64 0
4644 1 63 1
4645 1 63 1
4646 1 63 1
4647 0 -64 0
4648 1 63 1
4649 0 -64 0
4650 0 -64 0
4651 0 -64 0
4652 1 63 1
4653 0 -64 0
4654 1 63 1
4655 1 63 1
4656 0 -64 0
4657 1 63 1
4658 0 -64 0
4659 0 -64 0
4660 0 -64 0
4661 0 -64 0
4662 0 -64 0
4663 1 63 1
4664 1 63 1
4665 1 63 1
4666 0 -64 0
4667 0 -64 0
4668 1 63 1
4669 0 -64 0
4670 1 63 1
4671 0 -64 0
4672 0 -64 0
4673 1 63 1
4674 0 -64 0
4675 1 63 1
4676 1 63 1
4677 1 63 1
4678 0 -64 0
4679 1 63 1
4680 0 -64 0
4681 1 63 1
4682 0 -64 0
4683 1 63 1
4684 1 63 1
4685 0 -55 0
4686 1 63 1
4687 1 63 1
4688 1 63 1
4689 0 -64 0
4690 0 -64 0
4691 0 -64 0
4692 1 63 1
4693 0 -64 0
4694 0 -64 0
4695 1 63 1
4696 1 63 1
4697 0 -64 0
4698 1 63 1
4699 0 -64 0
4700 0 -64 0
4701 0 -64 0
4702 0 -64 0
4703 1 63 1
4704 1 63 1
4705 1 63 1
4706 1 63 1
4707 1 63 1
4708 0 -64 0
4709 0 -64 0
4710 0 -64 0
4711 1 63 1
4712 1 63 1
4713 0 -64 0
4714 1 63 1
4715 0 -64 0
4716 0 -64 0
4717 1 63 1
4718 1 63 1
4719 0 -64 0
4720 1 63 1
4721 1 63 1
4722 1 63 1
4723 0 -58 0
4724 1 63 1
4725 1 63 1
4726 0 -64 0
4727 0 -64 0
4728 0 -64 0
4729 0 -64 0
4730 0 -64 0
4731 1 63 1
4732 0 -64 0
4733 0 -64 0
4734 1 63 1
4735 0 -64 0
4736 1 63 1
4737 0 -64 0
4738 0 -64 0
4739 1 -64 0
4740 1 63 1
4741 1 63 1
4742 0 -64 0
4743 1 63 1
4744 0 -64 0
4745 1 63 1
4746 0 -64 0
4747 1 63 1
4748 1 63 1
4749 1 63 1
4750 1 63 1
4751 1 63 1
4752 1 63 1
4753 0 -64 0
4754 1 63 1
4755 1 63 1
4756 0 -64 0
4757 0 -64 0
4758 1 63 1
4759 1 63 1
4760 0 -64 0
4761 1 63 1
4762 1 63 1
4763 0 -64 0
4764 0 -64 0
4765 0 -64 0
4766 1 63 1
4767 1 63 1
4768 1 63 1
4769 0 -64 0
4770 1 63 1
4771 0 -64 0
4772 1 63 1
4773 1 63 1
4774 0 -64 0
4775 0 -64 0
4776 0 -64 0
4777 1 63 1
4778 0 -64 0
4779 1 63 1
4780 1 63 1
4781 1 63 1
4782 0 -64 0
4783 1 63 1
4784 0 -64 0
4785 0 -64 0
4786 0 -64 0
4787 1 63 1
4788 1 63 1
4789 1 63 1
4790 0 -64 0
4791 1 63 1
4792 1 63 1
4793 0 -64 0
4794 1 63 1
4795 0 -64 0
4796 0 -64 0
4797 0 -64 0
4798 0 -64 0
4799 1 63 1
4800 0 -64 0
4801 0 -64 0
4802 0 -64 0
4803 1 63 1
4804 1 63 1
4805 0 -64 0
4806 1 63 1
4807 1 63 1
4808 0 -64 0
4809 1 63 1
4810 1 63 1
4811 0 -64 0
4812 1 63 1
4813 1 63 1
4814 0 -64 0
4815 1 63 1
4816 0 -64 0
4817 1 63 1
4818 1 63 1
4819 0 -64 0
4820 0 -64 0
4821 0 -64 0
4822 1 63 1
4823 1 63 1
4824 1 63 1
4825 1 63 1
4826 1 63 1
4827 1 63 1
4828 1 63 1
4829 1 63 1
4830 1 63 1
4831 0 -64 0
4832 1 63 1
4833 1 63 1
4834 1 63 1
4835 1 63 1
4836 1 63 1
4837 1 63 1
4838 0 -64 0
4839 1 63 1
4840 1 63 1
4841 0 -64 0
4842 1 63 1
4843 1 63 1
4844 1 63 1
4845 1 63 1
4846 1 54 1
4847 0 -64 0
4848 1 63 1
4849 1 63 1
4850 0 -64 0
4851 1 63 1
4852 0 -64 0
4853 1 63 1
4854 0 -64 0
4855 1 63 1
4856 1 63 1
4857 0 -64 0
4858 1 63 1
4859 1 63 1
4860 0 -64 0
4861 0 -64 0
4862 0 -64 0
4863 0 -64 0
4864 0 -64 0
4865 1 63 1
4866 1 63 1
4867 0 -64 0
4868 0 -64 0
4869 0 -57 0
4870 0 -64 0
4871 0 -64 0
4872 1 63 1
4873 0 -64 0
4874 0 -64 0
4875 0 -64 0
4876 1 63 1
4877 0 -64 0
4878 0 -64 0
4879 1 63 1
4880 1 63 1
4881 0 -64 0
4882 0 -64 0
4883 1 63 1
4884 0 -64 0
4885 1 63 1
4886 0 -64 0
4887 1 63 1
4888 1 63 1
4889 1 63 1
4890 0 -64 0
4891 1 63 1
4892 1 63 1
4893 0 -64 0
4894 0 -64 0
4895 1 63 1
4896 0 -64 0
4897 0 -64 0
4898 0 -64 0
4899 0 -64 0
4900 1 63 1
4901 0 -64 0
4902 0 -64 0
4903 0 -64 0
4904 1 63 1
4905 1 63 1
4906 0 -64 0
4907 1 63 1
4908 0 -64 0
4909 0 -64 0
4910 0 -64 0
4911 0 -64 0
4912 0 -64 0
4913 1 63 1
4914 1 63 1
4915 0 -64 0
4916 0 -64 0
4917 1 63 1
4918 1 63 1
4919 0 -64 0
4920 0 -64 0
4921 0 -64 0
4922 0 -64 0
4923 0 -64 0
4924 1 63 1
4925 0 -64 0
4926 1 63 1
4927 1 63 1
4928 1 63 1
4929 0 -64 0
4930 1 63 1
4931 0 -64 0
4932 1 63 1
4933 0 -64 0
4934 1 63 1
4935 0 -64 0
4936 0 -64 0
4937 0 -64 0
4938 1 63 1
4939 1 63 1
4940 1 63 1
4941 1 63 1
4942 1 63 1
4943 1 63 1
4944 0 -64 0
4945 1 63 1
4946 1 63 1
4947 0 -64 0
4948 1 63 1
4949 1 63 1
4950 1 63 1
4951 0 -64 0
4952 0 -64 0
4953 1 63 1
4954 0 -64 0
4955 1 63 1
4956 1 63 1
4957 0 -64 0
4958 0 -64 0
4959 1 63 1
4960 0 -64 0
4961 0 -64 0
4962 1 63 1
4963 0 -64 0
4964 0 -64 0
4965 0 -64 0
4966 0 -64 0
4967 0 -64 0
4968 0 -64 0
4969 1 63 1
4970 1 63 1
4971 1 63 1
4972 0 -64 0
4973 1 63 1
4974 1 63 1
4975 1 63 1
4976 1 63 1
4977 1 63 1
4978 1 63 1
4979 0 -64 0
4980 1 63 1
4981 0 -64 0
4982 1 63 1
4983 0 -64 0
4984 0 -64 0
4985 0 -64 0
4986 0 -64 0
4987 0 -64 0
4988 1 63 1
4989 0 -64 0
4990 1 63 1
4991 1 63 1
4992 1 63 1
4993 0 -64 0
4994 0 -64 0
4995 0 -64 0
4996 0 -64 0
4997 0 -64 0
4998 0 -64 0
4999 0 -64 0
5000 1 63 1
5001 0 -64 0
5002 1 63 1
5003 1 63 1
5004 1 63 1
5005 1 63 1
5006 0 -64 0
5007 0 -64 0
5008 0 -64 0
5009 0 -64 0
5010 1 63 1
5011 0 -64 0
5012 0 -64 0
5013 1 63 1
5014 1 63 1
5015 0 -64 0
5016 0 -64 0
5017 0 -64 0
5018 0 -64 0
5019 0 -64 0
5020 0 -64 0
5021 0 -64 0
5022 0 -64 0
5023 0 -64 0
5024 1 63 1
5025 1 63 1
5026 1 63 1
5027 0 -64 0
5028 1 63 1
5029 0 -64 0
5030 0 -64 0
5031 1 63 1
5032 1 63 1
5033 0 -64 0
5034 0 -64 0
5035 0 -64 0
5036 1 63 1
5037 1 63 1
5038 1 63 1
5039 1 63 1
5040 1 63 1
5041 1 63 1
5042 0 -64 0
5043 0 -64 0
5044 1 63 1
5045 1 63 1
5046 1 63 1
5047 1 63 1
5048 0 -64 0
5049 1 63 1
5050 0 -64 0
5051 0 -64 0
5052 0 -64 0
5053 0 -64 0
5054 0 -64 0
5055 0 -64 0
5056 1 63 1
5057 1 63 1
5058 0 -64 0
5059 0 -64 0
5060 1 63 1
5061 0 -64 0
5062 1 63 1
5063 0 -64 0
5064 0 -64 0
5065 1 63 1
5066 1 63 1
5067 1 63 1
5068 0 -64 0
5069 0 -64 0
5070 0 -64 0
5071 1 63 1
5072 1 63 1
5073 0 -64 0
5074 0 -64 0
5075 0 -64 0
5076 1 63 1
5077 1 63 1
5078 1 63 1
5079 1 63 1
5080 1 63 1
5081 0 -64 0
5082 0 -64 0
5083 1 63 1
5084 0 -64 0
5085 1 63 1
5086 1 63 1
5087 1 63 1
5088 1 63 1
5089 0 -64 0
5090 0 -64 0
5091 0 -64 0
5092 0 -64 0
5093 1 63 1
5094 0 -64 0
5095 1 63 1
5096 1 63 1
5097 1 63 1
5098 1 63 1
5099 1 63 1
5100 0 -64 0
5101 0 -64 0
5102 0 -64 0
5103 0 -64 0
5104 1 63 1
5105 0 -64 0
5106 0 -64 0
5107 1 63 1
5108 0 -64 0
5109 0 -64 0
5110 0 -64 0
5111 1 63 1
5112 0 -64 0
5113 0 -64 0
5114 1 63 1
5115 0 -64 0
5116 0 -64 0
5117 0 -64 0
5118 1 63 1
5119 0 -64 0
5120 0 -64 0
5121 1 63 1
5122 0 -64 0
5123 1 63 1
5124 0 -64 0
5125 0 -64 0
5126 1 63 1
5127 0 -64 0
5128 1 63 1
5129 0 -64 0
5130 0 -64 0
5131 1 63 1
5132 0 -64 0
5133 1 63 1
5134 0 -64 0
5135 1 63 1
5136 0 -64 0
5137 1 63 1
5138 0 -49 0
5139 1 63 1
5140 0 -64 0
5141 0 -64 0
5142 0 -64 0
5143 0 -64 0
5144 0 -64 0
5145 0 -64 0
5146 1 63 1
5147 1 63 1
5148 1 63 1
5149 0 -64 0
5150 1 63 1
5151 1 63 1
5152 1 63 1
5153 0 -64 0
5154 1 63 1
5155 1 63 1
5156 0 -64 0
5157 1 63 1
5158 0 -64 0
5159 1 63 1
5160 1 63 1
5161 1 51 1
5162 0 -64 0
5163 0 -64 0
5164 0 -64 0
5165 0 -64 0
5166 0 -64 0
5167 0 -64 0
5168 0 -64 0
5169 0 -64 0
5170 0 -64 0
5171 1 63 1
5172 0 -64 0
5173 1 63 1
5174 1 63 1
5175 1 63 1
5176 1 63 1
5177 1 63 1
5178 1 63 1
5179 1 63 1
5180 0 -64 0
5181 1 63 1
5182 0 -64 0
5183 1 63 1
5184 1 63 1
5185 0 -64 0
5186 1 63 1
5187 1 63 1
5188 0 -64 0
5189 0 -64 0
5190 0 -64 0
5191 1 63 1
5192 1 63 1
5193 1 63 1
5194 0 -64 0
5195 0 -64 0
5196 1 63 1
5197 0 -64 0
5198 1 63 1
5199 0 -64 0
5200 0 -64 0
5201 0 -64 0
5202 0 -64 0
5203 1 63 1
5204 1 63 1
5205 1 63 1
5206 0 -64 0
5207 0 -64 0
5208 1 63 1
5209 0 -64 0
5210 1 63 1
5211 1 63 1
5212 0 -64 0
5213 0 -64 0
5214 0 -64 0
5215 0 -64 0
5216 0 -64 0
5217 0 -64 0
5218 1 63 1
5219 1 63 1
5220 0 -64 0
5221 1 63 1
5222 0 -64 0
5223 0 -64 0
5224 0 -64 0
5225 1 63 1
5226 0 -64 0
5227 1 63 1
5228 1 63 1
5229 0 -64 0
5230 0 -64 0
5231 1 63 1
5232 1 63 1
5233 0 -64 0
5234 0 -64 0
5235 0 -64 0
5236 0 -64 0
5237 0 -64 0
5238 0 -64 0
5239 0 -64 0
5240 1 63 1
5241 1 63 1
5242 0 -64 0
5243 0 -64 0
5244 0 -64 0
5245 1 63 1
5246 0 -64 0
5247 0 -64 0
5248 1 63 1
5249 0 -64 0
5250 1 63 1
5251 0 -64 0
5252 1 63 1
5253 1 63 1
5254 1 63 1
5255 1 63 1
5256 1 63 1
5257 1 63 1
5258 1 63 1
5259 1 63 1
5260 0 -64 0
5261 1 63 1
5262 0 -64 0
5263 0 -64 0
5264 0 -64 0
5265 0 -64 0
5266 0 -64 0
5267 0 -64 0
5268 0 -64 0
5269 1 63 1
5270 1 63 1
5271 1 63 1
5272 0 -64 0
5273 1 63 1
5274 1 63 1
5275 1 63 1
5276 0 -64 0
5277 0 -64 0
5278 1 63 1
5279 0 -64 0
5280 1 63 1
5281 1 63 1
5282 1 63 1
5283 1 63 1
5284 1 63 1
5285 1 63 1
5286 1 63 1
5287 1 63 1
5288 0 -64 0
5289 0 -64 0
5290 0 -64 0
5291 1 63 1
5292 0 -64 0
5293 1 63 1
5294 0 -64 0
5295 1 63 1
5296 1 63 1
5297 0 -64 0
5298 1 63 1
5299 0 -64 0
5300 1 63 1
5301 0 -64 0
5302 0 -64 0
5303 1 63 1
5304 1 63 1
5305 1 63 1
5306 0 -64 0
5307 0 -52 0
5308 0 -64 0
5309 1 63 1
5310 1 63 1
5311 1 63 1
5312 0 -64 0
5313 0 -64 0
5314 0 -64 0
5315 1 63 1
5316 0 -64 0
5317 0 -64 0
5318 1 63 1
5319 0 -64 0
5320 0 -64 0
5321 0 -64 0
5322 1 63 1
5323 1 63 1
5324 1 63 1
5325 0 -64 0
5326 0 -64 0
5327 0 -64 0
5328 0 -64 0
5329 0 -64 0
5330 1 63 1
5331 0 -64 0
5332 0 -64 0
5333 0 -64 0
5334 0 -64 0
5335 0 -64 0
5336 1 63 1
5337 0 -64 0
5338 1 63 1
5339 0 -64 0
5340 1 63 1
5341 1 63 1
5342 1 63 1
5343 1 63 1
5344 1 63 1
5345 1 63 1
5346 1 63 1
5347 1 63 1
5348 1 63 1
5349 1 63 1
5350 0 -64 0
5351 1 63 1
5352 0 -64 0
5353 0 -64 0
5354 1 63 1
5355 0 -64 0
5356 0 -64 0
5357 1 63 1
5358 1 63 1
5359 1 63 1
5360 1 63 1
5361 1 63 1
5362 1 63 1
5363 1 63 1
5364 1 63 1
5365 1 63 1
5366 0 -64 0
5367 1 63 1
5368 1 63 1
5369 1 63 1
5370 0 -64 0
5371 1 63 1
5372 0 -64 0
5373 1 63 1
5374 1 63 1
5375 0 -64 0
5376 0 -38 0
5377 0 -64 0
5378 1 63 1
5379 0 -64 0
5380 0 -64 0
5381 0 -64 0
5382 0 -64 0
5383 1 63 1
5384 1 63 1
5385 0 -64 0
5386 0 -64 0
5387 1 63 1
5388 0 -64 0
5389 0 -64 0
5390 1 63 1
5391 1 63 1
5392 1 63 1
5393 1 63 1
5394 1 63 1
5395 1 63 1
5396 1 63 1
5397 1 63 1
5398 0 -64 0
5399 0 -64 0
5400 0 -64 0
5401 0 -64 0
5402 1 63 1
5403 1 63 1
5404 0 -64 0
5405 1 63 1
5406 1 63 1
5407 1 63 1
5408 0 -64 0
5409 0 -64 0
5410 0 -64 0
5411 1 63 1
5412 1 63 1
5413 1 63 1
5414 0 -64 0
5415 0 -64 0
5416 0 -64 0
5417 0 -64 0
5418 1 63 1
5419 1 63 1
5420 0 -64 0
5421 0 -64 0
5422 1 63 1
5423 1 63 1
5424 1 63 1
5425 0 -64 0
5426 1 63 1
5427 1 63 1
5428 1 63 1
5429 0 -64 0
5430 0 -63 0
5431 1 63 1
5432 0 -64 0
5433 0 -64 0
5434 0 -64 0
5435 0 -64 0
5436 0 -64 0
5437 0 -64 0
5438 0 -64 0
5439 0 -64 0
5440 1 63 1
5441 1 63 1
5442 0 -64 0
5443 0 -64 0
5444 0 -64 0
5445 1 63 1
5446 1 63 1
5447 1 63 1
5448 0 -64 0
5449 0 -64 0
5450 1 63 1
5451 0 -64 0
5452 0 -64 0
5453 0 -58 0
5454 0 -64 0
5455 0 -64 0
5456 0 -64 0
5457 1 63 1
5458 0 -64 0
5459 1 63 1
5460 1 63 1
5461 0 -64 0
5462 0 -64 0
5463 0 -64 0
5464 0 -64 0
5465 0 -64 0
5466 0 -64 0
5467 1 63 1
5468 0 -64 0
5469 0 -64 0
5470 1 63 1
5471 0 -64 0
5472 1 63 1
5473 0 -64 0
5474 0 -64 0
5475 1 63 1
5476 1 63 1
5477 1 63 1
5478 0 -64 0
5479 0 -64 0
5480 1 63 1
5481 1 63 1
5482 0 -64 0
5483 1 63 1
5484 0 -64 0
5485 0 -64 0
5486 1 63 1
5487 0 -64 0
5488 1 63 1
5489 1 63 1
5490 0 -64 0
5491 1 63 1
5492 0 -64 0
5493 1 63 1
5494 0 -64 0
5495 1 63 1
5496 1 63 1
5497 0 -64 0
5498 1 63 1
5499 1 63 1
5500 1 63 1
5501 0 -64 0
5502 1 63 1
5503 0 -64 0
5504 0 -64 0
5505 0 -64 0
5506 0 -64 0
5507 1 63 1
5508 1 63 1
5509 0 -64 0
5510 1 63 1
5511 0 -64 0
5512 0 -64 0
5513 1 63 1
5514 0 -64 0
5515 0 -64 0
5516 0 -64 0
5517 1 63 1
5518 1 63 1
5519 0 -64 0
5520 1 63 1
5521 0 -64 0
5522 0 -64 0
5523 1 63 1
5524 1 63 1
5525 1 63 1
5526 1 63 1
5527 1 63 1
5528 0 -64 0
5529 0 -64 0
5530 1 63 1
5531 1 63 1
5532 0 -64 0
5533 0 -64 0
5534 1 63 1
5535 1 63 1
5536 0 -64 0
5537 1 63 1
5538 0 -64 0
5539 1 63 1
5540 0 -64 0
5541 1 63 1
5542 1 63 1
5543 1 63 1
5544 0 -64 0
5545 1 63 1
5546 1 63 1
5547 1 63 1
5548 1 63 1
5549 1 63 1
5550 0 -64 0
5551 0 -64 0
5552 1 63 1
5553 0 -64 0
5554 1 63 1
5555 0 -64 0
5556 0 -64 0
5557 1 63 1
5558 1 63 1
5559 0 -64 0
5560 0 -64 0
5561 0 -64 0
5562 1 63 1
5563 0 -64 0
5564 0 -64 0
5565 0 -64 0
5566 1 63 1
5567 1 63 1
5568 0 -64 0
5569 1 63 1
5570 1 63 1
5571 0 -64 0
5572 1 63 1
5573 1 63 1
5574 1 63 1
5575 0 -64 0
5576 0 -64 0
5577 0 -64 0
5578 1 63 1
5579 1 63 1
5580 1 63 1
5581 0 -64 0
5582 0 -64 0
5583 1 63 1
5584 1 63 1
5585 1 63 1
5586 0 -64 0
5587 1 63 1
5588 0 -64 0
5589 1 63 1
5590 1 63 1
5591 1 63 1
5592 1 63 1
5593 0 -64 0
5594 0 -64 0
5595 1 63 1
5596 1 63 1
5597 0 -64 0
5598 1 63 1
5599 1 63 1
5600 0 -64 0
5601 1 63 1
5602 0 -64 0
5603 1 63 1
5604 1 63 1
5605 1 63 1
5606 0 -64 0
5607 1 63 1
5608 1 63 1
5609 1 63 1
5610 1 63 1
5611 1 63 1
5612 0 -64 0
5613 1 63 1
5614 1 57 1
5615 1 63 1
5616 0 -64 0
5617 1 63 1
5618 1 63 1
5619 0 -64 0
5620 1 63 1
5621 0 -64 0
5622 0 -64 0
5623 0 -64 0
5624 1 63 1
5625 1 63 1
5626 0 -64 0
5627 0 -64 0
5628 0 -64 0
5629 0 -64 0
5630 0 -64 0
5631 0 -64 0
5632 0 -64 0
5633 0 -64 0
5634 0 -64 0
5635 1 63 1
5636 0 -64 0
5637 0 -64 0
5638 0 -64 0
5639 1 63 1
5640 0 -64 0
5641 1 63 1
5642 0 -64 0
5643 0 -64 0
5644 0 -64 0
5645 0 -64 0
5646 0 -64 0
5647 1 63 1
5648 0 -64 0
5649 1 63 1
5650 1 63 1
5651 0 -64 0
5652 0 -64 0
5653 0 -64 0
5654 0 -64 0
5655 1 63 1
5656 0 -64 0
5657 0 -64 0
5658 1 63 1
5659 1 63 1
5660 1 63 1
5661 0 -64 0
5662 0 -64 0
5663 1 63 1
5664 0 -64 0
5665 0 -64 0
5666 0 -64 0
5667 1 63 1
5668 0 -60 0
5669 1 63 1
5670 1 63 1
5671 0 -64 0
5672 1 63 1
5673 0 -64 0
5674 0 -64 0
5675 0 -64 0
5676 1 63 1
5677 0 -64 0
5678 1 63 1
5679 0 -64 0
5680 0 -64 0
5681 0 -64 0
5682 1 63 1
5683 0 -64 0
5684 1 63 1
5685 1 63 1
5686 1 63 1
5687 1 63 1
5688 0 -64 0
5689 1 63 1
5690 0 -64 0
5691 1 63 1
5692 0 -64 0
5693 1 63 1
5694 1 63 1
5695 0 -64 0
5696 1 63 1
5697 0 -64 0
5698 1 63 1
5699 1 63 1
5700 0 -64 0
5701 0 -64 0
5702 1 63 1
5703 1 63 1
5704 1 63 1
5705 1 63 1
5706 0 -64 0
5707 1 63 1
5708 1 63 1
5709 0 -64 0
5710 1 63 1
5711 0 -64 0
5712 1 63 1
5713 0 -64 0
5714 1 63 1
5715 1 63 1
5716 1 63 1
5717 1 63 1
5718 1 63 1
5719 0 -64 0
5720 0 -64 0
5721 0 -64 0
5722 0 -64 0
5723 0 -64 0
5724 0 -64 0
5725 1 63 1
5726 0 -64 0
5727 1 63 1
5728 0 -64 0
5729 1 63 1
5730 1 63 1
5731 0 -64 0
5732 1 63 1
5733 0 -64 0
5734 1 63 1
5735 1 63 1
5736 1 63 1
5737 1 63 1
5738 0 -64 0
5739 1 63 1
5740 0 -64 0
5741 1 63 1
5742 1 63 1
5743 0 -64 0
5744 0 -64 0
5745 1 63 1
5746 0 -64 0
5747 1 63 1
5748 1 63 1
5749 1 63 1
5750 1 63 1
5751 0 -64 0
5752 1 63 1
5753 0 -64 0
5754 0 -64 0
5755 1 63 1
5756 0 -64 0
5757 1 63 1
5758 0 -64 0
5759 1 63 1
5760 0 -64 0
5761 0 -64 0
5762 1 63 1
5763 1 63 1
5764 0 -64 0
5765 1 63 1
5766 1 63 1
5767 1 63 1
5768 0 -64 0
5769 1 63 1
5770 1 63 1
5771 1 63 1
5772 0 -64 0
5773 0 -64 0
5774 0 -64 0
5775 1 63 1
5776 1 63 1
5777 0 -64 0
5778 1 63 1
5779 0 -64 0
5780 1 63 1
5781 1 63 1
5782 1 63 1
5783 1 53 1
5784 1 63 1
5785 0 -64 0
5786 1 63 1
5787 0 -64 0
5788 1 63 1
5789 0 -64 0
5790 1 63 1
5791 0 -64 0
5792 1 63 1
5793 0 -64 0
5794 1 63 1
5795 1 63 1
5796 1 63 1
5797 1 63 1
5798 1 63 1
5799 1 63 1
5800 1 63 1
5801 1 63 1
5802 0 -64 0
5803 1 63 1
5804 1 63 1
5805 0 -64 0
5806 0 -64 0
5807 1 63 1
5808 0 -64 0
5809 1 63 1
5810 0 -64 0
5811 0 -64 0
5812 1 63 1
5813 1 63 1
5814 1 63 1
5815 0 -64 0
5816 1 63 1
5817 1 63 1
5818 0 -64 0
5819 1 63 1
5820 1 63 1
5821 0 -64 0
5822 0 -64 0
5823 0 -64 0
5824 0 -64 0
5825 1 63 1
5826 0 -64 0
5827 1 63 1
5828 1 63 1
5829 0 -64 0
5830 1 63 1
5831 0 -64 0
5832 1 63 1
5833 0 -64 0
5834 0 -64 0
5835 0 -64 0
5836 1 63 1
5837 1 63 1
5838 1 63 1
5839 1 63 1
5840 0 -64 0
5841 0 -64 0
5842 1 63 1
5843 1 63 1
5844 0 -64 0
5845 1 63 1
5846 1 63 1
5847 1 63 1
5848 1 63 1
5849 1 63 1
5850 1 63 1
5851 0 -64 0
5852 0 -64 0
5853 0 -64 0
5854 0 -64 0
5855 1 63 1
5856 0 -64 0
5857 1 63 1
5858 0 -64 0
5859 1 63 1
5860 1 63 1
5861 1 63 1
5862 0 -64 0
5863 1 63 1
5864 0 -64 0
5865 0 -64 0
5866 1 63 1
5867 0 -64 0
5868 1 63 1
5869 0 -64 0
5870 0 -64 0
5871 1 63 1
5872 0 -64 0
5873 0 -64 0
5874 0 -64 0
5875 0 -64 0
5876 1 63 1
5877 0 -64 0
5878 0 -64 0
5879 0 -64 0
5880 0 -64 0
5881 1 63 1
5882 1 63 1
5883 1 63 1
5884 0 -64 0
5885 0 -64 0
5886 1 63 1
5887 1 63 1
5888 0 -64 0
5889 0 -64 0
5890 0 -64 0
5891 0 -64 0
5892 0 -64 0
5893 0 -64 0
5894 0 -64 0
5895 1 63 1
5896 1 63 1
5897 1 63 1
5898 1 63 1
5899 0 -64 0
5900 0 -64 0
5901 1 63 1
5902 0 -64 0
5903 1 63 1
5904 0 -64 0
5905 0 -64 0
5906 1 36 1
5907 0 -64 0
5908 1 63 1
5909 0 -64 0
5910 1 63 1
5911 0 -64 0
5912 1 63 1
5913 0 -64 0
5914 0 -64 0
5915 1 63 1
5916 1 63 1
5917 0 -64 0
5918 0 -64 0
5919 0 -64 0
5920 0 -64 0
5921 0 -64 0
5922 1 63 1
5923 1 63 1
5924 1 63 1
5925 1 63 1
5926 1 63 1
5927 1 63 1
5928 0 -64 0
5929 0 -47 0
5930 0 -64 0
5931 0 -64 0
5932 1 63 1
5933 0 -64 0
5934 1 63 1
5935 0 -64 0
5936 1 63 1
5937 0 -64 0
5938 1 63 1
5939 1 63 1
5940 0 -64 0
5941 1 63 1
5942 0 -64 0
5943 1 63 1
5944 0 -64 0
5945 0 -64 0
5946 0 -64 0
5947 1 63 1
5948 1 63 1
5949 1 63 1
5950 1 63 1
5951 0 -64 0
5952 0 -64 0
5953 1 63 1
5954 1 63 1
5955 0 -64 0
5956 0 -64 0
5957 1 63 1
5958 1 63 1
5959 1 63 1
5960 1 63 1
5961 0 -64 0
5962 0 -64 0
5963 0 -64 0
5964 1 63 1
5965 1 63 1
5966 1 63 1
5967 0 -64 0
5968 0 -64 0
5969 1 63 1
5970 0 -64 0
5971 0 -64 0
5972 0 -64 0
5973 0 -64 0
5974 1 63 1
5975 0 -64 0
5976 0 -64 0
5977 1 63 1
5978 0 -64 0
5979 1 63 1
5980 1 63 1
5981 0 -64 0
5982 1 63 1
5983 1 63 1
5984 1 63 1
5985 1 63 1
5986 0 -64 0
5987 0 -64 0
5988 0 -64 0
5989 1 63 1
5990 0 -64 0
5991 0 -64 0
5992 1 63 1
5993 1 63 1
5994 0 -64 0
5995 0 -64 0
5996 0 -64 0
5997 0 -64 0
5998 1 63 1
5999 1 63 1
6000 0 -64 0
6001 0 -64 0
6002 1 63 1
6003 1 63 1
6004 1 63 1
6005 0 -64 0
6006 0 -64 0
6007 0 -64 0
6008 0 -64 0
6009 1 63 1
6010 1 63 1
6011 1 63 1
6012 1 63 1
6013 0 -64 0
6014 0 -64 0
6015 0 -64 0
6016 0 -64 0
6017 1 63 1
6018 1 63 1
6019 1 63 1
6020 0 -64 0
6021 0 -64 0
6022 0 -64 0
6023 1 63 1
6024 0 -64 0
6025 0 -64 0
6026 1 63 1
6027 0 -64 0
6028 0 -64 0
6029 1 63 1
6030 1 63 1
6031 1 63 1
6032 1 63 1
6033 1 63 1
6034 1 63 1
6035 0 -64 0
6036 0 -64 0
6037 1 63 1
6038 0 -64 0
6039 0 -64 0
6040 1 63 1
6041 0 -64 0
6042 1 63 1
6043 0 -64 0
6044 1 63 1
6045 1 63 1
6046 0 -64 0
6047 0 -64 0
6048 0 -64 0
6049 1 63 1
6050 0 -64 0
6051 1 63 1
6052 0 -64 0
6053 1 63 1
6054 0 -64 0
6055 0 -64 0
6056 0 -64 0
6057 0 -64 0
6058 0 -64 0
6059 1 63 1
6060 1 63 1
6061 0 -64 0
6062 1 63 1
6063 0 -64 0
6064 1 63 1
6065 0 -64 0
6066 0 -64 0
6067 1 63 1
6068 0 -64 0
6069 0 -64 0
6070 0 -64 0
6071 1 63 1
6072 1 63 1
6073 0 -64 0
6074 1 63 1
6075 1 -64 0
6076 1 63 1
6077 1 63 1
6078 1 63 1
6079 1 63 1
6080 1 63 1
6081 0 -64 0
6082 1 63 1
6083 1 63 1
6084 1 63 1
6085 0 -64 0
6086 0 -64 0
6087 1 63 1
6088 0 -64 0
6089 0 -64 0
6090 1 63 1
6091 1 63 1
6092 0 -64 0
6093 1 63 1
6094 1 63 1
6095 1 63 1
6096 1 63 1
6097 1 63 1
6098 1 63 1
6099 1 63 1
6100 1 63 1
6101 1 63 1
6102 0 -64 0
6103 0 -64 0
6104 0 -64 0
6105 1 63 1
6106 0 -64 0
6107 1 63 1
6108 1 63 1
6109 1 63 1
6110 0 -64 0
6111 0 -64 0
6112 0 -64 0
6113 1 63 1
6114 1 63 1
6115 1 63 1
6116 0 -64 0
6117 0 -64 0
6118 1 63 1
6119 1 63 1
6120 1 63 1
6121 0 -64 0
6122 1 63 1
6123 1 63 1
6124 0 -64 0
6125 1 63 1
6126 1 63 1
6127 1 63 1
6128 0 -64 0
6129 0 -64 0
6130 1 63 1
6131 1 63 1
6132 1 63 1
6133 1 63 1
6134 1 63 1
6135 1 63 1
6136 1 63 1
6137 0 -64 0
6138 0 -64 0
6139 0 -64 0
6140 0 -64 0
6141 1 63 1
6142 1 63 1
6143 1 63 1
