# idx_orig bit_orig post_llr_q hard
0 0 -64 0
1 0 -64 0
2 0 -64 0
3 0 -64 0
4 1 63 1
5 0 -64 0
6 1 63 1
7 0 -64 0
8 0 -64 0
9 0 -64 0
10 1 63 1
11 0 -64 0
12 0 -64 0
13 0 -64 0
14 0 -64 0
15 1 63 1
16 0 -64 0
17 1 63 1
18 0 -64 0
19 1 63 1
20 0 -64 0
21 0 -64 0
22 1 63 1
23 1 63 1
24 1 63 1
25 1 63 1
26 0 -64 0
27 1 63 1
28 1 63 1
29 1 63 1
30 0 -64 0
31 1 63 1
32 1 63 1
33 0 -64 0
34 0 -64 0
35 0 -64 0
36 1 63 1
37 0 -64 0
38 0 -64 0
39 1 63 1
40 1 63 1
41 1 63 1
42 1 63 1
43 1 63 1
44 0 -64 0
45 1 63 1
46 1 63 1
47 1 63 1
48 1 63 1
49 1 63 1
50 1 63 1
51 1 63 1
52 0 -64 0
53 0 -64 0
54 1 63 1
55 1 63 1
56 1 63 1
57 0 -64 0
58 0 -64 0
59 0 -64 0
60 0 -64 0
61 0 -64 0
62 0 -64 0
63 0 -64 0
64 1 63 1
65 0 -64 0
66 1 63 1
67 1 63 1
68 0 -64 0
69 1 63 1
70 0 -64 0
71 1 63 1
72 1 63 1
73 0 -64 0
74 1 63 1
75 0 -64 0
76 1 63 1
77 1 63 1
78 0 -64 0
79 1 63 1
80 1 63 1
81 1 63 1
82 0 -64 0
83 1 63 1
84 0 -64 0
85 1 63 1
86 1 63 1
87 1 63 1
88 1 63 1
89 0 -64 0
90 0 -64 0
91 0 -64 0
92 0 -64 0
93 1 63 1
94 1 63 1
95 1 63 1
96 1 63 1
97 0 -64 0
98 0 -64 0
99 0 -64 0
100 1 63 1
101 1 63 1
102 1 63 1
103 0 -64 0
104 0 -64 0
105 1 63 1
106 1 63 1
107 1 63 1
108 0 -64 0
109 0 -64 0
110 1 63 1
111 1 63 1
112 0 -64 0
113 1 63 1
114 1 63 1
115 1 63 1
116 0 -64 0
117 1 63 1
118 1 63 1
119 1 63 1
120 0 -64 0
121 1 63 1
122 0 -64 0
123 1 63 1
124 0 -64 0
125 1 63 1
126 0 -64 0
127 0 -64 0
128 0 -64 0
129 1 63 1
130 0 -64 0
131 0 -64 0
132 0 -64 0
133 1 63 1
134 0 -64 0
135 1 63 1
136 0 -64 0
137 1 63 1
138 0 -64 0
139 1 63 1
140 0 -64 0
141 1 63 1
142 0 -64 0
143 1 63 1
144 0 -64 0
145 0 -64 0
146 0 -64 0
147 1 63 1
148 0 -64 0
149 1 63 1
150 1 63 1
151 1 63 1
152 1 63 1
153 0 -64 0
154 1 63 1
155 0 -64 0
156 1 63 1
157 0 -64 0
158 1 63 1
159 1 63 1
160 0 -64 0
161 0 -64 0
162 1 63 1
163 1 63 1
164 1 63 1
165 0 -64 0
166 1 63 1
167 1 63 1
168 1 63 1
169 0 -64 0
170 0 -64 0
171 0 -64 0
172 1 63 1
173 1 63 1
174 0 -64 0
175 0 -64 0
176 0 -64 0
177 1 63 1
178 0 -64 0
179 0 -64 0
180 0 -64 0
181 1 63 1
182 1 63 1
183 0 -64 0
184 1 63 1
185 0 -64 0
186 1 63 1
187 1 63 1
188 0 -64 0
189 0 -64 0
190 0 -64 0
191 1 63 1
192 1 63 1
193 1 63 1
194 1 63 1
195 1 63 1
196 1 63 1
197 0 -64 0
198 0 -64 0
199 0 -64 0
200 1 63 1
201 0 -64 0
202 0 -64 0
203 0 -64 0
204 0 -64 0
205 1 63 1
206 1 63 1
207 0 -64 0
208 1 63 1
209 0 -64 0
210 1 63 1
211 0 -64 0
212 1 63 1
213 0 -64 0
214 1 63 1
215 1 63 1
216 1 63 1
217 1 63 1
218 1 63 1
219 1 63 1
220 1 63 1
221 1 63 1
222 0 -64 0
223 1 63 1
224 1 63 1
225 0 -64 0
226 1 63 1
227 1 63 1
228 1 63 1
229 0 -64 0
230 0 -64 0
231 1 63 1
232 1 63 1
233 1 63 1
234 0 -64 0
235 1 63 1
236 1 63 1
237 0 -64 0
238 0 -64 0
239 0 -64 0
240 0 -64 0
241 1 63 1
242 0 -64 0
243 1 63 1
244 1 63 1
245 1 63 1
246 1 63 1
247 1 63 1
248 1 63 1
249 1 63 1
250 0 -64 0
251 1 63 1
252 0 -64 0
253 1 63 1
254 1 63 1
255 1 63 1
256 0 -64 0
257 1 63 1
258 1 63 1
259 1 63 1
260 1 63 1
261 0 -64 0
262 0 -64 0
263 0 -64 0
264 0 -64 0
265 0 -64 0
266 0 -64 0
267 0 -64 0
268 0 -64 0
269 0 -64 0
270 1 63 1
271 1 63 1
272 0 -64 0
273 0 -64 0
274 1 63 1
275 1 63 1
276 1 63 1
277 1 63 1
278 0 -64 0
279 0 -64 0
280 1 63 1
281 0 -64 0
282 0 -64 0
283 1 63 1
284 0 -64 0
285 1 63 1
286 0 -64 0
287 1 63 1
288 0 -64 0
289 1 63 1
290 0 -64 0
291 0 -64 0
292 0 -64 0
293 1 63 1
294 0 -64 0
295 1 63 1
296 1 63 1
297 1 63 1
298 1 63 1
299 1 63 1
300 0 -64 0
301 0 -64 0
302 1 63 1
303 1 63 1
304 0 -64 0
305 1 63 1
306 0 -64 0
307 0 -64 0
308 1 63 1
309 0 -64 0
310 0 -64 0
311 0 -64 0
312 0 -64 0
313 1 63 1
314 1 63 1
315 1 63 1
316 0 -64 0
317 0 -64 0
318 1 63 1
319 1 63 1
320 0 -64 0
321 1 63 1
322 1 63 1
323 0 -64 0
324 1 63 1
325 0 -64 0
326 1 63 1
327 1 63 1
328 1 63 1
329 0 -64 0
330 0 -64 0
331 1 63 1
332 1 63 1
333 0 -64 0
334 0 -64 0
335 0 -64 0
336 0 -64 0
337 0 -64 0
338 1 63 1
339 0 -64 0
340 0 -64 0
341 0 -64 0
342 1 63 1
343 1 63 1
344 1 63 1
345 1 63 1
346 1 63 1
347 0 -64 0
348 1 63 1
349 0 -64 0
350 1 63 1
351 0 -64 0
352 0 -64 0
353 0 -64 0
354 1 63 1
355 1 63 1
356 0 -64 0
357 0 -64 0
358 1 63 1
359 1 63 1
360 1 63 1
361 1 63 1
362 1 63 1
363 0 -64 0
364 0 -64 0
365 1 63 1
366 0 -64 0
367 1 63 1
368 0 -64 0
369 1 63 1
370 0 -64 0
371 1 63 1
372 1 63 1
373 0 -64 0
374 0 -64 0
375 1 63 1
376 1 63 1
377 1 63 1
378 1 63 1
379 0 -64 0
380 0 -64 0
381 1 63 1
382 0 -64 0
383 0 -64 0
384 1 63 1
385 0 -64 0
386 1 63 1
387 0 -64 0
388 0 -64 0
389 1 63 1
390 0 -64 0
391 0 -64 0
392 1 63 1
393 0 -64 0
394 1 57 1
395 1 59 1
396 0 -55 0
397 0 -56 0
398 0 -43 0
399 1 37 1
400 1 37 1
401 0 -42 0
402 1 48 1
403 1 50 1
404 1 55 1
405 0 -64 0
406 0 -57 0
407 1 63 1
408 1 63 1
409 0 -64 0
410 0 -64 0
411 0 -64 0
412 0 -64 0
413 0 -64 0
414 0 -64 0
415 0 -64 0
416 0 -64 0
417 0 -64 0
418 1 63 1
419 0 -64 0
420 1 63 1
421 0 -64 0
422 1 63 1
423 0 -64 0
424 1 63 1
425 1 63 1
426 0 -64 0
427 0 -64 0
428 1 63 1
429 0 -64 0
430 0 -64 0
431 1 63 1
432 1 63 1
433 0 -64 0
434 0 -64 0
435 0 -64 0
436 0 -64 0
437 1 63 1
438 0 -64 0
439 0 -64 0
440 0 -64 0
441 0 -64 0
442 0 -64 0
443 1 63 1
444 0 -64 0
445 1 63 1
446 1 63 1
447 0 -64 0
448 0 -64 0
449 1 63 1
450 0 -64 0
451 0 -64 0
452 0 -64 0
453 0 -64 0
454 1 63 1
455 0 -64 0
456 1 63 1
457 0 -64 0
458 1 63 1
459 1 63 1
460 1 63 1
461 0 -64 0
462 0 -64 0
463 1 63 1
464 1 63 1
465 1 63 1
466 0 -64 0
467 1 63 1
468 1 63 1
469 0 -64 0
470 0 -64 0
471 0 -64 0
472 0 -64 0
473 0 -64 0
474 0 -64 0
475 0 -64 0
476 1 63 1
477 1 63 1
478 1 63 1
479 0 -64 0
480 0 -64 0
481 0 -64 0
482 0 -64 0
483 1 63 1
484 0 -64 0
485 0 -64 0
486 1 63 1
487 0 -64 0
488 0 -64 0
489 0 -64 0
490 1 63 1
491 0 -64 0
492 0 -64 0
493 0 -64 0
494 1 63 1
495 1 63 1
496 0 -64 0
497 0 -64 0
498 1 63 1
499 1 63 1
500 1 63 1
501 1 63 1
502 1 63 1
503 1 63 1
504 1 63 1
505 0 -64 0
506 1 63 1
507 1 63 1
508 0 -64 0
509 1 63 1
510 1 63 1
511 0 -64 0
512 0 -64 0
513 0 -64 0
514 1 63 1
515 1 63 1
516 1 63 1
517 0 -64 0
518 0 -64 0
519 0 -64 0
520 1 63 1
521 0 -64 0
522 1 63 1
523 1 63 1
524 0 -64 0
525 0 -64 0
526 1 63 1
527 1 63 1
528 1 63 1
529 0 -64 0
530 0 -64 0
531 0 -64 0
532 1 63 1
533 0 -64 0
534 0 -64 0
535 0 -64 0
536 0 -64 0
537 0 -64 0
538 1 63 1
539 1 63 1
540 0 -62 0
541 1 63 1
542 1 63 1
543 0 -64 0
544 1 63 1
545 0 -64 0
546 0 -64 0
547 1 62 1
548 0 -64 0
549 1 63 1
550 0 -64 0
551 1 63 1
552 1 63 1
553 0 -64 0
554 1 63 1
555 0 -64 0
556 1 63 1
557 1 63 1
558 0 -64 0
559 0 -64 0
560 1 63 1
561 1 63 1
562 1 63 1
563 0 -64 0
564 1 63 1
565 0 -64 0
566 1 63 1
567 0 -64 0
568 0 -64 0
569 0 -64 0
570 0 -64 0
571 0 -64 0
572 0 -64 0
573 0 -64 0
574 0 -64 0
575 0 -64 0
576 0 -64 0
577 0 -64 0
578 0 -64 0
579 0 -64 0
580 0 -64 0
581 1 63 1
582 1 63 1
583 0 -64 0
584 0 -64 0
585 1 63 1
586 1 63 1
587 1 63 1
588 0 -64 0
589 0 -64 0
590 1 63 1
591 0 -64 0
592 0 -64 0
593 0 -64 0
594 1 63 1
595 0 -64 0
596 0 -64 0
597 0 -64 0
598 1 63 1
599 1 63 1
600 1 63 1
601 0 -64 0
602 0 -64 0
603 0 -64 0
604 1 63 1
605 0 -64 0
606 0 -64 0
607 1 63 1
608 1 63 1
609 1 63 1
610 0 -64 0
611 0 -64 0
612 1 63 1
613 1 63 1
614 1 63 1
615 1 63 1
616 1 63 1
617 0 -64 0
618 0 -64 0
619 1 63 1
620 0 -64 0
621 0 -64 0
622 0 -64 0
623 0 -64 0
624 1 63 1
625 1 63 1
626 1 63 1
627 1 63 1
628 1 63 1
629 1 63 1
630 0 -64 0
631 1 63 1
632 0 -64 0
633 1 63 1
634 0 -64 0
635 1 63 1
636 1 63 1
637 0 -64 0
638 1 63 1
639 1 63 1
640 1 63 1
641 1 63 1
642 1 63 1
643 1 63 1
644 0 -64 0
645 1 63 1
646 0 -64 0
647 0 -64 0
648 0 -64 0
649 0 -64 0
650 1 63 1
651 0 -64 0
652 0 -64 0
653 1 63 1
654 0 -64 0
655 1 63 1
656 0 -64 0
657 0 -64 0
658 0 -64 0
659 0 -64 0
660 1 63 1
661 0 -64 0
662 1 63 1
663 1 63 1
664 1 63 1
665 0 -64 0
666 1 63 1
667 1 63 1
668 0 -64 0
669 0 -64 0
670 1 63 1
671 0 -64 0
672 0 -64 0
673 1 63 1
674 1 63 1
675 1 63 1
676 1 63 1
677 1 63 1
678 0 -64 0
679 0 -64 0
680 1 63 1
681 1 63 1
682 0 -64 0
683 0 -64 0
684 1 63 1
685 0 -64 0
686 0 -64 0
687 1 63 1
688 0 -64 0
689 1 63 1
690 0 -64 0
691 1 63 1
692 1 63 1
693 0 -64 0
694 0 -64 0
695 0 -64 0
696 1 63 1
697 1 63 1
698 1 63 1
699 0 -64 0
700 0 -64 0
701 0 -64 0
702 1 63 1
703 1 63 1
704 1 63 1
705 0 -64 0
706 0 -64 0
707 1 63 1
708 1 63 1
709 0 -64 0
710 1 63 1
711 1 63 1
712 1 63 1
713 0 -64 0
714 1 63 1
715 0 -64 0
716 1 63 1
717 1 63 1
718 1 63 1
719 0 -64 0
720 1 63 1
721 1 63 1
722 1 63 1
723 0 -64 0
724 0 -64 0
725 1 63 1
726 1 63 1
727 0 -64 0
728 0 -64 0
729 0 -64 0
730 1 63 1
731 0 -64 0
732 1 63 1
733 1 63 1
734 1 63 1
735 1 63 1
736 1 63 1
737 0 -64 0
738 0 -64 0
739 1 63 1
740 0 -64 0
741 0 -64 0
742 1 63 1
743 1 63 1
744 1 63 1
745 1 63 1
746 0 -64 0
747 1 63 1
748 1 63 1
749 0 -64 0
750 1 63 1
751 0 -64 0
752 1 63 1
753 0 -64 0
754 0 -64 0
755 0 -64 0
756 1 63 1
757 1 63 1
758 1 63 1
759 0 -64 0
760 1 63 1
761 1 63 1
762 0 -64 0
763 0 -64 0
764 1 63 1
765 0 -64 0
766 1 63 1
767 1 63 1
768 1 63 1
769 0 -64 0
770 0 -64 0
771 0 -64 0
772 0 -64 0
773 0 -64 0
774 1 63 1
775 1 63 1
776 0 -64 0
777 0 -64 0
778 1 63 1
779 0 -64 0
780 1 63 1
781 1 63 1
782 1 63 1
783 1 63 1
784 1 63 1
785 0 -64 0
786 0 -64 0
787 1 63 1
788 1 63 1
789 0 -64 0
790 1 63 1
791 1 63 1
792 0 -64 0
793 0 -64 0
794 1 63 1
795 0 -64 0
796 0 -64 0
797 0 -64 0
798 1 46 1
799 1 45 1
800 0 -38 0
801 0 -51 0
802 1 55 1
803 1 52 1
804 0 -64 0
805 0 -64 0
806 0 -64 0
807 1 63 1
808 1 63 1
809 0 -64 0
810 0 -64 0
811 0 -64 0
812 0 -64 0
813 0 -64 0
814 1 63 1
815 1 63 1
816 1 63 1
817 1 63 1
818 0 -64 0
819 1 63 1
820 0 -64 0
821 0 -64 0
822 1 63 1
823 1 63 1
824 1 63 1
825 0 -64 0
826 1 63 1
827 0 -64 0
828 1 63 1
829 0 -64 0
830 1 63 1
831 0 -64 0
832 1 63 1
833 1 63 1
834 0 -64 0
835 1 63 1
836 1 63 1
837 1 63 1
838 0 -64 0
839 1 63 1
840 1 63 1
841 1 63 1
842 1 63 1
843 1 63 1
844 0 -64 0
845 1 63 1
846 0 -64 0
847 0 -64 0
848 0 -64 0
849 1 63 1
850 0 -64 0
851 1 63 1
852 1 63 1
853 1 63 1
854 0 -64 0
855 0 -64 0
856 1 63 1
857 1 63 1
858 0 -64 0
859 1 63 1
860 1 63 1
861 1 63 1
862 0 -64 0
863 0 -64 0
864 0 -64 0
865 1 63 1
866 0 -64 0
867 0 -64 0
868 0 -64 0
869 0 -64 0
870 1 63 1
871 1 63 1
872 0 -64 0
873 0 -64 0
874 1 63 1
875 0 -64 0
876 1 63 1
877 1 63 1
878 1 63 1
879 1 63 1
880 0 -64 0
881 1 63 1
882 1 63 1
883 0 -64 0
884 1 63 1
885 0 -64 0
886 0 -64 0
887 1 63 1
888 1 63 1
889 0 -64 0
890 0 -64 0
891 1 63 1
892 0 -64 0
893 1 63 1
894 1 63 1
895 1 63 1
896 0 -64 0
897 1 63 1
898 0 -64 0
899 0 -64 0
900 0 -64 0
901 0 -64 0
902 1 63 1
903 0 -64 0
904 0 -64 0
905 1 63 1
906 1 63 1
907 1 63 1
908 0 -64 0
909 0 -64 0
910 1 63 1
911 1 63 1
912 1 63 1
913 0 -64 0
914 0 -64 0
915 1 63 1
916 0 -64 0
917 0 -64 0
918 1 63 1
919 0 -64 0
920 0 -64 0
921 1 63 1
922 0 -64 0
923 0 -64 0
924 1 63 1
925 0 -64 0
926 1 63 1
927 0 -64 0
928 1 63 1
929 0 -64 0
930 1 63 1
931 0 -64 0
932 0 -64 0
933 1 63 1
934 0 -64 0
935 1 63 1
936 0 -64 0
937 1 63 1
938 0 -64 0
939 1 63 1
940 1 63 1
941 1 63 1
942 1 63 1
943 1 63 1
944 1 63 1
945 1 63 1
946 1 63 1
947 0 -64 0
948 1 63 1
949 1 63 1
950 0 -64 0
951 0 -64 0
952 0 -64 0
953 1 63 1
954 0 -64 0
955 1 63 1
956 1 63 1
957 0 -64 0
958 1 63 1
959 1 63 1
960 1 63 1
961 0 -64 0
962 1 63 1
963 0 -64 0
964 1 63 1
965 1 63 1
966 0 -64 0
967 0 -64 0
968 1 63 1
969 1 63 1
970 0 -64 0
971 0 -64 0
972 1 63 1
973 0 -64 0
974 1 63 1
975 1 63 1
976 1 63 1
977 1 63 1
978 0 -64 0
979 0 -64 0
980 0 -64 0
981 1 63 1
982 1 63 1
983 1 63 1
984 0 -64 0
985 1 63 1
986 0 -64 0
987 0 -64 0
988 1 63 1
989 0 -64 0
990 1 63 1
991 1 63 1
992 1 63 1
993 1 63 1
994 0 -64 0
995 1 63 1
996 0 -64 0
997 0 -64 0
998 1 63 1
999 1 63 1
1000 1 63 1
1001 0 -64 0
1002 0 -64 0
1003 0 -64 0
1004 0 -64 0
1005 0 -64 0
1006 1 63 1
1007 1 63 1
1008 0 -64 0
1009 0 -64 0
1010 1 63 1
1011 0 -64 0
1012 1 63 1
1013 0 -64 0
1014 0 -64 0
1015 1 63 1
1016 0 -64 0
1017 1 63 1
1018 1 63 1
1019 1 63 1
1020 0 -64 0
1021 0 -64 0
1022 1 63 1
1023 0 -64 0
1024 1 63 1
1025 1 63 1
1026 0 -64 0
1027 1 63 1
1028 1 63 1
1029 1 63 1
1030 0 -64 0
1031 1 63 1
1032 1 63 1
1033 0 -64 0
1034 0 -64 0
1035 0 -64 0
1036 1 63 1
1037 0 -64 0
1038 0 -64 0
1039 1 63 1
1040 1 63 1
1041 0 -64 0
1042 1 63 1
1043 0 -64 0
1044 0 -64 0
1045 1 63 1
1046 0 -64 0
1047 0 -64 0
1048 1 63 1
1049 0 -64 0
1050 1 63 1
1051 1 63 1
1052 0 -64 0
1053 0 -64 0
1054 0 -64 0
1055 1 63 1
1056 0 -64 0
1057 1 63 1
1058 1 63 1
1059 1 63 1
1060 1 63 1
1061 1 63 1
1062 1 63 1
1063 0 -64 0
1064 1 63 1
1065 1 63 1
1066 1 63 1
1067 0 -64 0
1068 0 -64 0
1069 1 63 1
1070 0 -64 0
1071 0 -64 0
1072 0 -64 0
1073 1 63 1
1074 1 63 1
1075 0 -64 0
1076 0 -64 0
1077 1 63 1
1078 0 -64 0
1079 1 63 1
1080 1 63 1
1081 1 63 1
1082 1 63 1
1083 1 63 1
1084 0 -64 0
1085 0 -64 0
1086 0 -64 0
1087 0 -64 0
1088 1 63 1
1089 0 -64 0
1090 0 -64 0
1091 0 -64 0
1092 1 63 1
1093 0 -64 0
1094 1 63 1
1095 0 -64 0
1096 0 -64 0
1097 1 63 1
1098 0 -64 0
1099 1 63 1
1100 0 -64 0
1101 1 63 1
1102 0 -64 0
1103 0 -64 0
1104 1 63 1
1105 0 -64 0
1106 0 -64 0
1107 1 63 1
1108 0 -64 0
1109 0 -64 0
1110 0 -64 0
1111 0 -64 0
1112 1 63 1
1113 1 63 1
1114 0 -64 0
1115 1 63 1
1116 1 63 1
1117 1 63 1
1118 0 -64 0
1119 1 63 1
1120 0 -64 0
1121 0 -64 0
1122 0 -64 0
1123 0 -64 0
1124 0 -64 0
1125 0 -64 0
1126 0 -64 0
1127 0 -64 0
1128 0 -64 0
1129 0 -64 0
1130 0 -64 0
1131 0 -64 0
1132 1 63 1
1133 1 63 1
1134 0 -64 0
1135 0 -64 0
1136 1 63 1
1137 1 63 1
1138 0 -64 0
1139 0 -64 0
1140 1 63 1
1141 1 63 1
1142 1 63 1
1143 1 63 1
1144 0 -64 0
1145 1 63 1
1146 1 63 1
1147 1 63 1
1148 0 -64 0
1149 1 63 1
1150 0 -64 0
1151 0 -64 0
1152 1 63 1
1153 0 -64 0
1154 0 -64 0
1155 1 63 1
1156 0 -64 0
1157 0 -64 0
1158 0 -64 0
1159 1 63 1
1160 1 63 1
1161 0 -64 0
1162 1 63 1
1163 0 -64 0
1164 1 63 1
1165 0 -64 0
1166 1 63 1
1167 1 63 1
1168 1 63 1
1169 1 63 1
1170 1 63 1
1171 1 63 1
1172 0 -64 0
1173 0 -64 0
1174 1 63 1
1175 0 -64 0
1176 1 63 1
1177 0 -64 0
1178 0 -64 0
1179 0 -64 0
1180 1 63 1
1181 0 -64 0
1182 0 -64 0
1183 1 63 1
1184 0 -64 0
1185 1 63 1
1186 1 63 1
1187 1 63 1
1188 0 -64 0
1189 0 -64 0
1190 1 63 1
1191 0 -64 0
1192 0 -64 0
1193 1 63 1
1194 0 -55 0
1195 0 -35 0
1196 1 60 1
1197 1 47 1
1198 0 -43 0
1199 0 -38 0
1200 1 37 1
1201 0 -35 0
1202 0 -47 0
1203 0 -50 0
1204 0 -64 0
1205 1 63 1
1206 0 -64 0
1207 1 63 1
1208 0 -64 0
1209 0 -64 0
1210 1 63 1
1211 0 -64 0
1212 1 63 1
1213 0 -64 0
1214 1 63 1
1215 1 63 1
1216 0 -64 0
1217 1 63 1
1218 0 -64 0
1219 0 -64 0
1220 0 -64 0
1221 1 63 1
1222 1 63 1
1223 0 -64 0
1224 1 63 1
1225 1 63 1
1226 0 -64 0
1227 1 63 1
1228 1 63 1
1229 1 63 1
1230 0 -64 0
1231 0 -64 0
1232 1 63 1
1233 0 -64 0
1234 0 -64 0
1235 1 63 1
1236 0 -64 0
1237 0 -64 0
1238 0 -64 0
1239 0 -64 0
1240 1 63 1
1241 0 -64 0
1242 1 63 1
1243 1 63 1
1244 0 -64 0
1245 1 63 1
1246 0 -64 0
1247 0 -64 0
1248 0 -64 0
1249 1 63 1
1250 0 -64 0
1251 1 63 1
1252 1 63 1
1253 0 -64 0
1254 1 63 1
1255 1 63 1
1256 1 63 1
1257 1 63 1
1258 1 63 1
1259 1 63 1
1260 1 63 1
1261 0 -64 0
1262 1 63 1
1263 0 -64 0
1264 1 63 1
1265 1 63 1
1266 1 63 1
1267 0 -64 0
1268 1 63 1
1269 1 63 1
1270 1 63 1
1271 0 -64 0
1272 0 -64 0
1273 1 63 1
1274 0 -64 0
1275 1 63 1
1276 1 63 1
1277 1 63 1
1278 0 -64 0
1279 1 63 1
1280 1 63 1
1281 1 63 1
1282 1 63 1
1283 1 63 1
1284 0 -64 0
1285 1 63 1
1286 0 -64 0
1287 0 -64 0
1288 0 -64 0
1289 1 63 1
1290 0 -64 0
1291 0 -64 0
1292 0 -64 0
1293 0 -64 0
1294 1 63 1
1295 0 -64 0
1296 1 63 1
1297 0 -64 0
1298 1 63 1
1299 1 63 1
1300 0 -64 0
1301 1 63 1
1302 0 -64 0
1303 1 63 1
1304 1 63 1
1305 0 -64 0
1306 0 -64 0
1307 0 -64 0
1308 1 63 1
1309 1 63 1
1310 0 -64 0
1311 1 63 1
1312 0 -64 0
1313 1 63 1
1314 1 63 1
1315 1 63 1
1316 1 63 1
1317 0 -64 0
1318 0 -64 0
1319 1 63 1
1320 1 63 1
1321 0 -64 0
1322 0 -64 0
1323 1 63 1
1324 1 63 1
1325 0 -64 0
1326 1 63 1
1327 1 63 1
1328 1 63 1
1329 0 -64 0
1330 0 -64 0
1331 0 -64 0
1332 1 63 1
1333 1 63 1
1334 1 63 1
1335 0 -64 0
1336 0 -64 0
1337 1 63 1
1338 0 -64 0
1339 0 -64 0
1340 0 -64 0
1341 1 63 1
1342 1 63 1
1343 1 63 1
1344 0 -64 0
1345 1 63 1
1346 1 63 1
1347 1 63 1
1348 1 63 1
1349 0 -64 0
1350 0 -64 0
1351 0 -64 0
1352 0 -64 0
1353 1 63 1
1354 0 -64 0
1355 1 63 1
1356 0 -64 0
1357 0 -64 0
1358 0 -64 0
1359 0 -64 0
1360 0 -64 0
1361 1 63 1
1362 1 63 1
1363 1 63 1
1364 0 -64 0
1365 0 -64 0
1366 0 -64 0
1367 0 -64 0
1368 0 -64 0
1369 0 -64 0
1370 1 63 1
1371 1 63 1
1372 1 63 1
1373 1 63 1
1374 1 63 1
1375 1 63 1
1376 0 -64 0
1377 1 63 1
1378 0 -64 0
1379 1 63 1
1380 1 63 1
1381 0 -64 0
1382 1 63 1
1383 0 -64 0
1384 0 -64 0
1385 1 63 1
1386 0 -64 0
1387 1 63 1
1388 0 -64 0
1389 0 -64 0
1390 0 -64 0
1391 0 -64 0
1392 0 -64 0
1393 1 63 1
1394 0 -64 0
1395 0 -64 0
1396 1 63 1
1397 0 -64 0
1398 0 -64 0
1399 0 -64 0
1400 1 63 1
1401 1 63 1
1402 0 -64 0
1403 1 63 1
1404 0 -64 0
1405 1 63 1
1406 1 63 1
1407 0 -64 0
1408 0 -64 0
1409 0 -64 0
1410 1 63 1
1411 1 63 1
1412 0 -64 0
1413 0 -64 0
1414 0 -64 0
1415 1 63 1
1416 0 -64 0
1417 0 -64 0
1418 1 63 1
1419 0 -64 0
1420 0 -64 0
1421 1 63 1
1422 1 63 1
1423 1 63 1
1424 0 -64 0
1425 1 63 1
1426 0 -64 0
1427 0 -64 0
1428 0 -64 0
1429 1 63 1
1430 1 63 1
1431 0 -64 0
1432 1 63 1
1433 0 -64 0
1434 1 63 1
1435 1 63 1
1436 1 63 1
1437 0 -64 0
1438 0 -64 0
1439 0 -64 0
1440 1 63 1
1441 0 -64 0
1442 1 63 1
1443 1 63 1
1444 0 -64 0
1445 1 63 1
1446 0 -64 0
1447 1 63 1
1448 1 63 1
1449 1 63 1
1450 0 -64 0
1451 1 63 1
1452 1 63 1
1453 0 -64 0
1454 1 63 1
1455 0 -64 0
1456 1 63 1
1457 0 -64 0
1458 0 -64 0
1459 1 63 1
1460 0 -64 0
1461 0 -64 0
1462 0 -64 0
1463 0 -64 0
1464 1 63 1
1465 0 -64 0
1466 0 -64 0
1467 1 63 1
1468 0 -64 0
1469 0 -64 0
1470 0 -64 0
1471 1 63 1
1472 1 63 1
1473 0 -64 0
1474 0 -64 0
1475 0 -64 0
1476 1 63 1
1477 1 63 1
1478 0 -64 0
1479 1 63 1
1480 0 -64 0
1481 1 63 1
1482 0 -64 0
1483 1 63 1
1484 1 63 1
1485 1 63 1
1486 0 -64 0
1487 0 -64 0
1488 1 63 1
1489 1 63 1
1490 1 63 1
1491 1 63 1
1492 1 63 1
1493 0 -64 0
1494 0 -64 0
1495 1 63 1
1496 1 63 1
1497 0 -64 0
1498 0 -64 0
1499 1 63 1
1500 0 -64 0
1501 1 63 1
1502 0 -64 0
1503 0 -64 0
1504 0 -64 0
1505 1 63 1
1506 1 63 1
1507 1 63 1
1508 0 -64 0
1509 1 63 1
1510 0 -64 0
1511 1 63 1
1512 0 -64 0
1513 1 63 1
1514 0 -64 0
1515 1 63 1
1516 1 63 1
1517 0 -64 0
1518 0 -64 0
1519 0 -64 0
1520 1 63 1
1521 1 63 1
1522 0 -64 0
1523 1 63 1
1524 1 63 1
1525 0 -64 0
1526 1 63 1
1527 0 -64 0
1528 1 63 1
1529 1 63 1
1530 0 -64 0
1531 0 -64 0
1532 1 63 1
1533 1 63 1
1534 1 63 1
1535 1 63 1
1536 0 -64 0
1537 1 63 1
1538 1 63 1
1539 0 -64 0
1540 0 -64 0
1541 0 -64 0
1542 1 63 1
1543 0 -64 0
1544 1 63 1
1545 0 -64 0
1546 0 -64 0
1547 1 63 1
1548 0 -64 0
1549 1 63 1
1550 1 63 1
1551 1 63 1
1552 0 -64 0
1553 1 63 1
1554 0 -64 0
1555 1 63 1
1556 0 -64 0
1557 0 -64 0
1558 0 -64 0
1559 0 -64 0
1560 0 -64 0
1561 0 -64 0
1562 1 63 1
1563 1 63 1
1564 0 -64 0
1565 0 -64 0
1566 1 63 1
1567 1 63 1
1568 0 -64 0
1569 1 63 1
1570 0 -64 0
1571 0 -64 0
1572 1 63 1
1573 0 -64 0
1574 1 63 1
1575 1 63 1
1576 1 63 1
1577 0 -64 0
1578 0 -64 0
1579 0 -64 0
1580 1 63 1
1581 1 63 1
1582 0 -64 0
1583 1 63 1
1584 0 -64 0
1585 0 -64 0
1586 0 -64 0
1587 1 63 1
1588 0 -64 0
1589 1 63 1
1590 0 -64 0
1591 1 63 1
1592 1 63 1
1593 1 63 1
1594 0 -64 0
1595 0 -58 0
1596 1 46 1
1597 0 -57 0
1598 1 46 1
1599 0 -57 0
1600 0 -38 0
1601 0 -54 0
1602 1 61 1
1603 1 63 1
1604 0 -62 0
1605 0 -64 0
1606 0 -64 0
1607 1 63 1
1608 0 -64 0
1609 1 63 1
1610 1 63 1
1611 0 -64 0
1612 1 63 1
1613 0 -64 0
1614 0 -64 0
1615 0 -64 0
1616 0 -64 0
1617 1 63 1
1618 1 63 1
1619 1 63 1
1620 1 63 1
1621 0 -64 0
1622 1 63 1
1623 1 63 1
1624 0 -64 0
1625 1 63 1
1626 0 -64 0
1627 1 63 1
1628 0 -64 0
1629 1 63 1
1630 0 -64 0
1631 1 63 1
1632 1 63 1
1633 0 -64 0
1634 1 63 1
1635 0 -64 0
1636 1 63 1
1637 0 -64 0
1638 0 -64 0
1639 0 -64 0
1640 1 63 1
1641 0 -64 0
1642 1 63 1
1643 0 -64 0
1644 0 -64 0
1645 1 63 1
1646 0 -64 0
1647 0 -64 0
1648 1 63 1
1649 0 -64 0
1650 0 -64 0
1651 0 -64 0
1652 0 -64 0
1653 1 63 1
1654 1 63 1
1655 0 -64 0
1656 1 63 1
1657 0 -64 0
1658 0 -64 0
1659 1 63 1
1660 0 -64 0
1661 0 -64 0
1662 1 63 1
1663 1 63 1
1664 1 63 1
1665 0 -64 0
1666 0 -64 0
1667 0 -64 0
1668 1 63 1
1669 0 -64 0
1670 0 -64 0
1671 1 63 1
1672 0 -64 0
1673 1 63 1
1674 0 -64 0
1675 0 -64 0
1676 1 63 1
1677 0 -64 0
1678 0 -64 0
1679 0 -64 0
1680 1 63 1
1681 1 63 1
1682 1 63 1
1683 1 63 1
1684 1 63 1
1685 1 63 1
1686 0 -64 0
1687 0 -64 0
1688 1 63 1
1689 0 -64 0
1690 1 63 1
1691 0 -64 0
1692 0 -64 0
1693 1 63 1
1694 0 -64 0
1695 1 63 1
1696 0 -64 0
1697 1 63 1
1698 1 63 1
1699 0 -64 0
1700 0 -64 0
1701 0 -64 0
1702 1 63 1
1703 1 63 1
1704 1 63 1
1705 0 -64 0
1706 1 63 1
1707 1 63 1
1708 1 63 1
1709 1 63 1
1710 1 63 1
1711 1 63 1
1712 0 -64 0
1713 1 63 1
1714 1 63 1
1715 1 63 1
1716 1 63 1
1717 0 -64 0
1718 0 -64 0
1719 0 -64 0
1720 0 -64 0
1721 1 63 1
1722 0 -64 0
1723 0 -64 0
1724 0 -64 0
1725 0 -64 0
1726 1 63 1
1727 1 63 1
1728 1 63 1
1729 0 -64 0
1730 1 63 1
1731 1 63 1
1732 1 63 1
1733 1 63 1
1734 0 -64 0
1735 0 -64 0
1736 0 -64 0
1737 1 63 1
1738 1 63 1
1739 0 -64 0
1740 0 -64 0
1741 0 -64 0
1742 1 63 1
1743 1 63 1
1744 0 -64 0
1745 0 -64 0
1746 0 -64 0
1747 0 -64 0
1748 0 -64 0
1749 0 -64 0
1750 0 -64 0
1751 0 -64 0
1752 1 63 1
1753 0 -64 0
1754 0 -64 0
1755 1 63 1
1756 0 -64 0
1757 0 -64 0
1758 1 63 1
1759 1 63 1
1760 0 -64 0
1761 0 -64 0
1762 1 63 1
1763 1 63 1
1764 1 63 1
1765 0 -64 0
1766 0 -64 0
1767 0 -64 0
1768 0 -64 0
1769 0 -64 0
1770 0 -64 0
1771 1 63 1
1772 1 63 1
1773 0 -64 0
1774 1 63 1
1775 0 -64 0
1776 1 63 1
1777 0 -64 0
1778 1 63 1
1779 1 63 1
1780 1 63 1
1781 1 63 1
1782 1 63 1
1783 1 63 1
1784 1 63 1
1785 0 -64 0
1786 0 -64 0
1787 0 -64 0
1788 0 -64 0
1789 0 -64 0
1790 0 -64 0
1791 0 -64 0
1792 1 63 1
1793 0 -64 0
1794 0 -64 0
1795 1 63 1
1796 0 -64 0
1797 1 63 1
1798 1 63 1
1799 1 63 1
1800 1 63 1
1801 1 63 1
1802 1 63 1
1803 1 63 1
1804 0 -64 0
1805 1 63 1
1806 1 63 1
1807 0 -64 0
1808 0 -64 0
1809 1 63 1
1810 0 -64 0
1811 0 -64 0
1812 1 63 1
1813 0 -64 0
1814 0 -64 0
1815 1 63 1
1816 1 63 1
1817 1 63 1
1818 0 -64 0
1819 1 63 1
1820 1 63 1
1821 0 -64 0
1822 1 63 1
1823 0 -64 0
1824 1 63 1
1825 0 -64 0
1826 1 63 1
1827 1 63 1
1828 0 -64 0
1829 1 63 1
1830 1 63 1
1831 1 63 1
1832 0 -64 0
1833 1 63 1
1834 0 -64 0
1835 1 63 1
1836 0 -64 0
1837 0 -64 0
1838 0 -64 0
1839 1 63 1
1840 0 -64 0
1841 0 -64 0
1842 1 63 1
1843 0 -64 0
1844 0 -64 0
1845 0 -64 0
1846 1 63 1
1847 1 63 1
1848 1 63 1
1849 0 -64 0
1850 0 -64 0
1851 0 -64 0
1852 1 63 1
1853 0 -64 0
1854 1 63 1
1855 1 63 1
1856 1 63 1
1857 0 -64 0
1858 1 63 1
1859 1 63 1
1860 0 -64 0
1861 0 -64 0
1862 1 63 1
1863 0 -64 0
1864 0 -64 0
1865 0 -64 0
1866 1 63 1
1867 1 63 1
1868 0 -64 0
1869 1 63 1
1870 0 -64 0
1871 1 63 1
1872 1 63 1
1873 1 63 1
1874 0 -64 0
1875 0 -64 0
1876 1 63 1
1877 1 63 1
1878 0 -64 0
1879 1 63 1
1880 0 -64 0
1881 0 -64 0
1882 0 -64 0
1883 1 63 1
1884 1 63 1
1885 1 63 1
1886 0 -64 0
1887 0 -64 0
1888 1 63 1
1889 0 -64 0
1890 0 -64 0
1891 0 -64 0
1892 0 -64 0
1893 0 -64 0
1894 1 63 1
1895 0 -64 0
1896 1 63 1
1897 0 -64 0
1898 0 -64 0
1899 0 -64 0
1900 1 63 1
1901 0 -64 0
1902 1 63 1
1903 1 63 1
1904 0 -64 0
1905 0 -64 0
1906 0 -64 0
1907 1 63 1
1908 1 63 1
1909 1 63 1
1910 1 63 1
1911 1 63 1
1912 0 -64 0
1913 1 63 1
1914 0 -64 0
1915 0 -64 0
1916 1 63 1
1917 0 -64 0
1918 1 63 1
1919 0 -64 0
1920 0 -64 0
1921 0 -64 0
1922 0 -64 0
1923 1 63 1
1924 0 -64 0
1925 0 -64 0
1926 0 -64 0
1927 1 63 1
1928 0 -64 0
1929 0 -64 0
1930 1 63 1
1931 1 63 1
1932 1 63 1
1933 1 63 1
1934 1 63 1
1935 0 -64 0
1936 1 63 1
1937 0 -64 0
1938 0 -64 0
1939 1 63 1
1940 1 63 1
1941 1 63 1
1942 1 63 1
1943 0 -64 0
1944 1 63 1
1945 0 -64 0
1946 1 63 1
1947 1 63 1
1948 0 -64 0
1949 0 -64 0
1950 1 63 1
1951 0 -64 0
1952 0 -64 0
1953 0 -64 0
1954 0 -64 0
1955 1 63 1
1956 0 -64 0
1957 0 -64 0
1958 1 63 1
1959 0 -64 0
1960 1 63 1
1961 0 -64 0
1962 1 63 1
1963 0 -64 0
1964 1 63 1
1965 1 63 1
1966 1 63 1
1967 0 -64 0
1968 1 63 1
1969 0 -64 0
1970 1 63 1
1971 0 -64 0
1972 1 63 1
1973 0 -64 0
1974 0 -64 0
1975 0 -64 0
1976 1 63 1
1977 0 -64 0
1978 1 63 1
1979 1 63 1
1980 1 63 1
1981 1 63 1
1982 0 -64 0
1983 0 -64 0
1984 0 -64 0
1985 1 63 1
1986 0 -64 0
1987 1 63 1
1988 0 -64 0
1989 0 -64 0
1990 0 -64 0
1991 0 -64 0
1992 1 63 1
1993 1 62 1
1994 0 -64 0
1995 1 62 1
1996 1 60 1
1997 1 45 1
1998 0 -50 0
1999 1 31 1
2000 0 -38 0
2001 0 -46 0
2002 1 63 1
2003 1 63 1
2004 1 63 1
2005 1 63 1
2006 1 63 1
2007 1 63 1
2008 1 63 1
2009 0 -64 0
2010 0 -64 0
2011 1 63 1
2012 1 63 1
2013 0 -64 0
2014 1 63 1
2015 1 63 1
2016 0 -64 0
2017 1 63 1
2018 1 63 1
2019 0 -64 0
2020 1 63 1
2021 0 -64 0
2022 0 -64 0
2023 1 63 1
2024 1 63 1
2025 0 -64 0
2026 1 63 1
2027 1 63 1
2028 0 -64 0
2029 1 63 1
2030 0 -64 0
2031 0 -64 0
2032 1 63 1
2033 1 63 1
2034 0 -64 0
2035 1 63 1
2036 0 -64 0
2037 0 -64 0
2038 1 63 1
2039 1 63 1
2040 0 -64 0
2041 0 -64 0
2042 1 63 1
2043 1 63 1
2044 1 63 1
2045 1 63 1
2046 0 -64 0
2047 1 63 1
2048 0 -64 0
2049 1 63 1
2050 0 -64 0
2051 0 -64 0
2052 1 63 1
2053 1 63 1
2054 0 -64 0
2055 1 63 1
2056 0 -64 0
2057 0 -64 0
2058 0 -64 0
2059 0 -64 0
2060 1 63 1
2061 1 63 1
2062 1 63 1
2063 1 63 1
2064 0 -64 0
2065 1 63 1
2066 0 -64 0
2067 1 63 1
2068 0 -64 0
2069 1 63 1
2070 1 63 1
2071 0 -64 0
2072 0 -64 0
2073 0 -64 0
2074 1 63 1
2075 1 63 1
2076 1 63 1
2077 0 -64 0
2078 1 63 1
2079 0 -64 0
2080 0 -64 0
2081 0 -64 0
2082 1 63 1
2083 1 63 1
2084 1 63 1
2085 0 -64 0
2086 1 63 1
2087 0 -64 0
2088 0 -64 0
2089 1 63 1
2090 0 -64 0
2091 1 63 1
2092 0 -64 0
2093 0 -64 0
2094 1 63 1
2095 1 63 1
2096 1 63 1
2097 0 -64 0
2098 0 -64 0
2099 1 63 1
2100 1 63 1
2101 1 63 1
2102 1 63 1
2103 0 -64 0
2104 0 -64 0
2105 1 63 1
2106 0 -64 0
2107 1 63 1
2108 0 -64 0
2109 0 -64 0
2110 1 63 1
2111 0 -64 0
2112 1 63 1
2113 1 63 1
2114 0 -64 0
2115 0 -64 0
2116 0 -64 0
2117 0 -64 0
2118 1 63 1
2119 0 -64 0
2120 0 -64 0
2121 1 63 1
2122 0 -64 0
2123 0 -64 0
2124 1 63 1
2125 0 -64 0
2126 0 -64 0
2127 0 -64 0
2128 0 -64 0
2129 1 63 1
2130 1 63 1
2131 1 63 1
2132 1 63 1
2133 0 -64 0
2134 1 63 1
2135 1 63 1
2136 0 -64 0
2137 0 -64 0
2138 0 -64 0
2139 0 -64 0
2140 0 -64 0
2141 0 -64 0
2142 1 63 1
2143 0 -64 0
2144 1 63 1
2145 0 -64 0
2146 0 -64 0
2147 0 -64 0
2148 0 -64 0
2149 1 63 1
2150 0 -64 0
2151 0 -64 0
2152 0 -64 0
2153 1 63 1
2154 0 -64 0
2155 1 63 1
2156 1 63 1
2157 0 -64 0
2158 1 63 1
2159 1 63 1
2160 0 -64 0
2161 0 -64 0
2162 1 63 1
2163 1 63 1
2164 1 63 1
2165 0 -64 0
2166 1 63 1
2167 1 63 1
2168 0 -64 0
2169 1 63 1
2170 0 -64 0
2171 0 -64 0
2172 1 63 1
2173 1 63 1
2174 0 -64 0
2175 0 -64 0
2176 0 -64 0
2177 0 -64 0
2178 0 -64 0
2179 1 63 1
2180 1 63 1
2181 1 63 1
2182 1 63 1
2183 1 63 1
2184 0 -64 0
2185 0 -64 0
2186 0 -64 0
2187 0 -64 0
2188 1 63 1
2189 0 -64 0
2190 0 -64 0
2191 1 63 1
2192 0 -64 0
2193 0 -64 0
2194 0 -64 0
2195 0 -64 0
2196 1 63 1
2197 0 -64 0
2198 0 -64 0
2199 0 -64 0
2200 1 63 1
2201 1 63 1
2202 0 -64 0
2203 0 -64 0
2204 1 63 1
2205 0 -64 0
2206 1 63 1
2207 0 -64 0
2208 0 -64 0
2209 0 -64 0
2210 1 63 1
2211 1 63 1
2212 1 63 1
2213 0 -64 0
2214 1 63 1
2215 1 63 1
2216 0 -64 0
2217 0 -64 0
2218 1 63 1
2219 1 63 1
2220 0 -64 0
2221 0 -64 0
2222 1 63 1
2223 1 63 1
2224 0 -64 0
2225 0 -64 0
2226 0 -64 0
2227 1 63 1
2228 0 -64 0
2229 1 63 1
2230 0 -64 0
2231 0 -64 0
2232 0 -64 0
2233 0 -64 0
2234 1 63 1
2235 1 63 1
2236 1 63 1
2237 1 63 1
2238 0 -64 0
2239 1 63 1
2240 1 63 1
2241 1 63 1
2242 0 -64 0
2243 0 -64 0
2244 0 -64 0
2245 1 63 1
2246 1 63 1
2247 1 63 1
2248 0 -64 0
2249 0 -64 0
2250 0 -64 0
2251 0 -64 0
2252 1 63 1
2253 1 63 1
2254 1 63 1
2255 0 -64 0
2256 0 -64 0
2257 0 -64 0
2258 1 63 1
2259 0 -64 0
2260 1 63 1
2261 0 -64 0
2262 1 63 1
2263 1 63 1
2264 1 63 1
2265 0 -64 0
2266 1 63 1
2267 0 -64 0
2268 0 -64 0
2269 0 -64 0
2270 1 63 1
2271 0 -64 0
2272 1 63 1
2273 1 63 1
2274 1 63 1
2275 1 63 1
2276 1 63 1
2277 1 63 1
2278 0 -64 0
2279 1 63 1
2280 0 -64 0
2281 0 -64 0
2282 1 63 1
2283 1 63 1
2284 1 63 1
2285 1 63 1
2286 1 63 1
2287 1 63 1
2288 0 -64 0
2289 0 -64 0
2290 0 -64 0
2291 1 63 1
2292 0 -64 0
2293 1 63 1
2294 0 -64 0
2295 0 -64 0
2296 1 63 1
2297 0 -64 0
2298 1 63 1
2299 1 63 1
2300 1 63 1
2301 0 -64 0
2302 1 63 1
2303 0 -64 0
2304 0 -64 0
2305 1 63 1
2306 0 -64 0
2307 0 -64 0
2308 1 63 1
2309 0 -64 0
2310 0 -64 0
2311 1 63 1
2312 1 63 1
2313 0 -64 0
2314 0 -64 0
2315 1 63 1
2316 1 63 1
2317 1 63 1
2318 1 63 1
2319 1 63 1
2320 0 -64 0
2321 1 63 1
2322 1 63 1
2323 0 -64 0
2324 0 -64 0
2325 1 63 1
2326 0 -64 0
2327 0 -64 0
2328 0 -64 0
2329 1 63 1
2330 1 63 1
2331 1 63 1
2332 0 -64 0
2333 0 -64 0
2334 0 -64 0
2335 1 63 1
2336 0 -64 0
2337 0 -64 0
2338 1 63 1
2339 1 63 1
2340 0 -64 0
2341 1 63 1
2342 0 -64 0
2343 1 63 1
2344 0 -64 0
2345 1 63 1
2346 1 63 1
2347 1 63 1
2348 0 -64 0
2349 1 63 1
2350 1 63 1
2351 1 63 1
2352 1 63 1
2353 0 -64 0
2354 1 63 1
2355 0 -64 0
2356 1 63 1
2357 0 -64 0
2358 0 -64 0
2359 0 -64 0
2360 0 -64 0
2361 0 -64 0
2362 1 63 1
2363 1 63 1
2364 0 -64 0
2365 1 63 1
2366 1 63 1
2367 0 -64 0
2368 0 -64 0
2369 0 -64 0
2370 1 63 1
2371 0 -64 0
2372 0 -64 0
2373 0 -64 0
2374 1 63 1
2375 0 -64 0
2376 0 -64 0
2377 0 -64 0
2378 0 -64 0
2379 0 -64 0
2380 1 63 1
2381 1 63 1
2382 0 -64 0
2383 1 63 1
2384 0 -64 0
2385 1 63 1
2386 0 -64 0
2387 0 -64 0
2388 1 63 1
2389 0 -64 0
2390 0 -64 0
2391 0 -64 0
2392 1 63 1
2393 1 63 1
2394 0 -64 0
2395 0 -41 0
2396 0 -62 0
2397 0 38 1
2398 1 46 1
2399 1 -47 0
2400 0 0 0
2401 1 58 1
2402 1 63 1
2403 1 61 1
2404 0 -64 0
2405 0 -64 0
2406 0 -61 0
2407 0 -64 0
2408 1 63 1
2409 1 63 1
2410 1 63 1
2411 1 63 1
2412 0 -64 0
2413 1 63 1
2414 1 63 1
2415 1 63 1
2416 0 -64 0
2417 0 -64 0
2418 0 -64 0
2419 0 -64 0
2420 0 -64 0
2421 1 63 1
2422 0 -64 0
2423 1 63 1
2424 1 63 1
2425 0 -64 0
2426 0 -64 0
2427 1 63 1
2428 0 -64 0
2429 1 63 1
2430 1 63 1
2431 1 63 1
2432 0 -64 0
2433 1 63 1
2434 0 -64 0
2435 0 -64 0
2436 0 -64 0
2437 1 63 1
2438 0 -64 0
2439 1 63 1
2440 1 63 1
2441 0 -64 0
2442 1 63 1
2443 1 63 1
2444 1 63 1
2445 0 -64 0
2446 0 -64 0
2447 0 -64 0
2448 1 63 1
2449 0 -64 0
2450 0 -64 0
2451 1 63 1
2452 1 63 1
2453 0 -64 0
2454 1 63 1
2455 1 63 1
2456 1 63 1
2457 0 -64 0
2458 0 -64 0
2459 1 63 1
2460 1 63 1
2461 1 63 1
2462 1 63 1
2463 0 -64 0
2464 0 -64 0
2465 0 -64 0
2466 1 63 1
2467 0 -64 0
2468 1 63 1
2469 0 -64 0
2470 1 63 1
2471 0 -64 0
2472 0 -64 0
2473 0 -64 0
2474 1 63 1
2475 1 63 1
2476 1 63 1
2477 1 63 1
2478 0 -64 0
2479 1 63 1
2480 1 63 1
2481 1 63 1
2482 1 63 1
2483 1 63 1
2484 0 -64 0
2485 1 63 1
2486 1 63 1
2487 0 -64 0
2488 1 63 1
2489 0 -64 0
2490 0 -64 0
2491 1 63 1
2492 1 63 1
2493 0 -64 0
2494 1 63 1
2495 0 -64 0
2496 1 63 1
2497 0 -64 0
2498 1 63 1
2499 1 63 1
2500 1 63 1
2501 1 63 1
2502 0 -64 0
2503 0 -64 0
2504 0 -64 0
2505 0 -64 0
2506 0 -64 0
2507 1 63 1
2508 1 63 1
2509 0 -64 0
2510 0 -64 0
2511 1 63 1
2512 1 63 1
2513 0 -64 0
2514 0 -64 0
2515 0 -64 0
2516 0 -64 0
2517 1 63 1
2518 0 -64 0
2519 1 63 1
2520 0 -64 0
2521 1 63 1
2522 0 -64 0
2523 1 63 1
2524 0 -64 0
2525 0 -64 0
2526 1 63 1
2527 0 -64 0
2528 0 -64 0
2529 0 -64 0
2530 1 63 1
2531 1 63 1
2532 1 63 1
2533 1 63 1
2534 1 63 1
2535 1 63 1
2536 0 -64 0
2537 0 -64 0
2538 0 -64 0
2539 1 63 1
2540 1 63 1
2541 0 -64 0
2542 1 63 1
2543 1 63 1
2544 0 -64 0
2545 1 63 1
2546 0 -64 0
2547 0 -64 0
2548 1 63 1
2549 0 -64 0
2550 0 -64 0
2551 1 63 1
2552 0 -64 0
2553 0 -64 0
2554 0 -64 0
2555 1 63 1
2556 0 -64 0
2557 1 63 1
2558 1 63 1
2559 1 63 1
2560 1 63 1
2561 1 63 1
2562 1 63 1
2563 0 -64 0
2564 1 63 1
2565 1 63 1
2566 0 -64 0
2567 1 63 1
2568 1 63 1
2569 0 -64 0
2570 1 63 1
2571 0 -64 0
2572 1 63 1
2573 1 63 1
2574 1 63 1
2575 0 -64 0
2576 0 -64 0
2577 0 -64 0
2578 0 -64 0
2579 0 -64 0
2580 1 63 1
2581 0 -64 0
2582 0 -64 0
2583 1 63 1
2584 0 -64 0
2585 0 -64 0
2586 0 -64 0
2587 0 -64 0
2588 1 63 1
2589 1 63 1
2590 0 -64 0
2591 1 63 1
2592 1 63 1
2593 0 -64 0
2594 1 63 1
2595 0 -64 0
2596 0 -64 0
2597 1 63 1
2598 1 63 1
2599 1 63 1
2600 1 63 1
2601 1 63 1
2602 1 63 1
2603 1 63 1
2604 1 63 1
2605 1 63 1
2606 1 63 1
2607 0 -64 0
2608 1 63 1
2609 0 -64 0
2610 0 -64 0
2611 0 -64 0
2612 1 63 1
2613 1 63 1
2614 1 63 1
2615 0 -64 0
2616 1 63 1
2617 0 -64 0
2618 1 63 1
2619 1 63 1
2620 0 -64 0
2621 0 -64 0
2622 1 63 1
2623 0 -64 0
2624 0 -64 0
2625 1 63 1
2626 0 -64 0
2627 0 -64 0
2628 1 63 1
2629 0 -64 0
2630 1 63 1
2631 1 63 1
2632 1 63 1
2633 0 -64 0
2634 0 -64 0
2635 0 -64 0
2636 0 -64 0
2637 0 -64 0
2638 1 63 1
2639 0 -64 0
2640 1 63 1
2641 1 63 1
2642 1 63 1
2643 1 63 1
2644 1 63 1
2645 0 -64 0
2646 1 63 1
2647 1 63 1
2648 1 63 1
2649 0 -64 0
2650 0 -64 0
2651 1 63 1
2652 0 -64 0
2653 0 -64 0
2654 1 63 1
2655 0 -64 0
2656 1 63 1
2657 0 -64 0
2658 1 63 1
2659 1 63 1
2660 1 63 1
2661 0 -64 0
2662 1 63 1
2663 0 -64 0
2664 0 -64 0
2665 0 -64 0
2666 0 -64 0
2667 1 63 1
2668 0 -64 0
2669 1 63 1
2670 1 63 1
2671 0 -64 0
2672 1 63 1
2673 0 -64 0
2674 1 63 1
2675 1 63 1
2676 1 63 1
2677 1 63 1
2678 1 63 1
2679 0 -64 0
2680 0 -64 0
2681 0 -64 0
2682 0 -64 0
2683 1 63 1
2684 1 63 1
2685 0 -64 0
2686 0 -64 0
2687 0 -64 0
2688 0 -64 0
2689 0 -64 0
2690 1 63 1
2691 0 -64 0
2692 0 -64 0
2693 0 -64 0
2694 1 63 1
2695 0 -64 0
2696 0 -64 0
2697 0 -64 0
2698 0 -64 0
2699 1 63 1
2700 1 63 1
2701 1 63 1
2702 1 63 1
2703 1 63 1
2704 0 -64 0
2705 0 -64 0
2706 0 -64 0
2707 0 -64 0
2708 0 -64 0
2709 1 63 1
2710 1 63 1
2711 0 -64 0
2712 1 63 1
2713 0 -64 0
2714 0 -64 0
2715 0 -64 0
2716 0 -64 0
2717 0 -64 0
2718 0 -64 0
2719 1 63 1
2720 0 -64 0
2721 1 63 1
2722 1 63 1
2723 1 63 1
2724 1 63 1
2725 1 63 1
2726 1 63 1
2727 1 63 1
2728 1 63 1
2729 1 63 1
2730 1 63 1
2731 1 63 1
2732 0 -64 0
2733 0 -64 0
2734 1 63 1
2735 1 63 1
2736 0 -64 0
2737 1 63 1
2738 1 63 1
2739 1 63 1
2740 0 -64 0
2741 0 -64 0
2742 0 -64 0
2743 1 63 1
2744 0 -64 0
2745 1 63 1
2746 0 -64 0
2747 0 -64 0
2748 0 -64 0
2749 0 -64 0
2750 1 63 1
2751 1 63 1
2752 0 -64 0
2753 0 -64 0
2754 1 63 1
2755 1 63 1
2756 1 63 1
2757 0 -64 0
2758 0 -64 0
2759 1 63 1
2760 1 63 1
2761 0 -64 0
2762 1 63 1
2763 0 -64 0
2764 1 63 1
2765 0 -64 0
2766 0 -64 0
2767 1 63 1
2768 1 63 1
2769 1 63 1
2770 1 63 1
2771 1 63 1
2772 1 63 1
2773 0 -64 0
2774 0 -64 0
2775 0 -64 0
2776 0 -64 0
2777 1 63 1
2778 0 -64 0
2779 1 63 1
2780 0 -64 0
2781 1 63 1
2782 0 -64 0
2783 1 63 1
2784 0 -64 0
2785 1 63 1
2786 1 63 1
2787 1 63 1
2788 0 -64 0
2789 0 -64 0
2790 0 -64 0
2791 0 -64 0
2792 0 -64 0
2793 1 63 1
2794 1 63 1
2795 0 -56 0
2796 1 61 1
2797 1 53 1
2798 0 -47 0
2799 1 56 1
2800 1 37 1
2801 1 35 1
2802 0 12 1
2803 0 -43 0
2804 0 -41 0
2805 1 48 1
2806 0 -52 0
2807 0 -64 0
2808 1 63 1
2809 0 -62 0
2810 0 -58 0
2811 0 -64 0
2812 0 -64 0
2813 1 63 1
2814 1 63 1
2815 0 -64 0
2816 1 63 1
2817 1 63 1
2818 0 -64 0
2819 1 63 1
2820 1 63 1
2821 1 63 1
2822 0 -64 0
2823 1 63 1
2824 0 -64 0
2825 1 63 1
2826 0 -64 0
2827 0 -64 0
2828 0 -64 0
2829 1 63 1
2830 0 -64 0
2831 0 -64 0
2832 0 -64 0
2833 1 63 1
2834 0 -64 0
2835 0 -64 0
2836 0 -64 0
2837 1 63 1
2838 0 -64 0
2839 1 63 1
2840 1 63 1
2841 0 -64 0
2842 1 63 1
2843 1 63 1
2844 0 -64 0
2845 0 -64 0
2846 0 -64 0
2847 1 63 1
2848 0 -64 0
2849 0 -64 0
2850 1 63 1
2851 0 -64 0
2852 1 63 1
2853 1 63 1
2854 1 63 1
2855 0 -64 0
2856 1 63 1
2857 1 63 1
2858 0 -64 0
2859 1 63 1
2860 1 63 1
2861 1 63 1
2862 1 63 1
2863 0 -64 0
2864 1 63 1
2865 1 63 1
2866 0 -64 0
2867 0 -64 0
2868 0 -64 0
2869 1 63 1
2870 0 -64 0
2871 0 -64 0
2872 1 63 1
2873 1 63 1
2874 1 63 1
2875 0 -64 0
2876 0 -64 0
2877 0 -64 0
2878 0 -64 0
2879 0 -64 0
2880 0 -64 0
2881 0 -64 0
2882 1 63 1
2883 1 63 1
2884 0 -64 0
2885 1 63 1
2886 0 -64 0
2887 1 63 1
2888 0 -64 0
2889 0 -64 0
2890 1 63 1
2891 0 -64 0
2892 0 -64 0
2893 0 -64 0
2894 1 63 1
2895 1 63 1
2896 1 63 1
2897 1 63 1
2898 0 -64 0
2899 1 63 1
2900 0 -64 0
2901 1 63 1
2902 1 63 1
2903 0 -64 0
2904 0 -64 0
2905 1 63 1
2906 1 63 1
2907 0 -64 0
2908 1 63 1
2909 1 63 1
2910 0 -64 0
2911 1 63 1
2912 1 63 1
2913 0 -64 0
2914 0 -64 0
2915 1 63 1
2916 1 63 1
2917 1 63 1
2918 1 63 1
2919 1 63 1
2920 1 63 1
2921 1 63 1
2922 0 -64 0
2923 0 -64 0
2924 0 -64 0
2925 1 63 1
2926 1 63 1
2927 0 -64 0
2928 0 -64 0
2929 1 63 1
2930 0 -64 0
2931 0 -64 0
2932 1 63 1
2933 0 -64 0
2934 1 63 1
2935 1 63 1
2936 1 63 1
2937 1 63 1
2938 1 63 1
2939 1 63 1
2940 1 63 1
2941 1 63 1
2942 0 -64 0
2943 0 -64 0
2944 0 -64 0
2945 0 -64 0
2946 0 -64 0
2947 0 -64 0
2948 1 63 1
2949 1 63 1
2950 1 63 1
2951 1 63 1
2952 1 63 1
2953 1 63 1
2954 1 63 1
2955 1 63 1
2956 0 -64 0
2957 0 -64 0
2958 0 -64 0
2959 1 63 1
2960 0 -64 0
2961 0 -64 0
2962 0 -64 0
2963 0 -64 0
2964 1 63 1
2965 1 63 1
2966 1 63 1
2967 0 -64 0
2968 1 63 1
2969 0 -64 0
2970 0 -64 0
2971 1 63 1
2972 0 -64 0
2973 0 -64 0
2974 1 63 1
2975 0 -64 0
2976 1 63 1
2977 1 63 1
2978 0 -64 0
2979 0 -64 0
2980 1 63 1
2981 0 -64 0
2982 1 63 1
2983 1 63 1
2984 0 -64 0
2985 1 63 1
2986 0 -64 0
2987 0 -64 0
2988 0 -64 0
2989 0 -64 0
2990 1 63 1
2991 1 63 1
2992 1 63 1
2993 1 63 1
2994 1 63 1
2995 0 -64 0
2996 1 63 1
2997 1 63 1
2998 1 63 1
2999 1 63 1
3000 1 63 1
3001 0 -64 0
3002 0 -64 0
3003 0 -64 0
3004 0 -64 0
3005 0 -64 0
3006 0 -64 0
3007 1 63 1
3008 0 -64 0
3009 0 -64 0
3010 0 -64 0
3011 0 -64 0
3012 0 -64 0
3013 1 63 1
3014 1 63 1
3015 0 -64 0
3016 0 -64 0
3017 0 -64 0
3018 1 63 1
3019 0 -64 0
3020 1 63 1
3021 0 -64 0
3022 1 63 1
3023 1 63 1
3024 0 -64 0
3025 0 -64 0
3026 0 -64 0
3027 1 63 1
3028 1 63 1
3029 0 -64 0
3030 0 -64 0
3031 0 -64 0
3032 1 63 1
3033 1 63 1
3034 1 63 1
3035 0 -64 0
3036 0 -64 0
3037 1 63 1
3038 0 -64 0
3039 1 63 1
3040 0 -64 0
3041 0 -64 0
3042 1 63 1
3043 0 -64 0
3044 1 63 1
3045 1 63 1
3046 1 63 1
3047 0 -64 0
3048 0 -64 0
3049 0 -64 0
3050 0 -64 0
3051 1 63 1
3052 1 63 1
3053 1 63 1
3054 0 -64 0
3055 1 63 1
3056 1 63 1
3057 1 63 1
3058 1 63 1
3059 0 -64 0
3060 0 -64 0
3061 1 63 1
3062 0 -64 0
3063 0 -64 0
3064 0 -64 0
3065 1 63 1
3066 1 63 1
3067 0 -64 0
3068 0 -64 0
3069 1 63 1
3070 0 -64 0
3071 1 63 1
3072 1 63 1
3073 1 63 1
3074 0 -64 0
3075 0 -64 0
3076 0 -64 0
3077 0 -64 0
3078 1 63 1
3079 1 63 1
3080 1 63 1
3081 1 63 1
3082 0 -64 0
3083 1 63 1
3084 0 -64 0
3085 0 -64 0
3086 0 -64 0
3087 0 -64 0
3088 0 -64 0
3089 0 -64 0
3090 0 -64 0
3091 0 -64 0
3092 1 63 1
3093 0 -64 0
3094 1 63 1
3095 0 -64 0
3096 1 63 1
3097 1 63 1
3098 1 63 1
3099 1 63 1
3100 0 -64 0
3101 1 63 1
3102 1 63 1
3103 0 -64 0
3104 1 63 1
3105 1 63 1
3106 1 63 1
3107 1 63 1
3108 0 -64 0
3109 0 -64 0
3110 0 -64 0
3111 0 -64 0
3112 1 63 1
3113 0 -64 0
3114 0 -64 0
3115 0 -64 0
3116 0 -64 0
3117 0 -64 0
3118 1 63 1
3119 1 63 1
3120 0 -64 0
3121 1 63 1
3122 1 63 1
3123 1 63 1
3124 1 63 1
3125 1 63 1
3126 0 -64 0
3127 1 63 1
3128 0 -64 0
3129 0 -64 0
3130 0 -64 0
3131 0 -64 0
3132 1 63 1
3133 1 63 1
3134 1 63 1
3135 0 -64 0
3136 1 63 1
3137 0 -64 0
3138 1 63 1
3139 1 63 1
3140 0 -64 0
3141 0 -64 0
3142 0 -64 0
3143 0 -64 0
3144 0 -64 0
3145 1 63 1
3146 0 -64 0
3147 1 63 1
3148 1 63 1
3149 0 -64 0
3150 1 63 1
3151 1 63 1
3152 1 63 1
3153 0 -64 0
3154 0 -64 0
3155 0 -64 0
3156 1 63 1
3157 1 63 1
3158 0 -64 0
3159 0 -64 0
3160 0 -64 0
3161 0 -64 0
3162 0 -64 0
3163 0 -64 0
3164 0 -64 0
3165 0 -64 0
3166 1 63 1
3167 1 63 1
3168 1 63 1
3169 0 -64 0
3170 1 63 1
3171 1 63 1
3172 1 63 1
3173 0 -64 0
3174 0 -64 0
3175 1 63 1
3176 1 63 1
3177 0 -64 0
3178 1 63 1
3179 0 -64 0
3180 1 63 1
3181 1 63 1
3182 1 63 1
3183 0 -64 0
3184 0 -64 0
3185 1 63 1
3186 0 -64 0
3187 0 -64 0
3188 0 -64 0
3189 1 63 1
3190 0 -64 0
3191 0 -64 0
3192 1 63 1
3193 0 -64 0
3194 0 -64 0
3195 1 63 1
3196 1 63 1
3197 0 -64 0
3198 1 -64 0
3199 1 63 1
