# idx_orig final_llr seen
0 -64 1
1 -64 1
2 -64 1
3 -64 1
4 63 1
5 -64 1
6 63 1
7 -64 1
8 -64 1
9 -64 1
10 63 1
11 -64 1
12 -64 1
13 -64 1
14 -64 1
15 63 1
16 -64 1
17 63 1
18 -64 1
19 63 1
20 -64 1
21 -64 1
22 63 1
23 63 1
24 63 1
25 63 1
26 -64 1
27 63 1
28 63 1
29 63 1
30 -64 1
31 63 1
32 63 1
33 -64 1
34 -64 1
35 -64 1
36 63 1
37 -64 1
38 -64 1
39 63 1
40 63 1
41 63 1
42 63 1
43 63 1
44 -64 1
45 63 1
46 63 1
47 63 1
48 63 1
49 63 1
50 63 1
51 63 1
52 -64 1
53 -64 1
54 63 1
55 63 1
56 63 1
57 -64 1
58 -64 1
59 -64 1
60 -64 1
61 -64 1
62 -64 1
63 -64 1
64 63 1
65 -64 1
66 63 1
67 63 1
68 -64 1
69 63 1
70 -64 1
71 63 1
72 63 1
73 -64 1
74 63 1
75 -64 1
76 63 1
77 63 1
78 -64 1
79 63 1
80 63 1
81 63 1
82 -64 1
83 63 1
84 -64 1
85 63 1
86 63 1
87 63 1
88 63 1
89 -64 1
90 -64 1
91 -64 1
92 -64 1
93 63 1
94 63 1
95 63 1
96 63 1
97 -64 1
98 -64 1
99 -64 1
100 63 1
101 63 1
102 63 1
103 -64 1
104 -64 1
105 63 1
106 63 1
107 63 1
108 -64 1
109 -64 1
110 63 1
111 63 1
112 -64 1
113 63 1
114 63 1
115 63 1
116 -64 1
117 63 1
118 63 1
119 63 1
120 -64 1
121 63 1
122 -64 1
123 63 1
124 -64 1
125 63 1
126 -64 1
127 -64 1
128 -64 1
129 63 1
130 -64 1
131 -64 1
132 -64 1
133 63 1
134 -64 1
135 63 1
136 -64 1
137 63 1
138 -64 1
139 63 1
140 -64 1
141 63 1
142 -64 1
143 63 1
144 -64 1
145 -64 1
146 -64 1
147 63 1
148 -64 1
149 63 1
150 63 1
151 63 1
152 63 1
153 -64 1
154 63 1
155 -64 1
156 63 1
157 -64 1
158 63 1
159 63 1
160 -64 1
161 -64 1
162 63 1
163 63 1
164 63 1
165 -64 1
166 63 1
167 63 1
168 63 1
169 -64 1
170 -64 1
171 -64 1
172 63 1
173 63 1
174 -64 1
175 -64 1
176 -64 1
177 63 1
178 -64 1
179 -64 1
180 -64 1
181 63 1
182 63 1
183 -64 1
184 63 1
185 -64 1
186 63 1
187 63 1
188 -64 1
189 -64 1
190 -64 1
191 63 1
192 63 1
193 63 1
194 63 1
195 63 1
196 63 1
197 -64 1
198 -64 1
199 -64 1
200 63 1
201 -64 1
202 -64 1
203 -64 1
204 -64 1
205 63 1
206 63 1
207 -64 1
208 63 1
209 -64 1
210 63 1
211 -64 1
212 63 1
213 -64 1
214 63 1
215 63 1
216 63 1
217 63 1
218 63 1
219 63 1
220 63 1
221 63 1
222 -64 1
223 63 1
224 63 1
225 -64 1
226 63 1
227 63 1
228 63 1
229 -64 1
230 -64 1
231 63 1
232 63 1
233 63 1
234 -64 1
235 63 1
236 63 1
237 -64 1
238 -64 1
239 -64 1
240 -64 1
241 63 1
242 -64 1
243 63 1
244 63 1
245 63 1
246 63 1
247 63 1
248 63 1
249 63 1
250 -64 1
251 63 1
252 -64 1
253 63 1
254 63 1
255 63 1
256 -64 1
257 63 1
258 63 1
259 63 1
260 63 1
261 -64 1
262 -64 1
263 -64 1
264 -64 1
265 -64 1
266 -64 1
267 -64 1
268 -64 1
269 -64 1
270 63 1
271 63 1
272 -64 1
273 -64 1
274 63 1
275 63 1
276 63 1
277 63 1
278 -64 1
279 -64 1
280 63 1
281 -64 1
282 -64 1
283 63 1
284 -64 1
285 63 1
286 -64 1
287 63 1
288 -64 1
289 63 1
290 -64 1
291 -64 1
292 -64 1
293 63 1
294 -64 1
295 63 1
296 63 1
297 63 1
298 63 1
299 63 1
300 -64 1
301 -64 1
302 63 1
303 63 1
304 -64 1
305 63 1
306 -64 1
307 -64 1
308 63 1
309 -64 1
310 -64 1
311 -64 1
312 -64 1
313 63 1
314 63 1
315 63 1
316 -64 1
317 -64 1
318 63 1
319 63 1
320 -64 1
321 63 1
322 63 1
323 -64 1
324 63 1
325 -64 1
326 63 1
327 63 1
328 63 1
329 -64 1
330 -64 1
331 63 1
332 63 1
333 -64 1
334 -64 1
335 -64 1
336 -64 1
337 -64 1
338 63 1
339 -64 1
340 -64 1
341 -64 1
342 63 1
343 63 1
344 63 1
345 63 1
346 63 1
347 -64 1
348 63 1
349 -64 1
350 63 1
351 -64 1
352 -64 1
353 -64 1
354 63 1
355 63 1
356 -64 1
357 -64 1
358 63 1
359 63 1
360 63 1
361 63 1
362 63 1
363 -64 1
364 -64 1
365 63 1
366 -64 1
367 63 1
368 -64 1
369 63 1
370 -64 1
371 63 1
372 63 1
373 -64 1
374 -64 1
375 63 1
376 63 1
377 63 1
378 63 1
379 -64 1
380 -64 1
381 63 1
382 -64 1
383 -64 1
384 63 1
385 -64 1
386 63 1
387 -64 1
388 -64 1
389 63 1
390 -64 1
391 -64 1
392 63 1
393 -64 1
394 63 1
395 63 1
396 -64 1
397 -64 1
398 -64 1
399 63 1
400 63 1
401 -64 1
402 63 1
403 63 1
404 63 1
405 -64 1
406 -64 1
407 63 1
408 63 1
409 -64 1
410 -64 1
411 -64 1
412 -64 1
413 -64 1
414 -64 1
415 -64 1
416 -64 1
417 -64 1
418 63 1
419 -64 1
420 63 1
421 -64 1
422 63 1
423 -64 1
424 63 1
425 63 1
426 -64 1
427 -64 1
428 63 1
429 -64 1
430 -64 1
431 63 1
432 63 1
433 -64 1
434 -64 1
435 -64 1
436 -64 1
437 63 1
438 -64 1
439 -64 1
440 -64 1
441 -64 1
442 -64 1
443 63 1
444 -64 1
445 63 1
446 63 1
447 -64 1
448 -64 1
449 63 1
450 -64 1
451 -64 1
452 -64 1
453 -64 1
454 63 1
455 -64 1
456 63 1
457 -64 1
458 63 1
459 63 1
460 63 1
461 -64 1
462 -64 1
463 63 1
464 63 1
465 63 1
466 -64 1
467 63 1
468 63 1
469 -64 1
470 -64 1
471 -64 1
472 -64 1
473 -64 1
474 -64 1
475 -64 1
476 63 1
477 63 1
478 63 1
479 -64 1
480 -64 1
481 -64 1
482 -64 1
483 63 1
484 -64 1
485 -64 1
486 63 1
487 -64 1
488 -64 1
489 -64 1
490 63 1
491 -64 1
492 -64 1
493 -64 1
494 63 1
495 63 1
496 -64 1
497 -64 1
498 63 1
499 63 1
500 63 1
501 63 1
502 63 1
503 63 1
504 63 1
505 -64 1
506 63 1
507 63 1
508 -64 1
509 63 1
510 63 1
511 -64 1
512 -64 1
513 -64 1
514 63 1
515 63 1
516 63 1
517 -64 1
518 -64 1
519 -64 1
520 63 1
521 -64 1
522 63 1
523 63 1
524 -64 1
525 -64 1
526 63 1
527 63 1
528 63 1
529 -64 1
530 -64 1
531 -64 1
532 63 1
533 -64 1
534 -64 1
535 -64 1
536 -64 1
537 -64 1
538 63 1
539 63 1
540 -64 1
541 63 1
542 63 1
543 -64 1
544 63 1
545 -64 1
546 -64 1
547 63 1
548 -64 1
549 63 1
550 -64 1
551 63 1
552 63 1
553 -64 1
554 63 1
555 -64 1
556 63 1
557 63 1
558 -64 1
559 -64 1
560 63 1
561 63 1
562 63 1
563 -64 1
564 63 1
565 -64 1
566 63 1
567 -64 1
568 -64 1
569 -64 1
570 -64 1
571 -64 1
572 -64 1
573 -64 1
574 -64 1
575 -64 1
576 -64 1
577 -64 1
578 -64 1
579 -64 1
580 -64 1
581 63 1
582 63 1
583 -64 1
584 -64 1
585 63 1
586 63 1
587 63 1
588 -64 1
589 -64 1
590 63 1
591 -64 1
592 -64 1
593 -64 1
594 63 1
595 -64 1
596 -64 1
597 -64 1
598 63 1
599 63 1
600 63 1
601 -64 1
602 -64 1
603 -64 1
604 63 1
605 -64 1
606 -64 1
607 63 1
608 63 1
609 63 1
610 -64 1
611 -64 1
612 63 1
613 63 1
614 63 1
615 63 1
616 63 1
617 -64 1
618 -64 1
619 63 1
620 -64 1
621 -64 1
622 -64 1
623 -64 1
624 63 1
625 63 1
626 63 1
627 63 1
628 63 1
629 63 1
630 -64 1
631 63 1
632 -64 1
633 63 1
634 -64 1
635 63 1
636 63 1
637 -64 1
638 63 1
639 63 1
640 63 1
641 63 1
642 63 1
643 63 1
644 -64 1
645 63 1
646 -64 1
647 -64 1
648 -64 1
649 -64 1
650 63 1
651 -64 1
652 -64 1
653 63 1
654 -64 1
655 63 1
656 -64 1
657 -64 1
658 -64 1
659 -64 1
660 63 1
661 -64 1
662 63 1
663 63 1
664 63 1
665 -64 1
666 63 1
667 63 1
668 -64 1
669 -64 1
670 63 1
671 -64 1
672 -64 1
673 63 1
674 63 1
675 63 1
676 63 1
677 63 1
678 -64 1
679 -64 1
680 63 1
681 63 1
682 -64 1
683 -64 1
684 63 1
685 -64 1
686 -64 1
687 63 1
688 -64 1
689 63 1
690 -64 1
691 63 1
692 63 1
693 -64 1
694 -64 1
695 -64 1
696 63 1
697 63 1
698 63 1
699 -64 1
700 -64 1
701 -64 1
702 63 1
703 63 1
704 63 1
705 -64 1
706 -64 1
707 63 1
708 63 1
709 -64 1
710 63 1
711 63 1
712 63 1
713 -64 1
714 63 1
715 -64 1
716 63 1
717 63 1
718 63 1
719 -64 1
720 63 1
721 63 1
722 63 1
723 -64 1
724 -64 1
725 63 1
726 63 1
727 -64 1
728 -64 1
729 -64 1
730 63 1
731 -64 1
732 63 1
733 63 1
734 63 1
735 63 1
736 63 1
737 -64 1
738 -64 1
739 63 1
740 -64 1
741 -64 1
742 63 1
743 63 1
744 63 1
745 63 1
746 -64 1
747 63 1
748 63 1
749 -64 1
750 63 1
751 -64 1
752 63 1
753 -64 1
754 -64 1
755 -64 1
756 63 1
757 63 1
758 63 1
759 -64 1
760 63 1
761 63 1
762 -64 1
763 -64 1
764 63 1
765 -64 1
766 63 1
767 63 1
768 63 1
769 -64 1
770 -64 1
771 -64 1
772 -64 1
773 -64 1
774 63 1
775 63 1
776 -64 1
777 -64 1
778 63 1
779 -64 1
780 63 1
781 63 1
782 63 1
783 63 1
784 63 1
785 -64 1
786 -64 1
787 63 1
788 63 1
789 -64 1
790 63 1
791 63 1
792 -64 1
793 -64 1
794 63 1
795 -64 1
796 -64 1
797 -64 1
798 63 1
799 63 1
800 -64 1
801 -64 1
802 63 1
803 63 1
804 -64 1
805 -64 1
806 -64 1
807 63 1
808 63 1
809 -64 1
810 -64 1
811 -64 1
812 -64 1
813 -64 1
814 63 1
815 63 1
816 63 1
817 63 1
818 -64 1
819 63 1
820 -64 1
821 -64 1
822 63 1
823 63 1
824 63 1
825 -64 1
826 63 1
827 -64 1
828 63 1
829 -64 1
830 63 1
831 -64 1
832 63 1
833 63 1
834 -64 1
835 63 1
836 63 1
837 63 1
838 -64 1
839 63 1
840 63 1
841 63 1
842 63 1
843 63 1
844 -64 1
845 63 1
846 -64 1
847 -64 1
848 -64 1
849 63 1
850 -64 1
851 63 1
852 63 1
853 63 1
854 -64 1
855 -64 1
856 63 1
857 63 1
858 -64 1
859 63 1
860 63 1
861 63 1
862 -64 1
863 -64 1
864 -64 1
865 63 1
866 -64 1
867 -64 1
868 -64 1
869 -64 1
870 63 1
871 63 1
872 -64 1
873 -64 1
874 63 1
875 -64 1
876 63 1
877 63 1
878 63 1
879 63 1
880 -64 1
881 63 1
882 63 1
883 -64 1
884 63 1
885 -64 1
886 -64 1
887 63 1
888 63 1
889 -64 1
890 -64 1
891 63 1
892 -64 1
893 63 1
894 63 1
895 63 1
896 -64 1
897 63 1
898 -64 1
899 -64 1
900 -64 1
901 -64 1
902 63 1
903 -64 1
904 -64 1
905 63 1
906 63 1
907 63 1
908 -64 1
909 -64 1
910 63 1
911 63 1
912 63 1
913 -64 1
914 -64 1
915 63 1
916 -64 1
917 -64 1
918 63 1
919 -64 1
920 -64 1
921 63 1
922 -64 1
923 -64 1
924 63 1
925 -64 1
926 63 1
927 -64 1
928 63 1
929 -64 1
930 63 1
931 -64 1
932 -64 1
933 63 1
934 -64 1
935 63 1
936 -64 1
937 63 1
938 -64 1
939 63 1
940 63 1
941 63 1
942 63 1
943 63 1
944 63 1
945 63 1
946 63 1
947 -64 1
948 63 1
949 63 1
950 -64 1
951 -64 1
952 -64 1
953 63 1
954 -64 1
955 63 1
956 63 1
957 -64 1
958 63 1
959 63 1
960 63 1
961 -64 1
962 63 1
963 -64 1
964 63 1
965 63 1
966 -64 1
967 -64 1
968 63 1
969 63 1
970 -64 1
971 -64 1
972 63 1
973 -64 1
974 63 1
975 63 1
976 63 1
977 63 1
978 -64 1
979 -64 1
980 -64 1
981 63 1
982 63 1
983 63 1
984 -64 1
985 63 1
986 -64 1
987 -64 1
988 63 1
989 -64 1
990 63 1
991 63 1
992 63 1
993 63 1
994 -64 1
995 63 1
996 -64 1
997 -64 1
998 63 1
999 63 1
1000 63 1
1001 -64 1
1002 -64 1
1003 -64 1
1004 -64 1
1005 -64 1
1006 63 1
1007 63 1
1008 -64 1
1009 -64 1
1010 63 1
1011 -64 1
1012 63 1
1013 -64 1
1014 -64 1
1015 63 1
1016 -64 1
1017 63 1
1018 63 1
1019 63 1
1020 -64 1
1021 -64 1
1022 63 1
1023 -64 1
1024 63 1
1025 63 1
1026 -64 1
1027 63 1
1028 63 1
1029 63 1
1030 -64 1
1031 63 1
1032 63 1
1033 -64 1
1034 -64 1
1035 -64 1
1036 63 1
1037 -64 1
1038 -64 1
1039 63 1
1040 63 1
1041 -64 1
1042 63 1
1043 -64 1
1044 -64 1
1045 63 1
1046 -64 1
1047 -64 1
1048 63 1
1049 -64 1
1050 63 1
1051 63 1
1052 -64 1
1053 -64 1
1054 -64 1
1055 63 1
1056 -64 1
1057 63 1
1058 63 1
1059 63 1
1060 63 1
1061 63 1
1062 63 1
1063 -64 1
1064 63 1
1065 63 1
1066 63 1
1067 -64 1
1068 -64 1
1069 63 1
1070 -64 1
1071 -64 1
1072 -64 1
1073 63 1
1074 63 1
1075 -64 1
1076 -64 1
1077 63 1
1078 -64 1
1079 63 1
1080 63 1
1081 63 1
1082 63 1
1083 63 1
1084 -64 1
1085 -64 1
1086 -64 1
1087 -64 1
1088 63 1
1089 -64 1
1090 -64 1
1091 -64 1
1092 63 1
1093 -64 1
1094 63 1
1095 -64 1
1096 -64 1
1097 63 1
1098 -64 1
1099 63 1
1100 -64 1
1101 63 1
1102 -64 1
1103 -64 1
1104 63 1
1105 -64 1
1106 -64 1
1107 63 1
1108 -64 1
1109 -64 1
1110 -64 1
1111 -64 1
1112 63 1
1113 63 1
1114 -64 1
1115 63 1
1116 63 1
1117 63 1
1118 -64 1
1119 63 1
1120 -64 1
1121 -64 1
1122 -64 1
1123 -64 1
1124 -64 1
1125 -64 1
1126 -64 1
1127 -64 1
1128 -64 1
1129 -64 1
1130 -64 1
1131 -64 1
1132 63 1
1133 63 1
1134 -64 1
1135 -64 1
1136 63 1
1137 63 1
1138 -64 1
1139 -64 1
1140 63 1
1141 63 1
1142 63 1
1143 63 1
1144 -64 1
1145 63 1
1146 63 1
1147 63 1
1148 -64 1
1149 63 1
1150 -64 1
1151 -64 1
1152 63 1
1153 -64 1
1154 -64 1
1155 63 1
1156 -64 1
1157 -64 1
1158 -64 1
1159 63 1
1160 63 1
1161 -64 1
1162 63 1
1163 -64 1
1164 63 1
1165 -64 1
1166 63 1
1167 63 1
1168 63 1
1169 63 1
1170 63 1
1171 63 1
1172 -64 1
1173 -64 1
1174 63 1
1175 -64 1
1176 63 1
1177 -64 1
1178 -64 1
1179 -64 1
1180 63 1
1181 -64 1
1182 -64 1
1183 63 1
1184 -64 1
1185 63 1
1186 63 1
1187 63 1
1188 -64 1
1189 -64 1
1190 63 1
1191 -64 1
1192 -64 1
1193 63 1
1194 -64 1
1195 -64 1
1196 63 1
1197 63 1
1198 -64 1
1199 -64 1
1200 63 1
1201 -64 1
1202 -64 1
1203 -64 1
1204 -64 1
1205 63 1
1206 -64 1
1207 63 1
1208 -64 1
1209 -64 1
1210 63 1
1211 -64 1
1212 63 1
1213 -64 1
1214 63 1
1215 63 1
1216 -64 1
1217 63 1
1218 -64 1
1219 -64 1
1220 -64 1
1221 63 1
1222 63 1
1223 -64 1
1224 63 1
1225 63 1
1226 -64 1
1227 63 1
1228 63 1
1229 63 1
1230 -64 1
1231 -64 1
1232 63 1
1233 -64 1
1234 -64 1
1235 63 1
1236 -64 1
1237 -64 1
1238 -64 1
1239 -64 1
1240 63 1
1241 -64 1
1242 63 1
1243 63 1
1244 -64 1
1245 63 1
1246 -64 1
1247 -64 1
1248 -64 1
1249 63 1
1250 -64 1
1251 63 1
1252 63 1
1253 -64 1
1254 63 1
1255 63 1
1256 63 1
1257 63 1
1258 63 1
1259 63 1
1260 63 1
1261 -64 1
1262 63 1
1263 -64 1
1264 63 1
1265 63 1
1266 63 1
1267 -64 1
1268 63 1
1269 63 1
1270 63 1
1271 -64 1
1272 -64 1
1273 63 1
1274 -64 1
1275 63 1
1276 63 1
1277 63 1
1278 -64 1
1279 63 1
1280 63 1
1281 63 1
1282 63 1
1283 63 1
1284 -64 1
1285 63 1
1286 -64 1
1287 -64 1
1288 -64 1
1289 63 1
1290 -64 1
1291 -64 1
1292 -64 1
1293 -64 1
1294 63 1
1295 -64 1
1296 63 1
1297 -64 1
1298 63 1
1299 63 1
1300 -64 1
1301 63 1
1302 -64 1
1303 63 1
1304 63 1
1305 -64 1
1306 -64 1
1307 -64 1
1308 63 1
1309 63 1
1310 -64 1
1311 63 1
1312 -64 1
1313 63 1
1314 63 1
1315 63 1
1316 63 1
1317 -64 1
1318 -64 1
1319 63 1
1320 63 1
1321 -64 1
1322 -64 1
1323 63 1
1324 63 1
1325 -64 1
1326 63 1
1327 63 1
1328 63 1
1329 -64 1
1330 -64 1
1331 -64 1
1332 63 1
1333 63 1
1334 63 1
1335 -64 1
1336 -64 1
1337 63 1
1338 -64 1
1339 -64 1
1340 -64 1
1341 63 1
1342 63 1
1343 63 1
1344 -64 1
1345 63 1
1346 63 1
1347 63 1
1348 63 1
1349 -64 1
1350 -64 1
1351 -64 1
1352 -64 1
1353 63 1
1354 -64 1
1355 63 1
1356 -64 1
1357 -64 1
1358 -64 1
1359 -64 1
1360 -64 1
1361 63 1
1362 63 1
1363 63 1
1364 -64 1
1365 -64 1
1366 -64 1
1367 -64 1
1368 -64 1
1369 -64 1
1370 63 1
1371 63 1
1372 63 1
1373 63 1
1374 63 1
1375 63 1
1376 -64 1
1377 63 1
1378 -64 1
1379 63 1
1380 63 1
1381 -64 1
1382 63 1
1383 -64 1
1384 -64 1
1385 63 1
1386 -64 1
1387 63 1
1388 -64 1
1389 -64 1
1390 -64 1
1391 -64 1
1392 -64 1
1393 63 1
1394 -64 1
1395 -64 1
1396 63 1
1397 -64 1
1398 -64 1
1399 -64 1
1400 63 1
1401 63 1
1402 -64 1
1403 63 1
1404 -64 1
1405 63 1
1406 63 1
1407 -64 1
1408 -64 1
1409 -64 1
1410 63 1
1411 63 1
1412 -64 1
1413 -64 1
1414 -64 1
1415 63 1
1416 -64 1
1417 -64 1
1418 63 1
1419 -64 1
1420 -64 1
1421 63 1
1422 63 1
1423 63 1
1424 -64 1
1425 63 1
1426 -64 1
1427 -64 1
1428 -64 1
1429 63 1
1430 63 1
1431 -64 1
1432 63 1
1433 -64 1
1434 63 1
1435 63 1
1436 63 1
1437 -64 1
1438 -64 1
1439 -64 1
1440 63 1
1441 -64 1
1442 63 1
1443 63 1
1444 -64 1
1445 63 1
1446 -64 1
1447 63 1
1448 63 1
1449 63 1
1450 -64 1
1451 63 1
1452 63 1
1453 -64 1
1454 63 1
1455 -64 1
1456 63 1
1457 -64 1
1458 -64 1
1459 63 1
1460 -64 1
1461 -64 1
1462 -64 1
1463 -64 1
1464 63 1
1465 -64 1
1466 -64 1
1467 63 1
1468 -64 1
1469 -64 1
1470 -64 1
1471 63 1
1472 63 1
1473 -64 1
1474 -64 1
1475 -64 1
1476 63 1
1477 63 1
1478 -64 1
1479 63 1
1480 -64 1
1481 63 1
1482 -64 1
1483 63 1
1484 63 1
1485 63 1
1486 -64 1
1487 -64 1
1488 63 1
1489 63 1
1490 63 1
1491 63 1
1492 63 1
1493 -64 1
1494 -64 1
1495 63 1
1496 63 1
1497 -64 1
1498 -64 1
1499 63 1
1500 -64 1
1501 63 1
1502 -64 1
1503 -64 1
1504 -64 1
1505 63 1
1506 63 1
1507 63 1
1508 -64 1
1509 63 1
1510 -64 1
1511 63 1
1512 -64 1
1513 63 1
1514 -64 1
1515 63 1
1516 63 1
1517 -64 1
1518 -64 1
1519 -64 1
1520 63 1
1521 63 1
1522 -64 1
1523 63 1
1524 63 1
1525 -64 1
1526 63 1
1527 -64 1
1528 63 1
1529 63 1
1530 -64 1
1531 -64 1
1532 63 1
1533 63 1
1534 63 1
1535 63 1
1536 -64 1
1537 63 1
1538 63 1
1539 -64 1
1540 -64 1
1541 -64 1
1542 63 1
1543 -64 1
1544 63 1
1545 -64 1
1546 -64 1
1547 63 1
1548 -64 1
1549 63 1
1550 63 1
1551 63 1
1552 -64 1
1553 63 1
1554 -64 1
1555 63 1
1556 -64 1
1557 -64 1
1558 -64 1
1559 -64 1
1560 -64 1
1561 -64 1
1562 63 1
1563 63 1
1564 -64 1
1565 -64 1
1566 63 1
1567 63 1
1568 -64 1
1569 63 1
1570 -64 1
1571 -64 1
1572 63 1
1573 -64 1
1574 63 1
1575 63 1
1576 63 1
1577 -64 1
1578 -64 1
1579 -64 1
1580 63 1
1581 63 1
1582 -64 1
1583 63 1
1584 -64 1
1585 -64 1
1586 -64 1
1587 63 1
1588 -64 1
1589 63 1
1590 -64 1
1591 63 1
1592 63 1
1593 63 1
1594 -64 1
1595 -64 1
1596 63 1
1597 -64 1
1598 63 1
1599 -64 1
1600 -64 1
1601 -64 1
1602 63 1
1603 63 1
1604 -64 1
1605 -64 1
1606 -64 1
1607 63 1
1608 -64 1
1609 63 1
1610 63 1
1611 -64 1
1612 63 1
1613 -64 1
1614 -64 1
1615 -64 1
1616 -64 1
1617 63 1
1618 63 1
1619 63 1
1620 63 1
1621 -64 1
1622 63 1
1623 63 1
1624 -64 1
1625 63 1
1626 -64 1
1627 63 1
1628 -64 1
1629 63 1
1630 -64 1
1631 63 1
1632 63 1
1633 -64 1
1634 63 1
1635 -64 1
1636 63 1
1637 -64 1
1638 -64 1
1639 -64 1
1640 63 1
1641 -64 1
1642 63 1
1643 -64 1
1644 -64 1
1645 63 1
1646 -64 1
1647 -64 1
1648 63 1
1649 -64 1
1650 -64 1
1651 -64 1
1652 -64 1
1653 63 1
1654 63 1
1655 -64 1
1656 63 1
1657 -64 1
1658 -64 1
1659 63 1
1660 -64 1
1661 -64 1
1662 63 1
1663 63 1
1664 63 1
1665 -64 1
1666 -64 1
1667 -64 1
1668 63 1
1669 -64 1
1670 -64 1
1671 63 1
1672 -64 1
1673 63 1
1674 -64 1
1675 -64 1
1676 63 1
1677 -64 1
1678 -64 1
1679 -64 1
1680 63 1
1681 63 1
1682 63 1
1683 63 1
1684 63 1
1685 63 1
1686 -64 1
1687 -64 1
1688 63 1
1689 -64 1
1690 63 1
1691 -64 1
1692 -64 1
1693 63 1
1694 -64 1
1695 63 1
1696 -64 1
1697 63 1
1698 63 1
1699 -64 1
1700 -64 1
1701 -64 1
1702 63 1
1703 63 1
1704 63 1
1705 -64 1
1706 63 1
1707 63 1
1708 63 1
1709 63 1
1710 63 1
1711 63 1
1712 -64 1
1713 63 1
1714 63 1
1715 63 1
1716 63 1
1717 -64 1
1718 -64 1
1719 -64 1
1720 -64 1
1721 63 1
1722 -64 1
1723 -64 1
1724 -64 1
1725 -64 1
1726 63 1
1727 63 1
1728 63 1
1729 -64 1
1730 63 1
1731 63 1
1732 63 1
1733 63 1
1734 -64 1
1735 -64 1
1736 -64 1
1737 63 1
1738 63 1
1739 -64 1
1740 -64 1
1741 -64 1
1742 63 1
1743 63 1
1744 -64 1
1745 -64 1
1746 -64 1
1747 -64 1
1748 -64 1
1749 -64 1
1750 -64 1
1751 -64 1
1752 63 1
1753 -64 1
1754 -64 1
1755 63 1
1756 -64 1
1757 -64 1
1758 63 1
1759 63 1
1760 -64 1
1761 -64 1
1762 63 1
1763 63 1
1764 63 1
1765 -64 1
1766 -64 1
1767 -64 1
1768 -64 1
1769 -64 1
1770 -64 1
1771 63 1
1772 63 1
1773 -64 1
1774 63 1
1775 -64 1
1776 63 1
1777 -64 1
1778 63 1
1779 63 1
1780 63 1
1781 63 1
1782 63 1
1783 63 1
1784 63 1
1785 -64 1
1786 -64 1
1787 -64 1
1788 -64 1
1789 -64 1
1790 -64 1
1791 -64 1
1792 63 1
1793 -64 1
1794 -64 1
1795 63 1
1796 -64 1
1797 63 1
1798 63 1
1799 63 1
1800 63 1
1801 63 1
1802 63 1
1803 63 1
1804 -64 1
1805 63 1
1806 63 1
1807 -64 1
1808 -64 1
1809 63 1
1810 -64 1
1811 -64 1
1812 63 1
1813 -64 1
1814 -64 1
1815 63 1
1816 63 1
1817 63 1
1818 -64 1
1819 63 1
1820 63 1
1821 -64 1
1822 63 1
1823 -64 1
1824 63 1
1825 -64 1
1826 63 1
1827 63 1
1828 -64 1
1829 63 1
1830 63 1
1831 63 1
1832 -64 1
1833 63 1
1834 -64 1
1835 63 1
1836 -64 1
1837 -64 1
1838 -64 1
1839 63 1
1840 -64 1
1841 -64 1
1842 63 1
1843 -64 1
1844 -64 1
1845 -64 1
1846 63 1
1847 63 1
1848 63 1
1849 -64 1
1850 -64 1
1851 -64 1
1852 63 1
1853 -64 1
1854 63 1
1855 63 1
1856 63 1
1857 -64 1
1858 63 1
1859 63 1
1860 -64 1
1861 -64 1
1862 63 1
1863 -64 1
1864 -64 1
1865 -64 1
1866 63 1
1867 63 1
1868 -64 1
1869 63 1
1870 -64 1
1871 63 1
1872 63 1
1873 63 1
1874 -64 1
1875 -64 1
1876 63 1
1877 63 1
1878 -64 1
1879 63 1
1880 -64 1
1881 -64 1
1882 -64 1
1883 63 1
1884 63 1
1885 63 1
1886 -64 1
1887 -64 1
1888 63 1
1889 -64 1
1890 -64 1
1891 -64 1
1892 -64 1
1893 -64 1
1894 63 1
1895 -64 1
1896 63 1
1897 -64 1
1898 -64 1
1899 -64 1
1900 63 1
1901 -64 1
1902 63 1
1903 63 1
1904 -64 1
1905 -64 1
1906 -64 1
1907 63 1
1908 63 1
1909 63 1
1910 63 1
1911 63 1
1912 -64 1
1913 63 1
1914 -64 1
1915 -64 1
1916 63 1
1917 -64 1
1918 63 1
1919 -64 1
1920 -64 1
1921 -64 1
1922 -64 1
1923 63 1
1924 -64 1
1925 -64 1
1926 -64 1
1927 63 1
1928 -64 1
1929 -64 1
1930 63 1
1931 63 1
1932 63 1
1933 63 1
1934 63 1
1935 -64 1
1936 63 1
1937 -64 1
1938 -64 1
1939 63 1
1940 63 1
1941 63 1
1942 63 1
1943 -64 1
1944 63 1
1945 -64 1
1946 63 1
1947 63 1
1948 -64 1
1949 -64 1
1950 63 1
1951 -64 1
1952 -64 1
1953 -64 1
1954 -64 1
1955 63 1
1956 -64 1
1957 -64 1
1958 63 1
1959 -64 1
1960 63 1
1961 -64 1
1962 63 1
1963 -64 1
1964 63 1
1965 63 1
1966 63 1
1967 -64 1
1968 63 1
1969 -64 1
1970 63 1
1971 -64 1
1972 63 1
1973 -64 1
1974 -64 1
1975 -64 1
1976 63 1
1977 -64 1
1978 63 1
1979 63 1
1980 63 1
1981 63 1
1982 -64 1
1983 -64 1
1984 -64 1
1985 63 1
1986 -64 1
1987 63 1
1988 -64 1
1989 -64 1
1990 -64 1
1991 -64 1
1992 63 1
1993 63 1
1994 -64 1
1995 63 1
1996 63 1
1997 63 1
1998 -64 1
1999 63 1
2000 -64 1
2001 -64 1
2002 63 1
2003 63 1
2004 63 1
2005 63 1
2006 63 1
2007 63 1
2008 63 1
2009 -64 1
2010 -64 1
2011 63 1
2012 63 1
2013 -64 1
2014 63 1
2015 63 1
2016 -64 1
2017 63 1
2018 63 1
2019 -64 1
2020 63 1
2021 -64 1
2022 -64 1
2023 63 1
2024 63 1
2025 -64 1
2026 63 1
2027 63 1
2028 -64 1
2029 63 1
2030 -64 1
2031 -64 1
2032 63 1
2033 63 1
2034 -64 1
2035 63 1
2036 -64 1
2037 -64 1
2038 63 1
2039 63 1
2040 -64 1
2041 -64 1
2042 63 1
2043 63 1
2044 63 1
2045 63 1
2046 -64 1
2047 63 1
2048 -64 1
2049 63 1
2050 -64 1
2051 -64 1
2052 63 1
2053 63 1
2054 -64 1
2055 63 1
2056 -64 1
2057 -64 1
2058 -64 1
2059 -64 1
2060 63 1
2061 63 1
2062 63 1
2063 63 1
2064 -64 1
2065 63 1
2066 -64 1
2067 63 1
2068 -64 1
2069 63 1
2070 63 1
2071 -64 1
2072 -64 1
2073 -64 1
2074 63 1
2075 63 1
2076 63 1
2077 -64 1
2078 63 1
2079 -64 1
2080 -64 1
2081 -64 1
2082 63 1
2083 63 1
2084 63 1
2085 -64 1
2086 63 1
2087 -64 1
2088 -64 1
2089 63 1
2090 -64 1
2091 63 1
2092 -64 1
2093 -64 1
2094 63 1
2095 63 1
2096 63 1
2097 -64 1
2098 -64 1
2099 63 1
2100 63 1
2101 63 1
2102 63 1
2103 -64 1
2104 -64 1
2105 63 1
2106 -64 1
2107 63 1
2108 -64 1
2109 -64 1
2110 63 1
2111 -64 1
2112 63 1
2113 63 1
2114 -64 1
2115 -64 1
2116 -64 1
2117 -64 1
2118 63 1
2119 -64 1
2120 -64 1
2121 63 1
2122 -64 1
2123 -64 1
2124 63 1
2125 -64 1
2126 -64 1
2127 -64 1
2128 -64 1
2129 63 1
2130 63 1
2131 63 1
2132 63 1
2133 -64 1
2134 63 1
2135 63 1
2136 -64 1
2137 -64 1
2138 -64 1
2139 -64 1
2140 -64 1
2141 -64 1
2142 63 1
2143 -64 1
2144 63 1
2145 -64 1
2146 -64 1
2147 -64 1
2148 -64 1
2149 63 1
2150 -64 1
2151 -64 1
2152 -64 1
2153 63 1
2154 -64 1
2155 63 1
2156 63 1
2157 -64 1
2158 63 1
2159 63 1
2160 -64 1
2161 -64 1
2162 63 1
2163 63 1
2164 63 1
2165 -64 1
2166 63 1
2167 63 1
2168 -64 1
2169 63 1
2170 -64 1
2171 -64 1
2172 63 1
2173 63 1
2174 -64 1
2175 -64 1
2176 -64 1
2177 -64 1
2178 -64 1
2179 63 1
2180 63 1
2181 63 1
2182 63 1
2183 63 1
2184 -64 1
2185 -64 1
2186 -64 1
2187 -64 1
2188 63 1
2189 -64 1
2190 -64 1
2191 63 1
2192 -64 1
2193 -64 1
2194 -64 1
2195 -64 1
2196 63 1
2197 -64 1
2198 -64 1
2199 -64 1
2200 63 1
2201 63 1
2202 -64 1
2203 -64 1
2204 63 1
2205 -64 1
2206 63 1
2207 -64 1
2208 -64 1
2209 -64 1
2210 63 1
2211 63 1
2212 63 1
2213 -64 1
2214 63 1
2215 63 1
2216 -64 1
2217 -64 1
2218 63 1
2219 63 1
2220 -64 1
2221 -64 1
2222 63 1
2223 63 1
2224 -64 1
2225 -64 1
2226 -64 1
2227 63 1
2228 -64 1
2229 63 1
2230 -64 1
2231 -64 1
2232 -64 1
2233 -64 1
2234 63 1
2235 63 1
2236 63 1
2237 63 1
2238 -64 1
2239 63 1
2240 63 1
2241 63 1
2242 -64 1
2243 -64 1
2244 -64 1
2245 63 1
2246 63 1
2247 63 1
2248 -64 1
2249 -64 1
2250 -64 1
2251 -64 1
2252 63 1
2253 63 1
2254 63 1
2255 -64 1
2256 -64 1
2257 -64 1
2258 63 1
2259 -64 1
2260 63 1
2261 -64 1
2262 63 1
2263 63 1
2264 63 1
2265 -64 1
2266 63 1
2267 -64 1
2268 -64 1
2269 -64 1
2270 63 1
2271 -64 1
2272 63 1
2273 63 1
2274 63 1
2275 63 1
2276 63 1
2277 63 1
2278 -64 1
2279 63 1
2280 -64 1
2281 -64 1
2282 63 1
2283 63 1
2284 63 1
2285 63 1
2286 63 1
2287 63 1
2288 -64 1
2289 -64 1
2290 -64 1
2291 63 1
2292 -64 1
2293 63 1
2294 -64 1
2295 -64 1
2296 63 1
2297 -64 1
2298 63 1
2299 63 1
2300 63 1
2301 -64 1
2302 63 1
2303 -64 1
2304 -64 1
2305 63 1
2306 -64 1
2307 -64 1
2308 63 1
2309 -64 1
2310 -64 1
2311 63 1
2312 63 1
2313 -64 1
2314 -64 1
2315 63 1
2316 63 1
2317 63 1
2318 63 1
2319 63 1
2320 -64 1
2321 63 1
2322 63 1
2323 -64 1
2324 -64 1
2325 63 1
2326 -64 1
2327 -64 1
2328 -64 1
2329 63 1
2330 63 1
2331 63 1
2332 -64 1
2333 -64 1
2334 -64 1
2335 63 1
2336 -64 1
2337 -64 1
2338 63 1
2339 63 1
2340 -64 1
2341 63 1
2342 -64 1
2343 63 1
2344 -64 1
2345 63 1
2346 63 1
2347 63 1
2348 -64 1
2349 63 1
2350 63 1
2351 63 1
2352 63 1
2353 -64 1
2354 63 1
2355 -64 1
2356 63 1
2357 -64 1
2358 -64 1
2359 -64 1
2360 -64 1
2361 -64 1
2362 63 1
2363 63 1
2364 -64 1
2365 63 1
2366 63 1
2367 -64 1
2368 -64 1
2369 -64 1
2370 63 1
2371 -64 1
2372 -64 1
2373 -64 1
2374 63 1
2375 -64 1
2376 -64 1
2377 -64 1
2378 -64 1
2379 -64 1
2380 63 1
2381 63 1
2382 -64 1
2383 63 1
2384 -64 1
2385 63 1
2386 -64 1
2387 -64 1
2388 63 1
2389 -64 1
2390 -64 1
2391 -64 1
2392 63 1
2393 63 1
2394 -64 1
2395 -64 1
2396 -64 1
2397 -64 1
2398 63 1
2399 63 1
2400 -64 1
2401 63 1
2402 63 1
2403 63 1
2404 -64 1
2405 -64 1
2406 -64 1
2407 -64 1
2408 63 1
2409 63 1
2410 63 1
2411 63 1
2412 -64 1
2413 63 1
2414 63 1
2415 63 1
2416 -64 1
2417 -64 1
2418 -64 1
2419 -64 1
2420 -64 1
2421 63 1
2422 -64 1
2423 63 1
2424 63 1
2425 -64 1
2426 -64 1
2427 63 1
2428 -64 1
2429 63 1
2430 63 1
2431 63 1
2432 -64 1
2433 63 1
2434 -64 1
2435 -64 1
2436 -64 1
2437 63 1
2438 -64 1
2439 63 1
2440 63 1
2441 -64 1
2442 63 1
2443 63 1
2444 63 1
2445 -64 1
2446 -64 1
2447 -64 1
2448 63 1
2449 -64 1
2450 -64 1
2451 63 1
2452 63 1
2453 -64 1
2454 63 1
2455 63 1
2456 63 1
2457 -64 1
2458 -64 1
2459 63 1
2460 63 1
2461 63 1
2462 63 1
2463 -64 1
2464 -64 1
2465 -64 1
2466 63 1
2467 -64 1
2468 63 1
2469 -64 1
2470 63 1
2471 -64 1
2472 -64 1
2473 -64 1
2474 63 1
2475 63 1
2476 63 1
2477 63 1
2478 -64 1
2479 63 1
2480 63 1
2481 63 1
2482 63 1
2483 63 1
2484 -64 1
2485 63 1
2486 63 1
2487 -64 1
2488 63 1
2489 -64 1
2490 -64 1
2491 63 1
2492 63 1
2493 -64 1
2494 63 1
2495 -64 1
2496 63 1
2497 -64 1
2498 63 1
2499 63 1
2500 63 1
2501 63 1
2502 -64 1
2503 -64 1
2504 -64 1
2505 -64 1
2506 -64 1
2507 63 1
2508 63 1
2509 -64 1
2510 -64 1
2511 63 1
2512 63 1
2513 -64 1
2514 -64 1
2515 -64 1
2516 -64 1
2517 63 1
2518 -64 1
2519 63 1
2520 -64 1
2521 63 1
2522 -64 1
2523 63 1
2524 -64 1
2525 -64 1
2526 63 1
2527 -64 1
2528 -64 1
2529 -64 1
2530 63 1
2531 63 1
2532 63 1
2533 63 1
2534 63 1
2535 63 1
2536 -64 1
2537 -64 1
2538 -64 1
2539 63 1
2540 63 1
2541 -64 1
2542 63 1
2543 63 1
2544 -64 1
2545 63 1
2546 -64 1
2547 -64 1
2548 63 1
2549 -64 1
2550 -64 1
2551 63 1
2552 -64 1
2553 -64 1
2554 -64 1
2555 63 1
2556 -64 1
2557 63 1
2558 63 1
2559 63 1
2560 63 1
2561 63 1
2562 63 1
2563 -64 1
2564 63 1
2565 63 1
2566 -64 1
2567 63 1
2568 63 1
2569 -64 1
2570 63 1
2571 -64 1
2572 63 1
2573 63 1
2574 63 1
2575 -64 1
2576 -64 1
2577 -64 1
2578 -64 1
2579 -64 1
2580 63 1
2581 -64 1
2582 -64 1
2583 63 1
2584 -64 1
2585 -64 1
2586 -64 1
2587 -64 1
2588 63 1
2589 63 1
2590 -64 1
2591 63 1
2592 63 1
2593 -64 1
2594 63 1
2595 -64 1
2596 -64 1
2597 63 1
2598 63 1
2599 63 1
2600 63 1
2601 63 1
2602 63 1
2603 63 1
2604 63 1
2605 63 1
2606 63 1
2607 -64 1
2608 63 1
2609 -64 1
2610 -64 1
2611 -64 1
2612 63 1
2613 63 1
2614 63 1
2615 -64 1
2616 63 1
2617 -64 1
2618 63 1
2619 63 1
2620 -64 1
2621 -64 1
2622 63 1
2623 -64 1
2624 -64 1
2625 63 1
2626 -64 1
2627 -64 1
2628 63 1
2629 -64 1
2630 63 1
2631 63 1
2632 63 1
2633 -64 1
2634 -64 1
2635 -64 1
2636 -64 1
2637 -64 1
2638 63 1
2639 -64 1
2640 63 1
2641 63 1
2642 63 1
2643 63 1
2644 63 1
2645 -64 1
2646 63 1
2647 63 1
2648 63 1
2649 -64 1
2650 -64 1
2651 63 1
2652 -64 1
2653 -64 1
2654 63 1
2655 -64 1
2656 63 1
2657 -64 1
2658 63 1
2659 63 1
2660 63 1
2661 -64 1
2662 63 1
2663 -64 1
2664 -64 1
2665 -64 1
2666 -64 1
2667 63 1
2668 -64 1
2669 63 1
2670 63 1
2671 -64 1
2672 63 1
2673 -64 1
2674 63 1
2675 63 1
2676 63 1
2677 63 1
2678 63 1
2679 -64 1
2680 -64 1
2681 -64 1
2682 -64 1
2683 63 1
2684 63 1
2685 -64 1
2686 -64 1
2687 -64 1
2688 -64 1
2689 -64 1
2690 63 1
2691 -64 1
2692 -64 1
2693 -64 1
2694 63 1
2695 -64 1
2696 -64 1
2697 -64 1
2698 -64 1
2699 63 1
2700 63 1
2701 63 1
2702 63 1
2703 63 1
2704 -64 1
2705 -64 1
2706 -64 1
2707 -64 1
2708 -64 1
2709 63 1
2710 63 1
2711 -64 1
2712 63 1
2713 -64 1
2714 -64 1
2715 -64 1
2716 -64 1
2717 -64 1
2718 -64 1
2719 63 1
2720 -64 1
2721 63 1
2722 63 1
2723 63 1
2724 63 1
2725 63 1
2726 63 1
2727 63 1
2728 63 1
2729 63 1
2730 63 1
2731 63 1
2732 -64 1
2733 -64 1
2734 63 1
2735 63 1
2736 -64 1
2737 63 1
2738 63 1
2739 63 1
2740 -64 1
2741 -64 1
2742 -64 1
2743 63 1
2744 -64 1
2745 63 1
2746 -64 1
2747 -64 1
2748 -64 1
2749 -64 1
2750 63 1
2751 63 1
2752 -64 1
2753 -64 1
2754 63 1
2755 63 1
2756 63 1
2757 -64 1
2758 -64 1
2759 63 1
2760 63 1
2761 -64 1
2762 63 1
2763 -64 1
2764 63 1
2765 -64 1
2766 -64 1
2767 63 1
2768 63 1
2769 63 1
2770 63 1
2771 63 1
2772 63 1
2773 -64 1
2774 -64 1
2775 -64 1
2776 -64 1
2777 63 1
2778 -64 1
2779 63 1
2780 -64 1
2781 63 1
2782 -64 1
2783 63 1
2784 -64 1
2785 63 1
2786 63 1
2787 63 1
2788 -64 1
2789 -64 1
2790 -64 1
2791 -64 1
2792 -64 1
2793 63 1
2794 63 1
2795 -64 1
2796 63 1
2797 63 1
2798 -64 1
2799 63 1
2800 63 1
2801 63 1
2802 -64 1
2803 -64 1
2804 -64 1
2805 63 1
2806 -64 1
2807 -64 1
2808 63 1
2809 -64 1
2810 -64 1
2811 -64 1
2812 -64 1
2813 63 1
2814 63 1
2815 -64 1
2816 63 1
2817 63 1
2818 -64 1
2819 63 1
2820 63 1
2821 63 1
2822 -64 1
2823 63 1
2824 -64 1
2825 63 1
2826 -64 1
2827 -64 1
2828 -64 1
2829 63 1
2830 -64 1
2831 -64 1
2832 -64 1
2833 63 1
2834 -64 1
2835 -64 1
2836 -64 1
2837 63 1
2838 -64 1
2839 63 1
2840 63 1
2841 -64 1
2842 63 1
2843 63 1
2844 -64 1
2845 -64 1
2846 -64 1
2847 63 1
2848 -64 1
2849 -64 1
2850 63 1
2851 -64 1
2852 63 1
2853 63 1
2854 63 1
2855 -64 1
2856 63 1
2857 63 1
2858 -64 1
2859 63 1
2860 63 1
2861 63 1
2862 63 1
2863 -64 1
2864 63 1
2865 63 1
2866 -64 1
2867 -64 1
2868 -64 1
2869 63 1
2870 -64 1
2871 -64 1
2872 63 1
2873 63 1
2874 63 1
2875 -64 1
2876 -64 1
2877 -64 1
2878 -64 1
2879 -64 1
2880 -64 1
2881 -64 1
2882 63 1
2883 63 1
2884 -64 1
2885 63 1
2886 -64 1
2887 63 1
2888 -64 1
2889 -64 1
2890 63 1
2891 -64 1
2892 -64 1
2893 -64 1
2894 63 1
2895 63 1
2896 63 1
2897 63 1
2898 -64 1
2899 63 1
2900 -64 1
2901 63 1
2902 63 1
2903 -64 1
2904 -64 1
2905 63 1
2906 63 1
2907 -64 1
2908 63 1
2909 63 1
2910 -64 1
2911 63 1
2912 63 1
2913 -64 1
2914 -64 1
2915 63 1
2916 63 1
2917 63 1
2918 63 1
2919 63 1
2920 63 1
2921 63 1
2922 -64 1
2923 -64 1
2924 -64 1
2925 63 1
2926 63 1
2927 -64 1
2928 -64 1
2929 63 1
2930 -64 1
2931 -64 1
2932 63 1
2933 -64 1
2934 63 1
2935 63 1
2936 63 1
2937 63 1
2938 63 1
2939 63 1
2940 63 1
2941 63 1
2942 -64 1
2943 -64 1
2944 -64 1
2945 -64 1
2946 -64 1
2947 -64 1
2948 63 1
2949 63 1
2950 63 1
2951 63 1
2952 63 1
2953 63 1
2954 63 1
2955 63 1
2956 -64 1
2957 -64 1
2958 -64 1
2959 63 1
2960 -64 1
2961 -64 1
2962 -64 1
2963 -64 1
2964 63 1
2965 63 1
2966 63 1
2967 -64 1
2968 63 1
2969 -64 1
2970 -64 1
2971 63 1
2972 -64 1
2973 -64 1
2974 63 1
2975 -64 1
2976 63 1
2977 63 1
2978 -64 1
2979 -64 1
2980 63 1
2981 -64 1
2982 63 1
2983 63 1
2984 -64 1
2985 63 1
2986 -64 1
2987 -64 1
2988 -64 1
2989 -64 1
2990 63 1
2991 63 1
2992 63 1
2993 63 1
2994 63 1
2995 -64 1
2996 63 1
2997 63 1
2998 63 1
2999 63 1
3000 63 1
3001 -64 1
3002 -64 1
3003 -64 1
3004 -64 1
3005 -64 1
3006 -64 1
3007 63 1
3008 -64 1
3009 -64 1
3010 -64 1
3011 -64 1
3012 -64 1
3013 63 1
3014 63 1
3015 -64 1
3016 -64 1
3017 -64 1
3018 63 1
3019 -64 1
3020 63 1
3021 -64 1
3022 63 1
3023 63 1
3024 -64 1
3025 -64 1
3026 -64 1
3027 63 1
3028 63 1
3029 -64 1
3030 -64 1
3031 -64 1
3032 63 1
3033 63 1
3034 63 1
3035 -64 1
3036 -64 1
3037 63 1
3038 -64 1
3039 63 1
3040 -64 1
3041 -64 1
3042 63 1
3043 -64 1
3044 63 1
3045 63 1
3046 63 1
3047 -64 1
3048 -64 1
3049 -64 1
3050 -64 1
3051 63 1
3052 63 1
3053 63 1
3054 -64 1
3055 63 1
3056 63 1
3057 63 1
3058 63 1
3059 -64 1
3060 -64 1
3061 63 1
3062 -64 1
3063 -64 1
3064 -64 1
3065 63 1
3066 63 1
3067 -64 1
3068 -64 1
3069 63 1
3070 -64 1
3071 63 1
3072 63 1
3073 63 1
3074 -64 1
3075 -64 1
3076 -64 1
3077 -64 1
3078 63 1
3079 63 1
3080 63 1
3081 63 1
3082 -64 1
3083 63 1
3084 -64 1
3085 -64 1
3086 -64 1
3087 -64 1
3088 -64 1
3089 -64 1
3090 -64 1
3091 -64 1
3092 63 1
3093 -64 1
3094 63 1
3095 -64 1
3096 63 1
3097 63 1
3098 63 1
3099 63 1
3100 -64 1
3101 63 1
3102 63 1
3103 -64 1
3104 63 1
3105 63 1
3106 63 1
3107 63 1
3108 -64 1
3109 -64 1
3110 -64 1
3111 -64 1
3112 63 1
3113 -64 1
3114 -64 1
3115 -64 1
3116 -64 1
3117 -64 1
3118 63 1
3119 63 1
3120 -64 1
3121 63 1
3122 63 1
3123 63 1
3124 63 1
3125 63 1
3126 -64 1
3127 63 1
3128 -64 1
3129 -64 1
3130 -64 1
3131 -64 1
3132 63 1
3133 63 1
3134 63 1
3135 -64 1
3136 63 1
3137 -64 1
3138 63 1
3139 63 1
3140 -64 1
3141 -64 1
3142 -64 1
3143 -64 1
3144 -64 1
3145 63 1
3146 -64 1
3147 63 1
3148 63 1
3149 -64 1
3150 63 1
3151 63 1
3152 63 1
3153 -64 1
3154 -64 1
3155 -64 1
3156 63 1
3157 63 1
3158 -64 1
3159 -64 1
3160 -64 1
3161 -64 1
3162 -64 1
3163 -64 1
3164 -64 1
3165 -64 1
3166 63 1
3167 63 1
3168 63 1
3169 -64 1
3170 63 1
3171 63 1
3172 63 1
3173 -64 1
3174 -64 1
3175 63 1
3176 63 1
3177 -64 1
3178 63 1
3179 -64 1
3180 63 1
3181 63 1
3182 63 1
3183 -64 1
3184 -64 1
3185 63 1
3186 -64 1
3187 -64 1
3188 -64 1
3189 63 1
3190 -64 1
3191 -64 1
3192 63 1
3193 -64 1
3194 -64 1
3195 63 1
3196 63 1
3197 -64 1
3198 -64 1
3199 63 1
