# idx_orig bit_orig post_llr hard
0 1 24023.81491891 1
1 1 31532.30175993 1
2 1 33321.10587300 1
3 1 35770.46287871 1
4 1 33802.54884851 1
5 1 30041.97838888 1
6 0 -28408.32575054 0
7 0 -28166.95127992 0
8 1 33570.44296239 1
9 0 -36496.27637455 0
10 1 34072.94222158 1
11 0 -36117.66519404 0
12 1 28624.72517956 1
13 0 -31802.00615251 0
14 0 -22288.13865221 0
15 0 -26507.90052673 0
16 0 -36049.27082261 0
17 1 35276.98927127 1
18 1 28646.60296084 1
19 1 30619.98575553 1
20 0 -24258.02696425 0
21 1 19095.60291149 1
22 0 -24445.89244809 0
23 0 -31091.96036760 0
24 1 35853.78599684 1
25 1 30463.76812396 1
26 1 29153.38845073 1
27 0 -27174.51393764 0
28 1 22349.32547692 1
29 0 -27783.71155715 0
30 0 -29111.42768733 0
31 1 41961.37248368 1
32 0 -37950.65471133 0
33 0 -34039.37415828 0
34 1 31918.81676220 1
35 1 28335.21301163 1
36 0 -31935.38020902 0
37 1 27905.11450646 1
38 0 -37370.57608876 0
39 0 -32673.71941203 0
40 1 29752.20652628 1
41 0 -32789.43037623 0
42 0 -23409.34021826 0
43 0 -28513.93447541 0
44 1 26423.66929505 1
45 1 36789.92170021 1
46 0 -31973.58525240 0
47 0 -31785.86978688 0
48 0 -24788.75290343 0
49 1 29843.62509341 1
50 1 28735.73674002 1
51 0 -35226.40023591 0
52 1 32169.84715197 1
53 0 -32547.93824086 0
54 1 26752.73736032 1
55 1 24177.08965544 1
56 0 -23216.36069065 0
57 1 28220.19901456 1
58 1 29792.37091493 1
59 1 28367.40539887 1
60 1 29118.12835097 1
61 0 -26691.98590903 0
62 1 25884.68756641 1
63 0 -21503.58209624 0
64 1 32636.27537616 1
65 0 -32057.13374862 0
66 1 31609.52652059 1
67 1 28558.65178156 1
68 1 34825.92306838 1
69 0 -30734.08274883 0
70 0 -32079.87392074 0
71 0 -35028.07319681 0
72 0 -26140.35048254 0
73 1 25591.08803310 1
74 0 -27213.43039323 0
75 1 30502.12156495 1
76 0 -32825.73738263 0
77 0 -23316.09491669 0
78 1 35344.65562852 1
79 1 25708.91350463 1
80 1 29571.69702415 1
81 0 -28235.25040821 0
82 1 28955.22036969 1
83 0 -32866.66734356 0
84 1 25023.32549435 1
85 0 -35902.94957598 0
86 1 34307.04412108 1
87 0 -33187.17400377 0
88 1 34037.41849363 1
89 1 32553.83971013 1
90 1 36040.52467327 1
91 0 -28368.56979948 0
92 0 -33144.37179158 0
93 1 36163.59686877 1
94 0 -40735.50129607 0
95 0 -40090.15986289 0
96 0 -31153.88928057 0
97 0 -28553.89071693 0
98 0 -20127.06259237 0
99 1 29820.79174953 1
100 1 32058.16681050 1
101 1 33197.64598959 1
102 1 29347.83873668 1
103 0 -28970.96795251 0
104 0 -32747.18899802 0
105 0 -21429.77937738 0
106 1 31584.43823902 1
107 0 -28468.78051501 0
108 1 33993.92992223 1
109 1 28999.83946658 1
110 1 30351.06659956 1
111 1 39277.88140461 1
112 1 27002.67844695 1
113 0 -37652.10385644 0
114 1 30579.96693844 1
115 0 -40590.95625966 0
116 1 33108.45868844 1
117 0 -41844.23022675 0
118 1 32301.83192051 1
119 1 23987.12501141 1
120 0 -28488.24702632 0
121 1 33656.70101845 1
122 1 34554.12710587 1
123 0 -27514.26748445 0
124 0 -39117.94354742 0
125 1 29373.29590551 1
126 1 22600.99199371 1
127 1 28318.17644074 1
128 1 33678.99668928 1
129 1 30881.74831137 1
130 0 -25864.79013473 0
131 1 33083.51859315 1
132 0 -28234.83725383 0
133 0 -25270.29083326 0
134 0 -36346.62593094 0
135 0 -40363.80530661 0
136 0 -32136.26471080 0
137 1 31390.34503256 1
138 0 -37987.19715256 0
139 0 -29662.85545705 0
140 1 26185.95312130 1
141 1 41138.34097153 1
142 0 -38856.25818074 0
143 0 -29727.23682744 0
144 0 -32150.43191956 0
145 1 37245.24268946 1
146 0 -34371.00119718 0
147 1 26061.64136097 1
148 1 25506.30195889 1
149 0 -32219.14991501 0
150 1 29478.90209360 1
151 0 -28483.70509869 0
152 1 32781.30684127 1
153 0 -33584.69149489 0
154 0 -20627.29318736 0
155 1 24945.77641377 1
156 1 29487.67157685 1
157 0 -31207.04683294 0
158 0 -35120.31033665 0
159 1 35662.74098434 1
160 1 27299.87796735 1
161 1 20821.33963829 1
162 0 -31798.90793554 0
163 1 33904.83817877 1
164 0 -35768.52598501 0
165 0 -35682.65195561 0
166 1 33082.06880071 1
167 1 30351.48163333 1
168 1 26508.90991944 1
169 1 34072.26545411 1
170 0 -30000.25785572 0
171 1 36213.55813540 1
172 1 35723.92945798 1
173 1 30038.18855862 1
174 1 31378.20467741 1
175 1 26414.29550736 1
176 0 -32028.15282582 0
177 1 35740.30406321 1
178 1 38452.07560522 1
179 1 27384.76575337 1
180 1 35411.83833915 1
181 1 26819.08473766 1
182 0 -23819.11672054 0
183 0 -29271.59354496 0
184 1 29962.61049381 1
185 1 29799.11685957 1
186 0 -29125.64424749 0
187 1 32093.11965583 1
188 0 -29511.87536891 0
189 1 19709.03162729 1
190 1 28798.82504964 1
191 1 22703.62858253 1
192 0 -29858.15609891 0
193 0 -27571.80699693 0
194 1 25635.08958837 1
195 1 20511.34106369 1
196 0 -9453.94806965 0
197 0 -22620.58055703 0
198 0 -21147.70465419 0
199 1 22502.88466601 1
200 1 29047.07405495 1
201 0 -22660.70899085 0
202 1 23348.11365663 1
203 1 11299.44326360 1
204 0 -27636.86610488 0
205 1 30572.77349322 1
206 1 26895.90838074 1
207 0 -29437.81653968 0
208 1 23592.99241581 1
209 0 -27332.90437550 0
210 1 14015.79042674 1
211 0 -25334.46248021 0
212 1 25078.44170550 1
213 0 -32293.75145558 0
214 0 -19856.40195870 0
215 1 19003.40194298 1
216 1 29679.46286197 1
217 0 -9937.48597730 0
218 0 -28701.99302878 0
219 1 21425.08872283 1
220 1 23123.79989225 1
221 0 -20165.43079851 0
222 1 23090.43282537 1
223 1 30614.47914408 1
224 0 -16940.79759132 0
225 1 27755.91015002 1
226 0 -18626.68612258 0
227 0 -24990.74278316 0
228 0 -28876.44219135 0
229 1 19545.23156455 1
230 0 -25807.65578502 0
231 0 -15335.23658624 0
232 0 -22303.42705350 0
233 1 18152.08989153 1
234 0 -24077.71793214 0
235 0 -20309.44616001 0
236 0 -25034.71471396 0
237 1 24044.94705136 1
238 0 -13062.83571512 0
239 0 -26648.97698500 0
240 1 17627.56463309 1
241 0 -21659.53237279 0
242 1 20817.47011528 1
243 0 -18510.57709903 0
244 0 -20899.10282777 0
245 0 -20601.14507468 0
246 1 27343.02762222 1
247 0 -19318.79258827 0
248 0 -20783.33957142 0
249 0 -22121.74959492 0
250 0 -22415.26987248 0
251 1 25828.01225550 1
252 1 24592.85573255 1
253 0 -30035.38099620 0
254 1 24987.34163978 1
255 1 28064.01232701 1
256 1 30950.32771196 1
257 0 -20097.10696159 0
258 1 31486.40645853 1
259 1 22849.71085858 1
260 1 36177.25118682 1
261 1 32078.32093686 1
262 0 -34197.76286259 0
263 1 28855.24646782 1
264 1 27301.76058839 1
265 1 35036.86103882 1
266 1 29139.76478436 1
267 1 34974.53801651 1
268 1 33838.94872345 1
269 1 33955.79479243 1
270 1 30265.64532226 1
271 1 34609.53719378 1
272 1 31678.35396556 1
273 0 -15758.04536379 0
274 1 32953.99576349 1
275 0 -28863.54015775 0
276 1 33720.39162272 1
277 0 -26859.73853917 0
278 0 -26673.07991080 0
279 0 -36820.77819121 0
280 0 -21785.21739783 0
281 0 -31100.93046712 0
282 0 -28117.43859325 0
283 0 -35735.67485034 0
284 1 29277.30388797 1
285 0 -34243.00641357 0
286 1 30338.79152524 1
287 0 -19939.35170906 0
288 0 -29617.34879561 0
289 1 24084.99327364 1
290 1 29425.92703831 1
291 1 34706.21025982 1
292 1 31851.34450934 1
293 0 -33666.41049380 0
294 1 19879.35123201 1
295 0 -31956.39429672 0
296 1 25252.81936026 1
297 0 -29972.55426402 0
298 0 -28946.48086660 0
299 1 32510.12244400 1
300 0 -31716.54695479 0
301 1 21806.48003983 1
302 0 -24435.52318458 0
303 0 -31842.69688954 0
304 0 -25465.98728575 0
305 0 -29494.19088890 0
306 1 27128.30263669 1
307 1 25030.70712131 1
308 1 15346.93188405 1
309 1 24876.00451158 1
310 0 -26642.60160821 0
311 0 -26026.55776533 0
312 1 25056.76891869 1
313 1 29274.63645961 1
314 0 -28367.16683488 0
315 1 15826.68850432 1
316 0 -28235.54325909 0
317 0 -26358.90566127 0
318 1 27187.57588920 1
319 0 -23185.17307340 0
320 1 26836.23745109 1
321 0 -23936.58787502 0
322 0 -25771.39788185 0
323 1 36074.21181266 1
324 0 -23364.47873914 0
325 0 -24728.25776244 0
326 0 -20180.53813243 0
327 0 -24526.57198371 0
328 0 -28607.03277384 0
329 0 -17911.84059681 0
330 1 25769.23992496 1
331 0 -22638.33579336 0
332 1 27511.76064348 1
333 0 -23301.00051121 0
334 0 -27237.10357333 0
335 0 -29430.68101565 0
336 1 24326.59277194 1
337 0 -26931.08689973 0
338 0 -26707.69659886 0
339 1 30056.32075821 1
340 0 -22868.80249418 0
341 0 -25920.59900764 0
342 0 -34840.86635736 0
343 0 -29886.56952022 0
344 1 31779.41316533 1
345 1 19299.33118666 1
346 1 22927.60673171 1
347 0 -30246.80795023 0
348 0 -26368.28665983 0
349 1 30844.88341419 1
350 1 25369.74858704 1
351 0 -27596.46218070 0
352 1 24314.12533232 1
353 1 20285.71689609 1
354 1 30505.95072723 1
355 0 -36960.45590324 0
356 1 29410.87883556 1
357 1 23650.15234494 1
358 1 29199.84008895 1
359 0 -23247.69094810 0
360 0 -20086.05821516 0
361 1 30559.17270781 1
362 0 -27653.89507025 0
363 1 34606.99181708 1
364 1 24511.32356205 1
365 0 -26861.57240732 0
366 1 19967.82221756 1
367 1 22080.95440834 1
368 1 24484.82870825 1
369 1 30377.88232788 1
370 0 -30509.93567100 0
371 0 -28331.69680626 0
372 0 -34763.43545388 0
373 0 -20547.19260632 0
374 1 28243.97964219 1
375 1 28986.05998247 1
376 1 35394.12568584 1
377 0 -37833.20564112 0
378 0 -29402.84396854 0
379 1 31935.08767898 1
380 0 -28854.58006339 0
381 0 -30785.30295846 0
382 0 -30570.78007029 0
383 1 40653.85038357 1
384 1 33124.20111909 1
385 1 31659.13451374 1
386 1 28416.16306518 1
387 1 26099.05210377 1
388 0 -33790.94170676 0
389 0 -28523.89905886 0
390 0 -34511.03718335 0
391 1 33143.46836385 1
392 1 29709.28433144 1
393 0 -26613.17330369 0
394 0 -20693.13590260 0
395 1 29801.66483635 1
396 0 -24022.19778470 0
397 0 -37110.08510388 0
398 0 -37410.50146710 0
399 1 30159.59460618 1
400 0 -20578.85916709 0
401 1 18464.71637041 1
402 0 -31257.38927582 0
403 1 23034.24583833 1
404 1 31805.38102343 1
405 0 -30004.66341991 0
406 0 -25463.58645533 0
407 1 24784.24941626 1
408 1 19777.72184103 1
409 0 -37092.57770475 0
410 1 35585.09534458 1
411 1 37284.75592720 1
412 0 -31889.52791713 0
413 1 27976.09252982 1
414 0 -28139.63479526 0
415 0 -23033.02003213 0
416 1 36513.85177819 1
417 0 -32436.87429513 0
418 0 -37477.34355630 0
419 0 -31597.54295113 0
420 0 -28104.22184980 0
421 0 -33697.63775906 0
422 1 27393.39390636 1
423 1 35423.12642633 1
424 0 -31435.50164801 0
425 1 35675.70324132 1
426 0 -35644.58496824 0
427 0 -28645.82108314 0
428 1 33433.32870441 1
429 1 20427.10187815 1
430 0 -35904.16132793 0
431 0 -26073.46555347 0
432 1 29842.57162065 1
433 1 24831.58023119 1
434 0 -27506.27167401 0
435 0 -27661.91169676 0
436 0 -19429.46287540 0
437 1 21539.53508590 1
438 1 20297.41021550 1
439 1 21465.80962063 1
440 1 27248.52962191 1
441 0 -25451.52154840 0
442 0 -26342.69923655 0
443 0 -11752.11160213 0
444 0 -26938.52432853 0
445 0 -21146.28520153 0
446 1 29964.67145386 1
447 0 -30361.00371934 0
448 1 33573.70824610 1
449 1 25224.34933965 1
450 0 -11867.68919317 0
451 1 27920.45364730 1
452 1 28252.10595852 1
453 1 28653.24665890 1
454 0 -27986.74784430 0
455 0 -31518.38406347 0
456 1 30619.75103172 1
457 0 -23669.77119860 0
458 1 30850.55849541 1
459 1 34818.96476378 1
460 1 34278.71205603 1
461 0 -31447.69495819 0
462 0 -29922.28577697 0
463 0 -29557.31209039 0
464 0 -19005.84301092 0
465 1 27926.58484065 1
466 1 34041.17416145 1
467 0 -31680.79926533 0
468 1 31678.13015862 1
469 1 32660.12668735 1
470 0 -33353.64248946 0
471 0 -24229.93607109 0
472 0 -33277.94057937 0
473 0 -35048.88976556 0
474 0 -33694.19301389 0
475 1 40927.17416578 1
476 0 -36499.32926201 0
477 0 -38484.63152487 0
478 1 34503.25130555 1
479 1 34525.63760998 1
480 1 31665.36844948 1
481 1 33806.69583849 1
482 0 -42356.03973216 0
483 0 -35695.21111240 0
484 0 -33124.88248808 0
485 0 -33668.43270321 0
486 0 -37129.04435503 0
487 0 -31901.24389807 0
488 0 -34934.29708598 0
489 1 35760.72938072 1
490 0 -24842.33778738 0
491 0 -38232.81112104 0
492 1 24956.86655284 1
493 0 -32939.45635393 0
494 0 -36950.77511946 0
495 1 37337.01633382 1
496 1 32738.54482466 1
497 0 -28293.80513925 0
498 1 34465.98676269 1
499 0 -31707.82829235 0
500 0 -34746.42865221 0
501 0 -38118.67649821 0
502 1 29714.20141627 1
503 1 28606.88335302 1
504 0 -27096.91162166 0
505 0 -30418.86767326 0
506 0 -26876.86090414 0
507 0 -32302.86559275 0
508 1 32907.16294688 1
509 0 -34301.20357873 0
510 0 -32496.47924132 0
511 0 -31568.99119880 0
512 1 34679.28574688 1
513 1 23886.09242520 1
514 0 -34716.50806989 0
515 1 28360.46600546 1
516 0 -25748.91059417 0
517 1 26619.28941866 1
518 1 25203.12403417 1
519 1 25601.12060955 1
520 1 15772.58305988 1
521 1 25240.74980988 1
522 1 25532.54259899 1
523 1 24514.01405841 1
524 0 -24293.82116895 0
525 1 26603.76617808 1
526 1 27794.59972513 1
527 1 26011.50686092 1
528 1 33914.27985342 1
529 0 -24531.83311882 0
530 0 -28478.90724057 0
531 1 28340.08442643 1
532 0 -27439.40546033 0
533 1 21077.73435931 1
534 1 26939.06672663 1
535 1 24866.42712463 1
536 1 24949.83504504 1
537 1 26667.89178154 1
538 1 23561.20927531 1
539 0 -33906.88109959 0
540 0 -25301.26069754 0
541 1 31041.84704000 1
542 0 -24797.09162993 0
543 0 -25594.55117577 0
544 0 -28243.49023605 0
545 0 -30106.13748565 0
546 0 -33953.64291881 0
547 1 27804.06973198 1
548 0 -30803.95205312 0
549 1 27391.72451002 1
550 0 -24119.77776282 0
551 0 -34690.01823328 0
552 1 26268.65339086 1
553 0 -31329.22799589 0
554 1 34153.26558497 1
555 0 -31681.60199844 0
556 1 22323.38572228 1
557 1 21654.06467842 1
558 1 27857.42057978 1
559 0 -22309.86770556 0
560 1 28888.17328809 1
561 0 -31148.61762764 0
562 1 29923.70357673 1
563 0 -26077.32632283 0
564 1 28129.54064026 1
565 0 -30358.20437673 0
566 0 -27248.39138966 0
567 0 -26609.82208562 0
568 1 31895.99360350 1
569 1 27472.08698149 1
570 0 -27788.79219234 0
571 0 -26224.92280099 0
572 1 30022.98249053 1
573 0 -25344.24030043 0
574 1 26653.04710485 1
575 1 27762.86544154 1
576 0 -21472.90258673 0
577 0 -16630.87306607 0
578 1 22510.71473574 1
579 1 22085.90620612 1
580 1 20242.50039773 1
581 1 20894.82244480 1
582 0 -18745.39925657 0
583 0 -20119.94316791 0
584 1 14671.77030346 1
585 0 -17428.64685785 0
586 1 15000.39436813 1
587 0 -18119.76075345 0
588 0 -15441.63240300 0
589 1 13625.62455889 1
590 1 14546.70594544 1
591 1 20705.01962238 1
592 0 -18268.27724262 0
593 0 -22064.88250903 0
594 1 14096.45625887 1
595 0 -21325.39871626 0
596 1 12370.86314972 1
597 0 -15964.95971893 0
598 0 -18833.29287483 0
599 0 -16277.54587612 0
600 1 18247.49822599 1
601 0 -16464.29453320 0
602 0 -16171.22444726 0
603 1 15937.91273910 1
604 0 -18082.97352129 0
605 1 16788.10311511 1
606 0 -23769.58036750 0
607 0 -20021.74069718 0
608 0 -15475.23366601 0
609 1 16166.04991218 1
610 0 -19004.09833525 0
611 1 23221.48997078 1
612 0 -23487.24224559 0
613 1 20085.75732838 1
614 0 -21454.77169935 0
615 1 21725.99058070 1
616 0 -14681.10226260 0
617 1 19393.08453654 1
618 0 -23243.55368152 0
619 1 20368.04078545 1
620 1 12398.77671681 1
621 0 -18344.15711474 0
622 1 18560.01867704 1
623 1 19368.63558026 1
624 0 -23586.76918392 0
625 0 -24821.67960969 0
626 1 17095.51918643 1
627 0 -19114.56927370 0
628 0 -26972.49924077 0
629 0 -16851.44741922 0
630 0 -21203.77254808 0
631 0 -19919.98530567 0
632 0 -26223.81590019 0
633 0 -13921.67099572 0
634 0 -11529.50892514 0
635 0 -15477.37501299 0
636 0 -13664.55024640 0
637 0 -23079.96677992 0
638 0 -22421.94468458 0
639 1 26158.64496425 1
640 1 19532.97745306 1
641 1 14718.62502150 1
642 1 21103.38975193 1
643 1 26229.98426676 1
644 1 25648.91900568 1
645 1 22871.83317786 1
646 0 -26903.84458068 0
647 0 -22771.26484790 0
648 0 -20529.61012578 0
649 1 20528.19305377 1
650 0 -24011.97704511 0
651 1 25667.20914231 1
652 1 34964.06748168 1
653 0 -26524.57784718 0
654 0 -23902.71662488 0
655 0 -19943.38550422 0
656 1 34652.77216648 1
657 0 -32863.59826526 0
658 0 -39531.89451000 0
659 0 -32970.47174150 0
660 0 -27775.94589889 0
661 0 -32684.86442281 0
662 0 -21754.91762020 0
663 1 26680.70304524 1
664 1 31041.39580552 1
665 1 30106.59291008 1
666 1 28360.10540916 1
667 1 28316.09998201 1
668 0 -28136.78635062 0
669 1 25882.80913652 1
670 0 -30275.80556264 0
671 0 -35561.35349053 0
672 1 39312.63394838 1
673 0 -34424.89347384 0
674 0 -34868.16120820 0
675 1 28565.00192029 1
676 1 29653.81525273 1
677 0 -28531.16996656 0
678 1 39452.75051000 1
679 0 -27727.19594067 0
680 1 35176.07624406 1
681 1 32296.44378780 1
682 0 -31334.45140555 0
683 1 31434.41338484 1
684 0 -30144.89617381 0
685 0 -25870.72236924 0
686 1 28229.73224725 1
687 1 28260.91919097 1
688 0 -28553.38334986 0
689 1 28408.07348455 1
690 0 -23157.52369776 0
691 1 24427.28492539 1
692 1 26304.50984711 1
693 0 -24890.76462036 0
694 0 -32729.72993732 0
695 1 24880.82515185 1
696 1 31117.68498950 1
697 1 25287.45995304 1
698 0 -28772.16518751 0
699 0 -22240.09483543 0
700 1 26281.17402206 1
701 1 23755.04615332 1
702 0 -21304.58037527 0
703 0 -23616.61426006 0
704 0 -19689.01144439 0
705 1 23694.48120569 1
706 0 -17744.33806913 0
707 0 -24147.21294446 0
708 0 -29678.55644156 0
709 0 -25144.53539722 0
710 1 26047.23980538 1
711 0 -24564.80388475 0
712 1 33611.88495224 1
713 1 22296.71619744 1
714 0 -25517.77777031 0
715 1 31050.63793649 1
716 0 -19785.49343206 0
717 1 23920.08248961 1
718 0 -28042.92709268 0
719 1 27721.68791888 1
720 1 28664.46690487 1
721 0 -23575.20586336 0
722 0 -26144.92738591 0
723 1 18817.11489051 1
724 0 -26892.54860125 0
725 0 -25042.98944340 0
726 1 25761.78013757 1
727 0 -19388.14353685 0
728 1 17324.21366701 1
729 0 -27106.26161382 0
730 1 19024.37267132 1
731 0 -27940.49880144 0
732 0 -22674.88933479 0
733 1 32163.67880820 1
734 0 -23619.63247849 0
735 1 26448.39382878 1
736 0 -30958.03304085 0
737 1 27913.14929340 1
738 0 -20368.15436500 0
739 1 29903.42202282 1
740 1 38378.05871809 1
741 0 -26137.06445399 0
742 0 -24294.17305506 0
743 1 30462.41036419 1
744 0 -29114.89200831 0
745 0 -26307.90715081 0
746 1 25140.99587566 1
747 0 -26800.17036044 0
748 0 -25925.52206338 0
749 0 -19153.32393134 0
750 1 28069.83668151 1
751 0 -25022.67624587 0
752 0 -28026.14641188 0
753 1 26633.16390893 1
754 0 -25771.38747984 0
755 0 -26355.91498508 0
756 0 -23508.26411819 0
757 1 32788.30997176 1
758 0 -30759.27852928 0
759 0 -31377.06729752 0
760 1 30243.57493753 1
761 1 33412.39519503 1
762 0 -25471.91408194 0
763 0 -30293.11399592 0
764 1 27624.52136851 1
765 1 32448.25839358 1
766 1 27105.44442345 1
767 0 -30886.31189463 0
768 0 -24998.47375547 0
769 1 22339.24154610 1
770 0 -30443.28098189 0
771 0 -26970.73994500 0
772 0 -32425.07764918 0
773 1 34481.22975762 1
774 0 -33431.34003603 0
775 1 32568.93142680 1
776 1 25364.60912237 1
777 1 27191.35833825 1
778 1 25795.81130714 1
779 0 -27499.87367401 0
780 1 22021.71397092 1
781 1 31063.20012734 1
782 0 -30323.57742695 0
783 1 27329.06789435 1
784 0 -26302.19961082 0
785 0 -25267.55086149 0
786 1 32373.68476724 1
787 0 -27925.89625932 0
788 0 -32412.51521919 0
789 0 -30940.48304619 0
790 0 -30204.81068897 0
791 0 -27328.61125227 0
792 1 26916.27475207 1
793 1 23314.95582252 1
794 1 36234.03715359 1
795 0 -26831.87841717 0
796 1 29272.00567140 1
797 1 29615.02916929 1
798 1 26188.06059515 1
799 0 -28190.15908551 0
800 0 -24758.18910215 0
801 0 -27655.15966355 0
802 1 29445.18165567 1
803 1 26425.72167171 1
804 1 28693.60108826 1
805 0 -17245.25232634 0
806 0 -27775.49600383 0
807 0 -25422.68542371 0
808 0 -27629.23853891 0
809 0 -24724.09931217 0
810 1 30402.50954086 1
811 0 -26062.54358045 0
812 0 -24088.64207132 0
813 1 28722.65222397 1
814 0 -22068.60857955 0
815 1 23282.81218205 1
816 1 19276.92914351 1
817 1 23686.39984263 1
818 1 26731.38679181 1
819 0 -21030.09648684 0
820 0 -26506.81008821 0
821 0 -19979.34282827 0
822 0 -22367.77672307 0
823 0 -24207.54354647 0
824 1 28401.42552391 1
825 0 -30206.94307834 0
826 0 -27690.04892238 0
827 0 -30808.45066805 0
828 1 24253.94611407 1
829 0 -26858.08315645 0
830 1 29376.39705400 1
831 1 30839.61540046 1
832 1 33509.84704845 1
833 0 -25376.80334105 0
834 1 31803.86606885 1
835 1 19805.39227538 1
836 0 -25858.26918016 0
837 0 -20933.07380672 0
838 1 26274.82198471 1
839 0 -29053.18391553 0
840 1 24221.39621847 1
841 0 -32399.15425408 0
842 0 -19228.40138946 0
843 0 -24039.29667929 0
844 0 -21536.64065453 0
845 0 -23860.80805361 0
846 1 24554.13996872 1
847 0 -24866.95893151 0
848 0 -32464.48063103 0
849 0 -17931.08474228 0
850 0 -22888.51267426 0
851 0 -21659.58580329 0
852 1 23604.52409396 1
853 1 20182.15231885 1
854 0 -18895.35801371 0
855 0 -24084.41951591 0
856 0 -9013.35271058 0
857 0 -25115.09132168 0
858 1 18884.99061993 1
859 1 22442.11740627 1
860 0 -16510.58194034 0
861 1 17554.12847157 1
862 0 -30484.30917560 0
863 1 12819.52813853 1
864 1 14423.18498850 1
865 0 -20279.28620390 0
866 1 15878.59660338 1
867 0 -24755.67287941 0
868 0 -23004.91951557 0
869 0 -27162.79776643 0
870 0 -8993.94577536 0
871 1 12683.59216388 1
872 1 18765.17898657 1
873 0 -20201.79786064 0
874 0 -31867.03258997 0
875 1 28827.31521285 1
876 0 -25097.00573357 0
877 0 -12195.58693686 0
878 0 -25291.33905006 0
879 0 -25398.84740311 0
880 1 23006.78845553 1
881 1 29097.13653313 1
882 1 28039.38755155 1
883 0 -28755.13350468 0
884 1 13776.96975946 1
885 0 -23364.62974639 0
886 0 -27854.37123637 0
887 1 24607.72474245 1
888 1 26725.30080855 1
889 0 -28723.73831064 0
890 1 33890.88510566 1
891 1 15009.39270357 1
892 0 -31885.67112401 0
893 0 -20831.89997259 0
894 1 26448.59887316 1
895 0 -25337.23294193 0
896 0 -27658.32951741 0
897 0 -28346.09193411 0
898 1 10976.60324067 1
899 0 -20151.05141236 0
900 0 -24255.61829943 0
901 0 -21636.00984506 0
902 0 -27384.58063614 0
903 1 26254.80686919 1
904 1 29091.95172719 1
905 1 13334.30643468 1
906 1 20261.82088168 1
907 1 25981.86331833 1
908 1 29868.21743994 1
909 1 32553.75618780 1
910 1 27920.14479599 1
911 1 26688.40778737 1
912 0 -25310.81344434 0
913 0 -23796.26608102 0
914 1 24484.85603482 1
915 1 25240.37481501 1
916 1 30991.98419419 1
917 0 -32830.61062529 0
918 0 -27557.50367015 0
919 1 28263.84305367 1
920 1 28472.32270299 1
921 1 27334.00515464 1
922 0 -24074.29755633 0
923 0 -32799.19050121 0
924 1 32235.03759312 1
925 1 36802.78751855 1
926 0 -25116.29536621 0
927 1 29725.50550514 1
928 1 30984.17606527 1
929 0 -29446.94192336 0
930 1 30091.69512950 1
931 1 36391.31461828 1
932 0 -31651.48221546 0
933 1 27210.46960556 1
934 0 -30247.06296445 0
935 0 -31138.03343637 0
936 1 31476.27175621 1
937 1 26543.35952872 1
938 1 37274.42199312 1
939 0 -30223.78482346 0
940 1 17184.07475981 1
941 1 28036.57027490 1
942 1 28922.94724310 1
943 0 -26752.00460306 0
944 1 24033.04380232 1
945 1 31186.75927044 1
946 1 32635.98087908 1
947 1 19321.85115448 1
948 1 28569.56618869 1
949 1 29470.14973698 1
950 0 -31087.40267861 0
951 0 -33780.36842189 0
952 0 -25937.70866990 0
953 0 -36374.72750012 0
954 1 24535.38200258 1
955 1 36333.87793671 1
956 0 -33934.79924784 0
957 0 -35451.10630477 0
958 0 -35424.04610896 0
959 1 33758.65163674 1
960 0 -38172.03824110 0
961 0 -23857.21976866 0
962 1 31539.99043884 1
963 0 -31904.33952086 0
964 1 33617.51575369 1
965 0 -27343.34024019 0
966 0 -32585.82345918 0
967 0 -38779.09432302 0
968 1 28626.40824391 1
969 0 -38580.35208612 0
970 0 -30348.28602582 0
971 0 -40803.13427127 0
972 0 -44616.12656260 0
973 0 -38309.63006440 0
974 1 38434.10519312 1
975 1 36480.89158155 1
976 1 34869.55851192 1
977 0 -34874.86783137 0
978 0 -41744.51264243 0
979 1 37740.69708928 1
980 0 -36692.78696874 0
981 0 -39276.21868549 0
982 0 -36329.25151668 0
983 1 39531.54779783 1
984 0 -32030.64099789 0
985 1 39234.77068481 1
986 0 -33505.82261348 0
987 1 40816.45642480 1
988 1 36532.65316311 1
989 0 -32324.57473082 0
990 1 34225.51226753 1
991 1 24837.71592194 1
992 0 -31726.77330008 0
993 0 -31015.61274571 0
994 1 28541.64542891 1
995 0 -28680.08318614 0
996 1 20454.75854566 1
997 0 -36764.27201055 0
998 1 16028.82070870 1
999 1 32256.67286121 1
1000 1 25904.05409995 1
1001 1 30723.03848752 1
1002 1 25526.52341835 1
1003 1 19291.64284377 1
1004 0 -31385.36537674 0
1005 1 16686.88186520 1
1006 0 -29736.90134472 0
1007 1 24380.45321280 1
1008 0 -29112.64572886 0
1009 1 26921.36223804 1
1010 1 20436.37862860 1
1011 1 33501.69766207 1
1012 1 25187.55667514 1
1013 0 -27428.02718792 0
1014 1 28534.44399542 1
1015 0 -30644.20591027 0
1016 0 -28908.73873109 0
1017 0 -22981.57342603 0
1018 0 -26894.95379054 0
1019 0 -22044.15287718 0
1020 1 27354.70936469 1
1021 1 32128.86441338 1
1022 0 -28968.95231727 0
1023 0 -30977.79605836 0
1024 1 32342.04325159 1
1025 0 -30944.10424044 0
1026 1 20135.50566493 1
1027 1 33630.13925583 1
1028 1 32204.15644298 1
1029 0 -33836.84224773 0
1030 1 33978.13688411 1
1031 1 30663.35914360 1
1032 0 -35439.08459388 0
1033 1 26596.39477936 1
1034 0 -38120.83747907 0
1035 0 -33622.00657233 0
1036 1 33007.60189997 1
1037 1 39508.36067754 1
1038 0 -29058.11061268 0
1039 1 34183.24545572 1
1040 0 -21563.85119773 0
1041 1 41472.90931934 1
1042 1 29677.87692654 1
1043 1 26220.12792740 1
1044 0 -29344.40913640 0
1045 0 -26693.15738368 0
1046 0 -26521.51769990 0
1047 0 -23088.66691258 0
1048 0 -30546.80219164 0
1049 1 26759.16893668 1
1050 0 -16796.86670102 0
1051 1 31764.59661242 1
1052 0 -23236.03587300 0
1053 0 -19011.04688542 0
1054 0 -16983.87734199 0
1055 0 -28861.13482507 0
1056 1 22325.23236058 1
1057 1 16642.84699902 1
1058 0 -26107.16978999 0
1059 1 24189.01983830 1
1060 1 15804.31554168 1
1061 1 14262.10234165 1
1062 0 -25387.66483276 0
1063 1 17898.77317540 1
1064 0 -29718.77803257 0
1065 0 -22229.63532943 0
1066 0 -24875.00223116 0
1067 1 20541.46889888 1
1068 1 13793.03317650 1
1069 0 -28419.54007364 0
1070 0 -17701.81252235 0
1071 0 -20869.81306103 0
1072 1 25191.36270057 1
1073 0 -23333.66734512 0
1074 0 -15086.66123133 0
1075 1 9170.05239442 1
1076 0 -22914.39365100 0
1077 1 19272.31048393 1
1078 1 25425.15683534 1
1079 0 -22390.06644012 0
1080 1 23806.03621206 1
1081 0 -21639.04947722 0
1082 0 -15723.69919173 0
1083 0 -25648.49050662 0
1084 0 -30953.11717877 0
1085 0 -23315.96049817 0
1086 0 -22206.31791525 0
1087 1 29249.61351864 1
1088 1 23208.45116062 1
1089 0 -18986.34656389 0
1090 1 24305.11376319 1
1091 1 31679.19848936 1
1092 0 -23899.25073316 0
1093 0 -24209.07044524 0
1094 1 21327.63397898 1
1095 0 -23858.05762281 0
1096 1 15902.90906646 1
1097 1 23432.06454785 1
1098 1 17662.13148258 1
1099 0 -17335.97228569 0
1100 0 -21822.27529498 0
1101 1 19138.42940284 1
1102 1 12948.16614434 1
1103 0 6868.46904562 1
1104 0 -23090.76021208 0
1105 0 14289.55773097 1
1106 0 13685.96675561 1
1107 0 16030.82253292 1
1108 1 21999.84447433 1
1109 0 -13281.67344143 0
1110 1 7905.85240508 1
1111 1 16781.24884851 1
1112 0 -19763.50489128 0
1113 0 -16573.54989416 0
1114 1 15307.80691720 1
1115 1 22827.70847484 1
1116 0 -21782.63477637 0
1117 0 -17263.43543412 0
1118 0 -17558.03911097 0
1119 0 -18833.39399352 0
1120 0 -23522.69264034 0
1121 0 -21332.83830953 0
1122 1 26768.38899378 1
1123 1 19783.72857515 1
1124 0 -16838.28158881 0
1125 1 24215.27907443 1
1126 0 -23509.23084703 0
1127 1 25433.73486319 1
1128 0 -22046.23368678 0
1129 0 -25027.18579903 0
1130 1 25196.97519878 1
1131 1 25621.14555959 1
1132 1 30348.16264766 1
1133 1 32112.44892125 1
1134 0 -27221.95722571 0
1135 1 29723.53680800 1
1136 1 28459.07361522 1
1137 0 -24483.31904461 0
1138 1 23385.91277130 1
1139 1 27855.95957178 1
1140 1 25483.22648055 1
1141 0 -23868.64982048 0
1142 1 25072.41202700 1
1143 1 30701.85213853 1
1144 0 -21202.10531863 0
1145 1 19607.47291621 1
1146 0 -23908.06834065 0
1147 0 -26120.35703414 0
1148 1 23406.17143697 1
1149 1 20813.59621058 1
1150 1 26062.62446849 1
1151 0 -20492.14787321 0
1152 1 17944.84095888 1
1153 1 18992.19290864 1
1154 0 -23500.05851516 0
1155 1 22127.07018890 1
1156 0 -23558.87041931 0
1157 0 -19222.46435945 0
1158 1 18394.32089879 1
1159 1 15259.83723343 1
1160 1 16112.58741962 1
1161 0 -23928.96840472 0
1162 1 15303.28830072 1
1163 0 -17318.71190483 0
1164 1 15282.51020012 1
1165 1 15602.82224904 1
1166 0 -13774.09091334 0
1167 0 -14556.17943054 0
1168 1 19807.77133639 1
1169 1 14069.99882939 1
1170 0 -14187.54659724 0
1171 1 17150.24343551 1
1172 1 16172.37140840 1
1173 1 14764.04329358 1
1174 0 -24803.26707109 0
1175 1 20465.64276084 1
1176 0 -15079.56754432 0
1177 0 -19232.55048057 0
1178 0 -25531.11344174 0
1179 0 -28523.01602396 0
1180 1 24340.52509170 1
1181 1 22841.69552780 1
1182 0 -25903.56802358 0
1183 0 -22458.78763286 0
1184 1 24709.72016482 1
1185 1 28872.36473533 1
1186 0 -29739.81356176 0
1187 1 26620.70708618 1
1188 1 24331.20123442 1
1189 1 24150.31361762 1
1190 1 27564.64697272 1
1191 1 28438.65583643 1
1192 0 -24740.37615135 0
1193 0 -33590.52493235 0
1194 0 -19553.10934928 0
1195 0 -29859.80980021 0
1196 0 -29320.62868814 0
1197 0 -25768.46498451 0
1198 1 23190.47432279 1
1199 0 -23773.96280033 0
1200 0 -33692.67942149 0
1201 1 21196.62888188 1
1202 0 -25954.86247668 0
1203 1 31033.12492060 1
1204 0 -27935.34613356 0
1205 0 -23325.13599887 0
1206 1 19982.86699235 1
1207 0 -24056.15633963 0
1208 1 19658.12824008 1
1209 0 -25925.89939893 0
1210 1 29284.09348592 1
1211 0 -25277.67843955 0
1212 0 -20975.22020735 0
1213 1 22673.68800870 1
1214 0 -26512.67586533 0
1215 1 21732.90766800 1
1216 0 -26461.79703889 0
1217 0 -22421.71671071 0
1218 1 22399.20083820 1
1219 0 -18451.92635818 0
1220 0 -19692.74855809 0
1221 1 21623.33610552 1
1222 0 -13993.91723864 0
1223 0 -22468.76870149 0
1224 0 -19675.34628016 0
1225 0 -22193.92483102 0
1226 0 -13061.14616037 0
1227 0 -13712.27430674 0
1228 1 17041.51205966 1
1229 1 11499.27953463 1
1230 0 -19436.84807859 0
1231 0 -16974.97677149 0
1232 1 17834.19501905 1
1233 1 19344.60942480 1
1234 1 18970.07961049 1
1235 1 14449.67037993 1
1236 0 -12345.03411437 0
1237 1 12109.81729894 1
1238 0 -14845.20404435 0
1239 0 -13934.05190905 0
1240 1 13403.25124382 1
1241 0 -13679.32333932 0
1242 1 13846.00759644 1
1243 1 13003.92978788 1
1244 0 -15946.38349008 0
1245 0 -17721.56310542 0
1246 1 -11533.83323568 0
1247 1 12074.98173554 1
1248 0 12597.97069573 1
1249 0 10773.79352618 1
1250 0 9228.21819033 1
1251 1 16867.29379418 1
1252 0 -18034.64269626 0
1253 1 18360.49377192 1
1254 1 20953.61906584 1
1255 1 16723.19416590 1
1256 1 13328.89622071 1
1257 0 -13210.34118053 0
1258 0 -23078.71624411 0
1259 0 -21798.48327410 0
1260 1 31206.02938697 1
1261 0 -16093.99251788 0
1262 1 24267.19379975 1
1263 0 -16713.58639952 0
1264 1 20636.70748318 1
1265 1 16728.28754056 1
1266 1 25769.99806553 1
1267 0 -22931.41508981 0
1268 1 16660.46482231 1
1269 1 18037.99315052 1
1270 0 -14133.80263551 0
1271 1 22112.47698778 1
1272 1 23219.10489437 1
1273 1 28294.42557676 1
1274 1 12902.58302295 1
1275 0 -19058.07851309 0
1276 0 -17676.48765614 0
1277 1 12713.13461355 1
1278 0 -13136.58866834 0
1279 1 21653.09397316 1
1280 0 -23497.04388955 0
1281 1 10219.23291351 1
1282 0 -9831.58655442 0
1283 1 17053.97937992 1
1284 0 -11030.02628097 0
1285 1 20526.73465692 1
1286 1 22733.00454744 1
1287 0 -27948.82741040 0
1288 0 -18075.34768590 0
1289 1 14368.50813313 1
1290 1 23642.32079016 1
1291 0 -21564.56381103 0
1292 0 -20577.17220601 0
1293 1 32069.21961741 1
1294 1 26884.91936148 1
1295 0 -14528.10120561 0
1296 0 -19681.98636326 0
1297 0 -22949.16438120 0
1298 1 15321.27616460 1
1299 1 20516.85227565 1
1300 1 28216.86764004 1
1301 1 21525.26336092 1
1302 0 -14829.68209389 0
1303 1 27216.50264422 1
1304 0 -21334.82550128 0
1305 1 21634.45656171 1
1306 0 -16212.50128899 0
1307 0 -29611.05629818 0
1308 0 -27657.53322068 0
1309 0 -27069.66031999 0
1310 1 21713.66232443 1
1311 0 -19694.66458125 0
1312 0 -25928.35113711 0
1313 1 23424.21222115 1
1314 1 25491.20005728 1
1315 1 25146.79266192 1
1316 1 25957.27413213 1
1317 0 -26799.70491351 0
1318 1 30166.06804740 1
1319 1 28328.76394265 1
1320 0 -19433.14653613 0
1321 0 -29899.14015285 0
1322 0 -32298.71523499 0
1323 1 28426.67612454 1
1324 1 26571.57394837 1
1325 1 23682.19405043 1
1326 1 28633.19667453 1
1327 1 18600.03073508 1
1328 0 -28665.10223421 0
1329 0 -25471.09782320 0
1330 1 24782.06403962 1
1331 0 -19156.67715869 0
1332 0 -12299.57409553 0
1333 0 -21380.70158700 0
1334 1 20432.44591117 1
1335 0 -26954.04081319 0
1336 1 24780.36375456 1
1337 1 21114.85315263 1
1338 0 -25725.02935803 0
1339 0 -14945.03287502 0
1340 0 -24795.99934202 0
1341 0 -18880.22880405 0
1342 0 -25381.10147959 0
1343 0 -27502.29181298 0
1344 1 21332.12077935 1
1345 1 20503.38662874 1
1346 1 25143.50231724 1
1347 0 -27123.29097570 0
1348 1 20401.75896864 1
1349 0 -27146.21902289 0
1350 1 29409.96867198 1
1351 0 -25004.58668030 0
1352 1 26076.53592568 1
1353 1 19124.18594820 1
1354 0 -25080.70860057 0
1355 0 -19870.27866871 0
1356 0 -25099.31468606 0
1357 1 23709.70079244 1
1358 0 -27973.61320949 0
1359 0 -29624.68504889 0
1360 1 28620.49818569 1
1361 1 26833.35373073 1
1362 1 18610.06255823 1
1363 0 -28277.53839714 0
1364 0 -27631.48456180 0
1365 0 -24895.94904417 0
1366 0 -30579.36043858 0
1367 0 -26917.84284765 0
1368 0 -30382.79644255 0
1369 0 -20251.31065347 0
1370 1 27342.85244133 1
1371 1 25466.02557257 1
1372 0 -17681.10074721 0
1373 0 -25413.87433372 0
1374 0 -22919.52981184 0
1375 0 -25154.12148891 0
1376 0 -10616.92604932 0
1377 1 25515.56577631 1
1378 1 21813.91144716 1
1379 1 27328.57285588 1
1380 0 -28973.64741838 0
1381 0 -28070.13731469 0
1382 0 -31623.31890233 0
1383 1 8136.15751112 1
1384 1 20299.91963897 1
1385 0 -20037.57186011 0
1386 1 15373.66459795 1
1387 1 19542.07326991 1
1388 1 17811.05953532 1
1389 0 -24620.07267703 0
1390 1 779.41617973 1
1391 0 -14634.69279368 0
1392 0 -20936.62719868 0
1393 1 20084.04214141 1
1394 0 -16893.52341569 0
1395 0 -16984.68983609 0
1396 0 -22942.61448374 0
1397 0 -779.41617973 0
1398 0 -19349.17910534 0
1399 0 -20300.73238421 0
1400 1 17819.20171324 1
1401 0 -29128.21092604 0
1402 0 -19913.26017606 0
1403 1 21202.10697269 1
1404 1 11268.04667306 1
1405 1 26942.14998068 1
1406 1 25678.96697625 1
1407 0 -21711.11125735 0
1408 1 19373.74377872 1
1409 0 -18692.55792276 0
1410 1 24388.17691087 1
1411 0 -16554.36097789 0
1412 0 -14581.18158334 0
1413 0 -18139.40459874 0
1414 1 15269.42973020 1
1415 1 22509.27859655 1
1416 0 -17704.23154554 0
1417 1 15689.53219587 1
1418 1 7368.79583278 1
1419 0 -16279.18144155 0
1420 1 16608.70630978 1
1421 1 20476.57368029 1
1422 1 24869.32766334 1
1423 0 -22106.29401382 0
1424 1 19109.22398692 1
1425 0 -14187.55360614 0
1426 0 -25232.85477384 0
1427 1 21244.40677436 1
1428 1 22162.58161814 1
1429 1 19131.44160207 1
1430 1 19161.97644472 1
1431 0 -17558.80965295 0
1432 1 11712.03790222 1
1433 0 -16950.59099267 0
1434 1 11604.45383044 1
1435 1 21361.84818079 1
1436 0 -14700.59997594 0
1437 0 -12131.26481291 0
1438 1 17164.39535507 1
1439 1 11802.17829519 1
1440 0 -22149.09059645 0
1441 1 13565.79319029 1
1442 0 -18795.57567730 0
1443 1 6434.77764957 1
1444 0 -11932.07743582 0
1445 1 9672.36818221 1
1446 1 5157.06866065 1
1447 0 -8947.55655498 0
1448 0 -8193.34540220 0
1449 0 -13979.88465569 0
1450 1 11699.72278856 1
1451 1 9245.41670138 1
1452 0 -9398.25817553 0
1453 0 -15816.22204174 0
1454 0 -12625.35370102 0
1455 1 18217.66234851 1
1456 1 19906.13366156 1
1457 1 16754.92456708 1
1458 1 19729.24311211 1
1459 0 -16239.87205366 0
1460 0 -11803.91761879 0
1461 1 20293.36195445 1
1462 0 -19807.56125976 0
1463 0 -20237.93508062 0
1464 0 -18286.27557871 0
1465 1 17559.32605476 1
1466 0 -15593.56162182 0
1467 1 13338.63141918 1
1468 1 17192.09379492 1
1469 1 20324.54886532 1
1470 1 20559.67829047 1
1471 0 -23484.61509850 0
1472 1 20957.64838075 1
1473 0 -23537.47998943 0
1474 1 20368.68026724 1
1475 0 -24249.17807216 0
1476 0 -16991.75067016 0
1477 1 24642.20419305 1
1478 1 20028.31679157 1
1479 0 -20904.00161219 0
1480 1 19552.09145359 1
1481 0 -19097.80100004 0
1482 0 -21441.16109942 0
1483 0 -17672.62841573 0
1484 0 -24068.96245122 0
1485 0 -17468.04034488 0
1486 1 17439.19984092 1
1487 1 19283.54584500 1
1488 0 -14095.48765239 0
1489 0 -22284.16123063 0
1490 1 21194.73135361 1
1491 1 19488.62488599 1
1492 0 -15989.49293719 0
1493 1 20767.42733132 1
1494 0 -21006.22590519 0
1495 1 22977.36092184 1
1496 0 -25549.19211459 0
1497 1 25830.78076153 1
1498 1 19764.40436387 1
1499 0 -12933.07004061 0
1500 1 16407.66801609 1
1501 0 -27004.35156590 0
1502 1 19680.26417249 1
1503 0 -26795.55031600 0
1504 1 21235.67156553 1
1505 0 -24298.53937169 0
1506 0 -22188.86615410 0
1507 1 19086.18038881 1
1508 1 22458.67566078 1
1509 1 14205.95811587 1
1510 1 24911.86212795 1
1511 1 20817.86669062 1
1512 1 22387.76397251 1
1513 0 -17291.66479218 0
1514 1 24995.41756910 1
1515 1 19374.96222477 1
1516 1 17687.46175959 1
1517 0 -25600.39745718 0
1518 0 -19904.60287173 0
1519 0 -32901.00181162 0
1520 1 23154.63538525 1
1521 0 -24684.59000920 0
1522 0 -17977.64578914 0
1523 1 17806.71878983 1
1524 1 27973.35314071 1
1525 0 -19081.43614300 0
1526 1 24340.58183165 1
1527 0 -25641.81820815 0
1528 0 -25190.16293729 0
1529 0 -20457.65725793 0
1530 0 -17085.17863849 0
1531 0 -27943.54300645 0
1532 0 -15355.67873913 0
1533 1 23013.48540931 1
1534 1 20336.71314430 1
1535 1 19714.81917906 1
1536 1 12062.16615563 1
1537 1 11649.37156615 1
1538 1 28917.27448684 1
1539 1 28556.22290760 1
1540 0 -18923.58548054 0
1541 1 23155.09117648 1
1542 1 22431.54207114 1
1543 1 16489.35792952 1
1544 0 -20861.50114924 0
1545 1 31025.29435122 1
1546 0 -23636.66414199 0
1547 0 -19899.07187233 0
1548 1 24183.74838827 1
1549 1 25704.81138925 1
1550 1 14575.30272129 1
1551 1 17626.15586340 1
1552 0 -26793.94279127 0
1553 1 25252.58957414 1
1554 1 18925.87630952 1
1555 0 -26284.78486933 0
1556 0 -24470.14251154 0
1557 1 23373.89534886 1
1558 1 20664.68037597 1
1559 1 25851.49538548 1
1560 1 29630.04430434 1
1561 0 -21859.41589279 0
1562 0 -27806.11563577 0
1563 0 -19770.97613852 0
1564 1 19484.67494129 1
1565 1 20031.42647936 1
1566 0 -23576.89068044 0
1567 0 -17915.76831903 0
1568 1 20928.11812728 1
1569 0 -30499.93550533 0
1570 1 15903.45519651 1
1571 1 18677.84217532 1
1572 1 19105.40624635 1
1573 0 -24780.42701721 0
1574 0 -12808.25565489 0
1575 1 22807.70138841 1
1576 0 -30337.20126324 0
1577 0 -15547.89337363 0
1578 0 -22868.31195062 0
1579 0 -20063.18061793 0
1580 0 -25792.43880030 0
1581 1 22303.21537308 1
1582 0 -24789.62536173 0
1583 1 31465.78671694 1
1584 1 15988.86518709 1
1585 0 -22946.31438885 0
1586 1 25374.11406985 1
1587 0 -24263.17879631 0
1588 1 23426.47002462 1
1589 1 20456.95670437 1
1590 1 23237.86022863 1
1591 1 17293.83724334 1
1592 1 28612.37278522 1
1593 1 26964.86041365 1
1594 1 26355.22756852 1
1595 1 25044.97348358 1
1596 1 22622.81172270 1
1597 1 20884.31392893 1
1598 1 19791.44508725 1
1599 0 -26395.10713440 0
1600 1 21475.25981864 1
1601 1 25560.15234152 1
1602 1 24804.38856157 1
1603 1 26766.03492893 1
1604 0 -18131.26062465 0
1605 1 17377.26584522 1
1606 0 -31413.60202147 0
1607 0 -31956.42667411 0
1608 0 -25416.65444413 0
1609 0 -25687.98889140 0
1610 1 25737.33600480 1
1611 0 -31009.23661376 0
1612 0 -21229.11395092 0
1613 0 -15763.83280382 0
1614 0 -19196.41668258 0
1615 0 -18654.47378298 0
1616 0 -12448.38753338 0
1617 1 9834.28521612 1
1618 1 15578.84463235 1
1619 1 11533.05828011 1
1620 0 -13138.25857823 0
1621 1 16569.30230992 1
1622 0 -12747.07839104 0
1623 0 -11516.79738431 0
1624 1 7574.95817999 1
1625 1 16915.36873738 1
1626 0 -5051.69256631 0
1627 0 -13433.28682763 0
1628 1 12896.76931934 1
1629 1 8594.02687774 1
1630 0 -6731.26527079 0
1631 0 -10200.17534362 0
1632 1 14410.19126169 1
1633 0 -15270.60370906 0
1634 0 -16078.87747621 0
1635 1 17348.67283817 1
1636 1 17060.52007548 1
1637 1 15521.95343813 1
1638 0 -23924.35673225 0
1639 0 -20318.15939524 0
1640 0 -19464.14646145 0
1641 0 -21240.00774166 0
1642 0 -21877.38821789 0
1643 1 26147.84535287 1
1644 1 16776.57315761 1
1645 1 29349.59394356 1
1646 0 -29584.04065903 0
1647 1 25684.77610669 1
1648 0 -21135.34357072 0
1649 1 22613.93456893 1
1650 1 29136.45418607 1
1651 0 -24567.12263770 0
1652 0 -23016.31053300 0
1653 1 30982.17928661 1
1654 0 -22340.04683853 0
1655 1 21919.25330719 1
1656 0 -23438.13129739 0
1657 1 28832.96501934 1
1658 1 22748.51896460 1
1659 0 -19764.62328436 0
1660 0 -29701.24891211 0
1661 0 -26735.04758122 0
1662 1 21792.45160558 1
1663 0 -31915.17781013 0
1664 0 -32510.85091248 0
1665 0 -24747.77582277 0
1666 1 19615.76655743 1
1667 0 -33997.93619861 0
1668 1 23521.66550196 1
1669 1 21528.24431461 1
1670 0 -27596.21331058 0
1671 1 25426.15959756 1
1672 1 21943.13818768 1
1673 1 28131.33445389 1
1674 1 23310.44346501 1
1675 0 -24316.30276968 0
1676 0 -21025.56265425 0
1677 1 17027.78632759 1
1678 0 -19647.65000349 0
1679 0 -19380.09490077 0
1680 1 20068.20528297 1
1681 0 -23091.62254085 0
1682 0 -21474.27370119 0
1683 1 19343.10238485 1
1684 1 10815.29525535 1
1685 1 17221.75221623 1
1686 1 23388.11989126 1
1687 1 17399.20681409 1
1688 1 21712.20447914 1
1689 1 14758.37706083 1
1690 1 21575.87298470 1
1691 1 12557.07432221 1
1692 0 -21751.61827966 0
1693 1 22359.58225323 1
1694 0 -19105.93395267 0
1695 0 -15123.43817873 0
1696 0 -11436.66326341 0
1697 1 18281.98568150 1
1698 0 -17807.69805112 0
1699 1 21727.82256085 1
1700 0 -18634.62988687 0
1701 0 -30016.88459066 0
1702 1 19186.72432931 1
1703 0 -25152.75916486 0
1704 1 22953.88912928 1
1705 1 22244.09053060 1
1706 0 -26020.74362675 0
1707 1 23828.77270079 1
1708 1 20600.91210209 1
1709 1 21913.37809180 1
1710 1 24510.29378176 1
1711 1 21583.90403737 1
1712 1 22778.19479208 1
1713 0 -29210.58592361 0
1714 1 26072.86065321 1
1715 1 22202.28145156 1
1716 1 25994.87025184 1
1717 0 -20722.02304832 0
1718 1 16957.47041831 1
1719 0 -19301.95673716 0
1720 0 -20555.88034160 0
1721 1 13363.05543400 1
1722 1 21013.78532689 1
1723 0 -16549.39745952 0
1724 0 -11964.10867502 0
1725 0 -10264.05865511 0
1726 1 12654.21372580 1
1727 0 -12347.51250341 0
1728 0 -9142.80962695 0
1729 0 -9002.78081752 0
1730 0 -2709.23424341 0
1731 0 -11858.08377109 0
1732 1 5453.39407343 1
1733 1 11687.30592563 1
1734 0 4702.90736462 1
1735 1 5950.21642612 1
1736 1 4609.20343153 1
1737 1 2709.23424341 1
1738 1 -4369.23124717 0
1739 1 -4609.20343153 0
1740 0 -7064.25195417 0
1741 1 6820.45462976 1
1742 1 6210.29083513 1
1743 0 -7717.54899658 0
1744 0 -14024.59563238 0
1745 1 11494.59208016 1
1746 0 -10027.39321050 0
1747 0 -18003.30413095 0
1748 0 -8239.78029024 0
1749 1 14243.58211600 1
1750 1 13525.15442570 1
1751 1 16450.16205633 1
1752 1 9106.40484864 1
1753 1 18421.05750823 1
1754 1 16285.64664009 1
1755 1 14888.79129625 1
1756 0 -19798.50495671 0
1757 1 17651.32172027 1
1758 1 25826.92813997 1
1759 1 13290.60829725 1
1760 0 -19523.68976483 0
1761 1 21990.26985956 1
1762 1 19952.60678992 1
1763 1 18243.27031123 1
1764 1 16438.98028189 1
1765 0 -19191.51261888 0
1766 1 16906.34663013 1
1767 1 26980.77611965 1
1768 0 -26429.53474474 0
1769 1 24174.30831643 1
1770 1 21450.72321330 1
1771 0 -24225.90397133 0
1772 0 -22462.10721023 0
1773 0 -20997.81807399 0
1774 0 -25327.67021146 0
1775 0 -24113.64809411 0
1776 1 19649.78029615 1
1777 0 -27321.10502057 0
1778 1 27457.93813336 1
1779 0 -24043.79894034 0
1780 0 -21549.83380124 0
1781 0 -11023.35828459 0
1782 1 23157.32329347 1
1783 0 -18224.70548078 0
1784 1 21558.27227738 1
1785 1 16812.97266067 1
1786 1 19577.26626233 1
1787 0 -23013.65950696 0
1788 0 -9304.75566476 0
1789 1 24536.85074107 1
1790 0 -25522.85950743 0
1791 1 23566.87683941 1
1792 0 -17811.84799281 0
1793 1 23027.89805100 1
1794 0 -25886.96244176 0
1795 1 16850.51008695 1
1796 1 23327.80624050 1
1797 1 23407.56638945 1
1798 0 -25784.11451855 0
1799 0 -22886.02976629 0
1800 1 22189.56131573 1
1801 1 25754.74531327 1
1802 0 -21672.94160611 0
1803 1 25388.53937800 1
1804 0 -19364.95485397 0
1805 0 -25442.79640246 0
1806 0 -27008.76865379 0
1807 1 24491.97094056 1
1808 1 28254.22341788 1
1809 0 -23678.08825151 0
1810 0 -32016.76844839 0
1811 1 11640.41953763 1
1812 0 -25089.83740102 0
1813 0 -24231.32229572 0
1814 1 29395.79191407 1
1815 0 -23015.27317516 0
1816 0 -21761.13919046 0
1817 1 25543.22346189 1
1818 1 12104.39094814 1
1819 0 -21665.93797422 0
1820 0 -19806.86998459 0
1821 0 -24768.75700465 0
1822 0 -26491.66869344 0
1823 1 27937.65472093 1
1824 1 26014.40314183 1
1825 1 18031.52714142 1
1826 0 -20455.90241888 0
1827 1 14044.42154068 1
1828 1 26828.78505075 1
1829 0 -27455.04217950 0
1830 1 24654.85946810 1
1831 0 -25890.59866817 0
1832 0 -17035.16088048 0
1833 0 -26824.63321300 0
1834 1 23117.18770540 1
1835 0 -27376.10078406 0
1836 0 -27207.07680597 0
1837 1 29888.02758503 1
1838 0 -31016.24414609 0
1839 1 26545.98737740 1
1840 1 30573.13224332 1
1841 0 -27839.44044661 0
1842 0 -30310.51639030 0
1843 1 27596.29176832 1
1844 0 -23108.23369255 0
1845 0 -29486.47751783 0
1846 0 -23878.04478660 0
1847 0 -31790.41858017 0
1848 1 31055.67751231 1
1849 1 28338.08000476 1
1850 1 27372.87913190 1
1851 1 16005.05250850 1
1852 1 27426.46317012 1
1853 0 -23985.28554532 0
1854 1 36218.26884885 1
1855 1 26958.45165718 1
1856 0 -19822.87876928 0
1857 0 -25149.38435022 0
1858 0 -18675.00924567 0
1859 1 30639.73217168 1
1860 0 -22768.19265306 0
1861 1 33445.44378664 1
1862 0 -21939.81819758 0
1863 1 21548.37475279 1
1864 1 22238.22068036 1
1865 1 22562.96256908 1
1866 1 31946.83025031 1
1867 1 27541.67594450 1
1868 0 -28467.32922988 0
1869 1 27704.46554439 1
1870 1 27190.24257477 1
1871 0 -33283.82436047 0
1872 0 -21596.47386391 0
1873 1 28348.40791077 1
1874 0 -23007.26413033 0
1875 0 -26701.46682166 0
1876 0 -23492.89256500 0
1877 1 25551.22606118 1
1878 1 22319.14313979 1
1879 0 -24426.79728067 0
1880 0 -24421.91518208 0
1881 1 22979.85743891 1
1882 1 23491.25192142 1
1883 0 -27361.51997328 0
1884 0 -23048.66874923 0
1885 0 -25704.91182253 0
1886 1 19613.18235751 1
1887 1 22701.39014318 1
1888 1 12848.37268285 1
1889 1 19491.48618483 1
1890 0 -20269.39811258 0
1891 1 19906.75520887 1
1892 1 -8708.70242153 0
1893 0 8449.53347331 1
1894 1 25898.84390037 1
1895 0 10935.67045063 1
1896 1 17923.34483899 1
1897 0 -18580.68901403 0
1898 0 -19056.63696381 0
1899 0 -10922.45716628 0
1900 0 -23943.33643015 0
1901 1 23725.51850324 1
1902 0 -21178.02546057 0
1903 1 12390.58673143 1
1904 0 -25942.99050876 0
1905 0 -19722.14353349 0
1906 1 22953.97935282 1
1907 0 -17150.07384782 0
1908 0 -19799.81659644 0
1909 0 -20447.53001872 0
1910 0 -22026.66352549 0
1911 0 -25450.32483247 0
1912 1 23057.35947212 1
1913 0 -21554.04623832 0
1914 1 15866.02048684 1
1915 1 26562.17651322 1
1916 0 -19299.22089100 0
1917 1 23788.66930759 1
1918 0 -25483.69024861 0
1919 0 -19545.44622258 0
1920 1 14481.69368756 1
1921 1 24844.52915305 1
1922 0 -25113.89921614 0
1923 1 13410.05124375 1
1924 0 -19876.12890346 0
1925 1 24925.90280000 1
1926 1 13404.70703474 1
1927 1 16235.88650586 1
1928 0 -15751.67262650 0
1929 0 -22954.72897019 0
1930 0 -11825.82008692 0
1931 1 16219.97791010 1
1932 0 -19413.35973505 0
1933 1 19221.87505678 1
1934 1 27007.39431364 1
1935 0 -21414.57539195 0
1936 1 27013.28773744 1
1937 0 -16270.75179423 0
1938 0 -23589.94701390 0
1939 1 24484.65054516 1
1940 0 -23412.30574716 0
1941 1 24553.06013900 1
1942 1 25488.42445930 1
1943 1 25761.51903797 1
1944 1 18911.19090691 1
1945 0 -23541.34726871 0
1946 0 -31533.06128083 0
1947 1 25150.90339807 1
1948 0 -30843.98787124 0
1949 0 -24053.85520199 0
1950 0 -32519.74396917 0
1951 0 -23976.74499719 0
1952 1 35724.46472951 1
1953 0 -29807.80605754 0
1954 1 25254.29532094 1
1955 0 -30498.15197384 0
1956 1 26708.86782160 1
1957 1 28702.08840783 1
1958 0 -23623.51075040 0
1959 0 -26206.44748150 0
1960 0 -30295.87620174 0
1961 1 24408.90884968 1
1962 1 29378.83666974 1
1963 1 26846.94642395 1
1964 1 24932.53917240 1
1965 1 24740.56961243 1
1966 0 -24665.54493124 0
1967 1 30706.60608565 1
1968 1 27760.82021642 1
1969 0 -26202.31295271 0
1970 1 26037.19355617 1
1971 0 -26799.78254428 0
1972 1 21209.65296541 1
1973 0 -25710.02046610 0
1974 1 23184.62823304 1
1975 0 -29932.93381858 0
1976 0 -28884.59199944 0
1977 1 29831.41678850 1
1978 0 -30328.94385035 0
1979 1 30121.38729739 1
1980 1 27548.14342726 1
1981 0 -20505.33474681 0
1982 0 -29260.99707553 0
1983 0 -28346.89204663 0
1984 0 -32480.65320665 0
1985 0 -32559.79227591 0
1986 0 -30857.32529808 0
1987 0 -29248.40844321 0
1988 1 30365.32409115 1
1989 1 31428.92576630 1
1990 0 -29877.83649679 0
1991 1 29289.16787631 1
1992 0 -39133.97713496 0
1993 1 32979.47394306 1
1994 0 -32305.40310105 0
1995 1 33674.85651886 1
1996 0 -32070.42994391 0
1997 0 -36249.29653457 0
1998 0 -37806.32454035 0
1999 0 -35163.23765619 0
2000 1 29714.87973252 1
2001 0 -39688.34762453 0
2002 0 -34446.13743944 0
2003 0 -32808.50105654 0
2004 0 -39814.55364199 0
2005 1 30138.26970102 1
2006 0 -29996.42703303 0
2007 1 30754.67988031 1
2008 1 37381.79574239 1
2009 1 36818.53336539 1
2010 1 37501.77175890 1
2011 0 -35257.55049277 0
2012 0 -25772.14265380 0
2013 0 -31713.84855637 0
2014 1 27110.26656756 1
2015 1 31281.43451727 1
2016 0 -35795.66416317 0
2017 1 27146.10479487 1
2018 1 32682.47501287 1
2019 0 -18475.74514183 0
2020 1 25830.33572837 1
2021 1 20219.14981117 1
2022 1 31550.29735383 1
2023 1 27157.39270486 1
2024 0 -25982.77495483 0
2025 0 -31265.78506149 0
2026 0 -20415.42411556 0
2027 1 27597.55738164 1
2028 1 21974.22568797 1
2029 0 -31518.75857786 0
2030 0 -25974.17120877 0
2031 0 -24916.60288175 0
2032 0 -32763.14798316 0
2033 0 -20147.78947712 0
2034 1 27354.22493282 1
2035 0 -28530.28226271 0
2036 1 33467.56085489 1
2037 1 30316.18546060 1
2038 0 -35212.27204346 0
2039 0 -30970.06904087 0
2040 1 25777.34213874 1
2041 0 -34884.41350665 0
2042 1 30238.92334664 1
2043 1 33664.06136947 1
2044 0 -32527.69885153 0
2045 1 29097.11928337 1
2046 0 -32429.32790270 0
2047 1 29926.31307286 1
2048 1 31657.28727942 1
2049 1 25887.16440017 1
2050 0 -36483.37208417 0
2051 1 34795.84314642 1
2052 0 -33300.73154081 0
2053 1 32201.70765356 1
2054 0 -27189.20271718 0
2055 1 31626.61926775 1
2056 0 -27360.06857148 0
2057 0 -33829.23003934 0
2058 1 32967.92659886 1
2059 0 -36397.05799615 0
2060 1 29351.18406093 1
2061 0 -28042.97128386 0
2062 1 33104.91635732 1
2063 0 -35181.71737456 0
2064 1 33262.12956661 1
2065 0 -35626.09741411 0
2066 1 34868.20530016 1
2067 1 30486.93564980 1
2068 0 -31293.24976418 0
2069 0 -29647.86594092 0
2070 0 -34056.70173351 0
2071 0 -29897.87730500 0
2072 0 -29221.74263274 0
2073 1 27673.97643479 1
2074 0 -27096.24425058 0
2075 0 -35722.54487054 0
2076 0 -30284.01089926 0
2077 1 30854.59082408 1
2078 1 28236.08996909 1
2079 1 28135.93038700 1
2080 0 -30509.25641056 0
2081 0 -27345.87373190 0
2082 0 -38668.53400794 0
2083 1 36297.93585850 1
2084 1 34015.38845778 1
2085 1 32684.38892584 1
2086 1 27223.36490426 1
2087 0 -23152.63142121 0
2088 1 28505.07776620 1
2089 1 28830.33804629 1
2090 0 -27178.64058430 0
2091 0 -29279.64715265 0
2092 1 23179.88822042 1
2093 0 -26290.89229113 0
2094 1 22642.29696803 1
2095 0 -26778.73932001 0
2096 1 34441.94013453 1
2097 1 22882.55295508 1
2098 0 -27451.24385941 0
2099 0 -25230.08707014 0
2100 1 27284.32755847 1
2101 1 28211.36740090 1
2102 0 -27076.32324313 0
2103 0 -27910.72873866 0
2104 1 23222.37812070 1
2105 0 -31405.67504071 0
2106 0 -30260.09447341 0
2107 0 -29532.07034734 0
2108 0 -28319.18138166 0
2109 0 -28020.12941182 0
2110 0 -26549.11158342 0
2111 0 -31185.40125896 0
2112 0 -28778.31245679 0
2113 1 33520.82727915 1
2114 0 -26761.85538079 0
2115 1 24702.46366279 1
2116 0 -19217.20870346 0
2117 0 -32185.59606472 0
2118 0 -24304.20168368 0
2119 1 26998.31634199 1
2120 0 -29596.02505735 0
2121 1 27612.27245726 1
2122 1 20736.03358404 1
2123 0 -22150.45719528 0
2124 0 -28262.87447466 0
2125 0 -28861.85153795 0
2126 1 32517.87234063 1
2127 0 -27657.43021114 0
2128 1 22760.29866343 1
2129 1 21960.56776367 1
2130 1 29620.98226921 1
2131 0 -33368.38887209 0
2132 0 -33616.21211190 0
2133 1 28100.63953699 1
2134 1 27122.02867314 1
2135 1 20121.41270985 1
2136 1 28657.22520323 1
2137 0 -20490.98156198 0
2138 1 24929.19544868 1
2139 1 28378.32955757 1
2140 0 -33430.62542934 0
2141 0 -18629.94655169 0
2142 0 -18122.96867504 0
2143 1 22720.78158550 1
2144 0 -18327.23205878 0
2145 0 -21600.24247296 0
2146 0 -22579.82198024 0
2147 1 28100.83641232 1
2148 0 -25119.35817324 0
2149 1 11849.71808926 1
2150 1 21449.26353112 1
2151 1 15856.17354933 1
2152 1 26104.72174369 1
2153 1 18484.07550113 1
2154 1 24653.72812528 1
2155 0 -17732.15505926 0
2156 1 12845.93694587 1
2157 0 -17477.40919139 0
2158 1 18703.07619371 1
2159 1 27079.21032823 1
2160 1 17907.27618264 1
2161 1 23011.32467280 1
2162 0 -17131.10637826 0
2163 0 -18131.93502631 0
2164 0 -22006.59650325 0
2165 0 -29341.61298404 0
2166 1 23675.12791293 1
2167 1 23419.31663195 1
2168 0 -27034.40496626 0
2169 1 26820.58326465 1
2170 0 -18974.44599051 0
2171 0 -27929.05858435 0
2172 1 27990.44678330 1
2173 1 30519.94755352 1
2174 1 31258.84375238 1
2175 1 24994.03008450 1
2176 1 32678.74698338 1
2177 1 19306.37416697 1
2178 1 29166.94400415 1
2179 1 21909.37655620 1
2180 1 26243.88583362 1
2181 0 -28171.39628833 0
2182 0 -30293.23518038 0
2183 0 -28073.15297250 0
2184 1 24508.53119655 1
2185 0 -33597.68991681 0
2186 1 19784.00408845 1
2187 0 -27614.64787205 0
2188 0 -30515.81463053 0
2189 0 -29663.60789584 0
2190 0 -30180.95520031 0
2191 1 26000.17542884 1
2192 1 28223.41915028 1
2193 0 -26667.30684584 0
2194 0 -23111.50299895 0
2195 0 -22124.50224406 0
2196 1 29746.31727939 1
2197 0 -31315.10083956 0
2198 0 -23224.42536037 0
2199 1 27493.97900953 1
2200 1 28161.18547524 1
2201 1 30051.34107625 1
2202 0 -16886.35672323 0
2203 1 29826.89725542 1
2204 1 26370.67248333 1
2205 0 -13106.94327889 0
2206 0 -22211.53464421 0
2207 1 17375.84362922 1
2208 1 22159.59212301 1
2209 0 -16601.93212860 0
2210 1 24211.62757237 1
2211 0 -23486.31428438 0
2212 0 -14727.98753774 0
2213 0 -18696.88006481 0
2214 0 -16062.72399890 0
2215 1 21425.24180845 1
2216 0 -23393.62882382 0
2217 0 -21997.71483966 0
2218 0 -27411.09942836 0
2219 0 -15150.43926572 0
2220 0 -26057.56786228 0
2221 1 16043.71060325 1
2222 0 -26721.59417986 0
2223 1 28930.15300867 1
2224 1 26074.10010321 1
2225 1 32527.25135368 1
2226 0 -20284.31186886 0
2227 0 -27745.32782642 0
2228 1 25365.36592174 1
2229 0 -31283.82115527 0
2230 1 28385.28291109 1
2231 1 23549.64865973 1
2232 0 -25907.87747174 0
2233 1 20734.25994026 1
2234 0 -30177.62789021 0
2235 0 -24844.54770445 0
2236 0 -29153.67112788 0
2237 1 31155.55513584 1
2238 0 -20827.34167548 0
2239 1 30764.94670816 1
2240 0 -20629.25587162 0
2241 0 -22177.49362808 0
2242 0 -21811.29595763 0
2243 0 -22363.27765714 0
2244 0 -21016.52342040 0
2245 1 15220.99940855 1
2246 1 31399.92323907 1
2247 1 19387.22518100 1
2248 1 23489.01228244 1
2249 0 -21831.82871086 0
2250 1 21078.63917896 1
2251 1 22038.40486682 1
2252 1 17317.07582063 1
2253 1 30883.41151893 1
2254 1 24724.97472894 1
2255 0 -22651.55982486 0
2256 0 -24468.42185532 0
2257 1 27931.07417211 1
2258 0 -25720.01666065 0
2259 0 -28314.53976636 0
2260 0 -32979.10080414 0
2261 0 -24909.40516587 0
2262 1 20324.75081328 1
2263 0 -28243.06548103 0
2264 0 -27725.09277582 0
2265 0 -24611.88878940 0
2266 1 28809.51061282 1
2267 0 -31020.95492625 0
2268 1 26831.70599234 1
2269 1 20805.23047807 1
2270 1 30121.91818466 1
2271 1 21631.93678278 1
2272 0 -24926.80238499 0
2273 0 -28508.73180482 0
2274 0 -28138.40983621 0
2275 0 -17311.74111560 0
2276 0 -20761.98716695 0
2277 1 27975.11325000 1
2278 0 -17743.59348675 0
2279 1 18216.97843628 1
2280 1 25408.51000655 1
2281 0 -23704.44185841 0
2282 0 -18517.02674634 0
2283 0 -25589.84985830 0
2284 1 26487.65953035 1
2285 0 -18320.97695497 0
2286 0 -15339.73241992 0
2287 0 -27975.29613187 0
2288 0 -26434.95680492 0
2289 1 24651.10699505 1
2290 1 18193.56871420 1
2291 1 25251.27823959 1
2292 0 -15818.09310691 0
2293 1 15555.08608335 1
2294 0 -20997.13905503 0
2295 1 28212.89173576 1
2296 0 -20664.87088880 0
2297 0 -20502.85264169 0
2298 1 24917.80870029 1
2299 0 -18356.26299203 0
2300 1 17589.99458709 1
2301 0 -24701.64319667 0
2302 1 28205.40876587 1
2303 1 20836.16484998 1
2304 1 19925.37521984 1
2305 1 25902.83824774 1
2306 0 -23776.22516691 0
2307 0 -17949.42488688 0
2308 1 28431.84719210 1
2309 0 -35381.49707996 0
2310 1 24179.37883576 1
2311 1 28178.39765634 1
2312 1 31681.20405619 1
2313 0 -29582.35555156 0
2314 0 -31476.03799423 0
2315 0 -38585.23942223 0
2316 0 -32210.55215975 0
2317 0 -24233.49495148 0
2318 0 -28978.70089238 0
2319 0 -33052.93501144 0
2320 1 31399.12336028 1
2321 1 34974.61119962 1
2322 1 27992.94510335 1
2323 0 -29458.97212464 0
2324 1 18692.72079888 1
2325 0 -25820.32002288 0
2326 1 29839.50969583 1
2327 0 -24909.20831660 0
2328 0 -27321.14106188 0
2329 1 35419.22450188 1
2330 0 -30350.65168361 0
2331 0 -22535.00726698 0
2332 1 21137.11746674 1
2333 1 20013.67833036 1
2334 0 -22997.22096994 0
2335 1 25270.48501880 1
2336 0 -25095.23928677 0
2337 1 23217.89619907 1
2338 1 11007.64362978 1
2339 1 15578.64383443 1
2340 1 23217.03858020 1
2341 1 17320.42656863 1
2342 1 18792.78884326 1
2343 1 21052.54794685 1
2344 1 20914.22511803 1
2345 0 -4323.41553434 0
2346 1 8542.27684710 1
2347 0 -13474.11512797 0
2348 0 -10104.30117597 0
2349 1 15646.21177305 1
2350 0 -16245.59558840 0
2351 0 -19457.18846146 0
2352 0 -4323.41553434 0
2353 1 7729.87412370 1
2354 0 -15371.62656808 0
2355 1 19511.64904122 1
2356 1 22733.93151918 1
2357 0 -17860.28068594 0
2358 1 18430.99612052 1
2359 0 -21558.31811094 0
2360 0 -16963.03164833 0
2361 0 -25623.37767489 0
2362 1 25323.57813179 1
2363 0 -19367.40030559 0
2364 1 18021.47383637 1
2365 0 -23520.39868376 0
2366 1 19250.55712858 1
2367 0 -22483.56217891 0
2368 0 -23215.19701519 0
2369 1 30422.73770388 1
2370 1 27598.06558768 1
2371 0 -21827.22615138 0
2372 0 -29518.32550713 0
2373 0 -21448.16810815 0
2374 1 18491.00643813 1
2375 0 -27548.72303050 0
2376 0 -22674.61185987 0
2377 1 21324.70396256 1
2378 0 -18642.20195503 0
2379 1 17941.94300618 1
2380 0 -18567.55942927 0
2381 1 26045.34817076 1
2382 1 28836.36022414 1
2383 1 25545.58669592 1
2384 1 28009.93501008 1
2385 0 -30722.62106990 0
2386 1 17607.51118092 1
2387 0 -22320.48324691 0
2388 0 -24080.95988982 0
2389 1 29665.10007461 1
2390 1 22847.17840126 1
2391 1 29747.46646272 1
2392 1 31286.20753765 1
2393 1 29551.83532243 1
2394 0 -25835.20448447 0
2395 1 27963.41470294 1
2396 0 -29193.11526298 0
2397 1 25195.64498954 1
2398 0 -32802.37371688 0
2399 0 -24348.33368367 0
2400 0 -33185.89909159 0
2401 1 29672.19062239 1
2402 0 -32190.19199452 0
2403 1 30319.18878393 1
2404 0 -28286.86584500 0
2405 1 30735.99301447 1
2406 0 -24729.08398509 0
2407 0 -35428.07034559 0
2408 1 23284.71142802 1
2409 1 24012.98425270 1
2410 1 23006.52288902 1
2411 0 -23678.17824953 0
2412 0 -28709.98042040 0
2413 0 -24947.52953255 0
2414 0 -32794.56765179 0
2415 0 -25225.02516579 0
2416 1 27883.88990122 1
2417 1 26436.49443137 1
2418 0 -27892.11286511 0
2419 0 -34085.11255849 0
2420 1 32981.06394210 1
2421 1 38133.72999572 1
2422 0 -30066.57970747 0
2423 1 29735.51934218 1
2424 1 33448.39922021 1
2425 1 30845.86622460 1
2426 1 32159.43233225 1
2427 0 -25083.43699027 0
2428 1 38193.41321202 1
2429 1 23271.11938973 1
2430 1 28756.29406328 1
2431 0 -27851.09119110 0
2432 1 31714.85020277 1
2433 1 32087.93340647 1
2434 1 22924.13418803 1
2435 0 -27998.26524762 0
2436 0 -28485.00583312 0
2437 0 -31663.30427855 0
2438 0 -31650.62874170 0
2439 1 30531.88296334 1
2440 1 31310.63505502 1
2441 0 -18288.47705986 0
2442 0 -30181.66599039 0
2443 0 -23113.57860673 0
2444 1 24827.46294999 1
2445 1 28697.27228581 1
2446 0 -29619.36423142 0
2447 1 29189.62136860 1
2448 1 29356.35005278 1
2449 0 -24001.11263768 0
2450 0 -24923.71673742 0
2451 1 22376.26355984 1
2452 0 -29544.97738201 0
2453 0 -24971.32559802 0
2454 0 -28242.26830268 0
2455 1 25177.72488809 1
2456 1 27237.71812828 1
2457 1 25226.27942062 1
2458 0 -26727.61916913 0
2459 0 -33206.44751440 0
2460 0 -25012.78668123 0
2461 0 -32318.53495754 0
2462 1 30531.69230275 1
2463 0 -28733.48367809 0
2464 0 -28002.60456377 0
2465 0 -19103.91001207 0
2466 1 24354.67746162 1
2467 1 21769.20571441 1
2468 0 -29794.67790723 0
2469 1 21959.65457807 1
2470 0 -27112.05692043 0
2471 0 -15119.34321526 0
2472 1 18486.22276296 1
2473 0 -22404.32632255 0
2474 0 -20598.27598781 0
2475 1 26758.64726750 1
2476 0 -23822.21193102 0
2477 1 27491.79605102 1
2478 1 19672.26200506 1
2479 1 18267.25090014 1
2480 1 21697.22158029 1
2481 0 -28079.09164468 0
2482 1 27898.18042608 1
2483 1 21638.56059360 1
2484 1 23615.97243421 1
2485 0 -19859.01999551 0
2486 0 -23561.04083888 0
2487 1 27888.18540606 1
2488 0 -27998.17949532 0
2489 0 -29894.69272164 0
2490 1 30847.72728433 1
2491 0 -20975.08813575 0
2492 1 18910.12430529 1
2493 1 26862.55322408 1
2494 1 22027.96681406 1
2495 0 -22431.02587092 0
2496 0 -27085.17882860 0
2497 1 28515.95874601 1
2498 1 22770.15693893 1
2499 0 -24878.76325944 0
2500 0 -29153.48902880 0
2501 1 24232.32509554 1
2502 1 21727.93936034 1
2503 1 31127.10956647 1
2504 1 24282.52383130 1
2505 0 -21468.92782484 0
2506 1 20753.23607028 1
2507 1 19649.17454203 1
2508 0 -20190.63551546 0
2509 1 18733.65525277 1
2510 0 -22391.23103210 0
2511 1 22925.26358285 1
2512 0 -22848.38840768 0
2513 1 26906.44267736 1
2514 0 -18367.18038980 0
2515 1 21460.16038858 1
2516 1 24340.97743113 1
2517 1 28268.02601176 1
2518 1 25075.06630543 1
2519 0 -24727.28893969 0
2520 0 -22760.65694936 0
2521 1 25830.38707425 1
2522 0 -33247.33956023 0
2523 1 27133.43194645 1
2524 0 -31890.66911925 0
2525 0 -32606.20319354 0
2526 0 -28979.70453408 0
2527 1 22609.13630757 1
2528 1 22335.53669657 1
2529 1 25039.69411896 1
2530 0 -25657.97529401 0
2531 0 -34754.63220628 0
2532 1 23167.48576694 1
2533 1 24100.00600988 1
2534 0 -18640.09375031 0
2535 1 17903.02354186 1
2536 0 -19610.18454580 0
2537 1 18723.71295630 1
2538 1 37165.90874485 1
2539 1 25776.75495780 1
2540 1 28670.97516628 1
2541 0 -21966.01255843 0
2542 0 -28191.32404571 0
2543 1 19999.82270360 1
2544 1 23011.87037585 1
2545 0 -31868.93847184 0
2546 1 33161.66513513 1
2547 0 -23038.54993557 0
2548 1 25352.63248705 1
2549 1 27834.11946122 1
2550 0 -25515.05410184 0
2551 1 32121.42882360 1
2552 1 29231.32898087 1
2553 0 -30855.73839377 0
2554 0 -22355.85374717 0
2555 1 28620.05446095 1
2556 0 -26396.85385091 0
2557 0 -25798.32417712 0
2558 1 30033.75428467 1
2559 1 31278.09623945 1
2560 1 27966.01937210 1
2561 1 17159.69127876 1
2562 1 27012.42612700 1
2563 1 16804.72020675 1
2564 0 -23550.20241711 0
2565 1 27564.42321645 1
2566 0 -24643.38497411 0
2567 0 -22205.54357398 0
2568 0 -16058.26099390 0
2569 0 -24582.40477969 0
2570 1 14087.44982341 1
2571 0 -21451.61319114 0
2572 1 29806.47728941 1
2573 0 -25472.85723989 0
2574 0 -19793.68911182 0
2575 0 -15259.44262901 0
2576 0 -24304.32007364 0
2577 1 19931.59737548 1
2578 1 24163.01422759 1
2579 1 25083.75498448 1
2580 1 25179.59884868 1
2581 1 31829.90522603 1
2582 0 -24347.55241519 0
2583 0 -33241.68579534 0
2584 0 -23944.03855522 0
2585 0 -26370.10889561 0
2586 0 -32233.74972641 0
2587 1 31682.90491905 1
2588 0 -28893.92484513 0
2589 0 -25506.62518025 0
2590 0 -30268.71088643 0
2591 1 32005.88909046 1
2592 0 -31278.38955493 0
2593 0 -35156.89911517 0
2594 1 31668.11349247 1
2595 1 37599.44238994 1
2596 0 -30085.22820772 0
2597 1 28497.93477100 1
2598 1 25781.14150294 1
2599 0 -30032.43034744 0
2600 1 33390.68820436 1
2601 1 31367.33366454 1
2602 0 -34237.97424438 0
2603 1 33668.58477376 1
2604 1 27981.15761824 1
2605 1 27396.06990329 1
2606 1 29219.31910510 1
2607 0 -33716.98058294 0
2608 1 32880.88920146 1
2609 1 30810.41306539 1
2610 1 31449.73668994 1
2611 1 31645.48984928 1
2612 1 36900.54510696 1
2613 0 -28120.56576413 0
2614 1 34760.17671545 1
2615 1 28540.77263169 1
2616 0 -38298.03805546 0
2617 0 -27821.45746256 0
2618 1 30441.36919900 1
2619 0 -30065.13074714 0
2620 0 -24657.86426015 0
2621 0 -28213.67083700 0
2622 0 -41134.24688623 0
2623 1 37699.95871587 1
2624 1 31251.36970640 1
2625 1 31801.68337214 1
2626 1 26907.41899543 1
2627 0 -22178.68503694 0
2628 0 -29176.62706611 0
2629 1 38597.76021822 1
2630 1 32072.83064749 1
2631 1 31421.75418372 1
2632 0 -28022.90197491 0
2633 1 27885.80100554 1
2634 0 -24763.15831601 0
2635 1 30522.07065524 1
2636 1 28043.02979481 1
2637 0 -29030.49333508 0
2638 0 -27328.02985715 0
2639 0 -24589.19547302 0
2640 1 24088.46475202 1
2641 0 -24615.68899215 0
2642 1 34829.45998924 1
2643 1 37281.76767110 1
2644 1 34587.36858750 1
2645 1 27500.92641745 1
2646 1 27232.91419263 1
2647 1 27945.61349604 1
2648 1 24157.28437472 1
2649 0 -29424.37578141 0
2650 1 29197.35320811 1
2651 1 24828.51860874 1
2652 1 34321.06993423 1
2653 1 16704.74933297 1
2654 0 -19840.01602630 0
2655 1 14596.09073172 1
2656 1 24393.69901956 1
2657 0 -20724.23119140 0
2658 1 24813.41487791 1
2659 1 24164.78998467 1
2660 0 -20779.65017809 0
2661 0 -27010.37804117 0
2662 1 16133.38138344 1
2663 1 26429.33567401 1
2664 1 25319.74940285 1
2665 0 -29820.29078406 0
2666 0 -20961.35971349 0
2667 0 -22652.75016284 0
2668 0 -23303.45134029 0
2669 0 -14384.36037008 0
2670 0 -24765.31885270 0
2671 1 20037.75922217 1
2672 0 -28687.77570419 0
2673 0 -22157.56061534 0
2674 1 15887.54039303 1
2675 0 -14534.15731494 0
2676 1 10900.83236588 1
2677 0 -25646.08196407 0
2678 1 -16483.13139610 0
2679 0 -26810.51547640 0
2680 0 18849.14402312 1
2681 0 14789.76677970 1
2682 0 14202.87973413 1
2683 1 16771.55692939 1
2684 0 -25392.16883889 0
2685 1 21327.52479146 1
2686 1 21987.07675839 1
2687 0 -31183.83141907 0
2688 1 21272.19269615 1
2689 1 22131.34940625 1
2690 1 17163.67212730 1
2691 1 28924.80214832 1
2692 1 23128.42976990 1
2693 1 19845.87630528 1
2694 0 -25372.54385380 0
2695 1 22156.37588137 1
2696 0 -27718.74643914 0
2697 0 -22731.95677824 0
2698 1 31967.59153973 1
2699 1 29553.35482763 1
2700 0 -30650.99913207 0
2701 0 -32382.00561031 0
2702 1 32010.48723344 1
2703 1 27772.49436115 1
2704 0 -20671.42750381 0
2705 1 38587.14053486 1
2706 1 29926.49718557 1
2707 0 -32371.21400476 0
2708 0 -34459.41195921 0
2709 1 34059.69153568 1
2710 1 24392.51236830 1
2711 1 23748.59433757 1
2712 1 32438.04788022 1
2713 0 -34620.34582260 0
2714 0 -35139.86969285 0
2715 0 -32196.79136879 0
2716 1 28751.67301150 1
2717 1 28817.97204913 1
2718 1 27578.88208044 1
2719 1 37369.05945605 1
2720 0 -33361.96961976 0
2721 0 -35255.96170026 0
2722 1 30004.79132762 1
2723 0 -26810.45700019 0
2724 0 -28820.08790747 0
2725 0 -25882.55806637 0
2726 0 -41086.36528528 0
2727 0 -31461.31617325 0
2728 0 -31437.33138158 0
2729 0 -28153.75637628 0
2730 0 -34675.25072883 0
2731 0 -24383.28851812 0
2732 0 -28225.34679388 0
2733 1 39882.52541749 1
2734 0 -33168.73232531 0
2735 1 36579.58897927 1
2736 1 37528.97762196 1
2737 0 -36499.35789813 0
2738 1 32322.23756015 1
2739 0 -28046.60358974 0
2740 1 40147.40705548 1
2741 0 -33476.49472325 0
2742 0 -40030.41707860 0
2743 0 -30967.54349450 0
2744 0 -33915.64581477 0
2745 1 31637.96161373 1
2746 1 27459.20530127 1
2747 0 -43325.19791616 0
2748 0 -39835.59572821 0
2749 1 42084.45574177 1
2750 0 -27882.35614132 0
2751 1 33225.25006080 1
2752 0 -32139.42769472 0
2753 0 -25551.29567229 0
2754 1 37779.47875682 1
2755 1 29835.52865236 1
2756 0 -33541.52409134 0
2757 0 -27578.57090737 0
2758 0 -28015.05941664 0
2759 0 -29109.87342331 0
2760 1 24413.71128158 1
2761 1 33799.64745406 1
2762 1 28243.81283589 1
2763 1 33237.26000565 1
2764 0 -22765.65040468 0
2765 0 -22718.21910244 0
2766 1 26990.07153765 1
2767 1 21541.89014575 1
2768 0 -31672.14209773 0
2769 0 -27114.30222118 0
2770 0 -38590.60653894 0
2771 0 -33630.48471948 0
2772 1 28379.51486085 1
2773 0 -31603.18728247 0
2774 0 -21413.84290798 0
2775 1 29793.07720514 1
2776 0 -25374.77577970 0
2777 1 32857.54139402 1
2778 0 -18765.97980580 0
2779 0 -25497.88767556 0
2780 1 25738.67799828 1
2781 0 -20079.39538984 0
2782 1 18486.47130761 1
2783 0 -20398.58859466 0
2784 1 30636.20777131 1
2785 1 20910.93446480 1
2786 0 -22203.40640756 0
2787 0 -21745.57998415 0
2788 0 -13110.36024685 0
2789 0 -20266.79398543 0
2790 0 -22724.02831311 0
2791 0 -26538.88350318 0
2792 1 19625.06397647 1
2793 0 -17176.25955630 0
2794 0 -25977.24161569 0
2795 0 -17171.63770680 0
2796 0 -29862.71832370 0
2797 1 25981.54348636 1
2798 0 -31620.80651359 0
2799 1 28849.53572014 1
2800 1 20742.98187623 1
2801 0 -26303.34321768 0
2802 1 20074.76348842 1
2803 1 30305.12819940 1
2804 1 26177.84820547 1
2805 0 -26918.52927274 0
2806 0 -22604.10808585 0
2807 0 -25561.20783573 0
2808 0 -19959.16098584 0
2809 1 16240.67250538 1
2810 1 23191.09463977 1
2811 0 -21967.95543935 0
2812 0 -20618.50552108 0
2813 0 -20281.65237095 0
2814 1 21778.10546681 1
2815 1 16203.48792675 1
2816 0 -14282.47959795 0
2817 0 -18968.76863960 0
2818 1 17628.27206386 1
2819 0 -19113.87217354 0
2820 0 -20425.83102467 0
2821 1 24863.75358443 1
2822 1 15054.33210592 1
2823 0 -24013.46826575 0
2824 0 -24745.34939557 0
2825 1 -19421.81555874 0
2826 1 27116.95435300 1
2827 1 24889.95257242 1
2828 1 21520.13596685 1
2829 1 -17534.52064011 0
2830 1 -13867.41067025 0
2831 1 26270.48755547 1
2832 1 21730.65601937 1
2833 1 24889.51737927 1
2834 1 34784.35529024 1
2835 1 33199.24962338 1
2836 1 27081.85440806 1
2837 1 18953.24671634 1
2838 1 36960.37480413 1
2839 0 -28048.82573092 0
2840 0 -34882.64149318 0
2841 1 33090.16029552 1
2842 0 -34233.38128905 0
2843 0 -28330.22151363 0
2844 0 -25461.76642602 0
2845 1 38964.70915019 1
2846 1 33769.97808050 1
2847 1 31728.26710938 1
2848 1 31500.79575295 1
2849 0 -30836.97277301 0
2850 1 28825.28211109 1
2851 0 -29657.08549216 0
2852 1 38991.99873861 1
2853 1 26011.70048672 1
2854 0 -33347.61930672 0
2855 0 -32815.19256523 0
2856 0 -28453.44995121 0
2857 1 28712.19020480 1
2858 1 13415.71048627 1
2859 0 -32166.22226526 0
2860 0 -24645.29197537 0
2861 0 -32591.92087554 0
2862 0 -34712.78697166 0
2863 0 -31980.15955970 0
2864 0 -27354.35114358 0
2865 0 -13723.44061154 0
2866 0 -32724.83853715 0
2867 1 29433.51956370 1
2868 1 25937.40890788 1
2869 0 -28930.93136068 0
2870 1 23702.71176917 1
2871 0 -27527.27021845 0
2872 0 -19338.63267965 0
2873 1 28095.42861384 1
2874 1 29472.64424153 1
2875 1 27870.53671766 1
2876 1 25613.09616796 1
2877 1 20778.11452974 1
2878 0 -24631.66314060 0
2879 1 7132.33783505 1
2880 1 28795.20504000 1
2881 0 -21120.51231940 0
2882 1 29826.88050740 1
2883 1 15153.86702455 1
2884 0 -16524.64364009 0
2885 1 20230.59857330 1
2886 0 -7132.33783505 0
2887 1 24566.34649777 1
2888 1 21676.04740726 1
2889 1 21881.42497358 1
2890 1 24185.93500068 1
2891 0 -19937.64983554 0
2892 0 -25620.76207833 0
2893 0 -10348.53094368 0
2894 1 23236.70434036 1
2895 0 -22654.69268598 0
2896 0 -23006.95411583 0
2897 0 -31748.00299720 0
2898 0 -29754.04613986 0
2899 0 -29608.52340739 0
2900 1 14444.36258367 1
2901 1 27816.67218329 1
2902 0 -27716.78067338 0
2903 0 -30432.86200986 0
2904 0 -33712.28097565 0
2905 1 25802.73615889 1
2906 0 -30180.47054780 0
2907 1 21092.76719257 1
2908 1 31595.86374064 1
2909 1 31139.88611273 1
2910 0 -30145.98461951 0
2911 0 -26677.34595824 0
2912 0 -31170.23982754 0
2913 0 -23952.09917420 0
2914 1 21904.96346487 1
2915 0 -30543.78682667 0
2916 0 -28436.75890824 0
2917 1 28249.92726423 1
2918 0 -25698.84478607 0
2919 0 -31585.77156989 0
2920 0 -19004.69772445 0
2921 1 17850.59382080 1
2922 1 28395.50423211 1
2923 1 26506.69222971 1
2924 0 -27530.52772456 0
2925 1 24782.46370853 1
2926 0 -26600.54503792 0
2927 0 -20257.81167674 0
2928 1 19615.86724517 1
2929 1 29520.96361597 1
2930 1 28658.10333436 1
2931 1 24943.13917378 1
2932 1 32270.78142026 1
2933 1 27066.74346176 1
2934 0 -32145.62581952 0
2935 1 21185.56541141 1
2936 1 33137.10714307 1
2937 1 21676.03949135 1
2938 1 36635.07946348 1
2939 1 29219.91887423 1
2940 1 27055.69637241 1
2941 1 23990.43284763 1
2942 1 14948.86177169 1
2943 0 -29458.71395300 0
2944 1 22280.48584404 1
2945 0 -31041.40255190 0
2946 1 27948.27265965 1
2947 0 -23236.67605825 0
2948 1 21992.00897299 1
2949 1 14269.11938112 1
2950 1 22622.85816807 1
2951 0 -18623.60187672 0
2952 0 -24334.85784379 0
2953 1 25585.29073973 1
2954 1 17907.47263218 1
2955 0 -20887.77781349 0
2956 0 -16248.68439193 0
2957 0 -17107.57111432 0
2958 0 -20317.10333870 0
2959 0 -26588.98883012 0
2960 0 -27085.20269742 0
2961 0 -18093.15625341 0
2962 0 -19162.82105458 0
2963 1 16424.82492081 1
2964 1 19126.50115977 1
2965 0 -19400.66843387 0
2966 0 -22467.81004675 0
2967 1 21905.39650469 1
2968 1 19141.27784572 1
2969 1 16327.40002096 1
2970 1 12218.00706454 1
2971 0 -16678.15277204 0
2972 0 -13062.62399988 0
2973 1 20816.66055188 1
2974 1 14784.25810920 1
2975 0 -12131.41202486 0
2976 1 12095.29554351 1
2977 1 7385.01443764 1
2978 1 25013.19957427 1
2979 0 -18117.34282103 0
2980 0 -26622.51131715 0
2981 0 -18677.91851487 0
2982 0 -12388.04857485 0
2983 0 -18893.65342793 0
2984 0 -12697.16534034 0
2985 1 27256.02513502 1
2986 1 14517.88016617 1
2987 0 -25512.61522150 0
2988 0 -15883.24285878 0
2989 0 -15151.32054903 0
2990 1 18365.43784865 1
2991 1 19679.61142302 1
2992 1 22834.19876785 1
2993 0 -22559.03665153 0
2994 0 -27921.95415587 0
2995 0 -25777.88363707 0
2996 1 20455.81563006 1
2997 1 20256.91235326 1
2998 0 -22750.78242522 0
2999 1 19864.78995559 1
3000 0 -18707.53821446 0
3001 1 26595.04934280 1
3002 0 -20992.29076657 0
3003 0 -20294.13074045 0
3004 0 -21327.78998494 0
3005 1 18214.49549638 1
3006 1 24860.54173036 1
3007 0 -22589.47125973 0
3008 0 -24822.52532252 0
3009 1 22052.67633668 1
3010 1 19136.59756461 1
3011 1 28390.61863243 1
3012 0 -15905.12624212 0
3013 0 -26239.23336272 0
3014 1 25080.54622787 1
3015 1 31400.96185240 1
3016 0 -22263.39883630 0
3017 1 18625.85552214 1
3018 1 27730.05643118 1
3019 0 -15873.60687765 0
3020 1 29198.70779449 1
3021 0 -29897.87932312 0
3022 1 23917.75936864 1
3023 1 28258.32882997 1
3024 1 20939.59478973 1
3025 0 -23326.29697970 0
3026 0 -17228.92864378 0
3027 0 -23433.49348761 0
3028 0 -26053.57603878 0
3029 1 19050.82462633 1
3030 0 -26308.16101381 0
3031 0 -20522.45973310 0
3032 1 22003.48848627 1
3033 1 18273.78022755 1
3034 0 -20289.04172296 0
3035 1 27639.25877056 1
3036 1 28546.28220114 1
3037 1 31163.93883596 1
3038 0 -22993.53323921 0
3039 0 -21539.76015542 0
3040 1 23007.05413197 1
3041 0 -29880.90268885 0
3042 1 20997.28750510 1
3043 0 -30455.14571495 0
3044 0 -31669.34773988 0
3045 0 -25519.23767270 0
3046 1 27896.38431611 1
3047 0 -30664.17379948 0
3048 1 31446.65699846 1
3049 0 -22466.04771245 0
3050 1 22287.94388790 1
3051 1 26111.48396009 1
3052 0 -23464.75466109 0
3053 1 20732.48479071 1
3054 1 22156.04531615 1
3055 1 21596.51915666 1
3056 1 22614.43231747 1
3057 1 18713.87019322 1
3058 0 -20711.10221508 0
3059 1 19668.90405538 1
3060 0 -21184.78692627 0
3061 1 18732.06749577 1
3062 0 -25656.01912513 0
3063 1 22400.49000430 1
3064 0 -20053.38548990 0
3065 1 21705.76181322 1
3066 1 19288.02435934 1
3067 0 -16327.02698201 0
3068 1 17855.77085423 1
3069 0 -22538.29218687 0
3070 1 19277.25565524 1
3071 0 -19051.26767703 0
3072 0 -25626.85901328 0
3073 1 24482.13655297 1
3074 0 -20297.12104011 0
3075 1 23691.41404825 1
3076 1 25360.73851127 1
3077 1 23106.69132649 1
3078 0 -27398.87356933 0
3079 1 31829.13174821 1
3080 1 33663.62059126 1
3081 1 27449.06068568 1
3082 0 -30839.79974991 0
3083 0 -27286.32384124 0
3084 0 -32236.90185066 0
3085 1 32488.88869405 1
3086 0 -33672.77492644 0
3087 1 33410.33789618 1
3088 1 29841.01586666 1
3089 1 26062.41247810 1
3090 1 27046.42360866 1
3091 1 21876.19016710 1
3092 0 -31646.59978429 0
3093 0 -31127.19578332 0
3094 1 31418.19669419 1
3095 0 -26319.74603008 0
3096 1 23612.13716499 1
3097 0 -26660.60129793 0
3098 0 -31264.28896797 0
3099 1 28800.34543543 1
3100 0 -27297.65647498 0
3101 0 -27936.31176808 0
3102 0 -30496.32217304 0
3103 1 31641.02906694 1
3104 0 -33607.57122693 0
3105 1 28841.99548903 1
3106 1 29353.55844200 1
3107 0 -31771.63662413 0
3108 1 31329.65473936 1
3109 0 -21746.62716191 0
3110 1 23496.96917534 1
3111 0 -24896.20936706 0
3112 1 27774.67134579 1
3113 1 23497.88936758 1
3114 0 -30752.74360252 0
3115 1 26378.48566466 1
3116 1 23209.60341128 1
3117 0 -24228.27461419 0
3118 0 -24525.49763823 0
3119 0 -33018.18201425 0
3120 0 -35010.35632167 0
3121 1 36665.16969545 1
3122 1 27571.87143607 1
3123 1 22307.56518871 1
3124 0 -28092.69983673 0
3125 0 -23383.71389919 0
3126 0 -27011.78504922 0
3127 0 -25404.28477340 0
3128 0 -29207.53546631 0
3129 0 -22735.83763653 0
3130 1 17480.27380882 1
3131 0 -21696.45066309 0
3132 0 -19684.95695932 0
3133 1 17816.93421595 1
3134 1 23088.47776950 1
3135 1 25726.45592907 1
3136 0 -19684.43530917 0
3137 0 -28495.16309255 0
3138 1 21943.83854685 1
3139 0 -27111.36264143 0
3140 0 -16253.35636236 0
3141 0 -28128.66803281 0
3142 0 -28488.42216635 0
3143 0 -20643.62526398 0
3144 0 -19588.91661857 0
3145 0 -25390.28438479 0
3146 1 27335.96449998 1
3147 1 24607.94416652 1
3148 0 -27002.13045036 0
3149 0 -31633.90610101 0
3150 0 -25734.03362372 0
3151 1 24171.13968346 1
3152 0 -26928.30227759 0
3153 0 -22872.89272758 0
3154 1 26315.85842433 1
3155 0 -28746.36020212 0
3156 0 -28076.53481543 0
3157 1 19871.02139398 1
3158 1 18632.63168252 1
3159 1 20979.84445521 1
3160 0 -21951.69003484 0
3161 1 21024.18751431 1
3162 1 32021.23900860 1
3163 0 -29651.92781517 0
3164 1 22490.43146824 1
3165 0 -17901.24324674 0
3166 1 20530.97680115 1
3167 0 -25463.99011492 0
3168 1 29353.50391630 1
3169 0 -30393.67690169 0
3170 1 36371.03552724 1
3171 1 14214.26152002 1
3172 1 10861.38372323 1
3173 1 23388.18436809 1
3174 1 17530.73263955 1
3175 1 22220.25588139 1
3176 1 26919.70691134 1
3177 0 -28698.25820814 0
3178 1 21700.37082528 1
3179 1 18640.57591832 1
3180 0 -20807.16476343 0
3181 0 -29454.54589225 0
3182 0 -25674.08246825 0
3183 0 -31489.62921357 0
3184 0 -37140.11881205 0
3185 1 24457.99107188 1
3186 0 -27370.60998710 0
3187 1 26630.00226271 1
3188 0 -30098.79967557 0
3189 1 22018.13288288 1
3190 1 30243.09677122 1
3191 1 29851.97411996 1
3192 0 -17767.15833248 0
3193 0 -25798.90364989 0
3194 1 24611.20600855 1
3195 1 27777.69040325 1
3196 0 15378.26918649 1
3197 1 22379.37775290 1
3198 0 -31583.66736953 0
3199 1 14967.88226409 1
