3200 11 111 240
0 0 0 7 11 2
1 0 1 3 15 -14
2 0 1 11 13 -13
3 1 1 -14 -11 12
4 1 0 -6 -14 -8
5 1 0 -16 13 -5
6 1 1 -3 12 14
7 0 0 13 -5 15
8 0 1 15 0 -13
9 1 1 -8 -11 -3
10 0 0 12 -11 -15
11 0 1 15 15 12
12 0 0 8 -7 15
13 1 0 -4 -8 4
14 0 1 8 1 -7
15 1 1 -4 -5 2
16 0 1 1 -9 6
17 1 1 -4 -7 15
18 1 1 -12 5 7
19 1 0 -9 10 15
20 1 0 -14 9 0
21 0 0 4 2 -15
22 1 0 -12 0 -13
23 1 1 -1 6 2
24 0 0 11 0 -1
25 1 1 -7 14 4
26 1 0 -9 2 15
27 0 1 5 11 -1
28 0 0 13 -9 2
29 0 1 0 -12 1
30 1 1 -8 2 -16
31 0 0 6 6 -2
32 1 1 -3 -2 -16
33 0 1 10 5 10
34 1 0 -16 -12 -5
35 1 0 5 -14 1
36 0 1 9 -10 0
37 0 1 10 15 -10
38 1 0 -6 13 9
39 0 0 9 5 -8
40 1 0 -16 3 10
41 0 1 15 -6 -9
42 0 1 7 7 7
43 0 0 7 9 13
44 1 1 -12 6 -7
45 1 1 -15 2 -13
46 0 0 12 11 -9
47 1 0 -16 13 -10
48 1 1 -16 15 -8
49 0 1 11 15 11
50 0 0 12 -9 4
51 1 0 -6 9 -7
52 0 0 15 -4 -10
53 0 1 13 -9 -16
54 1 0 -10 0 -7
55 0 1 3 2 9
56 0 0 15 8 13
57 1 1 -9 -5 -9
58 0 1 15 6 2
59 1 1 -16 11 7
60 0 0 5 -5 -13
61 0 0 1 -9 -11
62 1 1 6 10 13
63 0 1 15 -10 -13
64 0 1 15 -1 -9
65 0 1 15 -11 3
66 0 1 11 12 10
67 1 0 -8 -8 -13
68 1 0 -16 -9 9
69 0 1 5 -13 -10
70 1 1 -14 -4 8
71 0 0 14 -6 10
72 1 0 -2 10 9
73 0 1 12 6 -1
74 0 1 3 12 -11
75 0 1 10 6 0
76 1 0 -4 -11 -7
77 1 1 -11 -16 2
78 0 1 15 -14 15
79 0 0 10 -15 -8
80 0 0 9 4 10
81 1 0 -2 1 3
82 0 1 6 13 14
83 0 1 5 -2 8
84 0 0 11 -12 14
85 1 1 -13 2 15
86 0 1 6 9 14
87 0 1 13 2 3
88 1 0 -12 -14 -14
89 1 1 -16 -6 -8
90 1 0 -10 15 -3
91 1 0 -15 3 -7
92 0 1 1 -6 -10
93 0 0 15 8 -16
94 1 0 -6 -2 -8
95 1 1 -15 9 -10
96 0 1 -5 9 6
97 0 1 5 4 6
98 1 0 -16 -7 -10
99 1 1 -12 -3 -10
100 1 0 -1 11 10
101 1 0 -10 8 3
102 0 1 7 -11 10
103 1 0 -1 -10 -10
104 0 0 3 15 6
105 0 0 15 11 6
106 1 1 -6 6 15
107 1 1 -1 10 8
108 1 1 -1 -7 -13
109 1 1 2 15 8
110 1 1 -3 -14 -16
111 1 1 -7 -14 -6
112 1 1 -5 -1 12
113 0 1 3 -11 13
114 1 0 -12 1 -5
115 1 1 -12 15 -3
116 0 1 6 -16 -12
117 0 0 10 -2 10
118 1 0 -4 -4 15
119 0 0 12 -14 -13
120 0 1 1 6 2
121 0 1 7 -6 15
122 1 1 3 -14 15
123 0 1 13 15 -7
124 0 0 4 8 -12
125 1 0 -9 10 6
126 0 1 7 -14 8
127 1 0 -3 -9 12
128 1 0 -6 -10 -5
129 1 1 -1 -14 14
130 1 1 -16 -12 4
131 0 1 10 14 15
132 1 1 -3 -6 -11
133 1 1 -5 15 15
134 1 1 -14 -9 -12
135 1 0 -8 0 6
136 0 1 6 -11 12
137 1 1 -4 12 -4
138 1 1 -14 2 0
139 1 0 0 -6 1
140 1 1 -12 11 -11
141 1 1 -7 -5 -5
142 1 1 -9 9 7
143 0 1 12 15 1
144 1 1 -16 13 3
145 1 1 -10 15 4
146 0 1 13 8 3
147 0 0 12 -6 15
148 1 0 -6 13 5
149 1 0 0 14 -5
150 1 1 -16 9 -7
151 0 1 14 11 0
152 0 0 4 -15 -2
153 0 0 1 -5 -16
154 0 1 9 -16 -2
155 0 0 11 7 -7
156 1 0 -1 4 -8
157 1 1 -11 0 -13
158 1 0 -6 14 -9
159 1 1 -11 -5 4
160 0 0 9 12 11
161 1 0 -15 5 6
162 0 1 9 15 -13
163 1 0 -2 5 10
164 0 1 2 -13 10
165 1 0 -10 -12 13
166 0 1 7 4 15
167 1 1 -7 -14 -4
168 1 0 -10 0 8
169 0 1 9 6 1
170 1 1 -5 -7 10
171 0 0 12 9 10
172 0 1 9 -7 3
173 1 1 -15 -13 7
174 1 1 -9 -12 -16
175 0 1 5 8 14
176 1 0 -16 -9 0
177 0 1 9 -11 -14
178 1 1 -8 -9 -11
179 1 0 -16 9 -7
180 1 1 -8 3 3
181 1 0 -4 7 10
182 1 1 -8 -15 -6
183 0 0 3 -16 15
184 1 1 -10 -8 14
185 1 0 -15 13 8
186 1 0 4 11 -16
187 0 1 15 -16 13
188 0 1 8 12 -5
189 1 1 -8 -4 15
190 1 1 -10 15 0
191 1 1 -7 -6 5
192 0 0 -4 6 9
193 1 0 -12 3 14
194 1 0 -13 -5 15
195 1 0 -8 5 15
196 0 0 3 3 15
197 1 1 -6 -2 -11
198 1 0 -9 -16 15
199 0 1 15 -8 15
200 1 0 -3 -1 15
201 1 0 -5 -7 -14
202 0 0 7 9 -14
203 0 1 11 -7 1
204 1 1 -11 -5 -9
205 0 1 15 9 -13
206 0 1 9 8 14
207 1 1 -16 12 3
208 1 1 -16 13 8
209 0 1 15 1 -16
210 1 1 -16 9 11
211 0 0 2 -5 12
212 0 1 9 4 -2
213 0 0 6 14 7
214 0 1 2 -16 6
215 1 0 -9 4 13
216 1 1 -12 9 13
217 1 0 -7 13 -7
218 0 1 3 7 1
219 1 0 -14 11 7
220 1 0 -11 0 7
221 0 0 12 15 -8
222 0 0 4 -13 -9
223 0 0 15 -11 -9
224 0 1 11 -1 -15
225 1 1 -7 1 10
226 1 1 -5 15 14
227 0 0 3 -10 -9
228 1 1 1 12 -11
229 0 1 15 -12 -12
230 1 1 -8 15 -14
231 1 1 -16 10 -13
232 0 0 12 -15 8
233 0 0 9 15 6
234 0 0 3 1 6
235 0 1 15 -2 5
236 0 1 13 -8 9
237 0 1 9 -12 9
238 1 0 -7 -15 8
239 1 0 3 -3 -8
240 1 1 -6 -4 4
241 1 0 -1 15 -11
242 1 0 -16 -2 -16
243 0 1 11 -11 10
244 1 0 -9 -10 10
245 0 0 4 -2 8
246 1 1 -16 2 -16
247 0 1 11 15 -9
248 1 1 -16 -5 10
249 0 0 8 4 -6
250 1 0 -9 7 -4
251 1 1 -9 -9 8
252 1 0 -8 -2 4
253 1 1 -5 -16 -15
254 0 1 4 12 -16
255 0 0 11 1 -14
256 0 0 9 7 -16
257 0 1 4 11 -16
258 1 0 -15 14 -11
259 1 1 -3 12 5
260 0 0 5 15 4
261 0 0 7 -12 10
262 0 0 15 -12 12
263 0 1 5 -5 -4
264 1 0 -9 -9 -1
265 1 1 -16 0 3
266 0 0 15 -6 13
267 1 0 -8 6 5
268 0 0 12 -16 -2
269 0 0 6 -11 -2
270 0 0 15 -16 15
271 0 1 15 6 3
272 1 0 -16 10 10
273 1 1 -10 -4 10
274 1 1 -8 10 8
275 1 1 -13 -12 -15
276 0 1 6 4 -3
277 0 0 10 -12 13
278 1 0 -9 -16 15
279 1 1 -7 -5 -11
280 0 1 15 6 -16
281 1 1 -3 -10 12
282 0 0 3 -13 -5
283 0 0 15 11 5
284 0 0 6 -8 -4
285 0 1 15 12 0
286 0 1 11 15 5
287 0 1 3 -16 8
288 1 0 -16 4 2
289 1 1 0 7 2
290 1 0 -13 9 9
291 1 1 -12 -6 -6
292 1 1 -8 3 12
293 1 1 -16 4 -16
294 0 1 5 11 -6
295 1 0 -7 5 -8
296 1 0 -16 1 -14
297 1 0 2 12 4
298 0 0 10 14 -13
299 1 1 -11 -3 -9
300 0 1 15 14 -16
301 1 1 -9 15 -6
302 0 0 6 6 14
303 0 0 10 -5 12
304 1 0 -9 5 1
305 1 0 -11 11 -12
306 0 0 9 -5 -7
307 0 0 15 15 15
308 0 0 14 15 -11
309 0 1 11 -9 -9
310 1 1 -13 11 -11
311 1 0 -6 15 7
312 0 0 11 -15 4
313 0 1 1 12 10
314 0 1 6 12 6
315 0 1 12 -15 -16
316 0 1 3 -7 15
317 1 0 -1 13 5
318 1 1 -8 -10 -11
319 1 0 -16 -11 -1
320 1 1 -11 8 15
321 1 0 -9 15 8
322 1 1 -6 15 11
323 0 1 9 15 10
324 0 0 7 -5 11
325 0 0 13 -8 -14
326 0 1 12 -16 3
327 0 1 11 12 14
328 1 0 -6 12 0
329 0 0 11 3 15
330 1 1 -12 7 -4
331 0 0 5 -5 -1
332 1 1 -16 0 0
333 1 1 -6 -5 11
334 1 0 -12 -1 -7
335 1 0 -12 -11 -16
336 0 1 14 8 15
337 0 1 10 12 -6
338 1 0 -11 13 5
339 1 0 -3 11 -3
340 0 0 10 15 12
341 0 0 5 -2 9
342 0 1 -1 -16 12
343 0 0 15 -16 -13
344 1 0 -10 -6 6
345 0 0 15 5 -4
346 0 1 9 -16 14
347 1 1 -4 5 -7
348 1 1 -9 3 -4
349 0 0 10 -5 -8
350 1 0 -3 2 12
351 1 0 -6 5 0
352 1 1 -13 3 -11
353 0 1 4 6 -8
354 1 1 -11 11 -4
355 1 0 -16 11 6
356 1 0 -15 -6 10
357 0 0 15 -16 -11
358 0 1 10 10 3
359 1 0 -3 7 -13
360 0 0 -3 6 -6
361 0 0 6 -16 -13
362 1 0 -15 14 15
363 1 1 -8 9 14
364 0 0 3 0 3
365 1 0 -15 -8 -11
366 0 1 8 9 7
367 0 0 15 3 -12
368 1 1 -8 2 1
369 0 0 8 -9 -16
370 0 1 10 -5 13
371 0 0 15 1 -6
372 0 1 8 -3 2
373 1 0 -10 7 -16
374 1 0 -2 12 -9
375 1 0 -10 11 -15
376 1 0 -10 -4 -4
377 0 1 3 -9 9
378 0 0 15 12 7
379 1 1 -16 12 9
380 1 0 -16 -9 -1
381 1 1 -6 -2 -7
382 1 0 0 -1 11
383 0 0 1 10 7
384 1 1 -5 1 12
385 0 0 7 13 -9
386 1 0 -16 13 15
387 1 1 -3 14 3
388 1 0 -16 -14 3
389 1 0 0 15 2
390 0 1 12 7 4
391 0 1 3 9 -15
392 0 0 2 15 -9
393 0 0 9 2 15
394 1 1 -16 -6 8
395 0 1 9 8 -11
396 1 0 -12 6 4
397 0 0 2 0 2
398 0 1 -1 -4 15
399 1 1 -4 1 -6
400 1 1 -13 -4 3
401 0 1 10 -7 -9
402 1 0 -5 -8 12
403 0 1 5 7 10
404 0 1 11 12 -16
405 1 1 -1 5 4
406 0 0 3 -6 3
407 1 0 -2 -14 0
408 1 0 -3 -11 12
409 0 1 -2 -1 0
410 1 1 -16 -7 -15
411 0 1 13 0 0
412 1 1 -4 -3 4
413 0 1 7 -7 6
414 0 1 -3 -12 -11
415 1 1 -8 -1 3
416 1 0 -10 10 11
417 0 0 13 -8 13
418 1 1 -14 15 -6
419 1 0 -13 15 10
420 1 1 -16 12 0
421 0 1 0 15 -16
422 1 1 -16 14 13
423 1 1 -12 15 -9
424 0 0 6 13 1
425 0 0 5 -7 -4
426 1 1 -11 4 -10
427 0 1 15 -13 -16
428 1 1 -4 15 -16
429 0 1 14 -15 -5
430 1 0 -14 11 7
431 1 1 -9 5 -3
432 1 0 -15 4 -6
433 0 0 14 6 14
434 1 1 -4 6 13
435 1 0 -3 1 7
436 0 1 15 2 11
437 1 1 -15 8 10
438 1 0 -6 0 13
439 0 1 15 -3 15
440 0 1 4 -15 15
441 1 0 -3 4 11
442 1 0 -16 5 -11
443 1 1 -10 9 7
444 1 1 -6 -13 13
445 1 1 -11 2 15
446 0 1 -5 11 -4
447 0 0 8 10 -16
448 1 1 -14 -14 -2
449 0 1 9 15 12
450 0 1 11 -15 6
451 0 1 7 3 11
452 0 0 -2 10 15
453 1 1 -3 10 15
454 1 0 -12 15 -8
455 1 0 -6 -14 15
456 0 0 9 -16 11
457 1 0 -8 -11 -13
458 0 0 3 -12 2
459 1 1 -5 10 9
460 0 0 12 15 1
461 1 0 -16 -5 15
462 1 0 -16 -3 4
463 1 0 -9 11 12
464 0 1 11 -16 -11
465 0 1 3 -16 -10
466 1 0 -14 5 -16
467 1 0 -16 -16 -10
468 0 1 9 15 -6
469 0 1 6 -12 4
470 0 0 2 4 -2
471 1 1 -11 -5 9
472 0 1 11 -11 0
473 0 0 7 4 -4
474 0 1 9 -4 -16
475 0 1 13 7 -16
476 1 0 -6 -12 3
477 1 1 8 -5 0
478 1 1 -16 -10 6
479 0 0 5 15 11
480 1 1 -15 8 -13
481 0 1 14 5 -12
482 1 1 -16 13 8
483 1 1 5 15 11
484 0 0 15 3 -10
485 0 1 9 -5 -10
486 0 1 15 -9 -2
487 1 1 -10 8 -5
488 1 1 -14 -5 -7
489 1 0 -13 -11 -8
490 0 0 15 -4 15
491 0 0 13 -1 -10
492 1 0 -9 -2 -12
493 0 0 14 -9 -6
494 0 0 6 -13 15
495 0 1 6 15 12
496 0 0 10 1 3
497 1 1 -4 -16 12
498 0 0 12 12 -14
499 0 1 14 7 1
500 0 1 1 -12 -14
501 1 0 1 11 13
502 1 1 -8 15 -11
503 1 0 -11 15 -3
504 0 0 8 7 15
505 0 1 15 -7 -5
506 0 1 2 -7 -16
507 0 1 5 -16 8
508 0 1 7 3 -16
509 0 1 2 -5 -15
510 0 1 5 3 11
511 0 0 10 12 -14
512 0 0 15 -10 -5
513 0 1 15 -7 15
514 1 0 -16 -5 15
515 0 1 15 15 -11
516 1 0 -2 -10 14
517 1 1 5 -14 13
518 0 0 2 -4 9
519 1 0 -4 4 -13
520 1 0 -16 -16 -12
521 0 1 14 13 14
522 1 1 -11 1 -12
523 1 1 -16 -7 -6
524 1 0 -5 9 -7
525 0 1 3 13 15
526 1 1 -6 -16 -14
527 1 1 -11 -5 -9
528 0 1 1 -7 15
529 1 1 -9 7 11
530 0 0 14 15 -8
531 1 1 -7 -14 -9
532 1 0 -9 -9 9
533 0 1 10 -7 -14
534 1 0 -6 13 -12
535 0 0 15 14 6
536 1 1 -8 -13 15
537 0 0 11 2 10
538 0 1 15 -10 15
539 1 0 -11 -14 -4
540 0 0 4 7 4
541 1 0 -16 -7 13
542 1 1 -6 15 12
543 0 0 10 3 -4
544 1 0 -11 -8 7
545 1 0 -12 -7 13
546 1 1 -7 2 11
547 0 0 12 -4 -16
548 1 0 -9 4 12
549 1 1 -7 5 -1
550 0 1 15 -11 15
551 0 0 14 11 12
552 1 0 -12 -7 6
553 0 1 0 -5 -16
554 1 1 -6 -16 -3
555 0 1 7 -8 -1
556 0 0 7 -12 -1
557 1 1 -7 -16 1
558 0 1 9 -5 15
559 1 0 -5 15 -10
560 0 1 0 10 -10
561 1 1 -16 -16 -16
562 0 1 10 8 -16
563 1 1 -16 15 -13
564 0 1 14 15 -11
565 1 0 -3 8 14
566 0 1 8 -15 -12
567 1 1 -4 -5 15
568 0 0 5 14 11
569 1 1 -10 -9 -13
570 0 0 5 -16 15
571 0 1 7 3 15
572 0 0 7 -4 12
573 0 1 6 10 2
574 1 1 2 -11 9
575 0 0 7 -3 2
576 1 1 -1 -5 6
577 0 0 11 -6 -15
578 1 1 -14 3 -14
579 0 0 11 15 13
580 0 1 6 15 -8
581 0 1 11 15 9
582 1 0 -9 -16 10
583 0 0 14 7 15
584 0 0 6 -16 -2
585 1 0 -16 -8 2
586 0 0 3 15 6
587 0 0 12 13 11
588 1 1 1 7 -13
589 0 1 7 -12 -12
590 1 0 -12 -10 -14
591 0 1 12 13 9
592 0 1 7 15 -9
593 0 0 15 -16 13
594 1 0 -15 2 -16
595 0 1 -5 -8 -7
596 0 1 13 -5 -12
597 1 1 -8 5 -13
598 0 1 1 13 -12
599 1 1 0 5 -4
600 1 1 -9 -12 -5
601 0 0 10 -12 2
602 0 1 1 -9 -11
603 0 0 5 4 -7
604 0 0 6 -2 11
605 0 0 11 13 -16
606 0 1 15 7 -3
607 0 0 3 -9 11
608 0 1 5 -12 -6
609 1 0 -1 8 -10
610 1 1 -16 2 -16
611 0 1 10 8 12
612 1 0 -9 9 -7
613 1 0 -16 -11 -4
614 1 0 -3 7 -7
615 0 1 7 15 -15
616 1 1 -5 -15 10
617 1 0 0 -5 -9
618 1 0 -10 15 -12
619 1 0 -10 12 -16
620 1 0 -16 14 5
621 0 1 2 2 10
622 0 1 9 -16 -4
623 1 0 -16 15 -9
624 1 0 -10 13 15
625 0 0 4 -10 -1
626 0 1 5 15 -14
627 1 0 -12 -1 -3
628 1 1 -7 11 -16
629 1 1 -7 -10 9
630 1 0 -8 -11 1
631 1 1 -4 15 -16
632 1 0 -3 11 1
633 1 1 -13 12 15
634 0 1 4 10 -7
635 0 1 15 -15 10
636 1 0 -16 9 13
637 0 0 -3 -11 6
638 0 0 15 -15 13
639 0 1 12 -6 -9
640 0 0 7 9 15
641 0 0 -5 4 -10
642 0 0 14 8 11
643 1 0 -12 -9 -3
644 0 1 10 -4 8
645 0 1 8 12 10
646 1 0 -6 9 10
647 0 0 13 -8 -8
648 0 1 14 -16 8
649 0 0 0 -2 -2
650 0 1 12 -16 9
651 0 0 7 9 -9
652 1 0 -5 10 -10
653 1 1 -9 10 15
654 1 0 -16 15 15
655 0 0 13 8 14
656 1 1 -9 -6 -5
657 1 0 -16 -14 12
658 0 0 2 -5 -16
659 0 0 14 -7 15
660 1 1 -11 -16 -16
661 1 0 -9 12 -6
662 1 0 0 9 10
663 1 1 -2 7 6
664 1 0 -12 -2 4
665 1 1 5 15 14
666 1 1 -6 -3 15
667 0 0 6 10 15
668 0 1 11 -8 9
669 1 1 4 1 15
670 1 1 -7 -3 -10
671 0 1 9 13 11
672 0 1 15 12 -3
673 1 0 -14 15 -6
674 0 0 -3 -4 -13
675 0 1 12 8 -16
676 1 1 -16 -16 -14
677 1 0 -8 9 7
678 1 1 -4 -11 -16
679 1 0 -3 -5 -6
680 0 1 5 -12 -16
681 1 0 -5 15 4
682 0 1 15 15 -1
683 1 1 -13 -6 -5
684 1 0 -1 -8 15
685 1 1 -12 5 10
686 0 1 12 -8 -12
687 0 0 4 -4 -10
688 1 1 -13 9 -7
689 0 0 6 15 -9
690 1 1 -8 -12 4
691 0 1 15 7 -7
692 0 1 6 -4 -5
693 0 1 1 4 9
694 0 1 9 13 15
695 1 0 -8 4 -2
696 0 1 6 -16 -6
697 0 1 8 15 -9
698 0 0 3 14 10
699 1 1 -16 12 -16
700 0 0 4 -11 -8
701 0 0 15 15 -1
702 1 0 -6 -5 3
703 0 1 6 -4 -16
704 1 1 -11 -3 -7
705 0 1 6 -2 -8
706 1 0 -13 3 5
707 1 0 -1 -1 12
708 1 0 -2 -15 -8
709 1 1 -14 5 8
710 1 1 -16 9 6
711 0 1 11 -16 9
712 1 0 -16 -6 12
713 0 1 8 -8 15
714 0 1 15 10 2
715 1 1 -8 1 -16
716 1 0 -9 5 -14
717 1 0 -7 -5 9
718 1 0 3 5 -11
719 0 0 11 7 15
720 0 1 12 3 -6
721 0 0 3 1 -16
722 1 0 -6 -15 8
723 1 1 -7 -6 -3
724 1 0 -9 7 1
725 1 0 -16 3 -12
726 1 0 -3 -2 -1
727 1 0 1 -3 -6
728 1 1 -12 11 -16
729 0 1 3 8 1
730 0 1 4 9 5
731 1 0 -10 -9 -13
732 0 1 10 -1 -5
733 1 0 -16 7 15
734 1 1 -5 -1 -3
735 0 0 6 -5 3
736 1 0 -7 -5 11
737 0 0 7 -16 -10
738 1 0 -2 8 -4
739 1 1 -16 -11 -6
740 0 0 1 13 1
741 0 0 9 -6 12
742 1 1 -8 -11 2
743 0 1 14 10 -2
744 0 0 7 15 -11
745 1 1 -16 15 -16
746 1 1 -16 6 7
747 1 0 -12 -1 -7
748 1 0 -10 15 -12
749 0 1 15 5 13
750 0 1 15 15 -16
751 0 0 12 7 15
752 0 0 6 11 -9
753 1 0 -6 -4 5
754 0 0 15 15 4
755 0 0 -6 -7 -13
756 1 1 -16 -3 3
757 1 1 -3 -4 1
758 0 1 10 15 5
759 1 0 -10 -16 8
760 0 1 15 -16 15
761 1 0 -14 -11 -5
762 1 1 -16 14 -12
763 0 1 3 -3 -9
764 0 1 -1 -15 -2
765 1 1 1 10 -10
766 1 1 -4 1 0
767 0 1 8 -8 -3
768 0 0 0 -13 12
769 1 0 -11 -3 14
770 0 1 15 6 8
771 0 1 4 11 15
772 1 1 -16 -3 -1
773 1 1 -15 15 8
774 1 0 -3 -16 11
775 0 1 8 -7 -3
776 0 1 7 8 -1
777 1 1 1 5 6
778 1 0 -13 6 -6
779 0 0 5 -15 -14
780 1 1 -14 -12 13
781 0 1 5 -9 -3
782 0 0 10 -10 9
783 0 0 14 9 -14
784 1 0 -6 13 2
785 0 1 13 15 -11
786 1 1 -8 3 13
787 1 0 -14 3 4
788 0 1 12 4 -4
789 1 1 -9 13 -16
790 0 0 4 -6 -9
791 0 1 6 12 15
792 0 0 9 5 15
793 0 0 8 -16 -1
794 0 1 15 -14 -7
795 1 0 -9 -3 9
796 0 1 12 15 13
797 0 0 -3 6 5
798 0 1 6 3 6
799 1 0 -7 -12 -11
800 1 1 -14 -9 0
801 0 0 8 -11 3
802 1 1 -7 -1 -10
803 1 1 -3 -8 4
804 1 0 -10 -9 9
805 0 0 11 -9 12
806 1 1 -1 13 -7
807 1 1 -5 -11 -13
808 0 1 11 2 7
809 1 0 -8 8 -13
810 1 0 2 -16 -2
811 0 1 8 0 13
812 0 1 9 12 -14
813 1 0 -16 4 7
814 1 1 -15 -8 8
815 0 0 7 -7 15
816 0 0 8 7 -14
817 1 1 3 15 3
818 0 1 6 7 0
819 0 0 0 0 -8
820 0 0 2 -7 12
821 1 1 2 2 -13
822 0 1 14 9 -1
823 1 0 -10 -12 10
824 0 0 15 9 9
825 0 1 15 -5 -2
826 0 1 15 3 -10
827 1 1 2 -2 -1
828 0 0 15 -7 -6
829 0 1 7 8 8
830 1 0 -7 10 -6
831 1 1 -5 -12 5
832 0 0 15 -16 -6
833 1 1 -11 1 8
834 0 0 15 -16 -16
835 1 1 -9 15 6
836 0 1 3 14 3
837 1 1 -5 -9 15
838 0 1 6 15 -1
839 1 1 -2 12 4
840 1 0 -16 -10 -3
841 1 0 -12 3 7
842 0 0 9 11 14
843 1 0 -16 -13 10
844 0 1 6 7 -7
845 0 0 15 -7 4
846 0 0 8 6 -13
847 1 0 -10 -9 15
848 0 1 14 -7 -4
849 0 1 4 4 2
850 1 0 -16 9 15
851 1 1 1 -13 -5
852 0 1 -3 -4 -10
853 1 1 -6 -2 8
854 1 0 -11 12 -7
855 1 0 -16 -1 -11
856 0 1 14 -8 7
857 0 0 6 8 15
858 0 1 7 10 -15
859 1 0 -12 6 0
860 1 0 -2 4 -15
861 1 0 -11 -8 12
862 1 0 -4 15 3
863 1 0 -16 -8 -15
864 1 1 -16 -12 2
865 1 1 -1 15 8
866 1 0 -10 11 -9
867 0 0 6 -16 14
868 0 1 9 15 -8
869 0 1 5 10 -2
870 0 0 3 -12 9
871 1 1 -8 12 -10
872 0 0 3 -16 13
873 0 1 15 1 -1
874 1 1 1 9 -10
875 0 1 8 6 15
876 1 0 -2 0 9
877 0 0 9 15 13
878 1 0 0 8 7
879 1 0 7 -16 3
880 1 0 -2 15 15
881 1 0 -15 0 12
882 1 0 -16 -10 14
883 1 0 -8 15 8
884 1 0 -2 13 12
885 1 0 -16 4 15
886 0 0 7 15 15
887 0 0 10 -8 13
888 1 0 -16 5 -4
889 0 0 8 -9 10
890 1 1 -16 15 -5
891 1 1 -11 5 -9
892 1 1 -6 7 10
893 1 1 -10 5 14
894 1 1 -5 7 15
895 0 1 6 12 -7
896 0 0 12 10 -12
897 1 1 -10 -9 -7
898 0 0 10 8 -4
899 1 0 -15 0 -12
900 0 0 5 5 4
901 0 0 4 6 -13
902 1 1 -7 5 -7
903 0 0 15 -16 7
904 0 1 6 -10 -8
905 1 1 -16 10 15
906 1 0 -4 -13 15
907 0 1 4 15 -4
908 0 1 -1 -16 -8
909 0 0 10 -2 -9
910 1 1 -14 -16 15
911 0 0 9 -13 9
912 1 1 -1 -3 1
913 0 1 5 -14 -7
914 0 0 13 -9 1
915 1 1 -6 -10 6
916 0 0 10 -16 0
917 0 0 15 -16 5
918 0 0 7 6 2
919 1 1 -16 13 -4
920 1 0 -14 -10 15
921 1 0 -5 13 -16
922 1 1 -12 -10 -14
923 1 1 -16 -2 -15
924 1 1 -9 4 -12
925 1 1 -8 11 -2
926 0 1 3 -13 -14
927 0 1 8 13 -7
928 1 0 -5 -9 15
929 0 0 13 -4 12
930 0 1 15 5 15
931 1 1 -16 13 -4
932 1 1 -16 -9 -11
933 0 0 8 -9 -13
934 0 0 -4 15 15
935 0 0 12 -16 -9
936 0 0 10 2 15
937 1 1 -8 -9 -4
938 0 0 -3 -8 -5
939 1 1 -8 -11 1
940 0 1 7 -4 14
941 1 0 -16 10 -12
942 0 0 12 1 -14
943 1 1 -5 4 5
944 1 1 -4 -3 -5
945 0 1 15 -16 3
946 0 0 4 -8 -15
947 0 1 7 -1 5
948 1 0 -6 -1 3
949 0 1 15 13 -7
950 1 1 -4 10 -12
951 1 1 -16 15 7
952 0 0 8 6 -12
953 1 1 -7 9 4
954 0 0 7 -11 -1
955 0 1 11 15 7
956 1 0 6 -16 -13
957 1 1 -12 4 8
958 1 1 -9 1 -2
959 0 0 0 3 -10
960 1 1 -5 12 -8
961 0 1 3 9 -11
962 1 0 -16 5 15
963 0 1 14 -14 -10
964 1 0 -1 -3 -7
965 0 0 15 8 8
966 0 1 7 6 3
967 0 0 10 -7 15
968 1 0 -7 8 -6
969 1 0 -8 -1 -15
970 0 0 7 -2 -14
971 0 1 11 15 -1
972 1 1 -14 -8 11
973 0 0 15 -10 -15
974 0 0 15 13 -15
975 0 0 10 -6 -4
976 0 1 13 14 -13
977 0 0 15 14 -7
978 1 1 2 6 6
979 0 1 14 -13 -14
980 1 1 -10 -8 -6
981 1 0 -10 -2 -15
982 0 0 7 6 -10
983 0 0 15 11 6
984 0 1 14 -16 7
985 0 1 14 -5 -4
986 1 1 -11 8 2
987 0 0 4 15 15
988 1 1 -4 -15 -13
989 1 0 -13 -9 9
990 0 1 5 -11 5
991 0 1 13 -4 0
992 1 0 -9 -7 -11
993 1 0 -7 11 8
994 0 1 14 -12 2
995 1 0 -13 6 7
996 1 1 -10 15 3
997 1 1 -11 9 12
998 1 1 -5 -7 -5
999 1 0 -4 3 -13
1000 1 1 -5 -13 -10
1001 1 0 -5 -11 -16
1002 1 1 -16 10 -3
1003 0 1 15 -7 -14
1004 0 0 5 -14 15
1005 0 0 11 -3 -16
1006 0 1 15 8 -9
1007 0 0 8 -14 13
1008 1 0 -16 -16 15
1009 1 1 -16 -16 7
1010 1 0 -5 4 -16
1011 0 1 9 -3 -9
1012 1 1 -13 -5 -12
1013 0 1 1 -8 -14
1014 1 1 -12 -7 -7
1015 0 1 1 2 2
1016 0 1 3 -12 -6
1017 0 1 7 4 -13
1018 1 0 -11 7 15
1019 1 1 -16 -12 -13
1020 1 1 -16 10 7
1021 1 0 -6 -3 15
1022 1 0 -2 -16 6
1023 0 0 15 -10 15
1024 1 0 -16 9 8
1025 1 0 -13 -16 14
1026 1 0 -7 -2 -2
1027 0 1 1 -16 -8
1028 1 0 -12 4 1
1029 1 0 -14 0 -4
1030 1 0 -15 7 8
1031 0 0 5 -7 15
1032 0 0 9 -14 -12
1033 0 0 13 9 -14
1034 0 1 15 -7 11
1035 0 0 15 13 13
1036 1 0 -14 1 2
1037 0 0 12 -5 13
1038 0 1 7 14 -8
1039 1 0 -6 13 10
1040 1 1 -4 -16 10
1041 1 0 -7 13 15
1042 0 1 11 15 15
1043 1 0 -3 -7 -1
1044 0 0 10 7 12
1045 0 0 10 -5 4
1046 0 1 10 15 10
1047 0 0 13 2 2
1048 0 1 1 -16 -11
1049 1 0 -11 15 0
1050 1 1 -5 -1 -10
1051 0 1 14 -14 3
1052 0 1 10 12 -11
1053 0 1 4 13 -4
1054 1 0 -8 10 -2
1055 1 1 -10 11 9
1056 1 1 2 -12 -5
1057 0 1 13 -9 4
1058 1 1 -5 -8 15
1059 1 1 -7 15 3
1060 1 1 -9 15 1
1061 1 0 -7 9 13
1062 0 1 4 10 7
1063 0 0 15 -6 -16
1064 1 1 -11 -7 -10
1065 0 1 14 -8 -10
1066 1 0 -13 0 7
1067 1 0 -12 8 9
1068 1 1 -1 6 15
1069 0 0 1 12 -6
1070 1 0 -16 0 7
1071 0 0 15 -6 14
1072 1 0 -13 -9 -12
1073 0 0 4 9 -9
1074 0 0 14 7 -10
1075 1 0 -14 4 2
1076 0 1 -6 -10 7
1077 0 1 8 10 -5
1078 1 1 -6 -5 11
1079 0 0 12 -13 14
1080 1 0 -4 -13 13
1081 0 0 6 -7 15
1082 0 0 13 -14 15
1083 1 1 -8 -1 4
1084 0 0 1 -3 10
1085 1 1 -6 10 9
1086 1 0 -15 -5 5
1087 1 0 -8 -3 -14
1088 1 0 -7 11 -10
1089 0 0 15 -5 -6
1090 1 0 -16 11 6
1091 1 1 -5 11 14
1092 0 0 12 0 15
1093 0 0 5 5 -16
1094 0 0 1 11 -16
1095 0 0 11 -5 7
1096 1 0 -8 3 15
1097 1 1 -13 11 3
1098 0 1 5 -11 -10
1099 1 1 -16 -16 -2
1100 1 0 -14 -2 6
1101 0 1 5 12 -16
1102 0 0 7 8 11
1103 1 0 3 15 0
1104 0 0 12 -2 15
1105 0 0 9 12 7
1106 1 0 -5 -9 -5
1107 1 0 -16 14 -6
1108 1 1 -15 -16 -1
1109 0 0 -5 5 12
1110 1 0 -16 1 9
1111 0 1 12 11 -6
1112 1 1 -11 2 -10
1113 1 0 -3 15 -5
1114 1 0 -11 -16 -7
1115 0 1 8 -7 -7
1116 0 0 5 15 -5
1117 0 0 4 -3 -8
1118 1 1 -12 -7 -11
1119 0 0 3 2 0
1120 0 0 15 10 -4
1121 1 1 -13 13 -13
1122 0 1 4 -7 12
1123 0 1 5 11 5
1124 0 0 12 7 -7
1125 1 0 -8 14 4
1126 1 0 -13 6 4
1127 1 0 -3 -16 -7
1128 0 0 15 -10 -7
1129 1 1 -13 -15 14
1130 0 1 15 -8 -5
1131 0 1 8 -14 -3
1132 1 0 -5 -7 -11
1133 0 1 -4 -16 5
1134 0 1 7 -16 -2
1135 0 0 5 0 15
1136 1 1 -10 10 15
1137 0 0 13 14 14
1138 0 0 9 -10 -11
1139 0 0 10 -13 -16
1140 0 0 10 -6 -2
1141 1 1 -6 -9 -16
1142 0 1 12 -3 7
1143 0 0 10 -7 -10
1144 0 0 15 10 -16
1145 0 1 15 -15 3
1146 1 0 2 -4 0
1147 1 0 -16 -4 10
1148 0 0 6 1 10
1149 0 1 11 11 -12
1150 1 0 -16 9 11
1151 1 0 -12 5 -9
1152 1 1 -16 -3 -8
1153 0 1 11 -15 -11
1154 1 1 -8 -2 -16
1155 0 1 13 0 -10
1156 0 1 13 -14 -3
1157 1 1 -15 -12 0
1158 1 0 -16 10 8
1159 1 0 -4 15 0
1160 1 0 -6 9 -10
1161 0 0 2 9 -16
1162 0 1 15 -15 9
1163 1 0 -10 11 12
1164 0 0 -4 -16 10
1165 1 1 -11 5 -4
1166 0 1 14 -12 -16
1167 1 1 1 8 2
1168 1 1 -3 14 15
1169 0 1 7 -14 13
1170 0 0 11 4 11
1171 0 0 15 11 -8
1172 1 1 -11 8 15
1173 1 1 -10 15 11
1174 1 0 -15 -9 -9
1175 0 1 8 -16 -3
1176 1 1 -14 -2 -8
1177 0 0 8 -8 6
1178 1 0 -14 2 -1
1179 0 1 13 10 10
1180 0 1 15 12 14
1181 1 0 -14 -16 9
1182 1 1 -12 1 7
1183 0 1 2 -2 12
1184 0 1 11 -3 -15
1185 0 1 5 8 7
1186 0 1 -6 2 -8
1187 1 0 -9 -7 1
1188 1 0 -14 -2 -10
1189 1 1 -11 -4 -5
1190 1 0 -9 -14 15
1191 0 1 13 8 -12
1192 1 0 -9 -9 -16
1193 0 0 8 -5 15
1194 1 1 -4 0 15
1195 0 0 13 -10 8
1196 0 1 14 -11 9
1197 0 1 2 11 1
1198 0 0 1 -8 3
1199 1 1 -7 -15 9
1200 0 1 15 2 2
1201 0 0 14 12 15
1202 1 0 -16 7 -6
1203 1 1 -12 3 12
1204 0 1 7 11 8
1205 0 1 2 -16 2
1206 1 1 -2 13 -1
1207 0 1 12 0 13
1208 0 1 -2 -15 -1
1209 1 0 -5 15 4
1210 0 0 15 7 -4
1211 0 0 7 -5 13
1212 1 1 -15 -16 -12
1213 0 0 10 15 -10
1214 0 1 10 1 -5
1215 0 0 13 -1 -4
1216 0 0 9 15 -6
1217 0 1 -1 1 -10
1218 0 0 8 -1 -7
1219 0 0 5 -6 -10
1220 1 1 -9 -16 -9
1221 1 0 -9 5 -12
1222 0 1 12 -14 13
1223 1 0 -16 4 4
1224 1 1 -8 15 -12
1225 1 0 -11 2 4
1226 1 1 -3 -9 15
1227 1 1 -14 7 -16
1228 1 0 -3 -16 -16
1229 1 0 -15 -12 10
1230 1 0 -5 9 -6
1231 1 1 -2 9 -16
1232 0 0 7 -16 15
1233 1 0 -12 -6 15
1234 0 1 6 14 4
1235 1 0 -4 -10 1
1236 1 0 -16 2 0
1237 1 0 -13 -10 14
1238 1 1 -3 -12 -3
1239 1 0 -10 1 -4
1240 0 1 4 -16 -13
1241 1 0 -4 6 8
1242 0 0 6 -16 4
1243 1 0 -16 2 -1
1244 1 0 -14 1 -9
1245 0 1 9 -3 -4
1246 0 0 1 9 12
1247 1 1 -11 -1 -14
1248 0 1 -4 -3 -8
1249 1 1 -12 -16 15
1250 0 0 8 -11 -11
1251 0 0 0 -7 -3
1252 0 0 8 10 -4
1253 1 1 -15 9 -5
1254 0 0 13 -1 -16
1255 1 1 -7 5 15
1256 0 0 10 -13 5
1257 0 0 0 9 15
1258 0 0 15 4 11
1259 0 1 11 -9 -16
1260 1 0 -15 8 13
1261 0 1 15 1 3
1262 0 1 9 -16 -11
1263 1 1 -10 0 -7
1264 0 1 11 14 -16
1265 1 0 -10 -14 15
1266 1 1 -3 -9 9
1267 1 0 2 15 10
1268 0 1 8 -3 5
1269 0 1 7 -10 4
1270 1 1 -3 1 9
1271 1 0 2 -6 -16
1272 0 0 14 15 13
1273 1 0 -9 5 -12
1274 1 0 -7 -16 15
1275 0 0 14 -16 -2
1276 1 1 -4 -11 15
1277 0 0 11 -16 -7
1278 1 1 -16 15 -16
1279 1 0 -3 -5 15
1280 1 1 -10 -10 -2
1281 0 1 6 -10 7
1282 0 1 10 -12 -1
1283 1 0 2 -14 11
1284 1 1 -6 6 0
1285 0 0 8 -12 6
1286 0 1 15 -16 13
1287 0 0 9 -15 -8
1288 1 1 -9 -13 -11
1289 0 0 15 -3 9
1290 0 0 5 -8 15
1291 0 0 6 10 -10
1292 1 0 -5 15 -10
1293 1 0 -9 -15 -8
1294 0 1 1 -2 -7
1295 1 1 -11 -16 15
1296 0 0 10 -8 -11
1297 0 1 -3 -13 5
1298 0 0 10 15 -2
1299 0 0 7 0 -11
1300 1 0 -4 -15 -5
1301 0 0 4 5 15
1302 1 1 -5 -5 7
1303 1 1 -14 7 -12
1304 0 1 5 12 3
1305 1 1 -7 -16 -9
1306 1 1 -10 -8 -10
1307 0 0 6 -9 -10
1308 1 1 -16 6 -7
1309 0 0 9 9 15
1310 1 1 -8 -6 -10
1311 1 1 -10 9 -4
1312 1 1 -16 12 4
1313 0 0 13 -8 -12
1314 1 1 -16 12 3
1315 1 1 -1 2 5
1316 0 0 8 -8 -16
1317 1 1 -12 -11 -10
1318 0 0 11 5 10
1319 1 1 -16 -14 -13
1320 1 1 -4 12 10
1321 1 0 -4 -9 1
1322 0 1 15 -2 -16
1323 1 0 -3 0 15
1324 0 0 7 4 -15
1325 1 0 -2 5 15
1326 1 1 -3 14 -4
1327 0 1 2 15 15
1328 1 0 -16 11 9
1329 0 1 5 -8 -16
1330 0 1 15 1 -9
1331 1 0 -10 -9 -6
1332 0 0 11 -7 1
1333 1 1 -14 -14 -16
1334 0 0 3 -5 -16
1335 0 1 15 -8 10
1336 1 0 -6 2 6
1337 0 1 8 -1 -16
1338 1 1 -13 5 -8
1339 1 1 -10 -13 6
1340 0 1 2 2 8
1341 0 1 15 -7 15
1342 0 0 8 9 -2
1343 1 1 1 9 11
1344 1 1 -8 11 15
1345 1 0 -9 -13 13
1346 0 0 15 15 -16
1347 0 0 11 -8 -4
1348 1 1 -16 -5 1
1349 1 0 -16 -12 15
1350 0 1 12 7 -8
1351 1 1 -14 -5 -3
1352 1 1 -14 13 1
1353 1 1 -10 -7 -1
1354 0 1 14 15 5
1355 0 0 15 -5 3
1356 1 1 -11 -10 4
1357 0 1 11 8 6
1358 1 0 -13 -15 8
1359 1 0 -14 15 2
1360 1 0 -16 -12 -13
1361 0 0 9 3 -16
1362 0 1 7 -16 -6
1363 0 0 13 15 -9
1364 1 0 -6 -16 -2
1365 1 1 -16 8 -13
1366 0 0 15 2 -16
1367 1 1 -4 -3 5
1368 1 0 -4 -6 13
1369 0 0 6 -7 13
1370 0 1 10 -5 -7
1371 0 0 14 12 8
1372 1 0 -12 7 -4
1373 1 0 -2 -5 11
1374 0 1 15 -8 -3
1375 0 1 1 7 7
1376 0 1 14 -12 -8
1377 0 0 15 3 14
1378 0 1 13 3 1
1379 0 0 14 -12 -2
1380 0 0 15 -1 -6
1381 0 1 11 -4 10
1382 0 1 -1 3 -2
1383 0 0 -9 -3 -2
1384 1 1 -6 -11 -16
1385 0 0 1 8 13
1386 0 0 5 7 5
1387 0 1 10 -16 12
1388 0 0 7 -4 -6
1389 1 0 -16 10 -2
1390 1 1 -4 -7 -6
1391 0 1 15 10 9
1392 1 1 3 7 -12
1393 1 1 -5 -7 -7
1394 0 1 4 -16 10
1395 1 0 -7 -13 -10
1396 0 0 13 -2 -5
1397 0 0 3 -16 0
1398 0 0 11 8 9
1399 1 0 -15 14 -4
1400 1 1 -16 0 -4
1401 1 0 -14 -2 11
1402 0 0 4 6 15
1403 0 0 5 13 -15
1404 0 1 10 6 5
1405 1 0 -16 -9 -13
1406 0 0 11 6 -15
1407 0 1 9 -16 13
1408 0 1 15 10 -16
1409 0 0 4 4 14
1410 0 1 11 -16 -9
1411 0 0 7 -12 15
1412 0 0 8 -8 -12
1413 0 1 2 -2 9
1414 0 0 15 -12 -9
1415 0 1 -4 8 5
1416 1 0 -10 -16 -12
1417 0 1 6 -16 13
1418 1 0 -4 -7 -16
1419 1 0 -13 2 -2
1420 0 0 3 -10 -16
1421 1 0 -7 7 -2
1422 1 1 -16 3 3
1423 0 0 5 -8 -4
1424 1 0 -3 -4 -8
1425 0 0 10 2 -16
1426 0 1 15 8 13
1427 0 1 15 -11 -5
1428 1 1 -7 10 -6
1429 1 1 -16 1 7
1430 0 1 13 -16 12
1431 1 0 -8 -7 -8
1432 0 1 12 4 -14
1433 1 1 -16 -3 -15
1434 0 0 9 -9 15
1435 0 1 1 1 -8
1436 1 0 -8 9 -2
1437 1 1 -6 -12 -16
1438 0 1 -4 -9 8
1439 1 0 -9 -11 -7
1440 1 1 -7 10 15
1441 1 1 -10 5 8
1442 1 1 -1 5 1
1443 1 0 -7 -9 4
1444 1 1 -7 8 8
1445 0 1 10 8 7
1446 0 0 7 14 15
1447 0 0 5 7 -1
1448 0 1 9 4 3
1449 1 0 -12 -7 -13
1450 1 1 -6 -16 14
1451 0 0 5 -9 -16
1452 1 1 -16 13 -5
1453 0 0 -4 6 -8
1454 1 1 -14 -1 13
1455 0 0 15 3 -16
1456 1 0 -1 1 -1
1457 0 0 5 0 -10
1458 1 1 -7 5 -15
1459 1 0 -8 12 -8
1460 0 0 15 13 -16
1461 1 1 -8 9 -6
1462 1 0 -12 13 1
1463 1 1 -10 -11 6
1464 0 1 14 -12 -10
1465 1 1 -16 -10 -12
1466 1 1 -16 6 8
1467 0 0 15 -15 -3
1468 0 1 7 0 8
1469 0 1 15 -11 10
1470 0 1 15 3 15
1471 0 1 -3 -2 -13
1472 0 0 6 15 -8
1473 1 0 -12 1 14
1474 0 1 7 0 15
1475 0 1 13 12 -11
1476 1 1 -8 15 14
1477 0 0 7 13 9
1478 0 1 7 -13 -11
1479 0 1 7 -16 -3
1480 0 1 5 -16 12
1481 0 1 2 15 12
1482 1 0 -5 4 -16
1483 0 1 7 -2 -3
1484 1 0 -7 0 1
1485 1 1 -12 6 -7
1486 1 1 -16 -6 8
1487 0 1 12 -4 -9
1488 1 1 6 -10 0
1489 0 0 14 -8 -11
1490 0 1 5 0 5
1491 1 0 -11 -16 13
1492 1 1 -5 7 -13
1493 1 0 -12 9 7
1494 1 0 -11 2 -15
1495 0 1 13 10 -15
1496 0 1 7 0 -11
1497 1 0 -16 3 9
1498 0 0 7 -4 15
1499 1 0 -13 15 -9
1500 0 1 14 -4 6
1501 0 0 15 -14 -16
1502 1 0 -2 4 -5
1503 1 0 -6 -8 -8
1504 0 0 -5 6 11
1505 1 0 -8 7 -16
1506 0 0 3 -3 15
1507 0 0 8 -9 6
1508 0 1 12 -6 9
1509 1 1 -5 7 0
1510 0 1 5 15 -6
1511 0 0 8 12 -16
1512 1 0 -16 2 15
1513 1 1 -12 -12 9
1514 0 0 5 -16 15
1515 0 1 -4 -7 13
1516 0 0 7 15 1
1517 0 0 9 -11 15
1518 1 1 -4 3 -14
1519 0 1 12 14 9
1520 0 1 -1 15 -14
1521 1 1 -8 0 2
1522 0 0 -7 -16 -5
1523 1 1 -9 -8 13
1524 1 1 -11 -8 -8
1525 1 0 -13 -4 10
1526 1 1 -16 -16 8
1527 0 0 7 1 11
1528 1 0 -11 -15 -4
1529 0 1 4 -16 15
1530 1 1 -4 -3 14
1531 0 0 5 -6 -16
1532 0 0 -9 -12 6
1533 1 1 -15 -9 -4
1534 1 1 -6 12 7
1535 0 0 13 -1 9
1536 1 1 -6 15 -7
1537 1 0 -2 12 11
1538 0 0 15 -6 -8
1539 0 0 -3 15 3
1540 1 0 -3 -5 8
1541 0 1 12 -12 8
1542 0 1 13 15 14
1543 1 1 -5 14 -8
1544 0 0 11 13 -12
1545 0 0 5 0 15
1546 1 0 5 9 -8
1547 0 0 12 -5 15
1548 0 0 15 1 8
1549 0 1 13 -9 12
1550 1 1 -9 -16 9
1551 0 1 0 -1 -5
1552 0 0 -1 -12 -7
1553 1 0 -11 -16 13
1554 0 1 12 -10 14
1555 1 0 -10 3 9
1556 0 0 7 7 -9
1557 1 0 -3 -12 -4
1558 0 0 5 11 -8
1559 0 1 11 -9 -16
1560 0 0 13 15 -16
1561 0 0 2 15 -11
1562 0 0 -2 -9 7
1563 1 0 6 6 -6
1564 1 1 -3 10 -16
1565 1 0 -9 7 13
1566 0 0 3 -2 6
1567 0 0 11 -9 -16
1568 0 0 7 -16 -6
1569 0 0 7 -6 -4
1570 1 0 -5 -6 10
1571 0 0 10 -7 -8
1572 0 0 11 -3 15
1573 0 0 12 12 3
1574 1 0 1 11 -13
1575 1 1 -2 -11 15
1576 0 1 15 -13 12
1577 1 0 -5 -14 1
1578 0 1 3 -4 -15
1579 1 0 -9 6 15
1580 1 1 -15 3 -16
1581 1 0 -2 0 -4
1582 0 0 15 -16 7
1583 1 1 -4 8 14
1584 0 0 14 0 14
1585 0 1 12 11 15
1586 1 0 -1 -11 -16
1587 0 0 14 15 4
1588 0 0 14 -16 10
1589 1 1 -5 -11 0
1590 0 0 2 15 -7
1591 1 1 -4 -12 -16
1592 0 1 15 -5 -12
1593 0 1 -3 4 -12
1594 0 1 1 -16 -10
1595 1 0 -15 -9 14
1596 1 1 -8 -11 -7
1597 1 0 -16 -16 -15
1598 1 0 -9 -12 15
1599 0 1 11 3 1
1600 1 1 -3 -8 -15
1601 0 0 15 -1 -1
1602 0 1 15 9 -6
1603 0 1 12 -11 5
1604 0 0 -1 11 -10
1605 0 0 6 15 -12
1606 0 1 6 -15 12
1607 0 0 7 -7 10
1608 0 0 6 -7 13
1609 0 0 15 15 13
1610 0 1 8 -13 -16
1611 0 0 8 10 0
1612 0 0 7 12 -2
1613 1 1 -13 4 -12
1614 1 1 -1 7 -16
1615 1 0 -12 -7 3
1616 0 0 2 -7 12
1617 0 0 15 4 -7
1618 0 1 11 -16 10
1619 1 0 -8 -10 -15
1620 0 1 15 8 10
1621 0 0 11 5 -10
1622 0 1 15 -6 0
1623 0 1 15 -12 15
1624 1 1 -10 15 9
1625 1 0 -7 -13 13
1626 0 0 2 14 -9
1627 1 0 -8 3 -7
1628 1 0 -9 -6 -8
1629 1 0 -9 14 3
1630 1 1 -3 -3 12
1631 1 0 3 -8 15
1632 1 1 -16 5 15
1633 0 0 2 -13 -15
1634 1 0 -9 4 3
1635 1 0 -12 7 4
1636 0 1 1 -11 3
1637 0 0 10 13 -8
1638 0 0 0 11 7
1639 0 1 10 -2 -8
1640 1 0 -9 7 -10
1641 1 0 -14 15 9
1642 1 0 -11 11 -16
1643 1 1 -3 -11 -5
1644 0 1 6 -14 -1
1645 1 1 -16 -10 -9
1646 0 1 15 -6 -4
1647 0 1 6 -1 -8
1648 0 1 13 1 -4
1649 0 1 13 3 -15
1650 1 1 -16 -10 -16
1651 1 0 -4 -12 9
1652 1 1 -16 -5 -9
1653 0 0 5 0 -15
1654 0 0 15 5 9
1655 0 1 13 -2 -5
1656 1 1 -13 12 -16
1657 0 1 10 -11 9
1658 0 0 14 -9 8
1659 0 1 14 -15 -8
1660 0 0 12 9 15
1661 1 0 -6 10 -14
1662 0 0 15 13 -1
1663 1 0 -3 6 15
1664 1 1 -5 2 8
1665 1 0 -13 -15 -16
1666 0 0 14 -15 15
1667 1 1 -5 -7 -11
1668 0 0 7 -11 -14
1669 1 1 -4 11 -16
1670 1 0 3 -1 -10
1671 0 0 6 15 -2
1672 1 1 -9 15 -14
1673 0 0 11 11 -8
1674 0 0 2 -4 3
1675 1 1 -5 10 -16
1676 1 0 -9 15 -16
1677 1 1 -5 7 4
1678 1 0 -6 -12 -5
1679 1 1 -6 14 0
1680 0 1 8 10 -16
1681 0 1 15 6 9
1682 0 1 10 7 2
1683 0 1 7 8 15
1684 0 0 2 12 3
1685 1 0 -6 -10 -10
1686 1 0 -7 -5 -12
1687 0 1 6 -10 9
1688 0 0 11 -13 11
1689 0 0 14 6 12
1690 0 0 13 1 8
1691 1 1 -11 -13 -16
1692 1 0 -7 -7 15
1693 1 1 -9 -16 15
1694 0 0 1 0 11
1695 0 0 10 8 -13
1696 1 0 -6 6 -3
1697 0 1 8 -16 8
1698 1 0 -16 -3 9
1699 0 0 12 6 12
1700 0 0 15 13 3
1701 1 1 -11 7 -7
1702 1 0 -14 9 15
1703 1 0 -10 -5 -7
1704 1 0 -13 13 12
1705 0 0 15 10 10
1706 1 0 -11 0 -5
1707 0 0 4 6 -1
1708 0 1 0 -9 4
1709 1 0 -15 -13 3
1710 0 1 13 15 -9
1711 1 0 -9 -15 7
1712 0 0 15 -4 -8
1713 0 0 4 -12 -4
1714 0 0 7 -4 15
1715 0 1 14 12 15
1716 1 1 -9 -14 14
1717 0 1 15 -9 -15
1718 0 1 10 11 12
1719 0 0 10 -5 -5
1720 1 1 -6 -7 -2
1721 0 1 8 5 -2
1722 1 0 -8 -6 -14
1723 0 0 7 -16 -8
1724 1 1 -16 -16 -3
1725 1 1 -16 10 10
1726 1 1 -4 14 3
1727 1 0 -9 15 -16
1728 0 0 5 1 9
1729 1 1 -10 8 -13
1730 1 1 -3 15 15
1731 0 1 11 9 -16
1732 0 1 15 -8 -6
1733 0 1 9 -10 11
1734 1 0 -9 7 -9
1735 0 1 9 -2 0
1736 0 1 10 11 0
1737 1 0 -14 -16 2
1738 0 0 4 12 3
1739 0 0 6 -7 7
1740 0 0 0 15 -8
1741 1 1 -8 -8 15
1742 1 0 -2 15 -16
1743 0 0 9 6 4
1744 1 0 -16 -14 -13
1745 1 1 -16 -13 -16
1746 0 0 -3 -16 -9
1747 0 0 9 -5 -4
1748 1 0 -16 -7 8
1749 0 0 10 -6 -16
1750 0 0 10 -14 10
1751 1 1 -6 -12 -14
1752 1 1 -10 13 6
1753 0 1 15 -13 -12
1754 0 1 7 -2 3
1755 0 0 6 -4 -6
1756 0 1 14 15 15
1757 0 1 7 0 2
1758 0 0 9 3 0
1759 1 1 -10 -7 -1
1760 0 0 12 -14 12
1761 1 0 -11 -1 -16
1762 0 0 10 -4 -12
1763 1 1 -16 7 4
1764 1 1 -5 -6 6
1765 1 0 0 4 15
1766 1 0 6 0 -16
1767 1 1 -3 12 -7
1768 0 1 15 -10 -3
1769 0 1 0 1 -11
1770 1 1 -1 -12 2
1771 1 0 -5 15 15
1772 1 0 -12 -1 15
1773 1 1 -1 -12 14
1774 1 0 -10 1 -4
1775 0 0 5 -12 6
1776 1 0 -10 8 11
1777 1 0 -12 5 6
1778 0 0 7 -7 -2
1779 1 0 -2 -14 -8
1780 0 1 -1 15 -9
1781 0 0 15 9 -11
1782 0 1 -1 -10 14
1783 0 0 10 2 13
1784 1 1 -4 -1 3
1785 0 0 7 -2 11
1786 1 0 -6 -12 5
1787 0 1 7 15 -16
1788 1 0 -13 15 10
1789 1 1 -13 -13 -10
1790 0 0 4 -6 1
1791 0 0 15 6 5
1792 0 0 1 -7 -13
1793 0 0 2 15 14
1794 0 1 7 9 -3
1795 0 1 10 -5 14
1796 1 1 -6 -1 3
1797 0 0 15 -16 10
1798 0 0 15 -8 -16
1799 0 0 4 -13 15
1800 1 1 -16 -11 -14
1801 1 1 -11 15 13
1802 1 1 0 15 -16
1803 0 0 10 -13 13
1804 1 0 -12 -16 -8
1805 1 1 -2 -16 -10
1806 0 1 15 15 -12
1807 0 0 -5 6 9
1808 1 0 -16 0 8
1809 0 1 11 2 8
1810 1 1 -3 -14 5
1811 1 0 -10 -16 15
1812 0 1 -4 5 10
1813 0 0 -3 7 -4
1814 1 1 -1 12 -14
1815 0 0 13 7 7
1816 1 1 -14 9 -3
1817 1 0 -4 -9 -13
1818 1 1 -16 -1 -5
1819 0 1 15 15 9
1820 1 1 6 -8 -3
1821 0 0 6 -13 -3
1822 0 0 3 12 7
1823 1 1 -4 12 -3
1824 0 0 7 10 -11
1825 1 0 -15 1 13
1826 1 0 -1 11 -7
1827 0 1 5 12 2
1828 0 0 8 -1 7
1829 1 0 -14 8 0
1830 1 0 -16 13 0
1831 0 0 9 -6 -2
1832 1 1 -8 -8 13
1833 0 1 -5 11 -1
1834 0 1 15 4 -12
1835 0 1 11 -9 8
1836 0 1 5 -16 14
1837 1 1 -13 12 -2
1838 0 1 2 13 -7
1839 1 1 -5 -9 5
1840 1 1 -11 -9 -8
1841 1 0 -13 -2 -5
1842 0 0 15 -13 -10
1843 1 0 -4 6 13
1844 0 1 15 -11 -5
1845 1 1 -16 3 6
1846 1 0 -6 6 1
1847 0 0 9 -16 -3
1848 0 1 0 14 -4
1849 1 1 -12 -16 -16
1850 1 0 -3 11 -4
1851 0 0 3 13 -8
1852 1 1 -16 -12 -6
1853 0 0 13 3 -16
1854 1 1 -12 15 9
1855 1 0 -14 -1 14
1856 0 0 0 -4 14
1857 0 0 6 12 14
1858 0 1 5 -9 -9
1859 0 1 15 15 -11
1860 0 0 7 10 3
1861 0 0 9 -13 -9
1862 0 1 12 -9 1
1863 0 1 4 -1 7
1864 1 0 -12 -5 -14
1865 1 0 -8 12 -3
1866 1 0 -13 1 -16
1867 0 0 4 -6 7
1868 1 0 -16 3 -9
1869 0 1 4 7 -14
1870 0 0 14 4 6
1871 0 1 12 -16 -16
1872 0 1 14 -7 13
1873 1 1 -14 8 -13
1874 1 1 -13 -16 -1
1875 0 0 4 6 -11
1876 0 1 11 -9 9
1877 0 0 14 12 12
1878 0 1 5 11 -16
1879 0 1 3 -16 -10
1880 1 0 -5 14 -4
1881 0 0 10 -4 -11
1882 1 0 -14 5 15
1883 0 1 -2 -16 12
1884 0 1 4 -10 -7
1885 0 1 13 -16 13
1886 1 1 -6 -16 -15
1887 1 0 -12 10 1
1888 1 1 -16 11 9
1889 1 1 4 8 -10
1890 0 1 9 2 9
1891 1 1 -15 15 -13
1892 1 1 -7 12 -6
1893 0 1 8 15 15
1894 1 1 -13 7 8
1895 1 0 -10 7 -2
1896 0 0 5 13 6
1897 0 0 10 -10 12
1898 1 1 -4 2 7
1899 0 1 10 -7 -2
1900 1 1 -16 7 -11
1901 1 1 -16 12 9
1902 0 1 15 -16 -7
1903 1 1 3 -12 -10
1904 0 1 13 -1 8
1905 0 1 8 15 11
1906 1 1 -3 13 6
1907 1 1 0 4 1
1908 0 0 9 -6 -11
1909 0 1 5 -6 -5
1910 0 1 8 11 15
1911 0 0 8 -16 -13
1912 0 0 4 2 -13
1913 1 1 -16 5 10
1914 0 0 7 15 14
1915 0 0 14 0 8
1916 1 1 -4 8 0
1917 0 0 3 2 13
1918 0 0 15 -4 3
1919 1 1 1 7 -16
1920 0 0 1 13 11
1921 0 1 9 -2 7
1922 0 0 1 7 -8
1923 0 0 5 8 8
1924 1 0 -4 -13 -6
1925 1 0 -8 -16 11
1926 0 0 0 -9 13
1927 0 0 4 7 -12
1928 0 0 15 8 -10
1929 0 0 7 -16 -16
1930 1 0 -9 -12 13
1931 0 1 2 14 13
1932 0 1 13 -2 -12
1933 0 0 15 -10 -14
1934 1 0 -7 13 15
1935 0 0 13 -11 -2
1936 1 1 3 6 -16
1937 0 1 15 2 -7
1938 1 1 -11 10 -10
1939 0 0 9 -13 15
1940 1 0 -16 9 7
1941 1 0 -10 15 -6
1942 1 1 -8 5 11
1943 1 0 -12 -11 2
1944 0 0 -3 -3 -1
1945 0 0 11 15 -9
1946 0 1 11 -11 -10
1947 1 1 -3 -10 8
1948 0 1 3 15 0
1949 0 1 15 6 11
1950 0 0 5 -8 14
1951 0 0 11 -15 -15
1952 0 1 12 -12 7
1953 0 1 13 15 6
1954 1 1 -10 15 15
1955 0 0 15 -3 5
1956 0 1 15 -7 4
1957 1 0 -14 15 -5
1958 0 0 11 -1 15
1959 1 1 -12 15 -16
1960 1 1 -7 10 15
1961 1 1 -14 13 -2
1962 1 0 -14 -7 8
1963 0 0 4 -8 -16
1964 0 0 14 10 13
1965 1 1 -13 9 -12
1966 1 0 -16 6 2
1967 1 1 -3 15 -7
1968 0 1 10 14 4
1969 0 1 9 15 8
1970 0 1 12 3 15
1971 1 1 -7 -2 -10
1972 0 1 5 12 2
1973 0 1 7 -6 -16
1974 1 1 -3 -13 -7
1975 0 1 11 8 12
1976 0 1 12 9 9
1977 1 1 -7 1 10
1978 0 0 3 -7 15
1979 1 1 -3 -5 11
1980 0 1 15 2 15
1981 1 1 -15 -7 -2
1982 1 0 -12 10 -4
1983 1 1 -16 -8 -13
1984 1 0 -2 -8 -9
1985 1 0 -13 13 -16
1986 1 1 -2 15 -12
1987 1 0 -11 15 -7
1988 0 1 11 15 10
1989 1 1 -7 -2 -16
1990 0 0 11 -1 6
1991 0 1 15 1 7
1992 0 1 15 9 -5
1993 1 1 -6 14 15
1994 1 1 -16 2 -10
1995 1 0 -4 3 11
1996 0 0 10 -16 -10
1997 0 0 8 10 8
1998 0 1 3 -16 -16
1999 1 0 -10 -15 1
2000 1 0 -8 -2 11
2001 0 0 13 2 -7
2002 1 1 -9 -10 -7
2003 1 0 -8 7 10
2004 0 1 7 8 -4
2005 0 0 14 1 -7
2006 1 1 -1 -16 -10
2007 1 1 -16 -16 14
2008 0 0 14 -12 -4
2009 0 0 3 -8 -8
2010 1 1 -16 -11 2
2011 0 1 10 -10 -16
2012 0 1 11 -9 -16
2013 1 0 -11 -10 -12
2014 0 0 14 -9 6
2015 0 1 7 -16 -9
2016 0 1 -2 15 3
2017 1 1 -8 4 12
2018 1 1 -13 -7 7
2019 1 0 -1 14 -3
2020 0 1 9 6 15
2021 0 0 6 7 0
2022 0 0 4 12 1
2023 1 0 -6 -16 5
2024 0 0 9 14 -11
2025 1 1 -10 5 12
2026 1 0 -8 -3 -11
2027 0 0 11 -6 -14
2028 0 0 7 12 -7
2029 1 1 -16 9 -14
2030 1 1 0 -6 8
2031 0 0 4 1 -9
2032 0 1 15 15 11
2033 1 1 -16 3 -3
2034 0 1 3 15 13
2035 1 1 -12 15 -11
2036 0 1 1 -12 15
2037 1 1 -16 -16 -2
2038 0 1 5 0 -7
2039 1 0 -6 -14 -8
2040 0 0 10 -16 -8
2041 1 1 -14 -8 -10
2042 0 1 14 -12 15
2043 0 0 12 -9 -16
2044 0 0 7 10 -12
2045 0 1 11 -10 15
2046 1 1 -6 2 -9
2047 1 1 -10 -1 -6
2048 1 0 -4 -16 -8
2049 1 0 -2 -9 -11
2050 0 0 15 13 1
2051 0 0 15 1 -10
2052 0 1 6 -9 -13
2053 0 1 7 -14 -5
2054 1 1 0 4 -9
2055 1 0 -11 -16 13
2056 1 1 -16 -7 -9
2057 0 0 15 -2 -4
2058 1 1 -16 14 -8
2059 1 1 -11 -16 15
2060 0 0 7 5 -10
2061 1 1 -13 -3 1
2062 1 0 -4 -12 -12
2063 1 1 -1 7 1
2064 0 0 12 9 -6
2065 1 1 -1 -1 13
2066 0 0 12 2 -13
2067 0 0 9 -9 -6
2068 1 0 -8 -9 -1
2069 1 0 -5 -5 7
2070 1 0 0 -16 -16
2071 0 0 4 15 11
2072 0 1 15 5 -11
2073 0 0 1 -5 -5
2074 0 1 13 2 -10
2075 0 1 3 -4 -2
2076 1 1 -2 -8 9
2077 0 1 5 -16 9
2078 0 0 12 -8 7
2079 1 1 1 -4 15
2080 1 1 -13 15 4
2081 0 1 15 -7 -16
2082 0 0 14 -8 -12
2083 1 0 -13 -4 12
2084 1 1 -7 -5 1
2085 1 0 -4 -15 15
2086 0 1 8 -3 13
2087 1 1 -6 13 1
2088 1 1 -10 0 1
2089 1 0 -11 -6 -10
2090 0 1 9 -9 -16
2091 1 1 -13 5 15
2092 1 1 -10 -16 5
2093 1 1 -6 -15 9
2094 0 0 15 -4 15
2095 1 1 -8 6 15
2096 1 1 0 -13 11
2097 1 0 -15 -9 2
2098 1 1 -16 9 8
2099 1 1 -3 14 9
2100 1 0 -3 8 6
2101 0 0 4 15 -14
2102 1 0 -4 0 -9
2103 0 1 15 -4 11
2104 1 0 -2 -16 7
2105 0 1 10 3 -9
2106 1 1 2 -14 -9
2107 1 1 -11 15 13
2108 0 1 15 7 0
2109 0 1 15 8 7
2110 1 1 -3 -15 -5
2111 0 0 14 13 -5
2112 0 0 9 -10 10
2113 1 0 -6 -12 -10
2114 0 1 7 9 -16
2115 1 1 -3 1 -13
2116 1 1 -16 8 -12
2117 1 1 -9 -8 -16
2118 0 1 11 2 -6
2119 0 1 15 -1 -16
2120 1 1 -6 -3 0
2121 0 0 3 11 3
2122 1 1 -10 -14 -11
2123 1 0 -14 5 -7
2124 0 0 4 9 2
2125 1 0 -9 -3 -11
2126 0 0 15 6 13
2127 1 0 -13 12 4
2128 1 0 -8 -16 -13
2129 1 1 -12 10 9
2130 0 1 15 11 15
2131 0 1 14 15 7
2132 0 1 9 13 -8
2133 1 1 -6 -5 6
2134 1 1 -10 -12 -8
2135 1 1 4 7 -8
2136 0 0 5 -13 -7
2137 1 0 3 0 -7
2138 0 0 8 -8 5
2139 1 0 -16 5 3
2140 0 0 -1 -3 -4
2141 1 1 -9 8 -7
2142 0 0 0 -16 -15
2143 1 0 -12 3 1
2144 0 0 15 -12 -6
2145 0 0 6 -13 9
2146 1 0 -8 4 7
2147 0 1 15 3 7
2148 1 1 -15 -2 6
2149 0 1 15 8 -8
2150 0 1 10 -4 14
2151 0 0 3 -5 1
2152 1 0 -7 -16 5
2153 1 0 -10 7 15
2154 0 0 4 6 15
2155 1 0 -16 -7 10
2156 0 0 3 0 10
2157 1 0 -12 3 11
2158 1 0 -16 -10 5
2159 1 1 -7 15 -4
2160 0 0 7 5 15
2161 0 1 10 4 -5
2162 0 0 15 12 7
2163 1 1 -9 -6 11
2164 0 0 -7 10 -10
2165 1 0 -7 6 5
2166 0 1 11 10 4
2167 0 0 14 -11 -16
2168 0 0 15 -16 4
2169 1 1 -4 10 12
2170 0 0 1 0 8
2171 1 1 -6 -11 9
2172 0 0 13 11 -14
2173 1 1 -10 7 -16
2174 1 1 -15 -10 -8
2175 1 1 -8 6 -10
2176 1 1 -3 -9 -13
2177 1 0 -9 -4 11
2178 1 0 -7 9 7
2179 1 0 -13 7 -4
2180 1 0 -10 7 -9
2181 0 0 9 15 -14
2182 1 0 -14 4 7
2183 0 1 7 -16 4
2184 0 0 0 -5 11
2185 1 1 -12 -16 1
2186 1 1 -12 4 7
2187 0 0 -1 6 10
2188 0 0 1 15 -1
2189 0 1 7 5 15
2190 0 0 9 11 -1
2191 1 1 -9 5 15
2192 1 0 -16 1 -2
2193 1 1 -4 7 15
2194 1 1 -6 13 10
2195 1 1 -6 10 8
2196 1 0 -5 1 15
2197 0 0 -3 -6 -12
2198 1 0 -14 -8 -11
2199 0 1 3 -16 -5
2200 1 1 -16 11 -4
2201 0 1 6 8 -7
2202 1 1 -9 -13 3
2203 1 1 -13 -4 11
2204 0 1 4 3 2
2205 0 0 13 -9 9
2206 0 1 3 2 10
2207 0 0 15 -11 -12
2208 0 0 15 12 2
2209 0 0 15 5 4
2210 1 0 -11 -3 -11
2211 0 1 9 -4 7
2212 1 1 -8 -10 0
2213 1 0 -2 -7 -13
2214 1 0 -16 -4 11
2215 1 1 -15 -5 -16
2216 1 1 -16 -2 15
2217 1 0 -7 -9 11
2218 1 0 -5 -10 -1
2219 1 1 -8 -8 -7
2220 0 1 10 13 -5
2221 0 0 14 9 -4
2222 0 1 11 -13 2
2223 0 1 8 -1 -4
2224 0 0 10 -16 15
2225 0 0 -3 2 -12
2226 1 0 -10 6 3
2227 0 0 15 6 7
2228 0 0 14 -9 -10
2229 0 0 14 -4 -2
2230 1 0 -15 4 -8
2231 0 0 5 11 11
2232 1 1 -12 -7 6
2233 0 1 2 15 -10
2234 1 1 0 9 9
2235 1 0 -15 -5 7
2236 0 0 5 -5 15
2237 0 0 9 -2 6
2238 0 0 15 -8 15
2239 0 1 5 14 -7
2240 0 0 8 15 7
2241 1 1 -14 15 2
2242 1 0 -13 12 9
2243 1 1 0 -14 15
2244 1 0 -6 15 -2
2245 0 1 9 8 -10
2246 1 0 -14 -8 12
2247 0 1 11 4 -4
2248 1 0 -14 7 -11
2249 0 1 10 13 -9
2250 1 0 -15 8 -14
2251 0 1 6 -9 10
2252 1 0 -6 -7 11
2253 1 1 -16 -7 0
2254 1 0 -8 -6 13
2255 1 1 4 -10 7
2256 0 1 12 15 -2
2257 1 0 -16 -8 -9
2258 0 0 3 5 7
2259 0 1 11 9 5
2260 0 1 9 -4 -12
2261 0 0 12 10 -11
2262 0 1 5 4 -12
2263 0 0 4 8 -11
2264 0 1 11 -5 14
2265 1 0 -1 15 15
2266 1 0 -16 -7 -1
2267 1 1 -2 -10 -5
2268 1 0 -2 5 5
2269 1 0 -16 4 -3
2270 0 0 8 -9 12
2271 1 1 -6 -13 -10
2272 1 0 -5 -16 -13
2273 1 1 -12 -9 -16
2274 1 1 -11 -16 7
2275 1 1 -2 -9 4
2276 0 1 5 7 14
2277 1 1 5 -16 -4
2278 1 1 -5 10 2
2279 0 0 3 15 4
2280 1 0 -5 -14 15
2281 0 1 15 12 -4
2282 1 1 -16 10 -10
2283 1 0 -2 1 -2
2284 1 1 -13 10 4
2285 0 1 15 14 -10
2286 0 0 5 8 15
2287 0 1 2 14 15
2288 1 0 -16 -11 -1
2289 1 0 -9 -7 4
2290 1 0 -10 -2 -16
2291 0 1 4 -15 15
2292 0 1 3 -6 0
2293 1 1 -6 13 -9
2294 0 1 12 15 0
2295 1 0 -13 -2 -12
2296 0 1 0 11 7
2297 1 1 -9 11 15
2298 1 1 -13 -11 10
2299 1 0 -8 15 3
2300 1 1 -15 -8 6
2301 1 0 -9 -16 -16
2302 1 1 -7 5 -14
2303 0 0 13 0 2
2304 0 1 9 -16 -5
2305 0 1 10 -6 11
2306 1 0 -4 -16 7
2307 1 0 -7 12 7
2308 1 0 -4 7 5
2309 1 1 -9 -4 -7
2310 1 1 -10 -9 -9
2311 1 1 -13 15 15
2312 0 0 8 12 -13
2313 0 0 10 10 -2
2314 1 1 -11 -5 6
2315 1 1 -14 -6 -5
2316 1 1 -7 7 -16
2317 0 0 9 -15 -4
2318 0 0 11 -8 -2
2319 0 0 10 2 7
2320 1 0 -10 -14 -12
2321 1 0 -1 7 2
2322 0 1 4 -16 -13
2323 0 1 6 -4 14
2324 1 1 -16 9 -9
2325 1 1 -15 -6 -6
2326 1 1 -1 -1 6
2327 1 0 0 15 -9
2328 1 0 -1 9 -16
2329 0 0 1 -16 -5
2330 1 1 -4 -9 -5
2331 0 0 15 10 -10
2332 0 1 13 12 10
2333 0 0 8 -9 3
2334 1 0 -4 9 14
2335 0 1 14 -2 -8
2336 0 1 -2 -13 -16
2337 0 1 9 -16 4
2338 0 1 7 12 7
2339 1 1 -4 15 3
2340 0 0 13 5 11
2341 1 1 -5 7 7
2342 1 1 -6 12 13
2343 1 0 -2 -12 11
2344 1 1 -10 14 15
2345 1 1 4 -12 13
2346 0 1 6 3 -14
2347 0 0 15 -9 -10
2348 1 0 -15 -15 11
2349 0 1 14 3 15
2350 1 0 -6 -11 15
2351 0 0 15 -8 -9
2352 1 0 -6 -5 -15
2353 0 1 15 -7 12
2354 1 0 -8 7 4
2355 0 1 12 10 -3
2356 1 1 -4 -10 2
2357 0 0 6 14 -8
2358 0 0 3 -10 -10
2359 1 1 -10 -9 -8
2360 1 1 -7 -16 6
2361 1 0 -15 -16 -16
2362 0 1 -1 5 9
2363 1 0 -15 -4 -4
2364 1 0 -9 5 -1
2365 1 0 -10 -14 -14
2366 0 1 15 5 -4
2367 1 0 -13 9 -6
2368 0 0 10 15 -12
2369 1 1 -12 1 -13
2370 1 0 -16 4 -9
2371 0 1 10 4 2
2372 1 1 -9 2 -4
2373 1 1 -16 8 -10
2374 0 0 8 6 -8
2375 1 0 -7 15 -4
2376 1 0 -11 10 11
2377 0 1 3 11 12
2378 0 1 0 -9 -3
2379 0 0 8 -4 2
2380 1 0 1 1 7
2381 0 0 4 11 -16
2382 1 1 -16 -10 -8
2383 1 0 -6 -8 13
2384 0 0 15 -5 4
2385 0 0 15 3 -10
2386 1 1 -3 -5 7
2387 1 0 -16 5 -11
2388 0 0 15 -6 -16
2389 1 0 -16 10 -14
2390 1 0 -16 5 10
2391 1 0 -12 8 -7
2392 0 1 4 4 -15
2393 0 0 9 -1 9
2394 0 0 14 -16 12
2395 1 0 -9 13 -11
2396 1 1 -6 -16 12
2397 0 1 -5 15 8
2398 1 0 -9 4 -12
2399 0 0 3 9 11
2400 1 1 -11 15 -10
2401 0 1 15 -11 9
2402 0 1 11 6 -9
2403 0 0 6 7 8
2404 1 0 4 5 -15
2405 0 0 1 5 5
2406 1 0 -3 -15 6
2407 1 0 -16 -16 -13
2408 0 0 3 12 -16
2409 1 1 -12 -8 5
2410 1 1 -15 2 -9
2411 1 0 -4 0 6
2412 1 1 -6 2 4
2413 1 1 -4 1 -10
2414 1 0 -16 12 -16
2415 0 1 15 -8 -9
2416 1 0 -16 -16 -16
2417 1 0 -8 -11 -9
2418 0 0 5 15 13
2419 1 0 -13 -6 -11
2420 1 0 -16 15 -5
2421 1 0 -5 -7 15
2422 1 1 1 2 -1
2423 0 0 7 -14 -15
2424 0 0 3 -13 14
2425 1 0 -2 -9 -1
2426 0 1 9 -7 -5
2427 0 1 12 2 6
2428 1 1 -7 -16 -11
2429 1 1 -2 7 3
2430 1 0 -6 13 9
2431 1 0 -15 15 -6
2432 1 0 -16 -5 15
2433 1 0 -16 14 10
2434 0 0 7 6 2
2435 1 1 -8 -11 -16
2436 0 0 6 10 5
2437 1 0 -1 4 -7
2438 0 0 6 11 3
2439 0 1 12 -10 2
2440 0 0 0 -12 -9
2441 0 1 3 -8 -12
2442 1 1 -8 -10 10
2443 1 1 -9 15 7
2444 1 1 0 0 0
2445 1 1 6 13 -8
2446 1 0 -13 -8 -14
2447 0 1 2 -13 -12
2448 0 1 7 -5 4
2449 1 0 -12 15 -4
2450 1 1 -10 -6 13
2451 0 1 -1 -13 3
2452 1 1 -6 8 11
2453 0 1 11 -8 -12
2454 0 1 5 -14 5
2455 1 0 -7 -8 9
2456 0 0 10 -10 12
2457 0 1 13 -4 -7
2458 1 0 -5 2 8
2459 0 1 14 -10 15
2460 1 1 -14 9 -3
2461 1 0 -16 -15 -12
2462 1 1 -16 -9 1
2463 0 0 0 -16 -9
2464 1 0 1 4 -14
2465 1 0 -7 -7 4
2466 1 1 -13 -16 6
2467 0 0 4 -11 15
2468 0 1 10 -2 13
2469 0 1 13 1 3
2470 0 0 0 -8 15
2471 1 1 -9 -2 15
2472 1 1 -12 -5 13
2473 0 1 -2 9 -1
2474 1 0 -13 -11 -12
2475 0 1 4 -16 1
2476 1 0 -7 -9 -10
2477 0 1 15 -10 11
2478 0 0 10 -14 15
2479 1 0 -10 -4 14
2480 0 0 -1 -8 15
2481 1 1 8 4 -16
2482 0 0 15 4 15
2483 0 1 15 5 15
2484 0 0 10 10 7
2485 0 0 8 5 -12
2486 0 1 9 15 15
2487 1 0 -8 -14 -3
2488 0 1 13 3 13
2489 0 1 8 -15 8
2490 0 1 10 15 14
2491 0 0 15 5 15
2492 0 1 4 -8 13
2493 1 1 -7 0 1
2494 1 0 -12 3 5
2495 0 1 15 -12 5
2496 1 1 -6 -12 13
2497 0 0 15 4 13
2498 0 1 8 6 15
2499 0 1 8 -6 13
2500 1 1 -6 12 -16
2501 1 1 -3 15 7
2502 1 0 -6 14 13
2503 1 0 -7 -16 13
2504 0 1 11 -16 -2
2505 1 1 -8 3 3
2506 0 1 8 -10 -1
2507 0 1 12 -16 5
2508 1 0 -4 -10 -16
2509 0 1 7 -10 -5
2510 1 1 -8 14 -6
2511 1 1 -5 -14 -9
2512 0 1 15 14 -5
2513 1 0 -16 10 14
2514 0 0 7 9 0
2515 1 1 -8 15 11
2516 0 0 15 2 -16
2517 1 0 -1 -8 12
2518 1 1 -6 -16 -1
2519 0 1 -2 5 2
2520 1 1 -5 -16 -9
2521 1 0 -9 7 9
2522 1 1 -13 -15 10
2523 1 1 -16 -16 6
2524 1 1 -16 12 -2
2525 1 0 -7 13 12
2526 0 1 14 -11 -11
2527 1 0 -11 -16 15
2528 0 0 4 15 -7
2529 0 1 12 -9 -10
2530 0 1 2 -16 -16
2531 1 0 -12 4 4
2532 1 0 -5 8 6
2533 0 0 13 1 -5
2534 0 0 9 1 -5
2535 0 1 10 15 15
2536 1 1 -12 10 -13
2537 0 0 7 -9 9
2538 0 1 3 12 4
2539 1 0 -11 -5 15
2540 0 0 15 -9 -3
2541 0 0 -5 5 -1
2542 1 0 -15 5 -7
2543 0 1 4 14 -7
2544 0 1 6 -10 3
2545 1 0 -8 11 -12
2546 1 0 -16 6 -16
2547 0 1 3 -2 15
2548 0 1 15 1 -8
2549 1 1 -2 -16 2
2550 1 1 -4 6 9
2551 0 1 13 1 13
2552 1 0 -11 3 -13
2553 1 0 -12 -11 -1
2554 1 0 -2 15 12
2555 0 0 15 -11 -16
2556 0 0 12 -2 -16
2557 0 1 15 -16 15
2558 1 1 -11 -16 -3
2559 1 0 0 9 15
2560 0 0 3 -2 1
2561 0 0 10 -8 6
2562 0 1 9 -9 -12
2563 1 0 -11 -16 -7
2564 0 1 12 -11 -12
2565 1 1 -12 -1 12
2566 1 1 -11 -6 15
2567 0 1 9 2 10
2568 0 1 4 -9 -13
2569 0 1 11 5 9
2570 0 1 15 10 -15
2571 0 1 11 -14 -5
2572 1 0 -11 10 -16
2573 1 1 -13 10 10
2574 1 0 -15 8 6
2575 1 0 -6 -11 9
2576 0 1 4 -14 -9
2577 1 1 -14 -16 -8
2578 0 0 3 -10 -7
2579 1 1 -14 -9 11
2580 1 1 -13 -10 -3
2581 1 0 -12 -13 2
2582 1 1 -5 3 7
2583 1 0 -10 6 15
2584 0 0 6 -1 -8
2585 1 0 -8 3 -5
2586 1 0 -11 -8 -12
2587 1 1 -10 3 -16
2588 0 0 15 15 -7
2589 1 0 -6 -7 -6
2590 1 1 -2 3 -10
2591 1 1 -16 -2 11
2592 0 1 9 9 13
2593 0 1 15 -1 15
2594 1 1 -4 1 -3
2595 1 1 -6 -8 10
2596 1 0 1 -7 0
2597 0 0 -5 9 1
2598 0 1 15 10 -11
2599 1 0 7 -4 10
2600 1 1 -14 -10 2
2601 1 1 -15 3 -4
2602 1 0 -8 7 -10
2603 1 0 -1 3 8
2604 1 0 -11 -5 -7
2605 0 0 11 -8 15
2606 1 0 -9 11 3
2607 1 0 -7 -10 0
2608 0 0 15 10 -15
2609 0 1 3 -12 13
2610 1 1 6 0 -1
2611 1 1 -10 -15 -12
2612 1 1 0 -5 2
2613 1 0 -7 -10 -1
2614 0 1 9 13 8
2615 1 1 -16 -16 7
2616 0 0 5 -11 -16
2617 0 0 11 10 9
2618 1 0 -16 3 15
2619 1 1 -16 -14 15
2620 0 0 2 -1 -6
2621 1 0 -16 -16 11
2622 0 1 10 -14 -3
2623 1 1 1 15 14
2624 1 1 -16 -7 -16
2625 0 1 11 6 -8
2626 1 0 -3 8 -14
2627 1 0 -9 -16 -7
2628 0 1 10 -14 -2
2629 0 1 10 15 15
2630 1 1 3 4 14
2631 1 0 -10 -2 -11
2632 0 0 12 -6 9
2633 1 1 -11 -6 -11
2634 1 0 -4 13 -3
2635 1 1 -14 13 -8
2636 1 0 -16 15 -6
2637 1 1 -14 -5 9
2638 1 0 -12 14 15
2639 1 0 -14 -9 14
2640 1 1 -3 2 -16
2641 0 1 5 -15 -10
2642 0 1 4 6 5
2643 1 0 -8 -14 -6
2644 0 0 11 -7 5
2645 1 1 -10 8 15
2646 1 1 -5 -6 -2
2647 1 1 -11 -10 -8
2648 1 1 -8 3 5
2649 1 1 -5 2 10
2650 0 0 15 -11 -2
2651 1 1 -8 -16 -10
2652 0 1 8 7 -12
2653 1 1 -2 -16 -1
2654 1 0 -13 11 12
2655 1 1 -13 2 -7
2656 1 1 -16 -5 15
2657 1 1 -9 10 -10
2658 0 1 10 0 -6
2659 1 1 -5 11 2
2660 0 1 4 -16 15
2661 1 0 -9 12 -7
2662 0 0 10 -16 12
2663 0 0 1 -11 -1
2664 0 0 15 -13 3
2665 0 0 12 13 -5
2666 1 0 -8 6 -14
2667 1 1 -12 -9 -9
2668 0 1 10 -11 6
2669 0 1 10 15 8
2670 1 0 5 12 -16
2671 1 1 -5 -10 -13
2672 0 0 12 -8 1
2673 0 1 13 6 -14
2674 0 1 15 -2 9
2675 0 1 11 12 -16
2676 0 1 4 10 -5
2677 0 0 8 6 -12
2678 0 1 3 -4 7
2679 0 1 0 1 -16
2680 0 1 2 2 -4
2681 0 1 9 -6 8
2682 1 0 -6 8 -10
2683 1 1 -11 -16 4
2684 0 1 10 10 15
2685 1 1 -11 -3 13
2686 1 1 -12 7 -9
2687 1 1 -8 -14 9
2688 0 1 15 9 -11
2689 0 0 15 -2 4
2690 1 1 -16 -3 -1
2691 0 0 8 6 15
2692 1 0 -7 -13 -10
2693 0 0 4 -13 -7
2694 0 0 6 7 -16
2695 0 0 8 -9 12
2696 1 0 -3 -7 -14
2697 0 1 10 6 -11
2698 1 1 -8 -15 -13
2699 0 0 5 -6 -2
2700 0 1 14 15 -13
2701 0 0 3 -14 -5
2702 1 0 -8 -11 7
2703 0 1 12 6 10
2704 0 0 15 6 13
2705 1 1 -3 13 15
2706 1 0 -3 15 -1
2707 1 1 0 -4 -3
2708 1 1 -9 3 -8
2709 0 1 15 6 -15
2710 0 0 9 11 5
2711 1 0 -16 -10 9
2712 0 0 9 13 -14
2713 0 1 -3 -11 3
2714 0 0 9 9 -1
2715 1 1 -16 0 9
2716 0 0 15 -16 -2
2717 0 1 15 12 14
2718 0 0 13 -4 -16
2719 0 1 9 6 15
2720 0 0 12 5 -1
2721 1 0 -16 11 -16
2722 0 1 7 -10 7
2723 1 0 -11 -10 12
2724 1 0 -9 -2 15
2725 1 0 -10 -10 9
2726 1 0 -15 -8 15
2727 1 0 -16 -2 2
2728 0 1 -1 14 -2
2729 1 1 -6 0 -16
2730 0 1 7 -3 13
2731 0 1 10 15 5
2732 1 0 -8 14 -15
2733 0 1 13 0 -8
2734 0 0 3 -11 15
2735 1 0 -7 8 9
2736 1 0 -12 7 -3
2737 1 1 -7 6 15
2738 0 1 8 5 -3
2739 1 0 -4 5 -16
2740 1 1 -8 12 -16
2741 0 0 4 10 4
2742 0 0 15 3 15
2743 1 1 -7 8 7
2744 0 1 4 -11 9
2745 0 1 10 2 -3
2746 0 1 14 -16 15
2747 0 0 8 8 10
2748 0 1 -5 -7 -1
2749 0 0 15 14 15
2750 0 1 7 9 12
2751 0 0 9 -2 15
2752 0 0 13 -13 -9
2753 1 0 -16 2 -4
2754 0 1 10 10 12
2755 0 1 8 11 -7
2756 0 0 7 7 15
2757 1 0 -4 -16 1
2758 1 0 1 -6 12
2759 0 0 15 -16 6
2760 1 1 -5 14 15
2761 0 1 13 -4 13
2762 1 0 -5 -7 2
2763 1 0 -5 -8 -1
2764 0 1 2 -11 15
2765 1 1 -9 -2 15
2766 0 0 8 15 -16
2767 1 1 -4 -15 -13
2768 0 0 8 15 10
2769 1 1 -7 5 -12
2770 0 0 15 8 -14
2771 0 0 12 -6 3
2772 0 1 -5 -10 -2
2773 0 1 9 2 -13
2774 1 0 -16 -16 -10
2775 0 0 15 -3 5
2776 1 0 -11 8 -1
2777 0 0 13 6 10
2778 0 0 6 12 5
2779 0 1 5 15 6
2780 0 0 10 12 -16
2781 0 0 5 11 9
2782 1 0 3 -12 3
2783 0 1 13 3 -3
2784 1 1 -14 13 13
2785 1 0 -10 -16 3
2786 1 1 -15 11 1
2787 1 0 -12 5 -3
2788 1 1 -8 -3 -3
2789 0 1 6 -6 0
2790 1 1 -13 2 -7
2791 1 1 -3 -13 -4
2792 0 0 7 15 15
2793 1 0 -13 14 13
2794 1 1 -12 -2 14
2795 1 1 -10 -2 15
2796 1 0 -7 -1 7
2797 0 0 5 15 -12
2798 1 0 -4 10 -10
2799 0 1 7 -1 11
2800 1 1 -13 12 -11
2801 1 0 0 9 13
2802 1 0 -1 -9 -15
2803 0 0 15 -2 -2
2804 0 1 3 10 0
2805 0 0 5 -6 -13
2806 0 1 13 9 -16
2807 0 1 9 3 5
2808 1 0 -3 14 -7
2809 0 0 5 -16 -13
2810 1 1 1 -6 -2
2811 0 0 6 12 8
2812 1 0 -16 -16 15
2813 1 1 -13 15 -12
2814 0 0 12 4 7
2815 1 1 -7 -16 14
2816 1 1 -10 -11 -11
2817 1 1 -14 15 15
2818 1 1 -10 10 -15
2819 0 0 13 -6 15
2820 0 0 8 7 -10
2821 1 0 -7 -8 13
2822 1 0 -5 0 15
2823 0 1 13 2 5
2824 0 0 6 10 -6
2825 0 0 9 -2 3
2826 0 1 9 13 -16
2827 0 0 15 15 -9
2828 0 1 11 4 -12
2829 1 0 -11 -12 -16
2830 0 0 5 9 -1
2831 0 1 15 -12 -12
2832 0 1 5 15 9
2833 1 0 -16 -5 -11
2834 0 0 10 -16 -9
2835 1 1 -12 -10 11
2836 1 0 -5 15 9
2837 0 1 7 0 -12
2838 1 0 -10 2 6
2839 0 0 15 -16 1
2840 0 1 13 1 -16
2841 1 0 -16 15 12
2842 1 1 -9 -3 -8
2843 1 0 -7 -13 -4
2844 1 1 -1 13 -16
2845 1 0 -9 5 -16
2846 1 0 -5 9 -9
2847 1 0 -15 -3 4
2848 1 1 -12 12 14
2849 0 1 12 5 -16
2850 1 1 -8 -9 -1
2851 0 1 4 5 -16
2852 1 0 -7 15 13
2853 0 0 11 11 -16
2854 0 1 10 -13 -13
2855 1 1 -9 15 -10
2856 1 0 -16 15 6
2857 0 1 11 -13 -16
2858 1 0 -8 -2 -10
2859 1 1 -3 -6 5
2860 1 1 -1 -10 5
2861 0 0 11 13 -2
2862 0 0 6 0 -13
2863 0 1 10 -7 12
2864 0 1 13 -2 -16
2865 0 0 12 -6 11
2866 0 0 5 8 -11
2867 1 0 -12 12 7
2868 1 0 -16 -3 7
2869 0 0 4 -11 -11
2870 1 1 -1 -9 -3
2871 0 0 1 -1 -7
2872 1 1 -12 15 -3
2873 0 0 4 15 -11
2874 1 0 -1 -10 -16
2875 0 1 14 3 2
2876 1 1 -12 5 0
2877 0 0 15 5 -1
2878 0 1 10 -6 10
2879 1 1 -3 7 -6
2880 1 1 -7 15 15
2881 1 0 -11 15 6
2882 1 1 -10 -7 -16
2883 0 1 9 -10 -1
2884 1 0 -1 -10 2
2885 1 0 -4 14 -2
2886 1 1 -15 15 -4
2887 1 0 -13 15 -2
2888 1 0 -12 -13 -11
2889 1 1 -9 -1 -6
2890 0 1 15 10 5
2891 0 1 6 9 6
2892 1 0 -12 -13 -16
2893 0 0 15 15 11
2894 0 1 4 -9 -13
2895 1 0 -12 -10 -16
2896 1 1 -10 -9 -16
2897 1 1 -1 -10 7
2898 1 1 -15 -9 -5
2899 1 1 -7 -6 10
2900 1 1 -10 -8 -6
2901 0 0 4 11 -8
2902 1 0 -10 -10 11
2903 0 0 15 -3 -2
2904 0 1 -3 2 -2
2905 1 1 -8 5 -12
2906 1 0 -6 -11 13
2907 0 0 2 -4 10
2908 1 1 -13 -5 9
2909 0 1 9 -15 -3
2910 0 0 -1 -8 15
2911 0 1 6 11 12
2912 1 0 -9 3 -7
2913 1 0 -16 -7 8
2914 1 1 3 -2 -12
2915 0 0 3 8 -12
2916 0 0 7 5 6
2917 0 0 11 6 -14
2918 0 0 14 0 4
2919 0 1 0 14 -8
2920 0 1 10 15 10
2921 0 1 11 7 -1
2922 1 1 1 -3 -6
2923 1 0 -8 -14 -10
2924 0 0 15 -6 -8
2925 0 1 15 -16 -16
2926 0 0 4 6 -9
2927 1 1 -2 10 15
2928 1 1 -1 -12 -11
2929 1 1 -6 5 -9
2930 1 1 -13 -16 7
2931 0 0 8 13 -16
2932 0 0 15 -16 -6
2933 0 1 13 7 7
2934 1 0 -7 -9 9
2935 0 1 6 -8 -16
2936 1 0 -9 -9 12
2937 0 1 2 -8 6
2938 1 1 -13 1 -16
2939 0 0 7 0 -6
2940 0 1 13 13 -16
2941 1 1 -2 -13 6
2942 1 0 -16 -10 -5
2943 1 1 -12 10 8
2944 1 1 -12 0 5
2945 1 1 -15 -4 15
2946 0 1 2 8 -11
2947 1 0 -4 13 0
2948 1 0 -14 13 2
2949 1 0 -13 -4 -9
2950 1 0 -4 9 10
2951 0 1 9 10 -9
2952 0 1 13 5 15
2953 0 0 11 5 15
2954 0 1 6 7 -2
2955 1 0 -3 -5 15
2956 1 1 -8 -10 15
2957 0 1 11 -9 -16
2958 1 1 -16 15 -1
2959 1 1 -8 -4 -7
2960 0 0 12 15 4
2961 1 1 -1 5 12
2962 1 1 -4 -8 -16
2963 1 0 -7 10 -10
2964 0 1 1 4 -9
2965 0 1 12 15 15
2966 0 1 13 5 8
2967 0 0 2 13 -2
2968 0 0 -1 12 5
2969 1 0 -12 -7 0
2970 1 1 -6 -6 5
2971 0 0 12 -16 -9
2972 1 1 -14 9 -16
2973 0 1 9 7 -4
2974 1 0 -15 -15 -6
2975 1 1 -1 -1 0
2976 1 0 2 -3 -15
2977 1 0 -8 9 0
2978 0 0 2 0 -10
2979 1 0 -16 -11 14
2980 1 0 -14 -2 9
2981 0 0 6 5 -10
2982 0 0 -4 3 -12
2983 1 0 -16 15 -6
2984 1 0 -9 4 -1
2985 1 0 -1 -16 -16
2986 1 0 -2 12 5
2987 1 0 -15 0 4
2988 0 1 15 3 10
2989 0 1 7 -10 11
2990 0 1 15 5 -2
2991 0 0 10 6 -12
2992 1 0 -11 2 5
2993 0 1 8 -16 5
2994 1 1 -16 -12 -14
2995 1 1 -10 -6 15
2996 0 1 11 15 -16
2997 0 0 6 1 15
2998 0 0 10 -12 -4
2999 1 0 -16 7 12
3000 0 1 9 -5 -9
3001 1 0 -7 15 -9
3002 1 0 -10 7 6
3003 0 0 0 -4 -14
3004 0 1 9 3 -9
3005 1 1 -13 -6 -3
3006 0 1 7 3 -12
3007 0 0 8 15 2
3008 0 1 15 -10 -9
3009 1 1 2 -13 15
3010 1 0 -16 -7 7
3011 0 1 13 9 -12
3012 0 1 -2 12 -8
3013 1 0 -3 1 -10
3014 0 0 10 -15 -3
3015 1 1 -16 -5 -16
3016 0 0 2 8 -5
3017 0 0 13 13 -3
3018 0 1 6 1 -9
3019 0 1 15 -4 6
3020 0 1 15 -15 -5
3021 0 0 11 0 -10
3022 1 1 -13 5 -15
3023 0 0 10 9 2
3024 1 1 -12 14 -16
3025 1 1 -6 5 15
3026 1 0 -4 3 4
3027 0 1 14 -6 -5
3028 0 0 10 13 15
3029 1 1 0 7 15
3030 1 1 -4 -5 -16
3031 1 1 -6 3 7
3032 0 1 12 6 -6
3033 0 0 15 0 -1
3034 1 0 -6 -13 -4
3035 0 0 12 7 10
3036 1 0 -12 11 15
3037 0 1 15 4 8
3038 1 1 0 13 15
3039 0 0 6 -2 -2
3040 1 1 -13 -4 15
3041 1 0 -8 -11 -13
3042 0 0 4 8 6
3043 0 1 15 -2 -16
3044 1 1 -4 9 15
3045 0 1 3 -4 -6
3046 1 1 -9 -9 -2
3047 1 0 -7 -13 -16
3048 0 0 12 8 -16
3049 1 0 -8 -11 15
3050 1 1 -13 4 10
3051 0 0 9 15 5
3052 1 0 -11 -5 -8
3053 0 1 11 7 9
3054 0 0 12 -16 0
3055 1 1 -10 -8 15
3056 1 1 -10 -12 10
3057 1 0 -11 -10 -13
3058 1 0 -15 -16 13
3059 1 0 -11 -9 6
3060 0 0 3 15 -16
3061 0 0 9 -2 -6
3062 1 1 -5 7 9
3063 1 0 -14 4 2
3064 0 0 9 7 15
3065 1 0 -1 15 3
3066 0 0 10 -4 8
3067 1 1 -5 -3 -2
3068 1 1 -9 -6 -14
3069 1 0 -10 -10 -6
3070 0 1 15 3 4
3071 1 0 -11 -10 14
3072 0 1 6 -12 -9
3073 0 1 5 14 -10
3074 0 1 4 -16 12
3075 1 1 -16 -14 10
3076 1 1 -8 -11 -1
3077 0 0 15 12 7
3078 1 0 -10 -9 -12
3079 1 0 1 11 -8
3080 1 0 -6 -10 -3
3081 1 1 -16 -16 -16
3082 0 1 5 -6 4
3083 0 0 10 -4 -12
3084 1 0 -15 -12 -16
3085 0 1 9 -11 10
3086 1 1 -6 1 4
3087 0 1 -3 10 -16
3088 1 1 2 -15 7
3089 1 0 -3 2 3
3090 0 0 12 -7 -13
3091 1 1 -16 10 4
3092 1 0 0 -6 9
3093 0 0 15 15 12
3094 1 0 -16 7 6
3095 0 1 7 15 -10
3096 0 0 15 -8 6
3097 1 0 -14 15 -10
3098 0 0 4 -8 5
3099 1 1 -10 8 -7
3100 0 0 5 -9 -4
3101 1 0 -14 15 15
3102 0 1 12 -9 13
3103 0 1 15 7 -16
3104 1 1 -9 6 11
3105 1 1 -3 -15 11
3106 1 0 -13 -6 15
3107 0 1 12 -12 15
3108 1 0 -8 14 7
3109 1 0 -2 1 -11
3110 1 0 -10 -8 -5
3111 0 0 15 -5 -1
3112 1 0 -11 10 7
3113 1 0 -11 -11 1
3114 0 0 9 15 -3
3115 0 0 6 -3 15
3116 0 0 10 8 -9
3117 0 0 11 10 -13
3118 0 1 7 -6 2
3119 0 0 11 -15 8
3120 1 0 -8 5 2
3121 1 0 -16 -8 7
3122 0 0 15 5 14
3123 1 1 -4 15 -6
3124 1 1 -2 -3 -14
3125 1 0 -8 8 -9
3126 0 1 0 7 14
3127 0 1 11 4 -10
3128 0 1 15 15 -11
3129 1 1 -14 -6 5
3130 0 1 15 14 5
3131 1 0 -10 6 -14
3132 1 0 -4 -4 -1
3133 0 0 6 -7 15
3134 1 1 -5 -16 8
3135 1 1 -12 15 15
3136 1 1 -12 0 -14
3137 0 0 4 -11 -5
3138 1 1 -16 -9 -16
3139 1 1 -7 -16 15
3140 1 0 0 3 1
3141 1 1 -16 -16 15
3142 1 1 2 -12 13
3143 0 0 9 9 -10
3144 1 0 -8 0 11
3145 0 0 11 -16 -1
3146 1 1 -16 -7 4
3147 0 0 8 -4 -5
3148 0 0 -2 -7 13
3149 0 0 5 14 15
3150 0 1 15 -12 -1
3151 1 0 -7 -13 -11
3152 0 1 5 11 -4
3153 1 0 -9 -10 13
3154 0 1 13 -16 -3
3155 1 0 -12 -16 -5
3156 0 0 6 -5 15
3157 0 0 6 -6 -3
3158 1 1 -12 -16 -10
3159 0 1 8 -13 -10
3160 1 1 -12 12 -2
3161 0 1 6 0 -9
3162 0 1 9 15 -7
3163 1 1 -3 -4 5
3164 0 1 12 9 2
3165 0 1 11 -3 -3
3166 1 0 -9 7 15
3167 0 0 15 15 6
3168 0 0 11 12 -9
3169 0 1 2 -6 15
3170 1 0 -10 -1 -16
3171 0 0 15 -3 -16
3172 1 0 -3 10 -6
3173 1 1 7 1 -4
3174 1 1 -4 13 15
3175 0 1 4 10 12
3176 1 1 -6 10 15
3177 0 0 8 -7 4
3178 1 0 -16 -7 -12
3179 1 0 -11 3 -12
3180 1 1 -12 -14 10
3181 1 1 1 1 -11
3182 0 0 9 8 15
3183 1 1 -15 2 15
3184 0 0 14 2 -2
3185 0 0 10 15 -4
3186 0 0 0 -13 -4
3187 1 1 -16 -12 11
3188 0 1 14 2 -10
3189 1 1 -2 -14 -16
3190 1 0 4 9 -13
3191 0 0 -1 15 -4
3192 0 1 9 11 -11
3193 0 0 7 14 -16
3194 0 1 15 5 9
3195 1 0 -16 -8 5
3196 0 0 10 12 0
3197 0 0 9 -7 8
3198 1 1 -10 -5 -14
3199 1 1 -14 -4 -9
