# idx_orig bit_orig post_llr_q hard
0 0 -64 0
1 0 -64 0
2 0 -64 0
3 1 63 1
4 1 63 1
5 1 63 1
6 1 63 1
7 0 -64 0
8 0 -64 0
9 1 63 1
10 0 -64 0
11 0 -64 0
12 0 -64 0
13 1 63 1
14 0 -64 0
15 1 63 1
16 0 -64 0
17 1 63 1
18 1 63 1
19 1 63 1
20 1 63 1
21 0 -64 0
22 1 63 1
23 1 63 1
24 0 -64 0
25 1 63 1
26 1 63 1
27 0 -64 0
28 0 -64 0
29 0 -64 0
30 1 63 1
31 0 -64 0
32 1 63 1
33 0 -64 0
34 1 63 1
35 1 63 1
36 0 -64 0
37 0 -64 0
38 1 63 1
39 0 -64 0
40 1 63 1
41 0 -64 0
42 0 -64 0
43 0 -64 0
44 1 63 1
45 1 63 1
46 0 -64 0
47 1 63 1
48 1 63 1
49 0 -64 0
50 0 -64 0
51 1 63 1
52 0 -64 0
53 0 -64 0
54 1 63 1
55 0 -64 0
56 0 -64 0
57 1 63 1
58 0 -64 0
59 1 63 1
60 0 -64 0
61 0 -64 0
62 1 63 1
63 0 -64 0
64 0 -64 0
65 0 -64 0
66 0 -64 0
67 1 63 1
68 1 63 1
69 0 -64 0
70 1 63 1
71 0 -64 0
72 1 63 1
73 0 -64 0
74 0 -64 0
75 0 -64 0
76 1 63 1
77 1 63 1
78 0 -64 0
79 0 -64 0
80 0 -64 0
81 1 63 1
82 0 -64 0
83 0 -64 0
84 0 -64 0
85 1 63 1
86 0 -64 0
87 0 -64 0
88 1 63 1
89 1 63 1
90 1 63 1
91 1 63 1
92 0 -64 0
93 0 -64 0
94 1 63 1
95 1 63 1
96 0 -64 0
97 0 -64 0
98 1 63 1
99 1 63 1
100 1 63 1
101 1 63 1
102 0 -64 0
103 1 63 1
104 0 -64 0
105 0 -64 0
106 1 63 1
107 1 63 1
108 1 63 1
109 1 63 1
110 1 63 1
111 1 63 1
112 1 63 1
113 0 -64 0
114 1 63 1
115 1 63 1
116 0 -64 0
117 0 -64 0
118 1 63 1
119 0 -64 0
120 0 -64 0
121 0 -64 0
122 1 63 1
123 0 -64 0
124 0 -64 0
125 1 63 1
126 0 -64 0
127 1 63 1
128 1 63 1
129 1 63 1
130 1 63 1
131 0 -64 0
132 1 63 1
133 1 63 1
134 1 63 1
135 1 63 1
136 0 -64 0
137 1 63 1
138 1 63 1
139 1 63 1
140 1 63 1
141 1 63 1
142 1 63 1
143 0 -64 0
144 1 63 1
145 1 63 1
146 0 -64 0
147 0 -64 0
148 1 63 1
149 1 63 1
150 1 63 1
151 0 -64 0
152 0 -64 0
153 0 -64 0
154 0 -64 0
155 0 -64 0
156 1 63 1
157 1 63 1
158 1 63 1
159 1 63 1
160 0 -64 0
161 1 63 1
162 0 -64 0
163 1 63 1
164 0 -64 0
165 1 63 1
166 0 -64 0
167 1 63 1
168 1 63 1
169 0 -64 0
170 1 63 1
171 0 -64 0
172 0 -64 0
173 1 63 1
174 1 63 1
175 0 -64 0
176 1 63 1
177 0 -64 0
178 1 63 1
179 1 63 1
180 1 63 1
181 1 63 1
182 1 63 1
183 0 -64 0
184 1 63 1
185 1 63 1
186 1 63 1
187 0 -64 0
188 0 -64 0
189 1 63 1
190 1 63 1
191 1 63 1
192 0 -64 0
193 1 63 1
194 1 63 1
195 1 63 1
196 0 -64 0
197 1 63 1
198 1 63 1
199 0 -64 0
200 1 63 1
201 1 63 1
202 0 -64 0
203 0 -64 0
204 1 63 1
205 0 -64 0
206 0 -64 0
207 1 63 1
208 1 63 1
209 0 -64 0
210 1 63 1
211 0 -64 0
212 0 -64 0
213 0 -64 0
214 0 -64 0
215 1 63 1
216 1 63 1
217 1 63 1
218 0 -64 0
219 1 63 1
220 1 63 1
221 0 -64 0
222 0 -64 0
223 0 -64 0
224 0 -64 0
225 1 63 1
226 1 63 1
227 0 -64 0
228 1 63 1
229 0 -64 0
230 1 63 1
231 1 63 1
232 0 -64 0
233 0 -64 0
234 0 -64 0
235 0 -64 0
236 0 -64 0
237 0 -64 0
238 1 63 1
239 1 63 1
240 1 63 1
241 1 63 1
242 1 63 1
243 0 -64 0
244 1 63 1
245 0 -64 0
246 1 63 1
247 0 -64 0
248 1 63 1
249 0 -64 0
250 1 63 1
251 1 63 1
252 1 63 1
253 1 63 1
254 0 -64 0
255 0 -64 0
256 0 -64 0
257 0 -64 0
258 1 63 1
259 1 63 1
260 0 -64 0
261 0 -64 0
262 0 -64 0
263 0 -64 0
264 1 63 1
265 1 63 1
266 0 -64 0
267 1 63 1
268 0 -64 0
269 0 -64 0
270 0 -64 0
271 0 -64 0
272 1 63 1
273 1 63 1
274 1 63 1
275 1 63 1
276 0 -64 0
277 0 -64 0
278 1 63 1
279 1 63 1
280 0 -64 0
281 1 63 1
282 0 -64 0
283 0 -64 0
284 0 -64 0
285 0 -64 0
286 0 -64 0
287 0 -64 0
288 1 63 1
289 1 63 1
290 1 63 1
291 1 63 1
292 1 63 1
293 1 63 1
294 0 -64 0
295 1 63 1
296 1 63 1
297 1 63 1
298 0 -64 0
299 1 63 1
300 0 -64 0
301 1 63 1
302 0 -64 0
303 0 -64 0
304 1 63 1
305 1 63 1
306 0 -64 0
307 0 -64 0
308 0 -64 0
309 0 -64 0
310 1 63 1
311 1 63 1
312 0 -64 0
313 0 -64 0
314 0 -64 0
315 0 -64 0
316 0 -64 0
317 1 63 1
318 1 63 1
319 1 63 1
320 1 63 1
321 1 63 1
322 1 63 1
323 0 -64 0
324 0 -64 0
325 0 -64 0
326 0 -64 0
327 0 -64 0
328 1 63 1
329 0 -64 0
330 1 63 1
331 0 -64 0
332 1 63 1
333 1 63 1
334 1 63 1
335 1 63 1
336 0 -64 0
337 0 -64 0
338 1 63 1
339 1 63 1
340 0 -64 0
341 0 -64 0
342 0 -64 0
343 0 -64 0
344 1 63 1
345 0 -64 0
346 0 -64 0
347 1 63 1
348 1 63 1
349 0 -64 0
350 1 63 1
351 1 63 1
352 1 63 1
353 0 -64 0
354 1 63 1
355 1 63 1
356 1 63 1
357 0 -64 0
358 0 -64 0
359 1 63 1
360 0 -64 0
361 0 -64 0
362 1 63 1
363 1 63 1
364 0 -64 0
365 1 63 1
366 0 -64 0
367 0 -64 0
368 1 63 1
369 0 -64 0
370 0 -64 0
371 0 -64 0
372 0 -64 0
373 1 63 1
374 1 63 1
375 1 63 1
376 1 63 1
377 0 -64 0
378 0 -64 0
379 1 63 1
380 1 63 1
381 1 63 1
382 1 63 1
383 0 -64 0
384 1 63 1
385 0 -64 0
386 1 63 1
387 1 63 1
388 1 63 1
389 1 63 1
390 0 -64 0
391 0 -47 0
392 0 -51 0
393 0 -47 0
394 1 58 1
395 0 -48 0
396 1 43 1
397 0 28 1
398 0 29 1
399 1 -28 0
400 1 38 1
401 0 26 1
402 1 48 1
403 0 -51 0
404 0 -48 0
405 1 56 1
406 0 -58 0
407 1 57 1
408 1 63 1
409 0 -64 0
410 1 63 1
411 0 -64 0
412 1 63 1
413 0 -64 0
414 0 -64 0
415 1 63 1
416 1 63 1
417 0 -64 0
418 1 63 1
419 1 63 1
420 1 63 1
421 0 -64 0
422 1 63 1
423 1 63 1
424 0 -64 0
425 0 -64 0
426 1 63 1
427 0 -64 0
428 1 63 1
429 0 -64 0
430 1 63 1
431 1 63 1
432 1 63 1
433 0 -64 0
434 1 63 1
435 1 63 1
436 0 -64 0
437 1 63 1
438 1 63 1
439 0 -64 0
440 0 -64 0
441 1 63 1
442 1 63 1
443 1 63 1
444 1 63 1
445 1 63 1
446 0 -64 0
447 0 -64 0
448 1 63 1
449 0 -64 0
450 0 -64 0
451 0 -64 0
452 0 -64 0
453 1 63 1
454 1 63 1
455 1 63 1
456 0 -64 0
457 1 63 1
458 0 -64 0
459 1 63 1
460 0 -64 0
461 1 63 1
462 1 63 1
463 1 63 1
464 0 -64 0
465 0 -64 0
466 1 63 1
467 1 63 1
468 0 -64 0
469 0 -64 0
470 0 -64 0
471 1 63 1
472 0 -64 0
473 0 -64 0
474 0 -64 0
475 0 -64 0
476 1 63 1
477 1 63 1
478 1 63 1
479 0 -64 0
480 1 63 1
481 0 -64 0
482 1 63 1
483 1 63 1
484 0 -64 0
485 0 -64 0
486 0 -64 0
487 1 63 1
488 1 63 1
489 1 63 1
490 0 -64 0
491 0 -64 0
492 1 63 1
493 0 -64 0
494 0 -64 0
495 0 -64 0
496 0 -64 0
497 1 63 1
498 0 -64 0
499 0 -64 0
500 0 -64 0
501 1 63 1
502 1 63 1
503 1 63 1
504 0 -64 0
505 0 -64 0
506 0 -64 0
507 0 -64 0
508 0 -64 0
509 0 -64 0
510 0 -64 0
511 0 -64 0
512 0 -64 0
513 0 -64 0
514 1 63 1
515 0 -64 0
516 1 63 1
517 1 63 1
518 0 -64 0
519 1 63 1
520 1 63 1
521 0 -64 0
522 1 63 1
523 1 63 1
524 1 63 1
525 0 -64 0
526 1 63 1
527 1 63 1
528 0 -64 0
529 1 63 1
530 0 -64 0
531 1 63 1
532 1 63 1
533 0 -64 0
534 1 63 1
535 0 -64 0
536 1 63 1
537 0 -64 0
538 0 -64 0
539 1 63 1
540 0 -64 0
541 1 63 1
542 1 63 1
543 0 -64 0
544 1 63 1
545 1 63 1
546 1 63 1
547 0 -64 0
548 1 63 1
549 1 63 1
550 0 -64 0
551 0 -64 0
552 1 63 1
553 0 -64 0
554 1 63 1
555 0 -64 0
556 0 -64 0
557 1 63 1
558 0 -64 0
559 1 63 1
560 0 -64 0
561 1 63 1
562 0 -64 0
563 1 63 1
564 0 -64 0
565 1 63 1
566 0 -64 0
567 1 63 1
568 0 -64 0
569 1 63 1
570 0 -64 0
571 0 -64 0
572 0 -64 0
573 0 -64 0
574 1 63 1
575 0 -64 0
576 1 63 1
577 0 -64 0
578 1 63 1
579 0 -64 0
580 0 -64 0
581 0 -64 0
582 1 63 1
583 0 -64 0
584 0 -64 0
585 1 63 1
586 0 -64 0
587 0 -64 0
588 1 63 1
589 0 -64 0
590 1 63 1
591 0 -64 0
592 0 -64 0
593 0 -64 0
594 1 63 1
595 0 -64 0
596 0 -64 0
597 1 63 1
598 0 -64 0
599 1 63 1
600 1 63 1
601 0 -64 0
602 0 -64 0
603 0 -64 0
604 0 -64 0
605 0 -64 0
606 0 -64 0
607 0 -64 0
608 0 -64 0
609 1 63 1
610 1 63 1
611 0 -64 0
612 1 63 1
613 1 63 1
614 1 63 1
615 0 -64 0
616 1 63 1
617 1 63 1
618 1 63 1
619 1 63 1
620 1 63 1
621 0 -64 0
622 0 -64 0
623 1 63 1
624 1 63 1
625 0 -64 0
626 0 -64 0
627 1 63 1
628 1 63 1
629 1 63 1
630 1 63 1
631 1 63 1
632 1 63 1
633 1 63 1
634 0 -64 0
635 0 -64 0
636 1 63 1
637 0 -64 0
638 0 -64 0
639 0 -64 0
640 0 -64 0
641 0 -64 0
642 0 -64 0
643 1 63 1
644 0 -64 0
645 0 -64 0
646 1 63 1
647 0 -64 0
648 0 -64 0
649 0 -64 0
650 0 -64 0
651 0 -64 0
652 1 63 1
653 1 63 1
654 1 63 1
655 0 -64 0
656 1 63 1
657 1 63 1
658 0 -64 0
659 0 -64 0
660 1 63 1
661 1 63 1
662 1 63 1
663 1 63 1
664 1 63 1
665 1 63 1
666 1 63 1
667 0 -64 0
668 0 -64 0
669 1 63 1
670 1 63 1
671 0 -64 0
672 0 -64 0
673 1 63 1
674 0 -64 0
675 0 -64 0
676 1 63 1
677 1 63 1
678 1 63 1
679 1 63 1
680 0 -64 0
681 1 63 1
682 0 -64 0
683 1 63 1
684 1 63 1
685 1 63 1
686 0 -64 0
687 0 -64 0
688 1 63 1
689 0 -64 0
690 1 63 1
691 0 -64 0
692 0 -64 0
693 0 -64 0
694 0 -64 0
695 1 63 1
696 0 -64 0
697 0 -64 0
698 0 -64 0
699 1 63 1
700 0 -64 0
701 0 -64 0
702 1 63 1
703 0 -64 0
704 1 63 1
705 0 -64 0
706 1 63 1
707 1 59 1
708 1 63 1
709 1 63 1
710 1 63 1
711 0 -64 0
712 1 63 1
713 0 -64 0
714 0 -59 0
715 1 63 1
716 1 63 1
717 1 63 1
718 1 63 1
719 0 -64 0
720 0 -64 0
721 0 -64 0
722 1 63 1
723 1 63 1
724 1 63 1
725 1 63 1
726 1 63 1
727 1 63 1
728 1 63 1
729 0 -64 0
730 0 -64 0
731 1 63 1
732 0 -64 0
733 1 63 1
734 1 63 1
735 0 -64 0
736 1 63 1
737 0 -64 0
738 1 63 1
739 1 63 1
740 0 -64 0
741 0 -64 0
742 1 63 1
743 0 -64 0
744 0 -64 0
745 1 63 1
746 1 63 1
747 1 63 1
748 1 63 1
749 0 -64 0
750 0 -64 0
751 0 -64 0
752 0 -64 0
753 1 63 1
754 0 -64 0
755 0 -64 0
756 1 63 1
757 1 63 1
758 0 -64 0
759 1 63 1
760 0 -64 0
761 1 63 1
762 1 63 1
763 0 -64 0
764 0 -64 0
765 1 -64 0
766 1 -64 0
767 0 -64 0
768 0 63 1
769 1 63 1
770 0 -64 0
771 0 -64 0
772 1 63 1
773 1 63 1
774 1 63 1
775 0 -64 0
776 0 -64 0
777 1 63 1
778 1 63 1
779 0 -64 0
780 1 63 1
781 0 -64 0
782 0 -64 0
783 0 -64 0
784 1 63 1
785 0 -64 0
786 1 63 1
787 1 63 1
788 0 -64 0
789 1 63 1
790 0 -64 0
791 0 -64 0
792 0 -64 0
793 0 -60 0
794 0 -64 0
795 1 44 1
796 0 -54 0
797 0 -46 0
798 0 23 1
799 1 51 1
800 1 38 1
801 0 -48 0
802 1 59 1
803 1 45 1
804 1 42 1
805 0 -64 0
806 1 62 1
807 1 63 1
808 0 -64 0
809 1 63 1
810 1 63 1
811 0 -64 0
812 0 -64 0
813 1 63 1
814 1 63 1
815 0 -64 0
816 0 -64 0
817 1 63 1
818 0 -64 0
819 0 -64 0
820 0 -64 0
821 1 63 1
822 0 -64 0
823 1 63 1
824 0 -64 0
825 0 -64 0
826 0 -64 0
827 1 63 1
828 0 -64 0
829 0 -64 0
830 1 63 1
831 1 63 1
832 0 -64 0
833 1 63 1
834 0 -64 0
835 1 63 1
836 0 -64 0
837 1 63 1
838 0 -64 0
839 1 63 1
840 1 63 1
841 1 63 1
842 0 -64 0
843 1 63 1
844 0 -64 0
845 0 -64 0
846 0 -64 0
847 1 63 1
848 0 -64 0
849 0 -64 0
850 1 63 1
851 1 63 1
852 0 -64 0
853 1 63 1
854 1 63 1
855 1 63 1
856 0 -64 0
857 0 -64 0
858 0 -64 0
859 1 63 1
860 1 63 1
861 1 63 1
862 1 63 1
863 1 63 1
864 1 63 1
865 1 63 1
866 1 63 1
867 0 -64 0
868 0 -64 0
869 0 -64 0
870 0 -64 0
871 1 63 1
872 0 -64 0
873 0 -64 0
874 1 63 1
875 0 -64 0
876 1 63 1
877 0 -64 0
878 1 63 1
879 1 63 1
880 1 63 1
881 1 63 1
882 1 63 1
883 1 63 1
884 1 63 1
885 1 63 1
886 0 -64 0
887 0 -64 0
888 1 63 1
889 0 -64 0
890 1 63 1
891 1 63 1
892 1 63 1
893 1 63 1
894 1 63 1
895 0 -64 0
896 0 -64 0
897 1 63 1
898 0 -64 0
899 1 63 1
900 0 -64 0
901 0 -64 0
902 1 63 1
903 0 -64 0
904 0 -64 0
905 1 63 1
906 1 63 1
907 0 -64 0
908 0 -64 0
909 0 -64 0
910 1 63 1
911 0 -64 0
912 1 63 1
913 0 -64 0
914 0 -64 0
915 1 63 1
916 0 -64 0
917 0 -64 0
918 0 -64 0
919 1 63 1
920 1 63 1
921 1 63 1
922 1 63 1
923 1 63 1
924 1 63 1
925 1 63 1
926 0 -64 0
927 0 -64 0
928 1 63 1
929 0 -64 0
930 0 -64 0
931 1 63 1
932 1 63 1
933 0 -64 0
934 0 -64 0
935 0 -64 0
936 0 -64 0
937 1 63 1
938 0 -64 0
939 1 63 1
940 0 -64 0
941 1 63 1
942 0 -64 0
943 1 63 1
944 1 63 1
945 0 -64 0
946 0 -64 0
947 0 -64 0
948 1 63 1
949 0 -64 0
950 1 63 1
951 1 63 1
952 0 -64 0
953 1 63 1
954 0 -64 0
955 0 -64 0
956 1 63 1
957 1 63 1
958 1 63 1
959 0 -64 0
960 1 63 1
961 0 -64 0
962 1 63 1
963 0 -64 0
964 1 63 1
965 0 -64 0
966 0 -64 0
967 0 -64 0
968 1 63 1
969 1 63 1
970 0 -64 0
971 0 -64 0
972 1 63 1
973 0 -64 0
974 0 -64 0
975 0 -64 0
976 0 -64 0
977 0 -64 0
978 1 63 1
979 0 -64 0
980 1 63 1
981 1 63 1
982 0 -64 0
983 0 -64 0
984 0 -64 0
985 0 -64 0
986 1 63 1
987 0 -64 0
988 1 63 1
989 1 63 1
990 0 -64 0
991 0 -64 0
992 1 63 1
993 1 63 1
994 0 -64 0
995 1 63 1
996 1 63 1
997 1 63 1
998 1 63 1
999 1 63 1
1000 1 63 1
1001 1 63 1
1002 1 63 1
1003 0 -64 0
1004 0 -64 0
1005 0 -64 0
1006 0 -64 0
1007 0 -64 0
1008 1 63 1
1009 1 63 1
1010 1 63 1
1011 0 -64 0
1012 1 63 1
1013 0 -64 0
1014 1 63 1
1015 0 -64 0
1016 0 -64 0
1017 0 -64 0
1018 1 63 1
1019 1 63 1
1020 1 63 1
1021 1 63 1
1022 1 63 1
1023 0 -64 0
1024 1 63 1
1025 1 63 1
1026 1 63 1
1027 0 -64 0
1028 1 63 1
1029 1 63 1
1030 1 63 1
1031 0 -64 0
1032 0 -64 0
1033 0 -64 0
1034 0 -64 0
1035 0 -64 0
1036 1 63 1
1037 0 -64 0
1038 0 -64 0
1039 1 63 1
1040 1 63 1
1041 1 63 1
1042 0 -64 0
1043 1 63 1
1044 0 -64 0
1045 0 -64 0
1046 0 -64 0
1047 0 -64 0
1048 0 -64 0
1049 1 63 1
1050 1 63 1
1051 0 -64 0
1052 0 -64 0
1053 0 -64 0
1054 1 63 1
1055 1 63 1
1056 1 63 1
1057 0 -64 0
1058 1 63 1
1059 1 63 1
1060 1 63 1
1061 1 63 1
1062 0 -64 0
1063 0 -64 0
1064 1 63 1
1065 0 -64 0
1066 1 63 1
1067 1 63 1
1068 1 63 1
1069 0 -64 0
1070 1 63 1
1071 0 -64 0
1072 1 63 1
1073 0 -64 0
1074 0 -64 0
1075 1 63 1
1076 0 -64 0
1077 0 -64 0
1078 1 63 1
1079 0 -64 0
1080 1 63 1
1081 0 -64 0
1082 0 -64 0
1083 1 63 1
1084 0 -64 0
1085 1 63 1
1086 1 63 1
1087 1 63 1
1088 1 63 1
1089 0 -64 0
1090 1 63 1
1091 1 63 1
1092 0 -64 0
1093 0 -64 0
1094 0 -64 0
1095 0 -64 0
1096 1 63 1
1097 1 63 1
1098 0 -64 0
1099 1 63 1
1100 1 63 1
1101 0 -64 0
1102 0 -64 0
1103 1 63 1
1104 0 -64 0
1105 0 -64 0
1106 1 63 1
1107 1 63 1
1108 1 63 1
1109 0 -64 0
1110 1 63 1
1111 0 -64 0
1112 1 63 1
1113 1 63 1
1114 1 63 1
1115 0 -64 0
1116 0 -64 0
1117 0 -64 0
1118 1 63 1
1119 0 -64 0
1120 0 -64 0
1121 1 63 1
1122 0 -64 0
1123 0 -64 0
1124 0 -64 0
1125 1 63 1
1126 1 63 1
1127 1 63 1
1128 0 -64 0
1129 1 63 1
1130 0 -64 0
1131 0 -64 0
1132 1 63 1
1133 0 -64 0
1134 0 -64 0
1135 0 -64 0
1136 1 63 1
1137 0 -64 0
1138 0 -64 0
1139 0 -64 0
1140 0 -64 0
1141 1 63 1
1142 0 -64 0
1143 0 -64 0
1144 0 -64 0
1145 0 -64 0
1146 1 63 1
1147 1 63 1
1148 0 -64 0
1149 0 -64 0
1150 1 63 1
1151 1 63 1
1152 1 63 1
1153 0 -64 0
1154 1 63 1
1155 0 -64 0
1156 0 -64 0
1157 1 63 1
1158 1 63 1
1159 1 63 1
1160 1 63 1
1161 0 -64 0
1162 0 -64 0
1163 1 63 1
1164 0 -64 0
1165 1 63 1
1166 0 -64 0
1167 1 63 1
1168 1 63 1
1169 0 -64 0
1170 0 -64 0
1171 0 -64 0
1172 1 63 1
1173 1 63 1
1174 1 63 1
1175 0 -64 0
1176 1 63 1
1177 0 -64 0
1178 1 63 1
1179 0 -64 0
1180 0 -64 0
1181 1 63 1
1182 1 63 1
1183 0 -64 0
1184 0 -64 0
1185 0 -64 0
1186 0 -64 0
1187 1 63 1
1188 1 63 1
1189 1 63 1
1190 1 63 1
1191 0 -64 0
1192 1 63 1
1193 0 -64 0
1194 1 62 1
1195 0 -64 0
1196 0 -63 0
1197 0 -59 0
1198 0 -40 0
1199 1 52 1
1200 0 -38 0
1201 0 -29 0
1202 1 52 1
1203 1 57 1
1204 0 -40 0
1205 0 -49 0
1206 1 63 1
1207 0 -64 0
1208 0 -59 0
1209 1 63 1
1210 0 -64 0
1211 0 -64 0
1212 1 54 1
1213 0 -64 0
1214 0 -64 0
1215 0 -64 0
1216 0 -64 0
1217 0 -64 0
1218 0 -64 0
1219 0 -64 0
1220 1 63 1
1221 1 63 1
1222 0 -64 0
1223 1 63 1
1224 1 63 1
1225 1 63 1
1226 1 63 1
1227 1 63 1
1228 1 63 1
1229 1 63 1
1230 1 63 1
1231 1 63 1
1232 0 -64 0
1233 1 63 1
1234 0 -64 0
1235 1 63 1
1236 1 63 1
1237 1 63 1
1238 1 63 1
1239 1 63 1
1240 0 -64 0
1241 1 63 1
1242 0 -64 0
1243 1 63 1
1244 1 63 1
1245 0 -64 0
1246 0 -64 0
1247 1 63 1
1248 0 -64 0
1249 1 63 1
1250 0 -64 0
1251 0 -64 0
1252 0 -64 0
1253 1 63 1
1254 0 -64 0
1255 1 63 1
1256 0 -64 0
1257 0 -64 0
1258 0 -64 0
1259 0 -64 0
1260 1 63 1
1261 0 -64 0
1262 0 -64 0
1263 1 63 1
1264 0 -64 0
1265 1 63 1
1266 1 63 1
1267 1 63 1
1268 0 -64 0
1269 0 -64 0
1270 1 63 1
1271 1 63 1
1272 0 -64 0
1273 1 63 1
1274 1 63 1
1275 0 -64 0
1276 1 63 1
1277 0 -64 0
1278 1 63 1
1279 1 63 1
1280 1 63 1
1281 0 -64 0
1282 0 -64 0
1283 1 63 1
1284 1 63 1
1285 0 -64 0
1286 0 -64 0
1287 0 -64 0
1288 1 63 1
1289 0 -64 0
1290 0 -64 0
1291 0 -64 0
1292 1 63 1
1293 1 63 1
1294 0 -64 0
1295 1 63 1
1296 0 -64 0
1297 0 -64 0
1298 0 -64 0
1299 0 -64 0
1300 1 63 1
1301 0 -64 0
1302 1 63 1
1303 1 63 1
1304 0 -64 0
1305 1 63 1
1306 1 63 1
1307 0 -64 0
1308 1 63 1
1309 0 -64 0
1310 1 63 1
1311 1 63 1
1312 1 63 1
1313 0 -64 0
1314 1 63 1
1315 1 63 1
1316 0 -64 0
1317 1 63 1
1318 0 -64 0
1319 1 63 1
1320 1 63 1
1321 1 63 1
1322 0 -64 0
1323 1 63 1
1324 0 -64 0
1325 1 63 1
1326 1 63 1
1327 0 -64 0
1328 1 63 1
1329 0 -64 0
1330 0 -64 0
1331 1 63 1
1332 0 -64 0
1333 1 63 1
1334 0 -64 0
1335 0 -64 0
1336 1 63 1
1337 0 -64 0
1338 1 63 1
1339 1 63 1
1340 0 -64 0
1341 0 -64 0
1342 0 -64 0
1343 1 63 1
1344 1 63 1
1345 1 63 1
1346 0 -64 0
1347 0 -64 0
1348 1 63 1
1349 1 63 1
1350 0 -64 0
1351 1 63 1
1352 1 63 1
1353 1 63 1
1354 0 -64 0
1355 0 -64 0
1356 1 63 1
1357 0 -64 0
1358 1 63 1
1359 1 63 1
1360 1 63 1
1361 0 -64 0
1362 0 -64 0
1363 0 -64 0
1364 1 63 1
1365 1 63 1
1366 0 -64 0
1367 1 63 1
1368 1 63 1
1369 0 -64 0
1370 0 -64 0
1371 0 -64 0
1372 1 63 1
1373 1 63 1
1374 0 -64 0
1375 0 -64 0
1376 0 -64 0
1377 0 -64 0
1378 0 -64 0
1379 0 -64 0
1380 0 -64 0
1381 0 -64 0
1382 0 -64 0
1383 0 -64 0
1384 1 63 1
1385 0 -64 0
1386 0 -64 0
1387 0 -64 0
1388 0 -64 0
1389 1 63 1
1390 1 63 1
1391 0 -64 0
1392 1 63 1
1393 1 63 1
1394 0 -64 0
1395 1 63 1
1396 0 -64 0
1397 0 -64 0
1398 0 -64 0
1399 1 63 1
1400 1 63 1
1401 1 63 1
1402 0 -64 0
1403 0 -64 0
1404 0 -64 0
1405 1 63 1
1406 0 -64 0
1407 0 -64 0
1408 0 -64 0
1409 0 -64 0
1410 0 -64 0
1411 0 -64 0
1412 0 -64 0
1413 0 -64 0
1414 0 -64 0
1415 0 -64 0
1416 1 63 1
1417 0 -64 0
1418 1 63 1
1419 1 63 1
1420 0 -64 0
1421 1 63 1
1422 1 63 1
1423 0 -64 0
1424 1 63 1
1425 0 -64 0
1426 0 -64 0
1427 0 -64 0
1428 1 63 1
1429 1 63 1
1430 0 -64 0
1431 1 63 1
1432 0 -64 0
1433 1 63 1
1434 0 -64 0
1435 0 -64 0
1436 1 63 1
1437 1 63 1
1438 0 -64 0
1439 1 63 1
1440 1 63 1
1441 1 63 1
1442 1 63 1
1443 1 63 1
1444 1 63 1
1445 0 -64 0
1446 0 -64 0
1447 0 -64 0
1448 0 -64 0
1449 1 63 1
1450 1 63 1
1451 0 -64 0
1452 1 63 1
1453 0 -64 0
1454 1 63 1
1455 0 -64 0
1456 1 63 1
1457 0 -64 0
1458 1 63 1
1459 1 63 1
1460 0 -64 0
1461 1 63 1
1462 1 63 1
1463 1 63 1
1464 0 -64 0
1465 1 63 1
1466 1 63 1
1467 0 -64 0
1468 0 -64 0
1469 0 -64 0
1470 0 -64 0
1471 0 -64 0
1472 0 -64 0
1473 1 63 1
1474 0 -64 0
1475 0 -64 0
1476 1 63 1
1477 0 -64 0
1478 0 -64 0
1479 0 -64 0
1480 0 -64 0
1481 0 -64 0
1482 1 63 1
1483 0 -64 0
1484 1 63 1
1485 1 63 1
1486 1 63 1
1487 0 -64 0
1488 1 63 1
1489 0 -64 0
1490 0 -64 0
1491 1 63 1
1492 1 63 1
1493 1 63 1
1494 1 63 1
1495 0 -64 0
1496 0 -64 0
1497 1 63 1
1498 0 -64 0
1499 1 63 1
1500 0 -64 0
1501 0 -64 0
1502 1 63 1
1503 1 63 1
1504 0 -64 0
1505 1 63 1
1506 0 -64 0
1507 0 -64 0
1508 0 -64 0
1509 1 63 1
1510 0 -64 0
1511 0 -64 0
1512 1 63 1
1513 1 63 1
1514 0 -64 0
1515 0 -64 0
1516 0 -64 0
1517 0 -64 0
1518 1 -64 0
1519 0 -64 0
1520 0 63 1
1521 1 -64 0
1522 0 63 1
1523 1 63 1
1524 1 63 1
1525 1 63 1
1526 1 63 1
1527 0 -64 0
1528 1 63 1
1529 0 -64 0
1530 1 63 1
1531 0 -64 0
1532 0 -64 0
1533 1 63 1
1534 1 63 1
1535 0 -64 0
1536 1 63 1
1537 1 63 1
1538 0 -64 0
1539 0 -64 0
1540 1 63 1
1541 0 -64 0
1542 0 -64 0
1543 1 63 1
1544 0 -64 0
1545 0 -64 0
1546 1 63 1
1547 0 -64 0
1548 0 -64 0
1549 0 -64 0
1550 1 63 1
1551 0 -64 0
1552 0 -64 0
1553 1 63 1
1554 0 -64 0
1555 1 63 1
1556 0 -64 0
1557 1 63 1
1558 0 -64 0
1559 0 -64 0
1560 0 -64 0
1561 0 -64 0
1562 0 -64 0
1563 1 63 1
1564 1 63 1
1565 1 63 1
1566 0 -64 0
1567 0 -64 0
1568 0 -64 0
1569 0 -64 0
1570 1 63 1
1571 0 -64 0
1572 0 -64 0
1573 0 -64 0
1574 1 63 1
1575 1 63 1
1576 0 -64 0
1577 1 63 1
1578 0 -64 0
1579 1 63 1
1580 1 63 1
1581 1 63 1
1582 0 -64 0
1583 1 63 1
1584 0 -64 0
1585 0 -64 0
1586 1 63 1
1587 0 -64 0
1588 0 -64 0
1589 1 63 1
1590 0 -64 0
1591 1 63 1
1592 0 -64 0
1593 0 -56 0
1594 0 -62 0
1595 1 56 1
1596 1 58 1
1597 1 52 1
1598 1 52 1
1599 0 -42 0
1600 1 35 1
1601 0 -54 0
1602 0 -55 0
1603 0 -34 0
1604 0 -50 0
1605 0 -64 0
1606 0 -57 0
1607 0 -64 0
1608 0 -64 0
1609 0 -64 0
1610 0 -64 0
1611 0 -64 0
1612 0 -64 0
1613 1 63 1
1614 1 63 1
1615 1 63 1
1616 0 -64 0
1617 0 -64 0
1618 0 -64 0
1619 1 63 1
1620 0 -64 0
1621 0 -64 0
1622 0 -64 0
1623 0 -64 0
1624 1 63 1
1625 1 63 1
1626 0 -64 0
1627 1 63 1
1628 1 63 1
1629 1 63 1
1630 1 63 1
1631 1 63 1
1632 1 63 1
1633 0 -64 0
1634 1 63 1
1635 1 63 1
1636 0 -64 0
1637 0 -64 0
1638 0 -64 0
1639 0 -64 0
1640 1 63 1
1641 1 63 1
1642 1 63 1
1643 1 63 1
1644 0 -64 0
1645 1 63 1
1646 0 -64 0
1647 0 -64 0
1648 0 -64 0
1649 0 -64 0
1650 1 63 1
1651 1 63 1
1652 1 63 1
1653 0 -64 0
1654 0 -64 0
1655 0 -64 0
1656 1 63 1
1657 0 -64 0
1658 0 -64 0
1659 0 -64 0
1660 0 -64 0
1661 1 63 1
1662 0 -64 0
1663 1 63 1
1664 1 63 1
1665 1 63 1
1666 0 -64 0
1667 1 63 1
1668 0 -64 0
1669 1 63 1
1670 1 63 1
1671 0 -64 0
1672 1 63 1
1673 0 -64 0
1674 0 -64 0
1675 1 63 1
1676 1 63 1
1677 1 63 1
1678 1 63 1
1679 1 63 1
1680 0 -64 0
1681 0 -64 0
1682 0 -64 0
1683 0 -64 0
1684 0 -64 0
1685 1 63 1
1686 1 63 1
1687 0 -64 0
1688 0 -64 0
1689 0 -64 0
1690 0 -64 0
1691 1 63 1
1692 1 63 1
1693 1 63 1
1694 0 -64 0
1695 0 -64 0
1696 1 63 1
1697 0 -64 0
1698 1 63 1
1699 0 -64 0
1700 0 -64 0
1701 1 63 1
1702 1 63 1
1703 1 63 1
1704 1 63 1
1705 0 -64 0
1706 1 63 1
1707 0 -64 0
1708 0 -64 0
1709 1 63 1
1710 0 -64 0
1711 1 63 1
1712 0 -64 0
1713 0 -64 0
1714 0 -64 0
1715 0 -64 0
1716 1 63 1
1717 0 -64 0
1718 0 -64 0
1719 0 -64 0
1720 1 63 1
1721 0 -64 0
1722 1 63 1
1723 0 -64 0
1724 1 63 1
1725 1 63 1
1726 1 63 1
1727 1 63 1
1728 0 -64 0
1729 1 63 1
1730 1 63 1
1731 0 -64 0
1732 0 -64 0
1733 0 -64 0
1734 1 63 1
1735 0 -64 0
1736 0 -64 0
1737 1 63 1
1738 0 -64 0
1739 0 -64 0
1740 0 -64 0
1741 1 63 1
1742 1 63 1
1743 0 -64 0
1744 1 63 1
1745 1 63 1
1746 0 -64 0
1747 0 -64 0
1748 1 63 1
1749 0 -64 0
1750 0 -64 0
1751 1 63 1
1752 1 63 1
1753 0 -64 0
1754 0 -64 0
1755 0 -64 0
1756 0 -64 0
1757 0 -64 0
1758 0 -64 0
1759 1 63 1
1760 0 -64 0
1761 1 63 1
1762 0 -64 0
1763 1 63 1
1764 1 63 1
1765 1 63 1
1766 1 63 1
1767 1 63 1
1768 0 -64 0
1769 0 -64 0
1770 1 63 1
1771 1 63 1
1772 1 63 1
1773 1 63 1
1774 1 63 1
1775 0 -64 0
1776 1 63 1
1777 1 63 1
1778 0 -64 0
1779 1 63 1
1780 0 -64 0
1781 0 -64 0
1782 0 -64 0
1783 0 -64 0
1784 1 63 1
1785 0 -64 0
1786 1 63 1
1787 0 -64 0
1788 1 63 1
1789 1 63 1
1790 0 -64 0
1791 0 -64 0
1792 0 -64 0
1793 0 -64 0
1794 0 -64 0
1795 0 -64 0
1796 1 63 1
1797 0 -64 0
1798 0 -64 0
1799 0 -64 0
1800 1 63 1
1801 1 63 1
1802 1 63 1
1803 0 -64 0
1804 1 63 1
1805 1 63 1
1806 0 -64 0
1807 0 63 1
1808 1 63 1
1809 0 -64 0
1810 1 63 1
1811 1 63 1
1812 0 63 1
1813 0 63 1
1814 1 63 1
1815 0 -64 0
1816 1 63 1
1817 1 -64 0
1818 1 63 1
1819 0 -64 0
1820 1 63 1
1821 0 -64 0
1822 0 -64 0
1823 1 63 1
1824 0 -64 0
1825 1 63 1
1826 1 63 1
1827 0 -64 0
1828 0 -64 0
1829 1 63 1
1830 1 63 1
1831 0 -64 0
1832 1 63 1
1833 0 -64 0
1834 0 -64 0
1835 0 -64 0
1836 0 -64 0
1837 1 63 1
1838 0 -64 0
1839 1 63 1
1840 1 63 1
1841 1 63 1
1842 0 -64 0
1843 1 63 1
1844 0 -64 0
1845 1 63 1
1846 1 63 1
1847 0 -64 0
1848 0 -64 0
1849 1 63 1
1850 1 63 1
1851 0 -64 0
1852 1 63 1
1853 0 -64 0
1854 1 63 1
1855 1 63 1
1856 0 -64 0
1857 0 -64 0
1858 0 -64 0
1859 0 -64 0
1860 0 -64 0
1861 0 -64 0
1862 0 -64 0
1863 0 -64 0
1864 1 63 1
1865 1 63 1
1866 1 63 1
1867 0 -64 0
1868 1 63 1
1869 0 -64 0
1870 0 -64 0
1871 0 -64 0
1872 0 -64 0
1873 1 63 1
1874 1 63 1
1875 0 -64 0
1876 0 -64 0
1877 0 -64 0
1878 0 -64 0
1879 0 -64 0
1880 1 63 1
1881 0 -64 0
1882 1 63 1
1883 0 -64 0
1884 0 -64 0
1885 0 -64 0
1886 1 63 1
1887 1 63 1
1888 1 63 1
1889 1 63 1
1890 0 -64 0
1891 1 63 1
1892 1 63 1
1893 0 -64 0
1894 1 63 1
1895 1 63 1
1896 0 -64 0
1897 0 -64 0
1898 1 56 1
1899 0 -64 0
1900 1 63 1
1901 1 63 1
1902 0 -64 0
1903 1 -64 0
1904 0 -64 0
1905 0 56 1
1906 1 63 1
1907 1 63 1
1908 0 -64 0
1909 0 63 1
1910 0 -64 0
1911 0 -64 0
1912 0 -64 0
1913 1 63 1
1914 0 -64 0
1915 0 -64 0
1916 1 63 1
1917 0 -64 0
1918 0 -64 0
1919 1 63 1
1920 0 -64 0
1921 0 -64 0
1922 0 -64 0
1923 0 -64 0
1924 1 63 1
1925 1 63 1
1926 0 -64 0
1927 0 -64 0
1928 0 -64 0
1929 0 -64 0
1930 1 63 1
1931 0 -64 0
1932 0 -64 0
1933 0 -64 0
1934 1 63 1
1935 0 -64 0
1936 1 63 1
1937 0 -64 0
1938 1 63 1
1939 0 -64 0
1940 1 63 1
1941 1 63 1
1942 1 63 1
1943 1 63 1
1944 0 -64 0
1945 0 -64 0
1946 0 -64 0
1947 1 63 1
1948 0 -64 0
1949 0 -64 0
1950 0 -64 0
1951 0 -64 0
1952 0 -64 0
1953 0 -64 0
1954 1 63 1
1955 0 -64 0
1956 0 -64 0
1957 1 63 1
1958 0 -64 0
1959 1 63 1
1960 1 63 1
1961 1 63 1
1962 1 63 1
1963 0 -64 0
1964 0 -64 0
1965 1 63 1
1966 1 63 1
1967 1 63 1
1968 0 -64 0
1969 0 -64 0
1970 0 -64 0
1971 1 63 1
1972 0 -64 0
1973 0 -64 0
1974 1 63 1
1975 0 -64 0
1976 0 -64 0
1977 1 63 1
1978 0 -64 0
1979 1 63 1
1980 0 -64 0
1981 1 63 1
1982 1 63 1
1983 1 63 1
1984 1 63 1
1985 1 63 1
1986 1 63 1
1987 1 63 1
1988 0 -64 0
1989 1 62 1
1990 0 -64 0
1991 0 -64 0
1992 0 -64 0
1993 1 63 1
1994 1 63 1
1995 1 43 1
1996 0 -57 0
1997 0 -58 0
1998 0 -50 0
1999 1 43 1
2000 1 40 1
2001 0 17 1
2002 1 41 1
2003 1 51 1
2004 0 -55 0
2005 0 -54 0
2006 1 44 1
2007 1 63 1
2008 0 -64 0
2009 0 -64 0
2010 1 63 1
2011 0 -64 0
2012 0 -64 0
2013 1 63 1
2014 0 -64 0
2015 0 -64 0
2016 0 -64 0
2017 1 63 1
2018 1 63 1
2019 1 63 1
2020 0 -64 0
2021 0 -64 0
2022 0 -64 0
2023 1 63 1
2024 0 -64 0
2025 1 63 1
2026 1 63 1
2027 0 -64 0
2028 0 -64 0
2029 1 63 1
2030 1 63 1
2031 0 -64 0
2032 0 -64 0
2033 1 63 1
2034 0 -64 0
2035 1 63 1
2036 0 -64 0
2037 1 63 1
2038 0 -64 0
2039 1 63 1
2040 0 -64 0
2041 1 63 1
2042 0 -64 0
2043 0 -64 0
2044 0 -64 0
2045 0 -64 0
2046 1 63 1
2047 1 63 1
2048 1 63 1
2049 1 63 1
2050 0 -64 0
2051 0 -64 0
2052 0 -64 0
2053 0 -64 0
2054 1 63 1
2055 1 63 1
2056 1 63 1
2057 0 -64 0
2058 1 63 1
2059 1 63 1
2060 0 -64 0
2061 1 63 1
2062 1 63 1
2063 1 63 1
2064 0 -64 0
2065 1 63 1
2066 0 -64 0
2067 0 -64 0
2068 1 63 1
2069 1 63 1
2070 1 63 1
2071 0 -64 0
2072 0 -64 0
2073 0 -64 0
2074 0 -64 0
2075 0 -64 0
2076 1 63 1
2077 0 -64 0
2078 0 -64 0
2079 1 63 1
2080 1 63 1
2081 0 -64 0
2082 0 -64 0
2083 1 63 1
2084 1 63 1
2085 1 63 1
2086 0 -64 0
2087 1 63 1
2088 1 63 1
2089 1 63 1
2090 0 -64 0
2091 1 63 1
2092 1 63 1
2093 1 63 1
2094 0 -64 0
2095 1 63 1
2096 1 63 1
2097 1 63 1
2098 1 63 1
2099 1 63 1
2100 1 63 1
2101 0 -64 0
2102 1 63 1
2103 0 -64 0
2104 1 63 1
2105 0 -64 0
2106 1 63 1
2107 1 63 1
2108 0 -64 0
2109 0 -64 0
2110 1 63 1
2111 0 -64 0
2112 0 -64 0
2113 1 63 1
2114 0 -64 0
2115 1 63 1
2116 1 63 1
2117 1 63 1
2118 0 -64 0
2119 0 -64 0
2120 1 63 1
2121 0 -64 0
2122 1 63 1
2123 1 63 1
2124 0 -64 0
2125 1 63 1
2126 0 -64 0
2127 1 63 1
2128 1 63 1
2129 1 63 1
2130 0 -64 0
2131 0 -64 0
2132 0 -64 0
2133 1 63 1
2134 1 63 1
2135 1 63 1
2136 0 -64 0
2137 1 63 1
2138 0 -64 0
2139 1 63 1
2140 0 -64 0
2141 1 63 1
2142 0 -64 0
2143 1 63 1
2144 0 -64 0
2145 0 -64 0
2146 1 63 1
2147 0 -64 0
2148 1 63 1
2149 0 -64 0
2150 0 -64 0
2151 0 -64 0
2152 1 63 1
2153 1 63 1
2154 0 -64 0
2155 1 63 1
2156 0 -64 0
2157 1 63 1
2158 1 63 1
2159 1 63 1
2160 0 -64 0
2161 0 -64 0
2162 0 -64 0
2163 1 63 1
2164 0 -64 0
2165 1 63 1
2166 0 -64 0
2167 0 -64 0
2168 0 -64 0
2169 1 63 1
2170 0 -64 0
2171 1 63 1
2172 0 -64 0
2173 1 63 1
2174 1 63 1
2175 1 63 1
2176 1 63 1
2177 1 63 1
2178 1 63 1
2179 1 63 1
2180 1 63 1
2181 0 -64 0
2182 1 63 1
2183 0 -64 0
2184 0 -64 0
2185 1 63 1
2186 1 63 1
2187 0 -64 0
2188 0 -64 0
2189 0 -64 0
2190 0 -64 0
2191 1 63 1
2192 1 63 1
2193 1 63 1
2194 1 63 1
2195 1 63 1
2196 1 63 1
2197 0 -64 0
2198 1 63 1
2199 0 -64 0
2200 1 63 1
2201 0 -64 0
2202 1 63 1
2203 1 63 1
2204 0 -64 0
2205 0 -64 0
2206 0 -64 0
2207 0 -64 0
2208 0 -64 0
2209 0 -64 0
2210 1 63 1
2211 0 -64 0
2212 1 63 1
2213 1 63 1
2214 1 63 1
2215 1 63 1
2216 1 63 1
2217 1 63 1
2218 1 63 1
2219 1 63 1
2220 0 -64 0
2221 0 -64 0
2222 0 -64 0
2223 0 -64 0
2224 0 -64 0
2225 0 -64 0
2226 1 63 1
2227 0 -64 0
2228 0 -64 0
2229 0 -64 0
2230 1 63 1
2231 0 -64 0
2232 1 63 1
2233 0 -64 0
2234 1 63 1
2235 1 63 1
2236 0 -64 0
2237 0 -64 0
2238 0 -64 0
2239 0 -64 0
2240 0 -64 0
2241 1 63 1
2242 1 63 1
2243 1 63 1
2244 1 63 1
2245 0 -64 0
2246 1 63 1
2247 0 -64 0
2248 1 63 1
2249 0 -64 0
2250 1 63 1
2251 0 -64 0
2252 1 63 1
2253 1 63 1
2254 1 63 1
2255 1 63 1
2256 0 -64 0
2257 1 63 1
2258 0 -63 0
2259 0 -64 0
2260 0 -64 0
2261 0 -64 0
2262 0 -64 0
2263 0 -64 0
2264 0 -64 0
2265 1 63 1
2266 1 63 1
2267 1 63 1
2268 1 63 1
2269 1 63 1
2270 0 -64 0
2271 1 63 1
2272 1 63 1
2273 1 63 1
2274 1 63 1
2275 1 63 1
2276 0 -64 0
2277 1 63 1
2278 1 63 1
2279 0 -64 0
2280 1 63 1
2281 0 -64 0
2282 1 63 1
2283 1 63 1
2284 1 63 1
2285 0 -64 0
2286 0 -64 0
2287 0 -64 0
2288 1 63 1
2289 1 63 1
2290 1 63 1
2291 0 -64 0
2292 0 -64 0
2293 1 63 1
2294 0 -64 0
2295 1 63 1
2296 0 -64 0
2297 1 63 1
2298 1 63 1
2299 1 63 1
2300 1 63 1
2301 1 63 1
2302 1 63 1
2303 0 -64 0
2304 0 -64 0
2305 0 -64 0
2306 1 63 1
2307 1 63 1
2308 1 63 1
2309 1 63 1
2310 1 63 1
2311 1 63 1
2312 0 -64 0
2313 0 -64 0
2314 1 63 1
2315 1 63 1
2316 1 63 1
2317 0 -64 0
2318 0 -64 0
2319 0 -64 0
2320 1 63 1
2321 1 63 1
2322 0 -64 0
2323 0 -64 0
2324 1 63 1
2325 1 63 1
2326 1 63 1
2327 1 63 1
2328 1 63 1
2329 0 -64 0
2330 1 63 1
2331 0 -64 0
2332 0 -64 0
2333 0 -64 0
2334 1 63 1
2335 0 -64 0
2336 0 -64 0
2337 0 -64 0
2338 0 -64 0
2339 1 63 1
2340 0 -64 0
2341 1 63 1
2342 1 63 1
2343 1 63 1
2344 1 63 1
2345 1 63 1
2346 0 -64 0
2347 0 -64 0
2348 1 63 1
2349 0 -64 0
2350 1 63 1
2351 0 -64 0
2352 1 63 1
2353 0 -64 0
2354 1 63 1
2355 0 -64 0
2356 1 63 1
2357 0 -64 0
2358 0 -64 0
2359 1 63 1
2360 1 63 1
2361 1 63 1
2362 0 -64 0
2363 1 63 1
2364 1 63 1
2365 1 63 1
2366 0 -64 0
2367 1 63 1
2368 0 -64 0
2369 1 63 1
2370 1 63 1
2371 0 -64 0
2372 1 63 1
2373 1 63 1
2374 0 -64 0
2375 1 63 1
2376 1 63 1
2377 0 -64 0
2378 0 -64 0
2379 0 -64 0
2380 1 63 1
2381 0 -64 0
2382 1 63 1
2383 1 63 1
2384 0 -64 0
2385 0 -64 0
2386 1 63 1
2387 1 63 1
2388 0 -64 0
2389 1 63 1
2390 1 63 1
2391 1 63 1
2392 0 -64 0
2393 0 -64 0
2394 0 -64 0
2395 1 63 1
2396 1 58 1
2397 0 -50 0
2398 1 45 1
2399 0 -43 0
2400 1 39 1
2401 0 -47 0
2402 0 -64 0
2403 0 -50 0
2404 1 41 1
2405 0 -59 0
2406 1 46 1
2407 1 63 1
2408 0 -64 0
2409 1 63 1
2410 1 63 1
2411 1 63 1
2412 1 63 1
2413 1 63 1
2414 1 63 1
2415 0 -64 0
2416 1 63 1
2417 1 63 1
2418 0 -64 0
2419 1 63 1
2420 1 63 1
2421 1 63 1
2422 1 63 1
2423 0 -64 0
2424 0 -64 0
2425 1 63 1
2426 0 -64 0
2427 0 -64 0
2428 1 63 1
2429 1 63 1
2430 1 63 1
2431 1 63 1
2432 1 63 1
2433 1 63 1
2434 0 -64 0
2435 1 63 1
2436 0 -64 0
2437 1 63 1
2438 0 -64 0
2439 0 -64 0
2440 0 -64 0
2441 0 -64 0
2442 1 63 1
2443 1 63 1
2444 1 63 1
2445 1 63 1
2446 1 63 1
2447 0 -64 0
2448 0 -64 0
2449 1 63 1
2450 1 63 1
2451 0 -64 0
2452 1 63 1
2453 0 -64 0
2454 0 -64 0
2455 1 63 1
2456 0 -64 0
2457 0 -64 0
2458 1 63 1
2459 0 -64 0
2460 1 63 1
2461 1 63 1
2462 1 63 1
2463 0 -64 0
2464 1 63 1
2465 1 63 1
2466 1 63 1
2467 0 -64 0
2468 0 -64 0
2469 0 -64 0
2470 0 -64 0
2471 1 63 1
2472 1 63 1
2473 0 -64 0
2474 1 63 1
2475 0 -64 0
2476 1 63 1
2477 0 -64 0
2478 0 -64 0
2479 1 63 1
2480 0 -64 0
2481 1 63 1
2482 0 -64 0
2483 0 -64 0
2484 0 -64 0
2485 0 -64 0
2486 0 -64 0
2487 1 63 1
2488 0 -64 0
2489 0 -64 0
2490 0 -64 0
2491 0 -64 0
2492 0 -64 0
2493 1 63 1
2494 1 63 1
2495 0 -64 0
2496 1 63 1
2497 0 -64 0
2498 0 -64 0
2499 0 -64 0
2500 1 63 1
2501 1 63 1
2502 1 63 1
2503 1 63 1
2504 0 -64 0
2505 1 63 1
2506 0 -64 0
2507 0 -64 0
2508 1 63 1
2509 0 -64 0
2510 1 63 1
2511 1 63 1
2512 0 -64 0
2513 1 63 1
2514 0 -64 0
2515 1 63 1
2516 0 -64 0
2517 1 63 1
2518 1 63 1
2519 0 -64 0
2520 1 63 1
2521 1 63 1
2522 1 63 1
2523 1 63 1
2524 1 63 1
2525 1 63 1
2526 0 -64 0
2527 1 63 1
2528 0 -64 0
2529 0 -64 0
2530 0 -64 0
2531 1 63 1
2532 1 63 1
2533 0 -64 0
2534 0 -64 0
2535 0 -64 0
2536 1 63 1
2537 0 -64 0
2538 0 -64 0
2539 1 63 1
2540 0 -64 0
2541 0 -64 0
2542 1 63 1
2543 0 -64 0
2544 0 -64 0
2545 1 63 1
2546 1 63 1
2547 0 -64 0
2548 0 -64 0
2549 1 63 1
2550 1 63 1
2551 0 -64 0
2552 1 63 1
2553 1 63 1
2554 1 63 1
2555 0 -64 0
2556 0 -64 0
2557 0 -64 0
2558 1 63 1
2559 1 63 1
2560 0 -64 0
2561 0 -64 0
2562 0 -64 0
2563 1 63 1
2564 0 -64 0
2565 1 63 1
2566 1 63 1
2567 0 -64 0
2568 0 -64 0
2569 0 -64 0
2570 0 -64 0
2571 0 -64 0
2572 1 63 1
2573 1 63 1
2574 1 63 1
2575 1 63 1
2576 0 -64 0
2577 1 63 1
2578 0 -64 0
2579 1 63 1
2580 1 63 1
2581 1 63 1
2582 1 63 1
2583 1 63 1
2584 0 -64 0
2585 1 63 1
2586 1 63 1
2587 1 63 1
2588 0 -64 0
2589 1 63 1
2590 1 63 1
2591 1 63 1
2592 0 -64 0
2593 0 -64 0
2594 1 63 1
2595 1 63 1
2596 1 63 1
2597 0 -64 0
2598 0 -64 0
2599 1 -64 0
2600 1 63 1
2601 1 63 1
2602 1 63 1
2603 1 -64 0
2604 1 -64 0
2605 0 -64 0
2606 1 63 1
2607 1 63 1
2608 0 -64 0
2609 0 -64 0
2610 1 63 1
2611 1 63 1
2612 1 63 1
2613 1 63 1
2614 0 -64 0
2615 1 63 1
2616 0 -64 0
2617 0 -64 0
2618 1 63 1
2619 1 63 1
2620 0 -64 0
2621 1 63 1
2622 0 -64 0
2623 1 63 1
2624 1 63 1
2625 0 -64 0
2626 1 63 1
2627 1 63 1
2628 0 -64 0
2629 0 -64 0
2630 1 63 1
2631 1 63 1
2632 0 -64 0
2633 1 63 1
2634 1 63 1
2635 1 63 1
2636 1 63 1
2637 1 63 1
2638 1 63 1
2639 1 63 1
2640 1 63 1
2641 0 -64 0
2642 0 -64 0
2643 1 63 1
2644 0 -64 0
2645 1 63 1
2646 1 63 1
2647 1 63 1
2648 1 63 1
2649 1 63 1
2650 0 -64 0
2651 1 63 1
2652 0 -64 0
2653 1 63 1
2654 1 63 1
2655 1 63 1
2656 1 63 1
2657 1 63 1
2658 0 -64 0
2659 1 63 1
2660 0 -64 0
2661 1 63 1
2662 0 -64 0
2663 0 -64 0
2664 0 -64 0
2665 0 -64 0
2666 1 63 1
2667 1 63 1
2668 0 -64 0
2669 0 -64 0
2670 1 63 1
2671 1 63 1
2672 0 -64 0
2673 0 -64 0
2674 0 -64 0
2675 0 -64 0
2676 0 -64 0
2677 0 -64 0
2678 0 -64 0
2679 0 -64 0
2680 0 -64 0
2681 0 -64 0
2682 1 63 1
2683 1 63 1
2684 0 -64 0
2685 1 63 1
2686 1 63 1
2687 1 63 1
2688 0 -64 0
2689 0 -64 0
2690 1 63 1
2691 0 -64 0
2692 1 63 1
2693 0 -64 0
2694 0 -64 0
2695 0 -64 0
2696 1 63 1
2697 0 -64 0
2698 1 63 1
2699 0 -64 0
2700 0 -64 0
2701 0 -64 0
2702 1 63 1
2703 0 -64 0
2704 0 -64 0
2705 1 63 1
2706 1 63 1
2707 1 63 1
2708 1 63 1
2709 0 -64 0
2710 0 -64 0
2711 1 63 1
2712 0 -64 0
2713 0 -64 0
2714 0 -64 0
2715 1 63 1
2716 0 -64 0
2717 0 -64 0
2718 0 -64 0
2719 0 -64 0
2720 0 -64 0
2721 1 63 1
2722 0 -64 0
2723 1 63 1
2724 1 63 1
2725 1 63 1
2726 1 63 1
2727 1 63 1
2728 0 -64 0
2729 1 63 1
2730 0 -64 0
2731 0 -64 0
2732 1 63 1
2733 0 -64 0
2734 0 -64 0
2735 1 63 1
2736 1 63 1
2737 1 63 1
2738 0 -64 0
2739 1 63 1
2740 1 63 1
2741 0 -64 0
2742 0 -64 0
2743 1 63 1
2744 0 -64 0
2745 0 -64 0
2746 0 -64 0
2747 0 -64 0
2748 0 -64 0
2749 0 -64 0
2750 0 -64 0
2751 0 -64 0
2752 0 -64 0
2753 1 63 1
2754 0 -64 0
2755 0 -64 0
2756 0 -64 0
2757 1 63 1
2758 1 63 1
2759 0 -64 0
2760 1 63 1
2761 0 -64 0
2762 1 63 1
2763 1 63 1
2764 0 -64 0
2765 1 63 1
2766 0 -64 0
2767 1 63 1
2768 0 -64 0
2769 1 63 1
2770 0 -64 0
2771 0 -64 0
2772 0 -64 0
2773 0 -64 0
2774 1 63 1
2775 0 -64 0
2776 1 63 1
2777 0 -64 0
2778 0 -64 0
2779 0 -64 0
2780 0 -64 0
2781 0 -64 0
2782 1 60 1
2783 0 -64 0
2784 1 63 1
2785 1 63 1
2786 1 63 1
2787 1 63 1
2788 1 63 1
2789 0 -45 0
2790 1 57 1
2791 1 63 1
2792 0 -58 0
2793 1 35 1
2794 1 43 1
2795 1 55 1
2796 1 -13 0
2797 0 -47 0
2798 1 26 1
2799 0 -37 0
2800 1 38 1
2801 1 44 1
2802 1 54 1
2803 0 -57 0
2804 0 -45 0
2805 0 -60 0
2806 0 -63 0
2807 0 -64 0
2808 1 63 1
2809 0 -64 0
2810 1 63 1
2811 0 -64 0
2812 1 63 1
2813 1 63 1
2814 0 -64 0
2815 1 63 1
2816 1 63 1
2817 1 63 1
2818 1 63 1
2819 0 -64 0
2820 0 -64 0
2821 1 63 1
2822 1 63 1
2823 0 -64 0
2824 0 -64 0
2825 0 -64 0
2826 0 -64 0
2827 0 -64 0
2828 0 -64 0
2829 1 63 1
2830 0 -64 0
2831 0 -64 0
2832 0 -64 0
2833 1 63 1
2834 0 -64 0
2835 1 63 1
2836 1 63 1
2837 0 -64 0
2838 1 63 1
2839 0 -64 0
2840 0 -64 0
2841 1 63 1
2842 1 63 1
2843 1 63 1
2844 1 63 1
2845 1 63 1
2846 1 63 1
2847 1 63 1
2848 1 63 1
2849 0 -64 0
2850 1 63 1
2851 0 -64 0
2852 1 63 1
2853 0 -64 0
2854 0 -64 0
2855 1 63 1
2856 1 63 1
2857 0 -64 0
2858 1 63 1
2859 1 63 1
2860 1 63 1
2861 0 -64 0
2862 0 -64 0
2863 0 -64 0
2864 0 -64 0
2865 0 -64 0
2866 0 -64 0
2867 1 63 1
2868 1 63 1
2869 0 -64 0
2870 1 63 1
2871 0 -64 0
2872 1 63 1
2873 0 -64 0
2874 1 63 1
2875 0 -64 0
2876 1 63 1
2877 0 -64 0
2878 0 -64 0
2879 1 63 1
2880 1 63 1
2881 1 63 1
2882 1 63 1
2883 0 -64 0
2884 1 63 1
2885 1 63 1
2886 1 63 1
2887 1 63 1
2888 1 63 1
2889 1 63 1
2890 0 -64 0
2891 0 -64 0
2892 1 63 1
2893 0 -64 0
2894 0 -64 0
2895 1 63 1
2896 1 63 1
2897 1 63 1
2898 1 63 1
2899 1 63 1
2900 1 63 1
2901 0 -64 0
2902 1 63 1
2903 0 -64 0
2904 0 -64 0
2905 1 63 1
2906 1 63 1
2907 0 -64 0
2908 1 63 1
2909 0 -64 0
2910 0 -64 0
2911 0 -64 0
2912 1 63 1
2913 1 63 1
2914 1 63 1
2915 0 -64 0
2916 0 -64 0
2917 0 -64 0
2918 0 -64 0
2919 0 -64 0
2920 0 -64 0
2921 0 -64 0
2922 1 63 1
2923 1 63 1
2924 0 -64 0
2925 0 -64 0
2926 0 -64 0
2927 1 63 1
2928 1 63 1
2929 1 63 1
2930 1 63 1
2931 0 -64 0
2932 0 -64 0
2933 0 -64 0
2934 1 63 1
2935 0 -64 0
2936 1 63 1
2937 0 -64 0
2938 1 63 1
2939 0 -64 0
2940 0 -64 0
2941 1 63 1
2942 1 63 1
2943 1 63 1
2944 1 63 1
2945 1 63 1
2946 0 -64 0
2947 1 63 1
2948 1 63 1
2949 1 63 1
2950 1 63 1
2951 0 -64 0
2952 0 -64 0
2953 0 -64 0
2954 0 -64 0
2955 1 63 1
2956 1 63 1
2957 0 -64 0
2958 1 63 1
2959 1 63 1
2960 0 -64 0
2961 1 63 1
2962 1 63 1
2963 1 63 1
2964 0 -64 0
2965 0 -64 0
2966 0 -64 0
2967 0 -64 0
2968 0 -64 0
2969 1 63 1
2970 1 63 1
2971 0 -64 0
2972 1 63 1
2973 0 -64 0
2974 1 63 1
2975 1 63 1
2976 1 -64 0
2977 1 63 1
2978 0 63 1
2979 1 63 1
2980 1 63 1
2981 0 -64 0
2982 0 63 1
2983 1 63 1
2984 1 63 1
2985 1 63 1
2986 1 63 1
2987 1 63 1
2988 0 -64 0
2989 0 -64 0
2990 0 -64 0
2991 0 -64 0
2992 1 63 1
2993 0 -64 0
2994 1 63 1
2995 1 63 1
2996 0 -64 0
2997 0 -64 0
2998 0 -64 0
2999 1 63 1
3000 0 -64 0
3001 1 63 1
3002 1 63 1
3003 0 -64 0
3004 0 -64 0
3005 1 63 1
3006 0 -64 0
3007 0 -64 0
3008 0 -64 0
3009 1 63 1
3010 1 63 1
3011 0 -64 0
3012 0 -64 0
3013 1 63 1
3014 0 -64 0
3015 1 63 1
3016 0 -64 0
3017 0 -64 0
3018 0 -64 0
3019 0 -64 0
3020 0 -64 0
3021 0 -64 0
3022 1 63 1
3023 0 -64 0
3024 1 63 1
3025 1 63 1
3026 1 63 1
3027 0 -64 0
3028 0 -64 0
3029 1 63 1
3030 1 63 1
3031 1 63 1
3032 0 -64 0
3033 0 -64 0
3034 1 63 1
3035 0 -64 0
3036 1 63 1
3037 0 -64 0
3038 1 63 1
3039 0 -64 0
3040 1 63 1
3041 1 63 1
3042 0 -64 0
3043 0 -64 0
3044 1 63 1
3045 0 -64 0
3046 1 63 1
3047 1 63 1
3048 0 -64 0
3049 1 63 1
3050 1 63 1
3051 0 -64 0
3052 1 63 1
3053 0 -64 0
3054 0 -64 0
3055 1 63 1
3056 1 63 1
3057 1 63 1
3058 1 63 1
3059 1 63 1
3060 0 -64 0
3061 0 -64 0
3062 1 63 1
3063 1 63 1
3064 0 -64 0
3065 1 63 1
3066 0 -64 0
3067 1 63 1
3068 1 63 1
3069 1 63 1
3070 0 -64 0
3071 1 63 1
3072 0 -64 0
3073 0 -64 0
3074 0 -64 0
3075 1 63 1
3076 1 63 1
3077 0 -64 0
3078 1 63 1
3079 1 63 1
3080 1 63 1
3081 1 63 1
3082 0 -64 0
3083 0 -64 0
3084 1 63 1
3085 0 -64 0
3086 1 63 1
3087 0 -64 0
3088 1 63 1
3089 1 63 1
3090 0 -64 0
3091 1 63 1
3092 1 63 1
3093 0 -64 0
3094 1 63 1
3095 0 -64 0
3096 0 -64 0
3097 1 63 1
3098 0 -64 0
3099 1 63 1
3100 0 -64 0
3101 1 63 1
3102 0 -64 0
3103 0 -64 0
3104 1 63 1
3105 1 63 1
3106 1 63 1
3107 0 -64 0
3108 1 63 1
3109 1 63 1
3110 1 63 1
3111 0 -64 0
3112 1 63 1
3113 1 63 1
3114 0 -64 0
3115 0 -64 0
3116 0 -64 0
3117 0 -64 0
3118 0 -64 0
3119 0 -64 0
3120 1 63 1
3121 1 63 1
3122 0 -64 0
3123 1 63 1
3124 1 63 1
3125 1 63 1
3126 0 -64 0
3127 0 -64 0
3128 0 -64 0
3129 1 63 1
3130 0 -64 0
3131 1 63 1
3132 1 63 1
3133 0 -64 0
3134 1 63 1
3135 1 63 1
3136 1 63 1
3137 0 -64 0
3138 1 63 1
3139 1 63 1
3140 1 63 1
3141 1 63 1
3142 1 63 1
3143 0 -64 0
3144 1 63 1
3145 0 -64 0
3146 1 63 1
3147 0 -64 0
3148 0 -64 0
3149 0 -64 0
3150 0 -64 0
3151 1 63 1
3152 0 -64 0
3153 1 63 1
3154 0 -64 0
3155 1 63 1
3156 0 -64 0
3157 0 -64 0
3158 1 63 1
3159 0 -64 0
3160 1 63 1
3161 0 -64 0
3162 0 -64 0
3163 1 63 1
3164 0 -64 0
3165 0 -64 0
3166 1 63 1
3167 0 -64 0
3168 0 -64 0
3169 0 -64 0
3170 1 63 1
3171 0 -64 0
3172 1 63 1
3173 1 63 1
3174 1 63 1
3175 0 -64 0
3176 1 63 1
3177 0 -64 0
3178 1 63 1
3179 1 63 1
3180 1 63 1
3181 1 63 1
3182 0 -64 0
3183 1 63 1
3184 0 -64 0
3185 0 -64 0
3186 0 -64 0
3187 1 63 1
3188 0 -64 0
3189 1 63 1
3190 1 63 1
3191 0 -64 0
3192 0 -64 0
3193 0 -64 0
3194 0 -64 0
3195 1 63 1
3196 0 -64 0
3197 0 63 1
3198 1 63 1
3199 1 63 1
