# idx_int bit_int post_llr hard
0 0 -32080.60931874 0
1 1 27757.64281252 1
2 1 21926.11869956 1
3 1 25515.48730525 1
4 0 -39706.57458071 0
5 0 -38236.27077566 0
6 1 23887.32679784 1
7 0 -15528.68590457 0
8 1 37257.28445200 1
9 1 26130.41255658 1
10 0 -25065.53497284 0
11 1 28076.05837602 1
12 0 -30340.02083072 0
13 0 -36557.60856989 0
14 1 22359.51410827 1
15 1 31404.34303605 1
16 1 32955.55515126 1
17 1 30101.84510350 1
18 1 35681.98457477 1
19 0 -36171.62599047 0
20 0 -31772.94325484 0
21 0 -33342.71071687 0
22 0 -39628.20342195 0
23 1 11284.95145701 1
24 0 -32700.83982691 0
25 1 43986.13965317 1
26 0 -10154.27151233 0
27 1 38442.36858205 1
28 0 -24943.87617188 0
29 1 38461.66795982 1
30 1 27847.30182991 1
31 0 -31936.94872063 0
32 1 34336.69775170 1
33 1 29658.45628477 1
34 0 -45434.99707945 0
35 0 -34935.09775336 0
36 1 21854.87980397 1
37 1 32045.46851790 1
38 0 -32256.32212749 0
39 0 -39172.69613445 0
40 0 -33927.31877033 0
41 1 31596.33914666 1
42 1 22302.31034506 1
43 0 -39896.84630748 0
44 1 39567.16431521 1
45 1 30634.51153069 1
46 0 -35205.17452556 0
47 0 -46858.84508956 0
48 1 21427.47296921 1
49 1 22845.42194624 1
50 0 -39897.53782781 0
51 0 -25943.65523953 0
52 0 -28310.54529013 0
53 1 30183.51473963 1
54 0 -38242.59675767 0
55 1 28380.74215526 1
56 0 -30103.28495510 0
57 1 26562.18636777 1
58 1 41077.89066272 1
59 1 38651.69283541 1
60 0 -32509.65995120 0
61 0 -30967.47159803 0
62 1 21153.58658503 1
63 1 44815.58634843 1
64 1 26347.42237151 1
65 1 25836.58636654 1
66 1 22475.83364441 1
67 0 26785.57367617 1
68 0 -41290.88923798 0
69 1 15797.10378887 1
70 1 26863.98743928 1
71 0 -26430.33252314 0
72 0 -27812.85405092 0
73 1 22413.51496385 1
74 1 31357.19194347 1
75 1 11259.19008418 1
76 0 -33818.19014006 0
77 1 36943.19000285 1
78 1 36242.10100559 1
79 0 -10689.18249346 0
80 0 -36300.10137658 0
81 0 -43821.00545410 0
82 1 34596.66038593 1
83 1 19183.92516225 1
84 0 -24305.73949598 0
85 1 41692.27373886 1
86 1 28705.06978850 1
87 1 23523.86577504 1
88 0 -32157.22257234 0
89 1 26652.89842601 1
90 0 -40333.58533085 0
91 0 -24769.77248068 0
92 1 25297.08790799 1
93 0 -35814.48776157 0
94 0 -31350.94398178 0
95 1 41159.97847626 1
96 1 32507.95395966 1
97 1 38184.69048085 1
98 0 -31151.81558954 0
99 1 26997.12922062 1
100 0 -26924.70419636 0
101 0 -32182.20821590 0
102 1 18248.51904171 1
103 0 -21963.76915861 0
104 0 -20500.44465020 0
105 0 -33479.32355268 0
106 1 37301.62077839 1
107 1 31364.78285511 1
108 1 23138.90257557 1
109 1 41780.00776218 1
110 1 25331.46741932 1
111 1 32272.74102844 1
112 1 21745.57837242 1
113 1 5377.31226370 1
114 0 -31971.85542799 0
115 1 35661.56383872 1
116 1 18293.85535320 1
117 0 -43156.08449873 0
118 0 -33591.57967304 0
119 0 -20943.71336704 0
120 1 43918.36651597 1
121 1 32936.89094791 1
122 1 27753.77101828 1
123 1 31483.00894291 1
124 0 -28815.75493116 0
125 0 -40336.42729114 0
126 1 24983.55853903 1
127 0 -33857.05794169 0
128 0 -11554.46705618 0
129 1 17232.05773404 1
130 1 30519.59605554 1
131 1 37201.53292428 1
132 1 28350.38052155 1
133 1 31386.85928213 1
134 1 46663.88704884 1
135 0 -27615.23425820 0
136 1 28515.45542833 1
137 1 40540.39845612 1
138 1 41960.47045027 1
139 0 -28605.72839565 0
140 1 37835.41392039 1
141 1 39419.03470167 1
142 1 20284.46845561 1
143 1 41301.83714664 1
144 1 43743.70774864 1
145 1 31123.01661054 1
146 1 37250.70485240 1
147 0 -26793.95585687 0
148 0 -34650.43770451 0
149 0 -16141.85860329 0
150 1 43169.52913583 1
151 1 36616.46337273 1
152 0 -31384.73301804 0
153 0 -40611.72077498 0
154 1 39924.15379910 1
155 0 -34683.69369160 0
156 0 -33550.34548346 0
157 1 34505.88204695 1
158 0 -34225.66723864 0
159 1 18394.86027837 1
160 0 -29001.47716053 0
161 0 -36328.27397636 0
162 1 46365.77450754 1
163 0 -44553.32148856 0
164 1 42612.00865143 1
165 0 -19127.04099630 0
166 1 32284.51008610 1
167 1 26656.51924591 1
168 0 -32427.99022276 0
169 1 39835.17431361 1
170 1 32008.38033546 1
171 0 -22636.35401476 0
172 1 31931.71901835 1
173 1 33567.61141224 1
174 1 48172.46374723 1
175 1 27627.81937276 1
176 0 -48626.02155327 0
177 1 26310.39228428 1
178 1 6897.84779713 1
179 0 -34936.46331886 0
180 1 33107.38839168 1
181 0 -51563.49870831 0
182 1 42248.89723209 1
183 0 -46677.00884240 0
184 1 32391.13478970 1
185 0 -43809.12218992 0
186 0 -31029.24326593 0
187 1 34268.14874202 1
188 1 37185.87272361 1
189 1 39798.49879997 1
190 1 39686.57548138 1
191 1 37018.85539125 1
192 0 -32156.32461051 0
193 0 -31392.36486499 0
194 0 -39116.66644278 0
195 0 -23570.50634806 0
196 0 -31190.73153721 0
197 1 36260.38888469 1
198 0 -40675.39285190 0
199 1 46235.53041858 1
200 0 -29417.56785576 0
201 0 -48665.21237220 0
202 0 -37053.57457045 0
203 1 32935.74615021 1
204 1 40053.80751516 1
205 1 33671.04955834 1
206 1 33891.94449994 1
207 1 37685.66416361 1
208 1 37870.65201622 1
209 1 47339.10836498 1
210 1 44195.05828038 1
211 0 -38198.40365887 0
212 1 36792.63667254 1
213 0 -36698.22010920 0
214 1 37200.30926969 1
215 0 -40084.84026440 0
216 1 37057.06742949 1
217 0 -39290.26533543 0
218 1 43024.53433687 1
219 0 -31095.95641966 0
220 0 -36636.59710529 0
221 0 -29987.47294098 0
222 0 -45140.80948732 0
223 0 -42233.70478852 0
224 1 43128.07838471 1
225 1 31734.16021528 1
226 1 39575.21031913 1
227 0 -24070.99580480 0
228 1 34174.20786601 1
229 1 38999.45563084 1
230 1 25996.82484509 1
231 1 40483.13168636 1
232 0 -46739.91671581 0
233 0 -27106.61200037 0
234 0 -30135.28628840 0
235 1 36430.05628773 1
236 1 43350.78922259 1
237 1 35288.05840717 1
238 0 -28834.41686408 0
239 0 -40592.90809330 0
240 1 45092.91500122 1
241 0 -25674.52719911 0
242 0 -46434.70853445 0
243 1 45514.54225607 1
244 0 -40351.25263756 0
245 0 -28978.53235692 0
246 1 45711.35844959 1
247 1 18812.86753998 1
248 1 41721.56418215 1
249 0 -31363.92120659 0
250 0 -47715.78635980 0
251 1 50182.99085964 1
252 0 -46167.62412648 0
253 1 24533.61564986 1
254 1 30700.05498717 1
255 0 -45831.46421200 0
256 0 -47136.16545312 0
257 1 36541.48760708 1
258 0 -29684.97066381 0
259 1 37775.00462915 1
260 0 -42762.41632784 0
261 0 -33147.23224563 0
262 0 -41486.18968003 0
263 1 23534.46552291 1
264 0 -49411.64451666 0
265 1 39812.71491846 1
266 0 -32834.05954057 0
267 0 -32446.83411960 0
268 0 -46607.77666244 0
269 0 -45073.68955836 0
270 0 -38096.57366069 0
271 1 17641.43931099 1
272 0 -40381.21396892 0
273 1 35402.85574758 1
274 1 45688.79492249 1
275 1 34749.39998915 1
276 1 31799.79623612 1
277 0 -47055.36022660 0
278 0 -32971.34374402 0
279 1 34983.72274875 1
280 1 41787.29414187 1
281 1 39554.76310262 1
282 0 -50728.82653353 0
283 0 -27747.86083905 0
284 0 -45290.82965395 0
285 1 36278.53163780 1
286 1 28413.66100603 1
287 1 36990.53763070 1
288 0 -41841.79348242 0
289 1 58850.60847901 1
290 0 -26503.51020933 0
291 1 48645.87035310 1
292 1 33378.07247214 1
293 1 40392.37507675 1
294 1 42791.53265478 1
295 0 -45044.35083951 0
296 0 -21487.43697372 0
297 0 -39787.63941341 0
298 0 -32158.06705670 0
299 1 33516.15675114 1
300 1 41125.39263564 1
301 1 37169.46530025 1
302 0 -46900.71592988 0
303 0 -37521.69726761 0
304 0 -38893.71667944 0
305 0 -27100.09778488 0
306 0 -35919.75034033 0
307 0 -46789.52586316 0
308 0 -28428.17833981 0
309 1 30357.61534882 1
310 1 28901.46213408 1
311 0 -41644.05386817 0
312 0 -39018.19390009 0
313 1 42062.37521484 1
314 1 42159.50127565 1
315 1 46637.66987089 1
316 1 36785.98990341 1
317 0 -24398.26156966 0
318 1 43347.91898474 1
319 0 -36674.41334768 0
320 1 53502.82958733 1
321 0 -38657.65492835 0
322 1 30531.23145709 1
323 1 47226.96257736 1
324 0 -40817.68066313 0
325 0 -39851.97990139 0
326 1 24182.86018592 1
327 1 35190.40861721 1
328 0 -43706.77588307 0
329 0 -22836.68721204 0
330 1 41450.04999233 1
331 0 -40206.67751816 0
332 1 40952.55135927 1
333 1 18969.62670494 1
334 0 -51762.88877995 0
335 0 -31523.59699226 0
336 1 39677.12764200 1
337 1 35321.68275400 1
338 0 -42707.25089322 0
339 0 -44629.43436202 0
340 0 -26131.70324572 0
341 0 -47807.52234846 0
342 1 53039.51880886 1
343 0 -26980.73999380 0
344 0 -54146.12433011 0
345 0 -43760.47129903 0
346 1 38196.69819878 1
347 1 37444.07917995 1
348 1 47794.02729444 1
349 0 -40035.70545015 0
350 0 -33820.02494112 0
351 0 -39489.15971247 0
352 1 33371.82772521 1
353 1 32915.47378137 1
354 1 36485.22372601 1
355 0 -38563.98540074 0
356 0 -26500.48362935 0
357 0 -45839.85493097 0
358 1 49613.38598254 1
359 0 -38737.45035042 0
360 0 -22403.79255672 0
361 0 -20070.63543983 0
362 0 -38522.78041707 0
363 1 31231.84636495 1
364 0 -26882.30785366 0
365 0 -35399.92745955 0
366 1 28109.40173663 1
367 0 -36252.94188828 0
368 1 30272.86276892 1
369 0 -35287.58592438 0
370 1 39760.97587119 1
371 0 -34572.00793376 0
372 1 32937.59481185 1
373 0 -36056.69252665 0
374 0 -23858.28761445 0
375 0 -30357.36024979 0
376 0 -28057.64368410 0
377 1 31236.21969315 1
378 0 -36627.11226870 0
379 1 31927.96508089 1
380 0 -37258.65841660 0
381 1 37361.81522907 1
382 0 -14440.76310206 0
383 0 -49269.51699239 0
384 1 30457.07436988 1
385 0 -25084.59872483 0
386 0 -53321.37114269 0
387 1 44735.03044318 1
388 0 -32593.95901068 0
389 0 -26629.65199828 0
390 1 39875.12823735 1
391 1 39957.27311068 1
392 0 -37243.41178703 0
393 0 -51641.43744562 0
394 1 36245.67052168 1
395 1 45940.52746394 1
396 0 -39150.21700137 0
397 0 -32193.15898699 0
398 1 46911.74953729 1
399 1 31767.23507589 1
400 1 49389.65057001 1
401 1 36158.02082139 1
402 0 -29758.09965869 0
403 1 39660.78084233 1
404 1 31632.92932678 1
405 1 35256.46377329 1
406 0 -46133.30066295 0
407 0 -46641.53691444 0
408 0 -41193.37708094 0
409 1 37016.87406913 1
410 1 42829.69614807 1
411 1 42552.67654984 1
412 1 44829.69659763 1
413 1 52182.54151188 1
414 1 40645.93361180 1
415 1 45284.53192448 1
416 0 -45284.39216677 0
417 0 -38532.01715261 0
418 1 46641.88942651 1
419 0 -46254.55295373 0
420 1 31604.13287842 1
421 1 37391.38307518 1
422 1 35081.08207765 1
423 1 43605.55945518 1
424 0 -25923.88753656 0
425 0 -27376.60583236 0
426 1 29257.50805259 1
427 1 31395.29153129 1
428 1 42290.82789874 1
429 1 44980.02261095 1
430 0 -38836.15095253 0
431 1 44316.73986205 1
432 0 -40919.56702834 0
433 0 -38557.11505355 0
434 1 29850.34049848 1
435 0 -36769.53334344 0
436 1 37481.70725500 1
437 1 42387.93434197 1
438 0 -25775.36669353 0
439 1 46422.38302716 1
440 1 51114.42528004 1
441 0 -33423.78918271 0
442 0 -36958.25604866 0
443 1 42591.09073031 1
444 1 10383.88228639 1
445 1 43758.20615871 1
446 1 37264.42311824 1
447 0 -47996.77700637 0
448 1 43128.90501629 1
449 1 42265.56586168 1
450 1 31957.42249755 1
451 1 39850.56579534 1
452 0 -13927.35741731 0
453 1 44400.33292005 1
454 0 -33192.07781386 0
455 0 -25638.98107367 0
456 0 -42475.12589761 0
457 0 -37756.59001088 0
458 0 -36471.86921812 0
459 1 27858.88352517 1
460 0 -45435.37697401 0
461 0 -37061.89108304 0
462 0 -49028.34017240 0
463 0 -45403.07459501 0
464 1 24115.93773542 1
465 1 27840.22806643 1
466 0 -38247.02435072 0
467 0 -29800.11773681 0
468 1 44498.00818796 1
469 1 48027.83907032 1
470 0 -38867.99775350 0
471 1 25014.73325396 1
472 1 45556.31264556 1
473 0 -50086.29131699 0
474 1 46254.16811399 1
475 1 40662.07520394 1
476 0 -32597.14926515 0
477 1 21540.88722522 1
478 1 32904.31965839 1
479 0 -36976.85969739 0
480 1 27904.18678775 1
481 1 48309.78874675 1
482 1 29043.82672938 1
483 1 26235.20003259 1
484 0 -41295.54074695 0
485 1 44253.99508761 1
486 1 21050.47302677 1
487 1 -34577.45308245 0
488 1 36834.86841164 1
489 0 -39935.89988355 0
490 0 -33287.49870264 0
491 0 -46353.25214107 0
492 0 -42372.03300444 0
493 0 -31182.43978069 0
494 0 -37798.72160750 0
495 1 53409.16243452 1
496 0 -40318.71668073 0
497 1 32089.03575191 1
498 0 -47914.48734438 0
499 1 54294.97958888 1
500 1 42843.28780869 1
501 0 -31688.82946500 0
502 1 53064.32486658 1
503 0 -34208.49927149 0
504 0 -29141.03277096 0
505 1 35231.00710098 1
506 1 33978.94724293 1
507 1 48311.96150514 1
508 1 40139.76865566 1
509 1 50430.51210032 1
510 1 38380.14697454 1
511 0 -27362.23466575 0
512 0 -38443.26241700 0
513 1 18625.27641645 1
514 0 -36056.80013187 0
515 1 37232.91042629 1
516 0 -53225.72567533 0
517 1 22270.16160116 1
518 0 -39355.87958483 0
519 0 -49162.50470562 0
520 0 -38245.97818172 0
521 1 42217.03784105 1
522 1 33783.80808306 1
523 1 39227.62349556 1
524 0 -38858.71298334 0
525 1 44392.11687097 1
526 1 44541.23162218 1
527 1 38422.17174957 1
528 1 44916.03093530 1
529 1 37553.92607419 1
530 0 -52131.47066426 0
531 1 22692.04852506 1
532 0 -32204.85206067 0
533 1 42573.05515898 1
534 0 -19756.08618654 0
535 0 -22748.73671901 0
536 1 42925.08421615 1
537 0 -42502.66039360 0
538 1 39212.02101588 1
539 0 -29721.20180394 0
540 0 -53010.82918948 0
541 0 -36973.54912985 0
542 1 46327.48834582 1
543 0 -33323.57427775 0
544 0 -44155.04174500 0
545 0 -50235.68911235 0
546 1 38496.38706317 1
547 0 -25612.00410628 0
548 0 -19679.00283529 0
549 1 35298.33277094 1
550 1 38099.39169824 1
551 0 -33680.17036869 0
552 0 -33245.97743655 0
553 1 30608.16637583 1
554 1 38539.86037548 1
555 1 29753.06883415 1
556 0 -29920.15299031 0
557 1 35976.98648474 1
558 1 32579.76691521 1
559 0 -21593.65453019 0
560 1 48444.68479590 1
561 1 44928.73951087 1
562 1 30439.14496114 1
563 1 30405.31184592 1
564 1 22212.62389692 1
565 0 -24927.66230692 0
566 1 41839.43733761 1
567 1 34755.73651806 1
568 0 -32269.79979406 0
569 1 -27220.70386883 0
570 0 -37933.39230715 0
571 1 45902.31204865 1
572 0 -25289.11536196 0
573 1 20796.70914089 1
574 1 25553.48977018 1
575 0 -43733.87612553 0
576 1 34542.73186824 1
577 0 -48386.65530012 0
578 1 34606.20113557 1
579 0 -34487.56728658 0
580 1 40041.68123164 1
581 1 30956.96056064 1
582 0 -25674.49876962 0
583 0 -32756.80618205 0
584 0 -31290.45783191 0
585 0 -46215.93560745 0
586 0 -45990.40697349 0
587 0 -41069.08233966 0
588 1 37131.27246038 1
589 1 45581.22408820 1
590 0 -38365.88299063 0
591 1 47848.75981872 1
592 1 40933.00354959 1
593 0 -34691.88914395 0
594 0 -48478.27402454 0
595 1 43934.52057062 1
596 1 38552.41913228 1
597 1 47782.91675513 1
598 1 51120.16382368 1
599 1 34851.64750775 1
600 1 30254.73777713 1
601 0 -30448.78627349 0
602 1 42857.31700364 1
603 0 -40494.97916670 0
604 0 -32296.13521561 0
605 0 -44712.80712868 0
606 1 45807.88134698 1
607 0 -38020.19208850 0
608 1 45031.01967845 1
609 0 -31275.24119718 0
610 1 43815.68492181 1
611 1 45503.14467893 1
612 0 -42480.11017948 0
613 0 -37171.84450483 0
614 0 -43952.82541846 0
615 1 30587.26628968 1
616 1 38609.58725143 1
617 0 -32908.62463539 0
618 0 -41493.44174731 0
619 0 -35926.22655001 0
620 0 -47946.23694918 0
621 1 40073.00394211 1
622 1 47178.33258286 1
623 0 -38499.21084436 0
624 0 -54790.51265258 0
625 0 -38154.93092148 0
626 1 42823.16092135 1
627 0 -33724.90817628 0
628 1 28955.55343833 1
629 1 41148.30064133 1
630 0 -50129.01020129 0
631 1 43180.17268269 1
632 0 -50187.66583778 0
633 1 52947.09019500 1
634 1 42968.59672507 1
635 1 40112.93564615 1
636 0 -48883.24849818 0
637 0 -39034.60934881 0
638 0 -26669.00467547 0
639 1 24859.37883901 1
640 0 -51290.98141848 0
641 0 -52211.82522071 0
642 0 -31241.93967097 0
643 0 -42459.06915671 0
644 1 40527.45336366 1
645 1 40333.41802116 1
646 0 -41277.27946742 0
647 0 -43239.91992192 0
648 1 37961.41788375 1
649 0 -37083.83357931 0
650 1 53419.19224765 1
651 0 -26378.00595970 0
652 0 -39459.42806258 0
653 1 38107.67982385 1
654 0 -46764.60835820 0
655 0 -6059.73836203 0
656 1 40598.56419975 1
657 0 -30342.17605049 0
658 0 -28142.17187448 0
659 0 -28896.86354863 0
660 1 33844.83489044 1
661 0 -51149.12280544 0
662 0 -29837.86363398 0
663 1 27838.99816327 1
664 0 -32071.97504886 0
665 1 37037.36155635 1
666 1 35868.69199771 1
667 0 -22099.49318947 0
668 1 49634.05976344 1
669 1 30366.29639105 1
670 1 38833.85424463 1
671 1 41522.90454621 1
672 1 34440.00425473 1
673 0 -37239.26066811 0
674 0 -29008.67753963 0
675 1 42836.33287840 1
676 1 23336.52094928 1
677 0 -38925.65358316 0
678 1 38082.63660125 1
679 0 -40760.50379880 0
680 1 38713.52763300 1
681 0 -32639.42913360 0
682 1 43988.93177474 1
683 1 41347.58319729 1
684 0 -29436.09286319 0
685 1 33334.99301337 1
686 1 28262.82705642 1
687 0 -47684.53623224 0
688 1 38683.81040006 1
689 0 -46570.48027658 0
690 1 27853.79900546 1
691 1 43426.62898955 1
692 1 48123.02992113 1
693 1 32141.46029364 1
694 1 45918.79240092 1
695 0 -33579.28516652 0
696 1 49554.81469686 1
697 1 35442.54199217 1
698 0 -39491.12867657 0
699 1 36114.22209579 1
700 0 -37827.94327971 0
701 0 -29763.40336261 0
702 0 -42093.81139408 0
703 1 55754.31192662 1
704 1 38039.26948494 1
705 1 32947.97883666 1
706 0 -39805.81627828 0
707 0 -27466.22587499 0
708 0 -45565.05117430 0
709 1 33349.47442868 1
710 1 47894.30810768 1
711 1 50579.83099528 1
712 0 -37477.60643223 0
713 1 37033.28594368 1
714 1 29045.20393151 1
715 1 41967.85395681 1
716 0 -46793.76692798 0
717 0 -45864.43811673 0
718 0 -25245.00209619 0
719 0 -41395.58393409 0
720 1 39675.03987945 1
721 0 -44089.05380485 0
722 0 -44758.32413597 0
723 1 21177.61007127 1
724 0 -46360.38770932 0
725 0 -35381.34993698 0
726 0 -33296.72842280 0
727 0 -41571.43126619 0
728 1 43529.75700666 1
729 1 49545.43636470 1
730 1 26499.43122180 1
731 0 -37827.12090888 0
732 1 39004.02721321 1
733 0 -45675.68943921 0
734 1 39504.39512540 1
735 0 -31812.68480570 0
736 0 -30623.72482957 0
737 0 -30017.21236178 0
738 0 -38638.84442488 0
739 1 27978.24522714 1
740 0 -17959.18949647 0
741 0 -37131.01859938 0
742 1 40340.10103186 1
743 1 27551.41692505 1
744 0 -31227.20052715 0
745 1 41281.48705907 1
746 1 21402.80758537 1
747 0 -20795.98554881 0
748 0 -38821.23831507 0
749 1 52495.08900391 1
750 1 32594.19772817 1
751 0 -30549.52604634 0
752 0 -40207.82398981 0
753 0 -36228.62087976 0
754 0 -36099.36155887 0
755 0 -43396.39931066 0
756 1 32812.99405525 1
757 1 30065.46640836 1
758 1 7545.19555000 1
759 0 -41290.68954822 0
760 1 26740.56794952 1
761 0 -15142.53066978 0
762 1 40359.40669289 1
763 1 33384.92980600 1
764 1 35154.02285385 1
765 1 20421.16055823 1
766 1 36035.09114234 1
767 1 34300.98737493 1
768 0 -31433.56295393 0
769 0 -23651.14393594 0
770 1 25500.12361482 1
771 1 38868.00476435 1
772 1 46889.59849831 1
773 1 31369.48914315 1
774 0 -35405.97194344 0
775 1 36045.83133698 1
776 1 33984.44347383 1
777 1 28661.01479036 1
778 0 -40379.95127721 0
779 0 -46713.49623700 0
780 1 44409.76583555 1
781 1 43150.52542983 1
782 0 -40207.25593258 0
783 0 -27759.75431709 0
784 0 -42607.47855358 0
785 1 40796.70841126 1
786 1 32455.63587063 1
787 0 -46404.95750677 0
788 1 35149.98256368 1
789 1 23408.46203252 1
790 0 -38904.07541232 0
791 1 33390.65029499 1
792 0 -35105.31647616 0
793 0 -40268.84878191 0
794 1 32448.30293999 1
795 0 -33118.94590406 0
796 1 12230.93444239 1
797 0 -29699.95511423 0
798 1 35837.19172669 1
799 0 -41893.25521403 0
800 1 30431.69352776 1
801 0 -41875.18050092 0
802 1 39837.63407283 1
803 1 31329.76617776 1
804 0 -53841.13242336 0
805 0 -36139.21095601 0
806 1 25672.69988163 1
807 1 34867.21930590 1
808 1 40265.38574486 1
809 0 -31787.48750660 0
810 0 -4101.36479083 0
811 1 43853.83808763 1
812 1 27555.48478704 1
813 0 -40126.91539241 0
814 1 35527.82940780 1
815 0 -40016.67008887 0
816 0 -25843.24645755 0
817 1 40315.14161549 1
818 1 38856.22958602 1
819 0 -26971.55738214 0
820 0 -24716.14771033 0
821 1 23556.33176685 1
822 1 10925.74385636 1
823 0 -19266.39388424 0
824 0 -39450.90594578 0
825 1 33639.91236501 1
826 1 39358.47073021 1
827 1 46601.91584949 1
828 0 -39023.83820194 0
829 1 29126.77092974 1
830 0 -35123.49955319 0
831 1 39269.76902557 1
832 0 -26815.34487683 0
833 1 35490.07510174 1
834 0 -32373.67506589 0
835 1 29502.63215405 1
836 1 39231.39268118 1
837 1 28343.47962835 1
838 1 37116.01020185 1
839 1 37147.75641166 1
840 0 -30867.48004490 0
841 0 -28852.25638572 0
842 0 -37641.23645727 0
843 0 -36191.24012549 0
844 1 14003.75309485 1
845 0 -21974.65410510 0
846 0 -43061.19228059 0
847 0 -35749.75175141 0
848 1 36260.55471186 1
849 1 32685.96717123 1
850 0 -44629.10914715 0
851 1 28028.91564403 1
852 1 31834.38155496 1
853 1 46616.34125727 1
854 0 -36393.00973592 0
855 0 -49084.40939019 0
856 1 49367.18547904 1
857 0 -34192.46025772 0
858 1 36248.57529337 1
859 0 -34572.76266901 0
860 0 -38828.82779802 0
861 0 -28194.00138823 0
862 0 -28061.91199434 0
863 0 -41760.25429121 0
864 1 40613.53919747 1
865 1 38972.97282528 1
866 0 -43361.04036061 0
867 0 -36870.26775843 0
868 1 20339.64373439 1
869 1 38586.48608899 1
870 0 -38358.20596387 0
871 1 45765.52029611 1
872 0 -40611.06544094 0
873 1 37806.36077054 1
874 1 31349.79789865 1
875 1 25263.56203606 1
876 0 -38188.17405585 0
877 0 -53949.09492372 0
878 0 -35161.98100765 0
879 0 -35794.02840320 0
880 0 -38840.29504104 0
881 0 -32195.24501572 0
882 0 -26043.53511143 0
883 0 -45086.28263465 0
884 0 -36521.43785236 0
885 0 -26295.44287983 0
886 0 -28297.68462041 0
887 0 -33303.15695980 0
888 0 -32511.14743235 0
889 0 -30951.50157875 0
890 1 35216.75669942 1
891 1 36097.47231596 1
892 1 33832.04150984 1
893 1 28673.66002868 1
894 1 35084.89475815 1
895 1 38126.29382015 1
896 0 -39381.71829770 0
897 1 41027.44445300 1
898 0 -31211.51125439 0
899 0 -42662.78018520 0
900 0 -21359.26807191 0
901 0 -47029.86481024 0
902 1 28725.81348504 1
903 0 -33225.88988939 0
904 1 20211.09324358 1
905 1 37064.82534609 1
906 0 -26464.48747517 0
907 1 37488.49650771 1
908 1 41803.12643160 1
909 0 -37438.10083350 0
910 1 43208.02590712 1
911 0 -27970.45175362 0
912 1 25279.97084159 1
913 1 47569.93418988 1
914 0 -28485.62779413 0
915 1 26679.42332230 1
916 0 -45604.30775099 0
917 0 -29232.48243968 0
918 0 -43515.72724323 0
919 1 39098.80939533 1
920 0 -33165.18676248 0
921 0 -35444.21656037 0
922 1 34866.39318964 1
923 1 30825.78534759 1
924 1 27800.11383769 1
925 1 49329.70922643 1
926 1 27434.47369520 1
927 1 39754.40031279 1
928 0 -27176.02528270 0
929 0 -35467.97296642 0
930 1 29731.69144180 1
931 1 27392.42628189 1
932 1 31346.87974397 1
933 0 -50732.79793388 0
934 0 -51976.45919877 0
935 0 -40241.71888496 0
936 0 -28051.28112712 0
937 1 32071.20912695 1
938 0 -26282.43489717 0
939 1 26935.21798138 1
940 1 23059.90495515 1
941 0 -41222.10981289 0
942 0 -48630.17041074 0
943 1 38345.31075487 1
944 1 38196.05087255 1
945 1 43961.91674158 1
946 0 -35049.83871568 0
947 1 39335.68072986 1
948 0 -28451.18489940 0
949 1 25511.69861866 1
950 1 20944.42153842 1
951 1 35668.37413012 1
952 0 -36509.00095967 0
953 1 32664.51085579 1
954 0 -37240.27948915 0
955 1 43366.58464358 1
956 0 -36019.90106342 0
957 1 35705.97532923 1
958 1 44721.00154317 1
959 0 -43161.11514867 0
960 1 33970.95744657 1
961 1 32524.06109602 1
962 0 -26128.86971633 0
963 1 29439.47038185 1
964 0 -42770.90591103 0
965 0 -40916.21524009 0
966 1 29593.68841975 1
967 0 -35911.36481174 0
968 0 -41613.21391536 0
969 0 -28257.53090209 0
970 0 -20989.70118816 0
971 1 24692.60610483 1
972 1 44164.91534053 1
973 0 -29228.99505985 0
974 0 -35966.46662324 0
975 0 -28151.84320540 0
976 1 48545.06708250 1
977 0 14960.33819731 1
978 1 24408.87629702 1
979 1 48896.78107599 1
980 1 23340.28747924 1
981 0 -39647.89461104 0
982 0 -44238.87072011 0
983 0 -36698.37124997 0
984 1 30005.62071106 1
985 1 39384.43506690 1
986 1 49515.59396645 1
987 0 -19938.36640629 0
988 1 42784.93154479 1
989 0 -29317.26075100 0
990 1 42645.59152222 1
991 1 23962.22749550 1
992 0 -28801.88176250 0
993 0 -33640.77768375 0
994 1 27388.15267014 1
995 0 -27490.25482664 0
996 1 40017.21565388 1
997 1 29513.44512155 1
998 1 31392.97779731 1
999 0 -28326.48329166 0
1000 1 42380.35495411 1
1001 0 -35886.57359337 0
1002 1 40897.79531495 1
1003 1 30851.48676515 1
1004 0 -40759.31440423 0
1005 0 -45666.21217981 0
1006 1 21070.82986868 1
1007 0 -17254.12438240 0
1008 0 -21458.70607401 0
1009 1 27900.01831458 1
1010 0 -32901.93155351 0
1011 1 48640.48304173 1
1012 1 39662.64314211 1
1013 1 -12326.53130116 0
1014 1 34784.72432001 1
1015 1 50290.86275032 1
1016 1 32672.60700880 1
1017 1 45660.04281336 1
1018 0 -24888.22934493 0
1019 1 21433.02379796 1
1020 1 37390.02257667 1
1021 0 -30286.32410218 0
1022 0 -27241.90218872 0
1023 0 -41376.54962792 0
1024 0 -41838.12002533 0
1025 0 -27268.24599452 0
1026 0 -34584.07880349 0
1027 1 35360.16080730 1
1028 0 -19800.86355341 0
1029 0 -34922.12556464 0
1030 0 -23811.13929323 0
1031 0 -34013.47635402 0
1032 0 -7363.62255615 0
1033 0 -27916.27543637 0
1034 1 17191.86580374 1
1035 0 -40904.55759837 0
1036 0 -39917.00914440 0
1037 0 -37520.29475799 0
1038 1 38279.90285980 1
1039 0 -35473.15272023 0
1040 1 27307.92776350 1
1041 0 -47621.21397324 0
1042 1 30970.77724019 1
1043 0 -40407.12620190 0
1044 0 -25422.67823019 0
1045 0 -35946.44578317 0
1046 1 42242.40589563 1
1047 0 -26867.87847622 0
1048 1 42082.07656169 1
1049 0 -34484.11370661 0
1050 1 30686.96669987 1
1051 1 32448.58346626 1
1052 1 42693.60212847 1
1053 1 34247.36112065 1
1054 0 -28644.59224743 0
1055 1 27635.62103381 1
1056 1 44275.28915235 1
1057 1 33398.43023977 1
1058 1 30476.42243593 1
1059 1 18457.31814926 1
1060 1 40230.62420499 1
1061 0 -25829.84546894 0
1062 1 32615.13937224 1
1063 0 -39018.31069122 0
1064 1 28060.71453838 1
1065 1 31635.56569796 1
1066 0 -46817.13220325 0
1067 0 -22517.89749405 0
1068 1 29444.79632594 1
1069 0 -46327.91663904 0
1070 0 -40871.63065703 0
1071 0 -15901.28688610 0
1072 0 -38580.16955897 0
1073 0 -47504.01559428 0
1074 0 -52933.45574639 0
1075 0 -34288.47986823 0
1076 1 37659.55480700 1
1077 1 43706.95827454 1
1078 1 21200.59960895 1
1079 0 -33654.46106369 0
1080 0 -33383.37004383 0
1081 0 -45269.59112754 0
1082 0 -47424.42631061 0
1083 1 31328.58449631 1
1084 0 -47415.37986124 0
1085 1 40542.92804529 1
1086 0 -34116.31244033 0
1087 0 -37928.88919573 0
1088 0 -35877.04051387 0
1089 0 -47172.48503793 0
1090 0 -50336.35965638 0
1091 1 35562.69748446 1
1092 0 -42067.12287313 0
1093 0 -35066.06656506 0
1094 0 -43384.71987854 0
1095 0 -39958.91427262 0
1096 0 -40312.10149674 0
1097 1 34489.68119566 1
1098 1 33314.36229702 1
1099 1 40719.72631384 1
1100 0 -33187.76267617 0
1101 1 38936.60498557 1
1102 0 -41878.14776849 0
1103 0 -29777.90506244 0
1104 0 -36268.84621383 0
1105 0 -37343.66741857 0
1106 0 -40571.32721216 0
1107 0 -34242.45167484 0
1108 1 33762.57529647 1
1109 0 -43545.86762307 0
1110 0 -40676.32973764 0
1111 1 24913.97856210 1
1112 1 39135.00482742 1
1113 0 -39599.59577064 0
1114 0 -34824.92991284 0
1115 1 17600.01905028 1
1116 0 -26328.25030833 0
1117 0 -34516.79223784 0
1118 1 46168.29682510 1
1119 0 -52309.16223798 0
1120 0 -36229.47321031 0
1121 1 38842.00050242 1
1122 1 30113.13877725 1
1123 1 47827.59725777 1
1124 0 -32680.64365196 0
1125 0 -36007.61091865 0
1126 0 -35392.18409207 0
1127 0 -36757.79674928 0
1128 0 -32355.57179536 0
1129 1 33673.26647633 1
1130 1 38729.02907561 1
1131 1 43251.21991850 1
1132 0 -41380.12809446 0
1133 1 43938.05888861 1
1134 1 39118.71764163 1
1135 0 -39236.67397703 0
1136 1 32275.70853778 1
1137 0 -43155.46764693 0
1138 0 -37553.45507904 0
1139 0 -32256.99933351 0
1140 0 -39773.90965283 0
1141 1 17917.27048271 1
1142 1 23521.42296170 1
1143 0 -50416.94512514 0
1144 0 -42811.73461240 0
1145 1 15657.40773117 1
1146 0 -30852.63468019 0
1147 0 -32625.22066715 0
1148 0 -37168.19221451 0
1149 1 26781.49913457 1
1150 0 -40483.73207898 0
1151 0 -46982.22045025 0
1152 1 42348.10242272 1
1153 1 30239.29050516 1
1154 1 34796.22524087 1
1155 1 36557.69164296 1
1156 1 42036.53205418 1
1157 1 24833.55103803 1
1158 0 -33565.03701139 0
1159 0 -36470.77183297 0
1160 0 -35040.61916400 0
1161 0 -32722.57974270 0
1162 1 32136.91541112 1
1163 0 -43360.57725632 0
1164 0 -40083.33326653 0
1165 1 43406.49227251 1
1166 1 47299.61782949 1
1167 1 27945.44757745 1
1168 1 39441.63052668 1
1169 1 36362.39678934 1
1170 0 -55830.65236601 0
1171 0 -43458.69766397 0
1172 1 38654.04565725 1
1173 1 34315.37065055 1
1174 0 -41499.12929578 0
1175 1 48270.35300522 1
1176 1 28080.75312673 1
1177 0 -38044.58861353 0
1178 0 -32757.15052784 0
1179 1 43454.23261819 1
1180 1 21004.65695144 1
1181 0 -45029.86258119 0
1182 1 46703.12929677 1
1183 1 31012.47825442 1
1184 1 45438.72627704 1
1185 1 37971.09820031 1
1186 1 27466.67806127 1
1187 0 -35466.91717455 0
1188 0 -27103.88388813 0
1189 1 47804.92074212 1
1190 0 -29755.12102894 0
1191 1 29389.72817590 1
1192 0 -26688.00896180 0
1193 0 -43107.78322993 0
1194 1 34886.97357881 1
1195 0 -41823.73136942 0
1196 1 23430.07219734 1
1197 1 38305.73418305 1
1198 0 -32665.83836233 0
1199 1 35981.84170172 1
1200 1 27757.86780487 1
1201 0 -40072.19917825 0
1202 0 -29180.71306794 0
1203 1 40080.87960542 1
1204 1 34713.70792011 1
1205 1 25289.70144951 1
1206 1 29599.94450424 1
1207 1 35684.46287669 1
1208 1 33562.99715286 1
1209 0 -38057.07772335 0
1210 0 -17015.85037329 0
1211 0 -36400.63581470 0
1212 1 33958.34326386 1
1213 0 -33668.12057417 0
1214 1 22423.39562452 1
1215 0 -38779.74275054 0
1216 0 -31287.54005606 0
1217 1 39903.87038536 1
1218 0 -18228.21115372 0
1219 0 -33474.41658296 0
1220 1 31592.94036291 1
1221 0 -33193.29612230 0
1222 1 28446.93666909 1
1223 0 -46513.07322989 0
1224 1 33660.41725077 1
1225 0 -37861.38899821 0
1226 1 15344.99288629 1
1227 1 34452.03871262 1
1228 0 -36650.70355606 0
1229 0 -28153.14237665 0
1230 0 -39999.15906760 0
1231 1 42977.02631181 1
1232 0 -39722.54401390 0
1233 0 -31566.90211093 0
1234 1 45156.07421268 1
1235 0 -44806.60613777 0
1236 0 -29775.38127635 0
1237 0 -21384.02279900 0
1238 1 32261.18081234 1
1239 0 -42190.95489212 0
1240 1 32359.15635966 1
1241 0 -33300.75646919 0
1242 0 -47511.48000572 0
1243 0 -28366.15611597 0
1244 0 -47198.43132775 0
1245 1 43096.00430057 1
1246 0 -23699.13639165 0
1247 1 36210.41148645 1
1248 1 44090.32834393 1
1249 1 42607.44262627 1
1250 0 -30567.34365032 0
1251 0 -31736.15422358 0
1252 0 -32819.59313967 0
1253 1 41612.81948149 1
1254 0 -34763.00178388 0
1255 1 42177.51671091 1
1256 0 -31597.78071072 0
1257 0 -28240.80659151 0
1258 0 -43412.24246251 0
1259 1 40108.01988770 1
1260 0 -25605.59962706 0
1261 1 29926.03303693 1
1262 1 44625.12820538 1
1263 1 24656.48817506 1
1264 1 57728.76995833 1
1265 0 -39658.22379770 0
1266 1 23135.68042754 1
1267 0 -42808.08034758 0
1268 1 51996.48616781 1
1269 1 50395.53166103 1
1270 1 16243.27492631 1
1271 0 -42950.41337509 0
1272 0 -38317.05985032 0
1273 0 -44771.19697871 0
1274 0 -37636.27601450 0
1275 0 -50154.59524875 0
1276 1 31856.70803094 1
1277 0 -42659.72257758 0
1278 1 49941.08286598 1
1279 0 -37229.24136636 0
1280 1 38763.66932734 1
1281 1 35582.25019130 1
1282 1 32897.90639899 1
1283 0 -42981.50347866 0
1284 1 33549.37525669 1
1285 0 -26495.94853010 0
1286 1 43935.61740485 1
1287 0 -29553.74309380 0
1288 1 23273.24011999 1
1289 0 -32722.92343927 0
1290 0 -33810.18412512 0
1291 0 -38040.41273753 0
1292 0 -19340.11409904 0
1293 0 -43506.16591992 0
1294 1 24185.41031568 1
1295 1 31983.12952895 1
1296 0 -43878.66489364 0
1297 1 34852.51011937 1
1298 0 -36747.74974165 0
1299 0 -41416.38100187 0
1300 0 -51946.87306451 0
1301 0 -30008.39023044 0
1302 1 18775.52275342 1
1303 1 44985.61597760 1
1304 1 28750.16083226 1
1305 1 35178.55250075 1
1306 1 37745.63553900 1
1307 0 -36816.75448525 0
1308 1 46701.73734253 1
1309 0 -17893.47375434 0
1310 1 38449.63011170 1
1311 1 29928.37913219 1
1312 1 38583.52777009 1
1313 0 -27689.27293385 0
1314 1 30269.30056417 1
1315 1 34242.92608208 1
1316 0 -44430.18507645 0
1317 1 33770.80806720 1
1318 0 -40278.05151238 0
1319 1 37005.75688494 1
1320 1 40025.85388660 1
1321 0 -35336.11753749 0
1322 1 39066.11105764 1
1323 0 28661.85685534 1
1324 0 -33018.52174051 0
1325 0 -23279.59497438 0
1326 1 39176.31045264 1
1327 1 39363.29227454 1
1328 0 -42795.17465027 0
1329 1 46958.83400284 1
1330 1 42925.99014060 1
1331 0 -36812.91960529 0
1332 0 -31702.91737002 0
1333 1 23092.69752649 1
1334 0 -41294.04912924 0
1335 1 42776.57474419 1
1336 0 -41729.96331693 0
1337 1 43054.92877084 1
1338 1 39542.50217238 1
1339 1 36844.96385731 1
1340 1 31498.55768590 1
1341 1 20831.94369709 1
1342 0 -34052.44239535 0
1343 1 38207.48335236 1
1344 1 31984.23324793 1
1345 0 -31231.60374898 0
1346 0 -32100.42653246 0
1347 0 -40639.40816855 0
1348 1 40412.51590983 1
1349 0 -43735.48959571 0
1350 1 40683.75840754 1
1351 1 35008.39345241 1
1352 1 27141.89561152 1
1353 1 38861.75037004 1
1354 1 28503.00088633 1
1355 0 -30891.69262732 0
1356 1 29618.75451135 1
1357 1 37352.06896433 1
1358 0 -41340.02790647 0
1359 0 -34914.58646700 0
1360 0 -33267.00379637 0
1361 0 -38467.16157432 0
1362 1 25894.29353571 1
1363 0 -42374.02187600 0
1364 0 -31946.92369284 0
1365 1 25314.09834135 1
1366 0 -42415.88484558 0
1367 1 38207.87385649 1
1368 0 -39782.38757466 0
1369 0 -37145.92459273 0
1370 1 41462.44981531 1
1371 0 -32369.29867494 0
1372 0 -26987.00433141 0
1373 0 -45590.17460389 0
1374 1 37330.27182753 1
1375 1 32994.97718925 1
1376 1 19008.83021419 1
1377 0 -43970.92500719 0
1378 1 53579.68896313 1
1379 0 -25504.79625539 0
1380 0 -39915.46784991 0
1381 1 40643.32619171 1
1382 1 32304.89959749 1
1383 0 -23058.87016404 0
1384 1 37243.71106220 1
1385 0 -43166.12022293 0
1386 0 -31188.13423375 0
1387 1 41669.74048591 1
1388 0 -31393.14705261 0
1389 0 -34082.46812802 0
1390 1 34900.29178086 1
1391 1 40858.21793985 1
1392 1 59673.17444328 1
1393 1 32585.89938232 1
1394 1 46964.52945304 1
1395 0 -32547.99061773 0
1396 0 -15568.40189931 0
1397 0 -37294.92636232 0
1398 0 -38641.03267593 0
1399 0 -29973.03192984 0
1400 1 31244.02426778 1
1401 0 -37385.20259861 0
1402 0 -24494.31346422 0
1403 0 -41462.14712367 0
1404 1 40859.81023650 1
1405 0 -46331.35429128 0
1406 0 -15682.07249154 0
1407 1 27571.34351648 1
1408 1 33002.51791718 1
1409 0 -31560.58677647 0
1410 1 34880.79642308 1
1411 0 -27583.27034946 0
1412 0 -42374.42852436 0
1413 1 27847.19278783 1
1414 0 -39637.43177371 0
1415 1 38242.71124774 1
1416 0 -33320.70930056 0
1417 1 26777.04188667 1
1418 0 -30723.00291698 0
1419 0 -48019.21799952 0
1420 0 -31861.66224258 0
1421 0 -44333.76680270 0
1422 1 37720.34038463 1
1423 0 -38836.98560436 0
1424 0 -23098.17758760 0
1425 0 -42756.41449662 0
1426 1 37045.89862384 1
1427 1 51020.06433065 1
1428 1 37323.27759110 1
1429 1 30792.40222265 1
1430 1 40130.02255676 1
1431 0 -40783.20333321 0
1432 1 30380.77983790 1
1433 1 38925.86574432 1
1434 0 -41059.46773573 0
1435 1 21596.81299812 1
1436 0 -27454.29794628 0
1437 1 31046.00888133 1
1438 1 40497.63592193 1
1439 0 -28217.88261639 0
1440 1 48320.43416471 1
1441 1 39206.40172795 1
1442 1 26443.37964406 1
1443 0 -42040.99538572 0
1444 1 40603.75165940 1
1445 1 44468.21532790 1
1446 0 -49767.58161444 0
1447 0 -39548.34035452 0
1448 1 47032.91430882 1
1449 0 -38446.40035578 0
1450 1 41313.37294274 1
1451 0 -30569.95939133 0
1452 1 44972.10541047 1
1453 0 -36575.52884802 0
1454 1 33428.60094107 1
1455 0 -44114.20060892 0
1456 0 -34676.62438971 0
1457 0 -31648.20052721 0
1458 1 35937.40616135 1
1459 0 -22530.27434976 0
1460 0 -41684.71760950 0
1461 1 36052.53972958 1
1462 0 -35492.71347632 0
1463 1 37950.15602496 1
1464 1 32240.82134105 1
1465 1 46019.10628250 1
1466 1 17803.15793678 1
1467 0 -28966.46133649 0
1468 1 40021.19084188 1
1469 1 38992.24335970 1
1470 1 28354.35386252 1
1471 1 51682.22502759 1
1472 0 -41668.05200970 0
1473 0 -24923.31031553 0
1474 1 38019.24649945 1
1475 1 43756.33432914 1
1476 1 42662.50423576 1
1477 0 -31609.96582448 0
1478 1 29337.98990999 1
1479 1 32689.22361671 1
1480 1 39194.27595180 1
1481 1 34894.13646617 1
1482 0 -26964.70445223 0
1483 1 37478.23596429 1
1484 0 -29949.47122894 0
1485 1 47543.91991415 1
1486 1 28102.43895651 1
1487 1 28481.87959313 1
1488 1 31989.30184336 1
1489 0 -44555.28514207 0
1490 1 39115.21712151 1
1491 0 -33218.45533868 0
1492 1 23744.46577174 1
1493 0 -23286.81796349 0
1494 0 -30701.50317747 0
1495 1 45981.16846097 1
1496 1 46161.39963724 1
1497 0 -25588.13810901 0
1498 0 -33143.83991710 0
1499 0 -39967.62202157 0
1500 1 42318.78118857 1
1501 0 -44059.51185775 0
1502 0 -39520.40379988 0
1503 0 -35267.87762346 0
1504 0 -27785.13545662 0
1505 0 -37388.48108539 0
1506 0 -33795.01021382 0
1507 0 -41072.69774086 0
1508 1 36909.35592750 1
1509 1 33961.72520245 1
1510 1 40629.16503588 1
1511 0 -32987.32716973 0
1512 0 -33277.64853839 0
1513 1 44868.32674069 1
1514 0 -35354.13786624 0
1515 1 44265.95228493 1
1516 0 -48224.61592143 0
1517 0 -25543.49380447 0
1518 1 45226.37003624 1
1519 1 25003.18137156 1
1520 1 39432.43468357 1
1521 1 28960.76265517 1
1522 0 -42630.95776475 0
1523 1 38759.04511643 1
1524 1 36530.91322880 1
1525 0 -36422.30107066 0
1526 1 37936.37141412 1
1527 0 -30454.20561705 0
1528 0 -26726.82653260 0
1529 1 40287.85259283 1
1530 1 36652.79493244 1
1531 0 -34419.10341638 0
1532 0 -42202.42363963 0
1533 1 42400.26412199 1
1534 1 28159.34570356 1
1535 0 -28226.57186096 0
1536 1 22423.34492360 1
1537 0 -33919.46588171 0
1538 0 -27002.21423593 0
1539 0 -32061.18120165 0
1540 0 -25484.35301592 0
1541 1 42022.55255092 1
1542 1 47955.65776889 1
1543 1 48901.55601259 1
1544 0 -33818.12019616 0
1545 0 -30227.88024400 0
1546 0 -49420.21479517 0
1547 0 -34312.68388493 0
1548 0 -28945.77531467 0
1549 1 35670.68861507 1
1550 1 43764.88338026 1
1551 1 33486.50003987 1
1552 0 -48940.61891384 0
1553 0 -42775.83852480 0
1554 1 25801.95494633 1
1555 0 -16656.49956443 0
1556 0 -44634.61648704 0
1557 0 -32585.24281598 0
1558 0 -37091.38704542 0
1559 1 44738.42478782 1
1560 0 -38503.09145009 0
1561 0 -26918.68269279 0
1562 0 -29498.36730992 0
1563 0 -38827.78853121 0
1564 1 33029.12029016 1
1565 0 -44797.80444934 0
1566 0 -38479.62328651 0
1567 0 -34698.49569949 0
1568 0 -31277.20944878 0
1569 0 -40014.64213024 0
1570 0 -40622.69346117 0
1571 0 -22660.99189160 0
1572 0 -40350.40300595 0
1573 0 -24964.54027094 0
1574 0 -28875.28953936 0
1575 1 32437.77672026 1
1576 1 37486.44985032 1
1577 0 -40672.18781789 0
1578 1 37027.85630523 1
1579 0 -44108.92308162 0
1580 1 32121.84985851 1
1581 0 -34527.09289608 0
1582 0 -39381.85025822 0
1583 1 39589.03051038 1
1584 0 -45162.79499671 0
1585 1 32859.61469221 1
1586 0 -31512.69027471 0
1587 0 -48340.79912363 0
1588 0 -53416.79909927 0
1589 1 43677.56171323 1
1590 0 -31564.60347128 0
1591 1 40456.67240014 1
1592 1 39162.01389559 1
1593 1 20157.38861113 1
1594 1 32561.39883272 1
1595 0 -31655.30101802 0
1596 1 35246.42669499 1
1597 0 -31198.77570754 0
1598 0 -47586.60233583 0
1599 1 40530.05111751 1
1600 1 32117.07372142 1
1601 0 -21274.65707825 0
1602 1 36416.43077007 1
1603 1 37472.72716069 1
1604 0 -32132.31328288 0
1605 0 -17870.97301596 0
1606 1 42664.18201142 1
1607 0 -31776.03896496 0
1608 0 -42172.53857560 0
1609 0 -42949.69886211 0
1610 1 46585.42866093 1
1611 0 -38260.77203963 0
1612 0 -43456.89118230 0
1613 1 21444.43452686 1
1614 1 33122.36709669 1
1615 0 -46316.80268389 0
1616 0 -40748.99628183 0
1617 0 -25467.34249785 0
1618 1 40978.85362833 1
1619 0 -35456.71212774 0
1620 1 45063.85868507 1
1621 0 -32470.17011922 0
1622 1 42060.98219406 1
1623 1 39917.38189493 1
1624 1 41172.88929246 1
1625 0 -19003.48192168 0
1626 0 -56138.70104366 0
1627 0 -36267.76003557 0
1628 0 -40057.73913723 0
1629 0 -44853.03191362 0
1630 1 54806.44901869 1
1631 0 -38662.25427297 0
1632 1 38127.39771367 1
1633 0 -39727.76092871 0
1634 0 -38782.20944399 0
1635 0 -39910.42614469 0
1636 1 37378.60734196 1
1637 0 -37845.26606904 0
1638 0 -32897.29891780 0
1639 1 23689.57419301 1
1640 0 -40622.71433098 0
1641 0 -29516.08819648 0
1642 0 -39689.12335293 0
1643 1 18930.37878938 1
1644 1 29117.88244455 1
1645 1 32706.62477286 1
1646 1 25102.13374206 1
1647 1 27133.85578722 1
1648 1 31288.51750705 1
1649 1 32517.04744572 1
1650 1 33616.54054229 1
1651 0 -40320.28993642 0
1652 1 43308.07238800 1
1653 0 -31337.17388382 0
1654 0 -25769.40710633 0
1655 1 42132.65845274 1
1656 1 25723.74990576 1
1657 1 44662.11832137 1
1658 0 -19095.34779286 0
1659 1 12788.38257323 1
1660 0 -23377.97353506 0
1661 0 -20607.11798994 0
1662 0 -33364.00861890 0
1663 0 -18784.51966435 0
1664 1 19117.85320713 1
1665 0 -29320.21151477 0
1666 0 -17555.10446615 0
1667 1 31279.70888475 1
1668 0 -31311.25514731 0
1669 1 30943.87330109 1
1670 0 -26635.08580170 0
1671 0 -39873.75501157 0
1672 1 31659.77324589 1
1673 0 -33327.63321830 0
1674 0 -27359.21440539 0
1675 1 43346.42922186 1
1676 0 -21765.55026733 0
1677 1 27630.65119588 1
1678 0 -34649.64604154 0
1679 1 34717.74338140 1
1680 1 25131.84868079 1
1681 1 31552.25323817 1
1682 1 34973.49507345 1
1683 1 42109.41150503 1
1684 0 -39137.16721983 0
1685 0 -36612.24982843 0
1686 0 -36133.03345421 0
1687 1 34782.29572611 1
1688 0 -42127.48700293 0
1689 0 -27555.74967447 0
1690 0 -38532.03381013 0
1691 1 39556.96787668 1
1692 0 -33442.90459369 0
1693 1 38718.70065054 1
1694 0 -31113.28930105 0
1695 0 -33818.40737922 0
1696 0 -31287.58176049 0
1697 1 32182.05807336 1
1698 0 -36475.85211795 0
1699 0 -25229.55127687 0
1700 0 -36181.46245934 0
1701 1 37280.86942604 1
1702 0 -41987.74194506 0
1703 0 -32895.01698317 0
1704 0 -53257.25993958 0
1705 0 -25026.85633534 0
1706 0 -33512.82926695 0
1707 0 -46737.75111822 0
1708 1 44581.88013714 1
1709 0 -32976.66519346 0
1710 1 16356.48629158 1
1711 0 -36313.68895588 0
1712 0 -33808.91136343 0
1713 0 -43992.91956070 0
1714 0 -42101.79736651 0
1715 1 41559.19597626 1
1716 1 32663.25352256 1
1717 1 30552.56442847 1
1718 1 44429.42807774 1
1719 0 -40383.30804463 0
1720 1 24124.26597451 1
1721 1 35041.47194467 1
1722 0 -44929.05966713 0
1723 0 -23325.31711636 0
1724 1 52009.58932021 1
1725 1 34916.86147419 1
1726 1 21839.95791831 1
1727 0 -36004.16990868 0
1728 0 -46659.32918667 0
1729 1 38794.01360107 1
1730 1 26297.93487962 1
1731 1 33739.26470960 1
1732 1 36722.89588476 1
1733 1 49458.20461102 1
1734 0 -29486.29524114 0
1735 1 46029.95620599 1
1736 1 20965.47282087 1
1737 0 -31065.94745482 0
1738 0 -43155.34186306 0
1739 0 -38272.78600216 0
1740 0 -38434.63999030 0
1741 1 25575.60490990 1
1742 0 -30862.88585576 0
1743 0 -31417.95818610 0
1744 0 -33935.98779353 0
1745 1 39708.46910226 1
1746 0 -34383.23742522 0
1747 0 -34197.25750612 0
1748 0 -33520.70811425 0
1749 0 -31159.96690066 0
1750 0 -30584.08155852 0
1751 1 21647.21980133 1
1752 1 28434.67374069 1
1753 1 29964.20067163 1
1754 1 30786.73443364 1
1755 0 -27839.98357889 0
1756 1 40093.11535987 1
1757 1 29075.56806159 1
1758 0 -35857.01314341 0
1759 1 40949.87337145 1
1760 0 -44044.84984797 0
1761 0 -30039.86632661 0
1762 0 -21690.36610453 0
1763 1 35491.55219994 1
1764 1 28303.72654061 1
1765 0 -41737.54947581 0
1766 0 -45050.92323343 0
1767 1 47888.72752106 1
1768 1 31583.36876579 1
1769 1 31240.37285862 1
1770 1 42573.39129268 1
1771 0 -42537.84695908 0
1772 0 -27709.64290575 0
1773 1 51507.87463677 1
1774 0 -28195.24186093 0
1775 0 -36918.21503780 0
1776 0 -37304.00329718 0
1777 0 -40371.42523798 0
1778 0 -46436.11099137 0
1779 0 -52916.53218091 0
1780 1 35721.37251556 1
1781 0 -34224.28672749 0
1782 1 39117.30018683 1
1783 0 -42785.74232953 0
1784 1 42522.29175719 1
1785 0 -27599.16832381 0
1786 0 -40467.97843562 0
1787 1 37255.67200389 1
1788 0 -44369.99611533 0
1789 1 36238.66077705 1
1790 0 -38142.55243312 0
1791 0 -25411.18622965 0
1792 0 -35396.94783335 0
1793 0 -33091.14719784 0
1794 1 33642.25216342 1
1795 1 46286.63013041 1
1796 1 34402.29690131 1
1797 0 -26720.40638611 0
1798 0 -35699.60450393 0
1799 0 -21120.57080504 0
1800 1 40610.53857781 1
1801 1 28346.70870396 1
1802 1 20300.77333078 1
1803 0 -19793.89063201 0
1804 0 -28654.27959929 0
1805 1 26775.57007145 1
1806 1 40956.99844105 1
1807 0 -50741.11736795 0
1808 0 -39865.54252048 0
1809 1 38565.23322985 1
1810 1 38319.01589368 1
1811 0 -34559.92969912 0
1812 1 31183.51312612 1
1813 0 -35997.25179320 0
1814 1 30035.92202384 1
1815 0 -31696.17955211 0
1816 1 31244.92376060 1
1817 0 -43139.63147980 0
1818 1 54790.74463591 1
1819 1 44258.47759334 1
1820 1 31923.49387123 1
1821 0 -27341.52711468 0
1822 0 -37541.24897169 0
1823 1 32895.61509922 1
1824 0 -16531.24506296 0
1825 0 -36965.50750233 0
1826 0 -42200.07929047 0
1827 1 43144.15577034 1
1828 0 -42104.90954380 0
1829 0 -47721.95228874 0
1830 0 -46126.74386086 0
1831 0 -21970.97127788 0
1832 1 42347.10719815 1
1833 1 40252.86329135 1
1834 1 28157.34189577 1
1835 1 32596.77693909 1
1836 1 42228.44725021 1
1837 1 39159.82041547 1
1838 1 45817.17040539 1
1839 1 36914.15659827 1
1840 1 27336.92689495 1
1841 0 -39918.19654936 0
1842 0 -40589.10690797 0
1843 0 -22607.76927879 0
1844 1 36186.11821695 1
1845 1 42245.93508229 1
1846 0 -40742.31453193 0
1847 0 -37661.00794261 0
1848 1 38825.69474487 1
1849 1 30438.07319459 1
1850 0 -31417.76555382 0
1851 0 -28297.17695626 0
1852 1 35544.84634160 1
1853 0 -39390.25542588 0
1854 1 25712.48883930 1
1855 0 -21441.20538160 0
1856 0 -22172.26056058 0
1857 0 -32735.61665552 0
1858 1 30422.85892951 1
1859 1 41652.86861391 1
1860 0 -37032.02984576 0
1861 0 -48317.24159183 0
1862 1 46427.40928168 1
1863 1 34504.27504495 1
1864 0 -38232.93036590 0
1865 0 -32944.52825807 0
1866 0 -31338.04490382 0
1867 0 -36235.98575816 0
1868 0 -20128.88095246 0
1869 1 33113.12754908 1
1870 0 -36416.75998347 0
1871 1 44051.31755395 1
1872 1 43782.77877829 1
1873 1 19258.12394225 1
1874 1 41778.71118413 1
1875 0 -33050.86529886 0
1876 1 28477.40810390 1
1877 0 -37076.55452536 0
1878 1 36240.60572777 1
1879 1 40059.73136091 1
1880 0 -32476.00500582 0
1881 0 -33480.29943335 0
1882 0 -35011.70166811 0
1883 1 23326.86491255 1
1884 1 24173.49353735 1
1885 1 33277.30718152 1
1886 1 35168.59489219 1
1887 0 -40457.89021219 0
1888 1 46543.79973544 1
1889 1 4442.83809048 1
1890 1 35415.41477747 1
1891 1 23243.46402511 1
1892 1 35279.74045815 1
1893 1 26583.76682086 1
1894 1 37509.58195578 1
1895 0 -22273.56402328 0
1896 0 -46291.00023121 0
1897 0 -13482.60279745 0
1898 1 45210.27983481 1
1899 1 31806.85439110 1
1900 1 37440.86551258 1
1901 1 38222.76263077 1
1902 1 36166.66769603 1
1903 1 33894.92255383 1
1904 1 29021.03431257 1
1905 1 43329.25465845 1
1906 1 26658.53012374 1
1907 1 25064.57250421 1
1908 0 -28855.10840936 0
1909 1 37078.39613315 1
1910 1 38218.65946634 1
1911 0 -36663.28424547 0
1912 0 -27690.92458302 0
1913 1 30290.20390694 1
1914 0 -31920.01504455 0
1915 0 -32243.15626481 0
1916 1 40857.63721514 1
1917 0 -40700.20807863 0
1918 0 -29367.32638718 0
1919 1 21597.76299432 1
1920 0 -20973.57077619 0
1921 1 36148.13576917 1
1922 0 -39397.42255716 0
1923 0 -38974.83306176 0
1924 0 -30619.43901460 0
1925 0 -32867.97961825 0
1926 0 -34804.15797634 0
1927 0 -30810.05347792 0
1928 0 -31056.74298078 0
1929 0 -32413.21986119 0
1930 0 -37295.07338636 0
1931 1 48163.59470028 1
1932 1 18620.08896839 1
1933 0 -28139.66106838 0
1934 0 -34893.04718176 0
1935 0 -33943.51042575 0
1936 1 45656.15008799 1
1937 1 48250.09586142 1
1938 1 27714.14144964 1
1939 0 -20582.49368466 0
1940 0 -24507.61503891 0
1941 0 -42461.82225325 0
1942 1 23734.52985123 1
1943 0 -33087.68886393 0
1944 0 -31917.13857891 0
1945 0 -47175.63857867 0
1946 1 26720.29922571 1
1947 1 28680.99842551 1
1948 1 28730.45731932 1
1949 1 41482.30085040 1
1950 0 -47927.98028541 0
1951 0 -37401.18765988 0
1952 1 33818.50144261 1
1953 1 17922.33609090 1
1954 1 16872.88401876 1
1955 0 -36392.70834021 0
1956 1 33963.11364059 1
1957 0 -32101.41918634 0
1958 0 -29462.95446193 0
1959 1 35570.43615329 1
1960 1 41475.17412314 1
1961 1 44384.00470991 1
1962 0 -35903.15606270 0
1963 0 -33870.72662341 0
1964 0 -45094.55825836 0
1965 1 45020.04032777 1
1966 0 -34298.09345220 0
1967 1 24601.38841977 1
1968 1 40629.97662775 1
1969 1 36117.09688028 1
1970 1 35945.01168459 1
1971 1 33495.69640171 1
1972 1 33769.74344008 1
1973 1 37957.10878543 1
1974 1 36822.99277000 1
1975 1 37354.54432041 1
1976 1 38784.40084359 1
1977 1 29220.59903997 1
1978 0 -24489.88789500 0
1979 1 37036.08649269 1
1980 1 36889.52665422 1
1981 1 34541.51678866 1
1982 0 -42886.17495373 0
1983 1 31074.32610906 1
1984 0 -34633.99529148 0
1985 0 -39853.50734819 0
1986 1 39030.70887422 1
1987 0 -4101.36479083 0
1988 1 22935.71172498 1
1989 1 37774.65753984 1
1990 0 -36551.48270862 0
1991 1 29129.92167833 1
1992 1 43542.07514195 1
1993 1 29179.49210410 1
1994 1 48665.58462966 1
1995 0 -27734.47873816 0
1996 0 -33719.41934575 0
1997 0 -32767.88716917 0
1998 1 19324.99191209 1
1999 0 -22533.92973718 0
2000 0 -40530.98782626 0
2001 0 -28602.16795388 0
2002 1 35870.00573092 1
2003 0 -33389.00625787 0
2004 1 37447.53771974 1
2005 0 -45344.90147643 0
2006 1 33306.88984812 1
2007 1 26055.80285289 1
2008 0 -22537.11031211 0
2009 0 -33849.00698420 0
2010 1 37460.07373975 1
2011 1 30534.55614144 1
2012 1 32945.55491988 1
2013 0 -34252.76391446 0
2014 0 -31460.99452060 0
2015 1 26304.90968447 1
2016 1 27357.78833560 1
2017 1 33641.60797013 1
2018 1 29418.69363304 1
2019 0 -35964.75408985 0
2020 1 30137.26134804 1
2021 0 -39645.18476384 0
2022 0 -36234.32958288 0
2023 0 -36143.48694536 0
2024 0 -34630.33328190 0
2025 1 41483.55950409 1
2026 0 -39348.84202176 0
2027 0 -38104.90017207 0
2028 0 -41565.33568522 0
2029 1 26164.68283966 1
2030 1 24878.04102465 1
2031 0 -38081.69471251 0
2032 1 33714.47402878 1
2033 1 36119.63902256 1
2034 1 29018.97937628 1
2035 1 18464.60696822 1
2036 1 38564.01448804 1
2037 1 44570.60338398 1
2038 1 35959.48646348 1
2039 0 -37118.24637300 0
2040 0 -26190.63531083 0
2041 1 34093.38950843 1
2042 1 44834.53319056 1
2043 0 -41289.66559505 0
2044 0 -38005.07207277 0
2045 1 11587.27823347 1
2046 1 26830.47729147 1
2047 1 32972.20272496 1
2048 0 -42337.86987004 0
2049 0 -24841.51502422 0
2050 0 -37980.44256567 0
2051 0 -29383.87123476 0
2052 1 42910.22863410 1
2053 1 36439.60612317 1
2054 1 34399.42727872 1
2055 0 -34453.65369387 0
2056 1 42302.18809497 1
2057 0 -42229.12303957 0
2058 1 29963.31149197 1
2059 1 35936.91785772 1
2060 0 -26609.96932867 0
2061 1 24608.29308950 1
2062 0 -36031.35169265 0
2063 1 38182.24250145 1
2064 0 -37081.31373341 0
2065 1 28729.20932932 1
2066 0 -43998.71184176 0
2067 0 -31863.29987303 0
2068 0 -30191.29249600 0
2069 0 -33850.08231556 0
2070 0 -43763.77328878 0
2071 0 -30572.07966570 0
2072 1 32156.66171308 1
2073 0 -18094.81617184 0
2074 1 32066.08422377 1
2075 1 46495.36572407 1
2076 1 36780.37870792 1
2077 1 35758.09915894 1
2078 0 -35920.88340940 0
2079 1 24243.30833491 1
2080 1 38889.93572708 1
2081 1 28993.87727271 1
2082 0 -39109.59725956 0
2083 0 -23767.81843905 0
2084 1 29524.99496158 1
2085 0 -30579.49572037 0
2086 1 51001.32642249 1
2087 1 38249.99175483 1
2088 1 17137.86445053 1
2089 0 -41804.63177466 0
2090 1 30784.22814420 1
2091 1 33742.65674990 1
2092 1 45019.00791346 1
2093 1 28743.28642179 1
2094 0 -42677.06498189 0
2095 1 31369.90114956 1
2096 1 30527.29998645 1
2097 0 -35162.16847139 0
2098 1 29208.02264058 1
2099 1 41553.30544539 1
2100 0 -34266.51314297 0
2101 0 -38851.21376836 0
2102 0 -46073.09290546 0
2103 1 23820.95030287 1
2104 0 -49066.34937933 0
2105 1 38829.99339176 1
2106 1 19948.37066255 1
2107 1 27718.86064076 1
2108 1 35844.49072533 1
2109 1 41553.72673747 1
2110 1 29015.23815401 1
2111 0 -33985.70876778 0
2112 0 -38123.27551491 0
2113 0 -47786.86544677 0
2114 1 40226.76081191 1
2115 1 16141.85860329 1
2116 1 4442.83809048 1
2117 1 40768.03680026 1
2118 1 24475.98045063 1
2119 1 30497.31899145 1
2120 1 24720.92303701 1
2121 0 -20549.37480803 0
2122 1 26700.03968113 1
2123 0 -25420.75901259 0
2124 0 -27412.67087539 0
2125 0 -23909.05713655 0
2126 0 -26068.35242817 0
2127 0 -16629.33276759 0
2128 0 -20856.56468585 0
2129 1 30516.02207170 1
2130 1 37224.23942662 1
2131 1 31469.20348784 1
2132 1 27513.22906055 1
2133 1 42267.52100817 1
2134 1 32310.52849702 1
2135 1 20339.64373439 1
2136 0 -32516.57670985 0
2137 0 -21216.72358357 0
2138 0 -20488.62509956 0
2139 0 -33969.38651759 0
2140 0 -22925.15392897 0
2141 1 37775.37557700 1
2142 0 -21039.34681289 0
2143 0 -24183.40417873 0
2144 0 -35778.15729729 0
2145 0 -34318.38378252 0
2146 0 -32373.23171309 0
2147 1 19513.58959947 1
2148 1 45876.05744948 1
2149 1 19556.33670952 1
2150 1 32122.31743109 1
2151 0 -37070.17157026 0
2152 0 -37387.76358587 0
2153 0 -45436.60920546 0
2154 0 -35714.21744415 0
2155 0 -44275.85810868 0
2156 0 -32327.14726897 0
2157 0 -26260.87978595 0
2158 0 -31196.19504722 0
2159 1 37615.82365043 1
2160 0 -35640.48816617 0
2161 1 40035.95865868 1
2162 0 -44802.18993418 0
2163 1 27222.33931003 1
2164 0 -38944.98682173 0
2165 0 -47191.16265456 0
2166 1 28315.54046124 1
2167 0 -48563.28757809 0
2168 0 -36348.97950672 0
2169 1 32567.38432538 1
2170 0 -22376.66591822 0
2171 1 36656.16164964 1
2172 0 -44678.80688707 0
2173 1 31990.45588533 1
2174 1 43142.98941290 1
2175 1 39866.36538591 1
2176 1 31839.75174779 1
2177 0 -27144.84857932 0
2178 0 -46936.72368208 0
2179 0 -44154.50572764 0
2180 0 -21997.80840979 0
2181 0 -47650.01122266 0
2182 0 -34441.91345429 0
2183 1 32680.50725445 1
2184 0 -35206.77799528 0
2185 1 24936.22089753 1
2186 1 31193.63986967 1
2187 0 -35455.22653755 0
2188 0 -43568.65266902 0
2189 1 24927.35253906 1
2190 0 -24602.69666894 0
2191 1 25287.88820083 1
2192 0 -19070.04105817 0
2193 1 36032.45300744 1
2194 1 22460.08381931 1
2195 1 46126.26441572 1
2196 0 -31735.71490742 0
2197 0 -42204.98681462 0
2198 0 -32610.86006940 0
2199 1 44232.65307819 1
2200 1 31931.57725742 1
2201 1 38560.38917909 1
2202 1 26237.94418140 1
2203 1 46793.03848465 1
2204 1 21796.13046558 1
2205 0 -44183.71098486 0
2206 1 23288.93582788 1
2207 0 -21553.46911735 0
2208 0 -28987.20739351 0
2209 0 -31254.63479822 0
2210 0 -38566.46269877 0
2211 1 36965.47714412 1
2212 1 28374.56878309 1
2213 0 -30921.84858306 0
2214 0 -25258.90168913 0
2215 1 15528.68590457 1
2216 1 48899.15884427 1
2217 0 -27784.21626444 0
2218 0 -26133.21705860 0
2219 1 42205.11162804 1
2220 1 27254.96349556 1
2221 0 -29849.14182063 0
2222 1 38988.30267318 1
2223 1 50206.55339433 1
2224 0 -34864.35440878 0
2225 0 -43239.10826104 0
2226 0 -33077.19219901 0
2227 0 -32910.48161927 0
2228 0 -36962.35468793 0
2229 0 -33919.88733515 0
2230 0 -44570.07403263 0
2231 0 -28228.46632038 0
2232 1 23180.04088572 1
2233 1 44122.10973214 1
2234 1 29228.24933402 1
2235 0 -44000.69183785 0
2236 0 -34246.54062884 0
2237 0 -40115.40827117 0
2238 0 -21203.95819912 0
2239 1 46450.56806268 1
2240 0 -46650.75894382 0
2241 1 18289.94462335 1
2242 0 -29121.96633937 0
2243 1 31890.08706239 1
2244 0 -43463.66840357 0
2245 1 37988.19678901 1
2246 0 -37636.20192633 0
2247 1 39084.45153780 1
2248 0 -44195.89696097 0
2249 1 48205.35003669 1
2250 0 -42244.93510607 0
2251 1 44628.99073517 1
2252 0 -38118.62312559 0
2253 1 37243.00369413 1
2254 0 -44824.31776116 0
2255 1 47437.14272506 1
2256 1 25876.78869012 1
2257 0 -41548.49123146 0
2258 0 -42627.83398629 0
2259 1 35387.16235729 1
2260 1 44555.50481299 1
2261 0 -33897.65973896 0
2262 1 24532.69727468 1
2263 0 -30633.13058985 0
2264 1 39907.42217295 1
2265 0 -25451.29668495 0
2266 0 -36976.12818490 0
2267 1 47442.66245508 1
2268 0 -25900.91695691 0
2269 0 -37119.66174406 0
2270 0 -22557.22773583 0
2271 1 37894.37636760 1
2272 0 -29941.36977888 0
2273 1 41597.42765808 1
2274 1 30077.55123270 1
2275 1 34873.03869678 1
2276 1 15901.28688610 1
2277 1 36678.67073022 1
2278 1 41130.56545493 1
2279 0 -30139.51865931 0
2280 0 -47178.24746645 0
2281 1 42938.19253982 1
2282 1 27451.78611287 1
2283 0 -35896.07333349 0
2284 1 28334.42460529 1
2285 1 32970.78872933 1
2286 0 -30421.22610832 0
2287 1 36668.05571935 1
2288 0 -42194.21640318 0
2289 0 -20654.95812411 0
2290 0 -22303.19342481 0
2291 1 25913.54971254 1
2292 1 38834.97697327 1
2293 1 44249.74147036 1
2294 1 29074.36973934 1
2295 0 -19465.57192229 0
2296 1 30757.47604820 1
2297 1 45298.82410266 1
2298 1 34657.93939796 1
2299 0 -39244.32229146 0
2300 1 36862.17504415 1
2301 0 -47425.36147056 0
2302 1 41647.25446662 1
2303 0 -24854.86819811 0
2304 1 32070.47651130 1
2305 1 44246.87885576 1
2306 0 -28087.62851029 0
2307 0 -35921.99987772 0
2308 0 -37137.16631457 0
2309 1 42139.77458518 1
2310 1 28743.79983767 1
2311 1 18610.77049419 1
2312 0 -38725.42724592 0
2313 0 -24347.52390411 0
2314 1 49903.99223926 1
2315 1 38997.67590959 1
2316 1 31419.47649002 1
2317 0 -46774.21208906 0
2318 0 -15648.70696342 0
2319 0 -42831.39340231 0
2320 0 -8185.01661052 0
2321 0 -42586.01583349 0
2322 1 47733.56214108 1
2323 1 33285.39052583 1
2324 1 -22172.02650685 0
2325 1 38887.93862298 1
2326 1 33948.67409858 1
2327 0 -40062.28320389 0
2328 0 -33319.73075123 0
2329 0 -44285.17462733 0
2330 1 36568.09926958 1
2331 0 -23381.35180268 0
2332 1 37791.31529315 1
2333 0 -5666.94922622 0
2334 0 -29409.45953562 0
2335 1 36411.85204908 1
2336 1 31959.71926888 1
2337 1 35281.31386432 1
2338 1 49116.50907829 1
2339 1 29558.68206783 1
2340 0 -39113.95029663 0
2341 1 35282.60273490 1
2342 1 39102.47491208 1
2343 0 -44502.25780192 0
2344 1 38639.72504426 1
2345 1 34017.68953341 1
2346 1 33916.03529021 1
2347 0 -55093.14619481 0
2348 0 -40553.66636187 0
2349 1 21886.67340666 1
2350 0 -37881.27294785 0
2351 0 -24910.21418768 0
2352 0 -39580.55541415 0
2353 1 33855.90632906 1
2354 0 -46157.77055474 0
2355 1 26732.89026061 1
2356 1 44060.94220313 1
2357 0 -24007.11058363 0
2358 0 -45387.60597509 0
2359 1 33159.57082670 1
2360 1 47284.38190555 1
2361 0 -47256.36896482 0
2362 1 25905.95761898 1
2363 0 -42074.08000664 0
2364 0 -31425.68468304 0
2365 0 -20722.91917704 0
2366 1 36855.52713112 1
2367 0 -42029.99454092 0
2368 0 -37082.17952916 0
2369 1 30935.63214713 1
2370 0 -38893.73110372 0
2371 1 35753.46136592 1
2372 1 33400.12988151 1
2373 1 28367.95620068 1
2374 0 -51406.79037130 0
2375 0 -36130.22473536 0
2376 0 -43215.39953415 0
2377 1 31513.03665945 1
2378 1 36340.61511890 1
2379 0 -5949.22360684 0
2380 0 -25519.25929242 0
2381 0 -47316.80025250 0
2382 1 29509.05898729 1
2383 0 -40728.56445860 0
2384 0 -38491.27762706 0
2385 0 -40809.24489616 0
2386 1 33709.38956250 1
2387 0 -13646.19032711 0
2388 0 -34148.55315932 0
2389 0 -46059.89957590 0
2390 0 -43127.72650148 0
2391 0 -36218.02040669 0
2392 1 39587.13519851 1
2393 0 -31250.35329351 0
2394 0 -34084.98883414 0
2395 0 -40558.30634957 0
2396 1 42674.02650122 1
2397 1 44846.49849701 1
2398 0 -25532.61395105 0
2399 0 -47569.22186791 0
2400 1 30052.90824558 1
2401 1 45929.99747885 1
2402 1 28239.63578752 1
2403 0 -47350.65983396 0
2404 0 -26031.15392928 0
2405 0 -48039.68117140 0
2406 0 -48805.68680978 0
2407 0 -46470.43341820 0
2408 0 -33397.22341348 0
2409 1 48095.79959028 1
2410 1 49826.87275242 1
2411 0 -40180.59803200 0
2412 1 23608.13202197 1
2413 1 42783.40036059 1
2414 0 -26216.56601278 0
2415 1 39734.20674568 1
2416 0 -35805.05623304 0
2417 0 -34170.31419322 0
2418 0 -45834.96653382 0
2419 0 -37632.39707594 0
2420 0 -39981.33844856 0
2421 0 -49194.90522258 0
2422 1 45451.10440651 1
2423 0 -44143.24372551 0
2424 0 -36238.26728802 0
2425 0 -28379.26617564 0
2426 1 51015.13265438 1
2427 1 43063.15661228 1
2428 1 36963.80383520 1
2429 1 45844.06838101 1
2430 0 -48199.03201669 0
2431 0 -39697.05814901 0
2432 0 -30427.27385049 0
2433 0 -50952.06230334 0
2434 0 -29105.47556598 0
2435 1 39416.26490613 1
2436 0 -44722.96932698 0
2437 0 -31722.45830240 0
2438 0 -32543.62955807 0
2439 1 30799.84429553 1
2440 0 -45265.09257387 0
2441 1 42699.52030141 1
2442 1 26939.73402107 1
2443 1 33444.95361977 1
2444 1 41114.83667643 1
2445 1 26815.88855067 1
2446 0 -39136.12154456 0
2447 1 24400.40748976 1
2448 1 44600.71754017 1
2449 0 -48732.94728294 0
2450 1 27717.14886195 1
2451 1 39063.72170774 1
2452 1 44206.04710186 1
2453 1 33292.25785832 1
2454 1 46471.13779284 1
2455 0 -47883.82330824 0
2456 0 -40930.85390491 0
2457 1 39661.57409237 1
2458 0 -32945.26375306 0
2459 1 27177.45451753 1
2460 1 49086.84859508 1
2461 0 -39612.65993045 0
2462 1 54847.30717516 1
2463 0 -39776.70454060 0
2464 0 -36083.81243029 0
2465 0 -43986.79624963 0
2466 1 23764.72949875 1
2467 0 -27686.61656583 0
2468 1 37505.16380933 1
2469 1 50517.51695135 1
2470 0 -44886.76062518 0
2471 1 33476.29722443 1
2472 1 27427.52365693 1
2473 1 35231.83079758 1
2474 0 -35046.40222275 0
2475 1 42188.48607516 1
2476 0 -46076.64836769 0
2477 1 19882.93087727 1
2478 0 -26690.53321577 0
2479 0 -48298.02569171 0
2480 0 -42450.70934089 0
2481 1 45431.22882064 1
2482 0 -38037.32733239 0
2483 1 33779.63897828 1
2484 0 -41699.61108513 0
2485 0 -40537.96695358 0
2486 1 23796.02551209 1
2487 0 -40680.88445077 0
2488 1 43756.04572040 1
2489 1 42039.28975963 1
2490 1 31004.48745744 1
2491 0 -22099.62013061 0
2492 1 22282.58975738 1
2493 1 16137.60673320 1
2494 0 -33053.20704543 0
2495 1 27307.84966955 1
2496 1 42331.58180205 1
2497 0 -45596.87723553 0
2498 1 34892.31419801 1
2499 1 28416.69670593 1
2500 1 42757.92162117 1
2501 1 24482.48533542 1
2502 0 -41435.94305235 0
2503 0 -32703.47939944 0
2504 1 45703.24485176 1
2505 1 24791.25741543 1
2506 1 37124.11242875 1
2507 1 48329.67597276 1
2508 0 -38633.78807939 0
2509 1 41785.26186343 1
2510 1 38423.82831592 1
2511 1 48201.49267623 1
2512 1 28945.50085072 1
2513 0 -34627.10338617 0
2514 0 -35069.13713789 0
2515 1 36252.78114212 1
2516 0 -25077.03200359 0
2517 0 -36768.76399136 0
2518 1 49473.27868919 1
2519 1 28363.80984981 1
2520 1 37209.16919488 1
2521 0 -26618.48095350 0
2522 1 51554.24204842 1
2523 1 42272.22451547 1
2524 1 35893.86709465 1
2525 0 -22606.22440064 0
2526 1 43216.89295174 1
2527 0 -41042.27480192 0
2528 0 -32628.57242626 0
2529 1 32768.63385128 1
2530 1 40337.87612077 1
2531 0 -47014.89165599 0
2532 0 -45096.06273718 0
2533 0 -32543.11395983 0
2534 0 -20915.07457324 0
2535 1 28260.70519698 1
2536 1 50533.99384660 1
2537 0 -36574.25001787 0
2538 1 38375.06323140 1
2539 0 -28677.26799207 0
2540 0 -45053.92840081 0
2541 0 -33358.52286003 0
2542 0 -18971.12370743 0
2543 1 39533.50333938 1
2544 1 32910.18779180 1
2545 0 -44576.22139311 0
2546 0 -45952.87337219 0
2547 1 41319.88734762 1
2548 1 26198.24720941 1
2549 1 31615.77584838 1
2550 1 41268.59919294 1
2551 1 31402.93366375 1
2552 0 -45887.67255071 0
2553 0 -43401.85144203 0
2554 0 -39711.59231358 0
2555 0 -38672.90605194 0
2556 0 -30381.68935979 0
2557 1 34730.85048874 1
2558 1 40650.59892135 1
2559 0 -31693.77937821 0
2560 0 -29142.89264632 0
2561 0 -27554.83814919 0
2562 1 40506.14731514 1
2563 0 -27159.91362168 0
2564 1 38773.66233930 1
2565 1 33809.70317389 1
2566 1 32782.78488528 1
2567 1 42810.05672576 1
2568 1 34559.45499094 1
2569 1 27640.48487826 1
2570 1 20726.66687147 1
2571 1 27606.54270934 1
2572 0 -40190.06761136 0
2573 1 45272.01495538 1
2574 0 -49047.90982584 0
2575 0 -37771.87819168 0
2576 1 18028.05328340 1
2577 1 54339.77437907 1
2578 0 -43520.51144868 0
2579 1 32389.56938457 1
2580 1 32661.29240864 1
2581 0 -24130.54546844 0
2582 1 35527.82142822 1
2583 0 -25018.47943606 0
2584 0 -42955.27505110 0
2585 0 -32624.56051547 0
2586 0 -39882.52917957 0
2587 1 36134.05032431 1
2588 0 -33670.97128179 0
2589 0 -35606.43023832 0
2590 1 31748.27258500 1
2591 1 37541.13374140 1
2592 1 26340.28968780 1
2593 1 41569.80918925 1
2594 1 45135.32084752 1
2595 1 46127.95731189 1
2596 0 -29323.50821723 0
2597 0 -30909.21916353 0
2598 1 25553.96985659 1
2599 0 -28565.33705653 0
2600 1 22493.58430735 1
2601 1 36771.28570489 1
2602 0 -42735.37434276 0
2603 0 -36734.18418463 0
2604 0 -39925.43370253 0
2605 0 -30355.17577755 0
2606 0 -48363.10035851 0
2607 0 -37072.70301692 0
2608 0 -38862.50034848 0
2609 1 31825.90481639 1
2610 1 35229.46134510 1
2611 1 34718.47251903 1
2612 1 47119.96526427 1
2613 0 -42026.49882136 0
2614 1 34943.42837404 1
2615 1 38458.65691554 1
2616 0 -40459.00531736 0
2617 0 -19417.23571072 0
2618 0 -36343.19519307 0
2619 1 44100.27509771 1
2620 0 -40318.80040237 0
2621 0 -38056.26693464 0
2622 1 43643.91119159 1
2623 1 32859.91337698 1
2624 1 29433.69592986 1
2625 1 25059.41055312 1
2626 0 -34119.22508503 0
2627 0 -44485.33748467 0
2628 1 37262.15565415 1
2629 1 33421.49317353 1
2630 1 35466.07574029 1
2631 0 -41464.64813112 0
2632 0 -57976.15531676 0
2633 1 31168.58419974 1
2634 0 -51597.79023264 0
2635 1 42986.18763263 1
2636 0 -34616.30411949 0
2637 1 52908.84269818 1
2638 0 -31611.98487123 0
2639 0 -45474.99081598 0
2640 1 33862.08195298 1
2641 1 31376.94193058 1
2642 1 34848.68560783 1
2643 0 -43822.65853805 0
2644 0 -35580.99455528 0
2645 1 36531.41879749 1
2646 1 21180.98933420 1
2647 1 32354.97402882 1
2648 1 44123.05824656 1
2649 1 37805.87566193 1
2650 0 -32446.82957268 0
2651 1 52016.65334696 1
2652 1 27231.69449271 1
2653 1 46305.04021244 1
2654 0 -28675.14562839 0
2655 1 34974.98501549 1
2656 1 40613.90717402 1
2657 1 25801.57432337 1
2658 1 47798.99034850 1
2659 1 42966.66460615 1
2660 1 28993.42320527 1
2661 0 -39183.95580703 0
2662 0 -25968.02122471 0
2663 0 -40910.28680228 0
2664 0 -19686.32390814 0
2665 0 -34697.34444824 0
2666 0 -43210.41414024 0
2667 1 33955.44041933 1
2668 1 46930.68359378 1
2669 1 27915.26215056 1
2670 0 -34177.55744957 0
2671 1 33240.44607296 1
2672 0 -27062.06866930 0
2673 1 34413.01200926 1
2674 1 19554.34335933 1
2675 1 41359.54211491 1
2676 1 33353.15734308 1
2677 0 -23817.20853274 0
2678 1 41424.17078944 1
2679 1 48031.86858585 1
2680 1 40172.76226777 1
2681 1 41053.34812715 1
2682 0 -25960.30867265 0
2683 1 42653.10985945 1
2684 1 31332.39273272 1
2685 1 30049.01967038 1
2686 1 55611.78352259 1
2687 1 41968.83966129 1
2688 1 43491.38625513 1
2689 0 -41132.69648212 0
2690 1 23849.96582991 1
2691 0 -34425.52678176 0
2692 0 -39632.29553927 0
2693 0 -51401.10868505 0
2694 0 -32292.39692131 0
2695 0 -47214.66404406 0
2696 0 -41567.88689787 0
2697 1 18664.33146524 1
2698 1 38867.47515016 1
2699 0 -50808.23240324 0
2700 1 43001.02033472 1
2701 0 -22346.64997382 0
2702 0 -33849.73930686 0
2703 1 32552.19416383 1
2704 0 -29518.96471914 0
2705 1 29195.96059705 1
2706 0 -46268.06250559 0
2707 1 51630.41509423 1
2708 1 41596.68976060 1
2709 1 34208.93726926 1
2710 0 -43687.97364450 0
2711 0 -45671.20030395 0
2712 0 -36743.25504144 0
2713 1 50183.47101036 1
2714 0 -37833.46149865 0
2715 1 46648.24673491 1
2716 0 -28297.37574691 0
2717 1 42456.36126716 1
2718 0 -36844.68885578 0
2719 1 44830.27258808 1
2720 0 -52220.47618420 0
2721 0 -27052.71954269 0
2722 1 35709.61132534 1
2723 0 -20291.66534126 0
2724 0 -23322.41774309 0
2725 0 -38870.81523756 0
2726 0 -35962.82953627 0
2727 0 -40334.36357288 0
2728 1 35574.36341479 1
2729 1 42686.11607025 1
2730 1 32591.72095081 1
2731 1 18323.03611253 1
2732 0 24938.31702901 1
2733 1 27592.14406446 1
2734 0 -29866.23184351 0
2735 0 -29646.25209349 0
2736 0 -33876.87861833 0
2737 1 36237.76404966 1
2738 1 32234.82269858 1
2739 0 -41990.28435146 0
2740 1 44725.54227371 1
2741 0 -35052.29553414 0
2742 0 -23494.55912612 0
2743 1 23119.57817569 1
2744 1 35897.81125078 1
2745 1 34020.70767690 1
2746 1 32400.20947670 1
2747 0 -47215.68147855 0
2748 1 46474.81632827 1
2749 0 -35733.33127532 0
2750 1 36870.04704012 1
2751 0 -35156.05991453 0
2752 0 -34301.52563236 0
2753 0 -48747.13068176 0
2754 1 26365.13229358 1
2755 1 43160.77292351 1
2756 0 -35337.62063931 0
2757 0 -35643.01619845 0
2758 0 -35315.76850165 0
2759 0 -37274.16875169 0
2760 1 38272.02534206 1
2761 1 55177.19405264 1
2762 0 -42378.82275042 0
2763 0 -40939.28522393 0
2764 1 33439.59476992 1
2765 1 53031.26589837 1
2766 0 -21866.09744890 0
2767 1 34106.47023474 1
2768 0 -30846.90322900 0
2769 1 28220.98308524 1
2770 0 -28836.35531997 0
2771 0 -30262.01352569 0
2772 1 50161.63061375 1
2773 1 29208.84093517 1
2774 0 -34588.53413046 0
2775 0 -45462.50459260 0
2776 0 -32615.61157306 0
2777 0 -44864.52582974 0
2778 0 -35446.65142905 0
2779 1 28424.51760327 1
2780 0 -21085.65525378 0
2781 0 -37457.93228812 0
2782 0 -42061.02912428 0
2783 1 41570.63865048 1
2784 1 41499.43569172 1
2785 0 -26322.76397707 0
2786 1 43421.10437065 1
2787 0 -44087.16257506 0
2788 1 41692.51378382 1
2789 1 37300.02624828 1
2790 1 41981.91075355 1
2791 1 51712.67884171 1
2792 0 -37705.72056491 0
2793 0 -21986.42149118 0
2794 1 35662.60607490 1
2795 1 26197.68660304 1
2796 0 -37701.04768120 0
2797 0 -39762.41121315 0
2798 0 -57377.05114291 0
2799 1 45125.18264089 1
2800 1 31392.85837817 1
2801 0 -24716.78972941 0
2802 0 -36770.75769068 0
2803 0 -52241.60067540 0
2804 1 33033.66277683 1
2805 0 -50386.43719854 0
2806 1 36293.59220950 1
2807 1 53328.32068194 1
2808 0 -24570.01322398 0
2809 0 -34761.78299205 0
2810 1 50266.20535176 1
2811 0 -30010.22743629 0
2812 0 -47479.03823394 0
2813 1 24665.91523547 1
2814 0 -47083.50657957 0
2815 1 26619.18078840 1
2816 1 52212.30879222 1
2817 1 39435.32835505 1
2818 1 52528.04065910 1
2819 0 -41011.64418238 0
2820 0 -37656.27254157 0
2821 0 -32551.54664072 0
2822 0 -19296.27687877 0
2823 1 25091.22433508 1
2824 0 -37442.69809302 0
2825 0 -50541.49439321 0
2826 1 48199.97705464 1
2827 0 -32418.87567126 0
2828 1 37737.56166761 1
2829 0 -32282.91868391 0
2830 0 -44663.40095960 0
2831 1 41584.65081134 1
2832 1 41800.98048192 1
2833 0 -41453.14651933 0
2834 0 -31625.90453634 0
2835 1 37635.76982992 1
2836 0 -37720.29187439 0
2837 1 38524.09601105 1
2838 0 -35894.23504589 0
2839 0 -20790.08484237 0
2840 1 46252.13497739 1
2841 0 -41216.53962687 0
2842 1 38798.20809897 1
2843 0 -29646.86583324 0
2844 1 36183.33966911 1
2845 0 -50337.72428928 0
2846 0 -43894.19183331 0
2847 0 -35751.70594013 0
2848 1 24412.51048106 1
2849 1 45443.21217632 1
2850 1 41465.96561243 1
2851 1 46786.55147955 1
2852 0 -46423.16973125 0
2853 0 -36011.75690229 0
2854 1 43183.45444412 1
2855 1 33832.53210169 1
2856 0 -37916.80654198 0
2857 1 39706.82487577 1
2858 0 -32663.54162614 0
2859 1 38188.79347193 1
2860 1 36684.19037800 1
2861 0 -43855.83973844 0
2862 0 -31548.92812430 0
2863 1 47620.68067568 1
2864 1 27231.42867677 1
2865 0 -38642.41505842 0
2866 0 -44292.72069006 0
2867 0 -37028.23844752 0
2868 0 -41279.05925335 0
2869 0 -29414.97124738 0
2870 1 37096.69163272 1
2871 0 -26678.20763005 0
2872 1 38417.08465074 1
2873 0 -51783.54154477 0
2874 0 -41963.82010589 0
2875 1 35552.68784773 1
2876 1 41061.16167039 1
2877 0 -29957.86682220 0
2878 1 36845.99452197 1
2879 1 36335.71353529 1
2880 1 48562.85675724 1
2881 0 -36231.58556893 0
2882 1 46620.14505726 1
2883 1 43591.98481857 1
2884 0 -29348.44633011 0
2885 0 -35916.31444508 0
2886 1 39602.93985397 1
2887 0 -38867.82890099 0
2888 0 -50371.89320499 0
2889 1 49076.77433731 1
2890 1 44406.96868198 1
2891 1 46961.96021838 1
2892 0 -34523.46694659 0
2893 0 -40898.41176506 0
2894 1 48019.14162842 1
2895 0 -39544.75130561 0
2896 1 49352.85359211 1
2897 1 46303.98053714 1
2898 1 31554.73437005 1
2899 1 36274.19763867 1
2900 1 41043.79435933 1
2901 0 -36254.49390019 0
2902 0 -45118.25306769 0
2903 0 -43509.17864096 0
2904 1 35645.95833020 1
2905 1 40168.45925472 1
2906 0 -42298.61896745 0
2907 0 -32305.10493155 0
2908 1 37928.75327059 1
2909 1 50531.47636121 1
2910 0 -53310.57228501 0
2911 1 52520.04282680 1
2912 0 -32401.70421844 0
2913 0 -43994.56272044 0
2914 1 51353.22554856 1
2915 0 -40832.48061425 0
2916 0 -52539.15760429 0
2917 0 -52507.16772763 0
2918 0 -37106.16730733 0
2919 1 47595.73349200 1
2920 1 51360.74484135 1
2921 1 43165.00844937 1
2922 1 51888.16105093 1
2923 0 -45287.85050364 0
2924 0 -56759.11215752 0
2925 1 44392.33953722 1
2926 0 -50404.95355436 0
2927 1 38594.81549752 1
2928 1 40343.50323030 1
2929 1 51888.49585754 1
2930 1 49415.37049459 1
2931 0 -45850.39113941 0
2932 0 -46751.26542020 0
2933 1 36023.10527657 1
2934 0 -28554.01335907 0
2935 1 31785.14279869 1
2936 0 -54720.23308556 0
2937 1 33174.12609712 1
2938 1 50232.17592778 1
2939 0 -29063.35619981 0
2940 1 34487.06373036 1
2941 1 45909.52901223 1
2942 0 -44252.70532553 0
2943 1 49390.62246094 1
2944 1 39433.17072412 1
2945 1 59297.05045626 1
2946 1 43276.20613132 1
2947 0 -44471.51643099 0
2948 0 -47186.55421311 0
2949 0 -43917.08566591 0
2950 0 -48872.15623895 0
2951 1 38220.36139719 1
2952 1 49895.70482575 1
2953 0 -40733.25869002 0
2954 1 47934.35520017 1
2955 0 -31234.67150686 0
2956 1 42965.19565026 1
2957 1 48342.60713982 1
2958 1 50138.52298756 1
2959 1 52900.43533179 1
2960 0 -38084.87785480 0
2961 1 35233.31346135 1
2962 1 43607.58971643 1
2963 0 -27522.29196305 0
2964 1 51922.81945392 1
2965 1 41337.78185862 1
2966 1 48920.11405300 1
2967 0 -35697.82616531 0
2968 0 -34301.27235264 0
2969 0 -45033.11651961 0
2970 1 38899.88977752 1
2971 0 -44756.34415960 0
2972 1 45593.81140667 1
2973 1 46019.07669492 1
2974 0 -45544.81220534 0
2975 1 34282.40085441 1
2976 0 -36001.95495702 0
2977 0 -30327.52695860 0
2978 0 -35597.38107960 0
2979 0 -39958.77712740 0
2980 0 -53419.26058827 0
2981 0 -17430.45833013 0
2982 0 -46151.78776788 0
2983 0 -42815.75393035 0
2984 0 -37487.13749726 0
2985 0 -36769.63635158 0
2986 0 -39252.85561620 0
2987 0 -58501.44299777 0
2988 1 36925.34523681 1
2989 1 35522.09839642 1
2990 1 43650.98661476 1
2991 0 -41735.97265437 0
2992 0 -54065.93347649 0
2993 1 33281.07308943 1
2994 1 44233.42151310 1
2995 1 33103.86000643 1
2996 1 44306.12838664 1
2997 0 -41922.99809062 0
2998 0 -29967.75927539 0
2999 0 -49830.86179579 0
3000 1 54079.96558664 1
3001 0 -52436.64492664 0
3002 0 -26706.00590491 0
3003 0 -29833.16638663 0
3004 1 44332.92354004 1
3005 1 43287.09748746 1
3006 1 47682.52621927 1
3007 0 -41775.72243766 0
3008 1 42156.12717016 1
3009 1 34543.47441252 1
3010 0 -20086.84812571 0
3011 1 40899.36583054 1
3012 1 39077.52888928 1
3013 0 -40011.49745667 0
3014 0 -43603.56989094 0
3015 1 49489.39039521 1
3016 0 -27098.03057331 0
3017 0 -48643.02319538 0
3018 1 38655.17081804 1
3019 1 26900.80021068 1
3020 1 42319.75203143 1
3021 0 -39431.64305387 0
3022 1 43197.10304621 1
3023 0 -28760.40553448 0
3024 1 42637.25735684 1
3025 1 30469.80305386 1
3026 0 -30974.92102365 0
3027 1 42599.26034940 1
3028 0 -33576.90187952 0
3029 1 60026.83077766 1
3030 1 16940.69426591 1
3031 1 38066.04514215 1
3032 1 39906.25483264 1
3033 0 -46936.21623266 0
3034 0 -44916.10498328 0
3035 0 -45427.25523940 0
3036 0 -40260.00098398 0
3037 1 48871.61825525 1
3038 1 36378.70273503 1
3039 0 -23904.39360956 0
3040 1 21260.66084407 1
3041 0 -41677.63654349 0
3042 0 -39388.86073742 0
3043 1 36238.27673791 1
3044 1 48253.20495650 1
3045 1 38186.53535780 1
3046 1 19823.05026271 1
3047 0 -28681.10710011 0
3048 0 -47261.90169347 0
3049 0 -24395.84362296 0
3050 1 47425.61322227 1
3051 0 -31661.79862854 0
3052 0 -41822.56848329 0
3053 1 37739.86522646 1
3054 0 -41076.30591133 0
3055 1 56239.66035297 1
3056 1 34478.09863318 1
3057 0 -49697.17252678 0
3058 0 -33591.58644479 0
3059 0 -40586.18977007 0
3060 0 -44528.02472642 0
3061 0 -28347.91806560 0
3062 1 59325.45767651 1
3063 0 -37500.71873829 0
3064 0 -45359.48874364 0
3065 0 -42662.52655368 0
3066 0 -44599.54361791 0
3067 1 35037.74646326 1
3068 1 23777.56781181 1
3069 0 -45989.15545582 0
3070 1 31396.61998591 1
3071 0 -37052.59890949 0
3072 1 51348.96788754 1
3073 1 44496.31569038 1
3074 1 46545.57118715 1
3075 1 48573.29703171 1
3076 1 48119.76548616 1
3077 0 -39862.81897353 0
3078 0 -46507.96730681 0
3079 0 -46605.95759677 0
3080 0 -24232.70322627 0
3081 1 35753.24359428 1
3082 1 28551.54469742 1
3083 0 -35658.05487365 0
3084 0 -54529.88651258 0
3085 1 61416.97635356 1
3086 1 32954.12932458 1
3087 1 41169.73796758 1
3088 1 39632.57389475 1
3089 0 -20079.92004106 0
3090 0 -35272.42299984 0
3091 1 44757.04539804 1
3092 0 -64557.94705246 0
3093 0 -40726.14629048 0
3094 0 -47655.13400613 0
3095 1 51037.56649617 1
3096 0 -14910.16046482 0
3097 0 -58171.46706588 0
3098 0 -37967.34633718 0
3099 1 47946.60937823 1
3100 0 -31241.09067879 0
3101 0 -48192.81354061 0
3102 1 39236.14590095 1
3103 1 35479.02917249 1
3104 1 48823.33033380 1
3105 1 41001.99935045 1
3106 0 -43057.37836538 0
3107 1 38692.22782186 1
3108 0 -38647.97076604 0
3109 0 -26498.61337259 0
3110 0 -39715.58981171 0
3111 0 -43278.01375119 0
3112 0 -34010.84591663 0
3113 0 -54467.24091151 0
3114 0 -43479.62664943 0
3115 0 -31164.33019558 0
3116 0 -39437.96875607 0
3117 0 -24561.25399877 0
3118 1 42685.10200207 1
3119 0 -33591.76453457 0
3120 0 -34828.09596744 0
3121 0 -38404.38616852 0
3122 0 -18200.87930400 0
3123 1 34277.68586782 1
3124 1 30472.84303450 1
3125 0 -47472.61774151 0
3126 1 44084.21234057 1
3127 1 55697.37490050 1
3128 1 39963.06137896 1
3129 1 32767.35322871 1
3130 1 46284.28914088 1
3131 0 -36761.90980359 0
3132 0 -40584.39203087 0
3133 0 -51721.36647268 0
3134 1 43745.16013008 1
3135 1 43442.03365509 1
3136 1 47384.08938709 1
3137 0 -20411.88904752 0
3138 1 37255.55865331 1
3139 1 54748.85656759 1
3140 0 -43924.94242842 0
3141 1 53277.64766092 1
3142 1 49829.38288804 1
3143 0 -43578.21176083 0
3144 0 -30720.53107054 0
3145 0 -36741.38411457 0
3146 1 50728.70767862 1
3147 0 -35940.33258023 0
3148 0 -48661.99970055 0
3149 0 -48389.64850384 0
3150 1 35343.98743489 1
3151 0 -40448.06817639 0
3152 1 36747.12578327 1
3153 0 -61401.42994648 0
3154 1 50403.28705101 1
3155 0 -56399.29870158 0
3156 0 -39031.80431278 0
3157 0 -43973.91452475 0
3158 1 39766.72028564 1
3159 1 41903.46984608 1
3160 1 53177.24291474 1
3161 1 46364.38270796 1
3162 1 43645.10589532 1
3163 1 42312.46801324 1
3164 1 40399.28336325 1
3165 1 24583.50938038 1
3166 0 -43386.62381859 0
3167 0 -52691.81607226 0
3168 0 -44946.57448555 0
3169 1 50428.18917377 1
3170 0 -45030.54576717 0
3171 0 -52629.86990215 0
3172 0 -28040.72014431 0
3173 1 43884.73068659 1
3174 1 41999.14389173 1
3175 1 38037.40731749 1
3176 1 49477.44347070 1
3177 0 -50607.30390832 0
3178 0 -45498.13850993 0
3179 0 -42734.77608541 0
3180 1 41643.70157124 1
3181 1 44863.02237355 1
3182 0 -37122.76981850 0
3183 1 56357.63973846 1
3184 0 -31748.82268067 0
3185 0 -42725.31013793 0
3186 0 -29980.13021569 0
3187 1 28635.64185625 1
3188 1 60500.89834326 1
3189 1 46827.28181762 1
3190 0 -40294.38268380 0
3191 0 -30461.50091815 0
3192 1 33797.98074259 1
3193 0 -29939.55148144 0
3194 1 21808.45633827 1
3195 0 -55856.11833288 0
3196 0 -42030.30379520 0
3197 0 -48246.96947980 0
3198 1 46709.47721285 1
3199 1 46427.48519212 1
