# idx_int bit_int post_llr hard
0 0 -127976.55471462 0
1 0 -92929.05611638 0
2 0 -128863.81081338 0
3 0 -114982.73035665 0
4 1 140617.95708497 1
5 1 105005.36632028 1
6 0 -144110.37731250 0
7 1 105615.46962023 1
8 1 94500.24913876 1
9 1 130715.65308978 1
10 1 115081.71497157 1
11 0 -136308.68276386 0
12 0 -115434.47058573 0
13 1 118688.33669808 1
14 1 108869.37972303 1
15 1 115916.63253472 1
16 0 -134007.50880877 0
17 0 -121530.04100180 0
18 0 -120875.05706499 0
19 0 -111263.50723832 0
20 0 -144757.19912657 0
21 1 119947.36189102 1
22 0 -111150.01427988 0
23 0 -129415.05674736 0
24 0 -107836.25065249 0
25 1 139832.65051135 1
26 1 123353.08852569 1
27 1 129180.07711322 1
28 0 -100047.47635086 0
29 1 115766.99789358 1
30 0 -126011.59325806 0
31 0 -104889.30359658 0
32 0 -144706.43051045 0
33 0 -119522.54198163 0
34 1 136262.65535903 1
35 0 -96455.27801056 0
36 1 98522.91997644 1
37 1 134030.59098014 1
38 1 102787.59215784 1
39 0 -132843.74714137 0
40 1 114924.85958455 1
41 0 -134169.03197845 0
42 1 98295.04198263 1
43 0 -93303.07324919 0
44 1 121888.67360618 1
45 0 -118865.34595048 0
46 1 113265.28685745 1
47 0 -122083.97975893 0
48 0 -137293.26980422 0
49 0 -119739.35077302 0
50 1 100774.76539211 1
51 1 122060.89478720 1
52 0 -94595.93750020 0
53 1 118504.61395981 1
54 1 112134.54280572 1
55 0 -127782.41217517 0
56 1 115387.76057686 1
57 0 -114086.65444765 0
58 0 -135954.02527915 0
59 1 111446.06482809 1
60 1 121352.45932365 1
61 1 140887.83870029 1
62 0 -125412.65076551 0
63 0 -122856.16283246 0
64 0 -114949.76927657 0
65 0 -135445.11149041 0
66 0 -124116.91854792 0
67 1 125752.62531197 1
68 0 -124623.56517491 0
69 0 -134182.35915729 0
70 1 122928.56000261 1
71 0 -108263.67292461 0
72 0 -127890.78566281 0
73 1 104903.25507810 1
74 0 -137832.88876362 0
75 1 134479.22374061 1
76 0 -145486.24861930 0
77 0 -112440.56130872 0
78 0 -117696.44249580 0
79 0 -124977.56292327 0
80 0 -114757.95937092 0
81 1 122331.13013242 1
82 1 134476.17832198 1
83 0 -144096.64535997 0
84 0 -113962.94368545 0
85 1 96149.50459119 1
86 0 -126305.42827835 0
87 1 112632.02434243 1
88 0 -134346.86491366 0
89 0 -108740.14319249 0
90 1 134265.61399234 1
91 1 112342.20996520 1
92 0 -112124.90713673 0
93 0 -114658.98844710 0
94 0 -115381.89760999 0
95 0 -118422.57856704 0
96 1 119933.14267097 1
97 0 -113606.37875422 0
98 0 -129010.62076402 0
99 1 96909.96249177 1
100 1 127214.10093566 1
101 1 115992.48094434 1
102 0 -140059.50856522 0
103 0 -128540.19248622 0
104 0 -138800.53675904 0
105 1 118275.86357297 1
106 1 105041.92328084 1
107 1 118898.69058253 1
108 1 110740.64639985 1
109 0 -131497.50471634 0
110 0 -134133.89179004 0
111 0 -134505.52604781 0
112 1 118295.56790192 1
113 0 -109947.92779702 0
114 1 128473.69504266 1
115 0 -97877.93958549 0
116 1 141203.73148113 1
117 0 -126432.99157889 0
118 1 131039.27449334 1
119 1 108253.33982774 1
120 1 112165.32940607 1
121 1 125900.49718251 1
122 0 -105939.81704092 0
123 0 -106512.51852818 0
124 1 115178.02122069 1
125 0 -121729.42907953 0
126 0 -117701.00579436 0
127 0 -98949.59832048 0
128 0 -116021.42548965 0
129 0 -119363.14000730 0
130 0 -133142.25045339 0
131 1 111030.31528597 1
132 1 132834.74445482 1
133 1 101905.19494995 1
134 0 -103944.85056637 0
135 1 122603.95478636 1
136 0 -100916.95328883 0
137 0 -138418.66354942 0
138 0 -106717.69893005 0
139 1 121047.89714940 1
140 1 94664.52406227 1
141 0 -88741.99324467 0
142 0 -122350.25327153 0
143 0 -106283.61679036 0
144 1 120857.22222464 1
145 1 111238.20666840 1
146 0 -116408.93196290 0
147 1 91501.31784276 1
148 0 -94613.68050714 0
149 0 -131591.88669772 0
150 0 -111666.88447211 0
151 1 134126.22274525 1
152 0 -116350.53212293 0
153 1 128442.18306549 1
154 1 95764.78229462 1
155 1 116954.55180949 1
156 0 -129020.07411446 0
157 1 120418.24912188 1
158 1 120148.38541045 1
159 1 122366.66180034 1
160 1 137193.12408806 1
161 1 111249.11554468 1
162 0 -107956.58210397 0
163 1 134112.71411136 1
164 0 -117083.61902674 0
165 0 -123178.51450415 0
166 1 132081.18839135 1
167 1 133348.75491111 1
168 1 109580.28152660 1
169 1 92720.88820784 1
170 0 -128766.70932112 0
171 1 120454.99679861 1
172 1 123308.31883868 1
173 1 109904.65848036 1
174 1 128706.98499973 1
175 1 123783.58062146 1
176 1 109807.28009457 1
177 1 114059.52634183 1
178 1 126109.06610236 1
179 0 -102467.07077969 0
180 0 -110051.94046000 0
181 0 -144139.96843692 0
182 0 -108387.82686804 0
183 0 -87861.59077721 0
184 0 -128594.87190888 0
185 0 -109180.14229525 0
186 0 -117499.11367750 0
187 0 -115568.17920072 0
188 0 -132528.91695022 0
189 1 106610.71048627 1
190 0 -86110.51843317 0
191 1 132963.04229108 1
192 0 -111105.89448032 0
193 0 -124521.66323176 0
194 1 137110.19038245 1
195 0 -139572.19791372 0
196 0 -87798.74437990 0
197 0 -106049.97849599 0
198 0 -110925.24573615 0
199 0 -114124.29317415 0
200 1 101859.17919846 1
201 1 131119.29239901 1
202 1 138224.68225097 1
203 0 -96355.47513294 0
204 1 119660.44646619 1
205 1 130442.17973980 1
206 0 -100159.61294805 0
207 0 -122607.61229248 0
208 0 -119536.74289260 0
209 1 137725.98701594 1
210 0 -103854.31765981 0
211 1 103812.98313060 1
212 0 -133919.17367335 0
213 0 -115964.50666579 0
214 0 -129850.21123875 0
215 1 118325.88216028 1
216 0 -134331.73510366 0
217 0 -96855.75483207 0
218 0 -96134.11618450 0
219 1 126891.98329517 1
220 1 101183.14534725 1
221 0 -125499.31078478 0
222 0 -137090.21998458 0
223 0 -143057.35320545 0
224 1 90262.79376689 1
225 1 109706.06561095 1
226 1 124484.58063942 1
227 0 -104002.35536333 0
228 0 -118384.23897249 0
229 1 109991.08890481 1
230 1 129158.90042723 1
231 1 92337.05242774 1
232 1 92261.48039673 1
233 1 132154.98875122 1
234 1 94183.11339166 1
235 0 -122097.29955991 0
236 1 122447.19826526 1
237 1 112573.23196601 1
238 0 -121851.65391569 0
239 1 114504.80971241 1
240 1 142722.58586609 1
241 0 -119593.02335791 0
242 1 130842.89256313 1
243 0 -129100.36665025 0
244 1 136431.83188415 1
245 0 -107117.81599352 0
246 0 -119715.47042497 0
247 0 -131747.89304584 0
248 1 113186.83883796 1
249 1 115557.48271114 1
250 1 120965.50438416 1
251 0 -139397.53131282 0
252 0 -108703.14805378 0
253 0 -105366.83579982 0
254 0 -126176.46798367 0
255 1 122060.83794786 1
256 0 -119756.99854603 0
257 0 -116089.37620235 0
258 0 -139110.49259661 0
259 1 116766.90520945 1
260 1 109579.40212276 1
261 0 -111698.86466765 0
262 1 102188.65020197 1
263 1 120538.19575900 1
264 0 -126047.16980266 0
265 1 132160.63486655 1
266 1 122376.89509144 1
267 0 -109909.57192159 0
268 0 -127691.87553549 0
269 1 118520.65487715 1
270 0 -117738.36638873 0
271 1 119553.86026883 1
272 0 -118880.12895883 0
273 1 106175.95259528 1
274 1 88632.98682807 1
275 1 131828.11204784 1
276 0 -112396.31259726 0
277 0 -106038.80041274 0
278 0 -124687.51339211 0
279 0 -135442.05734920 0
280 1 110008.72837997 1
281 0 -98299.30895276 0
282 1 103211.03768973 1
283 0 -102231.82357176 0
284 0 -108342.06585940 0
285 0 -95382.59932247 0
286 1 140184.89407350 1
287 1 106314.16427210 1
288 1 106578.19288308 1
289 0 -123357.31764496 0
290 1 114095.29641003 1
291 1 119784.29813429 1
292 1 107172.71138691 1
293 1 143998.50586403 1
294 1 89961.51226909 1
295 1 115027.65681812 1
296 0 -120388.66491751 0
297 1 108458.71132757 1
298 0 -119768.96184081 0
299 0 -108598.30574379 0
300 0 -138438.38497024 0
301 0 -103368.51879244 0
302 1 98152.15923673 1
303 1 122422.57860551 1
304 1 117920.28989774 1
305 0 -120822.94106940 0
306 0 -114682.93906013 0
307 1 119594.88313577 1
308 1 104767.66675788 1
309 1 103005.73473095 1
310 1 124230.16789277 1
311 1 96372.80750432 1
312 1 106204.49728870 1
313 0 -118439.85915926 0
314 1 134110.79532547 1
315 1 90369.62829922 1
316 0 -98549.62197625 0
317 1 136915.81617615 1
318 0 -105011.90054519 0
319 0 -120676.38207777 0
320 0 -115021.04187609 0
321 0 -135989.28803969 0
322 0 -118011.89965974 0
323 1 102351.16309580 1
324 1 131195.37426238 1
325 1 109858.19164277 1
326 0 -123886.94986384 0
327 0 -111945.15526187 0
328 0 -125508.48528771 0
329 1 107304.01044491 1
330 0 -103877.41584956 0
331 1 135913.32974347 1
332 1 116110.85406523 1
333 0 -135602.77310412 0
334 1 106288.54929850 1
335 0 -139959.92746702 0
336 0 -93457.29248633 0
337 0 -119164.55724496 0
338 1 119223.44194520 1
339 0 -120691.91882663 0
340 0 -102670.74387829 0
341 0 -123572.14966762 0
342 0 -133142.59964291 0
343 1 95592.35697526 1
344 1 99116.70548837 1
345 1 132550.68176953 1
346 0 -101510.43773710 0
347 1 130033.01296306 1
348 1 131765.87979904 1
349 1 132668.27696623 1
350 0 -116724.80161829 0
351 1 105771.76231457 1
352 1 133804.01994955 1
353 1 105221.07551583 1
354 0 -125856.95950065 0
355 1 122190.68302320 1
356 0 -133802.53397895 0
357 1 108696.32449860 1
358 0 -118092.70737956 0
359 1 135481.24925308 1
360 1 115550.42961998 1
361 1 122451.57421859 1
362 0 -119279.95691106 0
363 0 -137796.13928035 0
364 1 114158.03896146 1
365 0 -110584.96588452 0
366 1 133916.15342669 1
367 1 128833.42242461 1
368 0 -129249.81995868 0
369 0 -122516.59387242 0
370 0 -142615.31099393 0
371 0 -107048.44901924 0
372 1 118522.61216404 1
373 0 -130328.93497245 0
374 1 125013.91800720 1
375 0 -117298.66219736 0
376 1 132542.42958549 1
377 1 118611.79705885 1
378 1 117909.70299213 1
379 1 128397.08104197 1
380 1 134226.34203654 1
381 0 -115744.89392407 0
382 0 -132309.27465174 0
383 1 128953.37627504 1
384 1 125433.97570799 1
385 1 120672.57021138 1
386 0 -93997.58082266 0
387 0 -140485.68285470 0
388 0 -129139.26263361 0
389 0 -118879.27965749 0
390 0 -128375.53570115 0
391 1 133918.09503931 1
392 1 111900.43845581 1
393 1 110383.94004236 1
394 1 139264.52662064 1
395 1 114092.24770664 1
396 0 -131368.72885506 0
397 0 -125940.55797694 0
398 0 -148683.12754140 0
399 1 105998.91640479 1
400 0 -115690.01633968 0
401 1 134183.33663627 1
402 1 106490.54278311 1
403 0 -109058.40371011 0
404 1 122926.61245498 1
405 1 143723.60272848 1
406 0 -101074.73233609 0
407 0 -98929.85235236 0
408 0 -115150.28028835 0
409 1 121915.00880441 1
410 1 112248.01454762 1
411 0 -130628.79661536 0
412 0 -119209.29605806 0
413 1 116393.28158334 1
414 1 107011.41358574 1
415 0 -131867.27785774 0
416 1 96397.04461563 1
417 1 120853.15052194 1
418 0 -121286.05559050 0
419 1 130106.49878675 1
420 1 101443.63382890 1
421 1 114647.02606397 1
422 1 111889.61362886 1
423 0 -129802.97817488 0
424 1 96405.25549049 1
425 1 130728.95154906 1
426 0 -142442.46635259 0
427 1 122241.34615669 1
428 0 -111617.82530702 0
429 0 -134668.80615195 0
430 0 -113175.23282386 0
431 1 111178.09033375 1
432 0 -116737.68520587 0
433 1 133210.79178287 1
434 1 97401.73879487 1
435 1 122103.51594403 1
436 0 -136540.29855649 0
437 0 -111626.20550998 0
438 1 123648.11643400 1
439 0 -126378.19217057 0
440 0 -143945.13442840 0
441 1 105546.14231832 1
442 1 109705.27062089 1
443 0 -129637.85191893 0
444 1 117969.45087283 1
445 0 -109813.98948320 0
446 1 126606.75422004 1
447 0 -129487.79113802 0
448 0 -112103.68344722 0
449 1 100458.90483857 1
450 0 -140328.18727077 0
451 1 122236.90457387 1
452 1 128116.66208844 1
453 1 119747.92868443 1
454 1 130337.42440882 1
455 0 -123885.03659786 0
456 0 -118318.78724434 0
457 1 123700.98336452 1
458 0 -104083.95892717 0
459 0 -91889.38353432 0
460 0 -133348.25881770 0
461 0 -129165.11913692 0
462 1 114438.01217617 1
463 0 -107913.74491497 0
464 1 119471.63537166 1
465 0 -108273.39718915 0
466 0 -125643.37578663 0
467 0 -120913.84850123 0
468 1 124364.32385231 1
469 0 -121413.41435792 0
470 0 -117254.45139279 0
471 1 143820.78180109 1
472 0 -106489.63873916 0
473 0 -118353.02955127 0
474 1 132004.14453042 1
475 0 -137041.56475286 0
476 0 -119934.02198855 0
477 0 -121577.30615389 0
478 0 -127335.23985160 0
479 1 111231.33290874 1
480 1 133421.39649998 1
481 0 -117073.84578085 0
482 1 132656.89821622 1
483 1 115317.25120179 1
484 0 -108438.19995196 0
485 0 -132550.27449715 0
486 1 117881.75563054 1
487 1 130127.30623381 1
488 0 -118353.34060166 0
489 0 -141801.99139139 0
490 0 -102247.92631552 0
491 1 112356.64781836 1
492 0 -119726.15188145 0
493 1 115489.77002613 1
494 0 -128037.29425339 0
495 0 -124776.21604827 0
496 1 143596.40860627 1
497 1 121574.27835933 1
498 1 109378.87509454 1
499 1 133357.30959067 1
500 0 -114927.94544099 0
501 0 -133252.89636580 0
502 1 123045.90462852 1
503 0 -130435.82853026 0
504 1 101217.49462001 1
505 1 110604.45089690 1
506 0 -124338.83023211 0
507 0 -117834.39158073 0
508 1 135862.38325686 1
509 1 125824.69728806 1
510 1 129162.80251840 1
511 0 -91276.95724817 0
512 1 104411.29130750 1
513 1 129984.66531491 1
514 1 104279.14930999 1
515 1 104143.46957900 1
516 1 121766.37292185 1
517 0 -140592.72349964 0
518 1 113292.61562724 1
519 1 111550.91346155 1
520 0 -121658.15988742 0
521 0 -121560.59012093 0
522 0 -128409.96782829 0
523 0 -123519.81287903 0
524 0 -131341.07254343 0
525 0 -107795.74041330 0
526 0 -121053.41079745 0
527 1 137980.88622534 1
528 0 -111236.26089070 0
529 1 123847.01215657 1
530 1 127565.54213934 1
531 1 140753.60196378 1
532 0 -116529.02835238 0
533 0 -101128.29600218 0
534 0 -143198.52792235 0
535 0 -112986.21306477 0
536 0 -124630.63044696 0
537 0 -108850.34063929 0
538 0 -142205.24063403 0
539 1 113380.14207665 1
540 1 115319.96165331 1
541 0 -112986.68432057 0
542 0 -118710.52679350 0
543 1 120731.21617753 1
544 1 118894.46293592 1
545 0 -129212.27470654 0
546 0 -125247.99353430 0
547 0 -115784.30515970 0
548 0 -131873.61523917 0
549 0 -98489.81878750 0
550 0 -138292.46916182 0
551 0 -126947.65583567 0
552 0 -149491.31117910 0
553 1 93557.99858259 1
554 0 -118861.80936816 0
555 1 119586.38526024 1
556 1 104673.15102959 1
557 1 133449.11241727 1
558 1 127849.02996333 1
559 0 -125133.08304547 0
560 1 116544.25875792 1
561 1 109439.85041500 1
562 0 -129627.40306993 0
563 0 -122422.86469603 0
564 0 -122666.24584013 0
565 1 132840.08435346 1
566 0 -136502.38748275 0
567 0 -113788.35900002 0
568 0 -103288.27784425 0
569 0 -123047.55211122 0
570 0 -122873.48401018 0
571 1 126009.16999478 1
572 1 135489.67264545 1
573 1 132705.44798168 1
574 1 118252.22602508 1
575 1 97348.74519126 1
576 1 140186.04574401 1
577 0 -125410.68897411 0
578 0 -132629.10448293 0
579 1 111627.78473770 1
580 1 140041.70900245 1
581 1 103089.24097378 1
582 1 95831.28711945 1
583 0 -114573.21880082 0
584 1 118215.18119769 1
585 1 111443.40119443 1
586 0 -139165.81945192 0
587 0 -130532.64635158 0
588 1 112570.49094881 1
589 1 109232.51341981 1
590 0 -114508.82482631 0
591 1 109691.92639611 1
592 1 122230.41691445 1
593 0 -127069.72335354 0
594 1 118691.79022430 1
595 1 96633.97207808 1
596 0 -108949.32009662 0
597 0 -133078.53753390 0
598 1 107613.12572162 1
599 0 -116079.48183058 0
600 1 119677.46493570 1
601 1 122784.96272799 1
602 0 -111564.48993607 0
603 1 119310.75384156 1
604 0 -129057.24963847 0
605 0 -106836.04288374 0
606 0 -130640.87621934 0
607 1 110201.93984614 1
608 0 -130923.72640784 0
609 0 -125972.50512420 0
610 0 -117413.74422276 0
611 1 137203.88853697 1
612 1 112481.81789720 1
613 0 -122661.64078710 0
614 1 123264.90788408 1
615 0 -142274.04631706 0
616 0 -114032.17600246 0
617 1 127231.40568998 1
618 0 -112401.27500250 0
619 1 110288.40607855 1
620 0 -128923.37165736 0
621 1 121719.38129059 1
622 0 -155429.32630223 0
623 1 94612.89104952 1
624 0 -125066.44241990 0
625 0 -146172.53472706 0
626 0 -120676.43686029 0
627 1 125411.71816775 1
628 1 120596.50114738 1
629 1 122934.47994602 1
630 1 117362.63056935 1
631 0 -122033.65872901 0
632 0 -146656.17213237 0
633 1 102891.98880185 1
634 1 136680.66451130 1
635 0 -134711.20300932 0
636 0 -145607.44619131 0
637 0 -99123.80929131 0
638 0 -120721.53253991 0
639 0 -139150.26485705 0
640 0 -106172.74940556 0
641 0 -131997.41871638 0
642 0 -130810.56629305 0
643 0 -114471.24048510 0
644 1 118316.13875400 1
645 0 -121089.79325145 0
646 0 -119859.18996694 0
647 1 107717.71986268 1
648 0 -119747.92714870 0
649 0 -130046.78474392 0
650 1 123762.75112340 1
651 1 112902.92426624 1
652 0 -122736.58876848 0
653 1 142287.72903941 1
654 0 -115189.50368011 0
655 1 131339.98805788 1
656 0 -111508.73639072 0
657 1 144809.54169146 1
658 1 106446.42644410 1
659 1 118067.85030006 1
660 0 -117371.97178470 0
661 0 -128786.73576301 0
662 1 141531.66100982 1
663 0 -119322.25684637 0
664 1 142522.62248058 1
665 1 122638.23499221 1
666 0 -102830.64887680 0
667 0 -124731.66574456 0
668 1 115606.40953339 1
669 0 -113251.13415148 0
670 0 -120719.48649262 0
671 1 126400.93851297 1
672 0 -115646.32371018 0
673 1 125564.46414765 1
674 0 -136960.95414349 0
675 0 -93688.59065283 0
676 0 -124658.02097316 0
677 1 104444.76654959 1
678 0 -118758.29467689 0
679 0 -84794.91315310 0
680 1 103305.82194264 1
681 0 -136028.05837341 0
682 1 90726.38625350 1
683 0 -121123.59108052 0
684 0 -109398.97384127 0
685 0 -128326.94168920 0
686 0 -103935.85009970 0
687 1 95800.97825966 1
688 0 -126827.62771536 0
689 0 -91072.25074770 0
690 1 125418.00978024 1
691 0 -111712.23938150 0
692 0 -110630.68872206 0
693 0 -121993.95657883 0
694 1 97457.56650523 1
695 0 -134963.62518015 0
696 0 -122067.10590296 0
697 1 110367.03239167 1
698 0 -110427.40956650 0
699 1 128689.34245791 1
700 1 103982.23786487 1
701 1 104044.08295994 1
702 1 130242.74041352 1
703 0 -109135.39246363 0
704 1 121236.25111113 1
705 1 125736.99522107 1
706 0 -122263.48132721 0
707 1 119379.85597037 1
708 0 -118023.11362002 0
709 1 133071.52827161 1
710 0 -100978.08904779 0
711 1 123404.11675127 1
712 0 -136629.93727463 0
713 0 -129531.13931122 0
714 0 -118996.16170978 0
715 1 105027.44926335 1
716 1 131324.25554111 1
717 0 -112680.88428850 0
718 1 124398.49379739 1
719 0 -129585.69571653 0
720 1 125708.33203197 1
721 1 108175.35325621 1
722 0 -113667.60453175 0
723 0 -131480.24790750 0
724 1 122051.23479048 1
725 0 -119169.23064670 0
726 0 -136821.41008108 0
727 1 141156.52159836 1
728 1 121391.58023603 1
729 1 106677.63168899 1
730 0 -125001.38652412 0
731 1 120051.85482614 1
732 1 114920.38645272 1
733 0 -122297.28504022 0
734 1 115778.70621753 1
735 1 112030.94999758 1
736 0 -120788.28633856 0
737 0 -140194.65517244 0
738 1 124950.83178331 1
739 0 -129421.26590046 0
740 1 129649.35359132 1
741 1 115541.86117678 1
742 0 -92419.04127669 0
743 1 104980.68838520 1
744 1 125708.49619645 1
745 0 -105677.44757354 0
746 1 130377.90605823 1
747 0 -128707.18011536 0
748 0 -141048.01226972 0
749 1 109513.19889128 1
750 0 -102090.86191504 0
751 1 130592.57296055 1
752 1 104145.58230032 1
753 0 -130359.14975941 0
754 1 112262.70955353 1
755 1 142257.37973696 1
756 1 122551.25685162 1
757 1 127500.65235633 1
758 0 -136841.36176531 0
759 0 -116688.33138978 0
760 0 -133110.29826895 0
761 0 -138898.65607272 0
762 0 -125335.65898765 0
763 1 108569.86654964 1
764 1 113492.04936860 1
765 1 129248.63229879 1
766 0 -109854.12530841 0
767 1 107314.66626583 1
768 0 -120283.65220241 0
769 1 137625.89575780 1
770 1 109563.28766699 1
771 1 96073.35353177 1
772 0 -132834.06571892 0
773 0 -95536.99401506 0
774 0 -129041.25056581 0
775 0 -117276.18638292 0
776 0 -120602.98647910 0
777 0 -113545.12442032 0
778 0 -84119.85013673 0
779 0 -129567.85595503 0
780 0 -107123.66381712 0
781 0 -123301.53254533 0
782 1 134432.80541420 1
783 0 -130509.30643807 0
784 0 -118110.63623775 0
785 0 -113959.19118479 0
786 1 118984.55336378 1
787 1 124733.20425106 1
788 0 -131728.95258233 0
789 0 -131192.62592617 0
790 1 111329.32747719 1
791 0 -114425.08695715 0
792 1 110291.65628561 1
793 0 -141938.84448922 0
794 0 -120583.38271591 0
795 0 -127217.54781414 0
796 0 -110464.27402181 0
797 0 -136144.06501897 0
798 1 117497.43440016 1
799 0 -114955.44073515 0
800 0 -113751.84832527 0
801 1 115706.19172797 1
802 0 -132604.07767920 0
803 1 127342.57476113 1
804 1 122376.64183261 1
805 0 -108285.66530733 0
806 0 -119929.51318631 0
807 0 -139164.13482234 0
808 1 117090.08763478 1
809 0 -122441.58357556 0
810 0 -126189.17626195 0
811 0 -111936.67831792 0
812 1 123799.05416829 1
813 1 116227.45150308 1
814 1 138969.38509423 1
815 1 104357.75353735 1
816 0 -130713.79674463 0
817 0 -125147.40361304 0
818 1 135924.08097144 1
819 1 107886.71774620 1
820 1 117640.72282802 1
821 1 128076.19596103 1
822 1 116436.61378515 1
823 0 -133759.06518957 0
824 0 -135737.02784753 0
825 1 135482.35219812 1
826 0 -116955.48670365 0
827 1 115811.51965876 1
828 1 123962.58510773 1
829 1 94787.79936024 1
830 1 127169.07333149 1
831 1 101834.80950768 1
832 0 -146052.75649593 0
833 0 -113949.17590620 0
834 0 -115787.99654278 0
835 0 -110566.94022970 0
836 1 110432.46088434 1
837 1 128390.90855101 1
838 1 121240.48024336 1
839 1 142324.20913370 1
840 0 -110112.11902171 0
841 1 118362.71722062 1
842 0 -112790.41237029 0
843 0 -114811.44485638 0
844 1 135888.45963642 1
845 1 130395.02447965 1
846 1 134810.56863628 1
847 0 -112080.37612788 0
848 0 -118361.59831375 0
849 1 127610.39716839 1
850 1 115870.74711815 1
851 1 132018.54248976 1
852 0 -135703.79336877 0
853 0 -137181.82395751 0
854 0 -119779.61589504 0
855 1 111999.14717420 1
856 1 136714.37173283 1
857 1 111845.00091376 1
858 1 138692.79359758 1
859 1 121496.19260403 1
860 0 -138197.61763763 0
861 0 -112186.58613363 0
862 0 -116772.41272990 0
863 1 113840.45983100 1
864 1 94794.91307598 1
865 0 -148014.79091538 0
866 0 -116075.17534485 0
867 0 -130104.34521000 0
868 0 -109299.95582337 0
869 1 106535.96063593 1
870 1 114365.25896336 1
871 0 -108952.40002412 0
872 0 -131567.01260233 0
873 0 -108187.51252376 0
874 1 133997.76759863 1
875 1 121821.02122447 1
876 1 109394.15358737 1
877 1 122729.77322510 1
878 1 114551.49238797 1
879 0 -128605.53142837 0
880 1 112273.19625007 1
881 0 -133069.61302638 0
882 0 -98725.99820850 0
883 0 -117366.52773878 0
884 0 -107632.23292282 0
885 1 114156.48803533 1
886 0 -131340.88168503 0
887 1 122367.86599317 1
888 0 -135030.32051761 0
889 1 115843.78262223 1
890 0 -113195.34086424 0
891 0 -132031.32663577 0
892 1 106852.67443259 1
893 1 133946.95852791 1
894 1 115701.20821888 1
895 0 -145620.36564459 0
896 1 113876.17938632 1
897 0 -93726.60909873 0
898 0 -129208.93609652 0
899 1 118818.32375800 1
900 1 138338.77284569 1
901 0 -114568.40102179 0
902 0 -134341.28973362 0
903 0 -110470.33228019 0
904 0 -95821.77982006 0
905 0 -115845.16793099 0
906 0 -114783.39682805 0
907 0 -110613.85450906 0
908 0 -121162.40507193 0
909 0 -118442.61185962 0
910 0 -116482.73958825 0
911 1 112251.68449491 1
912 1 123981.43290932 1
913 1 129011.33879292 1
914 1 132837.49912287 1
915 1 127484.12266226 1
916 1 139494.56380484 1
917 0 -109608.72002391 0
918 1 99230.46404454 1
919 0 -113276.80019149 0
920 0 -122892.43119734 0
921 1 126657.42019377 1
922 0 -100701.21961368 0
923 0 -154123.86121950 0
924 1 120098.43450138 1
925 1 121443.42171270 1
926 1 135457.35194528 1
927 0 -102755.38783745 0
928 1 104296.46532249 1
929 1 122949.13322909 1
930 1 128856.28725848 1
931 1 116072.95968672 1
932 0 -98527.22040262 0
933 0 -124740.96334552 0
934 1 115199.99092523 1
935 1 125161.25192083 1
936 0 -129856.95630174 0
937 0 -143065.71486880 0
938 0 -104076.48769445 0
939 0 -111112.97239204 0
940 0 -127457.43680894 0
941 0 -122870.26652028 0
942 1 131274.05590869 1
943 1 117767.42951016 1
944 1 131677.14224332 1
945 0 -110739.72116482 0
946 0 -97108.75249714 0
947 1 130270.14035457 1
948 1 102822.74467237 1
949 0 -143708.77034285 0
950 1 121242.89672738 1
951 0 -132884.33930884 0
952 0 -106844.74944320 0
953 1 118980.57522358 1
954 1 110115.92040527 1
955 1 122350.39411939 1
956 0 -125763.75617398 0
957 0 -131578.91700554 0
958 1 130421.04050165 1
959 1 121121.67017819 1
960 1 100119.07848072 1
961 0 -138430.92810989 0
962 1 116023.27801508 1
963 0 -133966.92468289 0
964 1 118778.27149481 1
965 1 146471.22273539 1
966 0 -106985.68000651 0
967 1 113269.99416774 1
968 0 -140566.26188569 0
969 1 126053.96961558 1
970 1 129030.59159546 1
971 0 -106633.95282528 0
972 1 125321.55473194 1
973 0 -125591.01479205 0
974 0 -106847.31616575 0
975 0 -132937.13017627 0
976 1 108175.58465780 1
977 0 -132796.68703558 0
978 0 -125375.03062346 0
979 1 142046.77887532 1
980 0 -130830.19333668 0
981 0 -124518.97624960 0
982 1 130665.35883405 1
983 1 117482.42130112 1
984 1 136753.37455164 1
985 1 129289.18582424 1
986 1 144785.14487859 1
987 0 -122643.81151234 0
988 0 -97592.81508197 0
989 1 129090.40519322 1
990 1 127885.24648763 1
991 1 133561.31342551 1
992 0 -136581.86764767 0
993 1 128497.05573050 1
994 0 -131980.27474545 0
995 0 -102534.17717214 0
996 1 134708.61300632 1
997 0 -109962.54284395 0
998 0 -142582.41162822 0
999 1 136099.07655065 1
1000 1 138573.50429815 1
1001 0 -102059.14010226 0
1002 0 -111188.09090903 0
1003 0 -126939.33869793 0
1004 1 122127.71953942 1
1005 1 124215.92868749 1
1006 0 -128404.89070481 0
1007 0 -136223.47292978 0
1008 0 -114405.70588108 0
1009 1 107601.54828103 1
1010 1 130438.70905261 1
1011 0 -113599.89986775 0
1012 0 -136234.67654415 0
1013 0 -107546.70917779 0
1014 0 -150835.18595560 0
1015 1 104652.57622454 1
1016 0 -117474.54051594 0
1017 1 137971.83390086 1
1018 0 -116667.27845904 0
1019 1 143170.38102677 1
1020 0 -123187.90839001 0
1021 0 -135852.79609008 0
1022 0 -119724.50100934 0
1023 1 118559.94251555 1
1024 1 139700.96840931 1
1025 1 124755.57740013 1
1026 1 134652.77109396 1
1027 1 114018.62372889 1
1028 1 133180.97146278 1
1029 1 115823.68271572 1
1030 0 -128004.51813589 0
1031 0 -133963.57707930 0
1032 0 -116864.24521476 0
1033 1 127141.28304073 1
1034 0 -121631.61444450 0
1035 1 127754.46298117 1
1036 0 -133050.66514277 0
1037 1 124829.62216508 1
1038 1 124623.06340616 1
1039 0 -103691.54071666 0
1040 1 142156.56106677 1
1041 0 -109130.96741978 0
1042 1 126956.63061817 1
1043 0 -106517.46556287 0
1044 1 109518.16759860 1
1045 0 -109767.81927477 0
1046 1 96551.70710271 1
1047 0 -109673.26778877 0
1048 0 -117402.37883807 0
1049 0 -137256.40717430 0
1050 1 103967.77679634 1
1051 1 110554.38686894 1
1052 0 -111988.81993467 0
1053 1 116388.93719321 1
1054 1 128988.15789371 1
1055 0 -123457.89638497 0
1056 1 122606.84274428 1
1057 0 -122571.65625743 0
1058 0 -76766.31393416 0
1059 0 -127855.65409400 0
1060 0 -99530.19213877 0
1061 1 130041.51706696 1
1062 0 -121267.84608501 0
1063 1 133661.91214907 1
1064 1 107337.50655048 1
1065 0 -96744.22153573 0
1066 0 -128763.59792867 0
1067 1 113721.90545224 1
1068 1 121820.81947040 1
1069 0 -129854.71235922 0
1070 1 133394.57282239 1
1071 0 -129669.89644472 0
1072 1 120620.14378759 1
1073 1 132263.74436464 1
1074 0 -126044.37153691 0
1075 0 -139755.63946031 0
1076 1 121288.34279710 1
1077 0 -146556.91322245 0
1078 0 -120536.68214841 0
1079 1 110895.16377347 1
1080 1 136735.76901553 1
1081 0 -116816.94206622 0
1082 0 -144162.42967224 0
1083 1 111648.69861934 1
1084 1 141103.22312912 1
1085 1 97167.35008330 1
1086 0 -105708.37899168 0
1087 0 -130824.91982028 0
1088 0 -115705.27897140 0
1089 1 113559.00145078 1
1090 0 -129244.85938368 0
1091 1 143252.25024513 1
1092 1 106626.38050461 1
1093 1 107262.25657247 1
1094 0 -134188.39563786 0
1095 0 -119013.27913583 0
1096 0 -117613.75203344 0
1097 1 122220.81725019 1
1098 0 -132551.96552042 0
1099 1 110455.92494318 1
1100 1 92877.41741722 1
1101 0 -131994.25430999 0
1102 0 -115984.42806814 0
1103 0 -116008.92130065 0
1104 0 -123800.78289192 0
1105 0 -130501.59376580 0
1106 1 105396.71684621 1
1107 1 99070.60744600 1
1108 0 -128436.80958267 0
1109 1 112495.99432964 1
1110 0 -128734.91963010 0
1111 0 -118604.82372648 0
1112 1 128134.82720228 1
1113 0 -110201.21432067 0
1114 0 -122506.90036845 0
1115 1 136566.56184886 1
1116 0 -104079.20500006 0
1117 0 -135539.02491339 0
1118 0 -114956.93723467 0
1119 1 140055.52994332 1
1120 0 -102767.01367180 0
1121 0 -118567.83352758 0
1122 1 142765.26887254 1
1123 1 103466.14336951 1
1124 1 145703.65795416 1
1125 1 129164.62979329 1
1126 1 120618.18165695 1
1127 1 98797.24799314 1
1128 0 -109090.25029595 0
1129 1 115792.61578463 1
1130 0 -116900.71797919 0
1131 1 114392.90597507 1
1132 0 -136365.49679039 0
1133 1 127541.96163524 1
1134 0 -123388.50800239 0
1135 0 -109914.91677040 0
1136 1 127293.33989189 1
1137 1 96768.64390114 1
1138 0 -117957.05679547 0
1139 0 -121141.54487812 0
1140 0 -126436.30572761 0
1141 0 -116359.14530399 0
1142 0 -100465.86319797 0
1143 1 134285.92746233 1
1144 0 -112128.67461911 0
1145 1 134434.74982842 1
1146 1 126389.87622028 1
1147 1 133462.42914151 1
1148 1 100185.91387566 1
1149 0 -91408.01697881 0
1150 1 122857.46677450 1
1151 1 115250.04155874 1
1152 1 106983.02672693 1
1153 0 -131630.79777687 0
1154 1 136843.03547147 1
1155 0 -117649.49429995 0
1156 1 109881.95528883 1
1157 1 112217.14532318 1
1158 0 -120509.93895012 0
1159 1 131645.61969178 1
1160 1 129376.93577942 1
1161 1 133442.39783530 1
1162 0 -112445.55308730 0
1163 1 105818.55697999 1
1164 1 132862.77405703 1
1165 0 -94782.02994231 0
1166 1 130856.22284966 1
1167 0 -132686.01542660 0
1168 1 138944.30358316 1
1169 1 95179.63485595 1
1170 1 114000.10959855 1
1171 0 -134833.62586645 0
1172 0 -118423.22413681 0
1173 0 -115725.39300576 0
1174 1 127196.87019882 1
1175 1 150166.01076322 1
1176 1 117458.53216182 1
1177 0 -108611.93440178 0
1178 0 -137561.80459179 0
1179 0 -113794.87201353 0
1180 0 -138270.58869715 0
1181 0 -111814.22240454 0
1182 0 -131805.71102269 0
1183 1 111766.71504543 1
1184 0 -109115.45637323 0
1185 0 -103893.51394161 0
1186 0 -122113.59974791 0
1187 1 132313.85015013 1
1188 1 129280.48739064 1
1189 0 -134552.08538689 0
1190 1 116049.28580413 1
1191 0 -107904.74403589 0
1192 1 119031.08103412 1
1193 1 100158.66560284 1
1194 1 100340.97986325 1
1195 0 -141228.24747772 0
1196 1 125356.68813460 1
1197 0 -119236.38517120 0
1198 1 114494.82687031 1
1199 0 -133652.23796986 0
1200 0 -108064.75072363 0
1201 0 -107379.45641173 0
1202 1 92878.32900389 1
1203 0 -136570.45673820 0
1204 1 93399.68585070 1
1205 0 -106411.46328687 0
1206 0 -118317.16526389 0
1207 0 -104437.97595791 0
1208 0 -130425.05144681 0
1209 0 -121179.37142857 0
1210 1 135711.26095285 1
1211 1 122665.03029699 1
1212 0 -91830.92402895 0
1213 1 126523.15294966 1
1214 0 -92686.00183358 0
1215 0 -127799.47169662 0
1216 0 -126688.25962892 0
1217 1 143603.34929135 1
1218 1 111045.82780024 1
1219 1 105737.25719979 1
1220 1 126262.94514027 1
1221 0 -117508.63090766 0
1222 1 118572.91615706 1
1223 0 -127491.54715322 0
1224 1 136787.49714492 1
1225 0 -111294.14622877 0
1226 1 113051.92684939 1
1227 0 -116827.50164372 0
1228 0 -115095.74653341 0
1229 0 -133561.67487804 0
1230 1 112133.49653622 1
1231 0 -123004.69683945 0
1232 0 -110570.47678806 0
1233 1 109748.70901981 1
1234 1 123226.67171000 1
1235 1 105429.38581644 1
1236 0 -126859.53731614 0
1237 1 129235.11969082 1
1238 0 -125405.06066950 0
1239 0 -101876.96810062 0
1240 1 111897.87767528 1
1241 0 -127273.58618014 0
1242 0 -114891.00320767 0
1243 0 -106854.97578842 0
1244 1 136743.66426231 1
1245 1 127685.66139546 1
1246 0 -93983.07253126 0
1247 1 119565.97320578 1
1248 0 -107058.08352538 0
1249 1 112827.01441090 1
1250 1 117566.08487130 1
1251 1 132802.96796319 1
1252 0 -140590.14001370 0
1253 1 130700.67429628 1
1254 1 114990.34930579 1
1255 1 140559.93729329 1
1256 1 90745.74283504 1
1257 1 125394.37337213 1
1258 1 131146.60288313 1
1259 0 -140558.95294696 0
1260 0 -105157.24500751 0
1261 0 -97579.47380741 0
1262 0 -130193.47802009 0
1263 1 116977.23203161 1
1264 0 -136541.92883060 0
1265 1 112840.33208984 1
1266 0 -134636.48659141 0
1267 0 -117191.97335360 0
1268 1 122239.92025636 1
1269 1 127559.52841325 1
1270 1 110012.29777566 1
1271 0 -114881.36097440 0
1272 0 -133638.84806607 0
1273 1 119542.97602403 1
1274 1 126041.86235171 1
1275 1 95882.08081653 1
1276 0 -129027.50155100 0
1277 0 -90224.54015013 0
1278 1 138747.45808270 1
1279 1 133126.38434398 1
1280 0 -134001.96144020 0
1281 0 -94715.07628273 0
1282 1 112076.31698713 1
1283 0 -137495.28881560 0
1284 1 108677.34507866 1
1285 1 124343.10097698 1
1286 1 121701.27959962 1
1287 1 143503.44635224 1
1288 0 -109971.06075285 0
1289 0 -99210.85998566 0
1290 0 -134939.51063278 0
1291 0 -95541.71849399 0
1292 1 137713.70912819 1
1293 1 119678.54760330 1
1294 0 -141364.44533490 0
1295 1 97967.26860886 1
1296 1 100435.97717412 1
1297 0 -128699.37160573 0
1298 0 -126548.25429588 0
1299 0 -143199.41516807 0
1300 1 111051.30136093 1
1301 1 132210.00717188 1
1302 1 110723.09069398 1
1303 1 115182.12884756 1
1304 0 -135535.12066251 0
1305 1 122190.18790941 1
1306 0 -133947.80464375 0
1307 0 -130082.80900860 0
1308 1 129732.45686637 1
1309 0 -119611.95369367 0
1310 0 -108957.02556537 0
1311 1 132943.27931447 1
1312 0 -103208.68766250 0
1313 0 -127176.57123987 0
1314 1 116529.31142183 1
1315 1 115058.87978051 1
1316 0 -112083.30186339 0
1317 0 -116225.52228887 0
1318 1 135093.65601414 1
1319 1 96385.82035304 1
1320 1 118977.65024883 1
1321 1 132653.05271331 1
1322 1 120027.40834288 1
1323 1 107370.73789656 1
1324 1 94782.02994231 1
1325 1 136617.63968240 1
1326 1 109497.69085917 1
1327 1 128058.29715700 1
1328 0 -108590.46846984 0
1329 1 132217.51920150 1
1330 1 99094.58956685 1
1331 0 -115101.17128478 0
1332 1 137225.68445363 1
1333 1 95280.13483291 1
1334 1 107638.54623495 1
1335 1 127708.56563387 1
1336 0 -126337.54890921 0
1337 1 105467.90768784 1
1338 1 108079.17693603 1
1339 0 -128947.33773455 0
1340 1 112634.99339348 1
1341 0 -132613.65787546 0
1342 1 113059.67779212 1
1343 0 -147794.40556000 0
1344 0 -103104.29010846 0
1345 1 104402.21978075 1
1346 1 125223.12656333 1
1347 0 -109706.65902661 0
1348 1 128279.10139025 1
1349 1 119199.60041463 1
1350 0 -144584.00904945 0
1351 0 -122605.53710038 0
1352 0 -116907.30070836 0
1353 1 130155.66041437 1
1354 0 -108900.47054941 0
1355 0 -140992.91122916 0
1356 1 131787.23435935 1
1357 0 -127758.50054783 0
1358 1 118083.83092369 1
1359 1 99228.45843676 1
1360 0 -138889.09181401 0
1361 0 -84119.85013673 0
1362 1 120857.44201233 1
1363 0 -131252.35638940 0
1364 1 122989.06984427 1
1365 0 -111247.17155191 0
1366 0 -115991.99913250 0
1367 1 106776.28918601 1
1368 1 111494.68344494 1
1369 0 -118797.81881373 0
1370 1 129813.85020020 1
1371 1 135203.84742948 1
1372 1 104542.30860153 1
1373 0 -113724.30217543 0
1374 1 128106.35210578 1
1375 0 -108257.53672079 0
1376 0 -137085.68497739 0
1377 1 129959.67849406 1
1378 1 115690.07179870 1
1379 1 108639.99190604 1
1380 0 -123434.13733711 0
1381 1 142259.37671763 1
1382 1 116345.70072358 1
1383 1 138544.79179347 1
1384 0 -124534.30692549 0
1385 1 130290.20092924 1
1386 0 -126671.04764854 0
1387 0 -104760.74843590 0
1388 1 122770.65068902 1
1389 0 -114927.69347135 0
1390 1 135480.29813238 1
1391 0 -131874.55466840 0
1392 0 -122883.47432361 0
1393 1 127857.94400394 1
1394 0 -99354.16076954 0
1395 1 131748.13199423 1
1396 1 106589.40117813 1
1397 1 135512.09487559 1
1398 0 -107918.05874792 0
1399 1 130513.80424668 1
1400 1 114537.06786156 1
1401 1 112195.35777331 1
1402 0 -130245.14982601 0
1403 0 -110551.53245248 0
1404 1 126775.58997477 1
1405 1 124295.35921602 1
1406 1 134383.26768173 1
1407 1 109505.60283508 1
1408 1 114584.94918413 1
1409 1 143286.20980609 1
1410 0 -108479.53378308 0
1411 0 -129215.28198974 0
1412 1 120773.94996367 1
1413 0 -125896.86511938 0
1414 1 107685.73231537 1
1415 1 93385.61694737 1
1416 1 116830.60480798 1
1417 0 -115770.88480636 0
1418 1 112794.47478413 1
1419 0 -124481.88885273 0
1420 0 -123163.53882060 0
1421 0 -116570.59887196 0
1422 1 84794.91315310 1
1423 1 125257.32130608 1
1424 1 106064.75894792 1
1425 0 -130676.52267904 0
1426 0 -112902.17727435 0
1427 0 -138818.19961239 0
1428 1 124145.75101278 1
1429 1 118839.09857775 1
1430 0 -128702.91463873 0
1431 1 103544.94598222 1
1432 0 -129690.29826093 0
1433 0 -125774.61551479 0
1434 1 128507.86017700 1
1435 1 115578.86015930 1
1436 1 100849.96677639 1
1437 0 -124396.17462896 0
1438 0 -115946.29921191 0
1439 1 129165.77592238 1
1440 0 -140656.69425832 0
1441 1 131422.91031126 1
1442 0 -108718.41900462 0
1443 1 119639.74982091 1
1444 1 128644.34641456 1
1445 0 88744.89294039 1
1446 0 -133254.34110914 0
1447 1 133268.12423619 1
1448 1 139567.53037548 1
1449 1 114080.04785610 1
1450 0 -115925.55444867 0
1451 0 -131834.06894620 0
1452 0 -118202.28392233 0
1453 1 131103.48474784 1
1454 0 -138957.69436176 0
1455 0 -144442.88628979 0
1456 1 118131.05459755 1
1457 0 -104035.14301709 0
1458 1 146610.47215918 1
1459 1 111989.90380524 1
1460 0 -132745.00583313 0
1461 0 -118937.02284456 0
1462 0 -140620.44980350 0
1463 1 118696.11971424 1
1464 1 116451.21229117 1
1465 1 131044.11956501 1
1466 1 127575.51786749 1
1467 0 -129557.70240691 0
1468 0 -136967.27779514 0
1469 0 -132777.19576402 0
1470 0 -95536.99401506 0
1471 1 110044.75683659 1
1472 0 -143543.33035589 0
1473 1 92407.80969199 1
1474 0 -135996.67788840 0
1475 0 -110814.03177775 0
1476 1 137882.74497399 1
1477 0 -131387.00408721 0
1478 1 119354.80232101 1
1479 1 138556.59014086 1
1480 0 -114111.63041478 0
1481 1 119885.42164348 1
1482 0 -129568.33907552 0
1483 1 139296.82995387 1
1484 0 -119727.89846069 0
1485 1 107275.29675249 1
1486 1 133442.28935408 1
1487 0 -100563.10034662 0
1488 1 134845.95750660 1
1489 1 139130.82568748 1
1490 0 -139624.49392298 0
1491 0 -99319.47749572 0
1492 0 -122964.98653994 0
1493 1 133633.92551600 1
1494 1 105647.50175017 1
1495 0 -126415.84634687 0
1496 1 128363.21830953 1
1497 0 -140068.32967213 0
1498 1 116391.21239682 1
1499 1 111444.40171218 1
1500 1 141051.97355048 1
1501 1 103731.88808900 1
1502 0 -128852.79885789 0
1503 1 116520.24548031 1
1504 0 -119523.25404674 0
1505 1 94596.21792462 1
1506 1 90787.59438719 1
1507 0 -121042.54670567 0
1508 0 -112109.22179433 0
1509 0 -134982.74796767 0
1510 0 -127590.93656151 0
1511 1 127004.14363845 1
1512 0 -107057.70544936 0
1513 0 -97816.88490446 0
1514 1 122336.28662286 1
1515 0 -122478.25387917 0
1516 0 -121497.92511791 0
1517 1 130701.14347636 1
1518 0 -121400.49304533 0
1519 1 91568.92746565 1
1520 1 113608.10016416 1
1521 1 126360.17042895 1
1522 0 -104209.69199807 0
1523 1 131338.62062059 1
1524 0 -119019.93985187 0
1525 1 126284.95782030 1
1526 1 110383.11038491 1
1527 0 -112334.82498496 0
1528 0 -116557.76575256 0
1529 1 117150.26828032 1
1530 1 126829.50213950 1
1531 0 -137528.08244678 0
1532 1 140196.82339852 1
1533 0 -114484.81590407 0
1534 1 116499.63497351 1
1535 0 -131709.79894340 0
1536 1 128863.14113050 1
1537 1 99392.41583975 1
1538 0 -129516.75065562 0
1539 0 -145141.93946680 0
1540 1 121516.23499109 1
1541 0 -108361.90275494 0
1542 1 134329.06415005 1
1543 0 -101049.83897922 0
1544 0 -117741.97712606 0
1545 0 -124521.61358933 0
1546 1 143598.22303067 1
1547 0 -117518.07883225 0
1548 0 -116508.97953959 0
1549 1 120901.88239382 1
1550 0 -112924.76737838 0
1551 0 -140634.84675820 0
1552 1 136062.64703916 1
1553 1 131443.42788573 1
1554 1 120646.97778876 1
1555 0 -118857.75722457 0
1556 1 118964.28458302 1
1557 0 -112261.72818260 0
1558 1 133499.56146674 1
1559 0 -118797.25711448 0
1560 0 -118195.66185891 0
1561 0 -116768.11539363 0
1562 1 111731.88617909 1
1563 0 -118581.87693634 0
1564 0 -121660.50959356 0
1565 1 128603.78666796 1
1566 0 -110650.15544220 0
1567 0 -136315.54484089 0
1568 1 108410.28014081 1
1569 1 115404.24715435 1
1570 0 -115879.85526928 0
1571 0 -109982.90596863 0
1572 1 146542.25146711 1
1573 1 134596.06032991 1
1574 0 -147461.94668218 0
1575 1 109470.19352875 1
1576 0 -98266.99089153 0
1577 0 -123326.42003561 0
1578 0 -108335.45635031 0
1579 1 125945.22824004 1
1580 1 123121.80735365 1
1581 0 -140811.47023306 0
1582 1 127202.66149397 1
1583 0 -107567.31956418 0
1584 1 141045.49015144 1
1585 1 115372.43015935 1
1586 1 118898.74226786 1
1587 1 114961.34498835 1
1588 1 137900.68402078 1
1589 0 -107292.71698772 0
1590 1 106223.57176827 1
1591 0 -126073.11891685 0
1592 1 115923.92486388 1
1593 0 -138615.72879821 0
1594 1 102848.70148027 1
1595 1 136985.45183489 1
1596 0 -115245.53105153 0
1597 0 -88633.70589599 0
1598 1 127092.64676844 1
1599 0 -108758.90609114 0
1600 0 -127161.37356641 0
1601 1 127395.38582203 1
1602 0 -130216.73564756 0
1603 1 113657.52897343 1
1604 1 105061.00941113 1
1605 0 -134149.55867659 0
1606 1 125326.88749080 1
1607 0 -131168.89045021 0
1608 0 -119261.90599479 0
1609 1 130550.64138882 1
1610 0 -122053.77968225 0
1611 1 123182.83500350 1
1612 1 122794.55318540 1
1613 0 -112516.67860153 0
1614 0 -124833.15704139 0
1615 0 -135560.52033598 0
1616 0 -150008.51615913 0
1617 1 105174.15737928 1
1618 1 117046.98964144 1
1619 0 -142512.27530065 0
1620 1 110110.97349171 1
1621 0 -123607.84574737 0
1622 0 -119121.39485532 0
1623 0 -136824.40172575 0
1624 0 -116892.25726378 0
1625 0 -100322.55283045 0
1626 0 -126440.78764287 0
1627 0 -117090.92954623 0
1628 1 131411.43768512 1
1629 1 124718.70380784 1
1630 1 132456.65455487 1
1631 1 121275.55497936 1
1632 0 -123863.64814333 0
1633 0 -118825.58339014 0
1634 1 121934.84569137 1
1635 0 -132705.02610589 0
1636 1 141940.84662102 1
1637 1 145186.53882765 1
1638 1 109643.47698501 1
1639 1 125589.92123241 1
1640 0 -137881.52229562 0
1641 1 76766.31393416 1
1642 1 126610.55446209 1
1643 1 129737.76112748 1
1644 1 132157.06235955 1
1645 0 -100066.22195480 0
1646 1 110381.11512272 1
1647 0 -139171.15026700 0
1648 1 118435.48920115 1
1649 1 124201.07134959 1
1650 0 -130279.09899548 0
1651 1 152773.02294766 1
1652 1 102829.96378603 1
1653 1 103629.12966778 1
1654 1 106197.84950476 1
1655 1 116237.95679027 1
1656 1 133457.68171695 1
1657 1 131173.31665379 1
1658 1 133465.15362235 1
1659 0 -112006.68861056 0
1660 0 -113652.99481061 0
1661 1 133684.09398565 1
1662 0 -106674.13912707 0
1663 1 128090.76671934 1
1664 1 113027.83722329 1
1665 0 -132135.09611274 0
1666 1 105925.80449468 1
1667 0 -107872.79548886 0
1668 0 -136517.41902853 0
1669 0 -116898.02773326 0
1670 1 135133.15196793 1
1671 0 -129475.64789305 0
1672 0 -128515.95894390 0
1673 0 -123363.52794350 0
1674 0 -107546.15461065 0
1675 0 -109784.03710524 0
1676 0 -115724.34771266 0
1677 1 140484.17810654 1
1678 0 -121983.72309521 0
1679 1 130293.87372881 1
1680 0 -109036.63595046 0
1681 1 113912.80913637 1
1682 0 -132061.30199904 0
1683 0 -106352.27990949 0
1684 1 114216.76795072 1
1685 0 -125187.34707686 0
1686 1 135354.81923492 1
1687 0 -111582.71743573 0
1688 0 -109841.76042953 0
1689 1 137326.86942353 1
1690 0 -97597.04450481 0
1691 0 -126065.54890022 0
1692 1 109514.43046817 1
1693 1 140339.43320128 1
1694 1 114767.98184572 1
1695 1 121787.70315114 1
1696 0 -135964.78354659 0
1697 0 -112894.95625471 0
1698 1 118409.02263661 1
1699 1 125176.96258414 1
1700 1 123396.40159318 1
1701 1 109926.14295186 1
1702 0 -121628.21144675 0
1703 0 -113029.38243281 0
1704 1 113479.29277990 1
1705 0 -120615.58551036 0
1706 0 -127951.78449587 0
1707 1 142872.27327633 1
1708 0 -103213.93637112 0
1709 1 119379.25388879 1
1710 0 -112820.89593989 0
1711 0 -117355.31027579 0
1712 0 -122791.75570268 0
1713 0 -131925.20050610 0
1714 0 -145260.22928003 0
1715 1 107484.54608141 1
1716 0 -108607.36376283 0
1717 0 -123404.99175611 0
1718 0 -127747.16697243 0
1719 0 -128675.27636971 0
1720 1 127190.67420632 1
1721 0 -131947.25023923 0
1722 1 123548.66692101 1
1723 0 -119371.18207577 0
1724 1 144901.59559788 1
1725 1 108234.78901901 1
1726 1 108451.83849723 1
1727 1 127194.23603754 1
1728 0 -143183.94584355 0
1729 1 113132.03597297 1
1730 0 -107004.85018833 0
1731 1 107829.20532475 1
1732 0 -128871.03884375 0
1733 1 116638.77492627 1
1734 0 -132255.31517361 0
1735 1 125557.00674611 1
1736 0 -110208.43136432 0
1737 0 -103254.78715376 0
1738 1 137287.90281994 1
1739 1 121881.44771545 1
1740 1 131496.13874006 1
1741 1 120066.95973466 1
1742 1 152194.23505558 1
1743 1 122283.95981400 1
1744 1 121129.11612918 1
1745 1 135237.23353585 1
1746 0 -122789.52099323 0
1747 0 -133367.92304402 0
1748 1 128764.43318684 1
1749 0 -127441.91768182 0
1750 0 -118536.82390147 0
1751 0 -97063.81122546 0
1752 0 -124079.76995582 0
1753 1 126412.76654902 1
1754 1 124684.43631768 1
1755 0 -116156.77754259 0
1756 0 -133279.80398484 0
1757 1 113487.63793846 1
1758 0 -112739.69546948 0
1759 0 -120142.20577566 0
1760 1 107740.31800909 1
1761 1 131721.52954344 1
1762 1 133219.29037666 1
1763 1 133827.34012203 1
1764 1 105594.00155943 1
1765 0 -111302.95129918 0
1766 0 -131218.36626160 0
1767 1 93324.35373352 1
1768 0 -126012.12369083 0
1769 0 -117771.47217118 0
1770 1 138612.31098776 1
1771 1 106736.01442586 1
1772 0 -106478.97212576 0
1773 0 -116791.38312798 0
1774 0 -106140.63676301 0
1775 1 128588.41538689 1
1776 0 -122196.06079218 0
1777 0 -132911.17524270 0
1778 0 -98346.56061899 0
1779 0 -106824.28919884 0
1780 0 -122073.25668201 0
1781 1 130755.17280771 1
1782 1 115034.58180681 1
1783 0 -116638.77355490 0
1784 1 129249.56794677 1
1785 0 -111529.19571565 0
1786 0 -97847.20093590 0
1787 0 -133186.73394714 0
1788 0 -108494.91725050 0
1789 1 115567.76027630 1
1790 1 120800.35031012 1
1791 1 146412.25010212 1
1792 0 -97038.78945544 0
1793 0 -101791.16163684 0
1794 0 -114280.80329904 0
1795 0 -126467.64744982 0
1796 0 -123482.06923713 0
1797 1 130220.36388310 1
1798 1 148926.25150076 1
1799 0 -127878.30862335 0
1800 1 112217.50698164 1
1801 1 127433.13783379 1
1802 1 114647.20332987 1
1803 1 127030.63794573 1
1804 0 -103915.26676417 0
1805 0 -138054.09261893 0
1806 1 121634.92339023 1
1807 0 -121329.65561043 0
1808 1 131987.37985734 1
1809 0 -115526.82217538 0
1810 0 -113292.95874573 0
1811 1 132699.47602256 1
1812 1 141001.69251800 1
1813 1 116192.69234590 1
1814 0 -106236.97764994 0
1815 1 133859.89993229 1
1816 1 131108.43239099 1
1817 1 117948.79386084 1
1818 0 -117102.56693936 0
1819 1 125444.09487709 1
1820 0 -114425.06884594 0
1821 1 106842.32341414 1
1822 0 -133083.79012928 0
1823 1 130983.90833186 1
1824 1 133886.90225748 1
1825 1 118880.63563260 1
1826 0 -140531.00586865 0
1827 0 -102820.30142523 0
1828 1 103500.47567653 1
1829 1 120356.96713684 1
1830 0 -118984.98076537 0
1831 1 133970.05879337 1
1832 0 -135144.99531561 0
1833 0 -146046.33853987 0
1834 0 -107085.48338985 0
1835 1 117819.24813992 1
1836 1 142946.17014826 1
1837 0 -115036.75623435 0
1838 1 108370.42120029 1
1839 1 110813.54820959 1
1840 1 146735.51307377 1
1841 0 -119037.62990718 0
1842 1 115915.55586967 1
1843 0 -127246.90723429 0
1844 0 -109973.10125607 0
1845 1 138543.01230964 1
1846 1 125365.38195435 1
1847 1 137523.31552256 1
1848 1 103939.40489435 1
1849 0 -122573.90194503 0
1850 1 137053.21639644 1
1851 1 108628.12461413 1
1852 1 112368.02466388 1
1853 1 138345.62708679 1
1854 0 -137821.10986576 0
1855 1 115244.88211077 1
1856 1 118593.97888711 1
1857 0 -120654.13781557 0
1858 0 -111773.03093440 0
1859 0 -127535.49380965 0
1860 1 112235.70148662 1
1861 0 -147683.00400110 0
1862 0 -115371.50027016 0
1863 0 -103961.72992225 0
1864 1 128650.51153254 1
1865 0 -125914.74105684 0
1866 0 -128304.83006356 0
1867 0 -122316.49299112 0
1868 0 -137220.38490548 0
1869 1 119451.78437994 1
1870 0 -106370.83091687 0
1871 1 110901.87833215 1
1872 1 110464.44738670 1
1873 1 137345.51145931 1
1874 1 118737.94837730 1
1875 0 -120221.47985048 0
1876 1 98947.90137394 1
1877 0 -122660.02488991 0
1878 1 139377.44936435 1
1879 0 -125976.99515144 0
1880 0 -121302.62826708 0
1881 0 -134929.67234373 0
1882 0 -129221.06971187 0
1883 1 127519.86828757 1
1884 1 110500.97148587 1
1885 0 -148290.86352061 0
1886 1 112692.52522190 1
1887 0 -115692.62467809 0
1888 1 131142.03098034 1
1889 1 139302.80511048 1
1890 1 113220.17240066 1
1891 1 112458.21537404 1
1892 1 136907.49053498 1
1893 1 118700.50923206 1
1894 1 128748.26671900 1
1895 1 129601.14865469 1
1896 0 -155397.87352422 0
1897 1 110864.84260215 1
1898 0 -122234.26693520 0
1899 0 -153241.22690765 0
1900 1 125636.62722805 1
1901 1 128321.72652555 1
1902 1 131374.90466463 1
1903 1 145461.54419655 1
1904 1 118534.97023412 1
1905 1 98637.45093128 1
1906 0 -129339.78053620 0
1907 1 111900.24495702 1
1908 0 -130552.82135248 0
1909 0 -105613.64794117 0
1910 0 -138746.76578714 0
1911 0 -111077.82955746 0
1912 0 -119581.65856994 0
1913 0 -138314.39937729 0
1914 1 116827.27695035 1
1915 1 129726.32217780 1
1916 1 125661.27042536 1
1917 0 -117928.69675826 0
1918 0 -123731.13757409 0
1919 1 126943.79925187 1
1920 1 137684.01707001 1
1921 1 110846.62303790 1
1922 1 125099.75456158 1
1923 1 128549.02038959 1
1924 1 135269.84999707 1
1925 0 -115419.06900514 0
1926 0 -111202.83142052 0
1927 0 -121121.51191304 0
1928 0 -115610.65000749 0
1929 0 -140293.34397799 0
1930 0 -121628.57025346 0
1931 0 -125412.20360119 0
1932 1 116625.86146962 1
1933 0 -106272.00718886 0
1934 0 -133750.20931330 0
1935 0 -118583.88478113 0
1936 1 144275.41953845 1
1937 1 124219.85769611 1
1938 0 -138396.87495096 0
1939 1 119948.54301788 1
1940 1 122205.06716876 1
1941 0 -134560.29066242 0
1942 0 -122056.39157335 0
1943 1 132662.85291190 1
1944 0 -120551.37420065 0
1945 0 -137858.75543521 0
1946 0 -123225.34687826 0
1947 1 120751.60414485 1
1948 1 132289.13727747 1
1949 1 110358.74234882 1
1950 1 143340.22684028 1
1951 0 -112846.98511864 0
1952 0 -131145.07003262 0
1953 0 -111881.03472507 0
1954 0 -108269.30461117 0
1955 1 124725.51895724 1
1956 0 -121466.35093795 0
1957 1 130285.59821058 1
1958 1 124452.00338614 1
1959 0 -146859.89897015 0
1960 0 -88903.21289452 0
1961 0 -105050.01767966 0
1962 0 -125813.21794687 0
1963 0 -98993.27046940 0
1964 1 113250.33517276 1
1965 0 -111144.75510532 0
1966 1 124233.54775163 1
1967 1 89884.10944855 1
1968 0 -113317.98669578 0
1969 0 -120062.56942385 0
1970 1 101714.18421604 1
1971 0 -114281.23743907 0
1972 1 110047.69179545 1
1973 1 131726.39284955 1
1974 1 106067.49782600 1
1975 0 -116211.33699454 0
1976 0 -126431.63642170 0
1977 1 128753.00583463 1
1978 1 108202.24331992 1
1979 0 -123443.30367655 0
1980 1 141042.69495895 1
1981 1 103020.24988273 1
1982 1 105514.15821471 1
1983 0 -136117.98254853 0
1984 0 -103839.84075840 0
1985 1 121669.16263337 1
1986 1 129409.26011583 1
1987 0 -140911.34195131 0
1988 1 89995.48894453 1
1989 1 119723.58593882 1
1990 0 -121208.68767892 0
1991 0 -124891.17655900 0
1992 0 -139554.91963640 0
1993 0 -120698.43996407 0
1994 1 148267.55696656 1
1995 0 -120246.79790825 0
1996 0 -109785.31891568 0
1997 0 -121222.81723600 0
1998 1 117815.11870279 1
1999 1 111315.94827079 1
2000 1 112729.95063311 1
2001 0 -129230.10762529 0
2002 1 121886.21261892 1
2003 0 -104162.28511396 0
2004 1 134667.89260255 1
2005 0 -127675.13263715 0
2006 1 107848.75083177 1
2007 0 -115927.85569429 0
2008 1 137227.22521013 1
2009 0 -94725.75376651 0
2010 0 -110953.36035874 0
2011 1 133096.38201040 1
2012 0 -120461.88758445 0
2013 1 120241.53819211 1
2014 0 -128522.82222409 0
2015 0 -143465.00889916 0
2016 0 -90850.92642632 0
2017 1 121388.23812591 1
2018 1 123895.18724302 1
2019 1 113427.04544541 1
2020 0 -110546.68254656 0
2021 1 129017.60081388 1
2022 1 152444.50217274 1
2023 1 104256.20149025 1
2024 1 123797.70706922 1
2025 1 124475.58437205 1
2026 1 96206.91502462 1
2027 1 125012.91657963 1
2028 0 -124586.77275934 0
2029 1 151930.66496508 1
2030 1 96561.64855096 1
2031 1 107324.79765315 1
2032 1 127328.33755481 1
2033 0 -129243.54073678 0
2034 0 -135878.39514857 0
2035 1 117594.46669629 1
2036 0 -126755.78119087 0
2037 1 118990.38438961 1
2038 1 122400.80369895 1
2039 1 126563.62584509 1
2040 1 99271.74339916 1
2041 1 132564.71954879 1
2042 0 -129508.51375132 0
2043 0 -132357.31027243 0
2044 1 125659.13599390 1
2045 0 -112815.67171390 0
2046 0 -125461.09628597 0
2047 1 106893.09066231 1
2048 0 -130182.52522521 0
2049 1 116184.14264779 1
2050 1 139444.02832939 1
2051 1 114924.38672967 1
2052 1 89996.80525173 1
2053 0 -137565.79849648 0
2054 0 -100743.48544831 0
2055 1 109232.20393232 1
2056 1 114332.45390790 1
2057 0 -132296.74183951 0
2058 1 106752.54276577 1
2059 0 -107958.03231512 0
2060 1 136296.88034023 1
2061 1 120064.37378746 1
2062 1 112435.74119439 1
2063 0 -130274.66731141 0
2064 1 129263.40083923 1
2065 1 106769.29418305 1
2066 1 107493.70659352 1
2067 1 123212.40361637 1
2068 0 -118931.79243189 0
2069 1 107238.11761015 1
2070 1 122109.73643962 1
2071 1 137238.70820894 1
2072 1 119651.56189284 1
2073 1 111421.00564492 1
2074 0 -133640.50212510 0
2075 0 -122113.10225254 0
2076 1 132501.37974500 1
2077 1 119189.40310631 1
2078 1 141184.39888154 1
2079 1 128174.99263804 1
2080 1 120878.93756479 1
2081 0 -126001.46139181 0
2082 0 -113813.15626605 0
2083 1 138232.20653415 1
2084 1 129024.66420290 1
2085 0 -138360.47312243 0
2086 0 -113149.60239479 0
2087 1 118066.66318271 1
2088 1 142270.81807436 1
2089 1 110646.93822037 1
2090 1 126244.00892304 1
2091 0 -123999.08953388 0
2092 0 -142618.38262900 0
2093 0 -97572.25059341 0
2094 0 -108412.31914398 0
2095 0 -131605.09025183 0
2096 0 -118463.45791176 0
2097 1 131806.60080906 1
2098 0 -122913.96255580 0
2099 1 150556.32093371 1
2100 1 128258.76448406 1
2101 0 -101663.82232046 0
2102 0 -121931.16375015 0
2103 1 115188.75496892 1
2104 1 115463.55270049 1
2105 0 -113698.86072225 0
2106 0 -141839.80917916 0
2107 1 107612.01623386 1
2108 1 123035.39831673 1
2109 1 142575.11764927 1
2110 0 -123224.30918151 0
2111 0 -135347.75488472 0
2112 0 -107393.53016317 0
2113 0 -154420.85874618 0
2114 1 102032.29513171 1
2115 1 129234.47607437 1
2116 0 -130826.47258519 0
2117 0 -117833.25829881 0
2118 0 -124118.10224786 0
2119 0 -128502.59156471 0
2120 0 -132816.42071526 0
2121 0 -118899.02839339 0
2122 0 -108893.35500784 0
2123 1 123546.73477842 1
2124 1 116603.66635047 1
2125 1 127714.52415453 1
2126 1 123712.17414099 1
2127 1 140390.05518692 1
2128 1 109079.64447375 1
2129 1 131749.63572897 1
2130 0 -125515.80946417 0
2131 0 -93519.04975393 0
2132 0 -122678.18723073 0
2133 0 -124669.96871814 0
2134 1 133599.37745467 1
2135 1 106050.83895354 1
2136 1 112319.93977707 1
2137 0 -131786.90676206 0
2138 1 108273.07841164 1
2139 0 -114293.34522608 0
2140 1 120811.80644831 1
2141 0 -142907.99723814 0
2142 1 111496.58170646 1
2143 1 120988.86464227 1
2144 0 -139897.19853128 0
2145 0 -113876.83564576 0
2146 1 122673.07557828 1
2147 0 -124431.73047749 0
2148 1 132422.14411033 1
2149 1 120306.92119709 1
2150 1 110305.23445075 1
2151 1 129173.07491807 1
2152 1 118646.81777604 1
2153 1 136159.80118878 1
2154 0 -131427.64143327 0
2155 0 -136840.75700879 0
2156 0 -83174.49527133 0
2157 0 -114096.27266692 0
2158 1 118347.65090647 1
2159 0 -133606.93481456 0
2160 0 -117798.54058743 0
2161 0 -123414.36421414 0
2162 1 142826.09406810 1
2163 1 103811.08918559 1
2164 0 -125409.47016407 0
2165 0 -137146.91564158 0
2166 0 -104733.27886667 0
2167 1 135894.59003816 1
2168 0 -121340.03297829 0
2169 0 -135265.42197138 0
2170 0 -93461.65116986 0
2171 1 116095.98051687 1
2172 0 -135876.29704777 0
2173 0 -125944.98494020 0
2174 0 -124438.30258437 0
2175 0 -121523.95095878 0
2176 1 145845.22138425 1
2177 1 115820.23482180 1
2178 1 124914.27401639 1
2179 1 143021.76077517 1
2180 0 -120332.74442123 0
2181 1 118302.60344470 1
2182 1 125709.85051475 1
2183 0 -147417.66798869 0
2184 1 121325.16107175 1
2185 1 115995.10637429 1
2186 0 -129781.70183700 0
2187 1 120010.62789632 1
2188 0 -137350.22266649 0
2189 0 -125349.56660589 0
2190 0 -141769.61526848 0
2191 0 -98125.30342639 0
2192 1 127207.41886425 1
2193 0 -129244.26953738 0
2194 0 -119052.72932099 0
2195 0 -123046.23037312 0
2196 1 114192.68691826 1
2197 1 129266.40828480 1
2198 0 -117393.77886648 0
2199 0 -132760.30593893 0
2200 0 -132488.78235777 0
2201 0 -122978.38107586 0
2202 0 -133479.29781050 0
2203 0 -110641.61550354 0
2204 1 145103.64539537 1
2205 0 -120248.86927355 0
2206 0 -122528.54632140 0
2207 1 136436.74772340 1
2208 0 -116258.75811353 0
2209 1 130520.32186321 1
2210 0 -113847.26737166 0
2211 1 139588.79116521 1
2212 0 -105720.65155972 0
2213 1 118760.29812112 1
2214 1 128727.59543981 1
2215 0 -125262.41455998 0
2216 1 121736.77337684 1
2217 1 113158.53899718 1
2218 1 148274.63647125 1
2219 1 124712.86123448 1
2220 1 123633.00660267 1
2221 0 -121746.57228978 0
2222 0 -113534.33066100 0
2223 0 -116860.28694845 0
2224 0 -121501.80164364 0
2225 0 -141956.26207651 0
2226 0 -112717.61469833 0
2227 0 -104195.22104021 0
2228 0 -131784.36479573 0
2229 0 -118872.72697911 0
2230 1 130482.30065843 1
2231 1 122156.03536430 1
2232 1 145581.15548149 1
2233 0 -86110.51843317 0
2234 1 106910.34622869 1
2235 1 126971.82885197 1
2236 0 -91363.94618863 0
2237 1 126251.62401824 1
2238 1 108446.88617635 1
2239 0 -133555.99368113 0
2240 1 107273.25033805 1
2241 1 114052.47015758 1
2242 0 -130271.39518823 0
2243 1 116524.05816218 1
2244 1 115529.26054814 1
2245 1 127083.54593863 1
2246 0 -129565.63542511 0
2247 0 -113666.71680216 0
2248 0 -107716.31584120 0
2249 0 -105346.32292421 0
2250 0 -109132.20175148 0
2251 0 -128632.02286094 0
2252 1 97827.83265043 1
2253 1 123760.20132309 1
2254 1 101931.81314081 1
2255 1 104531.16888058 1
2256 1 131198.86668366 1
2257 1 125087.48312602 1
2258 1 123353.30720224 1
2259 0 -124233.28006499 0
2260 1 130321.57603234 1
2261 1 104160.52541928 1
2262 1 84095.66576397 1
2263 1 145160.00731327 1
2264 0 -103808.23530924 0
2265 1 118497.99951604 1
2266 0 -126232.04875531 0
2267 1 140926.56540981 1
2268 0 -123065.99327512 0
2269 0 -110699.09148518 0
2270 0 -132043.40860400 0
2271 0 -117266.99937279 0
2272 0 -125559.32729632 0
2273 0 -112729.53370001 0
2274 0 -140134.50392356 0
2275 1 111638.33424293 1
2276 0 -124208.33957281 0
2277 1 123395.86952860 1
2278 0 -113993.77716936 0
2279 0 -98236.84205890 0
2280 0 -115021.10057754 0
2281 1 128489.48922486 1
2282 1 115552.06253000 1
2283 1 117271.79333737 1
2284 0 -132510.56955400 0
2285 1 117439.81290013 1
2286 0 -128972.33676892 0
2287 1 116654.23105006 1
2288 0 -126561.92168097 0
2289 1 124378.25050978 1
2290 0 -119721.28501874 0
2291 1 131554.43466405 1
2292 0 -115330.77867687 0
2293 1 137111.75717183 1
2294 1 119383.24977437 1
2295 0 -134864.03580303 0
2296 1 121941.87403963 1
2297 0 -123010.76456178 0
2298 0 -120280.80590452 0
2299 0 -95289.53928219 0
2300 0 -137424.18523048 0
2301 0 -135924.11567319 0
2302 1 131709.93433904 1
2303 1 118064.87171967 1
2304 1 116781.92166423 1
2305 0 -134554.88974743 0
2306 0 -131587.02926088 0
2307 0 -129491.61356858 0
2308 0 -110268.22894408 0
2309 0 -138815.83207426 0
2310 1 114610.69666491 1
2311 0 -103119.79238588 0
2312 0 -125774.44583071 0
2313 0 -127416.82985357 0
2314 1 135188.46948029 1
2315 1 119623.38946292 1
2316 0 -137038.78562752 0
2317 0 -122247.80952042 0
2318 0 -114746.77576631 0
2319 1 118318.74856056 1
2320 1 118802.67645659 1
2321 0 -133362.11515212 0
2322 0 -120860.36020578 0
2323 0 -130584.45652531 0
2324 0 -104225.76895643 0
2325 1 114237.41485935 1
2326 1 126914.70178153 1
2327 0 -112636.76159055 0
2328 0 -131946.65788831 0
2329 1 127993.22516169 1
2330 0 -127472.66303961 0
2331 0 -102001.16684103 0
2332 0 -119777.58697713 0
2333 0 -135738.15213731 0
2334 0 -113222.20678836 0
2335 1 116422.18206360 1
2336 0 -104896.78577150 0
2337 0 -139120.95389015 0
2338 1 114353.02704803 1
2339 0 -117799.55993858 0
2340 1 106006.05769497 1
2341 0 -124400.85152658 0
2342 1 128666.32196154 1
2343 0 -132836.75066360 0
2344 0 -121032.34747675 0
2345 1 119305.72555146 1
2346 1 114829.87343779 1
2347 0 -117474.48437504 0
2348 0 -123096.72271422 0
2349 1 135227.12599790 1
2350 1 118112.27501212 1
2351 0 -128933.91150018 0
2352 0 -111394.74229584 0
2353 1 110833.00366558 1
2354 1 144267.49315244 1
2355 1 101529.32582784 1
2356 1 136715.14650027 1
2357 1 118380.47126776 1
2358 1 128023.47357671 1
2359 0 -116519.44373052 0
2360 0 -114981.83319784 0
2361 1 110583.80752731 1
2362 1 124279.47778459 1
2363 0 -130768.57765901 0
2364 0 -126520.45794703 0
2365 1 124748.59837947 1
2366 0 -113939.23239989 0
2367 1 122580.90531208 1
2368 0 -138586.10462981 0
2369 0 -106562.07269462 0
2370 1 133152.80201770 1
2371 0 -114224.46762826 0
2372 1 144033.79325495 1
2373 1 77525.48507319 1
2374 1 123628.03240794 1
2375 1 131846.03204567 1
2376 1 121476.08625227 1
2377 0 -114683.13355570 0
2378 0 -120778.48811293 0
2379 0 -138912.24588043 0
2380 0 -119635.05295561 0
2381 0 -120644.95492325 0
2382 1 138207.82816744 1
2383 0 -116020.87287308 0
2384 1 135670.09002291 1
2385 0 -117943.59935778 0
2386 0 -138690.26363200 0
2387 0 -114465.28706624 0
2388 0 -109598.91496834 0
2389 1 139751.18214074 1
2390 1 121909.26602496 1
2391 0 -122001.96123374 0
2392 0 -128052.66049130 0
2393 0 -135020.98613051 0
2394 1 111740.45072876 1
2395 1 121285.00740146 1
2396 1 138159.70268951 1
2397 0 -114194.17755443 0
2398 0 -124045.60709684 0
2399 0 -119205.67880682 0
2400 1 148328.89605280 1
2401 0 -114865.48870236 0
2402 1 122254.05927235 1
2403 1 143987.38658151 1
2404 1 118425.70415603 1
2405 1 131435.43633272 1
2406 1 126446.06041140 1
2407 1 124533.92911377 1
2408 0 -120604.66409200 0
2409 0 -123412.17565595 0
2410 0 -140923.55909314 0
2411 1 114107.94507293 1
2412 0 -118851.01322389 0
2413 0 -116377.21495076 0
2414 1 136254.65881789 1
2415 1 109474.79575161 1
2416 0 -131725.83231907 0
2417 0 -123671.82927317 0
2418 1 107111.32311609 1
2419 0 -93356.92447214 0
2420 0 -100805.66502008 0
2421 0 -119684.28083756 0
2422 1 101280.71440278 1
2423 0 -117965.07806750 0
2424 1 98517.43707131 1
2425 1 88951.18199122 1
2426 1 106882.17172607 1
2427 0 -100843.04865755 0
2428 0 -130359.84496948 0
2429 1 121182.10121135 1
2430 0 -100489.62800424 0
2431 0 -131628.13645996 0
2432 1 98585.47795212 1
2433 1 115006.55069755 1
2434 1 114735.21131029 1
2435 0 -145948.07314177 0
2436 0 -125003.94822423 0
2437 1 125486.71292111 1
2438 1 119694.05091903 1
2439 1 106785.87750509 1
2440 1 123809.62083134 1
2441 0 -123635.13204686 0
2442 0 -137707.92746256 0
2443 0 -119270.12322522 0
2444 1 124597.83538521 1
2445 1 120280.14715427 1
2446 0 -114437.27878342 0
2447 0 -125604.02465756 0
2448 0 -116537.82990482 0
2449 1 137952.19749382 1
2450 0 -123261.56190816 0
2451 0 -119204.81519909 0
2452 0 -134240.02648217 0
2453 1 96081.16431985 1
2454 1 126129.04585539 1
2455 1 137817.71846389 1
2456 0 -132707.42916368 0
2457 1 97862.21051416 1
2458 0 -103607.70450170 0
2459 0 -124372.88850727 0
2460 0 -118982.90281619 0
2461 0 -130436.73210347 0
2462 0 -126798.47791833 0
2463 0 -122186.82363247 0
2464 1 123715.98361203 1
2465 0 -122006.36411098 0
2466 0 -117441.42909695 0
2467 0 -124940.92360256 0
2468 1 123454.32867660 1
2469 1 116522.93707350 1
2470 1 126003.44240933 1
2471 0 -110411.88787708 0
2472 0 -117989.04036043 0
2473 1 123639.72398230 1
2474 1 108775.07373702 1
2475 1 123186.21689833 1
2476 1 98254.04286940 1
2477 0 -138949.65706707 0
2478 1 119158.17604536 1
2479 0 -114529.73992552 0
2480 1 107495.70494477 1
2481 0 -116320.32015626 0
2482 1 130335.08377526 1
2483 1 112294.36544309 1
2484 0 -139668.18400303 0
2485 1 99658.27958163 1
2486 0 -96085.51492332 0
2487 1 124602.93320356 1
2488 0 -116398.12089621 0
2489 0 -134403.87218979 0
2490 0 -116849.47130748 0
2491 0 -134181.73904378 0
2492 0 -120155.46268726 0
2493 1 120175.78994372 1
2494 0 -144635.32344612 0
2495 1 105196.10578533 1
2496 0 -122042.03550998 0
2497 1 123061.19061388 1
2498 0 -145804.80477282 0
2499 1 93262.76808285 1
2500 0 -98386.69768290 0
2501 0 -125954.20096426 0
2502 0 -108034.99000697 0
2503 1 122407.70914623 1
2504 0 -120029.02857113 0
2505 1 140017.77501973 1
2506 0 -95690.77070046 0
2507 0 -105929.57240959 0
2508 1 114416.05330219 1
2509 0 -102391.90693035 0
2510 0 -127775.60550233 0
2511 1 119041.41657066 1
2512 1 125867.54570630 1
2513 0 -118294.82820941 0
2514 1 103109.62237688 1
2515 0 -119141.23549862 0
2516 0 -112734.70086720 0
2517 0 -101147.67425070 0
2518 0 -109412.44046908 0
2519 1 133882.98152912 1
2520 0 -119118.63173191 0
2521 1 116095.42406513 1
2522 1 122397.35768080 1
2523 0 -104606.34943740 0
2524 1 116837.03507181 1
2525 0 -119190.58678012 0
2526 0 -139599.82884425 0
2527 0 -119999.13414759 0
2528 1 107609.38322808 1
2529 0 -125255.61978069 0
2530 0 -122182.37573565 0
2531 0 -136068.60909212 0
2532 0 -122472.99996180 0
2533 0 -143745.99391738 0
2534 1 116721.00189243 1
2535 1 114873.44446565 1
2536 1 128300.52142498 1
2537 0 -104315.14738010 0
2538 0 -131573.41593266 0
2539 1 134651.09521916 1
2540 0 -145132.24388740 0
2541 0 -110582.17676229 0
2542 0 -134352.72737489 0
2543 1 137944.52536610 1
2544 0 -110330.14216881 0
2545 1 117161.64242785 1
2546 0 -122896.51487773 0
2547 1 141780.95310493 1
2548 1 122870.94864373 1
2549 0 -109636.68093210 0
2550 0 -140629.18155029 0
2551 0 -116601.27162072 0
2552 0 -122673.82721028 0
2553 0 -110841.15996969 0
2554 0 -134318.22105991 0
2555 1 113552.42532984 1
2556 0 -109925.71689573 0
2557 1 129618.04387192 1
2558 1 122247.02432661 1
2559 1 133636.31005730 1
2560 0 -126315.93827343 0
2561 0 -124807.23479385 0
2562 1 94135.22274800 1
2563 1 119007.34781482 1
2564 0 -117744.49913946 0
2565 1 103775.05578711 1
2566 0 -131359.75065686 0
2567 0 -132774.29564969 0
2568 1 150498.62822029 1
2569 0 -113016.78809132 0
2570 0 -121165.45773068 0
2571 0 -138048.47233293 0
2572 1 104002.25127421 1
2573 0 -133767.61309082 0
2574 1 99724.62123064 1
2575 1 155097.81044272 1
2576 1 126638.73520547 1
2577 0 -114768.29833959 0
2578 1 125804.80453198 1
2579 1 115536.83481049 1
2580 1 122113.92513311 1
2581 1 125092.97833763 1
2582 1 129377.22187723 1
2583 0 -107862.85003248 0
2584 1 106658.20407796 1
2585 0 -121627.88997478 0
2586 0 -115920.54164662 0
2587 1 118848.68113619 1
2588 1 119124.88349947 1
2589 1 147512.03262141 1
2590 0 -112566.38763037 0
2591 1 97762.69325633 1
2592 1 119233.24261571 1
2593 0 -119436.56038712 0
2594 1 116281.58093119 1
2595 1 113787.34717422 1
2596 1 133146.79979299 1
2597 1 105710.62661976 1
2598 0 -103681.58692628 0
2599 0 -112794.50826893 0
2600 0 -111828.25730749 0
2601 0 -114555.61520321 0
2602 0 -125887.13729663 0
2603 1 116746.80026119 1
2604 0 -113640.20492624 0
2605 0 -113472.46683101 0
2606 0 -123551.28499003 0
2607 0 -111774.05711565 0
2608 0 -115025.62861764 0
2609 0 -119135.44604456 0
2610 1 141663.49542450 1
2611 1 123029.10902983 1
2612 1 118159.31922191 1
2613 1 139665.38638186 1
2614 1 113141.95760148 1
2615 1 125893.33040742 1
2616 1 109370.48666003 1
2617 0 -122511.90809909 0
2618 1 100372.05210812 1
2619 1 123026.38354385 1
2620 0 -117303.92728888 0
2621 1 122505.82502484 1
2622 1 139875.24737394 1
2623 0 -130755.50869845 0
2624 1 137123.52836206 1
2625 0 -111623.81324158 0
2626 1 95709.71926470 1
2627 1 132253.53702112 1
2628 1 124912.94085172 1
2629 0 -118869.03573840 0
2630 0 -109892.39427196 0
2631 1 130318.93657788 1
2632 0 -119618.28624345 0
2633 1 126988.84068626 1
2634 0 -128039.86294244 0
2635 1 114439.56889582 1
2636 1 125666.15286053 1
2637 0 -122525.56340136 0
2638 0 -142247.76229627 0
2639 0 -113418.44651721 0
2640 1 100713.52162599 1
2641 0 -125026.55557878 0
2642 1 129830.10974824 1
2643 1 135160.90780298 1
2644 1 135912.06892034 1
2645 1 115092.99120988 1
2646 1 120720.20117599 1
2647 0 -107605.19406739 0
2648 0 -127615.75565484 0
2649 0 -103470.08402201 0
2650 0 -123806.54671606 0
2651 1 112217.88892770 1
2652 1 125679.38458394 1
2653 0 -118360.47197388 0
2654 1 104386.22465722 1
2655 1 110184.32239196 1
2656 1 119315.70824083 1
2657 0 -109125.10997993 0
2658 1 128180.77375434 1
2659 1 145080.10670253 1
2660 1 117004.72960723 1
2661 0 -117786.93175108 0
2662 1 137937.94313322 1
2663 1 110718.49372699 1
2664 0 -128080.62624342 0
2665 0 -120565.89386249 0
2666 0 -141031.75194557 0
2667 1 123647.31283089 1
2668 0 -125776.51012035 0
2669 1 133408.07003802 1
2670 1 109619.61628397 1
2671 0 -120999.35529263 0
2672 0 -119269.39367994 0
2673 0 -142193.20705732 0
2674 0 -111437.63935530 0
2675 1 108404.11903860 1
2676 0 -119635.05120305 0
2677 1 119264.96781553 1
2678 1 144443.10358296 1
2679 1 136330.27979258 1
2680 1 147552.96118520 1
2681 1 111678.46784690 1
2682 0 -112835.83383712 0
2683 0 -123291.08628974 0
2684 0 -113054.97282391 0
2685 1 132438.95559708 1
2686 1 119909.71281180 1
2687 0 -138224.03146463 0
2688 1 117436.41230582 1
2689 1 118412.25829195 1
2690 0 -123187.10793184 0
2691 0 -124748.58330451 0
2692 0 -125376.24056741 0
2693 0 -92423.35024054 0
2694 0 -135092.93968533 0
2695 1 125304.40568060 1
2696 0 -105092.92909619 0
2697 0 -126986.40767216 0
2698 1 107015.46090989 1
2699 0 -130937.12472873 0
2700 1 111667.18951212 1
2701 1 136461.94306757 1
2702 1 109681.95965783 1
2703 0 -112593.93940225 0
2704 0 -98320.34959623 0
2705 1 121375.49139854 1
2706 0 -124080.09629924 0
2707 1 123504.55404003 1
2708 1 137102.11301988 1
2709 1 106929.59859477 1
2710 0 -101561.25718685 0
2711 0 -125760.68441740 0
2712 1 107539.74534661 1
2713 0 -125658.74916542 0
2714 1 108295.57894358 1
2715 0 -143752.45206589 0
2716 0 -117063.58980175 0
2717 0 -113642.33157503 0
2718 1 127400.36369056 1
2719 0 -104660.04329633 0
2720 1 136945.63492065 1
2721 0 -121392.44359858 0
2722 1 137233.33880254 1
2723 0 -114094.83805022 0
2724 0 -114635.11664776 0
2725 0 -131264.17164822 0
2726 1 125965.88591680 1
2727 1 127924.96072053 1
2728 1 136699.91890146 1
2729 0 -128856.35620086 0
2730 0 -124378.64491888 0
2731 0 -114981.79198257 0
2732 1 117157.03617538 1
2733 0 -121358.61531148 0
2734 1 130716.10559161 1
2735 0 -137538.51903939 0
2736 0 -150406.03773314 0
2737 1 95502.64108560 1
2738 1 111948.52451231 1
2739 1 106358.75789209 1
2740 1 120301.95409116 1
2741 0 -116776.43375598 0
2742 0 -108215.06444794 0
2743 1 150899.61443158 1
2744 0 -117579.05552587 0
2745 0 -103582.77957924 0
2746 0 -138822.88982840 0
2747 1 101918.74706458 1
2748 1 109409.93825072 1
2749 1 125454.06833945 1
2750 1 156664.16899596 1
2751 0 -110137.13176226 0
2752 1 120630.18576114 1
2753 1 124914.95804767 1
2754 0 -109173.00823104 0
2755 0 -137282.07607936 0
2756 1 120824.33793858 1
2757 1 141088.65304903 1
2758 1 92661.02077327 1
2759 1 105517.65074192 1
2760 0 -123789.63580611 0
2761 1 129573.27019309 1
2762 1 128919.88827235 1
2763 0 -109601.77296564 0
2764 0 -133019.38264073 0
2765 0 -119993.88828791 0
2766 0 -123105.19817911 0
2767 0 -123507.10874028 0
2768 0 -98131.34405166 0
2769 0 -120861.40931116 0
2770 1 124812.43321115 1
2771 0 -131364.46785179 0
2772 1 120811.24984194 1
2773 0 -107366.34701703 0
2774 1 133237.09089902 1
2775 0 -112396.68043497 0
2776 1 108672.05194130 1
2777 1 142120.10757301 1
2778 0 -135423.59122278 0
2779 1 116919.05199141 1
2780 0 -119333.99840549 0
2781 1 128441.65589289 1
2782 0 -113969.86127345 0
2783 0 -123159.70046567 0
2784 0 -117181.84759901 0
2785 1 137712.67607169 1
2786 1 115307.66422288 1
2787 0 -128375.05269345 0
2788 1 115229.49276392 1
2789 1 120637.00358268 1
2790 0 -108497.47517821 0
2791 0 -112477.00422215 0
2792 1 134968.09363561 1
2793 1 122681.56839403 1
2794 0 -103089.42857981 0
2795 1 114425.55210233 1
2796 0 -110994.58377343 0
2797 0 -137044.86844670 0
2798 1 134446.05602818 1
2799 0 -141431.82725352 0
2800 0 -103127.12266701 0
2801 0 -120674.53494882 0
2802 0 -129106.95883267 0
2803 1 117921.91339732 1
2804 0 -123342.35537217 0
2805 0 -128682.14188479 0
2806 0 -137029.47125439 0
2807 0 -116428.37381741 0
2808 0 -117046.77488893 0
2809 1 123606.64258745 1
2810 0 -130704.01830096 0
2811 0 -122084.84989500 0
2812 0 -133008.28146883 0
2813 0 -136772.42229573 0
2814 1 117103.67242225 1
2815 0 -114296.00882218 0
2816 1 141407.56116354 1
2817 0 -109249.68794986 0
2818 1 129408.52265734 1
2819 1 128905.04289904 1
2820 1 135675.03559294 1
2821 0 -102363.67942843 0
2822 0 -129841.07778513 0
2823 0 -136528.64683635 0
2824 1 120452.41276457 1
2825 0 -118923.95717769 0
2826 0 -134450.34970097 0
2827 1 136946.94811040 1
2828 1 125206.85168668 1
2829 0 -100455.67123829 0
2830 1 142209.97895003 1
2831 0 -112816.94167467 0
2832 0 -138647.05836894 0
2833 1 115055.51782282 1
2834 0 -160277.67913810 0
2835 1 113472.02173102 1
2836 0 -119773.87825410 0
2837 0 -121145.20126774 0
2838 0 -117164.47152605 0
2839 1 136389.24700272 1
2840 1 124267.86800713 1
2841 1 135124.96630963 1
2842 0 -126504.20459488 0
2843 0 -124633.87950973 0
2844 0 -141455.67178905 0
2845 1 113837.76109974 1
2846 1 135070.28574980 1
2847 1 132361.20907077 1
2848 1 150039.07790393 1
2849 0 -126569.04086071 0
2850 0 -122259.29500752 0
2851 1 136604.32577036 1
2852 0 -119431.50466535 0
2853 1 135531.84537437 1
2854 1 136325.99746777 1
2855 1 148877.86776126 1
2856 0 -129821.46510251 0
2857 0 -118981.24746252 0
2858 0 -137214.12627348 0
2859 1 110630.92333414 1
2860 1 132162.57248006 1
2861 1 127312.07396593 1
2862 0 -141616.36010540 0
2863 1 89250.78152857 1
2864 0 -109661.43485280 0
2865 0 -127225.23379203 0
2866 1 124319.00336289 1
2867 0 -105452.26747984 0
2868 1 108889.37810850 1
2869 1 144805.36878975 1
2870 0 -116076.48089743 0
2871 0 -111043.09510496 0
2872 0 -131554.90811882 0
2873 0 -121397.49058866 0
2874 0 -119746.60203644 0
2875 0 -116526.98213698 0
2876 0 -122394.80878426 0
2877 1 120232.32866077 1
2878 1 103125.17927592 1
2879 1 110807.63194289 1
2880 1 103442.51506647 1
2881 1 118313.13025465 1
2882 0 -113941.26695951 0
2883 0 -148191.06433335 0
2884 1 108130.53641412 1
2885 1 109375.38301105 1
2886 1 122858.38702678 1
2887 1 100162.79407788 1
2888 0 -100708.40981139 0
2889 0 -125080.85561580 0
2890 0 -145518.42600925 0
2891 0 -129989.29808752 0
2892 1 100611.43201948 1
2893 0 -123637.64221212 0
2894 1 94307.38722214 1
2895 1 126355.23687735 1
2896 0 -127337.22436164 0
2897 0 -151591.28182562 0
2898 0 -105061.59499180 0
2899 0 -109774.30959393 0
2900 0 -132693.03841180 0
2901 0 -116277.70187094 0
2902 1 139586.43300749 1
2903 1 123467.68055000 1
2904 1 154093.30129893 1
2905 1 112471.29566000 1
2906 1 118880.79215046 1
2907 1 130137.59416991 1
2908 1 113440.41369573 1
2909 0 -104328.79575205 0
2910 0 -134279.85010917 0
2911 0 -154981.89797983 0
2912 0 -108933.09722981 0
2913 0 -119668.02537843 0
2914 0 -138167.98640878 0
2915 0 -119293.31188623 0
2916 0 -133210.51685065 0
2917 0 -122854.48459372 0
2918 1 137446.97221703 1
2919 1 116487.01818085 1
2920 0 -103624.96690574 0
2921 0 -137309.82933792 0
2922 1 120219.86489859 1
2923 0 -117337.54116239 0
2924 1 128681.21303828 1
2925 1 151115.89337797 1
2926 1 104698.71874727 1
2927 1 114123.11558995 1
2928 0 -129199.84693460 0
2929 1 119171.20496163 1
2930 1 106326.37682770 1
2931 0 -125820.05972393 0
2932 0 -137581.52261333 0
2933 1 112870.52764930 1
2934 0 -118712.78251593 0
2935 1 133047.33951979 1
2936 0 -91184.27881974 0
2937 0 -130290.25924546 0
2938 0 -129191.32675290 0
2939 0 -130904.87303980 0
2940 1 91633.13384299 1
2941 0 -102311.45447557 0
2942 1 141893.38444281 1
2943 0 -100968.49586956 0
2944 1 134101.28492946 1
2945 1 129417.76239570 1
2946 0 -131647.63422477 0
2947 0 -112412.11126054 0
2948 1 108871.79497931 1
2949 1 129530.06643210 1
2950 1 102487.69257343 1
2951 1 124829.84773466 1
2952 0 -137852.64112173 0
2953 0 -150254.28044432 0
2954 1 115894.24276572 1
2955 0 -108504.46730610 0
2956 0 -118066.58223814 0
2957 0 -105708.61431626 0
2958 1 131652.36810477 1
2959 1 122772.29044335 1
2960 0 -132306.40086817 0
2961 0 -114877.16109169 0
2962 0 -119851.65874090 0
2963 1 133469.74871459 1
2964 0 -121189.08168693 0
2965 0 -141892.16526335 0
2966 0 -115686.52297601 0
2967 1 136401.30816585 1
2968 0 -103086.17749854 0
2969 1 103402.15448937 1
2970 1 127693.55156111 1
2971 1 110115.57655432 1
2972 1 119863.44967528 1
2973 1 125990.87639836 1
2974 1 130930.61871608 1
2975 0 -111681.35035390 0
2976 1 116491.57645588 1
2977 0 -106173.19173687 0
2978 0 -108140.21745007 0
2979 0 -130302.63534615 0
2980 1 118690.09544254 1
2981 1 139082.45469728 1
2982 0 -111074.79514816 0
2983 1 121039.79317622 1
2984 1 127510.78869134 1
2985 0 -122650.46698736 0
2986 0 -131828.58141250 0
2987 1 112539.47948016 1
2988 0 -124679.82100656 0
2989 0 -114644.41640241 0
2990 0 -117021.18530707 0
2991 1 135541.62018764 1
2992 1 117430.91546292 1
2993 0 -121287.14230753 0
2994 1 127326.37324481 1
2995 0 -136672.77813497 0
2996 1 111370.55742746 1
2997 1 105265.77655233 1
2998 1 132038.73244275 1
2999 0 -123096.23278678 0
3000 1 131947.94639887 1
3001 0 -104484.09012747 0
3002 1 146994.33471385 1
3003 1 127744.29286505 1
3004 1 117652.14125272 1
3005 1 121781.56772176 1
3006 0 -111289.32545310 0
3007 1 129148.61322900 1
3008 0 -134835.17498454 0
3009 1 145339.59184500 1
3010 0 -133313.52646518 0
3011 0 -107334.97361212 0
3012 0 -119774.39852293 0
3013 1 117805.04917802 1
3014 1 116903.11849667 1
3015 0 -125426.13858341 0
3016 1 135027.67444842 1
3017 0 -122951.64380171 0
3018 0 -114822.72958337 0
3019 1 125018.42472114 1
3020 0 -115754.74736187 0
3021 1 108340.19137048 1
3022 1 101186.98375723 1
3023 0 -135005.79592726 0
3024 1 98037.32301782 1
3025 0 -104369.57110432 0
3026 0 -135485.22247497 0
3027 1 119806.85593559 1
3028 0 -129717.66631929 0
3029 0 -127102.41452502 0
3030 0 -146625.43329433 0
3031 0 -127296.44810403 0
3032 0 -96606.84643266 0
3033 1 134720.74130103 1
3034 1 97925.52931443 1
3035 0 -133919.35236777 0
3036 1 105849.45934384 1
3037 1 132437.97401578 1
3038 0 -121062.68212758 0
3039 1 94249.19931960 1
3040 1 113986.77291625 1
3041 0 -99840.01539026 0
3042 1 107197.76736796 1
3043 0 -116828.94379240 0
3044 0 -129793.97949117 0
3045 0 -118167.17433969 0
3046 0 -115078.36633868 0
3047 0 -112930.52591632 0
3048 1 107499.11932085 1
3049 0 -136520.15329738 0
3050 0 -113933.01431816 0
3051 1 127343.90713287 1
3052 1 112570.50337174 1
3053 0 -127810.42029273 0
3054 1 120293.49030921 1
3055 0 -104730.34128430 0
3056 0 -118728.44296027 0
3057 1 123289.90878384 1
3058 1 123560.91017981 1
3059 0 -107830.66878775 0
3060 1 112864.22820039 1
3061 1 133051.01013058 1
3062 0 -97970.46071919 0
3063 0 -107858.60939950 0
3064 1 119827.29860273 1
3065 1 134626.12668912 1
3066 0 -106723.71844010 0
3067 0 -112859.62059215 0
3068 0 -132586.77088665 0
3069 0 -104095.24893657 0
3070 1 97711.72658947 1
3071 0 -124200.97209571 0
3072 1 143244.35687138 1
3073 0 -133378.02566928 0
3074 0 -119158.88085952 0
3075 0 -128759.81944055 0
3076 1 106179.09712038 1
3077 0 -134744.23535114 0
3078 1 117807.22980519 1
3079 0 -159563.13507686 0
3080 1 102332.98363482 1
3081 1 122074.80415421 1
3082 0 -125337.10846972 0
3083 0 -117742.41576007 0
3084 0 -132661.82558565 0
3085 1 124275.21500734 1
3086 0 -131203.39979768 0
3087 1 117879.21842113 1
3088 0 -108639.59609636 0
3089 1 124992.30600019 1
3090 0 -107161.64212054 0
3091 0 -124847.91018876 0
3092 0 -125072.03417095 0
3093 0 -125567.55280625 0
3094 1 103593.38874559 1
3095 0 -101244.23285051 0
3096 1 127042.81372177 1
3097 0 -115488.46604245 0
3098 0 -114473.31211394 0
3099 0 -124120.95403039 0
3100 1 143145.50201598 1
3101 0 -98480.44325973 0
3102 1 118291.81579555 1
3103 0 -128048.25673265 0
3104 0 -112170.24911341 0
3105 1 117583.32315057 1
3106 1 124619.50081073 1
3107 1 145376.19980236 1
3108 0 -110196.96539818 0
3109 1 99627.94437606 1
3110 1 125945.61571356 1
3111 0 -87798.74437990 0
3112 1 128717.33375015 1
3113 1 126897.72837205 1
3114 1 143017.13459458 1
3115 1 96809.13494666 1
3116 0 -95157.49784670 0
3117 1 111029.27298928 1
3118 1 117040.79815051 1
3119 1 139664.83063626 1
3120 1 120255.29447827 1
3121 0 -144480.02280744 0
3122 0 -119156.37352168 0
3123 0 -117421.62152096 0
3124 1 131777.90576917 1
3125 1 118826.92024701 1
3126 0 -116594.60671777 0
3127 0 -133722.29155877 0
3128 0 -147584.35068934 0
3129 0 -108974.99408654 0
3130 0 -102267.66996033 0
3131 1 117093.40776181 1
3132 1 121923.78723571 1
3133 1 127606.92005080 1
3134 0 -131595.74928407 0
3135 1 132818.38793285 1
3136 0 -110603.16033670 0
3137 0 -110803.03573510 0
3138 1 140591.10804017 1
3139 1 90534.28033874 1
3140 1 122946.15349209 1
3141 1 132552.37459732 1
3142 0 -133359.56294440 0
3143 1 110666.11250259 1
3144 1 103459.25551813 1
3145 0 -122307.78464410 0
3146 1 104103.31731132 1
3147 1 111053.54517876 1
3148 0 -92533.55193034 0
3149 1 139776.78002070 1
3150 0 -97317.63874309 0
3151 0 -111721.76904246 0
3152 0 -121346.07107014 0
3153 1 92218.02443191 1
3154 0 -124564.55213040 0
3155 0 -133553.78805714 0
3156 1 137238.59081806 1
3157 1 104301.12689346 1
3158 1 102047.19177743 1
3159 1 122513.29520221 1
3160 1 94035.89469821 1
3161 1 126993.42935981 1
3162 0 -93682.31427515 0
3163 0 -136077.17984988 0
3164 1 98755.91947353 1
3165 1 119402.41306610 1
3166 0 -111547.40917237 0
3167 1 105076.89669675 1
3168 0 -127766.84414936 0
3169 1 116603.13734224 1
3170 1 143131.19524640 1
3171 1 103045.25708605 1
3172 0 -94018.86362328 0
3173 1 116759.32757593 1
3174 1 93071.23237748 1
3175 0 -127402.07313115 0
3176 0 -125655.32052150 0
3177 0 -150891.59462509 0
3178 1 106331.94750711 1
3179 1 115267.99463482 1
3180 0 -126161.20626421 0
3181 0 -105095.10679370 0
3182 1 117602.41424007 1
3183 0 -122185.55894787 0
3184 0 -147004.42714791 0
3185 1 110357.84417514 1
3186 0 -113819.36105799 0
3187 0 -115745.58587406 0
3188 1 107646.39046691 1
3189 1 122168.90055589 1
3190 1 127760.90085766 1
3191 0 -138471.17585713 0
3192 1 115107.54473827 1
3193 1 117504.06208887 1
3194 1 124241.95374050 1
3195 1 119757.05430245 1
3196 0 -127243.67158530 0
3197 0 -109354.44083174 0
3198 1 135075.00077086 1
3199 1 87334.50155504 1
