# idx_int bit_int post_llr_q hard
0 0 -64 0
1 1 63 1
2 0 -64 0
3 1 63 1
4 0 -64 0
5 0 -64 0
6 0 -64 0
7 1 63 1
8 1 63 1
9 1 63 1
10 1 63 1
11 0 -64 0
12 0 -64 0
13 0 -49 0
14 0 -64 0
15 0 -64 0
16 0 -64 0
17 1 63 1
18 1 63 1
19 0 -64 0
20 1 63 1
21 1 63 1
22 0 -64 0
23 1 63 1
24 1 63 1
25 1 63 1
26 0 -64 0
27 1 63 1
28 1 63 1
29 0 -64 0
30 1 63 1
31 0 -64 0
32 1 63 1
33 0 -64 0
34 1 63 1
35 0 -64 0
36 0 -64 0
37 1 63 1
38 0 -64 0
39 1 63 1
40 0 -64 0
41 1 63 1
42 1 63 1
43 0 -64 0
44 0 -64 0
45 1 63 1
46 1 63 1
47 1 63 1
48 0 -64 0
49 0 -64 0
50 1 63 1
51 0 -64 0
52 0 -64 0
53 1 63 1
54 0 -64 0
55 0 -64 0
56 1 63 1
57 1 63 1
58 1 63 1
59 0 -64 0
60 0 -64 0
61 1 63 1
62 0 -64 0
63 0 -64 0
64 1 63 1
65 0 -64 0
66 0 -64 0
67 0 63 1
68 0 -64 0
69 1 63 1
70 1 63 1
71 0 -64 0
72 0 -64 0
73 0 -64 0
74 0 -64 0
75 1 63 1
76 0 -64 0
77 1 63 1
78 1 63 1
79 0 -64 0
80 1 63 1
81 1 63 1
82 0 -64 0
83 0 -64 0
84 1 63 1
85 1 63 1
86 0 -64 0
87 0 -64 0
88 0 -64 0
89 1 63 1
90 0 -64 0
91 1 63 1
92 0 -64 0
93 0 -64 0
94 1 63 1
95 0 -64 0
96 1 63 1
97 1 63 1
98 1 63 1
99 0 -64 0
100 0 -64 0
101 0 -64 0
102 1 63 1
103 1 63 1
104 1 63 1
105 1 63 1
106 1 63 1
107 0 -64 0
108 1 63 1
109 0 -64 0
110 1 63 1
111 0 -64 0
112 0 -64 0
113 0 -64 0
114 0 -64 0
115 1 63 1
116 0 -64 0
117 1 63 1
118 1 63 1
119 1 63 1
120 1 63 1
121 1 63 1
122 0 -64 0
123 0 -64 0
124 0 -45 0
125 1 63 1
126 1 63 1
127 0 -64 0
128 0 -64 0
129 0 -64 0
130 1 63 1
131 0 -64 0
132 0 -64 0
133 0 -64 0
134 0 -64 0
135 1 63 1
136 0 -64 0
137 1 63 1
138 0 -64 0
139 0 -64 0
140 1 63 1
141 1 63 1
142 0 -64 0
143 0 -64 0
144 1 63 1
145 1 63 1
146 0 -64 0
147 1 63 1
148 0 -64 0
149 0 -64 0
150 0 -64 0
151 0 -64 0
152 1 63 1
153 1 63 1
154 1 63 1
155 0 -64 0
156 1 63 1
157 1 63 1
158 0 -64 0
159 1 63 1
160 0 -64 0
161 0 -64 0
162 0 -64 0
163 1 63 1
164 0 -64 0
165 1 63 1
166 1 63 1
167 1 63 1
168 1 63 1
169 0 -64 0
170 1 63 1
171 1 63 1
172 0 63 1
173 1 63 1
174 0 -64 0
175 1 63 1
176 1 63 1
177 1 63 1
178 1 63 1
179 0 -64 0
180 0 -64 0
181 0 -64 0
182 1 63 1
183 0 -64 0
184 1 63 1
185 1 63 1
186 0 -64 0
187 0 -64 0
188 0 -64 0
189 0 -64 0
190 0 -64 0
191 1 63 1
192 0 -64 0
193 0 -64 0
194 1 63 1
195 0 -64 0
196 1 63 1
197 0 -64 0
198 1 63 1
199 1 63 1
200 0 -64 0
201 0 -64 0
202 0 -64 0
203 1 63 1
204 1 63 1
205 0 -64 0
206 0 -64 0
207 0 -64 0
208 0 -64 0
209 0 -64 0
210 1 63 1
211 1 63 1
212 1 63 1
213 1 63 1
214 1 63 1
215 1 63 1
216 1 63 1
217 0 -64 0
218 0 -64 0
219 0 -64 0
220 1 63 1
221 1 63 1
222 1 63 1
223 1 63 1
224 0 -64 0
225 1 63 1
226 1 63 1
227 1 63 1
228 1 63 1
229 0 -64 0
230 0 -64 0
231 0 -64 0
232 0 -64 0
233 1 63 1
234 0 -64 0
235 1 63 1
236 0 -64 0
237 1 63 1
238 0 -64 0
239 1 63 1
240 0 -64 0
241 0 -64 0
242 0 -64 0
243 1 63 1
244 0 -64 0
245 0 -58 0
246 1 63 1
247 0 -64 0
248 1 63 1
249 0 -64 0
250 1 63 1
251 0 -64 0
252 0 -64 0
253 1 63 1
254 0 -64 0
255 0 -64 0
256 1 63 1
257 1 63 1
258 0 -51 0
259 0 -64 0
260 0 -64 0
261 1 63 1
262 1 63 1
263 0 -64 0
264 1 63 1
265 0 -64 0
266 1 63 1
267 1 63 1
268 0 -64 0
269 1 63 1
270 0 -64 0
271 0 -64 0
272 1 63 1
273 0 -64 0
274 0 -64 0
275 0 -64 0
276 0 -64 0
277 0 -64 0
278 0 -64 0
279 0 -64 0
280 0 -64 0
281 0 -64 0
282 0 -64 0
283 0 -64 0
284 1 63 1
285 1 63 1
286 1 63 1
287 0 -64 0
288 0 -64 0
289 0 -64 0
290 1 63 1
291 1 63 1
292 0 -64 0
293 1 63 1
294 0 -64 0
295 1 63 1
296 1 63 1
297 0 -64 0
298 1 63 1
299 1 63 1
300 1 63 1
301 0 -64 0
302 0 -64 0
303 0 -64 0
304 1 63 1
305 1 63 1
306 1 63 1
307 1 63 1
308 1 63 1
309 0 -64 0
310 1 63 1
311 0 -64 0
312 0 -64 0
313 1 63 1
314 1 63 1
315 1 63 1
316 0 -64 0
317 1 63 1
318 1 63 1
319 0 -64 0
320 1 63 1
321 1 63 1
322 1 63 1
323 0 -64 0
324 0 -64 0
325 0 -64 0
326 0 -64 0
327 0 -64 0
328 0 -64 0
329 0 -64 0
330 0 -64 0
331 0 -64 0
332 1 63 1
333 0 -64 0
334 0 -64 0
335 1 63 1
336 1 63 1
337 1 63 1
338 0 -64 0
339 0 -64 0
340 1 63 1
341 1 63 1
342 1 63 1
343 1 63 1
344 0 -64 0
345 0 -64 0
346 0 -64 0
347 0 -64 0
348 1 63 1
349 0 -64 0
350 1 63 1
351 0 -54 0
352 0 -64 0
353 0 -64 0
354 1 63 1
355 1 63 1
356 1 63 1
357 1 63 1
358 1 63 1
359 1 63 1
360 1 63 1
361 0 -64 0
362 0 -64 0
363 0 -64 0
364 1 63 1
365 1 63 1
366 1 63 1
367 0 -64 0
368 1 63 1
369 0 35 1
370 1 63 1
371 0 -64 0
372 0 -64 0
373 1 63 1
374 1 63 1
375 0 -64 0
376 0 -64 0
377 1 63 1
378 1 63 1
379 0 -64 0
380 1 63 1
381 1 63 1
382 0 -64 0
383 0 -64 0
384 1 63 1
385 0 -64 0
386 1 63 1
387 0 -64 0
388 0 -64 0
389 0 -64 0
390 1 63 1
391 0 -64 0
392 0 -64 0
393 1 63 1
394 1 63 1
395 0 -64 0
396 0 -64 0
397 0 -64 0
398 1 63 1
399 0 -64 0
400 1 39 1
401 1 63 1
402 1 63 1
403 0 -64 0
404 1 63 1
405 0 -64 0
406 1 63 1
407 0 -64 0
408 1 63 1
409 0 -64 0
410 0 -64 0
411 0 -64 0
412 0 -64 0
413 0 -64 0
414 1 63 1
415 0 -64 0
416 1 63 1
417 1 63 1
418 1 63 1
419 0 -64 0
420 0 -64 0
421 1 63 1
422 1 63 1
423 1 63 1
424 1 63 1
425 1 63 1
426 0 -64 0
427 1 63 1
428 1 63 1
429 0 -64 0
430 1 63 1
431 1 63 1
432 1 63 1
433 0 -64 0
434 0 -64 0
435 0 -64 0
436 0 -64 0
437 0 -64 0
438 1 63 1
439 1 63 1
440 0 -64 0
441 1 48 1
442 0 -64 0
443 0 -64 0
444 1 63 1
445 0 -64 0
446 1 63 1
447 1 63 1
448 1 63 1
449 1 63 1
450 1 63 1
451 0 -64 0
452 0 -64 0
453 0 -64 0
454 1 63 1
455 0 -64 0
456 0 -64 0
457 1 63 1
458 1 63 1
459 1 63 1
460 1 63 1
461 1 63 1
462 1 63 1
463 1 63 1
464 0 -64 0
465 1 63 1
466 1 63 1
467 0 -60 0
468 1 63 1
469 0 -64 0
470 1 63 1
471 1 63 1
472 0 -64 0
473 1 63 1
474 0 -64 0
475 0 -64 0
476 0 -64 0
477 1 63 1
478 1 63 1
479 0 -64 0
480 1 63 1
481 1 63 1
482 0 -64 0
483 0 -64 0
484 0 -64 0
485 0 -64 0
486 0 -64 0
487 1 63 1
488 0 -64 0
489 0 -64 0
490 0 -57 0
491 0 -64 0
492 0 -64 0
493 1 63 1
494 0 -64 0
495 1 63 1
496 0 -64 0
497 1 63 1
498 1 63 1
499 1 63 1
500 0 -64 0
501 1 63 1
502 0 -64 0
503 0 -64 0
504 1 63 1
505 1 63 1
506 1 60 1
507 0 -64 0
508 0 -64 0
509 1 63 1
510 1 63 1
511 0 -64 0
512 0 -64 0
513 0 -64 0
514 0 -64 0
515 1 63 1
516 1 63 1
517 1 63 1
518 0 -64 0
519 1 63 1
520 1 63 1
521 0 -64 0
522 0 -64 0
523 1 63 1
524 0 -45 0
525 1 63 1
526 0 -64 0
527 1 63 1
528 0 -64 0
529 0 -64 0
530 1 63 1
531 1 63 1
532 1 63 1
533 1 63 1
534 1 63 1
535 1 63 1
536 0 -64 0
537 1 63 1
538 0 -64 0
539 0 -64 0
540 1 63 1
541 1 63 1
542 0 -64 0
543 1 63 1
544 0 -64 0
545 0 -64 0
546 0 -64 0
547 0 -64 0
548 1 63 1
549 1 63 1
550 0 -64 0
551 1 63 1
552 0 -64 0
553 0 -64 0
554 1 63 1
555 1 63 1
556 1 63 1
557 0 -64 0
558 0 -64 0
559 0 -64 0
560 0 -64 0
561 1 63 1
562 1 63 1
563 1 63 1
564 0 -64 0
565 0 -64 0
566 1 63 1
567 0 -64 0
568 0 -64 0
569 0 -64 0
570 1 63 1
571 1 63 1
572 1 63 1
573 1 63 1
574 1 63 1
575 1 63 1
576 1 63 1
577 0 -64 0
578 0 -64 0
579 1 63 1
580 1 63 1
581 0 -64 0
582 0 -64 0
583 1 63 1
584 0 -64 0
585 0 -64 0
586 1 63 1
587 0 -64 0
588 0 -64 0
589 1 63 1
590 0 -64 0
591 1 63 1
592 0 -64 0
593 1 63 1
594 1 63 1
595 1 63 1
596 0 -40 0
597 0 -64 0
598 1 63 1
599 0 -64 0
600 1 63 1
601 1 63 1
602 1 63 1
603 0 -64 0
604 0 -64 0
605 1 63 1
606 0 -64 0
607 1 63 1
608 0 -64 0
609 1 63 1
610 1 63 1
611 1 63 1
612 0 -64 0
613 0 -64 0
614 1 63 1
615 1 63 1
616 1 63 1
617 1 63 1
618 1 63 1
619 0 -64 0
620 0 -64 0
621 0 -64 0
622 0 -56 0
623 0 -64 0
624 1 63 1
625 0 -64 0
626 0 -64 0
627 0 -64 0
628 0 -64 0
629 0 -64 0
630 1 63 1
631 0 -64 0
632 0 -64 0
633 1 63 1
634 1 63 1
635 0 -64 0
636 0 -64 0
637 1 63 1
638 1 63 1
639 1 63 1
640 0 -64 0
641 1 63 1
642 0 -64 0
643 1 63 1
644 0 -64 0
645 0 -53 0
646 0 -64 0
647 1 63 1
648 0 -64 0
649 1 63 1
650 0 -64 0
651 1 63 1
652 0 -64 0
653 1 63 1
654 0 -64 0
655 1 63 1
656 0 -64 0
657 1 63 1
658 1 44 1
659 1 63 1
660 1 63 1
661 0 -64 0
662 1 63 1
663 1 63 1
664 0 -64 0
665 0 -64 0
666 0 -64 0
667 1 63 1
668 1 63 1
669 0 -64 0
670 1 63 1
671 0 -64 0
672 0 -64 0
673 1 63 1
674 1 63 1
675 1 63 1
676 1 63 1
677 1 63 1
678 1 63 1
679 0 -64 0
680 0 -64 0
681 0 -64 0
682 1 63 1
683 1 63 1
684 0 -64 0
685 0 -64 0
686 0 -64 0
687 0 -64 0
688 0 -64 0
689 0 -64 0
690 1 63 1
691 1 63 1
692 0 -64 0
693 1 63 1
694 0 -64 0
695 1 63 1
696 0 -64 0
697 1 63 1
698 1 63 1
699 1 63 1
700 0 -64 0
701 1 63 1
702 1 63 1
703 1 63 1
704 0 -64 0
705 1 63 1
706 1 63 1
707 1 63 1
708 1 63 1
709 1 63 1
710 0 -64 0
711 1 63 1
712 1 63 1
713 0 -64 0
714 1 63 1
715 0 -64 0
716 1 63 1
717 0 -64 0
718 1 63 1
719 1 63 1
720 0 -64 0
721 1 63 1
722 0 -64 0
723 1 63 1
724 1 63 1
725 0 -64 0
726 1 63 1
727 0 -64 0
728 0 -64 0
729 0 -64 0
730 0 -64 0
731 1 63 1
732 1 63 1
733 0 -64 0
734 1 63 1
735 1 63 1
736 0 -64 0
737 1 63 1
738 1 63 1
739 1 63 1
740 0 -64 0
741 1 63 1
742 0 -64 0
743 1 63 1
744 1 63 1
745 1 63 1
746 1 63 1
747 0 -64 0
748 0 -64 0
749 0 -64 0
750 1 63 1
751 0 -55 0
752 1 63 1
753 0 -64 0
754 1 63 1
755 0 -64 0
756 0 -64 0
757 1 63 1
758 0 -64 0
759 1 63 1
760 0 -64 0
761 1 63 1
762 1 63 1
763 0 -64 0
764 0 -64 0
765 1 63 1
766 0 -64 0
767 1 63 1
768 1 63 1
769 1 42 1
770 0 -64 0
771 1 63 1
772 1 63 1
773 1 63 1
774 1 63 1
775 1 63 1
776 0 -64 0
777 1 63 1
778 1 63 1
779 0 -64 0
780 1 63 1
781 0 -64 0
782 0 -64 0
783 0 -64 0
784 1 63 1
785 1 63 1
786 1 63 1
787 1 63 1
788 0 -64 0
789 0 -64 0
790 0 -64 0
791 0 -64 0
792 1 63 1
793 0 -64 0
794 1 63 1
795 0 -64 0
796 0 -64 0
797 0 -64 0
798 1 63 1
799 0 -64 0
800 0 -37 0
801 0 -64 0
802 1 63 1
803 1 63 1
804 0 -64 0
805 0 -64 0
806 1 63 1
807 0 -64 0
808 0 -64 0
809 1 63 1
810 0 -64 0
811 0 -64 0
812 0 -64 0
813 0 -59 0
814 1 63 1
815 0 -64 0
816 0 -64 0
817 1 63 1
818 1 63 1
819 1 63 1
820 1 63 1
821 1 63 1
822 0 -64 0
823 0 -64 0
824 0 -64 0
825 0 -64 0
826 1 63 1
827 0 -64 0
828 0 -64 0
829 0 -64 0
830 1 63 1
831 0 -64 0
832 1 -64 0
833 0 -64 0
834 1 63 1
835 1 63 1
836 1 63 1
837 0 -64 0
838 1 63 1
839 0 -64 0
840 1 63 1
841 0 -64 0
842 0 -64 0
843 0 -64 0
844 1 63 1
845 1 63 1
846 0 -64 0
847 0 -64 0
848 1 63 1
849 0 -64 0
850 1 63 1
851 0 -64 0
852 0 -64 0
853 1 63 1
854 0 -64 0
855 0 -64 0
856 1 63 1
857 1 63 1
858 1 63 1
859 1 63 1
860 0 -64 0
861 1 63 1
862 1 63 1
863 1 63 1
864 1 63 1
865 1 63 1
866 0 -64 0
867 1 55 1
868 0 -64 0
869 1 63 1
870 0 -64 0
871 0 -64 0
872 1 63 1
873 1 63 1
874 0 -64 0
875 1 63 1
876 0 -64 0
877 0 -64 0
878 1 63 1
879 1 63 1
880 0 -64 0
881 0 -64 0
882 1 63 1
883 0 -64 0
884 1 63 1
885 1 63 1
886 1 63 1
887 1 63 1
888 1 63 1
889 0 -64 0
890 1 63 1
891 1 63 1
892 0 -64 0
893 0 -64 0
894 0 -64 0
895 1 63 1
896 0 -64 0
897 1 63 1
898 0 -64 0
899 0 -64 0
900 0 -64 0
901 0 -64 0
902 0 -64 0
903 0 -64 0
904 0 -64 0
905 0 -64 0
906 1 63 1
907 0 -64 0
908 1 63 1
909 1 63 1
910 1 63 1
911 0 -64 0
912 1 63 1
913 0 -64 0
914 0 -64 0
915 0 -64 0
916 1 63 1
917 0 -64 0
918 0 -64 0
919 1 63 1
920 1 63 1
921 0 -64 0
922 1 63 1
923 1 63 1
924 1 60 1
925 1 63 1
926 1 63 1
927 0 -64 0
928 0 -64 0
929 1 63 1
930 0 -64 0
931 0 -64 0
932 1 63 1
933 1 63 1
934 0 -64 0
935 1 63 1
936 1 63 1
937 1 63 1
938 0 -64 0
939 0 -64 0
940 0 -64 0
941 0 -64 0
942 0 -64 0
943 0 -64 0
944 1 63 1
945 0 -64 0
946 1 63 1
947 1 63 1
948 1 63 1
949 0 -64 0
950 0 -64 0
951 1 63 1
952 1 63 1
953 1 63 1
954 0 -64 0
955 0 -64 0
956 1 63 1
957 0 -64 0
958 0 -64 0
959 1 63 1
960 1 63 1
961 1 63 1
962 1 63 1
963 1 63 1
964 0 -64 0
965 1 63 1
966 1 63 1
967 0 -64 0
968 0 -64 0
969 0 -64 0
970 0 -64 0
971 0 -64 0
972 0 -64 0
973 1 63 1
974 0 -64 0
975 0 -64 0
976 0 -64 0
977 0 -64 0
978 0 -64 0
979 1 63 1
980 1 63 1
981 1 63 1
982 1 63 1
983 1 63 1
984 1 63 1
985 1 63 1
986 0 -64 0
987 1 63 1
988 1 63 1
989 1 63 1
990 1 63 1
991 1 63 1
992 0 -64 0
993 1 63 1
994 0 -64 0
995 0 -64 0
996 0 -39 0
997 0 -64 0
998 0 -64 0
999 1 63 1
1000 1 63 1
1001 1 63 1
1002 0 -64 0
1003 1 63 1
1004 0 -64 0
1005 1 63 1
1006 1 63 1
1007 1 63 1
1008 1 -64 0
1009 0 -64 0
1010 1 63 1
1011 0 -64 0
1012 1 63 1
1013 0 -64 0
1014 0 -53 0
1015 1 63 1
1016 0 -64 0
1017 0 -64 0
1018 0 -64 0
1019 0 -64 0
1020 1 63 1
1021 1 63 1
1022 1 50 1
1023 1 63 1
1024 0 -64 0
1025 0 -64 0
1026 0 -64 0
1027 1 63 1
1028 1 63 1
1029 0 -64 0
1030 1 63 1
1031 0 -64 0
1032 0 -64 0
1033 0 -64 0
1034 1 63 1
1035 0 -64 0
1036 1 63 1
1037 0 -64 0
1038 0 -64 0
1039 0 -64 0
1040 1 63 1
1041 1 63 1
1042 1 63 1
1043 1 63 1
1044 1 63 1
1045 1 49 1
1046 1 63 1
1047 1 63 1
1048 0 -64 0
1049 0 -64 0
1050 0 -64 0
1051 1 63 1
1052 1 63 1
1053 1 63 1
1054 0 -64 0
1055 1 63 1
1056 1 63 1
1057 1 63 1
1058 0 63 1
1059 1 63 1
1060 1 63 1
1061 1 63 1
1062 0 -64 0
1063 1 63 1
1064 0 -64 0
1065 0 -64 0
1066 1 63 1
1067 0 -64 0
1068 1 63 1
1069 1 63 1
1070 0 -64 0
1071 1 63 1
1072 0 -64 0
1073 1 63 1
1074 1 63 1
1075 0 -64 0
1076 0 -64 0
1077 0 -64 0
1078 0 -64 0
1079 1 63 1
1080 0 -64 0
1081 1 63 1
1082 1 63 1
1083 0 -64 0
1084 0 -64 0
1085 0 -64 0
1086 0 -64 0
1087 0 -64 0
1088 0 -64 0
1089 0 -64 0
1090 0 -64 0
1091 0 -64 0
1092 1 63 1
1093 0 -64 0
1094 0 -64 0
1095 0 -64 0
1096 0 -64 0
1097 0 -64 0
1098 0 -64 0
1099 0 -64 0
1100 1 63 1
1101 0 -64 0
1102 0 -64 0
1103 0 -64 0
1104 0 -64 0
1105 0 -64 0
1106 0 -64 0
1107 1 63 1
1108 0 -64 0
1109 1 63 1
1110 0 -64 0
1111 0 -64 0
1112 1 63 1
1113 1 63 1
1114 0 -64 0
1115 1 63 1
1116 0 -64 0
1117 0 -64 0
1118 0 -64 0
1119 0 -64 0
1120 0 -64 0
1121 0 -64 0
1122 0 -64 0
1123 0 -64 0
1124 0 -64 0
1125 0 -64 0
1126 1 63 1
1127 1 63 1
1128 1 63 1
1129 1 63 1
1130 0 -64 0
1131 0 -64 0
1132 1 63 1
1133 0 -64 0
1134 1 63 1
1135 0 -64 0
1136 1 63 1
1137 1 63 1
1138 0 -64 0
1139 1 63 1
1140 0 -64 0
1141 1 63 1
1142 1 63 1
1143 1 63 1
1144 1 63 1
1145 1 63 1
1146 1 63 1
1147 0 -64 0
1148 1 63 1
1149 1 63 1
1150 0 -64 0
1151 1 63 1
1152 0 -64 0
1153 0 -64 0
1154 0 -64 0
1155 0 -64 0
1156 1 63 1
1157 1 63 1
1158 1 63 1
1159 1 63 1
1160 0 -64 0
1161 0 -64 0
1162 0 -64 0
1163 0 -64 0
1164 0 -64 0
1165 1 63 1
1166 0 -64 0
1167 0 -64 0
1168 0 -64 0
1169 0 -58 0
1170 0 -64 0
1171 1 63 1
1172 1 63 1
1173 1 63 1
1174 0 -64 0
1175 0 -64 0
1176 0 -64 0
1177 1 63 1
1178 0 -64 0
1179 0 -64 0
1180 1 63 1
1181 1 63 1
1182 0 -64 0
1183 1 63 1
1184 0 -64 0
1185 1 63 1
1186 1 63 1
1187 0 -64 0
1188 1 63 1
1189 0 -64 0
1190 0 -64 0
1191 1 63 1
1192 0 -64 0
1193 0 -64 0
1194 1 63 1
1195 0 -64 0
1196 1 63 1
1197 0 -64 0
1198 1 63 1
1199 0 -64 0
1200 1 39 1
1201 1 63 1
1202 1 63 1
1203 1 63 1
1204 1 63 1
1205 1 63 1
1206 1 63 1
1207 0 -64 0
1208 1 63 1
1209 0 -64 0
1210 1 63 1
1211 0 -64 0
1212 0 -64 0
1213 0 -53 0
1214 0 -64 0
1215 1 63 1
1216 0 -64 0
1217 0 -64 0
1218 0 -64 0
1219 1 63 1
1220 1 63 1
1221 0 -64 0
1222 1 63 1
1223 0 -64 0
1224 1 63 1
1225 0 -64 0
1226 1 63 1
1227 0 -64 0
1228 0 -64 0
1229 0 -64 0
1230 1 63 1
1231 0 -64 0
1232 1 63 1
1233 1 63 1
1234 1 63 1
1235 1 63 1
1236 0 -64 0
1237 1 63 1
1238 0 -64 0
1239 0 -64 0
1240 1 63 1
1241 0 -64 0
1242 0 -64 0
1243 1 63 1
1244 0 -64 0
1245 1 63 1
1246 0 -64 0
1247 0 -64 0
1248 1 63 1
1249 1 63 1
1250 0 -64 0
1251 1 63 1
1252 0 -64 0
1253 0 -64 0
1254 1 63 1
1255 1 63 1
1256 1 63 1
1257 0 -64 0
1258 1 63 1
1259 0 -64 0
1260 0 -64 0
1261 0 -64 0
1262 1 63 1
1263 0 -64 0
1264 0 -64 0
1265 0 -64 0
1266 1 63 1
1267 0 -56 0
1268 0 -64 0
1269 0 -64 0
1270 0 -64 0
1271 1 63 1
1272 1 63 1
1273 1 63 1
1274 1 63 1
1275 0 -64 0
1276 0 -64 0
1277 0 -64 0
1278 0 -64 0
1279 1 63 1
1280 1 63 1
1281 1 63 1
1282 1 63 1
1283 0 -64 0
1284 0 -64 0
1285 1 63 1
1286 1 63 1
1287 1 63 1
1288 1 63 1
1289 0 -64 0
1290 1 63 1
1291 1 63 1
1292 0 -64 0
1293 0 -64 0
1294 1 63 1
1295 1 63 1
1296 0 -64 0
1297 0 -64 0
1298 1 63 1
1299 0 -64 0
1300 0 -64 0
1301 0 -64 0
1302 1 63 1
1303 1 63 1
1304 0 -64 0
1305 0 -64 0
1306 0 -64 0
1307 0 -64 0
1308 0 -64 0
1309 0 -64 0
1310 1 63 1
1311 0 -64 0
1312 1 63 1
1313 1 63 1
1314 1 63 1
1315 0 -64 0
1316 1 63 1
1317 0 -64 0
1318 1 63 1
1319 1 63 1
1320 1 63 1
1321 0 -64 0
1322 1 63 1
1323 1 63 1
1324 1 39 1
1325 0 -64 0
1326 0 -64 0
1327 1 63 1
1328 1 63 1
1329 0 -64 0
1330 0 -64 0
1331 0 -64 0
1332 0 -64 0
1333 1 63 1
1334 1 63 1
1335 0 -64 0
1336 0 -64 0
1337 0 -64 0
1338 1 63 1
1339 0 -64 0
1340 0 -64 0
1341 0 -64 0
1342 0 -64 0
1343 1 63 1
1344 1 63 1
1345 0 -64 0
1346 0 -64 0
1347 1 63 1
1348 1 63 1
1349 1 63 1
1350 0 -64 0
1351 0 -64 0
1352 1 63 1
1353 0 -64 0
1354 1 63 1
1355 0 -45 0
1356 1 63 1
1357 0 -63 0
1358 0 -64 0
1359 1 63 1
1360 0 -64 0
1361 1 63 1
1362 0 -64 0
1363 1 63 1
1364 0 -64 0
1365 0 -64 0
1366 1 63 1
1367 1 63 1
1368 0 -64 0
1369 0 -64 0
1370 1 63 1
1371 0 -64 0
1372 0 -64 0
1373 0 -64 0
1374 0 -64 0
1375 1 63 1
1376 1 63 1
1377 1 63 1
1378 1 63 1
1379 0 -64 0
1380 0 -64 0
1381 1 63 1
1382 0 -64 0
1383 1 63 1
1384 1 63 1
1385 1 63 1
1386 1 63 1
1387 1 63 1
1388 1 63 1
1389 1 63 1
1390 0 -64 0
1391 1 63 1
1392 0 -64 0
1393 0 -64 0
1394 0 -64 0
1395 0 -64 0
1396 1 45 1
1397 0 -64 0
1398 0 -64 0
1399 0 -64 0
1400 0 -64 0
1401 1 63 1
1402 0 -64 0
1403 0 -64 0
1404 0 -64 0
1405 0 -64 0
1406 0 -64 0
1407 1 63 1
1408 1 63 1
1409 0 -64 0
1410 0 -64 0
1411 0 -64 0
1412 0 -64 0
1413 1 63 1
1414 0 41 1
1415 1 63 1
1416 0 -64 0
1417 0 -64 0
1418 0 -64 0
1419 1 63 1
1420 0 -64 0
1421 0 -64 0
1422 0 -62 0
1423 1 63 1
1424 0 -64 0
1425 1 63 1
1426 1 63 1
1427 1 63 1
1428 0 -64 0
1429 0 -64 0
1430 1 63 1
1431 0 -64 0
1432 0 -64 0
1433 0 -64 0
1434 0 -64 0
1435 0 -64 0
1436 1 63 1
1437 0 -64 0
1438 0 -64 0
1439 1 63 1
1440 1 63 1
1441 1 63 1
1442 0 -64 0
1443 1 63 1
1444 1 63 1
1445 1 63 1
1446 0 -64 0
1447 1 63 1
1448 0 -64 0
1449 0 -64 0
1450 0 -64 0
1451 1 63 1
1452 0 -64 0
1453 0 -64 0
1454 1 63 1
1455 0 -64 0
1456 0 -64 0
1457 1 63 1
1458 1 51 1
1459 0 -64 0
1460 1 63 1
1461 0 -64 0
1462 1 63 1
1463 1 63 1
1464 0 -64 0
1465 0 -64 0
1466 0 -64 0
1467 1 63 1
1468 0 -64 0
1469 1 63 1
1470 0 -64 0
1471 0 -64 0
1472 1 63 1
1473 1 63 1
1474 1 63 1
1475 1 63 1
1476 0 -64 0
1477 1 63 1
1478 0 -64 0
1479 0 -64 0
1480 1 63 1
1481 0 -64 0
1482 0 -64 0
1483 1 63 1
1484 1 63 1
1485 1 63 1
1486 1 63 1
1487 1 63 1
1488 0 -64 0
1489 1 63 1
1490 1 63 1
1491 1 63 1
1492 0 -64 0
1493 0 -64 0
1494 0 -64 0
1495 0 -64 0
1496 0 -64 0
1497 0 -64 0
1498 0 -64 0
1499 1 63 1
1500 0 -64 0
1501 1 63 1
1502 0 -64 0
1503 1 63 1
1504 1 63 1
1505 0 -64 0
1506 0 -64 0
1507 1 63 1
1508 0 -64 0
1509 1 63 1
1510 1 63 1
1511 0 -64 0
1512 1 63 1
1513 0 -64 0
1514 1 63 1
1515 0 -64 0
1516 0 -64 0
1517 0 -64 0
1518 0 -64 0
1519 1 63 1
1520 0 -64 0
1521 1 63 1
1522 1 63 1
1523 1 63 1
1524 0 -64 0
1525 1 63 1
1526 1 63 1
1527 1 63 1
1528 0 -64 0
1529 0 -64 0
1530 0 -64 0
1531 0 -64 0
1532 1 63 1
1533 0 -64 0
1534 0 -64 0
1535 1 63 1
1536 1 63 1
1537 0 -64 0
1538 1 63 1
1539 0 -64 0
1540 1 63 1
1541 0 -64 0
1542 1 63 1
1543 0 -64 0
1544 1 63 1
1545 1 63 1
1546 1 63 1
1547 0 -64 0
1548 1 63 1
1549 0 -64 0
1550 0 -64 0
1551 0 -51 0
1552 1 63 1
1553 1 63 1
1554 1 63 1
1555 1 63 1
1556 0 -64 0
1557 1 63 1
1558 1 63 1
1559 0 -64 0
1560 0 -64 0
1561 0 -64 0
1562 1 63 1
1563 0 -64 0
1564 1 63 1
1565 0 -64 0
1566 1 63 1
1567 1 63 1
1568 1 63 1
1569 0 -42 0
1570 0 -64 0
1571 0 -64 0
1572 1 63 1
1573 0 -64 0
1574 1 63 1
1575 0 -64 0
1576 0 -64 0
1577 1 63 1
1578 1 63 1
1579 1 63 1
1580 1 63 1
1581 1 63 1
1582 0 -64 0
1583 0 -64 0
1584 1 63 1
1585 0 -64 0
1586 1 63 1
1587 0 -64 0
1588 0 -64 0
1589 0 -64 0
1590 0 -64 0
1591 0 -64 0
1592 1 63 1
1593 1 63 1
1594 0 -64 0
1595 0 -64 0
1596 0 -64 0
1597 0 -64 0
1598 1 63 1
1599 1 63 1
1600 0 -39 0
1601 0 -64 0
1602 1 63 1
1603 1 63 1
1604 1 63 1
1605 1 63 1
1606 0 -64 0
1607 0 -64 0
1608 1 63 1
1609 1 63 1
1610 1 63 1
1611 1 63 1
1612 0 -64 0
1613 1 56 1
1614 0 -64 0
1615 1 63 1
1616 1 63 1
1617 1 63 1
1618 1 63 1
1619 0 -64 0
1620 0 -64 0
1621 0 -64 0
1622 0 -64 0
1623 0 -64 0
1624 0 -64 0
1625 0 -64 0
1626 0 -64 0
1627 0 -64 0
1628 1 63 1
1629 0 -64 0
1630 0 -64 0
1631 1 63 1
1632 0 -64 0
1633 1 63 1
1634 0 -64 0
1635 1 63 1
1636 0 -64 0
1637 1 63 1
1638 0 -64 0
1639 0 -64 0
1640 0 -64 0
1641 0 -64 0
1642 1 63 1
1643 0 -64 0
1644 1 63 1
1645 0 -64 0
1646 0 -64 0
1647 1 63 1
1648 0 -64 0
1649 1 63 1
1650 0 -64 0
1651 1 63 1
1652 1 63 1
1653 1 63 1
1654 1 63 1
1655 0 -64 0
1656 0 -64 0
1657 0 -64 0
1658 1 63 1
1659 1 63 1
1660 0 -64 0
1661 0 -64 0
1662 1 63 1
1663 1 63 1
1664 0 -64 0
1665 1 63 1
1666 0 -64 0
1667 0 -41 0
1668 1 63 1
1669 1 63 1
1670 1 63 1
1671 0 -64 0
1672 1 63 1
1673 0 -64 0
1674 1 63 1
1675 0 -64 0
1676 0 -64 0
1677 0 -64 0
1678 1 63 1
1679 1 63 1
1680 0 -64 0
1681 0 -64 0
1682 1 63 1
1683 0 -64 0
1684 1 63 1
1685 1 63 1
1686 0 -64 0
1687 0 -64 0
1688 1 63 1
1689 1 63 1
1690 1 63 1
1691 0 -64 0
1692 0 -64 0
1693 1 63 1
1694 0 -64 0
1695 0 -64 0
1696 0 -64 0
1697 1 63 1
1698 1 63 1
1699 0 -64 0
1700 1 63 1
1701 0 -64 0
1702 0 -64 0
1703 1 -54 0
1704 0 -64 0
1705 1 63 1
1706 1 47 1
1707 1 63 1
1708 0 -64 0
1709 1 63 1
1710 0 -64 0
1711 0 -64 0
1712 0 -64 0
1713 0 -64 0
1714 1 63 1
1715 1 63 1
1716 1 63 1
1717 1 63 1
1718 0 -64 0
1719 1 63 1
1720 1 63 1
1721 0 -64 0
1722 1 63 1
1723 0 -64 0
1724 1 63 1
1725 0 -64 0
1726 1 63 1
1727 0 -64 0
1728 1 63 1
1729 1 63 1
1730 0 -64 0
1731 0 -64 0
1732 1 63 1
1733 0 -64 0
1734 0 -64 0
1735 0 -64 0
1736 0 -64 0
1737 0 -64 0
1738 1 63 1
1739 1 63 1
1740 0 -64 0
1741 0 -64 0
1742 0 -64 0
1743 0 -64 0
1744 1 63 1
1745 0 -64 0
1746 0 -64 0
1747 1 63 1
1748 0 -64 0
1749 0 -64 0
1750 0 -64 0
1751 0 -64 0
1752 1 63 1
1753 1 63 1
1754 0 -64 0
1755 0 -64 0
1756 0 -64 0
1757 1 63 1
1758 0 -64 0
1759 1 63 1
1760 1 63 1
1761 0 -64 0
1762 0 -64 0
1763 1 63 1
1764 0 -64 0
1765 0 -64 0
1766 1 63 1
1767 0 -64 0
1768 0 -64 0
1769 1 63 1
1770 0 -64 0
1771 1 63 1
1772 0 -64 0
1773 0 -64 0
1774 0 -64 0
1775 0 -64 0
1776 1 63 1
1777 1 63 1
1778 0 -64 0
1779 1 63 1
1780 0 -64 0
1781 1 63 1
1782 1 63 1
1783 0 -64 0
1784 0 -64 0
1785 1 63 1
1786 0 -64 0
1787 1 63 1
1788 0 -64 0
1789 0 -64 0
1790 1 63 1
1791 0 -64 0
1792 0 -64 0
1793 0 -64 0
1794 1 63 1
1795 0 -64 0
1796 0 -54 0
1797 1 63 1
1798 0 -64 0
1799 0 -64 0
1800 1 63 1
1801 0 -64 0
1802 0 -64 0
1803 1 63 1
1804 1 63 1
1805 0 -64 0
1806 1 63 1
1807 1 63 1
1808 1 63 1
1809 0 -64 0
1810 0 -64 0
1811 0 -64 0
1812 1 63 1
1813 0 -64 0
1814 1 63 1
1815 0 -64 0
1816 0 -64 0
1817 1 63 1
1818 0 -64 0
1819 1 63 1
1820 1 63 1
1821 1 63 1
1822 0 -61 0
1823 0 -64 0
1824 0 -64 0
1825 1 63 1
1826 1 63 1
1827 1 63 1
1828 0 -64 0
1829 1 63 1
1830 0 -64 0
1831 0 -64 0
1832 0 -64 0
1833 0 -64 0
1834 1 63 1
1835 1 63 1
1836 1 63 1
1837 0 -64 0
1838 0 -64 0
1839 1 63 1
1840 1 63 1
1841 1 63 1
1842 1 63 1
1843 1 63 1
1844 0 -64 0
1845 1 62 1
1846 0 -64 0
1847 1 63 1
1848 0 -64 0
1849 1 63 1
1850 0 -64 0
1851 0 -64 0
1852 0 -64 0
1853 1 63 1
1854 0 -64 0
1855 0 -64 0
1856 0 -64 0
1857 0 -64 0
1858 1 36 1
1859 0 -64 0
1860 1 63 1
1861 1 63 1
1862 0 -64 0
1863 1 63 1
1864 0 -64 0
1865 0 -64 0
1866 0 -64 0
1867 0 -64 0
1868 0 -64 0
1869 1 63 1
1870 0 -64 0
1871 0 -64 0
1872 0 -64 0
1873 1 63 1
1874 0 -64 0
1875 1 63 1
1876 1 63 1
1877 1 63 1
1878 0 -64 0
1879 0 -64 0
1880 1 63 1
1881 0 -64 0
1882 1 63 1
1883 1 63 1
1884 0 -64 0
1885 1 63 1
1886 0 -64 0
1887 1 63 1
1888 0 -64 0
1889 1 63 1
1890 1 63 1
1891 0 -64 0
1892 0 -64 0
1893 0 -64 0
1894 0 -64 0
1895 1 63 1
1896 1 63 1
1897 1 63 1
1898 1 63 1
1899 1 63 1
1900 1 63 1
1901 0 -64 0
1902 1 63 1
1903 1 63 1
1904 0 -64 0
1905 1 63 1
1906 0 -64 0
1907 0 -64 0
1908 1 63 1
1909 0 -64 0
1910 1 63 1
1911 1 63 1
1912 0 -64 0
1913 0 -64 0
1914 1 63 1
1915 1 63 1
1916 1 63 1
1917 0 -64 0
1918 1 63 1
1919 0 -64 0
1920 0 -64 0
1921 1 63 1
1922 1 63 1
1923 1 63 1
1924 1 63 1
1925 1 63 1
1926 1 63 1
1927 1 63 1
1928 1 63 1
1929 1 63 1
1930 0 -64 0
1931 0 -64 0
1932 1 63 1
1933 1 63 1
1934 1 63 1
1935 0 -64 0
1936 1 63 1
1937 0 -64 0
1938 0 -64 0
1939 1 63 1
1940 0 -64 0
1941 1 63 1
1942 1 63 1
1943 1 63 1
1944 0 -64 0
1945 1 63 1
1946 0 -64 0
1947 0 -64 0
1948 0 -64 0
1949 1 63 1
1950 0 -64 0
1951 1 49 1
1952 1 63 1
1953 1 63 1
1954 0 -64 0
1955 0 -64 0
1956 0 -64 0
1957 0 -64 0
1958 1 63 1
1959 1 63 1
1960 0 -64 0
1961 1 63 1
1962 1 63 1
1963 0 -64 0
1964 1 63 1
1965 1 63 1
1966 0 -64 0
1967 0 -64 0
1968 1 63 1
1969 0 -47 0
1970 1 63 1
1971 1 63 1
1972 1 63 1
1973 0 -64 0
1974 0 -64 0
1975 0 -64 0
1976 0 -64 0
1977 0 -64 0
1978 0 -64 0
1979 0 -64 0
1980 0 -64 0
1981 0 -64 0
1982 0 -64 0
1983 0 -64 0
1984 1 63 1
1985 0 -64 0
1986 1 63 1
1987 1 63 1
1988 0 -64 0
1989 1 63 1
1990 1 63 1
1991 1 63 1
1992 0 -64 0
1993 1 63 1
1994 0 -64 0
1995 1 63 1
1996 0 -64 0
1997 1 63 1
1998 0 -64 0
1999 0 -64 0
2000 1 40 1
2001 0 -64 0
2002 0 -64 0
2003 1 63 1
2004 0 -64 0
2005 0 -64 0
2006 0 -64 0
2007 0 -64 0
2008 1 63 1
2009 0 -64 0
2010 0 -64 0
2011 1 63 1
2012 1 63 1
2013 0 -51 0
2014 1 63 1
2015 0 -64 0
2016 0 -64 0
2017 0 -64 0
2018 1 63 1
2019 0 -64 0
2020 0 -64 0
2021 1 63 1
2022 0 -64 0
2023 1 63 1
2024 0 -64 0
2025 1 63 1
2026 0 -64 0
2027 1 63 1
2028 0 -64 0
2029 0 -64 0
2030 1 63 1
2031 0 -64 0
2032 1 63 1
2033 1 63 1
2034 0 -64 0
2035 0 -64 0
2036 0 -64 0
2037 1 63 1
2038 1 63 1
2039 1 63 1
2040 0 -64 0
2041 0 -64 0
2042 0 -64 0
2043 0 -64 0
2044 0 -64 0
2045 1 63 1
2046 1 63 1
2047 0 -64 0
2048 0 -64 0
2049 1 63 1
2050 0 -64 0
2051 0 -64 0
2052 0 -64 0
2053 1 63 1
2054 0 -64 0
2055 0 -64 0
2056 0 -64 0
2057 0 -64 0
2058 0 -64 0
2059 0 -64 0
2060 1 63 1
2061 1 63 1
2062 0 -64 0
2063 0 -64 0
2064 1 63 1
2065 1 63 1
2066 1 63 1
2067 1 49 1
2068 0 -64 0
2069 0 -64 0
2070 0 -64 0
2071 0 -64 0
2072 1 63 1
2073 0 -64 0
2074 1 63 1
2075 0 -64 0
2076 1 63 1
2077 0 -64 0
2078 0 -64 0
2079 0 -64 0
2080 1 63 1
2081 0 -64 0
2082 1 63 1
2083 1 63 1
2084 1 63 1
2085 0 -64 0
2086 1 63 1
2087 1 63 1
2088 1 63 1
2089 1 63 1
2090 1 63 1
2091 0 -64 0
2092 1 63 1
2093 1 63 1
2094 0 -64 0
2095 1 63 1
2096 0 -64 0
2097 0 -64 0
2098 1 63 1
2099 1 63 1
2100 1 63 1
2101 1 63 1
2102 1 63 1
2103 1 63 1
2104 0 -64 0
2105 0 -64 0
2106 1 63 1
2107 1 63 1
2108 1 63 1
2109 1 63 1
2110 1 63 1
2111 1 63 1
2112 1 63 1
2113 1 63 1
2114 1 63 1
2115 1 63 1
2116 1 63 1
2117 1 63 1
2118 1 63 1
2119 0 -64 0
2120 1 63 1
2121 1 63 1
2122 1 63 1
2123 1 63 1
2124 0 -46 0
2125 0 -64 0
2126 0 -64 0
2127 0 -64 0
2128 0 -64 0
2129 1 63 1
2130 1 63 1
2131 1 63 1
2132 1 63 1
2133 0 -64 0
2134 1 63 1
2135 1 63 1
2136 1 63 1
2137 0 -64 0
2138 0 -64 0
2139 0 -64 0
2140 0 -64 0
2141 0 -64 0
2142 0 -64 0
2143 1 63 1
2144 0 -64 0
2145 1 63 1
2146 0 -64 0
2147 0 -64 0
2148 1 63 1
2149 1 63 1
2150 0 -64 0
2151 0 -64 0
2152 1 63 1
2153 1 63 1
2154 0 -64 0
2155 1 63 1
2156 0 -64 0
2157 0 -64 0
2158 0 -64 0
2159 1 63 1
2160 0 -64 0
2161 1 63 1
2162 0 -64 0
2163 1 63 1
2164 1 63 1
2165 0 -64 0
2166 1 63 1
2167 0 -64 0
2168 1 63 1
2169 0 -64 0
2170 1 63 1
2171 0 -64 0
2172 1 63 1
2173 0 -64 0
2174 1 63 1
2175 1 63 1
2176 1 -64 0
2177 1 63 1
2178 0 -64 0
2179 0 -64 0
2180 1 63 1
2181 1 63 1
2182 0 -64 0
2183 1 63 1
2184 0 -64 0
2185 0 -64 0
2186 1 63 1
2187 0 -64 0
2188 0 -64 0
2189 0 -64 0
2190 0 -64 0
2191 0 -64 0
2192 1 63 1
2193 1 63 1
2194 1 63 1
2195 0 -64 0
2196 0 -35 0
2197 0 -64 0
2198 1 63 1
2199 1 63 1
2200 0 -64 0
2201 0 -64 0
2202 0 63 1
2203 1 63 1
2204 1 63 1
2205 0 -64 0
2206 1 63 1
2207 1 63 1
2208 1 63 1
2209 0 -64 0
2210 0 -64 0
2211 0 -64 0
2212 1 63 1
2213 0 -64 0
2214 1 63 1
2215 0 -64 0
2216 0 -64 0
2217 0 -64 0
2218 0 -64 0
2219 1 63 1
2220 1 63 1
2221 0 -64 0
2222 0 -56 0
2223 1 63 1
2224 0 -64 0
2225 1 63 1
2226 0 -64 0
2227 1 63 1
2228 0 -64 0
2229 1 63 1
2230 1 63 1
2231 0 -64 0
2232 0 -64 0
2233 0 -64 0
2234 1 63 1
2235 1 63 1
2236 0 -64 0
2237 0 -64 0
2238 1 63 1
2239 1 63 1
2240 1 63 1
2241 1 63 1
2242 1 63 1
2243 0 -64 0
2244 1 63 1
2245 0 -64 0
2246 1 63 1
2247 0 -64 0
2248 0 -64 0
2249 0 -64 0
2250 1 63 1
2251 0 -64 0
2252 1 63 1
2253 0 -64 0
2254 0 -64 0
2255 1 63 1
2256 1 63 1
2257 0 -64 0
2258 1 47 1
2259 0 -64 0
2260 1 63 1
2261 1 63 1
2262 0 -64 0
2263 0 -64 0
2264 1 63 1
2265 0 -64 0
2266 1 63 1
2267 0 -64 0
2268 1 63 1
2269 1 63 1
2270 1 63 1
2271 1 63 1
2272 1 63 1
2273 1 63 1
2274 1 63 1
2275 0 -64 0
2276 0 -64 0
2277 1 63 1
2278 1 63 1
2279 1 63 1
2280 0 -64 0
2281 1 63 1
2282 0 -64 0
2283 0 -64 0
2284 0 -64 0
2285 1 63 1
2286 1 63 1
2287 0 -64 0
2288 0 -64 0
2289 1 63 1
2290 0 -64 0
2291 0 -64 0
2292 1 63 1
2293 1 63 1
2294 1 63 1
2295 0 -64 0
2296 1 63 1
2297 1 63 1
2298 0 -64 0
2299 0 -64 0
2300 0 -64 0
2301 1 63 1
2302 0 -64 0
2303 1 63 1
2304 1 63 1
2305 0 -64 0
2306 1 63 1
2307 0 -64 0
2308 1 63 1
2309 0 -64 0
2310 1 63 1
2311 1 63 1
2312 1 63 1
2313 0 -64 0
2314 1 63 1
2315 0 -64 0
2316 0 -64 0
2317 1 63 1
2318 0 -64 0
2319 0 -64 0
2320 0 -64 0
2321 0 -64 0
2322 1 63 1
2323 0 -64 0
2324 0 -64 0
2325 0 -64 0
2326 0 -64 0
2327 1 63 1
2328 0 -64 0
2329 0 -64 0
2330 0 -64 0
2331 0 -64 0
2332 1 63 1
2333 1 63 1
2334 0 63 1
2335 1 63 1
2336 0 -64 0
2337 1 63 1
2338 1 63 1
2339 0 -64 0
2340 0 -64 0
2341 1 63 1
2342 0 -64 0
2343 0 -64 0
2344 0 -64 0
2345 1 63 1
2346 0 -64 0
2347 0 -64 0
2348 0 -64 0
2349 1 63 1
2350 0 -64 0
2351 1 53 1
2352 1 63 1
2353 0 -64 0
2354 1 63 1
2355 1 63 1
2356 1 63 1
2357 0 -64 0
2358 0 -64 0
2359 1 63 1
2360 0 -64 0
2361 1 63 1
2362 1 63 1
2363 1 63 1
2364 1 63 1
2365 1 63 1
2366 0 -64 0
2367 0 -64 0
2368 1 63 1
2369 1 50 1
2370 1 63 1
2371 1 63 1
2372 1 63 1
2373 1 63 1
2374 1 63 1
2375 0 -64 0
2376 1 63 1
2377 0 -62 0
2378 1 63 1
2379 1 63 1
2380 1 63 1
2381 1 63 1
2382 1 63 1
2383 1 63 1
2384 0 -64 0
2385 1 63 1
2386 1 63 1
2387 0 -64 0
2388 0 -64 0
2389 0 -64 0
2390 0 -64 0
2391 1 63 1
2392 0 -64 0
2393 1 63 1
2394 1 63 1
2395 0 -64 0
2396 1 63 1
2397 0 -64 0
2398 0 -64 0
2399 0 -64 0
2400 0 -39 0
2401 1 63 1
2402 1 63 1
2403 1 63 1
2404 1 63 1
2405 1 63 1
2406 0 -64 0
2407 0 -64 0
2408 1 63 1
2409 1 63 1
2410 0 -64 0
2411 1 63 1
2412 1 63 1
2413 1 50 1
2414 0 -64 0
2415 0 -64 0
2416 0 -64 0
2417 0 -64 0
2418 1 63 1
2419 0 -64 0
2420 1 63 1
2421 1 63 1
2422 1 63 1
2423 1 63 1
2424 1 63 1
2425 1 63 1
2426 1 63 1
2427 0 -64 0
2428 0 -64 0
2429 1 63 1
2430 0 -64 0
2431 1 63 1
2432 1 63 1
2433 0 -64 0
2434 0 -64 0
2435 0 -64 0
2436 0 -64 0
2437 0 -64 0
2438 0 -64 0
2439 0 -64 0
2440 1 63 1
2441 0 -60 0
2442 1 63 1
2443 0 -64 0
2444 0 -64 0
2445 0 -64 0
2446 0 -64 0
2447 0 -64 0
2448 0 -64 0
2449 1 63 1
2450 1 63 1
2451 0 -64 0
2452 1 63 1
2453 1 63 1
2454 0 -64 0
2455 0 -64 0
2456 1 63 1
2457 0 -64 0
2458 1 63 1
2459 0 -64 0
2460 0 -64 0
2461 0 -64 0
2462 1 63 1
2463 0 -64 0
2464 1 63 1
2465 1 63 1
2466 1 63 1
2467 1 49 1
2468 0 -64 0
2469 0 -64 0
2470 0 -64 0
2471 1 63 1
2472 1 63 1
2473 1 63 1
2474 0 -64 0
2475 0 -64 0
2476 1 63 1
2477 1 63 1
2478 0 -64 0
2479 1 63 1
2480 0 -64 0
2481 0 -64 0
2482 1 63 1
2483 1 63 1
2484 0 -64 0
2485 0 -64 0
2486 0 -64 0
2487 0 -64 0
2488 1 63 1
2489 1 63 1
2490 0 -64 0
2491 0 -64 0
2492 1 63 1
2493 1 63 1
2494 1 63 1
2495 0 -64 0
2496 0 -64 0
2497 1 63 1
2498 0 -64 0
2499 1 63 1
2500 0 -64 0
2501 1 63 1
2502 0 -64 0
2503 0 -53 0
2504 0 -64 0
2505 1 63 1
2506 1 63 1
2507 1 63 1
2508 0 -64 0
2509 1 63 1
2510 0 -64 0
2511 0 -64 0
2512 0 -64 0
2513 0 -64 0
2514 0 -64 0
2515 0 -64 0
2516 0 -64 0
2517 1 63 1
2518 1 63 1
2519 0 -64 0
2520 1 63 1
2521 0 -64 0
2522 0 -64 0
2523 1 63 1
2524 1 54 1
2525 0 -64 0
2526 0 -64 0
2527 0 -64 0
2528 1 63 1
2529 0 -64 0
2530 0 -64 0
2531 0 -64 0
2532 0 -64 0
2533 0 -64 0
2534 1 63 1
2535 0 -64 0
2536 0 -64 0
2537 1 63 1
2538 0 -64 0
2539 1 63 1
2540 0 -64 0
2541 1 63 1
2542 1 63 1
2543 0 -64 0
2544 0 -64 0
2545 0 -64 0
2546 0 -64 0
2547 0 -64 0
2548 0 -64 0
2549 1 63 1
2550 1 63 1
2551 0 -64 0
2552 0 -64 0
2553 0 -64 0
2554 0 -64 0
2555 0 -64 0
2556 1 63 1
2557 0 -64 0
2558 1 63 1
2559 1 63 1
2560 0 -64 0
2561 0 -64 0
2562 1 63 1
2563 1 63 1
2564 1 63 1
2565 1 63 1
2566 1 63 1
2567 1 63 1
2568 0 -64 0
2569 0 -64 0
2570 0 -64 0
2571 0 -64 0
2572 1 63 1
2573 1 63 1
2574 1 63 1
2575 0 -64 0
2576 1 63 1
2577 0 -64 0
2578 1 63 1
2579 0 -64 0
2580 0 -64 0
2581 1 63 1
2582 0 -64 0
2583 0 -64 0
2584 1 63 1
2585 1 63 1
2586 1 63 1
2587 0 -64 0
2588 1 63 1
2589 1 63 1
2590 1 63 1
2591 1 63 1
2592 1 63 1
2593 0 -64 0
2594 1 63 1
2595 0 -64 0
2596 1 63 1
2597 1 63 1
2598 1 63 1
2599 0 -64 0
2600 0 -64 0
2601 1 63 1
2602 0 -64 0
2603 1 63 1
2604 0 -64 0
2605 0 -64 0
2606 1 63 1
2607 1 63 1
2608 0 -64 0
2609 0 -64 0
2610 0 -64 0
2611 0 -64 0
2612 1 63 1
2613 0 -64 0
2614 1 62 1
2615 0 -64 0
2616 1 63 1
2617 1 63 1
2618 0 -64 0
2619 0 -64 0
2620 1 63 1
2621 1 63 1
2622 1 63 1
2623 1 63 1
2624 0 -64 0
2625 0 -64 0
2626 1 63 1
2627 1 63 1
2628 1 63 1
2629 1 63 1
2630 1 63 1
2631 0 -64 0
2632 0 -64 0
2633 0 -64 0
2634 0 -64 0
2635 0 -64 0
2636 0 -64 0
2637 1 63 1
2638 0 -64 0
2639 1 63 1
2640 0 -64 0
2641 1 63 1
2642 0 -64 0
2643 0 -64 0
2644 0 -64 0
2645 1 47 1
2646 0 -64 0
2647 1 63 1
2648 0 -64 0
2649 0 -64 0
2650 1 63 1
2651 1 63 1
2652 0 -64 0
2653 0 -64 0
2654 0 -64 0
2655 1 63 1
2656 1 63 1
2657 1 63 1
2658 0 -48 0
2659 0 -64 0
2660 0 -64 0
2661 1 63 1
2662 1 63 1
2663 0 -64 0
2664 0 -64 0
2665 0 -64 0
2666 1 63 1
2667 0 -64 0
2668 0 -64 0
2669 1 63 1
2670 1 63 1
2671 0 -64 0
2672 1 63 1
2673 1 63 1
2674 1 63 1
2675 1 63 1
2676 1 63 1
2677 0 -64 0
2678 1 63 1
2679 1 63 1
2680 1 63 1
2681 0 -64 0
2682 0 -64 0
2683 0 -64 0
2684 0 -64 0
2685 1 63 1
2686 0 -64 0
2687 1 63 1
2688 0 -64 0
2689 0 -64 0
2690 1 63 1
2691 1 63 1
2692 1 63 1
2693 1 63 1
2694 0 -64 0
2695 1 63 1
2696 1 63 1
2697 0 -64 0
2698 1 63 1
2699 0 -64 0
2700 1 63 1
2701 0 63 1
2702 1 63 1
2703 1 63 1
2704 1 63 1
2705 1 63 1
2706 0 -64 0
2707 1 63 1
2708 1 63 1
2709 1 63 1
2710 0 -64 0
2711 0 -64 0
2712 1 63 1
2713 0 -64 0
2714 0 -64 0
2715 1 63 1
2716 1 63 1
2717 1 63 1
2718 0 -64 0
2719 0 -64 0
2720 0 -64 0
2721 0 -64 0
2722 1 63 1
2723 1 63 1
2724 0 -64 0
2725 0 -64 0
2726 0 -64 0
2727 1 63 1
2728 0 -64 0
2729 1 63 1
2730 0 -64 0
2731 1 63 1
2732 0 -64 0
2733 0 -64 0
2734 1 63 1
2735 0 -64 0
2736 1 63 1
2737 1 63 1
2738 0 -64 0
2739 0 -64 0
2740 1 63 1
2741 0 -64 0
2742 0 -64 0
2743 1 63 1
2744 1 63 1
2745 1 63 1
2746 1 63 1
2747 1 63 1
2748 1 63 1
2749 0 -64 0
2750 0 -64 0
2751 1 40 1
2752 1 63 1
2753 1 63 1
2754 1 63 1
2755 1 63 1
2756 0 -64 0
2757 0 -64 0
2758 0 -64 0
2759 1 63 1
2760 1 63 1
2761 0 -64 0
2762 1 63 1
2763 1 63 1
2764 0 -64 0
2765 0 -64 0
2766 0 -64 0
2767 0 -64 0
2768 0 -64 0
2769 0 -45 0
2770 1 63 1
2771 0 -64 0
2772 0 -64 0
2773 1 63 1
2774 0 -64 0
2775 0 -64 0
2776 0 -64 0
2777 0 -64 0
2778 0 63 1
2779 0 -64 0
2780 0 -64 0
2781 0 -64 0
2782 0 -64 0
2783 0 -64 0
2784 0 -64 0
2785 0 -64 0
2786 0 -64 0
2787 0 -64 0
2788 0 -64 0
2789 1 63 1
2790 0 -64 0
2791 1 63 1
2792 0 -64 0
2793 0 -64 0
2794 1 63 1
2795 0 -64 0
2796 1 63 1
2797 0 -64 0
2798 1 63 1
2799 1 63 1
2800 0 35 1
2801 1 63 1
2802 0 -64 0
2803 1 63 1
2804 0 -64 0
2805 1 63 1
2806 1 63 1
2807 1 63 1
2808 1 63 1
2809 1 63 1
2810 1 63 1
2811 0 -64 0
2812 0 -64 0
2813 1 52 1
2814 1 63 1
2815 0 -64 0
2816 1 63 1
2817 1 63 1
2818 1 63 1
2819 1 63 1
2820 1 63 1
2821 0 -64 0
2822 1 63 1
2823 1 63 1
2824 1 63 1
2825 1 63 1
2826 0 -64 0
2827 1 63 1
2828 0 -64 0
2829 0 -64 0
2830 1 63 1
2831 1 63 1
2832 0 -64 0
2833 1 63 1
2834 0 -64 0
2835 0 -64 0
2836 1 63 1
2837 0 -64 0
2838 1 63 1
2839 1 63 1
2840 1 63 1
2841 1 63 1
2842 0 -64 0
2843 1 63 1
2844 1 63 1
2845 1 63 1
2846 0 -64 0
2847 0 -64 0
2848 1 63 1
2849 1 63 1
2850 1 63 1
2851 1 63 1
2852 0 -64 0
2853 1 63 1
2854 1 63 1
2855 1 63 1
2856 0 -64 0
2857 0 -64 0
2858 0 -64 0
2859 0 -64 0
2860 1 63 1
2861 1 63 1
2862 1 63 1
2863 1 63 1
2864 1 63 1
2865 1 63 1
2866 0 -64 0
2867 0 -58 0
2868 0 -64 0
2869 0 -64 0
2870 1 63 1
2871 0 -64 0
2872 1 63 1
2873 0 -64 0
2874 0 -64 0
2875 0 -64 0
2876 1 63 1
2877 0 -64 0
2878 0 -64 0
2879 0 -64 0
2880 1 63 1
2881 1 63 1
2882 0 -64 0
2883 0 -64 0
2884 0 -64 0
2885 1 63 1
2886 1 63 1
2887 0 -64 0
2888 0 -64 0
2889 0 -64 0
2890 0 63 1
2891 1 63 1
2892 1 63 1
2893 1 63 1
2894 1 63 1
2895 0 -64 0
2896 0 -64 0
2897 0 -64 0
2898 0 -64 0
2899 1 63 1
2900 0 -64 0
2901 0 -64 0
2902 1 63 1
2903 1 63 1
2904 1 63 1
2905 0 -64 0
2906 1 60 1
2907 1 63 1
2908 0 -64 0
2909 1 63 1
2910 0 -64 0
2911 1 63 1
2912 1 63 1
2913 0 -64 0
2914 1 63 1
2915 1 63 1
2916 0 -64 0
2917 1 63 1
2918 0 -64 0
2919 0 -64 0
2920 0 -64 0
2921 0 -64 0
2922 1 63 1
2923 1 63 1
2924 1 63 1
2925 0 -64 0
2926 0 -64 0
2927 1 63 1
2928 1 63 1
2929 1 63 1
2930 0 -64 0
2931 0 -64 0
2932 0 -64 0
2933 1 63 1
2934 1 63 1
2935 1 63 1
2936 1 63 1
2937 1 63 1
2938 0 -64 0
2939 0 -64 0
2940 0 -64 0
2941 0 -64 0
2942 1 63 1
2943 0 -64 0
2944 0 -64 0
2945 1 63 1
2946 1 63 1
2947 1 63 1
2948 1 63 1
2949 0 -64 0
2950 0 -64 0
2951 1 63 1
2952 1 63 1
2953 0 -64 0
2954 0 -64 0
2955 0 -64 0
2956 1 63 1
2957 1 63 1
2958 0 -64 0
2959 1 63 1
2960 1 63 1
2961 0 -64 0
2962 1 63 1
2963 0 -64 0
2964 0 -64 0
2965 0 -64 0
2966 0 -64 0
2967 1 63 1
2968 1 63 1
2969 1 63 1
2970 0 -64 0
2971 0 -64 0
2972 1 63 1
2973 0 -64 0
2974 1 63 1
2975 1 63 1
2976 0 -64 0
2977 1 63 1
2978 1 63 1
2979 0 -64 0
2980 1 63 1
2981 0 -64 0
2982 1 63 1
2983 0 -64 0
2984 0 -64 0
2985 1 63 1
2986 1 63 1
2987 1 63 1
2988 1 63 1
2989 0 -64 0
2990 1 63 1
2991 1 63 1
2992 1 63 1
2993 0 -64 0
2994 0 -64 0
2995 1 63 1
2996 1 63 1
2997 0 -64 0
2998 0 -64 0
2999 0 -64 0
3000 1 63 1
3001 0 -64 0
3002 1 63 1
3003 1 63 1
3004 0 -64 0
3005 1 63 1
3006 1 63 1
3007 0 -64 0
3008 0 -64 0
3009 1 63 1
3010 1 63 1
3011 1 63 1
3012 1 63 1
3013 0 -64 0
3014 1 63 1
3015 1 63 1
3016 0 -64 0
3017 0 -64 0
3018 0 -64 0
3019 1 63 1
3020 1 63 1
3021 1 63 1
3022 0 -56 0
3023 1 63 1
3024 0 -64 0
3025 0 -64 0
3026 0 -64 0
3027 1 63 1
3028 0 -64 0
3029 1 63 1
3030 0 -64 0
3031 1 63 1
3032 1 63 1
3033 0 -64 0
3034 0 -64 0
3035 1 63 1
3036 0 -64 0
3037 0 -64 0
3038 0 63 1
3039 0 -64 0
3040 1 63 1
3041 1 63 1
3042 1 63 1
3043 0 -64 0
3044 0 -64 0
3045 1 41 1
3046 0 -64 0
3047 0 -64 0
3048 1 63 1
3049 0 -64 0
3050 1 63 1
3051 0 -64 0
3052 1 63 1
3053 0 -64 0
3054 1 63 1
3055 1 63 1
3056 1 63 1
3057 0 -64 0
3058 1 39 1
3059 1 63 1
3060 1 63 1
3061 1 63 1
3062 1 63 1
3063 1 63 1
3064 1 63 1
3065 1 63 1
3066 1 63 1
3067 0 -64 0
3068 0 -64 0
3069 0 -64 0
3070 0 -64 0
3071 1 63 1
3072 1 63 1
3073 1 63 1
3074 0 -64 0
3075 1 63 1
3076 0 -64 0
3077 1 63 1
3078 1 63 1
3079 1 63 1
3080 1 63 1
3081 1 63 1
3082 0 -64 0
3083 1 63 1
3084 0 -64 0
3085 1 63 1
3086 0 -64 0
3087 1 63 1
3088 0 -64 0
3089 0 -64 0
3090 1 63 1
3091 0 -64 0
3092 1 63 1
3093 0 -64 0
3094 0 -64 0
3095 1 63 1
3096 1 63 1
3097 0 -64 0
3098 1 63 1
3099 0 -64 0
3100 0 -64 0
3101 0 -64 0
3102 1 63 1
3103 1 63 1
3104 0 -64 0
3105 0 -64 0
3106 1 63 1
3107 0 -64 0
3108 0 -64 0
3109 0 -64 0
3110 1 63 1
3111 1 63 1
3112 0 63 1
3113 1 63 1
3114 1 63 1
3115 0 -64 0
3116 1 63 1
3117 1 63 1
3118 0 -64 0
3119 0 -64 0
3120 0 -64 0
3121 1 63 1
3122 1 63 1
3123 0 -64 0
3124 1 63 1
3125 0 -64 0
3126 0 -64 0
3127 0 -64 0
3128 0 -64 0
3129 0 -64 0
3130 1 63 1
3131 1 63 1
3132 0 -64 0
3133 0 -64 0
3134 1 63 1
3135 0 -64 0
3136 0 -64 0
3137 1 63 1
3138 0 -64 0
3139 0 -64 0
3140 1 63 1
3141 0 -64 0
3142 1 63 1
3143 1 63 1
3144 1 63 1
3145 1 63 1
3146 0 -64 0
3147 1 63 1
3148 1 63 1
3149 1 63 1
3150 1 -64 0
3151 1 55 1
3152 1 63 1
3153 1 63 1
3154 1 63 1
3155 1 63 1
3156 1 63 1
3157 0 -64 0
3158 1 63 1
3159 1 63 1
3160 1 63 1
3161 1 63 1
3162 0 -64 0
3163 1 63 1
3164 0 -64 0
3165 1 63 1
3166 1 63 1
3167 0 -64 0
3168 0 -64 0
3169 1 63 1
3170 1 63 1
3171 0 -64 0
3172 0 -64 0
3173 0 -64 0
3174 1 63 1
3175 0 -64 0
3176 1 63 1
3177 0 -61 0
3178 1 63 1
3179 0 -64 0
3180 1 63 1
3181 1 63 1
3182 0 -64 0
3183 1 63 1
3184 0 -64 0
3185 0 -64 0
3186 1 63 1
3187 0 -64 0
3188 0 -64 0
3189 0 -64 0
3190 1 63 1
3191 1 63 1
3192 1 63 1
3193 1 63 1
3194 1 63 1
3195 1 63 1
3196 1 63 1
3197 0 -64 0
3198 1 63 1
3199 1 63 1
