# idx_orig bit_orig post_llr hard
0 0 -30247.28659701 0
1 1 52517.20041657 1
2 1 50580.16516854 1
3 0 -52093.48066513 0
4 1 38300.40776545 1
5 0 -35732.59606515 0
6 0 -48259.69116746 0
7 0 -35252.24818576 0
8 1 42792.75218140 1
9 1 42305.51125282 1
10 0 -53390.91718423 0
11 0 -34378.89017038 0
12 0 -35648.05881482 0
13 0 -43172.14597382 0
14 0 -36032.72383355 0
15 1 38580.70191056 1
16 0 -40735.52198513 0
17 0 -52048.17382158 0
18 1 32875.30400141 1
19 0 -33884.66334236 0
20 1 40702.22885031 1
21 1 35018.50626391 1
22 1 36088.23452334 1
23 0 -41239.66620600 0
24 1 42046.76970580 1
25 0 -35137.71355281 0
26 0 -37873.17574483 0
27 1 41576.79646834 1
28 1 35261.00622472 1
29 0 -42743.81522302 0
30 1 50392.10791995 1
31 1 42930.91658737 1
32 0 -37985.08769339 0
33 1 38709.94617734 1
34 0 -44012.94142702 0
35 1 39609.96447638 1
36 1 49054.03632018 1
37 0 -52005.46391662 0
38 0 -49116.48306592 0
39 0 -39962.06802281 0
40 1 36703.41395966 1
41 1 50910.57913199 1
42 1 34960.33348811 1
43 1 44728.35452820 1
44 0 -48400.73483642 0
45 0 -45499.96233872 0
46 0 -37377.21178434 0
47 1 32825.02130607 1
48 0 -49097.00115384 0
49 1 35057.43810316 1
50 0 -42668.02571919 0
51 0 -49120.21323505 0
52 1 38696.40529436 1
53 0 -39040.49426788 0
54 0 -38791.22082974 0
55 1 51192.74976500 1
56 0 -42359.38394042 0
57 0 -46818.05102893 0
58 1 48096.37864231 1
59 0 -45143.10456231 0
60 0 -38164.57053567 0
61 0 -30459.87376562 0
62 0 -51947.73882244 0
63 1 32979.06962112 1
64 1 46414.06024119 1
65 1 42083.21944125 1
66 1 45411.92937825 1
67 0 -34049.66241250 0
68 0 -31276.00922473 0
69 0 -43015.46764791 0
70 1 29407.15267288 1
71 0 -46640.93183988 0
72 1 46323.63623746 1
73 0 -41757.01049103 0
74 0 -36427.01195287 0
75 0 -34108.83760020 0
76 1 40954.20892075 1
77 0 -22530.48219512 0
78 0 -45539.78552791 0
79 1 32771.78338794 1
80 0 -31338.39699141 0
81 1 30507.06235182 1
82 1 34200.79061535 1
83 1 37204.33547455 1
84 0 -22159.14643807 0
85 1 49484.44227958 1
86 1 33210.91381670 1
87 0 -29744.90810038 0
88 0 -26506.19311583 0
89 1 23029.36980765 1
90 1 36619.94741267 1
91 0 -21595.79842714 0
92 0 -36129.08810888 0
93 1 35095.24535426 1
94 1 29377.52432657 1
95 1 33328.24138921 1
96 0 -27332.34721743 0
97 1 40956.59052353 1
98 1 28145.46199661 1
99 1 39998.38209451 1
100 0 -44182.06051797 0
101 1 33354.92936686 1
102 1 38272.95666538 1
103 0 -23914.61174708 0
104 1 40294.08341855 1
105 0 -28711.75839560 0
106 1 46910.74401145 1
107 0 -37566.69206685 0
108 1 42607.87313765 1
109 1 36969.57250445 1
110 0 -30530.81954225 0
111 1 41212.82102522 1
112 0 -32265.59620986 0
113 1 44648.08102066 1
114 1 46532.42551604 1
115 1 37913.51385403 1
116 1 28785.16376234 1
117 0 -28728.12802460 0
118 1 41629.64483074 1
119 0 -31119.30956938 0
120 1 41799.64671425 1
121 0 -35976.64430833 0
122 0 -36561.01946248 0
123 1 29459.02108726 1
124 1 35223.35337862 1
125 1 46872.29709999 1
126 1 22582.90656054 1
127 1 44558.87442359 1
128 0 -38806.21461091 0
129 1 40702.32612708 1
130 0 -25801.94342058 0
131 1 26443.77722005 1
132 0 -41822.08904707 0
133 0 -33850.39869249 0
134 1 43780.10041942 1
135 1 39426.80128930 1
136 1 45138.17553924 1
137 1 36978.79285580 1
138 1 24258.94409125 1
139 1 42198.71801380 1
140 1 21087.81024067 1
141 1 29801.72243907 1
142 1 40277.07544805 1
143 1 37202.00454707 1
144 0 -28907.40912766 0
145 1 31652.20198617 1
146 0 -43842.47585453 0
147 1 23867.60391396 1
148 0 -29696.35469659 0
149 1 45561.14130195 1
150 0 -51716.61045710 0
151 0 -34823.63277908 0
152 1 40643.18550261 1
153 0 -39887.55789663 0
154 1 22331.53324231 1
155 0 -30227.59258356 0
156 0 -40379.46436509 0
157 1 44531.08609386 1
158 1 26768.24493922 1
159 1 37273.13913266 1
160 1 34325.97819542 1
161 1 25855.83039301 1
162 0 -36523.87814483 0
163 0 -38227.33736583 0
164 1 50228.82921796 1
165 1 29368.33415050 1
166 1 33100.78037701 1
167 0 -37182.30724971 0
168 0 -27270.00942530 0
169 0 -41365.63148620 0
170 1 44834.00954701 1
171 1 39542.05131010 1
172 1 29311.64241751 1
173 0 -28334.14399182 0
174 0 -38674.71301306 0
175 1 22489.84536776 1
176 0 -34415.30888143 0
177 0 -35783.37407677 0
178 0 -39964.88278903 0
179 0 -27760.17447839 0
180 1 27207.06171487 1
181 0 -37558.76731494 0
182 0 -21244.56367485 0
183 0 -38459.85777323 0
184 0 -44611.61190037 0
185 0 -40377.29560517 0
186 1 29743.27923636 1
187 1 26281.28248656 1
188 1 36328.51598977 1
189 0 -8445.12887257 0
190 1 30931.15148520 1
191 1 30983.98650558 1
192 1 33834.18309418 1
193 1 14217.47786031 1
194 1 16479.32636226 1
195 1 27807.46581092 1
196 1 9290.06611172 1
197 0 -28119.09599190 0
198 1 29342.44762731 1
199 1 30185.51064225 1
200 1 22998.21413633 1
201 1 22805.41311403 1
202 0 -25524.60073205 0
203 1 16291.89177827 1
204 0 -31601.42863807 0
205 0 -33264.70227358 0
206 0 -37669.93495008 0
207 0 -17985.38500672 0
208 1 21823.59481555 1
209 1 27485.05167598 1
210 1 21201.56551897 1
211 1 38024.15703135 1
212 1 33628.07643537 1
213 1 35680.89328752 1
214 0 -18956.10745824 0
215 0 -23868.09831470 0
216 0 -30604.83306989 0
217 1 23348.96675323 1
218 1 29751.78945181 1
219 1 32265.23785397 1
220 0 -29101.60389990 0
221 0 -18376.73866686 0
222 1 23668.75480143 1
223 0 -30195.36347440 0
224 0 -17476.06444363 0
225 1 32290.42459540 1
226 1 34786.95830323 1
227 0 -27942.61358459 0
228 1 17386.44572056 1
229 1 25587.71271385 1
230 1 29131.50889507 1
231 0 -21711.25406247 0
232 1 31225.53304924 1
233 1 45191.82151994 1
234 1 35919.12582131 1
235 0 -24215.36060326 0
236 0 -29970.20211557 0
237 1 39419.51076594 1
238 1 28633.62828672 1
239 0 -41019.34370800 0
240 1 42567.47383615 1
241 0 -41047.12941683 0
242 1 32254.66575113 1
243 0 -35066.95696163 0
244 0 -46710.71448562 0
245 1 30774.93564977 1
246 0 -40168.83861788 0
247 1 42654.41312934 1
248 1 35135.40610855 1
249 1 34737.93379791 1
250 0 -36298.57419662 0
251 0 -51647.04203126 0
252 1 33775.52231840 1
253 1 42880.44912243 1
254 1 43087.35109262 1
255 0 -47461.89346823 0
256 1 39222.40601814 1
257 0 -35859.87046052 0
258 0 -45636.56402828 0
259 0 -34610.09588046 0
260 0 -41425.21537464 0
261 0 -47977.89951362 0
262 0 -45910.88449589 0
263 1 36166.21461720 1
264 0 -39931.29260549 0
265 1 41214.33615355 1
266 1 31169.76014417 1
267 0 -46958.65018163 0
268 0 -38431.49856811 0
269 0 -42948.39740268 0
270 0 -29985.15191429 0
271 1 39812.40150352 1
272 0 -37363.80467563 0
273 1 22991.56444330 1
274 1 42871.04173008 1
275 1 45798.34352776 1
276 1 41402.49155237 1
277 0 -30191.74848733 0
278 0 -32382.16910912 0
279 0 -37382.79253960 0
280 0 -31336.47989444 0
281 0 -45788.37158956 0
282 0 -41460.41597107 0
283 1 35907.98931005 1
284 0 -30288.56520737 0
285 0 -31606.05819801 0
286 1 36557.13193591 1
287 0 -29212.83929602 0
288 1 50178.32757287 1
289 1 44342.78528855 1
290 0 -42620.68403256 0
291 0 -29110.68599304 0
292 0 -39988.86086247 0
293 1 42839.44884551 1
294 1 30394.82948391 1
295 1 47934.19371598 1
296 0 -41013.87689397 0
297 1 39393.77131504 1
298 0 -38187.18184257 0
299 0 -36876.94381099 0
300 0 -43825.18436109 0
301 0 -24113.00221314 0
302 1 47712.48893371 1
303 0 -39055.37537678 0
304 0 -45086.99013846 0
305 1 38455.29088361 1
306 1 37099.11551370 1
307 0 -38645.59641457 0
308 0 -29566.12737608 0
309 0 -46584.45274477 0
310 0 -39210.01634586 0
311 1 48317.49263283 1
312 0 -42847.45396432 0
313 0 -35844.38454706 0
314 0 -43007.06812907 0
315 0 -31400.77276387 0
316 1 46002.09803934 1
317 0 -47409.49139780 0
318 1 39681.01896329 1
319 0 -37414.48156976 0
320 1 31647.69870765 1
321 0 -47172.09176071 0
322 0 -29921.60358419 0
323 0 -43333.60275808 0
324 0 -44466.39479828 0
325 0 -38239.36282215 0
326 0 -33881.13238205 0
327 0 -28323.04335110 0
328 1 42131.60772943 1
329 0 -28544.31087839 0
330 1 42576.20430102 1
331 1 40575.00433635 1
332 1 39264.59391934 1
333 1 30235.00705999 1
334 1 30457.37509501 1
335 1 38999.80595693 1
336 1 30037.54857044 1
337 1 38779.08839280 1
338 1 45513.97337771 1
339 1 36319.43194475 1
340 0 -27283.22191214 0
341 0 -33178.08906163 0
342 1 41734.21635706 1
343 0 -34769.94197004 0
344 0 -47311.10890432 0
345 1 47325.40054966 1
346 0 -44718.58877950 0
347 1 36585.07332655 1
348 0 -34848.61325001 0
349 0 -47578.58305964 0
350 1 34337.90484348 1
351 1 37031.46497885 1
352 0 -47566.25297975 0
353 0 -40600.44931039 0
354 1 33605.76329650 1
355 1 30970.50911697 1
356 0 -46803.78691490 0
357 0 -39551.37263829 0
358 0 -45920.00617537 0
359 0 -47996.09900437 0
360 0 -33579.43688407 0
361 0 -30507.48417117 0
362 1 27802.53253458 1
363 0 -41192.78020517 0
364 1 21590.67890942 1
365 0 -30612.43590316 0
366 0 -35309.89128931 0
367 1 35132.50438380 1
368 0 -24231.96593560 0
369 0 -36511.74113814 0
370 1 34292.44602240 1
371 0 -26261.46890667 0
372 1 31268.70611109 1
373 1 36864.18107715 1
374 1 42977.84314067 1
375 1 25322.69286009 1
376 0 -32065.57677283 0
377 1 32033.27268220 1
378 0 -33020.64735855 0
379 1 35011.25781206 1
380 1 39550.03162035 1
381 0 -39728.68693572 0
382 1 28461.21250032 1
383 1 35933.98406118 1
384 1 40416.31828144 1
385 1 39371.40351367 1
386 0 -43344.14720027 0
387 1 49361.88033820 1
388 1 47466.07899160 1
389 0 -28916.15525901 0
390 1 39684.85012350 1
391 0 -48818.89564884 0
392 0 -36444.40184957 0
393 0 -46763.12122374 0
394 1 57783.54242057 1
395 1 48664.73717055 1
396 1 36131.77727572 1
397 0 -39278.18262777 0
398 1 42635.11188210 1
399 0 -37911.27295475 0
400 0 -46408.65152496 0
401 0 -50403.52156833 0
402 0 -43730.40292180 0
403 0 -28402.08705371 0
404 1 32392.15809367 1
405 1 41570.76526856 1
406 1 26959.89966878 1
407 0 -49294.52214885 0
408 0 -43613.21943189 0
409 1 47234.60353484 1
410 0 -26153.30797249 0
411 1 28725.37085132 1
412 1 39354.00731836 1
413 1 35379.09851469 1
414 0 -42229.79974275 0
415 0 -37529.44672901 0
416 0 -38626.06683780 0
417 1 32645.70664415 1
418 0 -28318.24652321 0
419 0 -32343.67696771 0
420 1 26964.31987665 1
421 0 -44004.51157613 0
422 0 -40417.60145787 0
423 0 -36398.36924546 0
424 0 -25875.46469934 0
425 0 -31739.37387396 0
426 0 -31988.71433456 0
427 0 -27977.39678115 0
428 0 -47437.15007676 0
429 0 -42349.34817089 0
430 0 -42347.63204073 0
431 0 -29554.26828411 0
432 1 36145.33176102 1
433 0 -42127.81236651 0
434 1 38541.46449528 1
435 1 46045.83987749 1
436 1 47102.25262238 1
437 0 -43629.57756914 0
438 1 29682.78795275 1
439 1 40846.46253152 1
440 1 39157.92816184 1
441 1 37268.40513639 1
442 0 -42304.68973013 0
443 0 -48212.05923386 0
444 1 39375.24956952 1
445 0 -32730.08638962 0
446 0 -42728.23042280 0
447 1 44733.36943759 1
448 0 -39104.36809439 0
449 0 -47474.06313157 0
450 0 -51083.63104388 0
451 1 42636.00083334 1
452 1 31632.19651358 1
453 0 -35041.11304770 0
454 0 -47377.32950793 0
455 0 -39663.73598129 0
456 1 39239.72112153 1
457 0 -48465.33620734 0
458 0 -37134.72469938 0
459 1 32099.09784975 1
460 1 38094.16900036 1
461 0 -43152.49712872 0
462 0 -35025.31285986 0
463 0 -44785.68892790 0
464 1 49705.14748534 1
465 0 -35713.82641705 0
466 0 -34898.62221297 0
467 1 31245.98198281 1
468 0 -37369.47240671 0
469 1 33996.29588420 1
470 0 -40456.53903528 0
471 0 -39643.99963495 0
472 0 -38815.12670752 0
473 0 -24277.76937737 0
474 0 -27771.16770044 0
475 0 -33937.98568964 0
476 0 -31578.51024799 0
477 0 -38691.82936551 0
478 0 -38843.64668261 0
479 1 34068.40865064 1
480 1 20948.55793870 1
481 0 -20408.58247351 0
482 0 -33559.42488194 0
483 1 24209.16314383 1
484 0 -37205.89898023 0
485 1 35936.34587975 1
486 0 -34552.46848197 0
487 0 -20680.60038638 0
488 0 -23714.18600094 0
489 0 -41350.38165154 0
490 1 25745.62743734 1
491 0 -44748.62831799 0
492 1 43661.79167603 1
493 1 37394.59828933 1
494 1 26327.51466264 1
495 0 -33808.92556708 0
496 0 -40821.76614308 0
497 0 -33191.63365322 0
498 0 -44823.55005603 0
499 1 41723.57990120 1
500 1 42185.92172895 1
501 0 -32212.51461232 0
502 1 34218.77817013 1
503 0 -42883.39171870 0
504 1 35254.98020126 1
505 0 -48017.89256812 0
506 0 -43791.76614044 0
507 1 43942.90957897 1
508 0 -26783.84741541 0
509 1 35596.27738762 1
510 0 -40090.62576692 0
511 0 -34745.91663045 0
512 1 41190.44884914 1
513 1 47789.97423627 1
514 1 40945.58595317 1
515 0 -29187.53807899 0
516 0 -33681.61667961 0
517 0 -37774.83104245 0
518 0 -36713.74848397 0
519 1 44101.29116562 1
520 1 39424.36105902 1
521 1 37168.08933698 1
522 1 25914.12689098 1
523 1 33935.95016273 1
524 0 -34730.51649760 0
525 0 -32356.04135653 0
526 1 41365.92901397 1
527 0 -42127.98139139 0
528 0 -35055.02599388 0
529 1 26965.92883284 1
530 1 33451.07909229 1
531 0 -36634.39769770 0
532 0 -31762.69780546 0
533 0 -37356.24333236 0
534 0 -45882.57967826 0
535 0 -36126.97023194 0
536 0 -17898.74451450 0
537 0 -33205.49772697 0
538 1 35673.90565778 1
539 0 -31373.12992202 0
540 0 -44635.87171966 0
541 1 48543.11237967 1
542 1 34898.08583037 1
543 1 22890.63360919 1
544 1 36842.04125612 1
545 0 -35216.85592891 0
546 1 38883.98760970 1
547 0 -41894.26752748 0
548 0 -44536.97289223 0
549 1 33001.73309071 1
550 1 8009.67834524 1
551 0 -39796.71269232 0
552 0 -25873.85473591 0
553 0 -38837.13977610 0
554 0 -36222.06929245 0
555 1 39870.00457392 1
556 0 -30852.17961407 0
557 1 6753.81647780 1
558 1 32659.53596303 1
559 0 -18515.50988652 0
560 0 -31461.22803514 0
561 0 -32115.66598437 0
562 0 -33483.59004024 0
563 0 -23031.17859133 0
564 0 -14267.53655013 0
565 0 -25951.96947896 0
566 1 18339.39044693 1
567 1 28357.43396976 1
568 0 -33445.17667479 0
569 0 -37553.95857744 0
570 0 -29258.43794729 0
571 1 19934.01306123 1
572 1 29753.92846244 1
573 0 -30618.53474587 0
574 0 -30366.97235426 0
575 1 40507.22866755 1
576 1 45241.15239377 1
577 1 37418.13399460 1
578 0 -22439.77141593 0
579 0 -33936.59453296 0
580 1 29536.02072130 1
581 0 -36468.36577424 0
582 1 35274.62257664 1
583 0 -39428.52056571 0
584 0 -33109.40210350 0
585 0 -20181.71361067 0
586 0 -25211.63117188 0
587 0 -29675.37117792 0
588 0 -24731.72313688 0
589 1 37412.11691146 1
590 1 34283.58560789 1
591 1 29358.41709970 1
592 0 -20445.16266918 0
593 0 -25650.02253046 0
594 0 -21230.84115159 0
595 1 23509.60687424 1
596 1 34331.00100129 1
597 0 -37611.73856117 0
598 1 31403.92542754 1
599 0 -19164.50285566 0
600 0 -24811.61672914 0
601 1 33358.10907029 1
602 1 23652.79156055 1
603 0 -34981.88504510 0
604 0 -38984.56058418 0
605 1 35398.08995878 1
606 1 12129.15150389 1
607 1 30331.90587010 1
608 1 32902.56579482 1
609 0 -23888.31291043 0
610 1 36197.46908932 1
611 1 33243.47584605 1
612 1 35623.32236902 1
613 1 9029.49264902 1
614 1 21937.25023138 1
615 1 28050.57816503 1
616 0 -21475.18277694 0
617 0 -33976.31608560 0
618 1 37364.03178226 1
619 0 -37056.71325753 0
620 0 -15278.33936481 0
621 0 -25113.57578986 0
622 1 33507.27371045 1
623 1 27089.00689148 1
624 1 41429.47198118 1
625 0 -33773.04161051 0
626 0 -36155.84704974 0
627 0 -23799.36692140 0
628 0 -22834.80640334 0
629 0 -39937.27119338 0
630 0 -30462.11245611 0
631 1 42950.79137961 1
632 1 38662.14416035 1
633 0 -43683.43114769 0
634 1 22091.55267338 1
635 0 -37938.89992237 0
636 1 34643.48535215 1
637 1 34567.70083775 1
638 1 44028.92941073 1
639 1 39947.02619565 1
640 0 -39077.90822487 0
641 0 -24095.43960954 0
642 1 33607.18737221 1
643 1 40612.28879166 1
644 1 34111.38359058 1
645 0 -46344.35157184 0
646 0 -50314.49349634 0
647 0 -40780.34398820 0
648 1 23020.28758599 1
649 1 34665.78152466 1
650 0 -38253.38201303 0
651 0 -32980.43195178 0
652 1 47206.30950839 1
653 1 40265.74783893 1
654 0 -41225.52560861 0
655 0 -18116.05608261 0
656 1 35731.57012734 1
657 1 27494.34191615 1
658 1 34036.18527028 1
659 0 -41601.39920392 0
660 1 39414.37063858 1
661 0 -34319.72107298 0
662 0 -18967.47299255 0
663 0 -23754.61136216 0
664 1 19823.06192633 1
665 1 28338.45449251 1
666 1 34406.56491163 1
667 0 -33520.16731976 0
668 0 -32909.68008970 0
669 0 -15001.67715778 0
670 0 -26477.83090425 0
671 1 21760.76363469 1
672 0 -26198.09139206 0
673 0 -35692.27319551 0
674 1 37111.88752746 1
675 1 32534.91578489 1
676 1 22780.50612419 1
677 0 -28228.58027057 0
678 0 -27437.12150959 0
679 1 29828.19406423 1
680 1 36652.57744188 1
681 1 44310.76271393 1
682 1 40646.85438140 1
683 1 26394.71209633 1
684 1 36792.85664871 1
685 0 -32776.21453535 0
686 1 32400.95673173 1
687 1 46237.05873260 1
688 1 49208.68270026 1
689 1 44071.48283348 1
690 1 28716.43831910 1
691 1 41181.72977596 1
692 0 -28644.68205049 0
693 1 40075.30168413 1
694 1 44798.50779202 1
695 1 48563.59310105 1
696 0 -44593.61433931 0
697 0 -24742.97870312 0
698 1 32239.73998063 1
699 1 29734.53576086 1
700 0 -35267.18058592 0
701 0 -36820.68191897 0
702 0 -43979.44971293 0
703 1 36531.81863460 1
704 0 -21531.34541573 0
705 0 -31984.77951716 0
706 1 29421.14085698 1
707 1 31811.36599116 1
708 0 -37536.26087659 0
709 0 -45201.61136356 0
710 0 -41356.02555256 0
711 0 -34475.07161046 0
712 0 -35517.52806834 0
713 0 -42664.76684393 0
714 1 33491.02060505 1
715 0 -41813.71132116 0
716 0 -53521.17911166 0
717 0 -45770.46636757 0
718 0 -30661.94882899 0
719 0 -38173.60683936 0
720 0 -37884.58729095 0
721 1 37508.22657229 1
722 0 -39881.28585949 0
723 0 -41066.15023858 0
724 1 40254.36551559 1
725 1 26488.00350277 1
726 1 31052.99463962 1
727 0 -27539.21092350 0
728 1 32542.21386702 1
729 0 -27420.81094903 0
730 1 35283.29375323 1
731 0 -32735.35877844 0
732 0 -23107.80020365 0
733 0 -26471.33679067 0
734 1 28105.39312089 1
735 0 -28093.68923311 0
736 0 -22915.71327973 0
737 1 35870.16799764 1
738 1 36763.40408594 1
739 1 25324.30975741 1
740 0 -27054.60243194 0
741 1 27770.17261810 1
742 1 32797.81707793 1
743 0 -22943.96850776 0
744 0 -42060.76668245 0
745 1 34404.77690121 1
746 1 27460.61530286 1
747 1 36011.16375583 1
748 0 -39393.06449682 0
749 0 -35685.13124120 0
750 1 27681.87049981 1
751 1 45899.62962496 1
752 1 44662.81344947 1
753 0 -29946.51408271 0
754 0 -42018.20558009 0
755 0 -39555.04986624 0
756 1 43120.25548422 1
757 0 -46708.74926134 0
758 0 -50912.41422277 0
759 1 56487.75553613 1
760 0 -37182.70544107 0
761 1 37064.65100674 1
762 0 -42240.82425563 0
763 0 -47538.83887012 0
764 0 -43104.76940483 0
765 1 54804.48828659 1
766 1 43119.66106650 1
767 1 30061.18704196 1
768 0 -35108.62656471 0
769 1 40550.74544772 1
770 1 30548.72352661 1
771 1 38296.11578100 1
772 1 47762.40512910 1
773 0 -40116.39111385 0
774 1 24334.62212990 1
775 0 -29418.12748613 0
776 0 -39533.77565910 0
777 0 -29448.01877104 0
778 0 -35542.91058847 0
779 0 -45212.79997041 0
780 0 -42966.92615298 0
781 0 -25651.80041162 0
782 1 28854.64347584 1
783 1 40291.17525315 1
784 0 -34596.98079311 0
785 0 -34086.79509183 0
786 1 48006.23869925 1
787 1 41424.72398086 1
788 0 -30499.37603630 0
789 0 -33589.29713369 0
790 1 37449.35167474 1
791 0 -32148.57682979 0
792 1 35993.63502582 1
793 1 47700.08795565 1
794 1 42162.22055577 1
795 0 -31354.23817173 0
796 1 37102.73077974 1
797 1 34593.92619456 1
798 0 -38356.11709416 0
799 1 35312.08830141 1
800 0 -47030.95402122 0
801 0 -45243.03767237 0
802 1 33921.94251640 1
803 1 35406.13388413 1
804 1 36489.36980952 1
805 0 -29087.68194465 0
806 1 44911.20895879 1
807 0 -45517.12370964 0
808 0 -46670.24117624 0
809 0 -33973.94338770 0
810 1 33665.97846934 1
811 1 35564.88641264 1
812 1 30658.46387055 1
813 0 -42056.64767190 0
814 0 -49995.30605755 0
815 1 48549.33881896 1
816 1 28644.88416862 1
817 1 33378.10136621 1
818 0 -31753.98535711 0
819 1 34104.45198730 1
820 0 -32636.15003278 0
821 0 -48096.03799977 0
822 1 43477.06218977 1
823 0 -24142.03330714 0
824 1 28721.48295779 1
825 0 -36832.77139505 0
826 0 -35403.42168675 0
827 0 -34997.30866992 0
828 0 -37198.50537258 0
829 0 -37772.15292979 0
830 0 -22826.57793429 0
831 0 -32763.67649344 0
832 1 31366.53872028 1
833 1 32781.39693377 1
834 0 -38347.69675719 0
835 1 39018.70127165 1
836 0 -39847.86257634 0
837 0 -28419.19229818 0
838 0 -31799.89783402 0
839 0 -31361.24050459 0
840 0 -37578.61154595 0
841 0 -41845.56373923 0
842 1 43661.73379622 1
843 1 41776.74525339 1
844 1 32750.54814394 1
845 0 -31392.50805269 0
846 0 -34111.38346923 0
847 1 29554.88885496 1
848 0 -38396.79709743 0
849 0 -42787.70876215 0
850 0 -45436.04437652 0
851 0 -37248.88882389 0
852 0 -31765.77617269 0
853 0 -36186.14556762 0
854 0 -34355.69243000 0
855 0 -37371.55105363 0
856 0 -42554.58558642 0
857 1 45903.69436040 1
858 0 -34815.58971311 0
859 1 33678.94020453 1
860 0 -37884.56928011 0
861 1 32432.40768929 1
862 0 -35022.91631878 0
863 1 45746.39449689 1
864 0 -48640.18042076 0
865 0 -42432.72681555 0
866 0 -36804.00824118 0
867 0 -36274.32022248 0
868 1 36524.65743572 1
869 0 -46501.20092912 0
870 1 46606.09848799 1
871 1 53164.04686981 1
872 1 30440.94688721 1
873 0 -40059.70978578 0
874 1 35888.21305585 1
875 0 -33368.05247363 0
876 1 43058.13822078 1
877 1 44675.37874094 1
878 0 -40984.20349354 0
879 1 26940.01514651 1
880 0 -35555.13697781 0
881 1 28813.10490381 1
882 1 25535.79198971 1
883 1 40026.29617969 1
884 1 39645.62973043 1
885 0 -35712.51403628 0
886 1 19205.02518737 1
887 0 -25558.76690812 0
888 0 -26955.43808554 0
889 1 29589.45226308 1
890 0 -28746.67811102 0
891 1 31030.57636209 1
892 1 31892.74993832 1
893 1 18616.53751201 1
894 1 21727.46012936 1
895 1 19421.67614870 1
896 0 -20264.46913054 0
897 1 29012.51368962 1
898 0 -31358.61975414 0
899 0 -30473.21173146 0
900 0 -19202.32284436 0
901 0 -20768.15118342 0
902 1 20059.51363658 1
903 1 24872.79275673 1
904 1 28926.34633619 1
905 0 -39155.91025360 0
906 0 -37932.69700605 0
907 0 -32145.95172739 0
908 0 -29856.41447201 0
909 0 -39018.13819061 0
910 0 -30799.93835151 0
911 1 35116.95845439 1
912 1 44167.68881066 1
913 0 -42411.03132104 0
914 0 -35407.60868173 0
915 1 36415.86681227 1
916 1 34284.87987231 1
917 1 35638.93290070 1
918 1 41398.32664491 1
919 0 -40096.79781353 0
920 0 -42407.78468432 0
921 0 -33297.83823897 0
922 1 31013.97903943 1
923 0 -36840.10915614 0
924 1 31083.04276545 1
925 1 40925.29512964 1
926 0 -37868.89041156 0
927 1 38833.68645932 1
928 0 -30497.66260342 0
929 0 -27272.66520755 0
930 1 36337.17301137 1
931 1 18158.82877527 1
932 1 37726.88236468 1
933 1 39825.96944718 1
934 0 -33534.46062005 0
935 1 29947.88717225 1
936 1 27902.18266859 1
937 0 -33222.63281608 0
938 0 -23277.16579075 0
939 0 -34645.35345447 0
940 0 -39509.40317338 0
941 0 -38258.18272871 0
942 0 -32157.94591805 0
943 0 -30012.03614877 0
944 0 -39813.35822939 0
945 0 -31940.86949617 0
946 1 45931.69957784 1
947 0 -45265.82267387 0
948 1 41850.85039906 1
949 1 40270.80021246 1
950 1 33828.03888922 1
951 1 39198.22449785 1
952 0 -26634.56525061 0
953 1 38139.72653601 1
954 1 53839.93771821 1
955 1 42035.28051420 1
956 1 38498.66157378 1
957 1 31013.95117804 1
958 1 41124.10943685 1
959 1 29146.54950331 1
960 1 40050.15658799 1
961 1 51943.76263949 1
962 0 -50893.22473750 0
963 0 -32407.51451627 0
964 0 -36271.49227869 0
965 1 43410.60089210 1
966 1 34489.73762311 1
967 1 37818.07572797 1
968 0 -41530.01718753 0
969 1 52058.60613373 1
970 0 -30766.73046051 0
971 0 -36848.13201069 0
972 1 43068.76619636 1
973 0 -33626.06868307 0
974 1 38853.68525834 1
975 1 42403.69841092 1
976 1 43023.91493664 1
977 1 29588.40745785 1
978 0 -29061.88568604 0
979 1 42709.92801017 1
980 1 36829.70300031 1
981 0 -47936.14439741 0
982 0 -42798.78474601 0
983 1 44441.49992703 1
984 0 -34384.22815630 0
985 1 29513.74294098 1
986 1 41483.44477116 1
987 0 -34132.31903654 0
988 1 44256.92622724 1
989 0 -39977.31758469 0
990 0 -44504.93304561 0
991 1 31894.19753359 1
992 1 24633.71549172 1
993 1 38599.25814094 1
994 1 32736.70751072 1
995 0 -43493.74188018 0
996 1 47728.67631351 1
997 0 -41044.57489469 0
998 1 20727.42219696 1
999 0 -22479.74138758 0
1000 0 -34980.21643914 0
1001 0 -31606.92669153 0
1002 1 38020.06426611 1
1003 0 -46916.56891559 0
1004 1 40046.49045693 1
1005 1 23595.22300302 1
1006 1 24890.90154744 1
1007 1 38828.21203980 1
1008 0 -33216.90622492 0
1009 1 39844.79356200 1
1010 1 39449.94450964 1
1011 1 41138.86505571 1
1012 1 23399.49961040 1
1013 1 29855.07383425 1
1014 1 34808.99719459 1
1015 0 -25861.84090176 0
1016 0 -38014.68311872 0
1017 1 42691.06537510 1
1018 1 35549.23618736 1
1019 0 -26083.47703389 0
1020 1 23645.94675592 1
1021 1 36952.59041489 1
1022 0 -32316.57307346 0
1023 1 36283.53784429 1
1024 0 -38949.13745953 0
1025 1 39481.96283193 1
1026 0 -21155.89610895 0
1027 0 -24992.38660789 0
1028 0 -36252.18629748 0
1029 1 25006.22996289 1
1030 0 -32437.42036370 0
1031 0 -40329.11394847 0
1032 0 -39870.13423023 0
1033 1 28528.90132331 1
1034 0 -18888.24282575 0
1035 1 34333.66036410 1
1036 0 -17108.70643376 0
1037 1 30119.82765087 1
1038 1 34789.03998776 1
1039 0 -30007.91359986 0
1040 0 -16729.15190118 0
1041 1 14013.61760299 1
1042 1 32896.86296807 1
1043 1 18953.62100916 1
1044 1 30711.08366630 1
1045 0 -37000.59791553 0
1046 1 35304.88929133 1
1047 0 -23741.27904121 0
1048 1 15348.33389445 1
1049 0 -42380.63384149 0
1050 0 -18131.99476791 0
1051 0 -35572.84751486 0
1052 1 39672.01080085 1
1053 1 37697.79183436 1
1054 0 -21940.67450661 0
1055 1 28684.34817509 1
1056 1 38879.59969676 1
1057 0 -25559.14375505 0
1058 1 35094.29788904 1
1059 1 37392.40507782 1
1060 0 -35896.17810855 0
1061 0 -27359.33125591 0
1062 0 -18843.53937974 0
1063 0 -38064.47300292 0
1064 1 27558.07199136 1
1065 1 45054.67553825 1
1066 1 45655.50634079 1
1067 1 46164.89871772 1
1068 0 -34669.19651646 0
1069 1 32537.50583365 1
1070 1 48470.41703822 1
1071 1 31102.15699939 1
1072 0 -41436.35419948 0
1073 1 45858.28956343 1
1074 0 -38127.03612667 0
1075 0 -24041.24177684 0
1076 0 -19388.60920136 0
1077 0 -36657.10221438 0
1078 0 -24551.64060919 0
1079 0 -44104.78368143 0
1080 1 39751.28740530 1
1081 0 -27247.45197352 0
1082 0 -20269.62936996 0
1083 0 -19019.88535604 0
1084 0 -37973.36558778 0
1085 0 -20507.43988750 0
1086 0 -41636.27026819 0
1087 1 43281.08913638 1
1088 1 28429.62517293 1
1089 1 19841.99412375 1
1090 1 29060.37351515 1
1091 0 -36673.97214231 0
1092 0 -33139.08180886 0
1093 0 -41186.32036962 0
1094 0 -39737.55409303 0
1095 1 35513.57635479 1
1096 0 -26861.03778053 0
1097 0 -24533.17391375 0
1098 1 46912.48369055 1
1099 0 -32503.45725450 0
1100 0 -44282.36506815 0
1101 1 45503.30566542 1
1102 0 -40071.34485656 0
1103 0 -24650.11871665 0
1104 0 -25380.10290181 0
1105 0 -37129.40216208 0
1106 1 28426.68797996 1
1107 1 36429.57286210 1
1108 0 -38564.22455682 0
1109 0 -36776.42747353 0
1110 1 28096.84000415 1
1111 0 -26876.32694033 0
1112 0 -39572.27972039 0
1113 1 32245.44617799 1
1114 0 -41751.71467563 0
1115 1 45246.94434409 1
1116 0 -48879.40276514 0
1117 0 -31485.52909789 0
1118 0 -35682.32075840 0
1119 0 -41840.72464892 0
1120 0 -37096.62569917 0
1121 0 -45991.38895379 0
1122 1 51478.46728334 1
1123 0 -45337.81891523 0
1124 0 -34917.60410343 0
1125 0 -36036.96438050 0
1126 1 40946.36274154 1
1127 1 38266.35480040 1
1128 1 44744.06731674 1
1129 1 49845.21511202 1
1130 1 40987.66394183 1
1131 0 -33157.64744970 0
1132 0 -32810.81790001 0
1133 0 -39206.63322039 0
1134 1 39270.54140325 1
1135 0 -38871.89396305 0
1136 1 47629.66038774 1
1137 1 38275.99892716 1
1138 1 24914.67538728 1
1139 1 32046.49095296 1
1140 0 -36236.16897421 0
1141 1 31979.02239603 1
1142 1 35664.08231254 1
1143 1 41802.20997370 1
1144 1 36155.31062434 1
1145 1 26538.26709419 1
1146 0 -32327.84561191 0
1147 0 -32881.82038676 0
1148 1 26724.47781141 1
1149 1 36563.90629286 1
1150 1 43667.80527190 1
1151 1 35406.49874206 1
1152 1 21881.81660910 1
1153 1 30797.57664131 1
1154 0 -33045.77578110 0
1155 0 -26736.44047454 0
1156 1 35860.77327275 1
1157 0 -38354.87594857 0
1158 0 -35032.88477463 0
1159 0 -24949.88559598 0
1160 0 -30059.23368806 0
1161 1 35194.78025573 1
1162 1 25841.35544849 1
1163 1 41503.51206936 1
1164 0 -37039.31465354 0
1165 1 35800.44810073 1
1166 1 23367.49108011 1
1167 1 29828.56411474 1
1168 1 42385.87765545 1
1169 1 29827.10702227 1
1170 0 -30366.12391406 0
1171 0 -45536.40770895 0
1172 1 39623.59631578 1
1173 1 29597.65093878 1
1174 1 25178.30729768 1
1175 0 -38267.59279622 0
1176 1 25770.86890232 1
1177 0 -34832.92481238 0
1178 1 38070.07116314 1
1179 0 -38083.53618810 0
1180 1 32226.02571013 1
1181 0 -20237.09360823 0
1182 0 -25215.46569600 0
1183 0 -26802.19907909 0
1184 1 29382.84585078 1
1185 1 33731.67162369 1
1186 0 -29999.04535151 0
1187 0 -24139.21678614 0
1188 0 -22023.03161009 0
1189 0 -28736.46734331 0
1190 1 24470.32828986 1
1191 1 25692.65102522 1
1192 1 36339.17351543 1
1193 1 30175.42434098 1
1194 1 25104.38697697 1
1195 0 -23029.02764091 0
1196 0 -35624.94095921 0
1197 1 28865.26049404 1
1198 1 26113.38308851 1
1199 0 -34215.19080080 0
1200 1 38122.28509384 1
1201 1 33714.80429375 1
1202 0 -31247.40289966 0
1203 1 35495.53730338 1
1204 0 -31567.84439859 0
1205 0 -37324.28933659 0
1206 1 40825.20581514 1
1207 1 45131.30251813 1
1208 0 -31644.44892464 0
1209 0 -31772.09678939 0
1210 1 40657.15606535 1
1211 1 27223.64642237 1
1212 0 -37503.21188450 0
1213 1 41713.92545665 1
1214 0 -46211.83435571 0
1215 1 26956.37909909 1
1216 0 -30330.70123263 0
1217 0 -41632.91241234 0
1218 0 -30328.15562123 0
1219 1 36516.11967560 1
1220 1 34707.82067200 1
1221 0 -42750.00823445 0
1222 0 -31529.71865665 0
1223 0 -30015.49413812 0
1224 1 39726.53684165 1
1225 0 -29538.13917127 0
1226 0 -40341.54286662 0
1227 0 -37554.64049636 0
1228 0 -42229.00388090 0
1229 1 33268.23675146 1
1230 1 31664.57018890 1
1231 0 -38161.35764888 0
1232 1 28777.95694722 1
1233 0 -35671.07000294 0
1234 0 -39097.89174154 0
1235 1 48479.61019701 1
1236 0 -41475.11941987 0
1237 0 -22874.83253310 0
1238 0 -42553.74609595 0
1239 1 26272.62288165 1
1240 0 -35379.76662578 0
1241 1 43131.26993384 1
1242 1 42175.61267770 1
1243 0 -33934.88764970 0
1244 0 -25741.54478624 0
1245 0 -43549.22768913 0
1246 0 -28765.00122595 0
1247 1 37270.72243368 1
1248 1 40773.47035399 1
1249 0 -41721.33258540 0
1250 0 -35125.15997504 0
1251 1 31586.61699798 1
1252 0 -44956.26633828 0
1253 1 29656.43205892 1
1254 0 -44326.11322832 0
1255 1 44942.71756042 1
1256 1 39266.14735502 1
1257 1 28355.89006255 1
1258 1 26526.35584638 1
1259 1 41497.59762009 1
1260 1 19784.23968995 1
1261 1 42762.94181263 1
1262 1 40114.35709349 1
1263 1 41287.47206952 1
1264 1 27023.19471115 1
1265 0 -23247.35530743 0
1266 1 40212.76996740 1
1267 0 -20231.72915616 0
1268 0 -41041.75661650 0
1269 1 38916.25463953 1
1270 1 46716.45611760 1
1271 0 -36136.37352841 0
1272 0 -25395.35240760 0
1273 1 41249.09889432 1
1274 0 -32238.65194490 0
1275 0 -44887.06677700 0
1276 0 -49012.07141872 0
1277 1 47930.03155569 1
1278 1 35858.61095090 1
1279 1 33398.39852007 1
1280 1 43453.23349061 1
1281 1 29464.56575977 1
1282 0 -45329.84383263 0
1283 1 45356.55740174 1
1284 0 -34211.29021494 0
1285 1 36188.80266077 1
1286 1 28863.03173509 1
1287 1 43596.57024527 1
1288 1 27386.29722921 1
1289 1 44015.56513564 1
1290 0 -44524.03811920 0
1291 1 33892.38225578 1
1292 1 33816.49602972 1
1293 1 37005.54601723 1
1294 0 -43701.55503617 0
1295 0 -30890.76174585 0
1296 0 -48015.29959948 0
1297 0 -38137.32664654 0
1298 0 -44010.89528473 0
1299 1 32802.53000306 1
1300 1 27193.98037154 1
1301 1 42671.19915575 1
1302 0 -36798.43751496 0
1303 0 -47421.79065413 0
1304 0 -39585.93765429 0
1305 1 39344.89273313 1
1306 0 -27538.88535533 0
1307 1 26527.86774775 1
1308 0 -38993.31158738 0
1309 0 -33985.08909844 0
1310 0 -39460.91029263 0
1311 1 41786.91027062 1
1312 0 -33554.49781064 0
1313 1 26805.18628671 1
1314 1 23500.30458526 1
1315 1 37119.95087450 1
1316 1 33490.38487721 1
1317 0 -41196.61400655 0
1318 1 37001.44536912 1
1319 1 35164.10974077 1
1320 1 29023.98563904 1
1321 1 25430.59104629 1
1322 0 -41741.05629196 0
1323 1 33666.55579331 1
1324 1 42416.16968893 1
1325 0 -43151.56197488 0
1326 0 -34033.56007526 0
1327 0 -32831.65319171 0
1328 0 -33759.59441042 0
1329 0 -40499.13754948 0
1330 1 31685.03083882 1
1331 1 36668.28420466 1
1332 0 -44919.70676383 0
1333 0 -34149.88449143 0
1334 0 -27724.87480962 0
1335 1 24086.13901920 1
1336 0 -42692.61689053 0
1337 0 -30554.93652615 0
1338 1 35138.37523869 1
1339 1 44371.50524703 1
1340 1 40847.64744820 1
1341 1 25734.72282517 1
1342 0 -23558.10727446 0
1343 1 40533.29323081 1
1344 1 23448.73846631 1
1345 0 -35309.95844252 0
1346 0 -43036.51216244 0
1347 0 -40610.02096313 0
1348 0 -34345.73103131 0
1349 0 -20362.91670061 0
1350 1 37527.43142410 1
1351 0 -24485.22590732 0
1352 1 38142.49075610 1
1353 1 45948.25277977 1
1354 0 -37162.58122012 0
1355 0 -25937.76645868 0
1356 0 -22309.48587565 0
1357 0 -35492.58227095 0
1358 1 29693.28687437 1
1359 0 -39952.33784515 0
1360 0 -41285.65062330 0
1361 0 -40788.70514496 0
1362 0 -21126.85373925 0
1363 1 16672.55984747 1
1364 0 -33601.56874684 0
1365 0 -21792.15457921 0
1366 0 -34543.80053628 0
1367 1 44510.63541809 1
1368 0 -42555.71844877 0
1369 1 22950.82785364 1
1370 1 19092.74674133 1
1371 0 -38793.60569694 0
1372 0 -23607.92617843 0
1373 0 -34900.49520913 0
1374 1 38542.16535440 1
1375 0 -43869.69122529 0
1376 0 -28969.61127987 0
1377 0 -23949.38140030 0
1378 1 38469.33919755 1
1379 0 -27894.47272673 0
1380 0 -33029.48729916 0
1381 1 38246.69719490 1
1382 1 42054.18633291 1
1383 1 29739.87895258 1
1384 0 -28900.70812588 0
1385 1 37118.26890467 1
1386 1 27953.49509486 1
1387 0 -39178.25458758 0
1388 0 -38123.52232609 0
1389 0 -39080.58569376 0
1390 1 32614.77453426 1
1391 0 -22717.77020294 0
1392 1 42803.73523721 1
1393 1 20470.60284142 1
1394 0 -38866.79648685 0
1395 1 35943.27267865 1
1396 0 -32978.26138143 0
1397 0 -23373.20294057 0
1398 0 -25449.28116566 0
1399 1 34987.66251833 1
1400 1 20968.14243761 1
1401 1 36727.48873493 1
1402 0 -34378.97965473 0
1403 0 -31287.25966383 0
1404 0 -23620.60725992 0
1405 1 26343.73515364 1
1406 1 33886.44441551 1
1407 1 20526.28566457 1
1408 1 34855.69040372 1
1409 1 36332.21606882 1
1410 0 -32150.92897474 0
1411 0 -24644.90440537 0
1412 0 -19552.45329518 0
1413 0 -37776.50157008 0
1414 0 -25799.81768789 0
1415 0 -42620.01799611 0
1416 0 -38032.59346479 0
1417 1 36862.75790999 1
1418 0 -23474.67381412 0
1419 0 -17623.78786476 0
1420 1 32470.63762861 1
1421 1 22172.42850051 1
1422 1 37198.02616285 1
1423 1 35256.87003056 1
1424 0 -29296.15175996 0
1425 0 -19456.85579981 0
1426 0 -17033.86361254 0
1427 0 -32970.02104544 0
1428 1 18773.03056389 1
1429 1 30709.09014032 1
1430 0 -28802.39013222 0
1431 0 -33936.80217169 0
1432 1 16125.80141503 1
1433 1 20043.75005467 1
1434 1 37108.42434528 1
1435 1 15198.92907441 1
1436 0 -26255.63083502 0
1437 0 -28497.98378179 0
1438 0 -28111.50533541 0
1439 1 15578.77451571 1
1440 1 18399.25618751 1
1441 1 28018.58655141 1
1442 0 -14663.92812271 0
1443 1 28625.17871992 1
1444 1 30376.46612799 1
1445 0 -29649.44895985 0
1446 1 16489.14120435 1
1447 1 13729.67868653 1
1448 1 27471.69886084 1
1449 0 -8627.90263470 0
1450 0 -26050.11097035 0
1451 1 31174.95417211 1
1452 1 29933.43688767 1
1453 0 -26063.78868949 0
1454 1 17167.85011301 1
1455 1 33247.43419064 1
1456 1 9857.55653145 1
1457 0 -27487.30975485 0
1458 0 -22170.37978264 0
1459 0 -24369.56371135 0
1460 1 13737.29217425 1
1461 0 -16255.27805778 0
1462 0 -24750.64001780 0
1463 1 10768.06998671 1
1464 0 -19834.85373201 0
1465 1 24549.61547633 1
1466 1 18042.50895926 1
1467 1 6981.33812075 1
1468 1 5897.41667632 1
1469 0 -20409.48581321 0
1470 1 5531.67035086 1
1471 0 -22524.13804037 0
1472 0 -20378.03449671 0
1473 0 -21889.01012579 0
1474 0 -7979.83435909 0
1475 0 686.88648401 1
1476 0 -23640.26988053 0
1477 0 -686.88648401 0
1478 0 -19748.78901936 0
1479 0 -18170.18201826 0
1480 0 -19096.79186630 0
1481 0 -686.88648401 0
1482 1 -2642.37202830 0
1483 0 -18120.41074325 0
1484 0 -8751.20319794 0
1485 0 -22531.83832020 0
1486 1 20884.53866075 1
1487 1 23939.51259991 1
1488 0 -8788.73464946 0
1489 0 -16696.58392493 0
1490 0 -24466.31719852 0
1491 0 -13264.74094623 0
1492 1 26162.52330289 1
1493 1 25961.38932961 1
1494 1 31749.41961425 1
1495 1 19376.09195476 1
1496 1 17370.97531060 1
1497 1 29327.86825939 1
1498 1 22346.43982708 1
1499 1 31289.12861633 1
1500 0 -22948.62113321 0
1501 1 27940.75893057 1
1502 1 14439.90991612 1
1503 0 -19961.44078559 0
1504 0 -25168.06537112 0
1505 1 13144.67713093 1
1506 0 -29725.56176709 0
1507 0 -28159.41265085 0
1508 1 25708.47648953 1
1509 0 -19678.81884342 0
1510 1 18292.69787272 1
1511 1 23108.04240943 1
1512 0 -19505.51942182 0
1513 1 26858.72153021 1
1514 1 31697.36573341 1
1515 0 -29737.50077031 0
1516 0 -12999.42160910 0
1517 0 -17564.44209566 0
1518 1 21773.88806200 1
1519 1 17966.75720387 1
1520 0 -33911.68066611 0
1521 0 -35548.59855544 0
1522 1 30976.33059429 1
1523 0 -17766.58918701 0
1524 1 26394.48200370 1
1525 1 28696.28795291 1
1526 0 -24621.75042053 0
1527 1 31277.15041261 1
1528 1 31631.61939571 1
1529 0 -33460.33436993 0
1530 0 -20557.27732249 0
1531 0 -18816.73173162 0
1532 0 -31692.40932661 0
1533 0 -18283.50415916 0
1534 0 -27633.79928417 0
1535 0 -33010.44968748 0
1536 1 37016.49114091 1
1537 1 19660.14467241 1
1538 0 -17129.99105055 0
1539 0 -29806.63530341 0
1540 0 -16298.07908985 0
1541 0 -32538.31374888 0
1542 1 37798.31893678 1
1543 1 37611.96786310 1
1544 1 20760.61571421 1
1545 0 -24640.13434942 0
1546 0 -35163.36415466 0
1547 0 -26233.46170722 0
1548 1 31199.23554762 1
1549 1 35292.29628818 1
1550 1 35591.79853047 1
1551 0 -25058.79768137 0
1552 1 18431.09337526 1
1553 0 -35175.72122580 0
1554 0 -25063.81083243 0
1555 0 -34507.42303355 0
1556 1 36111.18176147 1
1557 1 37137.11384749 1
1558 0 -20532.92740366 0
1559 0 -18693.37828732 0
1560 1 28076.29322776 1
1561 0 -23591.56225914 0
1562 0 -33474.83450534 0
1563 1 39413.41034067 1
1564 1 36500.04192582 1
1565 0 -22770.82324022 0
1566 0 -18577.96093917 0
1567 1 29357.04405629 1
1568 1 22849.46598896 1
1569 0 -29278.58948726 0
1570 0 -42798.52095246 0
1571 1 35528.96858179 1
1572 0 -29868.61989935 0
1573 0 -14788.18343813 0
1574 1 31852.01662073 1
1575 0 -29270.13102280 0
1576 0 -30419.64896399 0
1577 1 38910.94862388 1
1578 1 41681.43802231 1
1579 1 25290.83652448 1
1580 0 -15332.69096337 0
1581 1 28172.12262155 1
1582 0 -28582.22925066 0
1583 0 -27171.59751397 0
1584 0 -42397.59731533 0
1585 1 41505.03370432 1
1586 0 -28120.59145379 0
1587 0 -19133.59606305 0
1588 1 39084.78566479 1
1589 0 -24729.81167296 0
1590 0 -35436.22778701 0
1591 1 34756.35753080 1
1592 1 41355.65465121 1
1593 0 -27575.15746870 0
1594 1 22065.96254048 1
1595 1 40200.38478940 1
1596 0 -30559.01540721 0
1597 0 -33163.97830669 0
1598 0 -35779.98210902 0
1599 0 -41314.39495521 0
1600 0 -27523.67453393 0
1601 1 26788.30334400 1
1602 0 -37243.33074517 0
1603 0 -26842.54745830 0
1604 0 -27548.56039398 0
1605 0 -40492.94461471 0
1606 1 37052.33126561 1
1607 1 29700.14182461 1
1608 0 -32292.29148830 0
1609 1 40228.17240139 1
1610 0 -25788.92674809 0
1611 1 39745.12847014 1
1612 0 -47474.79929205 0
1613 1 43828.14235997 1
1614 1 32886.97473934 1
1615 1 36450.41508309 1
1616 0 -39960.66613225 0
1617 0 -39513.11472313 0
1618 1 43008.81076412 1
1619 1 44659.25020005 1
1620 0 -35750.64687652 0
1621 1 34862.80720332 1
1622 0 -21846.03176794 0
1623 0 -35604.06925445 0
1624 0 -32808.14107040 0
1625 0 -47087.57985221 0
1626 1 36446.82689576 1
1627 0 -35589.57395764 0
1628 0 -34857.68650246 0
1629 0 -18227.68950807 0
1630 0 -39995.58210483 0
1631 1 29035.02900465 1
1632 1 40193.51120821 1
1633 1 40415.85935347 1
1634 0 -33238.17690602 0
1635 0 -31730.80326991 0
1636 0 -20441.15619027 0
1637 1 38379.90422287 1
1638 1 30239.04426704 1
1639 1 42227.61866167 1
1640 1 42657.55267276 1
1641 0 -35462.33629951 0
1642 1 31464.61442921 1
1643 1 26911.21642883 1
1644 0 -36971.59404948 0
1645 1 33293.26499350 1
1646 1 45923.89341758 1
1647 0 -48353.43435911 0
1648 1 41589.74272991 1
1649 0 -45763.98265303 0
1650 1 30998.84686135 1
1651 0 -42603.72517077 0
1652 0 -33896.54793490 0
1653 1 43580.84207068 1
1654 0 -45196.03420943 0
1655 1 44276.36570171 1
1656 0 -34305.68434153 0
1657 1 30789.42148218 1
1658 0 -44210.75214072 0
1659 1 32327.11019960 1
1660 1 44934.75702414 1
1661 1 43401.75050312 1
1662 1 40846.44512954 1
1663 1 33732.69229771 1
1664 1 31151.36157615 1
1665 0 -43746.76759830 0
1666 1 35797.61514265 1
1667 0 -42128.93108130 0
1668 0 -33665.47675249 0
1669 0 -38469.73722127 0
1670 0 -31684.41167780 0
1671 0 -20809.66285735 0
1672 1 46462.69537085 1
1673 0 -31539.45742637 0
1674 0 -31323.79249511 0
1675 0 -34064.91594797 0
1676 0 -37633.64809193 0
1677 1 28319.36984463 1
1678 0 -24176.67008224 0
1679 0 -42225.87493025 0
1680 0 -29658.43032472 0
1681 0 -24224.11759713 0
1682 0 -47710.03261833 0
1683 0 -37752.61524774 0
1684 0 -33387.78951691 0
1685 1 23626.02314498 1
1686 1 42929.98925302 1
1687 1 24100.31055810 1
1688 1 24279.95566486 1
1689 1 45816.58774130 1
1690 1 43198.70902666 1
1691 0 -40253.55741744 0
1692 1 27578.70993254 1
1693 1 43524.28902083 1
1694 0 -24095.54740949 0
1695 0 -31774.73208018 0
1696 1 43876.43010829 1
1697 0 -44165.72405263 0
1698 0 -34964.93223657 0
1699 0 -29531.78740686 0
1700 0 -42719.17109690 0
1701 1 28493.65201325 1
1702 0 -34248.44012950 0
1703 1 42518.15492691 1
1704 0 -45935.35170866 0
1705 0 -32961.85562001 0
1706 1 35516.87702379 1
1707 0 -40919.00413049 0
1708 0 -30286.32638594 0
1709 0 -26563.56663443 0
1710 1 35089.82455189 1
1711 1 40391.61040972 1
1712 1 29219.69177922 1
1713 1 30828.13060512 1
1714 1 42018.89623438 1
1715 1 25488.26986729 1
1716 0 -30320.18658995 0
1717 0 -35731.99644061 0
1718 1 40154.93762819 1
1719 1 36607.08980208 1
1720 1 32689.15683245 1
1721 0 -40872.56285580 0
1722 0 -25204.19901921 0
1723 0 -31899.14903196 0
1724 0 -36411.53734907 0
1725 1 39497.87956696 1
1726 1 27683.55529811 1
1727 1 29781.58270031 1
1728 0 -43305.42975364 0
1729 1 25204.66388365 1
1730 1 31041.19142045 1
1731 0 -40494.83400230 0
1732 0 -36735.35001244 0
1733 0 -29824.87242914 0
1734 0 -31265.87055728 0
1735 1 37541.17183476 1
1736 0 -25284.10257438 0
1737 0 -41076.73587525 0
1738 1 43516.15506925 1
1739 1 42171.83898943 1
1740 0 -27673.64803546 0
1741 0 -35124.62154895 0
1742 0 -37936.72551568 0
1743 1 28577.63527573 1
1744 1 34891.72062438 1
1745 1 42210.30387425 1
1746 0 -27523.66464973 0
1747 0 -32872.74983758 0
1748 1 27739.01975147 1
1749 0 -36084.19450032 0
1750 1 20469.91622515 1
1751 0 -36565.42192321 0
1752 1 32931.16482222 1
1753 1 26288.48257580 1
1754 1 31767.60600641 1
1755 1 30758.42600530 1
1756 1 38459.06569988 1
1757 1 18247.39659234 1
1758 0 -34752.43051818 0
1759 0 -32491.74406633 0
1760 0 -24259.78597484 0
1761 0 -27769.51002212 0
1762 0 -27315.19520847 0
1763 1 35294.11641979 1
1764 0 -16579.58523603 0
1765 1 38944.83232436 1
1766 0 -41310.94900493 0
1767 1 37953.38195787 1
1768 0 -27789.02720113 0
1769 1 26065.41805913 1
1770 0 -35918.44070188 0
1771 1 19610.08133659 1
1772 0 -40632.27209321 0
1773 0 -40120.48296675 0
1774 0 -34889.13606934 0
1775 0 -25911.52828633 0
1776 1 29554.07771176 1
1777 0 -37275.29859806 0
1778 0 -22741.57438901 0
1779 1 36927.61183057 1
1780 1 37099.43738406 1
1781 0 -35027.03146445 0
1782 0 -26851.30198964 0
1783 0 -34157.39053427 0
1784 0 -38539.78587664 0
1785 1 22662.54652490 1
1786 0 -35671.21297987 0
1787 0 -41602.01563245 0
1788 1 32597.76764976 1
1789 0 -30143.83492359 0
1790 1 23246.27673251 1
1791 1 40693.20083793 1
1792 0 -23279.80848946 0
1793 1 39345.89416267 1
1794 1 30554.96178733 1
1795 1 32116.57382197 1
1796 0 -29934.03751058 0
1797 1 24836.50739673 1
1798 1 35853.12170849 1
1799 0 -20654.49546670 0
1800 0 -37909.04677302 0
1801 0 -29081.02163875 0
1802 0 -39381.53326506 0
1803 0 -30140.69311036 0
1804 1 27201.92277621 1
1805 1 44706.45462393 1
1806 0 -20995.82327611 0
1807 0 -42956.20332178 0
1808 1 39885.11087367 1
1809 1 46045.37167199 1
1810 0 -32990.91073397 0
1811 1 32160.89983634 1
1812 0 -45329.82397449 0
1813 1 25563.43920882 1
1814 1 35426.44995111 1
1815 0 -45192.88213954 0
1816 1 39543.94785489 1
1817 1 34945.29783846 1
1818 0 -31603.76690749 0
1819 0 -45995.10343348 0
1820 0 -29237.21718286 0
1821 0 -40069.40596404 0
1822 0 -43422.64050862 0
1823 0 -35689.24451538 0
1824 0 -29554.48446527 0
1825 1 26881.95160328 1
1826 1 39385.61353445 1
1827 0 -14838.40842040 0
1828 1 35785.55019579 1
1829 0 -38938.61303707 0
1830 0 -40914.47937248 0
1831 1 26432.51167858 1
1832 1 27998.41958726 1
1833 1 32734.48572433 1
1834 0 -14157.63125521 0
1835 1 29828.85241801 1
1836 1 30009.51707964 1
1837 1 29555.08963513 1
1838 1 17776.01807539 1
1839 0 -16555.97514813 0
1840 0 -30256.79365669 0
1841 1 4297.41674309 1
1842 1 29962.85452420 1
1843 0 -29414.05332302 0
1844 0 -36203.53090000 0
1845 0 -11361.66143850 0
1846 1 21217.08251257 1
1847 0 -29877.76503471 0
1848 1 10670.20975877 1
1849 0 -23899.53166525 0
1850 0 -32118.29167407 0
1851 0 -22686.91706868 0
1852 1 14564.97922882 1
1853 1 14070.56947717 1
1854 1 32294.42214441 1
1855 0 -11898.86040985 0
1856 0 -26418.34394856 0
1857 0 -33870.18270087 0
1858 0 -23034.71172278 0
1859 0 -24792.97327825 0
1860 0 -14118.88133430 0
1861 0 -31297.55028296 0
1862 1 171.35291271 1
1863 0 -24353.67548978 0
1864 1 28547.45286700 1
1865 0 -23989.29144182 0
1866 0 -16245.86844078 0
1867 1 14540.78120585 1
1868 0 -29408.55939848 0
1869 1 171.35291271 1
1870 1 26140.41693017 1
1871 0 -31995.88013630 0
1872 1 25113.86504221 1
1873 0 -16070.89784126 0
1874 1 15938.21402269 1
1875 0 -34541.78028688 0
1876 0 -9534.78135652 0
1877 0 -23198.29886644 0
1878 1 30400.15520318 1
1879 1 33363.57230309 1
1880 0 -25598.04246560 0
1881 0 -23393.32879604 0
1882 0 -36075.66186742 0
1883 0 -10256.21666361 0
1884 1 28242.95538631 1
1885 1 31019.00338368 1
1886 1 33960.15879590 1
1887 1 25139.30009382 1
1888 1 24651.60208189 1
1889 1 32040.79133066 1
1890 1 16338.74504018 1
1891 0 -30212.34487197 0
1892 1 28709.04258993 1
1893 0 -36196.46146545 0
1894 1 25317.93559770 1
1895 1 26541.99690218 1
1896 1 37819.05561394 1
1897 1 17900.32511263 1
1898 0 -32644.37294623 0
1899 0 -35416.34699449 0
1900 0 -35581.00308795 0
1901 0 -25334.46459113 0
1902 1 26211.12527148 1
1903 0 -32077.74143286 0
1904 0 -13898.44586876 0
1905 1 36854.58321652 1
1906 1 31638.07286670 1
1907 1 36442.05861817 1
1908 0 -30821.38517213 0
1909 1 25387.00838645 1
1910 0 -34231.44026072 0
1911 0 -22452.06776629 0
1912 0 -36731.73361867 0
1913 1 36713.23997453 1
1914 1 36890.76654788 1
1915 1 39152.02775565 1
1916 1 31090.72689741 1
1917 1 38642.23228392 1
1918 1 22876.83747786 1
1919 1 39957.57448616 1
1920 0 -27580.70507986 0
1921 1 29054.97153762 1
1922 0 -32437.46471601 0
1923 1 18037.72566182 1
1924 1 40642.51712472 1
1925 0 -14321.52311804 0
1926 0 -29501.77745115 0
1927 0 -26493.25430403 0
1928 1 25418.68273855 1
1929 0 -23140.29244858 0
1930 0 -15442.78925237 0
1931 1 34092.48233976 1
1932 0 -14399.24693198 0
1933 1 31883.87323606 1
1934 1 35315.31839919 1
1935 1 25181.88417003 1
1936 1 26916.40730842 1
1937 1 17508.89188502 1
1938 0 -30170.70905160 0
1939 1 20443.46366920 1
1940 0 -28881.60665045 0
1941 0 -30385.77688440 0
1942 0 -30596.13974997 0
1943 0 -21577.43377635 0
1944 0 -17589.95217621 0
1945 1 28927.20019123 1
1946 1 12654.03660394 1
1947 1 31646.58577171 1
1948 0 -34633.23247845 0
1949 0 -39501.19556751 0
1950 0 -23839.08771848 0
1951 0 -23259.89250793 0
1952 1 32866.62585518 1
1953 1 18679.92233008 1
1954 1 29808.88532170 1
1955 0 -29758.80297235 0
1956 1 30091.97148216 1
1957 1 23788.30646171 1
1958 0 -20965.79167871 0
1959 0 -31418.67670400 0
1960 1 15482.31994615 1
1961 0 -34880.07882320 0
1962 1 36856.56018003 1
1963 1 32295.31196020 1
1964 1 31743.01517408 1
1965 0 -27689.96319441 0
1966 1 36996.97752120 1
1967 1 30887.50500937 1
1968 0 -39723.37080047 0
1969 1 43305.37073497 1
1970 0 -36111.20942195 0
1971 0 -34501.29399069 0
1972 0 -26330.99062641 0
1973 1 36157.27728944 1
1974 1 28585.48485203 1
1975 1 43478.47551522 1
1976 1 45048.42494523 1
1977 0 -33613.24437036 0
1978 0 -29205.78833530 0
1979 1 29702.38426329 1
1980 1 38941.67634807 1
1981 0 -21912.57264118 0
1982 1 39966.79230449 1
1983 0 -37703.38506883 0
1984 0 -35373.03780327 0
1985 0 -33575.13388934 0
1986 1 31870.18338402 1
1987 1 47586.23516573 1
1988 1 27050.36505393 1
1989 1 40616.70241617 1
1990 0 -39950.86949474 0
1991 1 36203.61007257 1
1992 0 -36615.41433594 0
1993 1 35453.56583001 1
1994 1 45286.00634294 1
1995 1 22654.27043283 1
1996 1 37024.25064182 1
1997 0 -42547.72066471 0
1998 1 43636.60185492 1
1999 0 -38225.45567835 0
2000 1 42329.90506090 1
2001 1 47725.01076587 1
2002 0 -29893.65691387 0
2003 1 45731.32684921 1
2004 1 41710.53650122 1
2005 1 42054.85687740 1
2006 1 33509.71346508 1
2007 1 34852.26456747 1
2008 1 45809.05025288 1
2009 0 -27328.69291915 0
2010 1 45332.65453307 1
2011 1 39786.55548739 1
2012 0 -36599.68778293 0
2013 0 -31173.48886478 0
2014 1 30003.64239234 1
2015 1 44536.25651070 1
2016 1 24469.47869432 1
2017 0 -31872.11156064 0
2018 0 -36739.05704559 0
2019 0 -36375.93273111 0
2020 1 20208.20440496 1
2021 0 -30300.87351103 0
2022 0 -41263.02506964 0
2023 1 17997.03437148 1
2024 0 -29586.47626639 0
2025 0 -33992.31811043 0
2026 1 36058.78034740 1
2027 0 -21156.85733196 0
2028 0 -26817.63801664 0
2029 1 38226.25133910 1
2030 0 -19770.80995669 0
2031 0 -30493.30096702 0
2032 1 36140.78479336 1
2033 0 -33252.63599423 0
2034 1 24656.75066765 1
2035 0 -32741.99184955 0
2036 0 -43650.05459724 0
2037 1 27494.38259321 1
2038 1 41502.67530160 1
2039 1 37884.31977448 1
2040 1 36167.35731276 1
2041 0 -33481.45107235 0
2042 1 29950.97597906 1
2043 1 44732.05507531 1
2044 0 -26783.41751689 0
2045 0 -38326.56475856 0
2046 0 -42208.13752041 0
2047 0 -44297.65724468 0
2048 1 31550.80326044 1
2049 0 -36168.59634110 0
2050 1 39795.07532414 1
2051 0 -31197.74665114 0
2052 1 36290.69068384 1
2053 1 41364.19918321 1
2054 1 37617.94736758 1
2055 0 -26850.38558050 0
2056 0 -30741.35794511 0
2057 1 39233.52030013 1
2058 1 32193.96375454 1
2059 0 -36228.71321259 0
2060 1 41186.36925650 1
2061 0 -34579.00707965 0
2062 1 20592.11965243 1
2063 1 29851.09332514 1
2064 0 -38794.57091222 0
2065 0 -27531.55398491 0
2066 0 -37864.50323374 0
2067 0 -45463.49782002 0
2068 1 32405.52300095 1
2069 0 -20962.54539171 0
2070 0 -32219.98008417 0
2071 1 38020.00114758 1
2072 0 -28893.13615688 0
2073 1 40977.93006393 1
2074 0 -49498.73946241 0
2075 1 36779.57016938 1
2076 1 27465.99030306 1
2077 0 -39266.35770029 0
2078 1 44114.96113976 1
2079 1 31427.31206534 1
2080 1 45316.19521842 1
2081 1 42677.59725335 1
2082 1 39982.71687812 1
2083 0 -31094.26240870 0
2084 1 32902.06624573 1
2085 0 -53195.30954536 0
2086 0 -27522.60241375 0
2087 1 39777.90864571 1
2088 0 -39087.29844789 0
2089 1 41501.04800601 1
2090 0 -25685.99368265 0
2091 1 33858.35528052 1
2092 1 37624.31797830 1
2093 0 -28781.78144633 0
2094 0 -39302.64705447 0
2095 0 -39378.42403246 0
2096 0 -35686.58654694 0
2097 0 -25082.05787546 0
2098 0 -27164.15396438 0
2099 1 28217.07459603 1
2100 1 18467.38622119 1
2101 1 29915.44098501 1
2102 1 39253.11960803 1
2103 1 29728.69373770 1
2104 1 20097.36416267 1
2105 0 -14057.64680137 0
2106 1 30919.11334115 1
2107 1 16893.92799341 1
2108 1 31751.16636036 1
2109 0 -29919.40155529 0
2110 1 25104.33134749 1
2111 0 -15673.40250525 0
2112 1 14403.17489093 1
2113 1 26831.81675888 1
2114 0 -11015.96802945 0
2115 1 23963.29508368 1
2116 1 28182.01512373 1
2117 1 28718.79904643 1
2118 0 -8799.40780267 0
2119 1 13065.42048938 1
2120 1 31851.22323759 1
2121 0 -13274.93329463 0
2122 1 25030.96378054 1
2123 0 -33503.25450116 0
2124 0 -30361.85956992 0
2125 1 8799.16776095 1
2126 0 -24124.03839365 0
2127 0 -38514.89996513 0
2128 0 -19507.03776475 0
2129 0 -38389.30215292 0
2130 1 33930.85104743 1
2131 1 29915.74826560 1
2132 1 21683.05694974 1
2133 0 -25999.66371040 0
2134 1 32454.13415421 1
2135 0 -19493.79562749 0
2136 1 34127.82203132 1
2137 0 -32523.59979319 0
2138 0 -34471.65369604 0
2139 1 19355.38432603 1
2140 0 -33350.30664124 0
2141 0 -32935.89455939 0
2142 1 26621.99885960 1
2143 0 -36994.00321176 0
2144 1 37562.00833925 1
2145 0 -38238.67978508 0
2146 1 23392.27989324 1
2147 1 35043.93383798 1
2148 0 -39822.45096435 0
2149 0 -32119.50322050 0
2150 0 -39779.14193309 0
2151 1 44996.34819234 1
2152 1 38090.79821108 1
2153 1 31902.60070321 1
2154 1 26271.93431332 1
2155 1 36822.65882299 1
2156 1 31223.59951041 1
2157 1 36303.14643067 1
2158 1 46843.90185794 1
2159 1 35653.27901462 1
2160 1 26711.92278574 1
2161 0 -29571.93930887 0
2162 0 -32126.36112368 0
2163 1 23364.96907101 1
2164 1 38845.89722209 1
2165 0 -37509.28911325 0
2166 1 32338.96160491 1
2167 1 14729.43279395 1
2168 1 19619.48377056 1
2169 0 -21475.61825033 0
2170 0 -19351.94698771 0
2171 1 26023.64737254 1
2172 1 39251.53176969 1
2173 0 -25381.99585042 0
2174 1 17548.40062211 1
2175 1 18378.85891906 1
2176 1 21265.54565225 1
2177 0 -18346.29511906 0
2178 0 -26153.36726094 0
2179 1 26963.74184455 1
2180 0 -20484.47991511 0
2181 1 17113.02845365 1
2182 0 -18014.09761229 0
2183 1 21700.57746102 1
2184 1 26924.82193377 1
2185 1 30450.91578744 1
2186 0 -24215.06004853 0
2187 1 26513.97566111 1
2188 1 13819.99467119 1
2189 0 -24944.21123716 0
2190 1 26468.99513886 1
2191 1 20340.01704223 1
2192 0 -26969.55817735 0
2193 1 33276.54151277 1
2194 0 -29023.72354316 0
2195 0 -21817.88150525 0
2196 1 29512.83241660 1
2197 0 -32829.61010887 0
2198 0 -26881.87520188 0
2199 0 -24348.65058897 0
2200 1 36209.97556806 1
2201 0 -32096.06573572 0
2202 1 31425.41990138 1
2203 1 29342.32549698 1
2204 0 -35839.74307243 0
2205 0 -24347.19597247 0
2206 1 25873.20883834 1
2207 0 -35763.06768777 0
2208 0 -33283.38015025 0
2209 0 -31388.39668556 0
2210 1 27186.78656184 1
2211 0 -36944.11368967 0
2212 1 24628.29623048 1
2213 1 29949.42678701 1
2214 1 36918.38832995 1
2215 0 -31940.99123748 0
2216 1 25317.85701295 1
2217 0 -25089.18278148 0
2218 0 -39780.75682164 0
2219 0 -29688.00589051 0
2220 1 26825.53680200 1
2221 1 39126.78232027 1
2222 0 -37850.57343281 0
2223 0 -30008.53292755 0
2224 1 30123.25674611 1
2225 0 -34089.53172145 0
2226 0 -26311.60925148 0
2227 0 -28727.33042443 0
2228 0 -36524.77671690 0
2229 0 -28721.26854688 0
2230 0 -32583.73403331 0
2231 0 -30698.43615562 0
2232 1 35342.37083519 1
2233 1 27934.88960032 1
2234 1 33253.57169857 1
2235 0 -38583.37713855 0
2236 0 -28018.38621282 0
2237 0 -29201.10012761 0
2238 1 32051.38255238 1
2239 0 -36071.39411928 0
2240 1 22470.95281683 1
2241 1 33007.70450128 1
2242 1 32844.10175627 1
2243 0 -29536.66230123 0
2244 0 -26700.80252127 0
2245 1 28741.53076864 1
2246 0 -33452.01303947 0
2247 1 21755.93006938 1
2248 1 32248.75005043 1
2249 1 33925.87336782 1
2250 0 -25539.80796890 0
2251 0 -26926.66358112 0
2252 0 -25268.85438184 0
2253 1 33038.39806873 1
2254 0 -19621.94699518 0
2255 1 28734.17262923 1
2256 0 -38955.13563544 0
2257 1 30391.88598983 1
2258 0 -25770.31930039 0
2259 0 -29503.08278123 0
2260 0 -34789.53055713 0
2261 1 25622.76132698 1
2262 0 -32721.40225090 0
2263 0 -39047.58058182 0
2264 0 -28175.89613370 0
2265 0 -25624.15433182 0
2266 1 26705.12651994 1
2267 0 -35412.82926878 0
2268 1 37094.11552597 1
2269 1 33680.14655363 1
2270 1 35978.75860742 1
2271 1 24052.30131135 1
2272 1 24635.43431852 1
2273 1 32529.79032833 1
2274 0 -36764.39681510 0
2275 0 -24020.95065614 0
2276 0 -32963.56673546 0
2277 0 -38732.52359650 0
2278 1 29820.26316376 1
2279 0 -36325.25517887 0
2280 0 -33202.01788314 0
2281 0 -38042.35161584 0
2282 0 -26844.31670581 0
2283 1 33168.51615097 1
2284 0 -31232.92297238 0
2285 1 26444.61599902 1
2286 1 28537.84365287 1
2287 0 -22319.46373044 0
2288 0 -32424.13420883 0
2289 1 16796.08598393 1
2290 0 -32232.36480442 0
2291 0 -27424.05854959 0
2292 0 -18393.63666267 0
2293 1 20144.33585048 1
2294 1 23152.17993267 1
2295 1 30263.64325126 1
2296 1 16890.69003482 1
2297 1 29988.38672942 1
2298 1 29077.72755091 1
2299 0 -17485.85635206 0
2300 0 -19337.45882553 0
2301 0 -27282.32244925 0
2302 1 36088.09945449 1
2303 0 -21356.82654838 0
2304 0 -30023.26408327 0
2305 0 -30926.46016004 0
2306 0 -26932.15101761 0
2307 0 -28404.08977786 0
2308 0 -30161.36927648 0
2309 0 -33006.03078271 0
2310 0 -25039.22214745 0
2311 1 34803.82558477 1
2312 0 -33746.51762154 0
2313 1 22795.37715221 1
2314 1 25583.93930795 1
2315 0 -26158.17105207 0
2316 1 35104.35947998 1
2317 0 -25597.92842220 0
2318 1 30559.56418958 1
2319 1 34555.68094990 1
2320 0 -30844.71122808 0
2321 0 -20779.46203564 0
2322 0 -27589.20307688 0
2323 1 31584.74384274 1
2324 0 -14253.43699107 0
2325 0 -29972.47203007 0
2326 0 -29873.26407407 0
2327 0 -21073.87163531 0
2328 0 -23596.07557970 0
2329 1 17619.79882799 1
2330 1 26845.92185126 1
2331 1 15515.71944661 1
2332 0 -27262.57688131 0
2333 1 34542.01171523 1
2334 0 -22337.40856414 0
2335 0 -19575.13961257 0
2336 0 -27963.17166731 0
2337 1 35018.56529452 1
2338 1 22278.65091579 1
2339 1 38036.20378146 1
2340 1 36092.02758651 1
2341 0 -28988.75529913 0
2342 1 32526.73129368 1
2343 1 22247.40750863 1
2344 1 32321.97221209 1
2345 0 -19182.79082824 0
2346 0 -27180.47704162 0
2347 1 22357.23313560 1
2348 1 21210.17456161 1
2349 0 -18912.34377163 0
2350 0 -22453.77639978 0
2351 1 32685.58825959 1
2352 0 -26765.86073212 0
2353 1 35360.66907510 1
2354 0 -36223.15756837 0
2355 1 28077.75354531 1
2356 1 31254.84692136 1
2357 1 33534.02715194 1
2358 1 30882.12031987 1
2359 1 20666.42627289 1
2360 1 30273.35946812 1
2361 1 37606.94244908 1
2362 1 27398.57871323 1
2363 0 -31477.26894250 0
2364 0 -29083.27547953 0
2365 1 34936.62849674 1
2366 0 -18728.90319800 0
2367 1 28664.01568882 1
2368 1 33934.66494039 1
2369 1 23662.68011641 1
2370 1 28478.60102203 1
2371 1 34205.91456434 1
2372 0 -28837.46223532 0
2373 0 -17500.09994240 0
2374 1 25846.34735505 1
2375 1 29013.26819154 1
2376 0 -20236.16947689 0
2377 1 20851.76040588 1
2378 1 21126.28567219 1
2379 0 -20141.49427987 0
2380 0 -17442.80175270 0
2381 0 -21403.89195775 0
2382 0 -22663.34933325 0
2383 1 15186.42750316 1
2384 1 13287.77069401 1
2385 0 -17954.98606706 0
2386 0 -19527.24520172 0
2387 0 -11635.62186691 0
2388 0 -19839.53206506 0
2389 0 -18504.11059763 0
2390 0 -9779.83883247 0
2391 0 -17841.82940425 0
2392 0 -14462.48619317 0
2393 1 18216.40487467 1
2394 0 -8997.61831620 0
2395 0 -20303.94499070 0
2396 0 -21994.77082740 0
2397 1 19206.60672289 1
2398 1 18278.12336467 1
2399 1 22138.77976951 1
2400 0 -19264.23638471 0
2401 1 13959.31033771 1
2402 1 32496.53320173 1
2403 0 -29568.25091001 0
2404 1 26204.69620382 1
2405 0 -29501.21044599 0
2406 1 30730.71814290 1
2407 1 34791.35877703 1
2408 1 20178.55846583 1
2409 0 -33083.53050850 0
2410 1 27629.70380332 1
2411 0 -29091.81471534 0
2412 1 25184.69916693 1
2413 1 19410.64557403 1
2414 0 -29672.04810467 0
2415 0 -19331.75199012 0
2416 0 -21971.35972029 0
2417 1 27367.02678083 1
2418 1 23208.46936049 1
2419 0 -32448.14074368 0
2420 1 22237.99443041 1
2421 0 -31188.63291805 0
2422 1 17360.25034934 1
2423 1 28474.18537343 1
2424 1 33946.68101178 1
2425 1 26481.47552896 1
2426 1 29721.04872125 1
2427 1 26557.38268535 1
2428 0 -32734.94497270 0
2429 1 27082.44006580 1
2430 0 -29996.65295316 0
2431 1 32231.26741463 1
2432 0 -25620.49745315 0
2433 0 -33098.61587493 0
2434 0 -27364.37687996 0
2435 1 32199.35859196 1
2436 0 -26101.69254399 0
2437 1 28347.82290803 1
2438 1 30701.71259779 1
2439 0 -17331.99095541 0
2440 0 -23557.35240021 0
2441 1 27371.07409739 1
2442 0 -24520.62431431 0
2443 1 18328.59542194 1
2444 0 -22521.96803405 0
2445 1 20765.83838457 1
2446 0 -9462.27333700 0
2447 1 19554.38737889 1
2448 1 -14257.34441101 0
2449 1 23393.89359843 1
2450 1 -13620.43003251 0
2451 0 15910.45159845 1
2452 0 19865.04688397 1
2453 0 -9462.27333700 0
2454 1 17242.47514943 1
2455 1 17696.01269652 1
2456 1 27679.25682244 1
2457 1 20958.65727478 1
2458 1 20332.37371685 1
2459 0 -24469.11941930 0
2460 1 20767.70839260 1
2461 0 -30180.31458897 0
2462 1 28624.00277680 1
2463 1 33214.42958752 1
2464 0 -21156.95258998 0
2465 0 -24532.66981390 0
2466 0 -33014.63151020 0
2467 1 25771.09749407 1
2468 1 25829.61140261 1
2469 0 -32086.95065401 0
2470 1 39174.05894100 1
2471 0 -28129.69497071 0
2472 0 -28033.82852644 0
2473 1 32550.22280943 1
2474 0 -27781.92088044 0
2475 1 32478.48346995 1
2476 0 -29797.13876895 0
2477 1 36701.00100358 1
2478 0 -30344.42855087 0
2479 0 -27105.79534162 0
2480 1 33069.98963532 1
2481 0 -27512.30560610 0
2482 0 -33315.57244213 0
2483 1 37903.04045569 1
2484 1 37738.86973342 1
2485 0 -33166.98633107 0
2486 1 33708.48321629 1
2487 0 -35845.64767005 0
2488 0 -29219.63643076 0
2489 1 31649.66466970 1
2490 0 -39974.27099923 0
2491 1 43196.33881569 1
2492 0 -29021.43404350 0
2493 1 27560.98293172 1
2494 1 37389.40204019 1
2495 0 -32597.44088022 0
2496 0 -38166.58493808 0
2497 0 -33966.70839109 0
2498 0 -41452.51616698 0
2499 1 28121.11016381 1
2500 0 -35647.21572400 0
2501 0 -41267.90589950 0
2502 0 -29775.89919469 0
2503 0 -27093.98017398 0
2504 0 -26351.19956012 0
2505 0 -30058.59220496 0
2506 1 27295.67292613 1
2507 1 26041.93184251 1
2508 0 -32462.58556250 0
2509 1 25541.56795470 1
2510 1 26070.73412116 1
2511 0 -29426.62654351 0
2512 1 31289.31250765 1
2513 1 28743.46972407 1
2514 1 28868.88603977 1
2515 0 -38536.13836796 0
2516 0 -25000.77523015 0
2517 1 27395.65794961 1
2518 1 31181.56731209 1
2519 0 -33250.71548210 0
2520 1 29890.02328085 1
2521 1 25523.30949579 1
2522 1 36790.06256021 1
2523 0 -31913.07720277 0
2524 0 -23830.97103119 0
2525 0 -33381.41692255 0
2526 1 28614.36916204 1
2527 1 19682.59188302 1
2528 0 -24431.26927889 0
2529 0 -31937.54414165 0
2530 0 -22815.55140909 0
2531 0 -25524.46279309 0
2532 0 -24302.53868124 0
2533 1 34303.25134782 1
2534 0 -19339.36409700 0
2535 1 27074.24932579 1
2536 0 -41369.38406186 0
2537 0 -29401.09678600 0
2538 0 -31391.21578087 0
2539 0 -32326.24662702 0
2540 1 43633.25945714 1
2541 1 29850.99670058 1
2542 1 31331.40580173 1
2543 0 -42300.35304527 0
2544 1 30891.77478816 1
2545 1 31404.51521007 1
2546 0 -34074.40817455 0
2547 1 39932.72301108 1
2548 0 -25018.43452858 0
2549 1 36393.58691298 1
2550 0 -43394.29608637 0
2551 1 29739.88341195 1
2552 1 30662.26743810 1
2553 0 -36731.87811505 0
2554 1 37436.50348368 1
2555 0 -28939.02836314 0
2556 0 -35630.53303540 0
2557 1 38017.35714499 1
2558 1 29235.79472513 1
2559 0 -28709.00910398 0
2560 0 -32993.05289471 0
2561 0 -43944.38630131 0
2562 0 -27899.61231888 0
2563 0 -36812.54776517 0
2564 0 -34727.94659299 0
2565 1 26756.51486179 1
2566 0 -35332.43476944 0
2567 0 -35876.69139120 0
2568 0 -37967.32707345 0
2569 1 28446.66289202 1
2570 1 29155.34506020 1
2571 1 25763.93720278 1
2572 0 -27401.35407170 0
2573 1 27012.68119705 1
2574 1 26808.21425958 1
2575 0 -35936.46241465 0
2576 1 30188.87877835 1
2577 1 33617.61031704 1
2578 0 -29685.44552680 0
2579 0 -32785.25153545 0
2580 1 32631.45551410 1
2581 1 29795.92563094 1
2582 0 -43954.85780740 0
2583 1 32962.54979843 1
2584 1 35947.57556458 1
2585 0 -35313.37586186 0
2586 1 34675.12513595 1
2587 1 37925.78005250 1
2588 1 35947.40501013 1
2589 1 39830.12115660 1
2590 1 34060.75507329 1
2591 1 34933.77984500 1
2592 1 40886.46489648 1
2593 1 35788.39452466 1
2594 0 -34953.82926033 0
2595 1 41379.74598475 1
2596 0 -35199.02137816 0
2597 1 39926.75207980 1
2598 1 33222.18417683 1
2599 0 -38481.18982197 0
2600 1 34932.39045960 1
2601 0 -32837.27355272 0
2602 0 -36557.38672419 0
2603 0 -30330.16191158 0
2604 0 -33190.49531607 0
2605 1 34775.14216490 1
2606 0 -35178.12551787 0
2607 1 33170.07780207 1
2608 0 -33877.23223650 0
2609 0 -31518.98260720 0
2610 0 -37801.41203485 0
2611 0 -33963.08501448 0
2612 1 38469.26426330 1
2613 1 40672.17274041 1
2614 0 -27052.15561349 0
2615 0 -30559.51761532 0
2616 0 -31430.26512885 0
2617 0 -29937.98975393 0
2618 1 25816.63534365 1
2619 1 21601.33019886 1
2620 1 31141.53692684 1
2621 1 23034.48270275 1
2622 1 21896.86863579 1
2623 0 -25442.58095293 0
2624 1 27303.04741783 1
2625 1 18115.43581269 1
2626 1 20868.33527186 1
2627 0 -29805.83526514 0
2628 0 -23891.22826532 0
2629 0 -21078.06657990 0
2630 0 -26786.44894205 0
2631 0 -28721.06303212 0
2632 1 17718.19048332 1
2633 1 29479.35960619 1
2634 0 -35023.29579471 0
2635 1 31791.95642143 1
2636 0 -29162.24329595 0
2637 0 -36765.15616156 0
2638 0 -41757.35360250 0
2639 0 -27714.09579602 0
2640 1 26115.21104675 1
2641 1 43208.71206835 1
2642 0 -33797.19145369 0
2643 0 -35692.76801861 0
2644 1 32503.52092688 1
2645 0 -38069.18431355 0
2646 0 -27113.68035973 0
2647 0 -33708.67598153 0
2648 0 -38912.04483324 0
2649 1 32064.24804582 1
2650 0 -40912.23286001 0
2651 1 31207.41082902 1
2652 0 -35414.79928924 0
2653 1 24584.18417038 1
2654 1 32761.94969134 1
2655 0 -41247.82222870 0
2656 1 30850.12769876 1
2657 0 -33118.33914914 0
2658 1 33718.34991718 1
2659 0 -33411.73740146 0
2660 0 -21451.44443898 0
2661 1 31133.54297141 1
2662 1 36235.76307364 1
2663 1 32639.25596199 1
2664 1 29127.03367060 1
2665 0 -33014.39338353 0
2666 1 32116.98369372 1
2667 0 -19494.81498910 0
2668 0 -36650.22828475 0
2669 0 -30104.12779497 0
2670 1 33997.48544575 1
2671 1 41589.41381124 1
2672 1 39611.64856560 1
2673 0 -40736.47476539 0
2674 0 -37062.96584134 0
2675 0 -43796.55893435 0
2676 0 -40131.54713867 0
2677 1 36618.07983069 1
2678 0 -37281.40964697 0
2679 0 -38798.49454114 0
2680 1 34951.15106504 1
2681 0 -25981.93178609 0
2682 1 34137.81765061 1
2683 1 34772.76271653 1
2684 1 31617.17609611 1
2685 1 30693.92214785 1
2686 1 38616.61639583 1
2687 1 33112.09671954 1
2688 0 -32807.39581904 0
2689 1 30851.43621384 1
2690 1 29014.32356599 1
2691 1 30535.44698016 1
2692 0 -33297.57400611 0
2693 1 39200.69375076 1
2694 0 -36985.25745643 0
2695 0 -30782.59264816 0
2696 1 31163.11616307 1
2697 0 -33486.05979307 0
2698 1 28348.53356474 1
2699 0 -42779.62788311 0
2700 1 43304.20446169 1
2701 0 -35922.56120985 0
2702 1 32734.78022127 1
2703 0 -34750.13381362 0
2704 1 34141.69238428 1
2705 1 31052.02795177 1
2706 0 -38199.23814004 0
2707 0 -35148.04283321 0
2708 1 38785.52459125 1
2709 1 28183.51295419 1
2710 1 29876.78892095 1
2711 0 -25177.82293000 0
2712 0 -32529.36604539 0
2713 1 35530.54977088 1
2714 0 -37900.33006782 0
2715 1 30044.67224368 1
2716 1 23301.55380927 1
2717 0 -38089.04441333 0
2718 0 -25833.89193623 0
2719 0 -29427.79474899 0
2720 0 -32055.91191884 0
2721 1 27251.37067082 1
2722 0 -26372.23540227 0
2723 0 -25302.17000423 0
2724 1 26957.61741453 1
2725 0 -29616.87385547 0
2726 1 19706.38332956 1
2727 1 28857.42267342 1
2728 0 -28276.91458483 0
2729 0 -28256.58783669 0
2730 1 25133.94269483 1
2731 1 25670.70068510 1
2732 1 28261.05812277 1
2733 1 19470.74912021 1
2734 1 28102.41015500 1
2735 0 -31800.32698475 0
2736 1 25445.77130680 1
2737 0 -30637.47245392 0
2738 1 36350.54490439 1
2739 0 -39267.66249811 0
2740 1 24714.61033046 1
2741 1 38282.12778544 1
2742 0 -40746.06700180 0
2743 0 -38493.42114456 0
2744 0 -35842.76652703 0
2745 0 -43246.27959439 0
2746 0 -38228.16990143 0
2747 1 22575.99557626 1
2748 1 42103.43316999 1
2749 1 32404.36550726 1
2750 0 -36817.09250520 0
2751 0 -34865.06473036 0
2752 1 38370.01557535 1
2753 0 -27308.50621354 0
2754 1 25155.98351622 1
2755 1 36970.66248415 1
2756 1 30692.59709698 1
2757 0 -32622.68198647 0
2758 0 -33357.02186285 0
2759 0 -38542.40403770 0
2760 0 -40468.33100198 0
2761 0 -33918.94689927 0
2762 0 -34429.58792865 0
2763 1 36063.70516135 1
2764 1 33686.71454879 1
2765 1 35554.74618333 1
2766 1 41981.40157533 1
2767 0 -36102.36203865 0
2768 1 32343.35949094 1
2769 1 31097.50479202 1
2770 0 -41512.55523111 0
2771 1 37030.15986022 1
2772 0 -36525.20346755 0
2773 0 -32375.41931634 0
2774 0 -33938.96765883 0
2775 1 32292.34628330 1
2776 0 -31537.25717821 0
2777 1 38308.56066872 1
2778 0 -33758.54060337 0
2779 1 33610.30241795 1
2780 0 -34259.85661366 0
2781 0 -39182.10180475 0
2782 1 35697.50190806 1
2783 0 -36325.95635994 0
2784 0 -36111.69686068 0
2785 1 34943.17374164 1
2786 0 -33713.05154207 0
2787 0 -39647.90904168 0
2788 1 44460.22680115 1
2789 1 40355.34965784 1
2790 0 -37328.20636218 0
2791 0 -41296.20438474 0
2792 1 31607.67721284 1
2793 1 39575.94229881 1
2794 0 -35269.27697783 0
2795 1 41581.67102997 1
2796 0 -34167.38240766 0
2797 0 -34626.05131097 0
2798 1 44536.85863257 1
2799 0 -25322.28521764 0
2800 1 33041.66333304 1
2801 0 -42476.99257194 0
2802 0 -40227.75655632 0
2803 0 -28877.84431390 0
2804 0 -29922.79372734 0
2805 0 -34854.36259273 0
2806 1 25325.31269330 1
2807 0 -33947.71060332 0
2808 0 -34205.65287232 0
2809 1 38124.82231397 1
2810 1 32458.73010597 1
2811 1 31942.34971134 1
2812 1 38949.58599245 1
2813 0 -38664.82274470 0
2814 1 33443.27156743 1
2815 1 44822.05091221 1
2816 1 45165.05731515 1
2817 1 38185.21926790 1
2818 1 40933.08108485 1
2819 1 37852.86869015 1
2820 1 37198.83406431 1
2821 1 42429.78591894 1
2822 0 -44843.80635444 0
2823 0 -50152.41330431 0
2824 1 44988.64939026 1
2825 0 -39323.40737593 0
2826 1 39017.74171603 1
2827 0 -31426.27605368 0
2828 0 -37900.57317569 0
2829 1 46923.07714216 1
2830 1 48645.42597523 1
2831 1 41404.67290142 1
2832 1 38052.64466824 1
2833 0 -30523.50894714 0
2834 0 -31777.33721293 0
2835 1 35271.94413964 1
2836 1 44296.08136867 1
2837 1 47082.16985843 1
2838 1 36982.19494155 1
2839 1 42207.65025044 1
2840 0 -30028.36940350 0
2841 1 36744.98062016 1
2842 0 -38383.10248026 0
2843 1 44257.44114465 1
2844 0 -46427.90735237 0
2845 0 -38023.72307010 0
2846 1 46891.43698932 1
2847 0 -30740.82748346 0
2848 0 -48473.23214740 0
2849 0 -43456.67078141 0
2850 0 -50448.66833622 0
2851 1 50461.41411036 1
2852 1 42497.42139577 1
2853 0 -47626.49005157 0
2854 1 41936.59822723 1
2855 0 -49946.32053918 0
2856 1 41347.97959551 1
2857 0 -48384.34695884 0
2858 0 -51383.86286986 0
2859 0 -35878.43034076 0
2860 1 45467.89493243 1
2861 0 -34091.39372579 0
2862 1 40401.06275345 1
2863 1 35400.82237567 1
2864 0 -44451.53084744 0
2865 1 42890.39685173 1
2866 0 -31625.85701991 0
2867 1 39052.74863212 1
2868 0 -32092.31504984 0
2869 0 -33806.30356442 0
2870 0 -33605.09892091 0
2871 0 -41757.03554094 0
2872 0 -39379.05329904 0
2873 1 35722.57201519 1
2874 0 -44907.12936472 0
2875 0 -37032.32501355 0
2876 0 -36394.13169417 0
2877 1 34454.81109197 1
2878 1 37530.21463774 1
2879 1 37441.98837377 1
2880 1 27690.60676597 1
2881 0 -31904.29546286 0
2882 1 26293.46737576 1
2883 0 -26478.66867760 0
2884 0 -25974.32916161 0
2885 0 -35886.53048352 0
2886 0 -37722.04668040 0
2887 0 -30109.01429960 0
2888 0 -33031.10539582 0
2889 1 26451.46145215 1
2890 0 -31314.78672537 0
2891 1 29347.12763575 1
2892 1 36345.83818645 1
2893 1 37235.74855944 1
2894 0 -21312.93174621 0
2895 1 32587.01307728 1
2896 0 -25605.05371410 0
2897 0 -36251.92909872 0
2898 0 -21026.04727399 0
2899 1 34132.61157547 1
2900 1 29314.87612940 1
2901 0 -20692.22424400 0
2902 1 30453.62498702 1
2903 0 -23108.20519488 0
2904 1 34629.57496359 1
2905 1 19933.81845621 1
2906 0 -28474.61909046 0
2907 1 29435.61525532 1
2908 0 -20823.98076125 0
2909 0 -30492.79516636 0
2910 1 27321.46040442 1
2911 0 -35083.66088258 0
2912 1 35386.92922972 1
2913 0 -37211.83234163 0
2914 0 -39320.57325361 0
2915 1 30037.90799772 1
2916 0 -40744.21239026 0
2917 1 37317.67238392 1
2918 0 -41809.38836010 0
2919 0 -33301.90054513 0
2920 1 37535.62142093 1
2921 0 -39265.02105961 0
2922 1 34026.20633427 1
2923 1 38933.23864278 1
2924 0 -36010.09823450 0
2925 1 46890.21667812 1
2926 0 -36578.94425152 0
2927 1 38463.63390656 1
2928 0 -39277.20681937 0
2929 0 -36956.54567940 0
2930 1 45478.18715945 1
2931 1 37651.51501854 1
2932 1 44579.70659589 1
2933 0 -33771.54761580 0
2934 1 42815.48688285 1
2935 1 41414.65424721 1
2936 0 -38007.87283571 0
2937 1 37835.44908999 1
2938 0 -36349.81278003 0
2939 0 -44065.00343389 0
2940 1 40177.48916596 1
2941 0 -44845.32760101 0
2942 0 -40290.62564183 0
2943 0 -36158.95870092 0
2944 0 -43296.04695255 0
2945 1 35471.07985130 1
2946 0 -45409.75155001 0
2947 1 33395.18933254 1
2948 1 50259.54117200 1
2949 0 -33540.64351023 0
2950 0 -37969.46506391 0
2951 1 40929.83469920 1
2952 1 32889.25072511 1
2953 1 45801.58474660 1
2954 0 -30138.69271857 0
2955 0 -46161.10465593 0
2956 1 36073.81473794 1
2957 1 32676.54130575 1
2958 1 40763.56493558 1
2959 1 30716.23086361 1
2960 0 -43604.44412730 0
2961 0 -25006.30765390 0
2962 1 39808.61297148 1
2963 1 37241.56054313 1
2964 0 -31251.76687728 0
2965 0 -39018.46560145 0
2966 1 27391.96875654 1
2967 0 -39064.94036913 0
2968 1 25934.93830473 1
2969 0 -37798.61537482 0
2970 1 33844.29022742 1
2971 0 -31781.33445054 0
2972 0 -42589.55030739 0
2973 1 33501.31441863 1
2974 1 38522.89587169 1
2975 0 -34032.43916470 0
2976 1 41524.33006434 1
2977 0 -46648.98111899 0
2978 1 35425.43699300 1
2979 1 40657.63864521 1
2980 1 37353.97145205 1
2981 0 -46876.73559195 0
2982 0 -38112.76866304 0
2983 1 47265.92517685 1
2984 1 46158.40128281 1
2985 1 40153.71970336 1
2986 0 -43250.32330169 0
2987 1 32017.79555782 1
2988 0 -42196.29917447 0
2989 1 39397.75099197 1
2990 0 -29940.14574509 0
2991 1 49507.30898162 1
2992 0 -33508.39227240 0
2993 0 -49275.21228054 0
2994 1 24512.82786999 1
2995 0 -39326.24718564 0
2996 0 -32183.06693543 0
2997 1 30418.64003372 1
2998 1 44823.16226685 1
2999 0 -29186.36150237 0
3000 0 -37982.20981447 0
3001 0 -24613.86645446 0
3002 1 39885.42653212 1
3003 0 -34635.01669743 0
3004 1 34368.64953023 1
3005 0 -48624.67699934 0
3006 0 -39193.81213092 0
3007 1 37830.83484022 1
3008 1 30454.11165577 1
3009 0 -42232.57578793 0
3010 1 35548.99205887 1
3011 1 37638.52519186 1
3012 1 42645.63503936 1
3013 0 -45144.28051879 0
3014 0 -39363.63979318 0
3015 0 -36600.30652112 0
3016 1 42479.48878464 1
3017 0 -35008.35457324 0
3018 0 -40854.08718433 0
3019 0 -48284.34231468 0
3020 1 39266.73659476 1
3021 0 -40554.81408525 0
3022 0 -31845.94785559 0
3023 1 37962.47828002 1
3024 1 34769.51879431 1
3025 1 38800.47364747 1
3026 0 -37739.49087864 0
3027 1 38113.81956221 1
3028 1 36410.10297555 1
3029 1 29433.52581074 1
3030 0 -33586.27613255 0
3031 1 28776.07569671 1
3032 0 -40751.45143922 0
3033 0 -38634.68950989 0
3034 0 -39294.27104140 0
3035 1 34442.51909000 1
3036 0 -30059.82916313 0
3037 1 40057.77570743 1
3038 0 -30401.81909062 0
3039 0 -41660.55321027 0
3040 1 44191.04984594 1
3041 1 35970.03260195 1
3042 1 36851.42880447 1
3043 1 28746.53415744 1
3044 0 -39315.54760481 0
3045 0 -32316.87720923 0
3046 1 37217.43161666 1
3047 0 -41036.72405365 0
3048 1 36928.90384175 1
3049 1 34245.31795175 1
3050 1 22508.79877932 1
3051 1 41357.48224876 1
3052 0 -42228.41785152 0
3053 1 37837.15522584 1
3054 1 48252.48670308 1
3055 1 38234.88558460 1
3056 0 -44954.61779507 0
3057 1 34578.57683843 1
3058 0 -40869.38436697 0
3059 0 -39326.98372264 0
3060 1 49129.09301250 1
3061 1 45391.75883825 1
3062 1 41198.07973319 1
3063 1 37854.23084306 1
3064 0 -26781.27524822 0
3065 1 41547.30293311 1
3066 1 34701.57053516 1
3067 1 33959.24329201 1
3068 1 42645.72178216 1
3069 0 -35599.80074055 0
3070 0 -36451.68926418 0
3071 0 -16551.66085572 0
3072 0 -30279.44103137 0
3073 0 -32215.75557815 0
3074 1 31058.07200547 1
3075 1 38043.69885867 1
3076 1 35452.66977416 1
3077 1 25412.40451160 1
3078 0 -18873.20344370 0
3079 0 -26123.53448200 0
3080 1 26396.28189971 1
3081 0 -31158.89396332 0
3082 1 38368.87412831 1
3083 0 -30157.52826073 0
3084 1 28181.12568807 1
3085 0 -21574.38757165 0
3086 1 24993.42367470 1
3087 0 -26748.50241154 0
3088 0 -32261.98273901 0
3089 1 37102.98789335 1
3090 0 -30793.41256304 0
3091 1 24334.03342353 1
3092 0 -20295.07171643 0
3093 1 29942.52100148 1
3094 1 36720.44258400 1
3095 1 41170.35029782 1
3096 1 39369.03767878 1
3097 0 -33123.60015719 0
3098 0 -32786.73294700 0
3099 1 26000.81228276 1
3100 1 36276.82071327 1
3101 1 38111.55407577 1
3102 1 37692.83163845 1
3103 1 42774.99288453 1
3104 0 -39548.22013657 0
3105 1 27434.03697877 1
3106 1 29549.12556820 1
3107 0 -41398.86676370 0
3108 1 36888.10466509 1
3109 0 -37981.48253620 0
3110 1 43808.15030673 1
3111 1 35818.60135330 1
3112 1 34655.72775493 1
3113 0 -27143.93482756 0
3114 1 33140.08924056 1
3115 0 -36550.73159753 0
3116 1 36256.61286514 1
3117 1 45159.90533180 1
3118 0 -35092.01102904 0
3119 0 -34409.39980644 0
3120 0 -32510.90215453 0
3121 0 -31125.35259634 0
3122 0 -37539.39784455 0
3123 0 -36339.12638948 0
3124 0 -41938.72884796 0
3125 0 -35612.72147087 0
3126 0 -34637.17996889 0
3127 0 -24775.88181121 0
3128 0 -33540.45008622 0
3129 1 35359.79211863 1
3130 0 -34794.57246923 0
3131 1 43951.26800102 1
3132 0 -36464.55875144 0
3133 1 37087.77850236 1
3134 1 26970.84110100 1
3135 1 36040.37854420 1
3136 0 -37929.84687313 0
3137 0 -34595.24727063 0
3138 1 42240.26652587 1
3139 1 37627.79018277 1
3140 0 -41103.38335087 0
3141 1 25218.53246918 1
3142 0 -34098.45062851 0
3143 1 35990.39602139 1
3144 0 -34707.78473352 0
3145 1 43479.33943753 1
3146 1 38916.06640940 1
3147 1 39056.91803887 1
3148 1 31384.33069087 1
3149 0 -35341.24438541 0
3150 1 34259.31420855 1
3151 1 34811.23470267 1
3152 0 -44919.87763124 0
3153 1 42688.13508336 1
3154 1 38141.90584656 1
3155 0 -34617.20227093 0
3156 0 -44308.34024438 0
3157 1 40012.99004744 1
3158 0 -37430.24702294 0
3159 1 52542.02588781 1
3160 0 -47605.52218691 0
3161 1 37618.86510194 1
3162 0 -28617.91769342 0
3163 1 37168.11683999 1
3164 0 -30130.76257223 0
3165 1 32213.43506992 1
3166 0 -39692.36055796 0
3167 0 -43273.93817328 0
3168 0 -35628.34942954 0
3169 1 23574.08830689 1
3170 0 -33881.31376602 0
3171 1 30011.61872473 1
3172 0 -22649.11893472 0
3173 1 32003.05749849 1
3174 0 -33477.75328296 0
3175 1 22502.43109952 1
3176 0 -20534.98772772 0
3177 1 27813.63392665 1
3178 1 23122.16825279 1
3179 0 -22189.33354129 0
3180 1 30622.86001106 1
3181 1 29655.42806730 1
3182 1 19664.36971168 1
3183 0 -20651.76815409 0
3184 1 26070.34682212 1
3185 0 -22799.41486085 0
3186 1 26916.33096614 1
3187 0 -34937.44022035 0
3188 1 28376.98790273 1
3189 1 27026.09269578 1
3190 1 17429.46599280 1
3191 0 -18688.16292321 0
3192 1 23049.44957421 1
3193 0 -17177.13797094 0
3194 1 29753.41178160 1
3195 1 26238.95032995 1
3196 1 18784.53556179 1
3197 0 14377.91263916 1
3198 0 18124.89588292 1
3199 1 17971.11348655 1
