3200 11 111 240
0 1 1 -4 -14 -16
1 1 1 -5 -13 -12
2 1 0 -12 8 -8
3 0 1 10 -16 15
4 0 0 15 -1 15
5 0 0 15 -9 11
6 0 0 15 7 2
7 1 0 -10 12 15
8 1 0 -6 -10 7
9 1 0 -16 15 15
10 1 0 -12 -14 15
11 0 1 15 14 -7
12 0 0 7 -7 6
13 0 1 12 8 9
14 1 0 3 -4 7
15 0 0 7 -2 -2
16 1 0 -11 -16 -7
17 1 1 -12 10 5
18 1 1 -6 9 -4
19 1 0 -6 5 9
20 0 1 6 15 7
21 0 1 -13 -16 -16
22 1 1 -10 7 13
23 0 1 14 -7 -16
24 0 1 14 -13 -16
25 0 1 11 -16 15
26 0 0 15 15 -9
27 1 0 -12 6 -7
28 1 1 -13 -10 12
29 0 0 0 -15 15
30 1 0 -16 -8 15
31 1 0 -10 14 15
32 0 0 4 -14 -5
33 0 0 8 -10 8
34 1 0 -10 15 6
35 1 0 -15 -3 15
36 0 1 15 4 -8
37 0 1 7 -16 -16
38 1 1 -16 -11 14
39 1 0 -16 8 1
40 1 0 -9 -16 -16
41 0 0 15 3 -10
42 0 0 15 8 8
43 1 1 -12 9 13
44 0 1 3 -16 -5
45 0 0 10 9 -16
46 1 1 -16 -4 -9
47 0 0 13 -8 -5
48 0 0 7 5 -16
49 0 1 7 -12 -16
50 0 1 7 7 4
51 0 0 15 -2 -14
52 1 1 -6 15 15
53 1 0 -11 15 -7
54 1 1 -3 -5 -1
55 1 1 -9 10 9
56 1 1 -4 -8 8
57 1 0 0 -15 15
58 1 1 -8 7 7
59 0 0 15 -3 -12
60 0 0 15 -1 7
61 0 1 12 -16 0
62 0 1 15 9 -3
63 0 0 11 -13 13
64 1 1 -12 -9 -16
65 0 0 11 14 2
66 1 0 1 2 -11
67 1 0 -16 14 13
68 1 0 -6 -16 0
69 0 0 8 11 -11
70 0 1 10 -16 10
71 0 1 12 -5 15
72 1 1 -16 -6 0
73 0 1 9 -16 -13
74 0 1 4 13 8
75 1 1 -5 10 -4
76 1 1 -11 -4 -6
77 0 1 11 -10 15
78 1 1 -16 -14 10
79 0 1 15 -14 15
80 0 1 -1 -16 -10
81 1 0 -16 -16 -12
82 1 0 -10 5 10
83 0 1 6 -16 4
84 0 0 15 -9 12
85 0 1 5 -1 10
86 1 1 6 -1 1
87 0 1 10 0 -16
88 0 1 15 -16 14
89 0 1 2 15 -5
90 1 0 -16 4 5
91 1 0 -16 -16 -6
92 0 0 15 -13 11
93 1 1 -16 -10 -1
94 1 1 1 15 -5
95 0 1 13 -16 -16
96 1 1 -4 15 -8
97 0 0 15 -12 -8
98 0 0 11 -6 -8
99 1 0 -13 15 -2
100 1 0 -16 -1 -15
101 0 1 12 15 -16
102 0 1 15 -16 -16
103 0 1 15 7 -16
104 1 0 -4 -2 15
105 0 0 11 5 1
106 1 0 -12 -2 -5
107 0 1 7 -8 6
108 1 1 -15 15 7
109 1 0 -13 -2 -2
110 1 0 -4 -7 5
111 1 1 -10 15 -9
112 1 1 -16 0 15
113 0 1 8 -7 1
114 1 0 -16 -14 15
115 1 0 -7 0 -12
116 1 0 -9 -16 2
117 0 1 8 5 -6
118 0 0 13 3 -3
119 1 1 -4 15 -12
120 1 1 -7 12 7
121 0 0 14 -6 -16
122 1 0 -15 14 -16
123 1 1 -14 9 13
124 0 1 15 6 -8
125 0 1 15 -3 -16
126 1 1 -10 15 6
127 0 0 11 -13 -15
128 1 1 -8 14 15
129 0 1 14 0 8
130 1 1 -16 9 10
131 1 0 -15 15 3
132 0 1 9 -13 15
133 1 1 -15 -16 12
134 0 0 15 12 -2
135 0 1 15 5 7
136 1 0 -12 9 -1
137 1 0 -16 6 15
138 0 0 9 15 8
139 0 0 3 -14 -12
140 0 0 4 -6 -16
141 1 0 -14 13 -4
142 1 0 -10 -16 10
143 1 1 -13 -16 7
144 0 1 10 -9 -9
145 0 1 13 3 2
146 1 1 -12 -14 -12
147 1 1 -16 13 -9
148 1 0 -16 11 -7
149 1 0 -9 12 -9
150 1 0 -14 -16 11
151 1 0 -13 7 -5
152 0 0 3 1 11
153 1 0 -16 -14 5
154 1 0 -14 -1 -8
155 0 0 3 -13 -10
156 1 1 -7 15 15
157 1 1 -9 -16 -12
158 0 0 13 10 15
159 0 1 15 -11 10
160 1 0 -16 -12 6
161 0 1 15 13 15
162 0 0 3 15 -11
163 1 0 -16 15 0
164 0 0 4 -5 0
165 0 0 12 13 -6
166 1 1 -4 -13 10
167 0 1 11 -10 7
168 0 1 15 15 15
169 1 1 3 7 -15
170 1 0 -10 0 -11
171 1 0 -16 9 7
172 1 0 -4 -13 -11
173 0 1 7 10 -16
174 0 1 3 -8 -7
175 1 1 -2 -8 -11
176 1 1 -11 -16 -5
177 1 1 -1 -16 -4
178 1 0 -6 -8 11
179 0 0 15 -4 15
180 1 0 -13 -13 -4
181 0 1 15 -10 15
182 0 1 9 15 15
183 0 0 9 -14 -4
184 1 0 -6 -16 12
185 0 1 15 -1 -14
186 0 1 15 6 2
187 0 0 15 -10 4
188 1 1 -2 11 -9
189 1 1 -14 2 -16
190 1 1 -16 8 15
191 1 1 -10 -4 15
192 0 0 15 1 -1
193 0 0 9 5 15
194 1 0 -12 11 -4
195 0 0 9 10 2
196 1 0 -2 10 -16
197 1 0 -4 6 -6
198 1 0 -15 -13 1
199 0 0 8 -11 -6
200 1 1 -4 -10 -15
201 0 1 15 -6 -16
202 1 0 -4 11 15
203 1 0 -2 -16 4
204 0 0 11 15 -16
205 0 0 1 -12 -14
206 0 1 -3 12 15
207 1 0 -16 -16 15
208 0 0 15 3 14
209 0 0 8 14 13
210 0 1 13 -15 -12
211 1 0 -16 -16 -6
212 1 1 -4 -16 10
213 0 1 14 7 -16
214 0 0 5 15 -7
215 1 0 -3 7 15
216 1 0 -5 15 -7
217 1 1 -15 -8 -13
218 1 0 -16 12 8
219 1 1 -4 -14 -1
220 0 1 14 13 13
221 1 0 -11 12 15
222 1 1 -16 -16 0
223 1 1 -6 10 -11
224 0 0 12 15 -11
225 0 0 10 8 -16
226 1 1 -15 -14 -10
227 0 1 9 4 8
228 1 0 -10 9 -15
229 0 0 15 10 -16
230 1 0 -16 8 -3
231 1 1 -8 6 -12
232 0 1 4 -1 9
233 1 1 -11 11 1
234 0 0 7 -12 5
235 0 0 11 9 9
236 0 0 15 7 9
237 1 0 -11 6 -7
238 1 1 -16 15 5
239 1 1 -14 -16 15
240 1 0 -6 12 -16
241 1 0 -13 -6 15
242 1 1 -15 -8 -7
243 1 1 -16 15 15
244 0 0 15 -9 11
245 0 0 6 -9 3
246 0 1 6 -16 -16
247 0 1 -7 -8 -16
248 0 0 3 -7 -13
249 0 0 6 4 -16
250 1 1 -16 -16 -16
251 0 0 13 -16 -11
252 0 1 12 8 9
253 0 0 4 -16 15
254 1 0 -13 -12 15
255 0 0 4 3 8
256 1 1 -13 -6 -6
257 0 0 11 -5 0
258 0 0 12 12 -14
259 0 1 14 -11 -16
260 0 0 15 14 15
261 0 1 15 11 -4
262 0 1 11 -16 14
263 0 1 15 -16 -16
264 1 0 -15 7 4
265 0 1 9 10 15
266 0 1 14 14 -12
267 0 1 15 -1 9
268 0 1 10 11 -12
269 0 1 14 7 -6
270 0 1 7 15 10
271 1 1 -12 -16 15
272 0 0 15 10 -9
273 1 0 -11 11 8
274 1 0 -16 -5 3
275 0 0 14 -16 3
276 1 1 -11 -16 15
277 0 1 15 -11 13
278 0 1 11 0 0
279 1 0 -16 -16 8
280 1 1 -16 14 15
281 1 1 -14 9 14
282 1 0 -13 10 15
283 1 0 -16 -15 2
284 0 0 13 -16 -16
285 0 1 3 9 15
286 1 1 -16 15 -16
287 0 1 7 2 -8
288 1 1 -12 9 11
289 1 1 -10 15 10
290 1 0 -8 -10 -8
291 1 0 -16 -6 15
292 1 0 -11 -8 14
293 1 0 -16 -11 0
294 1 0 -16 15 -11
295 0 1 14 -6 15
296 0 1 7 -10 4
297 1 1 -2 10 -16
298 0 0 9 6 -14
299 0 0 13 10 -16
300 1 1 -16 -6 -16
301 1 1 -8 -13 3
302 0 0 13 -2 -12
303 0 0 -3 -7 -5
304 0 1 7 15 10
305 0 0 15 -16 13
306 0 0 11 15 5
307 1 0 -13 -8 10
308 1 1 -6 15 -16
309 0 1 15 15 -12
310 1 1 -11 -16 15
311 0 1 15 13 14
312 1 0 -9 10 -11
313 1 1 -16 -16 -10
314 0 1 13 -16 -12
315 1 0 -6 -16 11
316 0 0 15 -11 15
317 0 1 15 -11 15
318 1 0 -4 -9 -7
319 1 1 -1 13 -8
320 1 1 -13 12 -16
321 0 0 5 -12 7
322 0 1 10 15 -16
323 0 0 11 15 -14
324 1 1 -12 9 -13
325 0 0 9 -16 -16
326 0 0 13 10 -12
327 0 1 15 4 5
328 0 0 15 -5 3
329 1 0 -8 8 2
330 1 1 -7 14 -16
331 1 0 -5 15 -16
332 1 1 -15 -5 14
333 1 0 1 10 15
334 1 1 -10 -16 -16
335 1 0 -14 -5 9
336 0 0 9 -3 -9
337 0 0 4 -2 11
338 1 1 -9 -16 -4
339 1 0 -10 15 -16
340 0 1 3 -12 -16
341 1 0 -9 15 -11
342 1 0 -4 14 -10
343 0 1 11 -2 9
344 1 0 -10 -12 -4
345 1 1 -7 -13 13
346 0 0 -1 12 5
347 0 1 4 9 -16
348 0 0 3 -13 15
349 1 0 -14 15 -16
350 0 0 8 -14 7
351 1 1 -11 15 -9
352 0 0 15 -13 -13
353 0 0 13 -14 15
354 1 0 -12 15 -6
355 1 0 -8 -13 15
356 0 1 15 11 -13
357 0 0 15 -11 0
358 0 0 11 4 15
359 1 0 -13 -6 -16
360 1 0 -7 9 5
361 1 0 -14 -3 11
362 0 0 15 14 -12
363 0 0 6 -16 -5
364 0 1 15 3 13
365 0 1 7 15 -16
366 0 1 13 -9 -12
367 0 1 13 -9 15
368 1 1 -8 15 6
369 0 0 8 13 -12
370 0 1 4 15 -8
371 0 0 2 12 15
372 0 1 15 3 -9
373 0 1 15 14 5
374 0 0 15 11 4
375 1 0 -4 -8 15
376 0 0 15 5 7
377 1 1 -7 15 -11
378 0 1 12 13 -8
379 1 1 -16 15 4
380 0 0 13 -12 -13
381 0 1 15 11 6
382 1 1 -16 -15 11
383 0 0 12 -12 -13
384 0 0 13 -5 10
385 1 1 -16 6 -11
386 1 1 -10 -16 -2
387 1 0 -15 15 15
388 0 1 15 15 -5
389 0 0 15 6 -9
390 1 1 -14 -5 1
391 1 0 -6 -7 10
392 1 0 -16 15 -16
393 1 0 -16 15 0
394 0 0 12 -14 -5
395 1 1 -7 -3 -16
396 1 1 -9 -16 8
397 1 0 -11 -14 -5
398 1 1 -15 -16 11
399 1 1 -12 -14 15
400 1 1 -13 -16 14
401 1 1 -16 -12 -16
402 1 1 -7 -5 15
403 1 0 -14 -14 12
404 0 0 10 13 15
405 1 0 -6 -5 14
406 0 1 15 -10 -13
407 1 1 -2 -10 3
408 0 0 9 -8 1
409 1 1 -7 15 8
410 0 1 11 15 -16
411 1 1 -16 -9 -9
412 1 1 -15 -16 11
413 0 0 15 -5 -6
414 1 1 -2 15 13
415 0 0 15 5 -16
416 1 0 -14 -7 -16
417 1 1 -14 -5 8
418 1 1 -16 15 -2
419 0 1 10 -5 -14
420 0 1 2 -16 11
421 1 0 -16 13 -10
422 1 0 -16 -13 -12
423 0 1 15 3 15
424 0 1 7 -16 -16
425 1 1 -16 -3 -16
426 1 0 -14 -13 -16
427 1 1 -5 -12 15
428 1 1 -10 -1 -5
429 0 1 5 13 -4
430 1 0 -6 -11 -16
431 1 1 1 15 15
432 1 1 -16 -10 -11
433 1 0 -16 -8 8
434 0 0 11 -12 -6
435 1 1 -11 14 -16
436 0 1 15 15 -16
437 0 1 13 -10 -11
438 0 1 6 8 -3
439 1 0 -16 -16 15
440 0 1 6 15 -11
441 0 1 15 -8 5
442 0 1 7 5 -16
443 0 1 14 10 -2
444 0 0 15 -12 -4
445 1 1 -16 6 11
446 0 1 12 -4 -15
447 1 1 -11 15 -13
448 0 0 11 -14 -4
449 1 1 -6 3 7
450 1 0 -16 2 15
451 1 0 -5 8 5
452 0 1 14 11 -16
453 0 1 15 0 -12
454 1 1 -11 15 15
455 0 1 14 0 1
456 1 1 1 13 14
457 1 1 -11 15 -12
458 0 0 5 -12 -12
459 1 0 -16 -16 7
460 1 0 -9 -16 -13
461 1 1 -10 -15 -16
462 0 0 12 14 15
463 0 0 10 6 15
464 0 1 15 -9 13
465 0 0 15 -16 -8
466 1 1 -16 11 -16
467 0 0 10 6 9
468 0 1 5 5 -12
469 1 0 -10 -16 0
470 0 1 15 15 -11
471 1 1 -15 1 6
472 1 0 -5 -15 -12
473 1 0 4 15 -16
474 0 1 8 15 15
475 0 0 11 15 13
476 0 1 15 15 -16
477 0 1 10 3 -16
478 1 0 -12 1 -1
479 1 1 -16 -15 15
480 1 0 -16 6 14
481 0 0 1 -16 15
482 0 0 7 -9 10
483 1 0 0 15 3
484 1 1 -16 -1 -9
485 1 0 -16 -15 -1
486 1 1 -16 14 0
487 0 0 11 -9 12
488 1 1 3 15 2
489 0 1 15 -12 8
490 1 0 -16 15 15
491 1 1 -16 9 12
492 1 1 -10 8 10
493 0 1 -2 5 -8
494 1 1 -12 7 4
495 0 0 15 -16 15
496 0 0 15 10 13
497 1 1 -8 -16 -10
498 0 1 11 -10 -9
499 0 1 -2 8 15
500 1 0 -9 15 -15
501 1 0 -7 -14 -16
502 1 0 -4 15 -12
503 1 1 -3 -6 2
504 1 0 -2 -7 -16
505 0 0 6 -5 -7
506 0 1 9 0 -16
507 0 0 11 15 -5
508 0 0 14 -3 -3
509 0 0 15 12 15
510 0 0 15 4 -15
511 0 0 15 -9 4
512 1 0 -16 15 6
513 0 1 -2 -4 3
514 0 0 7 -9 -6
515 1 0 -11 10 15
516 0 0 15 4 13
517 0 0 9 15 -16
518 0 0 15 8 1
519 1 0 -8 -14 -14
520 1 1 -8 -5 2
521 0 1 15 -16 13
522 0 0 6 -8 -12
523 1 1 -9 -7 9
524 1 0 -16 15 -16
525 1 0 -16 11 -16
526 0 0 15 -16 -16
527 1 1 -16 1 -14
528 0 1 15 10 15
529 1 0 -16 -13 -16
530 1 0 -13 7 -10
531 0 1 10 12 15
532 1 0 3 -16 15
533 1 1 -16 -12 -16
534 1 0 -10 3 14
535 0 0 10 -7 -13
536 1 0 -16 15 6
537 0 0 12 -16 15
538 0 1 4 -16 15
539 0 1 12 -11 -2
540 0 1 10 15 -6
541 0 0 15 -4 -16
542 1 0 -16 -16 3
543 0 0 15 15 -11
544 0 0 15 -1 15
545 1 1 -16 3 -8
546 1 1 -8 15 11
547 0 0 5 15 15
548 1 1 -15 14 -13
549 1 1 -15 12 -12
550 1 1 -8 -9 7
551 1 1 -16 4 15
552 0 0 -1 2 -16
553 1 0 3 -16 12
554 1 0 -16 -12 8
555 0 1 15 -15 5
556 1 1 -9 11 7
557 0 0 15 7 6
558 0 1 -2 15 11
559 0 1 15 4 9
560 1 1 -9 -12 -10
561 1 1 -10 -7 15
562 0 0 12 -16 11
563 1 0 -7 11 15
564 0 0 7 -7 3
565 1 0 -5 -13 2
566 1 0 -16 -5 3
567 1 0 -4 7 6
568 0 1 7 -16 -16
569 0 0 -2 -11 15
570 0 0 13 0 -7
571 1 0 -16 -16 15
572 0 1 11 -13 -12
573 1 0 -16 1 -8
574 0 0 4 9 6
575 1 0 -16 -5 -14
576 0 0 11 3 15
577 1 0 -1 15 15
578 0 1 7 10 15
579 0 0 3 -16 -15
580 0 0 15 -7 15
581 1 1 -14 15 -13
582 1 0 -15 -16 -13
583 1 1 -4 -11 -4
584 1 1 -12 13 15
585 1 0 -7 11 -6
586 0 1 -2 -9 9
587 1 0 -12 -8 -4
588 0 1 13 12 6
589 1 1 -5 -13 14
590 0 0 15 -15 -15
591 0 0 15 -5 15
592 1 0 -2 8 8
593 0 0 2 15 -15
594 0 0 6 -16 0
595 0 1 15 -7 15
596 1 0 -14 7 10
597 0 1 12 15 -16
598 0 0 14 15 10
599 0 1 6 15 15
600 1 0 -2 -5 12
601 1 1 -16 -8 2
602 1 1 -3 9 15
603 1 0 -16 11 15
604 1 1 -15 6 11
605 0 0 14 14 -5
606 0 0 15 -4 10
607 1 1 -16 15 -15
608 1 1 -11 4 12
609 1 0 -15 3 10
610 0 0 15 11 15
611 1 1 -12 15 -13
612 1 0 -10 7 6
613 1 0 -16 -12 -1
614 1 1 0 9 3
615 0 1 11 15 -12
616 0 1 15 7 -8
617 0 0 15 15 7
618 1 0 -6 -15 6
619 1 1 -8 -11 5
620 0 0 7 -5 -10
621 1 1 -5 5 -12
622 1 0 -10 -1 10
623 0 1 15 15 -16
624 1 0 -15 15 -16
625 0 1 15 5 -12
626 1 1 -9 -5 9
627 0 1 8 -16 12
628 1 0 -13 -11 -9
629 1 1 -16 -16 -1
630 0 0 15 7 15
631 0 0 3 10 15
632 1 0 -10 13 1
633 0 0 2 1 -16
634 0 0 15 15 -13
635 1 1 -12 -9 -6
636 1 1 -6 15 15
637 1 1 -16 -11 14
638 1 1 -5 -14 15
639 0 0 10 -12 15
640 1 1 -11 2 12
641 1 0 -7 -11 -2
642 1 1 -15 -16 -14
643 1 0 -14 15 15
644 1 1 -8 4 -12
645 0 1 0 -14 15
646 1 0 -15 -11 8
647 1 1 -7 -16 -11
648 0 0 15 15 15
649 1 0 -9 -9 -11
650 1 1 -10 15 -1
651 0 0 15 4 9
652 0 0 15 12 15
653 0 1 15 15 12
654 0 1 1 15 11
655 1 1 -16 -15 -11
656 1 0 -4 -16 -4
657 1 0 -16 8 15
658 0 1 15 -7 4
659 0 0 15 -15 7
660 1 1 3 15 1
661 0 0 9 15 -15
662 0 0 9 6 15
663 1 1 -16 -7 -4
664 0 1 5 4 6
665 1 1 -1 1 -10
666 1 1 -11 2 -13
667 1 0 -10 15 -16
668 0 0 8 10 -9
669 0 1 8 5 -16
670 0 0 15 15 -5
671 0 1 15 14 15
672 0 0 15 15 15
673 1 0 -5 -13 15
674 1 1 -16 -16 -16
675 1 0 -14 4 11
676 1 0 -15 6 -9
677 1 0 -12 15 9
678 0 1 8 7 -16
679 0 0 8 -12 -10
680 0 1 15 -16 -16
681 1 1 -16 7 -1
682 0 0 0 15 -13
683 0 1 15 10 10
684 0 0 9 12 -16
685 0 0 -2 4 -11
686 0 0 10 8 -14
687 0 0 -3 12 15
688 1 1 -7 -7 15
689 0 0 10 10 11
690 1 0 -7 5 -10
691 1 1 0 -16 4
692 0 1 15 -16 10
693 1 0 -16 1 -9
694 1 0 -5 6 11
695 0 0 15 -7 15
696 1 1 -11 9 0
697 0 0 -5 -10 -12
698 0 0 5 -14 12
699 1 1 -11 0 -9
700 1 0 6 -16 -11
701 0 0 15 15 10
702 0 0 7 -16 -16
703 1 0 -2 -15 5
704 1 1 -16 -16 -3
705 1 0 -16 -16 -16
706 0 0 9 5 12
707 1 1 -12 -15 15
708 1 1 -16 7 -3
709 1 0 -6 -5 -12
710 1 0 -11 -12 8
711 1 0 -14 11 -14
712 1 1 -11 15 -11
713 1 0 -12 5 15
714 0 1 14 5 -12
715 0 1 4 -16 15
716 0 1 15 -10 -8
717 0 0 8 -13 15
718 1 0 -14 -16 -11
719 1 0 -10 12 5
720 0 1 15 -10 -6
721 1 1 -8 13 6
722 0 1 12 -4 -16
723 0 1 12 -16 -14
724 0 1 7 -16 15
725 1 1 -6 -12 15
726 0 1 9 -16 15
727 0 1 15 -16 -3
728 1 0 -15 -14 -16
729 1 1 -16 15 -6
730 0 1 4 -16 15
731 1 0 -7 7 -12
732 1 1 -16 6 15
733 1 0 -2 7 -15
734 0 0 11 8 -11
735 1 0 -8 11 -16
736 1 0 -9 11 15
737 0 1 9 11 -2
738 0 1 11 -16 -7
739 0 0 4 -16 -16
740 1 0 -9 15 15
741 0 1 10 11 15
742 0 1 12 5 -12
743 1 0 -16 -8 -4
744 1 0 -8 -16 4
745 1 1 -16 15 15
746 1 1 -16 15 -10
747 0 1 15 -16 -7
748 0 0 15 11 15
749 1 0 -16 -16 13
750 1 0 -13 15 15
751 1 1 -7 -12 0
752 0 0 12 12 5
753 0 0 13 -6 -16
754 1 1 -9 -9 -6
755 1 0 -16 -16 3
756 0 1 -1 10 -16
757 1 0 -15 -16 -13
758 0 0 7 -2 12
759 1 1 -8 -3 10
760 1 0 -14 15 0
761 0 1 15 -16 12
762 0 1 3 -7 15
763 1 0 -4 10 9
764 1 1 -15 -16 15
765 0 0 6 15 -16
766 1 1 -11 5 -1
767 1 0 -5 -15 2
768 1 0 -4 14 12
769 0 0 3 9 -8
770 0 0 14 15 -6
771 1 0 -9 1 -9
772 0 1 6 12 -16
773 1 1 -8 5 6
774 0 0 10 14 -16
775 0 1 9 -7 9
776 0 0 15 -16 -14
777 1 1 -16 15 15
778 1 1 -9 -16 15
779 0 0 11 6 -16
780 0 1 9 -13 -2
781 1 0 -7 -16 8
782 1 0 -12 -11 15
783 0 0 14 3 -11
784 1 0 0 -12 -12
785 0 1 8 7 -2
786 1 1 -4 -11 -6
787 1 1 -9 15 -9
788 1 1 -16 8 15
789 0 1 15 -5 11
790 1 1 -11 -7 9
791 1 1 -3 -9 -10
792 1 1 -16 -1 15
793 1 1 -6 -14 -9
794 1 0 -3 -16 15
795 1 1 -5 -2 14
796 0 1 9 5 -16
797 1 1 -16 -9 -2
798 0 1 7 -16 -16
799 0 1 -1 9 -10
800 0 0 14 -14 -8
801 1 0 -16 -11 -9
802 0 1 4 11 -10
803 0 0 15 14 -16
804 0 0 7 -16 -16
805 0 0 8 -13 2
806 1 0 -12 10 -16
807 1 0 -15 -8 4
808 1 0 -8 -16 15
809 1 1 -10 7 15
810 1 0 -16 15 -11
811 0 0 4 -16 1
812 0 1 15 12 -16
813 1 1 -6 -15 8
814 1 1 -2 15 -5
815 1 0 -8 -16 15
816 1 0 -16 -15 -7
817 0 0 15 -16 8
818 1 1 -6 9 -14
819 0 0 13 -2 -11
820 0 1 15 12 -12
821 0 1 15 15 15
822 0 1 11 15 8
823 1 1 -11 -10 4
824 0 1 14 15 -11
825 0 0 15 -16 -16
826 0 0 11 7 15
827 0 1 5 15 8
828 1 1 -3 9 -16
829 0 1 -2 -11 -2
830 1 1 -11 -8 -11
831 0 0 15 8 15
832 1 1 -16 -8 -1
833 0 0 11 2 15
834 1 0 -16 -16 -12
835 1 0 -12 10 -2
836 1 1 -6 10 15
837 0 1 14 0 -14
838 0 1 15 15 1
839 1 0 -16 -16 -1
840 1 0 -3 14 -16
841 0 1 13 8 -16
842 0 0 9 15 -8
843 0 0 15 15 -16
844 1 0 -12 -15 9
845 0 0 15 15 -10
846 0 1 15 -16 -15
847 1 1 -16 -10 -14
848 0 1 11 8 -9
849 0 0 6 13 11
850 0 1 15 -11 -12
851 0 1 15 -2 1
852 1 1 -6 7 -11
853 0 0 11 2 4
854 1 0 -2 -7 -6
855 1 1 -16 -1 -16
856 1 0 -15 15 14
857 1 0 -16 15 15
858 0 1 8 -16 15
859 1 1 -14 -6 5
860 0 0 12 7 13
861 1 0 -3 -16 -16
862 0 1 -3 -16 7
863 0 1 6 11 14
864 1 0 -7 7 -13
865 0 0 1 11 15
866 1 1 -16 15 -2
867 0 1 11 -8 10
868 1 1 -16 -4 -7
869 0 1 9 13 -12
870 0 1 14 3 15
871 0 0 15 -10 -6
872 1 0 -9 15 -16
873 0 1 8 -8 6
874 1 1 -16 -2 -5
875 1 1 -16 4 -5
876 0 1 4 -6 8
877 0 1 11 15 12
878 1 1 -14 -15 6
879 1 0 -9 13 7
880 1 1 -16 2 8
881 0 0 11 12 -6
882 1 0 -12 8 15
883 0 1 12 11 -15
884 0 0 15 -10 -8
885 0 1 11 -16 -16
886 1 0 -13 15 -6
887 0 0 11 15 -11
888 0 0 13 15 3
889 1 1 -6 -1 6
890 1 0 -11 -8 15
891 0 1 13 -7 13
892 1 1 -16 15 6
893 0 1 1 15 -14
894 0 1 15 -3 11
895 1 0 -16 -6 13
896 1 1 -11 -9 -1
897 0 1 15 -9 -6
898 1 0 -9 6 -7
899 1 0 -11 -10 -16
900 0 1 -3 15 -13
901 1 1 -7 9 8
902 1 0 -11 -13 -4
903 1 1 -9 2 12
904 0 1 15 10 1
905 0 1 15 15 15
906 1 0 -16 -14 10
907 1 0 -16 1 -6
908 0 0 12 -16 -16
909 0 1 15 -13 15
910 0 0 8 15 15
911 0 1 8 -14 -13
912 1 0 -9 2 15
913 1 0 -16 2 -16
914 1 0 -16 -12 15
915 1 0 -16 0 10
916 1 0 -11 -6 -15
917 0 1 5 13 4
918 1 0 -5 -13 -10
919 0 0 12 -9 -16
920 1 0 -11 -13 -15
921 0 0 13 -3 11
922 1 1 -15 7 9
923 1 0 -14 -5 5
924 1 0 -16 -16 -9
925 0 0 15 2 -16
926 0 0 15 -8 -2
927 1 0 -16 -5 15
928 0 0 5 -16 -5
929 0 1 13 -16 -14
930 1 0 -16 -13 15
931 1 1 -16 9 -16
932 0 1 15 -16 8
933 0 1 11 -7 -10
934 1 0 -5 9 15
935 1 1 -9 -9 0
936 1 1 -16 -8 -10
937 0 1 9 -6 15
938 0 0 3 -6 15
939 1 0 -16 -7 7
940 0 0 12 -13 10
941 0 0 15 -13 8
942 1 0 -8 -13 10
943 0 0 12 -16 8
944 1 1 2 11 -12
945 0 0 8 11 -9
946 1 0 0 -13 -16
947 1 1 -6 2 -8
948 0 1 8 -13 -16
949 0 1 11 -12 -11
950 0 0 4 10 15
951 1 0 -14 6 15
952 1 1 -3 -9 6
953 1 1 -11 15 11
954 0 0 6 9 12
955 1 0 -14 -3 -16
956 1 0 1 -12 -16
957 1 0 -1 7 -16
958 0 0 15 -3 15
959 1 0 -16 5 -13
960 0 0 15 -2 12
961 0 0 15 -16 13
962 0 0 4 -3 -9
963 1 0 5 -3 -3
964 0 1 12 -11 8
965 0 0 10 -16 13
966 0 1 10 14 -1
967 0 0 15 -3 9
968 0 1 12 14 10
969 0 0 14 9 8
970 0 0 4 -13 -16
971 0 0 15 -14 -9
972 1 0 -10 5 -12
973 1 1 -12 -16 -13
974 0 1 15 10 15
975 1 0 -16 11 -11
976 1 1 -11 -14 7
977 0 0 5 -16 -14
978 1 1 -3 -12 11
979 1 1 -16 15 8
980 1 1 -5 11 12
981 0 1 15 -7 -7
982 0 1 15 7 1
983 0 1 15 6 -15
984 0 0 12 -11 15
985 1 0 -8 15 -14
986 0 0 2 -8 13
987 1 0 -15 11 8
988 0 1 10 -9 -2
989 1 0 -15 14 -16
990 0 0 13 -16 14
991 0 1 13 -15 -16
992 1 0 -14 9 -15
993 0 0 5 -5 3
994 1 0 -13 -16 -16
995 1 0 -10 -5 15
996 0 1 13 -14 -6
997 1 0 -13 2 -10
998 1 1 -16 -11 -2
999 1 0 -16 -16 -14
1000 0 1 11 -16 8
1001 0 1 15 -16 -16
1002 0 0 8 15 1
1003 1 0 -12 7 -16
1004 1 0 -5 -16 7
1005 1 0 -13 6 12
1006 0 0 15 7 -9
1007 0 0 14 7 -16
1008 0 1 -3 7 12
1009 1 1 -16 -16 0
1010 0 1 11 15 -9
1011 0 1 15 -10 8
1012 1 1 -6 -13 14
1013 1 1 -11 -16 15
1014 0 0 3 7 15
1015 1 0 2 2 -11
1016 0 0 10 -8 -8
1017 0 0 10 -3 -8
1018 0 1 8 -15 -16
1019 1 0 -5 -16 -16
1020 0 1 12 15 11
1021 1 1 -8 -7 -16
1022 1 0 -9 10 15
1023 0 0 3 15 -10
1024 1 0 -16 -16 10
1025 0 0 11 3 14
1026 1 0 -4 5 -16
1027 1 1 -3 -13 15
1028 1 0 -13 5 -16
1029 1 0 -5 -13 -11
1030 0 0 15 4 -13
1031 1 1 -12 15 -16
1032 1 0 -13 -13 -12
1033 0 1 15 -16 9
1034 0 0 11 6 15
1035 0 0 11 -12 10
1036 1 0 -5 -15 3
1037 0 0 15 2 15
1038 1 1 -10 -13 -12
1039 0 0 -3 -7 15
1040 0 1 14 4 15
1041 0 0 15 -9 8
1042 0 1 11 14 15
1043 1 0 -16 -14 -11
1044 1 1 -12 2 -14
1045 1 1 -6 -9 -8
1046 1 0 -15 -9 15
1047 1 0 -8 11 8
1048 1 1 -8 15 15
1049 0 0 12 -13 -5
1050 0 0 11 8 9
1051 1 0 3 -16 9
1052 0 0 7 -16 -11
1053 0 1 15 2 2
1054 1 1 -10 9 15
1055 0 0 14 6 -6
1056 1 1 -16 15 -5
1057 0 1 5 -2 -15
1058 0 1 15 11 -2
1059 1 0 -12 -15 15
1060 1 1 -5 7 -16
1061 1 1 -14 0 15
1062 1 0 -5 -9 15
1063 0 0 15 -14 14
1064 0 1 15 -11 -16
1065 0 0 14 14 12
1066 0 0 1 -11 -11
1067 0 1 13 15 -12
1068 1 0 -9 -16 4
1069 1 0 4 7 4
1070 1 0 -8 -16 -16
1071 0 1 11 12 15
1072 0 1 15 -16 15
1073 0 1 11 9 6
1074 1 1 -16 -12 -16
1075 0 1 1 -10 15
1076 1 0 -10 -9 11
1077 1 0 -11 11 8
1078 1 1 -16 4 -3
1079 1 0 0 15 8
1080 0 1 15 15 14
1081 1 0 -12 6 14
1082 0 1 15 -8 13
1083 0 1 15 12 -1
1084 0 0 15 4 9
1085 1 0 -2 -2 -1
1086 1 0 -6 15 -16
1087 1 0 -4 -16 -15
1088 0 0 12 -16 8
1089 0 0 4 15 -13
1090 1 0 -10 0 15
1091 0 1 13 14 2
1092 0 1 7 5 0
1093 1 0 3 6 15
1094 0 0 8 -5 15
1095 1 0 -6 15 9
1096 1 1 -16 -3 -6
1097 0 0 8 -16 15
1098 0 0 12 15 -14
1099 0 1 6 14 -16
1100 0 1 3 -16 -12
1101 1 0 -16 6 15
1102 1 0 -16 12 15
1103 0 1 13 -14 15
1104 1 1 -16 -8 5
1105 0 1 0 2 -9
1106 0 0 4 8 -14
1107 1 1 -16 15 -10
1108 1 0 -16 15 -16
1109 0 0 15 13 -16
1110 0 1 11 -16 -6
1111 0 1 12 -16 15
1112 1 0 1 5 -7
1113 1 1 -9 -8 -2
1114 0 0 6 15 -16
1115 0 0 0 -14 -9
1116 0 0 7 15 -6
1117 1 0 -11 -9 15
1118 1 0 -15 7 -6
1119 0 0 13 15 15
1120 1 1 -16 -16 -10
1121 1 1 -16 -11 12
1122 1 0 -10 13 8
1123 1 1 -11 7 -16
1124 0 1 15 -3 -8
1125 0 1 12 13 15
1126 0 1 15 15 13
1127 1 1 -16 11 4
1128 0 0 9 -2 8
1129 0 1 1 1 12
1130 0 0 2 5 2
1131 1 0 -16 15 11
1132 1 1 -3 15 -16
1133 0 1 4 1 12
1134 0 1 4 6 -16
1135 0 0 14 -12 15
1136 0 1 13 -12 9
1137 1 0 -16 -3 10
1138 0 0 7 -6 -15
1139 0 0 14 -16 -8
1140 1 1 -11 2 13
1141 0 1 4 -7 -12
1142 1 0 -16 3 8
1143 1 0 -16 -9 -16
1144 0 1 9 15 -10
1145 0 1 10 -16 -9
1146 1 1 -12 -15 -9
1147 0 0 12 8 7
1148 1 1 -6 -6 -11
1149 1 0 -16 9 -12
1150 1 0 -12 -14 13
1151 1 1 -16 -5 12
1152 0 1 15 -16 -16
1153 1 0 -14 10 -16
1154 1 0 -6 -16 -3
1155 0 1 13 9 12
1156 0 1 -2 -14 -6
1157 1 1 -4 -15 14
1158 0 1 15 15 -4
1159 1 1 -9 -7 4
1160 0 1 7 -16 15
1161 1 0 9 -7 -7
1162 1 1 -2 15 15
1163 0 1 12 -16 15
1164 1 1 -12 15 9
1165 1 1 -16 5 -6
1166 0 1 3 -12 1
1167 0 1 15 14 -16
1168 0 0 15 10 13
1169 1 0 -5 -5 -16
1170 1 0 -3 11 10
1171 0 1 15 15 -16
1172 0 0 10 -12 -16
1173 1 0 -15 8 2
1174 0 1 15 -6 14
1175 1 0 -16 13 9
1176 0 1 12 -16 14
1177 1 0 -11 4 -2
1178 1 0 -10 11 15
1179 1 1 -12 15 -16
1180 0 1 12 8 12
1181 1 1 -16 15 -14
1182 0 0 15 -12 15
1183 0 0 11 4 -9
1184 1 1 -13 7 -7
1185 0 1 15 -16 -14
1186 0 1 14 15 -13
1187 0 0 9 -11 15
1188 1 1 -16 -2 -4
1189 1 1 -10 -16 11
1190 0 1 14 2 -13
1191 1 1 -16 -3 -7
1192 0 1 11 -16 15
1193 1 0 -15 -16 -11
1194 0 0 13 -5 -10
1195 0 1 12 -3 11
1196 0 1 14 3 -16
1197 1 0 1 11 9
1198 0 0 9 -3 -16
1199 0 1 14 -9 -3
1200 1 1 3 15 -15
1201 1 1 -10 14 -7
1202 0 1 3 -6 -11
1203 1 1 -16 -15 -16
1204 0 1 13 15 -12
1205 0 1 9 9 -1
1206 0 0 14 -14 8
1207 1 0 -11 10 14
1208 1 1 -16 -5 15
1209 0 1 4 -16 -6
1210 1 1 -5 -5 -14
1211 1 0 -3 -11 -7
1212 1 0 -10 0 -2
1213 0 0 11 15 -16
1214 1 0 -16 -16 15
1215 0 0 6 -16 7
1216 1 1 -16 -10 5
1217 0 1 6 -16 15
1218 1 0 -5 14 6
1219 0 1 8 14 0
1220 1 0 -10 -14 -10
1221 1 1 -5 -15 -2
1222 0 0 15 -9 1
1223 0 1 15 -16 -9
1224 1 0 -7 -16 -4
1225 0 1 15 -15 -14
1226 0 0 15 -9 -8
1227 1 1 -3 -11 -3
1228 1 0 -13 14 12
1229 1 1 -7 13 -7
1230 0 1 14 -14 -16
1231 1 0 -16 -7 -16
1232 1 1 -9 -14 14
1233 0 0 9 10 15
1234 1 1 -16 -5 -15
1235 1 1 -12 11 -7
1236 0 0 6 15 -4
1237 1 0 -16 -3 -12
1238 0 1 0 14 -7
1239 0 1 15 -16 3
1240 0 1 15 11 2
1241 1 1 -3 -9 15
1242 1 0 -4 15 11
1243 1 1 -12 -13 15
1244 0 0 -8 1 -6
1245 0 0 1 -5 14
1246 0 1 8 9 -16
1247 1 1 -12 -14 11
1248 0 1 5 -16 -4
1249 1 0 -3 -4 0
1250 0 1 4 -10 14
1251 0 1 15 -5 -12
1252 1 1 -16 -14 13
1253 1 0 -7 15 11
1254 1 0 -10 14 6
1255 0 1 8 -8 -8
1256 1 0 -16 -5 15
1257 1 0 -7 1 9
1258 0 0 12 14 11
1259 0 1 15 -6 -16
1260 0 1 5 -3 2
1261 0 0 15 -12 3
1262 1 1 -16 14 -16
1263 1 0 -9 -5 13
1264 0 0 15 15 -16
1265 0 0 9 -11 1
1266 1 0 -4 -16 9
1267 0 0 9 8 -12
1268 0 1 15 0 14
1269 0 0 5 -9 -16
1270 0 0 12 -14 -9
1271 0 0 10 -15 -16
1272 0 1 13 0 -14
1273 0 1 15 -16 15
1274 0 0 11 8 0
1275 0 0 5 12 -3
1276 0 1 15 -6 6
1277 0 0 6 -8 3
1278 0 0 15 -16 15
1279 0 0 12 6 5
1280 1 1 -10 15 -15
1281 0 0 15 13 13
1282 0 1 11 -8 8
1283 0 1 11 -9 -6
1284 1 1 -8 5 7
1285 1 1 -12 -12 -5
1286 1 0 -14 -13 6
1287 0 0 13 -13 -15
1288 0 0 15 -8 15
1289 1 0 -10 -12 15
1290 1 1 -8 15 11
1291 0 1 15 -16 15
1292 0 0 13 -12 6
1293 1 0 -7 2 -16
1294 0 1 15 7 14
1295 0 1 12 14 15
1296 0 0 15 4 -16
1297 1 0 -10 -16 7
1298 1 1 -4 -9 -6
1299 1 0 -16 13 -16
1300 1 1 -16 11 -10
1301 1 0 -13 15 -16
1302 0 1 3 5 5
1303 0 0 10 -16 2
1304 1 1 2 6 -7
1305 1 0 -14 9 15
1306 1 0 -11 10 -14
1307 1 0 -16 -6 6
1308 0 1 15 -7 -16
1309 0 0 7 15 -16
1310 0 1 -5 -14 -16
1311 0 1 9 15 15
1312 1 1 -13 -12 7
1313 1 1 -16 15 13
1314 1 0 -14 -9 15
1315 0 1 4 14 9
1316 0 1 7 -15 12
1317 1 0 -11 -13 10
1318 1 1 -8 -14 2
1319 1 1 0 -1 11
1320 1 0 1 -16 5
1321 1 1 -14 1 15
1322 1 1 -16 -10 12
1323 0 1 15 11 -14
1324 1 0 -6 -14 4
1325 0 0 8 -16 15
1326 1 1 -16 -6 15
1327 0 0 2 -7 14
1328 1 1 -8 14 12
1329 0 0 15 15 -16
1330 0 0 1 12 2
1331 0 1 9 12 -1
1332 0 0 8 11 -6
1333 1 1 -12 -12 -1
1334 1 1 -11 -15 10
1335 0 1 9 -16 4
1336 0 0 4 -10 3
1337 1 0 -6 -1 8
1338 0 0 3 -4 15
1339 1 1 -9 3 8
1340 1 0 -7 -15 -4
1341 1 1 -13 -16 -11
1342 1 1 -11 13 -10
1343 1 0 -16 0 7
1344 1 1 -14 6 -16
1345 1 0 -5 -13 -16
1346 0 0 12 -2 14
1347 0 0 15 15 -16
1348 0 0 3 -12 6
1349 0 0 9 8 15
1350 0 0 15 12 -9
1351 0 0 9 -9 -14
1352 1 1 -10 12 9
1353 0 1 15 -15 -1
1354 1 0 -16 15 1
1355 0 0 -3 4 -16
1356 1 0 -15 0 11
1357 1 0 -7 -4 10
1358 1 1 -16 15 5
1359 0 0 15 15 -13
1360 1 1 -8 9 -11
1361 1 0 -15 -1 8
1362 0 0 0 2 11
1363 1 0 -10 15 -14
1364 0 1 8 0 15
1365 1 0 -16 -7 -12
1366 0 0 11 12 -12
1367 0 1 5 2 15
1368 1 1 -11 15 -16
1369 0 0 1 -13 13
1370 0 0 9 15 -11
1371 1 1 -5 -16 -11
1372 1 1 -10 11 3
1373 0 1 5 15 -5
1374 0 1 -1 15 -8
1375 0 0 6 13 10
1376 0 0 6 15 8
1377 1 0 -16 -13 -9
1378 1 1 -16 -12 9
1379 1 1 -16 8 -3
1380 0 0 15 -1 -15
1381 0 1 15 -16 -16
1382 1 0 -16 15 10
1383 0 0 8 11 5
1384 1 0 -16 -8 -16
1385 0 1 15 3 15
1386 0 0 15 -16 -16
1387 0 0 4 15 -3
1388 0 0 -3 15 -15
1389 1 0 -14 9 8
1390 0 1 15 -15 6
1391 0 0 9 5 5
1392 0 0 15 15 -16
1393 0 1 15 -8 6
1394 0 0 10 -10 -11
1395 0 0 8 -14 -16
1396 0 1 12 15 4
1397 1 1 -16 12 -16
1398 1 0 -3 -13 14
1399 0 1 9 -11 11
1400 0 0 7 14 4
1401 0 0 10 -13 -11
1402 1 0 -6 -9 -8
1403 0 1 15 6 15
1404 1 1 -5 -10 -10
1405 1 0 -11 8 -4
1406 1 0 -16 2 -9
1407 0 1 15 15 -16
1408 0 0 7 -6 -2
1409 0 1 12 2 -7
1410 1 0 -6 -15 -16
1411 1 0 -16 2 10
1412 1 0 -8 -11 -16
1413 0 1 5 10 -15
1414 1 0 -13 12 14
1415 0 1 14 14 -10
1416 0 0 12 -7 -2
1417 0 1 15 -11 -5
1418 1 0 -8 11 -10
1419 1 0 -7 -13 -14
1420 1 0 -11 -15 15
1421 0 0 13 -10 -10
1422 1 1 1 13 3
1423 0 0 15 15 0
1424 0 0 15 2 6
1425 1 1 -16 -6 15
1426 1 0 -1 -16 -6
1427 0 0 13 -16 14
1428 1 1 -10 15 -13
1429 0 0 14 -11 -11
1430 0 1 15 15 -16
1431 1 0 -9 -6 -5
1432 0 1 6 4 4
1433 0 0 15 -12 15
1434 1 1 -16 -16 -12
1435 1 1 -7 -8 -13
1436 1 0 -12 -16 -12
1437 0 0 15 11 -8
1438 0 0 12 8 10
1439 0 0 9 -1 -6
1440 1 1 -12 14 -16
1441 1 1 -15 9 -15
1442 1 1 -16 15 -12
1443 0 0 3 -1 15
1444 0 1 15 -2 -12
1445 1 0 -10 6 -16
1446 1 1 -16 8 -16
1447 1 1 -3 15 5
1448 0 0 11 7 -8
1449 0 1 -1 -7 0
1450 0 1 13 -2 15
1451 0 1 15 -16 15
1452 0 1 15 1 -13
1453 0 1 9 -16 8
1454 0 0 -2 15 9
1455 0 0 15 15 11
1456 0 1 5 -16 -9
1457 1 0 -16 9 10
1458 0 0 15 7 -8
1459 1 0 -11 15 5
1460 0 0 -1 -6 15
1461 1 1 -16 3 5
1462 1 0 -8 11 -12
1463 0 0 15 -11 15
1464 1 0 -15 -5 11
1465 1 0 -8 -16 -16
1466 1 1 -12 -16 5
1467 0 0 15 2 -16
1468 0 1 14 5 2
1469 0 1 15 -14 15
1470 0 0 15 -11 -8
1471 1 0 7 4 15
1472 0 0 15 15 13
1473 0 1 11 7 9
1474 0 1 14 15 2
1475 0 0 14 11 7
1476 1 0 -7 -13 -7
1477 0 1 12 11 12
1478 0 0 4 -16 -16
1479 0 0 14 15 -16
1480 1 0 -12 -10 -16
1481 0 1 15 -16 -16
1482 1 1 1 -12 9
1483 0 0 15 -16 -12
1484 0 0 4 -12 -13
1485 0 1 15 13 15
1486 1 1 -8 11 -10
1487 0 0 15 1 9
1488 0 1 15 -16 5
1489 1 1 -7 14 -10
1490 0 0 15 -6 -16
1491 1 1 -9 6 -12
1492 1 1 -16 12 7
1493 0 0 9 -5 -16
1494 1 1 -16 -8 13
1495 1 1 -13 -15 15
1496 1 0 -7 -7 -16
1497 1 1 -16 -16 -1
1498 1 0 -10 -16 15
1499 0 0 13 0 7
1500 0 1 10 15 15
1501 1 1 -7 15 9
1502 1 0 -16 15 15
1503 1 0 -4 -14 -16
1504 0 1 10 -7 9
1505 0 0 15 15 -16
1506 0 0 14 -9 -7
1507 1 0 -9 -9 -16
1508 0 0 12 9 8
1509 0 1 9 9 0
1510 1 0 0 15 15
1511 1 1 -6 9 11
1512 1 1 -12 -16 5
1513 1 1 -8 6 3
1514 1 1 -16 -10 10
1515 0 1 3 15 -2
1516 0 1 15 -16 -12
1517 0 1 4 13 6
1518 0 1 14 15 10
1519 1 0 -12 15 3
1520 1 1 -13 13 -15
1521 1 1 -16 -1 -9
1522 1 0 -14 1 13
1523 1 1 -4 -15 -16
1524 0 0 15 11 -16
1525 1 0 -9 4 6
1526 0 0 12 15 -16
1527 0 1 12 -5 -2
1528 0 1 15 -14 -16
1529 0 1 15 -16 -10
1530 0 1 15 14 -10
1531 0 1 7 -11 -13
1532 1 0 -16 -14 14
1533 1 1 -2 -3 -4
1534 1 0 -14 -4 -8
1535 0 1 8 13 -15
1536 0 0 9 15 -16
1537 1 1 -16 9 13
1538 1 0 -16 13 5
1539 0 0 3 15 11
1540 0 1 10 -16 -12
1541 1 1 -16 7 -12
1542 1 0 -16 11 -10
1543 0 0 5 -16 -1
1544 0 1 4 15 -13
1545 0 1 10 6 12
1546 0 1 12 -2 2
1547 1 1 -15 1 1
1548 1 0 -16 7 7
1549 0 1 15 2 15
1550 1 0 -13 -7 -16
1551 0 1 15 10 -16
1552 1 0 -5 -16 2
1553 0 1 12 -16 -15
1554 1 0 -14 -16 -12
1555 0 1 11 -14 -4
1556 1 1 8 15 15
1557 1 0 -16 -11 1
1558 0 0 15 15 -9
1559 0 0 14 -16 -16
1560 0 1 15 6 -4
1561 1 1 -16 -16 15
1562 0 1 6 -7 15
1563 1 1 -15 -5 15
1564 1 0 -9 4 12
1565 1 1 -9 -1 15
1566 1 1 -16 15 -2
1567 0 0 14 15 15
1568 1 1 -14 6 7
1569 1 0 -5 12 -10
1570 0 0 10 15 13
1571 1 1 -4 7 -16
1572 0 0 14 -16 -14
1573 0 1 2 9 -16
1574 1 0 -11 -8 -16
1575 0 1 15 -16 15
1576 1 1 -1 -16 -1
1577 0 1 2 0 -9
1578 1 0 -16 11 -13
1579 0 1 13 -1 4
1580 1 0 -15 5 4
1581 1 1 -15 -13 -12
1582 0 0 5 -6 9
1583 0 1 2 -9 13
1584 1 0 -3 -10 15
1585 0 0 12 -5 -16
1586 0 1 15 -6 3
1587 0 0 6 15 -16
1588 0 0 14 -8 -16
1589 1 1 -16 -15 3
1590 0 0 15 0 11
1591 0 0 9 15 11
1592 1 1 -4 15 -3
1593 0 0 15 -16 10
1594 1 1 -16 -15 11
1595 0 0 8 15 15
1596 0 0 13 15 -13
1597 0 0 4 -10 -16
1598 1 1 0 9 15
1599 0 0 15 -8 0
1600 1 1 -12 1 -15
1601 1 1 -16 14 -16
1602 0 0 15 -15 2
1603 1 0 -10 -13 2
1604 1 1 1 -13 -8
1605 1 1 -14 -16 15
1606 1 1 -13 -16 15
1607 0 1 15 1 15
1608 1 0 -12 -6 15
1609 0 0 9 -6 -12
1610 1 0 -16 -15 -4
1611 0 0 15 -2 -12
1612 0 1 9 -9 -10
1613 1 0 -4 -15 -16
1614 1 1 -12 15 0
1615 1 1 -5 2 -8
1616 0 1 13 -1 -11
1617 0 1 13 4 5
1618 1 1 -7 -12 1
1619 1 1 -10 10 15
1620 0 0 12 7 8
1621 0 0 12 -1 -7
1622 0 1 9 15 11
1623 1 0 -4 -16 -9
1624 0 0 15 12 -16
1625 1 0 0 8 -16
1626 0 0 8 11 15
1627 0 0 1 0 -16
1628 1 1 -5 -3 -7
1629 0 0 9 -13 11
1630 1 1 -10 10 -11
1631 0 1 13 -15 4
1632 0 1 -2 1 -12
1633 0 0 -7 -9 6
1634 0 1 15 2 5
1635 0 0 15 -16 12
1636 1 0 -14 -13 -11
1637 0 0 11 4 -4
1638 0 0 0 5 -16
1639 0 0 5 -10 15
1640 0 0 11 2 -11
1641 1 0 -10 12 15
1642 1 0 -14 -5 6
1643 0 1 15 15 15
1644 1 0 -2 9 -13
1645 1 0 0 -9 10
1646 0 0 15 -8 9
1647 0 1 15 15 15
1648 0 1 11 -10 9
1649 1 1 -5 -15 -16
1650 0 0 9 6 -10
1651 1 1 1 -6 -5
1652 0 1 15 -8 7
1653 0 1 0 6 9
1654 1 0 -16 15 -16
1655 0 0 15 15 11
1656 0 1 15 -16 -4
1657 0 0 10 -16 -10
1658 1 1 -6 15 -9
1659 0 0 13 11 -8
1660 1 1 -16 -13 15
1661 1 1 -16 -7 -3
1662 1 1 -9 15 -16
1663 1 1 0 15 15
1664 0 0 15 -5 -16
1665 1 0 -16 -16 -6
1666 1 1 -12 -16 15
1667 0 0 10 10 15
1668 1 1 -2 -16 -16
1669 1 0 -8 11 15
1670 0 0 15 5 -16
1671 1 0 -5 -8 2
1672 1 0 -13 -16 15
1673 0 0 -3 -16 -10
1674 1 0 -16 15 -7
1675 0 0 9 15 -16
1676 0 1 6 4 -1
1677 1 0 -10 4 -16
1678 1 1 -3 -16 13
1679 0 1 15 -16 -16
1680 1 1 -9 -1 -12
1681 1 1 -13 -16 11
1682 0 0 15 7 -9
1683 0 0 15 -7 -11
1684 0 0 4 1 -3
1685 0 0 15 15 9
1686 1 0 -16 15 -5
1687 1 0 -16 8 15
1688 0 0 0 15 13
1689 0 0 11 -16 -16
1690 1 1 -11 15 15
1691 1 1 -16 6 13
1692 1 0 -16 15 -11
1693 0 0 10 9 7
1694 0 0 11 -16 15
1695 0 0 9 -15 -14
1696 1 1 -8 11 15
1697 1 1 -4 -14 7
1698 0 1 13 15 15
1699 1 0 -13 15 11
1700 0 1 15 15 15
1701 0 0 9 -7 -15
1702 0 0 15 -11 11
1703 1 0 -16 14 9
1704 0 0 15 10 -4
1705 1 1 -12 -5 11
1706 0 0 15 -1 -1
1707 1 1 -8 12 14
1708 1 1 0 -5 15
1709 0 0 12 -10 -16
1710 1 0 -6 -16 15
1711 1 1 -4 15 -16
1712 1 1 -16 14 11
1713 0 0 15 -13 15
1714 1 1 -9 -16 -4
1715 1 1 -11 -10 -16
1716 1 1 -10 -14 7
1717 1 0 -16 -14 -16
1718 1 1 -13 -7 15
1719 0 1 0 6 3
1720 0 1 3 15 15
1721 1 1 -12 11 -16
1722 1 0 -8 12 -16
1723 1 0 -16 -10 7
1724 1 0 -1 2 -16
1725 0 0 14 15 15
1726 1 0 -16 -9 15
1727 1 0 -11 -10 -16
1728 0 0 13 -16 -6
1729 0 0 6 -3 -16
1730 0 1 11 12 -16
1731 0 0 10 -4 -11
1732 1 1 -9 -8 1
1733 1 0 -16 -5 15
1734 1 1 -8 -4 -16
1735 1 0 -14 -11 15
1736 0 0 14 2 -13
1737 0 0 9 15 -1
1738 0 1 15 -13 -16
1739 0 0 15 -4 -16
1740 1 1 -7 8 -13
1741 0 1 15 15 4
1742 0 0 1 12 -15
1743 1 1 -9 -7 13
1744 0 0 5 9 -3
1745 0 0 13 -12 -9
1746 0 0 -4 15 -7
1747 0 0 8 9 8
1748 1 0 -3 6 -12
1749 1 1 -9 12 -13
1750 1 1 -9 -16 -14
1751 1 0 -10 9 5
1752 0 1 14 2 -14
1753 0 0 9 13 -6
1754 0 1 0 15 -14
1755 1 0 -7 -16 1
1756 1 0 9 -14 -16
1757 1 0 -16 15 8
1758 0 1 14 -13 12
1759 1 1 -4 15 -13
1760 0 1 15 -3 15
1761 1 0 -7 10 12
1762 1 1 -15 8 8
1763 0 0 4 -5 12
1764 1 0 -5 -16 -12
1765 0 1 13 10 -6
1766 1 1 2 -16 -13
1767 0 1 15 -16 -16
1768 1 0 -2 -14 9
1769 0 0 15 -16 2
1770 0 1 12 -16 7
1771 1 0 -15 -5 -16
1772 1 1 -16 10 -3
1773 1 1 -11 15 -5
1774 1 1 -12 15 -5
1775 1 1 -14 -16 -16
1776 0 1 7 -9 -8
1777 0 0 15 12 12
1778 1 1 -7 5 -11
1779 0 1 14 8 12
1780 0 1 14 6 -8
1781 0 1 -2 -2 -16
1782 0 0 13 -10 -3
1783 0 0 8 15 -13
1784 1 1 0 7 -14
1785 1 0 -7 -3 -16
1786 1 1 -11 4 15
1787 1 1 -9 -16 -16
1788 0 1 6 13 -11
1789 1 0 -16 12 -16
1790 0 0 15 13 -9
1791 1 1 -8 6 1
1792 0 1 15 -16 15
1793 1 0 -3 -16 -16
1794 0 1 11 -1 11
1795 1 1 -12 -8 15
1796 0 0 15 -16 -10
1797 0 1 6 8 -8
1798 1 1 -9 1 -16
1799 0 0 15 15 15
1800 0 0 13 -16 15
1801 1 1 -12 14 12
1802 1 1 -16 10 10
1803 1 1 -5 13 -16
1804 1 1 -16 -11 15
1805 1 0 -9 -5 15
1806 1 0 -12 -5 13
1807 0 1 1 15 -4
1808 1 0 -16 0 11
1809 0 1 15 13 14
1810 0 0 15 -13 9
1811 1 0 -8 15 -15
1812 0 0 15 -13 -8
1813 1 1 -10 15 -1
1814 0 0 14 -16 15
1815 0 1 10 -7 -13
1816 1 0 -7 15 15
1817 0 0 15 14 -4
1818 0 0 9 6 11
1819 0 1 15 15 -16
1820 1 0 -9 -4 -13
1821 1 1 -15 -12 -16
1822 1 0 -5 11 -7
1823 0 1 15 -11 4
1824 0 0 15 -10 15
1825 0 1 7 -10 -5
1826 0 1 10 14 -4
1827 0 1 15 1 15
1828 1 0 -16 -3 -2
1829 0 0 12 7 -11
1830 1 0 -11 -15 -8
1831 0 0 5 -16 15
1832 1 1 -6 -14 15
1833 1 1 -12 15 -16
1834 1 0 0 12 -9
1835 1 0 -16 9 15
1836 1 1 -14 -5 1
1837 1 0 -4 15 15
1838 1 1 -16 -5 9
1839 1 1 -5 -10 13
1840 1 0 -3 6 8
1841 0 0 7 -11 -12
1842 1 1 -9 15 10
1843 1 1 -16 15 11
1844 1 1 -15 8 13
1845 1 1 -16 -15 -13
1846 1 1 -5 10 15
1847 0 1 10 15 -15
1848 0 1 7 15 -16
1849 0 0 11 8 -5
1850 1 0 -11 -12 -16
1851 1 1 -11 -15 -16
1852 1 0 -1 15 -12
1853 1 0 -15 12 -3
1854 1 1 -10 12 -16
1855 1 1 -10 -6 15
1856 1 1 0 4 15
1857 0 0 2 7 -4
1858 1 0 -15 -4 14
1859 0 1 11 15 -10
1860 1 1 -11 0 15
1861 0 1 15 15 -6
1862 1 0 0 15 14
1863 0 1 9 -10 9
1864 0 1 6 15 -6
1865 1 0 -10 -1 -12
1866 1 0 -7 15 15
1867 0 1 8 15 1
1868 0 1 15 15 -6
1869 0 1 10 9 10
1870 0 1 6 15 -10
1871 1 1 -14 -16 -16
1872 1 0 -11 -13 -5
1873 1 0 -16 15 -7
1874 1 0 -1 11 11
1875 0 1 15 -10 15
1876 1 0 -12 -16 7
1877 1 1 -4 2 4
1878 1 1 -16 -12 -8
1879 0 1 6 15 -16
1880 1 0 0 -4 -9
1881 0 1 14 -5 -15
1882 0 1 9 15 11
1883 0 0 14 -7 -6
1884 0 1 -2 5 12
1885 0 1 10 12 15
1886 0 1 1 -16 11
1887 0 1 13 -15 -9
1888 0 0 15 -16 -7
1889 1 1 -16 -9 -10
1890 0 1 15 -15 5
1891 1 0 -13 15 -5
1892 0 1 9 14 15
1893 0 0 15 15 -7
1894 1 0 -16 -12 -3
1895 1 1 -16 -7 8
1896 0 1 10 -12 -7
1897 1 0 -16 15 11
1898 0 0 10 15 -15
1899 0 0 15 12 13
1900 0 0 15 15 10
1901 1 0 -16 -13 -7
1902 0 1 15 5 15
1903 1 0 -8 13 -16
1904 0 1 11 12 3
1905 1 1 2 14 15
1906 0 0 15 -16 -2
1907 0 1 15 8 -14
1908 1 0 -13 -2 10
1909 0 1 13 -16 -9
1910 0 1 15 9 15
1911 0 1 3 -16 -14
1912 0 1 0 15 -16
1913 1 0 -16 -16 -16
1914 0 1 15 -6 3
1915 0 0 3 11 4
1916 1 0 -9 11 6
1917 1 0 -10 -3 15
1918 0 0 5 -8 -2
1919 1 1 0 -16 -3
1920 0 0 10 -16 11
1921 0 0 9 -4 -16
1922 1 0 -1 -5 13
1923 1 0 -13 6 15
1924 0 1 15 -12 -2
1925 1 1 -14 2 4
1926 0 0 14 -12 6
1927 1 0 -9 7 -13
1928 0 0 15 -12 -15
1929 1 1 -8 7 15
1930 0 0 15 -16 11
1931 1 0 -5 11 15
1932 1 0 -7 13 12
1933 1 0 -8 8 10
1934 0 1 14 1 -2
1935 0 0 12 -15 -5
1936 1 0 -16 9 -15
1937 0 0 15 -16 7
1938 1 1 -9 14 -12
1939 1 1 -9 15 9
1940 0 0 15 -9 3
1941 0 0 13 3 13
1942 1 1 -8 -12 6
1943 1 1 -16 12 -16
1944 0 0 11 4 -16
1945 1 1 -9 4 13
1946 1 1 -13 -6 -11
1947 0 1 15 -5 -16
1948 0 1 15 -4 4
1949 1 1 -5 -16 15
1950 1 1 -7 15 13
1951 1 1 -4 13 -16
1952 0 0 15 -7 -7
1953 1 1 -12 -14 -12
1954 0 1 15 13 15
1955 0 1 14 15 14
1956 1 1 -15 15 -1
1957 0 1 15 -5 -11
1958 1 0 -16 1 -11
1959 0 0 15 13 1
1960 1 1 -16 -15 12
1961 1 0 -9 15 11
1962 1 1 -14 -16 8
1963 1 0 1 -7 -10
1964 0 1 8 -5 -10
1965 0 1 7 -5 -8
1966 0 1 9 4 -10
1967 0 1 -2 -12 -16
1968 1 0 -16 -7 0
1969 1 0 -15 -5 -3
1970 0 0 15 3 -9
1971 1 0 -7 -8 -11
1972 0 0 12 -14 -2
1973 0 0 15 15 15
1974 1 1 -2 9 15
1975 1 0 -13 -16 15
1976 0 0 14 -12 -6
1977 1 1 -16 -11 15
1978 1 1 -5 4 15
1979 0 1 15 -4 8
1980 1 0 -16 14 15
1981 0 1 14 -11 8
1982 0 0 8 -16 -16
1983 1 0 -16 2 6
1984 1 1 -5 -2 -12
1985 1 1 -7 -6 15
1986 1 0 -16 11 3
1987 0 1 14 -12 -15
1988 1 1 -11 13 -16
1989 0 1 4 -16 5
1990 0 1 15 -6 5
1991 1 0 -12 15 -3
1992 0 1 6 14 -16
1993 0 0 14 13 10
1994 0 0 10 7 13
1995 0 0 4 15 2
1996 1 0 -4 -16 -11
1997 0 1 15 5 13
1998 1 1 -16 13 -16
1999 0 0 3 5 10
2000 1 1 -15 7 12
2001 0 0 7 -11 15
2002 1 1 -16 -4 5
2003 0 0 2 13 -6
2004 0 0 13 7 2
2005 0 0 15 -16 14
2006 0 1 6 -16 10
2007 1 0 -16 8 2
2008 1 0 -5 -16 14
2009 0 1 15 12 -16
2010 0 1 -2 -15 2
2011 1 1 -16 -15 -5
2012 0 0 15 2 13
2013 1 1 0 -13 15
2014 0 0 14 -15 3
2015 0 1 8 4 6
2016 0 1 7 -1 14
2017 1 0 -13 -7 9
2018 0 0 14 1 -10
2019 1 1 -4 -4 15
2020 1 0 -16 -1 -15
2021 1 1 -9 -8 13
2022 1 1 -7 -13 15
2023 0 1 10 -13 3
2024 0 1 3 -3 -16
2025 0 1 8 15 6
2026 0 1 8 -10 -16
2027 0 0 15 8 -1
2028 0 0 15 0 -3
2029 1 1 -8 5 -14
2030 0 1 10 -16 -11
2031 0 1 13 11 -13
2032 0 1 9 14 -6
2033 1 0 -13 12 15
2034 1 1 -7 2 0
2035 0 0 15 2 -12
2036 1 0 -9 15 9
2037 1 0 -4 14 -6
2038 0 0 8 14 8
2039 1 1 3 15 -2
2040 0 0 11 -7 -8
2041 0 0 10 11 14
2042 1 1 -16 -5 12
2043 1 1 -16 11 -16
2044 1 1 -14 -5 8
2045 0 0 15 4 15
2046 1 0 -16 15 4
2047 0 0 10 14 10
2048 0 1 15 -16 -12
2049 1 1 -11 8 -9
2050 0 1 15 -14 15
2051 0 0 10 -9 6
2052 1 1 -16 -9 7
2053 1 1 -16 -8 5
2054 0 0 4 12 -11
2055 0 0 5 5 0
2056 1 0 -14 -16 5
2057 1 0 -3 -16 -16
2058 1 0 -10 -1 -16
2059 0 1 5 15 9
2060 0 0 13 9 12
2061 1 1 -14 -8 -10
2062 0 0 12 -10 10
2063 0 0 9 15 -16
2064 1 1 -16 -8 -16
2065 1 1 -16 5 -16
2066 0 0 8 15 15
2067 0 1 1 14 -5
2068 1 1 -8 3 15
2069 0 0 -1 4 10
2070 0 0 9 -16 15
2071 1 0 -12 -9 15
2072 0 0 13 15 12
2073 0 0 15 13 9
2074 0 0 15 -16 15
2075 1 0 -11 8 15
2076 0 1 5 -13 -11
2077 0 1 8 -3 -11
2078 0 1 11 -4 9
2079 1 1 -4 -9 15
2080 0 1 -4 3 13
2081 1 0 -16 15 15
2082 0 1 15 13 15
2083 1 0 -10 -14 -16
2084 1 1 -13 -13 -16
2085 1 1 -16 6 -9
2086 1 0 -15 -5 9
2087 0 1 15 8 -13
2088 1 1 -16 -6 15
2089 1 0 -8 -7 15
2090 0 1 13 15 -16
2091 1 0 -7 -6 8
2092 0 0 13 -15 -9
2093 0 0 12 15 9
2094 0 1 15 -16 -14
2095 0 0 15 12 -6
2096 0 0 1 15 8
2097 0 0 15 -7 -16
2098 1 1 -11 10 -11
2099 0 0 13 -11 15
2100 1 1 -3 14 -16
2101 0 1 15 -12 14
2102 1 0 -11 2 4
2103 0 0 15 -13 4
2104 0 1 0 -12 -6
2105 1 0 -16 15 15
2106 0 0 15 15 -10
2107 0 0 0 12 10
2108 1 1 -10 -14 0
2109 1 0 -14 -11 -7
2110 0 1 3 -14 -8
2111 1 0 -10 14 -16
2112 1 0 -12 2 -14
2113 1 0 -9 -16 11
2114 0 1 15 -10 15
2115 1 0 0 15 15
2116 0 1 9 11 13
2117 1 0 -16 -13 -6
2118 0 1 14 15 -9
2119 0 0 5 -16 4
2120 1 0 -12 4 11
2121 0 1 1 5 15
2122 1 1 -16 -16 10
2123 1 1 -14 7 -6
2124 0 0 13 1 -9
2125 1 0 -10 -9 15
2126 0 1 11 15 15
2127 0 1 7 -5 -5
2128 1 1 -5 -12 14
2129 1 1 -10 -15 -10
2130 0 0 15 12 11
2131 0 0 13 6 -14
2132 0 1 13 -16 -14
2133 1 1 -12 11 -16
2134 0 1 11 -5 -12
2135 0 0 15 -10 15
2136 1 1 -7 15 -1
2137 0 0 2 15 -16
2138 1 0 -16 -12 9
2139 0 0 15 10 -8
2140 0 1 10 -16 -13
2141 0 0 8 -2 15
2142 0 1 11 8 -2
2143 0 0 15 2 -16
2144 0 0 1 -16 5
2145 0 1 11 -9 7
2146 0 0 15 15 10
2147 1 0 -3 4 -16
2148 1 0 -16 -11 -16
2149 1 0 -8 15 -12
2150 0 1 -2 0 -16
2151 0 1 -1 15 13
2152 0 0 15 4 -16
2153 1 1 -7 -2 6
2154 0 1 15 6 11
2155 1 0 -7 15 -16
2156 0 1 9 0 -10
2157 0 0 13 -15 15
2158 1 0 -14 5 -3
2159 0 0 10 -12 -12
2160 0 0 15 -16 -16
2161 1 1 -8 2 4
2162 0 1 6 15 -15
2163 1 0 -9 -13 13
2164 0 1 15 13 9
2165 1 0 -3 11 15
2166 0 0 10 14 -16
2167 1 1 -13 9 7
2168 0 1 8 -13 14
2169 1 1 -16 -1 4
2170 1 0 -13 -1 -1
2171 0 1 15 5 15
2172 1 0 -15 -16 -11
2173 1 1 -16 12 -2
2174 0 1 9 13 -7
2175 0 0 0 5 9
2176 0 0 15 15 -3
2177 0 1 11 -4 14
2178 0 0 13 15 -16
2179 1 1 -6 -4 -6
2180 0 1 -2 13 -16
2181 1 0 -16 12 4
2182 1 1 2 -8 -5
2183 0 0 15 -16 0
2184 0 1 15 14 -9
2185 0 0 15 -16 -16
2186 1 1 -12 3 6
2187 0 1 13 8 -14
2188 1 1 -14 -11 -5
2189 0 1 11 -4 15
2190 1 0 -7 -5 -12
2191 1 1 -16 15 15
2192 1 1 -1 10 11
2193 0 0 7 -2 0
2194 1 1 -5 -11 -1
2195 0 0 5 -10 14
2196 1 0 -4 -16 15
2197 1 1 -16 2 3
2198 0 0 13 15 -16
2199 0 0 -2 11 4
2200 1 0 -14 -7 1
2201 1 0 -10 -16 -16
2202 0 1 -4 -12 15
2203 1 1 -4 10 6
2204 0 1 3 4 15
2205 1 0 0 -4 7
2206 1 0 -9 -5 -13
2207 0 0 12 -6 -16
2208 1 0 -1 15 -14
2209 1 1 -16 -3 -13
2210 1 0 -13 -10 -15
2211 1 0 -8 4 -12
2212 1 1 -13 8 -16
2213 0 0 14 -11 -16
2214 0 1 4 15 6
2215 0 1 11 11 -14
2216 0 1 13 -5 6
2217 1 0 -8 8 -11
2218 1 0 -7 2 -8
2219 1 1 -16 15 -14
2220 1 0 -16 0 -10
2221 1 0 -10 13 -3
2222 1 0 -16 -6 14
2223 0 1 8 15 10
2224 0 1 15 -16 2
2225 0 1 11 12 7
2226 1 0 -13 -16 7
2227 1 1 -16 12 -3
2228 1 0 -16 -16 0
2229 0 0 1 9 -16
2230 0 0 2 -16 15
2231 1 0 -4 2 9
2232 1 1 -14 -10 14
2233 1 0 -2 -5 -16
2234 1 1 -10 -6 -10
2235 0 1 11 14 -13
2236 0 0 11 15 13
2237 1 0 -12 15 11
2238 0 0 4 -16 -16
2239 1 1 -14 -16 14
2240 1 1 -11 -15 15
2241 1 0 -5 -10 -16
2242 1 1 -15 -16 -9
2243 0 1 7 3 -11
2244 1 0 -9 -5 15
2245 0 1 12 -9 -5
2246 0 1 6 10 4
2247 0 1 5 -9 -7
2248 1 0 -15 -8 13
2249 1 1 -16 2 6
2250 0 1 2 13 -10
2251 0 1 11 11 15
2252 1 1 -4 -1 -7
2253 0 0 15 -8 14
2254 0 1 14 14 11
2255 0 0 4 9 4
2256 1 0 -9 4 -16
2257 0 0 12 -14 -16
2258 1 1 -12 -16 3
2259 1 1 -15 -16 -4
2260 1 0 -9 -16 15
2261 0 0 10 15 -16
2262 1 1 -16 -1 -9
2263 0 1 15 -1 -12
2264 0 0 8 4 14
2265 1 0 -12 12 9
2266 0 0 15 14 -6
2267 1 1 -16 15 13
2268 0 0 3 -16 -3
2269 0 0 15 15 -16
2270 1 0 -10 -5 -1
2271 0 0 15 -16 3
2272 1 0 -10 -3 -7
2273 0 1 1 -14 -2
2274 1 1 0 13 -9
2275 0 1 15 11 -5
2276 1 0 -11 4 15
2277 1 0 -16 -12 15
2278 0 0 15 -16 -14
2279 0 1 15 -13 10
2280 1 1 -11 -7 14
2281 0 0 15 -1 -10
2282 0 1 15 -15 -10
2283 0 1 15 4 -16
2284 0 0 7 -12 14
2285 1 1 -16 -14 -13
2286 1 0 -10 -13 -9
2287 1 1 -5 -16 -13
2288 0 0 15 5 -13
2289 0 1 6 9 15
2290 1 1 -16 13 4
2291 0 0 14 -15 15
2292 1 1 -3 -12 -4
2293 0 0 5 7 14
2294 1 1 -13 -14 2
2295 1 0 -16 13 1
2296 1 0 -16 -11 15
2297 0 1 -4 -7 -11
2298 0 1 7 -5 1
2299 1 0 -16 -3 13
2300 1 1 -13 -10 -5
2301 0 1 3 15 -13
2302 1 0 -16 -3 -5
2303 1 1 -16 7 13
2304 0 0 8 10 7
2305 0 1 6 7 -11
2306 0 1 15 11 -15
2307 1 1 -16 -7 7
2308 1 1 -6 -9 11
2309 1 0 -13 9 -14
2310 1 0 -9 2 15
2311 0 0 3 -12 15
2312 0 0 12 5 -12
2313 1 0 -16 -16 -3
2314 1 0 -8 15 -10
2315 1 1 -16 -16 -5
2316 1 1 -9 -8 15
2317 0 1 2 -11 15
2318 1 1 -8 6 13
2319 1 1 -10 -16 -11
2320 1 1 -9 -11 14
2321 0 1 8 -16 -16
2322 0 1 15 -1 -5
2323 0 1 9 15 6
2324 1 0 -16 0 -8
2325 1 0 -6 -11 -12
2326 1 0 5 8 -16
2327 0 1 -4 4 -13
2328 1 1 -7 -9 7
2329 0 0 15 8 2
2330 1 0 -10 4 -16
2331 0 1 5 10 8
2332 1 1 9 3 -6
2333 0 1 14 -7 -7
2334 0 0 1 6 -16
2335 1 0 -14 -11 -14
2336 0 1 14 -13 -11
2337 1 1 -9 -8 15
2338 1 0 -16 15 -2
2339 0 0 9 7 -4
2340 1 0 -4 15 -16
2341 1 0 -14 13 -4
2342 1 1 -9 14 15
2343 1 0 -14 -11 -2
2344 0 0 15 -5 -13
2345 1 0 -14 -2 -6
2346 1 0 -16 14 -16
2347 1 0 -14 6 11
2348 0 1 15 -8 15
2349 0 0 6 12 5
2350 0 0 3 10 -8
2351 1 0 -16 15 -5
2352 0 1 7 -14 15
2353 0 0 15 15 9
2354 1 0 -16 -3 14
2355 0 1 15 -16 -16
2356 1 1 -16 -1 -11
2357 0 0 15 -2 1
2358 0 0 3 -13 -8
2359 0 0 9 15 6
2360 0 0 10 -7 -14
2361 0 1 15 15 -16
2362 0 0 12 12 9
2363 0 1 8 -16 -16
2364 1 1 2 11 7
2365 0 0 15 -16 15
2366 1 0 -16 4 15
2367 1 0 -13 7 15
2368 0 1 1 -4 -16
2369 1 0 -16 -6 6
2370 0 1 7 11 12
2371 0 1 5 11 -12
2372 1 0 1 10 -8
2373 1 1 -16 15 -16
2374 1 1 -14 0 3
2375 1 0 5 15 0
2376 0 0 15 14 -10
2377 1 1 -10 -12 13
2378 0 1 7 6 -9
2379 1 0 -16 11 15
2380 1 0 -12 -7 -15
2381 1 0 -15 14 15
2382 1 0 -4 -3 3
2383 0 0 4 -2 -11
2384 1 0 -8 13 -11
2385 1 0 -16 -16 -8
2386 1 1 -9 13 -16
2387 0 0 7 15 -3
2388 0 0 7 14 -5
2389 1 0 -16 -6 10
2390 0 1 3 15 13
2391 0 0 15 -6 15
2392 0 1 15 11 13
2393 0 0 11 15 -2
2394 0 1 10 -2 -12
2395 1 0 -9 15 11
2396 1 0 -12 15 14
2397 1 0 -3 9 -13
2398 0 1 9 14 2
2399 0 0 15 -13 -6
2400 0 0 7 -12 -16
2401 1 1 -16 15 6
2402 0 0 12 15 15
2403 0 1 7 14 -2
2404 1 0 -11 2 12
2405 0 1 5 13 14
2406 0 0 15 -15 15
2407 1 0 -16 -10 -13
2408 1 1 -16 -16 13
2409 0 1 15 12 13
2410 1 1 -15 -9 15
2411 1 0 -4 7 15
2412 1 1 -1 -6 15
2413 1 1 -6 -12 8
2414 0 0 15 -12 15
2415 0 1 15 -15 9
2416 0 1 13 15 10
2417 0 0 9 -13 3
2418 1 0 -16 -2 -11
2419 1 0 -11 4 -10
2420 1 1 -5 -16 6
2421 0 1 15 15 -12
2422 0 0 14 0 6
2423 1 1 -16 15 11
2424 1 0 -13 14 10
2425 1 1 -16 -7 9
2426 1 0 -14 7 -8
2427 0 0 2 12 15
2428 1 1 -15 -16 -4
2429 1 1 -14 -14 8
2430 0 0 10 -1 12
2431 0 0 8 -16 15
2432 1 1 -13 -16 -16
2433 0 1 9 -10 -7
2434 1 1 -8 11 11
2435 1 1 -9 -8 14
2436 0 0 12 -3 -11
2437 0 1 9 -15 -16
2438 0 0 9 3 15
2439 1 1 -16 -9 -13
2440 0 0 15 -10 -6
2441 1 0 -7 -9 14
2442 1 1 -8 8 8
2443 0 1 4 -16 -15
2444 0 1 6 -5 2
2445 1 0 -16 14 15
2446 1 0 -16 -7 15
2447 1 0 -8 -10 5
2448 1 0 -13 15 3
2449 0 0 14 -1 -2
2450 1 1 -13 7 -16
2451 1 1 5 13 3
2452 0 1 15 -12 15
2453 0 0 12 -1 -9
2454 0 1 12 15 5
2455 1 0 -4 15 -12
2456 0 1 10 -13 10
2457 1 0 -16 -13 -9
2458 1 1 -15 -16 11
2459 0 1 10 11 15
2460 1 1 -11 -16 15
2461 0 1 15 -12 -13
2462 1 1 -16 -16 15
2463 1 0 0 5 -1
2464 0 0 15 -14 5
2465 1 0 -16 14 15
2466 0 1 1 5 -16
2467 1 1 -16 -1 -14
2468 1 0 -8 8 -9
2469 1 1 0 15 12
2470 0 0 -4 15 15
2471 1 1 -13 15 -11
2472 1 0 1 3 10
2473 1 0 -6 -15 -16
2474 0 1 15 -15 -16
2475 0 1 9 12 -9
2476 1 1 -5 15 -15
2477 1 0 -16 -9 -10
2478 0 1 6 -9 -14
2479 1 0 12 -15 -16
2480 1 0 -5 0 10
2481 0 1 15 -16 8
2482 0 1 6 -11 -12
2483 1 0 -12 14 -4
2484 1 1 -16 -13 -4
2485 0 0 14 8 -16
2486 0 1 5 -16 9
2487 0 0 14 15 15
2488 0 0 9 15 11
2489 0 1 5 -7 -14
2490 1 0 -16 -2 15
2491 1 1 -14 -2 11
2492 0 0 8 -13 13
2493 1 1 -9 -7 9
2494 0 1 15 15 15
2495 1 1 -11 -11 -16
2496 1 1 -9 4 8
2497 0 1 -7 15 -6
2498 0 1 15 8 -11
2499 0 1 0 15 15
2500 1 1 -14 4 12
2501 0 1 15 9 15
2502 1 1 -11 8 -14
2503 0 0 9 8 -4
2504 1 1 -13 6 -12
2505 1 1 -14 11 0
2506 1 0 -9 -7 -16
2507 1 1 -10 9 6
2508 1 0 -5 -10 -7
2509 1 1 -16 -9 2
2510 1 0 -16 10 -3
2511 1 1 -10 15 15
2512 1 0 -8 14 3
2513 1 1 -11 -12 10
2514 1 1 -16 6 15
2515 1 0 -13 -14 0
2516 1 0 6 -13 5
2517 0 1 11 -15 -16
2518 1 1 -11 15 14
2519 0 0 -8 15 8
2520 0 1 15 14 -15
2521 1 1 -12 -9 -11
2522 0 1 9 9 10
2523 0 1 2 -16 8
2524 0 1 3 8 12
2525 1 0 -16 -14 3
2526 1 1 -16 14 -3
2527 1 0 -16 -14 -12
2528 1 1 -2 -15 -13
2529 1 1 -16 5 -5
2530 0 1 15 -9 -16
2531 1 1 -1 15 -14
2532 1 0 -12 5 15
2533 1 1 -9 13 -9
2534 0 0 13 8 -16
2535 0 1 8 -10 -15
2536 0 1 15 -16 7
2537 1 1 -14 8 15
2538 0 1 15 1 12
2539 1 1 -8 -3 -11
2540 1 0 -16 -7 -16
2541 1 1 -12 15 -6
2542 0 1 12 -11 15
2543 0 1 6 -13 4
2544 1 0 -8 5 -16
2545 1 0 -14 -16 15
2546 0 1 4 15 2
2547 1 0 -16 7 -13
2548 0 0 3 15 15
2549 1 0 -6 0 -7
2550 1 0 -16 -5 15
2551 1 1 -16 -16 -5
2552 0 1 7 -16 12
2553 1 1 -2 -11 -4
2554 1 1 -7 3 -16
2555 0 1 13 -11 15
2556 1 0 -16 12 -12
2557 1 0 -9 15 -13
2558 1 0 -15 15 -8
2559 1 0 -15 -10 15
2560 1 1 -1 15 10
2561 0 1 15 6 -8
2562 1 1 -3 -3 4
2563 1 1 -13 -5 -15
2564 0 0 15 -3 15
2565 0 0 12 -1 -15
2566 1 0 -13 -15 -1
2567 0 0 7 -9 7
2568 1 0 -2 5 -13
2569 1 0 -16 -16 -10
2570 1 0 -16 -16 -15
2571 1 0 -13 9 15
2572 1 1 -5 6 3
2573 0 1 -2 -8 -10
2574 1 0 -13 -16 -10
2575 1 0 -7 -10 8
2576 1 0 -10 -6 -8
2577 1 1 -14 -2 -16
2578 1 1 -14 -14 -12
2579 1 0 -13 -16 10
2580 0 1 9 15 5
2581 1 1 -16 1 8
2582 1 1 -16 15 -4
2583 0 0 7 14 3
2584 0 1 11 15 15
2585 1 1 -9 -14 2
2586 0 1 14 15 13
2587 1 1 -14 11 -7
2588 1 1 -16 -15 -5
2589 0 0 13 -16 -16
2590 1 1 -16 -6 5
2591 0 0 15 -7 15
2592 1 1 -14 11 3
2593 0 1 11 8 -13
2594 0 0 14 15 -12
2595 0 0 15 7 -1
2596 1 0 -16 -16 10
2597 0 0 13 15 -5
2598 1 0 -8 5 6
2599 0 1 13 9 -16
2600 0 1 15 0 11
2601 0 1 9 -6 -13
2602 1 0 -16 15 -2
2603 1 0 -15 -6 -13
2604 0 0 11 3 15
2605 1 1 -9 15 -16
2606 0 0 9 15 2
2607 1 0 -5 1 12
2608 0 0 13 -16 -4
2609 1 1 -6 -15 -15
2610 0 1 15 15 -9
2611 0 1 12 6 -16
2612 0 0 15 -5 4
2613 1 1 -8 6 -16
2614 0 0 12 -7 -6
2615 0 1 10 -16 -11
2616 1 1 -10 12 3
2617 1 1 -13 -1 11
2618 1 0 -8 -16 -15
2619 1 1 -16 15 -8
2620 0 1 15 -13 -4
2621 0 0 4 -12 13
2622 0 0 3 -1 14
2623 0 1 -3 4 15
2624 1 1 -6 6 0
2625 0 0 11 12 15
2626 0 1 14 -16 15
2627 0 1 7 -16 13
2628 1 1 -16 11 -11
2629 0 1 9 1 15
2630 1 1 1 4 -5
2631 1 1 -14 -4 -3
2632 1 1 -14 15 15
2633 0 0 9 -8 -3
2634 1 0 -10 15 -16
2635 1 0 7 12 -9
2636 0 1 11 -15 -14
2637 1 0 -15 -16 -16
2638 0 1 15 3 8
2639 1 1 -10 -8 0
2640 0 1 15 -2 -16
2641 0 1 13 10 15
2642 0 0 9 -6 0
2643 0 0 15 4 -16
2644 1 1 -6 -16 9
2645 1 0 -9 2 10
2646 1 0 -10 -10 12
2647 1 0 -12 -5 13
2648 0 1 15 -12 -16
2649 1 1 -12 14 -1
2650 0 0 5 15 -12
2651 1 0 -8 -13 -6
2652 1 1 -12 -14 -16
2653 0 0 -1 -16 -6
2654 1 1 -14 7 15
2655 1 0 -10 4 15
2656 1 1 -12 -16 -10
2657 0 0 10 -14 15
2658 0 1 7 -1 15
2659 1 1 -11 -8 -10
2660 0 0 11 -10 -16
2661 1 1 -11 15 -9
2662 1 1 -11 -6 12
2663 1 1 -13 5 7
2664 1 0 -8 7 -13
2665 1 1 -6 9 -6
2666 0 1 -1 -16 -7
2667 1 0 -16 -16 13
2668 0 1 11 15 -10
2669 0 0 15 15 -7
2670 0 0 8 -7 13
2671 1 0 -13 0 -6
2672 1 1 -9 9 -11
2673 0 1 -1 -16 1
2674 1 0 1 -7 13
2675 0 1 15 12 -15
2676 1 1 -11 -12 9
2677 0 1 15 -10 -13
2678 0 1 2 14 -16
2679 1 1 -14 15 14
2680 0 1 6 -2 11
2681 1 1 0 11 7
2682 1 1 -16 14 -5
2683 0 1 15 15 13
2684 1 0 -16 6 15
2685 0 1 11 -13 -12
2686 1 0 -12 -7 11
2687 0 1 15 15 7
2688 1 1 -16 -1 -4
2689 0 0 15 -10 -10
2690 0 1 13 15 -14
2691 0 1 9 -16 13
2692 0 0 10 15 -16
2693 0 1 15 4 9
2694 1 0 -10 15 -3
2695 1 0 -13 15 -14
2696 0 1 7 5 15
2697 1 0 -2 -6 1
2698 0 0 9 -16 15
2699 0 0 11 2 1
2700 1 1 -12 -15 -16
2701 0 1 15 -8 -16
2702 1 1 -12 -3 11
2703 1 0 -7 7 -16
2704 0 1 7 -7 3
2705 1 0 -16 8 -1
2706 1 1 -14 13 15
2707 0 1 6 -10 15
2708 0 0 12 15 -16
2709 1 0 -14 -16 10
2710 0 1 15 -10 -4
2711 1 1 -9 -13 15
2712 1 0 -15 -7 0
2713 1 0 -16 10 5
2714 1 1 -11 1 -15
2715 0 0 10 12 13
2716 1 0 -9 15 -8
2717 0 1 15 -8 -13
2718 0 1 9 13 -16
2719 0 1 1 2 -11
2720 1 1 -8 6 -16
2721 0 1 9 -13 -12
2722 1 1 -5 -9 -12
2723 1 0 -16 -16 10
2724 0 0 15 6 12
2725 0 0 15 13 -16
2726 0 0 15 -5 -16
2727 0 1 10 -8 7
2728 1 1 -16 15 -8
2729 1 0 -9 -11 10
2730 0 0 6 15 -14
2731 1 1 -15 7 -1
2732 1 0 -2 -16 11
2733 0 1 15 -11 -16
2734 1 1 -5 -6 5
2735 0 1 3 -5 -16
2736 0 0 10 -8 13
2737 0 0 4 12 -16
2738 0 1 12 0 3
2739 0 0 9 0 15
2740 0 0 -2 15 1
2741 1 1 -5 -6 15
2742 0 1 9 -14 15
2743 0 0 11 8 15
2744 1 1 -11 1 13
2745 0 0 15 -16 -16
2746 1 1 -9 -12 -9
2747 0 0 11 -16 13
2748 1 0 -16 7 15
2749 1 1 -11 -16 11
2750 1 1 -8 -15 15
2751 0 1 15 -16 -9
2752 0 1 8 2 10
2753 0 0 15 12 13
2754 0 0 15 -11 0
2755 0 1 15 15 -16
2756 0 1 11 15 -8
2757 0 1 7 -16 10
2758 0 0 15 -11 -13
2759 0 0 15 -6 -10
2760 0 0 15 15 -6
2761 1 1 -11 13 6
2762 1 1 -7 -4 15
2763 1 0 -2 7 -16
2764 0 0 9 8 -14
2765 0 1 13 8 10
2766 1 0 -15 -16 15
2767 0 0 6 12 15
2768 1 0 -16 15 10
2769 1 1 -16 2 -4
2770 1 0 -13 14 10
2771 1 1 -8 -2 9
2772 1 0 -16 -16 15
2773 1 1 -9 6 3
2774 0 1 2 -16 8
2775 0 1 6 -15 -6
2776 1 1 10 8 11
2777 1 1 -11 -16 -10
2778 0 0 15 15 12
2779 0 0 15 -16 -4
2780 0 0 12 15 7
2781 1 0 -12 -5 2
2782 0 1 10 -16 8
2783 0 1 15 10 6
2784 1 0 -1 8 13
2785 0 0 -5 9 -12
2786 0 1 5 -16 5
2787 0 1 10 -8 15
2788 0 1 10 -11 15
2789 1 1 -16 -9 -12
2790 0 1 15 -7 6
2791 0 0 15 -4 15
2792 0 0 1 15 15
2793 0 0 6 -12 15
2794 0 1 6 5 -8
2795 1 1 -10 -2 -10
2796 0 1 15 -13 10
2797 0 1 15 4 3
2798 0 0 9 -13 -1
2799 0 1 15 11 -7
2800 1 1 -2 -8 -8
2801 1 1 -9 -2 -16
2802 0 0 9 15 8
2803 1 1 -16 -6 -7
2804 0 0 12 15 -16
2805 0 0 4 -7 0
2806 0 1 0 12 15
2807 0 1 6 5 -14
2808 0 0 3 -7 -16
2809 0 0 6 -16 6
2810 0 1 15 -12 10
2811 1 0 -15 -12 11
2812 1 0 -11 7 2
2813 0 0 11 -5 -16
2814 0 1 8 -16 15
2815 0 1 11 -16 -5
2816 0 0 13 10 12
2817 1 1 -14 12 15
2818 0 0 15 15 2
2819 0 1 6 -5 11
2820 1 0 -13 12 -16
2821 0 1 7 -12 -9
2822 0 1 15 -16 -2
2823 1 1 -10 15 -11
2824 1 1 -15 -13 -15
2825 0 0 6 3 9
2826 1 1 -10 12 -15
2827 1 0 -6 -16 -3
2828 0 1 5 -16 -2
2829 0 0 9 15 -9
2830 0 0 15 -4 -16
2831 0 0 15 15 12
2832 0 1 4 15 10
2833 1 1 -7 7 -16
2834 1 1 -8 6 10
2835 1 0 -16 -16 6
2836 1 1 -4 -5 -12
2837 1 0 -15 -10 9
2838 0 0 13 15 -16
2839 0 0 5 -11 15
2840 0 0 15 15 15
2841 0 1 12 15 15
2842 0 0 15 -16 -7
2843 1 0 -8 11 0
2844 0 0 14 -13 15
2845 0 1 15 -16 1
2846 1 0 -16 5 -6
2847 1 1 -16 -6 -6
2848 1 0 -13 -8 15
2849 0 1 15 -9 -16
2850 1 1 -16 15 15
2851 1 1 -16 -6 -16
2852 0 1 12 9 -5
2853 1 1 -13 11 -3
2854 0 1 15 15 10
2855 0 1 15 -10 12
2856 0 1 9 -11 -9
2857 1 0 -14 15 -16
2858 1 1 -1 -16 -9
2859 1 0 -8 -15 -8
2860 1 1 -16 15 11
2861 0 0 15 -11 15
2862 0 1 15 -9 -11
2863 1 1 -16 11 -12
2864 0 0 12 11 -15
2865 1 1 -13 -1 7
2866 1 0 -13 -14 15
2867 0 1 14 -5 -16
2868 1 0 -10 3 5
2869 0 0 1 15 -10
2870 1 1 -15 -7 -16
2871 1 0 -1 -16 11
2872 1 1 -16 15 -11
2873 1 0 -15 -11 -12
2874 0 1 5 -10 -5
2875 1 1 -3 -11 15
2876 1 1 -11 1 12
2877 0 1 15 -12 15
2878 1 1 -16 -9 -9
2879 1 0 -16 9 -6
2880 1 1 -10 -12 -8
2881 0 1 9 14 4
2882 1 0 -6 5 -9
2883 1 1 -16 -5 3
2884 1 1 -2 4 15
2885 1 1 -14 -9 5
2886 0 0 2 15 11
2887 0 1 11 -16 14
2888 1 1 -7 -11 15
2889 0 0 2 15 11
2890 1 0 -3 -8 -5
2891 0 0 15 -16 -16
2892 1 0 -12 -10 -13
2893 1 0 -7 9 8
2894 1 1 2 3 15
2895 1 0 -11 15 10
2896 0 0 15 15 -15
2897 1 1 -9 14 -5
2898 0 0 1 -10 -12
2899 1 1 -14 -14 15
2900 0 0 12 13 -12
2901 1 0 -10 -11 -11
2902 1 0 -9 10 -8
2903 0 1 0 6 -14
2904 1 1 -7 -8 15
2905 1 0 -13 -13 -16
2906 0 1 8 -4 15
2907 1 0 -10 11 -9
2908 1 1 -16 -10 0
2909 1 0 0 -16 -6
2910 1 1 -12 10 9
2911 1 0 -16 15 -8
2912 0 1 9 -10 13
2913 1 1 -4 -16 8
2914 0 0 14 15 -3
2915 0 0 -4 8 7
2916 0 0 13 -5 15
2917 0 0 15 -14 -9
2918 1 1 -10 9 13
2919 1 0 8 -3 -16
2920 0 1 15 4 15
2921 0 0 4 -16 -10
2922 0 1 15 -5 4
2923 1 0 -16 -1 -10
2924 1 0 -12 0 -8
2925 1 0 -10 -15 -12
2926 0 1 15 15 1
2927 1 1 -10 15 15
2928 0 0 7 12 -11
2929 1 0 -14 14 -2
2930 1 1 -7 15 11
2931 1 1 -16 -16 -11
2932 1 0 -10 10 10
2933 0 0 6 0 -15
2934 0 1 11 9 -16
2935 1 0 -14 -16 14
2936 0 1 13 6 -16
2937 0 0 15 -10 -2
2938 1 0 -16 -3 15
2939 1 0 -10 -14 -11
2940 1 1 -12 -15 -2
2941 1 1 -14 -16 -8
2942 0 1 15 11 -5
2943 0 0 5 15 10
2944 0 1 11 -8 -15
2945 0 0 15 -16 -3
2946 1 1 -16 1 -16
2947 1 0 -10 -15 -10
2948 1 1 -10 -6 10
2949 1 1 -11 9 -16
2950 0 0 9 -16 11
2951 1 0 -16 14 -5
2952 1 1 -6 15 -15
2953 1 0 -16 6 4
2954 1 1 -5 -16 -3
2955 0 0 15 3 -16
2956 1 1 -9 -6 -7
2957 1 1 0 11 7
2958 1 0 -16 3 -5
2959 1 0 -8 11 1
2960 0 0 13 15 -7
2961 1 1 -14 6 -14
2962 0 1 14 -13 11
2963 1 0 -15 -14 -16
2964 0 0 15 12 -8
2965 0 1 -4 11 15
2966 1 1 -7 7 -16
2967 0 1 15 -11 -16
2968 0 1 0 15 10
2969 0 0 12 10 -13
2970 1 0 -7 0 -16
2971 1 1 -9 -3 11
2972 0 0 13 15 15
2973 0 1 15 -16 -16
2974 1 0 -12 7 10
2975 0 0 10 -16 -8
2976 0 0 9 -12 15
2977 1 1 -13 15 -16
2978 0 0 15 14 -16
2979 0 0 12 0 15
2980 1 0 -4 -4 -16
2981 1 0 -16 -3 10
2982 0 0 6 -13 2
2983 0 1 11 -16 13
2984 1 0 -10 -16 -13
2985 0 0 10 -11 15
2986 1 1 -8 15 -15
2987 0 0 14 15 -11
2988 0 1 13 6 -2
2989 0 1 15 12 -2
2990 1 1 -10 -16 15
2991 0 0 12 -1 -16
2992 0 1 -1 -7 -7
2993 1 0 -4 1 8
2994 1 1 -10 -5 -16
2995 0 1 -3 3 7
2996 1 1 -16 -7 -5
2997 1 0 0 3 15
2998 0 0 15 9 -16
2999 1 1 -13 3 -7
3000 1 1 -13 -15 -13
3001 0 1 10 -15 -11
3002 0 1 9 -2 -6
3003 0 0 15 15 3
3004 1 1 -16 7 -9
3005 1 1 -10 -16 15
3006 0 0 10 -6 14
3007 1 0 -16 -3 8
3008 1 0 -12 13 4
3009 0 0 -1 -16 -5
3010 1 1 -11 5 -16
3011 0 1 13 -15 -1
3012 0 1 15 -4 15
3013 1 1 8 14 7
3014 0 1 13 11 15
3015 1 1 -16 -5 -16
3016 1 1 -16 -16 12
3017 0 1 15 -15 -1
3018 1 0 -9 7 15
3019 0 1 8 3 8
3020 1 1 -13 -4 -9
3021 0 1 15 7 -4
3022 0 1 12 -16 -8
3023 1 0 -2 -12 2
3024 1 0 1 -5 -8
3025 1 1 -12 -11 -12
3026 0 0 15 2 8
3027 1 0 -16 -10 3
3028 0 0 -2 1 -1
3029 0 1 2 12 15
3030 1 0 -4 11 -12
3031 0 1 10 8 9
3032 0 1 15 -10 8
3033 0 1 11 -15 8
3034 0 0 14 -14 15
3035 1 1 1 -16 14
3036 0 1 6 -16 15
3037 0 1 15 -2 -16
3038 1 0 -16 -7 -16
3039 1 1 -10 6 -11
3040 1 1 -16 15 13
3041 0 1 6 -13 11
3042 1 0 -10 -5 -16
3043 0 1 3 9 -6
3044 0 0 -7 15 15
3045 0 0 15 -15 5
3046 1 1 4 5 1
3047 0 1 15 -1 9
3048 0 0 15 -16 3
3049 0 1 15 -4 15
3050 0 0 8 3 -10
3051 1 1 -14 15 -4
3052 0 0 -6 3 14
3053 0 1 3 -1 -16
3054 1 1 -16 11 9
3055 1 1 -6 12 -16
3056 0 1 15 -11 -16
3057 1 1 -12 -15 12
3058 1 0 -16 -2 -16
3059 1 1 -6 -13 7
3060 0 1 14 12 15
3061 0 0 15 3 -12
3062 0 1 -2 -9 -16
3063 1 1 -9 8 -9
3064 1 0 -13 10 6
3065 1 0 -11 12 2
3066 1 1 -6 -1 15
3067 1 1 -12 8 15
3068 1 1 -13 -16 -9
3069 0 1 12 11 12
3070 0 0 15 -2 15
3071 1 0 -16 -13 15
3072 1 0 -16 2 15
3073 0 0 15 15 4
3074 1 1 -16 -5 -11
3075 0 0 14 -4 15
3076 1 1 -8 -16 6
3077 0 1 12 3 -9
3078 1 1 -10 15 15
3079 1 0 -16 -13 2
3080 1 0 -16 -6 9
3081 0 0 12 0 15
3082 0 0 12 -14 15
3083 0 0 4 8 15
3084 1 0 -10 15 13
3085 1 1 -15 -5 -5
3086 1 1 -7 15 -10
3087 0 0 14 10 0
3088 1 0 -16 -2 -16
3089 0 1 12 8 -11
3090 0 1 15 -15 12
3091 0 0 11 15 0
3092 1 1 -8 -5 -2
3093 0 0 11 -9 -5
3094 0 0 15 15 -11
3095 1 1 -16 15 15
3096 1 0 -16 -16 15
3097 1 0 -11 15 11
3098 0 0 15 9 15
3099 0 0 15 5 13
3100 1 0 -16 -16 5
3101 1 0 -16 -16 11
3102 0 1 15 -10 -11
3103 0 0 10 -12 12
3104 0 1 15 5 14
3105 0 1 7 -2 -14
3106 0 1 15 13 15
3107 0 0 12 15 1
3108 0 0 -1 -16 15
3109 1 1 -7 15 -8
3110 1 1 -13 13 -6
3111 1 1 -11 11 -4
3112 1 0 -16 -3 -15
3113 0 0 15 -14 -3
3114 1 1 -16 1 15
3115 0 0 8 -16 10
3116 0 1 15 -16 -14
3117 1 1 -16 -16 -16
3118 1 0 10 2 2
3119 0 0 7 -1 -14
3120 1 0 -14 13 -1
3121 1 0 -6 13 -14
3122 0 0 11 -7 8
3123 1 0 -13 -12 10
3124 1 1 -10 -11 8
3125 0 1 12 15 7
3126 1 1 -11 -8 -16
3127 1 1 3 14 14
3128 1 0 -12 -13 15
3129 0 0 14 10 12
3130 0 1 15 -3 -6
3131 1 1 -16 -12 -12
3132 1 1 -16 -6 10
3133 0 1 12 3 4
3134 0 1 15 11 10
3135 1 1 -8 15 -15
3136 1 1 -14 2 15
3137 0 0 15 10 12
3138 1 1 -12 15 -1
3139 0 0 3 2 2
3140 1 1 -16 -7 9
3141 1 1 -14 -13 -5
3142 0 1 6 1 8
3143 0 1 15 15 -10
3144 0 0 15 -16 5
3145 0 1 15 -8 14
3146 0 1 11 -10 -14
3147 1 0 -6 -15 -3
3148 0 0 10 -16 5
3149 0 1 6 -16 15
3150 1 1 -16 -13 -7
3151 1 1 -4 15 8
3152 1 1 -5 2 -6
3153 1 1 -3 15 -12
3154 0 1 5 15 5
3155 0 1 8 -10 5
3156 1 0 -16 8 -1
3157 0 1 7 -16 -2
3158 0 0 3 1 5
3159 1 1 -5 11 -16
3160 1 1 -5 -11 15
3161 1 0 -10 -5 13
3162 1 0 1 7 15
3163 1 1 -11 15 -13
3164 1 0 -16 15 -1
3165 0 1 15 1 15
3166 0 1 8 -8 -16
3167 1 1 -2 15 5
3168 0 1 9 -13 -13
3169 0 0 15 -16 15
3170 0 0 10 1 -16
3171 0 1 7 15 -10
3172 0 1 2 -13 -14
3173 0 0 14 5 15
3174 1 1 -5 -9 -13
3175 1 0 -16 7 -16
3176 1 0 -14 -6 15
3177 0 0 15 8 -16
3178 0 1 10 -16 -7
3179 1 0 -14 -7 7
3180 1 1 -16 -2 -16
3181 0 0 12 10 -16
3182 1 0 -3 -16 10
3183 1 1 -12 11 15
3184 1 1 -8 -11 -15
3185 0 0 15 15 -4
3186 0 0 15 -7 7
3187 0 0 15 8 -13
3188 0 1 15 15 -8
3189 0 1 15 -14 -7
3190 1 1 -16 2 -5
3191 0 1 15 -4 -13
3192 0 1 13 -15 -6
3193 1 0 -7 10 9
3194 1 1 -12 -9 -16
3195 0 0 11 15 -9
3196 0 1 4 -16 -9
3197 0 0 11 4 -10
3198 1 0 -9 -6 -6
3199 0 0 11 -16 15
