# idx_int bit_int post_llr hard
0 1 57977.50868642 1
1 1 59410.88326363 1
2 0 -60213.53023218 0
3 1 35946.15271332 1
4 0 -56529.43934150 0
5 0 -52442.50273183 0
6 0 -35441.01175421 0
7 0 -39361.77955317 0
8 0 -42285.96844744 0
9 0 -55896.21970434 0
10 0 -44158.44641818 0
11 1 58021.59223946 1
12 0 -47900.65313891 0
13 1 59040.72651103 1
14 0 -49750.11157498 0
15 0 -41559.48350092 0
16 0 -41590.81945671 0
17 1 66704.74460470 1
18 1 47137.60270334 1
19 0 -29174.07033773 0
20 1 33122.75440186 1
21 1 44407.06723889 1
22 1 60131.92674466 1
23 1 50377.41033212 1
24 1 60265.59731308 1
25 1 38894.20724848 1
26 0 -42641.13704734 0
27 0 -45275.81205046 0
28 1 23898.46843303 1
29 0 -55865.58228923 0
30 0 -44784.10701574 0
31 0 -64063.79236946 0
32 0 -40609.89443045 0
33 0 -33145.85026910 0
34 0 -44621.08873820 0
35 0 -43278.80906401 0
36 1 36161.64353075 1
37 1 48272.82432678 1
38 1 37504.70873030 1
39 0 -16316.09191647 0
40 0 -41899.78225484 0
41 0 -31689.59518145 0
42 0 -38676.66434564 0
43 1 60732.20467562 1
44 1 31571.40624595 1
45 0 -35626.56012688 0
46 1 44879.89922541 1
47 0 -46958.58276741 0
48 0 -45793.28090437 0
49 1 12316.55734298 1
50 1 63209.25754487 1
51 0 -53028.60488130 0
52 1 48803.53487483 1
53 0 -39688.77381163 0
54 1 49943.63525029 1
55 1 45402.09420990 1
56 1 43996.90428431 1
57 0 -31743.35581105 0
58 1 49676.07845314 1
59 0 -65716.81397192 0
60 0 -59107.66743821 0
61 1 56670.23203631 1
62 1 59029.90207562 1
63 0 -38222.09608846 0
64 1 41307.06368202 1
65 0 -67394.94429857 0
66 0 -43341.90649956 0
67 0 -47546.10739524 0
68 0 -53004.52620471 0
69 0 -48472.90091935 0
70 1 36953.24015636 1
71 1 51378.32225340 1
72 1 50678.49078169 1
73 1 46976.09712763 1
74 1 61723.53924626 1
75 1 54351.83019893 1
76 1 45578.03561808 1
77 1 39350.83664908 1
78 1 51741.39224784 1
79 1 44402.24377367 1
80 1 28097.32831469 1
81 0 -53576.52009417 0
82 0 -57984.94056234 0
83 1 43072.55920768 1
84 0 -64941.87268672 0
85 1 39283.38018794 1
86 1 20868.10473004 1
87 1 28899.62977783 1
88 1 48982.85689292 1
89 1 57715.29849076 1
90 0 -49589.99035401 0
91 0 -60079.32430198 0
92 0 -49347.36272062 0
93 1 41405.17613368 1
94 1 49235.68971089 1
95 1 70691.65203462 1
96 1 37786.54092636 1
97 0 -64142.43787256 0
98 0 -27211.77138746 0
99 0 -23682.44929278 0
100 0 -52645.04465680 0
101 1 45422.06605076 1
102 1 49278.93190677 1
103 1 36464.99964051 1
104 0 -50038.64346742 0
105 0 -40483.05317751 0
106 0 -35988.78991952 0
107 1 52268.75805906 1
108 1 44999.34722679 1
109 0 -37821.45660414 0
110 0 -39669.27944958 0
111 1 38999.68052702 1
112 1 19128.53597988 1
113 1 51165.89014018 1
114 0 -47460.90961311 0
115 0 -48866.35523454 0
116 0 -63948.15818036 0
117 1 35794.15867488 1
118 0 -42286.69501163 0
119 1 49702.48711260 1
120 1 55003.75994265 1
121 0 -68389.79875870 0
122 0 -39476.07008874 0
123 1 42999.33699971 1
124 1 27103.69622916 1
125 1 66668.10919168 1
126 1 53238.30686867 1
127 0 -43799.19042073 0
128 1 57958.25244666 1
129 1 36661.40727101 1
130 1 61507.45521427 1
131 0 -45891.99213013 0
132 1 47140.01155709 1
133 1 47463.19382449 1
134 0 -35847.54922831 0
135 1 44434.54758459 1
136 0 -43924.58533588 0
137 0 -21021.95384848 0
138 0 -56871.46819944 0
139 0 -35070.77813408 0
140 0 -26440.39421696 0
141 0 -44229.31308617 0
142 0 -57558.40526471 0
143 1 33543.17244134 1
144 1 58615.61279093 1
145 1 38360.53083156 1
146 1 48313.50137773 1
147 1 29623.39330464 1
148 0 -32891.53147027 0
149 0 -49265.77116964 0
150 0 -24022.09938273 0
151 0 -59011.65894063 0
152 0 -51915.53218858 0
153 0 -45025.56832868 0
154 0 -59519.56943739 0
155 0 -57616.65760120 0
156 1 53479.48782788 1
157 1 66793.95131048 1
158 0 -43683.42339110 0
159 1 56602.22318581 1
160 0 -51713.29843188 0
161 1 34934.81730489 1
162 0 -44318.11846694 0
163 0 -62608.96790026 0
164 0 -50749.09819922 0
165 0 -50043.70553937 0
166 1 56432.81666134 1
167 1 63821.10760649 1
168 1 36908.93374005 1
169 1 33645.20802720 1
170 0 -57831.32448907 0
171 0 -54207.79323318 0
172 0 -39597.99849618 0
173 1 38953.39852785 1
174 1 37829.17610314 1
175 1 34952.84465417 1
176 1 53106.40405923 1
177 1 49282.40824749 1
178 0 -56361.12909362 0
179 0 -64903.09288364 0
180 0 -59800.55095868 0
181 1 40287.65358397 1
182 1 37942.03455266 1
183 0 -47764.63614212 0
184 0 -45624.33493335 0
185 1 46753.70399596 1
186 1 72398.99960615 1
187 0 -63133.91957051 0
188 1 52304.15868620 1
189 1 26951.97969866 1
190 1 55615.92616774 1
191 1 37113.77845953 1
192 0 -41680.50796223 0
193 0 -52923.92645587 0
194 0 -29004.75611981 0
195 0 -44892.07861447 0
196 0 -36449.94464984 0
197 0 -23357.68335492 0
198 0 -77512.78167477 0
199 0 -35714.63076958 0
200 1 29290.17708021 1
201 1 59838.55308445 1
202 0 -61306.47480839 0
203 0 -15938.07026878 0
204 0 -61335.69424133 0
205 0 -41214.78304453 0
206 1 35537.17898534 1
207 0 -40932.78918427 0
208 0 -65648.79916085 0
209 0 -52026.41344385 0
210 1 38738.57437649 1
211 0 -38067.77065856 0
212 1 63093.26276148 1
213 1 56114.13616892 1
214 0 -72773.52587610 0
215 0 -46518.45000220 0
216 0 -36300.51025459 0
217 1 57796.90692111 1
218 0 -50660.56064810 0
219 1 30683.25873121 1
220 1 39456.42069545 1
221 0 -31591.21837355 0
222 1 61971.63705572 1
223 1 36448.14208518 1
224 0 -44010.62403430 0
225 0 4100.06128730 1
226 1 47863.30509868 1
227 1 52069.18686187 1
228 0 -43979.13205913 0
229 0 -56222.29516513 0
230 0 -46637.89092647 0
231 1 60948.52567268 1
232 1 34185.73536999 1
233 1 46596.65892641 1
234 0 -45036.23387915 0
235 0 -49302.12439999 0
236 0 -38138.17039697 0
237 0 -38038.80395016 0
238 1 38423.11336095 1
239 1 46866.51408384 1
240 0 -49594.63595981 0
241 0 -52926.86527250 0
242 1 26965.52455070 1
243 1 50499.96692330 1
244 0 -34708.32040480 0
245 0 -44115.35540873 0
246 1 65767.80612179 1
247 1 62845.78921197 1
248 0 -60721.24676042 0
249 0 -38689.35772553 0
250 1 48426.42716176 1
251 0 -42683.36319275 0
252 1 43772.84474008 1
253 0 -34884.97259669 0
254 0 -35934.17876370 0
255 0 -23969.40474775 0
256 1 49906.49026210 1
257 0 -48718.05273763 0
258 0 -54193.18141255 0
259 1 55242.46134847 1
260 0 -54568.96194518 0
261 1 77256.59841017 1
262 1 45445.07311038 1
263 1 43568.30210485 1
264 0 -49042.14672351 0
265 1 61738.26505194 1
266 1 27557.26990280 1
267 1 35305.13199562 1
268 1 75678.63850664 1
269 1 36052.57516187 1
270 1 44008.29536116 1
271 1 45075.88025771 1
272 0 -68446.94633254 0
273 0 -50685.32550997 0
274 0 -63464.45651841 0
275 0 -40329.52054533 0
276 1 35522.30350979 1
277 1 49970.18218450 1
278 1 38442.62327662 1
279 0 -39717.59815829 0
280 1 36575.28202847 1
281 1 42156.63869967 1
282 0 -62400.24123767 0
283 0 -39171.79134744 0
284 0 -62121.03170810 0
285 1 42155.13562282 1
286 1 44812.73845578 1
287 1 32024.61125269 1
288 1 39440.52499533 1
289 1 68461.40799552 1
290 0 -45270.32725018 0
291 0 -62960.03410442 0
292 0 -24041.13447229 0
293 0 -45498.86749343 0
294 0 -26706.44800408 0
295 1 51668.22616322 1
296 1 61308.96822605 1
297 1 41324.13989824 1
298 0 -41088.99222130 0
299 0 -31150.43612248 0
300 1 51020.93469003 1
301 1 26222.32140634 1
302 0 -31886.82460310 0
303 0 -41933.19763226 0
304 1 32774.89295786 1
305 0 -52429.06973964 0
306 0 -47481.20082355 0
307 0 -50807.97835739 0
308 1 34556.43121886 1
309 1 43175.53977101 1
310 1 65770.79796960 1
311 1 46396.92707118 1
312 0 -41808.68951588 0
313 1 34365.08549318 1
314 1 60030.93389347 1
315 0 -42220.14747624 0
316 0 -55399.90287575 0
317 1 17852.68077971 1
318 0 -47156.21471420 0
319 1 47178.88404295 1
320 1 60033.84215083 1
321 0 -51792.11930503 0
322 1 42070.48970159 1
323 0 -39990.37905105 0
324 1 32828.06318054 1
325 0 -68358.19610553 0
326 0 -66647.80951114 0
327 1 54042.52756135 1
328 0 -45307.86097144 0
329 0 -44342.80809284 0
330 1 38311.85338036 1
331 0 -45568.05253636 0
332 1 32565.41839521 1
333 0 -58268.46866242 0
334 1 44645.31135287 1
335 0 -36000.96922725 0
336 0 -28506.35841355 0
337 0 -49709.41005059 0
338 1 60802.28721431 1
339 0 -45900.70010634 0
340 1 56589.41609778 1
341 0 -33031.14652624 0
342 0 -56658.90820185 0
343 1 51152.36782546 1
344 0 -56440.09864921 0
345 1 54343.77999317 1
346 0 -35404.57380835 0
347 1 31716.80963958 1
348 0 -36401.85850380 0
349 0 -45012.39154494 0
350 0 -31200.50776668 0
351 1 64695.74462823 1
352 0 -56985.58201562 0
353 0 -48896.86498225 0
354 0 -41560.15087579 0
355 0 -62249.86169684 0
356 1 46915.37644553 1
357 0 -55040.83478650 0
358 0 -16404.16786807 0
359 0 -41092.57295387 0
360 0 -50416.41646764 0
361 0 -58177.68002283 0
362 0 -29363.11114784 0
363 0 -59696.38268645 0
364 1 38572.34259008 1
365 1 53203.60851575 1
366 1 55926.53979655 1
367 1 39831.06011965 1
368 1 41380.78347129 1
369 0 -39922.72010340 0
370 1 46475.13562911 1
371 0 -22562.29989536 0
372 1 28314.70400309 1
373 1 37468.04705868 1
374 0 -20087.05440879 0
375 0 -44252.45147948 0
376 0 -55417.34723977 0
377 1 47318.06367262 1
378 1 28739.25373321 1
379 1 52907.05215766 1
380 0 -64352.47185695 0
381 1 58972.01585518 1
382 1 45339.89950675 1
383 0 -32339.51243068 0
384 0 -44174.01414046 0
385 1 56509.48333099 1
386 1 72814.48130987 1
387 0 -63164.90156566 0
388 1 48341.71377219 1
389 0 -55420.65708655 0
390 1 66942.32864317 1
391 0 -41344.84546449 0
392 0 -44314.57862317 0
393 0 -53068.80491695 0
394 0 -61143.09914120 0
395 1 48168.37006627 1
396 1 22074.73760180 1
397 0 -53114.04416949 0
398 1 45638.05494950 1
399 1 38804.14350316 1
400 1 37900.11114029 1
401 1 55612.49949430 1
402 1 43130.81475715 1
403 0 -37136.59392249 0
404 0 -33512.38183472 0
405 0 -48916.89267278 0
406 1 43429.83756522 1
407 1 47172.55705375 1
408 0 -36487.54569139 0
409 1 67635.38537636 1
410 1 33709.63854779 1
411 1 39978.14957978 1
412 1 45710.21447873 1
413 0 -66325.96835384 0
414 1 54167.00056284 1
415 0 -45748.26259072 0
416 0 -39312.93482823 0
417 1 67911.15716800 1
418 1 52030.27697700 1
419 1 41175.11166673 1
420 1 49531.66721322 1
421 0 -32112.51313723 0
422 0 -37028.78996589 0
423 1 41108.22655247 1
424 1 37635.84327873 1
425 1 48138.21924475 1
426 0 -54428.49595898 0
427 1 45932.53176612 1
428 1 22649.70185342 1
429 1 23736.46699259 1
430 0 -41028.83845781 0
431 1 52940.28307496 1
432 1 41815.38785811 1
433 0 -33757.93806039 0
434 0 -44587.84630850 0
435 1 31638.29970170 1
436 1 52945.45250231 1
437 1 44988.63175647 1
438 1 35937.27356704 1
439 0 -39791.48021035 0
440 1 65177.25256242 1
441 1 41270.10756897 1
442 1 28693.66374438 1
443 1 74415.25862037 1
444 0 -49541.32769015 0
445 1 44651.70432768 1
446 1 51459.28633899 1
447 1 52782.58132061 1
448 0 -35406.75059320 0
449 1 34244.12654944 1
450 0 -73920.73972013 0
451 0 -25316.04507188 0
452 1 53027.97881910 1
453 1 31209.89396686 1
454 1 60367.08550460 1
455 1 37744.05781565 1
456 1 62867.20441986 1
457 1 54807.23775455 1
458 0 -64726.49843723 0
459 0 -48126.91311709 0
460 0 -43651.93843634 0
461 1 66710.43738596 1
462 0 -51066.31015171 0
463 0 -40018.89050303 0
464 1 51096.34956589 1
465 0 -58020.89447735 0
466 1 49295.69498740 1
467 0 -50445.70104479 0
468 1 63808.07839762 1
469 0 -41500.91504807 0
470 1 45341.00237165 1
471 1 52922.94266246 1
472 0 -61632.77024969 0
473 0 -65006.37768055 0
474 1 70122.26045490 1
475 0 -50098.66317637 0
476 1 29903.97530262 1
477 1 56886.28922133 1
478 0 -61503.33315792 0
479 1 38361.03426956 1
480 0 -34484.75263157 0
481 0 -41273.33392877 0
482 0 -76831.69339919 0
483 0 -26231.08491659 0
484 1 42803.00937781 1
485 0 -30534.42194451 0
486 1 38159.29135367 1
487 0 -52399.71741416 0
488 1 19847.76173758 1
489 1 61210.45763735 1
490 0 -34187.50076129 0
491 1 58688.56706383 1
492 1 55137.05825462 1
493 1 42668.82633738 1
494 1 47704.95323509 1
495 0 -60669.70513657 0
496 0 -42063.81634309 0
497 1 44138.82255326 1
498 1 47669.22581602 1
499 1 47168.88424456 1
500 0 -39359.90205055 0
501 0 -43288.84634010 0
502 0 -44461.83729812 0
503 1 72591.17454779 1
504 0 -36915.91396186 0
505 0 -36576.39447112 0
506 1 59413.47451964 1
507 0 -58306.48029022 0
508 0 -22689.24601696 0
509 0 -15602.81933831 0
510 0 -58260.29817447 0
511 0 -53337.75741410 0
512 0 -55499.58748166 0
513 1 59080.95379963 1
514 0 -63292.34053515 0
515 0 -44780.08584387 0
516 0 -62904.13031737 0
517 0 -49932.03413985 0
518 0 -51674.78666503 0
519 0 -48401.85834937 0
520 1 58539.70516336 1
521 1 62597.79824566 1
522 0 -48548.05879312 0
523 1 36879.65896873 1
524 0 -44423.09513962 0
525 0 -60079.85434731 0
526 0 -37113.86688990 0
527 1 36107.21787386 1
528 1 66576.60583842 1
529 0 -23781.51186072 0
530 0 -45427.82312335 0
531 1 43206.93336439 1
532 0 -62357.81544703 0
533 1 59873.07933250 1
534 0 -62232.49303508 0
535 0 -57389.96958947 0
536 0 -47018.14507490 0
537 0 -52299.58890885 0
538 1 43663.89849516 1
539 1 26201.61391560 1
540 1 24479.05560014 1
541 0 -44420.55558263 0
542 0 -75835.11001741 0
543 0 -8775.55612304 0
544 0 -63160.60373414 0
545 1 44307.56534232 1
546 1 35079.19911988 1
547 0 -31483.09290976 0
548 1 63300.42757834 1
549 1 70554.34385629 1
550 1 36648.26672896 1
551 1 64184.63878736 1
552 0 -44207.60090695 0
553 0 -29722.17905663 0
554 0 -45950.35981868 0
555 1 77205.16790980 1
556 1 44779.52290087 1
557 0 -55733.31340293 0
558 1 29404.54709951 1
559 1 57305.67653913 1
560 1 9775.37894157 1
561 1 47807.30397052 1
562 0 -48775.20361555 0
563 0 -55500.06808715 0
564 0 -23278.27082671 0
565 0 -49358.54894582 0
566 0 -45261.79220246 0
567 0 -34184.38516274 0
568 1 43157.85950101 1
569 0 -49992.15343516 0
570 0 -55356.81888482 0
571 0 -46187.16865123 0
572 1 27946.39847387 1
573 0 -49797.88015475 0
574 0 -51610.51330122 0
575 0 -44216.85498139 0
576 0 -55944.19046680 0
577 0 -25135.96034007 0
578 1 50426.34605321 1
579 0 -53452.88515039 0
580 0 -67472.92354788 0
581 1 60707.48435458 1
582 0 -37799.62951072 0
583 1 39531.22886595 1
584 1 44422.81969493 1
585 0 -68612.23435516 0
586 1 46230.13627667 1
587 0 -57234.72803155 0
588 1 48327.70328612 1
589 1 24941.07231599 1
590 0 -51377.91267084 0
591 0 -55818.90680801 0
592 0 -43309.70663868 0
593 0 -46022.66009393 0
594 0 -62042.53318981 0
595 1 30835.67337739 1
596 0 -53383.19843445 0
597 1 52259.70186383 1
598 0 -69917.46887708 0
599 1 36633.65614584 1
600 0 -48508.61518865 0
601 1 39921.84363855 1
602 1 47684.96719826 1
603 0 -56190.51499470 0
604 1 71169.96222787 1
605 0 -53884.29843251 0
606 0 -33495.51675457 0
607 1 26887.36956796 1
608 1 52458.92370939 1
609 0 -48959.64706922 0
610 0 -36834.34753756 0
611 1 62087.80992054 1
612 0 -65254.55575849 0
613 0 -27427.05369254 0
614 1 47601.71416717 1
615 1 48797.72219420 1
616 1 51085.90043373 1
617 0 -47296.62091320 0
618 0 -43409.96915698 0
619 1 53160.11056065 1
620 0 -36322.84723755 0
621 1 32902.24424862 1
622 0 -40439.52605016 0
623 1 53525.47632290 1
624 0 -30243.62823230 0
625 1 45932.86382340 1
626 1 52124.52957551 1
627 1 37434.33186264 1
628 0 -53233.00726851 0
629 1 51154.05914721 1
630 0 -37467.41454465 0
631 0 -52290.59968357 0
632 0 -36306.52122552 0
633 0 -49932.44099432 0
634 0 -21816.51246697 0
635 1 29222.23026440 1
636 1 61412.25700178 1
637 1 29533.46685961 1
638 1 60071.57606365 1
639 0 -58192.87785554 0
640 1 66683.04431957 1
641 0 -46704.51589514 0
642 1 38660.32852550 1
643 0 -46689.65770367 0
644 1 34336.01559043 1
645 1 47329.46756320 1
646 0 -66268.77209533 0
647 1 70007.21111686 1
648 0 -63315.66946890 0
649 0 -36165.64386611 0
650 1 66647.03084199 1
651 0 -46685.69773986 0
652 0 -32520.68206910 0
653 1 58127.18873744 1
654 1 49073.42315355 1
655 1 44991.96779189 1
656 0 -34337.36423135 0
657 0 -58483.73286273 0
658 1 75150.11864972 1
659 0 -28876.01106658 0
660 1 49504.75376927 1
661 0 -67505.95545374 0
662 0 -48593.28578662 0
663 1 25640.75936583 1
664 1 59225.72384169 1
665 1 31759.06973216 1
666 1 42710.61771808 1
667 0 -59473.13646517 0
668 0 -45229.46454745 0
669 1 59071.33045955 1
670 0 -33998.77711913 0
671 1 43195.49064794 1
672 0 -63399.30589676 0
673 0 -70703.11362897 0
674 1 50378.36094879 1
675 0 -58295.69039496 0
676 0 -32600.69818354 0
677 0 -59098.60857590 0
678 1 46999.70751781 1
679 0 -47966.43185833 0
680 1 43879.35062136 1
681 1 29892.71224951 1
682 0 -39868.21809662 0
683 1 43301.10445114 1
684 0 -46972.74897905 0
685 0 -35064.90316252 0
686 0 -30339.73035002 0
687 0 -41871.81648972 0
688 1 38725.62597095 1
689 0 -32998.05041639 0
690 0 -32115.50202461 0
691 1 62048.85524720 1
692 1 43371.56367150 1
693 0 -27267.83762593 0
694 0 -41570.28517301 0
695 0 -52393.34078804 0
696 1 34570.68056057 1
697 0 -43190.61169047 0
698 0 -29440.93504718 0
699 1 42466.46854810 1
700 0 -46196.10479012 0
701 0 -39565.73700926 0
702 0 -35444.82463484 0
703 0 -54606.94228099 0
704 1 41548.14754852 1
705 0 -44189.74205028 0
706 0 -48701.73278056 0
707 1 60648.81404474 1
708 1 49559.40383709 1
709 0 -37326.57750328 0
710 0 -59312.04805548 0
711 0 -36597.51018229 0
712 1 47914.48956796 1
713 0 -33799.25528786 0
714 1 56270.54911514 1
715 1 19160.72599559 1
716 1 54055.19400770 1
717 0 -33222.99752053 0
718 0 -52396.25186707 0
719 0 -61759.75120674 0
720 1 37224.92476734 1
721 1 62534.90244068 1
722 1 49470.63142558 1
723 1 39384.14979584 1
724 1 49342.62596856 1
725 1 56899.55543518 1
726 1 42787.06120884 1
727 1 45319.24955615 1
728 0 -69734.21006978 0
729 1 41222.65227691 1
730 1 35821.49760688 1
731 0 -34247.88929765 0
732 1 58795.24155976 1
733 0 -57312.14790956 0
734 0 -60706.80658620 0
735 0 -43274.41773635 0
736 0 -24624.98168502 0
737 1 49365.83535061 1
738 1 22530.18666796 1
739 0 -35435.75026746 0
740 0 -24411.57570708 0
741 1 34535.04980419 1
742 1 46993.99461273 1
743 0 -46458.16979164 0
744 0 -61850.78695689 0
745 1 35925.47091291 1
746 1 38320.33093571 1
747 1 36060.47335976 1
748 0 -32787.16755738 0
749 0 -52197.13812479 0
750 0 -31677.49130669 0
751 1 61169.85990830 1
752 0 -43393.45259892 0
753 0 -39840.58923087 0
754 1 29993.39492482 1
755 0 -54762.41946252 0
756 1 30282.07043286 1
757 0 -33056.74333063 0
758 0 -50425.57628930 0
759 1 42165.91921710 1
760 0 -47075.70493672 0
761 1 50411.69896439 1
762 1 31066.19509883 1
763 0 -58513.09714111 0
764 1 32412.17336189 1
765 0 -40625.60124812 0
766 1 57547.38981972 1
767 0 -51233.67409813 0
768 0 -30917.97368739 0
769 0 -48640.11061117 0
770 0 -45245.88403169 0
771 0 -36778.56904363 0
772 1 35615.12803896 1
773 1 39430.29699229 1
774 0 -31366.56392806 0
775 1 44481.08900761 1
776 0 -68385.36816937 0
777 1 39481.35804878 1
778 1 48210.39511472 1
779 0 -58175.75280929 0
780 1 54744.51799531 1
781 0 -69458.60042308 0
782 0 4722.85945307 1
783 0 -41256.93665646 0
784 0 -34159.00528958 0
785 1 57832.14017755 1
786 1 47135.79155957 1
787 1 46073.20982727 1
788 1 50377.25046729 1
789 1 43452.31099223 1
790 1 33384.41127350 1
791 1 25449.61825068 1
792 1 40614.78957447 1
793 1 47605.06427796 1
794 0 -44801.75442257 0
795 1 46363.52108951 1
796 1 57640.37174178 1
797 1 42839.57697754 1
798 1 42159.14258164 1
799 1 42914.42430691 1
800 0 -47477.09403222 0
801 0 -51051.36949566 0
802 1 61551.27744626 1
803 0 -46941.21176471 0
804 0 -63095.34991996 0
805 0 -42064.71069132 0
806 0 -43795.78755117 0
807 0 -19227.12407519 0
808 0 -51918.10226143 0
809 1 57644.98612123 1
810 0 -49160.54507783 0
811 0 -61247.35566338 0
812 1 34810.29065208 1
813 1 48456.25051202 1
814 1 22423.90225420 1
815 0 -69830.16903795 0
816 0 -32928.90698655 0
817 0 -56311.81719734 0
818 1 13486.60302155 1
819 0 -36907.29254220 0
820 1 47253.76765634 1
821 1 48758.64434180 1
822 1 49468.20266895 1
823 1 59628.06542744 1
824 1 37964.21331490 1
825 0 -39787.94230476 0
826 0 -45479.16824212 0
827 1 38296.55555197 1
828 1 33176.88142222 1
829 1 49349.37092437 1
830 1 60862.12412516 1
831 0 -30409.88292660 0
832 1 24361.36399214 1
833 0 -47035.41755418 0
834 0 -30313.29896329 0
835 0 -43705.27124172 0
836 1 62672.62987220 1
837 1 44033.58210868 1
838 1 40932.96620812 1
839 0 -43132.89820686 0
840 0 -67012.46520895 0
841 1 44189.58127687 1
842 0 -25224.12415312 0
843 0 -36533.15894873 0
844 0 -47720.59856999 0
845 0 -54564.88269076 0
846 1 58754.40876196 1
847 1 53825.97528610 1
848 1 38447.80671880 1
849 0 -44194.76612600 0
850 1 48129.06506148 1
851 1 52984.08541251 1
852 1 34613.08155269 1
853 0 -66068.64843041 0
854 0 -49565.61560016 0
855 1 38398.19703955 1
856 0 -36859.40448351 0
857 0 -60475.21568850 0
858 1 52962.46859297 1
859 1 47066.09650421 1
860 0 -37542.41298437 0
861 0 -40994.83741128 0
862 1 51856.18188043 1
863 1 45747.54306705 1
864 0 -64853.88361758 0
865 0 -42087.55826305 0
866 1 42311.69470689 1
867 1 36846.41536664 1
868 1 43589.88862253 1
869 1 48047.16902125 1
870 1 32508.50509210 1
871 0 -44683.12033666 0
872 0 -57293.14688417 0
873 1 29828.03678914 1
874 1 49091.60680936 1
875 1 53160.33115090 1
876 1 50711.72857470 1
877 1 68327.45081144 1
878 1 42221.25170434 1
879 0 -47963.99469604 0
880 1 42883.64224464 1
881 0 -36541.95074823 0
882 0 -41071.13648823 0
883 1 58223.79271335 1
884 0 -41183.92707101 0
885 1 46276.33510273 1
886 0 -52587.75394470 0
887 0 -49486.73412102 0
888 0 -40854.75402813 0
889 1 16993.31502822 1
890 0 -38949.27092107 0
891 1 36877.15933805 1
892 1 32635.15237017 1
893 1 35578.88177805 1
894 1 32433.52211249 1
895 0 -41963.48335679 0
896 1 50079.93559014 1
897 1 51802.17741208 1
898 0 -46236.39328342 0
899 0 -57633.74708330 0
900 1 43641.22829805 1
901 1 39793.99434690 1
902 0 -39642.74515749 0
903 1 47684.85970508 1
904 1 38183.96326602 1
905 1 46343.53365466 1
906 0 -65969.92493054 0
907 0 -57819.41676329 0
908 0 -38109.43805583 0
909 1 42271.99919864 1
910 0 -59106.63141356 0
911 1 15349.58974615 1
912 0 -52042.26254352 0
913 0 -39467.95553598 0
914 0 -50948.21778516 0
915 0 -31783.50025251 0
916 0 -42384.75621424 0
917 1 50499.77335377 1
918 0 -56263.35968902 0
919 0 -25997.07457630 0
920 0 -35558.87538005 0
921 0 -50907.78259869 0
922 1 56766.11136975 1
923 0 -27686.10040760 0
924 0 -50675.55853815 0
925 0 -34057.45116592 0
926 0 -36411.75715802 0
927 0 -40098.20392646 0
928 0 -35266.82539589 0
929 1 47590.03360901 1
930 0 -24860.21484600 0
931 1 58830.47663201 1
932 1 70548.23216701 1
933 1 51232.45160691 1
934 0 -73281.73195525 0
935 1 48514.60664189 1
936 1 30983.52840978 1
937 1 36048.50015789 1
938 0 -42761.76007909 0
939 0 -25949.49331681 0
940 0 -45577.58457448 0
941 0 -27195.65425004 0
942 0 -31298.11251761 0
943 0 -40407.36713070 0
944 1 10900.30361120 1
945 0 -43741.95251600 0
946 0 -24668.27451868 0
947 1 26956.82443416 1
948 1 28298.23951243 1
949 1 47165.27847302 1
950 0 -32421.70708796 0
951 0 -51909.58368908 0
952 1 41752.74738763 1
953 1 33558.32235825 1
954 0 -50911.79195233 0
955 0 -63630.71607162 0
956 0 -33343.34737173 0
957 0 -40810.71961653 0
958 0 -39297.60730980 0
959 0 -23340.28092896 0
960 0 -41863.64040266 0
961 0 -33893.03002990 0
962 0 -30642.81839541 0
963 0 -42678.30692178 0
964 1 43839.93633129 1
965 0 -34647.98096085 0
966 1 41673.81158371 1
967 0 -36229.97072425 0
968 1 31472.57631302 1
969 0 -24333.98034671 0
970 0 -54664.96131352 0
971 0 -50355.20224350 0
972 0 -40038.34494336 0
973 1 28118.19180993 1
974 1 50229.21898298 1
975 0 -32382.74709570 0
976 1 54329.99844524 1
977 0 -36450.34244054 0
978 1 53415.06644541 1
979 1 47818.96083126 1
980 1 46191.58344463 1
981 1 43755.52734629 1
982 1 42930.46454826 1
983 1 20792.88356865 1
984 0 -53200.89625577 0
985 0 -58035.19409929 0
986 0 -33318.61951061 0
987 0 -28957.66758877 0
988 1 53941.85297915 1
989 0 -47488.19486640 0
990 0 -42324.32620842 0
991 1 53349.03108737 1
992 0 -58636.64920428 0
993 0 -64429.09491408 0
994 0 -37203.46916157 0
995 0 -44934.27773042 0
996 1 38878.00504826 1
997 0 -58162.77737998 0
998 1 48474.21320829 1
999 0 -28882.54113293 0
1000 1 10776.77794480 1
1001 1 43206.57684087 1
1002 0 -63739.87554873 0
1003 0 -45953.88526000 0
1004 0 -64109.00781267 0
1005 0 -40806.90033391 0
1006 0 -55417.57303395 0
1007 0 -42841.02769877 0
1008 1 39082.24161669 1
1009 1 54530.77893440 1
1010 1 36079.73111668 1
1011 1 76483.09263246 1
1012 1 34679.53275731 1
1013 1 55183.86435599 1
1014 0 -35004.69688415 0
1015 0 -60424.56613482 0
1016 0 -37482.53577644 0
1017 0 -36580.10991553 0
1018 1 40990.68929601 1
1019 0 -42928.46378724 0
1020 1 45179.36270786 1
1021 1 31910.68467537 1
1022 0 -42348.78447761 0
1023 0 -52117.13653120 0
1024 0 -5218.27516601 0
1025 0 -51402.19584767 0
1026 0 -57189.30588316 0
1027 1 40816.53312052 1
1028 0 -46281.16643178 0
1029 0 -33158.33152778 0
1030 0 -57770.33523947 0
1031 1 44209.63570717 1
1032 0 -45800.72864349 0
1033 1 33353.92325529 1
1034 0 -52716.84158839 0
1035 0 -37439.98900938 0
1036 0 -63936.30873480 0
1037 0 -32040.36104282 0
1038 1 49275.15015220 1
1039 0 -69927.35874916 0
1040 1 50333.32162286 1
1041 0 -62179.87650731 0
1042 1 29858.82187492 1
1043 0 -29459.65166230 0
1044 1 31916.16758007 1
1045 1 63893.03113617 1
1046 0 -51821.03225836 0
1047 0 -60973.92630200 0
1048 1 53089.26767555 1
1049 0 -47193.85548990 0
1050 0 -50601.01265287 0
1051 0 -51970.88186073 0
1052 0 -49865.76434496 0
1053 1 62393.12135335 1
1054 1 59779.15315577 1
1055 0 -61116.13636763 0
1056 1 43772.79726514 1
1057 1 28292.38082635 1
1058 1 55497.34213735 1
1059 0 -56110.83573036 0
1060 1 47105.88952657 1
1061 1 52401.89267109 1
1062 0 -50544.71260314 0
1063 0 -39330.40923066 0
1064 1 50072.93816444 1
1065 0 -37342.03884246 0
1066 0 -21426.05808817 0
1067 1 36102.97007433 1
1068 0 -50524.80495046 0
1069 0 -49566.86177686 0
1070 0 -33967.59443260 0
1071 1 62813.01284524 1
1072 1 42073.16943147 1
1073 1 34897.37947041 1
1074 1 41123.96251447 1
1075 1 59104.61330049 1
1076 0 -41703.99068607 0
1077 0 -47404.84103118 0
1078 1 32328.79410711 1
1079 0 -40523.19459656 0
1080 1 52022.56333820 1
1081 0 -57518.51819859 0
1082 1 44643.90580030 1
1083 1 56684.32327561 1
1084 0 -43494.61335597 0
1085 0 -16507.79272122 0
1086 0 -47562.03434650 0
1087 0 -54073.46230150 0
1088 0 -56054.13165317 0
1089 0 -39028.80715099 0
1090 0 -51559.21882213 0
1091 1 49748.60499229 1
1092 1 20833.04637981 1
1093 0 -50440.94403389 0
1094 0 -36391.09089768 0
1095 0 -46818.43817403 0
1096 1 54619.32656298 1
1097 0 -19551.32275590 0
1098 0 -45122.07288504 0
1099 1 67558.11924289 1
1100 1 59014.35206898 1
1101 0 -52137.11954058 0
1102 0 -40607.79156696 0
1103 1 21130.02851460 1
1104 1 19772.34124283 1
1105 1 59356.17038892 1
1106 0 -57003.44124806 0
1107 1 59779.39645993 1
1108 0 -67316.36729537 0
1109 0 -53897.03099729 0
1110 1 62857.78342117 1
1111 1 40737.37269385 1
1112 0 -38967.27719104 0
1113 1 57117.91858119 1
1114 0 -30604.99931051 0
1115 0 -42051.11918012 0
1116 0 -36000.67913999 0
1117 0 -49155.62315509 0
1118 0 -51486.30123778 0
1119 0 -44493.44910227 0
1120 1 44605.82721643 1
1121 1 36754.82077421 1
1122 0 -49972.81507661 0
1123 1 41996.66808000 1
1124 1 57785.83687999 1
1125 1 17121.20314271 1
1126 1 43638.53289476 1
1127 1 47003.23003733 1
1128 0 -25134.19765844 0
1129 1 61798.63369639 1
1130 0 -36894.27590660 0
1131 0 -54248.43107079 0
1132 1 52577.28873978 1
1133 1 43168.54928907 1
1134 1 53926.45494359 1
1135 0 -37261.68964579 0
1136 1 48643.57530945 1
1137 0 -74985.75661330 0
1138 0 -40130.73037415 0
1139 0 -47991.84581480 0
1140 1 33089.46461119 1
1141 1 31342.73942492 1
1142 0 -31857.30596418 0
1143 0 -48683.90781271 0
1144 1 59162.12005865 1
1145 1 55200.92724434 1
1146 1 29961.08196313 1
1147 0 -52887.20841311 0
1148 1 50422.54311041 1
1149 0 -23375.31779253 0
1150 0 -30824.49467965 0
1151 1 71653.12708025 1
1152 1 48211.30815925 1
1153 0 -22190.32240741 0
1154 0 -20554.25912690 0
1155 1 42603.55827516 1
1156 1 34824.97127157 1
1157 1 50640.80117173 1
1158 1 61808.36753522 1
1159 1 50299.65633174 1
1160 1 46367.94822770 1
1161 0 -48335.10296601 0
1162 1 41910.22555004 1
1163 1 50098.47102257 1
1164 1 52234.24137958 1
1165 1 62426.90320559 1
1166 1 61641.91549408 1
1167 1 55616.24831986 1
1168 0 -35718.19321743 0
1169 0 -43289.09873475 0
1170 0 -54077.36727345 0
1171 1 26806.09734777 1
1172 0 -54494.07601949 0
1173 0 -40676.70276536 0
1174 1 35255.90130506 1
1175 0 -24117.75134033 0
1176 1 42893.13364080 1
1177 0 -22354.00212371 0
1178 0 -58722.81985798 0
1179 1 53740.54742156 1
1180 1 30460.73973281 1
1181 1 58701.80705661 1
1182 0 -35801.03978439 0
1183 0 -36881.17042677 0
1184 1 57995.99908164 1
1185 1 48622.88634212 1
1186 1 48709.34375050 1
1187 0 -45155.94609539 0
1188 1 57818.89918686 1
1189 1 29267.64780156 1
1190 1 38346.24266003 1
1191 1 29324.66310842 1
1192 1 67121.22178595 1
1193 0 -60503.30407472 0
1194 0 -72853.20725473 0
1195 1 42518.76032600 1
1196 1 7530.41377282 1
1197 0 -38148.51729106 0
1198 0 -34948.48568091 0
1199 1 37807.48860450 1
1200 1 44434.50458232 1
1201 1 45288.31350564 1
1202 1 37891.46338789 1
1203 1 44137.44540970 1
1204 1 41603.95148652 1
1205 1 29403.61276906 1
1206 0 -46623.24272537 0
1207 0 -42691.20347337 0
1208 1 33633.73382245 1
1209 1 49943.42983238 1
1210 1 48805.68017952 1
1211 0 -61481.24469496 0
1212 0 -46153.43934217 0
1213 0 -45948.21190805 0
1214 0 -52241.05487092 0
1215 0 -56068.65577376 0
1216 1 47395.12122209 1
1217 1 49586.17114376 1
1218 0 -42748.59174003 0
1219 1 42217.88815796 1
1220 0 -45195.54680270 0
1221 1 42667.48771139 1
1222 0 -25997.87557417 0
1223 1 59876.20357353 1
1224 0 -41136.43507565 0
1225 1 53180.19343154 1
1226 0 -51719.70774480 0
1227 1 57538.88452508 1
1228 0 -48488.11905693 0
1229 1 38744.19741767 1
1230 1 53920.27677182 1
1231 0 -37990.85696701 0
1232 1 46890.14602004 1
1233 0 -40768.87623296 0
1234 1 22845.62555590 1
1235 1 44907.21091677 1
1236 0 -59830.06241320 0
1237 0 -38482.52315653 0
1238 1 46999.95973990 1
1239 1 53532.86831963 1
1240 1 58017.67329592 1
1241 1 65401.28520205 1
1242 0 -49748.05207245 0
1243 1 54235.15391667 1
1244 0 -35723.70153346 0
1245 0 -61882.21253988 0
1246 1 53422.21262959 1
1247 1 49072.24275146 1
1248 1 59330.66586977 1
1249 0 -53293.47647114 0
1250 1 49462.48816836 1
1251 1 52970.71077382 1
1252 1 55457.34568793 1
1253 0 -67649.66969671 0
1254 0 -49304.40409032 0
1255 1 46094.56441511 1
1256 0 -40802.48901786 0
1257 0 -62135.80990445 0
1258 0 -27359.62764655 0
1259 1 40171.41871498 1
1260 1 45621.06386254 1
1261 0 -51026.70835605 0
1262 1 47513.07559354 1
1263 0 -54825.88133255 0
1264 0 -63136.43410485 0
1265 0 -44237.42305555 0
1266 0 -41477.43626142 0
1267 0 -37396.57079329 0
1268 1 41712.16352691 1
1269 0 -48039.18127824 0
1270 0 -52126.58913672 0
1271 0 -65821.91596644 0
1272 1 35192.36462384 1
1273 1 43496.55125299 1
1274 0 -45638.65319061 0
1275 0 -62234.05160896 0
1276 1 48040.84090402 1
1277 0 -46003.47797253 0
1278 0 -29636.97038230 0
1279 0 -25020.49660561 0
1280 1 58494.09890860 1
1281 0 -26278.45956192 0
1282 1 36832.08688082 1
1283 1 54369.98069656 1
1284 1 31006.90415396 1
1285 1 55113.91694563 1
1286 0 -48303.45068765 0
1287 0 -37436.80402922 0
1288 0 -41064.67727474 0
1289 0 -42851.27122677 0
1290 1 46204.90651387 1
1291 1 31834.26123277 1
1292 0 -34347.30702742 0
1293 0 -45356.94387586 0
1294 1 39029.67009200 1
1295 1 48047.30544742 1
1296 0 -62189.42630132 0
1297 0 -34441.43044755 0
1298 1 49510.93054561 1
1299 0 -62311.43779979 0
1300 1 64751.54865442 1
1301 0 -63184.72851911 0
1302 1 47444.24948272 1
1303 0 -43211.85097009 0
1304 1 50613.78974902 1
1305 0 -54405.59805228 0
1306 0 -69848.87770683 0
1307 0 -48550.78275432 0
1308 1 52469.45938205 1
1309 0 -49254.26255548 0
1310 1 22073.05584863 1
1311 1 34755.62172221 1
1312 1 56933.53484060 1
1313 1 62090.09142860 1
1314 0 -48529.87238268 0
1315 1 34835.56431326 1
1316 1 48181.99492943 1
1317 0 -53413.64497004 0
1318 1 51060.47643548 1
1319 1 48177.72234855 1
1320 0 -56427.89928706 0
1321 1 18479.35214142 1
1322 1 53748.09879371 1
1323 1 52939.36899247 1
1324 0 -64527.66879792 0
1325 0 -40117.08282756 0
1326 1 38737.24431758 1
1327 0 -27455.61773296 0
1328 1 40529.50478528 1
1329 0 -58283.89748368 0
1330 0 -37350.98399276 0
1331 1 39857.27526198 1
1332 0 -52169.81558263 0
1333 1 30004.63972670 1
1334 1 42675.92193458 1
1335 1 43010.41888233 1
1336 0 -48052.75266493 0
1337 0 -64054.40966400 0
1338 0 -32819.64369919 0
1339 1 42474.17575729 1
1340 0 -55180.58514448 0
1341 1 47903.72396513 1
1342 1 35626.54980420 1
1343 0 -55663.31328609 0
1344 1 40430.10831414 1
1345 0 -36313.56095923 0
1346 0 -44092.27578535 0
1347 0 -52085.71444194 0
1348 0 -45459.23405547 0
1349 0 -44005.71219912 0
1350 0 -48193.09023850 0
1351 0 -21454.10026302 0
1352 1 32767.13723015 1
1353 1 44826.09872711 1
1354 0 -37964.68608814 0
1355 0 -36288.17683536 0
1356 0 -41735.30425624 0
1357 0 -39753.59031346 0
1358 1 44643.34824314 1
1359 0 -50785.14609168 0
1360 1 45769.52924209 1
1361 0 -49967.00735048 0
1362 0 -46864.31162604 0
1363 0 -28198.86574593 0
1364 1 27714.96648246 1
1365 0 -45500.55880578 0
1366 0 -61717.48293696 0
1367 1 50453.26644414 1
1368 1 57825.75864324 1
1369 0 -53665.68245152 0
1370 0 -59807.82845568 0
1371 1 30121.27361022 1
1372 1 49941.71663592 1
1373 1 38029.99716066 1
1374 1 45458.98563200 1
1375 0 -42870.68429492 0
1376 0 -45161.29120174 0
1377 0 -46122.83839120 0
1378 1 60179.21799671 1
1379 1 37044.56255162 1
1380 0 -46855.88708343 0
1381 1 42857.87359689 1
1382 0 -56180.40744155 0
1383 0 -39263.13633574 0
1384 0 -41100.27008194 0
1385 1 32383.05993845 1
1386 0 -19192.14059174 0
1387 0 -43550.83699457 0
1388 0 -10150.57855865 0
1389 0 -63556.11235672 0
1390 1 24864.03203029 1
1391 0 -48470.87615357 0
1392 0 -68287.54622234 0
1393 1 45611.56447097 1
1394 0 -60205.36623292 0
1395 0 -60279.64610554 0
1396 1 47709.03497922 1
1397 1 55388.19915825 1
1398 0 -45282.20555345 0
1399 1 44208.69131676 1
1400 0 -35398.15613272 0
1401 0 -11200.49356260 0
1402 0 -25184.22152272 0
1403 1 28174.12713151 1
1404 1 25518.83904517 1
1405 0 -42796.01133299 0
1406 0 -44183.19438607 0
1407 1 43460.14224402 1
1408 0 -40655.97120951 0
1409 1 34891.20980873 1
1410 0 -33421.06816977 0
1411 0 -51395.24927786 0
1412 0 -33458.87070397 0
1413 1 15403.93362410 1
1414 0 -41587.22675664 0
1415 1 46049.32705683 1
1416 0 -34218.37202111 0
1417 1 45269.21449820 1
1418 0 -38703.12681026 0
1419 0 -34579.65550721 0
1420 0 -56154.67157138 0
1421 0 -45504.18413994 0
1422 1 43516.51102891 1
1423 0 -53340.00951422 0
1424 0 -60479.58238542 0
1425 1 58313.93162260 1
1426 0 -55573.32207414 0
1427 0 -46070.11940543 0
1428 1 34719.06574347 1
1429 0 -24714.43432834 0
1430 1 46016.21967459 1
1431 0 -40116.13714134 0
1432 1 56690.53377682 1
1433 0 -50822.38965461 0
1434 1 46527.75882176 1
1435 1 40986.04647840 1
1436 0 -58889.50194021 0
1437 0 -30400.63616898 0
1438 0 -46278.82558876 0
1439 0 -40415.16247480 0
1440 1 39387.08427100 1
1441 1 51262.02543152 1
1442 1 34726.02441434 1
1443 0 -16044.47637516 0
1444 1 56174.69594902 1
1445 0 -43322.70033384 0
1446 1 33549.31471492 1
1447 1 37680.65166083 1
1448 0 -44688.26511426 0
1449 1 30593.09802971 1
1450 1 37406.72160723 1
1451 1 50303.22562367 1
1452 1 56959.78141793 1
1453 1 48179.47818438 1
1454 0 -52713.78332826 0
1455 0 -42156.66249391 0
1456 1 26386.17668774 1
1457 0 -33352.65691748 0
1458 0 -37827.88000817 0
1459 0 -18768.15085331 0
1460 0 -31618.46656557 0
1461 1 34771.74714847 1
1462 0 -63530.19017313 0
1463 0 -22872.21673068 0
1464 0 -58084.51601269 0
1465 0 -24996.93114107 0
1466 1 37615.59348658 1
1467 0 -46461.43172122 0
1468 1 25186.84379610 1
1469 1 59946.85274862 1
1470 0 -34567.09746158 0
1471 0 -63988.38444782 0
1472 0 -45063.18143564 0
1473 1 36486.45995380 1
1474 1 45812.72146781 1
1475 0 -63450.36617244 0
1476 0 -38824.09394080 0
1477 1 31937.30939321 1
1478 0 -41132.54511565 0
1479 0 -42478.12192080 0
1480 0 -40406.44284693 0
1481 1 46864.44170802 1
1482 1 25394.83708448 1
1483 0 -59350.49838473 0
1484 0 -33742.26100453 0
1485 1 47202.37824428 1
1486 1 35728.42134180 1
1487 0 -55094.13715435 0
1488 1 47058.17323202 1
1489 1 20392.39645357 1
1490 0 -52474.38112121 0
1491 1 48841.65050713 1
1492 1 40630.66849375 1
1493 0 -51765.53373630 0
1494 1 34563.03086893 1
1495 1 34909.89275775 1
1496 0 -38369.32063146 0
1497 1 36923.19680842 1
1498 0 -54332.94320169 0
1499 0 -52554.13134620 0
1500 1 49141.07022917 1
1501 1 57856.35668324 1
1502 0 -42197.90595871 0
1503 0 -46057.31638153 0
1504 1 41034.71119599 1
1505 0 -44836.65282117 0
1506 0 -33772.36125514 0
1507 0 -38943.24274558 0
1508 0 -59917.04960050 0
1509 1 26323.92642495 1
1510 0 -47674.86010110 0
1511 1 51746.28190986 1
1512 1 38783.28088156 1
1513 1 58431.59714752 1
1514 1 34848.39204824 1
1515 1 41238.21046704 1
1516 1 44203.56059198 1
1517 1 33580.95453783 1
1518 1 49509.88615721 1
1519 0 -35157.61749420 0
1520 1 23883.12181022 1
1521 1 42769.06920334 1
1522 0 -57703.20514666 0
1523 1 38339.74822569 1
1524 0 -55242.16323192 0
1525 0 -28851.30228403 0
1526 0 -27664.41963491 0
1527 1 29193.21489122 1
1528 1 47437.98005520 1
1529 1 62749.52453897 1
1530 1 49374.66589600 1
1531 1 49614.80678034 1
1532 0 -36325.72002356 0
1533 1 44037.95093509 1
1534 0 -26597.03789183 0
1535 1 71428.85508057 1
1536 0 -50212.83457972 0
1537 1 38814.18191438 1
1538 0 -34141.48389401 0
1539 0 -50827.74130898 0
1540 1 36911.15364191 1
1541 1 41326.76676730 1
1542 0 -40072.33948889 0
1543 0 -58823.37234245 0
1544 1 40438.02865910 1
1545 1 41628.08543481 1
1546 1 50431.24041949 1
1547 1 41808.51254805 1
1548 0 -46192.81873945 0
1549 1 48044.95244020 1
1550 0 -63621.08293790 0
1551 1 34637.89329557 1
1552 0 -25239.95545963 0
1553 1 48374.39609683 1
1554 0 -40625.70453900 0
1555 1 31111.91372555 1
1556 1 56349.18342296 1
1557 0 -17365.78764559 0
1558 0 -41550.71041222 0
1559 0 -59443.76671028 0
1560 1 70846.46361566 1
1561 1 42415.02039845 1
1562 1 39638.02974131 1
1563 1 47681.47751409 1
1564 0 -41984.30432850 0
1565 1 54953.70159806 1
1566 1 44462.31904592 1
1567 0 -67218.90287901 0
1568 1 63571.98460879 1
1569 0 -47580.73170922 0
1570 0 -37714.44767997 0
1571 1 50799.53048770 1
1572 0 -49941.94560994 0
1573 1 40339.40833911 1
1574 0 -37929.69237254 0
1575 1 8701.37522837 1
1576 1 34758.67390344 1
1577 1 36745.22781821 1
1578 0 -64739.59822372 0
1579 1 51692.28020050 1
1580 0 -38098.22754459 0
1581 1 42749.63189897 1
1582 0 -46221.81080132 0
1583 1 43678.66053288 1
1584 0 -61543.99511072 0
1585 0 -30964.45110454 0
1586 1 31227.87182920 1
1587 0 -25934.59154766 0
1588 0 -43298.57661794 0
1589 1 55860.20148524 1
1590 0 -33324.24558115 0
1591 0 -50560.79733995 0
1592 1 49394.73664404 1
1593 0 -45638.03552482 0
1594 1 38965.20530684 1
1595 0 -46194.12236797 0
1596 0 -39079.67624599 0
1597 0 -41514.59830671 0
1598 1 28937.72919865 1
1599 0 -49227.23243877 0
1600 1 28488.02448332 1
1601 1 36641.13625709 1
1602 0 -42029.80713183 0
1603 0 -44141.44709175 0
1604 1 40743.80535164 1
1605 1 38898.53740022 1
1606 1 29674.55081754 1
1607 1 35657.14523772 1
1608 0 -47486.78532288 0
1609 0 -41354.09480134 0
1610 0 -36406.01991961 0
1611 0 -38769.60218209 0
1612 1 27557.89550364 1
1613 0 -42264.16822467 0
1614 1 10360.74724296 1
1615 1 31772.44189382 1
1616 1 55378.81680971 1
1617 1 29781.81024499 1
1618 1 29008.94524185 1
1619 1 56079.42122302 1
1620 0 -38138.66052342 0
1621 0 -48890.90568296 0
1622 1 41775.14596971 1
1623 0 -41778.20486964 0
1624 0 -42198.61257692 0
1625 0 -42176.22892565 0
1626 0 -51491.47271942 0
1627 0 -71343.49184971 0
1628 1 52767.71120173 1
1629 0 -31621.05246069 0
1630 1 56974.39170547 1
1631 1 28567.06721902 1
1632 1 42462.80065827 1
1633 0 -32114.56837303 0
1634 1 48932.18306002 1
1635 0 -31532.92447949 0
1636 0 -22239.90782828 0
1637 0 -36959.72944389 0
1638 0 -65053.04032404 0
1639 0 -37871.11555833 0
1640 0 -38377.11831172 0
1641 0 -57709.13487035 0
1642 0 -55986.57585500 0
1643 1 22956.92709691 1
1644 0 -60600.90435876 0
1645 0 -27538.53912096 0
1646 0 -40851.77822959 0
1647 1 38060.27595567 1
1648 1 55984.34505667 1
1649 1 43140.39056745 1
1650 0 -27502.23326682 0
1651 1 36803.21477925 1
1652 1 57758.44450903 1
1653 1 54345.25219093 1
1654 0 -43284.92301093 0
1655 0 -53977.41179553 0
1656 1 22532.32367392 1
1657 0 -47181.10869807 0
1658 1 31307.04558905 1
1659 0 -36889.11302666 0
1660 1 33726.57517207 1
1661 1 20391.94648287 1
1662 1 22391.11089118 1
1663 1 44583.28459332 1
1664 0 -29798.55601315 0
1665 0 -28550.17873572 0
1666 1 33489.10613035 1
1667 0 -23919.16734761 0
1668 1 33352.87022285 1
1669 0 -42565.44737903 0
1670 0 -34629.85435683 0
1671 0 -48458.99144885 0
1672 0 -42979.80504589 0
1673 0 -23734.55132335 0
1674 0 -29572.61161067 0
1675 0 -28801.86532724 0
1676 1 41202.59016992 1
1677 0 -40328.63638320 0
1678 1 12141.92526525 1
1679 1 42886.78261861 1
1680 1 45061.78180937 1
1681 1 49865.05326053 1
1682 0 -23946.21907967 0
1683 0 -51937.79424906 0
1684 0 -33071.01431956 0
1685 0 -43891.02217870 0
1686 0 -36577.94220401 0
1687 0 -47108.16057801 0
1688 0 -23876.09920499 0
1689 0 -21664.09616723 0
1690 1 66153.06703280 1
1691 1 25367.68566114 1
1692 0 -27810.49592289 0
1693 0 -40604.50920085 0
1694 0 -34780.81618471 0
1695 0 -15885.08103844 0
1696 1 55759.47037110 1
1697 1 42323.20957777 1
1698 1 45189.15870634 1
1699 0 -50137.90030982 0
1700 1 52599.79737805 1
1701 0 -49216.24525007 0
1702 0 -28730.89447248 0
1703 0 -40700.31985596 0
1704 0 -45207.41114551 0
1705 1 64415.02958723 1
1706 0 -33164.58967757 0
1707 1 44078.15483178 1
1708 1 54987.18556099 1
1709 0 -34370.22648691 0
1710 0 -45729.95290012 0
1711 1 29208.55124965 1
1712 1 44672.42541770 1
1713 0 -38396.68698035 0
1714 1 52196.48865107 1
1715 1 44253.94724672 1
1716 1 26425.67841083 1
1717 0 -52782.46488417 0
1718 1 43746.34643056 1
1719 1 26924.07747909 1
1720 1 34470.16333326 1
1721 1 30832.36298833 1
1722 0 -52016.79567597 0
1723 0 -43725.73416505 0
1724 0 -54893.47183720 0
1725 0 -41639.41055828 0
1726 0 -51792.47617941 0
1727 0 -32731.41083370 0
1728 0 -24969.49966781 0
1729 0 -53719.84409211 0
1730 1 23838.76258555 1
1731 0 -69912.97664332 0
1732 1 35500.17536506 1
1733 0 -43149.05967032 0
1734 1 39402.50679972 1
1735 0 -55716.30525072 0
1736 0 -35232.50371815 0
1737 0 -40112.96850431 0
1738 1 29134.50191148 1
1739 0 -30763.93506119 0
1740 1 46638.46853858 1
1741 1 50519.96730218 1
1742 0 -19198.73004267 0
1743 1 61495.77313655 1
1744 0 -29535.74069709 0
1745 0 -44852.91332319 0
1746 0 -61560.03359791 0
1747 0 -49493.08119164 0
1748 0 -27370.42197476 0
1749 1 30703.17760969 1
1750 1 54139.46626166 1
1751 0 -34111.10050582 0
1752 1 32993.83231558 1
1753 0 -42733.59654689 0
1754 1 39229.42026656 1
1755 0 -36008.46058831 0
1756 0 -63426.11978532 0
1757 0 -43516.63398905 0
1758 1 47004.78077097 1
1759 1 40273.39636168 1
1760 1 63894.98019549 1
1761 0 -53045.40836910 0
1762 1 40651.94799721 1
1763 0 -40862.86958634 0
1764 0 -33411.58658790 0
1765 1 68362.08589198 1
1766 1 19031.28735227 1
1767 1 49019.91306093 1
1768 0 -57968.76451219 0
1769 0 -50254.52212570 0
1770 1 28641.50751629 1
1771 0 -6908.98484089 0
1772 1 49878.60384959 1
1773 1 50460.19018439 1
1774 1 46092.67090260 1
1775 1 30597.56956121 1
1776 1 46502.41250090 1
1777 0 -44854.36209301 0
1778 1 28281.04290628 1
1779 1 45371.22020340 1
1780 1 33629.67599973 1
1781 1 38342.71000914 1
1782 0 -65173.75455354 0
1783 0 -40231.48446679 0
1784 1 53292.61960974 1
1785 0 -32225.91989888 0
1786 1 34275.25007627 1
1787 1 28074.78759769 1
1788 1 36552.09563589 1
1789 0 -62377.22815589 0
1790 0 -52739.46300059 0
1791 1 47348.69039218 1
1792 1 47615.24997917 1
1793 0 -38637.64641812 0
1794 1 37647.59363247 1
1795 1 46928.90637037 1
1796 0 -50849.36630239 0
1797 1 68750.14392899 1
1798 1 25506.16221516 1
1799 0 -52747.46863345 0
1800 0 -46749.19276407 0
1801 1 34135.88824429 1
1802 1 49815.73734522 1
1803 1 45083.75276045 1
1804 1 40757.09103327 1
1805 0 -34197.72925468 0
1806 0 -37226.70453335 0
1807 1 42879.51260383 1
1808 0 -31985.82184666 0
1809 1 41759.19269213 1
1810 0 -54826.69284844 0
1811 0 -35276.05188452 0
1812 0 -34159.78585011 0
1813 1 33078.95991365 1
1814 0 -46098.07967653 0
1815 1 25797.45214736 1
1816 0 -55461.76810651 0
1817 0 -28826.59827778 0
1818 0 -49150.71924800 0
1819 1 57450.10561540 1
1820 0 -51710.04358770 0
1821 1 43668.05777369 1
1822 0 -40429.00609107 0
1823 1 32050.69902974 1
1824 0 -50074.63906828 0
1825 1 40136.15014808 1
1826 1 57138.79545351 1
1827 1 55015.43137971 1
1828 0 -54875.93133620 0
1829 0 -45172.38409946 0
1830 0 -52809.29214382 0
1831 0 -36383.93278292 0
1832 1 40347.72944055 1
1833 1 50151.52966838 1
1834 0 -39839.72095587 0
1835 0 -38501.42833718 0
1836 1 37145.58735069 1
1837 0 -50963.82465072 0
1838 1 58070.17161141 1
1839 1 35749.62283255 1
1840 0 -39086.63093795 0
1841 0 -28421.93151332 0
1842 1 57843.27783206 1
1843 1 43136.91185525 1
1844 1 68648.37703353 1
1845 1 35932.16064451 1
1846 1 18587.21262903 1
1847 1 28374.32817093 1
1848 1 34550.07870550 1
1849 0 -53904.38757815 0
1850 0 -18524.77939485 0
1851 1 50010.84428930 1
1852 0 -66379.32492670 0
1853 0 -18712.23921166 0
1854 1 66155.57670752 1
1855 1 38609.00986378 1
1856 1 32525.91637680 1
1857 0 -59564.00501115 0
1858 0 -36024.72408819 0
1859 1 40072.70477395 1
1860 1 27221.02890850 1
1861 1 33490.52676152 1
1862 0 -49141.66726202 0
1863 1 37993.02338579 1
1864 1 33294.74413178 1
1865 0 -40200.59589006 0
1866 0 -9962.10699913 0
1867 1 26809.88347541 1
1868 1 47064.49476734 1
1869 1 31893.84125583 1
1870 1 32781.85257192 1
1871 1 35947.52484970 1
1872 0 -31336.24195208 0
1873 0 -21988.83528505 0
1874 0 -24654.97808845 0
1875 1 23952.05610089 1
1876 0 -42905.65908388 0
1877 1 27858.40467097 1
1878 1 27296.02085128 1
1879 1 47305.92611010 1
1880 0 -39256.92670838 0
1881 1 38145.03336970 1
1882 1 39438.03950081 1
1883 0 -38349.67448051 0
1884 1 43593.59408250 1
1885 1 43730.27607421 1
1886 1 60704.40292009 1
1887 1 51872.45987693 1
1888 0 -36795.38706930 0
1889 1 39989.87416172 1
1890 1 54354.64741773 1
1891 0 -21159.71093315 0
1892 1 36563.32083543 1
1893 0 -37598.54818498 0
1894 0 -49687.92800401 0
1895 1 39495.75433367 1
1896 1 54741.08461054 1
1897 0 -40203.68103291 0
1898 0 -45381.94900735 0
1899 0 -8856.07365240 0
1900 0 -31343.01740917 0
1901 0 -50161.86053070 0
1902 1 48947.34602103 1
1903 0 -7847.93207708 0
1904 1 41317.66668212 1
1905 1 28310.12193912 1
1906 0 -35028.25685581 0
1907 1 37132.88842328 1
1908 0 -39435.10606108 0
1909 1 38888.75934210 1
1910 1 36733.67962443 1
1911 1 36813.82916697 1
1912 1 64829.35030581 1
1913 0 -46791.39372788 0
1914 1 64858.50541353 1
1915 0 -40861.99104055 0
1916 0 -27500.98896367 0
1917 0 -49203.87823160 0
1918 0 -25359.95260815 0
1919 1 22845.40543987 1
1920 0 -33500.89601793 0
1921 0 -33048.97856271 0
1922 0 -49758.32164734 0
1923 0 -30103.48524714 0
1924 1 37343.64579957 1
1925 1 20124.39494890 1
1926 0 -7336.27758185 0
1927 0 -38022.84678973 0
1928 0 -12685.73075150 0
1929 1 35822.95963615 1
1930 0 -27873.34029089 0
1931 0 -59954.32293098 0
1932 0 -30284.85069538 0
1933 0 -18143.17279432 0
1934 1 32075.51480240 1
1935 0 -36980.27021393 0
1936 0 -34157.75055419 0
1937 0 -32885.84638242 0
1938 1 35979.89610594 1
1939 1 32923.25128552 1
1940 0 -33728.44174084 0
1941 0 -52521.95360178 0
1942 1 34367.49211785 1
1943 1 50858.89113053 1
1944 0 -28904.03523342 0
1945 1 32504.68329256 1
1946 1 42556.94931274 1
1947 1 37325.46744199 1
1948 1 46236.97717419 1
1949 1 -4100.06128730 0
1950 1 62578.77980213 1
1951 1 41561.18161251 1
1952 0 -4621.54497654 0
1953 1 39938.97749258 1
1954 1 37938.46954902 1
1955 1 20164.64135357 1
1956 1 57297.66883997 1
1957 1 24460.30523938 1
1958 0 -25806.95865487 0
1959 0 -52986.83478882 0
1960 1 31533.12678093 1
1961 0 -62526.45115562 0
1962 1 29113.19089477 1
1963 0 -38040.10395006 0
1964 1 41251.55486497 1
1965 1 44411.69396004 1
1966 1 39485.01979660 1
1967 1 34789.22996611 1
1968 0 -57859.68152754 0
1969 0 -32853.46247038 0
1970 0 -39538.09837497 0
1971 0 -51990.60004379 0
1972 0 -52243.32387530 0
1973 0 -62003.93777950 0
1974 1 44980.64078935 1
1975 0 -60318.23355892 0
1976 0 -29976.27736123 0
1977 1 47683.66373929 1
1978 1 26995.05581992 1
1979 1 28041.56776900 1
1980 0 4100.06128730 1
1981 1 41224.34878104 1
1982 0 -55615.38582353 0
1983 0 -46765.54568520 0
1984 1 52440.56801999 1
1985 1 25491.14284578 1
1986 0 -32934.52474282 0
1987 1 46292.82249587 1
1988 1 47098.23787216 1
1989 1 55099.88948180 1
1990 1 46029.10627665 1
1991 0 -57182.39081072 0
1992 1 40320.14822462 1
1993 0 -47568.12377443 0
1994 0 -36350.05381426 0
1995 0 -48060.22765273 0
1996 0 -50607.98272362 0
1997 1 33399.64871497 1
1998 1 45100.59685112 1
1999 0 -47593.23755607 0
2000 1 34432.05108361 1
2001 0 -35238.61529022 0
2002 1 28426.50696520 1
2003 0 -61594.43893378 0
2004 0 -23953.72353808 0
2005 0 4722.85945307 1
2006 1 63546.02220817 1
2007 0 -47040.50590719 0
2008 0 -50913.17760160 0
2009 1 41812.70272781 1
2010 1 66805.77444114 1
2011 1 37262.98507257 1
2012 0 -44256.63575044 0
2013 1 50548.24713899 1
2014 0 -32336.70752092 0
2015 1 24405.13574463 1
2016 1 64161.46284890 1
2017 0 -34690.92028751 0
2018 0 -40142.76199055 0
2019 1 64065.74369828 1
2020 0 -58539.48979472 0
2021 1 42041.24417366 1
2022 1 26853.03076361 1
2023 1 47951.57116439 1
2024 1 36950.30851673 1
2025 1 56441.16649659 1
2026 1 37825.02157055 1
2027 0 -39946.80972521 0
2028 0 -68364.82950371 0
2029 1 54666.73255089 1
2030 1 36325.08205885 1
2031 1 39379.51072791 1
2032 1 45756.80405376 1
2033 0 -60145.55986068 0
2034 1 58774.34613165 1
2035 0 -40416.56445525 0
2036 0 -39684.21218999 0
2037 0 -52868.69595436 0
2038 0 -45357.64166923 0
2039 1 40599.08911961 1
2040 0 -41731.68897635 0
2041 0 -49376.78505378 0
2042 1 63131.61561510 1
2043 1 43692.49069348 1
2044 1 53839.86008861 1
2045 0 -54515.72099468 0
2046 0 -25733.04085173 0
2047 0 -31650.47880993 0
2048 1 55372.52696184 1
2049 1 67068.75655594 1
2050 1 46114.18300033 1
2051 0 -41313.96002450 0
2052 1 49289.34526482 1
2053 1 41688.28901434 1
2054 0 -40993.06722045 0
2055 0 -55055.94003139 0
2056 0 -37200.42730672 0
2057 0 -48888.18674251 0
2058 0 -24454.26647262 0
2059 1 52904.15385205 1
2060 0 -28583.45280434 0
2061 1 44128.02515724 1
2062 0 -42341.86136015 0
2063 0 -49199.67197522 0
2064 1 44265.21195500 1
2065 1 24819.81014758 1
2066 0 -41748.16190055 0
2067 1 38167.43373752 1
2068 1 49994.73423552 1
2069 0 -34717.48533482 0
2070 0 -41759.05233871 0
2071 0 -20680.85273595 0
2072 0 -20000.71248383 0
2073 0 -38865.35517892 0
2074 0 -23844.33231216 0
2075 0 -41092.22742977 0
2076 1 45975.80730718 1
2077 1 28315.25105279 1
2078 1 53050.98108339 1
2079 1 52920.68719966 1
2080 1 60478.58568458 1
2081 0 -49063.24067126 0
2082 1 44765.23953215 1
2083 0 -32719.05854805 0
2084 1 36861.63244214 1
2085 1 51116.99881366 1
2086 0 -51561.98210169 0
2087 1 70607.77116384 1
2088 1 59076.76098943 1
2089 0 -38981.81814627 0
2090 1 48594.49662286 1
2091 0 -35701.96556830 0
2092 0 -50982.97677553 0
2093 0 -48184.08544884 0
2094 1 51877.81115110 1
2095 0 -35882.81285925 0
2096 0 -36146.57443892 0
2097 0 -23564.65966477 0
2098 1 51151.78584360 1
2099 0 -43344.26746122 0
2100 1 38533.07074413 1
2101 1 42928.25731520 1
2102 0 -52259.00837469 0
2103 0 -41145.46013820 0
2104 1 59276.65078666 1
2105 0 -47073.52158543 0
2106 0 -47920.65292134 0
2107 0 -28018.01004053 0
2108 1 51076.19033958 1
2109 0 -54546.81324895 0
2110 1 22773.05652998 1
2111 0 -41710.78043480 0
2112 0 -53860.10568998 0
2113 0 -49985.09536886 0
2114 1 54450.78570807 1
2115 0 -51742.97587681 0
2116 1 38297.21434008 1
2117 0 -51054.81077005 0
2118 1 29190.52227164 1
2119 0 -38197.33025488 0
2120 0 -47282.00914633 0
2121 1 36041.73643861 1
2122 1 42829.51990396 1
2123 1 49471.09630929 1
2124 0 -43490.63129629 0
2125 0 -43892.19592674 0
2126 1 41206.61183923 1
2127 1 38533.49184390 1
2128 1 45038.34384887 1
2129 1 37766.44754318 1
2130 0 -51214.27599091 0
2131 0 -43184.91038079 0
2132 1 39134.91761369 1
2133 1 29102.60864315 1
2134 1 29862.29984229 1
2135 0 -42502.37460731 0
2136 1 57747.55668531 1
2137 0 -37856.89224226 0
2138 0 -29127.74155719 0
2139 0 -47032.81516148 0
2140 1 53062.10931227 1
2141 0 -36176.39347973 0
2142 1 43884.18357204 1
2143 0 -58075.82732846 0
2144 0 -53739.65853090 0
2145 1 60917.14315524 1
2146 0 -62642.51806851 0
2147 0 -58441.18988615 0
2148 0 -43867.56785106 0
2149 0 -36234.60643412 0
2150 1 45782.22870191 1
2151 1 16480.95342559 1
2152 0 -28936.90288412 0
2153 1 41942.91747494 1
2154 1 22509.39773809 1
2155 0 -41150.84521143 0
2156 1 49827.66181446 1
2157 0 -31871.57217262 0
2158 0 -56007.45005450 0
2159 0 -46083.01175564 0
2160 0 -43254.49942245 0
2161 1 56188.67478051 1
2162 1 40807.47878246 1
2163 0 -33052.46328514 0
2164 1 62086.66539849 1
2165 0 -34681.80017722 0
2166 0 -42326.20686038 0
2167 1 29576.70604153 1
2168 1 56333.29757950 1
2169 1 58813.55568552 1
2170 0 -28393.09238368 0
2171 1 57119.51106480 1
2172 0 -51519.75289060 0
2173 1 61118.94645940 1
2174 1 60758.13522247 1
2175 0 -45706.24833917 0
2176 0 -34711.60133834 0
2177 1 45635.87447874 1
2178 0 -45878.69086893 0
2179 1 32346.26102900 1
2180 1 47402.25049039 1
2181 0 -24310.73181462 0
2182 1 30764.93310319 1
2183 0 -58209.41160668 0
2184 1 28535.28365769 1
2185 0 -45872.42744868 0
2186 1 46331.61557638 1
2187 1 41300.34626042 1
2188 1 31498.62796043 1
2189 1 51562.28424205 1
2190 0 -64038.07151333 0
2191 1 41375.08038857 1
2192 1 42330.53546298 1
2193 0 -31243.30640845 0
2194 1 45303.21300445 1
2195 0 -54632.53359753 0
2196 0 -44615.82255006 0
2197 1 50034.42420493 1
2198 0 -35187.11278116 0
2199 0 -45683.07047899 0
2200 0 -53451.71251801 0
2201 0 -39203.87175385 0
2202 1 8382.41696997 1
2203 1 65166.08367635 1
2204 1 31950.21546680 1
2205 0 -47746.12783339 0
2206 0 -65751.44029857 0
2207 0 -55674.32455285 0
2208 0 -30015.87100589 0
2209 1 39997.66309798 1
2210 0 -59699.51342968 0
2211 0 -30211.70098164 0
2212 1 49753.85591095 1
2213 0 -58905.23945408 0
2214 1 46504.13628464 1
2215 1 36574.32513912 1
2216 1 64980.33037009 1
2217 0 -59744.48225267 0
2218 0 -53058.15867999 0
2219 1 58722.61372877 1
2220 0 -70522.80197661 0
2221 0 -65757.31209060 0
2222 0 -43701.05772865 0
2223 1 50189.14657521 1
2224 1 52736.97631473 1
2225 1 64884.29686860 1
2226 0 -31954.69798440 0
2227 1 53601.49316801 1
2228 0 -55202.56403163 0
2229 0 -50767.68840734 0
2230 0 -38047.38322957 0
2231 0 -49262.00907352 0
2232 1 50532.73316255 1
2233 0 -64860.87478950 0
2234 1 53571.65956853 1
2235 1 37660.91689966 1
2236 0 -38668.72326095 0
2237 0 -61583.89631732 0
2238 0 -47001.44787044 0
2239 1 35970.49639555 1
2240 1 39184.34012549 1
2241 0 -53665.04126860 0
2242 1 56303.66558508 1
2243 1 51481.34303260 1
2244 0 -59211.43038160 0
2245 1 42797.01027482 1
2246 1 49077.80252487 1
2247 1 45357.31441143 1
2248 0 -48026.46714790 0
2249 1 66186.81444710 1
2250 1 47441.57376648 1
2251 1 49176.32744194 1
2252 1 40974.49701386 1
2253 0 -43666.89121375 0
2254 1 47853.93982223 1
2255 0 -70914.05133743 0
2256 0 -46622.78637099 0
2257 0 -40429.19904197 0
2258 1 43149.07286061 1
2259 1 52470.56469001 1
2260 0 -48404.03436991 0
2261 0 -26066.34904769 0
2262 1 45232.12714137 1
2263 1 46196.27179037 1
2264 0 -38583.31131889 0
2265 0 -33880.73882455 0
2266 0 -55391.14892801 0
2267 1 51990.40375835 1
2268 0 -53887.69409901 0
2269 0 -45047.61557206 0
2270 0 -47855.45220732 0
2271 0 -39608.11604880 0
2272 0 -43865.93364425 0
2273 1 38111.75853180 1
2274 1 55995.64233443 1
2275 1 50709.98723813 1
2276 0 -66740.39821231 0
2277 0 -36843.42450825 0
2278 0 -41860.55935914 0
2279 1 60101.27252305 1
2280 1 67730.08078261 1
2281 0 -51675.76369939 0
2282 1 51834.87243433 1
2283 1 48125.79556031 1
2284 0 -30923.12289361 0
2285 1 50367.99651690 1
2286 0 -52736.90862008 0
2287 1 57693.85003054 1
2288 0 -73201.06009546 0
2289 1 51142.64334672 1
2290 1 43881.43337579 1
2291 0 -38621.21302929 0
2292 1 52508.49497632 1
2293 0 -43041.50968609 0
2294 1 59820.95871860 1
2295 0 -45833.28592053 0
2296 0 -38443.81975288 0
2297 1 47966.46400013 1
2298 1 59109.42691061 1
2299 0 -27478.62604840 0
2300 1 31313.96520542 1
2301 1 55637.73287473 1
2302 0 -65627.50444748 0
2303 1 37993.85832187 1
2304 0 -68711.82597967 0
2305 1 37611.54700363 1
2306 1 22367.23451103 1
2307 1 37066.14421360 1
2308 1 45055.52821076 1
2309 0 -52134.55618360 0
2310 0 -35443.40068743 0
2311 0 -53512.67120849 0
2312 0 -25857.60106253 0
2313 0 -35756.48045217 0
2314 0 -43045.67900481 0
2315 1 45958.82165140 1
2316 1 42915.05213774 1
2317 1 72855.89478092 1
2318 1 39349.25818668 1
2319 1 16220.37269749 1
2320 1 44663.30715302 1
2321 1 40656.61225954 1
2322 1 49864.82225145 1
2323 1 61476.69960099 1
2324 0 -51030.69082459 0
2325 0 -36009.61512739 0
2326 0 -39642.50850009 0
2327 1 34757.50619521 1
2328 1 44298.11994628 1
2329 0 -52064.72550236 0
2330 0 -50672.52471654 0
2331 1 44779.47701747 1
2332 1 33162.74711475 1
2333 1 36233.39640639 1
2334 0 -44291.35126702 0
2335 0 -34534.37141320 0
2336 1 57315.80633774 1
2337 1 37212.77741047 1
2338 0 -40872.30075896 0
2339 0 -46423.05292216 0
2340 0 -53662.21940544 0
2341 0 -52577.30536439 0
2342 1 50606.87344063 1
2343 0 -40874.18397380 0
2344 0 -39543.03064229 0
2345 0 -42437.21701235 0
2346 0 -45613.03501992 0
2347 0 -64966.82821039 0
2348 1 48910.54529846 1
2349 0 -34824.10097956 0
2350 0 -57422.78402702 0
2351 0 -48281.49364144 0
2352 1 54161.34349858 1
2353 0 -53898.94721882 0
2354 0 -36394.45220355 0
2355 1 47580.09964088 1
2356 1 36533.86304011 1
2357 0 -31287.86516945 0
2358 0 -62130.91939283 0
2359 0 -29414.08966688 0
2360 0 -50019.12894168 0
2361 1 40159.59205341 1
2362 0 -55828.76354603 0
2363 1 30464.68299017 1
2364 1 57709.53353901 1
2365 0 -39439.88575913 0
2366 0 -18598.69561788 0
2367 0 -38270.52228247 0
2368 1 26375.71412733 1
2369 0 -42756.62204706 0
2370 1 27903.87173530 1
2371 1 44096.15821989 1
2372 0 -50657.61484631 0
2373 1 46211.61625637 1
2374 1 69305.32633964 1
2375 0 -59949.69433487 0
2376 0 -42796.62168636 0
2377 1 54500.98541829 1
2378 1 48173.54161261 1
2379 0 -40872.73962808 0
2380 0 -25038.48756036 0
2381 0 -35070.87683231 0
2382 0 -43371.87044654 0
2383 0 -36964.18305424 0
2384 0 -31717.08597189 0
2385 0 -41577.09307058 0
2386 1 49032.55338784 1
2387 0 -44244.51045780 0
2388 0 -36047.11851754 0
2389 0 -27528.35537459 0
2390 1 41079.82116549 1
2391 0 -66450.73263159 0
2392 1 15077.93198163 1
2393 0 -30940.16572036 0
2394 1 26195.59546853 1
2395 0 -23876.46935110 0
2396 0 -44690.09636705 0
2397 0 -38396.86356517 0
2398 1 50049.07550950 1
2399 0 -61410.93598924 0
2400 0 -44218.87978757 0
2401 1 49946.99894015 1
2402 0 -46173.92716054 0
2403 1 51391.97549668 1
2404 0 -35349.09770451 0
2405 1 38875.66580422 1
2406 0 -49907.13247378 0
2407 0 -59669.18561296 0
2408 1 45179.33720757 1
2409 1 32033.26257241 1
2410 1 50055.25697281 1
2411 0 -38004.66931286 0
2412 1 39924.09342533 1
2413 1 51448.37138452 1
2414 0 -37017.23095039 0
2415 1 26772.48375084 1
2416 1 55956.89802519 1
2417 0 -18433.32426088 0
2418 0 -44873.94095635 0
2419 0 -47004.79732917 0
2420 1 37737.01035520 1
2421 1 61486.03029300 1
2422 0 -37565.18470726 0
2423 1 34921.20672142 1
2424 0 -47146.30569695 0
2425 1 36591.29054388 1
2426 0 -35837.33387069 0
2427 0 -43890.11541034 0
2428 1 53243.75299606 1
2429 1 38844.94613011 1
2430 0 -53914.27502928 0
2431 0 -57006.52280110 0
2432 1 55347.80460327 1
2433 1 59837.79800760 1
2434 1 55180.02811222 1
2435 1 30005.09040084 1
2436 0 -17830.78928429 0
2437 1 36879.38337702 1
2438 0 -41504.11338649 0
2439 1 30158.42887849 1
2440 0 -32073.47449760 0
2441 0 -39409.36476247 0
2442 1 55746.87806183 1
2443 1 42693.68429282 1
2444 1 45992.78130150 1
2445 0 -21086.18804724 0
2446 0 -39372.87726978 0
2447 0 -43549.18887826 0
2448 0 -36980.39742671 0
2449 0 -55466.90083460 0
2450 1 45266.10844934 1
2451 1 67098.36549813 1
2452 1 36175.79285317 1
2453 0 -38938.94462950 0
2454 1 41529.88466546 1
2455 0 -57546.18791999 0
2456 1 51351.60050253 1
2457 0 -41111.53389745 0
2458 1 47699.93564636 1
2459 1 53538.36345346 1
2460 1 50572.77713633 1
2461 1 25574.25123839 1
2462 1 32783.59213873 1
2463 0 -69946.46430620 0
2464 0 -16307.51472373 0
2465 0 -39621.54904026 0
2466 1 60404.69351396 1
2467 1 51723.55821038 1
2468 0 -43231.61735045 0
2469 1 28022.05932215 1
2470 0 -55288.89827577 0
2471 1 34854.74222092 1
2472 0 -37063.97712513 0
2473 0 -54974.78586662 0
2474 1 28832.88301055 1
2475 1 12571.26695401 1
2476 1 59517.79709307 1
2477 0 -52490.48356771 0
2478 1 60734.29571678 1
2479 0 -64327.27982989 0
2480 0 -47631.57817057 0
2481 1 46004.95783752 1
2482 1 33222.47340149 1
2483 0 -36984.75838417 0
2484 1 45154.78999471 1
2485 0 -53796.01061906 0
2486 1 26314.25025860 1
2487 0 -29017.82249418 0
2488 0 -65422.12514201 0
2489 1 37360.54586811 1
2490 0 -44276.10619080 0
2491 1 40491.54955970 1
2492 0 -42804.26116906 0
2493 1 59549.90934890 1
2494 1 49042.91258818 1
2495 1 23113.25022917 1
2496 1 33068.85658632 1
2497 1 47734.58202134 1
2498 1 28515.30581980 1
2499 1 42068.24648553 1
2500 1 20366.62647752 1
2501 1 39552.59518292 1
2502 1 55637.07724401 1
2503 0 -34635.16760738 0
2504 1 51862.39712271 1
2505 1 36842.56674774 1
2506 0 -42011.32362435 0
2507 1 38854.88048907 1
2508 0 -42850.79778693 0
2509 1 59695.90975026 1
2510 0 -34324.84191877 0
2511 1 41135.76916871 1
2512 0 -31257.05080956 0
2513 1 34189.59457699 1
2514 1 41449.75155130 1
2515 0 -55769.20057458 0
2516 0 -42898.85769686 0
2517 1 34918.98170915 1
2518 1 26780.79390250 1
2519 0 -49632.70714948 0
2520 1 17774.59686914 1
2521 1 39126.95287190 1
2522 1 42376.47889438 1
2523 1 51434.66334026 1
2524 1 35675.78985301 1
2525 0 -43677.93287963 0
2526 1 38778.36639599 1
2527 0 -42576.57752954 0
2528 1 46525.59250988 1
2529 1 43140.02682943 1
2530 1 52223.85385298 1
2531 1 34171.98304075 1
2532 0 -33918.61761852 0
2533 1 41285.98086679 1
2534 0 -38949.06196279 0
2535 1 48115.94702600 1
2536 1 55422.34673817 1
2537 1 32900.42931027 1
2538 1 35533.17294721 1
2539 1 54489.14159239 1
2540 0 -52066.35129902 0
2541 1 26465.92351952 1
2542 1 53203.21522136 1
2543 1 41599.35007227 1
2544 0 -45338.23638667 0
2545 0 -51465.72056522 0
2546 1 49908.64459378 1
2547 0 -64855.85268613 0
2548 0 -46911.37664277 0
2549 0 -30298.58468354 0
2550 0 -22486.03543897 0
2551 1 35197.04829633 1
2552 1 46868.07626314 1
2553 1 58755.27391231 1
2554 1 52545.16744447 1
2555 1 29192.89159397 1
2556 0 -43173.39418335 0
2557 0 -43372.24607789 0
2558 0 -56290.33549912 0
2559 0 -47115.02109562 0
2560 1 38648.51442666 1
2561 1 38641.56605563 1
2562 1 62956.89571317 1
2563 1 39883.88411395 1
2564 0 -59215.17638442 0
2565 0 -40258.28903852 0
2566 0 -39497.46810501 0
2567 0 -5218.27516601 0
2568 0 -36661.83213823 0
2569 0 -45748.68295843 0
2570 0 -26303.35625820 0
2571 0 -55118.73709812 0
2572 1 50083.81992858 1
2573 1 37636.73608390 1
2574 0 -37406.29233237 0
2575 0 -58632.63895222 0
2576 0 -32235.37144488 0
2577 1 59986.71642724 1
2578 1 18176.66876796 1
2579 0 -33663.58273486 0
2580 1 27216.93314131 1
2581 1 43507.16916421 1
2582 1 41202.22148484 1
2583 0 -47752.90866100 0
2584 1 38431.31155716 1
2585 1 45121.57501432 1
2586 1 48703.49040049 1
2587 1 25889.53105303 1
2588 1 43406.01691026 1
2589 0 -42947.70067354 0
2590 1 32952.38624201 1
2591 0 -36826.84454991 0
2592 1 29416.11776410 1
2593 1 40580.39405050 1
2594 0 -25483.34582651 0
2595 0 -46046.60534187 0
2596 0 -48054.35768177 0
2597 0 -35413.51555516 0
2598 0 -23717.09181145 0
2599 1 57080.78772731 1
2600 1 44021.48411700 1
2601 1 42652.21086477 1
2602 0 -33476.42155096 0
2603 0 -55441.29304612 0
2604 0 -28925.49205604 0
2605 1 65899.76747593 1
2606 0 -60131.43424115 0
2607 0 -44217.51987360 0
2608 0 -43492.10773417 0
2609 1 33469.94939953 1
2610 1 49926.90368437 1
2611 1 24976.35786616 1
2612 0 -38373.87326037 0
2613 1 42880.20906337 1
2614 0 -30972.50462913 0
2615 1 31814.44839373 1
2616 1 42462.04529813 1
2617 1 40357.55589617 1
2618 0 -55920.45627075 0
2619 1 40020.84172966 1
2620 1 51469.83350432 1
2621 0 -35971.20217639 0
2622 0 -40310.42127984 0
2623 1 37128.49274435 1
2624 1 41011.87531228 1
2625 0 -30261.52542677 0
2626 1 51869.34581901 1
2627 1 43104.94280356 1
2628 1 40338.69089896 1
2629 1 48365.59698304 1
2630 1 23209.99979610 1
2631 1 41664.97127392 1
2632 1 63556.80078894 1
2633 0 -57182.80227016 0
2634 0 -58697.18634637 0
2635 0 -59449.98368535 0
2636 1 30442.32974209 1
2637 0 -55204.11455984 0
2638 1 49460.08534771 1
2639 1 40326.01332006 1
2640 1 54533.62518625 1
2641 1 31659.84287086 1
2642 0 -20202.66307568 0
2643 0 -39106.62931338 0
2644 1 29276.22018760 1
2645 0 -51056.21987690 0
2646 0 -49916.59979897 0
2647 0 -24910.70989285 0
2648 1 37830.74484403 1
2649 1 45452.24899603 1
2650 0 -47195.54741560 0
2651 0 -61551.11938098 0
2652 1 44759.10490476 1
2653 0 -22217.52032643 0
2654 1 41120.02769160 1
2655 0 -39474.01638592 0
2656 1 44837.04742950 1
2657 0 -47532.35140073 0
2658 1 27781.21324085 1
2659 1 54785.44971940 1
2660 0 -58369.13435943 0
2661 1 51641.58186196 1
2662 1 38784.78531161 1
2663 1 57968.58681107 1
2664 0 -40997.72818384 0
2665 1 33937.04154608 1
2666 1 58018.10725489 1
2667 0 -50861.93398780 0
2668 1 44604.81511442 1
2669 0 -43860.63579429 0
2670 0 -58771.80636678 0
2671 0 -26946.00798720 0
2672 1 38557.15310981 1
2673 1 48407.94485327 1
2674 0 -37290.24401167 0
2675 1 37279.80959894 1
2676 1 61723.18963999 1
2677 1 37582.59955065 1
2678 1 50334.32154117 1
2679 1 58518.84010065 1
2680 1 37953.87692480 1
2681 1 52695.04045604 1
2682 1 42601.87970015 1
2683 1 37606.91477896 1
2684 0 -38913.77337470 0
2685 1 58603.00884785 1
2686 0 -37764.16152221 0
2687 1 55080.61323907 1
2688 1 54262.63530696 1
2689 0 -47908.71172347 0
2690 1 59104.19601388 1
2691 1 14290.40848117 1
2692 0 -42886.52216023 0
2693 1 59751.61756497 1
2694 0 -57397.92926049 0
2695 0 -35393.45019423 0
2696 1 32217.51779739 1
2697 0 -68277.85658723 0
2698 0 -41215.37734782 0
2699 0 -13191.37664953 0
2700 1 34760.72103114 1
2701 1 20543.27976832 1
2702 1 52853.64332969 1
2703 0 -50768.97775476 0
2704 1 55267.96830919 1
2705 0 -23490.71681166 0
2706 1 48050.43761169 1
2707 1 43173.92047210 1
2708 0 -35453.38275778 0
2709 0 -64346.12635859 0
2710 1 50786.42636124 1
2711 1 56965.61806844 1
2712 0 -33566.96761489 0
2713 0 -37623.39989954 0
2714 1 46531.56083770 1
2715 0 -56151.10044731 0
2716 0 -39966.26249398 0
2717 1 39965.46724237 1
2718 1 33656.17316344 1
2719 1 40864.96706168 1
2720 1 55443.98304358 1
2721 1 30287.56302467 1
2722 1 28255.71274039 1
2723 0 -62921.54246224 0
2724 0 -25448.26834093 0
2725 0 -38529.81936443 0
2726 0 -52799.68691133 0
2727 1 61402.91291559 1
2728 1 35423.43007817 1
2729 0 -36952.38096858 0
2730 0 -59849.77309519 0
2731 1 56184.97666081 1
2732 0 -57409.88159846 0
2733 1 36383.44960734 1
2734 1 39863.99383975 1
2735 1 33452.10666745 1
2736 0 -65325.71942728 0
2737 0 -42157.92929349 0
2738 1 60712.07212974 1
2739 0 -52160.79053583 0
2740 0 -62972.08752953 0
2741 1 59075.67905357 1
2742 1 42437.40258229 1
2743 0 -42073.39919999 0
2744 1 61402.82256926 1
2745 0 -58213.08875096 0
2746 1 28983.10580817 1
2747 0 -36061.24852322 0
2748 0 -67516.15169876 0
2749 1 55080.05931060 1
2750 1 53188.98367385 1
2751 1 45060.82371006 1
2752 1 69438.70494570 1
2753 0 -54163.53696087 0
2754 0 -61052.66643331 0
2755 1 43190.16904840 1
2756 1 46733.14328053 1
2757 1 57687.18283529 1
2758 0 -48589.64619891 0
2759 0 -37345.68075211 0
2760 0 -33488.64955981 0
2761 1 38326.02490437 1
2762 1 57784.85982322 1
2763 0 -18061.83337799 0
2764 0 -52870.54635596 0
2765 1 40709.24848479 1
2766 0 -28598.21378146 0
2767 0 -41647.35267244 0
2768 0 -32475.37283241 0
2769 1 67263.76245198 1
2770 0 -40229.22086849 0
2771 1 51775.31131189 1
2772 0 -17837.27470862 0
2773 1 40554.45213382 1
2774 1 34970.36358251 1
2775 1 55295.98123214 1
2776 1 25022.28387920 1
2777 1 60202.12923863 1
2778 0 -38828.94732033 0
2779 0 -42345.88006361 0
2780 0 -31890.52743800 0
2781 0 -33093.34515575 0
2782 1 40750.65268676 1
2783 1 44671.80512497 1
2784 0 -36707.96112433 0
2785 0 -39571.67262309 0
2786 1 30829.78305954 1
2787 1 40632.40708223 1
2788 1 6952.14362473 1
2789 1 32527.26095655 1
2790 1 52071.99597885 1
2791 0 -47402.45438588 0
2792 0 -37089.52579566 0
2793 0 -31763.17978742 0
2794 1 44568.92742631 1
2795 1 45670.49511556 1
2796 1 35523.59494162 1
2797 1 28965.47492178 1
2798 0 -33597.14240274 0
2799 1 58132.35157108 1
2800 1 59644.53261769 1
2801 1 56378.44759957 1
2802 0 -36984.04101114 0
2803 1 30933.73091846 1
2804 0 -51331.96810505 0
2805 0 -55755.57366598 0
2806 1 56981.46974734 1
2807 1 60806.48575751 1
2808 0 -56806.62926939 0
2809 0 -4621.54497654 0
2810 1 47723.74108947 1
2811 0 -48262.76120976 0
2812 0 -28398.51049251 0
2813 0 -58271.66616580 0
2814 1 54422.63583411 1
2815 1 45598.90041653 1
2816 0 -46249.77528248 0
2817 1 33825.94106749 1
2818 0 -59720.79597018 0
2819 1 39863.82570412 1
2820 0 -45426.22718676 0
2821 1 43294.79427102 1
2822 1 51324.04491695 1
2823 1 40867.36978701 1
2824 1 52424.49464397 1
2825 0 -37292.96437461 0
2826 1 16195.93097910 1
2827 0 -42386.17454726 0
2828 1 21660.50303385 1
2829 0 -48914.88734829 0
2830 0 -28575.15400402 0
2831 0 -58518.78667308 0
2832 1 63869.71590527 1
2833 1 35908.48186101 1
2834 1 55254.26901477 1
2835 0 -41574.08852475 0
2836 1 42252.44714842 1
2837 0 -53617.88986504 0
2838 0 -31931.53902184 0
2839 0 -48305.97145257 0
2840 0 -13479.91877384 0
2841 1 45880.09967179 1
2842 0 -49707.40350221 0
2843 0 -44351.94571925 0
2844 0 -45912.31680805 0
2845 1 42280.14566375 1
2846 0 -31792.12845826 0
2847 1 52513.25108156 1
2848 0 -46723.69124629 0
2849 1 30592.94272546 1
2850 1 41744.88306681 1
2851 1 43848.63971143 1
2852 1 9016.43686495 1
2853 1 39337.17796890 1
2854 1 24224.26494325 1
2855 1 33357.17078783 1
2856 1 45041.02703100 1
2857 0 -33933.76756151 0
2858 1 41961.89348574 1
2859 0 -46704.11198799 0
2860 1 34795.71215614 1
2861 0 -50000.86475457 0
2862 1 44750.19349505 1
2863 1 37643.85179971 1
2864 0 -37080.68187790 0
2865 1 58264.45410423 1
2866 0 -57968.17158006 0
2867 1 64219.78644657 1
2868 0 -54714.96955877 0
2869 0 -53813.61093625 0
2870 1 52841.80254126 1
2871 0 -36688.30645713 0
2872 1 27034.28059041 1
2873 0 -50605.92360321 0
2874 1 36077.55017080 1
2875 1 50804.19340073 1
2876 1 49078.48556277 1
2877 1 44163.35978223 1
2878 1 63753.29387819 1
2879 0 -34367.80857899 0
2880 1 34073.81466621 1
2881 1 57396.36122610 1
2882 0 -49513.84167525 0
2883 1 20647.78233487 1
2884 1 51372.72506045 1
2885 1 19625.00991792 1
2886 0 -52943.51484327 0
2887 1 43386.33673958 1
2888 1 41943.56913472 1
2889 0 -49068.89193600 0
2890 0 -37310.28768788 0
2891 0 -38784.50039989 0
2892 0 -62019.61647422 0
2893 0 -58760.26695547 0
2894 1 66411.79314799 1
2895 0 -44372.39101287 0
2896 0 -28990.87269809 0
2897 1 60195.11776945 1
2898 0 -50984.47052568 0
2899 1 29834.94705065 1
2900 0 -50543.32989590 0
2901 0 -31769.20897817 0
2902 0 -35289.10433627 0
2903 1 37426.01069848 1
2904 1 43529.15180695 1
2905 0 -26301.66755645 0
2906 1 38497.23640277 1
2907 0 -25601.69673376 0
2908 1 33934.60411946 1
2909 0 -42847.54872876 0
2910 1 43941.75586545 1
2911 0 -75411.01621951 0
2912 1 45078.77838695 1
2913 1 32038.85926431 1
2914 0 -28220.61928329 0
2915 0 -50428.23359453 0
2916 0 -39793.83831221 0
2917 0 -32191.52881490 0
2918 1 42698.53734752 1
2919 0 -46007.88154604 0
2920 1 47520.30022411 1
2921 0 -31652.21840438 0
2922 1 36883.56303594 1
2923 0 -55952.41169278 0
2924 0 -30754.23908743 0
2925 0 -36241.88506555 0
2926 1 52928.31946821 1
2927 1 48954.45946875 1
2928 0 -38593.72920206 0
2929 0 -23422.67440322 0
2930 1 60126.36287763 1
2931 1 26875.63011381 1
2932 0 -30571.43150048 0
2933 0 -37152.04183390 0
2934 1 42291.18268478 1
2935 0 -29418.52401435 0
2936 1 60535.41012244 1
2937 0 -52004.20390413 0
2938 0 -47433.70424760 0
2939 0 -67330.16483276 0
2940 1 34594.94311770 1
2941 1 59949.10676675 1
2942 1 37755.58763008 1
2943 0 -42566.12939799 0
2944 1 45273.02998948 1
2945 0 -51768.01128952 0
2946 1 55037.32014565 1
2947 0 -22242.42570859 0
2948 1 61033.79417776 1
2949 1 47981.70471911 1
2950 0 -44582.65561269 0
2951 0 -31758.47336477 0
2952 1 49367.54075997 1
2953 0 -69686.19176154 0
2954 1 57543.80061013 1
2955 0 -43502.06315410 0
2956 1 43081.94528387 1
2957 1 53225.15136777 1
2958 0 -33938.99953024 0
2959 0 -37611.14473565 0
2960 0 -43718.65393369 0
2961 1 41474.46964168 1
2962 1 57758.98654891 1
2963 0 -30176.12023080 0
2964 0 -54682.16144946 0
2965 1 37107.37582401 1
2966 1 35796.33769798 1
2967 1 71183.20292750 1
2968 1 49307.15071684 1
2969 0 -54580.72315460 0
2970 0 -33770.68908416 0
2971 1 63085.68147684 1
2972 0 -58584.37033174 0
2973 1 37409.05219974 1
2974 0 -52400.51903583 0
2975 0 -53749.28123424 0
2976 0 -21601.28262253 0
2977 1 27050.60274388 1
2978 0 -57095.05901028 0
2979 0 -48897.56539704 0
2980 0 -45472.95217784 0
2981 0 -58854.99681788 0
2982 0 -38873.55913764 0
2983 1 57660.10211028 1
2984 0 -33957.60553124 0
2985 0 -51986.01362943 0
2986 1 58578.51818303 1
2987 0 -56972.38025284 0
2988 1 62270.66300666 1
2989 1 45911.83107470 1
2990 1 44096.56981429 1
2991 0 -50209.22116507 0
2992 1 52693.52541689 1
2993 0 -26741.16111389 0
2994 1 47940.67662114 1
2995 1 46761.03133793 1
2996 1 60734.60221932 1
2997 0 -48716.24943887 0
2998 0 -51697.66914105 0
2999 1 73080.78365085 1
3000 1 53279.79659988 1
3001 1 53578.30270773 1
3002 1 62058.23501601 1
3003 0 -47640.68830830 0
3004 1 53986.37006846 1
3005 1 61912.99196038 1
3006 0 -51122.96474478 0
3007 0 -52679.95363165 0
3008 0 -55571.40592457 0
3009 0 -41341.60052105 0
3010 1 33201.10706563 1
3011 1 41588.01754561 1
3012 1 58455.35878496 1
3013 1 52886.95361955 1
3014 1 49984.73244892 1
3015 1 38495.59888945 1
3016 1 52352.92393896 1
3017 1 40879.74496407 1
3018 0 -51985.83176846 0
3019 1 40975.65404820 1
3020 1 43273.71092279 1
3021 1 35338.32875329 1
3022 1 62453.83987949 1
3023 0 -59774.54224124 0
3024 0 -50579.42182249 0
3025 1 55410.41742301 1
3026 0 -26237.32466718 0
3027 0 -33961.65454938 0
3028 0 -38185.45863450 0
3029 1 62850.93791640 1
3030 0 -49427.34857827 0
3031 1 44123.20026981 1
3032 1 42941.47331724 1
3033 1 48277.32280461 1
3034 0 -35098.63907062 0
3035 1 50973.84211452 1
3036 1 28941.44718447 1
3037 1 65599.81659404 1
3038 0 -30005.70925653 0
3039 1 37041.08055120 1
3040 1 46159.27890420 1
3041 1 47374.55043806 1
3042 0 -26036.87496750 0
3043 1 50876.39474817 1
3044 0 -53229.39675972 0
3045 0 -46133.38679361 0
3046 1 55933.43654137 1
3047 1 47006.48908821 1
3048 0 -39408.83488518 0
3049 1 37840.90944011 1
3050 0 -45771.66036484 0
3051 1 53292.64225181 1
3052 0 -36108.51285366 0
3053 1 50887.32741764 1
3054 1 41585.10249507 1
3055 1 44865.40084195 1
3056 1 45750.82025575 1
3057 1 36953.44983200 1
3058 0 -47344.64272155 0
3059 1 36094.31808201 1
3060 1 65034.02321163 1
3061 0 -60258.18568850 0
3062 1 24800.44459469 1
3063 1 40697.39928164 1
3064 0 -39369.43155857 0
3065 0 -76470.36374848 0
3066 1 53248.12050886 1
3067 1 61993.30396860 1
3068 1 48617.13098221 1
3069 1 54546.92084378 1
3070 0 -46951.08039950 0
3071 0 -40084.09549307 0
3072 0 -60548.68132184 0
3073 0 -45134.02560073 0
3074 1 51144.16318509 1
3075 0 -47930.24332025 0
3076 1 35863.59977413 1
3077 1 49401.78144364 1
3078 1 63238.92214726 1
3079 0 -50520.00674536 0
3080 0 -42526.61792103 0
3081 0 -22877.33753929 0
3082 0 -45474.37656131 0
3083 0 -50940.55233204 0
3084 0 -40442.29375186 0
3085 1 45605.27290687 1
3086 1 51875.44127336 1
3087 0 -34948.55163509 0
3088 0 -38751.08117086 0
3089 1 53939.42017273 1
3090 1 26878.52441240 1
3091 0 -49521.17368489 0
3092 1 51285.79100174 1
3093 0 -55705.52313559 0
3094 0 -48457.96254878 0
3095 1 77955.35027160 1
3096 0 -55454.70507412 0
3097 0 -61571.00880073 0
3098 0 -31989.32925399 0
3099 0 -40797.00357302 0
3100 0 -58148.35235927 0
3101 0 -35857.62683586 0
3102 1 28732.96986555 1
3103 0 -50797.35052928 0
3104 1 44425.42613195 1
3105 1 38598.46057869 1
3106 1 47854.22847711 1
3107 0 -53630.98571031 0
3108 0 -36336.47658187 0
3109 1 40412.71301993 1
3110 1 51715.66985223 1
3111 1 37823.26962031 1
3112 0 -42242.18802016 0
3113 0 -40984.93481103 0
3114 1 36668.85223572 1
3115 0 -24053.57484545 0
3116 1 53925.49466483 1
3117 1 49211.18689798 1
3118 0 -39847.14356607 0
3119 0 -41451.47272972 0
3120 0 -65824.99640261 0
3121 0 -46778.99446009 0
3122 0 -40318.36770231 0
3123 0 -67779.46241455 0
3124 1 45401.39886563 1
3125 1 57703.24990679 1
3126 1 61089.06456367 1
3127 1 60280.32482320 1
3128 0 -51063.81328305 0
3129 0 -49142.21207057 0
3130 1 64118.71448875 1
3131 1 30445.44323970 1
3132 1 46445.35378686 1
3133 1 34998.96673333 1
3134 1 45620.94258006 1
3135 1 45354.66882912 1
3136 1 38631.16542720 1
3137 0 -46772.84936710 0
3138 1 52202.19243222 1
3139 0 -45367.05081019 0
3140 1 32933.84015808 1
3141 1 63675.45802453 1
3142 1 66906.83317362 1
3143 1 24722.19696140 1
3144 0 -52392.94617938 0
3145 1 55659.54335595 1
3146 1 47407.27665673 1
3147 0 -38425.59250331 0
3148 0 -49339.23806973 0
3149 1 72784.88820864 1
3150 1 40684.67010971 1
3151 1 35619.64878568 1
3152 1 56127.53205010 1
3153 1 66338.46628676 1
3154 1 57481.16954523 1
3155 1 37308.63746203 1
3156 0 -43601.00495683 0
3157 1 48457.09520925 1
3158 0 -41671.04286338 0
3159 1 26336.03351942 1
3160 1 52144.42529479 1
3161 0 -9197.39620871 0
3162 0 -49441.60118298 0
3163 1 54986.15506322 1
3164 0 -34510.25174317 0
3165 1 40947.26949657 1
3166 1 47486.95299657 1
3167 1 50146.59650645 1
3168 1 11584.25929180 1
3169 0 29191.06973763 1
3170 0 -66939.42484833 0
3171 1 57370.59509832 1
3172 1 54663.45684698 1
3173 0 -34406.02104514 0
3174 1 47326.22928830 1
3175 0 -47821.43041459 0
3176 0 -49311.59634010 0
3177 0 -47384.74405270 0
3178 1 44927.27294041 1
3179 0 -52658.34549321 0
3180 1 53750.56564968 1
3181 0 -25404.87041702 0
3182 0 -29428.35247963 0
3183 1 66870.80235373 1
3184 1 46926.98628616 1
3185 0 -23275.53120892 0
3186 0 -55645.69156086 0
3187 0 -60957.25993330 0
3188 1 50740.57548631 1
3189 1 31183.68972475 1
3190 1 59496.90170852 1
3191 1 48819.48895868 1
3192 1 39927.74003023 1
3193 0 -33655.64494657 0
3194 1 39448.43038888 1
3195 0 -22803.97113574 0
3196 1 52776.62154053 1
3197 0 -52489.86555692 0
3198 0 -72867.77810527 0
3199 0 -49815.43561127 0
