# idx_orig bit_orig post_llr hard
0 0 -94111.56497364 0
1 0 -102248.58636834 0
2 0 -77776.59241171 0
3 1 103309.97033333 1
4 0 -98238.17269471 0
5 0 -117518.24936770 0
6 1 101591.90965857 1
7 0 -104474.11867629 0
8 1 95537.47396093 1
9 0 -77893.41127425 0
10 1 103654.80567764 1
11 0 -111663.59715252 0
12 1 97926.14531419 1
13 0 -126616.71681709 0
14 1 89062.58343001 1
15 1 75649.42856920 1
16 0 -85123.47343548 0
17 0 -95134.71569669 0
18 0 -115975.44858491 0
19 0 -106888.07828412 0
20 1 85038.74667874 1
21 1 81838.10430734 1
22 1 72673.43089947 1
23 0 -88139.68195238 0
24 0 -74732.08398703 0
25 0 -113711.76464811 0
26 0 -111852.56412458 0
27 0 -83373.60278946 0
28 1 85947.51123885 1
29 0 -92896.68835907 0
30 0 -79704.45402050 0
31 0 -105266.64918168 0
32 1 104913.48187289 1
33 1 108069.45313948 1
34 1 81327.43574687 1
35 0 -97977.48795362 0
36 0 -106678.22939204 0
37 0 -81972.80280998 0
38 1 88393.52339334 1
39 0 -110448.95460266 0
40 1 116832.74087793 1
41 1 95316.41986969 1
42 1 89702.31915801 1
43 1 96502.38569927 1
44 1 82606.88352950 1
45 0 -99700.35585689 0
46 0 -113388.49125904 0
47 1 109825.98344746 1
48 0 -89063.32454891 0
49 1 94894.62082537 1
50 0 -94006.25318480 0
51 1 59441.95812074 1
52 1 105384.08984416 1
53 1 109026.48840508 1
54 1 98879.00369065 1
55 0 -78109.65220287 0
56 1 90321.12620728 1
57 0 -92507.34357592 0
58 1 51498.48585487 1
59 1 83824.90115064 1
60 1 114221.61161698 1
61 1 107315.36406862 1
62 1 73752.78168765 1
63 1 90171.60608506 1
64 1 90005.75071056 1
65 0 -57459.94255467 0
66 0 -86446.04473393 0
67 0 -90965.63841470 0
68 0 -90023.40235650 0
69 1 72558.47695871 1
70 1 80014.61497277 1
71 0 -91993.95297854 0
72 1 55320.14301658 1
73 1 91911.45886775 1
74 0 -94717.93793234 0
75 1 97902.27385343 1
76 1 66672.21536859 1
77 1 86309.47907285 1
78 0 -81583.03645265 0
79 0 -63562.38952942 0
80 0 -77898.67918259 0
81 1 111967.97086568 1
82 1 103715.61973264 1
83 1 72656.12812206 1
84 0 -96731.87699603 0
85 1 109220.51825470 1
86 0 -64335.33716581 0
87 0 -88851.35511593 0
88 0 -93839.54099000 0
89 1 93052.68017120 1
90 0 -86031.55016141 0
91 1 91648.82165706 1
92 0 -100659.31534966 0
93 0 -54657.09987002 0
94 1 84443.78813470 1
95 1 104794.54139674 1
96 0 -80545.49771687 0
97 0 -79671.49264630 0
98 1 95638.99113179 1
99 1 95723.70173133 1
100 0 -62608.05979494 0
101 1 89684.90643659 1
102 0 -99866.65083564 0
103 1 87260.49042087 1
104 0 -93058.80683742 0
105 0 -101090.48585716 0
106 1 110136.13639366 1
107 0 -73854.40318430 0
108 0 -78595.62529824 0
109 1 95988.95394167 1
110 1 101125.18291357 1
111 0 -99453.66504604 0
112 1 91568.89179157 1
113 0 -95045.49051070 0
114 0 -72429.18058761 0
115 1 107590.72468346 1
116 0 -84773.81247284 0
117 1 93563.86783834 1
118 0 -90139.30595496 0
119 1 69629.24483446 1
120 1 91221.07106944 1
121 1 67479.30586673 1
122 0 -93360.97540744 0
123 1 80481.24080296 1
124 0 -84613.18275539 0
125 0 -81064.95782399 0
126 1 68925.50885729 1
127 1 84141.99835307 1
128 0 -69015.25795181 0
129 1 98428.59594613 1
130 1 89147.07698006 1
131 0 -88497.89701296 0
132 0 -77706.80385126 0
133 0 -69995.60276001 0
134 1 85798.13517578 1
135 0 -70443.69042025 0
136 1 105558.73418875 1
137 1 98212.29357496 1
138 0 -95695.89861448 0
139 0 -93230.95063323 0
140 0 -97973.07602468 0
141 1 98243.68773463 1
142 0 -104586.24364014 0
143 0 -110228.61828779 0
144 0 -103307.37235710 0
145 0 -92041.48518558 0
146 1 95397.53307496 1
147 1 90567.98506410 1
148 0 -98593.39989795 0
149 1 68324.62413492 1
150 1 101283.61548771 1
151 0 -97297.98573731 0
152 1 106837.15654973 1
153 1 105452.18754977 1
154 0 -101865.21819999 0
155 0 -93275.05951085 0
156 1 69863.76816650 1
157 0 -90181.82999455 0
158 0 -103263.88091548 0
159 1 91408.22346778 1
160 1 92387.02270406 1
161 1 82684.96223067 1
162 1 107526.60581463 1
163 0 -64165.78888640 0
164 0 -105928.74182396 0
165 1 99220.82776027 1
166 0 -90281.84898416 0
167 1 88500.45046187 1
168 0 -85919.24008501 0
169 1 105093.13309295 1
170 0 -64457.81501560 0
171 0 -84282.96047509 0
172 1 104794.38926538 1
173 1 81678.40097228 1
174 0 -93146.73828553 0
175 0 -79896.13741704 0
176 1 105791.34773700 1
177 1 65170.58651260 1
178 0 -80970.14150869 0
179 1 95819.04396781 1
180 0 -90927.76787502 0
181 1 81008.39012262 1
182 0 -99298.14659923 0
183 1 101494.66661647 1
184 0 -78037.68317910 0
185 1 78480.89132339 1
186 1 93486.98720620 1
187 1 77584.61399125 1
188 1 112635.49457721 1
189 0 -78942.74412722 0
190 1 98032.23982829 1
191 0 -56319.02121064 0
192 1 94534.97956188 1
193 1 99755.88239163 1
194 1 93809.70878442 1
195 1 90093.15989747 1
196 1 99480.75219835 1
197 1 146054.62974462 1
198 1 82140.81112960 1
199 0 -123844.45677785 0
200 1 109617.16950004 1
201 0 -86172.20979105 0
202 0 -104627.81736191 0
203 0 -86650.51538873 0
204 1 117157.57148920 1
205 1 72172.74540225 1
206 0 -93288.78223572 0
207 0 -138721.48716807 0
208 0 -107628.86470603 0
209 0 -126589.64630627 0
210 0 -86476.14436580 0
211 1 97179.43357230 1
212 0 -75075.53566624 0
213 1 91301.93408560 1
214 1 89230.58750941 1
215 1 76761.32623519 1
216 0 -84600.26793698 0
217 1 78232.51973797 1
218 0 -108384.80976977 0
219 0 -69309.33968369 0
220 1 78480.26849851 1
221 1 95049.93542359 1
222 1 66693.72026118 1
223 1 83319.50445023 1
224 0 -65666.85811139 0
225 1 96533.14964498 1
226 0 -52880.48708747 0
227 0 -78965.38749988 0
228 1 93378.06808468 1
229 1 83891.83238217 1
230 0 -113776.33513993 0
231 0 -67088.65581418 0
232 0 -93543.39337085 0
233 1 51910.68911397 1
234 0 -65517.01250306 0
235 1 85101.45112857 1
236 1 80533.36487338 1
237 0 -89114.89529567 0
238 0 -80982.19341390 0
239 0 -115983.48261127 0
240 0 -72277.65165261 0
241 1 88883.82916129 1
242 1 77821.73215510 1
243 1 89136.23099462 1
244 0 -85588.84033516 0
245 0 -75892.96855405 0
246 1 115843.24939327 1
247 0 -78663.32637281 0
248 1 97126.25486204 1
249 1 101095.46048335 1
250 0 -83668.14495910 0
251 0 -85519.89411473 0
252 0 -60366.74845895 0
253 1 109960.37397804 1
254 0 -59349.23991083 0
255 0 -94814.64507074 0
256 0 -90564.35582877 0
257 0 -79939.67575787 0
258 0 -85895.91974106 0
259 0 -67367.84461936 0
260 0 -117642.11030295 0
261 0 -53837.21600115 0
262 1 73343.96404485 1
263 0 -81757.30736743 0
264 0 -72514.91686404 0
265 0 -83731.89757969 0
266 0 -69122.15198857 0
267 1 95012.29557922 1
268 0 -46974.27702393 0
269 1 79245.41380978 1
270 1 95093.50169364 1
271 0 -80625.63513864 0
272 1 77126.93544847 1
273 1 72049.86644431 1
274 1 114654.02491047 1
275 1 66353.42985512 1
276 1 106519.95494461 1
277 1 78446.97436517 1
278 1 83486.33652916 1
279 1 69819.99738824 1
280 0 -77032.31121991 0
281 0 -109860.57965257 0
282 1 77383.98804450 1
283 0 -108927.73443541 0
284 0 -86426.89300547 0
285 0 -89320.10238517 0
286 0 -93977.42570773 0
287 1 61081.30362348 1
288 1 94416.34336048 1
289 0 -46050.55307371 0
290 1 109141.58191017 1
291 1 118544.47131402 1
292 1 87320.16589515 1
293 1 83110.17765176 1
294 1 75063.06548830 1
295 0 -131903.13774372 0
296 0 -63422.26858603 0
297 0 -82129.31201238 0
298 1 82542.20426700 1
299 0 -75415.35276567 0
300 1 85549.33795612 1
301 1 107700.53280856 1
302 1 106339.64004481 1
303 0 -63594.94021492 0
304 1 99965.76417285 1
305 1 92864.37828362 1
306 0 -76504.36471792 0
307 1 67474.25653375 1
308 1 70821.53413049 1
309 1 87693.09803514 1
310 0 -58141.91950449 0
311 0 -95364.05572459 0
312 1 93557.41092795 1
313 0 -87265.90526920 0
314 1 82706.88840364 1
315 0 -84451.01818267 0
316 0 -96730.25036447 0
317 1 52207.99824181 1
318 0 -82304.95249510 0
319 1 75111.18905993 1
320 1 88323.93426452 1
321 1 88911.74158316 1
322 0 -86787.52642798 0
323 1 99149.46020970 1
324 1 58750.45759134 1
325 1 99779.30286772 1
326 0 -78035.25634301 0
327 0 -105227.12186271 0
328 1 97532.05450479 1
329 0 -94568.29578717 0
330 0 -99083.60710954 0
331 0 -78323.32249614 0
332 0 -102323.12373636 0
333 1 98955.18532788 1
334 0 -106366.77589656 0
335 1 100246.96290590 1
336 1 86242.95482508 1
337 1 109880.61833039 1
338 0 -55499.99974972 0
339 0 -112534.17366700 0
340 0 -100714.12699430 0
341 0 -105520.94980960 0
342 1 80279.43883256 1
343 0 -74886.25067031 0
344 1 101652.40206791 1
345 0 -72404.82348600 0
346 0 -94261.87292520 0
347 0 -96474.33701095 0
348 1 108199.13237945 1
349 1 83919.50835318 1
350 1 65469.93584474 1
351 1 110060.10697242 1
352 1 58592.04279876 1
353 0 -100955.73321901 0
354 1 89417.67287823 1
355 0 -86184.14735218 0
356 0 -69716.25980501 0
357 1 88060.31059697 1
358 1 94682.52162461 1
359 0 -60246.05609578 0
360 1 87019.16693407 1
361 0 -86824.41978040 0
362 0 -82470.77540785 0
363 0 -66669.48545728 0
364 0 -76522.26851211 0
365 0 -81929.69463575 0
366 1 61529.26229151 1
367 0 -97753.42419552 0
368 0 -100936.85727096 0
369 1 94602.56888353 1
370 1 78465.65953065 1
371 0 -64123.63984305 0
372 1 128855.65951085 1
373 1 50750.98458686 1
374 0 -94552.27499300 0
375 0 -77438.05482647 0
376 0 -87463.42818261 0
377 1 78731.71542739 1
378 1 77084.30720513 1
379 1 96421.62788175 1
380 1 38863.35729095 1
381 0 -75164.06495690 0
382 0 -94742.30152789 0
383 1 77491.55782507 1
384 1 62656.46743547 1
385 0 -59937.79222710 0
386 1 90054.46419656 1
387 0 -41301.38089276 0
388 0 -95580.55324866 0
389 0 -92002.62039172 0
390 1 82682.09663339 1
391 0 -43524.37236632 0
392 0 -87416.00046406 0
393 0 -92561.92086230 0
394 1 59938.00577202 1
395 0 -92584.67490633 0
396 0 -112096.83912312 0
397 0 -94634.32137898 0
398 0 -79627.22953019 0
399 0 -91874.78400778 0
400 0 -100602.55809138 0
401 1 43339.46915057 1
402 0 -103513.91417881 0
403 1 89361.66452237 1
404 1 101453.82369328 1
405 1 70109.47490950 1
406 0 -92377.96020088 0
407 0 -101270.73886217 0
408 0 -48205.83091296 0
409 1 89153.03378210 1
410 0 -97546.50525062 0
411 1 81803.14889030 1
412 0 -81713.30593295 0
413 1 87775.77329764 1
414 1 110351.00292424 1
415 1 45548.82996944 1
416 0 -86605.26655275 0
417 0 -85504.18469338 0
418 1 125841.87119991 1
419 0 -68569.80336709 0
420 0 -79577.17834585 0
421 1 112427.82247487 1
422 1 72175.34043429 1
423 0 -93669.62620706 0
424 1 106907.69705601 1
425 1 102297.44449918 1
426 1 88815.51509288 1
427 0 -89679.98654451 0
428 0 -109215.19460259 0
429 0 -60861.51054714 0
430 1 83802.33166755 1
431 1 102294.43524813 1
432 1 87044.74182658 1
433 0 -79605.31958733 0
434 0 -70606.46505216 0
435 1 98529.58822189 1
436 1 56397.30616971 1
437 0 -86461.76932864 0
438 0 -95843.49216161 0
439 1 98149.83616034 1
440 1 78893.68515229 1
441 0 -75069.18742911 0
442 0 -105014.69169310 0
443 0 -57334.75362086 0
444 0 -70477.82601894 0
445 0 -97070.12614934 0
446 1 80955.39324703 1
447 1 93033.49145719 1
448 1 82945.15650765 1
449 0 -112130.71913064 0
450 1 53518.50289261 1
451 0 -98001.27738863 0
452 0 -79639.32317489 0
453 0 -83543.21929603 0
454 0 -75227.40284508 0
455 1 77344.87792957 1
456 1 98051.68208408 1
457 1 63876.76321499 1
458 0 -101563.92903231 0
459 1 100043.73170487 1
460 0 -124895.27462781 0
461 0 -82083.54155019 0
462 0 -81627.81699466 0
463 1 89523.49289675 1
464 0 -43604.50286380 0
465 1 92060.48150926 1
466 1 97540.68197160 1
467 0 -95833.04299438 0
468 1 79250.34747448 1
469 1 87950.20759029 1
470 1 89335.95663905 1
471 1 61274.50008647 1
472 1 75093.09890185 1
473 1 122736.95921768 1
474 0 -89555.39511883 0
475 1 74920.61693797 1
476 1 75954.03571539 1
477 1 87451.24975756 1
478 1 55636.81810472 1
479 1 93718.60203322 1
480 0 -88789.27709363 0
481 1 100716.26689905 1
482 0 -70140.75380973 0
483 0 -93725.45028099 0
484 1 73710.09849265 1
485 0 -60018.48836659 0
486 0 -97776.03558307 0
487 1 74450.88155821 1
488 0 -86619.79553247 0
489 0 -72845.31080477 0
490 1 69899.87708512 1
491 1 92976.91490404 1
492 1 44454.64290144 1
493 0 -91400.03870800 0
494 1 68909.82195149 1
495 0 -93588.54016275 0
496 1 79715.80773747 1
497 0 -67229.44197675 0
498 0 -86772.11126339 0
499 1 63323.20647627 1
500 1 102069.06056882 1
501 1 84220.22401264 1
502 0 -81357.40817937 0
503 0 -83935.52143400 0
504 1 76827.34743914 1
505 0 -93092.78909363 0
506 0 -65072.31498801 0
507 1 98594.76918625 1
508 0 -86621.62481635 0
509 0 -90482.30572392 0
510 1 81096.85764793 1
511 1 68261.93653899 1
512 1 109787.79249048 1
513 0 -81659.72478321 0
514 0 -92126.13199452 0
515 0 -96877.43573995 0
516 1 114352.33203581 1
517 0 -76633.48865973 0
518 0 -77938.12228028 0
519 0 -99449.72536049 0
520 0 -75049.26622360 0
521 0 -97545.31571211 0
522 1 88833.54042358 1
523 0 -108967.00051551 0
524 1 70870.27976395 1
525 1 89029.90087125 1
526 1 105030.80906038 1
527 1 54773.25328536 1
528 0 -86689.32603196 0
529 1 97141.43478739 1
530 0 -102766.09337253 0
531 1 82669.71826335 1
532 1 84816.18965401 1
533 1 109443.69793900 1
534 1 59322.02792766 1
535 1 102379.72142199 1
536 1 84670.20991739 1
537 1 97163.04430473 1
538 0 -61168.29848383 0
539 1 67921.79744971 1
540 1 86940.73100205 1
541 1 76865.99959248 1
542 1 97481.75673704 1
543 0 -86316.55282506 0
544 0 -109345.94481593 0
545 0 -91557.40097934 0
546 0 -67337.54970172 0
547 0 -91509.48928174 0
548 0 -53656.25963832 0
549 1 80762.34358410 1
550 0 -96224.41045402 0
551 1 109228.30738706 1
552 1 58527.95851207 1
553 0 -45822.27469684 0
554 1 108763.35051587 1
555 0 -63876.96378856 0
556 1 87435.15832065 1
557 1 93467.98735037 1
558 1 100580.24829890 1
559 1 52629.57442079 1
560 0 -46173.81632072 0
561 1 107374.59502865 1
562 0 -47227.17129319 0
563 1 73071.76614370 1
564 0 -106389.06400241 0
565 1 100917.67848836 1
566 0 -61584.48645979 0
567 1 59142.75798349 1
568 0 -94616.82118256 0
569 1 44555.44996489 1
570 0 -89783.93517678 0
571 0 -101573.10866348 0
572 0 -104337.88593430 0
573 1 53382.23103540 1
574 0 -70951.20215905 0
575 1 103910.25050519 1
576 0 -43202.89818685 0
577 0 -90680.21259872 0
578 0 -102446.25294082 0
579 1 101186.99713433 1
580 1 70226.65254013 1
581 0 -87342.82772641 0
582 0 -118694.54745471 0
583 1 62225.88427884 1
584 1 94141.45357570 1
585 0 -105028.89358108 0
586 1 99255.45114900 1
587 1 83258.78456801 1
588 0 -86058.21221989 0
589 1 105129.59361796 1
590 0 -57993.46037038 0
591 1 102517.46326979 1
592 1 89860.12755752 1
593 0 -86883.28611248 0
594 1 71979.57519683 1
595 1 78896.84697373 1
596 1 104405.35723038 1
597 1 68199.44138667 1
598 0 -91442.93822666 0
599 0 -93082.14520117 0
600 0 -106473.00110381 0
601 0 -82814.57694669 0
602 0 -109585.50574419 0
603 0 -104468.23124071 0
604 1 69971.06796949 1
605 1 94214.29044901 1
606 0 -86294.87756897 0
607 0 -98648.67963083 0
608 1 81759.45957684 1
609 1 81042.13839309 1
610 1 94825.64077417 1
611 0 -59042.12218262 0
612 1 97854.49737746 1
613 1 102084.34319569 1
614 0 -96877.89617129 0
615 1 79363.42334089 1
616 1 79527.00409938 1
617 0 -89479.06611713 0
618 0 -59642.20394174 0
619 0 -85170.92437073 0
620 0 -87214.15759629 0
621 0 -86823.20517286 0
622 0 -83275.28666643 0
623 0 -77214.69717836 0
624 1 97119.49639718 1
625 0 -57977.76935527 0
626 0 -85692.13419087 0
627 0 -80250.93872502 0
628 0 -84195.13968702 0
629 0 -77219.09037088 0
630 0 -81117.95249515 0
631 0 -79870.59745524 0
632 1 68112.57257587 1
633 1 94078.72630460 1
634 1 90628.68679342 1
635 0 -86014.97888352 0
636 0 -93149.90432279 0
637 0 -80560.36110917 0
638 1 91745.90807711 1
639 1 66185.93669736 1
640 0 -96354.98939820 0
641 1 86114.06827059 1
642 0 -103200.56271035 0
643 1 94168.55586135 1
644 1 80052.93986263 1
645 0 -86080.95821585 0
646 1 69578.85827679 1
647 0 -95752.67324946 0
648 0 -120579.75575720 0
649 1 84708.03499634 1
650 0 -79066.34262769 0
651 0 -78150.95683492 0
652 1 98048.70042415 1
653 0 -65014.95361851 0
654 0 -106044.99376241 0
655 1 85378.91505363 1
656 0 -93396.78470750 0
657 0 -100863.60993443 0
658 0 -91270.33875377 0
659 0 -118504.21702980 0
660 1 60729.51391416 1
661 0 -84341.30712934 0
662 1 85676.86865784 1
663 1 81047.90283449 1
664 0 -68894.79357592 0
665 1 81025.98207688 1
666 0 -87981.21694678 0
667 1 77449.90632121 1
668 0 -91393.40498557 0
669 0 -93245.46297417 0
670 1 72650.83458484 1
671 1 59570.05532639 1
672 0 -71993.26195988 0
673 1 94120.99737740 1
674 1 45060.38806759 1
675 1 81964.49098786 1
676 0 -81108.62004673 0
677 1 81473.22300459 1
678 1 81397.32065256 1
679 0 -72436.79686960 0
680 0 -90136.01831138 0
681 1 56212.41487364 1
682 0 -80134.15788530 0
683 0 -83508.94202186 0
684 1 80696.68676646 1
685 0 -64020.64056275 0
686 0 -110774.01286020 0
687 0 -105215.53191675 0
688 0 -61280.38092042 0
689 1 87990.21909424 1
690 1 114818.26751498 1
691 1 90947.13339339 1
692 1 57014.00796995 1
693 1 69365.20546123 1
694 0 -82592.16778221 0
695 1 41050.16140973 1
696 0 -88970.69504289 0
697 0 -91918.76845680 0
698 0 -90145.62264728 0
699 1 76553.89007411 1
700 1 71952.19691065 1
701 1 82800.85555596 1
702 0 -26252.74202430 0
703 1 92428.97564394 1
704 0 -81413.59649867 0
705 0 -81024.17146727 0
706 0 -63193.75665915 0
707 1 72135.52966750 1
708 0 -76679.36104242 0
709 1 45052.67955198 1
710 1 90819.87109558 1
711 0 -82360.33625856 0
712 1 69322.57131922 1
713 0 -72150.19179958 0
714 0 -51857.63956666 0
715 0 -81704.78832400 0
716 0 -42911.71320160 0
717 1 69022.64113793 1
718 0 -76487.20888603 0
719 0 -71561.50000775 0
720 0 -63412.67470063 0
721 0 -60362.19740835 0
722 0 -68892.39423419 0
723 0 -39584.52443034 0
724 1 67835.30771980 1
725 1 74813.04003879 1
726 1 77910.34445156 1
727 0 -47719.02265673 0
728 0 -50346.89939425 0
729 0 -72883.28675047 0
730 0 -48083.41154590 0
731 1 74619.32919438 1
732 1 69104.16354062 1
733 0 -85073.81584394 0
734 1 75079.96071604 1
735 0 -65875.53437908 0
736 0 -92031.04432074 0
737 1 16604.87365102 1
738 1 98102.95236129 1
739 0 -65809.91656862 0
740 0 -92114.20316410 0
741 1 64990.56047922 1
742 1 66436.47437280 1
743 0 -95718.86353028 0
744 1 35929.48939831 1
745 1 113760.31874080 1
746 0 -80074.37324660 0
747 0 -65478.17918817 0
748 0 -50025.09196928 0
749 1 50067.44438641 1
750 0 -89803.60954520 0
751 0 -56840.14768948 0
752 1 66497.32823189 1
753 1 75296.44695865 1
754 0 -84435.11936851 0
755 1 88272.63734279 1
756 0 -63471.04701572 0
757 0 -74754.43682663 0
758 0 -23575.34630680 0
759 1 61842.64292922 1
760 0 -67119.80956378 0
761 1 86711.49584744 1
762 0 -63562.13868038 0
763 0 -70953.46802592 0
764 0 -87265.43044240 0
765 0 -42781.14322797 0
766 0 -62866.37526546 0
767 0 -54923.37288868 0
768 1 68199.70283434 1
769 1 46888.71625648 1
770 0 -57109.67843786 0
771 0 -80829.16965765 0
772 0 -39815.94695350 0
773 0 -70290.05001407 0
774 1 76548.29072702 1
775 1 79355.26375654 1
776 1 59012.90427784 1
777 1 55397.75730783 1
778 0 -72221.18727281 0
779 0 -23502.61714386 0
780 1 69285.75700487 1
781 0 -87496.48387411 0
782 1 80217.14767704 1
783 0 -66857.00339677 0
784 1 68309.03636193 1
785 0 -93721.72144957 0
786 0 -33630.83928844 0
787 1 85658.49844710 1
788 1 76039.98730649 1
789 1 88827.47576716 1
790 0 -56990.04757100 0
791 1 83245.80232249 1
792 0 -90798.83891703 0
793 0 -40811.21042770 0
794 1 83769.69226482 1
795 1 84160.62324672 1
796 1 84802.94207802 1
797 0 -82714.70548953 0
798 1 77832.55581349 1
799 1 92119.91962800 1
800 1 50278.66840779 1
801 0 -94496.09801043 0
802 1 78935.89603029 1
803 0 -88730.42672741 0
804 1 73534.78884318 1
805 1 87806.85575199 1
806 1 82534.65769786 1
807 1 51194.80831523 1
808 0 -86347.79357965 0
809 1 78091.48779961 1
810 1 83217.09708470 1
811 1 75290.41064705 1
812 1 88452.59677385 1
813 1 94833.42072136 1
814 1 41650.91239656 1
815 0 -73795.78570568 0
816 1 76283.25273149 1
817 0 -101094.75780414 0
818 0 -68732.57530825 0
819 0 -80086.85641389 0
820 0 -84671.90548647 0
821 1 28488.48121113 1
822 0 -71944.87960806 0
823 0 -70284.80060578 0
824 1 124190.68507834 1
825 0 -52695.33803582 0
826 1 83040.85628768 1
827 0 -90991.13147867 0
828 1 36322.67543571 1
829 0 -77931.95173001 0
830 0 -82622.90245423 0
831 1 73356.04851676 1
832 0 -94683.82618744 0
833 0 -73228.69765816 0
834 0 -102970.42196764 0
835 0 -26366.87689654 0
836 0 -85463.26066563 0
837 1 92027.08529315 1
838 1 101288.73767218 1
839 0 -79096.17416219 0
840 0 -69113.43179248 0
841 1 88412.77804202 1
842 0 -55713.71191226 0
843 1 81688.83243520 1
844 0 -91017.72669730 0
845 0 -77798.10575925 0
846 0 -74024.81281927 0
847 0 -73591.85381356 0
848 1 103128.01037025 1
849 0 -59076.66401151 0
850 0 -98517.92890907 0
851 0 -79250.08791965 0
852 0 -91648.05267584 0
853 0 -71430.12136686 0
854 0 -93978.77257991 0
855 0 -86554.80210483 0
856 1 42067.97466621 1
857 1 86716.46745909 1
858 0 -89548.20969308 0
859 1 87514.17910559 1
860 0 -78186.97618887 0
861 1 61958.93897183 1
862 0 -101771.31483777 0
863 1 44545.71156682 1
864 1 92357.75846610 1
865 1 78834.67586056 1
866 0 -86452.90374960 0
867 0 -67512.18153473 0
868 0 -67001.71316156 0
869 1 85305.72108017 1
870 1 47272.56326903 1
871 0 -79618.24254810 0
872 0 -104009.52503826 0
873 1 89158.14590843 1
874 0 -77519.10738963 0
875 1 81864.54808989 1
876 0 -92029.48197204 0
877 0 -44118.99522265 0
878 0 -108741.67212618 0
879 1 77019.72094588 1
880 1 72979.52814926 1
881 0 -70690.00828409 0
882 0 -72096.35899461 0
883 0 -84739.58440252 0
884 1 51939.19119325 1
885 1 84689.17526581 1
886 0 -80092.06718387 0
887 0 -76597.66600048 0
888 1 71249.28739877 1
889 1 74679.27073091 1
890 1 85980.76870181 1
891 1 43183.04262270 1
892 0 -72842.49956378 0
893 1 81319.77804680 1
894 0 -78358.44207603 0
895 1 67106.01104435 1
896 0 -66938.67857951 0
897 0 -97295.67614938 0
898 1 47314.90582928 1
899 0 -88668.81822563 0
900 1 77389.72964289 1
901 1 76375.05595009 1
902 1 62297.50398442 1
903 0 -65925.29345118 0
904 0 -76181.52887123 0
905 0 -38699.80030488 0
906 0 -70094.55997065 0
907 1 82895.43356932 1
908 0 -85361.16669208 0
909 1 75254.60137870 1
910 1 56892.33152173 1
911 0 -87742.31435766 0
912 1 21205.14978125 1
913 1 71458.06700137 1
914 0 -67458.30738526 0
915 1 83633.66440806 1
916 1 96056.60398987 1
917 1 66176.30123654 1
918 1 98221.37821509 1
919 0 -40222.95672911 0
920 0 -104933.35763589 0
921 0 -78780.37633616 0
922 0 -90287.99672697 0
923 1 57228.63802765 1
924 1 58140.57671407 1
925 0 -97839.78050955 0
926 0 -52926.04169397 0
927 1 97213.40342578 1
928 1 83619.07609290 1
929 0 -98949.93215327 0
930 1 70338.98305564 1
931 0 -69613.01736634 0
932 1 77504.98786603 1
933 1 75461.15632452 1
934 1 86173.97493984 1
935 1 79648.22029342 1
936 0 -103736.92198386 0
937 0 -72076.80927518 0
938 0 -62441.31649778 0
939 1 91054.28146107 1
940 0 -50719.35366346 0
941 0 -94829.80747741 0
942 1 74330.71933358 1
943 0 -96053.04304363 0
944 0 -39312.30942436 0
945 1 68885.32246458 1
946 0 -106330.58473507 0
947 1 41076.82441969 1
948 1 76798.77116949 1
949 0 -68617.93068246 0
950 0 -85833.20262327 0
951 0 -53551.23824546 0
952 1 46390.70913825 1
953 1 79625.86247356 1
954 0 -21008.38721303 0
955 1 69290.14631998 1
956 1 70058.72040226 1
957 0 -72486.50303652 0
958 0 -37493.94908905 0
959 0 -50143.41137390 0
960 1 82770.98089805 1
961 1 23086.21692076 1
962 0 -63467.94556516 0
963 0 -65110.12596763 0
964 1 72628.58938037 1
965 0 -51373.74722117 0
966 0 -56538.11798163 0
967 1 83042.36198713 1
968 0 -36900.29913452 0
969 0 -67130.80279726 0
970 0 -65571.42186300 0
971 0 -70468.25603589 0
972 1 57016.42412582 1
973 1 57509.74302533 1
974 0 -72976.53568313 0
975 0 -52919.36552662 0
976 0 -79540.95998444 0
977 0 -77021.89377341 0
978 0 -71134.58756464 0
979 0 -68428.79560885 0
980 0 -52281.37182555 0
981 1 92306.36503427 1
982 1 35163.56591503 1
983 0 -86320.10170950 0
984 1 61378.39013991 1
985 0 -83703.91433706 0
986 1 61844.21256803 1
987 0 -66157.85038255 0
988 1 81265.12716665 1
989 1 41360.48759914 1
990 0 -72467.82006355 0
991 0 -68016.26777763 0
992 0 -80812.64023146 0
993 1 63660.43913459 1
994 0 -64394.85692069 0
995 1 97174.52441070 1
996 0 -38645.13764148 0
997 0 -74957.57489502 0
998 0 -75090.09851401 0
999 1 84849.08291859 1
1000 0 -54244.51774774 0
1001 0 -76448.86870423 0
1002 0 -91322.88260101 0
1003 0 -29624.60269793 0
1004 0 -93880.92203286 0
1005 0 -83429.31488852 0
1006 0 -84771.76348772 0
1007 1 53341.56667992 1
1008 1 60943.73974604 1
1009 1 83946.31725571 1
1010 1 38278.63340732 1
1011 1 93544.54850098 1
1012 1 76744.69761598 1
1013 0 -77264.76617949 0
1014 0 -56236.99237386 0
1015 1 74385.77937601 1
1016 0 -77401.96186597 0
1017 0 -40319.54982592 0
1018 0 -85377.09975982 0
1019 0 -81697.96370150 0
1020 0 -87541.10386208 0
1021 0 -66906.69610681 0
1022 0 -72131.80035399 0
1023 0 -75010.61680538 0
1024 0 -55102.49849037 0
1025 0 -91361.80736898 0
1026 0 -85312.34896225 0
1027 1 85683.87278931 1
1028 1 59951.11657131 1
1029 1 58737.24877759 1
1030 1 80755.79497877 1
1031 1 44695.80736937 1
1032 1 81883.73461931 1
1033 0 -68090.04643897 0
1034 1 86627.79012743 1
1035 0 -63919.40844614 0
1036 1 50452.07146608 1
1037 0 -74436.60660422 0
1038 0 -40502.00500044 0
1039 0 -77886.34652600 0
1040 0 -66235.37788123 0
1041 1 86370.64504244 1
1042 0 -59573.04559767 0
1043 0 -61501.03189764 0
1044 1 73051.45443132 1
1045 0 -41376.03307179 0
1046 0 -80905.18203415 0
1047 1 85434.93634987 1
1048 0 -81030.12195778 0
1049 1 60291.80996346 1
1050 1 66634.74227175 1
1051 0 -76904.74620222 0
1052 1 37722.51366245 1
1053 1 72638.13279848 1
1054 1 121678.78374063 1
1055 1 87455.58376303 1
1056 1 67343.50242825 1
1057 1 76230.49850009 1
1058 1 80823.06585039 1
1059 1 36816.22970409 1
1060 0 -87164.85264445 0
1061 0 -86676.32711756 0
1062 0 -115835.52696359 0
1063 0 -60712.10699605 0
1064 0 -79063.78813046 0
1065 1 88272.61009329 1
1066 1 43203.42904194 1
1067 1 81575.61954409 1
1068 0 -83985.96555106 0
1069 1 87356.96067441 1
1070 1 52069.12107363 1
1071 1 74318.75570636 1
1072 0 -100410.18021536 0
1073 1 50975.25372560 1
1074 0 -81235.02807131 0
1075 0 -78488.58354877 0
1076 0 -82355.62450868 0
1077 1 64001.28990596 1
1078 0 -74848.36194308 0
1079 0 -87133.07318075 0
1080 0 -47698.74433056 0
1081 0 -74389.85749995 0
1082 0 -89485.98901229 0
1083 0 -84252.11131031 0
1084 1 97345.23408572 1
1085 0 -71671.23946936 0
1086 0 -88858.89991772 0
1087 1 44311.98091447 1
1088 1 74050.90371410 1
1089 1 82411.58210143 1
1090 1 86649.62004057 1
1091 1 60776.23247509 1
1092 1 72537.38105853 1
1093 0 -93745.30474230 0
1094 1 54881.82534829 1
1095 0 -78344.52358501 0
1096 1 89103.23033595 1
1097 0 -85696.14012873 0
1098 1 68101.56777974 1
1099 0 -63294.79301877 0
1100 1 91821.18252825 1
1101 0 -37568.36837673 0
1102 0 -89748.02833004 0
1103 1 93527.47675295 1
1104 0 -92959.50146561 0
1105 0 -66717.05982374 0
1106 1 64944.50714835 1
1107 0 -93889.51140349 0
1108 1 69199.31786648 1
1109 1 118658.80999051 1
1110 1 87723.65426415 1
1111 1 86671.42948549 1
1112 1 76133.60872951 1
1113 0 -66751.63038070 0
1114 1 103707.99507129 1
1115 0 -32847.95632120 0
1116 1 90772.46347968 1
1117 1 119954.33082204 1
1118 0 -106555.86844693 0
1119 0 -98522.42260651 0
1120 1 62977.21650411 1
1121 0 -87960.43612743 0
1122 0 -28313.02355762 0
1123 1 91112.31684980 1
1124 0 -97598.35462177 0
1125 1 86292.02571259 1
1126 0 -70550.29785672 0
1127 0 -69068.83585227 0
1128 0 -92358.48551627 0
1129 1 42347.87466184 1
1130 1 88511.51197201 1
1131 1 91366.61542986 1
1132 1 91505.99627251 1
1133 1 68755.17705116 1
1134 0 -60022.70189395 0
1135 0 -102446.94286333 0
1136 1 46195.79781195 1
1137 1 95193.61938365 1
1138 0 -106325.13373396 0
1139 1 89920.31043031 1
1140 0 -60458.43542911 0
1141 0 -78145.46246491 0
1142 0 -81565.95437265 0
1143 0 -40117.88992658 0
1144 0 -87758.47265875 0
1145 1 102275.66056860 1
1146 1 122184.76625268 1
1147 1 77148.43792427 1
1148 0 -77857.94639125 0
1149 0 -98433.17871241 0
1150 0 -79566.03774252 0
1151 1 84887.22823754 1
1152 0 -101279.90761506 0
1153 1 84247.93085366 1
1154 0 -55174.56356995 0
1155 1 64023.13225430 1
1156 1 100184.38243554 1
1157 1 58221.02130247 1
1158 1 82409.54993386 1
1159 1 98892.39705821 1
1160 1 89665.53359801 1
1161 0 -60107.29899223 0
1162 1 47302.12931948 1
1163 1 103356.56101905 1
1164 0 -45514.54745185 0
1165 0 -79832.84343998 0
1166 1 94665.38384008 1
1167 0 -94661.31601063 0
1168 1 51841.92752407 1
1169 0 -72406.67851395 0
1170 1 101369.55804293 1
1171 1 42146.83549947 1
1172 0 -81871.51360338 0
1173 0 -92118.59279690 0
1174 0 -77275.49417005 0
1175 0 -57715.88651329 0
1176 1 63882.99587786 1
1177 1 87623.33605320 1
1178 1 34936.64688085 1
1179 0 -72988.20967733 0
1180 0 -93314.13982526 0
1181 0 -88728.71626266 0
1182 0 -49863.23735726 0
1183 0 -77583.34098711 0
1184 1 93245.16309235 1
1185 0 -37416.17016341 0
1186 1 95838.31285931 1
1187 1 75964.39135320 1
1188 1 70834.38762555 1
1189 0 -48588.26668223 0
1190 1 63468.40236832 1
1191 1 81085.58288848 1
1192 0 -27284.77597815 0
1193 1 80397.86373064 1
1194 0 -86647.71895682 0
1195 0 -75851.25933025 0
1196 1 53684.41730279 1
1197 1 42752.85137396 1
1198 1 79794.90713598 1
1199 0 -13022.68435888 0
1200 1 70592.51369662 1
1201 1 115339.34525652 1
1202 0 -76942.47970835 0
1203 1 55378.91974947 1
1204 1 53983.37925937 1
1205 0 -114750.57383331 0
1206 1 45908.78277055 1
1207 0 -52853.91980804 0
1208 0 -62414.57587537 0
1209 1 70169.24634814 1
1210 1 56484.77976031 1
1211 0 -89949.73140665 0
1212 1 82601.60750231 1
1213 1 34229.22354555 1
1214 1 71070.27857909 1
1215 1 100758.52818018 1
1216 0 -77607.01955520 0
1217 0 -38345.36636869 0
1218 0 -44448.77986145 0
1219 0 -71363.54870385 0
1220 0 -20357.21158403 0
1221 0 -68937.77103863 0
1222 1 78584.38037328 1
1223 1 71086.51971468 1
1224 1 50510.71588593 1
1225 0 -51455.43461206 0
1226 1 57838.19339073 1
1227 0 -13022.68435888 0
1228 0 -62193.54191037 0
1229 0 -54157.94270599 0
1230 1 50272.07047805 1
1231 1 33286.52179711 1
1232 1 30022.06413431 1
1233 0 -69845.96683941 0
1234 1 21077.50200303 1
1235 1 69913.00910464 1
1236 1 69000.27903507 1
1237 1 54982.52801360 1
1238 0 -30022.06413431 0
1239 1 30440.42470489 1
1240 0 -69590.26973167 0
1241 1 24819.85615438 1
1242 0 -63109.43230112 0
1243 1 70508.55313615 1
1244 0 -74788.41512925 0
1245 0 -58606.31221378 0
1246 1 36477.90415916 1
1247 0 -90064.61711898 0
1248 1 30809.79158342 1
1249 0 -78912.12794925 0
1250 0 -69772.39742435 0
1251 1 86966.96914107 1
1252 1 47373.50599605 1
1253 0 -52512.83401652 0
1254 0 -83945.36125136 0
1255 0 -42894.25178330 0
1256 0 -70697.28544044 0
1257 0 -74544.25137138 0
1258 0 -69631.77480933 0
1259 1 54428.70925155 1
1260 1 48158.12547200 1
1261 1 92327.58696648 1
1262 1 46146.91013198 1
1263 1 76591.50546477 1
1264 0 -75024.05451717 0
1265 1 82699.38967451 1
1266 0 -42247.07020568 0
1267 0 -57585.24735912 0
1268 1 85964.82625522 1
1269 0 -29476.83374584 0
1270 1 62102.96772341 1
1271 0 -72662.77033180 0
1272 0 -69631.35954885 0
1273 0 -40721.33635673 0
1274 1 51446.42602771 1
1275 0 -71045.18766045 0
1276 0 -28125.45870177 0
1277 1 80684.24821657 1
1278 0 -92298.26697773 0
1279 1 84530.49797871 1
1280 0 -56848.22778106 0
1281 0 -57801.93540546 0
1282 1 92038.51302915 1
1283 1 36247.26611591 1
1284 1 111796.39782901 1
1285 1 69144.36829060 1
1286 1 94541.35624355 1
1287 1 66668.61797991 1
1288 1 64826.72991415 1
1289 1 92486.08340354 1
1290 1 40607.59352754 1
1291 0 -70525.85185701 0
1292 0 -112501.07140237 0
1293 1 81855.68124748 1
1294 1 67481.18446518 1
1295 1 51959.71559273 1
1296 0 -87585.00413273 0
1297 0 -34768.02266085 0
1298 1 84447.89021083 1
1299 1 86818.87478756 1
1300 0 -86399.31666814 0
1301 0 -57041.36740730 0
1302 0 -76283.26283035 0
1303 0 -89555.86886251 0
1304 1 46485.23446271 1
1305 1 75669.10627874 1
1306 0 -88395.44563951 0
1307 0 -91258.46398028 0
1308 0 -72226.46078206 0
1309 0 -72263.06733218 0
1310 0 -98117.76922080 0
1311 0 -25448.77650504 0
1312 1 92649.56372808 1
1313 0 -79958.26671174 0
1314 1 90389.45099335 1
1315 1 57564.62987434 1
1316 0 -71686.48316954 0
1317 1 90412.05231423 1
1318 1 34065.46901850 1
1319 0 -96124.46567286 0
1320 0 -86613.08415469 0
1321 0 -71413.14438653 0
1322 1 72457.29260561 1
1323 1 66666.28365847 1
1324 1 97696.84794864 1
1325 0 -25871.27691757 0
1326 0 -92568.93247009 0
1327 1 86990.68278421 1
1328 1 93961.89007757 1
1329 0 -63390.18305917 0
1330 1 65901.36200774 1
1331 0 -104774.52511624 0
1332 0 -58233.99158183 0
1333 1 88042.42225505 1
1334 1 102377.20784206 1
1335 0 -102020.36787017 0
1336 0 -66496.63831681 0
1337 1 64662.57582444 1
1338 0 -132136.40563859 0
1339 1 48935.77339428 1
1340 0 -88857.33528492 0
1341 1 107204.13919589 1
1342 1 100561.46126218 1
1343 1 65117.12785523 1
1344 0 -87191.03580996 0
1345 0 -111520.14916493 0
1346 0 -51305.78857386 0
1347 0 -87690.16250096 0
1348 1 105350.49974257 1
1349 1 100631.68115020 1
1350 1 63261.48526164 1
1351 0 -76294.39516521 0
1352 0 -92207.01500614 0
1353 0 -50681.75876758 0
1354 1 82584.41085749 1
1355 1 90399.49105515 1
1356 1 93740.72195548 1
1357 1 71875.83092371 1
1358 0 -79463.66612518 0
1359 1 112744.45347623 1
1360 1 62204.92266370 1
1361 0 -82641.57675432 0
1362 1 86807.92669226 1
1363 1 97336.95343039 1
1364 0 -59135.08572721 0
1365 0 -92720.77590664 0
1366 1 93114.77429111 1
1367 1 70168.06555294 1
1368 1 93820.30667188 1
1369 1 114483.10145893 1
1370 0 -90446.53036306 0
1371 1 61064.00797738 1
1372 0 -61228.87015624 0
1373 1 94593.70801477 1
1374 1 51441.91285793 1
1375 0 -98115.41811657 0
1376 1 120508.33231456 1
1377 1 102170.92089136 1
1378 1 65467.17556630 1
1379 1 84444.89733104 1
1380 1 126047.43824418 1
1381 0 -56655.36310718 0
1382 1 85982.06325762 1
1383 1 121419.05953209 1
1384 0 -83420.29770487 0
1385 1 67108.68755270 1
1386 1 84501.03897304 1
1387 0 -95669.44652338 0
1388 0 -53838.97889168 0
1389 1 91753.70045757 1
1390 1 94113.28134480 1
1391 0 -92659.09936516 0
1392 0 -53554.36378809 0
1393 1 106515.66353640 1
1394 1 94352.01674735 1
1395 0 -61915.73743343 0
1396 1 103239.27572128 1
1397 0 -98235.83062664 0
1398 0 -86264.72078963 0
1399 1 77453.30367289 1
1400 1 88153.19811070 1
1401 1 97226.92728356 1
1402 0 -48062.01735281 0
1403 0 -92794.87428044 0
1404 0 -82669.63391598 0
1405 1 91624.54468356 1
1406 1 82308.09411377 1
1407 0 -82090.16149635 0
1408 0 -86848.48966974 0
1409 1 54498.77058443 1
1410 0 -94600.97243587 0
1411 1 94743.88214552 1
1412 0 -101667.37119299 0
1413 1 69776.74712496 1
1414 0 -73223.17781676 0
1415 1 86138.01758843 1
1416 1 56745.43911822 1
1417 0 -85333.40651626 0
1418 1 63449.59536800 1
1419 1 78817.87394151 1
1420 0 -77600.30118670 0
1421 1 73063.51391378 1
1422 0 -83268.14456362 0
1423 1 47482.21282366 1
1424 1 93274.03711559 1
1425 0 -72639.05235014 0
1426 0 -83481.99708834 0
1427 1 77725.78250323 1
1428 1 76570.10185885 1
1429 1 85766.36071564 1
1430 0 -44566.38897830 0
1431 0 -93559.78357672 0
1432 1 78238.69365075 1
1433 1 95262.15252442 1
1434 1 65053.66647391 1
1435 0 -81025.72331418 0
1436 1 96960.92264064 1
1437 1 48817.80452602 1
1438 0 -74215.96299517 0
1439 1 83128.27816599 1
1440 0 -83657.49472988 0
1441 1 79523.82320609 1
1442 0 -78686.85887547 0
1443 0 -100022.36363743 0
1444 0 -43388.72831390 0
1445 1 94593.98848617 1
1446 1 84109.13709396 1
1447 1 89656.95352108 1
1448 0 -63970.20226841 0
1449 1 71886.08117377 1
1450 0 -85769.03226208 0
1451 0 -50508.51930571 0
1452 1 95148.33400087 1
1453 0 -76828.88618265 0
1454 0 -96630.18340157 0
1455 0 -83144.76951665 0
1456 1 59570.44253841 1
1457 1 85109.29518944 1
1458 1 63234.89772824 1
1459 1 82473.30524624 1
1460 0 -74857.36181525 0
1461 1 114914.44340053 1
1462 0 -69416.40188323 0
1463 0 -66990.63775469 0
1464 0 -82426.88010456 0
1465 1 58430.27488789 1
1466 0 -80241.71474207 0
1467 0 -78715.03391857 0
1468 1 79899.95915255 1
1469 1 57306.59627283 1
1470 0 -80240.89879765 0
1471 0 -78168.00462679 0
1472 0 -42803.42693265 0
1473 0 -61975.54855877 0
1474 0 -83202.31901893 0
1475 0 -85827.99950178 0
1476 1 53785.02785875 1
1477 1 71683.60813141 1
1478 0 -72250.48654958 0
1479 1 42056.70148813 1
1480 0 -63249.05471766 0
1481 0 -89949.34141050 0
1482 0 -83589.63086190 0
1483 1 56016.22292590 1
1484 1 80465.64420455 1
1485 0 -77089.96949110 0
1486 0 -43113.79337485 0
1487 1 76967.39248433 1
1488 1 83594.15837102 1
1489 0 -87746.46862596 0
1490 1 57961.39487301 1
1491 1 74967.00228715 1
1492 0 -72495.29428190 0
1493 0 -35500.27333983 0
1494 1 85620.61879812 1
1495 0 -96312.71368745 0
1496 0 -76844.53766085 0
1497 1 58932.04678360 1
1498 0 -81247.76897127 0
1499 1 81768.83694294 1
1500 1 35590.19600557 1
1501 0 -91528.21392570 0
1502 0 -89596.29138212 0
1503 0 -71221.25458575 0
1504 0 -64155.38959932 0
1505 1 76373.97243122 1
1506 0 -66306.34744861 0
1507 1 42630.02869180 1
1508 1 80950.46777718 1
1509 1 73866.66771301 1
1510 1 71321.56972411 1
1511 0 -57657.72773985 0
1512 0 -79089.30515562 0
1513 0 -54157.94270599 0
1514 1 61397.01836368 1
1515 0 -83107.07834033 0
1516 1 85659.34171117 1
1517 0 -68614.82944512 0
1518 0 -53597.75133031 0
1519 1 56631.14319988 1
1520 0 -58568.09523264 0
1521 0 -30359.27484123 0
1522 1 94774.93173123 1
1523 0 -77616.89237614 0
1524 1 73950.19889345 1
1525 1 54703.13315915 1
1526 0 -53730.94590473 0
1527 0 -60935.93765145 0
1528 1 30035.31413928 1
1529 0 -73787.77083421 0
1530 0 -78705.53339223 0
1531 0 -73549.46961537 0
1532 0 -74220.94484273 0
1533 1 63769.97708426 1
1534 1 82776.69023661 1
1535 0 -45326.50578674 0
1536 0 -85953.93898439 0
1537 0 -90365.11395916 0
1538 0 -78790.44901305 0
1539 1 79662.53444689 1
1540 1 74551.16920960 1
1541 0 -86297.76483715 0
1542 0 -47052.24130276 0
1543 0 -80943.47624113 0
1544 0 -92918.04254110 0
1545 0 -69804.59039689 0
1546 1 83589.37598160 1
1547 1 66934.49955429 1
1548 1 80804.93027005 1
1549 1 47286.95991140 1
1550 1 79649.75322943 1
1551 1 85143.20531820 1
1552 0 -88531.88187283 0
1553 1 80826.45255780 1
1554 0 -83155.04612747 0
1555 1 83837.03509443 1
1556 1 66609.87909858 1
1557 1 81134.38623472 1
1558 0 -99727.35684312 0
1559 1 80494.08457341 1
1560 1 75039.13736854 1
1561 0 -79630.62303712 0
1562 1 104222.05516642 1
1563 1 63605.46061291 1
1564 1 84756.61350012 1
1565 0 -83861.18595659 0
1566 0 -76262.92506787 0
1567 1 117206.31109249 1
1568 0 -104105.30240897 0
1569 1 121166.07846223 1
1570 0 -52472.88668781 0
1571 0 -69244.27902634 0
1572 1 88446.09058042 1
1573 0 -76446.77789663 0
1574 0 -73311.68322349 0
1575 1 66746.12774909 1
1576 0 -88295.71382572 0
1577 1 78005.80219743 1
1578 1 79663.51935251 1
1579 1 114438.42589506 1
1580 1 80361.01182606 1
1581 1 74532.72933654 1
1582 0 -60844.44492147 0
1583 0 -86973.98726475 0
1584 1 52931.97092250 1
1585 1 67176.43152227 1
1586 0 -85252.36617500 0
1587 1 81865.75669847 1
1588 1 83699.13022303 1
1589 1 81846.99026898 1
1590 0 -84254.25949374 0
1591 0 -48242.49247115 0
1592 0 -73166.45254135 0
1593 1 81940.75541163 1
1594 1 58172.65470196 1
1595 1 75773.99937761 1
1596 1 63182.72705402 1
1597 1 79816.02109888 1
1598 1 52207.76032210 1
1599 0 -70598.58424077 0
1600 0 -73841.17386640 0
1601 0 -71887.23139490 0
1602 0 -50903.89115239 0
1603 0 -60482.15965645 0
1604 0 -78091.03281333 0
1605 1 48206.59400119 1
1606 1 95679.87969391 1
1607 1 81660.42981181 1
1608 0 -96184.10690684 0
1609 1 82991.56627308 1
1610 0 -103827.67858856 0
1611 1 84495.29734778 1
1612 0 -51112.21587239 0
1613 0 -83102.55135723 0
1614 1 76814.70659104 1
1615 1 74903.15613256 1
1616 1 80719.44413040 1
1617 1 79842.43976867 1
1618 1 92487.51529169 1
1619 1 64809.63914305 1
1620 0 -85930.24200842 0
1621 0 -78505.21865346 0
1622 1 65256.41943535 1
1623 1 72235.90240849 1
1624 1 54865.91705393 1
1625 0 -83071.72773221 0
1626 0 -56332.14517491 0
1627 1 84019.15894295 1
1628 0 -65014.34416995 0
1629 0 -82450.05150482 0
1630 1 67609.54296280 1
1631 0 -56630.07150052 0
1632 0 -83385.57137999 0
1633 1 58532.99660440 1
1634 1 60974.89149484 1
1635 1 78300.52508738 1
1636 0 -75975.72629454 0
1637 1 59312.64046723 1
1638 0 -63886.05003765 0
1639 0 -75451.49149997 0
1640 1 57050.38401874 1
1641 0 -77985.59586142 0
1642 0 -84731.53792435 0
1643 0 -101834.13644064 0
1644 1 64743.16111342 1
1645 0 -62845.25045956 0
1646 1 89025.84533296 1
1647 0 -50445.47882911 0
1648 0 -55841.83373358 0
1649 0 -63356.29671678 0
1650 0 -78817.42385244 0
1651 0 -66764.98617696 0
1652 0 -51101.85167652 0
1653 1 80608.36721710 1
1654 1 56609.50382323 1
1655 0 -65840.14186813 0
1656 0 -85643.22958822 0
1657 0 -59637.73693137 0
1658 0 -71371.32306882 0
1659 1 43174.62720679 1
1660 0 -78594.28932735 0
1661 1 85422.38660190 1
1662 0 -73623.25988669 0
1663 0 -90041.12234353 0
1664 0 -81349.51669037 0
1665 0 -106370.00307090 0
1666 1 71703.33065353 1
1667 1 81551.25313796 1
1668 0 -49678.44201784 0
1669 0 -71540.30498702 0
1670 1 80024.18467021 1
1671 0 -118795.38719902 0
1672 0 -85836.84867590 0
1673 1 73833.82158041 1
1674 0 -93818.34130260 0
1675 1 65636.23878859 1
1676 1 90346.54784350 1
1677 1 82445.25113366 1
1678 1 80957.50358315 1
1679 1 69398.87629979 1
1680 0 -70013.36091766 0
1681 0 -89443.03602978 0
1682 0 -61958.41032330 0
1683 0 -81156.59902859 0
1684 0 -93975.58529169 0
1685 1 87208.78914803 1
1686 0 -65051.43250096 0
1687 1 61833.58746724 1
1688 0 -88320.92226329 0
1689 0 -47259.41652315 0
1690 0 -66369.05044981 0
1691 1 90612.81983122 1
1692 0 -84041.39063869 0
1693 0 -77148.93679710 0
1694 0 -71776.02991748 0
1695 0 -89648.77432039 0
1696 1 58001.24633815 1
1697 1 90976.45298457 1
1698 0 -79000.22001079 0
1699 0 -90737.45240829 0
1700 1 89275.92649443 1
1701 0 -80750.65763281 0
1702 1 92989.83699727 1
1703 1 65015.78974031 1
1704 1 94072.66782319 1
1705 0 -95192.94248538 0
1706 0 -70147.01151742 0
1707 0 -85138.96401890 0
1708 1 80543.53251869 1
1709 0 -109577.24715642 0
1710 1 53070.30078432 1
1711 1 100451.58398536 1
1712 1 83032.47631118 1
1713 0 -79378.22903678 0
1714 1 74836.74891053 1
1715 1 92532.73205679 1
1716 1 90040.58788951 1
1717 1 62839.57851300 1
1718 1 84574.63012015 1
1719 1 83183.86312203 1
1720 1 74026.45365009 1
1721 1 94501.89232191 1
1722 0 -77211.69022280 0
1723 1 96560.36266133 1
1724 0 -64495.60339214 0
1725 0 -68528.40684711 0
1726 1 59496.50759232 1
1727 1 74968.82676422 1
1728 0 -77588.50368861 0
1729 1 78664.37974839 1
1730 0 -83082.74684770 0
1731 0 -47067.38014822 0
1732 1 76936.44757865 1
1733 1 64642.77784244 1
1734 1 66955.34076055 1
1735 1 66017.06040454 1
1736 1 62070.44218155 1
1737 1 90427.26307235 1
1738 0 -54110.19695921 0
1739 0 -85779.04428506 0
1740 1 64976.87938280 1
1741 0 -56592.70059727 0
1742 0 -78436.89879660 0
1743 1 58702.45727058 1
1744 0 -116756.50018917 0
1745 0 -41355.28704402 0
1746 1 84934.32272144 1
1747 1 78559.98017788 1
1748 0 -73439.68681847 0
1749 1 84599.54438817 1
1750 0 -64796.78008079 0
1751 0 -76481.18231497 0
1752 0 -92573.20731810 0
1753 1 82053.12141122 1
1754 1 100484.09401862 1
1755 0 -64778.77259705 0
1756 1 73472.52753474 1
1757 0 -69104.05250528 0
1758 1 86302.87950354 1
1759 0 -55811.38712439 0
1760 1 75679.67629776 1
1761 1 76326.44453982 1
1762 1 89718.61263152 1
1763 0 -70614.51274321 0
1764 1 75230.63267730 1
1765 1 77935.54981695 1
1766 0 -66528.82621932 0
1767 1 88214.36204045 1
1768 0 -84571.44530919 0
1769 0 -84324.46943183 0
1770 0 -79896.73416460 0
1771 1 62691.13163543 1
1772 0 -95544.37537477 0
1773 1 49399.13467392 1
1774 1 94255.47193127 1
1775 0 -74287.70908346 0
1776 1 82700.82330479 1
1777 1 76939.50160588 1
1778 1 71312.09773669 1
1779 1 85189.28663050 1
1780 0 -51602.65568435 0
1781 0 -84347.19206097 0
1782 1 90370.55143434 1
1783 1 81220.20587603 1
1784 1 86254.76129547 1
1785 1 63905.10451197 1
1786 1 88787.74588100 1
1787 1 51558.67131424 1
1788 0 -96058.38545733 0
1789 0 -80356.15490985 0
1790 1 83238.14955414 1
1791 0 -79439.05322211 0
1792 1 88631.21511308 1
1793 1 93260.90222696 1
1794 0 -62134.66787154 0
1795 1 99543.11660082 1
1796 0 -92088.19988123 0
1797 0 -89185.07207421 0
1798 0 -102821.24973190 0
1799 1 82070.36731353 1
1800 0 -95512.30277154 0
1801 0 -70323.33563261 0
1802 1 93116.33654122 1
1803 0 -86564.30438761 0
1804 0 -81082.54083790 0
1805 0 -66474.87934918 0
1806 0 -70938.11822864 0
1807 0 -99952.55635450 0
1808 1 63966.24087494 1
1809 0 -97905.12140324 0
1810 1 87003.54967217 1
1811 1 80504.17644050 1
1812 1 53484.84168597 1
1813 0 -63325.23315903 0
1814 0 -92334.36100557 0
1815 1 51662.82796524 1
1816 1 90312.24897100 1
1817 1 87520.80918517 1
1818 0 -79282.45339258 0
1819 1 69347.99752294 1
1820 0 -54470.79533076 0
1821 0 -87584.60027346 0
1822 0 -55469.44572107 0
1823 0 -87279.56477004 0
1824 1 66706.39800771 1
1825 0 -75500.97807621 0
1826 0 -52512.29601852 0
1827 1 59210.44710197 1
1828 0 -93113.11448558 0
1829 0 -61455.17035145 0
1830 0 -89982.29133798 0
1831 1 89327.30790072 1
1832 0 -58459.99208359 0
1833 1 55664.66536505 1
1834 1 69628.12062456 1
1835 1 92818.58516906 1
1836 1 88824.23777460 1
1837 1 96281.76428153 1
1838 0 -100372.15049862 0
1839 1 77605.34848050 1
1840 0 -99972.44129971 0
1841 0 -80176.14785941 0
1842 0 -94183.60317096 0
1843 0 -89496.57671257 0
1844 1 82014.31297753 1
1845 1 85252.56594083 1
1846 1 84417.92572792 1
1847 1 74848.76652469 1
1848 0 -76167.67379392 0
1849 1 89686.56812038 1
1850 0 -64148.89600776 0
1851 1 91470.62548850 1
1852 1 75888.86437305 1
1853 1 116834.42301337 1
1854 1 64123.80880636 1
1855 0 -77640.54980538 0
1856 1 89502.16351713 1
1857 0 -55159.22481559 0
1858 0 -85795.69569631 0
1859 1 87510.71350336 1
1860 0 -77695.89441629 0
1861 1 75211.08247091 1
1862 0 -62097.25855669 0
1863 0 -98039.11185893 0
1864 1 43036.08328077 1
1865 1 91349.16482987 1
1866 1 87290.22161244 1
1867 0 -78768.51574940 0
1868 1 71713.34116635 1
1869 0 -74237.41412731 0
1870 1 95613.86703331 1
1871 1 52133.57149911 1
1872 1 92097.78153346 1
1873 1 80397.96415154 1
1874 1 75598.57254319 1
1875 0 -53354.75403531 0
1876 1 85598.37980433 1
1877 1 86148.74374181 1
1878 0 -39498.32473705 0
1879 1 89047.80329766 1
1880 1 87704.91146034 1
1881 0 -68594.02220737 0
1882 0 -53774.87208250 0
1883 0 -86612.55366260 0
1884 0 -90224.11870349 0
1885 1 57059.05741355 1
1886 0 -105812.65741814 0
1887 0 -90641.08700134 0
1888 0 -84097.57694500 0
1889 1 70530.20144334 1
1890 1 91740.69664051 1
1891 1 98753.66525228 1
1892 0 -64869.32250254 0
1893 0 -106961.26597168 0
1894 1 89751.91378023 1
1895 1 85184.02814199 1
1896 0 -76373.43347374 0
1897 1 81444.87286742 1
1898 1 77256.18251075 1
1899 1 55838.17286135 1
1900 0 -79986.12052591 0
1901 1 95527.24281593 1
1902 1 75906.51799554 1
1903 1 88605.97768304 1
1904 0 -87810.67528381 0
1905 0 -94265.90573676 0
1906 1 52976.90519667 1
1907 0 -84430.07648113 0
1908 0 -80015.24352395 0
1909 1 66112.25159564 1
1910 1 81755.64004425 1
1911 0 -95910.22885269 0
1912 0 -102362.70436025 0
1913 1 43749.03365810 1
1914 1 94236.58566576 1
1915 0 -112827.53028371 0
1916 1 64763.73155199 1
1917 0 -80804.94392579 0
1918 1 93151.46537839 1
1919 1 88025.82001778 1
1920 1 50557.54188876 1
1921 0 -105292.24597699 0
1922 1 89773.03675122 1
1923 1 69192.99187207 1
1924 0 -77844.67337587 0
1925 1 88796.57302421 1
1926 1 85944.95570382 1
1927 1 51578.85094838 1
1928 0 -83504.89686085 0
1929 1 83484.10439872 1
1930 1 74594.02314020 1
1931 1 87524.30596233 1
1932 1 84448.48585076 1
1933 1 72218.23133610 1
1934 0 -60561.74029532 0
1935 0 -89022.13083738 0
1936 1 82904.70975042 1
1937 0 -72766.56988022 0
1938 1 89246.93979803 1
1939 1 76310.58221222 1
1940 1 72412.57601860 1
1941 0 -72085.54868922 0
1942 0 -85374.26873911 0
1943 1 82305.98320985 1
1944 0 -67316.10215699 0
1945 0 -84618.78745734 0
1946 0 -69142.86789330 0
1947 0 -77601.51003328 0
1948 0 -63614.48047359 0
1949 0 -76937.49871840 0
1950 0 -82410.67853014 0
1951 0 -70711.01457954 0
1952 0 -78450.79972884 0
1953 0 -63876.87187156 0
1954 1 80788.37670368 1
1955 1 62892.78049231 1
1956 1 67567.83529637 1
1957 0 -81655.29872121 0
1958 1 79053.12781963 1
1959 1 88234.42897080 1
1960 0 -87214.79430999 0
1961 0 -84910.30887791 0
1962 0 -55164.03131674 0
1963 0 -84503.62960950 0
1964 1 94833.07610224 1
1965 0 -80219.82239193 0
1966 1 80350.25043943 1
1967 0 -92511.94173994 0
1968 1 94949.40538896 1
1969 1 66771.67311724 1
1970 0 -90694.57873341 0
1971 0 -98593.70371653 0
1972 0 -80836.60192962 0
1973 0 -87111.05912496 0
1974 1 115336.35462139 1
1975 1 101680.54164377 1
1976 0 -56718.42771701 0
1977 0 -87027.56937750 0
1978 0 -96129.52577198 0
1979 0 -74438.25508251 0
1980 1 78487.29470364 1
1981 1 81506.41907732 1
1982 1 123261.65878894 1
1983 1 66687.27112301 1
1984 0 -101206.31997920 0
1985 0 -95994.78322464 0
1986 0 -73273.08535298 0
1987 0 -81983.21443186 0
1988 1 87776.19779435 1
1989 1 99899.61633190 1
1990 0 -61734.43242134 0
1991 1 98690.29006429 1
1992 0 -116438.72126785 0
1993 1 82866.76949306 1
1994 0 -90483.18618042 0
1995 0 -91115.28719725 0
1996 1 111669.82132971 1
1997 0 -65799.15209532 0
1998 0 -96909.27921874 0
1999 0 -102984.93215508 0
2000 1 90566.06027615 1
2001 1 82369.00952782 1
2002 1 103559.41996504 1
2003 1 109699.69514422 1
2004 1 79048.27228473 1
2005 1 87049.99102682 1
2006 0 -108916.16579478 0
2007 0 -84062.43278090 0
2008 1 80824.51533471 1
2009 1 92644.93932975 1
2010 0 -102572.03451017 0
2011 1 62262.51374240 1
2012 0 -97525.97559038 0
2013 1 105096.64786642 1
2014 0 -90103.53834326 0
2015 0 -73406.59917124 0
2016 1 86560.76372932 1
2017 0 -102789.18283736 0
2018 1 74194.55984550 1
2019 1 84259.61651491 1
2020 0 -93319.11077214 0
2021 1 74443.00988742 1
2022 1 86704.24490642 1
2023 0 -86196.63358629 0
2024 1 109895.51698638 1
2025 1 67684.09264081 1
2026 0 -91538.76450327 0
2027 1 127641.13008825 1
2028 0 -101962.26254294 0
2029 0 -118212.15109886 0
2030 0 -80520.62908094 0
2031 0 -97885.00008398 0
2032 0 -70100.89683529 0
2033 1 76339.17031922 1
2034 1 90713.31042045 1
2035 0 -67755.87948254 0
2036 0 -76861.21104337 0
2037 1 107407.15262220 1
2038 0 -103389.00230445 0
2039 1 86101.26426322 1
2040 1 78990.30498679 1
2041 0 -90770.35006008 0
2042 0 -62011.82399153 0
2043 1 78547.31148461 1
2044 0 -69611.22137277 0
2045 1 80350.81085931 1
2046 0 -59514.35596730 0
2047 1 75499.86495689 1
2048 0 -95076.66720147 0
2049 1 65957.26064142 1
2050 1 70918.12831947 1
2051 1 71242.04910784 1
2052 0 -87938.92879504 0
2053 1 54194.29985027 1
2054 0 -57049.70586904 0
2055 0 -96117.89269575 0
2056 0 -56856.18136512 0
2057 0 -79670.72548294 0
2058 0 -89918.53949635 0
2059 0 -103004.85413599 0
2060 1 69379.23787234 1
2061 0 -84804.54593451 0
2062 0 -83446.56416478 0
2063 1 62182.89590511 1
2064 1 97820.47403460 1
2065 0 -89695.72694657 0
2066 1 132304.36651708 1
2067 0 -66797.59358199 0
2068 1 97044.93964516 1
2069 1 100620.95579191 1
2070 1 113610.74023766 1
2071 0 -81031.82832875 0
2072 0 -86336.21774151 0
2073 1 95887.57238521 1
2074 1 45912.00929613 1
2075 0 -86691.06462440 0
2076 1 95465.20794873 1
2077 0 -81493.75299334 0
2078 0 -82150.96873392 0
2079 1 90459.59201693 1
2080 1 103021.00605130 1
2081 1 58582.68096775 1
2082 0 -72424.24510720 0
2083 1 98618.47528108 1
2084 0 -59662.19229768 0
2085 1 92846.28760617 1
2086 1 88923.45517806 1
2087 0 -109495.77014747 0
2088 1 53614.98027425 1
2089 0 -79941.41045947 0
2090 0 -88200.89476695 0
2091 0 -68764.97997576 0
2092 1 83271.27351474 1
2093 0 -96216.90940205 0
2094 0 -80427.15018978 0
2095 0 -66155.01736595 0
2096 1 88522.50703093 1
2097 1 76412.78421104 1
2098 1 67408.69579594 1
2099 0 -78913.06342605 0
2100 0 -89677.01110946 0
2101 0 -97356.09499275 0
2102 1 72784.63606204 1
2103 0 -89065.27321610 0
2104 0 -83086.89617124 0
2105 0 -61003.45766090 0
2106 0 -102998.12204326 0
2107 0 -71579.11570044 0
2108 0 -80587.21620801 0
2109 0 -55457.80479371 0
2110 1 97614.65962082 1
2111 0 -101041.96089839 0
2112 1 59613.35790780 1
2113 1 92304.48780872 1
2114 1 87127.42046842 1
2115 0 -136085.13559893 0
2116 1 64960.02508037 1
2117 0 -57968.15511873 0
2118 1 90509.66027135 1
2119 1 43117.30004186 1
2120 0 -82450.61474490 0
2121 1 115788.01781857 1
2122 0 -89565.61598313 0
2123 0 -57836.36791061 0
2124 1 69498.75232186 1
2125 1 110945.38708298 1
2126 0 -50391.75384396 0
2127 1 69285.56078977 1
2128 1 72031.63906234 1
2129 1 73447.89683264 1
2130 1 34965.82495320 1
2131 1 99776.02131753 1
2132 1 81001.65937857 1
2133 1 57460.46178091 1
2134 1 75643.94351194 1
2135 0 -82223.41356754 0
2136 1 77641.45738713 1
2137 1 38264.49171756 1
2138 0 -71814.73646013 0
2139 0 -68719.15429704 0
2140 1 46833.81963413 1
2141 1 81221.64203122 1
2142 1 89924.41626968 1
2143 0 -79672.57985376 0
2144 1 52431.59147670 1
2145 0 -66212.22344774 0
2146 1 73110.89149399 1
2147 1 37459.74545029 1
2148 0 -76582.02245198 0
2149 0 -64515.88091215 0
2150 1 65725.59529085 1
2151 0 -48148.67958140 0
2152 0 -61352.98232899 0
2153 1 91750.59935135 1
2154 0 -37459.74545029 0
2155 0 -73877.70623867 0
2156 1 77955.36478779 1
2157 0 -94232.88233447 0
2158 1 37261.97211474 1
2159 1 81819.31382881 1
2160 0 -93247.40169800 0
2161 1 61452.55707360 1
2162 0 -76866.02498804 0
2163 0 -78118.31222818 0
2164 0 -102390.97932383 0
2165 1 52136.70828518 1
2166 0 -65595.60694660 0
2167 1 100881.45694931 1
2168 0 -56494.40958923 0
2169 1 85156.23390982 1
2170 1 76297.39582975 1
2171 0 -101414.68343324 0
2172 0 -52959.46842493 0
2173 0 -76242.55088917 0
2174 1 91374.73833724 1
2175 0 -58352.74088485 0
2176 0 -62839.01230717 0
2177 0 -83177.02756572 0
2178 0 -89681.90720188 0
2179 0 -54850.99821646 0
2180 0 -63961.79206595 0
2181 0 -82069.79543303 0
2182 1 45669.55383518 1
2183 0 -66615.21803109 0
2184 0 -81753.54549907 0
2185 0 -75138.95366380 0
2186 0 -39705.03154100 0
2187 0 -80927.61148960 0
2188 0 -91320.38593070 0
2189 1 67335.72572225 1
2190 0 -86373.16431475 0
2191 0 -60459.83545322 0
2192 0 -76482.36705849 0
2193 0 -38249.63990097 0
2194 1 60050.68586796 1
2195 1 76223.15298306 1
2196 0 -49398.36380066 0
2197 1 84403.50815679 1
2198 0 -70073.63711564 0
2199 1 81803.40373877 1
2200 0 -38026.20008747 0
2201 1 49542.19317144 1
2202 1 84675.52720125 1
2203 1 64941.18546302 1
2204 0 -105835.54931969 0
2205 0 -63225.73664821 0
2206 1 80551.04223550 1
2207 0 -56282.08257383 0
2208 0 -82817.95391068 0
2209 1 85313.44742605 1
2210 0 -61702.90754012 0
2211 1 62183.77682249 1
2212 1 91698.34114524 1
2213 1 83339.87629368 1
2214 1 53215.60387420 1
2215 0 -62356.66737493 0
2216 1 78425.61467906 1
2217 1 65129.28730778 1
2218 1 73451.24318912 1
2219 0 -102267.26372679 0
2220 1 74325.15361028 1
2221 0 -40446.58197927 0
2222 0 -87422.27826909 0
2223 1 77356.94060128 1
2224 0 -75006.32560945 0
2225 1 71717.99933296 1
2226 1 97940.58359878 1
2227 0 -101306.21041479 0
2228 1 59660.27037444 1
2229 0 -90397.96743728 0
2230 0 -99634.93216138 0
2231 1 65943.85345152 1
2232 1 88527.65255867 1
2233 1 95659.89494325 1
2234 1 101568.76045425 1
2235 1 54369.48042258 1
2236 0 -79009.93488552 0
2237 0 -92019.83946573 0
2238 1 74187.98940910 1
2239 1 76332.41424011 1
2240 1 92623.41739631 1
2241 0 -73000.85788035 0
2242 1 70894.68758317 1
2243 0 -78028.28436042 0
2244 1 104669.73987397 1
2245 0 -83231.43350986 0
2246 0 -61808.29062152 0
2247 1 84187.52995255 1
2248 0 -79358.03169426 0
2249 0 -51766.45276790 0
2250 1 66176.40025615 1
2251 1 85278.87413344 1
2252 0 -72236.29656732 0
2253 0 -60194.40541221 0
2254 1 75708.38718458 1
2255 0 -81933.09950794 0
2256 1 48402.57555329 1
2257 0 -74323.22856517 0
2258 0 -89262.38603711 0
2259 1 62101.57351842 1
2260 1 52741.02891370 1
2261 0 -76027.38342055 0
2262 0 -77511.63822493 0
2263 1 46110.15008934 1
2264 1 63849.38389996 1
2265 0 -85040.68480493 0
2266 0 -64177.73725593 0
2267 0 -59095.88175826 0
2268 0 -87851.92452353 0
2269 0 -97636.52762092 0
2270 1 48269.31337221 1
2271 1 72704.28345321 1
2272 1 75272.14447530 1
2273 0 -68406.63629228 0
2274 0 -58078.28658181 0
2275 1 74935.28712272 1
2276 1 83298.20363789 1
2277 0 -56920.21958600 0
2278 1 76912.96444525 1
2279 1 99448.07934309 1
2280 0 -66392.54192818 0
2281 0 -73503.16249642 0
2282 0 -78627.32600170 0
2283 0 -90172.69925469 0
2284 1 34387.38943216 1
2285 1 83858.96572922 1
2286 0 -86283.13448681 0
2287 1 75347.29217736 1
2288 1 77336.27177998 1
2289 1 84449.53736496 1
2290 0 -95505.39527049 0
2291 0 -51856.30163168 0
2292 0 -67950.63624089 0
2293 1 85074.89996723 1
2294 1 72355.15915375 1
2295 1 78076.97436706 1
2296 0 -111000.73263392 0
2297 1 98958.35581641 1
2298 0 -66891.37261829 0
2299 0 -90976.35099722 0
2300 0 -134698.99722797 0
2301 0 -76900.29684577 0
2302 0 -77271.80296680 0
2303 0 -111927.82195359 0
2304 1 96124.33471409 1
2305 0 -65989.56164304 0
2306 1 96343.89697110 1
2307 0 -99984.02695312 0
2308 1 77457.37000149 1
2309 1 88078.43986805 1
2310 0 -104054.45185437 0
2311 1 108440.76697271 1
2312 0 -53421.57500657 0
2313 1 108903.65290819 1
2314 0 -90534.73861745 0
2315 1 79669.04241324 1
2316 0 -76551.44864579 0
2317 0 -91520.63935522 0
2318 0 -81192.71452285 0
2319 1 56199.62680048 1
2320 0 -75481.29944035 0
2321 1 100638.47476446 1
2322 0 -58988.65920287 0
2323 1 78099.25866856 1
2324 1 73051.11672324 1
2325 1 93299.68193361 1
2326 0 -65317.05294142 0
2327 1 73071.13174228 1
2328 1 91589.94049463 1
2329 0 -62734.92253183 0
2330 1 76555.09552331 1
2331 0 -83620.13793973 0
2332 1 97085.46997030 1
2333 1 71938.31513193 1
2334 1 78153.26785142 1
2335 0 -97761.38429577 0
2336 1 76336.81076839 1
2337 1 84483.15271134 1
2338 1 81644.75442734 1
2339 1 98004.64801322 1
2340 1 70537.67357060 1
2341 1 80884.99032207 1
2342 0 -92709.15673764 0
2343 0 -83875.38503131 0
2344 1 82253.54367655 1
2345 1 85581.84751526 1
2346 1 98088.86737239 1
2347 1 56212.04719718 1
2348 1 78912.43245777 1
2349 0 -91596.64747176 0
2350 1 69436.69598625 1
2351 0 -79809.36072979 0
2352 1 83541.64103257 1
2353 1 105435.73779691 1
2354 0 -57874.11332511 0
2355 0 -90362.82351547 0
2356 0 -90728.66452596 0
2357 1 79628.35399526 1
2358 0 -78494.95774848 0
2359 1 93844.28242592 1
2360 1 94937.52049839 1
2361 1 83469.71499978 1
2362 0 -96362.91097479 0
2363 0 -101292.68050059 0
2364 1 88494.18288623 1
2365 1 102611.67729852 1
2366 1 92907.24350827 1
2367 0 -105055.99983579 0
2368 1 69467.47365494 1
2369 1 85613.91711394 1
2370 0 -116468.99083112 0
2371 1 95336.82407010 1
2372 0 -83853.61757854 0
2373 0 -82318.54612526 0
2374 0 -102907.30849631 0
2375 0 -97955.77378115 0
2376 1 73546.16357489 1
2377 0 -96917.51006221 0
2378 1 80950.82832023 1
2379 1 74833.43267514 1
2380 1 65675.25003485 1
2381 0 -109583.60560347 0
2382 0 -71652.58229014 0
2383 0 -69204.74061110 0
2384 0 -102992.46581270 0
2385 1 81849.20536761 1
2386 1 88968.44565380 1
2387 1 74451.90686626 1
2388 0 -98981.77800659 0
2389 1 65945.27975561 1
2390 0 -82172.53933578 0
2391 1 117415.07384772 1
2392 1 93501.73062741 1
2393 0 -74756.49587353 0
2394 1 99975.05161550 1
2395 1 112413.96795815 1
2396 0 -59805.31094213 0
2397 0 -81078.79169417 0
2398 0 -112091.68339895 0
2399 1 75129.67978891 1
2400 0 -79128.77033628 0
2401 0 -100077.15529498 0
2402 0 -111830.72738673 0
2403 1 66183.33166567 1
2404 1 89981.27155328 1
2405 0 -106432.30632574 0
2406 0 -64931.50839240 0
2407 1 79963.54521568 1
2408 0 -87506.28811258 0
2409 1 97621.02168796 1
2410 0 -57975.55058233 0
2411 1 79062.71915681 1
2412 1 89104.75953732 1
2413 0 -55273.29528153 0
2414 0 -79736.33152993 0
2415 1 86654.88049137 1
2416 1 88231.35945118 1
2417 1 74962.12301775 1
2418 1 83773.75836182 1
2419 0 -103433.06926698 0
2420 1 83431.89181868 1
2421 0 -82675.38104302 0
2422 0 -85711.89141505 0
2423 1 81814.90077505 1
2424 0 -67052.95185186 0
2425 0 -83857.05712632 0
2426 1 89988.09203698 1
2427 0 -76958.67831270 0
2428 0 -92276.12602084 0
2429 0 -93590.70241850 0
2430 0 -87922.12199886 0
2431 1 62624.92894910 1
2432 0 -99354.39075701 0
2433 0 -103027.67575783 0
2434 1 102690.49838758 1
2435 1 82627.44020077 1
2436 1 85485.24715500 1
2437 1 87505.24668216 1
2438 0 -68881.39508683 0
2439 1 86824.07610295 1
2440 0 -92444.10133660 0
2441 1 88396.08838005 1
2442 1 88978.36727186 1
2443 0 -98094.18232249 0
2444 1 110410.92463153 1
2445 0 -68493.99811948 0
2446 0 -83371.66965896 0
2447 1 96313.39076774 1
2448 0 -82463.32546111 0
2449 0 -95167.57946668 0
2450 0 -94828.45427157 0
2451 0 -91371.94831782 0
2452 0 -95262.00123016 0
2453 0 -92953.71890265 0
2454 0 -96536.35845553 0
2455 0 -82825.85906150 0
2456 0 -95048.72082541 0
2457 0 -89244.42266518 0
2458 0 -78535.65460118 0
2459 1 74932.85924826 1
2460 0 -93991.50829304 0
2461 0 -86130.30591474 0
2462 1 78186.01007269 1
2463 0 -87243.36714157 0
2464 0 -93740.47895498 0
2465 0 -78565.20284832 0
2466 1 73653.93452384 1
2467 1 85489.37888765 1
2468 0 -88934.89375097 0
2469 1 70779.46404570 1
2470 0 -83967.72573715 0
2471 0 -82947.65452357 0
2472 0 -96609.18314658 0
2473 0 -81050.82098371 0
2474 1 92521.29660652 1
2475 0 -96370.12735275 0
2476 0 -81695.49772866 0
2477 0 -75544.55425455 0
2478 1 97722.94127526 1
2479 0 -91420.28437458 0
2480 1 73873.05554789 1
2481 0 -70696.74404915 0
2482 0 -106523.07919562 0
2483 1 75908.69802693 1
2484 0 -80582.38138345 0
2485 0 -90629.09423710 0
2486 1 94692.52135865 1
2487 0 -104644.18373247 0
2488 1 81777.33217204 1
2489 0 -127906.81594741 0
2490 0 -80461.58403583 0
2491 1 81396.02780179 1
2492 0 -98960.01619038 0
2493 0 -92157.72286679 0
2494 1 64498.22057073 1
2495 1 88865.33111873 1
2496 1 103365.28336441 1
2497 1 96493.22243599 1
2498 0 -100194.24727145 0
2499 0 -102640.33985126 0
2500 0 -98541.05961168 0
2501 0 -73291.04541291 0
2502 1 74794.07956714 1
2503 1 88625.67472323 1
2504 0 -73410.40745502 0
2505 1 77318.42237544 1
2506 0 -91170.38130144 0
2507 0 -96033.27688023 0
2508 0 -72119.07799025 0
2509 0 -78385.15165048 0
2510 0 -87006.55405856 0
2511 0 -74484.89221950 0
2512 1 80094.90167805 1
2513 1 89123.62569464 1
2514 1 77567.01607355 1
2515 1 64410.56909660 1
2516 1 77344.49463548 1
2517 0 -94495.06895807 0
2518 1 73874.99169147 1
2519 1 87957.12751580 1
2520 1 96453.52859143 1
2521 1 96432.12260122 1
2522 1 52845.67520058 1
2523 1 68954.87822817 1
2524 0 -94768.35839987 0
2525 1 71033.90896045 1
2526 0 -115612.62643598 0
2527 1 95171.09790050 1
2528 0 -111371.00624212 0
2529 0 -79922.64303918 0
2530 0 -108197.18079029 0
2531 1 98526.50219757 1
2532 0 -77213.39192485 0
2533 0 -89163.84169864 0
2534 0 -72974.06255125 0
2535 0 -97497.95105677 0
2536 1 83903.88553687 1
2537 0 -95895.87616410 0
2538 0 -106428.02334425 0
2539 0 -95286.95447147 0
2540 1 101138.05641510 1
2541 1 95184.99983777 1
2542 0 -92699.68580251 0
2543 0 -86440.03294782 0
2544 0 -80204.62751548 0
2545 0 -100033.42599728 0
2546 1 82283.49414695 1
2547 1 87586.54807565 1
2548 1 81271.73645491 1
2549 0 -91816.95411501 0
2550 1 86411.26505867 1
2551 1 93064.02536049 1
2552 0 -98841.45814231 0
2553 0 -97513.51879807 0
2554 0 -106598.15911702 0
2555 0 -92116.11672602 0
2556 0 -107208.19214002 0
2557 1 67814.83943288 1
2558 1 92794.46008898 1
2559 1 93412.26429218 1
2560 1 88918.25260070 1
2561 1 98406.39516709 1
2562 0 -94882.74622748 0
2563 1 97379.94237071 1
2564 1 65710.84228426 1
2565 0 -91212.28347660 0
2566 1 111657.87577789 1
2567 1 69676.33674083 1
2568 0 -82676.16746627 0
2569 1 76945.49998163 1
2570 0 -99191.37543712 0
2571 1 67554.28982487 1
2572 0 -91389.06731196 0
2573 1 118094.73384176 1
2574 0 -77299.66190484 0
2575 1 128467.49306897 1
2576 0 -95248.97250490 0
2577 0 -77283.68780397 0
2578 1 71962.99748694 1
2579 0 -78267.68372505 0
2580 1 117675.22849601 1
2581 1 110259.34885455 1
2582 1 93316.90039772 1
2583 1 98150.72517319 1
2584 1 93021.94696686 1
2585 1 102877.99836596 1
2586 0 -80112.64483033 0
2587 1 99251.15539013 1
2588 1 69204.88153744 1
2589 1 74918.29310032 1
2590 0 -83704.83523456 0
2591 0 -104969.37825385 0
2592 0 -71388.55479205 0
2593 0 -86767.80674845 0
2594 1 106672.10235709 1
2595 1 83346.84845221 1
2596 1 79408.35267455 1
2597 1 84361.94432852 1
2598 0 -96623.04461354 0
2599 0 -54862.59735594 0
2600 1 82332.05599231 1
2601 0 -97688.49160944 0
2602 1 79880.67069493 1
2603 1 77103.91165369 1
2604 0 -82463.17467629 0
2605 0 -93149.64355860 0
2606 0 -51711.32381152 0
2607 1 62462.49893516 1
2608 0 -101031.82364865 0
2609 0 -66498.12747744 0
2610 0 -66360.33257908 0
2611 1 90140.87246404 1
2612 0 -96611.52045645 0
2613 1 64591.86878940 1
2614 1 79670.19486844 1
2615 1 95887.81291858 1
2616 0 -69926.86305099 0
2617 1 72179.34253068 1
2618 0 -81046.57509629 0
2619 0 -84678.69073665 0
2620 1 65429.04490559 1
2621 0 -78290.28497302 0
2622 1 93978.52644620 1
2623 1 56919.76687249 1
2624 1 67230.43500180 1
2625 1 88273.04545736 1
2626 1 71580.37660947 1
2627 1 63987.30741959 1
2628 0 -68411.04848648 0
2629 1 89633.75140736 1
2630 0 -45947.76431683 0
2631 0 -85821.20031668 0
2632 1 79587.53046485 1
2633 0 -87301.35381589 0
2634 1 60324.16157283 1
2635 0 -97418.23894180 0
2636 1 84806.13191922 1
2637 1 68008.46387178 1
2638 0 -77665.17658344 0
2639 0 -85167.71358929 0
2640 1 83140.65440475 1
2641 0 -50199.22121062 0
2642 1 63087.19128321 1
2643 0 -85644.15599144 0
2644 1 64622.86304265 1
2645 1 69085.83640488 1
2646 0 -88731.32986924 0
2647 1 96091.47348540 1
2648 0 -71346.79537312 0
2649 1 69795.72549920 1
2650 0 -95761.02982327 0
2651 1 60459.27717342 1
2652 0 -114904.19481531 0
2653 0 -70129.73445160 0
2654 0 -93074.12520491 0
2655 1 55420.95083275 1
2656 0 -64487.93897155 0
2657 0 -94831.77394026 0
2658 0 -69112.80998946 0
2659 0 -86949.34597668 0
2660 1 65726.60482158 1
2661 1 74893.07688834 1
2662 1 73521.92191431 1
2663 0 -71418.58895021 0
2664 0 -132519.10036321 0
2665 0 -67590.96983415 0
2666 0 -82139.51294987 0
2667 0 -71903.07025656 0
2668 1 101729.19718638 1
2669 0 -67876.14751619 0
2670 1 85556.22223977 1
2671 0 -94547.51044216 0
2672 1 80853.14035394 1
2673 0 -85919.01369888 0
2674 0 -94390.25068648 0
2675 1 86612.57095562 1
2676 0 -67843.70504148 0
2677 1 90555.81114875 1
2678 1 94630.44151074 1
2679 0 -78856.70122393 0
2680 0 -94276.98044541 0
2681 0 -71759.48184162 0
2682 1 113135.67759444 1
2683 1 58825.17020821 1
2684 0 -75134.27193670 0
2685 1 84279.47826855 1
2686 0 -82031.95848508 0
2687 0 -90392.78133655 0
2688 0 -77346.29900201 0
2689 1 101689.24883797 1
2690 0 -75874.93432126 0
2691 0 -68978.77434326 0
2692 0 -100398.29076312 0
2693 1 81050.57907493 1
2694 0 -96818.77316464 0
2695 0 -81349.92369775 0
2696 1 94629.12107001 1
2697 1 61406.87433078 1
2698 0 -114679.26278717 0
2699 0 -86517.03795406 0
2700 1 76298.36369727 1
2701 0 -83925.98033252 0
2702 0 -93893.87547879 0
2703 1 94000.33868195 1
2704 0 -66562.23657189 0
2705 1 69963.45275109 1
2706 1 90973.32803388 1
2707 1 64421.98536974 1
2708 0 -96442.58180745 0
2709 0 -78512.36049947 0
2710 0 -85322.03693804 0
2711 0 -64798.02442502 0
2712 1 75597.89274165 1
2713 1 89870.58807438 1
2714 1 71134.30994042 1
2715 0 -99481.16131449 0
2716 1 82686.40582330 1
2717 0 -90536.02840978 0
2718 0 -64455.67263793 0
2719 1 80295.62621503 1
2720 1 94920.83193762 1
2721 1 76770.65790782 1
2722 1 85588.24564963 1
2723 1 88337.62000345 1
2724 1 87598.29059805 1
2725 0 -59223.33717726 0
2726 1 74705.35860689 1
2727 0 -110058.29907731 0
2728 1 93574.23920275 1
2729 1 88281.61010252 1
2730 1 77583.17732246 1
2731 1 87791.30841029 1
2732 1 45780.05099203 1
2733 1 67168.10396979 1
2734 1 91817.89938267 1
2735 0 -74211.55670303 0
2736 0 -75812.14676233 0
2737 0 -84948.27746512 0
2738 1 91000.42699572 1
2739 0 -71174.76565350 0
2740 1 65158.25807247 1
2741 1 93353.45590799 1
2742 0 -76025.00798123 0
2743 0 -81765.25999687 0
2744 1 59293.82378161 1
2745 1 100220.74033307 1
2746 1 69464.26706378 1
2747 1 84311.86664135 1
2748 1 100986.24898970 1
2749 0 -84093.83802037 0
2750 0 -82635.14003053 0
2751 0 -88792.63634024 0
2752 0 -85064.56558617 0
2753 1 62940.60704442 1
2754 0 -81844.80113770 0
2755 0 -105224.48746812 0
2756 1 106872.02583495 1
2757 0 -94882.31588206 0
2758 1 88310.96130265 1
2759 1 99763.43813898 1
2760 1 75340.22805886 1
2761 0 -77741.80235444 0
2762 0 -101368.50282264 0
2763 1 107026.31527583 1
2764 0 -73726.87974595 0
2765 1 77727.82091473 1
2766 0 -97033.12858739 0
2767 0 -73582.19249451 0
2768 0 -71617.90771795 0
2769 0 -99535.68721432 0
2770 1 81682.56650806 1
2771 1 91370.39117529 1
2772 0 -67415.36821149 0
2773 1 90525.46179811 1
2774 1 60534.53961681 1
2775 1 76171.03915123 1
2776 1 89702.05558206 1
2777 0 -70075.87098711 0
2778 1 80521.70531772 1
2779 1 81924.90750920 1
2780 1 93034.95415954 1
2781 1 69120.84435221 1
2782 1 70055.61205915 1
2783 0 -91799.97802461 0
2784 0 -81059.06090272 0
2785 0 -87517.07321669 0
2786 0 -86867.31734936 0
2787 0 -84411.67875820 0
2788 1 71483.58217552 1
2789 1 86511.07502979 1
2790 1 109556.41340536 1
2791 1 68796.89828863 1
2792 1 108677.62879284 1
2793 0 -91481.96276503 0
2794 1 90127.11110763 1
2795 1 67548.60489895 1
2796 1 100821.46886064 1
2797 0 -90454.15604126 0
2798 0 -70141.56056651 0
2799 1 93916.62783241 1
2800 0 -101976.67615977 0
2801 1 102377.29316562 1
2802 0 -76934.36091751 0
2803 0 -107269.77430401 0
2804 0 -96556.89447324 0
2805 1 94493.98448587 1
2806 1 96719.90766346 1
2807 1 109790.44462392 1
2808 0 -105763.34278956 0
2809 1 75132.38283477 1
2810 0 -95443.28487027 0
2811 0 -114612.18647782 0
2812 0 -84892.80643971 0
2813 1 110950.95807044 1
2814 1 87205.14954276 1
2815 1 109404.34266672 1
2816 1 62571.81519466 1
2817 1 96064.07845186 1
2818 0 -90778.36866369 0
2819 0 -90960.60042628 0
2820 1 83768.54238917 1
2821 1 105357.53798217 1
2822 1 100604.13043975 1
2823 0 -68756.59156708 0
2824 0 -96513.50020181 0
2825 0 -111167.76521870 0
2826 0 -81107.67372325 0
2827 0 -89385.68084484 0
2828 0 -81366.95965292 0
2829 0 -96898.25434054 0
2830 0 -73567.52524653 0
2831 1 112657.27225175 1
2832 0 -115923.52440477 0
2833 0 -71224.35606180 0
2834 1 97994.60561301 1
2835 1 97114.75236826 1
2836 1 86324.28579670 1
2837 0 -65653.32237623 0
2838 1 98916.50186177 1
2839 1 98397.89904019 1
2840 0 -67473.96295881 0
2841 1 107445.87358524 1
2842 0 -90137.18216845 0
2843 1 92791.13644515 1
2844 1 68279.92062649 1
2845 0 -94434.93888065 0
2846 0 -99935.33258560 0
2847 1 74046.11107878 1
2848 0 -96990.17383942 0
2849 0 -89551.63202997 0
2850 1 109526.55221324 1
2851 0 -76099.07329131 0
2852 0 -97840.82577173 0
2853 1 95495.89429049 1
2854 0 -78814.06217211 0
2855 1 105942.18736170 1
2856 1 84977.38005077 1
2857 1 105510.35698595 1
2858 1 74806.86760648 1
2859 0 -94573.74049173 0
2860 0 -106526.92529410 0
2861 0 -91380.36794178 0
2862 0 -104460.00792086 0
2863 1 90040.00243032 1
2864 0 -117833.35335412 0
2865 1 80612.39922612 1
2866 0 -89678.58260533 0
2867 1 106084.78386482 1
2868 1 84629.01244300 1
2869 0 -95954.30665118 0
2870 1 91939.15961529 1
2871 1 110569.46241080 1
2872 0 -73048.40532731 0
2873 0 -74494.83876079 0
2874 1 109109.65350364 1
2875 0 -85800.42145332 0
2876 0 -108755.99741935 0
2877 0 -95307.74368932 0
2878 1 113723.44371583 1
2879 0 -81759.54517450 0
2880 0 -93081.56710557 0
2881 0 -114607.61375852 0
2882 0 -123301.10449015 0
2883 1 89694.76481618 1
2884 1 103368.18642685 1
2885 1 112278.53592954 1
2886 1 67512.22648341 1
2887 0 -91516.29047013 0
2888 0 -99262.42755116 0
2889 0 -86365.66961389 0
2890 0 -97735.17675967 0
2891 0 -92441.03937502 0
2892 0 -116988.03594754 0
2893 0 -77864.43618279 0
2894 0 -129778.95094256 0
2895 0 -92405.14107557 0
2896 0 -93609.69712415 0
2897 0 -92500.82601690 0
2898 0 -98202.56190937 0
2899 0 -103258.41816088 0
2900 0 -71575.77686784 0
2901 1 99802.58371143 1
2902 0 -97851.24966138 0
2903 0 -89356.82117410 0
2904 1 102871.97563910 1
2905 1 95597.14533228 1
2906 0 -98940.31005040 0
2907 0 -72296.31307223 0
2908 1 92133.55439255 1
2909 0 -95357.21934871 0
2910 0 -90799.48526272 0
2911 0 -97441.23292105 0
2912 0 -125271.73862097 0
2913 0 -108181.39335223 0
2914 0 -83399.07696521 0
2915 0 -85172.26831892 0
2916 0 -105064.77458582 0
2917 1 87429.46299700 1
2918 0 -88764.70798940 0
2919 1 96981.07844826 1
2920 1 114035.00646754 1
2921 1 70039.31894122 1
2922 0 -102528.56875522 0
2923 0 -106719.16209881 0
2924 1 85329.17946462 1
2925 0 -79166.21552909 0
2926 1 98465.85095717 1
2927 1 111703.98472145 1
2928 0 -116581.87571531 0
2929 1 92901.24958986 1
2930 1 103638.42522244 1
2931 0 -72732.58272238 0
2932 1 86210.13604004 1
2933 0 -107085.46845205 0
2934 0 -129400.46259925 0
2935 0 -71086.87766057 0
2936 0 -86346.73788978 0
2937 1 98075.12868448 1
2938 0 -97137.58223982 0
2939 0 -124505.14140816 0
2940 0 -110660.77750116 0
2941 1 111692.64260706 1
2942 1 87675.84749414 1
2943 1 86620.50287385 1
2944 1 104243.35887997 1
2945 0 -83947.71599961 0
2946 1 97763.39981168 1
2947 0 -129012.94194230 0
2948 1 118785.06667825 1
2949 1 110945.50184474 1
2950 1 95056.80570276 1
2951 0 -102918.64422101 0
2952 1 97025.03457696 1
2953 0 -107451.13842038 0
2954 1 92735.50813414 1
2955 0 -120917.84529258 0
2956 1 85296.11701009 1
2957 1 105273.14725856 1
2958 1 137004.92433138 1
2959 1 93197.11754276 1
2960 1 96810.82509567 1
2961 1 98886.82452711 1
2962 1 114088.74343842 1
2963 1 93806.74924950 1
2964 1 101250.79650243 1
2965 1 111127.20140208 1
2966 0 -89320.30765478 0
2967 1 96763.21100918 1
2968 1 111893.41278170 1
2969 1 117626.40591141 1
2970 1 82290.74301247 1
2971 1 96444.35249876 1
2972 0 -105965.38378038 0
2973 0 -92381.12298622 0
2974 0 -84449.97722055 0
2975 0 -103448.54547038 0
2976 0 -121644.14879796 0
2977 1 80740.82195149 1
2978 0 -101835.91260244 0
2979 1 117930.88815579 1
2980 1 102658.32620024 1
2981 0 -100802.60702493 0
2982 1 83820.95871242 1
2983 1 108819.30458420 1
2984 0 -70781.86508791 0
2985 1 95231.41986720 1
2986 0 -134927.08651382 0
2987 0 -102368.05933884 0
2988 0 -111929.95675719 0
2989 1 107417.93544740 1
2990 1 115568.14750852 1
2991 1 75936.46106185 1
2992 1 99577.65931345 1
2993 0 -103430.02667978 0
2994 0 -71051.13547818 0
2995 0 -93350.47590191 0
2996 1 102165.67494683 1
2997 0 -121740.96321716 0
2998 0 -78222.81477141 0
2999 0 -104833.03271770 0
3000 1 113139.83373012 1
3001 1 84543.34559830 1
3002 0 -83418.31655203 0
3003 1 101419.72945826 1
3004 1 104064.13758175 1
3005 0 -77115.75393951 0
3006 0 -99447.52503263 0
3007 0 -92792.21352681 0
3008 0 -70536.81251518 0
3009 0 -88856.01845635 0
3010 1 106088.19936919 1
3011 1 107070.60758719 1
3012 0 -71609.05030380 0
3013 0 -114520.02078990 0
3014 0 -116601.85691510 0
3015 0 -85105.67729792 0
3016 0 -101403.19921286 0
3017 1 94009.63911372 1
3018 0 -111094.82219480 0
3019 1 74861.99389227 1
3020 1 113395.31867017 1
3021 1 101753.97732088 1
3022 1 77574.21651804 1
3023 1 109393.85419225 1
3024 1 83346.19070584 1
3025 1 102939.12827478 1
3026 0 -74131.17478295 0
3027 1 75334.79643608 1
3028 1 89633.84137630 1
3029 0 -59784.25249720 0
3030 0 -107185.65956488 0
3031 1 128387.93453365 1
3032 0 -111598.61622864 0
3033 1 66433.81351963 1
3034 1 90443.00321863 1
3035 1 142472.45038929 1
3036 0 -87300.79889335 0
3037 0 -92758.05296489 0
3038 1 99593.42982883 1
3039 0 -93105.72776016 0
3040 1 73517.82905866 1
3041 0 -128639.20700828 0
3042 0 -112948.78450500 0
3043 1 92638.30316408 1
3044 0 -101439.06735898 0
3045 0 -117924.19398723 0
3046 1 95995.43639734 1
3047 1 63820.84584130 1
3048 0 -90180.61158089 0
3049 0 -95355.95770871 0
3050 0 -76560.29024380 0
3051 0 -101587.39621832 0
3052 0 -82854.98209747 0
3053 1 106973.91691437 1
3054 0 -79215.88752746 0
3055 1 101613.26109481 1
3056 0 -117939.08377867 0
3057 1 78695.98631895 1
3058 0 -99365.32842704 0
3059 0 -69272.92702557 0
3060 0 -105353.42169772 0
3061 1 68149.76437049 1
3062 0 -103145.24962316 0
3063 0 -102490.25531389 0
3064 1 81715.91397439 1
3065 0 -101892.84151928 0
3066 1 64189.00558152 1
3067 1 85686.54462983 1
3068 1 72817.13502687 1
3069 0 -99789.67371682 0
3070 1 90314.37443806 1
3071 0 -89249.95825658 0
3072 1 92626.97264432 1
3073 0 -76882.77607921 0
3074 1 97657.11130809 1
3075 1 75850.92830189 1
3076 0 -87428.77660151 0
3077 0 -122900.12249774 0
3078 0 -88722.05842868 0
3079 0 -107661.25783211 0
3080 1 91679.90331702 1
3081 0 -114744.20954552 0
3082 0 -79004.81079836 0
3083 1 95705.80118883 1
3084 1 107248.23751797 1
3085 0 -91779.75589394 0
3086 0 -95758.86101064 0
3087 1 85227.06195678 1
3088 1 104004.24886572 1
3089 1 67121.29303772 1
3090 1 72061.57244790 1
3091 0 -119622.75613918 0
3092 1 84667.95786670 1
3093 1 95403.94001800 1
3094 0 -80233.69622153 0
3095 0 -97883.33594042 0
3096 1 60827.16566667 1
3097 0 -86140.37408056 0
3098 1 108215.38068916 1
3099 1 79281.04374534 1
3100 1 88842.31357514 1
3101 1 75195.87859511 1
3102 1 98688.25288624 1
3103 1 68597.50717990 1
3104 1 88883.34937573 1
3105 0 -98580.72812574 0
3106 1 85403.99533619 1
3107 1 104727.75485488 1
3108 0 -105240.57770456 0
3109 0 -111839.82369134 0
3110 0 -86752.22493298 0
3111 0 -87491.71218433 0
3112 0 -150614.72185566 0
3113 1 85256.75032765 1
3114 0 -105370.58530322 0
3115 0 -81928.56102161 0
3116 1 97997.94959395 1
3117 1 85823.33138811 1
3118 0 -93093.50074753 0
3119 1 124386.13947060 1
3120 1 74017.72106886 1
3121 1 84348.99773960 1
3122 1 96873.40346931 1
3123 0 -92410.07887067 0
3124 1 98821.10298682 1
3125 0 -73086.28904265 0
3126 1 109568.97473333 1
3127 0 -75361.26643073 0
3128 0 -101540.63926531 0
3129 0 -78366.31850542 0
3130 1 95209.51995133 1
3131 1 51901.61061611 1
3132 0 -90510.70591926 0
3133 0 -104667.91094963 0
3134 0 -82740.03564124 0
3135 1 81055.90173661 1
3136 1 81837.46900930 1
3137 0 -95691.59845142 0
3138 1 63937.37518386 1
3139 0 -83890.76459072 0
3140 1 107137.52311264 1
3141 0 -66462.16200043 0
3142 0 -105142.38679393 0
3143 1 81112.71003079 1
3144 1 109496.47074704 1
3145 1 64437.88865664 1
3146 0 -99703.37008343 0
3147 1 115261.80895199 1
3148 0 -82137.24734255 0
3149 1 104476.37056139 1
3150 1 100443.74739236 1
3151 1 99148.48342882 1
3152 1 86164.10496522 1
3153 1 107165.86550277 1
3154 0 -127759.87504694 0
3155 0 -88254.99319364 0
3156 0 -104062.66440064 0
3157 1 88459.08008770 1
3158 0 -131312.30372847 0
3159 0 -70669.20936346 0
3160 1 99529.34601430 1
3161 0 -119040.12090368 0
3162 0 -99913.07310563 0
3163 0 -96327.99172629 0
3164 1 99585.58229928 1
3165 1 105703.34486731 1
3166 0 -74511.18445768 0
3167 0 -98564.61940262 0
3168 0 -121323.37449236 0
3169 0 -107242.94828660 0
3170 1 106279.78209621 1
3171 0 -101303.12529660 0
3172 1 128892.24007990 1
3173 0 -81939.40055936 0
3174 1 107429.69701673 1
3175 0 -123370.83334968 0
3176 0 -100468.59011039 0
3177 1 111476.58967402 1
3178 0 -109819.14847339 0
3179 1 119354.06303749 1
3180 0 -87949.52573081 0
3181 0 -100472.25988176 0
3182 0 -117273.81679614 0
3183 0 -102750.90650238 0
3184 0 -84978.72621131 0
3185 1 101287.45382192 1
3186 0 -110150.75069146 0
3187 0 -98728.44059852 0
3188 0 -109019.11981062 0
3189 1 119153.99964650 1
3190 1 99836.12118710 1
3191 0 -91983.12570926 0
3192 1 85773.88953435 1
3193 1 109923.81980687 1
3194 0 -90607.50873099 0
3195 0 -105367.00328773 0
3196 1 108998.42728825 1
3197 1 114999.08981326 1
3198 1 98483.44433124 1
3199 0 101331.25980896 1
