# idx_orig final_llr seen
0 63 1
1 63 1
2 63 1
3 63 1
4 63 1
5 -64 1
6 -64 1
7 63 1
8 63 1
9 -64 1
10 -64 1
11 -64 1
12 -64 1
13 -64 1
14 -64 1
15 63 1
16 63 1
17 63 1
18 63 1
19 -64 1
20 -64 1
21 63 1
22 -64 1
23 63 1
24 -64 1
25 -64 1
26 63 1
27 -64 1
28 63 1
29 63 1
30 -64 1
31 63 1
32 -64 1
33 -64 1
34 -64 1
35 63 1
36 -64 1
37 -64 1
38 63 1
39 63 1
40 -64 1
41 -64 1
42 -64 1
43 -64 1
44 -64 1
45 63 1
46 63 1
47 -64 1
48 -64 1
49 63 1
50 -64 1
51 63 1
52 63 1
53 63 1
54 63 1
55 -64 1
56 63 1
57 63 1
58 -64 1
59 63 1
60 63 1
61 63 1
62 -64 1
63 -64 1
64 -64 1
65 -64 1
66 -64 1
67 63 1
68 63 1
69 63 1
70 -64 1
71 -64 1
72 63 1
73 -64 1
74 63 1
75 63 1
76 -64 1
77 63 1
78 63 1
79 63 1
80 63 1
81 -64 1
82 -64 1
83 63 1
84 63 1
85 63 1
86 -64 1
87 63 1
88 -64 1
89 63 1
90 63 1
91 63 1
92 -64 1
93 -64 1
94 63 1
95 -64 1
96 63 1
97 -64 1
98 63 1
99 63 1
100 63 1
101 63 1
102 63 1
103 -64 1
104 -64 1
105 63 1
106 -64 1
107 63 1
108 -64 1
109 63 1
110 -64 1
111 -64 1
112 63 1
113 63 1
114 63 1
115 -64 1
116 63 1
117 -64 1
118 -64 1
119 63 1
120 63 1
121 -64 1
122 -64 1
123 -64 1
124 63 1
125 63 1
126 63 1
127 -64 1
128 63 1
129 63 1
130 -64 1
131 -64 1
132 -64 1
133 -64 1
134 -64 1
135 63 1
136 63 1
137 -64 1
138 -64 1
139 63 1
140 -64 1
141 63 1
142 -64 1
143 -64 1
144 63 1
145 63 1
146 -64 1
147 -64 1
148 -64 1
149 63 1
150 -64 1
151 63 1
152 -64 1
153 -64 1
154 -64 1
155 63 1
156 63 1
157 -64 1
158 63 1
159 -64 1
160 63 1
161 -64 1
162 63 1
163 63 1
164 -64 1
165 -64 1
166 -64 1
167 63 1
168 63 1
169 -64 1
170 63 1
171 -64 1
172 -64 1
173 -64 1
174 63 1
175 -64 1
176 63 1
177 63 1
178 63 1
179 63 1
180 63 1
181 -64 1
182 -64 1
183 63 1
184 63 1
185 -64 1
186 -64 1
187 -64 1
188 63 1
189 -64 1
190 -64 1
191 63 1
192 -64 1
193 63 1
194 63 1
195 -64 1
196 63 1
197 63 1
198 63 1
199 -64 1
200 63 1
201 -64 1
202 -64 1
203 -64 1
204 63 1
205 63 1
206 63 1
207 63 1
208 -64 1
209 -64 1
210 -64 1
211 63 1
212 63 1
213 -64 1
214 63 1
215 63 1
216 63 1
217 -64 1
218 -64 1
219 -64 1
220 63 1
221 -64 1
222 -64 1
223 -64 1
224 -64 1
225 -64 1
226 -64 1
227 63 1
228 63 1
229 63 1
230 63 1
231 -64 1
232 63 1
233 -64 1
234 63 1
235 -64 1
236 -64 1
237 63 1
238 63 1
239 -64 1
240 -64 1
241 63 1
242 -64 1
243 -64 1
244 63 1
245 63 1
246 63 1
247 -64 1
248 -64 1
249 63 1
250 63 1
251 -64 1
252 63 1
253 -64 1
254 63 1
255 63 1
256 -64 1
257 -64 1
258 63 1
259 -64 1
260 63 1
261 -64 1
262 63 1
263 63 1
264 -64 1
265 -64 1
266 -64 1
267 63 1
268 -64 1
269 63 1
270 63 1
271 63 1
272 -64 1
273 63 1
274 63 1
275 -64 1
276 -64 1
277 -64 1
278 63 1
279 63 1
280 -64 1
281 63 1
282 -64 1
283 63 1
284 -64 1
285 63 1
286 63 1
287 -64 1
288 63 1
289 -64 1
290 63 1
291 63 1
292 -64 1
293 -64 1
294 -64 1
295 63 1
296 63 1
297 63 1
298 63 1
299 63 1
300 63 1
301 -64 1
302 -64 1
303 -64 1
304 63 1
305 -64 1
306 63 1
307 -64 1
308 -64 1
309 -64 1
310 -64 1
311 -64 1
312 -64 1
313 63 1
314 -64 1
315 63 1
316 -64 1
317 -64 1
318 -64 1
319 63 1
320 63 1
321 63 1
322 -64 1
323 63 1
324 63 1
325 63 1
326 -64 1
327 63 1
328 63 1
329 -64 1
330 -64 1
331 63 1
332 -64 1
333 -64 1
334 63 1
335 -64 1
336 -64 1
337 -64 1
338 63 1
339 63 1
340 63 1
341 -64 1
342 63 1
343 63 1
344 63 1
345 63 1
346 -64 1
347 63 1
348 63 1
349 -64 1
350 63 1
351 -64 1
352 -64 1
353 -64 1
354 63 1
355 63 1
356 -64 1
357 -64 1
358 63 1
359 -64 1
360 -64 1
361 -64 1
362 -64 1
363 63 1
364 63 1
365 63 1
366 -64 1
367 63 1
368 -64 1
369 63 1
370 -64 1
371 -64 1
372 -64 1
373 63 1
374 63 1
375 -64 1
376 63 1
377 -64 1
378 -64 1
379 -64 1
380 63 1
381 -64 1
382 63 1
383 -64 1
384 63 1
385 -64 1
386 63 1
387 -64 1
388 63 1
389 63 1
390 63 1
391 -64 1
392 63 1
393 63 1
394 -64 1
395 63 1
396 -64 1
397 -64 1
398 -64 1
399 63 1
400 63 1
401 -64 1
402 63 1
403 -64 1
404 -64 1
405 -64 1
406 -64 1
407 -64 1
408 -64 1
409 -64 1
410 -64 1
411 63 1
412 -64 1
413 -61 1
414 -64 1
415 63 1
416 63 1
417 -64 1
418 63 1
419 -64 1
420 61 1
421 63 1
422 -64 1
423 -64 1
424 63 1
425 -64 1
426 -64 1
427 63 1
428 63 1
429 63 1
430 -64 1
431 63 1
432 63 1
433 -64 1
434 63 1
435 63 1
436 -64 1
437 63 1
438 -64 1
439 -64 1
440 -64 1
441 -64 1
442 -64 1
443 -64 1
444 63 1
445 -64 1
446 63 1
447 63 1
448 -64 1
449 63 1
450 63 1
451 -64 1
452 -64 1
453 63 1
454 63 1
455 -64 1
456 63 1
457 63 1
458 -64 1
459 63 1
460 -64 1
461 63 1
462 -64 1
463 63 1
464 63 1
465 63 1
466 -64 1
467 -64 1
468 -64 1
469 63 1
470 63 1
471 63 1
472 63 1
473 63 1
474 -64 1
475 63 1
476 63 1
477 -64 1
478 -64 1
479 -64 1
480 -64 1
481 63 1
482 -64 1
483 63 1
484 63 1
485 63 1
486 -64 1
487 -64 1
488 63 1
489 -64 1
490 63 1
491 63 1
492 -64 1
493 63 1
494 63 1
495 63 1
496 -64 1
497 63 1
498 63 1
499 63 1
500 63 1
501 -64 1
502 63 1
503 -64 1
504 63 1
505 -64 1
506 -64 1
507 63 1
508 -64 1
509 63 1
510 -64 1
511 -64 1
512 -64 1
513 63 1
514 63 1
515 -64 1
516 63 1
517 63 1
518 -64 1
519 63 1
520 -64 1
521 -64 1
522 63 1
523 -64 1
524 -64 1
525 63 1
526 -64 1
527 -64 1
528 -64 1
529 63 1
530 -64 1
531 -64 1
532 -64 1
533 63 1
534 63 1
535 63 1
536 63 1
537 -64 1
538 63 1
539 -64 1
540 63 1
541 63 1
542 -64 1
543 63 1
544 63 1
545 -64 1
546 63 1
547 -64 1
548 63 1
549 -64 1
550 63 1
551 63 1
552 63 1
553 -64 1
554 -64 1
555 -64 1
556 63 1
557 63 1
558 63 1
559 63 1
560 -64 1
561 -64 1
562 -64 1
563 -64 1
564 -64 1
565 -64 1
566 -64 1
567 63 1
568 63 1
569 -64 1
570 -64 1
571 -64 1
572 63 1
573 63 1
574 63 1
575 63 1
576 63 1
577 63 1
578 -64 1
579 63 1
580 -64 1
581 -64 1
582 -64 1
583 -64 1
584 -64 1
585 -64 1
586 63 1
587 63 1
588 63 1
589 63 1
590 -64 1
591 -64 1
592 -64 1
593 -64 1
594 -64 1
595 63 1
596 -64 1
597 63 1
598 -64 1
599 63 1
600 -64 1
601 63 1
602 -64 1
603 63 1
604 -64 1
605 -64 1
606 63 1
607 -64 1
608 -64 1
609 63 1
610 63 1
611 -64 1
612 63 1
613 63 1
614 -64 1
615 -64 1
616 -64 1
617 -64 1
618 63 1
619 -64 1
620 63 1
621 -64 1
622 63 1
623 63 1
624 -64 1
625 63 1
626 63 1
627 63 1
628 -64 1
629 -64 1
630 63 1
631 -64 1
632 63 1
633 -64 1
634 -64 1
635 63 1
636 -64 1
637 -64 1
638 63 1
639 -64 1
640 -64 1
641 -64 1
642 63 1
643 63 1
644 -64 1
645 63 1
646 -64 1
647 63 1
648 63 1
649 63 1
650 -64 1
651 -64 1
652 -64 1
653 63 1
654 63 1
655 63 1
656 -64 1
657 63 1
658 -64 1
659 63 1
660 63 1
661 -64 1
662 -64 1
663 63 1
664 -64 1
665 -64 1
666 -64 1
667 -64 1
668 63 1
669 -64 1
670 63 1
671 63 1
672 63 1
673 -64 1
674 63 1
675 63 1
676 -64 1
677 -64 1
678 -64 1
679 -64 1
680 63 1
681 -64 1
682 -64 1
683 -64 1
684 63 1
685 -64 1
686 -64 1
687 63 1
688 63 1
689 -64 1
690 63 1
691 -64 1
692 -64 1
693 63 1
694 -64 1
695 63 1
696 -64 1
697 -64 1
698 63 1
699 63 1
700 63 1
701 63 1
702 -64 1
703 -64 1
704 -64 1
705 63 1
706 -64 1
707 -64 1
708 -64 1
709 -64 1
710 -64 1
711 -64 1
712 -64 1
713 -64 1
714 -64 1
715 -64 1
716 63 1
717 -64 1
718 63 1
719 63 1
720 63 1
721 -64 1
722 63 1
723 63 1
724 -64 1
725 63 1
726 -64 1
727 -64 1
728 -64 1
729 63 1
730 -64 1
731 63 1
732 -64 1
733 -64 1
734 63 1
735 63 1
736 -64 1
737 -64 1
738 63 1
739 63 1
740 63 1
741 -64 1
742 -64 1
743 -64 1
744 63 1
745 63 1
746 -64 1
747 -64 1
748 63 1
749 63 1
750 63 1
751 63 1
752 63 1
753 -64 1
754 63 1
755 -64 1
756 -64 1
757 -64 1
758 -64 1
759 -64 1
760 63 1
761 -64 1
762 -64 1
763 -64 1
764 -64 1
765 -64 1
766 -64 1
767 63 1
768 63 1
769 -64 1
770 63 1
771 63 1
772 -64 1
773 -64 1
774 63 1
775 -64 1
776 -64 1
777 -64 1
778 -64 1
779 -64 1
780 -64 1
781 63 1
782 63 1
783 63 1
784 63 1
785 63 1
786 63 1
787 -64 1
788 63 1
789 63 1
790 -64 1
791 63 1
792 63 1
793 -64 1
794 -64 1
795 63 1
796 -64 1
797 -64 1
798 63 1
799 -64 1
800 -64 1
801 -64 1
802 -64 1
803 -64 1
804 63 1
805 63 1
806 63 1
807 63 1
808 63 1
809 63 1
810 -64 1
811 63 1
812 -64 1
813 -64 1
814 -64 1
815 -64 1
816 63 1
817 63 1
818 -64 1
819 -64 1
820 -64 1
821 -64 1
822 -64 1
823 -64 1
824 63 1
825 -64 1
826 -64 1
827 -64 1
828 -64 1
829 63 1
830 63 1
831 63 1
832 -64 1
833 63 1
834 63 1
835 -64 1
836 -64 1
837 63 1
838 -64 1
839 -64 1
840 -64 1
841 63 1
842 -64 1
843 63 1
844 63 1
845 -64 1
846 63 1
847 -64 1
848 63 1
849 63 1
850 -64 1
851 63 1
852 -64 1
853 63 1
854 63 1
855 63 1
856 -64 1
857 -64 1
858 -64 1
859 63 1
860 63 1
861 -64 1
862 63 1
863 63 1
864 -64 1
865 63 1
866 -64 1
867 63 1
868 -64 1
869 63 1
870 -64 1
871 63 1
872 -64 1
873 -64 1
874 63 1
875 -64 1
876 -64 1
877 63 1
878 63 1
879 -64 1
880 -64 1
881 -64 1
882 -64 1
883 -64 1
884 -64 1
885 -64 1
886 -64 1
887 -64 1
888 -64 1
889 -64 1
890 -64 1
891 -64 1
892 63 1
893 63 1
894 -64 1
895 63 1
896 63 1
897 63 1
898 -64 1
899 63 1
900 -64 1
901 63 1
902 63 1
903 63 1
904 -64 1
905 -64 1
906 63 1
907 -64 1
908 63 1
909 -64 1
910 63 1
911 63 1
912 -64 1
913 -64 1
914 63 1
915 63 1
916 -64 1
917 -64 1
918 -64 1
919 63 1
920 -64 1
921 63 1
922 -64 1
923 -64 1
924 63 1
925 -64 1
926 -64 1
927 -64 1
928 -64 1
929 63 1
930 -64 1
931 -64 1
932 -64 1
933 -64 1
934 63 1
935 63 1
936 -64 1
937 -64 1
938 -64 1
939 -64 1
940 63 1
941 -64 1
942 63 1
943 63 1
944 63 1
945 63 1
946 63 1
947 -64 1
948 63 1
949 -64 1
950 -64 1
951 -64 1
952 -64 1
953 63 1
954 63 1
955 -64 1
956 -64 1
957 -64 1
958 63 1
959 63 1
960 63 1
961 -64 1
962 -64 1
963 -64 1
964 -64 1
965 -64 1
966 -64 1
967 63 1
968 63 1
969 -64 1
970 -64 1
971 -64 1
972 -64 1
973 63 1
974 -64 1
975 -64 1
976 -64 1
977 -64 1
978 63 1
979 63 1
980 63 1
981 63 1
982 63 1
983 63 1
984 -64 1
985 -64 1
986 63 1
987 63 1
988 -64 1
989 63 1
990 -64 1
991 -64 1
992 -64 1
993 -64 1
994 -64 1
995 -64 1
996 63 1
997 -64 1
998 63 1
999 -64 1
1000 63 1
1001 -64 1
1002 63 1
1003 63 1
1004 63 1
1005 63 1
1006 63 1
1007 63 1
1008 -64 1
1009 63 1
1010 63 1
1011 63 1
1012 63 1
1013 63 1
1014 63 1
1015 -64 1
1016 -64 1
1017 63 1
1018 63 1
1019 63 1
1020 -64 1
1021 -64 1
1022 -64 1
1023 -64 1
1024 63 1
1025 63 1
1026 63 1
1027 63 1
1028 63 1
1029 -64 1
1030 63 1
1031 63 1
1032 63 1
1033 -64 1
1034 -64 1
1035 63 1
1036 63 1
1037 -64 1
1038 -64 1
1039 -64 1
1040 -64 1
1041 -64 1
1042 63 1
1043 -64 1
1044 63 1
1045 63 1
1046 63 1
1047 63 1
1048 -64 1
1049 63 1
1050 63 1
1051 63 1
1052 -64 1
1053 63 1
1054 -64 1
1055 -64 1
1056 63 1
1057 -64 1
1058 62 1
1059 63 1
1060 63 1
1061 63 1
1062 -64 1
1063 -64 1
1064 63 1
1065 -62 1
1066 63 1
1067 -64 1
1068 -64 1
1069 63 1
1070 63 1
1071 63 1
1072 63 1
1073 -64 1
1074 63 1
1075 -64 1
1076 63 1
1077 63 1
1078 -64 1
1079 63 1
1080 -64 1
1081 -64 1
1082 63 1
1083 63 1
1084 -64 1
1085 -64 1
1086 63 1
1087 63 1
1088 63 1
1089 63 1
1090 -64 1
1091 63 1
1092 63 1
1093 -64 1
1094 -64 1
1095 63 1
1096 -64 1
1097 -64 1
1098 -64 1
1099 -64 1
1100 -64 1
1101 -64 1
1102 63 1
1103 -64 1
1104 63 1
1105 63 1
1106 63 1
1107 -64 1
1108 63 1
1109 -64 1
1110 -64 1
1111 -64 1
1112 -64 1
1113 63 1
1114 -64 1
1115 -64 1
1116 63 1
1117 -64 1
1118 63 1
1119 -64 1
1120 -64 1
1121 -64 1
1122 -64 1
1123 -64 1
1124 63 1
1125 63 1
1126 63 1
1127 63 1
1128 63 1
1129 -64 1
1130 -64 1
1131 63 1
1132 -64 1
1133 -64 1
1134 -64 1
1135 -64 1
1136 -64 1
1137 -64 1
1138 -64 1
1139 63 1
1140 -64 1
1141 -64 1
1142 63 1
1143 63 1
1144 63 1
1145 -64 1
1146 -64 1
1147 63 1
1148 63 1
1149 -64 1
1150 -64 1
1151 -64 1
1152 63 1
1153 63 1
1154 63 1
1155 -64 1
1156 63 1
1157 -64 1
1158 -64 1
1159 63 1
1160 -64 1
1161 63 1
1162 63 1
1163 63 1
1164 -64 1
1165 63 1
1166 63 1
1167 -64 1
1168 -64 1
1169 -64 1
1170 -64 1
1171 63 1
1172 63 1
1173 -64 1
1174 -64 1
1175 63 1
1176 63 1
1177 63 1
1178 63 1
1179 -64 1
1180 63 1
1181 -64 1
1182 -64 1
1183 -64 1
1184 -64 1
1185 -64 1
1186 -64 1
1187 -64 1
1188 -64 1
1189 63 1
1190 63 1
1191 63 1
1192 63 1
1193 63 1
1194 -64 1
1195 63 1
1196 63 1
1197 63 1
1198 63 1
1199 -64 1
1200 63 1
1201 63 1
1202 63 1
1203 -64 1
1204 63 1
1205 -64 1
1206 -64 1
1207 63 1
1208 -64 1
1209 -64 1
1210 63 1
1211 63 1
1212 -64 1
1213 63 1
1214 -64 1
1215 63 1
1216 -64 1
1217 63 1
1218 -64 1
1219 63 1
1220 63 1
1221 -64 1
1222 63 1
1223 -64 1
1224 -64 1
1225 -64 1
1226 -64 1
1227 63 1
1228 -64 1
1229 63 1
1230 63 1
1231 -64 1
1232 63 1
1233 63 1
1234 63 1
1235 -64 1
1236 63 1
1237 63 1
1238 63 1
1239 63 1
1240 63 1
1241 63 1
1242 63 1
1243 -64 1
1244 63 1
1245 63 1
1246 63 1
1247 63 1
1248 63 1
1249 63 1
1250 -64 1
1251 -64 1
1252 -64 1
1253 63 1
1254 -64 1
1255 -64 1
1256 63 1
1257 63 1
1258 -64 1
1259 -64 1
1260 63 1
1261 -64 1
1262 63 1
1263 -64 1
1264 -64 1
1265 -64 1
1266 -64 1
1267 63 1
1268 -64 1
1269 -64 1
1270 63 1
1271 -64 1
1272 63 1
1273 -64 1
1274 -64 1
1275 63 1
1276 63 1
1277 63 1
1278 63 1
1279 -64 1
1280 -64 1
1281 63 1
1282 63 1
1283 63 1
1284 63 1
1285 -64 1
1286 63 1
1287 -64 1
1288 63 1
1289 -64 1
1290 -64 1
1291 63 1
1292 63 1
1293 -64 1
1294 -64 1
1295 63 1
1296 -64 1
1297 63 1
1298 63 1
1299 63 1
1300 -64 1
1301 -64 1
1302 -64 1
1303 -64 1
1304 63 1
1305 -64 1
1306 63 1
1307 -64 1
1308 -64 1
1309 -64 1
1310 -64 1
1311 63 1
1312 -64 1
1313 63 1
1314 -64 1
1315 -64 1
1316 -64 1
1317 63 1
1318 63 1
1319 -64 1
1320 -64 1
1321 63 1
1322 -64 1
1323 -64 1
1324 63 1
1325 63 1
1326 63 1
1327 63 1
1328 63 1
1329 63 1
1330 63 1
1331 -64 1
1332 63 1
1333 63 1
1334 63 1
1335 63 1
1336 -64 1
1337 63 1
1338 63 1
1339 -64 1
1340 63 1
1341 63 1
1342 -64 1
1343 -64 1
1344 63 1
1345 63 1
1346 -64 1
1347 63 1
1348 -64 1
1349 63 1
1350 -64 1
1351 63 1
1352 63 1
1353 63 1
1354 -64 1
1355 -64 1
1356 -64 1
1357 63 1
1358 63 1
1359 63 1
1360 -64 1
1361 63 1
1362 63 1
1363 -64 1
1364 63 1
1365 -64 1
1366 63 1
1367 63 1
1368 -64 1
1369 -64 1
1370 -64 1
1371 -64 1
1372 63 1
1373 -64 1
1374 -64 1
1375 -64 1
1376 63 1
1377 63 1
1378 63 1
1379 63 1
1380 63 1
1381 -64 1
1382 63 1
1383 63 1
1384 -64 1
1385 63 1
1386 -64 1
1387 63 1
1388 -64 1
1389 63 1
1390 63 1
1391 63 1
1392 -64 1
1393 63 1
1394 -64 1
1395 -64 1
1396 -64 1
1397 63 1
1398 -64 1
1399 -64 1
1400 -64 1
1401 63 1
1402 -64 1
1403 63 1
1404 63 1
1405 -64 1
1406 -64 1
1407 63 1
1408 -64 1
1409 63 1
1410 -64 1
1411 63 1
1412 63 1
1413 63 1
1414 63 1
1415 -64 1
1416 63 1
1417 -64 1
1418 63 1
1419 63 1
1420 63 1
1421 63 1
1422 -64 1
1423 63 1
1424 -64 1
1425 63 1
1426 63 1
1427 -64 1
1428 63 1
1429 63 1
1430 -64 1
1431 -64 1
1432 63 1
1433 -64 1
1434 63 1
1435 -64 1
1436 -64 1
1437 63 1
1438 -64 1
1439 -64 1
1440 63 1
1441 63 1
1442 63 1
1443 63 1
1444 63 1
1445 -64 1
1446 -64 1
1447 63 1
1448 -64 1
1449 -64 1
1450 -64 1
1451 63 1
1452 -64 1
1453 63 1
1454 63 1
1455 63 1
1456 63 1
1457 63 1
1458 63 1
1459 -64 1
1460 63 1
1461 63 1
1462 63 1
1463 63 1
1464 63 1
1465 63 1
1466 -64 1
1467 63 1
1468 63 1
1469 -64 1
1470 63 1
1471 63 1
1472 -64 1
1473 63 1
1474 -64 1
1475 63 1
1476 -64 1
1477 -64 1
1478 63 1
1479 63 1
1480 -64 1
1481 63 1
1482 63 1
1483 63 1
1484 -64 1
1485 63 1
1486 -64 1
1487 -64 1
1488 -64 1
1489 63 1
1490 -64 1
1491 63 1
1492 63 1
1493 -64 1
1494 -64 1
1495 -64 1
1496 63 1
1497 -64 1
1498 -64 1
1499 63 1
1500 63 1
1501 -64 1
1502 -64 1
1503 63 1
1504 -64 1
1505 63 1
1506 -64 1
1507 -64 1
1508 -64 1
1509 63 1
1510 -64 1
1511 -64 1
1512 -64 1
1513 -64 1
1514 -64 1
1515 63 1
1516 -64 1
1517 -64 1
1518 63 1
1519 63 1
1520 -64 1
1521 -64 1
1522 -64 1
1523 -64 1
1524 -64 1
1525 -64 1
1526 63 1
1527 63 1
1528 -64 1
1529 -64 1
1530 -64 1
1531 -64 1
1532 63 1
1533 -64 1
1534 63 1
1535 -64 1
1536 -64 1
1537 -64 1
1538 63 1
1539 63 1
1540 -64 1
1541 63 1
1542 -64 1
1543 -64 1
1544 63 1
1545 63 1
1546 -64 1
1547 63 1
1548 -64 1
1549 63 1
1550 63 1
1551 63 1
1552 -64 1
1553 63 1
1554 63 1
1555 -64 1
1556 -64 1
1557 63 1
1558 -64 1
1559 63 1
1560 -64 1
1561 -64 1
1562 63 1
1563 63 1
1564 63 1
1565 -64 1
1566 63 1
1567 -64 1
1568 63 1
1569 63 1
1570 63 1
1571 63 1
1572 -64 1
1573 63 1
1574 -64 1
1575 63 1
1576 -64 1
1577 63 1
1578 63 1
1579 63 1
1580 -64 1
1581 63 1
1582 -64 1
1583 63 1
1584 -64 1
1585 -64 1
1586 63 1
1587 -64 1
1588 -64 1
1589 -64 1
1590 63 1
1591 -64 1
1592 63 1
1593 63 1
1594 63 1
1595 63 1
1596 -64 1
1597 63 1
1598 -64 1
1599 63 1
1600 63 1
1601 63 1
1602 -64 1
1603 -64 1
1604 63 1
1605 -64 1
1606 -64 1
1607 63 1
1608 63 1
1609 -64 1
1610 -64 1
1611 63 1
1612 63 1
1613 -64 1
1614 -64 1
1615 63 1
1616 -64 1
1617 -64 1
1618 -64 1
1619 -64 1
1620 -64 1
1621 -64 1
1622 -64 1
1623 63 1
1624 -64 1
1625 -64 1
1626 63 1
1627 -64 1
1628 63 1
1629 63 1
1630 63 1
1631 63 1
1632 -64 1
1633 63 1
1634 63 1
1635 63 1
1636 63 1
1637 63 1
1638 63 1
1639 -64 1
1640 63 1
1641 63 1
1642 -64 1
1643 -64 1
1644 -64 1
1645 -64 1
1646 -64 1
1647 -64 1
1648 63 1
1649 63 1
1650 63 1
1651 63 1
1652 63 1
1653 -64 1
1654 63 1
1655 -64 1
1656 63 1
1657 63 1
1658 63 1
1659 63 1
1660 63 1
1661 -64 1
1662 -64 1
1663 63 1
1664 -64 1
1665 63 1
1666 -64 1
1667 -64 1
1668 63 1
1669 63 1
1670 63 1
1671 63 1
1672 -64 1
1673 -64 1
1674 -64 1
1675 -64 1
1676 63 1
1677 -64 1
1678 63 1
1679 -64 1
1680 63 1
1681 -64 1
1682 -64 1
1683 63 1
1684 63 1
1685 -64 1
1686 63 1
1687 -64 1
1688 63 1
1689 -64 1
1690 -64 1
1691 63 1
1692 63 1
1693 63 1
1694 -64 1
1695 -64 1
1696 -64 1
1697 63 1
1698 63 1
1699 63 1
1700 -64 1
1701 -64 1
1702 63 1
1703 63 1
1704 -64 1
1705 63 1
1706 63 1
1707 -64 1
1708 -64 1
1709 -64 1
1710 63 1
1711 63 1
1712 63 1
1713 63 1
1714 63 1
1715 -64 1
1716 63 1
1717 63 1
1718 -64 1
1719 63 1
1720 63 1
1721 -64 1
1722 -64 1
1723 -64 1
1724 63 1
1725 63 1
1726 63 1
1727 63 1
1728 63 1
1729 -64 1
1730 63 1
1731 -64 1
1732 63 1
1733 -64 1
1734 63 1
1735 63 1
1736 63 1
1737 -64 1
1738 63 1
1739 63 1
1740 63 1
1741 -64 1
1742 -64 1
1743 63 1
1744 -64 1
1745 -64 1
1746 63 1
1747 63 1
1748 63 1
1749 -64 1
1750 63 1
1751 -64 1
1752 -64 1
1753 -64 1
1754 63 1
1755 63 1
1756 63 1
1757 63 1
1758 -64 1
1759 63 1
1760 -64 1
1761 63 1
1762 -64 1
1763 -64 1
1764 63 1
1765 -64 1
1766 -64 1
1767 -64 1
1768 63 1
1769 -64 1
1770 -64 1
1771 -64 1
1772 -64 1
1773 -64 1
1774 -64 1
1775 -64 1
1776 -64 1
1777 -64 1
1778 -64 1
1779 63 1
1780 -64 1
1781 63 1
1782 63 1
1783 63 1
1784 -64 1
1785 63 1
1786 -64 1
1787 -64 1
1788 63 1
1789 -64 1
1790 -64 1
1791 63 1
1792 63 1
1793 -64 1
1794 -64 1
1795 63 1
1796 63 1
1797 -64 1
1798 63 1
1799 -64 1
1800 -64 1
1801 -64 1
1802 -64 1
1803 -64 1
1804 63 1
1805 -64 1
1806 -64 1
1807 63 1
1808 63 1
1809 -64 1
1810 63 1
1811 63 1
1812 63 1
1813 -64 1
1814 63 1
1815 63 1
1816 -64 1
1817 63 1
1818 -64 1
1819 -64 1
1820 63 1
1821 63 1
1822 -64 1
1823 63 1
1824 63 1
1825 63 1
1826 -64 1
1827 -64 1
1828 63 1
1829 -64 1
1830 63 1
1831 63 1
1832 -64 1
1833 63 1
1834 -64 1
1835 63 1
1836 -64 1
1837 63 1
1838 63 1
1839 63 1
1840 -64 1
1841 63 1
1842 -64 1
1843 -64 1
1844 63 1
1845 -64 1
1846 63 1
1847 63 1
1848 63 1
1849 63 1
1850 -64 1
1851 63 1
1852 -64 1
1853 -64 1
1854 -64 1
1855 63 1
1856 63 1
1857 -64 1
1858 63 1
1859 -64 1
1860 63 1
1861 -64 1
1862 -64 1
1863 63 1
1864 63 1
1865 63 1
1866 63 1
1867 63 1
1868 63 1
1869 63 1
1870 63 1
1871 -64 1
1872 63 1
1873 63 1
1874 -64 1
1875 63 1
1876 63 1
1877 -64 1
1878 -64 1
1879 -64 1
1880 63 1
1881 63 1
1882 63 1
1883 63 1
1884 63 1
1885 -64 1
1886 63 1
1887 63 1
1888 -64 1
1889 -64 1
1890 63 1
1891 -64 1
1892 63 1
1893 -64 1
1894 -64 1
1895 -64 1
1896 63 1
1897 -64 1
1898 -64 1
1899 -64 1
1900 63 1
1901 -64 1
1902 -64 1
1903 -64 1
1904 63 1
1905 63 1
1906 -64 1
1907 -64 1
1908 63 1
1909 63 1
1910 63 1
1911 -64 1
1912 -64 1
1913 -64 1
1914 63 1
1915 63 1
1916 -64 1
1917 63 1
1918 63 1
1919 -64 1
1920 63 1
1921 -64 1
1922 63 1
1923 -64 1
1924 -64 1
1925 63 1
1926 -64 1
1927 63 1
1928 63 1
1929 63 1
1930 63 1
1931 -64 1
1932 -64 1
1933 63 1
1934 63 1
1935 -64 1
1936 63 1
1937 63 1
1938 63 1
1939 -64 1
1940 -64 1
1941 -64 1
1942 63 1
1943 63 1
1944 63 1
1945 -64 1
1946 63 1
1947 -64 1
1948 -64 1
1949 -64 1
1950 -64 1
1951 -64 1
1952 63 1
1953 63 1
1954 63 1
1955 63 1
1956 -64 1
1957 -64 1
1958 -64 1
1959 -64 1
1960 63 1
1961 -64 1
1962 -64 1
1963 -64 1
1964 63 1
1965 -64 1
1966 -64 1
1967 63 1
1968 -64 1
1969 63 1
1970 63 1
1971 63 1
1972 -64 1
1973 -64 1
1974 -64 1
1975 63 1
1976 63 1
1977 63 1
1978 63 1
1979 63 1
1980 63 1
1981 63 1
1982 -64 1
1983 -64 1
1984 63 1
1985 -64 1
1986 -64 1
1987 63 1
1988 -64 1
1989 -64 1
1990 63 1
1991 -64 1
1992 -64 1
1993 63 1
1994 -64 1
1995 -64 1
1996 -64 1
1997 63 1
1998 -64 1
1999 63 1
2000 63 1
2001 -64 1
2002 -64 1
2003 -64 1
2004 63 1
2005 -64 1
2006 -64 1
2007 63 1
2008 63 1
2009 63 1
2010 -64 1
2011 63 1
2012 -64 1
2013 -64 1
2014 63 1
2015 63 1
2016 -64 1
2017 63 1
2018 -64 1
2019 -64 1
2020 63 1
2021 -64 1
2022 63 1
2023 63 1
2024 63 1
2025 -64 1
2026 63 1
2027 -64 1
2028 63 1
2029 63 1
2030 63 1
2031 63 1
2032 -64 1
2033 -64 1
2034 63 1
2035 63 1
2036 -64 1
2037 -64 1
2038 63 1
2039 63 1
2040 -64 1
2041 -64 1
2042 -64 1
2043 63 1
2044 -64 1
2045 63 1
2046 63 1
2047 63 1
2048 63 1
2049 -64 1
2050 -64 1
2051 -64 1
2052 -64 1
2053 63 1
2054 -64 1
2055 -64 1
2056 -64 1
2057 63 1
2058 -64 1
2059 63 1
2060 -64 1
2061 -64 1
2062 -64 1
2063 63 1
2064 -64 1
2065 -64 1
2066 63 1
2067 63 1
2068 63 1
2069 63 1
2070 63 1
2071 -64 1
2072 -64 1
2073 -64 1
2074 63 1
2075 63 1
2076 63 1
2077 63 1
2078 -64 1
2079 63 1
2080 63 1
2081 -64 1
2082 63 1
2083 63 1
2084 -64 1
2085 63 1
2086 63 1
2087 -64 1
2088 -64 1
2089 63 1
2090 63 1
2091 -64 1
2092 63 1
2093 -64 1
2094 -64 1
2095 63 1
2096 63 1
2097 -64 1
2098 -64 1
2099 -64 1
2100 63 1
2101 63 1
2102 -64 1
2103 63 1
2104 63 1
2105 -64 1
2106 63 1
2107 -64 1
2108 63 1
2109 -64 1
2110 63 1
2111 63 1
2112 63 1
2113 -64 1
2114 63 1
2115 63 1
2116 -64 1
2117 63 1
2118 63 1
2119 -64 1
2120 63 1
2121 -64 1
2122 -64 1
2123 -64 1
2124 63 1
2125 -64 1
2126 -64 1
2127 -64 1
2128 -64 1
2129 -64 1
2130 63 1
2131 63 1
2132 -64 1
2133 -64 1
2134 -64 1
2135 -64 1
2136 63 1
2137 63 1
2138 63 1
2139 63 1
2140 63 1
2141 -64 1
2142 63 1
2143 63 1
2144 63 1
2145 63 1
2146 -64 1
2147 -64 1
2148 63 1
2149 63 1
2150 63 1
2151 63 1
2152 -64 1
2153 63 1
2154 -64 1
2155 63 1
2156 -64 1
2157 -64 1
2158 -64 1
2159 63 1
2160 -64 1
2161 63 1
2162 63 1
2163 -64 1
2164 63 1
2165 -64 1
2166 -64 1
2167 63 1
2168 -64 1
2169 -64 1
2170 63 1
2171 -64 1
2172 -64 1
2173 63 1
2174 -64 1
2175 63 1
2176 63 1
2177 63 1
2178 63 1
2179 63 1
2180 63 1
2181 63 1
2182 63 1
2183 -64 1
2184 -64 1
2185 63 1
2186 63 1
2187 63 1
2188 -64 1
2189 -64 1
2190 63 1
2191 -64 1
2192 -64 1
2193 -64 1
2194 63 1
2195 63 1
2196 63 1
2197 -64 1
2198 63 1
2199 -64 1
2200 -64 1
2201 63 1
2202 63 1
2203 63 1
2204 63 1
2205 -64 1
2206 63 1
2207 63 1
2208 -64 1
2209 -64 1
2210 -64 1
2211 63 1
2212 63 1
2213 -64 1
2214 63 1
2215 63 1
2216 63 1
2217 63 1
2218 -64 1
2219 63 1
2220 63 1
2221 -64 1
2222 -64 1
2223 63 1
2224 63 1
2225 63 1
2226 63 1
2227 63 1
2228 63 1
2229 63 1
2230 63 1
2231 -64 1
2232 63 1
2233 -64 1
2234 -64 1
2235 -64 1
2236 63 1
2237 -64 1
2238 63 1
2239 -64 1
2240 63 1
2241 -64 1
2242 63 1
2243 -64 1
2244 63 1
2245 63 1
2246 -64 1
2247 63 1
2248 63 1
2249 63 1
2250 63 1
2251 -64 1
2252 63 1
2253 63 1
2254 63 1
2255 63 1
2256 63 1
2257 63 1
2258 -64 1
2259 63 1
2260 63 1
2261 63 1
2262 -64 1
2263 -64 1
2264 63 1
2265 -64 1
2266 63 1
2267 63 1
2268 63 1
2269 -64 1
2270 63 1
2271 63 1
2272 63 1
2273 63 1
2274 -64 1
2275 -64 1
2276 63 1
2277 63 1
2278 -64 1
2279 -64 1
2280 -64 1
2281 -64 1
2282 -64 1
2283 -64 1
2284 63 1
2285 -64 1
2286 63 1
2287 63 1
2288 -64 1
2289 63 1
2290 63 1
2291 63 1
2292 63 1
2293 -64 1
2294 -64 1
2295 -64 1
2296 63 1
2297 -64 1
2298 63 1
2299 -64 1
2300 63 1
2301 -64 1
2302 -64 1
2303 63 1
2304 63 1
2305 63 1
2306 -64 1
2307 63 1
2308 -64 1
2309 63 1
2310 -64 1
2311 63 1
2312 -64 1
2313 -64 1
2314 -64 1
2315 -64 1
2316 -64 1
2317 63 1
2318 63 1
2319 63 1
2320 -64 1
2321 -64 1
2322 -64 1
2323 63 1
2324 63 1
2325 -64 1
2326 -64 1
2327 -64 1
2328 -64 1
2329 -64 1
2330 63 1
2331 63 1
2332 -64 1
2333 63 1
2334 63 1
2335 -64 1
2336 63 1
2337 -64 1
2338 -64 1
2339 -64 1
2340 -64 1
2341 -64 1
2342 63 1
2343 -64 1
2344 -64 1
2345 -64 1
2346 -64 1
2347 63 1
2348 63 1
2349 63 1
2350 63 1
2351 -64 1
2352 63 1
2353 63 1
2354 -64 1
2355 63 1
2356 63 1
2357 63 1
2358 63 1
2359 -64 1
2360 63 1
2361 -64 1
2362 63 1
2363 -64 1
2364 63 1
2365 -64 1
2366 -64 1
2367 -64 1
2368 63 1
2369 63 1
2370 -64 1
2371 -64 1
2372 -64 1
2373 -64 1
2374 -64 1
2375 63 1
2376 63 1
2377 -64 1
2378 63 1
2379 -64 1
2380 -64 1
2381 63 1
2382 63 1
2383 -64 1
2384 63 1
2385 63 1
2386 -64 1
2387 63 1
2388 -64 1
2389 -64 1
2390 63 1
2391 63 1
2392 -64 1
2393 -64 1
2394 -64 1
2395 63 1
2396 -64 1
2397 63 1
2398 -64 1
2399 63 1
2400 -64 1
2401 63 1
2402 63 1
2403 -64 1
2404 -64 1
2405 63 1
2406 -64 1
2407 -64 1
2408 -64 1
2409 -64 1
2410 -64 1
2411 -64 1
2412 -64 1
2413 63 1
2414 -64 1
2415 -64 1
2416 -64 1
2417 -64 1
2418 -64 1
2419 -64 1
2420 63 1
2421 63 1
2422 -64 1
2423 63 1
2424 63 1
2425 63 1
2426 63 1
2427 63 1
2428 -64 1
2429 -64 1
2430 63 1
2431 -64 1
2432 -64 1
2433 -64 1
2434 63 1
2435 -64 1
2436 63 1
2437 63 1
2438 -64 1
2439 -64 1
2440 -64 1
2441 -64 1
2442 63 1
2443 63 1
2444 -64 1
2445 63 1
2446 -64 1
2447 -64 1
2448 -64 1
2449 -64 1
2450 -64 1
2451 63 1
2452 63 1
2453 63 1
2454 63 1
2455 -64 1
2456 63 1
2457 63 1
2458 -64 1
2459 63 1
2460 -64 1
2461 63 1
2462 63 1
2463 -64 1
2464 -64 1
2465 63 1
2466 63 1
2467 -64 1
2468 63 1
2469 -64 1
2470 -64 1
2471 63 1
2472 63 1
2473 63 1
2474 -64 1
2475 63 1
2476 63 1
2477 63 1
2478 63 1
2479 -64 1
2480 -64 1
2481 63 1
2482 63 1
2483 63 1
2484 -64 1
2485 63 1
2486 -64 1
2487 -64 1
2488 63 1
2489 63 1
2490 -64 1
2491 63 1
2492 63 1
2493 -64 1
2494 -64 1
2495 63 1
2496 63 1
2497 63 1
2498 63 1
2499 -64 1
2500 -64 1
2501 -64 1
2502 63 1
2503 63 1
2504 -64 1
2505 -64 1
2506 63 1
2507 63 1
2508 63 1
2509 63 1
2510 63 1
2511 63 1
2512 -64 1
2513 63 1
2514 -64 1
2515 63 1
2516 -64 1
2517 -64 1
2518 -64 1
2519 63 1
2520 -64 1
2521 -64 1
2522 63 1
2523 63 1
2524 -64 1
2525 63 1
2526 63 1
2527 -64 1
2528 63 1
2529 63 1
2530 63 1
2531 63 1
2532 -64 1
2533 -64 1
2534 63 1
2535 63 1
2536 -64 1
2537 63 1
2538 -64 1
2539 -64 1
2540 63 1
2541 -64 1
2542 63 1
2543 63 1
2544 63 1
2545 -64 1
2546 63 1
2547 63 1
2548 -64 1
2549 -64 1
2550 -64 1
2551 -64 1
2552 -64 1
2553 63 1
2554 -64 1
2555 63 1
2556 63 1
2557 -64 1
2558 -64 1
2559 -64 1
2560 63 1
2561 -64 1
2562 -64 1
2563 63 1
2564 -64 1
2565 63 1
2566 63 1
2567 63 1
2568 -64 1
2569 -64 1
2570 63 1
2571 -64 1
2572 -64 1
2573 63 1
2574 -64 1
2575 63 1
2576 -64 1
2577 -64 1
2578 -64 1
2579 63 1
2580 63 1
2581 -64 1
2582 -64 1
2583 -64 1
2584 -64 1
2585 63 1
2586 -64 1
2587 -64 1
2588 -64 1
2589 -64 1
2590 -64 1
2591 -64 1
2592 -64 1
2593 -64 1
2594 -64 1
2595 -64 1
2596 -64 1
2597 -64 1
2598 63 1
2599 -64 1
2600 -64 1
2601 63 1
2602 63 1
2603 63 1
2604 -64 1
2605 63 1
2606 -64 1
2607 -64 1
2608 63 1
2609 63 1
2610 -64 1
2611 63 1
2612 63 1
2613 63 1
2614 63 1
2615 63 1
2616 63 1
2617 -64 1
2618 -64 1
2619 -64 1
2620 -64 1
2621 -64 1
2622 63 1
2623 -64 1
2624 -64 1
2625 -64 1
2626 63 1
2627 -64 1
2628 -64 1
2629 63 1
2630 -64 1
2631 -64 1
2632 -64 1
2633 63 1
2634 63 1
2635 -64 1
2636 63 1
2637 63 1
2638 -64 1
2639 63 1
2640 63 1
2641 63 1
2642 63 1
2643 -64 1
2644 -64 1
2645 -64 1
2646 63 1
2647 63 1
2648 -64 1
2649 -64 1
2650 -64 1
2651 -64 1
2652 63 1
2653 63 1
2654 -64 1
2655 63 1
2656 63 1
2657 -64 1
2658 63 1
2659 63 1
2660 63 1
2661 63 1
2662 -64 1
2663 -64 1
2664 -64 1
2665 -64 1
2666 -64 1
2667 63 1
2668 -64 1
2669 -64 1
2670 -64 1
2671 -64 1
2672 63 1
2673 63 1
2674 63 1
2675 63 1
2676 63 1
2677 63 1
2678 -64 1
2679 63 1
2680 63 1
2681 -64 1
2682 -64 1
2683 -64 1
2684 63 1
2685 -64 1
2686 -64 1
2687 -64 1
2688 63 1
2689 63 1
2690 63 1
2691 63 1
2692 -64 1
2693 -64 1
2694 -64 1
2695 -64 1
2696 63 1
2697 63 1
2698 63 1
2699 -64 1
2700 63 1
2701 -64 1
2702 63 1
2703 63 1
2704 -64 1
2705 -64 1
2706 63 1
2707 -64 1
2708 63 1
2709 -64 1
2710 63 1
2711 -64 1
2712 63 1
2713 -64 1
2714 63 1
2715 -64 1
2716 63 1
2717 63 1
2718 -64 1
2719 63 1
2720 -64 1
2721 63 1
2722 63 1
2723 63 1
2724 -64 1
2725 63 1
2726 -64 1
2727 63 1
2728 63 1
2729 63 1
2730 63 1
2731 -64 1
2732 -64 1
2733 63 1
2734 -64 1
2735 -64 1
2736 63 1
2737 63 1
2738 -64 1
2739 63 1
2740 -64 1
2741 -64 1
2742 -64 1
2743 63 1
2744 -64 1
2745 -64 1
2746 63 1
2747 63 1
2748 63 1
2749 63 1
2750 63 1
2751 63 1
2752 63 1
2753 63 1
2754 63 1
2755 63 1
2756 63 1
2757 63 1
2758 63 1
2759 -64 1
2760 63 1
2761 63 1
2762 -64 1
2763 -64 1
2764 -64 1
2765 63 1
2766 63 1
2767 63 1
2768 -64 1
2769 63 1
2770 63 1
2771 63 1
2772 63 1
2773 -64 1
2774 63 1
2775 63 1
2776 -64 1
2777 -64 1
2778 -64 1
2779 63 1
2780 -64 1
2781 63 1
2782 -64 1
2783 -64 1
2784 -64 1
2785 -64 1
2786 -64 1
2787 63 1
2788 63 1
2789 -64 1
2790 63 1
2791 -64 1
2792 -63 1
2793 63 1
2794 -64 1
2795 63 1
2796 63 1
2797 -64 1
2798 63 1
2799 63 1
2800 63 1
2801 63 1
2802 -64 1
2803 63 1
2804 63 1
2805 63 1
2806 63 1
2807 63 1
2808 -64 1
2809 -64 1
2810 -64 1
2811 -64 1
2812 -64 1
2813 -64 1
2814 63 1
2815 -64 1
2816 -64 1
2817 -64 1
2818 63 1
2819 -64 1
2820 -64 1
2821 63 1
2822 63 1
2823 63 1
2824 63 1
2825 63 1
2826 63 1
2827 63 1
2828 -64 1
2829 -64 1
2830 -64 1
2831 -64 1
2832 -64 1
2833 63 1
2834 63 1
2835 63 1
2836 -64 1
2837 63 1
2838 63 1
2839 -64 1
2840 -64 1
2841 -64 1
2842 63 1
2843 63 1
2844 63 1
2845 63 1
2846 -64 1
2847 -64 1
2848 63 1
2849 63 1
2850 -64 1
2851 63 1
2852 63 1
2853 63 1
2854 63 1
2855 63 1
2856 63 1
2857 -64 1
2858 -64 1
2859 63 1
2860 63 1
2861 63 1
2862 -64 1
2863 63 1
2864 -64 1
2865 -64 1
2866 63 1
2867 63 1
2868 -64 1
2869 -64 1
2870 -64 1
2871 -64 1
2872 63 1
2873 -64 1
2874 63 1
2875 -64 1
2876 -64 1
2877 -64 1
2878 63 1
2879 -64 1
2880 63 1
2881 63 1
2882 63 1
2883 -64 1
2884 63 1
2885 63 1
2886 -64 1
2887 63 1
2888 63 1
2889 63 1
2890 -64 1
2891 63 1
2892 63 1
2893 -64 1
2894 63 1
2895 63 1
2896 -64 1
2897 -64 1
2898 -64 1
2899 -64 1
2900 -64 1
2901 -64 1
2902 -64 1
2903 63 1
2904 -64 1
2905 -64 1
2906 63 1
2907 63 1
2908 -64 1
2909 63 1
2910 63 1
2911 63 1
2912 63 1
2913 -64 1
2914 -64 1
2915 63 1
2916 63 1
2917 -64 1
2918 -64 1
2919 63 1
2920 63 1
2921 -64 1
2922 63 1
2923 63 1
2924 63 1
2925 -64 1
2926 63 1
2927 63 1
2928 -64 1
2929 63 1
2930 63 1
2931 63 1
2932 63 1
2933 -64 1
2934 63 1
2935 63 1
2936 63 1
2937 63 1
2938 63 1
2939 -64 1
2940 -64 1
2941 63 1
2942 -64 1
2943 -64 1
2944 -64 1
2945 -64 1
2946 -64 1
2947 63 1
2948 63 1
2949 63 1
2950 63 1
2951 63 1
2952 63 1
2953 63 1
2954 -64 1
2955 63 1
2956 -64 1
2957 63 1
2958 63 1
2959 63 1
2960 -64 1
2961 63 1
2962 63 1
2963 -64 1
2964 63 1
2965 63 1
2966 -64 1
2967 63 1
2968 63 1
2969 -64 1
2970 63 1
2971 -64 1
2972 -64 1
2973 63 1
2974 63 1
2975 -64 1
2976 -64 1
2977 -64 1
2978 63 1
2979 -64 1
2980 63 1
2981 -64 1
2982 -64 1
2983 -64 1
2984 63 1
2985 -64 1
2986 63 1
2987 63 1
2988 63 1
2989 -64 1
2990 63 1
2991 -64 1
2992 -64 1
2993 63 1
2994 -64 1
2995 -64 1
2996 -64 1
2997 63 1
2998 63 1
2999 -64 1
3000 -64 1
3001 63 1
3002 -64 1
3003 63 1
3004 63 1
3005 -64 1
3006 63 1
3007 -64 1
3008 -64 1
3009 63 1
3010 -64 1
3011 -64 1
3012 63 1
3013 63 1
3014 -64 1
3015 63 1
3016 63 1
3017 63 1
3018 -64 1
3019 63 1
3020 -64 1
3021 63 1
3022 -64 1
3023 -64 1
3024 63 1
3025 63 1
3026 -64 1
3027 63 1
3028 63 1
3029 63 1
3030 -64 1
3031 63 1
3032 -64 1
3033 -64 1
3034 -64 1
3035 -64 1
3036 63 1
3037 63 1
3038 -64 1
3039 63 1
3040 63 1
3041 63 1
3042 63 1
3043 -64 1
3044 63 1
3045 -64 1
3046 63 1
3047 -64 1
3048 63 1
3049 63 1
3050 -64 1
3051 -64 1
3052 -64 1
3053 63 1
3054 -64 1
3055 -64 1
3056 -64 1
3057 -64 1
3058 63 1
3059 -64 1
3060 63 1
3061 63 1
3062 63 1
3063 -64 1
3064 -64 1
3065 -64 1
3066 63 1
3067 -64 1
3068 63 1
3069 -64 1
3070 -64 1
3071 -64 1
3072 -64 1
3073 63 1
3074 -64 1
3075 -64 1
3076 63 1
3077 -64 1
3078 -64 1
3079 63 1
3080 63 1
3081 -64 1
3082 63 1
3083 -64 1
3084 63 1
3085 -64 1
3086 63 1
3087 63 1
3088 -64 1
3089 63 1
3090 63 1
3091 -64 1
3092 -64 1
3093 63 1
3094 -64 1
3095 63 1
3096 63 1
3097 -64 1
3098 -64 1
3099 63 1
3100 -64 1
3101 63 1
3102 -64 1
3103 -64 1
3104 63 1
3105 63 1
3106 63 1
3107 63 1
3108 -64 1
3109 -64 1
3110 63 1
3111 -64 1
3112 63 1
3113 -64 1
3114 63 1
3115 63 1
3116 63 1
3117 63 1
3118 63 1
3119 -64 1
3120 63 1
3121 -64 1
3122 -64 1
3123 -64 1
3124 -64 1
3125 63 1
3126 -64 1
3127 63 1
3128 63 1
3129 -64 1
3130 -64 1
3131 -64 1
3132 -64 1
3133 -64 1
3134 -64 1
3135 63 1
3136 -64 1
3137 -64 1
3138 -64 1
3139 -64 1
3140 63 1
3141 63 1
3142 63 1
3143 -64 1
3144 63 1
3145 -64 1
3146 63 1
3147 -64 1
3148 63 1
3149 -64 1
3150 -64 1
3151 63 1
3152 -64 1
3153 -64 1
3154 -64 1
3155 -64 1
3156 63 1
3157 -64 1
3158 -64 1
3159 -64 1
3160 -64 1
3161 -64 1
3162 63 1
3163 63 1
3164 63 1
3165 63 1
3166 -64 1
3167 -64 1
3168 63 1
3169 -64 1
3170 63 1
3171 -64 1
3172 -64 1
3173 63 1
3174 63 1
3175 63 1
3176 -64 1
3177 63 1
3178 63 1
3179 -64 1
3180 -64 1
3181 63 1
3182 -64 1
3183 -64 1
3184 -64 1
3185 -64 1
3186 63 1
3187 63 1
3188 -64 1
3189 -64 1
3190 -64 1
3191 -64 1
3192 -64 1
3193 -64 1
3194 63 1
3195 63 1
3196 63 1
3197 63 1
3198 63 1
3199 63 1
3200 -64 1
3201 -64 1
3202 -64 1
3203 63 1
3204 -64 1
3205 63 1
3206 63 1
3207 63 1
3208 -64 1
3209 63 1
3210 -64 1
3211 -64 1
3212 63 1
3213 -64 1
3214 63 1
3215 63 1
3216 -64 1
3217 -64 1
3218 63 1
3219 63 1
3220 63 1
3221 63 1
3222 -64 1
3223 -64 1
3224 -64 1
3225 -64 1
3226 -64 1
3227 63 1
3228 -64 1
3229 63 1
3230 -64 1
3231 63 1
3232 -64 1
3233 -64 1
3234 63 1
3235 -64 1
3236 -64 1
3237 63 1
3238 63 1
3239 -64 1
3240 -64 1
3241 63 1
3242 -64 1
3243 -64 1
3244 63 1
3245 -64 1
3246 63 1
3247 -64 1
3248 -64 1
3249 63 1
3250 -64 1
3251 -64 1
3252 -64 1
3253 63 1
3254 63 1
3255 -64 1
3256 -64 1
3257 63 1
3258 -64 1
3259 63 1
3260 -64 1
3261 63 1
3262 -64 1
3263 -64 1
3264 -64 1
3265 63 1
3266 -64 1
3267 63 1
3268 63 1
3269 -64 1
3270 63 1
3271 63 1
3272 -64 1
3273 -64 1
3274 -64 1
3275 63 1
3276 63 1
3277 63 1
3278 -64 1
3279 63 1
3280 63 1
3281 63 1
3282 -64 1
3283 -64 1
3284 63 1
3285 -64 1
3286 63 1
3287 63 1
3288 63 1
3289 63 1
3290 -64 1
3291 63 1
3292 63 1
3293 63 1
3294 63 1
3295 63 1
3296 63 1
3297 63 1
3298 63 1
3299 -64 1
3300 -64 1
3301 -64 1
3302 -64 1
3303 63 1
3304 -64 1
3305 -64 1
3306 -64 1
3307 63 1
3308 63 1
3309 -64 1
3310 -64 1
3311 63 1
3312 63 1
3313 -64 1
3314 -64 1
3315 -64 1
3316 -64 1
3317 63 1
3318 63 1
3319 63 1
3320 -64 1
3321 63 1
3322 -64 1
3323 63 1
3324 -64 1
3325 63 1
3326 -64 1
3327 63 1
3328 -64 1
3329 63 1
3330 63 1
3331 -64 1
3332 63 1
3333 63 1
3334 -64 1
3335 63 1
3336 63 1
3337 63 1
3338 -64 1
3339 -64 1
3340 -64 1
3341 -64 1
3342 63 1
3343 63 1
3344 -64 1
3345 63 1
3346 -64 1
3347 63 1
3348 -64 1
3349 -64 1
3350 63 1
3351 -64 1
3352 63 1
3353 -64 1
3354 -64 1
3355 -64 1
3356 63 1
3357 -64 1
3358 -64 1
3359 63 1
3360 -64 1
3361 63 1
3362 63 1
3363 63 1
3364 63 1
3365 -64 1
3366 -64 1
3367 -64 1
3368 -64 1
3369 63 1
3370 63 1
3371 -64 1
3372 -64 1
3373 -64 1
3374 -64 1
3375 63 1
3376 63 1
3377 63 1
3378 -64 1
3379 63 1
3380 -64 1
3381 63 1
3382 63 1
3383 -64 1
3384 63 1
3385 -64 1
3386 -64 1
3387 63 1
3388 -64 1
3389 63 1
3390 -64 1
3391 -64 1
3392 -64 1
3393 -64 1
3394 -64 1
3395 63 1
3396 63 1
3397 63 1
3398 -64 1
3399 63 1
3400 63 1
3401 63 1
3402 63 1
3403 63 1
3404 -64 1
3405 -64 1
3406 63 1
3407 -64 1
3408 -64 1
3409 -64 1
3410 -64 1
3411 -64 1
3412 -64 1
3413 -64 1
3414 -64 1
3415 -64 1
3416 -64 1
3417 63 1
3418 63 1
3419 63 1
3420 63 1
3421 -64 1
3422 63 1
3423 -64 1
3424 63 1
3425 63 1
3426 -64 1
3427 -64 1
3428 -64 1
3429 -64 1
3430 63 1
3431 63 1
3432 63 1
3433 63 1
3434 -64 1
3435 -64 1
3436 -64 1
3437 63 1
3438 -64 1
3439 -64 1
3440 -64 1
3441 63 1
3442 63 1
3443 -64 1
3444 -64 1
3445 63 1
3446 63 1
3447 63 1
3448 63 1
3449 63 1
3450 -64 1
3451 -64 1
3452 -64 1
3453 -64 1
3454 -64 1
3455 63 1
3456 -64 1
3457 63 1
3458 -64 1
3459 -64 1
3460 -64 1
3461 63 1
3462 63 1
3463 63 1
3464 63 1
3465 63 1
3466 63 1
3467 63 1
3468 -64 1
3469 -64 1
3470 -64 1
3471 63 1
3472 -64 1
3473 -64 1
3474 -64 1
3475 63 1
3476 63 1
3477 -64 1
3478 -64 1
3479 -64 1
3480 -64 1
3481 -64 1
3482 -64 1
3483 -64 1
3484 -64 1
3485 63 1
3486 63 1
3487 63 1
3488 63 1
3489 -64 1
3490 63 1
3491 63 1
3492 63 1
3493 63 1
3494 -64 1
3495 -64 1
3496 63 1
3497 63 1
3498 -64 1
3499 63 1
3500 63 1
3501 63 1
3502 63 1
3503 -64 1
3504 63 1
3505 -64 1
3506 -64 1
3507 -64 1
3508 63 1
3509 -64 1
3510 -64 1
3511 63 1
3512 63 1
3513 63 1
3514 -64 1
3515 63 1
3516 63 1
3517 63 1
3518 63 1
3519 -64 1
3520 -64 1
3521 -64 1
3522 -64 1
3523 -64 1
3524 -64 1
3525 63 1
3526 -64 1
3527 63 1
3528 -64 1
3529 -64 1
3530 63 1
3531 63 1
3532 -64 1
3533 63 1
3534 -64 1
3535 -64 1
3536 -64 1
3537 -64 1
3538 -64 1
3539 -64 1
3540 -64 1
3541 -64 1
3542 63 1
3543 63 1
3544 -64 1
3545 -64 1
3546 -64 1
3547 63 1
3548 -64 1
3549 63 1
3550 -64 1
3551 -64 1
3552 63 1
3553 -64 1
3554 -64 1
3555 63 1
3556 63 1
3557 63 1
3558 63 1
3559 -64 1
3560 63 1
3561 -64 1
3562 63 1
3563 63 1
3564 63 1
3565 63 1
3566 63 1
3567 -64 1
3568 -64 1
3569 -64 1
3570 -64 1
3571 63 1
3572 -64 1
3573 63 1
3574 -64 1
3575 63 1
3576 -64 1
3577 -64 1
3578 -64 1
3579 -64 1
3580 63 1
3581 63 1
3582 -64 1
3583 63 1
3584 63 1
3585 -64 1
3586 -64 1
3587 63 1
3588 63 1
3589 -64 1
3590 -64 1
3591 63 1
3592 63 1
3593 -64 1
3594 63 1
3595 63 1
3596 63 1
3597 63 1
3598 63 1
3599 63 1
3600 63 1
3601 -64 1
3602 -64 1
3603 63 1
3604 63 1
3605 -64 1
3606 63 1
3607 -64 1
3608 63 1
3609 -64 1
3610 -64 1
3611 63 1
3612 -64 1
3613 63 1
3614 -64 1
3615 -64 1
3616 -64 1
3617 -64 1
3618 -64 1
3619 63 1
3620 -64 1
3621 -64 1
3622 -64 1
3623 -64 1
3624 63 1
3625 -64 1
3626 -64 1
3627 63 1
3628 -64 1
3629 -64 1
3630 63 1
3631 63 1
3632 -64 1
3633 -64 1
3634 -64 1
3635 -64 1
3636 63 1
3637 -64 1
3638 63 1
3639 -64 1
3640 63 1
3641 63 1
3642 -64 1
3643 -64 1
3644 63 1
3645 63 1
3646 -64 1
3647 -64 1
3648 63 1
3649 63 1
3650 -64 1
3651 -64 1
3652 63 1
3653 63 1
3654 63 1
3655 63 1
3656 -64 1
3657 63 1
3658 63 1
3659 63 1
3660 63 1
3661 -64 1
3662 -64 1
3663 63 1
3664 63 1
3665 63 1
3666 -64 1
3667 -64 1
3668 63 1
3669 63 1
3670 -64 1
3671 63 1
3672 -64 1
3673 63 1
3674 -64 1
3675 -64 1
3676 -64 1
3677 -64 1
3678 -64 1
3679 63 1
3680 63 1
3681 -64 1
3682 63 1
3683 -64 1
3684 -64 1
3685 63 1
3686 63 1
3687 63 1
3688 -64 1
3689 -64 1
3690 -64 1
3691 -64 1
3692 63 1
3693 63 1
3694 -64 1
3695 -64 1
3696 63 1
3697 -64 1
3698 -64 1
3699 63 1
3700 -64 1
3701 -64 1
3702 63 1
3703 -64 1
3704 63 1
3705 -64 1
3706 -64 1
3707 63 1
3708 63 1
3709 63 1
3710 -64 1
3711 63 1
3712 -64 1
3713 63 1
3714 63 1
3715 63 1
3716 -64 1
3717 63 1
3718 63 1
3719 -64 1
3720 63 1
3721 63 1
3722 -64 1
3723 -64 1
3724 63 1
3725 -64 1
3726 63 1
3727 -64 1
3728 63 1
3729 -64 1
3730 63 1
3731 -64 1
3732 63 1
3733 -64 1
3734 63 1
3735 -64 1
3736 -64 1
3737 63 1
3738 -64 1
3739 -64 1
3740 -64 1
3741 63 1
3742 -64 1
3743 63 1
3744 63 1
3745 -64 1
3746 63 1
3747 -64 1
3748 -64 1
3749 63 1
3750 63 1
3751 63 1
3752 -64 1
3753 63 1
3754 -64 1
3755 -64 1
3756 -64 1
3757 -64 1
3758 63 1
3759 63 1
3760 63 1
3761 63 1
3762 63 1
3763 -64 1
3764 -64 1
3765 63 1
3766 63 1
3767 -64 1
3768 -64 1
3769 63 1
3770 63 1
3771 63 1
3772 63 1
3773 -64 1
3774 63 1
3775 -64 1
3776 -64 1
3777 -64 1
3778 -64 1
3779 63 1
3780 -64 1
3781 -64 1
3782 63 1
3783 -64 1
3784 63 1
3785 -64 1
3786 63 1
3787 63 1
3788 63 1
3789 -64 1
3790 63 1
3791 63 1
3792 -64 1
3793 -64 1
3794 63 1
3795 -64 1
3796 63 1
3797 63 1
3798 63 1
3799 63 1
3800 63 1
3801 -64 1
3802 63 1
3803 -64 1
3804 -64 1
3805 63 1
3806 -64 1
3807 -64 1
3808 -64 1
3809 63 1
3810 63 1
3811 63 1
3812 -64 1
3813 -64 1
3814 -64 1
3815 -64 1
3816 63 1
3817 63 1
3818 63 1
3819 -64 1
3820 -64 1
3821 63 1
3822 -64 1
3823 63 1
3824 -64 1
3825 63 1
3826 63 1
3827 63 1
3828 63 1
3829 -64 1
3830 63 1
3831 63 1
3832 -64 1
3833 -64 1
3834 63 1
3835 -64 1
3836 63 1
3837 -64 1
3838 63 1
3839 63 1
3840 63 1
3841 -64 1
3842 -64 1
3843 -64 1
3844 63 1
3845 -64 1
3846 -64 1
3847 63 1
3848 63 1
3849 -64 1
3850 -64 1
3851 63 1
3852 -64 1
3853 63 1
3854 63 1
3855 63 1
3856 -64 1
3857 -64 1
3858 -64 1
3859 63 1
3860 63 1
3861 -64 1
3862 63 1
3863 -64 1
3864 63 1
3865 -64 1
3866 -64 1
3867 -64 1
3868 63 1
3869 -64 1
3870 63 1
3871 63 1
3872 63 1
3873 -64 1
3874 63 1
3875 63 1
3876 -64 1
3877 -64 1
3878 -64 1
3879 -64 1
3880 -64 1
3881 -64 1
3882 63 1
3883 63 1
3884 63 1
3885 63 1
3886 -64 1
3887 63 1
3888 63 1
3889 63 1
3890 -64 1
3891 -64 1
3892 -64 1
3893 63 1
3894 -64 1
3895 -64 1
3896 -64 1
3897 -64 1
3898 63 1
3899 63 1
3900 63 1
3901 -64 1
3902 -64 1
3903 63 1
3904 63 1
3905 -64 1
3906 -64 1
3907 -64 1
3908 63 1
3909 -64 1
3910 63 1
3911 63 1
3912 -64 1
3913 -64 1
3914 -64 1
3915 63 1
3916 -64 1
3917 -64 1
3918 -64 1
3919 -64 1
3920 -64 1
3921 -64 1
3922 63 1
3923 -64 1
3924 63 1
3925 63 1
3926 -64 1
3927 63 1
3928 63 1
3929 63 1
3930 63 1
3931 -64 1
3932 63 1
3933 -64 1
3934 63 1
3935 -64 1
3936 -64 1
3937 63 1
3938 -64 1
3939 -64 1
3940 -64 1
3941 63 1
3942 63 1
3943 63 1
3944 63 1
3945 -64 1
3946 63 1
3947 63 1
3948 63 1
3949 63 1
3950 -64 1
3951 -64 1
3952 -64 1
3953 -64 1
3954 -64 1
3955 -64 1
3956 63 1
3957 -64 1
3958 63 1
3959 -64 1
3960 63 1
3961 63 1
3962 -64 1
3963 63 1
3964 63 1
3965 -64 1
3966 -64 1
3967 63 1
3968 -64 1
3969 63 1
3970 63 1
3971 -64 1
3972 -64 1
3973 63 1
3974 -64 1
3975 63 1
3976 63 1
3977 63 1
3978 -64 1
3979 63 1
3980 -64 1
3981 -64 1
3982 63 1
3983 -64 1
3984 -64 1
3985 -64 1
3986 63 1
3987 63 1
3988 63 1
3989 -64 1
3990 63 1
3991 63 1
3992 -64 1
3993 -64 1
3994 -64 1
3995 -64 1
3996 63 1
3997 63 1
3998 -64 1
3999 63 1
4000 -64 1
4001 63 1
4002 63 1
4003 63 1
4004 63 1
4005 63 1
4006 63 1
4007 -64 1
4008 63 1
4009 63 1
4010 63 1
4011 -64 1
4012 63 1
4013 63 1
4014 -64 1
4015 63 1
4016 63 1
4017 63 1
4018 63 1
4019 -64 1
4020 63 1
4021 63 1
4022 -64 1
4023 -64 1
4024 63 1
4025 63 1
4026 -64 1
4027 -64 1
4028 63 1
4029 63 1
4030 63 1
4031 -64 1
4032 -64 1
4033 -64 1
4034 -64 1
4035 63 1
4036 -64 1
4037 63 1
4038 -64 1
4039 63 1
4040 63 1
4041 63 1
4042 63 1
4043 63 1
4044 -64 1
4045 -64 1
4046 63 1
4047 63 1
4048 -64 1
4049 63 1
4050 -64 1
4051 63 1
4052 63 1
4053 63 1
4054 63 1
4055 -64 1
4056 -64 1
4057 63 1
4058 63 1
4059 63 1
4060 63 1
4061 -64 1
4062 -64 1
4063 63 1
4064 -64 1
4065 -64 1
4066 63 1
4067 -64 1
4068 63 1
4069 63 1
4070 -64 1
4071 63 1
4072 -64 1
4073 63 1
4074 -64 1
4075 -64 1
4076 -64 1
4077 63 1
4078 -64 1
4079 -64 1
4080 63 1
4081 63 1
4082 63 1
4083 -64 1
4084 -64 1
4085 63 1
4086 63 1
4087 -64 1
4088 63 1
4089 -64 1
4090 63 1
4091 -64 1
4092 63 1
4093 -64 1
4094 63 1
4095 63 1
4096 63 1
4097 -64 1
4098 63 1
4099 63 1
4100 -64 1
4101 -64 1
4102 -64 1
4103 -64 1
4104 -64 1
4105 63 1
4106 -64 1
4107 -64 1
4108 63 1
4109 -64 1
4110 63 1
4111 63 1
4112 -64 1
4113 63 1
4114 63 1
4115 -64 1
4116 63 1
4117 -64 1
4118 -64 1
4119 -64 1
4120 -64 1
4121 63 1
4122 63 1
4123 -64 1
4124 63 1
4125 58 1
4126 63 1
4127 -64 1
4128 63 1
4129 63 1
4130 -64 1
4131 63 1
4132 58 1
4133 -64 1
4134 -64 1
4135 -64 1
4136 63 1
4137 -64 1
4138 -64 1
4139 -64 1
4140 63 1
4141 -64 1
4142 63 1
4143 63 1
4144 63 1
4145 -64 1
4146 -64 1
4147 -64 1
4148 -64 1
4149 63 1
4150 -64 1
4151 63 1
4152 63 1
4153 63 1
4154 -64 1
4155 63 1
4156 63 1
4157 -64 1
4158 -64 1
4159 63 1
4160 -64 1
4161 63 1
4162 -64 1
4163 63 1
4164 -64 1
4165 -64 1
4166 -64 1
4167 63 1
4168 63 1
4169 -64 1
4170 -64 1
4171 -64 1
4172 -64 1
4173 -64 1
4174 -64 1
4175 -64 1
4176 63 1
4177 63 1
4178 -64 1
4179 -64 1
4180 -64 1
4181 -64 1
4182 -64 1
4183 63 1
4184 63 1
4185 63 1
4186 -64 1
4187 63 1
4188 63 1
4189 63 1
4190 -64 1
4191 63 1
4192 -64 1
4193 63 1
4194 63 1
4195 -64 1
4196 63 1
4197 63 1
4198 -64 1
4199 -64 1
4200 -64 1
4201 63 1
4202 -64 1
4203 63 1
4204 63 1
4205 63 1
4206 63 1
4207 -64 1
4208 -64 1
4209 -64 1
4210 -64 1
4211 63 1
4212 -64 1
4213 63 1
4214 -64 1
4215 63 1
4216 -64 1
4217 63 1
4218 63 1
4219 -64 1
4220 -64 1
4221 -64 1
4222 63 1
4223 63 1
4224 -64 1
4225 -63 1
4226 -64 1
4227 -64 1
4228 -64 1
4229 -64 1
4230 -64 1
4231 -64 1
4232 63 1
4233 63 1
4234 63 1
4235 63 1
4236 63 1
4237 63 1
4238 -64 1
4239 -64 1
4240 -64 1
4241 -64 1
4242 -64 1
4243 -64 1
4244 63 1
4245 -64 1
4246 -64 1
4247 -64 1
4248 63 1
4249 63 1
4250 -64 1
4251 63 1
4252 63 1
4253 -64 1
4254 -64 1
4255 -64 1
4256 -64 1
4257 63 1
4258 63 1
4259 -64 1
4260 63 1
4261 63 1
4262 63 1
4263 -64 1
4264 -64 1
4265 63 1
4266 63 1
4267 -64 1
4268 63 1
4269 63 1
4270 -64 1
4271 63 1
4272 -64 1
4273 63 1
4274 -64 1
4275 -64 1
4276 63 1
4277 -64 1
4278 -64 1
4279 63 1
4280 -64 1
4281 63 1
4282 -64 1
4283 63 1
4284 -64 1
4285 -64 1
4286 -64 1
4287 -64 1
4288 -64 1
4289 63 1
4290 63 1
4291 -64 1
4292 -64 1
4293 -64 1
4294 63 1
4295 63 1
4296 -64 1
4297 -64 1
4298 63 1
4299 63 1
4300 63 1
4301 63 1
4302 -64 1
4303 63 1
4304 -64 1
4305 63 1
4306 63 1
4307 -64 1
4308 63 1
4309 -64 1
4310 63 1
4311 -64 1
4312 -64 1
4313 63 1
4314 -64 1
4315 -64 1
4316 -64 1
4317 -64 1
4318 -64 1
4319 63 1
4320 63 1
4321 63 1
4322 63 1
4323 -64 1
4324 -64 1
4325 -64 1
4326 -64 1
4327 -64 1
4328 -64 1
4329 -64 1
4330 -64 1
4331 63 1
4332 -64 1
4333 -64 1
4334 -64 1
4335 -64 1
4336 -64 1
4337 -64 1
4338 -64 1
4339 -64 1
4340 -64 1
4341 63 1
4342 -64 1
4343 63 1
4344 -64 1
4345 -64 1
4346 -64 1
4347 -64 1
4348 -64 1
4349 63 1
4350 63 1
4351 63 1
4352 63 1
4353 -64 1
4354 63 1
4355 63 1
4356 63 1
4357 -64 1
4358 -64 1
4359 63 1
4360 63 1
4361 63 1
4362 -64 1
4363 63 1
4364 63 1
4365 63 1
4366 63 1
4367 -64 1
4368 63 1
4369 -64 1
4370 63 1
4371 63 1
4372 -61 1
4373 63 1
4374 -64 1
4375 63 1
4376 -64 1
4377 63 1
4378 63 1
4379 -61 1
4380 -64 1
4381 63 1
4382 -64 1
4383 -64 1
4384 63 1
4385 63 1
4386 -64 1
4387 -64 1
4388 -64 1
4389 63 1
4390 63 1
4391 63 1
4392 63 1
4393 63 1
4394 63 1
4395 -64 1
4396 -64 1
4397 63 1
4398 -64 1
4399 -64 1
4400 63 1
4401 63 1
4402 -64 1
4403 63 1
4404 -64 1
4405 -64 1
4406 -64 1
4407 63 1
4408 63 1
4409 -64 1
4410 63 1
4411 -64 1
4412 63 1
4413 -64 1
4414 -64 1
4415 63 1
4416 63 1
4417 -64 1
4418 -64 1
4419 63 1
4420 63 1
4421 63 1
4422 -64 1
4423 -64 1
4424 -64 1
4425 63 1
4426 -64 1
4427 63 1
4428 63 1
4429 -64 1
4430 -64 1
4431 -64 1
4432 -64 1
4433 -64 1
4434 -64 1
4435 -64 1
4436 63 1
4437 -64 1
4438 -64 1
4439 63 1
4440 -64 1
4441 63 1
4442 -64 1
4443 -64 1
4444 -64 1
4445 -64 1
4446 63 1
4447 63 1
4448 -64 1
4449 -64 1
4450 63 1
4451 63 1
4452 -64 1
4453 -64 1
4454 63 1
4455 63 1
4456 63 1
4457 63 1
4458 63 1
4459 -64 1
4460 -64 1
4461 -64 1
4462 63 1
4463 -64 1
4464 -64 1
4465 63 1
4466 -64 1
4467 63 1
4468 63 1
4469 63 1
4470 -64 1
4471 -64 1
4472 -64 1
4473 63 1
4474 -64 1
4475 -64 1
4476 63 1
4477 63 1
4478 -64 1
4479 63 1
4480 -64 1
4481 -64 1
4482 -64 1
4483 -64 1
4484 63 1
4485 63 1
4486 63 1
4487 -64 1
4488 63 1
4489 -64 1
4490 63 1
4491 -64 1
4492 -64 1
4493 -64 1
4494 63 1
4495 -64 1
4496 -64 1
4497 63 1
4498 -64 1
4499 -64 1
4500 -64 1
4501 -64 1
4502 63 1
4503 -64 1
4504 -64 1
4505 63 1
4506 63 1
4507 63 1
4508 -64 1
4509 -64 1
4510 -64 1
4511 -64 1
4512 -64 1
4513 63 1
4514 -64 1
4515 -64 1
4516 -64 1
4517 63 1
4518 -64 1
4519 -64 1
4520 -64 1
4521 63 1
4522 63 1
4523 -64 1
4524 -64 1
4525 63 1
4526 -64 1
4527 -64 1
4528 63 1
4529 63 1
4530 -64 1
4531 -64 1
4532 -64 1
4533 63 1
4534 -64 1
4535 -64 1
4536 -64 1
4537 -64 1
4538 -64 1
4539 63 1
4540 63 1
4541 63 1
4542 -64 1
4543 -64 1
4544 -64 1
4545 63 1
4546 -64 1
4547 -64 1
4548 -64 1
4549 63 1
4550 -64 1
4551 63 1
4552 63 1
4553 -64 1
4554 63 1
4555 63 1
4556 63 1
4557 -64 1
4558 63 1
4559 63 1
4560 -64 1
4561 -64 1
4562 63 1
4563 63 1
4564 63 1
4565 -64 1
4566 63 1
4567 63 1
4568 63 1
4569 63 1
4570 63 1
4571 -64 1
4572 -64 1
4573 -64 1
4574 63 1
4575 63 1
4576 -64 1
4577 -64 1
4578 63 1
4579 63 1
4580 -64 1
4581 63 1
4582 63 1
4583 63 1
4584 -64 1
4585 -64 1
4586 63 1
4587 -64 1
4588 -64 1
4589 63 1
4590 -64 1
4591 -64 1
4592 63 1
4593 63 1
4594 -64 1
4595 -64 1
4596 63 1
4597 63 1
4598 63 1
4599 -64 1
4600 -64 1
4601 63 1
4602 -64 1
4603 -64 1
4604 -64 1
4605 63 1
4606 63 1
4607 63 1
4608 63 1
4609 63 1
4610 63 1
4611 63 1
4612 -64 1
4613 63 1
4614 -64 1
4615 63 1
4616 -64 1
4617 -64 1
4618 63 1
4619 63 1
4620 63 1
4621 -64 1
4622 63 1
4623 -64 1
4624 63 1
4625 63 1
4626 -64 1
4627 -64 1
4628 -64 1
4629 -64 1
4630 63 1
4631 63 1
4632 -64 1
4633 -64 1
4634 -64 1
4635 -64 1
4636 63 1
4637 63 1
4638 63 1
4639 63 1
4640 -64 1
4641 63 1
4642 63 1
4643 63 1
4644 -64 1
4645 -64 1
4646 -64 1
4647 -64 1
4648 -64 1
4649 -64 1
4650 -64 1
4651 63 1
4652 -64 1
4653 -64 1
4654 -64 1
4655 -64 1
4656 -64 1
4657 63 1
4658 -64 1
4659 63 1
4660 -64 1
4661 63 1
4662 63 1
4663 -64 1
4664 63 1
4665 63 1
4666 63 1
4667 63 1
4668 -64 1
4669 -64 1
4670 63 1
4671 -64 1
4672 63 1
4673 63 1
4674 -64 1
4675 63 1
4676 -64 1
4677 63 1
4678 -64 1
4679 63 1
4680 63 1
4681 -64 1
4682 -64 1
4683 -64 1
4684 63 1
4685 63 1
4686 -64 1
4687 -64 1
4688 63 1
4689 -64 1
4690 63 1
4691 -64 1
4692 63 1
4693 63 1
4694 -64 1
4695 -64 1
4696 63 1
4697 63 1
4698 63 1
4699 -64 1
4700 -64 1
4701 63 1
4702 63 1
4703 63 1
4704 63 1
4705 -64 1
4706 -64 1
4707 63 1
4708 -64 1
4709 63 1
4710 63 1
4711 -64 1
4712 -64 1
4713 -64 1
4714 63 1
4715 63 1
4716 -64 1
4717 -64 1
4718 63 1
4719 -64 1
4720 -64 1
4721 63 1
4722 63 1
4723 -64 1
4724 63 1
4725 63 1
4726 63 1
4727 -64 1
4728 -64 1
4729 63 1
4730 63 1
4731 63 1
4732 63 1
4733 -64 1
4734 -64 1
4735 63 1
4736 -64 1
4737 -64 1
4738 63 1
4739 63 1
4740 63 1
4741 -64 1
4742 63 1
4743 63 1
4744 -64 1
4745 63 1
4746 -64 1
4747 -64 1
4748 -64 1
4749 -64 1
4750 -64 1
4751 -64 1
4752 63 1
4753 -64 1
4754 -64 1
4755 -64 1
4756 63 1
4757 -64 1
4758 63 1
4759 -64 1
4760 63 1
4761 -64 1
4762 63 1
4763 -64 1
4764 -64 1
4765 63 1
4766 -64 1
4767 -64 1
4768 -64 1
4769 63 1
4770 63 1
4771 63 1
4772 63 1
4773 63 1
4774 63 1
4775 -64 1
4776 63 1
4777 -64 1
4778 63 1
4779 63 1
4780 -64 1
4781 -64 1
4782 -64 1
4783 63 1
4784 -64 1
4785 63 1
4786 63 1
4787 63 1
4788 -64 1
4789 63 1
4790 63 1
4791 -64 1
4792 63 1
4793 -64 1
4794 63 1
4795 63 1
4796 -64 1
4797 -64 1
4798 63 1
4799 63 1
4800 63 1
4801 63 1
4802 63 1
4803 63 1
4804 63 1
4805 63 1
4806 63 1
4807 63 1
4808 63 1
4809 -64 1
4810 -64 1
4811 63 1
4812 63 1
4813 63 1
4814 -64 1
4815 -64 1
4816 63 1
4817 63 1
4818 -64 1
4819 63 1
4820 63 1
4821 -64 1
4822 -64 1
4823 -64 1
4824 63 1
4825 -64 1
4826 -64 1
4827 63 1
4828 63 1
4829 63 1
4830 -64 1
4831 63 1
4832 63 1
4833 63 1
4834 -64 1
4835 63 1
4836 63 1
4837 63 1
4838 63 1
4839 63 1
4840 -64 1
4841 63 1
4842 63 1
4843 63 1
4844 -64 1
4845 -64 1
4846 63 1
4847 -64 1
4848 -64 1
4849 -64 1
4850 -64 1
4851 -64 1
4852 63 1
4853 63 1
4854 -64 1
4855 63 1
4856 63 1
4857 63 1
4858 -64 1
4859 -64 1
4860 -64 1
4861 63 1
4862 63 1
4863 -64 1
4864 -64 1
4865 63 1
4866 -64 1
4867 63 1
4868 -64 1
4869 -64 1
4870 -64 1
4871 -64 1
4872 -64 1
4873 63 1
4874 -64 1
4875 -64 1
4876 63 1
4877 -64 1
4878 63 1
4879 -64 1
4880 -64 1
4881 63 1
4882 63 1
4883 63 1
4884 -64 1
4885 63 1
4886 63 1
4887 -64 1
4888 -64 1
4889 -64 1
4890 63 1
4891 -64 1
4892 -64 1
4893 63 1
4894 -64 1
4895 -64 1
4896 -64 1
4897 63 1
4898 -64 1
4899 -64 1
4900 -64 1
4901 63 1
4902 -64 1
4903 63 1
4904 63 1
4905 63 1
4906 -64 1
4907 63 1
4908 63 1
4909 63 1
4910 63 1
4911 -64 1
4912 63 1
4913 63 1
4914 63 1
4915 -64 1
4916 -64 1
4917 -64 1
4918 63 1
4919 63 1
4920 63 1
4921 -64 1
4922 63 1
4923 63 1
4924 -64 1
4925 63 1
4926 -64 1
4927 63 1
4928 63 1
4929 63 1
4930 63 1
4931 63 1
4932 -64 1
4933 63 1
4934 63 1
4935 63 1
4936 -64 1
4937 -64 1
4938 -64 1
4939 63 1
4940 63 1
4941 63 1
4942 63 1
4943 -64 1
4944 63 1
4945 63 1
4946 63 1
4947 63 1
4948 -64 1
4949 63 1
4950 -64 1
4951 63 1
4952 -64 1
4953 -64 1
4954 63 1
4955 63 1
4956 -64 1
4957 -64 1
4958 -64 1
4959 63 1
4960 63 1
4961 63 1
4962 63 1
4963 -64 1
4964 63 1
4965 63 1
4966 63 1
4967 63 1
4968 -64 1
4969 -64 1
4970 63 1
4971 -64 1
4972 63 1
4973 -64 1
4974 -64 1
4975 -64 1
4976 -64 1
4977 -64 1
4978 63 1
4979 63 1
4980 63 1
4981 -64 1
4982 63 1
4983 63 1
4984 63 1
4985 63 1
4986 -64 1
4987 -64 1
4988 63 1
4989 63 1
4990 63 1
4991 -64 1
4992 -64 1
4993 -64 1
4994 -64 1
4995 63 1
4996 -64 1
4997 -64 1
4998 63 1
4999 63 1
5000 -64 1
5001 63 1
5002 63 1
5003 63 1
5004 -64 1
5005 63 1
5006 -64 1
5007 -64 1
5008 63 1
5009 63 1
5010 -64 1
5011 -64 1
5012 -64 1
5013 -64 1
5014 63 1
5015 -64 1
5016 63 1
5017 63 1
5018 63 1
5019 63 1
5020 63 1
5021 -64 1
5022 -64 1
5023 -64 1
5024 63 1
5025 63 1
5026 -64 1
5027 -64 1
5028 -64 1
5029 63 1
5030 -64 1
5031 -64 1
5032 63 1
5033 -64 1
5034 -64 1
5035 63 1
5036 -64 1
5037 63 1
5038 -64 1
5039 63 1
5040 63 1
5041 -64 1
5042 63 1
5043 -64 1
5044 63 1
5045 63 1
5046 63 1
5047 -64 1
5048 63 1
5049 63 1
5050 -64 1
5051 63 1
5052 63 1
5053 -64 1
5054 63 1
5055 63 1
5056 -64 1
5057 63 1
5058 -64 1
5059 63 1
5060 -64 1
5061 63 1
5062 -64 1
5063 63 1
5064 63 1
5065 -64 1
5066 63 1
5067 63 1
5068 63 1
5069 63 1
5070 -64 1
5071 -64 1
5072 63 1
5073 -64 1
5074 -64 1
5075 63 1
5076 -64 1
5077 63 1
5078 -64 1
5079 -64 1
5080 -64 1
5081 -64 1
5082 63 1
5083 -64 1
5084 63 1
5085 63 1
5086 -64 1
5087 63 1
5088 63 1
5089 -64 1
5090 -64 1
5091 63 1
5092 -64 1
5093 63 1
5094 63 1
5095 -64 1
5096 -64 1
5097 -64 1
5098 -64 1
5099 63 1
5100 63 1
5101 63 1
5102 63 1
5103 -64 1
5104 63 1
5105 63 1
5106 63 1
5107 -64 1
5108 63 1
5109 -64 1
5110 -64 1
5111 63 1
5112 -64 1
5113 -64 1
5114 63 1
5115 -64 1
5116 63 1
5117 -64 1
5118 63 1
5119 -64 1
5120 -64 1
5121 -64 1
5122 63 1
5123 -64 1
5124 63 1
5125 -64 1
5126 63 1
5127 63 1
5128 -64 1
5129 -64 1
5130 63 1
5131 63 1
5132 63 1
5133 63 1
5134 63 1
5135 63 1
5136 -64 1
5137 63 1
5138 -64 1
5139 63 1
5140 63 1
5141 63 1
5142 63 1
5143 -64 1
5144 63 1
5145 -64 1
5146 -64 1
5147 -64 1
5148 -64 1
5149 -64 1
5150 -64 1
5151 63 1
5152 63 1
5153 -64 1
5154 -64 1
5155 -64 1
5156 -64 1
5157 63 1
5158 63 1
5159 63 1
5160 -64 1
5161 63 1
5162 -64 1
5163 -64 1
5164 63 1
5165 -64 1
5166 63 1
5167 -64 1
5168 -64 1
5169 -64 1
5170 -64 1
5171 63 1
5172 -64 1
5173 -64 1
5174 -64 1
5175 63 1
5176 -64 1
5177 -64 1
5178 63 1
5179 63 1
5180 -64 1
5181 -64 1
5182 63 1
5183 -64 1
5184 -64 1
5185 -64 1
5186 -64 1
5187 -64 1
5188 -64 1
5189 -64 1
5190 -64 1
5191 63 1
5192 -64 1
5193 63 1
5194 -64 1
5195 -64 1
5196 63 1
5197 63 1
5198 63 1
5199 -64 1
5200 63 1
5201 -64 1
5202 -64 1
5203 63 1
5204 -64 1
5205 63 1
5206 -64 1
5207 63 1
5208 63 1
5209 63 1
5210 63 1
5211 -64 1
5212 -64 1
5213 63 1
5214 63 1
5215 63 1
5216 -64 1
5217 63 1
5218 63 1
5219 -64 1
5220 63 1
5221 63 1
5222 -64 1
5223 63 1
5224 -64 1
5225 -64 1
5226 63 1
5227 63 1
5228 63 1
5229 -64 1
5230 63 1
5231 -64 1
5232 63 1
5233 63 1
5234 63 1
5235 -64 1
5236 -64 1
5237 -64 1
5238 -64 1
5239 -64 1
5240 -64 1
5241 63 1
5242 63 1
5243 -64 1
5244 63 1
5245 63 1
5246 63 1
5247 -64 1
5248 -64 1
5249 63 1
5250 63 1
5251 -64 1
5252 63 1
5253 63 1
5254 63 1
5255 63 1
5256 -64 1
5257 63 1
5258 -64 1
5259 63 1
5260 63 1
5261 -64 1
5262 63 1
5263 -64 1
5264 63 1
5265 -64 1
5266 -64 1
5267 63 1
5268 63 1
5269 -64 1
5270 -64 1
5271 -64 1
5272 63 1
5273 63 1
5274 63 1
5275 63 1
5276 63 1
5277 63 1
5278 63 1
5279 -64 1
5280 63 1
5281 -64 1
5282 -64 1
5283 -64 1
5284 63 1
5285 63 1
5286 63 1
5287 -64 1
5288 -64 1
5289 63 1
5290 63 1
5291 63 1
5292 -64 1
5293 63 1
5294 -64 1
5295 63 1
5296 -64 1
5297 63 1
5298 -64 1
5299 -64 1
5300 63 1
5301 63 1
5302 63 1
5303 63 1
5304 -64 1
5305 -64 1
5306 63 1
5307 -64 1
5308 63 1
5309 63 1
5310 -64 1
5311 -64 1
5312 -64 1
5313 63 1
5314 63 1
5315 -64 1
5316 63 1
5317 -64 1
5318 63 1
5319 -64 1
5320 63 1
5321 63 1
5322 63 1
5323 63 1
5324 -64 1
5325 -64 1
5326 63 1
5327 -64 1
5328 63 1
5329 63 1
5330 -64 1
5331 63 1
5332 -64 1
5333 63 1
5334 -64 1
5335 63 1
5336 -64 1
5337 -64 1
5338 -64 1
5339 63 1
5340 63 1
5341 63 1
5342 63 1
5343 63 1
5344 -64 1
5345 63 1
5346 -64 1
5347 -64 1
5348 -64 1
5349 -64 1
5350 -64 1
5351 -64 1
5352 63 1
5353 63 1
5354 63 1
5355 -64 1
5356 -64 1
5357 -64 1
5358 63 1
5359 63 1
5360 63 1
5361 63 1
5362 -64 1
5363 -64 1
5364 -64 1
5365 -64 1
5366 -64 1
5367 63 1
5368 -64 1
5369 63 1
5370 -64 1
5371 63 1
5372 63 1
5373 63 1
5374 -64 1
5375 -64 1
5376 -64 1
5377 63 1
5378 -64 1
5379 -64 1
5380 -64 1
5381 63 1
5382 -64 1
5383 63 1
5384 -64 1
5385 -64 1
5386 63 1
5387 -64 1
5388 -64 1
5389 -64 1
5390 63 1
5391 -64 1
5392 -64 1
5393 63 1
5394 -64 1
5395 63 1
5396 63 1
5397 63 1
5398 -64 1
5399 -64 1
5400 63 1
5401 63 1
5402 63 1
5403 63 1
5404 63 1
5405 63 1
5406 63 1
5407 63 1
5408 -64 1
5409 -64 1
5410 63 1
5411 -64 1
5412 63 1
5413 -64 1
5414 -64 1
5415 63 1
5416 63 1
5417 -64 1
5418 63 1
5419 63 1
5420 63 1
5421 63 1
5422 -64 1
5423 63 1
5424 63 1
5425 -64 1
5426 63 1
5427 63 1
5428 -64 1
5429 63 1
5430 -64 1
5431 -64 1
5432 63 1
5433 -64 1
5434 -64 1
5435 -64 1
5436 63 1
5437 63 1
5438 -64 1
5439 -64 1
5440 63 1
5441 -64 1
5442 -64 1
5443 63 1
5444 -64 1
5445 -64 1
5446 63 1
5447 -64 1
5448 -64 1
5449 -64 1
5450 -64 1
5451 -64 1
5452 -64 1
5453 63 1
5454 63 1
5455 -64 1
5456 -64 1
5457 63 1
5458 63 1
5459 63 1
5460 -64 1
5461 -64 1
5462 63 1
5463 63 1
5464 -64 1
5465 63 1
5466 -64 1
5467 63 1
5468 -64 1
5469 63 1
5470 -64 1
5471 -64 1
5472 63 1
5473 -64 1
5474 -64 1
5475 63 1
5476 -64 1
5477 63 1
5478 63 1
5479 63 1
5480 63 1
5481 -64 1
5482 63 1
5483 63 1
5484 63 1
5485 63 1
5486 63 1
5487 -64 1
5488 -64 1
5489 63 1
5490 63 1
5491 -64 1
5492 63 1
5493 -64 1
5494 -64 1
5495 -64 1
5496 -64 1
5497 -64 1
5498 -64 1
5499 63 1
5500 63 1
5501 63 1
5502 63 1
5503 -64 1
5504 -64 1
5505 -64 1
5506 63 1
5507 63 1
5508 63 1
5509 63 1
5510 63 1
5511 63 1
5512 63 1
5513 63 1
5514 63 1
5515 63 1
5516 63 1
5517 63 1
5518 63 1
5519 63 1
5520 63 1
5521 -64 1
5522 -64 1
5523 63 1
5524 63 1
5525 -64 1
5526 -64 1
5527 63 1
5528 -64 1
5529 63 1
5530 -64 1
5531 63 1
5532 -64 1
5533 -64 1
5534 63 1
5535 63 1
5536 63 1
5537 63 1
5538 63 1
5539 -64 1
5540 63 1
5541 63 1
5542 -64 1
5543 63 1
5544 -64 1
5545 63 1
5546 63 1
5547 63 1
5548 -64 1
5549 -64 1
5550 -64 1
5551 63 1
5552 63 1
5553 63 1
5554 -64 1
5555 -64 1
5556 -64 1
5557 -64 1
5558 63 1
5559 63 1
5560 63 1
5561 63 1
5562 63 1
5563 63 1
5564 63 1
5565 63 1
5566 63 1
5567 63 1
5568 63 1
5569 63 1
5570 -64 1
5571 -64 1
5572 63 1
5573 63 1
5574 63 1
5575 -64 1
5576 63 1
5577 -64 1
5578 -64 1
5579 63 1
5580 63 1
5581 63 1
5582 63 1
5583 63 1
5584 -64 1
5585 -64 1
5586 63 1
5587 -64 1
5588 63 1
5589 -64 1
5590 -64 1
5591 63 1
5592 -64 1
5593 63 1
5594 -64 1
5595 -64 1
5596 -64 1
5597 63 1
5598 63 1
5599 -64 1
5600 63 1
5601 -64 1
5602 -64 1
5603 -64 1
5604 -64 1
5605 63 1
5606 63 1
5607 -64 1
5608 63 1
5609 63 1
5610 63 1
5611 -64 1
5612 63 1
5613 -64 1
5614 -64 1
5615 -64 1
5616 -64 1
5617 63 1
5618 -64 1
5619 63 1
5620 -64 1
5621 63 1
5622 -64 1
5623 63 1
5624 -64 1
5625 63 1
5626 63 1
5627 63 1
5628 -64 1
5629 63 1
5630 -64 1
5631 -64 1
5632 -64 1
5633 63 1
5634 -64 1
5635 63 1
5636 -64 1
5637 -64 1
5638 63 1
5639 -64 1
5640 63 1
5641 63 1
5642 63 1
5643 -64 1
5644 63 1
5645 -64 1
5646 -64 1
5647 -64 1
5648 -64 1
5649 63 1
5650 63 1
5651 -64 1
5652 -64 1
5653 -64 1
5654 -64 1
5655 -64 1
5656 63 1
5657 -64 1
5658 -64 1
5659 -64 1
5660 -64 1
5661 63 1
5662 63 1
5663 63 1
5664 63 1
5665 -64 1
5666 63 1
5667 63 1
5668 -64 1
5669 -64 1
5670 -64 1
5671 -64 1
5672 63 1
5673 -64 1
5674 63 1
5675 63 1
5676 63 1
5677 -64 1
5678 63 1
5679 63 1
5680 -64 1
5681 63 1
5682 63 1
5683 63 1
5684 -64 1
5685 -64 1
5686 -64 1
5687 -64 1
5688 -64 1
5689 -64 1
5690 -64 1
5691 -64 1
5692 63 1
5693 -64 1
5694 -64 1
5695 -64 1
5696 -64 1
5697 63 1
5698 63 1
5699 63 1
5700 -64 1
5701 -64 1
5702 -64 1
5703 -64 1
5704 63 1
5705 -64 1
5706 63 1
5707 -64 1
5708 -64 1
5709 63 1
5710 -64 1
5711 63 1
5712 63 1
5713 -64 1
5714 63 1
5715 63 1
5716 -64 1
5717 63 1
5718 63 1
5719 -64 1
5720 -64 1
5721 -64 1
5722 63 1
5723 63 1
5724 -64 1
5725 -64 1
5726 -64 1
5727 63 1
5728 -64 1
5729 -64 1
5730 -64 1
5731 -64 1
5732 63 1
5733 -64 1
5734 -64 1
5735 63 1
5736 -64 1
5737 -64 1
5738 -64 1
5739 63 1
5740 63 1
5741 63 1
5742 63 1
5743 -64 1
5744 -64 1
5745 -64 1
5746 63 1
5747 -64 1
5748 63 1
5749 63 1
5750 -64 1
5751 63 1
5752 -64 1
5753 -64 1
5754 63 1
5755 63 1
5756 -64 1
5757 -64 1
5758 63 1
5759 -64 1
5760 63 1
5761 63 1
5762 63 1
5763 -64 1
5764 -64 1
5765 63 1
5766 -64 1
5767 63 1
5768 -64 1
5769 -64 1
5770 -64 1
5771 63 1
5772 63 1
5773 -64 1
5774 63 1
5775 -64 1
5776 -64 1
5777 -64 1
5778 -64 1
5779 -64 1
5780 -64 1
5781 -64 1
5782 -64 1
5783 63 1
5784 -64 1
5785 -64 1
5786 63 1
5787 -64 1
5788 63 1
5789 63 1
5790 -64 1
5791 -64 1
5792 63 1
5793 63 1
5794 -64 1
5795 63 1
5796 63 1
5797 -64 1
5798 63 1
5799 63 1
5800 63 1
5801 -64 1
5802 -64 1
5803 -64 1
5804 -64 1
5805 63 1
5806 63 1
5807 -64 1
5808 -64 1
5809 63 1
5810 -64 1
5811 -64 1
5812 -64 1
5813 -64 1
5814 -64 1
5815 -64 1
5816 -64 1
5817 63 1
5818 63 1
5819 63 1
5820 -64 1
5821 63 1
5822 -64 1
5823 -64 1
5824 -64 1
5825 63 1
5826 63 1
5827 -64 1
5828 -64 1
5829 63 1
5830 63 1
5831 63 1
5832 63 1
5833 63 1
5834 -64 1
5835 63 1
5836 63 1
5837 -64 1
5838 -64 1
5839 -64 1
5840 63 1
5841 -64 1
5842 -54 1
5843 63 1
5844 -64 1
5845 63 1
5846 -64 1
5847 63 1
5848 63 1
5849 54 1
5850 -64 1
5851 -64 1
5852 63 1
5853 -64 1
5854 63 1
5855 63 1
5856 -64 1
5857 -64 1
5858 63 1
5859 -64 1
5860 -64 1
5861 -64 1
5862 63 1
5863 -64 1
5864 63 1
5865 63 1
5866 -64 1
5867 63 1
5868 63 1
5869 -64 1
5870 -64 1
5871 -64 1
5872 -64 1
5873 63 1
5874 -64 1
5875 63 1
5876 63 1
5877 -64 1
5878 -64 1
5879 -64 1
5880 -64 1
5881 63 1
5882 63 1
5883 -64 1
5884 63 1
5885 -64 1
5886 63 1
5887 -64 1
5888 -64 1
5889 -64 1
5890 63 1
5891 63 1
5892 63 1
5893 63 1
5894 63 1
5895 -64 1
5896 63 1
5897 -64 1
5898 63 1
5899 63 1
5900 -64 1
5901 63 1
5902 63 1
5903 63 1
5904 -64 1
5905 -64 1
5906 63 1
5907 -64 1
5908 -64 1
5909 -64 1
5910 -64 1
5911 63 1
5912 -64 1
5913 -64 1
5914 63 1
5915 -64 1
5916 -64 1
5917 -64 1
5918 -64 1
5919 -64 1
5920 63 1
5921 -64 1
5922 63 1
5923 -64 1
5924 63 1
5925 63 1
5926 63 1
5927 -64 1
5928 -64 1
5929 -64 1
5930 63 1
5931 -64 1
5932 63 1
5933 63 1
5934 63 1
5935 -64 1
5936 -64 1
5937 -64 1
5938 -64 1
5939 -64 1
5940 -64 1
5941 -64 1
5942 -64 1
5943 63 1
5944 63 1
5945 -64 1
5946 -64 1
5947 -64 1
5948 63 1
5949 -64 1
5950 -64 1
5951 63 1
5952 -64 1
5953 -64 1
5954 -64 1
5955 -64 1
5956 -64 1
5957 -64 1
5958 63 1
5959 -64 1
5960 63 1
5961 63 1
5962 63 1
5963 63 1
5964 -64 1
5965 63 1
5966 -64 1
5967 -64 1
5968 -64 1
5969 63 1
5970 -64 1
5971 63 1
5972 63 1
5973 63 1
5974 63 1
5975 -64 1
5976 -64 1
5977 -64 1
5978 -64 1
5979 63 1
5980 -64 1
5981 -64 1
5982 -64 1
5983 63 1
5984 -64 1
5985 63 1
5986 63 1
5987 63 1
5988 -64 1
5989 -64 1
5990 63 1
5991 -64 1
5992 -64 1
5993 63 1
5994 -64 1
5995 -64 1
5996 63 1
5997 -64 1
5998 63 1
5999 63 1
6000 -64 1
6001 -64 1
6002 63 1
6003 -64 1
6004 -64 1
6005 63 1
6006 63 1
6007 63 1
6008 63 1
6009 63 1
6010 -64 1
6011 -64 1
6012 -64 1
6013 63 1
6014 63 1
6015 63 1
6016 63 1
6017 -64 1
6018 63 1
6019 63 1
6020 -64 1
6021 63 1
6022 -64 1
6023 -64 1
6024 -64 1
6025 63 1
6026 -64 1
6027 -64 1
6028 63 1
6029 63 1
6030 -64 1
6031 -64 1
6032 -64 1
6033 -64 1
6034 63 1
6035 -64 1
6036 63 1
6037 -64 1
6038 63 1
6039 63 1
6040 -64 1
6041 -64 1
6042 63 1
6043 -64 1
6044 63 1
6045 -64 1
6046 63 1
6047 63 1
6048 63 1
6049 -64 1
6050 -64 1
6051 -64 1
6052 63 1
6053 63 1
6054 -64 1
6055 -64 1
6056 63 1
6057 -64 1
6058 -64 1
6059 63 1
6060 63 1
6061 -64 1
6062 63 1
6063 63 1
6064 63 1
6065 -64 1
6066 63 1
6067 -64 1
6068 63 1
6069 63 1
6070 63 1
6071 63 1
6072 63 1
6073 63 1
6074 63 1
6075 63 1
6076 63 1
6077 63 1
6078 -64 1
6079 63 1
6080 63 1
6081 63 1
6082 -64 1
6083 63 1
6084 63 1
6085 -64 1
6086 63 1
6087 63 1
6088 -64 1
6089 -64 1
6090 -64 1
6091 -64 1
6092 63 1
6093 63 1
6094 -64 1
6095 63 1
6096 63 1
6097 63 1
6098 63 1
6099 -64 1
6100 63 1
6101 63 1
6102 -64 1
6103 -64 1
6104 -64 1
6105 63 1
6106 -64 1
6107 -64 1
6108 -64 1
6109 63 1
6110 -64 1
6111 63 1
6112 63 1
6113 -64 1
6114 -64 1
6115 -64 1
6116 -64 1
6117 63 1
6118 -64 1
6119 -64 1
6120 63 1
6121 -64 1
6122 63 1
6123 -64 1
6124 -64 1
6125 -64 1
6126 -64 1
6127 63 1
6128 -64 1
6129 63 1
6130 63 1
6131 63 1
6132 -64 1
6133 -64 1
6134 -64 1
6135 63 1
6136 -64 1
6137 -64 1
6138 63 1
6139 63 1
6140 63 1
6141 63 1
6142 -64 1
6143 63 1
