# idx_int bit_int post_llr hard
0 0 -35087.15480512 0
1 1 32172.08089421 1
2 1 18705.74520751 1
3 1 25972.14724983 1
4 0 -33164.15366759 0
5 0 -19295.91606316 0
6 0 -10104.01969231 0
7 0 -24280.52480437 0
8 0 -30152.45681042 0
9 1 14864.85844941 1
10 0 -19301.62192226 0
11 1 34086.11458399 1
12 1 10006.62832264 1
13 1 27225.94221480 1
14 0 -26764.22476206 0
15 0 -18621.93378678 0
16 0 -13673.38692358 0
17 0 -19936.84487140 0
18 0 -22960.11682949 0
19 0 -8698.80310224 0
20 1 15686.03538585 1
21 1 27172.06911545 1
22 0 -35636.66117896 0
23 1 17634.78768866 1
24 1 39644.28950414 1
25 1 18155.29088722 1
26 0 -16043.79431905 0
27 1 22565.99329421 1
28 0 -25754.88248194 0
29 1 21520.42215839 1
30 0 -11315.25659132 0
31 0 -36096.41122800 0
32 0 -17118.87032125 0
33 0 -21395.95576831 0
34 0 -5978.68006920 0
35 1 34534.05139418 1
36 1 22476.63565957 1
37 1 5496.00099636 1
38 0 -23668.86127384 0
39 0 -22620.97476374 0
40 1 8549.93781270 1
41 1 5741.07344858 1
42 1 18782.17097093 1
43 1 16013.01604317 1
44 0 -4761.64809428 0
45 1 22384.35646242 1
46 1 21177.70515464 1
47 0 -30575.28203978 0
48 1 10287.76620756 1
49 1 19192.06950646 1
50 0 -23427.63675104 0
51 0 -14770.87229720 0
52 1 13124.26761279 1
53 0 -30423.47148096 0
54 1 17276.05647718 1
55 0 -16183.51639906 0
56 1 24279.43675752 1
57 1 21972.87428606 1
58 0 -17178.70899178 0
59 0 -29716.03758184 0
60 1 32550.98714286 1
61 1 9084.33901119 1
62 1 14254.22759996 1
63 0 -23451.84003342 0
64 1 6961.65095669 1
65 1 22439.09805173 1
66 1 18889.88523832 1
67 1 22119.74562211 1
68 1 23256.86675250 1
69 1 16280.85993840 1
70 1 23989.23095609 1
71 1 12752.23795541 1
72 1 21801.17247764 1
73 0 -31953.36562956 0
74 0 -23240.60933359 0
75 0 -15408.40297440 0
76 0 -25388.38029885 0
77 0 -26612.29448331 0
78 1 34186.92329707 1
79 1 24519.65454872 1
80 0 -15253.43569287 0
81 0 -10863.17639861 0
82 0 -30496.32498666 0
83 0 -14830.41190215 0
84 0 -24601.95009705 0
85 1 16154.60673843 1
86 0 -19119.22194588 0
87 1 16575.51066401 1
88 1 21350.78259200 1
89 0 -21430.78937049 0
90 0 -13534.14822577 0
91 1 24516.84964079 1
92 0 -15457.52448625 0
93 1 11826.43893496 1
94 0 -10414.11765968 0
95 1 19059.00644535 1
96 1 7431.05236060 1
97 1 16099.07576762 1
98 1 12167.61716613 1
99 1 21949.14751194 1
100 0 -6158.97321505 0
101 0 -15697.44984778 0
102 0 -23980.36459876 0
103 0 -18853.59821811 0
104 0 -23806.31765406 0
105 0 -21586.23198958 0
106 1 15652.12612799 1
107 0 -20599.27461605 0
108 0 -22653.78252236 0
109 1 17239.30027163 1
110 0 -13727.72477560 0
111 0 -13952.45899738 0
112 0 -24984.65481375 0
113 0 -26002.51776125 0
114 0 -15368.69030838 0
115 1 16366.90100294 1
116 0 -21097.37868676 0
117 0 -10156.34610714 0
118 0 -21034.32361187 0
119 1 21358.16083264 1
120 1 18277.92764225 1
121 1 15388.30547603 1
122 0 -14050.83884704 0
123 0 -15993.42687006 0
124 1 16976.51119342 1
125 0 -14179.31615671 0
126 0 -26453.25540791 0
127 1 24813.73169598 1
128 1 18556.31632990 1
129 0 -21828.98566022 0
130 0 -28117.59870953 0
131 0 -14797.09409106 0
132 1 15285.29128798 1
133 1 13409.54667819 1
134 1 27262.89390825 1
135 1 15353.54546257 1
136 0 -25242.23383521 0
137 1 17277.52250842 1
138 1 30056.75793251 1
139 0 -12329.61661351 0
140 0 -12749.30652216 0
141 0 -10229.16310016 0
142 1 17802.12242462 1
143 0 -25058.41298915 0
144 0 -19699.38470095 0
145 0 -13492.73377632 0
146 1 10917.26701939 1
147 0 -13628.06723289 0
148 1 17891.52677031 1
149 1 8503.69406532 1
150 0 -14411.97748292 0
151 1 17775.99799699 1
152 0 -20524.34190168 0
153 1 9227.35995443 1
154 0 -16395.39601360 0
155 0 -22984.39617758 0
156 0 -17435.51468436 0
157 0 -26753.73799227 0
158 0 -23316.91990166 0
159 1 19951.59104033 1
160 0 -14655.02471519 0
161 1 17447.66569437 1
162 0 -24705.55369051 0
163 1 17145.93206983 1
164 0 -12599.18945648 0
165 1 23278.44751701 1
166 1 21786.99358468 1
167 1 2823.10835932 1
168 1 6889.84354658 1
169 1 16942.34847038 1
170 1 11472.37668217 1
171 0 -27164.29527849 0
172 1 14933.45783438 1
173 1 13074.23846092 1
174 0 -10609.17622004 0
175 1 10194.21543941 1
176 1 29415.40356308 1
177 1 21520.94665246 1
178 0 -15240.41321500 0
179 1 16199.44974234 1
180 0 -20522.84588065 0
181 0 -29300.31648066 0
182 0 -19432.69237144 0
183 0 -30797.99746170 0
184 1 20504.20030051 1
185 0 -10396.01231471 0
186 0 -34579.67460368 0
187 1 19148.09557670 1
188 0 -17626.16640481 0
189 1 17229.70739326 1
190 1 30437.26376666 1
191 1 12799.91755115 1
192 0 -11955.05934764 0
193 1 21061.16876742 1
194 1 11103.31184091 1
195 1 28011.41183220 1
196 0 -14591.83396920 0
197 0 -23287.23280475 0
198 1 14610.69454095 1
199 1 9355.40931465 1
200 0 -23514.64883517 0
201 0 -22930.93925717 0
202 0 -21150.56913553 0
203 1 10674.23293805 1
204 0 -12842.20807084 0
205 1 8325.75377541 1
206 1 15990.99528688 1
207 1 14955.74746115 1
208 1 28550.62192407 1
209 0 -21577.60967267 0
210 1 16329.91585764 1
211 1 21277.06308132 1
212 1 18710.23429339 1
213 1 32134.21352638 1
214 0 -22533.95093216 0
215 1 18077.40114707 1
216 1 20084.84413974 1
217 0 -13294.11099714 0
218 0 -19061.36547305 0
219 0 -12208.49723646 0
220 1 14273.62489961 1
221 1 11920.36497972 1
222 0 -26376.27719405 0
223 1 15543.39026577 1
224 0 -6555.61611057 0
225 1 21596.92564574 1
226 0 -11337.45659216 0
227 1 10621.56685378 1
228 1 20008.56377047 1
229 1 30833.73691271 1
230 0 -23308.39120024 0
231 0 -31455.51979935 0
232 1 12251.36371955 1
233 0 -17266.28404362 0
234 1 23105.67293641 1
235 1 29141.23872130 1
236 1 18909.31527639 1
237 0 -12278.32386358 0
238 0 -16326.98026492 0
239 0 -26856.02361338 0
240 1 16197.85145028 1
241 1 20075.72911421 1
242 0 -15690.54447676 0
243 1 25072.54189299 1
244 1 17434.75861720 1
245 0 -23440.78805664 0
246 0 -22404.57793746 0
247 0 -16436.37072417 0
248 0 -8751.19133658 0
249 0 -21948.80155810 0
250 0 -22450.48275810 0
251 1 17287.77548527 1
252 0 -15787.68325865 0
253 1 25118.09182062 1
254 0 -22030.81049529 0
255 0 -9610.91406505 0
256 1 21730.79868498 1
257 1 27297.32066401 1
258 1 24324.60690961 1
259 0 -22570.45925028 0
260 0 -26763.44260580 0
261 0 -37679.99260736 0
262 0 -24730.41971200 0
263 1 19419.41799344 1
264 1 25588.22365245 1
265 1 39140.29680694 1
266 1 12014.52685504 1
267 0 -21939.26159014 0
268 1 25519.68952151 1
269 0 -14019.50542156 0
270 0 -16516.27480732 0
271 1 19201.57539842 1
272 1 26676.30793845 1
273 0 -26486.83831565 0
274 0 -21549.12498731 0
275 0 -19471.35906041 0
276 1 21425.07440394 1
277 0 -5711.30401107 0
278 0 -14831.65924461 0
279 1 19387.61287811 1
280 1 18242.24136172 1
281 0 -15957.31283824 0
282 0 -29919.47113926 0
283 1 12508.83647793 1
284 1 25946.43425728 1
285 1 21531.94994136 1
286 1 15347.35747262 1
287 1 26547.59126350 1
288 0 -24468.65242307 0
289 0 -23666.95812207 0
290 1 19032.95509091 1
291 0 8717.52704546 1
292 0 -13701.36064579 0
293 0 -25466.56169232 0
294 0 -14837.56089610 0
295 1 27722.43896700 1
296 1 18473.36705364 1
297 0 -9561.29633517 0
298 0 -29304.06876767 0
299 1 21507.49535246 1
300 0 -18154.03176438 0
301 0 -10885.11360501 0
302 1 18871.24421936 1
303 1 24323.83319051 1
304 0 -18588.88866180 0
305 0 -14557.09059749 0
306 1 28410.23914327 1
307 0 -21939.32410033 0
308 0 -15308.64914569 0
309 0 -19835.07192349 0
310 1 21019.00549826 1
311 0 -19271.57419475 0
312 1 19211.15104683 1
313 1 13077.38704227 1
314 1 30494.90088805 1
315 0 -20831.37560142 0
316 0 -24048.56216126 0
317 0 -24778.03654812 0
318 1 24583.32224771 1
319 0 -25444.50549169 0
320 1 28506.17407214 1
321 1 16523.57022149 1
322 0 -15020.07900197 0
323 1 12156.09414656 1
324 0 -14816.55770735 0
325 0 -34195.68717555 0
326 1 33386.06968474 1
327 0 -23684.51738187 0
328 1 20834.83717742 1
329 0 -13322.50638453 0
330 1 20648.94763109 1
331 0 -26974.36138441 0
332 1 26669.47348510 1
333 1 17932.59661475 1
334 1 5711.30401107 1
335 0 -18993.83307562 0
336 0 -15826.57321326 0
337 1 28445.82658139 1
338 0 -29406.60696623 0
339 0 -29398.83646404 0
340 0 -25153.73322655 0
341 1 15596.78800872 1
342 0 -26638.40269849 0
343 1 19461.52970951 1
344 0 -36838.95068024 0
345 0 -20865.73020529 0
346 1 21568.91431454 1
347 1 19913.06824488 1
348 1 21601.09697533 1
349 0 -21683.00333123 0
350 1 19054.22901809 1
351 0 -31214.60505578 0
352 1 36139.48121036 1
353 1 32048.68557414 1
354 0 -10337.09318373 0
355 1 16219.56009281 1
356 1 18306.71669597 1
357 0 -38741.17746535 0
358 0 -16699.31309708 0
359 1 10974.98042457 1
360 1 10458.71750006 1
361 0 -21799.63383584 0
362 1 15700.60540747 1
363 0 -23689.52639037 0
364 0 -30640.80788071 0
365 0 -17916.88274203 0
366 0 -16072.32906835 0
367 1 24015.68543498 1
368 1 23891.24870092 1
369 1 10930.76223114 1
370 1 23305.29267624 1
371 0 -20988.94887022 0
372 1 20701.42315750 1
373 0 -32477.13686421 0
374 0 -19338.50603703 0
375 1 14697.12036542 1
376 1 18168.39822883 1
377 1 14153.93768120 1
378 0 -19929.73277057 0
379 1 20871.87025555 1
380 0 -25430.54510364 0
381 1 19546.89062696 1
382 1 20171.31899513 1
383 0 -9923.99627360 0
384 0 -18684.04605074 0
385 0 -25475.32915348 0
386 0 -32835.31029065 0
387 0 -28059.78044610 0
388 0 -21412.00198702 0
389 1 20557.05846934 1
390 0 -33296.99751028 0
391 0 -20787.79569419 0
392 0 -12422.55665446 0
393 0 -31142.34948630 0
394 0 -35317.43274692 0
395 1 24008.29035142 1
396 1 19119.72940582 1
397 0 -13324.42390982 0
398 0 -30300.54748245 0
399 1 18707.92560142 1
400 0 -13383.28409751 0
401 0 -22453.71464860 0
402 1 26491.60877997 1
403 0 -15225.55760570 0
404 0 -25757.67829672 0
405 1 30836.41082777 1
406 0 -19884.97539358 0
407 1 28185.05077615 1
408 1 30256.22263753 1
409 1 27178.18211512 1
410 1 9457.93512983 1
411 0 -21585.66302856 0
412 0 -34055.11257787 0
413 1 40339.84830955 1
414 0 -42864.54661952 0
415 0 -21919.01374665 0
416 1 13159.82217306 1
417 1 24751.37051000 1
418 1 24975.42350723 1
419 0 -26034.13841618 0
420 0 -21705.80112480 0
421 1 28450.45689098 1
422 1 27360.24389821 1
423 1 34725.19814047 1
424 0 -17753.20470411 0
425 0 -26280.66426157 0
426 0 -24636.67556132 0
427 1 19087.15489503 1
428 0 -24312.57532879 0
429 1 30178.58849399 1
430 1 25728.77707930 1
431 1 25208.75818503 1
432 1 26393.49039914 1
433 1 26949.26841754 1
434 1 21664.53819456 1
435 0 -17290.14665680 0
436 0 -32115.20058820 0
437 1 33499.75212034 1
438 0 -13465.32656629 0
439 1 34573.38462056 1
440 1 25153.81363208 1
441 1 23236.83808075 1
442 0 -25967.23340445 0
443 0 -25154.21719170 0
444 0 -18367.89290332 0
445 1 16040.65911186 1
446 0 -26646.29721961 0
447 0 -23206.32573534 0
448 1 16472.00954193 1
449 0 -27688.98718326 0
450 1 27774.60626362 1
451 1 14003.64485901 1
452 0 -20665.74321893 0
453 0 -26779.08640080 0
454 1 23102.34911856 1
455 1 20517.87161510 1
456 0 -34710.44461095 0
457 1 15983.81903315 1
458 0 -35499.21694017 0
459 1 20281.83439310 1
460 1 19743.17690492 1
461 0 -44166.43961268 0
462 1 21777.74412053 1
463 1 18598.11573227 1
464 0 -29746.72725821 0
465 0 -41466.76785586 0
466 1 23409.23478327 1
467 0 -18902.40556490 0
468 0 -35135.05494986 0
469 0 -29598.14328502 0
470 1 36491.56511606 1
471 1 28865.07397252 1
472 0 -26340.64453545 0
473 0 -23823.34412325 0
474 0 -25992.19209168 0
475 0 -35010.10896477 0
476 1 19453.09448306 1
477 0 -30164.90359304 0
478 0 -23759.80016401 0
479 0 -28882.87292240 0
480 0 -27707.96676071 0
481 0 -11908.97786258 0
482 1 37091.38645124 1
483 1 20041.97700486 1
484 1 19201.07548137 1
485 0 -26745.73284880 0
486 1 31768.92209670 1
487 0 -29538.79187442 0
488 1 9133.33708810 1
489 0 -33843.58435967 0
490 0 -19787.90641902 0
491 1 39034.66367602 1
492 1 24043.06498390 1
493 1 25164.99533640 1
494 1 24168.73019450 1
495 1 38031.62859084 1
496 0 -26868.05800122 0
497 0 -18446.34450761 0
498 1 26941.35525959 1
499 1 26072.41823653 1
500 1 27200.78025632 1
501 0 -23400.84865297 0
502 1 18038.64421045 1
503 0 -37705.26602344 0
504 1 23215.30789279 1
505 1 32203.80183060 1
506 0 -30954.53439303 0
507 1 28702.68576329 1
508 1 23102.55357589 1
509 1 -5116.77848347 0
510 0 14522.43991648 1
511 1 29568.07290262 1
512 0 -18628.20466587 0
513 0 -25735.77406030 0
514 0 -12089.18339449 0
515 0 -21858.58056193 0
516 0 -33636.71868194 0
517 1 25487.50118468 1
518 1 21870.29530855 1
519 1 31019.57228753 1
520 1 26424.97076477 1
521 0 -31920.65295931 0
522 1 24440.03661565 1
523 1 27660.53315024 1
524 0 -27859.52703883 0
525 0 -40603.62868606 0
526 0 -23026.56879828 0
527 1 26830.32046570 1
528 1 38346.34761235 1
529 1 26226.05635867 1
530 0 -15400.92540706 0
531 1 8529.47466621 1
532 1 25983.84438800 1
533 0 -25235.89693735 0
534 1 32543.60904975 1
535 1 15247.81807046 1
536 0 -32344.23742539 0
537 0 -24648.41810857 0
538 1 17955.21774276 1
539 1 21133.96770747 1
540 0 -6752.33768032 0
541 0 -22537.72219778 0
542 1 27968.39401723 1
543 1 19527.03414689 1
544 1 32234.97436761 1
545 0 -20683.27274915 0
546 1 18950.30245429 1
547 1 26941.59226722 1
548 0 -26321.57483270 0
549 1 33394.83058937 1
550 1 24910.82196897 1
551 1 36033.11075481 1
552 0 -27396.44523819 0
553 1 20739.80134441 1
554 1 20192.11992303 1
555 1 34960.62101438 1
556 0 -11439.02814540 0
557 1 28714.35482509 1
558 1 14299.55057362 1
559 1 20019.42346909 1
560 1 17981.79007099 1
561 0 -24978.14423140 0
562 1 34564.17349570 1
563 1 20636.24178554 1
564 0 -31871.54472428 0
565 1 31586.56124105 1
566 0 -10981.02930689 0
567 1 28326.81868727 1
568 1 23387.21677239 1
569 1 33234.11562170 1
570 0 -12544.83052733 0
571 0 -23795.58018158 0
572 0 -28231.26711940 0
573 0 -23686.30267274 0
574 0 -24255.15655411 0
575 1 26360.86458208 1
576 1 26549.57047901 1
577 1 25597.60209783 1
578 1 40847.69547466 1
579 0 -22296.16526684 0
580 0 -37337.42872825 0
581 0 -26944.11279203 0
582 1 18596.61622815 1
583 1 24191.54197409 1
584 1 25496.87695631 1
585 0 -18861.59306212 0
586 1 35547.50980057 1
587 1 38372.90384762 1
588 0 -22692.13217922 0
589 1 12367.51984060 1
590 1 22915.91690879 1
591 0 -19817.62335446 0
592 0 -25329.66447330 0
593 0 -20782.55740653 0
594 1 29604.11602545 1
595 1 19566.33637681 1
596 0 -21831.88615259 0
597 1 24286.58824058 1
598 1 34955.29515287 1
599 1 22627.65424055 1
600 1 35317.02225164 1
601 0 -22469.14053870 0
602 0 -24299.58877027 0
603 0 -22673.26518005 0
604 1 36882.32573973 1
605 0 -20751.70139207 0
606 0 -9950.81331978 0
607 0 -12353.91180852 0
608 0 -13824.53575462 0
609 1 22288.36837967 1
610 0 -21220.00318170 0
611 1 16691.75917875 1
612 0 -31101.55480720 0
613 0 -19210.16389121 0
614 0 -24341.20292518 0
615 1 33289.36085943 1
616 0 -27979.03819591 0
617 0 -32484.55452663 0
618 1 27110.74020540 1
619 0 -24129.41486393 0
620 0 -24779.75708093 0
621 1 36276.28645535 1
622 0 -15319.90296978 0
623 0 -18274.66585186 0
624 0 -20018.25008005 0
625 0 -28933.80516175 0
626 0 -28861.98086034 0
627 1 20664.08122414 1
628 0 -18348.56384263 0
629 0 -17275.93389796 0
630 1 33577.32456116 1
631 1 12097.65880141 1
632 0 -10722.79586261 0
633 0 -20325.95769296 0
634 1 25779.62575796 1
635 0 -24557.43143824 0
636 1 24367.05747277 1
637 0 -23904.62077137 0
638 0 -9961.97992662 0
639 1 26005.22419642 1
640 0 -16402.88568665 0
641 0 -24113.88797329 0
642 1 26113.30204950 1
643 0 -9312.51193433 0
644 1 21914.37066766 1
645 1 13940.11361906 1
646 1 39768.72070724 1
647 0 -26917.48923061 0
648 1 21844.28135630 1
649 0 -25869.01202459 0
650 1 25399.39794195 1
651 0 -20964.74804702 0
652 1 20801.39894949 1
653 1 16099.29129407 1
654 1 20434.75946505 1
655 1 27435.68946302 1
656 1 21744.56341077 1
657 1 14656.91295068 1
658 0 -25918.02007048 0
659 0 -16782.25787487 0
660 1 15225.71229938 1
661 1 32517.10522064 1
662 1 18024.29201653 1
663 1 28114.94136332 1
664 1 22311.77099109 1
665 1 21483.50869006 1
666 1 20689.37318678 1
667 1 35808.40292405 1
668 1 3488.00111159 1
669 1 20012.53291589 1
670 1 16915.42404856 1
671 0 -33025.22437241 0
672 1 27515.48454292 1
673 1 29908.06549592 1
674 1 31012.78522655 1
675 1 12270.60884386 1
676 1 33172.87607491 1
677 1 29453.66091244 1
678 1 29539.30970084 1
679 0 -8632.54546781 0
680 1 31474.04988485 1
681 0 -23130.48277534 0
682 1 17697.04142851 1
683 0 -31584.98157645 0
684 1 25172.79582718 1
685 1 27210.11830173 1
686 1 22486.36973140 1
687 0 -11115.09778160 0
688 0 -15543.15720230 0
689 1 5112.94312890 1
690 0 -22494.54972354 0
691 0 -29192.36854276 0
692 1 29578.64025853 1
693 0 -21168.98486356 0
694 0 -17549.31904150 0
695 1 15221.10160322 1
696 0 -23783.41328772 0
697 1 27012.76711439 1
698 0 -21956.17970843 0
699 1 20709.21967586 1
700 0 -14064.38866174 0
701 0 -34426.23965122 0
702 1 22285.98539227 1
703 0 -36428.94727406 0
704 0 -24677.62865354 0
705 1 25342.23301634 1
706 1 24615.67917616 1
707 1 26959.94660829 1
708 1 24739.09581449 1
709 1 23866.81983867 1
710 0 -39442.58782722 0
711 0 -14004.81270896 0
712 0 -24007.40573381 0
713 1 35774.51747624 1
714 0 -18227.32011087 0
715 1 27729.81173059 1
716 0 -29164.73919510 0
717 1 25764.67726619 1
718 1 30551.03926454 1
719 1 30998.47863592 1
720 0 -13193.31359054 0
721 0 -34272.79574832 0
722 1 23841.78647252 1
723 1 13150.59032558 1
724 1 34796.63782024 1
725 0 -38217.90124428 0
726 1 15005.58523120 1
727 0 -18287.39769738 0
728 1 31976.48278072 1
729 1 28820.07267970 1
730 1 23461.35684607 1
731 1 16575.13819458 1
732 0 13963.42084184 1
733 0 -27167.48177591 0
734 0 -33335.42229887 0
735 1 24852.63813864 1
736 0 2335.31479940 1
737 1 25050.18076497 1
738 0 -31856.57007009 0
739 0 -21680.65126714 0
740 1 22812.51935308 1
741 0 -22698.51792833 0
742 1 25407.99254834 1
743 0 -17663.19138594 0
744 1 44507.34286339 1
745 0 -21398.09398064 0
746 1 21665.42550291 1
747 1 29011.16187899 1
748 1 14367.27276306 1
749 1 33702.31061962 1
750 1 20680.58445272 1
751 0 -24012.40461581 0
752 0 -13502.97754307 0
753 0 -25891.73884584 0
754 0 -21064.64319967 0
755 1 39098.27012946 1
756 1 20793.93847912 1
757 1 23391.23801051 1
758 1 31454.18382237 1
759 1 19393.87332496 1
760 1 27757.16220773 1
761 1 12357.41079701 1
762 0 9213.86073387 1
763 0 -28322.89551361 0
764 0 -17499.21799042 0
765 0 -22974.37505204 0
766 0 -12522.00982188 0
767 0 -15532.01139789 0
768 0 -21065.11986027 0
769 0 -4857.01587949 0
770 1 31509.63281000 1
771 1 14416.40560010 1
772 0 -27939.60779069 0
773 0 -7172.92077947 0
774 0 -27962.72958380 0
775 0 -12062.46378902 0
776 0 -36097.70258159 0
777 0 -18368.21088057 0
778 0 -5859.74771427 0
779 1 30195.59370072 1
780 1 35033.19243235 1
781 0 -23197.29480927 0
782 1 18711.65528169 1
783 0 -31140.39397191 0
784 0 -14328.63507502 0
785 0 -29309.33001577 0
786 1 17249.94475127 1
787 1 3678.34292686 1
788 1 34513.69759132 1
789 0 -22935.69652337 0
790 0 -18804.61400171 0
791 0 -26994.87465554 0
792 0 -16761.37021678 0
793 0 -23316.46036660 0
794 1 23523.68780289 1
795 0 -25664.70891695 0
796 0 -30547.11653190 0
797 0 -27144.62151620 0
798 0 -17822.44297983 0
799 0 -25578.24621525 0
800 0 -10075.18903223 0
801 1 27791.85380123 1
802 0 -35765.94321389 0
803 1 3856.55149873 1
804 0 -32667.44215072 0
805 1 26687.22453224 1
806 0 -25900.03928886 0
807 0 -23640.72988797 0
808 0 -33289.73098811 0
809 1 32239.26204058 1
810 1 23285.22468540 1
811 0 -26898.12958251 0
812 1 17444.15541089 1
813 0 -14075.76771482 0
814 1 19656.86928388 1
815 1 28420.82108970 1
816 0 -13398.77795525 0
817 0 -39802.24917467 0
818 1 24438.86863585 1
819 1 11457.56330305 1
820 1 17128.86146458 1
821 1 12497.87817775 1
822 1 34096.35532386 1
823 0 -16949.56729111 0
824 0 -20182.12968727 0
825 1 1671.84882073 1
826 1 32601.64523445 1
827 1 16075.76048614 1
828 1 18640.92451005 1
829 1 22934.56204075 1
830 0 -21458.70618966 0
831 1 21834.81939885 1
832 0 -22152.03290953 0
833 1 24735.37512757 1
834 0 -13782.43706837 0
835 1 22062.52053743 1
836 1 26820.11647258 1
837 1 22952.62407075 1
838 0 -17992.07011036 0
839 1 17304.74822951 1
840 0 -35361.87722057 0
841 1 15316.88128547 1
842 0 -20503.13564077 0
843 0 -28186.19717472 0
844 0 -29514.60976139 0
845 0 -22223.67334712 0
846 0 -30225.39982689 0
847 1 27477.35317099 1
848 1 17436.01724083 1
849 0 -8752.51157282 0
850 1 14093.48557569 1
851 1 25016.13270112 1
852 0 -28321.36394277 0
853 0 -24466.02332894 0
854 0 -20369.38994081 0
855 0 -15522.19310773 0
856 0 -14438.77817640 0
857 0 -15257.39779899 0
858 0 -38643.65068118 0
859 1 22257.10793927 1
860 1 22468.22343834 1
861 0 -14742.15938197 0
862 1 20018.21818751 1
863 1 17519.66565386 1
864 0 -18926.78848227 0
865 1 18175.55644108 1
866 1 15345.47460690 1
867 0 -978.91222481 0
868 0 -15593.64256037 0
869 0 -22909.14019122 0
870 1 16192.46490489 1
871 1 14177.46157339 1
872 1 33460.78736657 1
873 1 19335.66618418 1
874 0 -38667.48275827 0
875 0 -26607.12496558 0
876 0 -24353.32832451 0
877 1 21796.80825644 1
878 0 -15021.29899819 0
879 1 29261.86585383 1
880 1 12902.85513590 1
881 0 -29607.36708481 0
882 1 11629.98472243 1
883 1 30180.80765105 1
884 1 18455.14793114 1
885 0 -24169.42731455 0
886 1 10699.81397496 1
887 0 -22067.87997073 0
888 0 -19352.91538268 0
889 0 -19916.21783840 0
890 1 20795.41980899 1
891 1 14006.57445835 1
892 0 -23022.23285813 0
893 0 -27462.11426428 0
894 0 -22616.06594975 0
895 0 -24430.59717185 0
896 0 -18618.63536364 0
897 1 19566.48121046 1
898 1 24738.31072352 1
899 1 24780.79270357 1
900 1 27648.12075422 1
901 1 17611.04775476 1
902 0 -25890.55267704 0
903 1 20505.98361903 1
904 1 22769.47381115 1
905 1 19571.47050101 1
906 1 28553.65079665 1
907 1 31459.91220747 1
908 1 32680.70982620 1
909 1 20657.94460689 1
910 1 41622.18233135 1
911 0 -16390.46457014 0
912 0 -14454.48646263 0
913 0 -23716.93235497 0
914 1 18221.87493914 1
915 0 -27685.93619295 0
916 0 -2419.49382330 0
917 0 -9152.05620043 0
918 1 26978.57631706 1
919 1 22985.44621350 1
920 1 18294.11934396 1
921 1 29760.21371800 1
922 0 -19048.80499248 0
923 1 26720.39657876 1
924 1 37859.08847445 1
925 1 11831.05585954 1
926 1 24627.78747428 1
927 1 23529.50369786 1
928 0 -18212.92757872 0
929 1 30151.02595415 1
930 0 -25739.53195625 0
931 1 29565.30256905 1
932 0 -32018.97707127 0
933 0 -23612.03827941 0
934 1 22551.30857600 1
935 1 26984.27942103 1
936 0 -19899.34800243 0
937 1 20734.34075709 1
938 0 -23882.36154866 0
939 0 -27371.92224935 0
940 0 -23470.90076164 0
941 1 12451.19968427 1
942 0 -3488.00111159 0
943 1 11059.78667470 1
944 0 -17249.86588670 0
945 0 -15803.08911139 0
946 1 27284.29776471 1
947 1 24531.46707625 1
948 1 28915.67114952 1
949 0 -19544.90197625 0
950 1 25705.33660493 1
951 1 43832.99411614 1
952 0 -27045.44625716 0
953 1 3194.59770402 1
954 1 25069.82507544 1
955 1 45656.39323476 1
956 0 -28407.23653176 0
957 0 -15705.43662408 0
958 0 -16790.60854040 0
959 0 -22539.27200727 0
960 1 22242.44802264 1
961 1 25563.99913183 1
962 0 -11875.01586024 0
963 1 27241.80798243 1
964 0 -18949.95053758 0
965 0 -18665.09328502 0
966 1 29436.45578820 1
967 1 30741.98041490 1
968 0 -25833.60414666 0
969 1 31273.23384227 1
970 1 30067.29009085 1
971 0 -21806.12674656 0
972 1 13275.38695146 1
973 0 -22970.33322050 0
974 0 -7608.61527776 0
975 1 25430.82438158 1
976 0 -27611.94550751 0
977 0 -31644.89538513 0
978 1 23041.16364537 1
979 1 31668.89252074 1
980 1 20305.41167099 1
981 0 -29731.64516062 0
982 1 31014.96495246 1
983 1 19786.73399159 1
984 1 20074.67370211 1
985 1 26355.64727924 1
986 1 26775.29616311 1
987 0 -19551.05942031 0
988 1 26510.93886325 1
989 0 -24772.84986958 0
990 1 23146.56913989 1
991 1 16554.64120703 1
992 0 -28452.61743321 0
993 1 38743.49465945 1
994 0 -22990.76952417 0
995 0 -26195.72089351 0
996 0 1809.52907423 1
997 0 -27803.61728867 0
998 0 -30928.71725347 0
999 0 -12158.97534790 0
1000 1 27091.31423517 1
1001 0 -26940.69758910 0
1002 1 29954.16593980 1
1003 0 -12974.55890927 0
1004 0 -40367.22730927 0
1005 1 10910.90135843 1
1006 0 -31559.54315844 0
1007 0 -27361.04952984 0
1008 0 -19793.11305403 0
1009 1 29882.42128749 1
1010 0 -18901.86556694 0
1011 1 30839.16565525 1
1012 0 -18855.28537070 0
1013 1 36585.13356061 1
1014 1 26900.04812507 1
1015 0 -33135.01634942 0
1016 1 16121.68170389 1
1017 1 25430.12024122 1
1018 0 -31300.61302220 0
1019 1 19751.95512611 1
1020 1 29755.70007714 1
1021 0 -16615.44026081 0
1022 0 -23323.75792846 0
1023 0 -21262.72114800 0
1024 0 -13368.59156570 0
1025 1 21798.45397230 1
1026 1 11093.98963198 1
1027 1 37311.85674985 1
1028 0 -26920.18311532 0
1029 0 -27178.27107877 0
1030 0 -24937.11494798 0
1031 1 28538.19729437 1
1032 1 30253.59284120 1
1033 1 15479.53678516 1
1034 1 34096.26564389 1
1035 1 26545.52430436 1
1036 0 -29231.86771822 0
1037 1 23730.68786857 1
1038 0 -35744.02524354 0
1039 0 -42247.99949347 0
1040 1 35930.28963972 1
1041 1 29064.15924114 1
1042 1 28520.21861429 1
1043 1 20434.25249878 1
1044 0 -20825.27069165 0
1045 1 35388.45723837 1
1046 0 -22919.67569914 0
1047 1 19218.54170463 1
1048 0 -34598.46190883 0
1049 0 -14448.85171647 0
1050 1 28149.72534872 1
1051 1 16852.02527066 1
1052 0 -16787.16412636 0
1053 0 -27492.15302672 0
1054 0 -24200.31146966 0
1055 0 -15164.28185290 0
1056 0 -26837.74578186 0
1057 1 552.80829031 1
1058 1 21529.91578095 1
1059 1 26444.02605093 1
1060 0 -20536.56979912 0
1061 0 -15095.08548381 0
1062 0 -28911.30193168 0
1063 0 -22729.37035583 0
1064 1 34532.58567310 1
1065 0 -18012.78245717 0
1066 1 23321.54477004 1
1067 0 -26508.02626505 0
1068 0 -23064.92894377 0
1069 0 -22711.52090664 0
1070 0 -32408.17227594 0
1071 1 30603.91693214 1
1072 0 -17811.88239083 0
1073 1 17426.79762727 1
1074 0 -21873.83052980 0
1075 0 -27751.49454387 0
1076 1 22076.64994568 1
1077 0 -31087.56173295 0
1078 1 24410.72830019 1
1079 1 16249.70659181 1
1080 0 -15967.30435005 0
1081 1 29335.76403976 1
1082 0 -22833.29994386 0
1083 0 -24957.98291356 0
1084 0 -22054.35598752 0
1085 0 -25074.19886847 0
1086 0 -29204.99815293 0
1087 0 -20608.15668155 0
1088 0 -15713.26805199 0
1089 0 -19624.16848328 0
1090 0 -22490.55194384 0
1091 0 -26972.97355132 0
1092 1 29997.09923168 1
1093 0 -27528.53839604 0
1094 0 -31033.28266284 0
1095 1 25142.47160538 1
1096 1 28839.37336076 1
1097 1 11444.10030609 1
1098 0 -24374.63526687 0
1099 1 26282.03387051 1
1100 0 -35841.91195071 0
1101 0 -22960.03375842 0
1102 0 -13098.21897126 0
1103 1 20553.43453960 1
1104 1 14705.46754338 1
1105 0 -32482.93749395 0
1106 1 43310.04883573 1
1107 0 -38714.49619818 0
1108 0 -25529.65287834 0
1109 0 -22016.87980401 0
1110 1 39742.90110547 1
1111 0 -31606.60166792 0
1112 0 -24996.34698152 0
1113 1 23191.71719783 1
1114 1 10340.72477714 1
1115 1 23887.25756596 1
1116 1 18694.43624531 1
1117 1 22938.46185818 1
1118 1 32258.78454138 1
1119 0 -16387.94354862 0
1120 1 27411.46771445 1
1121 0 -17465.02570120 0
1122 1 23173.30234246 1
1123 0 -18897.17820551 0
1124 1 18634.43291740 1
1125 0 -22183.79744744 0
1126 1 21586.85020486 1
1127 1 27024.42684740 1
1128 0 -20070.88398377 0
1129 1 31422.40472185 1
1130 1 25292.38523846 1
1131 0 -20725.44481938 0
1132 0 -36006.96492549 0
1133 0 -2807.71485049 0
1134 0 -30551.32372426 0
1135 0 -16197.52542084 0
1136 0 -28774.58448592 0
1137 1 36794.97231088 1
1138 1 21171.23130533 1
1139 0 -26986.18274791 0
1140 1 19314.37543817 1
1141 1 15284.02705193 1
1142 0 -22808.41905450 0
1143 0 -23941.26089514 0
1144 0 -16251.95469630 0
1145 0 -27379.32834539 0
1146 1 25352.04658529 1
1147 1 10987.14594918 1
1148 1 10561.35675807 1
1149 0 -25146.21187628 0
1150 0 -34389.55142346 0
1151 0 -38973.77516540 0
1152 1 14421.89844219 1
1153 1 26768.00247603 1
1154 1 8313.29986223 1
1155 0 -25608.59609661 0
1156 1 30172.29136262 1
1157 0 -29412.08194109 0
1158 1 11920.74986512 1
1159 1 17263.38982770 1
1160 0 -27823.27214302 0
1161 1 36557.46357935 1
1162 1 27789.36033235 1
1163 1 27338.94076497 1
1164 1 19404.57612614 1
1165 0 -21433.73598439 0
1166 1 26827.27245278 1
1167 1 29783.00633244 1
1168 0 -27905.85810298 0
1169 0 -19680.75051378 0
1170 1 31031.84598327 1
1171 0 -23616.39977643 0
1172 0 -26010.89069397 0
1173 1 26097.23140071 1
1174 0 -22860.09999795 0
1175 1 25411.78524308 1
1176 0 -23479.70872785 0
1177 1 26042.05215908 1
1178 1 32168.20531951 1
1179 1 9337.77121694 1
1180 0 -25069.07934426 0
1181 0 -38185.79065501 0
1182 1 32923.94298215 1
1183 1 25658.32642936 1
1184 0 -20713.27971481 0
1185 1 20688.10654149 1
1186 0 -21774.50745176 0
1187 1 20593.36317827 1
1188 0 -32487.78459602 0
1189 0 -28540.79037777 0
1190 1 25724.69497698 1
1191 0 -23772.96256307 0
1192 0 -35966.76680270 0
1193 0 -26503.69756804 0
1194 0 -36465.53527455 0
1195 1 8077.28834691 1
1196 1 26143.70706039 1
1197 1 24478.01261807 1
1198 0 -22446.62187318 0
1199 0 -24783.57632042 0
1200 0 -18771.10839032 0
1201 1 18070.41296259 1
1202 1 17564.08404726 1
1203 0 -17830.35854521 0
1204 1 18596.58208436 1
1205 0 -27148.12707069 0
1206 0 -19790.92002306 0
1207 0 -17824.17777228 0
1208 1 24886.76963866 1
1209 1 35591.20758140 1
1210 0 -27749.51535909 0
1211 0 -32450.84220520 0
1212 0 -28774.77597742 0
1213 0 -4736.82372930 0
1214 0 -30484.56053413 0
1215 0 -31687.64552260 0
1216 1 25844.13422122 1
1217 0 -6385.96953814 0
1218 0 -22949.97771981 0
1219 1 27825.02424815 1
1220 1 25279.39926924 1
1221 1 15158.14295749 1
1222 1 27159.37022207 1
1223 1 26867.61502551 1
1224 0 -30597.30627947 0
1225 0 -27983.12138185 0
1226 0 -23087.69377868 0
1227 0 -29778.46255995 0
1228 0 -17423.39003512 0
1229 0 -22625.47057693 0
1230 1 15964.68787011 1
1231 0 -18253.04783134 0
1232 1 23948.54920420 1
1233 1 23209.44380417 1
1234 0 -22118.59863179 0
1235 0 -19417.14517847 0
1236 1 31413.70388967 1
1237 0 -17417.45662795 0
1238 0 -18748.91832522 0
1239 1 27469.15544796 1
1240 0 -36302.73309616 0
1241 0 -28604.71151245 0
1242 0 -18351.58891926 0
1243 1 21082.84022155 1
1244 1 30527.26309682 1
1245 1 33319.71718090 1
1246 1 33154.39322921 1
1247 0 -25552.14005294 0
1248 1 35967.33495812 1
1249 0 -14984.81624652 0
1250 0 -23011.65974883 0
1251 0 -17827.39948306 0
1252 1 28065.49113361 1
1253 1 29863.77099346 1
1254 1 26816.47678405 1
1255 0 -22988.49161667 0
1256 1 25300.43425048 1
1257 0 -12913.96788139 0
1258 1 18899.32408359 1
1259 0 -4606.72151169 0
1260 0 -30801.14751718 0
1261 1 30725.55016436 1
1262 0 -28459.07451376 0
1263 0 -7015.26778616 0
1264 0 -27464.14154433 0
1265 1 22366.84592212 1
1266 0 -27128.23110727 0
1267 1 11475.92215020 1
1268 1 19942.85474589 1
1269 1 31657.28070844 1
1270 1 22470.02243735 1
1271 1 21883.85013677 1
1272 1 21463.07086303 1
1273 0 -21181.72423224 0
1274 0 -13604.50428161 0
1275 1 30663.01379065 1
1276 1 9020.74846939 1
1277 0 -6206.34641946 0
1278 0 -17590.21766507 0
1279 0 -16610.67577521 0
1280 0 -16936.62995548 0
1281 0 -18866.47106081 0
1282 0 -23715.40756146 0
1283 1 25213.00356491 1
1284 0 -11806.63056833 0
1285 0 -16809.83145443 0
1286 0 -20008.96509587 0
1287 0 -11554.52719524 0
1288 1 25400.36629766 1
1289 0 -20647.25107344 0
1290 0 -29924.48078818 0
1291 1 20059.98608349 1
1292 1 20755.26996873 1
1293 0 -20519.44427887 0
1294 0 -25177.16379344 0
1295 1 16689.84759512 1
1296 1 28054.01685638 1
1297 1 27169.51563267 1
1298 1 12723.28006162 1
1299 0 -23276.53211282 0
1300 1 23920.41446860 1
1301 0 -24799.01137993 0
1302 1 16045.81217502 1
1303 1 18075.05357910 1
1304 1 16474.06172040 1
1305 0 -35457.39591308 0
1306 0 -33712.30136802 0
1307 1 30762.93518786 1
1308 1 16854.77078758 1
1309 0 -18989.71815955 0
1310 0 -19772.74461938 0
1311 1 26468.14054091 1
1312 1 24225.85260244 1
1313 0 -29495.22886717 0
1314 1 16772.33294861 1
1315 1 18171.31970185 1
1316 1 25603.04047292 1
1317 0 -34992.05621878 0
1318 1 33317.97949235 1
1319 0 -27856.14380468 0
1320 0 -21324.38040317 0
1321 0 -21370.23414016 0
1322 1 23415.99619078 1
1323 0 -27256.43011527 0
1324 1 36775.18412711 1
1325 0 -28603.30113609 0
1326 0 -11234.06045428 0
1327 0 -21123.70480664 0
1328 0 -22462.99249746 0
1329 1 27101.53777674 1
1330 1 20631.42988272 1
1331 1 17365.20353178 1
1332 0 -44573.52798229 0
1333 1 18828.91475135 1
1334 1 7427.35415190 1
1335 0 -28234.28330080 0
1336 0 -14832.91836585 0
1337 0 -29198.08484989 0
1338 0 -19446.31926289 0
1339 1 33014.77830339 1
1340 1 12884.13841879 1
1341 1 26875.86647723 1
1342 1 22736.93547418 1
1343 0 -32662.58146517 0
1344 1 20438.97720409 1
1345 1 12476.05636606 1
1346 0 -26845.02947313 0
1347 1 17563.05945989 1
1348 1 27622.47334421 1
1349 0 -19316.91455396 0
1350 1 16647.27424607 1
1351 0 -20263.47537616 0
1352 1 24661.78468390 1
1353 0 -25716.95215686 0
1354 0 -30623.08229947 0
1355 1 10373.48617991 1
1356 0 -26429.21269160 0
1357 1 13734.26009923 1
1358 0 -21144.16725738 0
1359 0 -20241.51157198 0
1360 1 29313.38817307 1
1361 1 6500.87426992 1
1362 1 19522.02908967 1
1363 0 -20373.99009241 0
1364 1 14141.59787606 1
1365 1 22635.12111969 1
1366 1 26244.70256313 1
1367 1 32994.10155297 1
1368 0 -29870.64522171 0
1369 0 -16346.52849374 0
1370 0 -31652.72479831 0
1371 1 18847.80375129 1
1372 0 -27952.59693869 0
1373 1 26088.79499105 1
1374 1 30857.77283395 1
1375 1 24713.05193976 1
1376 0 -25465.52881647 0
1377 0 -16016.06681944 0
1378 0 -31947.93536032 0
1379 1 15737.83302753 1
1380 0 -15928.56999355 0
1381 1 16146.96935515 1
1382 1 22355.23631525 1
1383 0 -25335.31946872 0
1384 1 20528.14288988 1
1385 0 -21264.29630573 0
1386 0 -23153.37555726 0
1387 1 23637.73657178 1
1388 0 -26333.94142770 0
1389 0 -25784.24955825 0
1390 1 13301.29372441 1
1391 0 -19801.31943869 0
1392 1 36597.81302548 1
1393 1 22523.77498423 1
1394 1 33450.60388160 1
1395 0 -25119.44668290 0
1396 0 -17260.16313174 0
1397 1 31113.00509302 1
1398 0 -15568.64753164 0
1399 0 -27729.30986224 0
1400 1 27290.86549720 1
1401 1 24765.05056003 1
1402 0 -23789.13219223 0
1403 1 20684.63030261 1
1404 1 19673.70166825 1
1405 1 16496.74856763 1
1406 0 -21040.21069714 0
1407 0 -28387.41692487 0
1408 1 23078.38472297 1
1409 1 19361.80844410 1
1410 0 -24143.79990217 0
1411 1 40048.21582532 1
1412 1 26227.58314380 1
1413 0 -22342.66113825 0
1414 0 -12097.79989800 0
1415 0 -24129.48408916 0
1416 0 -30234.46464652 0
1417 1 33104.48230276 1
1418 1 20139.33583251 1
1419 0 -25299.25605284 0
1420 0 -29021.99970576 0
1421 1 22065.19965821 1
1422 1 11010.80935320 1
1423 1 28708.11964570 1
1424 1 26364.89618052 1
1425 1 23445.64180062 1
1426 0 -27153.63391072 0
1427 0 -27447.12972132 0
1428 0 -23239.46519824 0
1429 1 22201.80309835 1
1430 0 -30479.77431305 0
1431 0 -22013.44498423 0
1432 1 18362.27798562 1
1433 0 -26297.22777567 0
1434 0 -17593.55645465 0
1435 1 26233.09750778 1
1436 1 37464.47189528 1
1437 1 19736.54773908 1
1438 0 -29198.69202326 0
1439 1 17448.18703061 1
1440 0 -24229.75625253 0
1441 0 -30787.80078197 0
1442 1 20077.73741170 1
1443 1 5170.59094902 1
1444 0 -22356.33812360 0
1445 1 -23382.32197996 0
1446 1 20930.44394517 1
1447 1 21088.32664920 1
1448 1 29249.71872332 1
1449 1 27751.00772644 1
1450 1 24613.28184391 1
1451 1 22590.66630719 1
1452 0 -25215.82960647 0
1453 0 -33690.50519075 0
1454 0 -34481.63134785 0
1455 0 -30724.66143866 0
1456 1 29016.73737482 1
1457 0 -28602.30260463 0
1458 0 -16101.21991618 0
1459 0 -27654.36991563 0
1460 0 -21399.52208803 0
1461 0 -6182.88941405 0
1462 0 -32265.02638939 0
1463 0 -20193.34885652 0
1464 0 -16163.39118124 0
1465 1 21855.71711522 1
1466 0 -20638.17773470 0
1467 0 -25677.40316806 0
1468 1 11288.02709132 1
1469 1 35038.38798932 1
1470 0 -4435.82060372 0
1471 1 26472.62247447 1
1472 1 28602.42524143 1
1473 1 28124.27529833 1
1474 0 -28935.68677912 0
1475 1 27175.40727349 1
1476 0 -16479.42562941 0
1477 1 16542.00839748 1
1478 0 -29850.20344459 0
1479 1 31382.84847071 1
1480 0 -552.80829031 0
1481 1 23367.76053856 1
1482 1 22663.81302987 1
1483 0 -32719.67984796 0
1484 1 25313.50640857 1
1485 1 26471.51831168 1
1486 1 20398.28533524 1
1487 0 -25353.71516611 0
1488 1 18444.18505506 1
1489 1 14739.18691376 1
1490 1 26639.59738211 1
1491 0 -28807.80188799 0
1492 0 -22745.04685115 0
1493 1 -1214.40509280 0
1494 1 24141.75296038 1
1495 1 6618.02340375 1
1496 1 30995.63217634 1
1497 0 -16579.80734806 0
1498 1 25655.35565254 1
1499 1 35190.23659501 1
1500 1 33893.03222236 1
1501 0 -30780.61750473 0
1502 1 22490.08951472 1
1503 0 -21656.07569190 0
1504 0 -24797.49142727 0
1505 0 -31934.71323357 0
1506 1 21130.53018989 1
1507 0 -28432.59007348 0
1508 0 -37668.28910737 0
1509 0 -21504.94186952 0
1510 0 -15850.12936022 0
1511 0 518.64967365 1
1512 1 25423.70154760 1
1513 0 -30925.77050100 0
1514 1 30724.93520331 1
1515 0 -17392.37754603 0
1516 0 -20965.51275454 0
1517 0 -16066.11891990 0
1518 1 26373.26358211 1
1519 0 -26712.05313247 0
1520 0 -15853.39489773 0
1521 1 26744.56665443 1
1522 0 -30137.70523693 0
1523 1 28099.51324462 1
1524 0 -36900.36369875 0
1525 0 -20620.32227961 0
1526 1 27608.55973692 1
1527 1 28486.11542189 1
1528 0 -35734.82946252 0
1529 0 -29938.14844490 0
1530 1 25389.08261785 1
1531 0 -25629.81739066 0
1532 1 24590.27310668 1
1533 1 25841.01111159 1
1534 1 18152.47874483 1
1535 1 35917.24879566 1
1536 1 28168.63805900 1
1537 0 -26774.59460751 0
1538 0 -24155.77047705 0
1539 0 -14799.40659516 0
1540 1 22210.14251713 1
1541 1 19258.64351000 1
1542 1 25543.42886051 1
1543 1 24928.51836542 1
1544 1 13323.99389291 1
1545 1 17911.45265910 1
1546 0 -24806.91463743 0
1547 1 23294.62796308 1
1548 1 16384.04462625 1
1549 1 29326.90327982 1
1550 1 23754.33652331 1
1551 1 19998.99302592 1
1552 0 -23109.10657048 0
1553 1 18859.28595872 1
1554 1 25102.05917019 1
1555 1 39470.85012062 1
1556 1 26620.55193690 1
1557 0 -25804.48183845 0
1558 1 28296.95175599 1
1559 0 -36329.45082790 0
1560 0 -37280.19548662 0
1561 1 25754.51004503 1
1562 1 25182.91792690 1
1563 1 22278.80818358 1
1564 0 -25993.39190843 0
1565 0 -32148.43451724 0
1566 0 -37347.39050802 0
1567 1 44108.18665953 1
1568 0 -23460.70911093 0
1569 0 -26491.33597920 0
1570 0 -20469.65110266 0
1571 1 33189.51001688 1
1572 0 -11233.67310302 0
1573 1 29557.40560182 1
1574 0 -29084.62473472 0
1575 0 -30453.10062888 0
1576 0 -24042.79303079 0
1577 1 20434.73221187 1
1578 1 33665.06755359 1
1579 0 -21968.87616297 0
1580 0 -27339.41045699 0
1581 1 28651.63027517 1
1582 0 -24566.11106646 0
1583 0 -41937.80301775 0
1584 1 27326.39084770 1
1585 1 20441.80822016 1
1586 0 -25663.34959220 0
1587 1 17886.84383959 1
1588 0 -19417.76078987 0
1589 1 21099.97856290 1
1590 0 -31156.19232064 0
1591 0 -26974.92094028 0
1592 1 33786.83174786 1
1593 1 23689.37815549 1
1594 0 -23340.01365239 0
1595 0 -23997.35126642 0
1596 1 25546.37448867 1
1597 1 37167.00795670 1
1598 0 -9728.25979466 0
1599 0 -19034.73200011 0
1600 1 23023.29609695 1
1601 1 28075.50194043 1
1602 0 -28703.26710171 0
1603 0 -19256.50699518 0
1604 0 -21763.73120515 0
1605 1 30741.27549792 1
1606 0 -21394.83851164 0
1607 0 -12983.89920845 0
1608 0 -18047.97048632 0
1609 1 11171.16117299 1
1610 0 -28817.11653769 0
1611 0 -22734.10019964 0
1612 1 18193.13677713 1
1613 0 -19933.02344666 0
1614 0 -22712.41766740 0
1615 1 21927.84324749 1
1616 1 21860.00019435 1
1617 0 -25417.51677438 0
1618 0 -18261.93983887 0
1619 1 29111.16665515 1
1620 1 18426.97470343 1
1621 0 -31670.63552146 0
1622 0 -27436.77613344 0
1623 0 -12107.32184379 0
1624 0 -19191.25681916 0
1625 1 27702.58749890 1
1626 0 -28892.28571316 0
1627 1 25903.78272634 1
1628 1 16890.80667119 1
1629 0 -29468.75310954 0
1630 1 23792.89466289 1
1631 1 28105.80705479 1
1632 0 -28484.44742793 0
1633 0 -25407.03841922 0
1634 1 24709.27509772 1
1635 1 20086.38372387 1
1636 1 24326.08717263 1
1637 1 31173.59658082 1
1638 1 28778.86437738 1
1639 1 29028.79018731 1
1640 0 -6988.46148875 0
1641 0 -22814.06807403 0
1642 0 -27882.21914443 0
1643 0 -21442.43803089 0
1644 1 28600.83823053 1
1645 0 -29068.97681319 0
1646 0 -22371.07130286 0
1647 0 -31643.35219451 0
1648 1 14430.78365587 1
1649 0 -17784.81938167 0
1650 0 -11499.91438306 0
1651 1 9639.87914289 1
1652 0 -33180.19297660 0
1653 1 31399.75839742 1
1654 0 -37913.25285904 0
1655 1 10927.64512638 1
1656 0 -21832.74328530 0
1657 0 -35047.80205138 0
1658 1 33484.23241720 1
1659 0 -18377.83745546 0
1660 1 18427.45847102 1
1661 1 25083.58577608 1
1662 1 26479.47603225 1
1663 1 27346.82768754 1
1664 0 -30676.36357792 0
1665 0 -14027.88658287 0
1666 1 15377.81733691 1
1667 0 -20804.58387090 0
1668 0 -29486.68790884 0
1669 0 -16632.23316987 0
1670 1 11988.84105593 1
1671 1 23534.74500305 1
1672 1 18441.16195782 1
1673 1 21487.76914816 1
1674 0 -24515.85462441 0
1675 0 -10033.67708950 0
1676 0 -15843.04812619 0
1677 1 19154.45361931 1
1678 1 24598.62787819 1
1679 0 -30663.20108192 0
1680 1 15453.87828918 1
1681 0 -20642.35564772 0
1682 0 -23559.71673765 0
1683 1 33475.81876284 1
1684 0 -33640.89854137 0
1685 0 -17312.45787506 0
1686 0 -23892.64000384 0
1687 1 14775.27709933 1
1688 1 30746.33045436 1
1689 0 -24646.60269962 0
1690 0 -32756.23793126 0
1691 1 -3845.53129868 0
1692 0 -14921.42977156 0
1693 1 18258.52122297 1
1694 1 24795.47616619 1
1695 1 21287.83841275 1
1696 0 -40238.30626141 0
1697 0 -22192.12825630 0
1698 0 -23611.71288577 0
1699 1 37638.04000029 1
1700 1 19081.54434692 1
1701 0 -34389.41858556 0
1702 1 24995.49884546 1
1703 0 -16060.89389684 0
1704 1 24289.65082486 1
1705 1 34533.03357053 1
1706 0 -13968.21590899 0
1707 0 -11190.51901258 0
1708 0 -25953.38979368 0
1709 1 34210.73414184 1
1710 0 -30067.46189092 0
1711 1 21769.10136179 1
1712 0 -27268.64126903 0
1713 1 27939.93389963 1
1714 1 36106.88849654 1
1715 1 32878.94982703 1
1716 1 13402.65004790 1
1717 1 32723.61669556 1
1718 1 16740.38100621 1
1719 1 20192.41928724 1
1720 0 -28726.42506104 0
1721 1 28693.25674435 1
1722 0 -30427.51072780 0
1723 1 14788.42955658 1
1724 0 -34859.31961470 0
1725 1 18448.57373661 1
1726 1 23190.97687720 1
1727 0 -28989.40341796 0
1728 0 -13060.97661653 0
1729 0 -33509.41096565 0
1730 0 -15434.40821970 0
1731 0 -41602.23996686 0
1732 0 -11924.83336012 0
1733 1 20247.56575431 1
1734 1 24225.94397126 1
1735 0 -28520.23419231 0
1736 0 -14494.20210896 0
1737 0 -29622.37908981 0
1738 0 -22000.88066994 0
1739 1 12518.57365980 1
1740 0 -34335.44454284 0
1741 0 -8854.02154184 0
1742 0 -11829.93321787 0
1743 0 -24241.26000598 0
1744 1 19983.57900805 1
1745 0 -13490.93540721 0
1746 1 26050.78763074 1
1747 0 -17575.95611470 0
1748 0 -16932.69564466 0
1749 1 24331.44112816 1
1750 1 25402.18374769 1
1751 1 31247.42709619 1
1752 1 25023.83633531 1
1753 0 -21808.68783182 0
1754 0 -17221.40352943 0
1755 0 -16099.87000140 0
1756 1 21093.00168896 1
1757 1 12848.30065417 1
1758 0 -7909.20182695 0
1759 0 -35918.40202696 0
1760 1 23503.50354886 1
1761 1 26310.87871247 1
1762 1 20858.80955266 1
1763 1 32015.98238170 1
1764 0 -30481.19966083 0
1765 1 24849.58860429 1
1766 1 25253.20348206 1
1767 0 -13514.81866538 0
1768 1 28464.05359765 1
1769 1 22432.23995059 1
1770 1 28863.69737487 1
1771 1 23484.91977966 1
1772 0 -17817.49753449 0
1773 1 26841.90923856 1
1774 1 26854.76113450 1
1775 0 -23531.13904219 0
1776 1 33681.02391385 1
1777 1 30131.31171303 1
1778 1 5367.55485660 1
1779 0 -19460.70053053 0
1780 0 -22178.92147021 0
1781 1 22535.16300088 1
1782 0 -32724.84615979 0
1783 0 -19225.82817552 0
1784 0 -28264.29892583 0
1785 1 32958.03407152 1
1786 0 -17535.49827691 0
1787 1 24965.35572840 1
1788 1 15391.10348605 1
1789 0 -33040.62651895 0
1790 0 -27138.85521710 0
1791 1 30033.88986970 1
1792 0 -18982.61161850 0
1793 1 21282.51601336 1
1794 0 -34086.34953270 0
1795 0 -39220.93519416 0
1796 0 -12535.47314098 0
1797 1 36960.57935320 1
1798 0 -22408.94026210 0
1799 1 29310.33255330 1
1800 1 27011.83105492 1
1801 1 30548.96186761 1
1802 0 -29362.25350023 0
1803 0 -27388.11580657 0
1804 0 -18621.23808895 0
1805 0 -22550.66777751 0
1806 1 33792.53053350 1
1807 1 32834.77798343 1
1808 0 -26225.14094953 0
1809 0 -30611.52994734 0
1810 1 17493.23353321 1
1811 0 -14194.07345872 0
1812 1 22447.32362144 1
1813 1 27668.81381017 1
1814 1 13955.96722649 1
1815 0 -23192.49928576 0
1816 1 -14511.37691510 0
1817 1 17949.85866992 1
1818 0 -34302.75885477 0
1819 1 21707.17227870 1
1820 1 35250.54427269 1
1821 0 -18536.84620359 0
1822 0 -16704.81961263 0
1823 0 -15165.49433937 0
1824 0 -8222.34779612 0
1825 0 -28021.41303215 0
1826 1 23093.62753300 1
1827 0 -28693.25072363 0
1828 0 -27732.32113446 0
1829 0 -14277.51986447 0
1830 0 -11812.86127683 0
1831 1 25509.45910290 1
1832 1 30425.32417602 1
1833 1 25431.32420112 1
1834 1 28020.61849855 1
1835 0 -17457.39605260 0
1836 1 9387.46562361 1
1837 0 -14873.95416323 0
1838 0 -34930.59933198 0
1839 1 20316.75713334 1
1840 0 -33257.78958274 0
1841 0 -20801.02622202 0
1842 1 25082.87446864 1
1843 0 -26869.46026116 0
1844 0 -25714.05813580 0
1845 0 -18496.19191212 0
1846 1 11611.74441585 1
1847 0 -27735.84979007 0
1848 0 -20804.41459500 0
1849 1 26433.63828386 1
1850 1 29369.08414674 1
1851 1 17033.91826600 1
1852 0 -24697.49527497 0
1853 1 24812.32147162 1
1854 1 37986.37798733 1
1855 1 25699.64387930 1
1856 0 -21671.22013602 0
1857 0 -32363.01003867 0
1858 1 20008.07691064 1
1859 0 -22791.92735809 0
1860 1 20133.18031788 1
1861 1 15371.94538635 1
1862 0 -12309.40681247 0
1863 0 -29768.65582710 0
1864 1 18252.38257305 1
1865 0 -33172.13038435 0
1866 0 -23749.34481737 0
1867 1 24301.38603125 1
1868 0 -26721.43049243 0
1869 1 22445.17695938 1
1870 1 28748.46025591 1
1871 1 9280.06345885 1
1872 1 13989.38737473 1
1873 1 22615.19718555 1
1874 0 -24580.77798212 0
1875 0 -23468.92591601 0
1876 1 21118.17721052 1
1877 0 -27579.95041812 0
1878 1 21249.87680371 1
1879 1 22063.59877593 1
1880 1 27531.91652929 1
1881 0 -11834.10899291 0
1882 0 -22471.87744096 0
1883 0 -21511.94542383 0
1884 1 12238.01317344 1
1885 0 -21659.88158201 0
1886 0 -37882.62357379 0
1887 0 -36526.00525603 0
1888 1 17813.46141854 1
1889 0 -22645.47855343 0
1890 1 28329.23325627 1
1891 1 25350.24761387 1
1892 1 11528.84218253 1
1893 1 22316.01467836 1
1894 1 10262.22965869 1
1895 0 -20235.69218555 0
1896 0 -12375.36271278 0
1897 1 33667.73741521 1
1898 0 -32408.66769345 0
1899 0 -23334.24370647 0
1900 1 24175.29826986 1
1901 1 29210.49096185 1
1902 1 25418.40317902 1
1903 1 30565.74890282 1
1904 1 19245.89185133 1
1905 0 -24728.91168861 0
1906 1 32762.54172489 1
1907 0 -34186.63418888 0
1908 0 -14718.93315597 0
1909 1 15496.21251468 1
1910 1 4049.25157531 1
1911 0 -29390.84555698 0
1912 0 -34716.67338267 0
1913 1 44697.16511501 1
1914 0 -28510.53500285 0
1915 0 -30329.80690914 0
1916 1 24520.09036446 1
1917 0 -22918.86549174 0
1918 1 27500.68619464 1
1919 0 -22841.07898624 0
1920 0 -21957.96749397 0
1921 1 21657.32305080 1
1922 1 17946.81578526 1
1923 1 21046.45893676 1
1924 1 19774.42988020 1
1925 0 -29899.85579113 0
1926 0 -15625.16030877 0
1927 0 -24139.22753234 0
1928 1 18596.07798591 1
1929 0 -16270.57205019 0
1930 0 -26722.68235170 0
1931 1 28360.07031125 1
1932 0 -30343.28016033 0
1933 1 10758.29819241 1
1934 1 30009.90088497 1
1935 0 -23390.76853616 0
1936 1 20877.55456100 1
1937 1 26883.95134534 1
1938 0 -22628.80966387 0
1939 0 -26689.92796948 0
1940 0 -9967.04386571 0
1941 0 -23037.38155010 0
1942 0 -23052.76212930 0
1943 1 34322.95152242 1
1944 1 34217.97863775 1
1945 1 26261.53343183 1
1946 1 18768.12503738 1
1947 1 29542.28314669 1
1948 1 27578.59465940 1
1949 0 -26793.05812972 0
1950 1 27720.10776093 1
1951 1 19242.16326013 1
1952 1 26923.31876442 1
1953 1 19666.68583200 1
1954 1 27193.34256062 1
1955 1 21702.00394724 1
1956 1 24020.39621927 1
1957 1 26792.51456802 1
1958 1 29029.47353974 1
1959 0 -39401.33169035 0
1960 1 23028.27857756 1
1961 0 -32498.70691449 0
1962 0 -33010.19160376 0
1963 1 18864.96711820 1
1964 0 -21197.14903010 0
1965 1 28382.14489964 1
1966 1 14571.06507057 1
1967 1 23394.21246550 1
1968 1 42427.62329417 1
1969 0 -19014.34376298 0
1970 1 21463.41718416 1
1971 0 -20833.82901272 0
1972 0 -23868.63137692 0
1973 1 20731.71395695 1
1974 1 20801.31058938 1
1975 1 24883.30869327 1
1976 0 -15052.68241874 0
1977 1 27466.34347483 1
1978 1 21380.38718506 1
1979 1 14852.22103888 1
1980 0 -26570.18513669 0
1981 1 19783.85678770 1
1982 1 32142.58812033 1
1983 1 20235.51732084 1
1984 0 -31301.39900488 0
1985 1 10232.42331422 1
1986 0 -24861.49363984 0
1987 1 19897.05246526 1
1988 1 24589.06886946 1
1989 1 34650.95899962 1
1990 0 -21953.26361080 0
1991 0 -38930.09831600 0
1992 1 21861.66814142 1
1993 0 -31459.34069415 0
1994 1 20923.45358040 1
1995 1 35495.99835967 1
1996 1 28458.93392660 1
1997 1 20568.87295127 1
1998 1 19911.91937229 1
1999 1 13817.18750631 1
2000 0 -21027.33768629 0
2001 1 21884.78101634 1
2002 0 -13009.95668459 0
2003 0 -34827.41972303 0
2004 0 -19643.16734519 0
2005 1 19344.07804624 1
2006 1 16470.44786876 1
2007 1 22641.48345949 1
2008 1 17151.77446131 1
2009 1 22245.71481042 1
2010 0 -22658.25611484 0
2011 1 24223.67563446 1
2012 1 29177.05590691 1
2013 0 -13188.98525836 0
2014 1 25620.48139694 1
2015 1 29868.14207524 1
2016 0 -40591.23534871 0
2017 0 -24993.90053783 0
2018 1 33646.52879288 1
2019 1 25901.79054354 1
2020 0 -36161.67576145 0
2021 0 -31233.23446286 0
2022 0 -24162.85458751 0
2023 1 24947.32129611 1
2024 0 -25224.58528428 0
2025 0 -37310.82519703 0
2026 1 8365.26319437 1
2027 0 -12203.69542378 0
2028 1 30256.60433516 1
2029 1 24912.22358218 1
2030 0 -22725.27075432 0
2031 0 -15832.89399920 0
2032 0 -4037.30212038 0
2033 1 20847.51938058 1
2034 0 -22982.61325662 0
2035 0 -14852.67054172 0
2036 0 -15469.06335964 0
2037 1 24077.32451207 1
2038 1 22834.36335511 1
2039 0 -28397.42246066 0
2040 0 -29173.29070844 0
2041 0 -20886.02069380 0
2042 0 -26083.53272421 0
2043 0 -15976.31563969 0
2044 1 28635.87876099 1
2045 0 -25271.63682051 0
2046 0 -23775.78633097 0
2047 0 -23089.98925755 0
2048 1 20576.64849876 1
2049 1 37819.82442924 1
2050 0 -24769.39816941 0
2051 1 26999.75605458 1
2052 0 -12931.89100207 0
2053 0 -9640.13996497 0
2054 1 20899.35932180 1
2055 1 27239.83998440 1
2056 0 -22692.08789392 0
2057 0 -30422.43256929 0
2058 0 -24951.97705635 0
2059 1 10511.94675612 1
2060 0 -28689.63423921 0
2061 0 -31243.72972826 0
2062 0 -23240.89986532 0
2063 1 25700.22598996 1
2064 1 26727.93227550 1
2065 1 22594.16096762 1
2066 1 29626.75591487 1
2067 0 -24400.98611877 0
2068 1 18417.16338229 1
2069 0 -18623.73208195 0
2070 0 -31305.31181164 0
2071 1 21912.79753797 1
2072 1 26505.15880598 1
2073 1 20629.67479771 1
2074 0 -20077.36248097 0
2075 0 -25466.85102019 0
2076 1 17538.76271468 1
2077 0 -13420.99484931 0
2078 1 26773.39346698 1
2079 0 -16781.67945117 0
2080 0 -34196.45192681 0
2081 0 -27013.82782217 0
2082 1 27386.25796378 1
2083 0 -24167.93477347 0
2084 1 15288.27536507 1
2085 0 -28444.91480960 0
2086 0 -34250.67207327 0
2087 1 39234.65555251 1
2088 0 -30091.26015553 0
2089 0 -27845.10564046 0
2090 1 21421.20269125 1
2091 0 -18382.91250892 0
2092 1 28224.05910827 1
2093 1 17473.47745201 1
2094 1 17559.84978625 1
2095 1 25755.81606106 1
2096 1 22726.91266352 1
2097 1 20724.42266076 1
2098 1 28145.41224329 1
2099 1 10753.15037331 1
2100 0 -21123.93347244 0
2101 0 -27884.68157776 0
2102 0 -18020.28145797 0
2103 0 -25160.12747692 0
2104 0 -25213.67726498 0
2105 0 -14694.26645820 0
2106 0 -6359.80067246 0
2107 0 -28986.66250865 0
2108 1 30082.93211637 1
2109 1 26876.28042734 1
2110 1 23341.75251581 1
2111 1 21075.20974526 1
2112 0 -35179.61705908 0
2113 0 -8686.68022837 0
2114 0 -30544.08920092 0
2115 1 20318.88268970 1
2116 0 -26790.48963739 0
2117 1 36745.84241622 1
2118 0 -29042.46606496 0
2119 0 -21310.40405998 0
2120 1 26315.04821907 1
2121 0 -27818.69272751 0
2122 1 20013.98102587 1
2123 1 30609.64094761 1
2124 0 -14923.80932341 0
2125 0 -28613.40524235 0
2126 0 -21124.75974989 0
2127 1 30279.71491836 1
2128 0 -34987.90502193 0
2129 0 -16320.39724764 0
2130 1 27223.07903245 1
2131 1 25320.74025321 1
2132 1 23986.16989635 1
2133 0 -23709.62684627 0
2134 0 -15718.16865724 0
2135 0 -21077.58760512 0
2136 0 -19326.68474337 0
2137 0 -27360.66267191 0
2138 0 -20505.76095455 0
2139 0 -14479.35843683 0
2140 0 -30993.82740752 0
2141 1 30717.75046895 1
2142 0 -25672.22114308 0
2143 0 -35642.59311213 0
2144 0 -29771.67853533 0
2145 1 29435.15515452 1
2146 1 35032.61214458 1
2147 1 37939.14386795 1
2148 0 -19222.08054151 0
2149 0 -32294.93727036 0
2150 1 28299.76535962 1
2151 0 -26191.70088302 0
2152 0 -28406.64932419 0
2153 0 -17842.74153986 0
2154 0 -25858.14374308 0
2155 0 -21359.84923230 0
2156 0 -18667.47751366 0
2157 0 -18256.66964953 0
2158 1 36796.93572815 1
2159 1 17807.01639566 1
2160 0 -29295.68951306 0
2161 1 37884.54221356 1
2162 1 20982.19376145 1
2163 0 -29954.76760217 0
2164 1 23947.40179859 1
2165 1 10389.69209866 1
2166 1 34603.12110117 1
2167 1 25463.69794308 1
2168 0 -37351.71881329 0
2169 0 -25680.96081254 0
2170 0 -25003.70033932 0
2171 1 23417.15928144 1
2172 0 -35085.39377885 0
2173 1 27353.90542356 1
2174 0 -32748.06426686 0
2175 0 -25836.05025812 0
2176 1 33234.68795533 1
2177 0 -29221.33485456 0
2178 1 22673.38951635 1
2179 0 -24380.96665467 0
2180 1 21266.21290080 1
2181 1 15568.45494626 1
2182 1 21288.93771033 1
2183 1 15550.06249965 1
2184 0 -29016.55124086 0
2185 0 -11965.23916833 0
2186 0 -10779.04180292 0
2187 0 -27449.23824779 0
2188 1 24355.73846042 1
2189 1 42400.77178428 1
2190 1 -1214.40509280 0
2191 0 -40889.47087017 0
2192 0 -22536.01039463 0
2193 1 9772.19337912 1
2194 0 -29441.53708066 0
2195 0 -37716.97127833 0
2196 0 -22119.52394579 0
2197 0 -13896.47910781 0
2198 0 -26779.64671847 0
2199 0 -19772.15094736 0
2200 0 -24552.41643386 0
2201 0 -17424.37989812 0
2202 0 -28120.03662709 0
2203 1 30034.98578842 1
2204 0 -23336.78209778 0
2205 1 27229.38297108 1
2206 1 24194.04763547 1
2207 0 -26873.69605213 0
2208 1 34216.02751251 1
2209 0 -25276.41351398 0
2210 1 22643.89416130 1
2211 1 30083.42065471 1
2212 1 14465.30343065 1
2213 1 30239.30064657 1
2214 0 -24153.98397388 0
2215 0 -27582.41042547 0
2216 1 41112.00360539 1
2217 1 14560.78611500 1
2218 0 -24284.04448028 0
2219 1 28210.58096138 1
2220 0 -27830.84672531 0
2221 0 -30019.80003873 0
2222 1 28324.87861247 1
2223 0 -26202.61814070 0
2224 1 29436.78220413 1
2225 0 -32823.57432714 0
2226 0 -24603.94300470 0
2227 1 21138.79615793 1
2228 0 -35748.83543520 0
2229 0 -21770.23661536 0
2230 0 -26376.75552549 0
2231 0 -18012.94147177 0
2232 0 -22080.14482979 0
2233 1 40123.85856655 1
2234 1 20038.46858055 1
2235 1 17382.50382723 1
2236 0 -26719.73317535 0
2237 0 -18948.28821003 0
2238 1 25377.51458549 1
2239 1 12593.66814910 1
2240 0 -21331.85096958 0
2241 1 28541.47011973 1
2242 1 38251.24519910 1
2243 0 -19608.44392556 0
2244 1 33735.57527039 1
2245 1 13496.61676808 1
2246 1 20154.90206778 1
2247 1 27346.25418702 1
2248 1 17833.46536114 1
2249 1 35534.12450931 1
2250 1 25374.12670273 1
2251 1 37510.97546786 1
2252 0 -27313.17184521 0
2253 1 24996.05323441 1
2254 0 -15847.42241503 0
2255 1 30574.54694931 1
2256 1 23105.22037752 1
2257 0 -18209.12855122 0
2258 0 -20561.73275526 0
2259 0 -30217.93213460 0
2260 1 23257.02727782 1
2261 0 -25103.90248735 0
2262 0 -26516.15474602 0
2263 0 -32500.85537971 0
2264 1 13844.66832215 1
2265 0 -28120.27259745 0
2266 1 29610.22832739 1
2267 0 -27964.00081831 0
2268 0 -25541.17628326 0
2269 1 30148.30644602 1
2270 0 -30081.27836264 0
2271 0 -27692.88127658 0
2272 0 -23570.56064155 0
2273 0 -24398.00355648 0
2274 0 -18962.67798183 0
2275 0 -23682.66511699 0
2276 0 -36154.72085312 0
2277 0 -27224.23549484 0
2278 1 32255.85060456 1
2279 1 40437.02906376 1
2280 1 31078.50766267 1
2281 0 -23241.95419361 0
2282 1 17851.56569796 1
2283 1 16375.18793222 1
2284 1 23713.62483795 1
2285 1 33372.93420642 1
2286 1 28572.65464660 1
2287 1 39787.70993505 1
2288 0 -26228.48188827 0
2289 1 23487.38571072 1
2290 1 18315.35961182 1
2291 1 28444.73185711 1
2292 1 25457.83365039 1
2293 0 -26803.96647202 0
2294 0 -23687.13689064 0
2295 1 25064.03766435 1
2296 1 20481.91023453 1
2297 1 31363.74423574 1
2298 0 -37120.60598322 0
2299 1 13248.23330742 1
2300 1 27496.09746864 1
2301 0 -12600.19210646 0
2302 0 -35519.80626441 0
2303 0 -25653.36132266 0
2304 0 -25632.00974191 0
2305 1 22857.97271226 1
2306 1 24947.90214120 1
2307 0 -25534.95231791 0
2308 0 -20829.18736913 0
2309 0 -21790.49743097 0
2310 0 -22025.18152335 0
2311 1 23353.20498296 1
2312 0 -23093.13765407 0
2313 0 -16216.57400479 0
2314 1 14946.89203215 1
2315 1 22979.07036573 1
2316 0 -24447.07746390 0
2317 1 29434.45850858 1
2318 1 22687.11281755 1
2319 0 -22679.54940870 0
2320 0 -27313.30597111 0
2321 1 27066.69563016 1
2322 0 -15694.58977490 0
2323 0 -28017.55748892 0
2324 0 -39022.42078720 0
2325 1 13305.76636937 1
2326 0 -21072.72337581 0
2327 0 -22693.39837430 0
2328 0 -20765.30426870 0
2329 1 21721.98171237 1
2330 1 27510.34953549 1
2331 0 -21294.10518092 0
2332 0 -17981.70132614 0
2333 0 -19707.91831116 0
2334 1 25466.92120081 1
2335 1 25104.47990390 1
2336 1 29505.86244290 1
2337 0 -15639.17992433 0
2338 1 9377.64871426 1
2339 1 22151.14472391 1
2340 0 -20706.68155923 0
2341 0 -11842.01029987 0
2342 1 20391.87305966 1
2343 1 23649.14473257 1
2344 0 -14745.21440676 0
2345 1 19005.98113909 1
2346 0 -33190.12120869 0
2347 1 29898.23788602 1
2348 0 -19472.72853284 0
2349 1 26367.50754165 1
2350 0 -27628.25126256 0
2351 1 10861.40832122 1
2352 1 22286.35139700 1
2353 1 20891.75688190 1
2354 1 32839.74872817 1
2355 0 -26037.45625526 0
2356 1 23752.45991651 1
2357 1 19672.13015296 1
2358 0 -27329.43974450 0
2359 1 17361.93160929 1
2360 0 -18578.48292061 0
2361 1 8327.60213042 1
2362 0 -31625.85092239 0
2363 1 18983.18455375 1
2364 0 -23431.49236399 0
2365 0 -16078.91057565 0
2366 0 -16807.98398702 0
2367 1 24360.27103727 1
2368 1 19116.36992384 1
2369 0 -33130.74061854 0
2370 1 21325.14171094 1
2371 1 26332.13316919 1
2372 0 -25813.17927363 0
2373 1 13073.66469824 1
2374 1 26679.23742922 1
2375 1 24204.78330603 1
2376 1 21402.25697869 1
2377 1 31076.99654731 1
2378 1 21038.45845850 1
2379 1 26827.71502024 1
2380 0 -21821.77161305 0
2381 1 20814.77447458 1
2382 0 -21320.04724723 0
2383 0 -1939.47255711 0
2384 0 -17801.03773480 0
2385 0 -22524.86687066 0
2386 0 -7536.98249223 0
2387 0 -27025.64152622 0
2388 1 25000.28770840 1
2389 1 25772.28821222 1
2390 1 22938.27314857 1
2391 0 -32951.89713174 0
2392 0 -24336.53307565 0
2393 1 28642.19903012 1
2394 0 -14736.90929883 0
2395 0 -24636.11255654 0
2396 1 15900.38446944 1
2397 1 26345.55624738 1
2398 0 -27999.48982919 0
2399 0 -21902.95531298 0
2400 0 -31124.43058240 0
2401 1 27281.55934613 1
2402 0 -23247.93999908 0
2403 1 29955.87181093 1
2404 0 -28062.68666753 0
2405 1 35768.52244962 1
2406 0 -22534.65453735 0
2407 1 -16472.52747996 0
2408 0 -18821.83604360 0
2409 0 -17477.97773672 0
2410 0 -24712.87051627 0
2411 0 -24982.88831592 0
2412 1 15290.80749628 1
2413 1 21173.57467975 1
2414 1 27085.64116519 1
2415 1 21585.22927926 1
2416 0 -26016.75566162 0
2417 0 -14298.06499059 0
2418 1 26302.15936571 1
2419 1 11317.80747414 1
2420 1 15512.42698513 1
2421 1 31438.44552701 1
2422 0 -20558.61609636 0
2423 1 11660.00009697 1
2424 0 -12412.12238238 0
2425 0 -15107.80232512 0
2426 0 -20989.95336955 0
2427 0 -19105.43410619 0
2428 0 -40719.99050078 0
2429 0 -16415.85617639 0
2430 1 21306.45821459 1
2431 0 -11629.20854112 0
2432 1 25356.19074333 1
2433 0 -39439.17942797 0
2434 0 -31389.44165056 0
2435 0 -28680.77447892 0
2436 1 14575.94460045 1
2437 1 26960.39810204 1
2438 1 21800.18950819 1
2439 0 -25614.53646748 0
2440 1 26375.48715240 1
2441 1 14731.27954270 1
2442 1 40803.74340862 1
2443 1 29969.08190244 1
2444 1 8633.71676832 1
2445 0 -27087.58415293 0
2446 0 -27018.31895839 0
2447 1 25562.62545601 1
2448 1 16033.82310014 1
2449 0 -35865.27257547 0
2450 1 26804.55710731 1
2451 1 28190.83891766 1
2452 1 27027.32645576 1
2453 1 24085.74599201 1
2454 1 24973.35740089 1
2455 1 31203.92010044 1
2456 0 -30453.54415996 0
2457 0 -19497.59786499 0
2458 1 23725.67621691 1
2459 1 28605.00365295 1
2460 1 31532.58476986 1
2461 1 17214.34657433 1
2462 1 17837.02343249 1
2463 0 -42993.54453225 0
2464 0 -29309.23128413 0
2465 0 -21113.52240568 0
2466 0 -26643.27054793 0
2467 1 30024.05066238 1
2468 1 20300.43135868 1
2469 1 13537.06165756 1
2470 1 24618.86314030 1
2471 1 27166.46873065 1
2472 0 -27451.03926058 0
2473 0 -20782.86848641 0
2474 0 -15607.61388900 0
2475 1 7826.41084744 1
2476 0 -36185.37649077 0
2477 1 32817.76876055 1
2478 1 30171.16177723 1
2479 1 36922.27504526 1
2480 0 -35217.74454095 0
2481 1 34520.41879054 1
2482 0 -18683.32760438 0
2483 1 29465.82117873 1
2484 1 28954.23825587 1
2485 0 -31082.18899108 0
2486 0 -19905.02014350 0
2487 1 19826.22291038 1
2488 1 30397.05488289 1
2489 1 28722.22337168 1
2490 0 -24375.48323893 0
2491 1 23353.62245269 1
2492 0 -20925.65351679 0
2493 1 39082.37035365 1
2494 1 21074.20246336 1
2495 1 26251.58580469 1
2496 0 -27337.45788992 0
2497 0 -23444.19000312 0
2498 1 24597.65920246 1
2499 0 -28162.16440662 0
2500 1 13930.66668447 1
2501 1 28147.47353789 1
2502 1 37924.53108416 1
2503 0 -23591.45599802 0
2504 1 29420.93835142 1
2505 1 21803.09718319 1
2506 0 -21555.89670286 0
2507 0 -16663.13860826 0
2508 1 23099.31025113 1
2509 0 -39760.07797351 0
2510 1 27554.26378890 1
2511 0 -22507.07774017 0
2512 0 -21739.04412628 0
2513 1 16687.31206601 1
2514 0 -17349.28159219 0
2515 1 32558.92467245 1
2516 1 29697.98467361 1
2517 1 15629.99550789 1
2518 0 -19346.70820945 0
2519 0 -20926.33075383 0
2520 0 -25438.53194708 0
2521 1 27860.66504828 1
2522 1 18330.93333256 1
2523 1 25144.47414066 1
2524 1 8503.91372107 1
2525 1 25198.04706697 1
2526 1 27396.27330041 1
2527 0 -27442.24526887 0
2528 0 518.64967365 1
2529 1 24663.25204733 1
2530 0 -26843.29511913 0
2531 1 22501.92874841 1
2532 1 24072.76620210 1
2533 0 -29570.16544895 0
2534 0 -30215.14901513 0
2535 0 -28253.57129264 0
2536 0 -22148.60923526 0
2537 0 -26471.34126235 0
2538 0 -24590.02868353 0
2539 0 -37024.17556288 0
2540 1 34149.39250341 1
2541 1 27774.57355948 1
2542 1 30752.75956129 1
2543 0 -5796.14625088 0
2544 1 27970.04676727 1
2545 0 -27906.78442082 0
2546 1 34877.82030461 1
2547 1 35440.51895302 1
2548 0 -29101.05849648 0
2549 0 -20272.79157356 0
2550 1 22003.41482895 1
2551 1 26821.01403766 1
2552 0 -22630.01432090 0
2553 1 34412.66442194 1
2554 0 -25892.18124773 0
2555 1 13330.32207101 1
2556 0 -16698.82198014 0
2557 1 27332.25567652 1
2558 1 38601.52910921 1
2559 0 -16053.60346271 0
2560 1 26460.25993148 1
2561 0 -15621.24957535 0
2562 1 -17218.79293451 0
2563 0 -25590.53815159 0
2564 1 30055.67617642 1
2565 1 24770.56010118 1
2566 1 24628.88794367 1
2567 0 -12813.03477036 0
2568 1 16572.05508296 1
2569 1 30705.34528663 1
2570 0 -27858.07187615 0
2571 0 -23950.64609684 0
2572 0 -33960.31295901 0
2573 0 -28760.61617820 0
2574 1 11251.29864877 1
2575 0 -21428.67199751 0
2576 0 -30808.78042195 0
2577 0 -44325.40485257 0
2578 0 -11477.88903341 0
2579 1 21917.38013304 1
2580 1 18843.05984744 1
2581 0 -20115.18857701 0
2582 0 -22888.86074930 0
2583 1 16798.61672984 1
2584 0 -29665.83451809 0
2585 1 15706.87359407 1
2586 1 17608.45907900 1
2587 0 -28812.76491388 0
2588 1 26784.39696891 1
2589 0 -20990.21224282 0
2590 0 -24713.81109375 0
2591 0 -27887.76356173 0
2592 1 24039.07743953 1
2593 1 11827.23742760 1
2594 1 26751.12536668 1
2595 1 11597.42918079 1
2596 1 20997.79862390 1
2597 0 -12052.56500872 0
2598 1 20965.63983396 1
2599 1 25886.70558323 1
2600 1 29678.44402606 1
2601 1 28929.04213674 1
2602 0 -27589.56387164 0
2603 1 15260.33473190 1
2604 1 21732.19719631 1
2605 1 23974.06783711 1
2606 0 -25595.08427171 0
2607 1 32596.11309879 1
2608 0 -25974.64013689 0
2609 0 -28650.55775687 0
2610 0 -40519.90039943 0
2611 1 18749.97343767 1
2612 0 -17049.41872780 0
2613 1 21315.03236433 1
2614 0 -23391.57350141 0
2615 0 -23302.04789158 0
2616 1 23714.77751744 1
2617 0 -26354.05221381 0
2618 1 32050.66542849 1
2619 0 -28071.72030543 0
2620 0 -16899.62676450 0
2621 0 -21462.22553460 0
2622 0 -24811.66163018 0
2623 1 26459.67009354 1
2624 0 -26692.10121446 0
2625 0 -25560.45818097 0
2626 0 -22328.57412411 0
2627 0 -18933.47030631 0
2628 0 -18328.62230389 0
2629 0 -11357.55068651 0
2630 0 -10982.36333740 0
2631 1 16791.96927522 1
2632 0 -28220.60513758 0
2633 0 -33200.18000594 0
2634 0 -34002.95314593 0
2635 1 24302.32239360 1
2636 0 -22009.14289652 0
2637 1 32948.42381076 1
2638 1 31685.07706591 1
2639 1 29922.10410889 1
2640 0 -14379.99629268 0
2641 1 22006.57546814 1
2642 0 -20790.87214738 0
2643 1 33945.63386706 1
2644 1 23664.56883539 1
2645 1 14323.49244434 1
2646 0 -12977.74314137 0
2647 1 1852.35193537 1
2648 0 -19776.89388935 0
2649 0 -15132.53935523 0
2650 1 19241.61017128 1
2651 0 -37981.09132516 0
2652 1 23090.20314967 1
2653 1 12314.50012085 1
2654 0 -15251.98730673 0
2655 1 10742.43539209 1
2656 1 25512.21671241 1
2657 0 -26525.54209789 0
2658 0 -16292.17376508 0
2659 0 -22537.55641106 0
2660 1 17939.23816122 1
2661 1 24225.17249331 1
2662 0 -20273.45327322 0
2663 0 -24162.45865914 0
2664 1 31072.27707699 1
2665 1 30818.45200868 1
2666 1 24530.14594432 1
2667 0 -24616.32544734 0
2668 0 -16910.29260406 0
2669 0 -21330.22700790 0
2670 0 -30617.87437935 0
2671 0 -15653.06476062 0
2672 1 21815.43953946 1
2673 0 -22775.61308298 0
2674 1 25627.85294584 1
2675 1 23210.12844608 1
2676 0 -37450.90497131 0
2677 1 15460.43620305 1
2678 1 20519.84543822 1
2679 0 -28176.89545575 0
2680 0 -13974.65808979 0
2681 1 29489.66498835 1
2682 1 28998.72330296 1
2683 0 -19649.78259565 0
2684 1 31335.90986096 1
2685 0 -38722.37189569 0
2686 1 21689.29417211 1
2687 0 -20884.15320259 0
2688 1 20814.05017753 1
2689 0 -31827.10172873 0
2690 0 -29172.35546864 0
2691 1 24432.83722900 1
2692 1 26181.00779157 1
2693 0 -35959.84008736 0
2694 0 -37207.63789888 0
2695 1 32950.86114201 1
2696 1 18040.70946858 1
2697 1 27202.57859260 1
2698 1 12719.73612442 1
2699 1 25143.64768830 1
2700 1 22991.95998173 1
2701 0 -29437.44948460 0
2702 0 -43775.84230535 0
2703 1 21872.27271268 1
2704 0 -18740.12579200 0
2705 0 -23965.89136247 0
2706 0 -26361.80209712 0
2707 0 -18846.33984582 0
2708 0 -17561.56667044 0
2709 1 31774.39075148 1
2710 1 13714.97606060 1
2711 0 -33663.43649098 0
2712 1 20144.36850812 1
2713 0 -28600.58324269 0
2714 0 -23961.33431464 0
2715 0 -35751.29779617 0
2716 0 -23366.06381585 0
2717 1 29043.91169990 1
2718 1 19515.23048310 1
2719 1 35275.65234648 1
2720 0 -34873.24100771 0
2721 0 -25806.94056123 0
2722 0 -16654.39478767 0
2723 1 35625.55230505 1
2724 0 -25031.32794262 0
2725 0 -18550.44126398 0
2726 1 28799.93043141 1
2727 0 -24117.89871332 0
2728 1 26823.35072752 1
2729 1 23934.30723889 1
2730 1 21296.00849556 1
2731 1 26414.89012446 1
2732 0 -23175.52615368 0
2733 1 31462.83012328 1
2734 0 -20908.57044060 0
2735 1 7501.23045404 1
2736 1 32135.13948466 1
2737 0 -27911.75640588 0
2738 1 29355.71952578 1
2739 1 32935.10824397 1
2740 1 28002.81923588 1
2741 0 -36373.08399081 0
2742 0 -19277.49990954 0
2743 0 -25846.56050926 0
2744 0 -18990.41693285 0
2745 0 -33588.16475332 0
2746 0 -25050.44423409 0
2747 1 15578.09685380 1
2748 0 -38523.76177903 0
2749 1 -8694.89113399 0
2750 1 15021.54817881 1
2751 0 -20368.35603898 0
2752 0 -26178.24428792 0
2753 0 -23387.99261779 0
2754 1 31734.01417994 1
2755 1 23018.22694732 1
2756 1 28802.93214408 1
2757 1 26400.28352678 1
2758 0 -10842.95137063 0
2759 1 23159.18975335 1
2760 1 18808.37909282 1
2761 0 -21475.90827181 0
2762 0 -34384.58114864 0
2763 0 -24337.89908429 0
2764 0 -41691.17894620 0
2765 0 -22618.07419475 0
2766 0 -21760.89412467 0
2767 1 21266.08919799 1
2768 0 -23573.73671963 0
2769 1 29166.08406565 1
2770 1 28291.49754892 1
2771 0 -18351.18102874 0
2772 1 27184.47318482 1
2773 1 14368.30771710 1
2774 0 -19221.40506278 0
2775 1 32266.38313242 1
2776 0 -15926.08872699 0
2777 0 -28677.03525313 0
2778 0 -20240.04240202 0
2779 0 -25920.99902969 0
2780 0 -17746.71719781 0
2781 1 21410.89422533 1
2782 0 -27594.08529754 0
2783 1 30845.21476508 1
2784 1 22951.16336467 1
2785 1 19821.43976150 1
2786 0 -20632.70855811 0
2787 1 28468.46862644 1
2788 0 -22103.10573211 0
2789 1 28045.35823474 1
2790 0 -18981.09774165 0
2791 1 8893.61664319 1
2792 1 25748.68449809 1
2793 0 -23580.01188974 0
2794 1 20722.68961365 1
2795 1 32877.94293414 1
2796 1 25170.78398195 1
2797 1 29050.27201667 1
2798 1 35909.28698771 1
2799 0 -27187.19303992 0
2800 1 33294.32937832 1
2801 0 -21978.50465287 0
2802 0 -7501.58394258 0
2803 1 20571.85238901 1
2804 0 -12242.53572524 0
2805 0 -19214.66359428 0
2806 1 35413.87074104 1
2807 0 -24835.57751309 0
2808 0 -22843.76332994 0
2809 0 -28211.72006577 0
2810 1 2419.49382330 1
2811 1 22562.48412441 1
2812 1 30273.09968072 1
2813 1 23870.94037208 1
2814 0 -16591.29936674 0
2815 1 12588.99276615 1
2816 0 -23126.32242254 0
2817 1 27594.72764809 1
2818 0 -33533.09638354 0
2819 0 -20741.77545984 0
2820 0 -24424.54175230 0
2821 1 24680.60198936 1
2822 1 20982.02225579 1
2823 0 -26324.30401753 0
2824 1 29758.85611086 1
2825 0 -22797.02729434 0
2826 1 8705.87844168 1
2827 0 -12316.15124789 0
2828 1 27160.02136327 1
2829 0 -23608.79121935 0
2830 0 -27086.94412352 0
2831 0 -19200.87661192 0
2832 0 -27906.52727604 0
2833 1 24221.93517962 1
2834 1 25741.65361122 1
2835 1 11058.10833369 1
2836 1 22969.03677977 1
2837 0 -34931.18384433 0
2838 1 14418.43175618 1
2839 0 -19732.78936939 0
2840 0 -14976.01962124 0
2841 0 -20514.94189200 0
2842 1 10204.22224957 1
2843 1 12479.19615497 1
2844 0 -18889.35670809 0
2845 0 -26381.43910232 0
2846 1 21011.11608545 1
2847 0 11546.60790702 1
2848 1 24786.65036447 1
2849 0 -18588.66118174 0
2850 1 17643.84063150 1
2851 0 -9638.69351797 0
2852 1 4825.30390727 1
2853 1 16993.38160845 1
2854 1 20298.17905773 1
2855 0 -14910.07504507 0
2856 1 15685.09682617 1
2857 0 -19795.24637251 0
2858 0 -24439.79355511 0
2859 1 17753.10077760 1
2860 0 -31371.62319992 0
2861 0 -32485.68558016 0
2862 1 24851.57718487 1
2863 0 -17623.94946831 0
2864 0 -26081.92634303 0
2865 0 -25185.76666199 0
2866 1 32772.66013503 1
2867 0 -32065.30055804 0
2868 0 -23802.85939142 0
2869 0 -31243.23383513 0
2870 0 -23438.38636043 0
2871 1 22507.50152243 1
2872 1 20384.78411154 1
2873 0 -27261.94343026 0
2874 0 -30845.53816252 0
2875 1 13893.79138742 1
2876 1 12760.45497495 1
2877 1 11335.61615039 1
2878 0 -35926.61241925 0
2879 1 20883.07575156 1
2880 0 -18796.69663038 0
2881 1 43423.91741827 1
2882 0 -15419.46793488 0
2883 0 -22733.30540408 0
2884 1 18749.72637860 1
2885 1 22958.60902544 1
2886 1 18963.73370606 1
2887 0 -22735.54762627 0
2888 0 -8719.68174276 0
2889 1 9570.09587313 1
2890 1 -978.91222481 0
2891 0 -28748.81284558 0
2892 1 32406.77191553 1
2893 1 35497.78076373 1
2894 1 32661.77608220 1
2895 0 -20860.14252637 0
2896 0 -15459.15516156 0
2897 0 -18099.37248515 0
2898 0 -25209.50673157 0
2899 1 18591.36210436 1
2900 0 -30273.54814714 0
2901 0 -21223.35576945 0
2902 0 -10613.65943789 0
2903 1 23251.45894637 1
2904 0 -25113.48857509 0
2905 0 -20745.40140083 0
2906 0 -22430.61937164 0
2907 1 14357.36123071 1
2908 0 -27524.41945049 0
2909 0 -20279.51037190 0
2910 1 22937.37154859 1
2911 1 30217.70477969 1
2912 1 24728.22675376 1
2913 0 -14577.22656557 0
2914 0 -21724.67261732 0
2915 0 -22009.28644289 0
2916 1 26010.29463287 1
2917 0 -20092.21503398 0
2918 0 -14782.05454450 0
2919 0 -15419.44104542 0
2920 0 -21604.15396644 0
2921 0 -8403.91156737 0
2922 1 17066.89270923 1
2923 1 39455.30936997 1
2924 1 10321.08253729 1
2925 1 21912.32833798 1
2926 0 -21831.75570924 0
2927 0 -25827.98184341 0
2928 1 23751.69515949 1
2929 1 23642.02053016 1
2930 0 -34650.35686206 0
2931 1 19827.01521830 1
2932 0 -22695.72312273 0
2933 1 19616.32136998 1
2934 0 -23298.44827377 0
2935 1 26484.32776907 1
2936 1 20459.37829381 1
2937 1 20826.55347008 1
2938 0 -12394.74866132 0
2939 0 -35208.66626171 0
2940 0 -14310.45692659 0
2941 1 29205.50426261 1
2942 1 14966.89048008 1
2943 0 -21361.01630489 0
2944 0 -8390.45767881 0
2945 1 27194.53536036 1
2946 1 12882.97062317 1
2947 1 24841.93858396 1
2948 0 -27722.32946745 0
2949 1 23126.19482355 1
2950 1 25753.67396655 1
2951 1 29302.92567919 1
2952 1 17899.47222759 1
2953 1 27621.01640801 1
2954 0 -8637.92815428 0
2955 0 -18125.96668268 0
2956 0 -12229.13005542 0
2957 0 -24765.89305037 0
2958 1 20038.79954365 1
2959 1 16566.86332535 1
2960 1 23525.68533957 1
2961 1 23287.95398257 1
2962 1 23236.22681808 1
2963 1 24904.83633305 1
2964 0 -29176.52738220 0
2965 0 -9293.64623163 0
2966 0 -27812.67385919 0
2967 1 25403.86876989 1
2968 1 19979.19053004 1
2969 0 -38553.43675328 0
2970 1 30531.05711014 1
2971 1 31897.46323525 1
2972 0 -13320.38268185 0
2973 0 -31091.44054484 0
2974 0 -24177.34408274 0
2975 0 -23990.73307800 0
2976 0 -13343.49518301 0
2977 0 -21798.22059006 0
2978 1 14472.09376235 1
2979 0 -16451.24160211 0
2980 0 -26219.33520471 0
2981 0 -32793.22134032 0
2982 1 12855.92741633 1
2983 1 29498.46685154 1
2984 1 21063.38204374 1
2985 0 -17741.44182468 0
2986 1 17408.58296724 1
2987 1 23774.89857355 1
2988 1 17845.04311012 1
2989 0 -17968.18128688 0
2990 1 23716.08364570 1
2991 0 -26703.66690070 0
2992 1 24590.93793589 1
2993 1 14275.10162171 1
2994 0 -27729.54211940 0
2995 0 -15483.18790715 0
2996 0 -30364.92706928 0
2997 1 23542.80413302 1
2998 0 -14197.53832243 0
2999 0 -24432.13759367 0
3000 0 -36851.38129129 0
3001 0 -21943.51677047 0
3002 1 23506.70700382 1
3003 0 -25702.23317891 0
3004 0 -16133.98229864 0
3005 0 -29941.16237768 0
3006 0 -11445.98855046 0
3007 0 -17442.31229067 0
3008 0 -37672.00395333 0
3009 0 -24475.96571588 0
3010 1 13646.35222240 1
3011 0 -17389.60185328 0
3012 1 18157.62745735 1
3013 0 -25760.59752558 0
3014 1 29186.81052694 1
3015 1 21497.12807002 1
3016 0 -25175.95677516 0
3017 0 -16379.73637158 0
3018 1 15632.07564549 1
3019 0 -29031.49936639 0
3020 0 -11458.40987263 0
3021 1 18215.59254393 1
3022 1 34943.59697908 1
3023 1 24282.23427696 1
3024 0 -29333.91445260 0
3025 1 29884.37946883 1
3026 1 18799.76062991 1
3027 0 -24579.43178460 0
3028 0 -26630.20957886 0
3029 0 -28050.99240784 0
3030 1 19117.23434819 1
3031 0 -27488.52085692 0
3032 0 -2419.49382330 0
3033 0 -17784.77468462 0
3034 1 21187.34856274 1
3035 1 25649.33681007 1
3036 1 27367.66468722 1
3037 0 -20461.47876054 0
3038 0 -28399.82861434 0
3039 0 -14670.78036768 0
3040 1 23529.12457764 1
3041 1 19412.84594659 1
3042 0 -19348.31447270 0
3043 1 28956.68529779 1
3044 0 -25984.03275527 0
3045 0 -11259.65135792 0
3046 1 32439.31300562 1
3047 1 24884.79573766 1
3048 1 19815.17637480 1
3049 1 24373.21130389 1
3050 0 -30469.38597287 0
3051 1 20519.64175434 1
3052 0 -24065.34410620 0
3053 0 -23052.57063772 0
3054 0 -19539.23547956 0
3055 0 -11211.06816974 0
3056 1 35762.66610929 1
3057 1 19880.87215627 1
3058 0 -20878.70551801 0
3059 0 -22002.17385323 0
3060 0 -27762.64501226 0
3061 1 25895.49564496 1
3062 1 19321.78623547 1
3063 0 -31739.93044008 0
3064 1 24344.52737940 1
3065 1 20266.35439490 1
3066 0 -30716.82738640 0
3067 0 -36302.71058419 0
3068 1 19666.12745412 1
3069 0 -11729.88659997 0
3070 0 -22786.62870740 0
3071 1 21362.70585579 1
3072 0 -30659.05966856 0
3073 1 9117.83710467 1
3074 0 -21486.44621512 0
3075 0 -23133.77299304 0
3076 0 -17884.00067322 0
3077 1 26214.67109213 1
3078 0 -38931.66281835 0
3079 1 13868.23480992 1
3080 1 29402.50769349 1
3081 1 23415.94438775 1
3082 0 -22209.82861530 0
3083 0 -24436.65712992 0
3084 1 33697.91489002 1
3085 1 12897.68785039 1
3086 1 18223.28004956 1
3087 0 -13121.99000986 0
3088 1 20831.44995611 1
3089 0 -21219.99770759 0
3090 1 28175.11844943 1
3091 0 -29463.53007525 0
3092 1 33737.69075100 1
3093 1 16054.60368617 1
3094 0 -19520.30900079 0
3095 1 32315.52820130 1
3096 1 25811.34801679 1
3097 0 -26724.10218176 0
3098 1 19051.13526412 1
3099 1 22877.25013627 1
3100 0 -6224.72023235 0
3101 1 16435.38049994 1
3102 1 20740.73838866 1
3103 1 18863.84289473 1
3104 0 -25500.08052106 0
3105 1 20435.56169276 1
3106 0 -11653.88101846 0
3107 0 -18761.86262420 0
3108 1 16542.14131130 1
3109 1 30930.84590856 1
3110 0 -26148.23034644 0
3111 1 13754.34948729 1
3112 1 -1809.52907423 0
3113 1 18744.55952258 1
3114 1 16251.19043822 1
3115 1 13796.04658197 1
3116 1 18748.68251683 1
3117 0 -28693.35834694 0
3118 0 -22772.40493513 0
3119 1 17599.84183952 1
3120 1 19762.51782685 1
3121 0 -26928.44658617 0
3122 0 -28328.90391450 0
3123 0 -25918.75699371 0
3124 0 -25806.35041946 0
3125 1 20816.13055208 1
3126 0 -24173.47945055 0
3127 0 -24936.30204384 0
3128 0 -17323.65155031 0
3129 1 20185.25221581 1
3130 0 -35983.93311486 0
3131 1 26876.10562530 1
3132 0 -22788.50366479 0
3133 1 35364.18833190 1
3134 0 -23150.63764687 0
3135 1 16216.49324607 1
3136 0 -15093.77517788 0
3137 0 -7697.58222285 0
3138 0 -30074.16688890 0
3139 0 -13000.98183493 0
3140 1 30834.13690814 1
3141 1 34021.46511810 1
3142 1 19525.29965242 1
3143 0 -17990.86540358 0
3144 1 27824.01917755 1
3145 0 -11129.63377471 0
3146 1 29900.00033834 1
3147 1 21952.97475960 1
3148 1 21372.29860429 1
3149 0 -26402.94814171 0
3150 1 20146.36798610 1
3151 1 22919.09444983 1
3152 0 -31147.00015718 0
3153 1 26858.14285731 1
3154 1 28078.91597989 1
3155 1 31584.35158284 1
3156 0 -17806.89140080 0
3157 0 -26492.38172357 0
3158 1 11830.94255229 1
3159 1 16409.88779793 1
3160 1 19342.33862816 1
3161 0 -13518.94791736 0
3162 0 -17352.61983828 0
3163 1 28022.48667487 1
3164 1 26598.04720005 1
3165 1 21384.68968943 1
3166 0 -12194.42546226 0
3167 1 17781.49842107 1
3168 1 21476.03977179 1
3169 0 -24228.65939140 0
3170 0 -14761.39795151 0
3171 1 31599.79869815 1
3172 0 -27300.23497528 0
3173 0 -15341.89038300 0
3174 0 -28271.64921908 0
3175 1 38640.37065140 1
3176 1 24255.60976826 1
3177 1 8559.56077320 1
3178 1 21848.96190794 1
3179 1 28072.56680679 1
3180 0 -29294.46516670 0
3181 1 19202.72001291 1
3182 0 -26750.60835863 0
3183 1 29586.53596703 1
3184 0 -21668.66703473 0
3185 0 -29032.73788669 0
3186 0 -26259.71616701 0
3187 0 -21144.84532909 0
3188 1 20791.20673268 1
3189 0 -13422.19705403 0
3190 1 28433.08567614 1
3191 0 -19953.66524870 0
3192 0 -13679.01787885 0
3193 0 11552.49275468 1
3194 0 -1579.12181841 0
3195 1 16309.50211247 1
3196 0 -28537.26496595 0
3197 1 18845.35527683 1
3198 1 27165.39782161 1
3199 1 19237.72096265 1
