3200 11 111 240
0 1 1 -13 -16 -16
1 1 1 -16 -16 -4
2 1 1 1 11 15
3 0 1 15 -10 15
4 0 1 10 -7 11
5 0 0 3 -1 15
6 0 1 15 14 7
7 1 1 -14 15 15
8 0 0 12 15 15
9 0 0 15 -10 -12
10 1 1 -16 15 8
11 0 1 7 -16 5
12 1 1 -1 0 3
13 0 0 5 -11 15
14 1 0 -16 7 -11
15 1 0 -16 15 -16
16 0 0 13 -4 -16
17 1 0 -10 -16 9
18 1 0 -8 -10 -11
19 1 0 -16 -3 11
20 0 0 2 15 10
21 0 0 1 12 -16
22 1 0 -8 15 -9
23 1 1 -5 11 15
24 0 1 9 12 -15
25 1 0 -16 4 15
26 0 1 15 3 15
27 0 1 3 1 -16
28 1 0 0 -16 -3
29 1 1 -7 -3 -16
30 0 0 5 6 -10
31 0 1 -2 14 15
32 1 0 2 -16 15
33 0 0 13 11 15
34 0 1 11 -15 -10
35 1 0 -15 0 9
36 0 0 13 15 -16
37 1 0 -16 -5 15
38 1 0 -9 5 15
39 0 0 11 13 1
40 0 1 5 15 15
41 1 1 -5 -13 15
42 1 1 -14 -13 8
43 0 0 15 -14 10
44 1 1 -5 9 15
45 0 0 11 15 -16
46 0 1 14 15 -8
47 1 1 -8 -8 -15
48 0 1 15 7 -12
49 1 0 -9 8 15
50 0 1 15 12 -16
51 0 0 9 -16 -12
52 0 0 15 -10 10
53 0 0 4 -16 -16
54 1 0 -14 -16 9
55 0 1 15 -11 -16
56 1 1 -16 13 15
57 1 0 -16 -16 9
58 0 1 15 13 -14
59 0 0 14 -16 9
60 1 0 -9 -10 -4
61 0 0 11 15 10
62 1 0 -16 -12 15
63 0 1 11 -16 13
64 1 0 -12 -12 -7
65 0 1 15 -16 -16
66 0 0 13 -12 13
67 1 1 -15 -7 -11
68 1 0 -16 9 -16
69 1 0 -9 10 15
70 0 0 4 -15 -8
71 1 1 -14 -4 -8
72 0 1 7 3 -16
73 1 1 -12 -8 -16
74 1 0 -9 14 9
75 1 1 -4 -4 -2
76 1 0 -16 -15 -1
77 0 1 15 -16 -8
78 1 1 -16 15 4
79 1 0 -7 -16 -12
80 0 0 11 15 -8
81 0 0 14 -16 -16
82 0 1 15 15 -2
83 0 0 15 -4 -7
84 0 0 11 -1 -16
85 1 0 -6 15 7
86 1 1 -13 12 5
87 1 0 -15 6 9
88 1 1 -16 -14 11
89 1 1 -10 15 14
90 1 0 -16 -11 5
91 0 0 12 15 -9
92 0 1 10 -16 15
93 1 0 -16 -16 -16
94 0 0 15 15 -16
95 1 0 -16 -16 -7
96 0 0 15 -13 15
97 0 1 9 -2 15
98 1 1 -16 8 -6
99 0 0 3 15 -13
100 1 1 -15 15 -16
101 1 1 -4 11 15
102 0 1 3 4 10
103 0 0 10 -12 -2
104 1 1 -8 9 -16
105 1 0 -9 4 0
106 1 0 -12 7 9
107 0 1 4 13 -4
108 1 1 -6 15 15
109 0 1 15 -14 -14
110 1 1 -16 -5 9
111 1 0 -9 -3 6
112 0 0 15 13 1
113 1 0 -16 -16 9
114 1 0 -10 9 15
115 0 1 15 8 -16
116 1 0 -16 -16 8
117 0 1 15 6 15
118 0 1 8 -12 -15
119 1 0 -10 -15 -16
120 1 1 -9 -16 -16
121 0 1 11 11 10
122 0 0 15 13 -11
123 0 1 13 -16 15
124 0 1 5 -13 15
125 1 0 -12 15 -5
126 1 0 -6 -12 15
127 1 0 -16 -12 14
128 1 1 -16 13 7
129 0 0 6 -16 -11
130 0 0 1 -6 15
131 1 0 -16 15 0
132 0 1 5 15 14
133 1 1 -4 -10 14
134 1 0 -9 -6 12
135 1 0 -12 9 -7
136 0 1 3 -7 15
137 0 1 14 -16 9
138 0 1 15 -12 10
139 0 1 7 15 -8
140 0 1 15 -9 8
141 1 1 -16 -8 -8
142 1 1 -10 -16 -11
143 1 1 -11 0 8
144 1 0 -16 -7 -12
145 0 1 15 15 14
146 1 1 -16 -13 2
147 0 0 15 0 -16
148 1 1 -16 -16 -11
149 1 1 2 6 -16
150 0 1 15 -8 -16
151 0 0 15 -16 15
152 1 1 -15 7 -7
153 0 1 10 9 13
154 0 1 -1 1 -7
155 0 0 15 15 6
156 0 1 13 15 3
157 1 1 -16 -5 -16
158 1 1 0 -8 15
159 1 0 -10 12 11
160 0 0 3 -16 6
161 0 0 11 -4 15
162 1 1 -12 15 -16
163 0 1 15 14 -9
164 0 1 15 6 1
165 0 1 15 3 3
166 1 1 -11 -9 3
167 0 1 6 15 -16
168 0 0 15 -14 -14
169 1 0 -3 -16 11
170 0 1 -1 15 15
171 1 0 -16 -12 14
172 1 0 -16 15 -7
173 1 1 -16 -16 12
174 0 0 15 7 -16
175 1 1 -14 11 5
176 0 0 12 9 -7
177 1 0 -12 15 -13
178 0 0 15 -16 -5
179 1 0 -16 -13 15
180 0 0 14 3 -16
181 0 0 15 2 15
182 1 0 -11 7 15
183 0 1 12 -4 15
184 0 1 15 13 15
185 1 1 -3 13 -16
186 0 1 15 -16 1
187 0 0 8 7 8
188 1 0 -9 6 15
189 0 1 15 11 0
190 1 1 -16 10 -13
191 1 1 0 5 9
192 1 1 -16 -14 3
193 0 0 4 -16 -16
194 1 0 -2 -16 -5
195 0 0 11 -16 15
196 0 0 -1 -16 -14
197 1 1 -6 -16 15
198 1 0 -16 15 -6
199 0 1 15 -16 15
200 1 1 -11 15 1
201 1 0 -16 9 -16
202 0 1 13 -16 -16
203 0 0 4 14 15
204 0 0 15 12 3
205 1 1 -10 -3 15
206 0 0 14 -12 -14
207 0 1 15 5 -10
208 1 0 -11 -16 13
209 1 1 -16 -1 -16
210 0 1 15 11 15
211 0 1 11 15 -15
212 1 0 -7 -5 15
213 0 0 11 9 -16
214 1 0 -16 15 10
215 0 0 15 4 15
216 0 0 12 -1 -11
217 0 0 15 -16 -3
218 1 0 -6 15 -9
219 0 0 15 6 10
220 1 1 -16 -3 15
221 0 0 -5 15 15
222 0 1 15 -8 6
223 1 0 -16 -16 -10
224 1 0 -8 -4 9
225 1 1 -16 3 -16
226 0 1 15 13 15
227 0 1 8 15 -14
228 0 1 15 -7 -16
229 0 0 11 -15 -1
230 0 0 14 -12 -16
231 0 0 14 15 1
232 1 0 7 10 -16
233 0 0 7 8 15
234 0 1 13 -10 -16
235 1 1 0 15 5
236 0 1 15 -8 -14
237 1 0 -16 13 2
238 0 1 -1 -10 15
239 1 1 -11 -3 -16
240 0 0 3 -8 -16
241 0 1 9 2 -16
242 0 1 14 -14 15
243 1 0 -7 -15 0
244 1 1 -12 9 9
245 0 1 7 -7 15
246 1 0 -16 7 -6
247 1 0 -12 12 7
248 0 0 4 -14 8
249 1 0 -2 -12 -11
250 0 1 -3 11 4
251 0 0 15 11 -9
252 0 1 15 -12 11
253 0 1 15 -16 15
254 0 1 10 -12 9
255 0 1 4 15 -12
256 1 1 -16 14 15
257 0 1 6 11 -6
258 1 1 -4 14 -11
259 1 0 -16 15 -16
260 0 1 15 9 15
261 0 0 11 -10 15
262 1 1 -16 15 -16
263 1 0 -16 15 15
264 0 1 5 -14 15
265 1 0 -7 -13 2
266 1 0 -16 -10 -3
267 1 0 -6 -16 -14
268 0 0 7 15 -7
269 0 0 15 15 11
270 0 1 3 -9 10
271 0 0 15 -16 15
272 0 1 15 -16 15
273 1 0 -13 -16 -16
274 0 0 15 -12 15
275 1 0 -16 15 15
276 0 1 15 9 13
277 0 1 14 5 15
278 1 1 -16 -16 -6
279 1 1 -13 -5 15
280 1 0 0 15 15
281 0 1 13 -3 -7
282 0 1 15 -8 -16
283 0 1 4 -16 15
284 0 0 12 15 -16
285 0 0 15 -16 -13
286 0 0 9 15 -9
287 0 0 11 7 4
288 0 0 9 -7 -12
289 0 0 15 -4 12
290 1 0 -13 9 8
291 1 0 -16 -16 -12
292 1 0 -15 -16 -10
293 1 0 -4 15 -9
294 0 0 15 1 6
295 0 0 12 -10 -4
296 0 0 9 -1 -5
297 1 1 -11 -8 -16
298 0 0 3 -16 -12
299 1 0 -8 7 -1
300 0 0 15 10 -10
301 1 0 -10 0 7
302 1 0 -16 -16 12
303 0 1 12 -8 15
304 0 0 5 -16 -10
305 1 1 -15 -12 -16
306 0 1 8 -16 -9
307 0 1 15 -7 -16
308 0 1 -5 12 -16
309 1 0 -2 9 15
310 0 0 13 11 11
311 0 1 15 -9 15
312 1 0 -12 10 -3
313 1 0 -5 10 6
314 1 1 -15 0 -7
315 1 1 -14 -10 15
316 1 1 -7 8 -12
317 1 1 -1 -15 -15
318 0 0 13 8 -13
319 0 0 -2 -16 -13
320 1 1 3 -13 -16
321 1 1 -16 -8 15
322 0 0 12 3 -7
323 0 0 10 15 -16
324 1 1 -8 15 15
325 0 0 -3 -10 10
326 1 0 -16 -6 15
327 1 1 -13 -2 -15
328 0 0 13 15 14
329 1 1 2 -12 15
330 1 1 -3 9 3
331 1 0 -15 -16 -15
332 1 0 -6 -11 13
333 0 1 15 -12 8
334 1 0 -9 4 15
335 0 0 15 12 -13
336 1 1 -16 -5 3
337 0 1 10 9 -4
338 1 1 -16 -5 15
339 1 1 -4 -16 -13
340 1 0 -8 9 -8
341 0 0 11 8 10
342 1 0 -8 -11 -12
343 0 1 14 12 0
344 1 1 -16 11 -16
345 0 1 15 14 -16
346 0 0 5 -16 15
347 0 1 7 -16 5
348 1 0 -11 15 -8
349 0 0 3 15 5
350 1 1 -16 -16 15
351 1 0 -16 -16 6
352 1 1 1 14 12
353 0 1 8 -16 15
354 1 1 -14 15 -10
355 1 0 -2 5 -12
356 1 1 -16 15 -9
357 0 0 6 15 -9
358 1 0 -16 3 -16
359 0 1 4 -10 -16
360 1 0 -12 -5 3
361 0 0 8 15 -16
362 1 0 -16 -16 6
363 1 1 -10 1 2
364 0 1 15 12 -16
365 0 1 11 15 15
366 0 1 15 12 -16
367 0 1 8 15 -8
368 0 0 15 12 -16
369 0 0 11 15 -16
370 0 1 15 15 -10
371 0 0 15 15 -9
372 0 0 15 15 -11
373 1 0 -16 -16 7
374 0 1 15 8 14
375 1 1 -1 10 -15
376 0 1 15 3 5
377 1 0 -16 11 15
378 1 0 -11 3 15
379 1 0 -16 -16 15
380 1 0 -13 15 6
381 0 0 15 2 6
382 0 1 15 15 -3
383 0 0 5 12 14
384 0 0 14 15 -12
385 1 1 -16 -5 -10
386 0 0 7 15 9
387 1 1 -9 15 -16
388 1 0 -6 -16 -6
389 0 0 15 -16 15
390 1 1 -16 -16 15
391 1 1 2 9 -7
392 0 0 1 -12 -16
393 0 0 0 -4 10
394 0 1 -3 -10 15
395 0 0 11 10 8
396 0 0 8 -16 -16
397 1 0 -15 -16 -16
398 0 1 9 11 6
399 1 0 -11 3 15
400 0 1 3 -16 -8
401 1 0 -16 -16 13
402 0 1 15 -16 15
403 0 1 10 -12 -16
404 0 1 15 8 12
405 0 0 8 -16 15
406 0 0 10 9 15
407 0 1 4 15 -11
408 0 1 15 -6 -12
409 1 1 -6 7 15
410 1 0 -2 11 -6
411 0 0 15 -5 -15
412 1 1 -16 -16 7
413 0 0 15 12 15
414 0 1 9 11 -16
415 1 0 -9 15 4
416 0 0 3 -16 -4
417 1 1 -3 -15 -11
418 0 1 13 15 -14
419 1 1 -13 -9 -16
420 1 0 -7 13 15
421 1 1 0 -16 -5
422 1 0 -16 -16 -9
423 1 0 -7 15 13
424 1 0 -16 15 -9
425 1 0 -16 0 15
426 0 0 0 15 15
427 0 1 8 2 15
428 1 1 -16 3 15
429 0 1 13 -16 5
430 0 1 5 -16 15
431 0 0 15 -16 10
432 1 0 -16 -3 13
433 0 1 12 -6 -14
434 1 0 -16 3 -4
435 1 1 -14 -5 15
436 1 1 -14 -16 5
437 1 1 -15 7 15
438 0 0 6 -12 15
439 0 1 15 -14 -16
440 0 1 15 -16 -4
441 0 0 15 14 -15
442 0 0 10 -13 -15
443 0 1 11 15 -14
444 0 0 15 7 -4
445 0 0 15 1 -16
446 0 0 15 -16 15
447 1 0 -12 15 -9
448 1 1 -11 -14 -15
449 0 0 4 4 15
450 0 1 9 -16 -11
451 0 1 15 3 15
452 1 1 -16 -8 -15
453 0 0 15 -15 8
454 1 0 -6 -12 -16
455 0 1 13 -8 -11
456 1 1 -8 12 -6
457 0 1 15 1 -12
458 1 0 -5 -8 6
459 0 0 9 15 5
460 0 1 3 4 3
461 0 0 15 -2 -8
462 1 1 -16 1 -16
463 0 1 3 -8 -7
464 1 0 -16 -16 15
465 1 1 -16 15 -10
466 0 0 9 -11 -16
467 1 0 -14 15 12
468 1 1 -16 12 15
469 1 1 -16 12 -15
470 0 1 8 15 15
471 0 0 15 -10 15
472 1 0 -14 10 12
473 1 1 -16 15 -16
474 0 1 15 -16 -7
475 0 0 10 15 -7
476 1 0 -13 -2 -9
477 1 0 -11 0 13
478 0 1 13 9 15
479 1 0 -14 -16 6
480 1 1 -10 -16 15
481 1 1 -10 8 14
482 0 1 9 -6 -16
483 1 1 -16 11 15
484 1 0 -14 2 13
485 0 0 13 -14 15
486 1 0 -16 -16 15
487 0 0 15 13 15
488 0 1 15 9 -16
489 1 1 -6 9 -6
490 1 0 -5 15 -12
491 0 0 10 13 -16
492 0 1 13 -16 -16
493 1 1 -16 14 14
494 0 0 15 3 -13
495 0 0 15 -10 -6
496 1 1 -5 15 6
497 0 0 5 15 8
498 0 1 15 9 -11
499 1 0 -16 -9 12
500 1 1 -10 -16 13
501 1 1 0 15 -12
502 1 1 -16 8 15
503 1 0 -16 15 3
504 0 1 6 15 -14
505 1 0 -16 15 15
506 1 0 -1 13 -16
507 0 0 15 15 11
508 0 1 15 -8 -16
509 0 1 8 -2 10
510 0 0 1 -16 1
511 1 0 -16 -5 15
512 1 0 -16 15 5
513 0 0 3 0 15
514 0 0 15 -16 7
515 1 0 -10 5 2
516 1 1 -9 -16 -16
517 0 0 15 9 14
518 1 1 -12 4 7
519 1 1 -16 -16 -8
520 1 1 -15 15 6
521 1 0 -12 -1 9
522 0 1 12 12 -12
523 1 1 -13 -4 -6
524 1 0 -16 -7 -9
525 0 1 15 -10 15
526 0 1 8 10 -16
527 0 1 15 -14 -14
528 1 0 -15 -7 -13
529 0 1 15 13 12
530 1 1 -6 -14 -16
531 0 0 7 -12 7
532 0 1 8 10 4
533 0 1 15 -7 -8
534 0 0 15 15 -16
535 0 0 15 0 10
536 0 1 8 -16 15
537 0 1 6 1 -6
538 0 0 -3 -13 -11
539 1 0 2 -12 14
540 1 0 -4 6 -16
541 0 0 15 -8 15
542 0 0 2 -16 15
543 0 0 10 -10 0
544 1 1 0 -7 13
545 0 1 15 -15 13
546 0 0 6 -12 -16
547 1 0 -16 -11 15
548 1 0 -14 15 14
549 0 1 1 -16 15
550 1 1 -13 11 10
551 1 1 -6 15 -14
552 0 0 15 -16 -11
553 0 0 -2 15 14
554 1 1 -12 6 15
555 1 0 5 15 3
556 0 1 15 15 4
557 0 1 7 1 8
558 0 0 15 9 15
559 0 0 10 14 6
560 1 1 -16 -6 1
561 1 1 -16 -7 15
562 0 1 8 -16 15
563 0 0 5 -8 15
564 0 1 15 15 15
565 0 0 9 -7 -5
566 0 0 15 10 15
567 0 0 15 15 15
568 0 1 12 -16 15
569 1 0 -16 9 -16
570 0 0 15 -6 5
571 0 1 2 -5 -16
572 0 1 14 -6 -4
573 1 1 -14 -11 -7
574 0 0 15 -6 15
575 1 0 -8 13 -16
576 0 0 9 15 11
577 0 0 15 7 7
578 1 0 -16 -16 -16
579 0 0 1 10 -16
580 0 1 1 -13 15
581 0 0 15 15 13
582 0 0 7 13 9
583 1 1 -13 15 -16
584 0 1 14 -8 -16
585 1 0 3 -16 -5
586 0 1 10 14 15
587 0 0 12 15 4
588 0 0 15 -8 15
589 1 1 -12 11 -16
590 0 0 7 -9 9
591 0 0 15 -16 -16
592 0 1 13 -7 0
593 1 1 3 -14 -12
594 0 1 -6 -13 -10
595 0 1 2 -15 -16
596 1 1 -5 -16 -9
597 1 1 -15 15 -16
598 0 0 10 -10 11
599 1 1 -16 15 -16
600 1 0 -16 15 -16
601 1 1 -14 15 -5
602 1 0 -11 -3 -16
603 1 0 -4 15 -15
604 1 1 -12 -16 -16
605 0 0 6 15 -16
606 0 1 14 -16 15
607 1 0 -13 0 15
608 1 0 -7 -11 8
609 1 1 -4 -16 -14
610 0 0 11 15 15
611 0 1 15 12 12
612 0 0 15 -9 15
613 0 1 14 -10 -2
614 1 1 -9 7 15
615 0 0 15 8 7
616 0 0 4 13 -14
617 1 1 -12 -16 15
618 0 0 15 15 -12
619 1 0 -15 15 -15
620 0 1 -4 2 10
621 1 0 -9 15 10
622 1 1 2 8 -16
623 0 0 4 9 14
624 0 1 9 -14 4
625 1 1 -16 15 -11
626 1 0 -10 15 -13
627 0 0 12 -16 11
628 0 0 10 9 2
629 0 0 13 7 10
630 1 0 -16 15 15
631 0 1 8 -16 9
632 0 1 15 10 13
633 0 1 10 15 -8
634 1 0 6 7 -14
635 0 1 7 -16 -8
636 0 1 12 12 4
637 0 1 13 15 5
638 0 1 2 -13 15
639 1 0 -16 15 15
640 0 0 13 -8 -7
641 0 1 0 -14 11
642 1 0 2 3 1
643 1 1 -16 -14 6
644 1 1 -16 -16 12
645 1 0 -16 15 -13
646 0 0 0 -16 11
647 0 1 15 -13 -16
648 0 1 15 -16 7
649 0 0 -2 6 8
650 1 0 -6 6 15
651 0 1 15 14 -13
652 0 1 13 -8 -16
653 0 0 15 -16 -12
654 0 0 15 -8 -15
655 0 1 -1 9 -5
656 0 0 7 4 -15
657 0 1 12 13 13
658 0 0 15 15 15
659 1 0 -10 9 2
660 0 0 15 -8 11
661 1 0 -13 -14 15
662 1 0 -11 -5 14
663 1 0 -6 -16 15
664 0 1 11 7 -16
665 0 1 2 15 -16
666 0 1 9 -16 8
667 1 1 -13 9 6
668 1 1 -4 13 15
669 1 0 -5 15 12
670 0 1 6 13 15
671 1 0 -5 12 -16
672 0 1 9 -6 -6
673 0 0 15 8 15
674 1 0 -16 -12 15
675 0 0 10 -7 -16
676 0 0 4 15 -16
677 0 0 15 -12 -16
678 1 1 -8 -15 -5
679 0 1 14 15 7
680 1 1 2 -11 12
681 1 1 -16 15 13
682 1 0 -13 -8 8
683 0 0 4 5 -1
684 1 1 -4 15 13
685 1 0 -12 -16 -16
686 0 1 15 -15 15
687 0 1 -1 15 15
688 1 1 -13 12 12
689 0 1 10 5 -11
690 0 0 15 -3 -15
691 0 1 8 -8 -13
692 1 1 -10 9 9
693 1 1 -11 -16 9
694 0 0 4 14 -14
695 1 1 -16 11 -8
696 0 1 14 12 -7
697 1 1 2 4 -16
698 1 1 -10 14 -7
699 0 1 13 12 -16
700 1 1 -15 4 -6
701 0 1 13 -16 -12
702 0 0 15 9 15
703 1 0 -8 -16 11
704 1 1 -12 -2 9
705 0 0 9 10 -14
706 1 0 -8 -14 15
707 0 0 15 15 15
708 1 1 -16 9 4
709 0 1 15 13 15
710 0 1 8 -8 1
711 1 0 -13 15 -16
712 0 1 13 -16 -16
713 0 0 15 -13 -2
714 0 1 15 -13 12
715 1 0 -7 -12 15
716 0 1 9 -9 -2
717 0 1 -4 -11 -16
718 0 0 15 2 -8
719 0 1 10 -2 1
720 1 1 -5 -16 -16
721 1 0 6 -14 15
722 1 0 -16 -6 -16
723 1 1 -16 -16 -5
724 1 1 -6 -16 -16
725 1 1 -12 -13 -16
726 0 0 15 15 15
727 1 1 -16 -16 -13
728 0 0 15 -12 -11
729 1 0 -11 -10 9
730 1 1 -11 2 3
731 0 1 15 -16 -12
732 1 0 -12 8 -8
733 1 0 -11 -4 11
734 1 0 -16 -7 -13
735 1 1 -16 -15 -16
736 0 0 15 -7 4
737 0 1 15 15 -10
738 0 1 15 -7 10
739 0 0 15 13 8
740 0 1 15 7 -3
741 0 1 15 -6 -16
742 1 0 -2 9 -15
743 1 1 -13 -1 15
744 1 0 -12 13 10
745 1 0 -13 -14 14
746 0 1 15 -14 -6
747 1 1 -3 -10 -16
748 0 1 8 -10 15
749 1 1 -13 15 15
750 1 0 -16 -1 -16
751 1 1 -8 -8 -5
752 1 0 -14 15 4
753 1 0 -14 15 13
754 0 1 15 -14 10
755 1 1 -10 -5 2
756 1 0 -14 -16 15
757 0 0 15 12 -3
758 0 0 15 12 -16
759 1 1 -13 2 15
760 0 0 -1 -16 8
761 1 1 -16 -3 -13
762 0 0 5 9 15
763 0 0 0 12 -16
764 1 0 -16 12 15
765 1 1 -8 9 -16
766 1 0 2 -16 -8
767 1 0 -14 15 9
768 1 1 -13 -5 11
769 0 1 5 0 -11
770 0 0 2 -16 5
771 0 0 10 15 15
772 0 1 6 4 15
773 1 1 -14 15 -4
774 1 1 -11 3 15
775 0 0 8 1 15
776 1 0 -12 14 2
777 0 1 10 -16 -12
778 1 0 -5 -16 15
779 1 1 -14 -16 10
780 0 0 5 9 15
781 1 0 -11 -16 -8
782 1 0 -16 1 -16
783 1 1 -16 -11 10
784 1 1 -14 -7 -7
785 1 0 -8 12 13
786 0 0 2 -14 -13
787 0 1 9 -16 -14
788 0 1 7 -13 -16
789 0 1 15 3 -8
790 1 1 -16 11 -4
791 0 1 15 15 -11
792 1 0 -3 12 15
793 0 1 10 -11 -1
794 0 1 11 15 7
795 0 0 15 4 15
796 1 0 -16 15 6
797 0 0 15 -16 11
798 1 0 -4 -1 8
799 1 1 5 -16 -16
800 0 0 15 15 6
801 0 1 15 15 3
802 0 0 15 -16 11
803 0 0 -1 -9 -7
804 1 0 -13 8 -16
805 0 0 15 10 -1
806 0 0 4 13 15
807 1 0 -12 -6 -5
808 1 1 -8 -16 -8
809 1 0 -15 15 15
810 0 1 15 -16 -16
811 0 1 3 -6 12
812 1 1 -11 15 -1
813 1 0 -16 5 7
814 1 0 -16 -9 2
815 0 1 15 -16 -13
816 0 0 13 -5 15
817 1 1 -16 -16 -9
818 0 0 0 -12 2
819 1 0 -16 15 11
820 0 0 13 12 -7
821 0 1 3 11 -16
822 1 1 -15 -6 -16
823 1 0 -6 -11 4
824 0 1 12 -16 -12
825 1 0 -16 15 -2
826 0 0 9 15 15
827 1 1 -12 -6 15
828 0 0 11 12 15
829 1 1 -16 4 15
830 0 1 14 7 13
831 1 0 -16 15 15
832 0 1 8 -8 9
833 0 0 8 7 -14
834 0 1 11 15 -16
835 1 1 -13 2 -16
836 1 0 -16 15 14
837 0 1 12 10 -13
838 1 0 5 15 -3
839 1 1 -16 11 -16
840 1 0 -16 -9 -6
841 1 0 -16 15 -4
842 0 1 9 15 -4
843 1 0 -16 -7 -8
844 0 1 10 7 3
845 1 0 -16 15 15
846 1 1 -16 -16 -11
847 0 1 2 -12 -4
848 1 1 -16 -16 8
849 0 0 -1 -11 -16
850 1 1 -16 2 7
851 0 1 15 10 15
852 1 1 -16 -16 11
853 1 1 -16 -16 -1
854 0 0 7 -4 -16
855 1 1 -16 15 -9
856 0 1 9 15 15
857 1 0 -16 -11 -16
858 1 1 -9 -9 8
859 1 1 -9 15 11
860 0 0 13 2 -11
861 1 1 -14 0 -16
862 0 1 15 -4 -11
863 0 0 7 -14 15
864 0 1 15 -7 -15
865 0 1 13 15 6
866 0 0 15 -8 8
867 0 1 4 -1 -16
868 0 0 10 15 5
869 1 0 -5 5 -6
870 0 0 13 -16 15
871 1 0 -10 -16 4
872 0 1 15 11 7
873 1 0 -9 -10 -3
874 1 1 -12 15 -9
875 1 1 -12 -11 -13
876 0 1 15 15 -14
877 1 0 -6 -6 9
878 0 0 15 9 15
879 1 0 -7 15 -12
880 1 1 -12 1 12
881 0 0 10 15 -14
882 1 1 -16 15 15
883 0 0 15 1 -5
884 0 0 7 9 -2
885 1 1 -8 -7 15
886 1 1 -13 12 -12
887 0 0 12 15 7
888 1 1 -6 -16 15
889 0 0 13 13 15
890 1 0 -7 2 -14
891 0 0 4 10 -1
892 0 1 15 -16 11
893 0 0 15 -7 10
894 1 1 -16 15 3
895 1 0 -6 -1 6
896 0 0 3 12 -16
897 0 0 14 -15 8
898 1 0 -12 -16 5
899 0 1 15 7 10
900 1 1 -11 -6 15
901 1 1 -4 3 -16
902 1 1 -13 -16 14
903 0 1 15 6 -8
904 0 0 15 -7 15
905 1 1 -9 -16 14
906 0 0 6 12 11
907 1 1 -16 -9 15
908 1 0 -15 15 -16
909 0 0 9 13 2
910 0 0 7 11 6
911 1 1 -15 -7 15
912 1 1 -7 -5 15
913 0 0 15 -10 12
914 0 1 15 -13 6
915 1 1 -16 -16 15
916 0 0 5 -4 15
917 1 1 -11 -1 4
918 0 1 15 13 12
919 1 0 -16 -16 8
920 1 0 -14 -10 -14
921 0 1 15 -12 15
922 1 1 -16 6 15
923 1 1 -8 -16 7
924 1 1 -14 -16 -16
925 0 0 8 1 -8
926 1 0 -9 15 10
927 1 0 5 -16 -15
928 0 1 12 11 -16
929 1 1 -9 8 -14
930 1 0 -16 -12 15
931 0 0 15 -6 15
932 1 1 -5 -13 8
933 1 0 -12 6 -16
934 1 1 -16 -1 -4
935 1 0 -5 11 7
936 1 1 -10 3 -11
937 0 0 13 2 -16
938 1 1 -14 -16 -10
939 1 1 -4 15 10
940 0 1 8 -4 11
941 1 1 -16 14 -2
942 1 1 -16 15 -9
943 1 1 -12 2 15
944 0 0 6 11 15
945 1 0 -15 15 7
946 1 0 0 15 15
947 1 1 -12 -16 -12
948 0 0 15 -14 2
949 1 1 -15 -16 15
950 1 1 -7 -1 -1
951 1 1 -4 9 8
952 1 0 -16 0 11
953 0 0 15 0 12
954 0 1 13 -14 -10
955 1 0 -16 15 13
956 1 1 -10 1 8
957 1 1 -11 6 -16
958 1 0 1 -11 -13
959 1 0 -11 15 6
960 0 0 15 11 -14
961 0 0 15 15 12
962 0 1 15 7 -14
963 1 0 -16 -12 -15
964 1 1 -12 -16 -14
965 1 1 -16 15 14
966 1 0 -16 15 -9
967 1 1 -16 15 15
968 0 1 15 10 4
969 1 1 -16 14 12
970 1 0 -3 3 13
971 1 1 -9 -16 13
972 1 0 -16 7 -15
973 0 1 1 3 -16
974 1 0 -16 -16 12
975 1 1 -4 -7 -4
976 0 0 11 -14 -11
977 1 0 -13 15 13
978 1 0 -4 -2 -16
979 0 0 10 15 6
980 1 1 -11 15 -16
981 0 1 15 9 5
982 1 0 -11 -1 15
983 0 1 15 -15 -14
984 0 1 5 6 -7
985 0 1 3 14 15
986 0 1 12 -11 12
987 0 0 7 -16 -6
988 1 0 -13 15 4
989 0 1 15 12 -16
990 0 0 4 -9 -10
991 1 1 -10 -11 -16
992 0 0 15 6 0
993 0 0 15 -14 -16
994 1 0 -10 -16 7
995 0 0 13 6 -9
996 1 1 -9 -10 -13
997 0 1 5 -16 -16
998 1 1 -16 -14 -16
999 1 1 -5 14 -16
1000 0 0 12 -11 11
1001 0 1 15 -11 -16
1002 0 1 15 -2 15
1003 1 0 -6 -9 15
1004 1 0 -16 15 15
1005 0 0 8 -16 15
1006 1 0 -11 11 8
1007 1 0 -11 9 15
1008 0 1 15 -12 -16
1009 0 1 6 12 -16
1010 1 1 -11 -16 11
1011 1 0 -8 14 -12
1012 0 0 11 12 -3
1013 0 1 15 11 15
1014 1 1 -7 -16 -2
1015 1 1 -7 -11 -5
1016 1 0 -11 5 -14
1017 1 0 -9 13 -16
1018 0 1 15 -12 -16
1019 1 0 -16 -16 -11
1020 0 0 15 10 -9
1021 0 1 4 15 -16
1022 0 1 3 -14 8
1023 0 0 11 -2 -12
1024 0 1 15 -12 4
1025 1 1 -16 -11 13
1026 0 1 11 -3 11
1027 0 1 15 -16 -16
1028 0 0 15 2 -4
1029 1 1 -16 15 -12
1030 1 1 -9 -15 2
1031 1 1 -8 14 14
1032 0 1 3 -5 15
1033 1 1 -15 -16 -11
1034 0 0 14 15 -1
1035 1 0 -1 -3 15
1036 1 1 -9 -16 15
1037 1 0 -16 11 15
1038 0 1 15 14 15
1039 1 0 -15 -16 -11
1040 0 0 15 15 1
1041 1 0 -14 15 1
1042 1 0 -15 -8 -6
1043 0 1 15 -16 15
1044 0 1 10 15 15
1045 0 0 11 -3 -16
1046 0 0 -6 15 13
1047 1 0 -10 -16 9
1048 1 0 -14 2 -16
1049 1 0 -14 -15 -12
1050 1 1 -11 -14 15
1051 1 1 -16 15 -16
1052 1 1 -6 6 -4
1053 1 1 -5 15 6
1054 0 0 15 11 -12
1055 0 1 15 -16 9
1056 0 0 11 -16 -16
1057 0 0 12 -16 -12
1058 0 0 12 15 -16
1059 0 0 15 -16 15
1060 1 0 -5 -4 -16
1061 0 1 15 5 -13
1062 1 0 -14 -3 15
1063 1 1 -13 15 -8
1064 1 1 -16 -7 0
1065 0 1 1 15 -6
1066 0 1 8 -16 -16
1067 0 0 14 15 -16
1068 1 0 -9 -16 -16
1069 1 1 -16 11 -14
1070 1 0 -10 0 -9
1071 1 1 -14 -14 7
1072 1 0 -16 15 15
1073 1 0 0 15 1
1074 1 1 2 15 -15
1075 1 0 -6 0 2
1076 0 1 15 -13 15
1077 0 0 15 15 5
1078 1 0 -8 4 -12
1079 1 0 -11 0 -13
1080 0 0 15 -10 -9
1081 0 1 15 6 -12
1082 0 1 15 -16 6
1083 0 1 15 15 8
1084 1 0 -5 -13 -1
1085 1 1 -16 -3 3
1086 1 1 -15 -6 -7
1087 0 1 15 9 -9
1088 1 1 -5 15 -12
1089 0 0 13 11 6
1090 0 0 12 -16 14
1091 1 0 -11 15 -11
1092 1 1 -16 15 3
1093 0 1 15 -14 12
1094 0 0 -3 1 5
1095 1 1 -14 -16 -16
1096 1 0 -16 13 8
1097 0 1 5 -1 -12
1098 1 0 -4 -9 -10
1099 1 0 -16 -7 11
1100 1 1 -16 6 2
1101 1 0 -16 14 15
1102 0 1 15 -14 5
1103 0 1 11 3 9
1104 0 1 10 6 -13
1105 0 0 15 1 -13
1106 0 0 6 2 6
1107 1 1 -16 15 12
1108 1 0 -3 -6 4
1109 0 1 15 4 15
1110 1 1 -16 15 13
1111 0 1 15 14 -5
1112 1 0 -16 15 -16
1113 0 0 1 -9 15
1114 0 0 4 10 -14
1115 1 1 -7 -4 -16
1116 1 0 -9 15 15
1117 0 1 3 6 -15
1118 0 1 14 9 10
1119 1 0 -16 -14 14
1120 0 0 12 15 12
1121 0 0 5 -14 15
1122 0 0 13 15 15
1123 1 0 -13 -15 15
1124 1 1 -7 9 -9
1125 0 0 15 10 15
1126 0 0 14 11 -16
1127 0 0 15 15 15
1128 1 0 -16 -16 15
1129 1 1 -6 -4 4
1130 0 1 5 -16 15
1131 0 0 0 -4 15
1132 1 1 -12 -16 14
1133 1 1 -7 4 15
1134 0 1 6 -8 -16
1135 0 1 -4 -10 11
1136 0 1 11 -10 -15
1137 1 0 -16 -6 11
1138 1 1 0 14 15
1139 0 1 8 -15 -11
1140 1 1 -11 15 4
1141 0 1 11 -16 -11
1142 1 1 -12 15 -16
1143 1 1 -12 -1 10
1144 1 1 -9 14 10
1145 1 0 -14 -9 -15
1146 1 1 -13 15 -9
1147 1 1 -16 -14 -15
1148 1 1 -16 -16 -14
1149 1 0 -16 10 15
1150 0 0 15 -16 13
1151 0 1 13 -13 4
1152 0 0 7 -10 -5
1153 1 1 -13 -16 -11
1154 1 1 -16 6 -7
1155 0 0 15 -4 14
1156 1 1 -16 11 -14
1157 1 1 1 15 15
1158 0 0 10 -13 15
1159 0 0 14 12 12
1160 0 0 15 10 15
1161 0 0 15 0 15
1162 0 0 7 -12 8
1163 0 0 12 -14 7
1164 0 0 14 15 1
1165 0 1 1 -9 -11
1166 0 0 15 10 15
1167 1 0 -15 -16 -16
1168 0 0 4 -9 6
1169 1 0 -12 -12 5
1170 1 0 -16 9 -16
1171 1 1 -16 15 4
1172 0 0 15 -6 -16
1173 0 0 2 15 -16
1174 1 1 -16 -9 11
1175 1 1 -12 5 -9
1176 0 1 15 0 -11
1177 0 0 15 15 -16
1178 0 1 15 15 13
1179 0 0 15 15 10
1180 1 1 -15 -9 -15
1181 0 1 12 15 -11
1182 1 0 -16 11 -16
1183 0 1 9 15 15
1184 0 0 9 -14 15
1185 1 0 -9 15 15
1186 1 0 -10 15 15
1187 1 0 -16 6 15
1188 0 1 15 13 -10
1189 1 1 -16 13 -16
1190 0 0 1 -14 -2
1191 0 1 15 2 5
1192 0 1 15 12 -16
1193 1 0 3 15 14
1194 0 0 9 -16 -10
1195 1 0 -11 -4 2
1196 1 0 -12 -11 5
1197 1 0 -6 -14 -11
1198 0 0 15 11 -12
1199 0 0 -2 5 -12
1200 0 0 15 -12 7
1201 1 0 -16 15 -16
1202 1 0 -16 11 9
1203 1 0 -11 15 0
1204 0 1 15 15 5
1205 0 0 13 -9 -2
1206 0 1 8 -16 -10
1207 1 0 -12 13 7
1208 1 1 -16 -12 -6
1209 1 0 -2 -15 -16
1210 0 1 10 -11 -7
1211 0 0 15 -15 -13
1212 1 0 -16 -1 -16
1213 0 0 15 -8 10
1214 1 0 -11 13 -7
1215 0 0 15 13 15
1216 0 0 14 15 11
1217 1 0 -16 -8 2
1218 0 0 11 15 -2
1219 1 1 -6 15 3
1220 0 0 15 12 15
1221 0 0 15 -15 14
1222 0 1 15 -7 2
1223 0 1 14 -5 -2
1224 0 0 15 15 -8
1225 0 1 12 -15 6
1226 0 0 15 15 15
1227 1 0 -6 -15 15
1228 1 1 -16 7 -15
1229 0 0 15 15 13
1230 1 1 -14 -12 8
1231 1 0 -16 -16 15
1232 0 0 15 -9 -11
1233 1 1 -16 15 15
1234 0 0 15 14 -16
1235 1 0 -13 -14 -8
1236 1 0 -16 -16 -14
1237 1 0 -5 13 10
1238 0 1 7 -9 -2
1239 0 1 15 -13 -5
1240 1 0 -16 7 -16
1241 1 1 -16 -15 -11
1242 1 0 -14 -6 -7
1243 0 1 15 -16 14
1244 1 1 -16 9 -8
1245 0 0 10 10 13
1246 1 0 -4 -16 -5
1247 0 0 11 14 8
1248 0 0 15 -16 6
1249 1 1 -11 -9 11
1250 0 1 15 11 15
1251 1 0 2 -15 9
1252 0 1 2 -8 14
1253 1 0 -16 -16 -16
1254 1 1 -16 12 -7
1255 0 1 9 -12 -16
1256 0 1 13 -5 -10
1257 0 0 2 -16 12
1258 1 0 -14 -10 15
1259 0 1 2 -16 13
1260 0 1 15 -8 15
1261 1 1 -16 -16 -16
1262 0 0 12 -16 -9
1263 1 0 -16 14 14
1264 1 1 -6 -16 12
1265 0 0 14 15 15
1266 1 1 -12 13 3
1267 1 0 -14 3 -7
1268 1 0 -4 2 15
1269 1 1 -12 -8 -11
1270 1 1 -6 -16 15
1271 0 1 10 -11 -16
1272 0 0 13 -16 15
1273 1 1 -13 -16 15
1274 0 0 2 -8 8
1275 0 0 15 -7 -3
1276 0 0 11 15 -16
1277 0 1 10 -11 9
1278 1 1 2 -16 -12
1279 1 1 -15 -16 -16
1280 1 1 -6 -8 0
1281 1 1 -6 -16 14
1282 1 0 -16 -16 -11
1283 1 1 -16 -16 -6
1284 1 1 -16 -11 -9
1285 1 0 -10 -2 13
1286 1 0 -16 -16 15
1287 0 1 14 15 15
1288 0 1 1 14 9
1289 1 0 -16 2 15
1290 1 1 -13 6 15
1291 1 1 -8 -16 13
1292 0 1 15 -15 -16
1293 0 0 12 14 -1
1294 1 0 -10 9 15
1295 1 1 -16 -16 15
1296 1 1 -16 13 -8
1297 1 0 -12 2 -14
1298 1 0 -7 -9 15
1299 0 0 15 -10 -6
1300 0 0 11 -10 15
1301 1 0 -16 -15 13
1302 1 0 -15 15 -13
1303 0 0 15 -11 -8
1304 0 0 15 -13 -11
1305 1 0 -5 15 6
1306 1 0 -3 -16 -10
1307 0 1 3 15 7
1308 1 1 -16 9 -16
1309 1 0 -8 -16 15
1310 0 1 15 -16 -9
1311 0 1 13 11 11
1312 1 0 -16 8 15
1313 0 1 7 10 2
1314 0 1 8 -5 -16
1315 1 1 -16 9 15
1316 1 0 -10 15 -10
1317 0 1 10 -14 8
1318 0 0 15 5 -4
1319 0 0 15 6 -16
1320 1 0 -12 7 -3
1321 0 1 5 -16 -14
1322 0 1 15 5 2
1323 1 1 -13 -11 3
1324 1 0 -16 7 -11
1325 0 1 11 13 -15
1326 0 0 14 15 14
1327 0 0 15 11 12
1328 0 1 12 15 11
1329 0 0 15 15 -11
1330 1 1 -12 -10 -14
1331 1 1 -15 -15 -10
1332 1 1 -4 6 -6
1333 0 1 15 -16 -15
1334 0 0 6 -4 15
1335 0 1 7 -7 -16
1336 1 1 -10 -15 15
1337 1 0 -11 -4 11
1338 1 1 -14 15 -8
1339 1 0 -7 15 11
1340 0 0 15 10 2
1341 0 0 13 -15 13
1342 0 1 7 -10 -16
1343 1 0 -6 12 -16
1344 0 0 12 15 6
1345 0 0 12 15 -16
1346 0 1 15 8 -16
1347 1 0 -13 -16 15
1348 1 1 -16 -9 -16
1349 0 1 13 -10 6
1350 1 1 0 14 -8
1351 0 0 15 9 15
1352 0 1 7 14 15
1353 1 0 -16 -5 6
1354 1 0 0 -16 -6
1355 1 0 -7 15 -6
1356 0 1 8 -15 15
1357 0 0 5 -16 3
1358 0 1 8 1 -16
1359 1 0 -16 -6 -1
1360 1 1 -11 15 0
1361 1 1 -11 3 -15
1362 0 1 15 -3 15
1363 1 1 -16 -11 13
1364 0 1 11 7 -12
1365 1 1 -16 -12 -2
1366 0 1 15 -11 12
1367 1 1 4 -16 14
1368 1 1 -13 12 -15
1369 0 0 9 -16 -9
1370 0 0 15 -16 10
1371 0 1 -1 -13 15
1372 0 0 8 2 11
1373 1 1 -16 10 2
1374 0 1 1 15 3
1375 1 0 -4 12 15
1376 0 1 13 -8 -7
1377 0 1 8 15 14
1378 1 0 -16 -10 5
1379 1 0 -9 14 -16
1380 0 1 6 7 15
1381 1 0 -9 -8 -16
1382 0 0 11 1 -16
1383 0 1 15 -16 15
1384 0 0 1 15 13
1385 0 1 7 11 -16
1386 1 1 -10 11 3
1387 0 0 4 -8 -11
1388 0 0 11 15 -16
1389 1 1 -12 -9 -16
1390 0 1 14 -15 5
1391 1 1 -16 -2 15
1392 1 0 -14 3 -16
1393 1 0 -14 11 12
1394 1 0 -10 15 15
1395 0 1 14 2 13
1396 0 1 15 -9 12
1397 1 0 -7 12 10
1398 0 1 5 -15 11
1399 1 0 -12 8 -16
1400 0 0 15 -2 12
1401 1 1 -16 12 -16
1402 0 1 15 -14 13
1403 1 0 -8 9 15
1404 1 0 -9 15 10
1405 1 0 -16 15 12
1406 0 0 14 15 15
1407 1 1 -10 15 -9
1408 1 1 -16 3 -11
1409 1 1 -11 -16 15
1410 0 0 14 -12 -16
1411 0 0 15 15 -8
1412 1 1 7 -1 15
1413 0 1 10 5 -8
1414 0 1 15 -16 -16
1415 0 1 11 0 15
1416 0 1 5 4 12
1417 0 0 15 -4 -16
1418 0 0 14 -16 15
1419 1 1 -6 8 -11
1420 0 0 14 9 -12
1421 1 1 -3 -4 -16
1422 0 0 -1 -16 -16
1423 1 1 0 -15 12
1424 0 1 15 -13 -4
1425 1 1 -10 15 -13
1426 0 0 15 14 -16
1427 0 0 15 15 -2
1428 1 1 -11 -11 -9
1429 0 1 15 15 9
1430 0 1 15 -11 15
1431 0 0 5 15 -8
1432 0 1 13 1 -10
1433 1 0 -8 15 0
1434 0 0 15 -3 4
1435 0 0 9 13 -10
1436 0 0 11 12 -16
1437 0 0 15 -11 -14
1438 0 1 9 -16 -16
1439 0 1 15 -16 15
1440 1 0 -8 -12 -16
1441 1 1 -13 15 0
1442 0 0 13 -6 -13
1443 1 0 -16 1 -15
1444 0 1 15 -6 8
1445 0 0 5 -16 14
1446 1 0 -6 15 12
1447 0 0 15 13 15
1448 1 1 1 2 -10
1449 1 1 -9 -16 -14
1450 1 1 -14 10 15
1451 1 1 -13 15 15
1452 0 0 15 -16 -10
1453 0 1 15 10 -16
1454 0 1 15 15 -9
1455 1 0 -11 15 15
1456 1 1 -8 15 -16
1457 1 0 -16 -13 -15
1458 1 1 -15 0 -16
1459 1 1 -16 -16 15
1460 0 0 15 15 -15
1461 1 0 -6 -1 -11
1462 1 1 -16 -2 15
1463 1 1 -14 5 -13
1464 1 1 -5 -8 -16
1465 0 0 15 13 -16
1466 1 1 -11 12 15
1467 0 0 2 11 15
1468 0 0 15 -16 10
1469 1 0 -16 11 13
1470 0 1 15 -16 -9
1471 0 1 9 -3 -4
1472 1 1 -16 9 15
1473 0 1 12 14 -7
1474 0 1 4 10 12
1475 1 1 -8 -16 -11
1476 0 0 15 15 -16
1477 1 1 -16 15 -12
1478 0 0 12 3 -15
1479 0 1 11 -6 9
1480 0 0 5 -14 9
1481 1 0 -16 -2 15
1482 0 0 15 13 15
1483 0 1 15 15 -14
1484 1 0 -12 -12 15
1485 0 1 15 15 8
1486 0 0 15 -10 15
1487 1 1 -7 -13 15
1488 1 0 -8 -1 -9
1489 0 1 15 4 -10
1490 0 0 7 12 6
1491 0 0 9 -13 15
1492 1 1 0 14 7
1493 0 0 6 1 -7
1494 1 1 -16 15 -12
1495 0 0 8 -16 15
1496 0 0 9 -2 15
1497 1 1 -16 7 15
1498 0 1 14 14 4
1499 0 0 15 15 11
1500 1 1 -5 -12 15
1501 0 0 9 15 -12
1502 0 1 4 -10 -16
1503 0 0 10 6 6
1504 1 0 -9 -16 10
1505 1 0 -16 15 -14
1506 0 0 15 12 -12
1507 1 0 -7 -16 -15
1508 1 1 -12 -6 -12
1509 1 1 -5 15 13
1510 1 0 -8 15 3
1511 1 1 -11 15 7
1512 1 1 -12 -11 15
1513 1 1 -14 -5 15
1514 1 0 1 -14 15
1515 0 1 15 12 15
1516 0 0 -2 -16 -1
1517 0 1 9 15 -12
1518 0 1 9 5 -7
1519 0 1 15 -16 -5
1520 0 0 15 -9 11
1521 0 0 15 -12 11
1522 1 1 -16 -16 3
1523 1 1 -12 12 10
1524 1 0 -16 8 15
1525 1 0 -16 15 -14
1526 0 1 5 2 9
1527 1 1 -12 15 15
1528 1 0 -2 15 -7
1529 1 0 -16 -13 15
1530 0 1 13 -10 -9
1531 1 0 -16 -16 -16
1532 1 1 -13 11 -4
1533 0 1 14 -14 15
1534 1 0 -16 15 -16
1535 1 1 -7 10 15
1536 1 1 -13 2 15
1537 1 0 -16 -14 -16
1538 1 1 -16 12 -15
1539 0 1 10 15 -16
1540 0 0 14 15 12
1541 1 0 -2 -16 7
1542 1 1 -16 -15 -7
1543 0 0 9 -16 -16
1544 1 1 -5 12 2
1545 1 0 -15 -16 0
1546 1 0 -10 -16 10
1547 1 0 -7 10 -4
1548 1 1 -16 15 4
1549 0 0 15 -16 -10
1550 0 1 10 3 12
1551 0 0 15 15 -16
1552 0 0 4 -6 -9
1553 0 0 13 -7 -16
1554 0 0 15 -1 15
1555 1 0 -16 -16 -16
1556 1 0 -16 15 15
1557 1 1 -16 15 -13
1558 0 1 15 -14 15
1559 1 1 -16 -16 -10
1560 0 1 15 10 -6
1561 1 1 -16 -8 15
1562 0 1 9 -8 13
1563 1 1 -6 -16 13
1564 0 0 15 -5 15
1565 1 1 -16 9 11
1566 1 0 -9 -16 -16
1567 1 0 -16 -16 -1
1568 0 1 15 -8 -16
1569 1 1 -8 15 6
1570 1 1 -16 -16 -12
1571 1 1 -16 -4 -16
1572 0 1 13 -16 12
1573 1 0 -16 15 0
1574 0 0 0 2 -13
1575 0 1 12 8 7
1576 1 0 -11 -16 5
1577 1 1 -14 -15 3
1578 0 0 -3 -16 4
1579 0 1 15 -14 4
1580 1 1 -16 -12 -15
1581 0 1 4 -5 6
1582 0 0 9 -12 10
1583 1 0 -5 -16 11
1584 1 1 -15 15 -7
1585 0 0 13 -13 8
1586 1 0 -13 3 -12
1587 1 0 -16 15 15
1588 1 1 -16 15 -16
1589 0 1 5 12 15
1590 0 1 7 -16 -16
1591 1 1 -13 14 -10
1592 1 0 -12 14 -6
1593 0 0 15 -16 -2
1594 1 0 -16 -12 11
1595 0 1 15 4 15
1596 1 0 -14 -12 11
1597 1 0 -4 15 -11
1598 1 1 -16 -16 8
1599 1 1 -15 -13 2
1600 0 0 15 -13 3
1601 0 1 15 -16 -4
1602 0 0 15 9 2
1603 1 0 -7 15 15
1604 1 1 -15 -15 9
1605 0 0 6 -16 -12
1606 0 1 10 15 -16
1607 0 1 15 -14 -15
1608 1 0 -16 -16 15
1609 0 0 15 15 12
1610 1 1 -16 -15 15
1611 0 1 -2 -16 1
1612 0 1 14 8 -16
1613 1 1 -16 9 15
1614 0 1 14 15 -10
1615 0 0 7 -16 11
1616 0 0 -3 -16 -16
1617 1 0 0 9 11
1618 0 0 14 12 15
1619 1 1 -16 -14 12
1620 1 0 -2 -11 -5
1621 0 1 15 -9 -16
1622 1 1 -4 12 -16
1623 1 0 -9 -7 15
1624 1 1 -8 -16 -16
1625 1 0 -16 4 -16
1626 0 1 15 -16 -16
1627 1 0 -16 15 0
1628 0 0 13 -15 -6
1629 0 1 13 -14 -13
1630 0 0 10 1 -12
1631 1 0 -16 -8 -16
1632 0 1 13 -16 -3
1633 0 0 14 -3 -11
1634 1 1 -2 -14 5
1635 1 0 -12 7 15
1636 1 0 -8 13 7
1637 0 0 0 -6 2
1638 1 1 -16 -16 -16
1639 1 1 -10 -16 -15
1640 0 1 15 15 14
1641 1 1 4 -3 7
1642 0 1 14 -10 6
1643 0 0 15 15 12
1644 1 1 -9 15 15
1645 1 0 -7 -11 -16
1646 0 1 -7 -12 -16
1647 0 0 15 15 7
1648 1 0 -16 15 15
1649 1 1 -16 -13 7
1650 0 0 13 -11 -12
1651 0 1 10 6 -16
1652 0 1 15 -14 -7
1653 0 0 5 15 3
1654 0 0 15 15 12
1655 0 1 10 -16 7
1656 1 0 -9 15 -16
1657 1 0 -16 11 -1
1658 0 0 6 -7 8
1659 0 1 15 15 15
1660 0 1 14 15 8
1661 1 1 -16 15 -14
1662 1 1 -16 15 15
1663 1 1 -12 -13 -12
1664 0 1 10 -2 -5
1665 1 1 -11 -3 13
1666 0 1 8 -7 15
1667 0 1 15 -10 15
1668 0 0 14 15 15
1669 0 0 15 -13 -4
1670 0 0 7 0 -13
1671 1 0 -9 -16 -16
1672 1 1 -16 13 -14
1673 1 0 -7 -16 -12
1674 1 0 -15 -7 -4
1675 0 1 15 -16 -16
1676 1 0 -16 15 -16
1677 1 0 -16 -7 -13
1678 1 0 -14 -8 15
1679 0 0 15 -16 -7
1680 1 1 -16 15 -10
1681 1 1 -11 -4 -16
1682 1 1 -16 -11 -5
1683 0 1 15 -16 -16
1684 1 1 -16 6 -16
1685 0 1 15 7 -16
1686 0 0 15 -1 13
1687 1 1 -14 -3 -5
1688 1 1 -12 3 0
1689 1 1 -14 15 -16
1690 1 1 -7 12 -1
1691 0 1 -1 -16 11
1692 1 0 -16 -9 -6
1693 0 1 15 15 -7
1694 0 0 14 15 -13
1695 0 1 7 -16 14
1696 0 0 11 -16 -8
1697 0 1 0 -7 14
1698 0 0 8 4 -16
1699 0 1 7 -14 6
1700 0 0 15 12 -15
1701 1 0 -12 -16 -9
1702 0 0 14 -16 -16
1703 0 0 15 11 15
1704 1 0 -12 11 -8
1705 1 0 -6 -4 9
1706 1 1 -13 8 -16
1707 0 1 11 7 10
1708 1 1 -8 -16 -7
1709 1 0 -11 -16 12
1710 1 0 -14 15 -12
1711 1 1 -16 15 -16
1712 0 0 12 -9 15
1713 1 0 -16 -2 8
1714 0 0 15 15 -16
1715 1 0 -15 -13 -13
1716 1 0 -16 15 -13
1717 0 1 9 0 -8
1718 1 0 -10 -13 -6
1719 1 1 -8 -16 15
1720 1 0 -16 -10 13
1721 1 0 0 4 15
1722 1 0 -16 12 15
1723 0 0 11 7 15
1724 1 0 -15 0 8
1725 1 0 -11 15 15
1726 1 0 -6 -15 9
1727 1 0 -11 15 11
1728 1 0 -16 -7 4
1729 1 1 -16 -16 -16
1730 0 0 13 -10 7
1731 1 0 -16 3 -14
1732 1 1 -3 -16 -16
1733 0 0 15 15 15
1734 0 1 5 -1 -3
1735 0 1 15 13 15
1736 1 1 -6 0 -8
1737 0 0 11 -8 4
1738 1 1 -13 -12 15
1739 1 1 -7 12 -16
1740 1 1 -16 12 15
1741 1 0 -11 15 13
1742 1 0 -10 -13 15
1743 0 0 12 1 8
1744 0 0 15 10 15
1745 1 1 -9 12 -7
1746 0 1 14 15 -12
1747 1 1 -14 15 14
1748 1 0 -6 10 -6
1749 0 0 14 12 -8
1750 1 1 -10 12 15
1751 1 0 -14 15 9
1752 1 0 -16 -5 15
1753 1 0 -12 15 6
1754 1 0 -7 -16 15
1755 0 0 15 15 9
1756 1 1 -6 9 -16
1757 1 1 -5 -16 -12
1758 0 1 14 -8 15
1759 0 0 5 15 -16
1760 0 0 -1 -1 5
1761 1 1 -12 -10 6
1762 1 0 -16 -16 14
1763 1 0 -11 -2 15
1764 0 1 7 15 -16
1765 1 1 -16 -16 -10
1766 1 0 -6 15 -16
1767 1 0 -9 -16 -7
1768 1 0 -3 -5 15
1769 1 1 -7 6 15
1770 1 0 -14 10 5
1771 1 0 -7 15 -1
1772 1 1 -16 -5 13
1773 0 0 6 -16 -16
1774 1 0 -16 -15 -16
1775 1 1 -16 13 6
1776 1 0 -13 5 7
1777 0 1 7 -11 -16
1778 1 1 -16 -16 -16
1779 0 1 6 2 5
1780 0 1 15 15 15
1781 0 1 12 -12 10
1782 1 1 2 15 -4
1783 0 1 15 -9 8
1784 0 0 2 0 15
1785 0 1 5 -11 -4
1786 0 0 11 15 13
1787 0 0 15 -10 -13
1788 1 1 -6 -16 -15
1789 1 1 -13 -15 -9
1790 0 0 11 6 12
1791 1 0 -16 -16 14
1792 0 0 5 -13 -12
1793 1 0 -10 -16 -10
1794 1 1 3 15 14
1795 1 0 -10 9 15
1796 0 1 4 -12 -1
1797 0 0 15 14 12
1798 0 0 6 15 -16
1799 0 1 15 -10 -6
1800 0 0 9 -3 15
1801 1 1 4 14 -7
1802 1 0 -9 -16 -2
1803 0 1 15 13 -8
1804 0 1 5 -7 15
1805 0 1 10 12 3
1806 1 0 -11 -16 -16
1807 0 1 11 -16 -16
1808 0 1 15 14 -7
1809 0 1 15 -16 -7
1810 1 0 -9 -15 15
1811 1 1 -16 -16 2
1812 1 0 -8 -16 -5
1813 1 0 -2 -8 15
1814 0 1 12 9 15
1815 1 1 -12 -15 -16
1816 0 0 10 -13 -16
1817 0 0 1 15 15
1818 0 0 15 -16 -16
1819 0 0 8 15 15
1820 0 1 6 0 -9
1821 1 0 -14 13 -7
1822 0 0 2 -16 9
1823 0 1 15 15 6
1824 1 1 1 -8 -6
1825 0 1 15 -8 8
1826 0 1 15 6 -16
1827 0 1 15 -16 -12
1828 1 1 -16 -16 13
1829 1 0 -4 -15 -11
1830 1 1 -16 -3 10
1831 1 1 -16 -1 8
1832 0 1 15 -1 9
1833 1 1 -7 -6 -16
1834 0 1 9 -9 15
1835 1 0 -12 -16 4
1836 0 1 7 -6 -11
1837 1 1 -16 7 -1
1838 1 0 -6 -9 -6
1839 0 0 5 15 -16
1840 1 1 -15 6 -16
1841 0 1 15 7 15
1842 1 1 -10 11 14
1843 1 1 -3 1 15
1844 0 1 2 15 -8
1845 0 0 15 -12 -5
1846 1 0 -11 -1 15
1847 1 0 -10 11 -8
1848 0 1 7 -11 -1
1849 1 0 -10 -10 7
1850 1 0 -13 -13 12
1851 1 1 -11 -16 15
1852 1 0 -11 -16 -8
1853 0 1 15 15 -16
1854 0 0 12 15 11
1855 1 0 -16 1 15
1856 1 1 0 10 15
1857 0 0 10 15 -16
1858 1 0 -16 15 8
1859 1 1 -16 6 -10
1860 1 0 -16 -16 -16
1861 0 1 12 -1 -16
1862 1 1 -7 -16 11
1863 1 0 -3 15 -12
1864 1 0 -16 15 -12
1865 1 1 -5 15 11
1866 0 0 13 6 8
1867 0 1 14 1 -16
1868 0 0 11 -13 7
1869 1 1 -14 11 11
1870 1 1 4 -16 -16
1871 0 1 15 12 13
1872 1 1 -16 15 -14
1873 0 1 15 9 -13
1874 0 1 9 -16 15
1875 0 1 11 -12 6
1876 1 0 -14 13 -10
1877 1 0 -16 -16 8
1878 1 0 -12 -16 15
1879 0 1 8 -16 8
1880 1 1 -11 13 5
1881 1 1 -9 -16 -1
1882 1 1 -3 -7 15
1883 1 0 -8 15 6
1884 0 0 14 -16 12
1885 0 1 15 -15 -16
1886 0 0 14 -4 15
1887 1 1 -16 -16 14
1888 1 0 -16 13 6
1889 0 0 15 -15 -16
1890 0 1 14 -13 13
1891 0 0 13 -16 -12
1892 0 0 6 15 -13
1893 0 0 8 -13 -9
1894 1 0 -16 1 4
1895 0 0 7 15 -16
1896 0 0 13 15 15
1897 1 1 -9 15 -16
1898 0 0 15 -6 -13
1899 0 1 14 7 -13
1900 0 1 4 10 15
1901 1 0 -14 4 -14
1902 0 1 6 -16 15
1903 0 1 7 13 15
1904 1 1 -4 -11 10
1905 1 1 -6 1 -16
1906 0 1 14 15 4
1907 0 1 15 15 -16
1908 0 1 9 15 -12
1909 0 1 9 12 8
1910 1 1 -7 -16 15
1911 0 0 10 9 -10
1912 1 0 -5 15 7
1913 0 0 14 -1 -2
1914 0 0 8 -11 -5
1915 1 1 -13 11 3
1916 1 0 -9 4 -10
1917 1 1 -15 15 13
1918 0 1 15 15 7
1919 0 1 7 -13 10
1920 1 1 -13 15 -16
1921 0 0 11 -14 -8
1922 0 1 15 -8 -1
1923 0 0 11 -12 -6
1924 0 1 15 7 15
1925 0 1 3 -10 -16
1926 1 0 -10 -9 8
1927 1 1 -5 -16 7
1928 1 0 -12 -16 15
1929 0 0 15 3 -16
1930 0 0 15 4 -11
1931 1 0 -12 15 -16
1932 0 0 15 -16 8
1933 1 1 -14 -11 15
1934 0 1 14 5 -4
1935 1 0 -4 -9 -12
1936 1 0 -14 7 2
1937 0 1 3 15 14
1938 0 1 13 15 -15
1939 0 1 2 1 14
1940 1 0 -9 -10 10
1941 0 1 15 15 -16
1942 0 1 15 -16 -4
1943 0 0 15 15 -12
1944 1 1 -15 -16 12
1945 0 1 9 -4 -16
1946 0 0 15 5 9
1947 0 0 15 -16 -16
1948 0 0 12 15 3
1949 1 1 7 -16 -16
1950 0 0 6 -8 -7
1951 1 1 -15 -11 -16
1952 0 0 6 -14 -14
1953 0 1 12 -14 3
1954 0 1 6 15 -16
1955 0 1 9 -6 -3
1956 1 0 -16 -5 -13
1957 1 0 -9 -16 -2
1958 1 1 -12 -8 -8
1959 0 1 15 15 15
1960 0 1 7 12 13
1961 1 0 -14 15 -16
1962 0 1 10 -15 -16
1963 0 1 15 15 -16
1964 1 0 -16 -3 15
1965 1 0 -14 11 11
1966 1 1 -10 -11 15
1967 1 0 -16 -6 -7
1968 0 1 12 -4 -15
1969 1 0 -3 15 14
1970 0 0 12 7 15
1971 0 1 15 15 1
1972 1 0 -15 -16 -16
1973 0 1 15 15 -16
1974 0 1 11 -14 -1
1975 0 0 6 6 12
1976 1 0 -8 -14 13
1977 1 1 -10 15 15
1978 0 0 15 15 -16
1979 0 1 3 15 -7
1980 1 1 -15 -16 -16
1981 0 1 5 14 -11
1982 0 1 15 -8 -7
1983 0 0 5 15 12
1984 1 1 -11 -5 -12
1985 1 1 1 15 12
1986 0 0 6 13 7
1987 1 1 -8 -6 -8
1988 1 0 -6 -16 15
1989 1 0 -3 9 -16
1990 0 1 -7 -16 -16
1991 1 0 -12 8 15
1992 0 1 15 -6 -7
1993 1 0 -12 11 -16
1994 1 0 -16 9 8
1995 1 0 -16 0 -4
1996 1 0 -15 -8 15
1997 0 1 14 -7 -13
1998 1 0 -13 -5 0
1999 0 0 15 -9 9
2000 0 0 15 -16 -2
2001 0 0 9 5 15
2002 0 0 15 -2 10
2003 1 1 -16 -16 15
2004 0 1 -1 -4 9
2005 1 1 -3 -8 -10
2006 0 0 4 -16 -9
2007 1 0 -12 -10 15
2008 0 1 5 -16 9
2009 1 0 -11 15 15
2010 1 0 -12 -3 -8
2011 1 1 -16 -16 15
2012 0 0 14 0 -11
2013 0 1 5 -8 12
2014 1 1 -12 -15 13
2015 1 1 -16 8 15
2016 0 0 5 -15 5
2017 0 1 5 -9 15
2018 1 1 -8 14 9
2019 1 0 -16 4 13
2020 1 1 -8 -12 4
2021 1 0 -16 13 -11
2022 0 0 14 8 15
2023 1 0 -5 0 7
2024 1 0 -16 13 -9
2025 1 1 -16 15 15
2026 1 0 -16 -2 -16
2027 0 1 15 -16 15
2028 0 1 11 9 8
2029 1 1 -10 15 7
2030 1 1 1 -16 -6
2031 0 1 15 -16 14
2032 0 1 0 15 -15
2033 1 0 -11 15 15
2034 1 1 -10 -10 1
2035 0 0 15 -16 4
2036 1 1 -8 4 15
2037 1 0 -3 14 -14
2038 0 1 15 -16 -10
2039 0 1 15 -16 -11
2040 0 0 15 -9 13
2041 1 1 -16 -16 -16
2042 0 1 15 -16 15
2043 0 0 15 -16 8
2044 1 1 -11 -11 -8
2045 0 0 6 -4 13
2046 0 0 15 -13 -6
2047 1 1 -3 -12 -8
2048 1 1 -16 9 3
2049 1 1 -11 15 -11
2050 1 0 -2 10 1
2051 1 0 -16 -16 15
2052 1 1 1 8 11
2053 1 1 -13 -16 15
2054 0 1 13 15 -5
2055 1 1 -13 15 14
2056 0 1 15 15 -16
2057 1 1 -14 2 -16
2058 0 0 13 -12 -11
2059 1 0 -8 -12 -9
2060 0 0 5 15 15
2061 0 1 14 15 15
2062 1 0 -12 11 15
2063 1 1 -16 11 15
2064 0 1 7 8 4
2065 1 0 -16 15 15
2066 1 0 -12 2 -16
2067 0 1 15 15 13
2068 1 1 -13 0 15
2069 1 1 -16 13 14
2070 1 1 -10 -16 -15
2071 1 1 3 15 11
2072 1 1 -14 -16 -16
2073 1 1 -2 -4 -16
2074 0 0 15 -16 -9
2075 1 0 9 5 -7
2076 0 0 8 14 15
2077 0 0 13 15 -10
2078 1 0 -16 -16 4
2079 0 1 14 -3 -16
2080 1 1 -14 15 15
2081 0 1 14 11 -16
2082 0 1 15 -12 -11
2083 0 1 15 -16 8
2084 1 0 -16 15 -1
2085 0 0 15 15 -4
2086 0 0 15 13 -14
2087 0 0 15 15 11
2088 1 0 -16 -16 -13
2089 1 1 -6 -3 -7
2090 1 1 -14 11 -12
2091 1 0 -5 7 11
2092 0 0 15 -16 12
2093 1 0 -3 -8 -16
2094 0 1 1 15 3
2095 0 1 11 8 15
2096 1 0 -3 7 -16
2097 0 0 12 -6 13
2098 0 0 15 15 15
2099 0 0 12 8 -14
2100 0 0 10 -1 -1
2101 1 0 -16 15 1
2102 0 1 5 -8 -13
2103 0 1 11 -15 6
2104 0 0 6 7 -14
2105 1 0 -16 -16 -16
2106 0 1 14 -4 15
2107 1 0 -6 7 15
2108 0 1 15 11 -14
2109 1 0 -16 -11 15
2110 0 0 13 10 -3
2111 0 0 15 -6 14
2112 1 1 -11 -15 -14
2113 0 1 15 15 15
2114 0 0 15 15 7
2115 0 1 15 -14 -6
2116 0 1 6 -14 -9
2117 0 0 14 -16 -16
2118 0 1 5 8 4
2119 1 1 -15 6 -16
2120 0 1 10 15 -13
2121 0 1 15 -6 14
2122 1 1 -15 15 15
2123 0 0 10 -3 -14
2124 1 0 -16 15 15
2125 0 0 15 -16 15
2126 0 0 15 -16 1
2127 0 1 10 0 0
2128 1 0 -15 -9 -16
2129 0 1 5 -9 10
2130 1 1 -16 9 13
2131 0 1 15 15 14
2132 0 0 15 15 15
2133 0 0 15 12 -15
2134 0 0 8 15 -16
2135 1 0 -16 -15 -14
2136 1 1 -16 -10 -16
2137 0 1 9 -16 15
2138 0 0 7 -8 -8
2139 1 1 -16 -11 15
2140 1 0 -7 5 -8
2141 0 1 7 -15 15
2142 1 0 3 10 -6
2143 1 0 -1 15 -6
2144 0 1 15 -9 11
2145 1 1 -2 -6 -12
2146 0 0 15 12 0
2147 1 1 -10 -10 15
2148 0 1 5 -7 -11
2149 0 0 12 15 -13
2150 0 0 -3 -16 14
2151 1 0 -14 -6 -13
2152 1 0 -13 -14 10
2153 0 1 5 15 -12
2154 1 0 -2 -7 -15
2155 0 1 2 -16 -6
2156 0 1 15 13 15
2157 0 1 15 -12 15
2158 0 0 10 15 2
2159 0 0 8 15 5
2160 0 1 5 -16 -13
2161 1 1 1 15 15
2162 0 1 -13 -16 -10
2163 1 1 -15 13 -16
2164 0 0 8 -5 -16
2165 0 0 15 -9 2
2166 1 1 -9 15 -9
2167 0 1 15 13 10
2168 0 0 12 15 -7
2169 1 1 -16 -16 15
2170 0 0 15 15 -16
2171 1 0 -4 15 -9
2172 1 1 -16 -5 7
2173 1 0 -4 11 7
2174 1 1 -1 -16 -13
2175 1 1 -13 -13 -4
2176 1 1 -16 14 12
2177 1 1 -12 6 15
2178 0 1 15 2 15
2179 1 1 -14 -6 -9
2180 1 1 -16 -16 12
2181 0 1 12 4 -9
2182 1 0 -8 -16 15
2183 1 1 -16 13 10
2184 1 0 -7 -12 12
2185 0 1 7 15 15
2186 1 0 -3 15 -16
2187 1 0 -12 -8 15
2188 0 0 13 -16 13
2189 1 1 -16 -2 -2
2190 0 0 -1 -11 -11
2191 0 0 10 -16 11
2192 0 1 5 -1 -16
2193 1 0 -7 15 -16
2194 1 1 -9 -10 -11
2195 0 0 15 -16 -16
2196 0 1 11 15 15
2197 0 0 14 -10 10
2198 0 1 12 10 -2
2199 1 1 -12 -11 -9
2200 0 0 5 -16 -7
2201 0 0 13 15 -11
2202 1 1 -8 8 -16
2203 1 1 -8 -16 7
2204 0 1 14 -12 8
2205 1 0 -5 -6 -10
2206 1 1 -15 -1 -16
2207 0 0 15 -7 12
2208 0 0 15 -5 5
2209 0 1 15 -6 15
2210 0 0 15 13 -3
2211 1 1 -6 13 -14
2212 0 1 15 13 -5
2213 1 1 -13 -2 -10
2214 0 1 8 -9 -15
2215 0 0 15 15 15
2216 0 0 -2 15 5
2217 0 1 -4 -16 15
2218 0 0 12 -1 -9
2219 1 1 -10 15 -16
2220 0 0 1 12 15
2221 1 0 -13 -16 15
2222 1 1 -3 -10 8
2223 1 1 -12 15 15
2224 0 0 9 -12 11
2225 1 1 -11 9 9
2226 0 0 7 -16 -14
2227 0 1 8 -16 -16
2228 0 0 15 -5 3
2229 0 0 15 12 15
2230 1 0 -6 15 -8
2231 1 1 -10 -16 15
2232 1 0 -16 15 -12
2233 1 1 -16 -16 -2
2234 0 1 3 15 15
2235 0 1 14 -13 4
2236 1 1 -16 -16 -16
2237 1 0 5 -1 -3
2238 1 0 -13 -10 15
2239 1 0 -15 -14 -11
2240 0 0 14 13 5
2241 1 0 -16 0 14
2242 0 0 14 -16 -7
2243 1 0 -15 -15 -12
2244 0 0 13 -16 -16
2245 1 0 -16 7 15
2246 0 0 6 15 -16
2247 0 1 15 15 -11
2248 1 0 -4 -5 15
2249 1 1 -14 -4 -16
2250 1 1 -8 15 15
2251 1 1 -12 15 -8
2252 0 0 15 -16 7
2253 1 1 -11 -16 14
2254 1 1 -6 -10 -11
2255 1 1 -10 -16 8
2256 1 1 -16 -16 -6
2257 0 0 15 15 13
2258 1 1 -13 -10 15
2259 0 1 15 -16 -16
2260 1 0 -14 -16 -16
2261 1 0 -16 8 12
2262 0 0 10 -9 -14
2263 0 0 15 -3 14
2264 0 0 5 -16 13
2265 0 0 9 13 -11
2266 1 1 -5 11 11
2267 1 0 -16 -16 -7
2268 1 1 -16 10 1
2269 0 1 11 15 14
2270 1 0 -15 -15 -5
2271 0 0 10 13 15
2272 0 0 15 -4 -6
2273 1 1 -7 -13 13
2274 1 0 -2 -4 -14
2275 0 0 12 10 0
2276 0 1 14 10 -6
2277 1 1 -16 9 10
2278 1 0 -2 13 11
2279 0 1 15 10 -8
2280 0 1 6 -13 -11
2281 0 0 15 -5 -2
2282 1 1 -12 15 4
2283 1 0 -14 -12 8
2284 1 0 -16 -6 14
2285 0 1 2 -13 -16
2286 0 0 13 -16 3
2287 0 1 9 5 5
2288 1 1 -13 -1 -11
2289 1 0 -13 -10 -16
2290 1 1 -7 15 -4
2291 1 1 -13 -16 8
2292 1 1 -13 -16 15
2293 0 0 12 -14 -16
2294 0 1 15 -16 -16
2295 0 1 6 4 -16
2296 1 0 -14 15 15
2297 0 0 15 15 15
2298 0 1 12 1 5
2299 0 0 12 -16 -16
2300 1 0 -9 15 15
2301 1 1 -16 -8 -6
2302 1 0 -14 -5 -8
2303 1 1 -1 8 -2
2304 1 0 -9 15 1
2305 1 1 -12 15 6
2306 1 1 -16 -15 -16
2307 0 1 13 -1 -16
2308 0 0 7 15 -16
2309 1 1 -16 -1 15
2310 0 1 10 6 0
2311 1 1 -16 15 -16
2312 1 1 -16 11 3
2313 0 0 4 9 -16
2314 0 0 15 -14 -16
2315 0 0 13 -16 0
2316 0 1 10 -16 -13
2317 0 0 15 0 -16
2318 1 1 -16 15 15
2319 1 1 -10 -8 -16
2320 0 0 -1 -16 6
2321 1 0 -12 -12 -3
2322 0 1 15 -14 -16
2323 1 1 -15 15 -16
2324 1 0 -13 -11 15
2325 0 0 12 13 14
2326 1 0 -11 15 -16
2327 1 0 -16 -16 -16
2328 1 1 -8 15 6
2329 1 0 -10 -16 7
2330 1 1 -9 -1 -16
2331 1 0 -15 15 15
2332 0 0 15 -14 -15
2333 0 0 8 -5 5
2334 1 0 2 11 15
2335 1 0 -15 -9 -8
2336 0 0 8 14 -12
2337 0 0 15 -15 -11
2338 1 1 -9 -16 -3
2339 1 1 -3 -16 12
2340 0 1 8 13 10
2341 1 0 -7 -13 -8
2342 0 1 11 -13 -7
2343 0 0 8 13 15
2344 0 1 15 -15 -15
2345 0 1 15 15 15
2346 0 1 15 15 0
2347 1 0 -14 15 15
2348 1 0 -16 15 -16
2349 0 0 8 15 8
2350 0 0 15 -16 15
2351 0 0 15 -16 -14
2352 1 0 -12 11 -16
2353 1 1 -11 -16 4
2354 0 0 15 13 15
2355 0 0 15 -16 14
2356 0 0 11 1 15
2357 0 0 15 15 5
2358 0 0 5 8 9
2359 0 0 15 -16 15
2360 1 0 -5 3 15
2361 0 1 5 13 1
2362 0 1 15 15 -16
2363 0 1 12 4 14
2364 1 1 -15 -16 12
2365 0 1 12 15 7
2366 0 0 9 -16 13
2367 0 1 9 1 15
2368 0 0 13 15 -9
2369 0 1 15 -12 -13
2370 1 1 -11 13 -16
2371 0 0 8 -13 15
2372 1 0 -13 9 15
2373 0 0 15 -16 -14
2374 0 0 -5 -9 -16
2375 0 1 3 -13 14
2376 0 1 15 7 -12
2377 0 0 12 -16 15
2378 1 1 -15 -12 15
2379 0 0 10 15 13
2380 1 0 -16 -16 -10
2381 1 0 -5 12 -1
2382 0 0 15 12 -12
2383 0 1 15 12 -16
2384 0 1 15 15 7
2385 0 1 15 15 15
2386 1 0 -16 -16 -9
2387 0 0 12 15 15
2388 1 0 -16 15 15
2389 1 1 -16 2 9
2390 0 1 14 -12 15
2391 0 1 1 13 -1
2392 0 1 15 -13 15
2393 0 1 4 6 -16
2394 1 0 -14 -16 9
2395 0 0 2 -16 -3
2396 1 1 -13 -16 -14
2397 1 1 -12 15 -16
2398 0 1 8 -16 -16
2399 1 1 1 15 -16
2400 0 0 15 3 15
2401 1 0 -16 7 12
2402 1 0 -9 10 -7
2403 0 1 10 -12 12
2404 1 0 1 -10 -12
2405 0 1 15 15 6
2406 1 1 -8 -16 7
2407 0 0 11 -16 -9
2408 1 1 -16 -4 -16
2409 1 0 -16 15 15
2410 1 0 -5 13 15
2411 0 1 15 -16 15
2412 0 1 15 12 0
2413 1 1 -16 -16 -14
2414 0 1 7 -3 9
2415 0 1 7 15 -6
2416 0 0 5 -16 15
2417 0 0 11 15 -15
2418 0 0 15 15 2
2419 0 0 13 -8 8
2420 0 1 4 -16 15
2421 1 1 -16 15 10
2422 1 0 -16 -16 15
2423 0 0 1 15 -16
2424 1 0 -12 7 -3
2425 0 1 4 -1 15
2426 0 0 8 -14 15
2427 0 0 12 -13 5
2428 0 1 15 -2 -12
2429 0 0 14 14 15
2430 0 0 15 -13 -16
2431 1 1 -9 -16 -14
2432 0 1 15 15 -8
2433 1 1 -6 -15 -7
2434 0 0 14 -16 15
2435 0 1 9 15 -16
2436 1 1 -16 15 13
2437 0 1 13 11 -9
2438 1 0 -13 9 15
2439 0 1 11 -15 12
2440 0 0 15 15 -5
2441 1 0 -16 -11 -11
2442 0 1 13 -8 7
2443 1 0 -16 -14 -12
2444 1 0 -14 15 -9
2445 1 0 -4 15 -11
2446 1 0 -16 13 10
2447 0 0 12 9 -16
2448 1 1 -15 8 -10
2449 1 1 -11 2 -4
2450 1 0 -16 -15 9
2451 1 1 -16 6 -11
2452 0 1 15 -2 6
2453 1 1 -8 -11 -15
2454 0 1 15 15 1
2455 1 1 -3 8 10
2456 1 0 1 -12 -16
2457 0 0 14 -16 -14
2458 1 0 -16 -16 -7
2459 1 1 -16 12 -16
2460 0 1 12 -9 15
2461 1 0 -16 5 -16
2462 0 0 12 -16 -12
2463 1 0 -12 15 -10
2464 1 0 5 14 15
2465 1 0 -15 15 -16
2466 0 1 15 5 -8
2467 1 0 -5 15 15
2468 0 1 -1 -16 -16
2469 0 0 6 7 -11
2470 0 0 -3 -1 12
2471 0 0 9 -11 -6
2472 1 1 -16 15 -12
2473 1 1 -5 1 -15
2474 0 0 8 4 11
2475 0 0 15 4 15
2476 1 0 -16 -11 -8
2477 0 0 12 -16 -16
2478 1 0 -12 1 1
2479 0 1 14 -5 6
2480 0 0 15 -16 -9
2481 0 0 12 11 0
2482 0 0 15 -16 13
2483 1 0 -9 -7 -9
2484 1 0 -16 -16 15
2485 0 1 15 15 -16
2486 1 0 -16 -14 -5
2487 1 1 -16 15 -9
2488 0 0 6 9 -11
2489 1 0 -9 -10 -6
2490 0 1 15 15 -8
2491 1 1 -16 15 13
2492 1 0 -16 -13 -12
2493 1 1 -16 15 15
2494 0 1 15 15 15
2495 1 0 -16 1 -11
2496 0 0 6 14 -2
2497 1 1 -13 3 -9
2498 1 0 -9 -13 -16
2499 1 0 -4 15 15
2500 0 1 3 7 13
2501 0 1 9 10 -9
2502 1 0 -15 -16 2
2503 0 0 14 6 15
2504 1 0 -16 15 -16
2505 1 1 -16 -16 -16
2506 0 0 13 -14 15
2507 0 1 15 8 -12
2508 0 1 11 -1 9
2509 1 1 -16 -8 -6
2510 1 1 -7 -12 -6
2511 0 1 15 11 15
2512 0 0 10 15 -13
2513 1 1 4 15 13
2514 1 1 -16 13 5
2515 0 0 12 15 -9
2516 0 0 1 -4 15
2517 0 0 15 -11 4
2518 1 0 -1 8 -11
2519 0 1 10 15 15
2520 0 1 15 8 7
2521 0 1 2 7 8
2522 1 1 -15 1 -15
2523 0 0 12 15 -13
2524 0 1 15 -16 -16
2525 0 1 15 8 15
2526 1 0 -13 -16 -16
2527 0 0 8 -6 -14
2528 0 0 7 11 -10
2529 1 1 -1 11 -9
2530 0 0 14 12 -16
2531 1 1 -16 15 6
2532 1 0 -12 15 7
2533 1 0 -6 -12 5
2534 1 0 -16 3 6
2535 1 0 1 -11 9
2536 1 0 -16 -10 11
2537 1 0 1 7 15
2538 1 1 -15 11 5
2539 0 1 11 -9 -14
2540 0 1 15 15 7
2541 0 0 11 15 -12
2542 1 1 10 1 15
2543 0 0 8 -7 -16
2544 1 0 -16 -12 -16
2545 1 0 -7 -13 -11
2546 1 0 -16 -16 13
2547 0 0 15 6 -16
2548 1 0 -10 -7 3
2549 1 0 -7 15 15
2550 1 0 -13 -7 -12
2551 1 1 -9 -14 3
2552 1 0 -1 7 -5
2553 0 1 12 -14 15
2554 0 1 15 -16 4
2555 0 0 6 -15 -16
2556 0 0 10 8 7
2557 0 1 14 -11 -14
2558 1 1 5 -7 8
2559 1 0 -9 -11 12
2560 1 1 -16 -16 -16
2561 0 1 15 13 -11
2562 1 0 -12 -14 -10
2563 1 0 -15 14 -16
2564 0 0 13 15 14
2565 1 1 -11 -16 13
2566 1 1 -16 -16 -15
2567 1 0 -16 15 -16
2568 0 0 15 -3 4
2569 1 1 -12 -1 15
2570 1 1 -16 15 -9
2571 0 0 7 -16 -16
2572 1 0 -7 -10 2
2573 0 1 3 8 12
2574 1 1 -16 -16 -6
2575 1 1 -16 13 8
2576 0 1 9 3 -11
2577 0 0 13 7 15
2578 1 1 -16 -16 2
2579 0 1 6 15 -5
2580 1 1 -12 15 13
2581 1 1 -8 -16 -2
2582 0 1 8 -8 -16
2583 0 1 12 15 15
2584 1 1 -3 15 10
2585 0 0 15 13 -16
2586 0 1 13 -16 -8
2587 1 0 -16 9 15
2588 0 1 15 -16 -16
2589 0 0 15 -16 -8
2590 1 0 -6 13 15
2591 0 1 3 10 6
2592 0 0 6 15 11
2593 0 0 9 -1 -15
2594 0 1 6 11 9
2595 0 1 10 15 15
2596 0 1 11 9 11
2597 1 0 -16 -6 -4
2598 0 1 8 8 2
2599 0 1 0 5 2
2600 0 1 11 14 -4
2601 0 1 4 15 9
2602 1 1 -3 15 -16
2603 1 1 -14 5 -16
2604 0 1 11 14 15
2605 0 1 15 -16 15
2606 1 0 -11 15 -6
2607 0 0 14 -13 8
2608 1 1 -12 7 -16
2609 0 0 15 -16 -14
2610 0 1 7 -13 -16
2611 1 0 -3 15 -11
2612 0 0 8 14 -16
2613 1 1 -16 -8 -16
2614 1 0 -8 2 -16
2615 1 1 -12 15 4
2616 1 1 -11 15 -16
2617 0 0 15 -14 10
2618 1 1 -16 -13 9
2619 0 1 12 15 -9
2620 0 0 -2 11 0
2621 0 1 14 -11 -16
2622 0 0 9 -6 4
2623 0 0 11 -4 2
2624 0 1 10 5 -4
2625 0 1 15 -9 15
2626 0 1 14 9 14
2627 1 0 -16 -12 -11
2628 1 0 -16 15 9
2629 0 1 6 -6 -13
2630 1 1 -14 -16 15
2631 1 0 -3 -16 15
2632 0 1 12 -16 -4
2633 0 1 12 -16 -12
2634 1 1 -9 -15 15
2635 0 1 13 -8 8
2636 1 1 -16 10 13
2637 1 1 -13 -15 -16
2638 0 1 15 11 7
2639 1 1 -8 10 0
2640 1 1 -5 -7 -14
2641 0 0 13 -16 -14
2642 0 0 10 -3 -16
2643 1 1 -16 6 0
2644 1 1 -16 -11 15
2645 1 1 -11 6 9
2646 1 1 -6 -16 1
2647 0 1 -3 3 -7
2648 1 1 -12 7 8
2649 0 0 10 15 13
2650 0 1 12 -14 -12
2651 1 1 -3 9 -5
2652 1 1 -16 15 6
2653 0 1 15 -7 12
2654 1 0 -16 -16 -16
2655 1 1 -16 -11 -16
2656 0 0 15 9 15
2657 0 0 15 13 13
2658 1 1 -9 15 -2
2659 1 0 -14 -2 0
2660 0 0 13 15 11
2661 1 0 -3 6 -1
2662 1 0 -16 15 -16
2663 1 0 -2 -12 5
2664 1 1 -4 15 13
2665 1 1 -12 -16 -14
2666 1 0 -16 -13 15
2667 1 1 -16 15 8
2668 1 1 -12 2 -4
2669 1 0 -8 7 -12
2670 0 0 7 15 8
2671 0 1 15 -16 -2
2672 1 0 -15 15 15
2673 1 1 -16 8 8
2674 0 0 15 -16 -9
2675 1 0 -2 -6 15
2676 0 1 10 8 -14
2677 0 0 15 12 -12
2678 1 0 -8 7 14
2679 1 0 -16 12 -16
2680 0 1 5 13 -12
2681 1 0 -11 14 14
2682 1 1 -11 14 -8
2683 0 0 -2 15 -16
2684 1 1 -10 2 -14
2685 1 1 -9 9 15
2686 0 1 2 15 1
2687 0 1 15 -16 -1
2688 1 1 -16 9 -8
2689 0 1 11 -7 15
2690 0 1 12 -9 -11
2691 0 0 15 -16 12
2692 0 0 5 8 -12
2693 1 0 -9 5 15
2694 1 0 -8 -13 8
2695 1 1 -12 11 8
2696 0 1 7 5 2
2697 1 1 -1 -5 -16
2698 0 1 5 15 8
2699 1 0 -4 14 0
2700 0 0 3 6 5
2701 0 1 4 -8 -8
2702 1 0 -16 13 15
2703 1 1 -16 15 15
2704 1 0 -16 9 13
2705 1 1 -13 -2 15
2706 0 1 15 -14 7
2707 0 1 12 7 -4
2708 0 1 11 -11 15
2709 1 0 3 -11 15
2710 1 1 -14 -6 -16
2711 1 0 -14 -15 12
2712 0 1 9 15 15
2713 0 0 15 15 6
2714 1 1 -16 10 15
2715 1 0 0 12 -14
2716 0 1 10 12 -16
2717 0 1 -2 -16 -16
2718 1 1 0 5 -16
2719 0 1 4 -11 -16
2720 0 0 15 -16 15
2721 0 0 11 -16 15
2722 1 1 -16 -16 15
2723 1 0 -16 4 -5
2724 1 0 -15 15 3
2725 0 0 15 -13 15
2726 0 0 15 15 -16
2727 1 1 -16 -11 15
2728 1 1 -16 9 8
2729 1 0 -16 -15 -16
2730 0 1 5 15 -5
2731 1 1 -16 10 -16
2732 1 1 -16 -10 -16
2733 1 1 -10 5 -16
2734 1 0 -1 -14 8
2735 0 0 15 12 15
2736 1 1 -16 13 15
2737 1 1 -8 -14 15
2738 0 0 15 5 10
2739 1 0 -6 -16 -11
2740 1 0 -15 11 -13
2741 1 0 -16 15 -4
2742 0 0 6 -15 8
2743 0 0 15 11 -16
2744 0 0 15 15 7
2745 1 0 -12 15 2
2746 0 0 6 -8 -1
2747 0 0 14 15 -16
2748 0 1 7 15 7
2749 0 1 6 -16 -4
2750 1 0 -16 10 15
2751 1 0 -16 13 -16
2752 1 0 -15 10 15
2753 1 0 -14 -16 8
2754 0 1 2 -15 2
2755 0 1 11 14 7
2756 0 0 15 -16 7
2757 0 0 11 13 -12
2758 0 1 1 15 15
2759 0 1 5 -13 1
2760 0 1 13 -8 13
2761 1 1 -16 15 -8
2762 1 1 -12 -9 15
2763 1 0 -16 -10 8
2764 0 1 15 -10 -15
2765 1 0 -14 15 4
2766 0 1 11 2 15
2767 1 0 -7 -5 15
2768 1 1 -16 -16 8
2769 0 1 1 -16 15
2770 1 1 -16 15 -16
2771 0 1 4 15 15
2772 1 1 -16 -6 -16
2773 0 1 6 10 -16
2774 0 1 14 -12 15
2775 0 1 15 8 15
2776 0 1 9 15 2
2777 0 1 13 -16 -12
2778 0 0 15 -15 -7
2779 1 1 -16 15 -12
2780 1 0 -2 -11 -14
2781 1 1 -15 -15 6
2782 0 1 12 -14 -16
2783 0 0 5 -5 12
2784 1 1 -16 -4 15
2785 0 1 14 -16 -11
2786 1 1 -16 2 15
2787 1 0 -16 -3 11
2788 0 0 4 8 14
2789 1 0 -1 8 15
2790 1 1 -8 -2 -12
2791 1 1 -16 15 -15
2792 1 1 -10 -16 11
2793 0 0 -2 15 -14
2794 1 0 -9 9 -16
2795 0 1 5 12 15
2796 1 1 -16 9 0
2797 0 0 13 -8 15
2798 1 1 -16 -16 12
2799 0 0 15 0 15
2800 1 0 -16 -7 -13
2801 0 1 15 -8 13
2802 1 0 -14 -11 -9
2803 0 1 6 -16 15
2804 0 1 -11 -10 12
2805 0 1 7 7 -3
2806 1 1 -16 15 -8
2807 1 0 -15 -6 -16
2808 0 0 5 -2 15
2809 0 1 3 8 15
2810 0 1 10 -16 -16
2811 1 0 -6 -16 -13
2812 1 1 -8 -6 -16
2813 0 0 6 0 -16
2814 1 1 0 -10 14
2815 1 1 1 7 -2
2816 0 0 15 15 4
2817 1 0 -9 -16 -10
2818 1 1 -14 -8 2
2819 0 0 15 -16 13
2820 0 0 12 -8 15
2821 1 1 -4 -9 15
2822 0 1 15 -16 6
2823 0 0 15 -16 14
2824 1 0 -9 -16 -13
2825 1 0 -5 15 -15
2826 0 1 12 -4 14
2827 0 0 3 -10 5
2828 1 1 -9 14 -12
2829 0 1 15 8 -16
2830 1 1 -12 -12 4
2831 0 0 -3 15 -1
2832 0 0 15 -16 -15
2833 0 1 10 3 8
2834 1 1 -16 -14 -16
2835 0 1 10 -14 -8
2836 1 0 -10 -11 -16
2837 1 1 -16 15 15
2838 1 1 -12 15 -16
2839 0 1 15 -9 -1
2840 1 0 -10 -16 -16
2841 1 1 -9 -16 15
2842 1 0 -10 -5 12
2843 1 1 -14 -5 -15
2844 1 1 -9 -16 -12
2845 1 1 -4 -5 14
2846 0 0 15 13 -16
2847 0 0 11 1 -3
2848 0 1 15 -2 11
2849 0 0 6 -16 15
2850 0 0 15 -16 15
2851 1 0 -16 -7 1
2852 0 0 9 -16 -4
2853 1 0 -11 15 12
2854 0 0 10 3 15
2855 0 1 13 15 -5
2856 1 0 -9 2 15
2857 1 1 -16 -1 14
2858 0 0 15 -13 9
2859 0 0 6 -16 -16
2860 0 0 15 12 -14
2861 1 1 -4 15 15
2862 1 1 -8 -10 -16
2863 0 1 11 -12 -16
2864 1 0 -8 -15 -15
2865 0 0 15 -6 -16
2866 1 0 -16 11 13
2867 0 1 0 15 15
2868 1 1 -9 -3 0
2869 1 0 -16 -16 -16
2870 0 0 10 -9 11
2871 1 0 -5 15 -10
2872 1 0 -13 -5 5
2873 1 1 -16 -16 -11
2874 0 1 5 -13 15
2875 0 0 15 -16 3
2876 1 0 -11 -14 -6
2877 1 1 -16 15 -4
2878 1 0 -11 15 9
2879 0 1 11 -7 15
2880 1 1 -15 -9 -5
2881 0 0 3 15 -11
2882 1 0 -10 -7 15
2883 0 1 15 -16 -1
2884 0 1 15 15 -16
2885 1 0 -16 15 -3
2886 1 0 -15 -3 15
2887 0 0 13 -16 -16
2888 1 0 -14 -3 15
2889 0 1 15 1 -16
2890 1 0 -11 6 -3
2891 0 0 15 15 15
2892 0 0 12 15 -14
2893 1 0 -3 1 12
2894 1 0 -16 -15 11
2895 1 1 -8 7 15
2896 0 1 2 -16 15
2897 0 0 10 -10 15
2898 1 0 -16 12 -12
2899 1 1 -5 -11 8
2900 1 0 -1 11 -16
2901 0 1 12 -11 13
2902 1 0 -14 15 -13
2903 0 1 9 15 8
2904 0 0 14 15 -8
2905 1 1 -8 -10 10
2906 1 0 -16 -16 -16
2907 1 0 -10 15 -16
2908 0 0 15 -15 -12
2909 0 0 4 -7 -5
2910 0 0 10 -16 -2
2911 1 0 -7 -11 15
2912 0 0 15 -5 6
2913 1 1 -8 15 13
2914 0 0 7 15 -16
2915 1 0 -13 -11 15
2916 0 1 15 15 -8
2917 0 0 15 -7 -16
2918 0 0 15 3 -1
2919 0 1 15 15 12
2920 0 1 12 -10 -7
2921 1 0 -12 15 -6
2922 1 0 -13 7 8
2923 1 0 -13 15 -14
2924 1 0 -12 -14 15
2925 1 1 -16 2 -8
2926 0 1 15 15 15
2927 0 0 15 11 15
2928 1 0 -16 -12 12
2929 0 0 15 15 15
2930 1 0 -11 15 11
2931 1 1 -16 -16 -7
2932 0 0 4 -11 11
2933 0 1 15 15 13
2934 1 1 -16 8 -7
2935 1 0 -6 -15 -13
2936 1 0 -11 2 10
2937 1 1 -3 -1 15
2938 1 1 -10 -16 -16
2939 0 1 8 -13 10
2940 0 0 13 -11 4
2941 0 1 5 12 -11
2942 1 0 -15 15 0
2943 1 1 -10 -13 6
2944 1 0 10 13 9
2945 0 1 15 15 8
2946 0 0 15 15 -16
2947 1 1 -15 -8 -4
2948 1 1 -15 -9 -9
2949 1 0 -5 15 11
2950 1 0 -14 15 15
2951 1 1 -16 11 8
2952 0 0 9 15 -4
2953 1 0 -10 11 12
2954 1 0 -11 15 15
2955 0 0 15 15 -16
2956 0 0 12 0 -12
2957 1 0 -9 9 -16
2958 0 1 15 -16 -10
2959 1 1 1 11 13
2960 1 0 -12 11 -10
2961 0 0 1 -2 -13
2962 0 1 -1 7 3
2963 1 0 -13 -10 7
2964 1 1 -11 13 -15
2965 1 0 -16 -15 1
2966 0 0 11 13 -16
2967 0 1 12 -14 -16
2968 0 1 2 6 -6
2969 1 0 -16 -8 15
2970 0 0 15 -14 11
2971 1 1 -10 -16 3
2972 0 0 15 -16 0
2973 1 1 -16 4 0
2974 1 0 -16 -14 8
2975 1 1 -11 -16 -14
2976 1 0 -13 15 -10
2977 0 0 15 -8 1
2978 0 0 11 -13 -16
2979 0 1 15 -16 0
2980 1 1 -10 -5 -10
2981 0 1 13 -6 -14
2982 1 0 -16 9 15
2983 0 1 14 15 -16
2984 0 0 11 5 -14
2985 0 0 5 6 6
2986 0 1 7 4 15
2987 0 1 15 -3 -2
2988 1 1 -15 -16 0
2989 0 0 5 15 15
2990 1 0 -11 15 6
2991 1 0 -16 -12 9
2992 0 1 7 -5 -6
2993 1 1 -16 -16 -12
2994 0 1 15 -13 4
2995 0 1 14 -16 14
2996 0 0 15 8 -16
2997 0 0 15 -13 4
2998 0 1 15 13 -12
2999 0 1 8 11 15
3000 1 1 7 7 -13
3001 0 1 5 -8 -16
3002 0 0 15 2 -12
3003 1 1 -16 -16 11
3004 1 1 0 15 -2
3005 0 1 15 1 -15
3006 0 1 15 15 15
3007 0 1 4 15 15
3008 0 1 5 15 4
3009 1 0 -16 -12 9
3010 1 0 -16 -16 -16
3011 1 1 -9 15 15
3012 1 0 -16 5 -7
3013 1 1 -7 10 15
3014 1 0 -16 -16 -16
3015 1 0 -8 5 -16
3016 1 1 -8 -7 15
3017 1 1 -16 -9 -15
3018 1 1 -8 -8 -14
3019 1 1 -15 15 15
3020 1 0 -16 -3 -10
3021 0 0 12 15 4
3022 0 0 8 -10 -14
3023 1 1 -10 15 -16
3024 0 0 15 -16 -2
3025 1 1 -16 11 11
3026 1 0 -12 15 2
3027 1 0 -15 12 15
3028 0 1 9 15 -16
3029 1 0 -4 15 1
3030 1 0 -16 9 -1
3031 0 1 0 15 -10
3032 0 0 11 -9 -2
3033 0 0 15 3 14
3034 1 1 -12 9 11
3035 0 0 10 15 -15
3036 0 1 6 7 -9
3037 0 1 11 15 -15
3038 0 0 13 15 5
3039 1 1 -15 -16 -12
3040 0 1 5 0 1
3041 1 1 -9 12 -9
3042 1 0 -16 -16 15
3043 1 1 -4 11 14
3044 0 0 3 3 10
3045 0 0 9 13 -6
3046 0 1 14 11 15
3047 0 0 15 15 -13
3048 1 1 -4 -10 15
3049 0 1 13 13 15
3050 0 1 10 -6 10
3051 0 0 3 5 11
3052 1 0 -6 -16 -11
3053 1 1 -2 15 15
3054 1 1 -11 -16 15
3055 1 1 -12 -13 11
3056 0 0 3 -13 8
3057 1 0 -15 15 -11
3058 1 0 -14 -6 -16
3059 1 1 -7 -5 11
3060 1 0 -16 15 2
3061 1 0 -14 14 15
3062 0 0 4 -16 15
3063 0 1 0 8 -16
3064 0 1 9 10 -16
3065 1 0 -2 0 -6
3066 0 1 7 -5 13
3067 0 1 15 15 -10
3068 0 1 13 6 -8
3069 1 0 -14 15 -16
3070 1 0 -16 9 -14
3071 0 0 3 13 15
3072 0 0 -2 -7 -7
3073 0 0 15 -12 15
3074 0 0 15 -7 15
3075 0 1 8 4 14
3076 0 1 15 -13 15
3077 0 0 11 15 -2
3078 0 1 5 -1 15
3079 0 0 15 -15 -13
3080 1 0 -16 15 15
3081 1 0 -14 10 5
3082 0 1 15 -16 11
3083 0 0 3 2 -16
3084 1 0 -15 -13 10
3085 1 0 -16 1 1
3086 0 1 9 5 15
3087 0 0 5 7 -16
3088 0 1 15 9 -16
3089 0 0 7 5 15
3090 0 0 -6 14 15
3091 1 1 -11 -16 4
3092 1 1 -8 1 1
3093 1 0 -9 13 15
3094 0 1 -2 -16 15
3095 0 1 15 -11 9
3096 0 0 -3 -6 9
3097 0 1 13 6 8
3098 1 1 -15 7 1
3099 0 1 10 12 -16
3100 0 0 9 -6 -16
3101 0 1 12 -11 -16
3102 1 1 -16 9 15
3103 1 0 -7 -12 -9
3104 0 1 15 1 11
3105 1 1 -16 12 15
3106 1 0 -10 -12 -16
3107 1 0 -16 0 -2
3108 1 0 -9 -6 4
3109 0 0 15 6 -7
3110 1 0 -11 15 -15
3111 1 1 -16 -16 11
3112 0 0 4 -16 15
3113 0 0 8 15 12
3114 0 0 1 -16 13
3115 0 1 13 -1 -4
3116 0 0 12 9 3
3117 1 0 -1 -1 -5
3118 1 1 -15 7 -2
3119 1 0 -16 -13 5
3120 1 1 -16 13 -15
3121 1 1 -13 -16 8
3122 1 0 -15 -5 11
3123 1 0 -14 9 15
3124 0 0 10 -16 14
3125 1 1 -11 3 -15
3126 0 0 7 -12 -11
3127 1 0 -15 12 -16
3128 0 0 12 -16 15
3129 1 0 -13 15 15
3130 1 0 -16 15 -16
3131 0 0 -1 -16 -13
3132 1 1 -15 -16 15
3133 1 1 -5 -11 -7
3134 1 0 -16 -16 1
3135 0 1 9 11 13
3136 1 1 -16 -16 -16
3137 1 1 -16 15 4
3138 0 0 15 15 13
3139 0 1 13 15 -16
3140 0 0 15 4 15
3141 0 0 3 15 -16
3142 0 1 3 15 -16
3143 1 1 -11 -14 -11
3144 1 0 -9 -13 15
3145 1 0 -16 3 15
3146 0 1 3 -16 15
3147 0 0 10 -13 -16
3148 1 1 -16 7 -16
3149 0 0 15 -2 15
3150 1 1 -3 -16 -16
3151 0 1 11 1 15
3152 0 1 15 -9 -7
3153 1 1 -12 -6 -14
3154 1 1 -1 -10 15
3155 1 0 -3 -13 -10
3156 1 0 4 -9 -13
3157 1 0 -1 -16 -16
3158 1 0 0 -16 15
3159 0 1 13 15 15
3160 1 0 -16 -16 13
3161 1 1 2 13 15
3162 0 0 15 11 -7
3163 0 1 15 15 -1
3164 0 0 10 15 15
3165 0 0 15 14 15
3166 0 0 15 10 -4
3167 0 0 15 13 -12
3168 1 0 -7 -6 -4
3169 1 0 -2 -12 15
3170 0 0 15 -16 -8
3171 1 0 -15 15 3
3172 1 1 -13 -16 -5
3173 0 0 4 11 -15
3174 0 0 12 -12 8
3175 1 1 -15 -16 5
3176 1 0 -11 -13 15
3177 0 1 9 8 15
3178 1 1 -3 -16 15
3179 1 0 -10 3 10
3180 1 1 -12 -10 15
3181 1 1 -7 -16 15
3182 0 0 15 -3 13
3183 0 1 12 -16 9
3184 0 0 14 11 -16
3185 0 0 4 -8 15
3186 0 0 11 6 2
3187 1 0 -16 -10 -6
3188 1 1 -12 6 4
3189 0 1 1 15 5
3190 1 1 -16 -5 -7
3191 1 1 -3 -16 -5
3192 1 1 -16 4 15
3193 1 0 -11 11 12
3194 1 0 -14 13 8
3195 0 1 8 15 -16
3196 0 0 13 -14 15
3197 1 0 -14 15 -5
3198 0 0 15 -2 12
3199 0 0 15 -16 15
