# idx_int bit_int post_llr hard
0 1 78311.69904898 1
1 1 92663.09426563 1
2 1 74852.96577237 1
3 1 86686.65734171 1
4 1 105137.98556332 1
5 0 -107925.40303773 0
6 1 83013.31169004 1
7 1 71692.01053211 1
8 0 -54480.34493480 0
9 0 -86628.77137016 0
10 1 79886.35236957 1
11 1 100651.64205555 1
12 1 86133.24832652 1
13 0 -46383.40611229 0
14 0 -78590.52733265 0
15 0 -86921.86927426 0
16 0 -81947.87722297 0
17 0 -76839.16324395 0
18 0 -74251.32414296 0
19 0 -78317.30532048 0
20 0 -89272.82588081 0
21 0 -95671.04940120 0
22 0 -70738.99932502 0
23 1 74683.62224589 1
24 1 51368.08545011 1
25 0 -96255.58140982 0
26 1 102345.42388241 1
27 1 66855.63840879 1
28 0 -58081.09547773 0
29 1 75252.63368527 1
30 0 -78850.29860509 0
31 1 75819.66425329 1
32 0 -105700.76747299 0
33 0 -98548.00419284 0
34 1 80369.73193687 1
35 0 -97320.60361526 0
36 0 -71692.51333365 0
37 0 -65887.66392154 0
38 0 -65509.23673116 0
39 0 -73105.63227441 0
40 1 100250.86810112 1
41 1 108194.71169902 1
42 1 109888.69257880 1
43 0 -77917.40873875 0
44 1 88536.40098683 1
45 0 -82529.43453817 0
46 1 100154.91413865 1
47 1 49487.40061545 1
48 1 57857.32560196 1
49 0 -98028.03092637 0
50 1 91553.80465181 1
51 0 -56998.58306239 0
52 0 -94790.91346828 0
53 0 -108397.40954882 0
54 0 -97104.38988199 0
55 1 95230.43466634 1
56 1 87138.39353134 1
57 0 -77911.07338431 0
58 1 36299.16767106 1
59 0 -38320.76489435 0
60 0 -117273.69030769 0
61 0 -111774.72056238 0
62 0 -82197.27677279 0
63 1 108980.41338137 1
64 0 -76359.87696432 0
65 1 69109.18152878 1
66 0 -80456.11761659 0
67 1 77086.87475405 1
68 0 -56642.91391845 0
69 0 -94495.46825463 0
70 0 -97829.69705733 0
71 1 65388.37076477 1
72 1 62321.82391728 1
73 1 71806.55048332 1
74 0 -89019.59451088 0
75 1 95188.39530269 1
76 0 -90473.00287742 0
77 1 93540.51197654 1
78 1 10190.73904054 1
79 0 -84442.95493450 0
80 0 -69675.15112307 0
81 0 -89375.97766737 0
82 1 83939.33033714 1
83 0 -94819.40823022 0
84 0 -92417.23774517 0
85 0 -71037.16177703 0
86 1 74661.27419508 1
87 0 -82800.02281887 0
88 1 113216.82848527 1
89 1 104370.20309161 1
90 0 -79337.86229334 0
91 0 -83998.92988283 0
92 1 64877.48400121 1
93 0 -65094.73772446 0
94 0 -73009.72225473 0
95 0 -76880.30730418 0
96 0 -106014.28555653 0
97 1 103907.44719312 1
98 1 107507.15136422 1
99 0 -87021.01235246 0
100 1 70850.35478726 1
101 1 81292.26013031 1
102 1 94461.98532147 1
103 0 -107603.75166887 0
104 1 95093.21167315 1
105 0 -95119.74291946 0
106 0 -84712.13967036 0
107 1 80986.55854245 1
108 1 89177.53637427 1
109 1 97785.57793464 1
110 1 99960.10909958 1
111 0 -85168.76717983 0
112 0 -94415.52324957 0
113 0 -70668.55046355 0
114 0 -61804.24674670 0
115 1 86771.67600563 1
116 0 -101134.08095815 0
117 1 96578.03418180 1
118 1 97706.19346050 1
119 0 -79273.77948154 0
120 1 73557.09414512 1
121 1 70946.92464522 1
122 0 -94012.88907353 0
123 1 78282.67036885 1
124 1 104653.09814147 1
125 0 -83873.35052914 0
126 0 -101506.13388277 0
127 0 -65457.99665436 0
128 1 64119.68872308 1
129 0 -85004.38613988 0
130 0 -76556.35400749 0
131 0 -91215.14657211 0
132 1 98565.00298318 1
133 1 81578.90924996 1
134 0 -70106.82113555 0
135 0 -69815.57447070 0
136 1 66976.89480362 1
137 1 94576.07382128 1
138 1 90952.58358104 1
139 1 88880.82571407 1
140 1 93507.17142147 1
141 1 40072.02892991 1
142 1 86271.30753878 1
143 1 79341.21508072 1
144 0 -98953.45465194 0
145 1 56393.00396710 1
146 1 86624.70719206 1
147 0 -86750.16716325 0
148 1 70049.95701363 1
149 1 79363.58359203 1
150 1 80808.03339917 1
151 0 -92611.48367194 0
152 1 90197.42145583 1
153 1 71897.14066268 1
154 1 105966.89037397 1
155 0 -77337.58660608 0
156 1 67667.04548490 1
157 1 69664.77805614 1
158 1 89100.72073880 1
159 0 -93991.47602223 0
160 0 -75630.72755704 0
161 0 -70802.82360203 0
162 1 68969.48899235 1
163 1 62808.80349686 1
164 1 83070.75782047 1
165 1 69692.38136439 1
166 1 81212.31909128 1
167 1 79197.68823857 1
168 0 -86251.66434513 0
169 0 -64444.25436819 0
170 1 58795.68801189 1
171 0 -50305.46927808 0
172 0 -88642.42788898 0
173 1 96097.22846216 1
174 0 -79466.97253381 0
175 1 98074.69655528 1
176 0 -64969.42566439 0
177 0 -72007.20973689 0
178 0 -72214.37915170 0
179 0 -74321.14879643 0
180 0 -86369.44131899 0
181 0 -31490.35827300 0
182 0 -99090.34437428 0
183 1 56062.20775256 1
184 1 83280.65516797 1
185 1 37879.07396847 1
186 1 86351.51149695 1
187 0 -74688.26253538 0
188 0 -79642.09416179 0
189 1 94556.21594317 1
190 1 67490.72545306 1
191 1 73433.66625197 1
192 1 86510.41220145 1
193 0 -88417.50649615 0
194 0 -93431.13656714 0
195 0 -83823.21679277 0
196 0 36118.73485067 1
197 1 75004.40733051 1
198 0 -46023.96996006 0
199 1 79190.83167821 1
200 1 41082.42792831 1
201 0 -41647.49158678 0
202 1 83105.92266802 1
203 0 -74212.93884909 0
204 0 -72642.09652026 0
205 1 64877.87666510 1
206 0 -43165.25271753 0
207 1 86871.03309786 1
208 0 -69537.92070718 0
209 1 74871.88221058 1
210 1 63334.83438021 1
211 1 74548.47996883 1
212 0 -71061.57413443 0
213 0 -63269.99114592 0
214 0 -66802.09636092 0
215 0 -95038.41992505 0
216 0 -54755.81929502 0
217 0 -86191.25559934 0
218 0 -79717.13746920 0
219 0 -67120.72008115 0
220 1 48744.48283466 1
221 0 -88563.36909792 0
222 1 88412.78195688 1
223 0 -55683.81268124 0
224 0 -72171.78420297 0
225 1 71076.48915763 1
226 1 31448.16814840 1
227 1 77437.52491387 1
228 1 96993.37960246 1
229 0 -83993.52331598 0
230 0 -67646.33412483 0
231 0 -102220.72741614 0
232 0 -58329.74699023 0
233 0 -81204.85412130 0
234 1 76356.63876576 1
235 1 91894.47628071 1
236 1 68500.38594934 1
237 0 -62473.62305913 0
238 1 101214.13772412 1
239 1 67743.97820633 1
240 0 -37959.38953870 0
241 1 74580.61587162 1
242 1 81049.95273282 1
243 0 -48860.57602944 0
244 1 91678.26378833 1
245 1 104771.28091898 1
246 0 -40185.47122974 0
247 0 -62349.16172563 0
248 0 -78018.85519320 0
249 0 -64318.82216105 0
250 1 53197.81174574 1
251 0 -88890.72677206 0
252 1 80001.94259180 1
253 1 67079.29323087 1
254 1 63919.69653013 1
255 1 68258.57075960 1
256 1 44690.27784345 1
257 1 81616.93298052 1
258 1 89887.94590994 1
259 0 -76785.60874104 0
260 1 19792.45163574 1
261 0 -67027.15151253 0
262 1 72439.17921320 1
263 0 -88095.89598718 0
264 1 91936.41339629 1
265 0 -76202.97888317 0
266 0 -97684.97011234 0
267 0 -66844.66345742 0
268 0 -61769.75156205 0
269 0 -49535.52276662 0
270 1 103397.37580020 1
271 0 -103094.65240534 0
272 1 83760.66448691 1
273 0 -85035.09474779 0
274 0 -65233.37526675 0
275 0 -77292.23509947 0
276 1 77180.92086106 1
277 1 58155.56261241 1
278 1 86646.11159026 1
279 1 94899.71010135 1
280 0 -102948.80138812 0
281 1 62368.93280911 1
282 1 62802.81615392 1
283 1 94025.47311380 1
284 0 -81674.18307864 0
285 0 -98112.17050834 0
286 0 -90665.07860513 0
287 0 -71994.30454216 0
288 0 -67079.73280302 0
289 0 -20835.73255308 0
290 0 -90164.94213300 0
291 0 -77245.56695106 0
292 0 -77016.80908561 0
293 0 -83307.30007166 0
294 0 -67421.57311105 0
295 0 -68316.87461695 0
296 0 -71714.72118586 0
297 1 87376.67259120 1
298 0 -78202.48941435 0
299 0 -83128.43736123 0
300 0 -91967.44977278 0
301 0 -92758.85787149 0
302 0 -46083.69433954 0
303 1 59515.64281328 1
304 0 -66702.36258429 0
305 1 74036.88225955 1
306 1 87611.97711688 1
307 1 92965.85551432 1
308 1 102160.72135582 1
309 0 -71509.52521019 0
310 0 -79622.31602856 0
311 1 81382.14786014 1
312 0 -55802.91883531 0
313 0 -103284.42504396 0
314 1 66763.75818474 1
315 1 93675.81528327 1
316 1 60934.03463651 1
317 1 65489.56745787 1
318 0 -86848.18805853 0
319 0 -79438.55980313 0
320 1 70204.40923134 1
321 1 73846.70213762 1
322 0 -68303.12310740 0
323 0 -60487.39015740 0
324 1 37950.27417482 1
325 0 -61953.24645032 0
326 0 -54934.71765280 0
327 1 100735.47933787 1
328 0 -95263.63927860 0
329 1 105483.74509212 1
330 1 69056.60133120 1
331 0 -61389.83243231 0
332 0 -47803.83499670 0
333 1 97638.74863522 1
334 0 -53393.51948324 0
335 0 -79158.18402726 0
336 1 100918.01099801 1
337 1 79944.93753122 1
338 1 81922.28568546 1
339 1 84663.40639772 1
340 0 -79357.44384167 0
341 0 -87184.30476647 0
342 0 -44788.64332861 0
343 1 90010.58796587 1
344 1 29919.54978230 1
345 1 64338.50494957 1
346 0 -79985.40707779 0
347 1 79501.63934114 1
348 0 -82636.84556923 0
349 0 -75999.51102588 0
350 1 88424.67153648 1
351 0 -71335.11233286 0
352 1 7531.44453803 1
353 1 67335.44219605 1
354 1 88319.67460840 1
355 0 -78449.54172304 0
356 1 77081.48303958 1
357 0 -65779.41174476 0
358 0 -61409.67415912 0
359 1 79631.31085871 1
360 0 -85774.49981649 0
361 0 -89229.78102078 0
362 0 -105652.65130119 0
363 1 85371.57091836 1
364 1 103556.39701099 1
365 1 68771.69550713 1
366 1 67341.41704581 1
367 1 87312.94105481 1
368 0 -92078.67900763 0
369 0 -72204.01761390 0
370 1 78460.82502254 1
371 0 -58687.76080762 0
372 0 -91795.58204686 0
373 0 -69811.49197839 0
374 1 76975.09700953 1
375 1 55059.33463888 1
376 1 71354.66484079 1
377 0 -93456.85400696 0
378 0 -102387.26709477 0
379 0 -91077.79322711 0
380 0 -55555.82649804 0
381 0 -64966.63512434 0
382 1 86059.02603934 1
383 0 -85682.41154117 0
384 0 -91212.81294501 0
385 1 84454.21108297 1
386 0 -64699.69901421 0
387 1 67741.78779484 1
388 0 -86304.24453467 0
389 0 -77907.70337387 0
390 1 73659.67418595 1
391 1 63930.53953219 1
392 0 -101911.74272614 0
393 0 -63709.42681933 0
394 1 83980.12065047 1
395 0 -52830.68322733 0
396 0 -74339.91973253 0
397 0 -77120.97366571 0
398 1 77599.23199999 1
399 0 -92832.68330529 0
400 1 71537.20010925 1
401 0 -55130.99377553 0
402 1 77498.26682293 1
403 1 73692.15145512 1
404 1 84827.32556288 1
405 0 -82588.75993973 0
406 0 -99374.38454480 0
407 1 60364.10978420 1
408 1 50817.51659785 1
409 1 71650.71672981 1
410 0 -90285.42789496 0
411 0 -56470.12040482 0
412 1 73941.60623328 1
413 0 -76845.43373990 0
414 1 50305.46927808 1
415 0 -33876.93009755 0
416 0 -81245.29079859 0
417 1 63905.57291785 1
418 1 78770.68849151 1
419 1 82809.89688367 1
420 0 -99098.29284730 0
421 1 76397.92018791 1
422 0 -64176.12770062 0
423 0 -69709.46994717 0
424 0 -68644.48160255 0
425 0 -92209.41812243 0
426 0 -88725.50724493 0
427 1 93707.26614947 1
428 1 58830.27813797 1
429 1 60277.76302196 1
430 1 75817.60269110 1
431 0 -31408.32078162 0
432 0 -94899.92686358 0
433 1 55530.93520943 1
434 0 -99964.94071563 0
435 1 70080.41636136 1
436 1 58440.61118427 1
437 1 88227.96753009 1
438 0 -71016.59168287 0
439 1 91592.07154066 1
440 1 82844.06825413 1
441 0 -91544.82666348 0
442 0 -67472.29796371 0
443 1 53415.76426979 1
444 0 -77043.08850498 0
445 0 -90354.36739658 0
446 0 -75907.79976000 0
447 0 -84353.98536968 0
448 1 87633.19155268 1
449 0 -71045.95201305 0
450 1 71221.31017245 1
451 1 95314.44528617 1
452 1 81668.15009840 1
453 0 -62253.31147888 0
454 0 -78404.43215380 0
455 1 91403.57324099 1
456 1 60631.39147869 1
457 1 74328.29580630 1
458 0 -70767.81948227 0
459 0 -28125.74722798 0
460 1 88564.56040738 1
461 0 -94298.47139830 0
462 1 78218.38931639 1
463 1 81697.65371132 1
464 0 -54299.27339520 0
465 1 77326.81951712 1
466 0 -78568.43302318 0
467 0 -60149.01922374 0
468 1 71693.40232577 1
469 1 83300.71019370 1
470 1 77654.51963733 1
471 0 -72184.44589675 0
472 0 -62307.58238432 0
473 1 48656.13792579 1
474 1 66768.61879564 1
475 0 -97690.41476463 0
476 0 -102338.83515677 0
477 0 -79485.20683286 0
478 1 45752.31118462 1
479 0 -54143.21258093 0
480 1 82020.54256771 1
481 1 93892.24903691 1
482 1 70599.57795759 1
483 1 95857.74285704 1
484 0 -66850.93735281 0
485 0 -70986.18628817 0
486 0 -86672.55859416 0
487 0 -63639.67369393 0
488 1 69469.57131336 1
489 1 81896.57043946 1
490 0 -102641.60218516 0
491 0 -59127.45019174 0
492 1 81577.32146370 1
493 1 84827.00452137 1
494 0 -100482.80172162 0
495 0 -78237.92288409 0
496 1 100118.91466799 1
497 0 -104779.64762162 0
498 1 46275.26560685 1
499 0 -53269.90646915 0
500 1 80355.16621352 1
501 1 95673.14196436 1
502 1 101179.34836144 1
503 0 -83992.70468209 0
504 1 105387.25261765 1
505 0 -88869.12947330 0
506 0 -84664.81723708 0
507 0 -46673.51374295 0
508 1 66878.19596697 1
509 1 100581.76065853 1
510 0 -105013.50343180 0
511 0 -106660.81042969 0
512 0 -76760.66307865 0
513 0 -70278.57744192 0
514 0 -91781.10796484 0
515 0 -81574.16501013 0
516 1 92379.78386698 1
517 0 -92749.89209674 0
518 1 61135.57416894 1
519 1 26251.31532696 1
520 1 86557.62645782 1
521 0 -90229.98854700 0
522 1 90798.21191272 1
523 1 102367.47921984 1
524 0 -96901.36696923 0
525 1 112276.60463718 1
526 1 85163.32363663 1
527 1 76104.65411524 1
528 0 -46872.08226827 0
529 1 87657.34099136 1
530 1 93171.69222817 1
531 0 -91335.40824929 0
532 1 98864.30396553 1
533 1 68645.81315592 1
534 0 -75767.06550549 0
535 0 -72308.86931155 0
536 1 83771.00623373 1
537 1 107766.58309156 1
538 0 -87516.26403744 0
539 0 -88740.96366058 0
540 0 -78580.18948195 0
541 0 -64792.04380973 0
542 0 -71043.90215734 0
543 0 -88654.91385671 0
544 1 83188.55450422 1
545 1 84408.73049190 1
546 0 -108617.68466940 0
547 0 -81538.58109102 0
548 0 -83893.79167638 0
549 1 95429.03326537 1
550 1 87501.56211710 1
551 1 83670.53060530 1
552 0 -92241.49075967 0
553 0 -102653.16675353 0
554 1 78505.16405887 1
555 0 -58571.98253957 0
556 1 101537.02709659 1
557 1 65944.08115976 1
558 0 -98646.58337691 0
559 0 -99304.28464343 0
560 1 101595.69139461 1
561 1 75511.92808359 1
562 1 61429.97678000 1
563 0 -96735.27092462 0
564 1 97141.57013867 1
565 0 -81729.73287893 0
566 0 -101034.17980435 0
567 0 -87442.60143776 0
568 1 97769.36403297 1
569 0 -73753.71208145 0
570 0 -85970.52725698 0
571 1 84775.32639463 1
572 1 88060.75986717 1
573 1 82636.62647562 1
574 0 -102673.89493013 0
575 0 -89529.67320974 0
576 0 -76473.11670573 0
577 0 -84948.41503184 0
578 0 -83478.61514832 0
579 0 -77888.50803633 0
580 1 88458.86512344 1
581 0 -93083.04959687 0
582 0 -82199.34601115 0
583 1 73228.75814544 1
584 1 76576.93332220 1
585 0 -65413.22500550 0
586 1 101892.87128743 1
587 0 -86636.39470023 0
588 0 -89630.01591289 0
589 1 90007.22094157 1
590 0 -50452.67689543 0
591 0 -88113.37212261 0
592 1 87606.90212490 1
593 1 83922.84822834 1
594 1 96641.93753581 1
595 1 88608.15718196 1
596 1 69013.96502212 1
597 1 91901.77279770 1
598 0 -75234.66796185 0
599 1 93446.47863811 1
600 0 -80392.48245126 0
601 1 67362.44424731 1
602 0 -101097.64965599 0
603 0 -74810.51703534 0
604 1 76155.30215208 1
605 0 -63070.68864750 0
606 1 95719.78222160 1
607 0 -98612.18490187 0
608 0 -77529.47543869 0
609 1 98085.39343475 1
610 0 -68016.66564427 0
611 1 63760.25000191 1
612 0 -93913.51410293 0
613 1 73747.49340860 1
614 1 -66811.37498545 0
615 0 -82881.19390644 0
616 0 -86856.50148289 0
617 1 75555.50784613 1
618 0 -69286.36888362 0
619 0 -84266.78465602 0
620 1 79809.19022080 1
621 0 -78945.64414745 0
622 1 78381.89746295 1
623 0 -93377.33255750 0
624 1 81584.32123848 1
625 1 53260.88354489 1
626 0 -91482.94371009 0
627 0 -79367.00349209 0
628 0 -87974.17197254 0
629 0 -81768.51150127 0
630 0 -87144.20415716 0
631 1 66599.78599618 1
632 1 73017.74399217 1
633 1 87701.92877975 1
634 0 -82323.33112610 0
635 1 96543.84855778 1
636 1 96386.73888540 1
637 1 83932.57896830 1
638 1 75949.33205154 1
639 0 -55682.74187886 0
640 0 -78353.58179494 0
641 1 39337.21654866 1
642 0 -90904.23941715 0
643 1 57299.69374587 1
644 1 91311.55109201 1
645 0 -48380.01135591 0
646 0 -66812.03100873 0
647 1 74040.60808640 1
648 1 71487.27473162 1
649 0 -97925.37706402 0
650 0 -83308.11162088 0
651 1 88001.30228045 1
652 1 81870.54035112 1
653 0 -76744.68712460 0
654 0 -109336.48675050 0
655 1 89388.63751289 1
656 0 -59118.35164188 0
657 1 73050.47228691 1
658 0 -69397.80601791 0
659 0 -76453.24799238 0
660 0 -51458.36926112 0
661 0 -27656.87554744 0
662 0 -90620.08697647 0
663 0 -65776.32988081 0
664 1 96427.29424091 1
665 1 95531.28525530 1
666 1 47540.76626263 1
667 1 82579.73704536 1
668 1 82410.01490417 1
669 0 -87768.08969240 0
670 1 61481.70367355 1
671 0 -86915.72056629 0
672 1 87112.64089349 1
673 0 -74289.64701897 0
674 0 -79632.71736327 0
675 0 -95735.28922349 0
676 0 -47502.41451239 0
677 0 -90397.82567417 0
678 1 100977.49997675 1
679 1 91213.96661035 1
680 1 70854.36332199 1
681 1 87069.67786872 1
682 0 -75174.31966390 0
683 0 -43510.78559921 0
684 1 71649.50111356 1
685 0 -104323.25415104 0
686 1 72727.21806443 1
687 1 83782.18571423 1
688 1 82311.17240757 1
689 1 60593.87115549 1
690 0 -52960.50653598 0
691 1 106850.24180935 1
692 1 84040.03069771 1
693 1 97221.30453447 1
694 0 -72422.01836282 0
695 1 70342.96055749 1
696 1 46142.53694589 1
697 1 57300.24012961 1
698 1 90992.42981329 1
699 1 80662.86632986 1
700 1 55910.48611576 1
701 1 90698.63713675 1
702 0 -62546.02403001 0
703 0 -38860.89557866 0
704 1 82954.93129256 1
705 0 -99024.72987307 0
706 0 -48868.04413584 0
707 0 -84351.89682766 0
708 1 90223.00373850 1
709 1 52359.33912655 1
710 1 47672.65930759 1
711 0 -71235.38712898 0
712 1 87190.22827984 1
713 0 -100258.14147486 0
714 1 75490.74538816 1
715 0 -86722.37378505 0
716 1 32552.87655513 1
717 1 66503.45387716 1
718 0 -75494.25091729 0
719 1 69962.23908141 1
720 1 95380.23842841 1
721 0 -93773.85022830 0
722 0 -81562.72237830 0
723 1 92294.92832285 1
724 1 83811.65682795 1
725 1 77369.03521811 1
726 0 -106203.53004728 0
727 1 94377.50642558 1
728 0 -83092.89643318 0
729 0 -42811.78968641 0
730 1 81518.56744520 1
731 1 93863.44226341 1
732 0 -79419.57870686 0
733 0 -92478.75169355 0
734 0 -82869.89758628 0
735 1 101624.84448364 1
736 0 -96035.50111583 0
737 1 39354.34169871 1
738 1 100402.56979620 1
739 0 -99414.61255747 0
740 1 88549.69819551 1
741 1 95664.36022915 1
742 0 -89039.14219164 0
743 1 77520.60738262 1
744 0 -45505.61335875 0
745 0 -96440.17426924 0
746 1 96563.07331044 1
747 1 100164.31028770 1
748 1 103543.21146964 1
749 1 46139.55561023 1
750 0 -94454.01098207 0
751 1 67627.24948539 1
752 0 -67239.59807086 0
753 0 -72281.71040286 0
754 1 61681.57230969 1
755 1 94029.58612275 1
756 0 -86877.20664852 0
757 0 -89800.48167751 0
758 0 -82329.03700633 0
759 1 102358.02472815 1
760 0 -94256.32727523 0
761 1 82176.60576812 1
762 0 -72171.83849583 0
763 0 -75320.36828635 0
764 0 -58220.70386272 0
765 1 80141.29194669 1
766 0 -96710.02568840 0
767 0 -90751.69966178 0
768 1 72064.41677280 1
769 1 100575.45214609 1
770 0 -87600.77037981 0
771 0 -82373.71255128 0
772 1 56340.07529510 1
773 1 113058.32212598 1
774 1 58897.60023074 1
775 0 -92578.53549475 0
776 0 -90343.10007982 0
777 1 95508.11059024 1
778 0 -97853.65168017 0
779 1 82756.78003940 1
780 0 -67992.04779470 0
781 0 -59853.74695398 0
782 0 -66632.11718617 0
783 1 89626.18854127 1
784 1 61591.78891629 1
785 0 -79477.98287565 0
786 0 -70892.01532168 0
787 1 88186.47492429 1
788 1 86446.00710800 1
789 1 70707.56995546 1
790 1 81053.00112837 1
791 1 84545.40045576 1
792 0 -49675.51791268 0
793 1 86420.90424313 1
794 1 58896.83714910 1
795 0 -67401.05583388 0
796 0 -84978.95660994 0
797 0 -88018.82055923 0
798 0 -100242.10861914 0
799 1 85417.83113704 1
800 0 -81481.02588692 0
801 1 108290.58793876 1
802 0 -46820.05031873 0
803 0 -83601.46926576 0
804 0 -51279.71500057 0
805 0 -97041.44392092 0
806 0 -77597.17797804 0
807 0 -85501.97894056 0
808 1 95367.43842822 1
809 0 -75214.45155772 0
810 1 85941.44699144 1
811 1 85325.76692680 1
812 1 87447.80768744 1
813 0 -69770.73109762 0
814 0 -80617.91926859 0
815 1 81269.40497258 1
816 0 -71719.86067772 0
817 1 75623.41945387 1
818 0 -87329.19376575 0
819 0 -108970.31874833 0
820 0 -59484.20461425 0
821 1 74068.91608165 1
822 1 99212.01208152 1
823 0 -68937.78086730 0
824 1 97741.08873178 1
825 0 -97749.92493105 0
826 0 -89602.47189569 0
827 1 86684.82074864 1
828 0 -90892.58873096 0
829 1 83914.48118611 1
830 1 71623.60280239 1
831 0 -64099.22927460 0
832 1 88240.17965859 1
833 0 -88376.98666036 0
834 1 90325.00700139 1
835 1 45864.27268964 1
836 0 -77033.58980458 0
837 1 87369.19664730 1
838 0 -105860.98674407 0
839 1 91998.37847386 1
840 0 -81223.21926935 0
841 0 -87584.73331375 0
842 1 83953.96596975 1
843 0 -102783.41394491 0
844 1 101129.88780401 1
845 0 -86052.31643941 0
846 1 77898.72895005 1
847 1 97355.74024094 1
848 1 100000.67477014 1
849 0 -80821.43971692 0
850 1 75614.68515081 1
851 1 62981.63131406 1
852 1 93320.61991139 1
853 1 101075.18617490 1
854 0 -84019.81309641 0
855 1 53074.18042837 1
856 1 83513.33123010 1
857 0 -84763.06280123 0
858 1 89922.62585235 1
859 1 79553.71251351 1
860 0 -99506.64588617 0
861 1 86679.93075745 1
862 1 74809.35288328 1
863 0 -88531.31512139 0
864 1 70631.85200837 1
865 1 66750.57673877 1
866 0 -100787.42879500 0
867 1 90347.67214077 1
868 0 -85449.54512997 0
869 0 -77788.84421743 0
870 0 -88446.55887360 0
871 0 -53260.21851531 0
872 1 65799.33761138 1
873 0 -58341.47835859 0
874 1 80359.98037516 1
875 1 53256.66895068 1
876 1 104917.86536970 1
877 0 -66190.19885268 0
878 0 -97517.86477997 0
879 0 -84255.92300575 0
880 1 103543.94687086 1
881 0 -84019.28996197 0
882 1 86654.98029993 1
883 0 -75230.40235913 0
884 0 -79166.93124534 0
885 1 95452.47724655 1
886 1 72657.49329623 1
887 0 -56502.81723697 0
888 1 93644.62451494 1
889 0 -101332.90062118 0
890 0 -84595.04687953 0
891 0 -79303.16547624 0
892 1 93518.96936423 1
893 0 -53820.64281047 0
894 1 92389.46387935 1
895 0 -101917.91602296 0
896 0 -78009.54365618 0
897 0 -90293.81599959 0
898 0 -60517.97773461 0
899 1 99086.87844217 1
900 1 87734.51398666 1
901 1 98519.18650998 1
902 1 94614.49882188 1
903 1 60564.14374989 1
904 0 -81172.23167385 0
905 1 91026.43783629 1
906 0 -88657.10561090 0
907 1 78704.11575622 1
908 0 -90331.33301850 0
909 0 -100466.99558928 0
910 0 -77984.94835056 0
911 1 80529.20646963 1
912 1 70202.92176199 1
913 0 -49518.68066346 0
914 1 76580.82780086 1
915 1 107492.45514395 1
916 0 -81117.05847073 0
917 1 103978.58138963 1
918 1 74768.38210311 1
919 0 -49452.82585613 0
920 0 -100775.93538022 0
921 1 88263.44928832 1
922 1 74156.56576132 1
923 1 89310.11570864 1
924 1 76495.98179802 1
925 0 -84169.80512754 0
926 0 -85710.80879268 0
927 0 -67857.55702353 0
928 1 44057.10447065 1
929 1 81047.10484439 1
930 0 -101098.85224257 0
931 0 -109437.92848580 0
932 1 75701.76813455 1
933 0 -33313.03956243 0
934 1 81938.20237763 1
935 0 -71964.91510464 0
936 1 94808.39779941 1
937 0 -92286.48688352 0
938 1 62316.18050614 1
939 1 54555.91967901 1
940 1 85025.02701160 1
941 1 91893.54002839 1
942 1 80962.36856408 1
943 1 108045.38267387 1
944 0 -97489.08518315 0
945 0 -87342.10285592 0
946 0 -84538.56118615 0
947 1 60391.44699206 1
948 0 -73709.60567932 0
949 1 64432.94644089 1
950 1 89337.65690625 1
951 1 82092.56734366 1
952 0 -101851.88652953 0
953 0 -102747.75485117 0
954 1 82334.08742142 1
955 0 -73282.04607544 0
956 1 83081.03107069 1
957 1 91738.54297524 1
958 0 -60824.00329941 0
959 0 -53113.01186787 0
960 0 -95340.40959534 0
961 0 -89971.06793058 0
962 1 88031.22190923 1
963 0 -99371.90713225 0
964 1 95183.70538098 1
965 1 91687.71342817 1
966 0 -107852.84932638 0
967 1 47781.38661344 1
968 1 55362.49776459 1
969 1 92046.43899730 1
970 0 -84047.76888033 0
971 1 99141.39693937 1
972 0 -95283.31384443 0
973 1 84771.45139889 1
974 0 -99459.18160078 0
975 1 73941.25264024 1
976 0 -103208.14817850 0
977 0 -94619.36414232 0
978 0 -52478.75873421 0
979 0 -44256.67142715 0
980 1 70994.10067906 1
981 1 79776.09897960 1
982 0 -74284.37748953 0
983 1 76428.75228815 1
984 1 78685.52744831 1
985 1 96348.04770958 1
986 1 80683.01117831 1
987 0 -108282.85866705 0
988 0 -38945.74281268 0
989 1 91190.21300109 1
990 0 -86354.77294246 0
991 1 77687.65940329 1
992 0 -86241.94022771 0
993 0 -81171.71056847 0
994 0 -90950.36685847 0
995 0 -83520.87652517 0
996 1 83737.36090638 1
997 1 106894.74501304 1
998 1 93903.31040997 1
999 1 103000.17493488 1
1000 0 -89957.74722554 0
1001 1 77514.85138572 1
1002 1 70552.91845136 1
1003 0 -80515.48284800 0
1004 0 -79735.97731057 0
1005 0 -91879.15780147 0
1006 0 -86359.61981703 0
1007 0 -97079.85153228 0
1008 1 98744.09279790 1
1009 1 84074.36636048 1
1010 1 87954.52762252 1
1011 0 -63012.52112909 0
1012 0 -76856.33846640 0
1013 1 84885.15979173 1
1014 1 83315.00004907 1
1015 1 81845.45552741 1
1016 0 -71744.18114040 0
1017 0 -83248.03710469 0
1018 1 106837.22777162 1
1019 0 -85654.07935915 0
1020 0 -108882.91763673 0
1021 1 82917.27806508 1
1022 1 93299.20721903 1
1023 0 -85726.49458618 0
1024 1 84222.42299145 1
1025 1 74145.30861997 1
1026 1 91888.32019334 1
1027 1 70489.61139552 1
1028 0 -92404.40876836 0
1029 1 86752.47300084 1
1030 1 100643.60287416 1
1031 1 82202.27186256 1
1032 1 98870.90035230 1
1033 1 73433.11950511 1
1034 0 -95686.97477332 0
1035 0 -96869.78732672 0
1036 1 91576.73031671 1
1037 0 -100747.19719556 0
1038 1 68873.98206426 1
1039 0 -95283.40499321 0
1040 0 -81441.19148768 0
1041 0 -84356.71315400 0
1042 0 -65892.19179972 0
1043 1 87946.94130496 1
1044 1 98214.29546127 1
1045 0 -69532.43215144 0
1046 0 -66690.16522935 0
1047 0 -67924.43520160 0
1048 0 -89179.95704864 0
1049 0 -97327.25426321 0
1050 1 86602.86600440 1
1051 1 91533.52035490 1
1052 1 89396.55372726 1
1053 1 78417.31931879 1
1054 0 -100455.44268604 0
1055 1 93950.96131402 1
1056 0 -84354.41817873 0
1057 0 -96496.22337943 0
1058 0 -59349.37067342 0
1059 0 -88546.51950248 0
1060 0 -96699.27468083 0
1061 1 53083.45529599 1
1062 0 -101955.53780406 0
1063 1 90104.36413276 1
1064 1 107230.27147671 1
1065 1 63972.80371625 1
1066 1 76964.83629788 1
1067 0 -98183.32665214 0
1068 0 -79136.13570928 0
1069 1 103230.15319128 1
1070 0 -96033.45281545 0
1071 1 86773.52491665 1
1072 0 -84788.92562237 0
1073 0 -89001.59256018 0
1074 1 109412.02540244 1
1075 0 -80184.73484994 0
1076 1 104383.16873098 1
1077 0 -98611.68224965 0
1078 0 -80419.51052767 0
1079 0 -98199.81801606 0
1080 0 -74886.99367410 0
1081 1 72250.65936493 1
1082 1 95969.74074287 1
1083 1 84260.61396354 1
1084 0 -97486.17142284 0
1085 1 58043.35591038 1
1086 1 90118.63870730 1
1087 1 91057.21857960 1
1088 1 88358.06168641 1
1089 0 -65285.36788409 0
1090 0 -73011.62686058 0
1091 0 -90388.11558850 0
1092 1 92900.53733972 1
1093 1 105304.01097098 1
1094 0 -85878.72616034 0
1095 1 103858.85659493 1
1096 0 -89000.87617683 0
1097 1 105160.38706232 1
1098 0 -90715.91379881 0
1099 0 -69048.84625659 0
1100 1 89251.46968807 1
1101 0 -51473.92872258 0
1102 1 107239.21237490 1
1103 1 56014.52773502 1
1104 1 108848.51915018 1
1105 0 -45651.91610370 0
1106 0 -74378.99571396 0
1107 1 75839.35187191 1
1108 0 -68443.55040735 0
1109 1 82816.62417562 1
1110 1 68940.63239193 1
1111 1 96108.01730224 1
1112 0 -99721.12635031 0
1113 0 -82143.86873812 0
1114 0 -87192.99376108 0
1115 1 101464.01196070 1
1116 0 -80127.79473352 0
1117 1 80122.46109808 1
1118 1 82631.30456295 1
1119 0 -90243.98413408 0
1120 0 -60697.87006933 0
1121 0 -91722.51312508 0
1122 0 -103710.45798834 0
1123 0 -63777.14849836 0
1124 1 94526.41225486 1
1125 0 -101524.50594252 0
1126 0 -67958.39905703 0
1127 0 -85153.82511219 0
1128 0 -85409.93495179 0
1129 1 72928.09003105 1
1130 1 73849.47415196 1
1131 0 -98161.89802158 0
1132 1 93625.39453820 1
1133 1 85757.41746379 1
1134 1 100359.77694004 1
1135 1 104407.49626140 1
1136 1 67731.29070102 1
1137 0 -97261.97487290 0
1138 1 80831.07300125 1
1139 1 101559.77461583 1
1140 1 63851.94141774 1
1141 1 91746.21237029 1
1142 1 90603.70738190 1
1143 1 47792.52216736 1
1144 1 94201.39626756 1
1145 0 -99832.78345359 0
1146 1 69912.92686544 1
1147 1 97062.45155625 1
1148 1 88675.39759928 1
1149 0 -63898.32204677 0
1150 0 -52550.32216694 0
1151 1 112785.34509698 1
1152 0 -92392.44791941 0
1153 1 90695.38984345 1
1154 1 97804.79506370 1
1155 0 -96205.54269067 0
1156 1 55080.39525124 1
1157 1 63231.39030304 1
1158 0 -87759.79425735 0
1159 0 -74547.52894994 0
1160 0 -52345.64264270 0
1161 0 -92112.17633870 0
1162 0 -91619.55672654 0
1163 0 -38027.29040056 0
1164 0 -83889.58169242 0
1165 1 103599.29740699 1
1166 0 -44073.47145482 0
1167 0 -88709.31028693 0
1168 0 -96904.74710640 0
1169 0 -58731.82628991 0
1170 0 -56384.30616774 0
1171 1 86799.84201851 1
1172 0 -93772.18726710 0
1173 0 -85607.04005587 0
1174 1 82492.61816076 1
1175 1 91271.20171797 1
1176 1 89026.48837650 1
1177 0 -75357.51489182 0
1178 1 80498.20143767 1
1179 0 -94680.77800737 0
1180 1 93869.93870885 1
1181 1 85870.46219522 1
1182 0 -95928.60138326 0
1183 1 98309.70070157 1
1184 0 -92845.75108638 0
1185 0 -80540.10207817 0
1186 0 -104424.31084921 0
1187 0 -79762.82052307 0
1188 1 54595.25829921 1
1189 1 67358.61191663 1
1190 0 -97684.01729632 0
1191 1 112034.98057908 1
1192 1 86012.62803755 1
1193 0 -104089.55465448 0
1194 0 -91543.17331249 0
1195 0 -93725.27951797 0
1196 0 -99876.90903905 0
1197 0 -38862.34911921 0
1198 0 -95414.25812516 0
1199 0 -90067.94614209 0
1200 0 -103749.20263652 0
1201 0 -95862.10514030 0
1202 0 -47992.45933717 0
1203 0 -99776.07370977 0
1204 1 58478.25306639 1
1205 0 -77798.26840083 0
1206 1 91154.57156945 1
1207 0 -108196.54963285 0
1208 1 95146.66786324 1
1209 0 -25432.30257724 0
1210 1 93997.44487227 1
1211 0 -98641.81965386 0
1212 0 -51824.40647753 0
1213 0 -92231.33894269 0
1214 0 -66364.53584857 0
1215 0 -95292.88070694 0
1216 0 -109862.60113297 0
1217 0 -105148.02549090 0
1218 0 -99351.68416762 0
1219 1 93447.37282124 1
1220 0 -87967.24577953 0
1221 0 -88587.86281047 0
1222 1 58759.28263761 1
1223 1 73673.09019215 1
1224 0 -63514.57689824 0
1225 1 94576.86157507 1
1226 0 -94691.74774470 0
1227 0 -94829.49175510 0
1228 1 96375.17374565 1
1229 0 -102638.10501627 0
1230 1 76391.41162321 1
1231 0 -84753.67894911 0
1232 0 -57605.01939767 0
1233 1 73030.42360590 1
1234 0 -61770.40587671 0
1235 0 -98189.82558001 0
1236 0 -66263.65149209 0
1237 0 -100311.69458561 0
1238 1 105505.05535289 1
1239 1 100927.66595938 1
1240 0 -65329.11900337 0
1241 1 56783.33637544 1
1242 0 -78777.42938355 0
1243 1 78530.83560374 1
1244 1 43703.51147040 1
1245 0 -74164.40718961 0
1246 0 -94861.49784733 0
1247 0 -90464.08735781 0
1248 0 -90428.86806312 0
1249 1 103695.18166002 1
1250 1 90007.93101023 1
1251 0 -80678.73642794 0
1252 1 52719.11498088 1
1253 0 -90072.92684086 0
1254 1 38728.60482036 1
1255 1 78657.58594740 1
1256 1 88097.34411057 1
1257 0 -81911.37848476 0
1258 0 -95074.24731833 0
1259 1 90717.84068235 1
1260 1 92866.54228594 1
1261 1 97134.41193579 1
1262 0 -31816.26901218 0
1263 0 -95899.40372311 0
1264 1 38220.25132684 1
1265 0 -98567.24393783 0
1266 1 94053.56884988 1
1267 0 -79978.30116199 0
1268 0 -87712.68208924 0
1269 1 71690.99524118 1
1270 1 90542.04813266 1
1271 1 72449.93524641 1
1272 0 -98362.11052223 0
1273 1 74653.79465224 1
1274 0 -99850.67070292 0
1275 0 -68154.30619568 0
1276 0 -79126.51973715 0
1277 1 91314.22281617 1
1278 1 79885.51910224 1
1279 1 77522.12108812 1
1280 1 80909.65555094 1
1281 1 86261.31122924 1
1282 0 -87558.89152978 0
1283 1 68882.32216785 1
1284 1 98840.75470594 1
1285 0 -73922.91574487 0
1286 0 -74448.10206845 0
1287 1 89870.43399828 1
1288 1 92078.87837181 1
1289 0 -90596.35926223 0
1290 1 76953.23403801 1
1291 1 70037.27917441 1
1292 1 97594.35843017 1
1293 0 -85865.72625521 0
1294 0 -97879.02209652 0
1295 1 45756.01571749 1
1296 1 67108.27268773 1
1297 0 -88471.88796664 0
1298 0 -98118.84272082 0
1299 0 -80419.31036463 0
1300 0 -81867.33992918 0
1301 0 -79371.87249168 0
1302 0 -90585.59165311 0
1303 0 -86070.98549935 0
1304 0 -79082.88354681 0
1305 0 -82641.95443750 0
1306 0 -55904.45842381 0
1307 1 85010.52299201 1
1308 1 80620.11498901 1
1309 0 -91503.34685457 0
1310 1 91297.41980785 1
1311 1 54109.40449533 1
1312 0 -89286.08169420 0
1313 1 88079.60011752 1
1314 1 100740.74100153 1
1315 1 75659.14945607 1
1316 0 -84670.11184541 0
1317 1 97276.55037675 1
1318 0 -99448.42639677 0
1319 0 -84069.16485192 0
1320 0 -90062.21648167 0
1321 1 97182.94767041 1
1322 1 85175.64237107 1
1323 1 96466.28914482 1
1324 0 -82695.50267931 0
1325 1 89085.87100426 1
1326 0 -95417.91938129 0
1327 0 -93657.77660580 0
1328 1 94912.80080317 1
1329 0 -64902.70290886 0
1330 1 88327.19380429 1
1331 1 59804.33057393 1
1332 1 60310.75654816 1
1333 1 77881.78927662 1
1334 0 -83157.43337403 0
1335 1 51251.60938267 1
1336 1 80246.61699113 1
1337 0 -73543.36060248 0
1338 1 90422.68242274 1
1339 0 -89326.69457144 0
1340 0 -105059.44284677 0
1341 0 -100708.20375054 0
1342 1 94821.56543259 1
1343 0 -80678.79870501 0
1344 0 -77073.18678939 0
1345 0 -99486.96574146 0
1346 1 95339.05376860 1
1347 0 -82082.33475942 0
1348 1 82820.35356315 1
1349 1 105589.84614667 1
1350 1 82909.71799698 1
1351 0 -91068.48806431 0
1352 1 97574.20637498 1
1353 0 -73459.14196696 0
1354 0 -99241.96535536 0
1355 0 -93744.45660518 0
1356 1 89192.73171579 1
1357 0 -96546.02665808 0
1358 1 82872.99040251 1
1359 0 -89587.04208510 0
1360 1 80031.89752542 1
1361 1 111381.31551248 1
1362 1 85735.79819349 1
1363 1 90518.51085763 1
1364 1 82000.34499697 1
1365 1 106938.83740519 1
1366 1 94458.27429252 1
1367 1 75799.86011713 1
1368 1 95845.43581856 1
1369 0 -98937.09188882 0
1370 0 -79719.81089012 0
1371 1 98499.14871939 1
1372 0 -85388.71041633 0
1373 1 59712.99971297 1
1374 1 90288.45616821 1
1375 0 -110666.51605056 0
1376 1 90918.30270844 1
1377 1 75548.69990369 1
1378 0 -78680.63243846 0
1379 0 -63708.77168792 0
1380 1 85624.67174649 1
1381 0 -85505.52360037 0
1382 0 -80036.35552976 0
1383 1 78708.45496038 1
1384 0 -79342.15101668 0
1385 1 84687.63870099 1
1386 1 104296.24112672 1
1387 0 -58861.99492755 0
1388 0 -56484.67514804 0
1389 1 103585.67020000 1
1390 1 90421.30410823 1
1391 1 87383.89388263 1
1392 0 -87790.66871227 0
1393 0 -82705.46327941 0
1394 0 -77259.33703552 0
1395 1 86037.22808447 1
1396 1 88880.50049351 1
1397 0 -81472.32255516 0
1398 1 48957.31857295 1
1399 0 -75237.26128944 0
1400 0 -99756.64993686 0
1401 1 84937.33897327 1
1402 1 82045.60724007 1
1403 0 -100581.97568658 0
1404 0 -84851.26086731 0
1405 0 -94533.34909482 0
1406 0 -100694.23108219 0
1407 1 70291.03956645 1
1408 1 64194.18381263 1
1409 1 85093.05189013 1
1410 0 -111644.38986052 0
1411 0 -75946.45164659 0
1412 1 92327.57865234 1
1413 1 99766.03101051 1
1414 1 97551.78973982 1
1415 1 79350.70685118 1
1416 1 96055.68703156 1
1417 0 -96422.57873978 0
1418 0 -66693.00236987 0
1419 1 52959.97509868 1
1420 0 -108599.23598680 0
1421 1 100738.12001289 1
1422 0 -85597.72526275 0
1423 1 103184.02572681 1
1424 1 100789.79618757 1
1425 1 79181.75320536 1
1426 0 -94455.79780900 0
1427 0 -50367.30411195 0
1428 1 51526.11047930 1
1429 1 82498.27699792 1
1430 1 85428.50431353 1
1431 0 -96596.07240978 0
1432 1 84213.79543118 1
1433 0 -107268.39021948 0
1434 0 -68991.47576613 0
1435 0 -94786.02914416 0
1436 0 -78210.39525160 0
1437 0 -96802.98205164 0
1438 1 55131.05324182 1
1439 1 83540.36148474 1
1440 0 -90188.95147239 0
1441 1 87318.91856779 1
1442 0 -89277.67676570 0
1443 0 -83193.95880404 0
1444 1 76499.12224024 1
1445 0 -55335.44557724 0
1446 0 -94020.38639232 0
1447 0 -104581.69817196 0
1448 1 41315.89229343 1
1449 1 86808.16332962 1
1450 1 82113.41550890 1
1451 1 86170.39110446 1
1452 0 -78623.87890041 0
1453 1 67446.38534165 1
1454 1 89151.43909794 1
1455 0 -79646.09285043 0
1456 1 99721.16591107 1
1457 0 -98770.25262421 0
1458 1 100188.62395375 1
1459 1 96006.06223104 1
1460 0 -95154.89302779 0
1461 0 -99928.28395662 0
1462 1 69057.98831713 1
1463 1 94832.96746666 1
1464 1 69399.05193165 1
1465 0 -80064.33580997 0
1466 1 96812.46666876 1
1467 0 -93678.03884701 0
1468 0 -104309.78501972 0
1469 0 -92619.01170977 0
1470 1 109926.62034582 1
1471 1 74346.59909476 1
1472 1 96056.70573598 1
1473 1 87338.78686759 1
1474 1 96364.24267611 1
1475 1 75154.47504750 1
1476 0 -100023.39913587 0
1477 1 75029.75743388 1
1478 0 -104952.44297421 0
1479 1 101547.45169525 1
1480 0 -89893.52591940 0
1481 0 -66783.09855948 0
1482 0 -104666.87491278 0
1483 1 91289.81585010 1
1484 0 -89814.71793191 0
1485 1 85453.99322478 1
1486 0 -98224.12358705 0
1487 1 97732.42072275 1
1488 0 -92801.01367622 0
1489 1 89297.25145987 1
1490 0 -89595.62553020 0
1491 0 -86863.15580375 0
1492 1 90720.25136876 1
1493 0 -84301.19886636 0
1494 1 104727.92941925 1
1495 0 -100973.80088835 0
1496 0 -91475.12839744 0
1497 1 86836.19358248 1
1498 1 89975.73337004 1
1499 0 -75603.57349044 0
1500 1 96009.50594529 1
1501 0 -88670.02913086 0
1502 1 96526.33057828 1
1503 0 -79408.88833485 0
1504 0 -89908.62629810 0
1505 0 -75203.08022475 0
1506 0 -81004.75486213 0
1507 0 -83683.93779985 0
1508 1 85921.35585768 1
1509 1 85982.78749139 1
1510 0 -73887.55696501 0
1511 1 105305.19327621 1
1512 1 106149.41324894 1
1513 1 71007.44715524 1
1514 0 -101189.97676125 0
1515 1 89864.43792654 1
1516 0 -67904.32673340 0
1517 1 96600.01215646 1
1518 1 85854.79857195 1
1519 1 84824.52788055 1
1520 0 -93574.24824583 0
1521 0 -59286.43649312 0
1522 1 96381.31327327 1
1523 1 79944.60315862 1
1524 0 -105521.68732764 0
1525 0 -51496.72916655 0
1526 1 89971.72792937 1
1527 1 76993.80686767 1
1528 0 -90638.33005612 0
1529 0 -83186.04212960 0
1530 1 83904.80144009 1
1531 0 -95637.26261987 0
1532 1 93484.15493190 1
1533 1 92832.15135246 1
1534 0 -72777.16384351 0
1535 1 77628.73435900 1
1536 1 91280.13694011 1
1537 0 -67209.40999005 0
1538 1 83683.30214345 1
1539 1 81147.94380753 1
1540 0 -85937.37366995 0
1541 0 -53602.31704478 0
1542 1 82280.77948901 1
1543 0 -78290.78065515 0
1544 1 85596.61470302 1
1545 0 -58131.72674206 0
1546 0 -79334.36562525 0
1547 0 -82050.97589480 0
1548 1 91194.59752158 1
1549 0 -81864.89056562 0
1550 1 92406.20929330 1
1551 0 -73529.46465457 0
1552 0 -89854.01445783 0
1553 0 -86569.55736105 0
1554 0 -89245.62237976 0
1555 0 -84717.20862290 0
1556 0 -74793.66822518 0
1557 1 85682.55985419 1
1558 1 74028.33418890 1
1559 1 66627.19056744 1
1560 1 82576.73750210 1
1561 1 57788.91003456 1
1562 1 101740.24660431 1
1563 1 64188.06018033 1
1564 0 -92807.92103218 0
1565 1 41339.31674191 1
1566 0 -72609.30546450 0
1567 0 -58174.15089599 0
1568 1 71345.66415910 1
1569 1 87035.89999601 1
1570 1 53433.90332117 1
1571 1 97944.68167379 1
1572 1 85823.93130773 1
1573 0 -75184.07005589 0
1574 0 -92540.60375287 0
1575 1 97730.38514243 1
1576 0 -60562.20295216 0
1577 1 88249.28410643 1
1578 0 -67654.89292865 0
1579 1 75807.98417688 1
1580 1 58857.01393117 1
1581 1 105517.00310570 1
1582 0 -83917.82400694 0
1583 0 -71162.93865606 0
1584 1 81665.68490553 1
1585 0 -108216.93378668 0
1586 0 -62331.39515217 0
1587 0 -102833.64362970 0
1588 1 86583.24199023 1
1589 1 81969.09364893 1
1590 1 60542.94693507 1
1591 1 105123.87351927 1
1592 0 -93103.00222224 0
1593 0 -77090.59509213 0
1594 0 -71580.42164553 0
1595 1 105849.05429104 1
1596 0 -69838.36677035 0
1597 0 -72535.06288334 0
1598 1 98251.42613053 1
1599 1 92969.55613934 1
1600 0 -72752.30456902 0
1601 1 109032.10958114 1
1602 0 -79111.99392026 0
1603 0 -59955.91953554 0
1604 1 75705.47342978 1
1605 0 -95003.12410673 0
1606 1 60942.34180387 1
1607 1 79189.66115790 1
1608 0 -93162.00091801 0
1609 0 -73900.24988097 0
1610 1 48640.02718299 1
1611 1 91888.95434784 1
1612 1 95832.83903052 1
1613 1 82142.43278556 1
1614 1 78305.26458312 1
1615 0 -97275.22515745 0
1616 0 -54565.69582317 0
1617 0 -65205.75836859 0
1618 0 -85548.81507571 0
1619 1 83072.81119750 1
1620 0 -37523.82443777 0
1621 1 75849.53251230 1
1622 1 91130.25587986 1
1623 0 -94790.98958432 0
1624 1 84660.95817954 1
1625 0 -86177.40224628 0
1626 1 44269.89931239 1
1627 0 -83884.85005280 0
1628 0 -79419.32531213 0
1629 1 75893.53551319 1
1630 0 -36057.28811966 0
1631 0 -93954.67800544 0
1632 1 91850.11609706 1
1633 0 -93044.26435443 0
1634 1 93561.43998708 1
1635 0 -102998.32216128 0
1636 0 -100369.71581584 0
1637 0 -63283.89834215 0
1638 1 94167.81485246 1
1639 1 89065.44852194 1
1640 1 103037.63044418 1
1641 1 64218.97244052 1
1642 1 87984.49306938 1
1643 0 -99944.25670168 0
1644 1 83854.42382412 1
1645 0 -96653.73041088 0
1646 1 88817.70042689 1
1647 0 -81146.08905666 0
1648 0 -79009.29392676 0
1649 1 45027.34111397 1
1650 0 -110362.35986053 0
1651 1 87183.17573804 1
1652 1 76286.74085660 1
1653 0 -95030.13479541 0
1654 0 -57784.70139246 0
1655 1 94702.49197320 1
1656 0 -105899.34530383 0
1657 0 -61914.67120065 0
1658 0 -86150.83827512 0
1659 1 85157.16551839 1
1660 1 112157.48021444 1
1661 1 73500.87319141 1
1662 1 64080.73098981 1
1663 1 95395.86358048 1
1664 1 66502.23200515 1
1665 1 90312.27947811 1
1666 1 106369.64455436 1
1667 1 99384.72746177 1
1668 0 -81091.24014797 0
1669 0 -92181.37176641 0
1670 0 -88230.45985575 0
1671 0 -105723.91321263 0
1672 1 47172.87232117 1
1673 0 -98276.80075914 0
1674 0 -62774.21093452 0
1675 1 69875.79425200 1
1676 0 -98978.70268497 0
1677 0 -90835.91057706 0
1678 0 -100715.74879991 0
1679 0 -102235.72030404 0
1680 1 91197.16030468 1
1681 1 104837.38258467 1
1682 1 58926.34430199 1
1683 1 87798.90049102 1
1684 1 67269.68893327 1
1685 1 75633.33453862 1
1686 0 -83332.39487725 0
1687 1 106139.64043498 1
1688 1 82101.07394197 1
1689 1 91155.01026923 1
1690 1 82351.29777917 1
1691 1 97374.96364466 1
1692 0 -78892.34890686 0
1693 1 107475.57202271 1
1694 0 -66056.03407131 0
1695 1 78875.65468614 1
1696 0 -78649.90764639 0
1697 1 95733.99012756 1
1698 0 -103428.02338882 0
1699 1 82634.89001029 1
1700 0 -85089.47053805 0
1701 0 -82659.87310909 0
1702 0 -53688.44783644 0
1703 0 -89824.17133066 0
1704 0 -50622.18862807 0
1705 0 -74309.69210910 0
1706 1 78060.49165013 1
1707 1 98367.53845818 1
1708 1 109019.67599991 1
1709 0 -89770.31614298 0
1710 0 -81739.12903947 0
1711 1 82691.65126559 1
1712 0 -42730.68322262 0
1713 0 -90191.30904718 0
1714 0 -54987.95881529 0
1715 0 -92755.52433315 0
1716 0 -102391.88148271 0
1717 1 86166.63885189 1
1718 0 -98849.01512215 0
1719 1 93579.82536078 1
1720 0 -91566.23215638 0
1721 0 -82640.57902542 0
1722 0 -41571.69179504 0
1723 0 -63003.30321661 0
1724 0 -24072.86065257 0
1725 0 -103051.79263057 0
1726 0 -84981.57903887 0
1727 0 -97650.98097776 0
1728 0 -84681.16877990 0
1729 1 76658.74752767 1
1730 0 -80201.22536383 0
1731 0 -81289.08416936 0
1732 1 99997.27088071 1
1733 0 -71970.12907748 0
1734 1 101687.09111285 1
1735 1 67957.92126189 1
1736 1 91154.70440964 1
1737 0 -92097.38511908 0
1738 1 100907.52939670 1
1739 1 105583.17050968 1
1740 1 84994.10871395 1
1741 0 -81597.61220321 0
1742 0 -115428.26301479 0
1743 0 -77132.48482581 0
1744 0 -96419.93362840 0
1745 1 94168.98160860 1
1746 1 94438.55761965 1
1747 1 83978.24279285 1
1748 0 -87603.25233855 0
1749 0 -97221.50738501 0
1750 1 77988.98945316 1
1751 0 -57360.25503208 0
1752 0 -96965.80835419 0
1753 0 -95352.22627653 0
1754 0 -88356.31110354 0
1755 0 -68612.04635465 0
1756 1 82667.30955228 1
1757 1 96070.91438698 1
1758 1 91362.17655618 1
1759 0 -95033.32342028 0
1760 0 -75874.56428104 0
1761 1 86913.62857947 1
1762 0 -87876.61123162 0
1763 0 -105787.79984998 0
1764 1 110200.83054309 1
1765 1 82658.24455035 1
1766 0 -78818.40018403 0
1767 0 -71451.51448569 0
1768 0 -87705.55170201 0
1769 1 81918.28442222 1
1770 0 -99988.25593852 0
1771 0 -73772.30230866 0
1772 1 99301.04283591 1
1773 0 -84816.68777824 0
1774 0 -102133.83150450 0
1775 1 51124.70225715 1
1776 0 -97561.53846260 0
1777 1 91291.52265505 1
1778 1 81851.78503274 1
1779 1 90134.57491903 1
1780 1 105218.74330514 1
1781 1 104022.35354553 1
1782 1 84704.69506371 1
1783 1 97398.00885829 1
1784 0 -93171.19650935 0
1785 1 90718.99506108 1
1786 0 -96665.43531742 0
1787 0 -92527.67978644 0
1788 1 94509.97575110 1
1789 1 76097.99968772 1
1790 0 -104689.19860763 0
1791 0 -49662.03019282 0
1792 0 -90593.70033857 0
1793 0 -60073.37448197 0
1794 1 98235.83703944 1
1795 0 -58796.25777746 0
1796 1 101291.95498080 1
1797 0 -45505.61335875 0
1798 0 -82600.07454975 0
1799 1 94979.38879163 1
1800 0 -86054.95840862 0
1801 1 107827.51590775 1
1802 0 -100107.18582422 0
1803 1 92904.37013547 1
1804 1 91312.37631961 1
1805 1 97542.29217537 1
1806 0 -82634.00733468 0
1807 1 87612.91238465 1
1808 1 90762.99123997 1
1809 1 104128.56535862 1
1810 0 -81749.93903498 0
1811 1 104529.71040500 1
1812 0 -93061.08368697 0
1813 0 -79944.48900331 0
1814 1 91381.00161297 1
1815 1 105273.76854274 1
1816 0 -87096.05223861 0
1817 0 -101807.44884445 0
1818 0 -91693.55340160 0
1819 0 -80380.70550422 0
1820 1 95058.66865399 1
1821 0 -99721.57076356 0
1822 0 -97042.55489028 0
1823 1 96600.08798417 1
1824 1 80763.98726848 1
1825 1 101702.11135780 1
1826 1 84034.10464619 1
1827 1 91582.11594967 1
1828 1 91123.89407315 1
1829 0 -102028.92793648 0
1830 1 100063.56795445 1
1831 1 102581.17446469 1
1832 1 92694.89187348 1
1833 1 61494.53504803 1
1834 1 100673.36797012 1
1835 0 -102453.43931834 0
1836 1 93439.58907950 1
1837 1 96492.26463787 1
1838 0 -81107.28854242 0
1839 0 -69225.72748657 0
1840 1 98076.85184573 1
1841 1 109060.42811800 1
1842 1 62988.98067653 1
1843 1 101108.51431356 1
1844 1 80048.56489802 1
1845 0 -85228.43739735 0
1846 0 -115630.83535175 0
1847 0 -66191.08099030 0
1848 1 64585.99025107 1
1849 0 -92024.38564023 0
1850 0 -89283.38723105 0
1851 1 88604.51835303 1
1852 0 -63034.88766581 0
1853 1 97899.13861407 1
1854 0 -58158.58591827 0
1855 0 -93358.01349847 0
1856 1 97293.81056764 1
1857 0 -85104.34551164 0
1858 0 -70800.06097516 0
1859 1 64764.76216368 1
1860 0 -105854.44986006 0
1861 1 95975.21658421 1
1862 1 93875.74766338 1
1863 0 -90370.81711823 0
1864 0 -103071.77350114 0
1865 1 95490.24332085 1
1866 0 -88053.96745050 0
1867 1 62935.97791369 1
1868 0 -76481.22340519 0
1869 1 81100.26747879 1
1870 1 94506.98062961 1
1871 1 87157.52743421 1
1872 1 97507.52494345 1
1873 1 101163.55043863 1
1874 1 109191.30744394 1
1875 1 95642.47611810 1
1876 0 -100534.80296416 0
1877 0 -94733.14077456 0
1878 0 -43617.08292061 0
1879 1 57244.57650331 1
1880 1 97241.96975981 1
1881 1 93851.61536283 1
1882 1 103740.33973817 1
1883 0 -83349.98406824 0
1884 0 -87124.43286422 0
1885 1 96118.84133540 1
1886 0 -89591.73348701 0
1887 1 45381.47036504 1
1888 0 -45754.28554472 0
1889 0 -104477.95287684 0
1890 1 99831.81654295 1
1891 0 -83703.81267890 0
1892 0 -82323.15719390 0
1893 0 -99100.97407691 0
1894 0 -87248.25759432 0
1895 0 -92221.92776589 0
1896 0 -83833.24783859 0
1897 1 103143.65545087 1
1898 0 -52924.18239940 0
1899 1 97927.91234774 1
1900 1 71322.87115242 1
1901 0 -91506.28383968 0
1902 1 87706.41184776 1
1903 1 99371.56096658 1
1904 1 88098.37453846 1
1905 1 78257.12385853 1
1906 1 101679.61480349 1
1907 1 105412.06521045 1
1908 1 87130.11846942 1
1909 1 99635.57111862 1
1910 1 106161.39043719 1
1911 0 -97031.10993365 0
1912 0 -75501.64933454 0
1913 0 -80285.08384511 0
1914 0 -90890.65597344 0
1915 1 83185.19617526 1
1916 0 -96427.22273309 0
1917 1 106986.52947507 1
1918 1 108206.14436599 1
1919 1 108484.68163798 1
1920 1 94990.50162720 1
1921 0 -94610.70609748 0
1922 1 82868.86485013 1
1923 0 -108269.81251780 0
1924 1 91154.70074442 1
1925 1 72599.18818527 1
1926 0 -98424.31961492 0
1927 1 105054.43872638 1
1928 0 -94840.94312401 0
1929 0 -77658.74062788 0
1930 0 -94292.73929719 0
1931 0 -77055.76113910 0
1932 0 -95068.25522503 0
1933 1 103439.85067305 1
1934 1 96257.97337229 1
1935 0 -69966.48741056 0
1936 0 -73561.01151884 0
1937 1 90217.57878213 1
1938 1 111239.64319604 1
1939 1 98224.88123149 1
1940 0 -93150.87947618 0
1941 1 82412.19768077 1
1942 1 99644.09555086 1
1943 0 -83419.41746128 0
1944 1 69944.29928306 1
1945 1 94925.17880899 1
1946 0 -97401.93725435 0
1947 0 -85581.61994423 0
1948 0 -104641.43264746 0
1949 1 99401.19851612 1
1950 0 -89929.90694596 0
1951 1 97891.75260564 1
1952 0 -100236.92146547 0
1953 1 86598.58890406 1
1954 1 104610.19129973 1
1955 1 93205.21739626 1
1956 0 -94100.75063898 0
1957 0 -97087.35010548 0
1958 1 89215.35289733 1
1959 1 89293.31108865 1
1960 1 69785.20810002 1
1961 0 -77528.47518619 0
1962 1 83361.88817159 1
1963 1 91570.80288336 1
1964 0 -95806.95034356 0
1965 0 -85218.74742868 0
1966 1 93173.79209786 1
1967 0 -74889.95332892 0
1968 1 74679.77760838 1
1969 0 -98529.98796262 0
1970 0 -84985.34901530 0
1971 1 63909.53243423 1
1972 0 -104924.22893580 0
1973 1 82222.93252354 1
1974 1 92525.25734890 1
1975 0 -103410.65551265 0
1976 0 -96284.05491429 0
1977 1 103137.16532911 1
1978 0 -90186.91368431 0
1979 1 100506.15197674 1
1980 1 89726.13272956 1
1981 1 54535.45604366 1
1982 1 99842.56605334 1
1983 0 -79939.45701796 0
1984 1 103710.06205054 1
1985 1 65805.24540238 1
1986 0 -99825.27265404 0
1987 1 92417.53097208 1
1988 0 -95644.51752398 0
1989 0 -93213.50385902 0
1990 1 83711.67591536 1
1991 0 -102100.39651192 0
1992 1 90489.09496218 1
1993 0 -100681.66562409 0
1994 0 -96865.27846959 0
1995 0 -75465.21607829 0
1996 0 -74523.58762775 0
1997 1 82914.56813634 1
1998 0 -95315.14140717 0
1999 0 -97106.12119940 0
2000 0 -86301.07129211 0
2001 0 -78508.93137033 0
2002 0 -99911.52407872 0
2003 1 92167.17882380 1
2004 1 88776.08200888 1
2005 1 71718.57383126 1
2006 0 -92303.79326864 0
2007 0 -76201.72011066 0
2008 1 82705.97029435 1
2009 0 -95785.69370818 0
2010 0 -88871.20059417 0
2011 1 93249.17593687 1
2012 0 -100830.70310105 0
2013 1 103128.13747125 1
2014 1 87725.12023645 1
2015 1 102142.71220035 1
2016 0 -85911.40206164 0
2017 1 85565.69951253 1
2018 1 64454.32508299 1
2019 0 -86625.47626982 0
2020 1 77302.42276682 1
2021 0 -52976.33016925 0
2022 0 -95471.17132371 0
2023 0 -59592.40982203 0
2024 0 -93766.44506436 0
2025 1 52761.22394014 1
2026 0 -67038.89204061 0
2027 1 71455.49069923 1
2028 1 67287.02396014 1
2029 1 78871.93389758 1
2030 1 68528.44190558 1
2031 1 95929.99676940 1
2032 1 94300.86320736 1
2033 0 -82130.71181949 0
2034 1 97859.60755973 1
2035 0 -94539.49998712 0
2036 1 66827.86780248 1
2037 0 -92079.93165330 0
2038 1 72120.80791827 1
2039 1 95078.44432636 1
2040 0 -81978.43593962 0
2041 1 94132.06565264 1
2042 1 87508.23335430 1
2043 0 -64028.50453812 0
2044 1 85535.75327591 1
2045 0 -92960.83076839 0
2046 0 -66932.72964091 0
2047 1 104997.81402211 1
2048 1 97889.01495444 1
2049 1 86642.08939433 1
2050 0 -67899.19687746 0
2051 0 -108570.14275273 0
2052 1 78097.87064650 1
2053 1 85122.58545136 1
2054 1 83679.32934882 1
2055 1 104905.80975703 1
2056 1 73733.54366374 1
2057 1 87740.08655201 1
2058 0 -99724.67232877 0
2059 0 -95587.76621155 0
2060 0 -64327.31308782 0
2061 1 112711.62579672 1
2062 0 -76485.64182216 0
2063 1 52319.55542871 1
2064 1 74228.22512191 1
2065 0 -98132.78178145 0
2066 0 -48099.30282497 0
2067 1 87589.31508449 1
2068 1 94043.02827075 1
2069 1 45413.02303190 1
2070 1 44321.63827393 1
2071 1 94275.48276611 1
2072 1 79711.58670920 1
2073 1 93483.80106803 1
2074 0 -87748.77991327 0
2075 0 -105715.29201797 0
2076 0 -47955.49164811 0
2077 0 -70016.71814683 0
2078 0 -104229.84188265 0
2079 1 86417.58697661 1
2080 1 55583.31044295 1
2081 1 93593.45543598 1
2082 1 98052.28651901 1
2083 1 104533.12131300 1
2084 0 -88732.66173571 0
2085 0 -84174.08191304 0
2086 0 -42069.49349770 0
2087 0 -73464.63716441 0
2088 0 -80251.86377560 0
2089 1 52248.06833830 1
2090 1 70946.03125539 1
2091 0 -89364.85530110 0
2092 0 -90394.94469610 0
2093 0 -106636.00641662 0
2094 1 82802.98665099 1
2095 1 90089.76789236 1
2096 0 -91915.16596827 0
2097 0 -60106.86192190 0
2098 0 -70582.79176869 0
2099 0 -87476.24015109 0
2100 0 -93894.15145886 0
2101 0 -77600.01258106 0
2102 1 83598.38420135 1
2103 1 96186.50523991 1
2104 0 -81102.16255241 0
2105 0 -85976.10212056 0
2106 1 100122.47231782 1
2107 0 -109137.83285821 0
2108 1 87315.61519073 1
2109 0 -57478.75035493 0
2110 0 -95776.19030274 0
2111 0 -96188.99188039 0
2112 1 66862.97699824 1
2113 1 81108.79130647 1
2114 0 -90157.97599833 0
2115 1 87608.84088735 1
2116 1 102096.80697858 1
2117 0 -51804.30912967 0
2118 1 95790.24028208 1
2119 1 92171.54357012 1
2120 1 89321.41212967 1
2121 1 77809.34988824 1
2122 1 50892.64301779 1
2123 0 -87345.17685814 0
2124 0 -58565.33458180 0
2125 0 -89090.86849068 0
2126 0 -78682.99484534 0
2127 1 88453.68295510 1
2128 0 -93640.28010687 0
2129 1 90567.77397533 1
2130 1 104466.38807816 1
2131 1 67141.04015208 1
2132 0 -68877.34679745 0
2133 0 -88377.73067694 0
2134 0 -71439.50416031 0
2135 0 -79163.19319948 0
2136 1 74583.79821054 1
2137 1 104110.07917326 1
2138 0 -94158.72156836 0
2139 1 90934.44526338 1
2140 0 -84976.00864274 0
2141 1 85796.07218033 1
2142 0 -80451.79177207 0
2143 0 -61915.65869799 0
2144 1 59962.71045125 1
2145 1 74906.08087303 1
2146 0 -78433.45521580 0
2147 1 89452.17556951 1
2148 1 100974.58145274 1
2149 0 -99678.01792398 0
2150 0 -72225.82991915 0
2151 0 -90903.01159810 0
2152 0 -62744.83014004 0
2153 1 85411.03905569 1
2154 0 -59716.35640500 0
2155 1 83697.91287316 1
2156 1 72579.27544828 1
2157 1 100637.87569757 1
2158 0 -99369.91246022 0
2159 0 -85690.22886056 0
2160 1 82444.83108699 1
2161 1 62669.51043879 1
2162 1 48588.39605460 1
2163 1 96819.83225678 1
2164 0 -54616.01474201 0
2165 0 -85418.48403772 0
2166 1 91984.22567187 1
2167 1 80662.26060084 1
2168 0 -95180.73255447 0
2169 1 89011.68592173 1
2170 0 -83439.67403450 0
2171 0 -90759.46094536 0
2172 1 43415.01838687 1
2173 0 -96654.92798612 0
2174 1 44730.40775589 1
2175 1 81974.57826613 1
2176 1 93782.20502198 1
2177 1 87373.14913641 1
2178 1 82163.83743170 1
2179 1 84042.71178287 1
2180 1 102088.81624100 1
2181 1 101470.12386103 1
2182 0 -82226.81436406 0
2183 1 92931.32425991 1
2184 0 -90587.22511116 0
2185 1 95392.70881763 1
2186 0 -81039.42050430 0
2187 0 -91237.85527890 0
2188 0 -99771.80743806 0
2189 1 57141.12012621 1
2190 0 -80930.17605930 0
2191 0 -65499.31533701 0
2192 1 103736.41598936 1
2193 0 -98261.49650398 0
2194 1 108133.93570557 1
2195 0 -64247.42401309 0
2196 1 85420.38097616 1
2197 0 -82137.68590405 0
2198 1 92135.87366519 1
2199 1 75597.11909702 1
2200 0 -86018.96923125 0
2201 0 -97286.37497172 0
2202 1 88646.03555853 1
2203 1 79403.43317033 1
2204 1 100949.97731608 1
2205 0 -87316.35549868 0
2206 1 78213.64939972 1
2207 0 -102622.44144516 0
2208 0 -113631.19947305 0
2209 1 87809.71887635 1
2210 0 -69804.45370807 0
2211 1 62205.90741348 1
2212 1 95578.19989212 1
2213 1 65823.28541579 1
2214 1 108878.22385967 1
2215 0 -73930.82999357 0
2216 0 -74726.86637665 0
2217 1 82526.68896339 1
2218 0 -94120.88943322 0
2219 1 92085.79736606 1
2220 0 -47940.31341711 0
2221 0 -98713.53332337 0
2222 1 107329.90996263 1
2223 1 90630.52101672 1
2224 0 -82639.73024126 0
2225 1 78550.43893259 1
2226 0 -103039.06296690 0
2227 1 68686.86325440 1
2228 0 -107196.84365582 0
2229 0 -89177.23659941 0
2230 0 -93723.01786580 0
2231 1 58754.94975386 1
2232 0 -97596.40081907 0
2233 1 87300.10792184 1
2234 1 86018.52759878 1
2235 1 57950.08215394 1
2236 1 109900.92830002 1
2237 0 -76756.93991945 0
2238 0 -79149.10028917 0
2239 0 -97974.79866964 0
2240 0 -101242.29866711 0
2241 0 -84455.84728645 0
2242 0 -82835.32044386 0
2243 0 -103831.92106557 0
2244 0 -83661.51292216 0
2245 0 -92161.21770792 0
2246 0 -106190.04438671 0
2247 1 90760.37877085 1
2248 0 -89420.12693658 0
2249 1 80257.79357248 1
2250 1 95542.14053718 1
2251 1 53659.10843445 1
2252 0 -82933.80600470 0
2253 1 66561.49557278 1
2254 1 89880.57292589 1
2255 1 44664.84479718 1
2256 1 82973.74816719 1
2257 0 -80183.77086054 0
2258 1 82788.91927311 1
2259 1 70572.62747162 1
2260 0 -104220.40593721 0
2261 0 -98155.51153538 0
2262 0 -90451.75155992 0
2263 0 -74982.27114100 0
2264 0 -109951.04905872 0
2265 0 -62155.79717758 0
2266 1 85536.66980128 1
2267 0 -73948.45639098 0
2268 1 79808.14290947 1
2269 1 89820.88131519 1
2270 0 -74838.68368173 0
2271 0 -103679.64245275 0
2272 0 -87341.14092038 0
2273 1 66484.39077993 1
2274 0 -93287.73357085 0
2275 0 -94411.53614430 0
2276 1 84677.42173254 1
2277 1 82388.12396132 1
2278 0 -97457.17355000 0
2279 1 81410.28623978 1
2280 1 85044.99023211 1
2281 0 -105394.34609110 0
2282 1 82969.36919233 1
2283 0 -83144.53684438 0
2284 0 -82338.71228505 0
2285 1 97081.57833647 1
2286 0 -55130.99377553 0
2287 1 62998.75216611 1
2288 1 81741.30976361 1
2289 0 -94284.62619045 0
2290 1 81657.19333814 1
2291 1 92718.35198974 1
2292 1 83612.08646847 1
2293 0 -47769.83705198 0
2294 1 79109.16326750 1
2295 1 107640.83677673 1
2296 0 -87910.80388991 0
2297 0 -83167.46598418 0
2298 1 62589.79981551 1
2299 0 -65511.82930302 0
2300 0 -92756.43921330 0
2301 1 98510.63291646 1
2302 0 -71954.68487410 0
2303 1 101226.93287206 1
2304 0 -70645.93163403 0
2305 1 101720.86956159 1
2306 1 100399.96038412 1
2307 1 63556.02940630 1
2308 0 -71555.98843295 0
2309 1 74154.20992274 1
2310 1 78060.86690737 1
2311 1 83049.10823915 1
2312 1 67292.17310992 1
2313 0 -96488.31982699 0
2314 0 -73321.26453352 0
2315 0 -78917.64679702 0
2316 1 101452.16199094 1
2317 0 -71660.92625484 0
2318 1 73226.32179472 1
2319 1 65133.53516240 1
2320 0 -99874.67183921 0
2321 0 -104033.10738336 0
2322 1 85680.69491146 1
2323 1 114738.19035571 1
2324 0 -100511.86089834 0
2325 0 -104092.97929137 0
2326 0 -108985.80731682 0
2327 0 -60837.73115862 0
2328 1 61493.78798032 1
2329 0 -96725.95319215 0
2330 1 97412.79438329 1
2331 0 -87015.67789644 0
2332 0 -96623.95104835 0
2333 0 -105359.03336372 0
2334 0 -97204.99174572 0
2335 0 -76697.52083464 0
2336 0 -106640.41277371 0
2337 0 -94968.58954904 0
2338 1 57221.06013064 1
2339 1 51175.38538806 1
2340 1 91739.21061902 1
2341 0 -88670.07595144 0
2342 1 81066.34670914 1
2343 0 -91883.01722815 0
2344 1 91267.04028830 1
2345 1 105329.82348049 1
2346 1 91675.62236244 1
2347 0 -52520.35431802 0
2348 0 -65935.09836007 0
2349 0 -90369.47983991 0
2350 0 -97953.34771582 0
2351 0 -83996.68922663 0
2352 0 -107204.29261971 0
2353 1 80932.56629186 1
2354 0 -80801.75651582 0
2355 0 -94522.31061521 0
2356 0 -80729.50984635 0
2357 0 -84000.95683562 0
2358 0 -48281.67210306 0
2359 0 -94879.35305980 0
2360 0 -93370.10166069 0
2361 1 79443.72749343 1
2362 1 91184.11190318 1
2363 1 100201.36437870 1
2364 1 86635.80984571 1
2365 1 92639.29208686 1
2366 0 -80395.17329731 0
2367 1 92773.33714793 1
2368 0 -98556.12037535 0
2369 1 110363.12324089 1
2370 1 89586.50328891 1
2371 0 -87392.05113242 0
2372 0 -84862.61813448 0
2373 0 -81979.98492592 0
2374 0 -68673.01572593 0
2375 1 86236.43514782 1
2376 1 101480.72381200 1
2377 0 -96017.44720877 0
2378 1 91815.06471122 1
2379 0 -106804.48971147 0
2380 0 -101669.28914201 0
2381 0 -89698.69135797 0
2382 0 -85186.51713763 0
2383 1 94065.41382362 1
2384 1 97621.73843403 1
2385 1 91078.70117919 1
2386 0 -93526.38120527 0
2387 0 -99210.82567721 0
2388 0 -98779.11485700 0
2389 1 95145.72935564 1
2390 1 105926.14189135 1
2391 1 60571.82788702 1
2392 1 90452.82742521 1
2393 1 94352.81627165 1
2394 0 -95540.65635576 0
2395 0 -85638.56291006 0
2396 1 98451.87722095 1
2397 1 102519.56833939 1
2398 1 110146.75347793 1
2399 1 79943.24937963 1
2400 0 -104370.98065711 0
2401 0 -94603.15783029 0
2402 0 -84936.78708006 0
2403 1 106668.74872051 1
2404 0 -109795.54982054 0
2405 1 87417.61145352 1
2406 1 89671.04110666 1
2407 0 -71216.88696393 0
2408 1 94778.34574837 1
2409 0 -98685.80746707 0
2410 0 -94137.23234263 0
2411 1 109603.81447993 1
2412 1 89802.45259643 1
2413 1 92963.40351758 1
2414 1 86319.77993635 1
2415 1 106916.71857021 1
2416 0 -84754.38420580 0
2417 0 -101877.00219547 0
2418 0 -85523.71532856 0
2419 0 -70856.30427008 0
2420 1 76778.11457461 1
2421 1 86571.40752192 1
2422 0 -104621.30033630 0
2423 0 -97805.73986912 0
2424 0 -106428.30905215 0
2425 1 60573.38369862 1
2426 0 -86264.10102553 0
2427 0 -93080.27601299 0
2428 1 86015.65930125 1
2429 0 -102690.83946554 0
2430 0 -85135.09604769 0
2431 1 93379.17936713 1
2432 1 108164.82727131 1
2433 1 80051.78409077 1
2434 0 -101837.50790952 0
2435 1 90161.58773030 1
2436 1 96691.13831503 1
2437 1 100833.51807077 1
2438 0 -85769.47802124 0
2439 1 93338.63603939 1
2440 0 -94751.95605844 0
2441 0 -71213.03590586 0
2442 1 85949.37596920 1
2443 0 -93184.13596888 0
2444 0 -86596.63585038 0
2445 0 -68369.78074032 0
2446 0 -94070.93512172 0
2447 0 -82248.45472603 0
2448 1 94810.61768932 1
2449 1 98439.64223931 1
2450 0 -91324.33857297 0
2451 1 82873.23839421 1
2452 1 98396.47479861 1
2453 1 104206.07085646 1
2454 1 101177.61942796 1
2455 1 75855.03260343 1
2456 0 -82982.26952245 0
2457 0 -86568.05179302 0
2458 0 -92883.43002756 0
2459 1 88769.67488983 1
2460 1 94126.85973116 1
2461 0 -49080.21817350 0
2462 0 -91956.52153782 0
2463 0 -88935.63170363 0
2464 0 -96498.26238475 0
2465 0 -67935.22901643 0
2466 1 79115.21185756 1
2467 0 -86350.56093297 0
2468 1 94165.73391715 1
2469 0 -98663.85951313 0
2470 0 -91676.71865475 0
2471 0 -93409.18523009 0
2472 1 103298.34551895 1
2473 1 84155.25029778 1
2474 0 -109179.97625343 0
2475 0 -105467.12240907 0
2476 0 -80794.64438833 0
2477 0 -94413.65329651 0
2478 0 -72588.73575225 0
2479 1 77288.39633441 1
2480 0 -84442.16677196 0
2481 0 -61640.85447170 0
2482 0 -106381.98023064 0
2483 0 -50101.95036865 0
2484 0 -96691.21388047 0
2485 1 40464.63803877 1
2486 0 -59048.09478229 0
2487 1 95357.82670998 1
2488 0 -85605.66921301 0
2489 0 -88490.16054821 0
2490 1 58110.26210288 1
2491 1 102979.03336039 1
2492 0 -96415.57951489 0
2493 1 89852.62671193 1
2494 1 108148.53694942 1
2495 0 -101728.61960863 0
2496 0 -62866.35404474 0
2497 1 84114.14080984 1
2498 0 -92726.10339703 0
2499 0 -101245.54827629 0
2500 1 69243.15703646 1
2501 1 107609.78551245 1
2502 0 -107068.29387504 0
2503 0 -71803.26643773 0
2504 0 -89529.61914840 0
2505 1 95662.14739605 1
2506 0 -59031.86843034 0
2507 1 87246.07583387 1
2508 1 98288.74397213 1
2509 1 78625.06676645 1
2510 1 70201.53193588 1
2511 1 99924.14004468 1
2512 0 -79726.07144272 0
2513 1 90004.72604267 1
2514 1 72104.48614898 1
2515 0 -102574.44951392 0
2516 0 -63877.14733364 0
2517 0 -48339.18788700 0
2518 0 -105890.08667899 0
2519 1 84988.87093456 1
2520 1 60980.90749956 1
2521 1 89645.86084108 1
2522 1 91409.95473769 1
2523 0 -45606.68600428 0
2524 1 87242.59139552 1
2525 1 95791.47888127 1
2526 0 -52599.56313387 0
2527 0 -93810.73959854 0
2528 0 -98731.82325569 0
2529 1 58384.68311533 1
2530 0 -59603.01464121 0
2531 1 83346.91199272 1
2532 0 -85856.76866476 0
2533 0 -92391.33682103 0
2534 0 -92163.54000626 0
2535 0 -99783.26570976 0
2536 0 -50426.00577731 0
2537 0 -78980.75175648 0
2538 1 83813.93118199 1
2539 1 92975.40766338 1
2540 1 47615.61901810 1
2541 0 -88273.49708629 0
2542 1 86786.35758108 1
2543 0 -113462.62599523 0
2544 0 -69535.17355489 0
2545 0 -80956.36407063 0
2546 0 -30688.54592777 0
2547 0 -79901.69058340 0
2548 0 -88094.60849800 0
2549 0 -68350.09750296 0
2550 0 -98853.41856565 0
2551 1 92120.51209599 1
2552 0 -71235.38989641 0
2553 1 102813.76307819 1
2554 1 85018.00644176 1
2555 0 -107673.46223305 0
2556 0 -108621.18833394 0
2557 1 63952.98547462 1
2558 1 90793.31272010 1
2559 0 -88028.24683069 0
2560 1 95551.20158783 1
2561 1 83668.77395110 1
2562 0 -73659.88621743 0
2563 0 -112170.49208839 0
2564 0 -94953.91737301 0
2565 1 84675.69937863 1
2566 1 93748.73013231 1
2567 0 -97751.66478244 0
2568 0 -72132.16210444 0
2569 1 53972.83652835 1
2570 1 94299.13355605 1
2571 0 -102655.22298287 0
2572 0 -84492.24681274 0
2573 1 79085.51101181 1
2574 1 46199.76795450 1
2575 1 99373.93961777 1
2576 1 102581.84637942 1
2577 0 -38549.17108977 0
2578 1 109228.10143427 1
2579 1 112008.74418581 1
2580 1 100016.77039364 1
2581 1 84740.93393751 1
2582 1 66771.99732626 1
2583 1 90473.45277396 1
2584 1 55277.22021325 1
2585 0 -86722.87811333 0
2586 1 109527.20834145 1
2587 0 -96397.68198031 0
2588 1 92703.72925375 1
2589 0 -103214.98744073 0
2590 0 -98418.73521019 0
2591 1 68699.86115304 1
2592 0 -71959.93042317 0
2593 0 -92173.99890950 0
2594 1 70108.29371566 1
2595 1 76262.81289221 1
2596 1 95810.56292061 1
2597 0 -102976.10591964 0
2598 1 89480.01679140 1
2599 1 109905.26197520 1
2600 1 95847.09035697 1
2601 1 63078.96372603 1
2602 1 64949.49869021 1
2603 1 82311.38520220 1
2604 1 62327.96326344 1
2605 1 68046.63929647 1
2606 0 -82051.12080700 0
2607 0 -100370.96234745 0
2608 1 102930.71143694 1
2609 0 -98952.22165588 0
2610 1 90106.03416682 1
2611 0 -88398.38497298 0
2612 0 -53866.23374414 0
2613 1 98844.82938673 1
2614 0 -64409.78119152 0
2615 1 89612.85481531 1
2616 1 78541.10207108 1
2617 0 -95529.72150442 0
2618 1 98599.75336751 1
2619 1 85107.97016933 1
2620 0 -83166.67076682 0
2621 1 91422.58047006 1
2622 0 -61117.73963467 0
2623 0 -88540.09267840 0
2624 1 55752.63568769 1
2625 1 93529.35019543 1
2626 1 90631.49323718 1
2627 0 -94490.42124803 0
2628 0 -96308.56243250 0
2629 1 89109.17451380 1
2630 1 95794.88667180 1
2631 0 -95668.10561688 0
2632 1 43427.54978706 1
2633 1 72077.36858799 1
2634 1 43033.23842292 1
2635 1 101892.16185809 1
2636 1 82559.28028439 1
2637 1 75692.59638981 1
2638 1 101601.48032853 1
2639 1 96686.59580778 1
2640 1 82156.46623995 1
2641 0 -105249.07026338 0
2642 0 -99650.48148406 0
2643 1 78158.32685982 1
2644 1 107935.23429677 1
2645 1 94645.08732269 1
2646 1 96132.99417771 1
2647 1 106329.65352825 1
2648 1 104276.59520144 1
2649 0 -95008.87969716 0
2650 1 80232.71731057 1
2651 1 69075.59958088 1
2652 1 93970.45498416 1
2653 1 92677.96192859 1
2654 0 -110764.63922061 0
2655 1 66345.22522111 1
2656 0 -97814.35912249 0
2657 0 -85995.58990853 0
2658 1 107664.31686538 1
2659 0 -96630.56134398 0
2660 0 -81107.54095048 0
2661 0 -101208.80193934 0
2662 0 -115812.92149222 0
2663 0 -79120.28428219 0
2664 1 99490.66838503 1
2665 1 88723.35080933 1
2666 0 -79758.56940819 0
2667 1 96854.14923970 1
2668 1 89188.81246500 1
2669 0 -92443.69910722 0
2670 0 -91513.98614984 0
2671 1 74142.37909834 1
2672 0 -97311.45918782 0
2673 1 84650.64845251 1
2674 0 -94284.22076469 0
2675 0 -69418.71417387 0
2676 1 72229.03498429 1
2677 0 -88326.57860734 0
2678 0 -93285.01716115 0
2679 0 -85563.79012715 0
2680 1 84631.45414721 1
2681 0 -75102.10204091 0
2682 1 96606.70621419 1
2683 0 -103377.88779369 0
2684 1 85268.46533744 1
2685 1 58638.13160603 1
2686 1 88313.50676567 1
2687 1 81173.79053714 1
2688 1 98345.86648904 1
2689 1 93044.88560635 1
2690 1 101612.51105840 1
2691 0 -69457.80994908 0
2692 0 -76362.17288921 0
2693 0 -77306.08999745 0
2694 0 -78957.52448949 0
2695 1 43924.62663227 1
2696 1 95537.14623917 1
2697 1 87408.12456718 1
2698 1 87643.17393958 1
2699 0 -91334.95305308 0
2700 0 -77906.81750559 0
2701 1 96591.56219683 1
2702 0 -84328.48872500 0
2703 1 81265.83866022 1
2704 0 -68970.01572489 0
2705 1 107374.68299493 1
2706 1 95830.87996218 1
2707 1 85579.68989604 1
2708 1 108728.21260858 1
2709 0 -70377.40386991 0
2710 1 101502.39102208 1
2711 0 -47585.29140198 0
2712 1 80669.29406184 1
2713 0 -56464.54698583 0
2714 1 72504.12883413 1
2715 0 -37805.64717399 0
2716 1 82897.89756487 1
2717 1 99015.46316947 1
2718 1 98699.34355740 1
2719 1 83543.51582032 1
2720 0 -72402.29986989 0
2721 0 -80815.63553360 0
2722 1 91661.54281726 1
2723 0 -85997.39343440 0
2724 0 -81791.11918579 0
2725 0 -100015.13024501 0
2726 0 -91620.51865689 0
2727 1 85214.98503698 1
2728 1 70736.16342740 1
2729 0 -89543.24673558 0
2730 1 81277.40942812 1
2731 1 100857.68607828 1
2732 1 89320.51459232 1
2733 1 69477.51419280 1
2734 0 -76887.30573058 0
2735 0 -98632.42789495 0
2736 1 72977.70589614 1
2737 1 92673.71029837 1
2738 0 -91279.34145855 0
2739 0 -89751.98347175 0
2740 0 -85540.92436171 0
2741 0 -92792.96602132 0
2742 0 -89811.66672080 0
2743 0 -92292.49362807 0
2744 0 -98179.01930568 0
2745 0 -94470.73009140 0
2746 0 -90738.81414463 0
2747 0 -63157.37136494 0
2748 1 75472.72305737 1
2749 1 76021.06067091 1
2750 0 -89020.40432891 0
2751 0 -109701.50615065 0
2752 0 -76516.30464216 0
2753 0 -49138.39991749 0
2754 1 88489.08505542 1
2755 1 79420.88566040 1
2756 0 -78507.48661782 0
2757 0 -79383.75342070 0
2758 1 55274.65545532 1
2759 1 65677.91673187 1
2760 1 91978.52927867 1
2761 1 96711.32055446 1
2762 1 72031.96011967 1
2763 0 -84804.31957634 0
2764 1 73328.85654740 1
2765 0 -91583.81197887 0
2766 1 81886.16749045 1
2767 0 -68216.19688013 0
2768 1 67249.57949551 1
2769 1 75233.74878485 1
2770 1 89722.93486877 1
2771 1 79582.73729111 1
2772 1 85464.67644576 1
2773 1 110119.66245435 1
2774 1 91035.80459866 1
2775 1 86500.95776941 1
2776 1 83524.20775523 1
2777 1 62806.59975655 1
2778 0 -67239.18103753 0
2779 1 62533.49888301 1
2780 0 -80346.16761543 0
2781 1 101737.79518308 1
2782 1 103580.56207125 1
2783 0 -97516.26370274 0
2784 1 78403.20687875 1
2785 1 97113.09282918 1
2786 1 89623.18060478 1
2787 0 -40535.32278255 0
2788 0 -65144.91673314 0
2789 0 -98980.81127839 0
2790 1 91004.00063916 1
2791 1 75646.31299331 1
2792 1 88284.42029623 1
2793 0 -98265.45872830 0
2794 0 -95437.03467550 0
2795 1 86603.05639189 1
2796 1 99450.97840852 1
2797 0 -89447.41777405 0
2798 1 30355.97547232 1
2799 0 -50809.75442932 0
2800 0 -87134.72550682 0
2801 1 94178.03687755 1
2802 0 -99289.66342501 0
2803 1 72730.31850483 1
2804 1 78305.58043499 1
2805 1 77772.66642412 1
2806 1 90622.85809508 1
2807 0 -42066.32250119 0
2808 0 -48914.92206917 0
2809 1 92623.78951385 1
2810 1 89169.52599326 1
2811 0 -79930.72838644 0
2812 1 77887.85281186 1
2813 0 -92193.26237328 0
2814 1 88768.44557009 1
2815 1 90248.34699578 1
2816 0 -88461.79763702 0
2817 0 -97648.99455765 0
2818 1 32364.88272127 1
2819 0 -103132.41513404 0
2820 0 -93924.15669062 0
2821 1 81085.60035963 1
2822 1 86298.00463490 1
2823 0 -95795.81122369 0
2824 0 -87597.55904453 0
2825 0 -81768.78693291 0
2826 1 83229.08532442 1
2827 0 -100280.88301513 0
2828 1 103926.38726352 1
2829 1 105268.32850007 1
2830 1 98936.47122704 1
2831 0 -84441.26612206 0
2832 0 -70367.98527379 0
2833 1 74368.05853791 1
2834 1 67008.38030602 1
2835 1 79572.02170308 1
2836 0 -87245.18568092 0
2837 1 108230.68520962 1
2838 1 105565.61980658 1
2839 1 87245.74889660 1
2840 0 -89252.20442744 0
2841 1 84039.19558195 1
2842 0 -87610.72918693 0
2843 1 95364.13252979 1
2844 1 96387.20202458 1
2845 1 95627.80461458 1
2846 0 -88131.47800476 0
2847 0 -79373.39749693 0
2848 1 107275.67518315 1
2849 0 -88354.68823408 0
2850 0 -91208.82437353 0
2851 0 -80849.40180696 0
2852 0 -104033.86427588 0
2853 0 -79469.93671931 0
2854 0 -88496.33815844 0
2855 1 82958.54011848 1
2856 0 -88533.44860715 0
2857 1 97618.93643443 1
2858 0 -83591.11002252 0
2859 0 -99963.06131958 0
2860 0 -90433.26073817 0
2861 1 79690.52766403 1
2862 1 90646.91822113 1
2863 1 62900.44599508 1
2864 0 -101576.21679289 0
2865 0 -89344.18794410 0
2866 0 -93912.62341626 0
2867 1 70916.87955248 1
2868 1 82235.68712933 1
2869 0 -84089.10981016 0
2870 0 -92488.16406316 0
2871 0 -94146.79589324 0
2872 0 -91577.73485077 0
2873 1 90111.29847905 1
2874 1 82857.92108070 1
2875 0 -90869.61726123 0
2876 0 -61085.71369063 0
2877 1 92440.02643988 1
2878 0 -84467.75044468 0
2879 1 96273.61427830 1
2880 1 92463.19986345 1
2881 0 -48457.31048722 0
2882 0 -92542.75414450 0
2883 1 83128.94115512 1
2884 1 100976.02797926 1
2885 0 -58215.40628597 0
2886 0 -95506.78646917 0
2887 0 -91357.68457173 0
2888 0 -84467.24299884 0
2889 1 92534.26704469 1
2890 0 -94310.83947451 0
2891 0 -92490.21305308 0
2892 0 -101849.42379845 0
2893 0 -72718.26889555 0
2894 0 -108649.32292733 0
2895 1 72896.56154771 1
2896 1 71642.79505242 1
2897 0 -95710.80840708 0
2898 0 -90915.50748480 0
2899 1 81799.52541318 1
2900 0 -91843.44690310 0
2901 1 78303.64417998 1
2902 0 -83821.72240973 0
2903 1 81577.31877333 1
2904 0 -91046.29103086 0
2905 1 73896.37810710 1
2906 0 -91975.25464404 0
2907 0 -86166.28663408 0
2908 0 -85738.97447504 0
2909 0 -69108.89151760 0
2910 0 -54630.70610911 0
2911 0 -72799.58248126 0
2912 0 -94699.31297242 0
2913 1 94611.80907252 1
2914 0 -100678.27178880 0
2915 0 -81946.97486724 0
2916 1 79805.27280032 1
2917 0 -86054.95264555 0
2918 0 -91297.96814534 0
2919 1 82931.78738667 1
2920 1 86508.38208498 1
2921 0 -58913.51574993 0
2922 0 -88542.25461308 0
2923 0 -70801.92233226 0
2924 0 -76049.74668061 0
2925 1 48914.06811137 1
2926 1 75035.55585322 1
2927 0 -75122.32269907 0
2928 0 -96743.27980656 0
2929 0 -82978.53347678 0
2930 0 -82554.22626454 0
2931 1 95129.61926679 1
2932 0 -102361.16719239 0
2933 1 90148.01711754 1
2934 1 92198.87436169 1
2935 0 -98839.03190172 0
2936 0 -81874.02892525 0
2937 1 77060.37994743 1
2938 1 73474.37843864 1
2939 1 63846.77142476 1
2940 0 -54285.28339846 0
2941 1 57084.18629736 1
2942 0 -93987.53277379 0
2943 1 77347.76577804 1
2944 0 -94048.81112366 0
2945 1 39338.86805305 1
2946 0 -68251.48971148 0
2947 1 100429.29628357 1
2948 1 72441.82312453 1
2949 0 -105837.80801565 0
2950 0 -68015.32201548 0
2951 1 80043.12190104 1
2952 0 -96796.50542506 0
2953 0 -78464.46705962 0
2954 0 -90780.01774282 0
2955 0 -103861.95374466 0
2956 0 -61398.64341660 0
2957 0 -94130.87193478 0
2958 1 76590.66782596 1
2959 1 94966.69426781 1
2960 0 -63509.78995622 0
2961 0 -98226.47265416 0
2962 1 96719.67138043 1
2963 0 -74430.49678282 0
2964 1 98091.44184137 1
2965 0 -99677.29184173 0
2966 0 -65335.41445440 0
2967 1 100373.53590516 1
2968 1 102990.04059847 1
2969 0 -84470.09837712 0
2970 0 -68973.29312283 0
2971 1 101606.80508292 1
2972 0 -74377.09889547 0
2973 1 85099.10586663 1
2974 0 -87083.46773276 0
2975 1 99031.61592891 1
2976 0 -63274.38283606 0
2977 0 -51295.33527547 0
2978 0 -113466.30290358 0
2979 1 76663.82298289 1
2980 1 48819.53506598 1
2981 1 103170.13579742 1
2982 0 -96713.90130667 0
2983 1 56923.14280466 1
2984 0 -92274.74969881 0
2985 0 -94105.73497564 0
2986 1 43769.71459805 1
2987 1 74229.48620897 1
2988 1 72013.53055632 1
2989 0 -71144.17786847 0
2990 0 -55578.94776313 0
2991 0 -97011.48896997 0
2992 1 103300.95736308 1
2993 1 84183.75535742 1
2994 1 82493.94045274 1
2995 1 90489.65028974 1
2996 0 -42137.20056455 0
2997 0 -60757.64665875 0
2998 1 69139.90245544 1
2999 1 78476.49096172 1
3000 1 41855.70355459 1
3001 1 66111.07746572 1
3002 0 -69298.77019607 0
3003 1 94273.85632284 1
3004 1 89701.42375717 1
3005 1 78738.13087896 1
3006 1 98885.49906311 1
3007 1 78362.24622876 1
3008 1 83910.93247131 1
3009 0 -63261.73859174 0
3010 0 -98936.62089985 0
3011 1 107048.85323063 1
3012 0 -93971.03039426 0
3013 1 105209.54597587 1
3014 0 -84904.02790653 0
3015 0 -92350.58150133 0
3016 1 95577.65656033 1
3017 1 61931.62006849 1
3018 1 70605.36241261 1
3019 1 80353.60833683 1
3020 0 -107593.43543034 0
3021 0 -83141.27771958 0
3022 0 -82759.50139998 0
3023 1 91680.88029957 1
3024 0 -80323.06285566 0
3025 1 91007.49764729 1
3026 0 -99819.64442118 0
3027 0 -98941.12802020 0
3028 1 86824.53801892 1
3029 0 -38672.07929378 0
3030 0 -97629.27978042 0
3031 1 110366.00411216 1
3032 0 -58885.86902238 0
3033 0 -94894.62351951 0
3034 1 63218.28826694 1
3035 0 -87318.23308110 0
3036 1 95270.49166824 1
3037 1 32589.19542426 1
3038 0 -97923.21683931 0
3039 1 86923.40758111 1
3040 1 94729.94906695 1
3041 1 93126.04136019 1
3042 0 -54028.57073794 0
3043 1 82115.96319509 1
3044 0 -56611.17337690 0
3045 0 -98452.95071256 0
3046 1 94350.05981085 1
3047 0 -99078.96772840 0
3048 1 104203.04677631 1
3049 1 94231.35120206 1
3050 1 68058.75373881 1
3051 0 -69800.30085688 0
3052 0 -76750.51418529 0
3053 1 85499.36690389 1
3054 1 68026.87779610 1
3055 1 78264.27589187 1
3056 0 -70501.19906680 0
3057 0 -93993.30129261 0
3058 0 -92844.68916405 0
3059 1 97098.96455292 1
3060 0 -66790.34689524 0
3061 0 -71360.52576710 0
3062 0 -61487.58116123 0
3063 1 84159.54493350 1
3064 1 65891.25561571 1
3065 0 -70151.25812957 0
3066 1 73717.26875401 1
3067 1 98685.52939255 1
3068 1 115048.89357686 1
3069 0 -98697.40781077 0
3070 0 -77411.02836131 0
3071 0 -84448.34931231 0
3072 0 -43385.81286719 0
3073 0 -86981.83623786 0
3074 0 -65492.30668338 0
3075 1 74586.30088435 1
3076 1 95097.69287918 1
3077 0 -88203.25367818 0
3078 1 90710.91745416 1
3079 0 -77050.33011023 0
3080 0 -83516.58546954 0
3081 0 -88914.36886521 0
3082 1 54792.73609305 1
3083 0 -105263.46263299 0
3084 0 -51061.95912711 0
3085 0 -83394.03044512 0
3086 1 99407.16747620 1
3087 0 -101713.41871526 0
3088 1 91659.75867611 1
3089 0 -96414.17835262 0
3090 0 -93959.02697330 0
3091 1 85011.31604047 1
3092 1 37986.00718520 1
3093 0 -57424.66345037 0
3094 1 36170.39395099 1
3095 1 84880.71745867 1
3096 0 -93401.99332543 0
3097 1 74197.98050828 1
3098 1 92158.93464870 1
3099 1 84940.10191369 1
3100 0 -90782.14203256 0
3101 1 100634.05175441 1
3102 1 93150.56219279 1
3103 0 -79991.71902948 0
3104 1 100809.64403454 1
3105 1 93394.85452912 1
3106 0 -65715.53305183 0
3107 0 -90569.94715004 0
3108 0 -99254.70679548 0
3109 0 -82787.89124090 0
3110 0 -98644.64630898 0
3111 1 57228.07963736 1
3112 0 -95810.60425775 0
3113 0 -72893.21608688 0
3114 0 -104168.56384327 0
3115 1 68937.77919166 1
3116 0 -74549.48573994 0
3117 0 -92267.77128056 0
3118 1 99457.49311101 1
3119 0 -85199.75365492 0
3120 1 70029.59832714 1
3121 1 84027.62012278 1
3122 0 -103912.83585178 0
3123 0 -54902.65339721 0
3124 0 -105582.22992135 0
3125 1 89331.21521803 1
3126 0 -65494.22707575 0
3127 0 -78070.67584377 0
3128 0 -89242.69988767 0
3129 0 -97141.40761060 0
3130 0 -74434.58036719 0
3131 0 -73983.19391783 0
3132 1 72456.46294300 1
3133 1 82880.39226165 1
3134 0 -85965.79373236 0
3135 1 58975.96985027 1
3136 1 92523.15576585 1
3137 1 96300.32346577 1
3138 0 -97304.54766192 0
3139 1 78112.53718622 1
3140 0 -83957.41269010 0
3141 0 -70649.81073870 0
3142 1 83168.03771448 1
3143 1 101754.88337024 1
3144 0 -89925.89746010 0
3145 0 -80171.26951108 0
3146 1 102503.67651720 1
3147 0 -73029.36456744 0
3148 1 50452.67689543 1
3149 0 -73082.04047498 0
3150 1 93074.34491231 1
3151 1 56176.52014594 1
3152 1 89118.10450408 1
3153 1 83931.48718764 1
3154 1 62899.49345346 1
3155 0 -47999.07697246 0
3156 0 -89669.94930942 0
3157 0 -76755.92768581 0
3158 0 -69012.28118480 0
3159 1 80558.85689507 1
3160 0 -102103.38121055 0
3161 1 88501.28612540 1
3162 0 -68849.43741504 0
3163 1 93380.38760455 1
3164 0 -81363.48396281 0
3165 0 -97802.46555824 0
3166 0 -101375.97066305 0
3167 0 -88957.41465453 0
3168 0 -79146.95767360 0
3169 0 -63594.08951269 0
3170 0 -89784.48869467 0
3171 0 -38878.06652377 0
3172 1 84038.57488305 1
3173 0 -68745.47238448 0
3174 0 -93381.51227359 0
3175 1 7531.44453803 1
3176 0 -84205.96863063 0
3177 1 79640.17533373 1
3178 1 73947.33019472 1
3179 0 -81584.28172028 0
3180 1 85617.46910851 1
3181 1 103747.89216164 1
3182 0 -73439.79194286 0
3183 1 82755.08495851 1
3184 0 -74757.01850864 0
3185 0 -78728.59464772 0
3186 0 -91803.91137708 0
3187 0 -92523.66295332 0
3188 1 99992.88014748 1
3189 1 83672.95383677 1
3190 1 82045.19293618 1
3191 1 101286.62689016 1
3192 1 91581.45741552 1
3193 0 -62298.36163725 0
3194 0 -104611.26446724 0
3195 1 113458.06886265 1
3196 0 -63997.04795401 0
3197 0 -96606.08310796 0
3198 0 -87737.18231674 0
3199 0 -83304.18625724 0
