3200 11 111 240
0 1 1 -16 -14 -16
1 1 0 -16 4 15
2 0 1 15 -7 15
3 1 0 -15 2 15
4 0 0 15 15 -8
5 1 1 -15 -16 15
6 0 0 15 15 -6
7 0 0 10 -9 -12
8 0 1 15 6 15
9 1 1 -16 -16 -5
10 0 1 12 -16 -14
11 0 0 12 6 -3
12 1 0 -15 15 -2
13 1 0 -16 -10 7
14 0 0 15 -1 -9
15 1 0 -16 -16 15
16 0 1 13 -16 -11
17 1 0 -16 3 -16
18 1 0 -16 -16 6
19 0 1 15 15 15
20 1 1 -8 15 -16
21 0 0 15 15 -15
22 1 1 -10 12 -16
23 0 1 3 10 6
24 1 0 -14 -16 -10
25 1 1 -10 -12 15
26 0 0 5 15 -15
27 1 0 -11 -16 -2
28 0 1 4 -6 11
29 0 1 15 15 -16
30 0 0 14 -12 9
31 1 0 -16 -7 -8
32 1 0 -9 -16 15
33 0 0 14 5 12
34 0 1 15 10 12
35 0 1 13 -10 14
36 0 1 8 -16 -9
37 1 1 -16 15 6
38 1 0 -13 -16 15
39 0 0 5 13 15
40 1 0 -14 3 15
41 1 1 -12 -16 -7
42 0 0 12 -11 12
43 1 1 -15 0 7
44 1 1 -15 15 -16
45 1 0 -16 15 -12
46 1 1 -16 15 -12
47 0 1 10 12 15
48 1 0 -11 15 -12
49 0 1 13 -16 -4
50 1 0 -7 -9 -16
51 1 0 -12 -5 -10
52 0 1 15 12 15
53 0 0 9 15 13
54 1 1 -7 15 -9
55 1 0 -16 14 7
56 0 0 15 15 -12
57 0 1 12 -16 -16
58 1 1 -16 15 -16
59 1 1 -16 15 -15
60 0 1 13 -15 -1
61 0 0 11 15 13
62 0 0 15 15 10
63 0 0 2 -12 -16
64 0 1 15 -16 13
65 1 0 -4 6 -15
66 1 1 -13 -15 15
67 0 1 1 10 10
68 1 1 -8 6 15
69 1 0 -8 -13 15
70 1 0 -16 15 -16
71 1 1 -5 -16 10
72 0 1 -11 15 12
73 1 0 -15 15 -16
74 1 0 -16 0 9
75 0 0 15 -5 12
76 0 1 3 8 -1
77 1 0 -5 10 -16
78 1 1 -13 -14 -9
79 1 0 -9 6 2
80 0 0 12 11 7
81 0 1 6 11 12
82 0 1 12 13 15
83 0 1 6 15 -11
84 1 1 -16 -16 6
85 0 1 14 12 -16
86 0 0 15 -1 14
87 1 1 -7 -6 15
88 1 0 -16 -16 15
89 0 1 1 6 4
90 1 0 -15 -16 -5
91 1 0 -16 5 15
92 1 1 -16 -9 -5
93 1 0 -15 -16 -16
94 0 0 15 -16 15
95 1 1 -11 15 15
96 1 0 -16 -14 15
97 0 0 15 15 -11
98 1 1 -16 15 15
99 0 1 15 3 15
100 1 0 -16 15 -15
101 1 0 -11 15 11
102 1 1 -16 -6 -16
103 1 1 -5 15 15
104 0 0 15 15 11
105 1 0 -16 -12 15
106 1 1 -12 -16 -15
107 0 0 15 -16 15
108 0 1 15 -16 13
109 0 1 13 15 -16
110 0 1 15 -16 -3
111 1 0 -9 -8 15
112 0 1 15 5 -7
113 1 0 -3 -15 15
114 0 0 15 -5 -3
115 1 1 -12 -10 -16
116 1 1 -10 15 -16
117 1 0 -8 7 15
118 1 0 -10 14 15
119 1 1 6 -11 15
120 0 0 7 -16 -5
121 0 1 9 11 -3
122 1 0 -12 15 11
123 1 1 -4 -12 -7
124 1 1 -13 15 15
125 1 1 -11 -13 -11
126 0 0 15 5 15
127 0 1 12 -5 15
128 1 0 -16 -6 8
129 0 1 15 15 15
130 0 0 15 15 -15
131 1 0 -3 1 -13
132 1 0 -3 10 15
133 0 0 15 0 -16
134 0 0 15 -16 -16
135 0 1 15 -15 15
136 1 1 -16 15 -16
137 0 0 6 8 15
138 0 0 12 15 -7
139 1 1 -2 -14 -16
140 1 1 -5 -5 -16
141 1 1 -16 15 1
142 0 0 -13 -16 15
143 0 0 14 -14 15
144 0 0 15 -16 -16
145 0 0 14 8 -9
146 1 1 -13 8 -1
147 0 1 10 15 -16
148 0 0 15 -16 6
149 1 1 -13 15 15
150 0 0 9 -9 15
151 1 1 -4 15 11
152 0 0 15 -1 -6
153 0 1 -6 -16 -16
154 0 0 11 -16 -5
155 1 0 -16 -16 15
156 1 0 -14 12 -14
157 0 0 10 0 -16
158 0 1 15 -16 15
159 0 1 14 -16 -13
160 0 0 13 12 15
161 1 1 -8 15 8
162 0 1 15 3 -11
163 0 0 14 -16 -16
164 0 0 4 -16 15
165 0 1 14 -10 10
166 0 1 -7 9 -9
167 1 1 -13 10 15
168 1 0 -14 -16 3
169 1 1 -16 15 -11
170 0 1 9 6 -7
171 1 0 -16 -12 -13
172 0 1 10 15 14
173 1 0 -16 13 15
174 1 1 -16 -16 -9
175 0 1 15 -13 -11
176 0 1 14 8 15
177 0 0 15 -3 -16
178 1 1 -10 -16 15
179 1 1 -2 -11 15
180 1 1 -16 -9 8
181 1 0 -6 -16 15
182 1 0 -12 -15 -16
183 1 1 -10 -7 15
184 0 1 15 5 6
185 1 1 -16 -4 11
186 0 0 15 -4 0
187 1 1 -14 -16 12
188 1 1 -15 15 13
189 0 0 7 -15 15
190 1 1 -6 12 15
191 1 1 -16 15 9
192 1 0 -7 15 12
193 1 1 -10 -16 4
194 1 1 -3 15 15
195 1 0 -16 -12 15
196 1 0 -4 -16 -16
197 0 1 3 -1 15
198 0 0 15 -15 -10
199 1 0 -16 -16 -16
200 1 0 -11 15 -16
201 1 1 -12 15 0
202 1 1 -11 10 10
203 1 1 -16 -5 15
204 1 0 -16 15 -15
205 1 1 -13 -10 -16
206 0 1 11 9 -16
207 1 1 -16 7 -3
208 0 1 10 14 -16
209 1 0 -7 10 13
210 1 1 -12 14 -5
211 0 0 7 15 -16
212 1 1 -16 8 -16
213 0 1 7 -8 15
214 1 0 -16 -9 -14
215 0 1 15 15 15
216 0 0 7 15 -16
217 1 0 -2 14 -16
218 0 0 9 -13 -6
219 1 1 -16 -11 -12
220 1 1 -4 -16 15
221 1 1 2 -1 15
222 1 0 -1 -15 -10
223 1 1 -15 -16 -11
224 1 1 -16 -16 -16
225 0 0 15 6 7
226 0 0 12 15 15
227 1 0 -8 15 -14
228 1 1 -16 15 1
229 1 1 2 -7 14
230 0 0 13 -8 -9
231 0 0 2 15 11
232 0 1 11 -9 -9
233 0 0 15 15 -11
234 1 0 -7 -15 11
235 0 0 7 1 -5
236 1 1 -16 -8 -16
237 0 0 15 -16 15
238 0 0 15 -16 15
239 0 0 15 15 -12
240 1 0 -13 15 -16
241 1 1 -13 -15 15
242 0 0 12 -16 15
243 1 0 -8 -16 15
244 0 1 15 -16 -16
245 0 0 12 -13 7
246 0 0 4 15 -16
247 1 0 -11 14 7
248 1 0 -10 -3 15
249 0 1 15 -16 15
250 1 0 -16 -16 -16
251 1 0 -16 9 15
252 0 1 14 -16 -16
253 1 1 -16 15 15
254 1 1 -10 14 -2
255 1 0 -11 7 12
256 0 0 15 14 -8
257 1 1 -11 15 -16
258 1 1 -16 7 -16
259 1 0 -16 -16 15
260 1 0 -10 2 -3
261 1 0 -11 -16 -16
262 1 0 -10 -13 -9
263 0 1 15 -11 11
264 0 0 9 -16 13
265 1 0 -12 -9 12
266 0 1 7 -10 -11
267 0 1 15 -13 -16
268 1 1 -16 -16 9
269 1 0 -12 1 -15
270 1 0 4 15 -3
271 1 1 -16 5 15
272 1 1 -16 -16 -16
273 0 1 7 -14 -16
274 0 0 11 12 -11
275 1 1 -6 15 15
276 1 0 1 -13 10
277 1 1 -16 8 -16
278 0 0 15 15 15
279 0 0 3 15 -15
280 0 1 11 9 -16
281 0 1 15 12 -16
282 0 1 14 7 -16
283 1 0 -16 -9 15
284 0 0 14 3 15
285 1 1 -5 10 15
286 1 1 -4 -14 1
287 1 1 -14 11 -16
288 0 1 15 13 15
289 1 1 -16 -11 -16
290 1 1 -16 -16 -16
291 1 1 -11 15 15
292 0 0 4 -16 -16
293 1 0 -16 15 -14
294 1 0 -12 5 -16
295 1 0 -16 15 12
296 0 0 13 15 -16
297 0 1 15 -16 -5
298 1 1 -16 15 -13
299 0 1 15 -3 -16
300 0 0 11 1 6
301 0 0 7 -12 5
302 0 1 12 15 15
303 0 0 15 -8 -16
304 0 1 15 11 -7
305 0 0 15 3 15
306 1 0 -14 1 9
307 0 1 11 -16 15
308 1 0 -10 -4 -16
309 0 0 15 2 11
310 1 0 -16 -12 15
311 0 0 9 -16 -16
312 1 0 -16 -11 -16
313 1 1 -13 12 15
314 1 0 -6 15 10
315 1 0 -16 15 -1
316 1 1 -16 -16 -16
317 1 0 -16 15 12
318 0 1 14 15 15
319 1 1 -14 -9 -7
320 1 1 -16 -16 9
321 1 0 -13 15 15
322 0 0 12 -15 15
323 1 0 -16 15 15
324 1 1 -16 15 -5
325 1 1 -16 15 -16
326 0 0 7 6 -10
327 0 0 15 -8 -12
328 0 1 13 -7 -8
329 1 1 -10 4 9
330 1 0 -16 -16 -3
331 1 1 -16 -16 8
332 1 0 -12 15 -12
333 0 1 15 -13 15
334 0 0 -2 -16 -16
335 0 1 15 -5 15
336 0 1 15 15 15
337 1 1 -8 15 10
338 0 1 15 5 -16
339 0 0 10 -16 -16
340 1 1 -5 7 -11
341 1 1 -13 15 15
342 0 0 15 -16 -4
343 1 0 -16 0 -16
344 0 1 15 12 11
345 0 0 6 11 15
346 0 1 11 -15 -16
347 1 0 -12 4 14
348 1 1 -11 6 -1
349 0 1 15 -11 -4
350 1 0 -16 -8 -9
351 0 1 2 14 -16
352 1 1 -16 -16 10
353 1 1 -12 8 15
354 0 1 15 15 15
355 1 0 -16 -16 15
356 0 0 7 15 -16
357 0 1 15 -13 11
358 0 1 15 14 15
359 0 0 15 9 -13
360 0 1 15 -1 -2
361 1 0 -16 15 4
362 0 0 13 -15 15
363 0 1 4 -16 5
364 1 1 7 15 11
365 0 0 15 15 4
366 1 1 -10 -16 15
367 1 1 -12 -15 15
368 1 0 -12 3 8
369 1 0 -15 13 -8
370 0 0 7 -13 -3
371 0 1 15 3 -1
372 0 0 3 15 15
373 1 0 -15 15 15
374 0 1 15 -13 -3
375 0 1 15 7 -16
376 1 1 -5 8 15
377 0 1 15 -8 14
378 1 0 -14 -13 -16
379 0 0 15 -16 15
380 0 0 5 -16 10
381 0 0 12 15 -16
382 0 1 15 -13 12
383 1 0 -16 -16 -1
384 0 0 13 15 -15
385 0 0 3 15 -16
386 1 1 -8 15 -5
387 0 1 15 -5 15
388 1 0 -15 -13 -16
389 1 1 -16 -15 15
390 0 1 15 -2 15
391 1 1 -13 -5 13
392 1 1 -16 6 -13
393 0 1 15 0 11
394 0 0 15 11 8
395 1 0 -16 -16 15
396 0 0 15 15 15
397 1 1 -12 15 -16
398 1 0 -16 -15 4
399 0 0 15 -9 -16
400 0 0 4 10 7
401 1 0 -10 15 15
402 1 0 -16 -8 -16
403 0 1 9 -13 15
404 1 0 -10 -13 -4
405 0 0 15 -11 -11
406 1 0 -14 7 -15
407 0 1 15 15 -11
408 0 1 12 8 7
409 0 1 9 4 15
410 0 0 9 15 -16
411 0 0 13 11 15
412 0 0 12 13 6
413 1 1 -12 -16 15
414 1 1 -15 -16 5
415 0 1 12 -16 -15
416 0 1 15 -5 1
417 0 1 13 15 -16
418 0 1 12 -9 -16
419 0 0 15 6 -9
420 0 1 11 2 12
421 0 1 15 -16 -15
422 0 0 11 -16 15
423 0 0 4 -16 -15
424 1 0 -16 -16 9
425 1 1 -11 11 6
426 0 0 15 -16 -5
427 0 0 6 -15 3
428 1 1 -13 15 8
429 1 0 -12 -16 11
430 0 0 15 15 -14
431 1 0 -2 12 -12
432 0 0 15 15 -16
433 1 0 -16 -4 10
434 0 0 0 -7 -16
435 1 0 -15 -16 7
436 0 0 15 15 15
437 0 1 13 12 10
438 0 0 15 -5 -13
439 0 1 9 -13 -16
440 1 0 -15 14 5
441 0 0 3 15 15
442 0 1 15 14 -2
443 1 0 -6 -10 -16
444 1 0 -8 -16 3
445 0 1 3 -16 -16
446 0 0 15 -9 -16
447 1 1 -14 -10 -12
448 0 0 15 -10 -16
449 1 0 -16 15 -16
450 0 1 15 15 -11
451 1 1 -4 -9 11
452 1 0 -1 -16 -8
453 1 1 -16 4 14
454 1 1 -6 15 12
455 1 1 -16 15 15
456 0 0 15 14 11
457 0 1 15 -16 15
458 0 1 -1 -15 14
459 1 0 -14 11 8
460 1 0 -16 -16 -15
461 0 0 11 14 -12
462 1 0 -15 11 -14
463 1 1 -16 -16 -16
464 0 0 8 -16 -10
465 1 1 -16 -9 9
466 0 1 15 -16 -3
467 0 1 15 -15 -5
468 0 0 15 15 -3
469 1 0 -16 15 -16
470 0 1 15 9 -12
471 0 0 13 -16 -16
472 0 0 14 -16 -14
473 0 0 13 -16 12
474 0 1 10 9 14
475 1 1 -16 15 -16
476 1 0 -16 -11 -14
477 1 0 -14 10 6
478 1 1 -14 -16 8
479 0 1 10 14 -10
480 1 0 -16 15 -16
481 0 1 13 15 -16
482 0 0 15 -16 -16
483 0 0 15 -5 -10
484 0 1 15 -16 -15
485 0 0 13 11 -16
486 0 0 4 -10 -14
487 0 0 12 15 0
488 0 0 15 -1 -8
489 0 1 15 -16 -13
490 0 0 12 -16 12
491 1 1 -15 15 -2
492 1 1 -2 -16 8
493 0 1 15 15 -9
494 1 1 -16 15 -8
495 1 0 -11 -14 -10
496 0 1 15 -6 9
497 1 1 -16 -10 3
498 1 0 -16 15 15
499 1 0 -16 12 -8
500 0 1 15 -16 -16
501 0 0 13 10 15
502 0 1 10 15 -16
503 0 0 15 -16 -16
504 0 1 15 -4 -16
505 0 0 6 -9 -9
506 0 0 14 7 -8
507 0 1 15 -16 -9
508 1 1 -16 2 15
509 0 0 8 15 -8
510 1 0 -16 -7 -15
511 1 1 -7 12 15
512 1 1 -16 -16 -11
513 1 0 -16 -2 15
514 1 1 -16 14 11
515 1 0 -16 15 -2
516 1 1 -16 15 15
517 1 0 -13 -16 -15
518 1 0 -14 6 13
519 1 0 -16 -15 15
520 0 0 15 15 -9
521 1 0 -5 15 -3
522 0 0 14 15 -7
523 1 0 -16 15 15
524 0 1 14 -16 6
525 0 1 8 15 -16
526 1 0 -12 -7 -16
527 1 0 -8 15 11
528 0 1 15 15 11
529 1 1 -16 -6 -16
530 1 0 -16 -13 -16
531 0 0 6 -16 15
532 1 0 -16 -4 -15
533 1 1 -13 -8 -10
534 1 0 -16 -16 15
535 0 0 15 -16 15
536 0 1 7 -16 15
537 1 1 -16 -16 14
538 0 1 15 -16 -2
539 0 0 11 -10 -16
540 0 0 2 15 15
541 1 1 4 5 15
542 0 0 15 12 14
543 0 1 11 -16 3
544 1 1 -16 14 15
545 1 1 -16 15 -9
546 0 0 15 -16 -15
547 1 0 -11 -12 15
548 1 0 -14 -15 -9
549 0 0 15 15 15
550 0 1 8 5 -16
551 0 0 -1 -2 -5
552 0 1 15 -9 -10
553 1 0 -9 15 4
554 1 1 -12 2 5
555 1 0 -16 -11 15
556 0 0 12 -16 14
557 0 1 15 -16 -10
558 0 1 9 7 -15
559 0 0 11 -15 -14
560 1 1 -16 3 15
561 0 1 15 15 -15
562 1 0 -9 -16 15
563 0 1 11 -16 7
564 0 1 15 2 -16
565 1 0 -16 15 -9
566 0 1 15 15 -15
567 0 0 6 -16 -14
568 1 1 -12 2 15
569 0 0 14 -16 15
570 0 1 9 -12 -11
571 0 0 12 1 6
572 0 0 0 15 8
573 0 1 10 -13 -12
574 0 0 15 15 15
575 1 0 -16 -8 12
576 0 0 15 -4 -9
577 1 0 -10 -16 -11
578 0 0 14 -5 -16
579 1 0 2 15 15
580 0 0 15 4 -16
581 0 0 15 8 15
582 1 1 -16 -16 -16
583 0 1 6 15 3
584 1 0 -16 15 15
585 0 0 15 12 11
586 0 0 12 -12 15
587 0 1 15 -16 -8
588 0 0 15 -15 15
589 0 1 8 15 13
590 1 1 -9 7 -10
591 0 1 11 15 9
592 0 1 15 -10 -13
593 0 0 15 -13 15
594 0 1 -7 -11 -1
595 0 1 13 15 -3
596 1 0 -13 9 -7
597 0 1 15 9 -16
598 1 0 -15 15 -16
599 1 0 -7 5 0
600 1 0 -13 -12 15
601 0 0 5 -10 -9
602 0 1 10 7 -16
603 1 0 -11 15 14
604 0 0 15 15 10
605 0 0 5 -16 -4
606 0 1 15 -16 12
607 1 1 -10 15 12
608 0 0 11 15 -10
609 0 1 15 -6 -6
610 0 1 2 0 -16
611 0 0 3 13 15
612 1 1 -10 -16 -16
613 1 0 -16 -12 -11
614 0 0 15 -14 -4
615 0 1 15 -16 15
616 0 0 13 13 15
617 0 1 6 -8 15
618 1 1 -6 -4 15
619 1 1 -13 -16 -16
620 1 0 -16 -16 -10
621 0 0 12 15 15
622 0 0 14 6 -16
623 0 0 14 -9 15
624 0 0 -1 -2 3
625 1 0 -16 11 -16
626 0 1 5 15 15
627 0 0 7 15 -14
628 0 0 15 3 -16
629 0 0 15 15 -16
630 1 0 -1 -3 15
631 0 0 8 15 -10
632 1 1 -11 15 -13
633 1 0 4 -5 11
634 0 1 7 -10 1
635 1 0 -13 -16 -2
636 0 1 6 -14 -12
637 1 1 -12 9 15
638 1 0 -15 -16 -16
639 1 1 -6 -4 15
640 0 0 15 -9 -15
641 1 1 -16 15 -7
642 1 0 -7 -12 -16
643 1 1 -16 -12 15
644 1 0 -7 15 -16
645 1 0 -16 13 -10
646 0 0 15 -8 -11
647 0 0 1 15 15
648 0 1 13 8 8
649 1 0 -16 12 -5
650 1 0 -13 15 -12
651 0 0 14 15 -16
652 1 0 -16 12 -16
653 1 1 -16 10 -16
654 0 0 10 10 -16
655 1 1 -16 11 12
656 0 1 15 -4 4
657 0 1 15 15 -14
658 0 1 -5 15 9
659 0 0 15 -9 -10
660 1 1 -16 4 15
661 1 0 -14 10 -11
662 1 1 -16 15 15
663 0 1 15 11 15
664 1 1 -16 13 15
665 1 0 -16 13 4
666 0 1 15 15 15
667 0 1 14 -16 13
668 0 0 15 -10 13
669 1 0 -16 15 -16
670 0 0 14 12 -12
671 0 0 15 15 -16
672 0 1 15 6 -16
673 1 0 -7 -5 -16
674 1 1 -14 -16 13
675 1 0 -7 15 15
676 1 0 -16 9 15
677 1 0 10 10 8
678 0 0 -1 15 13
679 0 0 13 -16 11
680 0 1 1 5 -2
681 0 0 15 -16 15
682 0 0 15 8 -16
683 1 0 -1 15 15
684 0 0 5 15 7
685 0 1 15 -9 15
686 1 1 -6 7 15
687 1 1 -14 11 -11
688 0 0 15 -12 -16
689 1 0 -16 -13 14
690 0 0 9 15 -12
691 0 1 15 15 -4
692 0 1 2 -11 -9
693 0 1 15 -8 -16
694 1 0 -13 15 13
695 1 1 -16 -16 -5
696 1 0 0 -16 -15
697 0 0 0 -9 15
698 1 0 -9 15 -16
699 1 1 -16 -15 -15
700 1 1 -11 -5 -16
701 1 1 -16 10 -16
702 1 1 -14 15 -16
703 0 1 15 -16 -16
704 0 0 13 15 15
705 1 0 -16 -16 -2
706 0 0 -2 -4 -16
707 0 1 13 4 11
708 1 1 -16 15 4
709 0 1 15 15 2
710 1 0 -11 3 0
711 1 1 -13 15 8
712 1 0 -16 -16 -16
713 1 1 -16 0 -16
714 0 0 7 15 6
715 0 1 -4 15 -2
716 1 1 -4 -6 14
717 0 1 15 10 -6
718 1 0 -15 15 15
719 0 0 -2 13 -7
720 0 1 4 -16 -13
721 1 1 -6 15 -15
722 0 0 15 -16 7
723 1 1 -16 15 -14
724 0 1 13 -11 13
725 0 0 5 -15 7
726 1 1 0 15 -16
727 0 0 12 1 15
728 0 1 15 11 12
729 1 0 -16 -16 -8
730 0 1 9 15 15
731 0 1 9 -16 13
732 0 1 9 15 -14
733 1 1 -16 -16 15
734 0 1 12 -10 -8
735 0 1 15 15 -11
736 1 0 -16 15 -9
737 0 1 15 8 9
738 1 1 -1 15 -16
739 0 1 15 -16 -2
740 1 0 -9 -16 -16
741 0 0 9 4 -16
742 0 1 13 15 -11
743 0 0 15 -16 -16
744 1 1 -11 15 14
745 0 1 14 -6 -16
746 0 0 15 -9 14
747 0 0 9 -16 -16
748 1 1 -16 -14 -15
749 1 1 -16 15 -16
750 0 0 15 -2 11
751 0 1 14 -16 -5
752 1 1 -16 11 15
753 1 1 -10 -15 -16
754 0 1 15 13 -16
755 0 1 15 -3 -4
756 0 0 15 13 -9
757 0 0 11 15 -6
758 1 0 -13 15 -16
759 0 0 15 -14 15
760 1 0 -11 -16 -9
761 1 0 -13 -16 8
762 1 0 -14 -16 5
763 0 1 15 11 2
764 0 1 15 15 10
765 1 0 -16 -4 15
766 1 0 -16 15 -15
767 1 0 -16 -15 -16
768 0 0 14 -12 1
769 1 1 -5 3 -14
770 0 0 15 -13 -7
771 0 0 15 -12 -16
772 0 1 13 11 -2
773 1 0 -10 15 -14
774 0 1 14 14 6
775 1 1 -16 12 -16
776 1 1 -16 15 -11
777 0 0 15 -4 -16
778 1 1 -16 5 13
779 1 0 -11 15 5
780 1 1 -15 -14 -16
781 0 0 15 1 15
782 0 1 13 10 10
783 0 0 15 -16 6
784 0 0 14 15 -13
785 0 0 9 13 -13
786 1 1 5 15 13
787 1 0 -13 8 15
788 0 1 15 15 -3
789 0 1 12 -16 -16
790 0 1 12 -8 15
791 1 0 -16 7 -16
792 0 1 1 15 15
793 1 0 -16 -16 -12
794 0 0 6 15 -4
795 0 0 14 -16 -9
796 0 0 15 14 6
797 0 1 10 8 15
798 1 1 -15 15 -2
799 0 0 8 -7 -16
800 0 1 15 8 -5
801 1 1 -16 -11 15
802 1 0 -8 8 -7
803 1 0 -16 -16 -13
804 0 0 13 15 -16
805 0 1 15 -12 -13
806 0 0 7 15 -12
807 0 1 7 11 15
808 0 0 -1 -16 1
809 1 0 -8 14 9
810 0 0 15 -16 15
811 1 1 -1 2 -6
812 0 1 -3 -3 -11
813 0 0 15 -16 -16
814 0 0 12 -16 -4
815 0 1 11 0 -14
816 1 0 -16 15 -16
817 0 0 13 10 -15
818 0 0 9 -5 5
819 1 0 -16 5 -3
820 0 1 5 -16 1
821 0 0 2 -11 -2
822 1 0 -16 12 4
823 1 1 -15 -16 12
824 0 1 15 15 15
825 1 1 -6 15 -16
826 1 0 -16 -16 -16
827 0 1 15 -16 -9
828 0 1 7 -4 15
829 1 0 -13 15 3
830 0 0 15 15 -5
831 1 0 -13 11 -16
832 1 0 -16 15 15
833 0 1 8 5 15
834 1 1 -8 15 -16
835 0 1 15 -7 15
836 1 0 -16 -16 8
837 1 1 -8 -16 -13
838 0 0 12 15 3
839 1 0 -10 -16 -16
840 0 1 8 -16 -12
841 1 1 -10 -16 -16
842 1 1 -16 15 -16
843 0 1 -2 -16 -16
844 0 1 6 3 -13
845 0 0 15 -10 15
846 1 1 -16 -16 -16
847 0 0 15 -16 -15
848 1 0 -8 15 15
849 1 0 -16 -16 -16
850 0 0 15 15 15
851 0 1 15 -16 -14
852 1 1 0 -10 4
853 1 0 -16 -2 12
854 0 0 12 15 -1
855 0 0 15 9 15
856 1 0 -16 11 15
857 1 1 -15 15 -15
858 0 0 15 15 13
859 1 0 -16 10 1
860 0 0 -1 -16 1
861 0 0 15 15 11
862 0 1 13 14 15
863 1 1 -16 4 15
864 0 1 2 -10 -8
865 1 1 -16 -7 8
866 0 1 3 15 -3
867 1 1 -16 -8 -11
868 0 0 1 -16 -9
869 1 1 0 -15 14
870 1 0 -16 15 15
871 1 1 -2 4 -12
872 1 0 -16 13 13
873 0 1 11 10 15
874 0 1 15 -16 -13
875 0 0 15 -16 -8
876 0 0 12 0 8
877 1 0 -14 -16 -6
878 0 0 15 -14 4
879 0 1 12 -16 -16
880 0 1 3 15 10
881 0 0 15 -15 15
882 1 0 0 -11 15
883 1 1 -16 0 -16
884 0 1 7 15 -9
885 1 0 -16 -16 1
886 0 0 15 -16 -12
887 1 0 -7 -16 14
888 1 1 -15 3 15
889 0 1 15 -16 0
890 1 1 -15 15 5
891 0 1 15 -16 -9
892 1 0 -16 8 10
893 0 0 15 -14 -11
894 1 1 -7 10 -16
895 0 0 15 -16 15
896 1 1 -12 5 -14
897 0 1 10 -16 12
898 0 1 11 -10 -13
899 0 1 15 -16 -13
900 1 1 -16 -16 15
901 1 0 -2 15 -2
902 0 1 15 -16 15
903 1 1 -16 15 15
904 0 0 15 -16 -16
905 0 0 15 5 15
906 1 1 -7 15 -16
907 1 0 -8 -5 -14
908 1 0 -16 -16 12
909 1 0 -16 5 -16
910 0 1 12 -16 -10
911 1 0 -5 12 3
912 1 0 -16 15 8
913 0 1 11 -7 15
914 0 0 15 15 -16
915 0 0 10 15 15
916 0 1 -4 -14 -12
917 1 0 -5 3 -14
918 1 0 -16 15 15
919 1 1 -16 15 15
920 0 1 12 15 -12
921 1 1 -16 14 3
922 0 0 7 0 15
923 0 1 7 12 -16
924 0 0 15 10 4
925 0 1 15 -16 15
926 1 0 -9 15 15
927 1 0 -11 14 -7
928 0 0 1 -16 -12
929 1 0 -16 -16 -2
930 0 1 7 15 -16
931 0 0 7 15 -10
932 0 0 15 -11 -16
933 1 1 -16 13 -16
934 0 1 15 -16 15
935 1 0 -13 15 -16
936 1 0 -8 15 -15
937 0 0 13 -10 -16
938 1 1 -16 -16 -16
939 0 1 15 11 10
940 1 0 -7 -7 -16
941 1 0 -11 15 -5
942 0 1 12 10 3
943 1 1 -10 -6 -16
944 0 1 7 12 -16
945 1 1 -16 15 15
946 1 1 -11 -14 15
947 1 0 -5 15 -2
948 0 0 15 15 7
949 1 1 -9 -2 -16
950 1 0 -16 -16 -14
951 1 1 -16 15 -4
952 1 0 -7 15 -10
953 1 0 -3 4 -16
954 1 1 -13 -6 -12
955 0 1 15 -14 14
956 1 1 -16 -5 5
957 0 1 11 -16 15
958 0 1 15 -14 -16
959 0 1 15 3 14
960 0 0 6 4 15
961 1 0 -16 -13 14
962 1 0 -4 -16 4
963 0 1 0 4 -16
964 0 0 8 15 15
965 1 0 -16 -9 -16
966 0 0 15 -3 15
967 1 0 -6 -16 -3
968 1 0 -13 -16 -6
969 1 0 -6 -16 -15
970 0 0 15 15 -5
971 0 0 15 8 9
972 1 0 2 9 -14
973 1 1 -16 15 -9
974 1 0 -16 -16 10
975 1 1 -10 15 -13
976 1 0 -15 -16 -7
977 1 0 -13 -15 6
978 1 1 -16 8 15
979 1 0 -16 12 15
980 0 1 7 -16 15
981 1 1 -11 -15 3
982 1 0 -16 -16 15
983 1 0 -16 -14 -16
984 0 0 15 15 -16
985 0 0 15 13 -11
986 0 0 15 -16 7
987 0 0 12 -8 -10
988 1 1 -2 2 -16
989 0 1 6 12 -11
990 0 0 7 15 15
991 1 1 -8 -16 -16
992 1 0 -11 -16 -16
993 0 1 15 -16 -10
994 0 0 8 -14 -16
995 1 1 1 -10 -3
996 0 0 15 -5 15
997 1 0 -8 13 15
998 1 0 -16 -8 15
999 1 1 -15 -13 -15
1000 0 1 15 -10 -10
1001 1 1 -5 14 6
1002 0 1 15 13 11
1003 1 0 -7 -16 -16
1004 1 1 -16 -10 -14
1005 1 0 -1 8 15
1006 0 0 4 -16 15
1007 0 0 12 -16 -16
1008 1 0 -16 15 -16
1009 1 0 -16 -11 -16
1010 1 1 -16 -16 -16
1011 0 0 13 -7 -13
1012 0 1 15 -5 9
1013 1 1 -16 -13 -16
1014 0 0 15 -16 4
1015 1 1 -13 9 14
1016 1 0 -16 -15 11
1017 0 1 10 15 6
1018 0 1 15 -12 13
1019 1 1 -16 -16 -4
1020 1 0 -16 -10 -11
1021 0 0 15 15 11
1022 1 0 -12 -11 -16
1023 1 1 -15 15 -7
1024 1 0 -16 -16 15
1025 1 0 -16 -3 6
1026 0 1 15 -9 15
1027 1 0 -10 15 -6
1028 1 0 -12 -11 12
1029 1 1 -16 -16 -16
1030 1 0 -10 14 -16
1031 1 0 -12 15 15
1032 1 0 -13 15 -8
1033 1 0 -16 -16 5
1034 0 0 13 -10 15
1035 1 1 -1 -11 11
1036 0 0 2 -10 -13
1037 1 0 -16 6 15
1038 1 1 -11 -16 -8
1039 0 1 15 14 15
1040 0 1 15 -12 -11
1041 1 0 -16 -16 11
1042 0 0 15 14 -9
1043 1 1 -16 -16 -6
1044 1 0 -16 14 11
1045 0 1 6 15 -16
1046 0 0 15 15 -16
1047 1 1 -16 -14 -16
1048 1 0 -16 -16 -16
1049 0 0 15 -16 -16
1050 1 1 -8 15 -8
1051 0 1 7 15 0
1052 0 0 13 6 -16
1053 0 1 9 12 1
1054 1 1 -16 -16 11
1055 0 1 15 8 15
1056 0 0 5 -15 6
1057 1 1 -16 -16 9
1058 1 1 -16 -10 15
1059 1 1 -12 -14 -16
1060 0 0 15 9 -16
1061 0 0 14 15 11
1062 1 0 -16 5 -15
1063 1 1 -16 12 -11
1064 0 0 15 5 1
1065 1 1 -16 10 -16
1066 1 0 -14 15 -16
1067 1 0 -16 -5 15
1068 1 1 -7 15 15
1069 1 1 -6 -10 -16
1070 0 1 15 15 5
1071 1 1 -16 15 -7
1072 1 0 -10 -16 15
1073 0 1 15 -15 14
1074 1 1 -16 -16 -7
1075 1 0 -16 15 -16
1076 0 0 13 -16 11
1077 0 0 15 -9 -16
1078 0 1 15 0 -16
1079 1 1 -16 -16 -16
1080 1 0 -16 15 15
1081 1 1 -13 15 -6
1082 0 1 10 -15 9
1083 0 1 15 15 -16
1084 0 0 12 15 15
1085 1 1 -16 8 13
1086 1 1 -16 9 7
1087 1 1 -11 -16 15
1088 0 0 7 -11 10
1089 1 1 -10 -14 -14
1090 0 0 15 -16 12
1091 1 0 -16 15 -16
1092 1 0 -16 -14 15
1093 0 1 15 10 -3
1094 1 1 -9 15 3
1095 1 0 -13 -11 15
1096 0 1 15 -15 -16
1097 0 0 8 4 13
1098 0 1 11 -14 3
1099 0 0 15 8 13
1100 1 0 -16 -11 -16
1101 0 0 15 -6 -16
1102 0 0 10 15 -5
1103 1 1 -9 12 -13
1104 0 1 10 11 12
1105 1 1 -16 15 15
1106 1 0 -16 5 -16
1107 0 0 4 15 6
1108 1 1 -3 15 -15
1109 1 0 -15 15 -12
1110 0 0 14 15 15
1111 1 0 -16 11 -16
1112 1 1 -16 15 -16
1113 0 1 15 15 -16
1114 0 1 15 -16 -16
1115 0 1 15 -16 -10
1116 0 1 7 -16 -16
1117 1 1 -16 -15 -8
1118 0 1 9 -16 -8
1119 0 0 15 -13 15
1120 1 0 -15 -16 10
1121 0 0 10 -16 -9
1122 0 1 15 -3 15
1123 0 1 5 10 12
1124 0 0 15 -16 -13
1125 1 0 -16 -16 2
1126 0 0 15 12 14
1127 1 1 -4 -10 14
1128 0 0 9 -16 -13
1129 0 0 15 12 15
1130 0 1 15 -15 -16
1131 0 1 6 4 -3
1132 1 1 -10 -16 -8
1133 0 0 9 -16 15
1134 1 0 -3 3 -14
1135 0 0 15 -15 15
1136 1 0 -16 2 15
1137 0 1 15 10 15
1138 1 0 -16 -16 -13
1139 0 1 5 15 0
1140 0 0 15 -16 8
1141 0 0 15 15 12
1142 0 0 15 15 -16
1143 1 1 -10 15 -4
1144 0 0 9 -14 -15
1145 0 1 15 9 15
1146 1 0 -3 0 -13
1147 1 1 -16 8 12
1148 1 0 -16 -4 -14
1149 1 0 -8 -16 -14
1150 0 0 15 -14 -16
1151 1 1 -14 15 -16
1152 0 1 15 0 11
1153 1 0 -11 -12 -16
1154 0 1 15 6 12
1155 0 0 13 -9 -16
1156 1 1 -16 -2 10
1157 1 1 -16 -15 15
1158 1 1 -5 -16 10
1159 0 0 13 15 2
1160 0 1 15 7 15
1161 0 1 10 -11 15
1162 0 1 9 -16 -16
1163 0 0 15 -16 -14
1164 1 1 -11 -8 -4
1165 1 0 -16 14 -10
1166 0 0 15 -16 -8
1167 1 1 -16 15 -16
1168 1 1 -16 15 13
1169 0 0 15 6 -16
1170 0 1 15 7 6
1171 1 1 -12 -8 2
1172 1 1 -1 12 15
1173 0 0 12 15 15
1174 0 1 15 14 15
1175 0 1 13 15 15
1176 0 0 15 14 15
1177 0 1 12 15 15
1178 0 1 15 13 15
1179 1 1 -13 -6 -8
1180 0 1 14 15 5
1181 0 1 12 -16 -16
1182 1 1 -9 -16 -16
1183 1 0 -4 -16 -16
1184 0 0 15 8 -16
1185 1 0 -16 -11 4
1186 1 0 -1 9 1
1187 1 1 -16 -11 -16
1188 1 0 -12 -10 15
1189 0 1 5 -11 -1
1190 1 1 -16 9 9
1191 0 0 15 15 15
1192 1 0 -16 -16 15
1193 1 1 -9 -6 -16
1194 1 0 -16 -2 15
1195 0 0 15 -16 -10
1196 0 1 2 -16 -16
1197 0 0 6 -6 15
1198 0 1 -2 15 -13
1199 1 1 -8 13 0
1200 0 1 15 15 -16
1201 1 1 -16 15 -5
1202 0 1 15 -16 4
1203 1 1 -14 -16 14
1204 1 1 -15 -16 15
1205 0 0 15 15 4
1206 1 1 -1 -14 15
1207 0 0 12 -10 -16
1208 0 0 15 15 15
1209 1 0 -16 10 15
1210 0 1 15 1 0
1211 1 1 -15 15 15
1212 0 1 2 -8 -16
1213 0 1 15 15 8
1214 1 1 -16 -10 -16
1215 0 1 14 -8 -4
1216 0 0 15 15 -16
1217 1 0 -15 -4 -16
1218 1 1 -8 -7 -13
1219 1 1 -8 15 10
1220 0 1 15 13 15
1221 1 0 -16 -10 -16
1222 0 0 15 12 15
1223 1 1 -16 15 -8
1224 0 1 7 15 8
1225 1 0 -2 9 9
1226 1 1 -12 1 -14
1227 1 0 -14 -8 15
1228 0 0 5 -13 -7
1229 0 1 5 12 -2
1230 0 1 9 -14 -16
1231 1 0 -13 -14 11
1232 0 1 15 15 -16
1233 1 1 -8 -16 1
1234 0 1 15 -16 -16
1235 1 1 -11 -9 -16
1236 1 1 -8 2 15
1237 0 0 -3 -16 -11
1238 1 1 -12 10 15
1239 1 1 -8 15 15
1240 0 1 15 -16 5
1241 0 1 15 15 -16
1242 0 0 15 15 -5
1243 1 1 -6 9 -16
1244 0 0 15 -14 0
1245 1 1 -6 -16 15
1246 0 0 15 -2 10
1247 0 0 15 12 15
1248 0 0 7 -10 15
1249 0 1 15 -16 -16
1250 0 0 14 -15 11
1251 1 1 -16 -16 14
1252 0 0 15 -5 10
1253 1 1 3 15 15
1254 1 0 -5 3 -9
1255 0 1 15 15 -16
1256 0 1 15 -3 -16
1257 0 1 15 15 -16
1258 0 0 10 12 10
1259 1 1 -7 13 -16
1260 0 1 15 -15 15
1261 0 1 15 15 1
1262 0 0 13 8 0
1263 0 1 8 -9 15
1264 0 0 13 -11 15
1265 0 1 15 -1 15
1266 1 0 -16 -4 -14
1267 1 1 -10 13 -13
1268 0 1 15 -16 -16
1269 0 0 10 -16 15
1270 1 0 -16 15 11
1271 1 1 -14 -16 15
1272 1 0 -16 -11 -16
1273 1 0 -16 15 15
1274 0 1 15 -16 -16
1275 0 1 12 4 8
1276 1 0 -12 7 9
1277 0 0 15 11 15
1278 0 1 6 15 -15
1279 1 1 -13 -16 -14
1280 1 1 -16 -16 13
1281 1 1 -16 6 0
1282 0 0 15 -6 -16
1283 0 0 9 -16 15
1284 1 1 -16 8 -16
1285 1 1 -11 -4 15
1286 1 0 -16 -3 15
1287 1 0 -4 15 15
1288 0 1 15 -14 -16
1289 0 0 13 -8 13
1290 1 0 -16 15 -16
1291 0 0 15 15 15
1292 0 1 15 15 -15
1293 1 1 -14 -16 11
1294 0 1 -1 7 -12
1295 0 0 13 -7 15
1296 1 0 -4 -12 -16
1297 1 1 -13 -7 -12
1298 0 1 11 15 -9
1299 0 1 4 8 -16
1300 0 0 15 -11 9
1301 0 0 15 -16 14
1302 0 1 15 -16 15
1303 1 1 -7 -8 12
1304 1 0 -11 15 5
1305 1 1 -12 14 4
1306 0 0 15 -13 -15
1307 0 1 15 15 -16
1308 1 1 -5 -13 -10
1309 0 0 14 -5 13
1310 0 1 15 14 -16
1311 0 1 15 -16 8
1312 0 1 14 14 0
1313 1 0 -16 -10 6
1314 0 1 5 -8 5
1315 0 0 15 13 15
1316 0 0 15 -16 -16
1317 0 1 15 9 15
1318 0 1 12 11 15
1319 1 1 -16 -4 15
1320 1 1 -14 13 7
1321 0 1 14 2 15
1322 0 0 7 -16 12
1323 0 1 15 -16 -12
1324 0 1 15 -16 -11
1325 1 1 -16 -16 12
1326 1 0 -2 15 -13
1327 0 0 11 -4 -16
1328 1 0 -9 15 -8
1329 1 0 -16 15 15
1330 0 0 15 -16 -16
1331 0 0 12 15 15
1332 0 1 8 6 -13
1333 1 1 -12 6 15
1334 1 1 -13 13 -16
1335 0 0 15 15 0
1336 1 1 -12 9 5
1337 0 1 11 -4 1
1338 0 0 -6 6 -15
1339 0 0 15 11 13
1340 1 0 -16 15 -16
1341 1 1 -12 15 -12
1342 0 1 15 15 -14
1343 1 0 -16 12 15
1344 1 1 -14 -1 -7
1345 0 1 9 15 15
1346 0 0 1 -5 10
1347 1 0 -14 15 15
1348 1 1 -12 15 -9
1349 1 1 -7 15 -16
1350 1 1 -6 -16 8
1351 0 1 5 0 11
1352 1 1 -16 -12 11
1353 0 0 7 -16 15
1354 1 0 2 10 -15
1355 0 1 11 15 15
1356 0 0 15 13 -12
1357 0 1 12 12 15
1358 0 0 15 12 -13
1359 1 1 -16 -16 12
1360 1 1 -15 -6 4
1361 1 1 -16 13 15
1362 1 0 -3 15 1
1363 1 0 -2 5 -13
1364 0 0 9 1 -16
1365 1 0 -9 9 -7
1366 0 0 10 -16 5
1367 0 0 14 15 -13
1368 1 0 -16 -14 15
1369 0 0 12 -15 15
1370 1 1 -16 -8 15
1371 0 1 7 -12 15
1372 0 0 12 -12 9
1373 0 0 15 15 -7
1374 1 0 -10 2 -4
1375 0 0 -1 4 -14
1376 0 0 8 -16 9
1377 1 1 -3 15 14
1378 0 0 6 -16 15
1379 0 0 9 -3 -16
1380 1 0 -12 15 -16
1381 1 0 -15 -16 -16
1382 1 1 -16 -16 -11
1383 0 1 15 0 13
1384 0 1 7 -8 15
1385 0 0 8 15 -16
1386 0 1 15 -16 -16
1387 1 0 -16 -16 15
1388 1 1 -16 -3 -10
1389 0 1 15 15 15
1390 0 0 15 15 -2
1391 1 1 -16 13 -15
1392 0 1 15 -13 -16
1393 0 0 1 2 -7
1394 1 1 -16 -13 5
1395 0 0 15 -15 2
1396 0 1 13 15 -12
1397 0 0 15 -11 8
1398 1 1 -16 -16 15
1399 0 0 15 12 15
1400 1 1 -16 -16 9
1401 0 0 15 -16 -16
1402 1 1 -13 -10 -16
1403 1 0 -14 10 14
1404 1 1 -16 15 -16
1405 0 1 9 -16 4
1406 1 1 -2 -12 -16
1407 1 1 -8 -15 -12
1408 0 1 15 10 15
1409 1 1 -16 -10 -3
1410 0 0 15 -6 -15
1411 1 0 -13 -16 6
1412 1 0 -11 15 15
1413 0 1 15 -16 15
1414 1 0 -11 15 -16
1415 0 1 15 -8 -16
1416 0 1 15 -13 -2
1417 0 0 15 -14 12
1418 1 0 -10 -14 15
1419 1 1 -15 15 6
1420 1 0 -16 6 -16
1421 0 1 7 -16 -8
1422 0 1 15 14 -14
1423 1 1 -16 -13 -5
1424 0 0 15 -9 15
1425 1 1 -5 -10 -16
1426 0 1 15 -11 15
1427 1 0 -13 15 15
1428 1 1 -16 -16 -14
1429 1 0 -11 -3 15
1430 0 1 10 -16 15
1431 1 1 -11 15 -16
1432 0 0 3 -3 -10
1433 0 1 15 5 -14
1434 1 1 -10 -9 9
1435 1 0 -7 -16 -2
1436 1 0 -14 15 -16
1437 0 1 9 -7 14
1438 1 0 -5 15 13
1439 0 1 4 -16 -16
1440 1 0 -16 15 15
1441 1 1 -16 8 15
1442 0 1 8 -11 -7
1443 1 1 -11 -16 15
1444 1 0 -14 -16 -3
1445 0 1 12 15 -6
1446 0 0 15 4 7
1447 1 0 -16 11 -16
1448 0 1 15 -10 -11
1449 1 1 -16 -16 -13
1450 0 0 6 14 13
1451 0 0 5 14 15
1452 1 1 -16 15 6
1453 0 1 0 -14 11
1454 1 0 -9 -7 15
1455 0 1 14 15 15
1456 0 0 15 5 -16
1457 0 1 15 -16 -16
1458 0 0 15 -12 15
1459 0 1 13 4 -11
1460 0 0 11 15 -16
1461 0 1 14 -15 -16
1462 0 0 8 15 -16
1463 0 0 10 15 -12
1464 0 1 15 -16 -16
1465 1 0 -16 6 -16
1466 1 1 -16 7 15
1467 1 0 -16 15 14
1468 0 0 13 8 10
1469 1 0 -16 8 15
1470 0 0 14 -13 5
1471 0 1 15 13 -14
1472 0 1 15 8 -12
1473 1 1 -11 15 4
1474 0 1 0 -10 10
1475 0 1 11 14 15
1476 0 1 15 15 -3
1477 1 0 -16 15 -14
1478 0 1 15 -12 -14
1479 0 1 13 6 15
1480 0 1 15 15 8
1481 1 1 -16 9 8
1482 1 0 -16 15 15
1483 0 1 8 15 6
1484 0 0 15 -13 -16
1485 1 1 -16 15 -16
1486 0 1 13 -16 -11
1487 1 0 -2 14 15
1488 0 1 15 -9 -12
1489 0 1 11 -16 15
1490 0 1 8 -12 -16
1491 0 1 15 1 -16
1492 1 1 -16 5 15
1493 0 0 15 8 -9
1494 0 1 13 -11 7
1495 1 1 -13 15 15
1496 0 0 15 -7 -6
1497 1 0 -16 12 9
1498 1 0 -16 10 10
1499 0 1 8 -16 15
1500 0 1 9 5 13
1501 1 1 -13 -7 -12
1502 0 0 15 -14 -16
1503 0 1 15 9 -8
1504 1 0 -16 15 -9
1505 1 1 -16 -11 12
1506 1 0 3 15 6
1507 0 0 10 15 15
1508 1 1 -2 -10 -7
1509 0 0 4 11 15
1510 1 0 -7 15 -16
1511 0 0 15 6 10
1512 0 0 6 -16 15
1513 1 0 -5 13 -16
1514 0 1 15 -16 15
1515 0 1 4 -11 15
1516 1 0 -13 15 -10
1517 1 1 -2 -12 -16
1518 1 0 -16 -8 13
1519 0 1 14 -16 -10
1520 1 1 -16 7 8
1521 1 1 -16 -16 -15
1522 1 0 -16 -16 8
1523 1 0 -10 13 -16
1524 1 1 -14 15 -9
1525 0 0 15 -6 5
1526 0 1 15 15 -11
1527 0 0 12 12 -9
1528 1 1 -6 15 -16
1529 1 0 -16 15 -16
1530 0 0 14 4 -8
1531 0 0 15 -16 15
1532 0 1 3 -16 9
1533 0 1 15 -12 -15
1534 1 1 -16 -7 15
1535 0 0 7 -11 10
1536 0 0 15 -13 15
1537 1 0 -15 -14 15
1538 0 0 15 -7 7
1539 0 1 13 -2 -15
1540 0 1 7 7 -16
1541 0 1 15 -8 15
1542 0 1 12 9 15
1543 1 1 -16 -15 15
1544 0 1 15 -16 -16
1545 0 1 15 15 15
1546 1 0 -15 15 15
1547 0 0 15 5 15
1548 0 0 14 -12 15
1549 0 0 12 -16 10
1550 1 0 -12 8 13
1551 0 0 15 13 15
1552 1 1 -16 1 -16
1553 1 0 -10 -13 15
1554 0 0 15 3 -3
1555 1 1 -15 4 -13
1556 0 0 15 15 14
1557 0 1 13 15 -12
1558 0 0 15 15 -2
1559 1 0 -16 5 15
1560 1 0 -16 -12 -11
1561 0 1 15 -1 -15
1562 1 0 -16 15 15
1563 0 1 13 12 -14
1564 0 1 3 15 14
1565 0 1 3 7 -16
1566 1 1 -16 -7 -9
1567 1 0 -16 -7 -12
1568 1 0 -12 14 -12
1569 1 1 -7 8 -12
1570 0 0 15 -16 -16
1571 0 0 15 9 -3
1572 1 0 -16 -14 15
1573 0 0 15 -7 -16
1574 0 1 12 15 -2
1575 1 1 -4 -2 -16
1576 1 1 -6 -16 -16
1577 0 0 5 -8 13
1578 0 1 13 15 -16
1579 1 0 -16 9 -5
1580 1 0 -16 -2 15
1581 0 1 14 -8 12
1582 0 1 15 15 -15
1583 0 0 15 -13 -2
1584 1 0 -8 -3 11
1585 1 1 -9 -16 15
1586 1 1 -15 -16 -6
1587 1 0 -16 -15 -16
1588 0 1 11 12 -16
1589 0 1 9 13 15
1590 0 0 15 -10 -7
1591 1 1 -16 5 15
1592 0 0 15 -5 -16
1593 1 0 -16 12 -10
1594 1 1 -16 7 14
1595 1 1 -14 15 -16
1596 1 1 -13 -16 -11
1597 0 1 15 -16 15
1598 0 0 7 15 -16
1599 1 1 -12 15 13
1600 1 1 -16 -16 15
1601 1 0 -14 15 -5
1602 0 1 15 15 -16
1603 1 0 -16 -9 12
1604 1 1 5 -12 -13
1605 1 1 -16 15 15
1606 0 0 6 -11 10
1607 1 0 -16 15 15
1608 1 1 -12 5 -16
1609 1 0 -5 7 3
1610 0 0 15 6 -5
1611 1 0 -16 10 11
1612 1 0 -7 13 3
1613 0 0 15 15 -14
1614 1 1 -16 -1 10
1615 1 0 -16 15 -7
1616 0 1 7 15 10
1617 1 1 -16 12 9
1618 0 0 13 -10 -12
1619 1 1 -13 -16 -11
1620 0 1 8 14 -16
1621 0 0 15 9 15
1622 1 0 -16 15 3
1623 0 0 15 -9 -15
1624 0 1 12 15 15
1625 1 1 -16 -12 1
1626 0 0 13 -6 -13
1627 1 0 -16 -11 15
1628 0 0 6 -12 13
1629 1 0 -5 15 -10
1630 1 0 -16 -3 -16
1631 1 1 -10 -16 8
1632 1 0 -16 14 15
1633 1 1 -16 15 -14
1634 1 1 -14 15 -4
1635 1 0 1 -16 -9
1636 1 0 -16 12 -13
1637 1 1 -15 -7 -13
1638 0 1 13 15 15
1639 1 1 -12 15 15
1640 0 1 15 15 15
1641 0 1 9 -16 -14
1642 0 1 11 -16 15
1643 0 0 6 -16 15
1644 0 0 15 15 -2
1645 1 0 -16 12 12
1646 1 1 -8 -12 -16
1647 1 0 -5 15 15
1648 1 1 -14 -16 3
1649 0 0 1 15 0
1650 0 1 11 -13 7
1651 0 0 13 7 -7
1652 0 1 15 6 -16
1653 1 1 -2 4 -11
1654 1 1 -13 15 -16
1655 0 0 15 6 15
1656 0 0 -4 -13 15
1657 1 0 1 15 -16
1658 1 1 -4 15 15
1659 0 1 15 -11 1
1660 1 0 -7 -16 -16
1661 0 1 15 8 -13
1662 1 1 -13 -16 -2
1663 1 1 -16 15 -16
1664 0 1 -2 15 -16
1665 0 0 14 15 6
1666 1 1 -16 -13 -12
1667 1 0 -9 -16 -13
1668 1 1 -16 15 -16
1669 0 0 15 -1 -5
1670 0 1 -2 -16 12
1671 1 0 -16 12 15
1672 1 0 -8 -16 15
1673 1 0 -16 -12 15
1674 1 0 -16 7 2
1675 1 0 -15 15 15
1676 0 0 1 -2 7
1677 0 1 -6 12 -16
1678 0 0 13 3 15
1679 0 1 7 -16 15
1680 1 0 -16 1 8
1681 1 1 -1 15 15
1682 0 0 14 -16 -11
1683 1 1 -16 -16 -4
1684 0 1 15 9 -11
1685 0 1 5 12 -16
1686 1 0 -11 5 -1
1687 1 0 -16 13 2
1688 0 0 15 5 -13
1689 0 0 10 -11 -10
1690 0 0 5 -16 -16
1691 1 0 -9 6 15
1692 0 1 15 2 15
1693 0 0 8 6 15
1694 1 0 -16 -12 -16
1695 1 0 -5 -15 -9
1696 0 1 15 -15 6
1697 1 0 -6 15 6
1698 1 1 -8 -13 -4
1699 0 0 1 11 15
1700 1 1 -16 13 15
1701 1 1 -16 -8 3
1702 0 0 15 -15 -16
1703 1 1 -16 -16 -16
1704 1 0 -7 6 -16
1705 0 1 15 -16 15
1706 1 0 -9 2 15
1707 0 0 4 -16 9
1708 1 0 -3 15 12
1709 0 0 15 -16 8
1710 1 1 -8 15 -2
1711 1 1 -16 15 -14
1712 1 0 -16 15 -16
1713 1 0 -16 -16 -16
1714 1 1 3 13 -15
1715 0 1 15 14 0
1716 1 1 -16 -16 12
1717 0 0 11 7 -16
1718 1 1 -16 15 -11
1719 0 0 9 15 10
1720 0 0 14 -16 13
1721 1 0 -16 15 -10
1722 1 1 -16 15 15
1723 0 0 15 -16 -1
1724 0 0 -1 15 -9
1725 0 0 15 15 -14
1726 0 0 13 -16 6
1727 0 0 15 -16 -4
1728 0 1 15 -16 -16
1729 1 0 -16 -11 15
1730 0 1 15 -16 -8
1731 1 0 -16 11 -15
1732 1 0 -16 -8 10
1733 0 1 15 15 13
1734 1 1 -16 9 -16
1735 1 1 -10 -12 6
1736 1 1 -7 15 -4
1737 0 1 4 15 -7
1738 0 0 15 15 -13
1739 0 0 13 -2 -12
1740 0 0 15 15 6
1741 1 0 -16 -2 -16
1742 0 1 15 7 -16
1743 0 1 15 -16 -16
1744 0 0 15 8 -8
1745 1 0 -11 -16 15
1746 1 1 -16 8 15
1747 1 1 -15 -16 15
1748 1 1 -16 -16 -10
1749 1 0 -16 -2 -6
1750 0 1 10 -16 -16
1751 0 0 15 -12 -10
1752 1 1 -9 15 15
1753 1 1 -16 -11 -16
1754 1 1 -16 -15 -16
1755 1 0 -14 9 -16
1756 0 0 15 2 -16
1757 0 0 15 -16 15
1758 1 0 -14 15 -4
1759 1 1 3 -7 0
1760 0 0 12 14 15
1761 1 1 -16 15 -16
1762 1 0 -11 -16 -14
1763 1 0 -13 15 12
1764 1 0 -16 0 -16
1765 1 1 -16 -16 -15
1766 1 1 -12 15 -16
1767 0 0 14 -16 14
1768 1 0 -10 15 15
1769 0 0 15 -16 -15
1770 0 0 6 -16 -4
1771 0 0 7 -16 1
1772 1 1 -5 -9 -8
1773 1 0 -12 15 -14
1774 1 0 -13 9 -16
1775 0 1 15 -1 -5
1776 1 1 -16 -3 15
1777 1 0 -6 -9 -16
1778 0 1 5 13 15
1779 0 1 12 7 15
1780 1 1 -16 15 15
1781 1 1 -16 15 -5
1782 1 0 -9 -16 -16
1783 0 1 15 -16 -13
1784 0 0 15 15 -4
1785 1 0 -11 3 -16
1786 0 1 5 8 4
1787 1 1 -9 2 15
1788 1 1 -9 10 15
1789 1 0 -16 -16 -16
1790 1 0 -16 5 15
1791 0 1 15 15 -8
1792 1 1 -8 -15 15
1793 0 1 15 15 2
1794 1 0 -9 15 14
1795 0 0 11 15 -9
1796 1 1 -16 15 -12
1797 0 1 10 -16 -16
1798 1 1 -11 -16 -4
1799 0 1 9 15 -14
1800 1 1 -12 -2 -16
1801 0 0 10 -13 0
1802 0 0 15 15 7
1803 0 0 15 -16 2
1804 0 0 6 11 -4
1805 1 1 -13 -5 13
1806 1 1 -16 15 -8
1807 0 0 15 14 15
1808 0 1 14 15 9
1809 1 1 -16 -16 -16
1810 1 0 -16 -16 -16
1811 1 0 -16 15 13
1812 0 0 7 -16 -6
1813 1 0 -9 15 3
1814 0 0 15 -15 8
1815 1 0 -11 15 -16
1816 0 0 6 -16 -16
1817 0 0 2 -16 -15
1818 1 1 -16 -1 -16
1819 1 0 -10 -10 -8
1820 1 0 -10 -16 -12
1821 0 0 10 -12 9
1822 0 0 8 -15 -7
1823 1 0 -11 -16 15
1824 1 1 -8 15 -14
1825 0 1 3 -9 4
1826 0 0 10 -9 15
1827 1 0 6 15 15
1828 0 0 11 15 6
1829 1 0 -12 -15 15
1830 0 1 15 8 -16
1831 1 1 -6 15 -16
1832 1 1 -14 -16 15
1833 0 1 15 -16 15
1834 1 0 -12 -12 -3
1835 0 0 13 -15 1
1836 1 1 -8 11 -10
1837 0 1 15 15 15
1838 0 1 6 7 -3
1839 0 0 15 9 2
1840 0 0 15 15 -16
1841 1 1 -10 -16 -16
1842 0 0 14 15 15
1843 1 1 -14 5 -6
1844 1 0 -16 -11 -16
1845 0 1 15 -9 4
1846 0 0 12 12 -7
1847 0 0 5 0 -1
1848 1 0 -12 -16 15
1849 0 0 7 10 -5
1850 1 0 -6 -16 15
1851 0 1 6 1 -1
1852 1 1 -11 -13 10
1853 0 0 15 -14 5
1854 0 0 12 -5 15
1855 1 1 -16 -13 -16
1856 0 0 15 -8 13
1857 0 1 10 -16 15
1858 0 1 10 15 -12
1859 0 1 4 -14 14
1860 0 1 15 9 -3
1861 0 1 6 15 -16
1862 1 0 -11 10 -16
1863 0 1 15 -7 15
1864 1 0 -16 -12 15
1865 0 1 11 12 -16
1866 0 0 15 5 9
1867 0 0 6 -11 -9
1868 0 1 10 -16 -16
1869 1 1 -16 13 -15
1870 1 0 -9 -12 10
1871 1 0 -7 -13 15
1872 1 1 -13 15 5
1873 0 1 8 -16 15
1874 1 1 -12 15 -16
1875 1 1 -7 15 15
1876 0 0 13 -15 15
1877 0 0 15 8 12
1878 0 1 15 6 -16
1879 0 1 11 -16 -12
1880 1 0 -11 15 -16
1881 1 1 -11 15 15
1882 1 1 -16 15 -1
1883 1 1 -16 -16 -16
1884 1 1 -16 15 15
1885 0 0 15 15 -16
1886 1 1 -16 -13 15
1887 1 0 -16 -8 -16
1888 1 0 -16 15 -13
1889 1 1 -7 10 6
1890 0 1 14 -3 -14
1891 1 1 -16 -13 -14
1892 0 0 15 12 -16
1893 0 0 15 6 -12
1894 0 0 11 -8 15
1895 1 1 -16 12 13
1896 0 1 15 -16 -14
1897 0 0 7 -16 -16
1898 0 0 15 -16 12
1899 0 1 6 15 15
1900 1 0 -16 8 15
1901 1 1 -12 -11 15
1902 1 1 -10 15 5
1903 0 0 15 15 11
1904 0 0 5 3 -5
1905 1 0 -6 -14 -7
1906 0 1 15 4 6
1907 1 0 -14 9 8
1908 1 1 -12 -16 -2
1909 0 0 12 -3 10
1910 0 0 14 9 -16
1911 0 0 -2 -16 15
1912 0 1 12 15 -12
1913 1 1 -6 -16 5
1914 1 1 -12 14 -4
1915 1 1 -14 -9 -16
1916 1 0 -16 -10 -16
1917 1 1 3 2 15
1918 0 0 -2 -5 15
1919 1 0 -16 15 15
1920 0 0 15 -15 15
1921 0 0 14 -16 15
1922 1 0 -16 15 10
1923 1 0 -16 -14 15
1924 0 0 15 10 3
1925 0 1 7 -16 -16
1926 0 0 7 15 15
1927 0 1 10 15 15
1928 1 1 -16 1 -16
1929 0 0 -1 -16 -15
1930 0 0 15 15 14
1931 1 1 -14 -16 3
1932 1 1 -11 9 -16
1933 1 1 -16 -16 15
1934 0 0 10 5 15
1935 1 1 -15 15 -16
1936 0 1 8 15 -16
1937 0 1 15 -9 7
1938 0 0 11 -15 -9
1939 0 1 11 -16 15
1940 0 1 12 0 12
1941 1 0 -11 11 -16
1942 1 0 -12 -8 15
1943 0 0 15 -4 10
1944 1 1 -9 -16 15
1945 1 1 -8 7 15
1946 1 0 -12 15 15
1947 0 1 4 -16 6
1948 1 1 1 -16 15
1949 0 1 15 -1 -13
1950 1 0 -16 -7 -5
1951 0 0 15 -4 3
1952 0 1 6 15 3
1953 1 1 -12 10 -16
1954 0 1 15 15 8
1955 1 1 -9 15 -9
1956 0 1 14 -16 -16
1957 0 1 15 15 13
1958 1 1 0 -16 15
1959 0 0 13 -15 -9
1960 0 0 15 8 8
1961 0 0 15 -16 10
1962 0 0 15 15 -16
1963 0 1 15 15 11
1964 1 1 0 15 10
1965 0 1 15 -11 5
1966 0 0 15 15 10
1967 1 0 0 -16 -16
1968 1 0 -11 15 -16
1969 1 1 -16 -16 13
1970 1 0 -16 -16 15
1971 0 0 14 -15 13
1972 1 1 -13 9 -14
1973 0 0 8 15 15
1974 0 1 15 15 14
1975 1 1 -12 -16 -16
1976 0 0 15 15 -15
1977 1 0 -14 15 7
1978 0 0 15 6 -14
1979 1 0 -16 14 11
1980 0 0 15 -16 10
1981 0 0 13 11 -14
1982 1 0 -6 -15 -9
1983 1 1 -16 15 1
1984 0 0 12 15 8
1985 1 1 -12 -8 -5
1986 1 1 -16 -16 -16
1987 0 1 4 -16 10
1988 0 1 15 -16 15
1989 1 1 -16 -16 4
1990 0 0 15 -16 3
1991 1 0 -16 15 -15
1992 0 0 15 15 -16
1993 1 1 -12 -16 15
1994 0 1 15 15 -15
1995 1 0 -8 15 15
1996 1 0 -16 -16 -8
1997 1 1 -7 15 -14
1998 0 0 11 15 13
1999 0 1 11 6 -15
2000 1 0 -8 -13 -15
2001 1 0 -16 -5 12
2002 1 1 -16 15 15
2003 0 0 8 0 7
2004 0 1 5 -4 10
2005 1 0 -16 0 -8
2006 0 1 15 11 -9
2007 0 0 15 6 12
2008 0 0 14 15 10
2009 0 1 9 15 11
2010 1 1 0 -16 15
2011 1 1 -16 -16 -15
2012 1 0 -16 5 0
2013 1 1 -8 15 -10
2014 1 1 -14 15 15
2015 0 0 12 15 -11
2016 1 0 -11 15 -16
2017 1 0 -15 15 -12
2018 1 0 -16 -12 15
2019 0 0 7 -11 -13
2020 1 1 -16 -16 -16
2021 1 0 -16 7 15
2022 1 1 -1 13 -16
2023 0 1 6 -8 12
2024 1 1 5 -6 -3
2025 1 0 0 -10 11
2026 1 0 -16 -16 -12
2027 1 0 -13 -16 15
2028 0 0 15 12 5
2029 1 0 -8 -16 -16
2030 0 0 15 -11 -13
2031 0 1 11 15 15
2032 1 1 -14 10 -16
2033 0 0 6 15 15
2034 1 0 -16 15 -16
2035 1 1 -16 15 -16
2036 1 1 -14 -16 -16
2037 1 1 -16 15 -5
2038 1 1 -16 -16 -13
2039 1 1 -16 -16 -16
2040 0 0 4 -14 14
2041 1 0 -16 15 15
2042 1 0 -16 -1 -16
2043 1 0 -16 -16 -5
2044 0 1 15 -16 15
2045 0 1 15 -15 -14
2046 0 0 8 15 7
2047 0 1 15 -15 13
2048 1 1 -4 -15 -16
2049 0 0 10 15 -5
2050 0 1 15 15 -16
2051 1 1 -11 4 15
2052 0 0 13 -8 -16
2053 1 1 -13 -10 5
2054 0 0 10 15 -10
2055 0 0 14 15 -16
2056 0 0 3 -16 -13
2057 0 1 7 -16 -8
2058 0 0 15 -12 -16
2059 0 0 10 15 -14
2060 0 0 15 -10 11
2061 0 1 10 15 -1
2062 0 0 15 15 11
2063 1 1 -16 14 3
2064 1 0 -10 7 -14
2065 1 1 -16 -16 -16
2066 1 0 -13 15 14
2067 0 0 12 15 -3
2068 1 1 -16 -12 13
2069 1 1 -3 -16 15
2070 1 0 -16 3 15
2071 1 0 -7 6 -16
2072 0 0 11 -9 -4
2073 1 0 -16 9 -16
2074 1 0 -10 -14 10
2075 1 0 -14 -16 -9
2076 0 1 14 6 -16
2077 0 1 15 15 -3
2078 0 1 15 -1 -15
2079 0 0 4 -16 7
2080 0 1 11 -13 3
2081 1 1 -10 -14 15
2082 1 1 -1 11 -16
2083 0 0 8 -16 13
2084 1 0 -2 15 -16
2085 0 1 15 -11 -11
2086 1 0 -16 11 15
2087 1 1 9 14 -16
2088 0 0 2 -16 -16
2089 1 0 -4 -11 9
2090 0 1 13 6 15
2091 0 1 15 11 -16
2092 0 1 13 -7 15
2093 1 1 -14 15 -6
2094 0 1 8 -16 -16
2095 1 1 -16 15 15
2096 1 1 -10 11 15
2097 0 0 15 -16 -2
2098 1 0 -16 -9 15
2099 1 1 -16 -16 -16
2100 0 0 10 2 -16
2101 0 0 15 15 15
2102 1 0 -16 15 -5
2103 1 1 3 10 -5
2104 1 1 -16 1 -16
2105 1 0 -16 9 12
2106 0 1 15 1 -16
2107 0 0 12 15 -4
2108 1 1 -7 -11 -11
2109 0 0 15 7 -12
2110 1 1 -16 15 15
2111 1 1 -16 -16 -2
2112 0 1 15 -16 -5
2113 0 1 15 6 15
2114 1 0 -16 11 -16
2115 0 1 15 7 15
2116 0 1 15 -16 15
2117 1 1 10 11 13
2118 0 1 15 -9 -16
2119 0 0 15 -7 -16
2120 0 0 13 -15 15
2121 0 1 12 0 2
2122 0 0 10 -16 2
2123 1 1 -16 -16 13
2124 1 0 -16 -15 -16
2125 1 1 -6 -16 -9
2126 1 0 -10 -9 9
2127 1 0 -15 -5 11
2128 0 1 15 14 15
2129 1 0 -12 -10 -8
2130 1 0 -16 0 13
2131 0 1 4 6 -10
2132 0 1 10 12 15
2133 0 1 9 15 -3
2134 0 1 15 15 -13
2135 0 1 -2 6 11
2136 0 1 7 15 15
2137 1 0 -15 -9 -16
2138 1 0 -10 -5 12
2139 1 1 -5 8 -6
2140 0 1 11 -14 15
2141 1 1 -16 10 -11
2142 0 1 15 0 -14
2143 0 0 12 -4 3
2144 1 1 -16 15 2
2145 0 0 10 15 15
2146 0 0 15 11 15
2147 0 1 7 14 -16
2148 1 1 -16 -11 -8
2149 1 1 -9 -11 4
2150 0 1 15 -16 15
2151 0 1 8 -6 14
2152 0 0 15 15 4
2153 1 1 -16 15 11
2154 1 1 -3 -16 14
2155 0 1 10 -4 -14
2156 0 0 15 14 -15
2157 0 1 10 -16 -16
2158 0 1 15 15 11
2159 0 0 15 15 -16
2160 0 1 15 -1 15
2161 0 1 12 -8 5
2162 0 0 15 -10 -15
2163 0 0 -15 15 15
2164 0 0 15 -10 15
2165 1 0 -16 -6 -14
2166 0 1 15 15 12
2167 0 1 15 15 10
2168 1 0 -16 9 -15
2169 0 1 15 -15 -1
2170 0 1 15 15 -16
2171 1 1 -8 -4 -16
2172 0 1 15 -8 -13
2173 0 0 6 10 5
2174 0 0 11 -16 15
2175 0 1 2 6 15
2176 1 1 -16 -13 -1
2177 1 1 -16 15 -16
2178 0 0 8 13 -16
2179 1 0 -11 -16 6
2180 0 0 7 10 -10
2181 1 1 -9 12 -16
2182 0 0 6 3 15
2183 1 1 -11 15 -13
2184 1 0 -16 15 -14
2185 0 0 4 15 15
2186 0 1 6 -16 15
2187 1 0 -16 15 4
2188 0 0 13 -9 -16
2189 1 0 -16 7 -16
2190 1 0 -16 15 -6
2191 0 1 15 -9 -14
2192 1 1 -3 -14 15
2193 0 0 15 15 -11
2194 1 1 -16 -12 15
2195 0 1 15 2 11
2196 1 0 -16 -15 -16
2197 0 0 15 -16 1
2198 0 0 15 -14 15
2199 0 0 15 15 -16
2200 1 0 -10 5 -16
2201 1 0 -13 -11 -7
2202 0 0 3 -16 15
2203 1 1 -12 -3 15
2204 1 1 -11 15 -16
2205 1 0 -5 15 -16
2206 0 0 14 -14 15
2207 0 0 9 15 -6
2208 1 0 -9 -16 13
2209 1 1 -13 8 -16
2210 1 1 -14 -13 15
2211 1 1 -11 -9 -16
2212 1 0 -6 13 9
2213 1 1 -16 14 15
2214 1 1 -16 15 -16
2215 0 1 11 15 15
2216 0 0 15 -6 8
2217 1 0 -16 13 7
2218 1 1 -12 12 -12
2219 1 1 -16 14 -5
2220 1 1 -16 -5 15
2221 1 0 -16 11 -9
2222 0 0 13 4 0
2223 0 0 15 9 -16
2224 0 0 12 15 12
2225 1 0 -14 -8 -16
2226 0 0 15 2 15
2227 0 1 15 -16 -15
2228 0 1 15 7 15
2229 1 1 -9 -16 0
2230 1 0 -14 14 15
2231 0 1 9 12 15
2232 1 1 -15 -8 -9
2233 1 0 -16 -16 -16
2234 1 0 -9 12 15
2235 0 1 15 -1 15
2236 1 0 -10 14 5
2237 1 1 -7 5 15
2238 1 0 -13 15 -16
2239 1 0 -16 -16 -4
2240 1 1 -7 8 -9
2241 1 1 -15 -16 15
2242 0 1 13 15 -16
2243 0 0 15 -12 15
2244 1 1 -12 -12 15
2245 0 1 15 11 -16
2246 1 1 -16 -16 5
2247 0 1 15 -16 -13
2248 0 1 14 15 -5
2249 0 0 15 -15 -8
2250 0 0 10 15 -16
2251 1 0 -8 -2 8
2252 0 0 -4 -16 -14
2253 0 1 -2 15 -16
2254 1 0 -16 15 15
2255 0 0 15 11 15
2256 0 0 6 -16 -16
2257 0 0 7 -16 -11
2258 1 0 -16 8 -7
2259 1 0 -16 -15 15
2260 1 0 -15 -16 -16
2261 0 1 15 -16 -16
2262 0 0 15 -15 5
2263 0 1 15 15 -13
2264 1 0 -2 14 -7
2265 1 0 -16 -16 15
2266 1 0 -16 10 -16
2267 1 1 -15 -8 -16
2268 1 1 -4 -16 -5
2269 1 1 -16 15 2
2270 1 0 -16 15 11
2271 0 1 12 -16 -5
2272 1 0 1 -16 -16
2273 0 1 15 12 -11
2274 1 0 -12 0 -12
2275 0 1 6 -12 15
2276 0 1 2 7 -3
2277 0 0 15 -16 9
2278 0 0 15 -4 -9
2279 1 0 -3 -9 15
2280 1 0 -16 15 15
2281 1 0 -16 -9 -13
2282 1 0 8 -16 -2
2283 1 0 -16 14 -16
2284 1 0 -4 3 13
2285 1 1 -15 15 12
2286 1 1 -8 -16 -6
2287 1 1 -16 15 15
2288 0 0 15 6 15
2289 0 0 15 15 7
2290 0 0 15 15 9
2291 0 1 7 15 -16
2292 0 1 15 15 -16
2293 1 1 -16 -9 7
2294 0 0 9 5 -15
2295 1 0 -6 15 -10
2296 0 1 7 15 6
2297 1 1 -15 15 -12
2298 1 1 2 15 -15
2299 0 0 11 12 -16
2300 1 1 -16 15 12
2301 1 1 -16 11 -15
2302 1 0 -16 -12 15
2303 1 0 -16 15 -16
2304 0 0 5 5 15
2305 0 1 7 9 -16
2306 1 0 -6 -16 -5
2307 1 1 -16 -16 -11
2308 0 0 15 -16 -8
2309 0 0 15 -16 -6
2310 0 1 15 10 -8
2311 0 1 7 -14 8
2312 1 0 -16 2 -16
2313 0 1 15 9 15
2314 1 0 -8 -13 -16
2315 1 1 3 10 15
2316 1 1 -16 -16 15
2317 0 0 1 15 -11
2318 1 1 -16 14 -14
2319 1 0 -16 -16 -4
2320 1 1 -11 15 -16
2321 1 1 -16 -16 15
2322 1 1 -5 -11 -16
2323 1 0 -8 15 15
2324 1 1 -16 2 15
2325 0 1 9 -16 -16
2326 1 1 -16 -16 14
2327 0 0 15 15 12
2328 0 1 10 14 -14
2329 1 0 -8 15 15
2330 1 1 -4 15 12
2331 1 1 1 -9 -11
2332 1 1 -16 4 14
2333 1 1 -5 -2 -3
2334 1 1 -4 -16 -13
2335 1 1 -16 11 14
2336 0 1 15 -16 13
2337 1 1 -5 0 15
2338 0 0 15 -16 15
2339 0 1 15 -16 15
2340 0 0 15 -10 -16
2341 0 0 15 6 15
2342 0 1 3 -16 -12
2343 0 0 13 7 -15
2344 0 0 15 12 15
2345 1 1 -16 5 0
2346 0 0 11 -5 15
2347 0 1 15 15 15
2348 0 0 15 15 -16
2349 1 0 -16 15 11
2350 1 1 -8 14 5
2351 1 1 -16 -16 15
2352 1 0 -16 7 15
2353 1 1 -16 -16 -16
2354 1 1 -16 -11 -16
2355 0 1 12 -16 10
2356 0 1 -5 -16 15
2357 1 1 -16 -4 6
2358 1 1 -6 15 -14
2359 1 0 -11 12 -7
2360 1 1 -11 13 -12
2361 1 0 -9 -8 -8
2362 1 0 -16 15 -13
2363 1 1 -14 -7 -6
2364 1 1 0 -4 15
2365 0 1 15 -5 15
2366 1 1 -14 9 15
2367 1 1 -16 -4 -13
2368 1 0 -14 -16 -16
2369 0 0 15 -16 15
2370 0 1 14 -7 15
2371 1 0 -16 -16 15
2372 0 0 12 -6 -16
2373 1 0 -16 13 -16
2374 0 0 12 14 -13
2375 1 1 -16 -16 -16
2376 0 0 15 8 -12
2377 0 0 12 -16 -9
2378 1 1 -16 -2 -6
2379 0 0 14 15 -9
2380 1 1 -16 -9 15
2381 1 0 -7 15 15
2382 1 0 -10 -11 14
2383 0 0 15 15 15
2384 1 0 -12 -4 15
2385 0 1 15 15 -16
2386 1 0 -16 15 6
2387 1 1 -15 15 15
2388 1 0 -15 -16 15
2389 1 0 -16 11 -16
2390 0 1 14 9 15
2391 1 1 -13 -14 7
2392 0 1 15 5 15
2393 1 1 -7 15 -16
2394 0 0 15 10 -14
2395 1 0 -13 15 15
2396 0 0 14 -15 -8
2397 1 0 -12 3 7
2398 1 0 -10 -4 10
2399 1 1 -16 -14 7
2400 1 0 -6 -16 -16
2401 0 1 15 15 -2
2402 0 1 15 10 -16
2403 1 1 -16 12 -9
2404 0 1 15 -14 -8
2405 0 0 8 14 15
2406 1 0 -16 -9 15
2407 1 1 -16 15 15
2408 0 1 15 3 2
2409 0 1 15 11 -16
2410 0 1 12 3 13
2411 1 0 -3 -15 -3
2412 1 1 -11 -5 -15
2413 1 1 -16 15 -10
2414 0 1 15 -16 3
2415 1 1 -7 15 15
2416 1 0 -15 15 -16
2417 1 1 -4 12 -16
2418 0 0 15 15 5
2419 0 1 13 -11 -16
2420 0 1 14 -11 15
2421 0 1 15 -16 -16
2422 0 0 15 15 15
2423 0 0 15 -16 -16
2424 1 0 -3 -2 15
2425 1 1 -16 -10 -11
2426 0 0 13 12 -13
2427 0 1 3 11 -6
2428 1 1 -2 15 14
2429 0 1 15 -16 15
2430 1 1 -12 -16 1
2431 1 1 -16 -16 -16
2432 1 1 -16 -11 15
2433 0 1 15 15 -2
2434 1 1 -16 -6 -16
2435 1 1 -15 10 8
2436 0 1 13 15 15
2437 0 0 9 15 -16
2438 1 1 -10 -7 -14
2439 1 0 -16 -16 2
2440 0 0 15 -7 13
2441 1 1 -10 5 15
2442 0 1 15 15 14
2443 0 1 15 12 -14
2444 1 0 -15 -14 -12
2445 0 0 15 12 6
2446 1 1 -8 15 15
2447 1 1 -16 -12 -16
2448 0 0 11 -16 -7
2449 1 1 -16 -11 -16
2450 0 1 15 -15 15
2451 1 0 -16 15 5
2452 1 0 -16 -14 -5
2453 1 0 -14 -10 -15
2454 0 0 15 -11 6
2455 0 1 15 -16 7
2456 1 0 -6 -14 5
2457 1 1 -16 15 15
2458 1 1 -14 7 15
2459 1 0 -16 10 15
2460 0 0 -7 6 -13
2461 1 1 -14 9 12
2462 0 0 13 -9 -13
2463 1 1 -9 -16 12
2464 1 1 -16 -11 15
2465 0 0 15 3 -16
2466 1 1 -9 0 0
2467 1 0 -2 15 10
2468 1 1 -16 -8 -15
2469 0 0 15 4 -16
2470 1 0 -16 9 15
2471 0 1 6 11 5
2472 1 1 -16 11 -16
2473 0 0 1 -16 -16
2474 0 1 11 15 -10
2475 0 0 0 14 -14
2476 0 1 3 -3 3
2477 1 1 -16 15 -16
2478 0 0 11 -16 11
2479 1 1 -16 14 1
2480 0 0 13 -7 15
2481 0 1 0 -16 15
2482 1 0 -14 15 -16
2483 1 0 -16 -16 15
2484 0 1 13 8 -11
2485 1 0 -13 15 -15
2486 1 0 -13 -16 4
2487 0 0 15 -16 -14
2488 1 0 -10 -16 11
2489 1 1 -16 11 -7
2490 1 0 -12 10 -8
2491 0 0 15 -16 7
2492 0 0 11 8 -13
2493 0 0 8 14 15
2494 1 1 -16 14 -11
2495 1 0 -5 9 -12
2496 0 0 10 14 9
2497 1 1 -16 10 13
2498 1 0 -11 15 3
2499 1 0 -16 -16 -15
2500 1 1 -16 13 15
2501 0 0 15 6 -9
2502 1 0 -13 -16 -16
2503 0 1 15 15 15
2504 1 0 -8 15 7
2505 0 0 12 7 14
2506 0 0 15 -15 1
2507 0 1 15 -14 -16
2508 1 0 -14 13 5
2509 1 0 -8 -1 -13
2510 1 1 -9 -10 -9
2511 1 0 -16 15 6
2512 0 1 9 -13 -16
2513 0 1 15 3 15
2514 0 1 7 -5 -16
2515 0 0 10 5 5
2516 0 1 15 -16 13
2517 0 0 14 10 15
2518 1 0 -11 -4 -12
2519 0 1 13 -6 15
2520 1 1 -16 -6 14
2521 1 1 -16 11 15
2522 1 1 -7 15 -9
2523 1 1 -16 12 -1
2524 1 0 -16 -16 15
2525 1 0 -12 12 15
2526 0 0 15 13 7
2527 1 1 -16 -14 -16
2528 1 1 -9 -6 -15
2529 0 1 15 -15 15
2530 1 0 -9 15 -11
2531 0 0 -3 14 -13
2532 1 1 -16 2 5
2533 1 0 0 -13 -2
2534 1 1 -1 15 -9
2535 0 0 15 -16 15
2536 1 0 -16 15 -14
2537 1 0 -9 15 15
2538 1 0 -11 4 15
2539 0 1 15 15 3
2540 1 1 -16 11 11
2541 1 0 -16 13 15
2542 0 1 10 15 7
2543 1 1 -16 15 15
2544 0 0 10 -16 10
2545 0 1 15 15 15
2546 1 1 -13 -16 9
2547 0 1 9 -11 -16
2548 0 0 9 5 -10
2549 0 1 15 -16 -16
2550 0 1 15 12 -5
2551 1 0 -15 -13 -11
2552 0 1 12 -8 15
2553 1 0 -15 -16 -16
2554 1 0 -16 15 -16
2555 1 1 -9 15 11
2556 1 1 -9 15 -12
2557 0 1 1 15 -16
2558 1 1 -16 12 15
2559 1 1 -15 12 15
2560 0 0 9 15 -16
2561 1 1 -14 12 1
2562 0 0 10 -6 15
2563 1 0 -16 -14 15
2564 0 1 12 15 8
2565 0 1 15 15 14
2566 1 1 -5 15 -16
2567 0 1 15 -13 15
2568 1 0 -7 -5 15
2569 1 1 -13 -2 -6
2570 1 1 -8 -16 -16
2571 0 0 15 15 -12
2572 1 0 -16 -16 -13
2573 0 1 15 -14 -10
2574 1 0 -4 -7 -11
2575 0 1 15 -8 7
2576 1 1 -16 15 -3
2577 0 1 15 3 -14
2578 1 1 -11 -13 15
2579 0 0 7 15 -15
2580 0 1 15 -14 15
2581 1 1 -16 -16 7
2582 0 1 14 15 9
2583 1 0 -16 -16 11
2584 0 0 15 -15 -13
2585 0 1 10 15 15
2586 1 1 -2 15 11
2587 1 0 -16 -16 -5
2588 0 0 9 -16 5
2589 1 0 -13 -13 7
2590 1 0 -10 10 -15
2591 1 1 6 15 9
2592 0 1 14 -13 13
2593 1 1 -16 -8 15
2594 1 0 -3 -10 3
2595 1 1 -16 -6 15
2596 0 0 15 7 -8
2597 1 0 -16 -16 7
2598 1 0 -16 9 15
2599 0 1 15 15 15
2600 0 1 15 15 9
2601 0 1 12 15 -16
2602 0 1 8 15 7
2603 1 0 -11 -8 15
2604 1 0 -15 -11 15
2605 1 0 -15 15 1
2606 1 1 -16 15 -7
2607 0 1 15 7 -10
2608 1 1 -9 -16 15
2609 0 0 15 15 -16
2610 1 0 -8 -16 6
2611 1 0 -13 15 -16
2612 1 0 -2 -3 15
2613 0 1 15 -1 13
2614 0 1 15 -14 -16
2615 1 0 -16 -9 -16
2616 1 1 -16 -13 -3
2617 0 1 3 13 12
2618 0 0 9 9 -16
2619 1 1 -6 7 13
2620 0 0 15 -16 -14
2621 0 0 10 15 -16
2622 1 1 -16 -13 15
2623 0 0 6 -16 14
2624 1 0 -8 -8 15
2625 0 1 -1 -16 -9
2626 0 0 11 -5 13
2627 0 0 -2 15 -16
2628 1 1 -8 3 -16
2629 0 1 15 15 2
2630 1 1 -16 15 -7
2631 1 1 -12 15 -12
2632 0 1 15 15 -8
2633 1 0 -16 15 15
2634 0 1 -4 -16 -7
2635 1 1 -16 12 13
2636 1 1 -13 -16 3
2637 0 0 13 15 10
2638 1 1 -9 -16 5
2639 1 1 -16 15 -13
2640 0 0 15 0 -14
2641 1 0 -16 -3 6
2642 0 0 15 6 -16
2643 1 0 -9 15 8
2644 1 1 -8 -15 -1
2645 0 1 15 -9 12
2646 0 1 15 15 1
2647 0 0 7 -16 15
2648 0 0 15 15 -14
2649 1 1 -2 -16 -16
2650 0 1 15 -14 -8
2651 0 1 10 15 -5
2652 1 1 -11 15 -9
2653 0 0 15 6 5
2654 1 1 -16 7 1
2655 1 0 -9 14 -8
2656 0 0 15 7 12
2657 0 0 11 -14 -15
2658 0 0 5 -16 15
2659 0 0 7 -11 12
2660 0 0 13 15 -16
2661 1 1 -14 11 15
2662 1 1 -16 -16 15
2663 0 0 13 -16 -10
2664 0 1 10 4 -10
2665 0 1 15 -12 -5
2666 1 0 -16 -16 15
2667 1 0 -15 12 15
2668 0 1 6 15 15
2669 0 1 3 15 15
2670 0 0 15 -2 15
2671 1 1 -16 15 1
2672 1 1 -16 15 12
2673 0 0 15 -16 -2
2674 1 1 -15 -7 15
2675 1 1 -11 -9 14
2676 1 0 -13 -15 10
2677 0 0 0 8 -11
2678 1 1 -14 -16 15
2679 0 1 15 -3 8
2680 0 0 13 15 -16
2681 0 0 6 -9 15
2682 1 1 -16 -16 -4
2683 0 1 15 15 13
2684 1 0 -16 -12 9
2685 1 0 -16 15 15
2686 0 0 6 13 15
2687 0 1 8 15 -4
2688 1 1 -13 -16 -5
2689 1 0 -15 -4 -3
2690 0 1 15 -11 2
2691 1 1 -15 15 -11
2692 1 0 -12 -8 15
2693 1 1 -14 -16 13
2694 1 0 -14 10 4
2695 0 0 -7 -7 -16
2696 1 0 -14 15 -16
2697 1 0 -16 15 -12
2698 1 0 -6 10 15
2699 1 1 1 -9 11
2700 0 0 9 -8 1
2701 0 1 -2 11 15
2702 1 0 -12 15 -16
2703 1 0 2 -16 -12
2704 0 0 6 -10 15
2705 0 0 15 14 -13
2706 1 1 -9 0 8
2707 1 0 -12 -16 -16
2708 1 0 -7 10 -16
2709 0 1 -4 15 14
2710 1 0 -16 -16 15
2711 0 1 1 15 -1
2712 1 1 -12 15 -16
2713 1 0 -16 -16 -16
2714 1 1 -16 9 15
2715 1 0 -13 -14 15
2716 0 0 15 0 10
2717 1 0 -13 15 15
2718 0 0 15 2 15
2719 1 0 -16 15 15
2720 0 1 10 -16 -16
2721 1 0 -8 -16 14
2722 1 1 -7 -16 12
2723 1 1 -16 -10 -16
2724 1 1 -16 -16 15
2725 0 0 15 13 12
2726 0 1 11 5 -16
2727 0 1 9 1 -9
2728 0 1 15 -16 15
2729 0 1 15 -16 10
2730 0 1 15 14 15
2731 1 1 -11 15 -9
2732 0 0 13 15 -12
2733 1 1 -16 15 -16
2734 1 1 -15 1 2
2735 1 0 -16 -15 -11
2736 1 0 -10 5 -7
2737 1 1 -16 -16 15
2738 1 0 -16 -14 11
2739 1 1 2 15 -11
2740 1 1 -16 10 -7
2741 0 1 13 -6 12
2742 0 0 15 15 -16
2743 0 1 15 7 8
2744 0 0 1 -16 -16
2745 0 1 15 -15 9
2746 0 0 15 -13 -16
2747 1 1 -16 -5 15
2748 0 1 15 -16 15
2749 1 0 -16 15 -15
2750 0 1 15 15 -15
2751 1 1 -7 -16 -13
2752 1 1 -13 -15 -16
2753 0 0 15 -9 11
2754 1 0 -8 10 14
2755 0 0 2 15 -13
2756 1 1 -6 -12 15
2757 1 0 -16 -16 -16
2758 0 1 15 -16 15
2759 0 1 10 2 15
2760 1 1 -14 -14 15
2761 0 0 15 -16 15
2762 1 0 -11 14 -11
2763 1 1 -5 -4 15
2764 1 0 -16 -14 -15
2765 1 0 -16 15 -16
2766 1 1 -16 14 4
2767 1 0 -16 15 15
2768 0 1 10 15 -15
2769 0 0 11 -3 14
2770 0 1 9 -16 15
2771 1 0 -16 -8 9
2772 1 1 -8 -10 14
2773 0 1 15 3 9
2774 1 0 -10 4 15
2775 1 1 -16 -7 15
2776 1 1 -16 15 2
2777 0 0 15 10 6
2778 1 0 -15 -8 -16
2779 1 0 -14 -12 -3
2780 0 1 13 -9 15
2781 0 1 13 0 1
2782 1 0 -11 -10 15
2783 1 1 -2 10 15
2784 0 1 15 -10 -16
2785 1 0 -3 7 -16
2786 0 1 9 -10 -16
2787 1 1 -13 10 15
2788 1 0 -16 13 -4
2789 0 1 -9 -16 15
2790 0 1 15 2 15
2791 0 0 15 10 -9
2792 1 0 -14 12 15
2793 1 0 -16 6 15
2794 0 0 15 15 -10
2795 1 0 -11 6 -16
2796 0 1 15 -11 13
2797 1 0 -16 -10 11
2798 0 1 15 15 -16
2799 0 1 12 4 -16
2800 0 0 9 -1 -1
2801 0 0 15 -16 -16
2802 0 0 14 -16 7
2803 0 1 15 8 15
2804 0 0 8 -16 13
2805 1 1 -14 -9 3
2806 0 1 15 15 15
2807 0 0 15 8 0
2808 0 0 15 -16 -11
2809 0 1 14 3 15
2810 0 0 15 -8 -16
2811 0 0 0 11 -12
2812 0 1 15 -13 15
2813 0 1 8 15 -13
2814 1 0 -16 -16 15
2815 1 0 -15 11 -9
2816 1 1 -16 -11 -16
2817 1 0 -16 -6 15
2818 1 0 -16 7 15
2819 0 1 7 -16 14
2820 0 0 14 -4 -16
2821 0 1 7 -16 -13
2822 0 0 13 9 15
2823 1 1 -16 6 -9
2824 0 0 -1 5 -1
2825 1 1 -4 0 -9
2826 1 1 -15 15 10
2827 0 1 15 15 9
2828 1 1 -15 15 15
2829 1 0 -16 15 15
2830 0 1 15 15 6
2831 1 0 -16 5 -13
2832 1 0 -6 3 15
2833 1 0 4 -16 15
2834 0 0 15 -16 -16
2835 0 0 15 15 -14
2836 1 1 -16 15 8
2837 0 0 -3 6 15
2838 0 1 15 -15 -3
2839 0 0 9 -12 12
2840 1 0 -12 7 -16
2841 0 1 9 15 -10
2842 0 0 5 9 15
2843 1 1 -13 -13 -14
2844 0 1 15 7 6
2845 1 0 -16 15 14
2846 1 0 -12 -9 4
2847 0 1 4 -13 -16
2848 0 1 6 12 -11
2849 0 1 15 -16 0
2850 1 0 -16 -13 -10
2851 1 0 -16 -13 -16
2852 1 1 -2 -15 14
2853 1 1 3 -4 -12
2854 1 1 -12 -8 -14
2855 0 1 13 15 15
2856 0 1 15 4 14
2857 0 0 10 -12 -10
2858 1 1 -11 15 -16
2859 0 0 15 -14 2
2860 1 1 -16 14 -15
2861 0 0 13 -5 -16
2862 0 0 12 -16 15
2863 1 1 -16 -6 13
2864 0 0 10 11 11
2865 0 0 1 11 -16
2866 0 1 11 3 9
2867 0 1 15 14 15
2868 1 1 -6 -14 15
2869 1 0 -16 -16 13
2870 0 0 4 -12 -7
2871 1 0 -12 13 -16
2872 0 1 12 9 15
2873 1 1 -16 -16 -10
2874 0 1 14 15 -5
2875 0 0 9 -5 -16
2876 0 1 15 -3 15
2877 1 0 -6 -10 0
2878 1 0 -10 12 11
2879 1 1 -16 -16 -7
2880 0 0 14 6 15
2881 0 1 -2 -13 5
2882 0 0 15 15 15
2883 0 0 13 10 -16
2884 1 0 -14 15 -15
2885 0 0 15 -12 -16
2886 0 1 13 15 -16
2887 1 0 -16 -16 -16
2888 0 1 13 -16 7
2889 0 1 3 8 -16
2890 1 0 -16 15 14
2891 1 0 -15 -16 -16
2892 1 0 -16 15 15
2893 1 0 -11 -14 15
2894 1 0 -9 -6 -10
2895 0 1 15 -15 5
2896 1 1 -16 15 11
2897 0 1 15 15 -5
2898 1 1 -16 -16 -5
2899 1 1 -16 -9 1
2900 0 1 14 -15 -8
2901 0 1 12 -15 -8
2902 0 1 9 15 15
2903 1 1 -16 15 13
2904 0 0 15 15 -16
2905 1 0 -9 14 3
2906 0 0 15 -14 6
2907 0 1 15 15 15
2908 0 1 15 14 12
2909 0 1 15 -11 -14
2910 0 0 15 -15 -7
2911 1 1 -14 15 -16
2912 0 0 14 15 -16
2913 0 1 6 12 15
2914 1 1 -12 -6 -16
2915 1 0 -16 -16 5
2916 1 0 -16 15 -16
2917 0 1 15 -4 -16
2918 0 1 12 -16 -11
2919 1 0 -16 15 4
2920 1 0 -13 -14 15
2921 0 1 9 11 8
2922 0 1 3 -16 15
2923 1 0 -16 -10 -5
2924 1 0 -16 -2 -14
2925 1 1 -13 -15 2
2926 0 0 15 15 -7
2927 1 0 -14 -9 -16
2928 0 1 2 -15 14
2929 0 0 10 15 7
2930 0 0 9 -15 15
2931 1 1 -16 -16 -3
2932 0 1 4 2 -16
2933 1 0 -11 -11 -6
2934 1 0 -2 4 -9
2935 0 0 3 4 15
2936 1 1 -15 -16 15
2937 0 0 15 15 10
2938 0 0 15 -12 -4
2939 0 1 15 13 12
2940 0 1 9 5 8
2941 0 1 15 -16 2
2942 1 0 -12 13 15
2943 1 0 -16 9 -16
2944 1 1 -16 15 15
2945 0 1 15 15 15
2946 0 1 13 -12 15
2947 0 1 5 -9 -16
2948 1 1 -15 15 12
2949 1 1 -8 -16 -9
2950 1 0 -16 -10 7
2951 0 0 8 -5 -16
2952 0 1 15 -16 -15
2953 0 1 12 15 -13
2954 0 1 15 -14 -6
2955 0 0 7 15 6
2956 1 0 -16 -16 15
2957 1 1 -13 10 8
2958 0 1 3 9 11
2959 0 0 -4 8 15
2960 1 0 -5 -15 -16
2961 0 1 13 15 13
2962 0 0 11 -5 -15
2963 1 0 -14 -16 -16
2964 0 1 7 15 4
2965 0 1 15 11 -7
2966 1 0 -16 15 15
2967 1 0 -16 -5 -16
2968 0 0 12 10 -2
2969 1 1 -7 3 -14
2970 0 0 15 -13 -15
2971 1 0 -10 -16 7
2972 0 1 10 5 11
2973 0 1 15 12 2
2974 0 1 15 -4 12
2975 1 0 -13 14 15
2976 0 0 11 -15 8
2977 0 1 14 -16 -15
2978 0 0 15 -7 15
2979 0 0 15 10 -1
2980 1 0 -16 15 15
2981 1 0 -3 -16 11
2982 1 1 -15 9 15
2983 0 0 8 -3 -16
2984 0 1 10 15 -10
2985 1 0 -11 -16 15
2986 0 0 15 15 15
2987 0 1 15 -12 12
2988 0 1 15 15 15
2989 0 0 15 15 15
2990 0 0 12 -16 -5
2991 1 1 -16 10 15
2992 1 1 -16 15 14
2993 1 0 -16 15 -9
2994 0 1 15 15 -11
2995 0 0 15 -16 10
2996 0 0 15 -16 9
2997 1 1 1 15 12
2998 0 1 3 15 15
2999 1 1 -11 -16 -6
3000 0 1 11 15 15
3001 1 0 -16 10 15
3002 0 1 15 15 -16
3003 0 1 1 -9 -16
3004 0 1 4 2 15
3005 0 1 7 -16 -3
3006 0 1 6 15 10
3007 1 1 -16 15 -16
3008 0 0 15 15 -16
3009 1 0 -16 15 15
3010 1 0 -11 11 -16
3011 0 0 15 15 1
3012 1 1 -16 15 -3
3013 1 1 -14 15 13
3014 1 0 -16 -16 15
3015 0 1 15 -16 -13
3016 1 1 -13 -13 -16
3017 0 1 15 -16 7
3018 0 1 15 -12 -3
3019 0 0 15 15 -12
3020 1 0 -11 10 15
3021 1 1 -16 -2 -14
3022 0 1 15 -14 15
3023 0 1 8 15 11
3024 1 0 -16 15 13
3025 1 0 -16 -11 -16
3026 0 1 15 -2 -16
3027 1 0 -16 -16 15
3028 1 0 -12 15 15
3029 1 1 -16 8 15
3030 0 0 15 -7 -16
3031 1 0 -16 -14 15
3032 1 0 -14 -6 15
3033 0 1 15 10 0
3034 0 1 8 15 15
3035 0 0 10 -16 15
3036 0 1 15 -15 15
3037 0 0 15 -16 0
3038 0 0 12 15 15
3039 1 1 -16 15 -16
3040 0 1 4 13 15
3041 1 0 -16 8 8
3042 1 1 -16 11 -16
3043 0 1 14 15 -16
3044 0 1 15 -16 1
3045 0 1 8 -16 13
3046 0 1 2 -16 7
3047 1 0 -7 -13 15
3048 1 0 -16 9 -4
3049 1 0 -16 15 -16
3050 1 1 -13 15 7
3051 0 0 15 15 8
3052 1 0 -14 15 15
3053 0 1 15 -16 -10
3054 1 1 -16 5 -10
3055 0 0 15 15 -15
3056 1 0 -15 -16 -7
3057 0 1 13 -13 -16
3058 0 0 -1 15 -16
3059 0 0 15 -16 -15
3060 0 1 4 15 -9
3061 0 1 14 8 15
3062 0 0 15 -16 -16
3063 1 0 -16 15 -16
3064 0 0 7 -16 -15
3065 1 0 -11 15 15
3066 1 0 -16 15 -16
3067 1 0 -13 12 15
3068 1 1 -16 -16 -15
3069 1 0 -11 15 -11
3070 0 1 15 15 -6
3071 0 0 11 -3 -16
3072 1 0 -16 -16 -16
3073 0 1 1 7 -16
3074 0 1 8 -8 15
3075 1 0 -7 -16 -14
3076 1 0 -7 -16 -14
3077 1 0 -16 -16 -12
3078 1 0 -3 2 15
3079 1 0 -12 -16 -16
3080 0 0 3 13 15
3081 0 1 15 0 -11
3082 1 1 -13 15 12
3083 1 0 -16 15 12
3084 1 0 -14 2 13
3085 0 0 15 -16 12
3086 1 1 6 -16 -10
3087 0 1 7 -16 -16
3088 1 0 -16 13 -6
3089 0 0 15 5 -16
3090 1 1 -16 -9 -11
3091 1 1 -16 -9 5
3092 1 0 -12 13 -14
3093 0 1 15 -16 14
3094 0 1 15 -16 15
3095 1 0 -6 15 -9
3096 1 0 -13 -16 15
3097 0 0 15 6 15
3098 1 1 -8 15 4
3099 0 1 5 15 15
3100 1 1 -16 15 -3
3101 0 1 15 -7 15
3102 0 0 15 12 4
3103 1 0 -16 -13 15
3104 1 0 -13 15 15
3105 0 1 15 9 -16
3106 1 1 -7 -16 -16
3107 0 0 15 15 -16
3108 0 1 12 -14 13
3109 1 0 -9 -16 8
3110 0 0 7 15 14
3111 0 1 15 15 -16
3112 0 0 1 -11 13
3113 0 1 3 -5 15
3114 1 0 -16 13 15
3115 0 0 12 15 -10
3116 1 0 -16 -10 -16
3117 0 0 11 15 3
3118 1 0 -10 15 14
3119 0 1 15 11 15
3120 1 0 5 7 14
3121 0 1 15 -7 8
3122 1 1 -9 -16 6
3123 0 1 15 15 -12
3124 0 0 15 2 -16
3125 0 0 2 -5 15
3126 0 0 15 -2 -16
3127 1 0 -8 9 15
3128 1 1 -9 -16 -11
3129 0 0 12 10 -16
3130 1 0 -16 15 15
3131 0 1 15 11 13
3132 0 1 12 -16 -16
3133 1 0 -16 12 -16
3134 1 0 -13 15 10
3135 0 1 7 -15 11
3136 0 0 15 13 15
3137 1 1 -16 -14 15
3138 1 1 -12 8 15
3139 1 1 -7 -13 -8
3140 1 0 -16 -9 -16
3141 1 1 -4 5 -16
3142 1 0 -16 8 -16
3143 1 1 -16 6 5
3144 1 0 -11 -16 15
3145 1 1 -16 10 -16
3146 0 0 15 9 15
3147 0 0 11 10 -16
3148 1 1 -16 -9 -12
3149 1 1 -4 -16 -16
3150 0 0 15 -7 4
3151 0 1 15 -5 -11
3152 0 0 13 13 -14
3153 1 0 -16 15 15
3154 0 0 15 15 -16
3155 1 1 -16 7 -1
3156 0 0 10 -5 14
3157 0 0 7 15 6
3158 1 1 -16 -9 15
3159 0 1 10 -16 15
3160 0 0 15 2 13
3161 1 0 -12 15 -3
3162 0 1 14 15 5
3163 0 1 15 -16 11
3164 1 0 -16 15 -16
3165 0 0 15 0 15
3166 1 1 -16 15 -10
3167 0 1 14 -9 15
3168 0 1 4 -16 -6
3169 1 0 -13 15 15
3170 1 0 -16 -12 -16
3171 0 1 8 5 -10
3172 1 1 -13 15 -13
3173 1 1 -16 -15 -16
3174 1 1 -16 14 -16
3175 1 1 -16 -8 -12
3176 0 0 11 15 15
3177 1 0 -3 15 15
3178 1 1 -12 -14 5
3179 1 1 -16 15 2
3180 1 0 -4 -16 10
3181 1 0 -12 -7 -16
3182 1 0 -16 15 -6
3183 0 0 10 -16 -7
3184 0 1 13 -15 -16
3185 1 0 -5 7 -10
3186 1 1 -11 -16 13
3187 1 0 -12 -16 14
3188 1 0 -13 15 11
3189 0 1 15 -16 -14
3190 1 0 -7 10 4
3191 1 1 -9 13 15
3192 0 1 15 -16 -14
3193 1 0 -15 -11 -12
3194 0 0 14 15 15
3195 1 0 -16 -1 -16
3196 0 1 10 -16 -10
3197 1 1 -16 -5 -3
3198 1 1 -16 15 -3
3199 0 0 15 -16 15
