# idx_int bit_int post_llr_q hard
0 1 63 1
1 0 -64 0
2 0 -64 0
3 0 -64 0
4 1 63 1
5 0 -64 0
6 0 -64 0
7 1 63 1
8 1 63 1
9 0 -64 0
10 0 -64 0
11 0 -64 0
12 1 63 1
13 0 -53 0
14 0 -64 0
15 1 63 1
16 0 -64 0
17 1 63 1
18 1 63 1
19 0 -64 0
20 1 63 1
21 1 63 1
22 1 63 1
23 1 63 1
24 1 63 1
25 1 34 1
26 0 -64 0
27 1 63 1
28 0 -64 0
29 0 -64 0
30 1 63 1
31 0 -64 0
32 1 63 1
33 0 -64 0
34 0 -64 0
35 0 -64 0
36 1 63 1
37 1 63 1
38 0 -64 0
39 0 -64 0
40 0 -64 0
41 1 63 1
42 1 63 1
43 1 63 1
44 1 63 1
45 1 63 1
46 1 63 1
47 1 63 1
48 0 -64 0
49 1 63 1
50 1 63 1
51 1 63 1
52 1 63 1
53 1 63 1
54 1 63 1
55 1 63 1
56 0 -64 0
57 0 -64 0
58 1 63 1
59 1 63 1
60 1 63 1
61 0 -64 0
62 1 63 1
63 0 -64 0
64 0 -64 0
65 1 63 1
66 1 63 1
67 0 -64 0
68 0 -64 0
69 1 63 1
70 0 -64 0
71 1 63 1
72 1 63 1
73 0 -64 0
74 0 -64 0
75 0 -64 0
76 0 -64 0
77 0 -64 0
78 1 63 1
79 0 -64 0
80 0 -64 0
81 1 63 1
82 0 -64 0
83 1 63 1
84 0 -64 0
85 1 63 1
86 1 63 1
87 0 -64 0
88 1 63 1
89 1 63 1
90 0 -64 0
91 0 -64 0
92 1 63 1
93 0 -64 0
94 1 63 1
95 0 -64 0
96 0 -64 0
97 1 63 1
98 1 63 1
99 1 63 1
100 1 63 1
101 1 63 1
102 0 -64 0
103 1 63 1
104 1 63 1
105 1 63 1
106 0 -54 0
107 1 63 1
108 1 63 1
109 0 -64 0
110 1 63 1
111 1 63 1
112 0 -64 0
113 0 -64 0
114 1 63 1
115 0 -64 0
116 0 -64 0
117 1 63 1
118 1 63 1
119 0 -64 0
120 0 -64 0
121 1 63 1
122 1 63 1
123 0 -64 0
124 1 63 1
125 0 -64 0
126 1 63 1
127 1 63 1
128 1 63 1
129 0 -64 0
130 1 63 1
131 1 63 1
132 0 53 1
133 1 63 1
134 1 63 1
135 1 63 1
136 0 -64 0
137 1 63 1
138 0 -64 0
139 0 -64 0
140 1 63 1
141 1 63 1
142 0 -64 0
143 1 63 1
144 1 63 1
145 1 63 1
146 0 -64 0
147 1 63 1
148 0 -64 0
149 1 63 1
150 1 63 1
151 1 63 1
152 0 -64 0
153 0 -64 0
154 1 63 1
155 0 -63 0
156 1 63 1
157 0 -64 0
158 0 -64 0
159 0 -64 0
160 0 -64 0
161 1 63 1
162 1 63 1
163 1 63 1
164 1 63 1
165 0 -64 0
166 1 63 1
167 0 -64 0
168 0 -64 0
169 1 63 1
170 1 63 1
171 1 63 1
172 1 63 1
173 1 63 1
174 1 63 1
175 1 63 1
176 0 -64 0
177 1 63 1
178 0 -64 0
179 1 63 1
180 0 -64 0
181 1 63 1
182 0 -64 0
183 1 63 1
184 0 -64 0
185 1 63 1
186 0 -64 0
187 1 63 1
188 1 63 1
189 0 -64 0
190 0 -64 0
191 1 63 1
192 0 -64 0
193 0 -64 0
194 0 -64 0
195 0 -64 0
196 1 -64 0
197 0 -64 0
198 0 -64 0
199 0 -64 0
200 1 63 1
201 1 63 1
202 0 -64 0
203 0 -64 0
204 0 -64 0
205 1 63 1
206 0 -64 0
207 0 -64 0
208 1 63 1
209 1 63 1
210 0 -64 0
211 1 63 1
212 0 -64 0
213 0 -64 0
214 0 -50 0
215 0 -64 0
216 0 -64 0
217 1 63 1
218 1 63 1
219 1 63 1
220 1 63 1
221 1 5 1
222 1 63 1
223 1 63 1
224 1 63 1
225 1 63 1
226 0 -64 0
227 1 63 1
228 1 63 1
229 1 63 1
230 0 -64 0
231 1 63 1
232 1 63 1
233 0 -64 0
234 0 -64 0
235 0 -64 0
236 0 -64 0
237 0 -64 0
238 1 63 1
239 0 -64 0
240 0 -64 0
241 1 63 1
242 0 -64 0
243 1 63 1
244 0 -64 0
245 0 -55 0
246 0 -64 0
247 1 63 1
248 1 63 1
249 1 63 1
250 0 -64 0
251 0 -64 0
252 0 -64 0
253 0 -64 0
254 0 -64 0
255 1 63 1
256 1 63 1
257 0 -64 0
258 0 -46 0
259 1 63 1
260 1 63 1
261 0 -64 0
262 0 -64 0
263 0 -64 0
264 1 63 1
265 1 63 1
266 1 63 1
267 1 63 1
268 1 63 1
269 0 -64 0
270 1 63 1
271 0 -64 0
272 1 63 1
273 1 63 1
274 0 -64 0
275 0 -64 0
276 0 -64 0
277 1 63 1
278 0 -64 0
279 0 -64 0
280 0 -64 0
281 1 63 1
282 1 63 1
283 1 63 1
284 0 -64 0
285 1 63 1
286 0 -64 0
287 1 63 1
288 0 -64 0
289 0 -64 0
290 1 63 1
291 1 63 1
292 0 -64 0
293 0 -64 0
294 1 63 1
295 0 -64 0
296 1 63 1
297 1 63 1
298 0 -64 0
299 0 -64 0
300 0 -64 0
301 0 -64 0
302 1 63 1
303 0 -64 0
304 0 -45 0
305 0 -64 0
306 1 63 1
307 1 63 1
308 1 63 1
309 0 -64 0
310 0 -64 0
311 1 63 1
312 0 -64 0
313 0 -64 0
314 0 -64 0
315 1 63 1
316 0 -64 0
317 0 -64 0
318 0 -64 0
319 0 -64 0
320 0 -64 0
321 1 63 1
322 1 63 1
323 0 -64 0
324 0 -64 0
325 1 63 1
326 0 -64 0
327 0 -64 0
328 1 63 1
329 0 -64 0
330 0 -64 0
331 1 63 1
332 1 63 1
333 0 -64 0
334 1 63 1
335 1 63 1
336 0 -64 0
337 1 63 1
338 1 63 1
339 0 -64 0
340 0 -64 0
341 0 -64 0
342 1 63 1
343 0 -64 0
344 0 -64 0
345 1 63 1
346 1 63 1
347 1 63 1
348 1 63 1
349 0 -64 0
350 1 63 1
351 0 -33 0
352 0 -64 0
353 1 63 1
354 0 -64 0
355 1 63 1
356 1 63 1
357 1 63 1
358 0 -64 0
359 0 -64 0
360 0 -64 0
361 1 63 1
362 1 63 1
363 0 -64 0
364 0 -64 0
365 1 63 1
366 1 63 1
367 1 63 1
368 0 -64 0
369 0 -51 0
370 1 63 1
371 0 -64 0
372 0 -64 0
373 1 63 1
374 0 -64 0
375 1 63 1
376 1 63 1
377 0 -64 0
378 0 -64 0
379 0 -64 0
380 1 63 1
381 1 63 1
382 1 63 1
383 0 -64 0
384 1 63 1
385 1 63 1
386 1 63 1
387 0 -64 0
388 1 63 1
389 0 -64 0
390 0 -64 0
391 0 -64 0
392 1 63 1
393 1 63 1
394 1 63 1
395 0 -64 0
396 1 63 1
397 1 63 1
398 0 -64 0
399 1 63 1
400 1 37 1
401 0 -64 0
402 0 -64 0
403 1 63 1
404 1 63 1
405 1 63 1
406 0 -64 0
407 0 -64 0
408 1 63 1
409 1 63 1
410 1 63 1
411 1 63 1
412 1 63 1
413 0 -64 0
414 0 -64 0
415 1 63 1
416 1 63 1
417 1 63 1
418 0 -64 0
419 0 -64 0
420 1 63 1
421 0 -64 0
422 1 63 1
423 0 -64 0
424 1 63 1
425 0 -64 0
426 1 63 1
427 1 63 1
428 1 63 1
429 1 63 1
430 0 -64 0
431 1 63 1
432 0 -64 0
433 1 63 1
434 1 63 1
435 1 63 1
436 1 63 1
437 1 63 1
438 1 63 1
439 1 63 1
440 1 63 1
441 0 -64 0
442 0 -64 0
443 0 -64 0
444 1 63 1
445 0 -64 0
446 0 -64 0
447 0 -64 0
448 0 -64 0
449 0 -64 0
450 1 63 1
451 0 -64 0
452 1 63 1
453 1 63 1
454 1 63 1
455 1 63 1
456 0 -64 0
457 1 63 1
458 1 63 1
459 0 -64 0
460 1 63 1
461 1 63 1
462 0 -64 0
463 0 -64 0
464 1 63 1
465 0 -64 0
466 0 -64 0
467 1 50 1
468 0 -64 0
469 1 63 1
470 0 -64 0
471 0 -64 0
472 1 63 1
473 0 -64 0
474 1 63 1
475 0 -64 0
476 1 63 1
477 0 -64 0
478 0 -64 0
479 0 -64 0
480 0 -64 0
481 1 63 1
482 0 -64 0
483 0 -64 0
484 0 -64 0
485 1 63 1
486 1 63 1
487 1 63 1
488 0 -64 0
489 0 -64 0
490 1 63 1
491 0 -64 0
492 0 -64 0
493 0 -64 0
494 0 -64 0
495 0 -64 0
496 0 -64 0
497 1 63 1
498 0 -64 0
499 0 -64 0
500 0 -64 0
501 0 -64 0
502 0 -64 0
503 0 -64 0
504 1 63 1
505 0 -64 0
506 1 55 1
507 0 -64 0
508 1 63 1
509 1 63 1
510 0 -64 0
511 1 63 1
512 1 63 1
513 1 63 1
514 0 -64 0
515 1 -5 0
516 1 63 1
517 0 -64 0
518 0 -64 0
519 0 -64 0
520 0 -64 0
521 1 63 1
522 0 -64 0
523 0 -64 0
524 1 52 1
525 0 -64 0
526 0 -64 0
527 1 63 1
528 0 -64 0
529 0 -64 0
530 1 63 1
531 0 -64 0
532 0 -64 0
533 1 63 1
534 1 63 1
535 0 -64 0
536 0 -64 0
537 0 -64 0
538 1 63 1
539 1 63 1
540 1 63 1
541 1 63 1
542 0 -64 0
543 0 -64 0
544 0 -64 0
545 1 63 1
546 1 63 1
547 1 63 1
548 1 63 1
549 0 -64 0
550 1 63 1
551 1 63 1
552 1 63 1
553 0 -64 0
554 1 63 1
555 1 58 1
556 1 63 1
557 0 -64 0
558 0 -64 0
559 0 -64 0
560 0 -64 0
561 0 -64 0
562 1 63 1
563 1 63 1
564 0 -64 0
565 1 63 1
566 0 -64 0
567 1 63 1
568 1 63 1
569 1 63 1
570 1 63 1
571 1 63 1
572 1 63 1
573 1 63 1
574 1 63 1
575 1 63 1
576 1 63 1
577 0 -64 0
578 0 -64 0
579 1 63 1
580 1 63 1
581 1 63 1
582 0 -64 0
583 0 -64 0
584 1 63 1
585 0 -64 0
586 1 63 1
587 0 -64 0
588 0 -64 0
589 1 63 1
590 0 -64 0
591 0 -64 0
592 1 63 1
593 1 63 1
594 1 63 1
595 0 -64 0
596 0 -53 0
597 0 -64 0
598 1 63 1
599 0 -64 0
600 0 -64 0
601 1 63 1
602 0 -64 0
603 1 63 1
604 0 -64 0
605 1 63 1
606 0 -64 0
607 1 63 1
608 1 63 1
609 1 63 1
610 1 63 1
611 0 -64 0
612 1 63 1
613 1 63 1
614 1 63 1
615 0 -64 0
616 1 63 1
617 0 -64 0
618 1 57 1
619 0 -64 0
620 1 63 1
621 1 63 1
622 1 47 1
623 1 63 1
624 0 -64 0
625 0 -64 0
626 0 -64 0
627 1 63 1
628 0 -64 0
629 0 -64 0
630 0 -64 0
631 0 -64 0
632 0 -64 0
633 1 63 1
634 0 -64 0
635 1 63 1
636 1 63 1
637 1 63 1
638 0 -64 0
639 1 63 1
640 0 -64 0
641 0 63 1
642 0 -64 0
643 0 -64 0
644 0 -64 0
645 0 -48 0
646 0 -64 0
647 1 63 1
648 0 -64 0
649 0 -64 0
650 0 -64 0
651 1 63 1
652 0 -64 0
653 0 -64 0
654 1 63 1
655 0 -64 0
656 1 63 1
657 1 63 1
658 1 33 1
659 0 -64 0
660 1 63 1
661 1 63 1
662 0 -64 0
663 0 -64 0
664 0 -64 0
665 1 63 1
666 1 63 1
667 1 63 1
668 1 63 1
669 1 63 1
670 1 -5 0
671 1 63 1
672 0 -64 0
673 1 63 1
674 1 63 1
675 1 63 1
676 1 63 1
677 0 -64 0
678 0 -64 0
679 1 63 1
680 0 -64 0
681 0 -64 0
682 1 63 1
683 1 63 1
684 0 -64 0
685 0 -64 0
686 1 63 1
687 1 63 1
688 0 -64 0
689 0 -64 0
690 1 63 1
691 1 63 1
692 1 63 1
693 1 63 1
694 1 63 1
695 1 63 1
696 1 63 1
697 1 63 1
698 1 63 1
699 1 63 1
700 1 63 1
701 1 63 1
702 1 63 1
703 0 -64 0
704 0 -64 0
705 0 -64 0
706 0 -64 0
707 1 63 1
708 0 -64 0
709 1 63 1
710 1 63 1
711 0 -64 0
712 0 -64 0
713 1 63 1
714 1 63 1
715 1 63 1
716 0 -64 0
717 0 -64 0
718 0 -64 0
719 0 -64 0
720 1 63 1
721 1 63 1
722 0 -64 0
723 1 63 1
724 1 63 1
725 1 63 1
726 1 63 1
727 0 -64 0
728 1 63 1
729 0 -64 0
730 0 -64 0
731 0 -64 0
732 1 63 1
733 1 63 1
734 1 63 1
735 0 -64 0
736 1 63 1
737 1 63 1
738 0 -64 0
739 0 -64 0
740 1 63 1
741 0 -64 0
742 1 63 1
743 0 -64 0
744 1 63 1
745 0 -64 0
746 1 63 1
747 0 -64 0
748 1 59 1
749 0 -64 0
750 1 63 1
751 0 13 1
752 1 63 1
753 1 63 1
754 1 63 1
755 0 -64 0
756 0 -64 0
757 0 -64 0
758 0 -64 0
759 1 63 1
760 0 -64 0
761 1 63 1
762 0 -64 0
763 0 -64 0
764 0 -64 0
765 1 63 1
766 0 -64 0
767 1 63 1
768 0 -64 0
769 0 -38 0
770 1 63 1
771 1 63 1
772 0 -64 0
773 1 63 1
774 0 -64 0
775 1 63 1
776 0 -64 0
777 0 -64 0
778 0 -64 0
779 0 -64 0
780 1 63 1
781 1 63 1
782 1 63 1
783 1 63 1
784 0 -64 0
785 0 -64 0
786 0 -64 0
787 1 63 1
788 1 63 1
789 0 -64 0
790 0 -64 0
791 1 63 1
792 1 63 1
793 1 63 1
794 0 -64 0
795 0 -64 0
796 0 -64 0
797 0 -64 0
798 0 -64 0
799 0 -64 0
800 0 -39 0
801 0 -64 0
802 0 -64 0
803 1 63 1
804 0 -64 0
805 0 -64 0
806 1 63 1
807 1 63 1
808 0 -64 0
809 1 63 1
810 1 63 1
811 1 63 1
812 1 63 1
813 0 -64 0
814 1 63 1
815 0 -64 0
816 1 63 1
817 1 63 1
818 1 63 1
819 1 63 1
820 1 63 1
821 1 63 1
822 0 -64 0
823 1 63 1
824 1 63 1
825 0 -64 0
826 1 63 1
827 0 -64 0
828 0 -64 0
829 1 63 1
830 1 63 1
831 0 -64 0
832 1 63 1
833 0 -64 0
834 0 -64 0
835 1 63 1
836 1 63 1
837 0 -64 0
838 0 -64 0
839 1 63 1
840 1 63 1
841 1 62 1
842 1 63 1
843 1 63 1
844 1 63 1
845 0 -64 0
846 0 -64 0
847 1 63 1
848 0 -64 0
849 0 -64 0
850 1 63 1
851 0 -64 0
852 0 -64 0
853 1 63 1
854 0 -64 0
855 1 63 1
856 0 -64 0
857 1 63 1
858 1 63 1
859 1 63 1
860 0 -64 0
861 1 63 1
862 0 -64 0
863 1 63 1
864 0 -64 0
865 1 63 1
866 1 50 1
867 0 -38 0
868 0 -64 0
869 0 -64 0
870 1 63 1
871 1 63 1
872 0 -64 0
873 1 63 1
874 1 63 1
875 0 -64 0
876 0 -64 0
877 1 63 1
878 0 -64 0
879 0 -64 0
880 1 63 1
881 1 63 1
882 0 -64 0
883 1 63 1
884 0 -64 0
885 1 63 1
886 1 63 1
887 0 -64 0
888 0 -64 0
889 0 -64 0
890 0 -64 0
891 1 63 1
892 0 -38 0
893 0 -64 0
894 0 -64 0
895 0 -64 0
896 1 63 1
897 0 -64 0
898 0 -64 0
899 1 63 1
900 0 -64 0
901 0 -64 0
902 1 63 1
903 1 63 1
904 1 63 1
905 0 -64 0
906 1 57 1
907 1 63 1
908 0 -64 0
909 1 63 1
910 0 -64 0
911 1 63 1
912 0 -64 0
913 0 -64 0
914 0 -64 0
915 0 -64 0
916 0 -64 0
917 1 63 1
918 1 63 1
919 0 -64 0
920 0 -64 0
921 1 63 1
922 0 -64 0
923 1 63 1
924 1 61 1
925 1 63 1
926 1 63 1
927 0 -64 0
928 0 -64 0
929 1 63 1
930 0 -64 0
931 0 -64 0
932 0 -64 0
933 1 63 1
934 1 63 1
935 0 -64 0
936 1 63 1
937 1 63 1
938 0 -64 0
939 0 -64 0
940 1 63 1
941 0 -64 0
942 0 -64 0
943 1 63 1
944 1 63 1
945 0 -64 0
946 0 -64 0
947 0 -64 0
948 1 63 1
949 0 -64 0
950 1 63 1
951 0 -64 0
952 1 63 1
953 0 -64 0
954 0 -64 0
955 1 63 1
956 1 63 1
957 1 63 1
958 0 -64 0
959 0 -64 0
960 0 -64 0
961 1 63 1
962 0 -64 0
963 0 -64 0
964 0 -64 0
965 1 63 1
966 1 63 1
967 1 63 1
968 0 -64 0
969 1 63 1
970 1 63 1
971 0 -64 0
972 1 63 1
973 0 -64 0
974 1 63 1
975 0 -64 0
976 1 63 1
977 1 63 1
978 1 63 1
979 0 -64 0
980 1 63 1
981 0 -64 0
982 0 -64 0
983 0 -64 0
984 1 63 1
985 1 63 1
986 1 63 1
987 1 63 1
988 0 -64 0
989 1 -53 0
990 0 -64 0
991 1 63 1
992 0 -64 0
993 0 -64 0
994 1 63 1
995 1 63 1
996 1 53 1
997 1 63 1
998 0 -64 0
999 1 63 1
1000 0 -64 0
1001 1 63 1
1002 0 -64 0
1003 1 63 1
1004 0 -64 0
1005 1 63 1
1006 0 -64 0
1007 1 63 1
1008 1 63 1
1009 0 -64 0
1010 1 63 1
1011 0 -64 0
1012 1 63 1
1013 1 63 1
1014 1 63 1
1015 1 63 1
1016 0 -64 0
1017 1 63 1
1018 0 -64 0
1019 0 -64 0
1020 1 63 1
1021 1 63 1
1022 0 -60 0
1023 1 63 1
1024 1 63 1
1025 0 -64 0
1026 0 -64 0
1027 0 -64 0
1028 1 63 1
1029 1 63 1
1030 1 63 1
1031 0 -64 0
1032 0 -64 0
1033 0 -64 0
1034 1 63 1
1035 0 -64 0
1036 0 -64 0
1037 1 63 1
1038 0 -64 0
1039 1 63 1
1040 1 63 1
1041 0 -64 0
1042 0 -64 0
1043 1 63 1
1044 1 63 1
1045 1 47 1
1046 1 63 1
1047 1 63 1
1048 1 63 1
1049 1 63 1
1050 0 -64 0
1051 1 63 1
1052 0 -64 0
1053 0 -64 0
1054 0 -64 0
1055 1 63 1
1056 1 63 1
1057 1 63 1
1058 1 59 1
1059 0 -64 0
1060 0 -64 0
1061 1 63 1
1062 0 -64 0
1063 0 -64 0
1064 1 63 1
1065 0 -64 0
1066 1 63 1
1067 0 -64 0
1068 0 -64 0
1069 1 63 1
1070 1 63 1
1071 0 -64 0
1072 0 -64 0
1073 0 -64 0
1074 0 -64 0
1075 1 63 1
1076 0 -64 0
1077 1 63 1
1078 1 63 1
1079 1 63 1
1080 1 63 1
1081 0 -64 0
1082 1 63 1
1083 0 -64 0
1084 0 -64 0
1085 0 -64 0
1086 0 -64 0
1087 0 -64 0
1088 0 -64 0
1089 0 -64 0
1090 0 -64 0
1091 0 63 1
1092 1 63 1
1093 0 -64 0
1094 1 63 1
1095 0 -64 0
1096 0 -64 0
1097 1 63 1
1098 1 63 1
1099 0 -64 0
1100 0 -64 0
1101 1 63 1
1102 0 -64 0
1103 1 63 1
1104 0 -64 0
1105 0 -64 0
1106 1 63 1
1107 1 63 1
1108 0 -64 0
1109 0 -64 0
1110 0 -64 0
1111 1 63 1
1112 0 -64 0
1113 0 -64 0
1114 0 -64 0
1115 0 -64 0
1116 0 -64 0
1117 0 -64 0
1118 1 63 1
1119 0 -64 0
1120 0 -64 0
1121 0 -64 0
1122 0 -64 0
1123 0 -64 0
1124 1 63 1
1125 0 -64 0
1126 1 63 1
1127 1 63 1
1128 0 -64 0
1129 1 63 1
1130 0 -64 0
1131 0 -64 0
1132 0 -64 0
1133 0 -64 0
1134 1 63 1
1135 0 -64 0
1136 0 -64 0
1137 1 63 1
1138 0 -64 0
1139 1 63 1
1140 0 -64 0
1141 0 -64 0
1142 1 63 1
1143 1 63 1
1144 0 -64 0
1145 0 -64 0
1146 0 -64 0
1147 1 63 1
1148 0 -64 0
1149 1 63 1
1150 0 -64 0
1151 0 -64 0
1152 0 -64 0
1153 1 63 1
1154 0 -64 0
1155 1 63 1
1156 0 -64 0
1157 0 -64 0
1158 0 -64 0
1159 1 63 1
1160 1 63 1
1161 1 63 1
1162 0 -64 0
1163 0 -64 0
1164 1 63 1
1165 1 63 1
1166 0 -64 0
1167 1 63 1
1168 0 -64 0
1169 1 59 1
1170 1 63 1
1171 1 63 1
1172 0 -64 0
1173 0 -64 0
1174 1 63 1
1175 0 -64 0
1176 0 -64 0
1177 0 -64 0
1178 0 -64 0
1179 0 -64 0
1180 0 -64 0
1181 0 -64 0
1182 0 -64 0
1183 1 63 1
1184 1 63 1
1185 1 63 1
1186 1 63 1
1187 1 63 1
1188 0 -64 0
1189 0 -64 0
1190 1 63 1
1191 0 -64 0
1192 1 63 1
1193 0 -64 0
1194 1 63 1
1195 0 -64 0
1196 1 63 1
1197 0 -64 0
1198 0 -64 0
1199 0 -64 0
1200 1 0 0
1201 0 -64 0
1202 0 -64 0
1203 1 63 1
1204 0 -64 0
1205 1 63 1
1206 1 63 1
1207 0 -64 0
1208 0 -64 0
1209 0 -64 0
1210 0 -64 0
1211 1 63 1
1212 0 -64 0
1213 0 -49 0
1214 1 63 1
1215 0 -64 0
1216 1 63 1
1217 1 63 1
1218 0 -64 0
1219 1 63 1
1220 0 -64 0
1221 1 63 1
1222 0 -64 0
1223 1 63 1
1224 0 -64 0
1225 1 63 1
1226 1 63 1
1227 0 -64 0
1228 1 63 1
1229 0 -64 0
1230 1 63 1
1231 0 -64 0
1232 0 -64 0
1233 1 63 1
1234 1 63 1
1235 1 63 1
1236 1 63 1
1237 1 63 1
1238 0 -64 0
1239 0 -64 0
1240 1 63 1
1241 1 63 1
1242 0 -64 0
1243 1 63 1
1244 0 -64 0
1245 0 -64 0
1246 1 63 1
1247 1 63 1
1248 1 63 1
1249 0 -64 0
1250 1 63 1
1251 0 -64 0
1252 0 -64 0
1253 0 -64 0
1254 1 63 1
1255 0 -64 0
1256 1 63 1
1257 0 -64 0
1258 1 63 1
1259 1 63 1
1260 0 -64 0
1261 1 63 1
1262 0 -64 0
1263 1 63 1
1264 0 -64 0
1265 1 63 1
1266 1 63 1
1267 0 -64 0
1268 1 -64 0
1269 1 63 1
1270 0 -64 0
1271 1 63 1
1272 0 63 1
1273 1 63 1
1274 0 -64 0
1275 1 63 1
1276 0 -64 0
1277 1 63 1
1278 0 -64 0
1279 0 -64 0
1280 0 -64 0
1281 0 -64 0
1282 1 63 1
1283 1 63 1
1284 1 43 1
1285 0 -64 0
1286 0 -64 0
1287 1 63 1
1288 1 63 1
1289 0 -64 0
1290 1 63 1
1291 1 63 1
1292 1 63 1
1293 1 63 1
1294 0 -64 0
1295 1 63 1
1296 1 63 1
1297 1 63 1
1298 1 63 1
1299 1 63 1
1300 1 63 1
1301 0 -64 0
1302 1 63 1
1303 1 63 1
1304 1 63 1
1305 1 63 1
1306 1 63 1
1307 0 -64 0
1308 1 63 1
1309 1 63 1
1310 1 63 1
1311 1 63 1
1312 0 63 1
1313 0 -64 0
1314 1 63 1
1315 1 63 1
1316 1 63 1
1317 0 -64 0
1318 1 63 1
1319 1 63 1
1320 1 63 1
1321 1 63 1
1322 1 63 1
1323 0 -64 0
1324 0 -64 0
1325 0 -64 0
1326 1 63 1
1327 1 63 1
1328 0 -64 0
1329 1 63 1
1330 0 -64 0
1331 0 -64 0
1332 0 -64 0
1333 0 -64 0
1334 0 -64 0
1335 0 -64 0
1336 0 -64 0
1337 1 63 1
1338 0 -64 0
1339 0 -64 0
1340 1 63 1
1341 1 63 1
1342 1 63 1
1343 1 63 1
1344 0 -64 0
1345 1 63 1
1346 0 -64 0
1347 1 63 1
1348 1 63 1
1349 1 63 1
1350 1 63 1
1351 0 -64 0
1352 1 63 1
1353 0 -64 0
1354 1 63 1
1355 1 54 1
1356 1 63 1
1357 0 -64 0
1358 0 -64 0
1359 0 -64 0
1360 1 63 1
1361 0 -64 0
1362 0 -64 0
1363 1 63 1
1364 0 -64 0
1365 1 63 1
1366 0 -64 0
1367 1 63 1
1368 0 -64 0
1369 0 -64 0
1370 0 -64 0
1371 1 63 1
1372 0 -64 0
1373 0 -64 0
1374 1 63 1
1375 0 -64 0
1376 1 63 1
1377 1 63 1
1378 1 63 1
1379 1 63 1
1380 1 63 1
1381 0 -64 0
1382 1 63 1
1383 0 -64 0
1384 1 63 1
1385 1 -64 0
1386 1 63 1
1387 1 63 1
1388 0 -64 0
1389 0 -64 0
1390 1 63 1
1391 0 -64 0
1392 0 -64 0
1393 1 63 1
1394 0 -64 0
1395 0 -64 0
1396 0 -60 0
1397 1 63 1
1398 1 63 1
1399 1 63 1
1400 1 63 1
1401 1 63 1
1402 0 -64 0
1403 0 -64 0
1404 0 -64 0
1405 1 63 1
1406 1 63 1
1407 0 -64 0
1408 0 -64 0
1409 0 -64 0
1410 0 -64 0
1411 1 63 1
1412 0 -64 0
1413 1 63 1
1414 0 -59 0
1415 1 63 1
1416 1 63 1
1417 0 -64 0
1418 0 -64 0
1419 1 63 1
1420 0 -64 0
1421 1 63 1
1422 1 52 1
1423 1 63 1
1424 0 -64 0
1425 0 -64 0
1426 1 63 1
1427 0 -64 0
1428 1 63 1
1429 1 63 1
1430 0 -64 0
1431 1 63 1
1432 0 -64 0
1433 1 63 1
1434 0 -64 0
1435 1 63 1
1436 1 63 1
1437 1 63 1
1438 1 63 1
1439 1 63 1
1440 0 -64 0
1441 1 63 1
1442 1 63 1
1443 0 -64 0
1444 1 63 1
1445 0 -64 0
1446 0 -64 0
1447 1 63 1
1448 0 -64 0
1449 1 63 1
1450 1 63 1
1451 0 -64 0
1452 0 -64 0
1453 1 63 1
1454 1 63 1
1455 0 -64 0
1456 1 63 1
1457 1 63 1
1458 0 -43 0
1459 0 -64 0
1460 0 -64 0
1461 1 63 1
1462 1 63 1
1463 1 63 1
1464 0 -64 0
1465 0 -64 0
1466 1 63 1
1467 1 63 1
1468 1 63 1
1469 1 63 1
1470 0 -64 0
1471 0 -64 0
1472 1 63 1
1473 0 -64 0
1474 0 -64 0
1475 1 63 1
1476 0 -64 0
1477 1 63 1
1478 0 -64 0
1479 0 -64 0
1480 1 63 1
1481 1 63 1
1482 1 63 1
1483 1 63 1
1484 1 63 1
1485 0 -64 0
1486 0 -64 0
1487 1 63 1
1488 1 63 1
1489 1 63 1
1490 1 63 1
1491 0 -64 0
1492 1 63 1
1493 0 -64 0
1494 1 63 1
1495 0 -64 0
1496 1 63 1
1497 0 -64 0
1498 1 63 1
1499 1 63 1
1500 0 -64 0
1501 0 -64 0
1502 0 -64 0
1503 0 -64 0
1504 1 63 1
1505 1 63 1
1506 1 63 1
1507 0 -64 0
1508 1 63 1
1509 0 -64 0
1510 1 63 1
1511 1 63 1
1512 0 -64 0
1513 1 63 1
1514 0 -64 0
1515 1 63 1
1516 0 -64 0
1517 1 63 1
1518 1 63 1
1519 0 -64 0
1520 1 63 1
1521 1 63 1
1522 0 -64 0
1523 0 -64 0
1524 0 -64 0
1525 0 -64 0
1526 1 63 1
1527 0 -64 0
1528 1 63 1
1529 1 63 1
1530 1 63 1
1531 1 63 1
1532 0 -64 0
1533 1 63 1
1534 1 63 1
1535 1 63 1
1536 1 63 1
1537 0 -64 0
1538 1 63 1
1539 1 63 1
1540 1 63 1
1541 1 63 1
1542 0 -64 0
1543 1 63 1
1544 0 -64 0
1545 0 -64 0
1546 0 -64 0
1547 0 -64 0
1548 0 -64 0
1549 1 63 1
1550 1 63 1
1551 0 -42 0
1552 0 -64 0
1553 0 -64 0
1554 1 63 1
1555 0 -64 0
1556 0 -64 0
1557 1 63 1
1558 1 63 1
1559 1 63 1
1560 0 -64 0
1561 1 63 1
1562 1 63 1
1563 1 63 1
1564 1 63 1
1565 0 -64 0
1566 1 63 1
1567 1 63 1
1568 1 63 1
1569 1 49 1
1570 1 63 1
1571 0 -64 0
1572 1 63 1
1573 0 -64 0
1574 1 63 1
1575 0 -64 0
1576 0 -64 0
1577 1 63 1
1578 0 -64 0
1579 0 -64 0
1580 1 63 1
1581 0 -64 0
1582 0 -64 0
1583 1 63 1
1584 0 -64 0
1585 1 63 1
1586 0 -64 0
1587 1 63 1
1588 0 -64 0
1589 1 63 1
1590 0 -64 0
1591 1 63 1
1592 0 -64 0
1593 1 63 1
1594 1 63 1
1595 0 -64 0
1596 0 -64 0
1597 0 -64 0
1598 0 -64 0
1599 0 -64 0
1600 0 -39 0
1601 1 63 1
1602 0 -64 0
1603 1 63 1
1604 1 63 1
1605 0 -64 0
1606 0 -64 0
1607 0 -64 0
1608 1 63 1
1609 0 -64 0
1610 0 -64 0
1611 1 63 1
1612 1 63 1
1613 1 63 1
1614 1 63 1
1615 0 -64 0
1616 1 63 1
1617 0 -64 0
1618 0 -64 0
1619 1 63 1
1620 0 -64 0
1621 1 63 1
1622 0 -64 0
1623 1 63 1
1624 0 -64 0
1625 1 63 1
1626 0 -64 0
1627 0 -64 0
1628 1 63 1
1629 0 -64 0
1630 0 -64 0
1631 0 -64 0
1632 1 63 1
1633 1 63 1
1634 1 63 1
1635 1 63 1
1636 1 63 1
1637 1 63 1
1638 1 63 1
1639 1 63 1
1640 0 -64 0
1641 0 59 1
1642 1 63 1
1643 0 -64 0
1644 1 63 1
1645 1 63 1
1646 0 -64 0
1647 1 63 1
1648 0 -64 0
1649 0 -64 0
1650 0 -64 0
1651 1 63 1
1652 0 -64 0
1653 1 63 1
1654 1 63 1
1655 1 63 1
1656 1 63 1
1657 0 -64 0
1658 0 -64 0
1659 1 63 1
1660 0 -64 0
1661 1 63 1
1662 1 63 1
1663 0 -64 0
1664 1 -64 0
1665 0 -64 0
1666 1 63 1
1667 1 48 1
1668 0 -64 0
1669 1 63 1
1670 0 -64 0
1671 0 -64 0
1672 0 -64 0
1673 1 63 1
1674 1 63 1
1675 0 -64 0
1676 1 63 1
1677 0 -64 0
1678 0 -64 0
1679 0 -64 0
1680 1 63 1
1681 1 63 1
1682 1 63 1
1683 0 -64 0
1684 0 -64 0
1685 1 63 1
1686 0 -64 0
1687 1 63 1
1688 0 -64 0
1689 0 -64 0
1690 0 -59 0
1691 1 63 1
1692 1 63 1
1693 1 63 1
1694 1 63 1
1695 0 -64 0
1696 0 -64 0
1697 0 -64 0
1698 1 63 1
1699 0 -64 0
1700 1 63 1
1701 1 63 1
1702 1 63 1
1703 1 48 1
1704 1 63 1
1705 1 63 1
1706 0 -64 0
1707 0 -64 0
1708 1 63 1
1709 0 -64 0
1710 0 -64 0
1711 1 63 1
1712 0 -64 0
1713 0 -64 0
1714 0 -64 0
1715 0 -64 0
1716 0 -64 0
1717 1 63 1
1718 0 -64 0
1719 1 63 1
1720 0 -64 0
1721 1 63 1
1722 1 63 1
1723 0 -64 0
1724 0 -64 0
1725 0 -64 0
1726 0 -64 0
1727 0 -64 0
1728 1 20 1
1729 0 -64 0
1730 1 63 1
1731 0 -64 0
1732 0 -64 0
1733 0 -64 0
1734 1 63 1
1735 0 -64 0
1736 0 -64 0
1737 0 -64 0
1738 1 63 1
1739 1 63 1
1740 0 -64 0
1741 0 -64 0
1742 1 63 1
1743 1 63 1
1744 1 63 1
1745 0 -64 0
1746 1 63 1
1747 1 63 1
1748 0 -64 0
1749 1 63 1
1750 0 -64 0
1751 1 63 1
1752 1 63 1
1753 1 63 1
1754 1 63 1
1755 0 -64 0
1756 0 -64 0
1757 0 -64 0
1758 1 63 1
1759 0 -64 0
1760 1 63 1
1761 0 -64 0
1762 1 63 1
1763 0 -64 0
1764 1 63 1
1765 1 63 1
1766 0 -64 0
1767 1 63 1
1768 1 63 1
1769 1 63 1
1770 1 63 1
1771 0 -64 0
1772 1 63 1
1773 0 -64 0
1774 0 -64 0
1775 0 -64 0
1776 1 63 1
1777 0 -64 0
1778 1 63 1
1779 0 -64 0
1780 0 -20 0
1781 1 63 1
1782 1 63 1
1783 0 -64 0
1784 1 63 1
1785 0 -64 0
1786 0 -64 0
1787 1 63 1
1788 1 63 1
1789 0 -64 0
1790 1 63 1
1791 1 63 1
1792 0 -64 0
1793 0 -64 0
1794 1 63 1
1795 1 63 1
1796 1 58 1
1797 1 63 1
1798 0 -64 0
1799 1 63 1
1800 1 63 1
1801 0 -64 0
1802 1 63 1
1803 0 -64 0
1804 1 63 1
1805 0 -64 0
1806 0 -64 0
1807 1 63 1
1808 1 63 1
1809 1 63 1
1810 0 -64 0
1811 0 -64 0
1812 1 63 1
1813 0 -64 0
1814 1 63 1
1815 1 63 1
1816 0 -64 0
1817 0 -64 0
1818 1 63 1
1819 1 63 1
1820 0 -64 0
1821 0 -64 0
1822 0 -63 0
1823 1 63 1
1824 0 -64 0
1825 1 63 1
1826 1 63 1
1827 1 63 1
1828 0 -64 0
1829 0 -64 0
1830 0 -64 0
1831 0 -64 0
1832 1 63 1
1833 1 63 1
1834 1 63 1
1835 0 -64 0
1836 0 -64 0
1837 1 63 1
1838 1 63 1
1839 1 63 1
1840 0 -64 0
1841 0 -64 0
1842 1 63 1
1843 0 -64 0
1844 0 -64 0
1845 0 -59 0
1846 0 -64 0
1847 1 34 1
1848 0 -64 0
1849 1 63 1
1850 1 63 1
1851 1 63 1
1852 1 63 1
1853 0 -64 0
1854 0 -64 0
1855 0 -64 0
1856 1 63 1
1857 1 63 1
1858 0 -48 0
1859 0 -64 0
1860 0 -64 0
1861 0 -64 0
1862 0 -64 0
1863 0 -64 0
1864 0 -64 0
1865 0 -64 0
1866 1 63 1
1867 1 63 1
1868 1 63 1
1869 1 63 1
1870 0 -64 0
1871 0 -64 0
1872 1 63 1
1873 0 -64 0
1874 0 -64 0
1875 1 63 1
1876 0 -64 0
1877 1 -64 0
1878 0 -64 0
1879 0 -64 0
1880 1 63 1
1881 1 63 1
1882 0 -64 0
1883 0 -64 0
1884 0 -64 0
1885 0 -64 0
1886 0 -64 0
1887 1 63 1
1888 0 -64 0
1889 1 63 1
1890 1 63 1
1891 0 -64 0
1892 1 63 1
1893 1 63 1
1894 0 -64 0
1895 0 -64 0
1896 1 63 1
1897 0 -64 0
1898 0 -64 0
1899 0 -64 0
1900 1 63 1
1901 1 63 1
1902 0 -64 0
1903 1 63 1
1904 1 63 1
1905 0 -64 0
1906 1 63 1
1907 1 63 1
1908 1 63 1
1909 0 -64 0
1910 0 -64 0
1911 0 -64 0
1912 1 63 1
1913 0 -64 0
1914 1 63 1
1915 1 63 1
1916 0 -64 0
1917 0 -64 0
1918 1 63 1
1919 1 63 1
1920 1 63 1
1921 0 -64 0
1922 1 63 1
1923 1 63 1
1924 1 63 1
1925 0 -64 0
1926 0 -64 0
1927 0 -64 0
1928 1 63 1
1929 1 63 1
1930 1 63 1
1931 1 63 1
1932 0 -64 0
1933 0 -64 0
1934 0 -64 0
1935 1 63 1
1936 0 -64 0
1937 1 63 1
1938 1 63 1
1939 0 -64 0
1940 1 63 1
1941 0 -64 0
1942 1 63 1
1943 0 -64 0
1944 1 63 1
1945 1 63 1
1946 0 -64 0
1947 0 -64 0
1948 0 -64 0
1949 1 63 1
1950 1 63 1
1951 0 -56 0
1952 0 -64 0
1953 0 -64 0
1954 1 63 1
1955 0 -64 0
1956 1 63 1
1957 0 -64 0
1958 1 63 1
1959 1 63 1
1960 0 -64 0
1961 1 63 1
1962 0 -64 0
1963 0 -64 0
1964 0 -64 0
1965 0 -64 0
1966 1 63 1
1967 0 -64 0
1968 0 -64 0
1969 0 -45 0
1970 0 -64 0
1971 1 63 1
1972 0 -64 0
1973 0 -64 0
1974 0 -64 0
1975 1 63 1
1976 1 -5 0
1977 1 63 1
1978 1 63 1
1979 1 63 1
1980 1 63 1
1981 0 -64 0
1982 0 -64 0
1983 1 63 1
1984 0 -64 0
1985 0 -64 0
1986 0 -64 0
1987 0 -64 0
1988 1 63 1
1989 0 -64 0
1990 0 -64 0
1991 1 63 1
1992 1 63 1
1993 0 -64 0
1994 0 -64 0
1995 1 63 1
1996 1 63 1
1997 0 -64 0
1998 1 63 1
1999 1 63 1
2000 0 -40 0
2001 1 63 1
2002 0 -51 0
2003 0 -64 0
2004 1 63 1
2005 1 63 1
2006 1 63 1
2007 0 -64 0
2008 1 63 1
2009 0 -64 0
2010 0 -64 0
2011 1 63 1
2012 1 63 1
2013 1 63 1
2014 1 63 1
2015 1 63 1
2016 1 63 1
2017 1 63 1
2018 1 63 1
2019 1 63 1
2020 0 -64 0
2021 1 63 1
2022 0 -64 0
2023 1 63 1
2024 1 63 1
2025 0 -64 0
2026 1 63 1
2027 1 63 1
2028 0 -64 0
2029 1 63 1
2030 1 63 1
2031 1 63 1
2032 1 63 1
2033 1 63 1
2034 1 63 1
2035 1 63 1
2036 0 -64 0
2037 0 -64 0
2038 1 63 1
2039 1 63 1
2040 1 63 1
2041 0 -64 0
2042 1 63 1
2043 0 -64 0
2044 1 63 1
2045 0 -64 0
2046 1 63 1
2047 1 63 1
2048 1 63 1
2049 0 -64 0
2050 1 63 1
2051 1 63 1
2052 0 -64 0
2053 1 63 1
2054 0 -64 0
2055 0 -64 0
2056 0 -64 0
2057 0 -64 0
2058 0 -64 0
2059 1 63 1
2060 0 -64 0
2061 1 63 1
2062 1 63 1
2063 0 -64 0
2064 1 63 1
2065 1 63 1
2066 0 -64 0
2067 0 -56 0
2068 0 -64 0
2069 0 -64 0
2070 1 63 1
2071 1 63 1
2072 0 -64 0
2073 0 -64 0
2074 0 -64 0
2075 1 63 1
2076 1 63 1
2077 1 63 1
2078 0 -64 0
2079 1 63 1
2080 1 63 1
2081 0 -64 0
2082 1 63 1
2083 1 63 1
2084 0 -64 0
2085 1 63 1
2086 1 63 1
2087 1 63 1
2088 0 -64 0
2089 0 -64 0
2090 0 -64 0
2091 1 63 1
2092 1 63 1
2093 0 -64 0
2094 1 63 1
2095 0 -64 0
2096 1 63 1
2097 1 63 1
2098 1 63 1
2099 1 63 1
2100 0 -64 0
2101 0 -64 0
2102 0 -64 0
2103 0 -64 0
2104 0 -64 0
2105 0 -64 0
2106 0 -64 0
2107 1 63 1
2108 0 -64 0
2109 0 -64 0
2110 1 63 1
2111 1 63 1
2112 1 63 1
2113 0 -64 0
2114 0 -64 0
2115 0 -64 0
2116 0 -64 0
2117 1 63 1
2118 1 63 1
2119 0 -64 0
2120 1 63 1
2121 1 63 1
2122 0 -64 0
2123 1 63 1
2124 0 -55 0
2125 0 -64 0
2126 0 -64 0
2127 0 -64 0
2128 0 -64 0
2129 1 63 1
2130 1 63 1
2131 0 -64 0
2132 1 52 1
2133 0 -64 0
2134 1 63 1
2135 1 63 1
2136 1 63 1
2137 0 -64 0
2138 0 -64 0
2139 1 63 1
2140 1 63 1
2141 0 -64 0
2142 1 63 1
2143 0 -64 0
2144 0 -64 0
2145 0 -64 0
2146 1 63 1
2147 0 -64 0
2148 1 63 1
2149 1 63 1
2150 0 -64 0
2151 0 -64 0
2152 0 -64 0
2153 1 63 1
2154 1 63 1
2155 1 51 1
2156 1 63 1
2157 0 -64 0
2158 0 -64 0
2159 1 63 1
2160 1 63 1
2161 1 63 1
2162 0 -64 0
2163 1 63 1
2164 0 -64 0
2165 0 -64 0
2166 1 63 1
2167 1 63 1
2168 1 63 1
2169 0 -64 0
2170 0 -64 0
2171 0 -64 0
2172 1 63 1
2173 0 -64 0
2174 1 63 1
2175 0 -64 0
2176 0 -64 0
2177 0 -64 0
2178 0 -64 0
2179 0 -64 0
2180 1 63 1
2181 1 63 1
2182 1 63 1
2183 1 63 1
2184 0 -64 0
2185 1 63 1
2186 0 -64 0
2187 0 -64 0
2188 1 63 1
2189 0 -64 0
2190 0 -64 0
2191 0 -64 0
2192 1 63 1
2193 0 -64 0
2194 0 -64 0
2195 1 63 1
2196 1 59 1
2197 0 -64 0
2198 0 -64 0
2199 0 -64 0
2200 0 -64 0
2201 1 63 1
2202 0 -64 0
2203 0 -64 0
2204 1 63 1
2205 0 -64 0
2206 1 63 1
2207 0 -64 0
2208 0 -64 0
2209 1 63 1
2210 1 63 1
2211 0 -64 0
2212 0 -64 0
2213 0 -64 0
2214 0 -64 0
2215 1 63 1
2216 1 63 1
2217 0 -64 0
2218 1 63 1
2219 1 63 1
2220 1 63 1
2221 0 -64 0
2222 1 51 1
2223 0 -64 0
2224 0 -64 0
2225 0 -64 0
2226 0 -64 0
2227 1 -64 0
2228 0 -64 0
2229 1 63 1
2230 1 63 1
2231 1 63 1
2232 1 63 1
2233 0 -64 0
2234 1 63 1
2235 0 -64 0
2236 1 63 1
2237 1 63 1
2238 1 63 1
2239 0 -36 0
2240 1 63 1
2241 1 63 1
2242 1 63 1
2243 0 -64 0
2244 1 63 1
2245 1 -24 0
2246 0 -64 0
2247 0 -64 0
2248 0 -64 0
2249 0 -64 0
2250 0 -64 0
2251 0 -64 0
2252 0 -64 0
2253 0 -64 0
2254 0 -64 0
2255 0 -64 0
2256 0 -64 0
2257 1 63 1
2258 1 48 1
2259 0 -64 0
2260 0 -64 0
2261 0 -64 0
2262 0 -64 0
2263 1 63 1
2264 0 -64 0
2265 1 63 1
2266 0 -64 0
2267 1 63 1
2268 0 -64 0
2269 1 63 1
2270 0 -64 0
2271 0 -64 0
2272 0 -64 0
2273 1 63 1
2274 1 63 1
2275 1 63 1
2276 0 -64 0
2277 1 63 1
2278 0 -64 0
2279 0 -64 0
2280 1 63 1
2281 1 63 1
2282 0 -64 0
2283 0 -64 0
2284 1 63 1
2285 1 63 1
2286 0 -64 0
2287 1 63 1
2288 1 63 1
2289 1 63 1
2290 0 -64 0
2291 1 63 1
2292 1 63 1
2293 1 63 1
2294 0 -64 0
2295 0 -64 0
2296 0 -64 0
2297 1 63 1
2298 1 63 1
2299 0 -64 0
2300 1 63 1
2301 0 -64 0
2302 0 -64 0
2303 0 -64 0
2304 0 -64 0
2305 1 63 1
2306 0 -64 0
2307 1 63 1
2308 1 63 1
2309 1 63 1
2310 0 -64 0
2311 1 63 1
2312 0 -64 0
2313 0 -64 0
2314 1 63 1
2315 0 -64 0
2316 1 63 1
2317 0 -64 0
2318 0 -64 0
2319 1 63 1
2320 0 -64 0
2321 1 63 1
2322 1 63 1
2323 0 -64 0
2324 0 -64 0
2325 0 -64 0
2326 1 63 1
2327 0 -64 0
2328 0 -64 0
2329 0 -64 0
2330 0 -64 0
2331 0 -64 0
2332 0 -64 0
2333 0 -64 0
2334 1 63 1
2335 0 -64 0
2336 1 63 1
2337 1 37 1
2338 1 63 1
2339 1 63 1
2340 1 63 1
2341 0 -64 0
2342 0 -64 0
2343 0 -64 0
2344 0 -64 0
2345 1 63 1
2346 0 -64 0
2347 0 -64 0
2348 0 -64 0
2349 0 -64 0
2350 1 63 1
2351 1 39 1
2352 1 63 1
2353 1 63 1
2354 1 63 1
2355 0 -64 0
2356 1 63 1
2357 0 -64 0
2358 0 -64 0
2359 0 -64 0
2360 1 63 1
2361 0 -64 0
2362 0 -64 0
2363 0 -64 0
2364 0 -64 0
2365 0 -64 0
2366 0 -64 0
2367 1 63 1
2368 0 -64 0
2369 1 38 1
2370 1 63 1
2371 1 63 1
2372 0 -64 0
2373 0 -64 0
2374 1 63 1
2375 1 63 1
2376 0 -64 0
2377 0 -58 0
2378 1 63 1
2379 1 63 1
2380 0 -64 0
2381 1 63 1
2382 1 -64 0
2383 1 63 1
2384 0 -64 0
2385 0 -64 0
2386 0 -64 0
2387 1 63 1
2388 0 -64 0
2389 0 -64 0
2390 1 63 1
2391 1 63 1
2392 1 63 1
2393 1 63 1
2394 1 12 1
2395 0 -64 0
2396 1 63 1
2397 0 -64 0
2398 0 -64 0
2399 0 -64 0
2400 1 39 1
2401 0 -64 0
2402 1 63 1
2403 0 -64 0
2404 0 -64 0
2405 0 -64 0
2406 0 -64 0
2407 0 -64 0
2408 0 -64 0
2409 1 63 1
2410 1 63 1
2411 0 -64 0
2412 1 63 1
2413 0 -63 0
2414 0 -64 0
2415 0 -64 0
2416 1 63 1
2417 0 -64 0
2418 0 -64 0
2419 0 -64 0
2420 1 63 1
2421 1 63 1
2422 1 63 1
2423 0 -64 0
2424 1 63 1
2425 0 -64 0
2426 1 63 1
2427 0 -64 0
2428 0 -64 0
2429 0 -64 0
2430 0 -64 0
2431 1 63 1
2432 0 -64 0
2433 1 63 1
2434 1 63 1
2435 0 -64 0
2436 0 -64 0
2437 0 -64 0
2438 0 -64 0
2439 0 -64 0
2440 0 -64 0
2441 0 -63 0
2442 0 -64 0
2443 0 -64 0
2444 0 -64 0
2445 1 63 1
2446 1 63 1
2447 0 -64 0
2448 0 -64 0
2449 1 63 1
2450 0 -64 0
2451 1 63 1
2452 0 -64 0
2453 0 -64 0
2454 0 -64 0
2455 1 63 1
2456 0 41 1
2457 0 -64 0
2458 0 -64 0
2459 1 63 1
2460 1 63 1
2461 0 -64 0
2462 0 -64 0
2463 0 -64 0
2464 0 -64 0
2465 1 63 1
2466 0 -64 0
2467 0 -64 0
2468 1 63 1
2469 0 -64 0
2470 1 63 1
2471 0 -64 0
2472 1 63 1
2473 0 -64 0
2474 1 63 1
2475 1 63 1
2476 1 63 1
2477 0 -64 0
2478 0 -64 0
2479 1 63 1
2480 1 63 1
2481 1 63 1
2482 1 63 1
2483 0 -64 0
2484 0 -64 0
2485 1 63 1
2486 0 -64 0
2487 0 -64 0
2488 1 63 1
2489 1 63 1
2490 0 -64 0
2491 1 63 1
2492 0 -64 0
2493 0 -64 0
2494 1 63 1
2495 0 -64 0
2496 0 -64 0
2497 0 -64 0
2498 0 -64 0
2499 1 63 1
2500 0 -64 0
2501 0 -64 0
2502 0 -64 0
2503 0 -64 0
2504 1 63 1
2505 0 -64 0
2506 0 -64 0
2507 0 -64 0
2508 0 -64 0
2509 0 -64 0
2510 1 63 1
2511 1 63 1
2512 0 -64 0
2513 1 63 1
2514 1 63 1
2515 1 63 1
2516 0 -64 0
2517 0 -64 0
2518 1 63 1
2519 0 -64 0
2520 0 -64 0
2521 1 63 1
2522 1 63 1
2523 0 -64 0
2524 0 -56 0
2525 1 63 1
2526 1 63 1
2527 1 63 1
2528 0 -64 0
2529 0 -64 0
2530 1 63 1
2531 0 -64 0
2532 1 63 1
2533 1 63 1
2534 1 63 1
2535 0 -64 0
2536 1 63 1
2537 1 63 1
2538 0 -64 0
2539 0 -64 0
2540 1 63 1
2541 1 63 1
2542 0 -64 0
2543 0 -64 0
2544 1 63 1
2545 0 -64 0
2546 0 -64 0
2547 0 -64 0
2548 1 63 1
2549 0 -64 0
2550 0 -64 0
2551 1 63 1
2552 1 63 1
2553 1 63 1
2554 0 -64 0
2555 1 63 1
2556 1 63 1
2557 1 63 1
2558 1 63 1
2559 0 -64 0
2560 0 -64 0
2561 0 -64 0
2562 0 -64 0
2563 0 -64 0
2564 0 -64 0
2565 0 -64 0
2566 1 63 1
2567 0 -64 0
2568 1 63 1
2569 1 63 1
2570 0 -64 0
2571 0 -64 0
2572 1 63 1
2573 0 -64 0
2574 0 -64 0
2575 0 -64 0
2576 0 -64 0
2577 1 63 1
2578 0 -64 0
2579 1 63 1
2580 1 63 1
2581 1 63 1
2582 0 -64 0
2583 0 -64 0
2584 1 63 1
2585 1 63 1
2586 0 -64 0
2587 1 63 1
2588 1 63 1
2589 1 63 1
2590 0 -64 0
2591 1 63 1
2592 0 -64 0
2593 1 63 1
2594 1 63 1
2595 0 -64 0
2596 0 -51 0
2597 1 63 1
2598 1 63 1
2599 0 -64 0
2600 1 63 1
2601 1 63 1
2602 0 -64 0
2603 0 -64 0
2604 0 -64 0
2605 0 -64 0
2606 1 63 1
2607 1 63 1
2608 1 63 1
2609 0 -64 0
2610 0 -64 0
2611 0 -64 0
2612 0 -64 0
2613 0 -64 0
2614 0 -64 0
2615 1 63 1
2616 0 -64 0
2617 1 63 1
2618 1 63 1
2619 1 63 1
2620 1 63 1
2621 0 -64 0
2622 1 41 1
2623 0 -64 0
2624 0 -64 0
2625 1 63 1
2626 0 -64 0
2627 1 63 1
2628 1 63 1
2629 1 63 1
2630 0 -64 0
2631 1 63 1
2632 0 -64 0
2633 1 63 1
2634 0 -64 0
2635 0 -60 0
2636 0 -64 0
2637 0 -64 0
2638 1 63 1
2639 1 63 1
2640 1 63 1
2641 0 -64 0
2642 0 -64 0
2643 0 -64 0
2644 1 63 1
2645 1 63 1
2646 1 63 1
2647 0 -64 0
2648 1 63 1
2649 0 -64 0
2650 1 63 1
2651 0 -64 0
2652 0 -64 0
2653 0 -64 0
2654 1 63 1
2655 1 63 1
2656 0 -64 0
2657 0 -64 0
2658 1 60 1
2659 0 -64 0
2660 0 -64 0
2661 1 63 1
2662 1 63 1
2663 0 -64 0
2664 1 63 1
2665 0 -64 0
2666 0 -64 0
2667 1 63 1
2668 1 63 1
2669 1 63 1
2670 0 -64 0
2671 1 63 1
2672 0 -64 0
2673 0 41 1
2674 1 63 1
2675 0 -64 0
2676 0 -64 0
2677 0 -64 0
2678 1 63 1
2679 0 -64 0
2680 1 63 1
2681 0 -64 0
2682 0 -64 0
2683 0 -5 0
2684 0 -64 0
2685 1 63 1
2686 0 -64 0
2687 0 -64 0
2688 1 63 1
2689 0 -64 0
2690 1 63 1
2691 0 -64 0
2692 1 63 1
2693 0 -64 0
2694 1 63 1
2695 1 63 1
2696 0 -64 0
2697 1 63 1
2698 1 63 1
2699 0 -64 0
2700 1 63 1
2701 0 -64 0
2702 1 63 1
2703 1 63 1
2704 0 -64 0
2705 0 -64 0
2706 1 63 1
2707 1 63 1
2708 1 63 1
2709 0 -64 0
2710 0 -64 0
2711 0 -64 0
2712 0 -64 0
2713 1 -64 0
2714 1 63 1
2715 1 63 1
2716 0 46 1
2717 0 -64 0
2718 0 -64 0
2719 0 -64 0
2720 1 63 1
2721 0 -64 0
2722 1 63 1
2723 0 -64 0
2724 0 -64 0
2725 0 -64 0
2726 0 -64 0
2727 1 63 1
2728 1 63 1
2729 0 -64 0
2730 0 -64 0
2731 1 63 1
2732 1 63 1
2733 0 -64 0
2734 0 -64 0
2735 1 61 1
2736 1 63 1
2737 0 -64 0
2738 1 60 1
2739 0 -64 0
2740 0 -64 0
2741 0 -64 0
2742 1 63 1
2743 1 63 1
2744 1 63 1
2745 1 63 1
2746 1 63 1
2747 1 63 1
2748 0 -64 0
2749 1 63 1
2750 0 -64 0
2751 0 -55 0
2752 1 63 1
2753 1 63 1
2754 0 -64 0
2755 1 63 1
2756 1 63 1
2757 1 63 1
2758 0 -64 0
2759 1 63 1
2760 1 63 1
2761 1 63 1
2762 1 63 1
2763 0 -64 0
2764 0 -64 0
2765 1 63 1
2766 1 63 1
2767 0 -64 0
2768 1 63 1
2769 0 -47 0
2770 0 -64 0
2771 1 63 1
2772 1 63 1
2773 1 63 1
2774 0 -64 0
2775 0 -64 0
2776 0 -64 0
2777 0 -64 0
2778 0 -64 0
2779 0 -64 0
2780 1 63 1
2781 0 -64 0
2782 0 -64 0
2783 1 63 1
2784 0 -64 0
2785 1 63 1
2786 1 63 1
2787 1 63 1
2788 0 -64 0
2789 0 -64 0
2790 1 63 1
2791 1 63 1
2792 1 63 1
2793 1 63 1
2794 0 -64 0
2795 1 63 1
2796 0 -64 0
2797 0 -64 0
2798 1 63 1
2799 1 63 1
2800 0 -39 0
2801 0 -64 0
2802 0 -64 0
2803 0 -64 0
2804 1 63 1
2805 0 -64 0
2806 0 -64 0
2807 1 63 1
2808 1 63 1
2809 1 63 1
2810 0 -64 0
2811 0 -64 0
2812 0 -64 0
2813 0 -59 0
2814 1 -64 0
2815 1 63 1
2816 0 -64 0
2817 0 -64 0
2818 0 -64 0
2819 1 63 1
2820 1 63 1
2821 0 -64 0
2822 1 63 1
2823 1 63 1
2824 0 -64 0
2825 1 63 1
2826 1 63 1
2827 0 -64 0
2828 1 63 1
2829 0 -64 0
2830 0 -64 0
2831 0 -64 0
2832 1 63 1
2833 1 63 1
2834 0 -64 0
2835 0 -64 0
2836 1 63 1
2837 1 63 1
2838 1 39 1
2839 1 63 1
2840 0 -64 0
2841 1 63 1
2842 0 -64 0
2843 0 -64 0
2844 0 -64 0
2845 0 -64 0
2846 0 -64 0
2847 0 -64 0
2848 1 63 1
2849 1 63 1
2850 1 63 1
2851 0 -64 0
2852 1 63 1
2853 0 -64 0
2854 0 -64 0
2855 1 63 1
2856 0 -64 0
2857 0 -64 0
2858 1 63 1
2859 1 63 1
2860 0 -64 0
2861 1 63 1
2862 0 -64 0
2863 0 -64 0
2864 0 -64 0
2865 0 -64 0
2866 1 63 1
2867 0 -58 0
2868 0 -64 0
2869 0 -64 0
2870 1 63 1
2871 0 -64 0
2872 1 63 1
2873 1 63 1
2874 0 -64 0
2875 0 -64 0
2876 1 63 1
2877 1 63 1
2878 0 -64 0
2879 0 -64 0
2880 1 63 1
2881 0 -64 0
2882 0 -64 0
2883 1 63 1
2884 1 63 1
2885 0 -64 0
2886 0 -64 0
2887 1 63 1
2888 1 63 1
2889 0 -64 0
2890 0 -64 0
2891 1 63 1
2892 1 63 1
2893 1 63 1
2894 1 63 1
2895 1 63 1
2896 1 63 1
2897 0 -64 0
2898 0 -64 0
2899 0 -64 0
2900 0 -64 0
2901 1 63 1
2902 0 -64 0
2903 0 -64 0
2904 1 63 1
2905 1 63 1
2906 0 -64 0
2907 0 -64 0
2908 0 -64 0
2909 1 63 1
2910 1 63 1
2911 1 63 1
2912 0 -64 0
2913 1 63 1
2914 0 -64 0
2915 0 -64 0
2916 1 63 1
2917 0 -64 0
2918 1 63 1
2919 1 63 1
2920 0 -64 0
2921 0 -64 0
2922 0 -64 0
2923 1 63 1
2924 0 -46 0
2925 1 63 1
2926 1 63 1
2927 0 -64 0
2928 1 63 1
2929 1 63 1
2930 1 63 1
2931 1 32 1
2932 1 63 1
2933 1 63 1
2934 1 63 1
2935 1 63 1
2936 0 -64 0
2937 0 -64 0
2938 0 -64 0
2939 0 -64 0
2940 1 63 1
2941 1 63 1
2942 1 63 1
2943 0 -64 0
2944 0 -64 0
2945 1 63 1
2946 0 -64 0
2947 1 63 1
2948 0 -64 0
2949 0 -64 0
2950 1 63 1
2951 0 -64 0
2952 1 63 1
2953 1 63 1
2954 0 -64 0
2955 0 -52 0
2956 0 -64 0
2957 1 63 1
2958 0 -64 0
2959 0 -64 0
2960 1 63 1
2961 1 63 1
2962 1 63 1
2963 1 63 1
2964 1 63 1
2965 0 -64 0
2966 1 63 1
2967 0 -64 0
2968 1 63 1
2969 0 -64 0
2970 0 -64 0
2971 0 -64 0
2972 0 -64 0
2973 1 63 1
2974 1 63 1
2975 0 -64 0
2976 1 63 1
2977 0 -64 0
2978 1 63 1
2979 1 -46 0
2980 1 63 1
2981 1 63 1
2982 1 63 1
2983 0 -64 0
2984 0 -64 0
2985 1 63 1
2986 0 -64 0
2987 1 63 1
2988 1 63 1
2989 1 52 1
2990 1 63 1
2991 1 63 1
2992 0 -64 0
2993 0 -64 0
2994 0 -64 0
2995 1 63 1
2996 1 48 1
2997 0 -64 0
2998 1 63 1
2999 0 -64 0
3000 0 -64 0
3001 1 63 1
3002 0 -64 0
3003 0 -64 0
3004 0 -64 0
3005 1 63 1
3006 1 63 1
3007 0 -64 0
3008 1 63 1
3009 1 63 1
3010 0 -64 0
3011 1 63 1
3012 1 63 1
3013 0 -64 0
3014 1 59 1
3015 0 -64 0
3016 1 63 1
3017 1 63 1
3018 0 -64 0
3019 0 -64 0
3020 1 63 1
3021 1 63 1
3022 1 37 1
3023 0 -64 0
3024 0 -64 0
3025 0 -64 0
3026 0 -64 0
3027 0 -64 0
3028 0 -64 0
3029 0 -64 0
3030 0 -64 0
3031 0 -64 0
3032 0 -64 0
3033 1 63 1
3034 1 63 1
3035 1 63 1
3036 1 63 1
3037 1 63 1
3038 1 63 1
3039 0 -64 0
3040 0 -64 0
3041 1 63 1
3042 1 63 1
3043 0 -64 0
3044 0 -64 0
3045 1 54 1
3046 0 -64 0
3047 1 63 1
3048 0 -64 0
3049 0 -64 0
3050 1 63 1
3051 1 63 1
3052 0 -64 0
3053 1 63 1
3054 0 -64 0
3055 0 -64 0
3056 0 -64 0
3057 0 -64 0
3058 1 59 1
3059 1 63 1
3060 1 63 1
3061 1 63 1
3062 1 63 1
3063 0 -64 0
3064 0 -64 0
3065 1 63 1
3066 0 -64 0
3067 0 -64 0
3068 0 -64 0
3069 0 -64 0
3070 1 63 1
3071 0 -64 0
3072 1 63 1
3073 0 -64 0
3074 1 63 1
3075 0 -64 0
3076 1 63 1
3077 0 -64 0
3078 1 63 1
3079 0 -64 0
3080 0 -64 0
3081 1 63 1
3082 1 63 1
3083 0 -64 0
3084 0 -64 0
3085 0 -64 0
3086 1 63 1
3087 1 63 1
3088 1 63 1
3089 1 63 1
3090 0 -64 0
3091 0 -64 0
3092 1 63 1
3093 0 -64 0
3094 1 63 1
3095 1 63 1
3096 0 -64 0
3097 1 63 1
3098 1 63 1
3099 0 -64 0
3100 1 63 1
3101 0 -64 0
3102 1 63 1
3103 0 -64 0
3104 1 63 1
3105 0 -64 0
3106 0 -64 0
3107 1 63 1
3108 1 63 1
3109 1 63 1
3110 0 -64 0
3111 1 63 1
3112 1 63 1
3113 0 -64 0
3114 1 63 1
3115 0 63 1
3116 0 -64 0
3117 0 -64 0
3118 1 63 1
3119 1 63 1
3120 0 -64 0
3121 1 63 1
3122 1 63 1
3123 0 -64 0
3124 0 -64 0
3125 0 -64 0
3126 1 63 1
3127 1 63 1
3128 1 63 1
3129 1 63 1
3130 0 -64 0
3131 0 -64 0
3132 1 63 1
3133 0 -64 0
3134 1 63 1
3135 1 63 1
3136 1 63 1
3137 1 63 1
3138 0 -64 0
3139 0 -64 0
3140 0 -64 0
3141 0 -64 0
3142 0 -64 0
3143 0 -64 0
3144 0 -64 0
3145 1 63 1
3146 1 63 1
3147 0 -64 0
3148 0 -63 0
3149 0 -64 0
3150 0 -64 0
3151 0 -40 0
3152 0 -64 0
3153 1 63 1
3154 1 63 1
3155 0 -64 0
3156 0 -64 0
3157 1 63 1
3158 1 63 1
3159 0 -64 0
3160 1 63 1
3161 1 63 1
3162 1 63 1
3163 0 -64 0
3164 0 -64 0
3165 0 -64 0
3166 0 -64 0
3167 0 -64 0
3168 0 -64 0
3169 1 63 1
3170 1 63 1
3171 1 63 1
3172 0 -64 0
3173 1 58 1
3174 1 63 1
3175 1 63 1
3176 0 -64 0
3177 0 -64 0
3178 1 63 1
3179 1 63 1
3180 1 63 1
3181 0 -64 0
3182 1 63 1
3183 0 -64 0
3184 0 -64 0
3185 1 63 1
3186 0 -64 0
3187 0 -64 0
3188 1 63 1
3189 0 -64 0
3190 0 -64 0
3191 1 63 1
3192 0 -64 0
3193 1 63 1
3194 0 -64 0
3195 1 63 1
3196 0 -64 0
3197 0 -64 0
3198 1 63 1
3199 1 63 1
