# idx_orig bit_orig post_llr_q hard
0 0 -64 0
1 0 -64 0
2 1 63 1
3 0 -64 0
4 0 -64 0
5 1 63 1
6 1 63 1
7 0 -64 0
8 1 63 1
9 1 63 1
10 1 63 1
11 1 63 1
12 0 -64 0
13 0 -64 0
14 0 -64 0
15 1 63 1
16 0 -64 0
17 1 63 1
18 1 63 1
19 0 -64 0
20 0 -64 0
21 0 -64 0
22 1 63 1
23 0 -64 0
24 1 63 1
25 1 63 1
26 1 63 1
27 1 63 1
28 0 -64 0
29 0 -64 0
30 0 -64 0
31 1 63 1
32 0 -64 0
33 1 63 1
34 0 -64 0
35 1 63 1
36 1 63 1
37 0 -64 0
38 0 -64 0
39 0 -64 0
40 1 63 1
41 0 -64 0
42 1 63 1
43 1 63 1
44 1 63 1
45 1 63 1
46 0 -64 0
47 0 -64 0
48 1 63 1
49 0 -64 0
50 0 -64 0
51 1 63 1
52 1 63 1
53 0 -64 0
54 0 -64 0
55 1 63 1
56 0 -64 0
57 0 -64 0
58 1 63 1
59 0 -64 0
60 1 63 1
61 0 -64 0
62 1 63 1
63 1 63 1
64 0 -64 0
65 1 63 1
66 1 63 1
67 1 63 1
68 0 -64 0
69 0 -64 0
70 1 63 1
71 1 63 1
72 0 -64 0
73 1 63 1
74 0 -64 0
75 0 -64 0
76 1 63 1
77 1 63 1
78 1 63 1
79 0 -64 0
80 0 -64 0
81 1 63 1
82 1 63 1
83 0 -64 0
84 0 -64 0
85 1 63 1
86 1 63 1
87 1 63 1
88 1 63 1
89 1 63 1
90 1 63 1
91 1 63 1
92 1 63 1
93 0 -64 0
94 1 63 1
95 0 -64 0
96 0 -64 0
97 0 -64 0
98 1 63 1
99 1 63 1
100 1 63 1
101 1 63 1
102 0 -64 0
103 1 63 1
104 1 63 1
105 0 -64 0
106 1 63 1
107 0 -64 0
108 0 -64 0
109 1 63 1
110 0 -64 0
111 1 63 1
112 0 -64 0
113 1 63 1
114 1 63 1
115 1 63 1
116 1 63 1
117 0 -64 0
118 1 63 1
119 0 -64 0
120 1 63 1
121 0 -64 0
122 0 -64 0
123 1 63 1
124 0 -64 0
125 1 63 1
126 1 63 1
127 0 -64 0
128 0 -64 0
129 1 63 1
130 0 -64 0
131 1 63 1
132 0 -64 0
133 1 63 1
134 0 -64 0
135 0 -64 0
136 1 63 1
137 1 63 1
138 0 -64 0
139 0 -64 0
140 1 63 1
141 0 -64 0
142 1 63 1
143 1 63 1
144 1 63 1
145 0 -64 0
146 1 63 1
147 0 -64 0
148 1 63 1
149 0 -64 0
150 1 63 1
151 1 63 1
152 0 63 1
153 0 -64 0
154 0 -64 0
155 1 63 1
156 1 -64 0
157 0 63 1
158 0 -64 0
159 0 -64 0
160 0 -64 0
161 0 -64 0
162 0 -64 0
163 1 63 1
164 1 63 1
165 1 63 1
166 1 63 1
167 1 63 1
168 1 63 1
169 1 63 1
170 0 -64 0
171 0 -64 0
172 0 -64 0
173 1 63 1
174 1 63 1
175 1 63 1
176 0 -64 0
177 0 -64 0
178 0 -64 0
179 0 -64 0
180 0 -64 0
181 0 -64 0
182 0 -64 0
183 0 -64 0
184 0 -64 0
185 0 -64 0
186 0 -64 0
187 1 63 1
188 0 -64 0
189 0 -64 0
190 1 63 1
191 1 63 1
192 1 63 1
193 1 63 1
194 0 -64 0
195 1 63 1
196 0 -64 0
197 1 63 1
198 1 63 1
199 0 -64 0
200 1 63 1
201 0 -64 0
202 0 -64 0
203 0 -64 0
204 0 -64 0
205 0 -64 0
206 0 -64 0
207 1 63 1
208 0 -64 0
209 1 63 1
210 1 63 1
211 0 -64 0
212 1 63 1
213 1 63 1
214 1 63 1
215 0 -64 0
216 0 -64 0
217 1 63 1
218 1 63 1
219 1 63 1
220 1 63 1
221 1 63 1
222 0 -64 0
223 0 -64 0
224 1 63 1
225 1 63 1
226 0 -64 0
227 0 -64 0
228 0 -64 0
229 0 -64 0
230 1 63 1
231 0 -64 0
232 1 63 1
233 1 63 1
234 1 63 1
235 1 63 1
236 1 63 1
237 1 63 1
238 1 63 1
239 1 63 1
240 1 63 1
241 0 -64 0
242 0 -64 0
243 1 63 1
244 1 63 1
245 0 -64 0
246 0 -64 0
247 1 63 1
248 1 63 1
249 1 63 1
250 1 63 1
251 0 -64 0
252 0 -64 0
253 0 -64 0
254 1 63 1
255 0 -64 0
256 0 -64 0
257 0 -64 0
258 1 63 1
259 1 63 1
260 0 -64 0
261 1 63 1
262 0 -64 0
263 0 -64 0
264 1 63 1
265 0 -64 0
266 0 -64 0
267 0 -64 0
268 1 63 1
269 1 63 1
270 0 -64 0
271 0 -64 0
272 1 63 1
273 1 63 1
274 0 -64 0
275 1 63 1
276 1 63 1
277 1 63 1
278 0 -64 0
279 1 63 1
280 0 -64 0
281 1 63 1
282 0 -64 0
283 0 -64 0
284 1 63 1
285 0 -64 0
286 1 63 1
287 0 -64 0
288 1 63 1
289 1 63 1
290 1 63 1
291 0 -64 0
292 0 -64 0
293 0 -64 0
294 1 63 1
295 1 63 1
296 0 -64 0
297 0 -64 0
298 0 -64 0
299 1 63 1
300 1 63 1
301 0 -64 0
302 1 63 1
303 0 -64 0
304 0 -64 0
305 1 63 1
306 1 63 1
307 0 -64 0
308 1 63 1
309 1 63 1
310 1 63 1
311 1 63 1
312 0 -64 0
313 1 63 1
314 1 63 1
315 1 63 1
316 0 -64 0
317 0 -64 0
318 1 63 1
319 0 -64 0
320 0 -64 0
321 1 63 1
322 1 63 1
323 1 63 1
324 1 63 1
325 0 -64 0
326 0 -64 0
327 0 -64 0
328 0 -64 0
329 1 63 1
330 0 -64 0
331 0 -64 0
332 0 -64 0
333 0 -64 0
334 0 -64 0
335 0 -64 0
336 0 -64 0
337 1 63 1
338 1 63 1
339 1 63 1
340 0 -64 0
341 0 -64 0
342 1 63 1
343 0 -64 0
344 0 -64 0
345 1 63 1
346 1 63 1
347 1 63 1
348 0 -64 0
349 0 -64 0
350 1 63 1
351 1 63 1
352 0 -64 0
353 0 -64 0
354 0 -64 0
355 0 -64 0
356 0 -64 0
357 0 -64 0
358 0 -64 0
359 0 -64 0
360 0 -64 0
361 1 63 1
362 0 -64 0
363 0 -64 0
364 1 63 1
365 0 -64 0
366 0 -64 0
367 0 -64 0
368 1 63 1
369 0 -64 0
370 1 63 1
371 1 63 1
372 0 -64 0
373 1 63 1
374 0 -64 0
375 0 -64 0
376 1 63 1
377 0 -64 0
378 0 -64 0
379 0 -64 0
380 0 -64 0
381 1 63 1
382 1 63 1
383 1 63 1
384 1 63 1
385 0 -64 0
386 0 -64 0
387 1 63 1
388 0 -64 0
389 0 -64 0
390 1 63 1
391 1 63 1
392 0 -64 0
393 1 63 1
394 0 -64 0
395 0 -64 0
396 1 63 1
397 0 -64 0
398 1 63 1
399 1 63 1
400 1 63 1
401 0 -64 0
402 1 63 1
403 0 -64 0
404 0 -64 0
405 0 -64 0
406 0 -64 0
407 1 63 1
408 1 63 1
409 1 63 1
410 0 -64 0
411 0 -64 0
412 1 63 1
413 0 -64 0
414 1 63 1
415 1 63 1
416 0 -64 0
417 1 63 1
418 1 63 1
419 0 -64 0
420 1 63 1
421 0 -64 0
422 0 -64 0
423 1 63 1
424 1 63 1
425 0 -64 0
426 0 -64 0
427 1 63 1
428 0 -64 0
429 1 63 1
430 0 -64 0
431 1 63 1
432 1 63 1
433 1 63 1
434 0 -64 0
435 0 -64 0
436 1 63 1
437 0 -64 0
438 0 -64 0
439 0 -64 0
440 1 63 1
441 1 63 1
442 0 -64 0
443 1 63 1
444 1 63 1
445 0 -64 0
446 1 63 1
447 1 63 1
448 1 63 1
449 1 63 1
450 1 63 1
451 0 -64 0
452 1 63 1
453 1 63 1
454 1 63 1
455 1 63 1
456 1 63 1
457 0 -64 0
458 0 -64 0
459 1 -64 0
460 0 -64 0
461 1 -64 0
462 1 63 1
463 0 63 1
464 0 63 1
465 0 -64 0
466 0 -64 0
467 1 63 1
468 0 63 1
469 0 -64 0
470 0 -64 0
471 1 63 1
472 1 63 1
473 1 63 1
474 0 -64 0
475 0 -64 0
476 1 63 1
477 1 63 1
478 1 63 1
479 1 63 1
480 1 63 1
481 1 63 1
482 1 63 1
483 0 -64 0
484 0 -64 0
485 0 -64 0
486 0 -64 0
487 1 63 1
488 1 63 1
489 1 63 1
490 1 63 1
491 1 63 1
492 0 -64 0
493 1 63 1
494 1 63 1
495 0 -64 0
496 0 -64 0
497 0 -64 0
498 0 -64 0
499 1 63 1
500 1 63 1
501 1 63 1
502 0 -64 0
503 0 -64 0
504 1 63 1
505 0 -64 0
506 0 -64 0
507 0 -64 0
508 0 -64 0
509 1 63 1
510 1 63 1
511 1 63 1
512 1 63 1
513 1 63 1
514 1 63 1
515 1 63 1
516 1 63 1
517 1 63 1
518 0 -64 0
519 0 -64 0
520 1 63 1
521 1 63 1
522 1 63 1
523 0 -64 0
524 0 -64 0
525 0 -64 0
526 0 -64 0
527 1 63 1
528 1 63 1
529 1 63 1
530 0 -64 0
531 1 63 1
532 1 63 1
533 1 63 1
534 1 63 1
535 0 -64 0
536 0 -64 0
537 1 63 1
538 1 63 1
539 1 63 1
540 0 -64 0
541 1 63 1
542 1 63 1
543 0 -64 0
544 0 -64 0
545 1 63 1
546 0 -64 0
547 1 63 1
548 1 63 1
549 0 -64 0
550 0 -64 0
551 1 63 1
552 0 -64 0
553 0 -64 0
554 1 63 1
555 1 63 1
556 0 -64 0
557 0 -64 0
558 0 -64 0
559 1 63 1
560 1 63 1
561 1 63 1
562 0 -64 0
563 1 63 1
564 0 -64 0
565 0 -64 0
566 1 63 1
567 0 -64 0
568 0 -64 0
569 1 63 1
570 1 63 1
571 1 63 1
572 0 -64 0
573 1 63 1
574 0 -64 0
575 0 -64 0
576 0 -64 0
577 1 63 1
578 1 63 1
579 1 63 1
580 1 63 1
581 1 63 1
582 1 63 1
583 1 63 1
584 1 63 1
585 0 -64 0
586 0 -64 0
587 1 63 1
588 0 -64 0
589 1 63 1
590 1 63 1
591 1 63 1
592 0 -64 0
593 0 -64 0
594 1 63 1
595 0 -64 0
596 0 -64 0
597 0 -64 0
598 0 -64 0
599 1 63 1
600 0 -64 0
601 1 63 1
602 1 63 1
603 1 63 1
604 1 63 1
605 1 63 1
606 0 -64 0
607 1 63 1
608 1 63 1
609 0 -64 0
610 1 63 1
611 0 -64 0
612 0 -64 0
613 1 63 1
614 0 -64 0
615 1 63 1
616 0 -64 0
617 0 -64 0
618 0 -64 0
619 1 63 1
620 1 63 1
621 0 -64 0
622 0 -64 0
623 1 63 1
624 0 -64 0
625 0 -64 0
626 0 -64 0
627 0 -64 0
628 0 -64 0
629 1 63 1
630 1 63 1
631 0 -64 0
632 0 -64 0
633 1 63 1
634 1 63 1
635 1 63 1
636 0 -64 0
637 0 -64 0
638 0 -64 0
639 0 -64 0
640 0 -64 0
641 0 -64 0
642 0 -64 0
643 1 63 1
644 1 63 1
645 0 -64 0
646 1 63 1
647 0 -64 0
648 0 -64 0
649 0 -64 0
650 0 -64 0
651 1 63 1
652 0 -64 0
653 0 -64 0
654 1 63 1
655 0 -64 0
656 1 63 1
657 1 63 1
658 1 63 1
659 1 63 1
660 0 -64 0
661 0 -64 0
662 0 -64 0
663 1 63 1
664 1 63 1
665 0 -64 0
666 1 63 1
667 0 -64 0
668 0 -64 0
669 0 -64 0
670 1 63 1
671 0 -64 0
672 1 63 1
673 0 -64 0
674 1 63 1
675 0 -64 0
676 1 63 1
677 1 63 1
678 1 63 1
679 1 63 1
680 0 -64 0
681 1 63 1
682 0 -64 0
683 1 63 1
684 0 -64 0
685 0 -64 0
686 1 63 1
687 0 -64 0
688 1 63 1
689 1 63 1
690 1 63 1
691 1 63 1
692 1 63 1
693 0 -64 0
694 1 63 1
695 0 -64 0
696 1 63 1
697 0 -64 0
698 1 63 1
699 0 -64 0
700 1 63 1
701 0 -64 0
702 0 -64 0
703 1 63 1
704 1 63 1
705 0 -64 0
706 1 63 1
707 1 63 1
708 1 63 1
709 1 63 1
710 0 -64 0
711 0 -64 0
712 0 -64 0
713 1 63 1
714 1 63 1
715 0 -64 0
716 0 -64 0
717 1 63 1
718 0 -64 0
719 1 63 1
720 0 -64 0
721 0 -64 0
722 0 -64 0
723 1 63 1
724 1 63 1
725 0 -64 0
726 1 63 1
727 1 63 1
728 1 63 1
729 1 63 1
730 0 -64 0
731 1 63 1
732 0 -64 0
733 0 -64 0
734 1 63 1
735 1 63 1
736 0 -64 0
737 1 63 1
738 1 63 1
739 1 63 1
740 0 -64 0
741 1 63 1
742 1 63 1
743 0 -64 0
744 1 63 1
745 1 63 1
746 1 63 1
747 1 63 1
748 0 -64 0
749 1 63 1
750 1 63 1
751 0 -64 0
752 1 63 1
753 1 63 1
754 0 -64 0
755 0 -64 0
756 1 -60 0
757 0 -64 0
758 1 63 1
759 0 -64 0
760 0 -64 0
761 1 44 1
762 1 47 1
763 1 -43 0
764 1 63 1
765 1 47 1
766 0 -51 0
767 1 -23 0
768 1 38 1
769 0 43 1
770 0 41 1
771 1 50 1
772 0 -64 0
773 0 -55 0
774 1 55 1
775 1 63 1
776 1 47 1
777 1 63 1
778 0 -64 0
779 0 -64 0
780 0 -64 0
781 0 -64 0
782 0 -64 0
783 0 -64 0
784 1 63 1
785 0 -64 0
786 1 63 1
787 1 63 1
788 0 -64 0
789 1 63 1
790 1 63 1
791 1 63 1
792 1 63 1
793 1 63 1
794 1 63 1
795 0 -64 0
796 0 -64 0
797 1 63 1
798 0 -64 0
799 0 -64 0
800 0 -64 0
801 0 -64 0
802 0 -64 0
803 0 -64 0
804 0 -64 0
805 0 -64 0
806 1 63 1
807 1 63 1
808 0 -64 0
809 0 -64 0
810 0 -64 0
811 0 -64 0
812 0 -64 0
813 1 63 1
814 1 63 1
815 0 -64 0
816 1 63 1
817 1 63 1
818 0 -64 0
819 1 63 1
820 0 -64 0
821 0 -64 0
822 1 63 1
823 0 -64 0
824 0 -64 0
825 1 63 1
826 1 63 1
827 0 -64 0
828 1 63 1
829 1 63 1
830 1 63 1
831 0 -64 0
832 0 -64 0
833 1 63 1
834 1 63 1
835 0 -64 0
836 0 -64 0
837 0 -64 0
838 0 -64 0
839 0 -64 0
840 0 -64 0
841 1 63 1
842 1 63 1
843 0 -64 0
844 0 -64 0
845 0 -64 0
846 0 -64 0
847 0 -64 0
848 1 63 1
849 0 -64 0
850 1 63 1
851 1 63 1
852 0 -64 0
853 0 -64 0
854 1 63 1
855 0 -64 0
856 1 63 1
857 0 -64 0
858 1 63 1
859 1 63 1
860 0 -64 0
861 0 -64 0
862 1 63 1
863 1 63 1
864 1 63 1
865 1 63 1
866 1 63 1
867 0 -64 0
868 1 63 1
869 1 63 1
870 0 -64 0
871 0 -64 0
872 0 -64 0
873 0 -64 0
874 0 -64 0
875 0 -64 0
876 0 -64 0
877 0 -64 0
878 1 63 1
879 1 63 1
880 1 63 1
881 0 -64 0
882 1 63 1
883 0 -64 0
884 0 -64 0
885 0 -64 0
886 1 63 1
887 0 -64 0
888 0 -64 0
889 1 63 1
890 1 63 1
891 0 -64 0
892 0 -64 0
893 1 63 1
894 1 63 1
895 1 63 1
896 1 63 1
897 0 -64 0
898 1 63 1
899 0 -64 0
900 1 63 1
901 1 63 1
902 0 -64 0
903 1 63 1
904 0 -64 0
905 0 -64 0
906 0 -64 0
907 1 63 1
908 1 63 1
909 1 63 1
910 1 63 1
911 1 63 1
912 0 -64 0
913 0 -64 0
914 1 63 1
915 1 63 1
916 1 63 1
917 0 -64 0
918 1 63 1
919 0 -64 0
920 1 63 1
921 1 63 1
922 0 -64 0
923 1 63 1
924 1 63 1
925 0 -64 0
926 1 63 1
927 1 63 1
928 1 63 1
929 0 -64 0
930 0 -64 0
931 0 -64 0
932 0 -64 0
933 1 63 1
934 0 -64 0
935 0 -64 0
936 0 -64 0
937 1 63 1
938 1 63 1
939 1 63 1
940 1 63 1
941 0 -64 0
942 0 -64 0
943 1 63 1
944 0 -64 0
945 0 -64 0
946 0 -64 0
947 0 -64 0
948 0 -64 0
949 1 63 1
950 1 63 1
951 0 -64 0
952 1 63 1
953 1 63 1
954 1 63 1
955 0 -64 0
956 1 63 1
957 0 -64 0
958 0 -64 0
959 0 -64 0
960 1 63 1
961 0 -64 0
962 0 -64 0
963 1 63 1
964 0 -64 0
965 1 63 1
966 1 63 1
967 0 -64 0
968 0 -64 0
969 0 -64 0
970 1 63 1
971 0 -64 0
972 0 -64 0
973 1 63 1
974 0 -64 0
975 1 63 1
976 0 -64 0
977 1 63 1
978 0 -64 0
979 0 -64 0
980 1 63 1
981 0 -64 0
982 0 -64 0
983 0 -64 0
984 0 -64 0
985 1 63 1
986 0 -64 0
987 1 63 1
988 1 63 1
989 0 -64 0
990 1 63 1
991 1 63 1
992 1 63 1
993 1 63 1
994 1 63 1
995 1 63 1
996 0 -64 0
997 1 63 1
998 1 63 1
999 1 63 1
1000 1 63 1
1001 0 -64 0
1002 1 63 1
1003 1 63 1
1004 0 -64 0
1005 1 63 1
1006 0 -64 0
1007 0 -64 0
1008 1 63 1
1009 1 63 1
1010 1 63 1
1011 1 63 1
1012 0 -64 0
1013 1 63 1
1014 0 -64 0
1015 0 -64 0
1016 0 -64 0
1017 0 -64 0
1018 0 -64 0
1019 1 63 1
1020 1 63 1
1021 0 -64 0
1022 0 -64 0
1023 0 -64 0
1024 1 63 1
1025 1 63 1
1026 0 -64 0
1027 0 -64 0
1028 0 -64 0
1029 0 -64 0
1030 0 -64 0
1031 1 63 1
1032 0 -64 0
1033 0 -64 0
1034 0 -64 0
1035 1 63 1
1036 1 63 1
1037 0 -64 0
1038 0 -64 0
1039 0 -64 0
1040 1 63 1
1041 0 -64 0
1042 1 63 1
1043 0 -64 0
1044 1 63 1
1045 0 -64 0
1046 1 63 1
1047 1 63 1
1048 1 63 1
1049 0 -64 0
1050 0 -64 0
1051 0 -64 0
1052 1 63 1
1053 1 63 1
1054 1 63 1
1055 1 63 1
1056 0 -64 0
1057 0 -64 0
1058 0 -64 0
1059 1 63 1
1060 1 63 1
1061 0 -64 0
1062 0 -64 0
1063 0 -64 0
1064 0 -64 0
1065 1 63 1
1066 0 -64 0
1067 1 63 1
1068 0 -64 0
1069 0 -64 0
1070 1 63 1
1071 0 -64 0
1072 1 63 1
1073 1 63 1
1074 1 63 1
1075 1 63 1
1076 0 -64 0
1077 0 -64 0
1078 0 -64 0
1079 1 63 1
1080 0 -64 0
1081 0 -64 0
1082 1 63 1
1083 1 63 1
1084 1 63 1
1085 1 63 1
1086 1 63 1
1087 0 -64 0
1088 1 63 1
1089 0 -64 0
1090 1 63 1
1091 0 -64 0
1092 0 -64 0
1093 0 -64 0
1094 0 -64 0
1095 1 63 1
1096 0 -64 0
1097 1 63 1
1098 0 -64 0
1099 0 -64 0
1100 0 -64 0
1101 1 63 1
1102 0 -64 0
1103 0 -64 0
1104 1 63 1
1105 0 -64 0
1106 1 63 1
1107 1 63 1
1108 1 63 1
1109 1 63 1
1110 1 63 1
1111 0 -64 0
1112 1 63 1
1113 1 63 1
1114 1 63 1
1115 0 -64 0
1116 0 -64 0
1117 1 63 1
1118 0 -64 0
1119 1 63 1
1120 0 -64 0
1121 0 -64 0
1122 0 -64 0
1123 0 -64 0
1124 0 -64 0
1125 0 -64 0
1126 0 -64 0
1127 0 -64 0
1128 1 63 1
1129 1 63 1
1130 1 63 1
1131 1 63 1
1132 0 -64 0
1133 1 63 1
1134 1 63 1
1135 0 -64 0
1136 0 -64 0
1137 1 63 1
1138 0 -64 0
1139 1 63 1
1140 0 -64 0
1141 0 -64 0
1142 1 63 1
1143 0 -64 0
1144 1 63 1
1145 1 63 1
1146 1 63 1
1147 0 -64 0
1148 1 63 1
1149 0 -64 0
1150 0 -64 0
1151 1 63 1
1152 1 63 1
1153 1 63 1
1154 1 63 1
1155 0 -64 0
1156 0 -64 0
1157 0 -64 0
1158 0 -64 0
1159 1 63 1
1160 0 -64 0
1161 0 -64 0
1162 0 -64 0
1163 1 63 1
1164 0 -64 0
1165 1 63 1
1166 1 63 1
1167 0 -64 0
1168 1 63 1
1169 0 -64 0
1170 0 -64 0
1171 0 -64 0
1172 0 -64 0
1173 0 -64 0
1174 1 63 1
1175 0 -64 0
1176 1 63 1
1177 0 -64 0
1178 1 63 1
1179 0 -64 0
1180 0 -64 0
1181 1 63 1
1182 1 63 1
1183 1 63 1
1184 1 63 1
1185 1 63 1
1186 1 63 1
1187 1 63 1
1188 1 63 1
1189 1 63 1
1190 0 -64 0
1191 1 63 1
1192 0 -64 0
1193 1 63 1
1194 0 -64 0
1195 0 -64 0
1196 1 63 1
1197 1 63 1
1198 0 -64 0
1199 1 63 1
1200 0 -64 0
1201 1 63 1
1202 0 -64 0
1203 0 -64 0
1204 1 63 1
1205 1 63 1
1206 1 63 1
1207 0 -64 0
1208 1 63 1
1209 0 -64 0
1210 1 63 1
1211 0 -64 0
1212 1 63 1
1213 0 -64 0
1214 1 63 1
1215 0 -64 0
1216 1 63 1
1217 1 63 1
1218 1 63 1
1219 0 -64 0
1220 1 63 1
1221 0 -64 0
1222 1 63 1
1223 1 63 1
1224 0 -64 0
1225 1 63 1
1226 1 63 1
1227 1 63 1
1228 0 -64 0
1229 1 63 1
1230 0 -64 0
1231 0 -64 0
1232 1 63 1
1233 0 -64 0
1234 0 -64 0
1235 1 63 1
1236 1 63 1
1237 0 -64 0
1238 1 63 1
1239 0 -64 0
1240 0 -64 0
1241 0 -64 0
1242 0 -64 0
1243 1 63 1
1244 0 -64 0
1245 0 -64 0
1246 0 -64 0
1247 0 -64 0
1248 1 63 1
1249 0 -64 0
1250 0 -64 0
1251 0 -64 0
1252 0 -64 0
1253 1 63 1
1254 1 63 1
1255 0 -64 0
1256 0 -64 0
1257 0 -64 0
1258 0 -64 0
1259 1 63 1
1260 0 -64 0
1261 1 63 1
1262 1 63 1
1263 1 63 1
1264 1 63 1
1265 1 63 1
1266 1 63 1
1267 0 -64 0
1268 0 -64 0
1269 1 63 1
1270 1 63 1
1271 0 -64 0
1272 1 63 1
1273 0 -64 0
1274 1 63 1
1275 1 63 1
1276 0 -64 0
1277 0 -64 0
1278 1 63 1
1279 1 63 1
1280 1 63 1
1281 0 -64 0
1282 0 -64 0
1283 0 -64 0
1284 1 63 1
1285 1 63 1
1286 1 63 1
1287 0 -64 0
1288 0 -64 0
1289 0 -64 0
1290 0 -64 0
1291 0 -64 0
1292 0 -64 0
1293 1 63 1
1294 1 63 1
1295 1 63 1
1296 1 63 1
1297 0 -64 0
1298 0 -64 0
1299 1 63 1
1300 0 -64 0
1301 1 63 1
1302 1 63 1
1303 1 63 1
1304 0 -64 0
1305 1 63 1
1306 1 63 1
1307 0 -64 0
1308 0 -64 0
1309 0 -64 0
1310 0 -64 0
1311 0 -64 0
1312 0 -64 0
1313 0 -64 0
1314 1 63 1
1315 0 -64 0
1316 1 63 1
1317 0 -64 0
1318 0 -64 0
1319 1 63 1
1320 0 -64 0
1321 0 -64 0
1322 0 -64 0
1323 1 63 1
1324 1 63 1
1325 1 63 1
1326 1 63 1
1327 0 -64 0
1328 1 63 1
1329 1 63 1
1330 0 -64 0
1331 1 63 1
1332 0 -64 0
1333 1 63 1
1334 1 63 1
1335 1 63 1
1336 0 -64 0
1337 0 -64 0
1338 1 63 1
1339 1 63 1
1340 0 -64 0
1341 0 -64 0
1342 1 63 1
1343 1 63 1
1344 1 63 1
1345 0 -64 0
1346 0 -64 0
1347 0 -64 0
1348 1 63 1
1349 1 63 1
1350 0 -64 0
1351 0 -64 0
1352 0 -64 0
1353 0 -64 0
1354 1 63 1
1355 0 -64 0
1356 0 -64 0
1357 0 -64 0
1358 0 -64 0
1359 0 -64 0
1360 0 -64 0
1361 1 63 1
1362 1 63 1
1363 0 -64 0
1364 0 -64 0
1365 0 -64 0
1366 1 63 1
1367 0 -64 0
1368 0 -64 0
1369 1 63 1
1370 0 -64 0
1371 0 -64 0
1372 1 63 1
1373 0 -64 0
1374 1 63 1
1375 0 -64 0
1376 1 63 1
1377 0 -64 0
1378 0 -64 0
1379 1 63 1
1380 1 63 1
1381 0 -64 0
1382 1 63 1
1383 1 63 1
1384 0 -64 0
1385 1 63 1
1386 1 63 1
1387 1 63 1
1388 0 -64 0
1389 0 -64 0
1390 0 -64 0
1391 0 -64 0
1392 1 63 1
1393 0 -64 0
1394 0 -64 0
1395 1 63 1
1396 1 63 1
1397 1 63 1
1398 1 63 1
1399 0 -64 0
1400 1 63 1
1401 1 63 1
1402 1 63 1
1403 1 63 1
1404 0 -64 0
1405 0 -64 0
1406 0 -64 0
1407 1 63 1
1408 1 63 1
1409 0 -64 0
1410 0 -64 0
1411 0 -64 0
1412 0 -64 0
1413 1 63 1
1414 1 63 1
1415 0 -64 0
1416 0 -64 0
1417 1 63 1
1418 0 -64 0
1419 1 63 1
1420 1 63 1
1421 1 63 1
1422 1 63 1
1423 0 -64 0
1424 1 63 1
1425 1 63 1
1426 0 -64 0
1427 0 -64 0
1428 0 -64 0
1429 0 -64 0
1430 0 -64 0
1431 1 63 1
1432 0 -64 0
1433 1 63 1
1434 1 63 1
1435 1 63 1
1436 0 -64 0
1437 1 63 1
1438 1 63 1
1439 1 63 1
1440 0 -64 0
1441 1 63 1
1442 1 63 1
1443 1 63 1
1444 0 -64 0
1445 0 -64 0
1446 1 63 1
1447 0 -64 0
1448 1 63 1
1449 0 -64 0
1450 1 63 1
1451 1 63 1
1452 0 -64 0
1453 0 -64 0
1454 1 63 1
1455 0 -64 0
1456 0 -64 0
1457 1 63 1
1458 0 -64 0
1459 1 63 1
1460 1 63 1
1461 1 63 1
1462 1 63 1
1463 1 63 1
1464 0 -64 0
1465 0 -64 0
1466 1 63 1
1467 0 -64 0
1468 0 -64 0
1469 1 63 1
1470 1 63 1
1471 1 63 1
1472 0 -64 0
1473 1 63 1
1474 1 63 1
1475 1 63 1
1476 0 -64 0
1477 1 63 1
1478 0 -64 0
1479 0 -64 0
1480 1 63 1
1481 1 63 1
1482 1 63 1
1483 1 63 1
1484 0 -64 0
1485 1 63 1
1486 1 63 1
1487 1 63 1
1488 1 63 1
1489 1 63 1
1490 1 63 1
1491 1 63 1
1492 0 -64 0
1493 0 -64 0
1494 0 -64 0
1495 1 63 1
1496 1 63 1
1497 0 -64 0
1498 1 63 1
1499 1 63 1
1500 0 -64 0
1501 1 63 1
1502 0 -64 0
1503 0 -64 0
1504 1 63 1
1505 0 -64 0
1506 1 63 1
1507 0 -64 0
1508 1 63 1
1509 0 -64 0
1510 0 -64 0
1511 0 -64 0
1512 1 63 1
1513 0 -64 0
1514 0 -64 0
1515 0 -64 0
1516 1 63 1
1517 1 63 1
1518 1 63 1
1519 0 -64 0
1520 0 -64 0
1521 0 -64 0
1522 0 -64 0
1523 0 -64 0
1524 1 63 1
1525 0 -64 0
1526 0 -64 0
1527 1 63 1
1528 0 -64 0
1529 0 -64 0
1530 0 -64 0
1531 1 47 1
1532 1 63 1
1533 0 -64 0
1534 0 -43 0
1535 1 60 1
1536 1 37 1
1537 0 -41 0
1538 1 59 1
1539 1 47 1
1540 1 45 1
1541 0 -57 0
1542 1 55 1
1543 1 58 1
1544 1 63 1
1545 1 63 1
1546 0 -55 0
1547 1 55 1
1548 1 63 1
1549 0 -64 0
1550 0 -64 0
1551 0 -64 0
1552 0 -64 0
1553 0 -64 0
1554 0 -64 0
1555 0 -64 0
1556 0 -64 0
1557 1 63 1
1558 1 63 1
1559 1 63 1
1560 1 63 1
1561 0 -64 0
1562 0 -64 0
1563 0 -64 0
1564 1 63 1
1565 0 -64 0
1566 0 -64 0
1567 1 63 1
1568 0 -64 0
1569 0 -64 0
1570 0 -64 0
1571 0 -64 0
1572 0 -64 0
1573 0 -64 0
1574 0 -64 0
1575 1 63 1
1576 0 -64 0
1577 1 63 1
1578 0 -64 0
1579 0 -64 0
1580 1 63 1
1581 0 -64 0
1582 0 -64 0
1583 1 63 1
1584 0 -64 0
1585 0 -64 0
1586 1 63 1
1587 0 -64 0
1588 0 -64 0
1589 0 -64 0
1590 1 63 1
1591 0 -64 0
1592 0 -64 0
1593 1 63 1
1594 1 63 1
1595 0 -64 0
1596 0 -64 0
1597 0 -64 0
1598 1 63 1
1599 1 63 1
1600 1 63 1
1601 0 -64 0
1602 0 -64 0
1603 0 -64 0
1604 0 -64 0
1605 1 63 1
1606 0 -64 0
1607 1 63 1
1608 0 -64 0
1609 0 -64 0
1610 1 63 1
1611 1 63 1
1612 0 -64 0
1613 1 63 1
1614 0 -64 0
1615 0 -64 0
1616 1 63 1
1617 0 -64 0
1618 1 63 1
1619 0 -64 0
1620 1 63 1
1621 0 -64 0
1622 0 -64 0
1623 0 -64 0
1624 0 -64 0
1625 1 63 1
1626 0 -64 0
1627 0 -64 0
1628 0 -64 0
1629 1 63 1
1630 0 -64 0
1631 0 -64 0
1632 0 -64 0
1633 1 63 1
1634 0 -64 0
1635 1 63 1
1636 0 -64 0
1637 0 -64 0
1638 0 -64 0
1639 1 63 1
1640 0 -64 0
1641 1 63 1
1642 1 63 1
1643 1 63 1
1644 0 -64 0
1645 0 -64 0
1646 0 -64 0
1647 1 63 1
1648 0 -64 0
1649 0 -64 0
1650 0 -64 0
1651 1 63 1
1652 0 -64 0
1653 0 -64 0
1654 0 -64 0
1655 1 63 1
1656 0 -64 0
1657 1 63 1
1658 0 -64 0
1659 1 63 1
1660 0 -64 0
1661 0 -64 0
1662 0 -64 0
1663 0 -64 0
1664 0 -64 0
1665 1 63 1
1666 0 -64 0
1667 0 -64 0
1668 0 -64 0
1669 1 63 1
1670 1 63 1
1671 1 63 1
1672 0 -64 0
1673 1 63 1
1674 1 63 1
1675 0 -64 0
1676 0 -64 0
1677 1 63 1
1678 1 63 1
1679 0 -64 0
1680 0 -64 0
1681 1 63 1
1682 1 63 1
1683 0 -64 0
1684 0 -64 0
1685 0 -64 0
1686 1 63 1
1687 1 63 1
1688 1 63 1
1689 0 -64 0
1690 0 -64 0
1691 1 63 1
1692 0 -64 0
1693 1 63 1
1694 1 63 1
1695 0 -64 0
1696 1 63 1
1697 1 63 1
1698 0 -64 0
1699 0 -64 0
1700 1 63 1
1701 1 63 1
1702 1 63 1
1703 0 -64 0
1704 0 -64 0
1705 1 63 1
1706 0 -64 0
1707 1 63 1
1708 1 63 1
1709 1 63 1
1710 0 -64 0
1711 1 63 1
1712 0 -64 0
1713 1 63 1
1714 0 -64 0
1715 0 -64 0
1716 1 63 1
1717 0 -64 0
1718 0 -64 0
1719 0 -64 0
1720 0 -64 0
1721 0 -64 0
1722 0 -64 0
1723 1 63 1
1724 0 -64 0
1725 1 63 1
1726 1 63 1
1727 1 63 1
1728 1 63 1
1729 1 63 1
1730 0 -64 0
1731 0 -64 0
1732 0 -64 0
1733 0 -64 0
1734 0 -64 0
1735 1 63 1
1736 1 63 1
1737 1 63 1
1738 0 -64 0
1739 1 63 1
1740 1 63 1
1741 1 63 1
1742 1 63 1
1743 1 63 1
1744 1 63 1
1745 1 63 1
1746 0 -64 0
1747 1 63 1
1748 0 -64 0
1749 1 63 1
1750 1 63 1
1751 0 -64 0
1752 1 63 1
1753 1 63 1
1754 1 63 1
1755 1 63 1
1756 1 63 1
1757 0 -64 0
1758 1 63 1
1759 0 -64 0
1760 0 -64 0
1761 1 63 1
1762 1 63 1
1763 0 -64 0
1764 1 63 1
1765 1 63 1
1766 0 -64 0
1767 1 63 1
1768 0 -64 0
1769 1 63 1
1770 1 63 1
1771 0 -64 0
1772 1 63 1
1773 1 63 1
1774 1 63 1
1775 0 -64 0
1776 1 63 1
1777 0 -64 0
1778 1 63 1
1779 1 63 1
1780 1 63 1
1781 1 63 1
1782 0 -64 0
1783 1 63 1
1784 1 63 1
1785 0 -64 0
1786 0 -64 0
1787 0 -64 0
1788 0 -64 0
1789 1 63 1
1790 1 63 1
1791 0 -64 0
1792 1 63 1
1793 0 -64 0
1794 1 63 1
1795 1 63 1
1796 1 63 1
1797 1 63 1
1798 1 63 1
1799 1 63 1
1800 1 63 1
1801 1 63 1
1802 1 63 1
1803 0 -64 0
1804 1 63 1
1805 0 -64 0
1806 1 63 1
1807 1 63 1
1808 1 63 1
1809 1 63 1
1810 1 63 1
1811 1 63 1
1812 0 -64 0
1813 1 63 1
1814 0 -64 0
1815 0 -64 0
1816 1 63 1
1817 0 -64 0
1818 0 -64 0
1819 0 -64 0
1820 0 -64 0
1821 1 63 1
1822 0 -64 0
1823 0 -64 0
1824 1 63 1
1825 1 63 1
1826 1 63 1
1827 1 63 1
1828 0 -64 0
1829 0 -64 0
1830 0 -64 0
1831 0 -64 0
1832 1 63 1
1833 0 -64 0
1834 0 -64 0
1835 1 63 1
1836 0 -64 0
1837 1 63 1
1838 1 63 1
1839 1 63 1
1840 1 63 1
1841 0 -64 0
1842 1 63 1
1843 1 63 1
1844 1 63 1
1845 1 63 1
1846 1 63 1
1847 0 -64 0
1848 0 -64 0
1849 1 63 1
1850 1 63 1
1851 1 63 1
1852 0 -64 0
1853 1 63 1
1854 0 -64 0
1855 0 -64 0
1856 1 63 1
1857 0 -64 0
1858 1 63 1
1859 0 -64 0
1860 1 63 1
1861 0 -64 0
1862 1 63 1
1863 0 -64 0
1864 0 -64 0
1865 0 -64 0
1866 0 -64 0
1867 0 -64 0
1868 1 63 1
1869 0 -64 0
1870 1 63 1
1871 0 -64 0
1872 1 63 1
1873 1 63 1
1874 0 -64 0
1875 1 63 1
1876 0 -64 0
1877 1 63 1
1878 0 -64 0
1879 1 63 1
1880 1 63 1
1881 1 63 1
1882 0 -64 0
1883 1 63 1
1884 1 63 1
1885 0 -64 0
1886 1 63 1
1887 0 -64 0
1888 1 63 1
1889 0 -64 0
1890 1 63 1
1891 1 63 1
1892 1 63 1
1893 1 63 1
1894 1 63 1
1895 1 63 1
1896 0 -64 0
1897 0 -64 0
1898 1 63 1
1899 1 -58 0
1900 1 63 1
1901 1 63 1
1902 0 -64 0
1903 0 -64 0
1904 0 -64 0
1905 1 63 1
1906 0 58 1
1907 0 -64 0
1908 0 -64 0
1909 1 63 1
1910 1 63 1
1911 1 63 1
1912 1 63 1
1913 0 -64 0
1914 0 -64 0
1915 0 -64 0
1916 0 -64 0
1917 0 -64 0
1918 0 -64 0
1919 0 -64 0
1920 1 63 1
1921 1 63 1
1922 0 -64 0
1923 0 -64 0
1924 1 63 1
1925 0 -64 0
1926 0 -64 0
1927 1 63 1
1928 1 63 1
1929 1 63 1
1930 1 63 1
1931 0 -64 0
1932 0 -64 0
1933 0 -64 0
1934 1 63 1
1935 0 -64 0
1936 1 63 1
1937 0 -64 0
1938 1 63 1
1939 1 63 1
1940 0 -64 0
1941 1 63 1
1942 1 63 1
1943 1 63 1
1944 1 63 1
1945 1 63 1
1946 1 63 1
1947 1 63 1
1948 0 -64 0
1949 1 63 1
1950 0 -64 0
1951 0 -64 0
1952 0 -64 0
1953 1 63 1
1954 0 -64 0
1955 1 63 1
1956 0 -64 0
1957 1 63 1
1958 0 -64 0
1959 1 63 1
1960 1 63 1
1961 1 63 1
1962 1 63 1
1963 1 63 1
1964 1 63 1
1965 1 63 1
1966 0 -64 0
1967 1 63 1
1968 0 -64 0
1969 1 63 1
1970 1 63 1
1971 0 -64 0
1972 1 63 1
1973 0 -64 0
1974 1 63 1
1975 0 -64 0
1976 0 -64 0
1977 1 63 1
1978 1 63 1
1979 0 -64 0
1980 0 -64 0
1981 0 -64 0
1982 0 -64 0
1983 0 -64 0
1984 0 -64 0
1985 0 -64 0
1986 1 63 1
1987 0 -64 0
1988 0 -64 0
1989 1 63 1
1990 0 -64 0
1991 0 -64 0
1992 1 63 1
1993 1 63 1
1994 0 -64 0
1995 1 63 1
1996 0 -64 0
1997 0 -64 0
1998 1 63 1
1999 0 -64 0
2000 0 -64 0
2001 0 -64 0
2002 1 63 1
2003 1 63 1
2004 1 63 1
2005 0 -64 0
2006 0 -64 0
2007 1 63 1
2008 1 63 1
2009 0 -64 0
2010 0 -64 0
2011 1 63 1
2012 1 63 1
2013 0 -64 0
2014 1 63 1
2015 1 63 1
2016 1 63 1
2017 1 63 1
2018 0 -64 0
2019 0 -64 0
2020 0 -64 0
2021 0 -64 0
2022 0 -64 0
2023 0 -64 0
2024 1 63 1
2025 1 63 1
2026 1 63 1
2027 1 63 1
2028 1 63 1
2029 1 63 1
2030 1 63 1
2031 0 -64 0
2032 1 63 1
2033 1 63 1
2034 1 63 1
2035 1 63 1
2036 1 63 1
2037 0 -64 0
2038 0 -64 0
2039 1 63 1
2040 1 63 1
2041 0 -64 0
2042 1 63 1
2043 1 63 1
2044 1 63 1
2045 1 63 1
2046 0 -64 0
2047 1 63 1
2048 0 -64 0
2049 0 -64 0
2050 1 63 1
2051 0 -64 0
2052 1 63 1
2053 1 63 1
2054 0 -64 0
2055 1 63 1
2056 1 63 1
2057 0 -64 0
2058 0 -64 0
2059 0 -64 0
2060 1 63 1
2061 1 63 1
2062 1 63 1
2063 1 63 1
2064 1 63 1
2065 1 63 1
2066 0 -64 0
2067 0 -64 0
2068 0 -64 0
2069 0 -64 0
2070 1 63 1
2071 1 63 1
2072 0 -64 0
2073 0 -64 0
2074 0 -64 0
2075 0 -64 0
2076 0 -64 0
2077 1 63 1
2078 0 -64 0
2079 1 63 1
2080 0 -64 0
2081 0 -64 0
2082 0 -64 0
2083 0 -64 0
2084 1 63 1
2085 1 63 1
2086 1 63 1
2087 1 63 1
2088 0 -64 0
2089 1 63 1
2090 0 -64 0
2091 0 -64 0
2092 0 -64 0
2093 0 -64 0
2094 1 63 1
2095 1 63 1
2096 1 63 1
2097 1 63 1
2098 0 -64 0
2099 1 63 1
2100 0 -64 0
2101 1 63 1
2102 1 63 1
2103 1 63 1
2104 1 63 1
2105 0 -64 0
2106 0 -64 0
2107 0 -64 0
2108 1 63 1
2109 0 -64 0
2110 1 63 1
2111 0 -64 0
2112 1 63 1
2113 1 63 1
2114 0 -64 0
2115 0 -64 0
2116 1 63 1
2117 1 63 1
2118 0 -64 0
2119 0 -64 0
2120 1 63 1
2121 1 63 1
2122 0 -64 0
2123 1 63 1
2124 0 -64 0
2125 0 -64 0
2126 1 63 1
2127 1 63 1
2128 0 -64 0
2129 1 63 1
2130 1 63 1
2131 0 -64 0
2132 1 63 1
2133 0 -64 0
2134 1 63 1
2135 0 -64 0
2136 1 63 1
2137 1 63 1
2138 1 63 1
2139 0 -64 0
2140 1 63 1
2141 1 63 1
2142 0 -64 0
2143 0 -64 0
2144 0 -64 0
2145 1 63 1
2146 1 63 1
2147 1 63 1
2148 1 63 1
2149 0 -64 0
2150 1 63 1
2151 1 63 1
2152 1 63 1
2153 0 -64 0
2154 1 63 1
2155 1 63 1
2156 1 63 1
2157 0 -64 0
2158 1 63 1
2159 1 63 1
2160 1 63 1
2161 1 63 1
2162 0 -64 0
2163 0 -64 0
2164 0 -64 0
2165 1 63 1
2166 0 -64 0
2167 1 63 1
2168 1 63 1
2169 1 63 1
2170 0 -64 0
2171 0 -64 0
2172 1 63 1
2173 1 63 1
2174 0 -64 0
2175 0 -64 0
2176 1 63 1
2177 1 63 1
2178 0 -64 0
2179 1 63 1
2180 0 -64 0
2181 0 -64 0
2182 0 -64 0
2183 0 -64 0
2184 1 63 1
2185 0 -64 0
2186 0 -64 0
2187 0 -64 0
2188 0 -64 0
2189 1 63 1
2190 0 -64 0
2191 1 63 1
2192 0 -64 0
2193 1 63 1
2194 0 -64 0
2195 0 -64 0
2196 1 63 1
2197 0 -64 0
2198 1 63 1
2199 1 63 1
2200 0 -64 0
2201 0 -64 0
2202 1 63 1
2203 0 -64 0
2204 1 63 1
2205 1 63 1
2206 0 -64 0
2207 0 -64 0
2208 0 -64 0
2209 1 63 1
2210 1 63 1
2211 1 63 1
2212 1 63 1
2213 0 -64 0
2214 1 63 1
2215 1 63 1
2216 1 63 1
2217 0 -64 0
2218 1 63 1
2219 0 -64 0
2220 1 63 1
2221 0 -64 0
2222 0 -64 0
2223 1 63 1
2224 0 -64 0
2225 0 -64 0
2226 1 63 1
2227 0 -64 0
2228 1 63 1
2229 0 -64 0
2230 0 -64 0
2231 0 -64 0
2232 0 -64 0
2233 1 63 1
2234 1 63 1
2235 0 -64 0
2236 0 -64 0
2237 0 -64 0
2238 1 63 1
2239 0 -64 0
2240 1 63 1
2241 1 63 1
2242 0 -64 0
2243 1 63 1
2244 1 63 1
2245 0 -64 0
2246 1 63 1
2247 1 63 1
2248 1 63 1
2249 0 -64 0
2250 1 63 1
2251 1 63 1
2252 1 63 1
2253 0 -64 0
2254 0 -64 0
2255 0 -64 0
2256 0 -64 0
2257 0 -64 0
2258 0 -64 0
2259 1 63 1
2260 1 63 1
2261 1 63 1
2262 0 -64 0
2263 0 -64 0
2264 0 -64 0
2265 0 -64 0
2266 0 -64 0
2267 0 -64 0
2268 0 -64 0
2269 1 63 1
2270 0 -64 0
2271 1 63 1
2272 1 63 1
2273 0 -64 0
2274 0 -64 0
2275 0 -64 0
2276 0 -64 0
2277 0 -64 0
2278 1 63 1
2279 1 63 1
2280 1 63 1
2281 0 -64 0
2282 0 -64 0
2283 0 -64 0
2284 0 -64 0
2285 1 63 1
2286 0 -64 0
2287 0 -64 0
2288 0 -64 0
2289 1 63 1
2290 1 63 1
2291 0 -64 0
2292 0 -64 0
2293 0 -64 0
2294 1 63 1
2295 1 63 1
2296 1 63 1
2297 1 63 1
2298 0 -55 0
2299 0 -44 0
2300 1 50 1
2301 0 -59 0
2302 0 -50 0
2303 0 -48 0
2304 0 -38 0
2305 1 44 1
2306 1 60 1
2307 1 46 1
2308 1 -7 0
2309 0 -53 0
2310 0 -64 0
2311 0 -64 0
2312 0 -64 0
2313 0 -64 0
2314 0 -64 0
2315 1 63 1
2316 0 -64 0
2317 0 -64 0
2318 0 -64 0
2319 1 63 1
2320 0 -64 0
2321 0 -64 0
2322 0 -64 0
2323 0 -64 0
2324 0 -64 0
2325 1 63 1
2326 1 63 1
2327 0 -64 0
2328 1 63 1
2329 0 -64 0
2330 1 63 1
2331 0 -64 0
2332 0 -64 0
2333 0 -64 0
2334 1 63 1
2335 1 63 1
2336 1 63 1
2337 0 -64 0
2338 1 63 1
2339 0 -64 0
2340 0 -64 0
2341 1 63 1
2342 0 -64 0
2343 0 -64 0
2344 1 63 1
2345 1 63 1
2346 0 -64 0
2347 0 -64 0
2348 0 -64 0
2349 0 -64 0
2350 0 -64 0
2351 1 63 1
2352 1 63 1
2353 0 -64 0
2354 0 -64 0
2355 1 63 1
2356 1 63 1
2357 0 -64 0
2358 1 63 1
2359 1 63 1
2360 0 -64 0
2361 0 -64 0
2362 0 -64 0
2363 1 63 1
2364 0 -64 0
2365 0 -64 0
2366 1 63 1
2367 1 63 1
2368 1 63 1
2369 1 63 1
2370 1 63 1
2371 1 63 1
2372 0 -64 0
2373 1 63 1
2374 0 -64 0
2375 0 -64 0
2376 1 63 1
2377 1 63 1
2378 1 63 1
2379 0 -64 0
2380 0 -64 0
2381 0 -64 0
2382 1 63 1
2383 0 -64 0
2384 0 -64 0
2385 1 63 1
2386 0 -64 0
2387 0 -64 0
2388 0 -64 0
2389 1 63 1
2390 1 63 1
2391 1 63 1
2392 1 63 1
2393 0 -64 0
2394 1 63 1
2395 0 -64 0
2396 1 63 1
2397 1 63 1
2398 1 63 1
2399 1 63 1
2400 1 63 1
2401 0 -64 0
2402 1 63 1
2403 1 63 1
2404 0 -64 0
2405 1 63 1
2406 0 -64 0
2407 1 63 1
2408 1 63 1
2409 1 63 1
2410 1 63 1
2411 0 -64 0
2412 1 63 1
2413 0 -64 0
2414 0 -64 0
2415 1 63 1
2416 1 63 1
2417 0 -64 0
2418 0 -64 0
2419 1 63 1
2420 0 -64 0
2421 1 63 1
2422 0 -64 0
2423 0 -64 0
2424 1 63 1
2425 0 -64 0
2426 1 63 1
2427 1 63 1
2428 1 63 1
2429 0 -64 0
2430 1 63 1
2431 0 -64 0
2432 0 -64 0
2433 0 -64 0
2434 1 63 1
2435 0 -64 0
2436 0 -64 0
2437 0 -64 0
2438 1 63 1
2439 1 63 1
2440 1 63 1
2441 0 -64 0
2442 0 -64 0
2443 0 -64 0
2444 1 63 1
2445 0 -64 0
2446 1 63 1
2447 1 63 1
2448 1 63 1
2449 1 63 1
2450 1 63 1
2451 0 -64 0
2452 1 63 1
2453 1 63 1
2454 1 63 1
2455 1 63 1
2456 0 -64 0
2457 0 -64 0
2458 0 -64 0
2459 0 -64 0
2460 1 63 1
2461 1 63 1
2462 0 -64 0
2463 1 63 1
2464 1 63 1
2465 1 63 1
2466 1 63 1
2467 0 -64 0
2468 1 63 1
2469 0 -64 0
2470 0 -64 0
2471 0 -64 0
2472 0 -64 0
2473 0 -64 0
2474 0 -64 0
2475 1 63 1
2476 1 63 1
2477 0 -64 0
2478 0 -64 0
2479 1 63 1
2480 1 63 1
2481 1 63 1
2482 0 -64 0
2483 0 -64 0
2484 1 63 1
2485 1 63 1
2486 0 -64 0
2487 0 -64 0
2488 0 -64 0
2489 0 -64 0
2490 1 63 1
2491 1 63 1
2492 0 -64 0
2493 1 63 1
2494 1 63 1
2495 0 -64 0
2496 0 -64 0
2497 1 63 1
2498 0 -64 0
2499 0 -64 0
2500 0 -64 0
2501 0 -64 0
2502 1 63 1
2503 0 -64 0
2504 0 -64 0
2505 0 -64 0
2506 1 63 1
2507 1 63 1
2508 1 63 1
2509 0 -64 0
2510 1 63 1
2511 1 63 1
2512 0 -64 0
2513 1 63 1
2514 0 -64 0
2515 0 -64 0
2516 0 -64 0
2517 1 63 1
2518 1 63 1
2519 0 -64 0
2520 0 -64 0
2521 1 63 1
2522 1 63 1
2523 1 63 1
2524 1 63 1
2525 0 -64 0
2526 1 63 1
2527 0 -64 0
2528 1 63 1
2529 1 63 1
2530 1 63 1
2531 1 63 1
2532 1 63 1
2533 0 -64 0
2534 1 63 1
2535 0 -64 0
2536 0 -64 0
2537 1 63 1
2538 1 63 1
2539 1 63 1
2540 1 63 1
2541 0 -64 0
2542 0 -64 0
2543 1 63 1
2544 1 63 1
2545 1 63 1
2546 1 63 1
2547 0 -64 0
2548 0 -64 0
2549 1 63 1
2550 1 63 1
2551 0 -64 0
2552 0 -64 0
2553 0 -64 0
2554 1 63 1
2555 0 -64 0
2556 0 -64 0
2557 0 -64 0
2558 0 -64 0
2559 0 -64 0
2560 1 63 1
2561 0 -64 0
2562 0 -64 0
2563 0 -64 0
2564 1 63 1
2565 1 63 1
2566 0 -64 0
2567 0 -64 0
2568 0 -64 0
2569 0 -64 0
2570 0 -64 0
2571 0 -64 0
2572 0 -64 0
2573 1 63 1
2574 0 -64 0
2575 1 63 1
2576 0 -64 0
2577 1 63 1
2578 1 63 1
2579 1 63 1
2580 1 63 1
2581 1 63 1
2582 0 -64 0
2583 0 -64 0
2584 0 -64 0
2585 0 -64 0
2586 1 63 1
2587 1 63 1
2588 1 63 1
2589 0 -64 0
2590 1 63 1
2591 0 -64 0
2592 0 -64 0
2593 1 63 1
2594 1 63 1
2595 0 -64 0
2596 0 -64 0
2597 1 63 1
2598 1 63 1
2599 0 -64 0
2600 0 -64 0
2601 0 -64 0
2602 0 -64 0
2603 0 -64 0
2604 1 63 1
2605 0 -64 0
2606 0 -64 0
2607 1 63 1
2608 0 -64 0
2609 0 -64 0
2610 1 63 1
2611 1 63 1
2612 0 -64 0
2613 1 63 1
2614 0 -64 0
2615 0 -64 0
2616 0 -64 0
2617 1 63 1
2618 1 63 1
2619 0 -64 0
2620 1 63 1
2621 1 63 1
2622 0 -64 0
2623 0 -64 0
2624 1 63 1
2625 1 63 1
2626 0 -64 0
2627 1 63 1
2628 0 -64 0
2629 0 -64 0
2630 0 -64 0
2631 0 -64 0
2632 1 63 1
2633 0 -64 0
2634 0 -64 0
2635 0 -64 0
2636 0 -64 0
2637 0 -64 0
2638 1 63 1
2639 1 63 1
2640 0 -64 0
2641 0 -64 0
2642 0 -64 0
2643 1 63 1
2644 0 -64 0
2645 0 -64 0
2646 0 -64 0
2647 1 63 1
2648 1 63 1
2649 0 -64 0
2650 1 63 1
2651 0 -64 0
2652 1 63 1
2653 0 -64 0
2654 1 63 1
2655 1 63 1
2656 1 63 1
2657 1 63 1
2658 1 63 1
2659 1 63 1
2660 1 63 1
2661 1 63 1
2662 0 -64 0
2663 1 63 1
2664 1 63 1
2665 1 63 1
2666 0 -64 0
2667 0 -64 0
2668 1 63 1
2669 0 -64 0
2670 1 63 1
2671 0 -64 0
2672 1 63 1
2673 1 63 1
2674 1 63 1
2675 0 -64 0
2676 1 63 1
2677 1 63 1
2678 1 63 1
2679 0 -64 0
2680 1 63 1
2681 1 63 1
2682 0 -64 0
2683 0 -64 0
2684 0 -64 0
2685 1 63 1
2686 1 63 1
2687 1 63 1
2688 1 63 1
2689 1 63 1
2690 1 63 1
2691 1 63 1
2692 1 63 1
2693 0 -64 0
2694 1 63 1
2695 1 63 1
2696 1 63 1
2697 1 63 1
2698 0 -64 0
2699 0 -64 0
2700 1 63 1
2701 1 63 1
2702 1 63 1
2703 0 -64 0
2704 1 63 1
2705 0 -64 0
2706 0 -64 0
2707 0 -64 0
2708 0 -64 0
2709 1 63 1
2710 1 63 1
2711 1 63 1
2712 0 -64 0
2713 0 -64 0
2714 1 63 1
2715 0 -64 0
2716 1 63 1
2717 0 -64 0
2718 0 -64 0
2719 1 63 1
2720 1 63 1
2721 0 -64 0
2722 0 -64 0
2723 0 -64 0
2724 1 63 1
2725 0 -64 0
2726 0 -64 0
2727 0 -64 0
2728 1 63 1
2729 0 -64 0
2730 1 63 1
2731 1 63 1
2732 0 -64 0
2733 0 -64 0
2734 0 -64 0
2735 1 63 1
2736 0 -64 0
2737 1 63 1
2738 1 63 1
2739 1 63 1
2740 1 63 1
2741 1 63 1
2742 0 -64 0
2743 1 63 1
2744 0 -64 0
2745 0 -64 0
2746 0 -64 0
2747 1 63 1
2748 0 -64 0
2749 0 -64 0
2750 1 63 1
2751 1 63 1
2752 1 63 1
2753 1 63 1
2754 0 -64 0
2755 0 -64 0
2756 1 63 1
2757 0 -64 0
2758 0 -64 0
2759 1 63 1
2760 1 63 1
2761 0 -64 0
2762 0 -64 0
2763 0 -64 0
2764 0 -64 0
2765 1 63 1
2766 0 -64 0
2767 0 -64 0
2768 0 -64 0
2769 0 -64 0
2770 1 63 1
2771 0 -64 0
2772 1 63 1
2773 0 -64 0
2774 0 -64 0
2775 0 -64 0
2776 0 -64 0
2777 1 63 1
2778 0 -64 0
2779 0 -64 0
2780 1 63 1
2781 0 -64 0
2782 0 -64 0
2783 1 63 1
2784 0 -64 0
2785 0 -64 0
2786 0 -64 0
2787 1 63 1
2788 1 63 1
2789 0 -64 0
2790 1 63 1
2791 1 63 1
2792 0 -64 0
2793 1 63 1
2794 0 -64 0
2795 1 63 1
2796 1 63 1
2797 0 -64 0
2798 1 63 1
2799 1 63 1
2800 0 -64 0
2801 0 -64 0
2802 0 -64 0
2803 1 63 1
2804 1 63 1
2805 0 -64 0
2806 0 -64 0
2807 0 -64 0
2808 1 63 1
2809 0 -64 0
2810 0 -64 0
2811 0 -64 0
2812 0 -64 0
2813 0 -64 0
2814 1 63 1
2815 0 -64 0
2816 1 63 1
2817 1 63 1
2818 0 -64 0
2819 0 -64 0
2820 0 -64 0
2821 1 63 1
2822 0 -64 0
2823 1 63 1
2824 1 63 1
2825 1 63 1
2826 0 -64 0
2827 1 63 1
2828 0 -64 0
2829 1 63 1
2830 0 -64 0
2831 0 -64 0
2832 1 63 1
2833 0 -64 0
2834 1 63 1
2835 1 63 1
2836 1 63 1
2837 0 -64 0
2838 1 63 1
2839 1 63 1
2840 1 63 1
2841 0 -64 0
2842 0 -64 0
2843 1 63 1
2844 1 63 1
2845 0 -64 0
2846 0 -64 0
2847 1 63 1
2848 1 63 1
2849 1 63 1
2850 1 63 1
2851 0 -64 0
2852 1 63 1
2853 0 -64 0
2854 0 -64 0
2855 1 63 1
2856 0 -64 0
2857 1 63 1
2858 0 -64 0
2859 1 63 1
2860 1 63 1
2861 1 63 1
2862 1 63 1
2863 0 -64 0
2864 0 -64 0
2865 0 -64 0
2866 0 -64 0
2867 0 -64 0
2868 1 63 1
2869 1 63 1
2870 1 63 1
2871 1 63 1
2872 0 -64 0
2873 0 -64 0
2874 1 63 1
2875 1 63 1
2876 0 -64 0
2877 0 -64 0
2878 1 63 1
2879 1 63 1
2880 0 -64 0
2881 0 -64 0
2882 0 -64 0
2883 1 63 1
2884 1 63 1
2885 1 63 1
2886 1 63 1
2887 1 63 1
2888 0 -64 0
2889 0 -64 0
2890 0 -64 0
2891 0 -64 0
2892 1 63 1
2893 0 -64 0
2894 1 63 1
2895 1 63 1
2896 0 -64 0
2897 1 63 1
2898 0 -64 0
2899 1 63 1
2900 0 -64 0
2901 1 63 1
2902 0 -64 0
2903 0 -64 0
2904 0 -64 0
2905 1 63 1
2906 1 63 1
2907 0 -64 0
2908 0 -64 0
2909 0 -64 0
2910 0 -64 0
2911 1 63 1
2912 1 63 1
2913 0 -64 0
2914 1 63 1
2915 1 63 1
2916 1 63 1
2917 0 -64 0
2918 1 63 1
2919 0 -64 0
2920 0 -64 0
2921 1 63 1
2922 0 -64 0
2923 1 63 1
2924 0 -64 0
2925 0 -64 0
2926 1 63 1
2927 0 -64 0
2928 1 63 1
2929 1 63 1
2930 0 -64 0
2931 0 -64 0
2932 0 -64 0
2933 1 63 1
2934 0 -64 0
2935 0 -64 0
2936 1 63 1
2937 0 -64 0
2938 0 -64 0
2939 0 -64 0
2940 0 -64 0
2941 1 63 1
2942 0 -64 0
2943 1 63 1
2944 0 -64 0
2945 0 -64 0
2946 1 63 1
2947 1 63 1
2948 1 63 1
2949 1 63 1
2950 0 -64 0
2951 1 63 1
2952 1 63 1
2953 0 -64 0
2954 0 -64 0
2955 1 63 1
2956 1 63 1
2957 0 -64 0
2958 1 63 1
2959 0 -64 0
2960 1 63 1
2961 1 63 1
2962 0 -64 0
2963 1 63 1
2964 1 63 1
2965 0 -64 0
2966 0 -64 0
2967 1 63 1
2968 0 -64 0
2969 0 -64 0
2970 0 -64 0
2971 1 63 1
2972 1 63 1
2973 1 63 1
2974 0 -64 0
2975 0 -64 0
2976 1 63 1
2977 1 63 1
2978 0 -64 0
2979 1 63 1
2980 1 63 1
2981 1 63 1
2982 1 63 1
2983 0 -64 0
2984 1 63 1
2985 0 -64 0
2986 1 63 1
2987 0 -64 0
2988 0 -64 0
2989 1 63 1
2990 0 -64 0
2991 0 -64 0
2992 0 -64 0
2993 0 -64 0
2994 1 63 1
2995 0 -64 0
2996 0 -64 0
2997 1 63 1
2998 0 -64 0
2999 0 -64 0
3000 0 -64 0
3001 1 63 1
3002 1 63 1
3003 0 -64 0
3004 1 63 1
3005 1 63 1
3006 0 -64 0
3007 0 -64 0
3008 0 -64 0
3009 0 -64 0
3010 0 -64 0
3011 1 63 1
3012 1 55 1
3013 1 63 1
3014 0 -64 0
3015 1 63 1
3016 1 63 1
3017 1 63 1
3018 0 -64 0
3019 0 -55 0
3020 1 63 1
3021 1 63 1
3022 1 63 1
3023 1 63 1
3024 1 63 1
3025 0 -64 0
3026 0 -64 0
3027 1 63 1
3028 1 63 1
3029 1 63 1
3030 0 -64 0
3031 1 63 1
3032 1 63 1
3033 0 -64 0
3034 1 63 1
3035 0 -64 0
3036 1 63 1
3037 0 -64 0
3038 0 -64 0
3039 1 63 1
3040 1 63 1
3041 0 -64 0
3042 0 -64 0
3043 0 -64 0
3044 1 63 1
3045 1 63 1
3046 0 -64 0
3047 0 -64 0
3048 0 -64 0
3049 1 63 1
3050 0 -64 0
3051 0 -64 0
3052 0 -64 0
3053 0 -64 0
3054 0 -64 0
3055 0 -64 0
3056 1 63 1
3057 0 -64 0
3058 0 -64 0
3059 1 63 1
3060 1 63 1
3061 0 -64 0
3062 0 -64 0
3063 0 -64 0
3064 0 -64 0
3065 1 63 1
3066 0 -64 0
3067 0 -64 0
3068 0 -37 0
3069 1 45 1
3070 1 41 1
3071 1 48 1
3072 0 -37 0
3073 0 -45 0
3074 0 -64 0
3075 0 -52 0
3076 0 -45 0
3077 0 -55 0
3078 1 63 1
3079 0 -64 0
3080 1 63 1
3081 0 -64 0
3082 1 63 1
3083 1 63 1
3084 1 63 1
3085 0 -64 0
3086 0 -64 0
3087 0 -64 0
3088 1 63 1
3089 1 63 1
3090 1 63 1
3091 0 -64 0
3092 0 -64 0
3093 0 -64 0
3094 1 63 1
3095 1 63 1
3096 1 63 1
3097 1 63 1
3098 0 -64 0
3099 1 63 1
3100 0 -64 0
3101 1 63 1
3102 0 -64 0
3103 1 63 1
3104 0 -64 0
3105 0 -64 0
3106 1 63 1
3107 0 -64 0
3108 0 -64 0
3109 0 -64 0
3110 1 63 1
3111 1 63 1
3112 0 -64 0
3113 1 63 1
3114 1 63 1
3115 0 -64 0
3116 0 -64 0
3117 1 63 1
3118 0 -64 0
3119 0 -64 0
3120 0 -64 0
3121 1 63 1
3122 0 -64 0
3123 0 -64 0
3124 0 -64 0
3125 1 63 1
3126 1 63 1
3127 0 -64 0
3128 0 -64 0
3129 1 63 1
3130 0 -64 0
3131 0 -64 0
3132 1 63 1
3133 0 -64 0
3134 1 63 1
3135 0 -64 0
3136 0 -64 0
3137 0 -64 0
3138 0 -64 0
3139 0 -64 0
3140 0 -64 0
3141 1 63 1
3142 1 63 1
3143 0 -64 0
3144 1 63 1
3145 0 -64 0
3146 0 -64 0
3147 1 63 1
3148 0 -64 0
3149 0 -64 0
3150 0 -64 0
3151 1 63 1
3152 1 63 1
3153 0 -64 0
3154 1 63 1
3155 0 -64 0
3156 0 -64 0
3157 0 -64 0
3158 0 -64 0
3159 0 -64 0
3160 1 63 1
3161 0 -64 0
3162 0 -64 0
3163 0 -64 0
3164 1 63 1
3165 0 -64 0
3166 1 63 1
3167 1 63 1
3168 1 63 1
3169 0 -64 0
3170 1 63 1
3171 1 63 1
3172 1 63 1
3173 1 63 1
3174 0 -64 0
3175 0 -64 0
3176 0 -64 0
3177 0 -64 0
3178 0 -64 0
3179 0 -64 0
3180 0 -64 0
3181 1 63 1
3182 1 63 1
3183 0 -64 0
3184 1 63 1
3185 0 -64 0
3186 1 63 1
3187 1 63 1
3188 1 63 1
3189 1 63 1
3190 0 -64 0
3191 0 -64 0
3192 0 -64 0
3193 1 63 1
3194 0 -64 0
3195 0 -64 0
3196 1 63 1
3197 1 63 1
3198 0 -64 0
3199 0 -64 0
3200 0 -64 0
3201 0 -64 0
3202 1 63 1
3203 0 -60 0
3204 0 -64 0
3205 1 63 1
3206 0 -64 0
3207 1 63 1
3208 1 63 1
3209 1 63 1
3210 0 -60 0
3211 1 63 1
3212 1 63 1
3213 0 -64 0
3214 0 -64 0
3215 1 63 1
3216 0 -64 0
3217 1 63 1
3218 0 -64 0
3219 1 63 1
3220 0 -64 0
3221 1 63 1
3222 1 63 1
3223 1 63 1
3224 0 -64 0
3225 1 63 1
3226 0 -64 0
3227 0 -64 0
3228 0 -64 0
3229 1 63 1
3230 1 63 1
3231 0 -64 0
3232 1 63 1
3233 0 -64 0
3234 1 63 1
3235 1 63 1
3236 0 -64 0
3237 1 63 1
3238 0 -64 0
3239 1 63 1
3240 1 63 1
3241 0 -64 0
3242 1 63 1
3243 0 -64 0
3244 0 -64 0
3245 1 63 1
3246 0 -64 0
3247 1 63 1
3248 0 -64 0
3249 0 -64 0
3250 1 63 1
3251 1 63 1
3252 1 63 1
3253 0 -64 0
3254 0 -64 0
3255 0 -64 0
3256 1 63 1
3257 0 -64 0
3258 1 63 1
3259 0 -64 0
3260 1 63 1
3261 0 -64 0
3262 1 63 1
3263 1 63 1
3264 1 63 1
3265 0 -64 0
3266 1 63 1
3267 1 63 1
3268 1 63 1
3269 0 -64 0
3270 1 63 1
3271 1 63 1
3272 0 -64 0
3273 1 63 1
3274 1 63 1
3275 1 63 1
3276 0 -64 0
3277 1 63 1
3278 0 -64 0
3279 0 -64 0
3280 1 63 1
3281 1 63 1
3282 0 -64 0
3283 1 63 1
3284 1 63 1
3285 0 -64 0
3286 0 -64 0
3287 0 -64 0
3288 1 63 1
3289 0 -64 0
3290 0 -64 0
3291 1 63 1
3292 1 63 1
3293 1 63 1
3294 1 63 1
3295 0 -64 0
3296 1 63 1
3297 1 63 1
3298 0 -64 0
3299 0 -64 0
3300 1 63 1
3301 0 -64 0
3302 1 63 1
3303 0 -64 0
3304 0 -64 0
3305 0 -64 0
3306 1 63 1
3307 1 63 1
3308 0 -64 0
3309 1 63 1
3310 1 63 1
3311 1 63 1
3312 1 63 1
3313 1 63 1
3314 1 63 1
3315 1 63 1
3316 0 -64 0
3317 1 63 1
3318 0 -64 0
3319 1 63 1
3320 1 63 1
3321 0 -64 0
3322 1 63 1
3323 0 -64 0
3324 0 -64 0
3325 1 63 1
3326 1 63 1
3327 1 63 1
3328 1 63 1
3329 1 63 1
3330 1 63 1
3331 0 -64 0
3332 1 63 1
3333 0 -64 0
3334 0 -64 0
3335 1 63 1
3336 0 -64 0
3337 1 63 1
3338 1 63 1
3339 0 -64 0
3340 1 63 1
3341 1 63 1
3342 1 63 1
3343 1 63 1
3344 1 63 1
3345 0 -64 0
3346 0 -64 0
3347 0 -64 0
3348 0 -64 0
3349 0 -64 0
3350 0 -64 0
3351 1 63 1
3352 1 63 1
3353 1 63 1
3354 0 -64 0
3355 0 -64 0
3356 1 63 1
3357 0 -64 0
3358 0 -64 0
3359 1 63 1
3360 0 -64 0
3361 1 63 1
3362 1 63 1
3363 0 -64 0
3364 0 -64 0
3365 1 63 1
3366 1 63 1
3367 1 63 1
3368 1 63 1
3369 0 -64 0
3370 1 63 1
3371 1 63 1
3372 0 -64 0
3373 1 63 1
3374 0 -64 0
3375 1 63 1
3376 1 63 1
3377 1 62 1
3378 1 63 1
3379 1 63 1
3380 1 63 1
3381 0 -64 0
3382 0 -64 0
3383 0 -64 0
3384 0 -62 0
3385 0 -64 0
3386 1 63 1
3387 1 63 1
3388 1 63 1
3389 1 63 1
3390 0 -64 0
3391 0 -64 0
3392 0 -64 0
3393 0 -64 0
3394 1 63 1
3395 0 -64 0
3396 0 -64 0
3397 1 63 1
3398 0 -64 0
3399 0 -64 0
3400 0 -64 0
3401 0 -64 0
3402 1 63 1
3403 0 -64 0
3404 1 63 1
3405 1 63 1
3406 0 -64 0
3407 1 63 1
3408 1 63 1
3409 1 63 1
3410 1 63 1
3411 1 63 1
3412 0 -64 0
3413 1 63 1
3414 1 63 1
3415 1 63 1
3416 1 63 1
3417 0 -64 0
3418 1 63 1
3419 0 -64 0
3420 0 -64 0
3421 0 -64 0
3422 1 63 1
3423 0 -64 0
3424 0 -64 0
3425 1 63 1
3426 0 -64 0
3427 0 -64 0
3428 1 63 1
3429 0 -64 0
3430 0 -64 0
3431 0 -64 0
3432 0 -64 0
3433 1 63 1
3434 0 -64 0
3435 0 -64 0
3436 0 -64 0
3437 1 63 1
3438 1 63 1
3439 1 63 1
3440 0 -64 0
3441 0 -64 0
3442 0 -64 0
3443 0 -64 0
3444 0 -64 0
3445 0 -64 0
3446 1 63 1
3447 0 -64 0
3448 0 -64 0
3449 0 -64 0
3450 0 -64 0
3451 0 -64 0
3452 0 -64 0
3453 1 63 1
3454 1 63 1
3455 0 -64 0
3456 1 63 1
3457 0 -64 0
3458 0 -64 0
3459 1 63 1
3460 1 63 1
3461 0 -64 0
3462 1 63 1
3463 0 -64 0
3464 1 63 1
3465 1 63 1
3466 0 -64 0
3467 0 -64 0
3468 0 -64 0
3469 1 63 1
3470 1 63 1
3471 1 63 1
3472 1 63 1
3473 1 63 1
3474 0 -64 0
3475 0 -64 0
3476 0 -64 0
3477 1 63 1
3478 1 63 1
3479 0 -64 0
3480 0 -64 0
3481 1 63 1
3482 0 -64 0
3483 0 -64 0
3484 1 63 1
3485 1 63 1
3486 1 63 1
3487 0 -64 0
3488 1 63 1
3489 1 63 1
3490 1 63 1
3491 0 -64 0
3492 0 -64 0
3493 1 63 1
3494 1 63 1
3495 0 -64 0
3496 0 -64 0
3497 0 -64 0
3498 1 63 1
3499 1 63 1
3500 1 63 1
3501 1 63 1
3502 0 -64 0
3503 0 -64 0
3504 0 -64 0
3505 0 -64 0
3506 0 -64 0
3507 0 -64 0
3508 1 63 1
3509 1 63 1
3510 0 -64 0
3511 0 -64 0
3512 0 -64 0
3513 1 63 1
3514 0 -64 0
3515 0 -64 0
3516 0 -64 0
3517 0 -64 0
3518 0 -64 0
3519 1 63 1
3520 0 -64 0
3521 1 63 1
3522 1 63 1
3523 0 -64 0
3524 1 63 1
3525 1 63 1
3526 0 -64 0
3527 0 -64 0
3528 0 -64 0
3529 0 -64 0
3530 1 63 1
3531 1 63 1
3532 0 -64 0
3533 1 63 1
3534 1 63 1
3535 1 63 1
3536 1 63 1
3537 1 63 1
3538 0 -64 0
3539 0 -64 0
3540 0 -64 0
3541 1 63 1
3542 1 63 1
3543 1 63 1
3544 1 63 1
3545 1 63 1
3546 0 -64 0
3547 0 -64 0
3548 0 -64 0
3549 1 63 1
3550 0 -64 0
3551 1 63 1
3552 0 -64 0
3553 0 -64 0
3554 1 63 1
3555 0 -64 0
3556 1 63 1
3557 0 -64 0
3558 0 -64 0
3559 1 63 1
3560 1 63 1
3561 0 -64 0
3562 0 -64 0
3563 1 63 1
3564 1 63 1
3565 0 -64 0
3566 1 63 1
3567 0 -64 0
3568 0 -64 0
3569 1 63 1
3570 1 63 1
3571 0 -64 0
3572 1 63 1
3573 0 -64 0
3574 1 63 1
3575 1 63 1
3576 1 63 1
3577 0 -64 0
3578 1 63 1
3579 1 63 1
3580 0 -64 0
3581 0 -64 0
3582 1 63 1
3583 1 63 1
3584 1 63 1
3585 1 63 1
3586 0 -64 0
3587 1 63 1
3588 1 63 1
3589 1 63 1
3590 0 -64 0
3591 0 -64 0
3592 1 63 1
3593 0 -64 0
3594 1 63 1
3595 0 -64 0
3596 0 -64 0
3597 0 -64 0
3598 0 -64 0
3599 1 63 1
3600 1 63 1
3601 0 -64 0
3602 1 63 1
3603 0 -64 0
3604 1 63 1
3605 0 -64 0
3606 0 -64 0
3607 1 63 1
3608 0 -64 0
3609 1 63 1
3610 0 -64 0
3611 0 -64 0
3612 1 63 1
3613 0 -64 0
3614 0 -64 0
3615 0 -64 0
3616 1 63 1
3617 1 63 1
3618 0 -64 0
3619 1 63 1
3620 1 63 1
3621 1 63 1
3622 0 -64 0
3623 0 -64 0
3624 1 63 1
3625 0 -64 0
3626 1 63 1
3627 1 63 1
3628 0 -64 0
3629 1 63 1
3630 0 -64 0
3631 1 63 1
3632 1 63 1
3633 1 63 1
3634 1 63 1
3635 0 -64 0
3636 0 -64 0
3637 0 -64 0
3638 0 -64 0
3639 1 63 1
3640 1 63 1
3641 1 63 1
3642 0 -64 0
3643 1 63 1
3644 0 -64 0
3645 0 -64 0
3646 1 63 1
3647 1 63 1
3648 0 -64 0
3649 1 63 1
3650 0 -64 0
3651 0 -64 0
3652 1 63 1
3653 1 63 1
3654 0 -64 0
3655 1 63 1
3656 0 -64 0
3657 0 -64 0
3658 0 -64 0
3659 0 -64 0
3660 0 -64 0
3661 0 -64 0
3662 1 63 1
3663 1 63 1
3664 0 -64 0
3665 0 -64 0
3666 0 -64 0
3667 1 63 1
3668 1 63 1
3669 0 -64 0
3670 1 63 1
3671 1 63 1
3672 1 63 1
3673 1 63 1
3674 0 -64 0
3675 0 -64 0
3676 0 -64 0
3677 1 63 1
3678 0 -64 0
3679 1 63 1
3680 1 63 1
3681 1 63 1
3682 0 -64 0
3683 0 -64 0
3684 0 -64 0
3685 1 63 1
3686 1 63 1
3687 1 63 1
3688 1 63 1
3689 0 -64 0
3690 0 -64 0
3691 1 63 1
3692 0 -64 0
3693 1 63 1
3694 1 63 1
3695 0 -64 0
3696 1 63 1
3697 0 -64 0
3698 1 63 1
3699 1 63 1
3700 0 -64 0
3701 0 -64 0
3702 0 -64 0
3703 0 -64 0
3704 1 63 1
3705 0 -64 0
3706 1 63 1
3707 0 -64 0
3708 0 -64 0
3709 1 63 1
3710 1 63 1
3711 0 -64 0
3712 0 -64 0
3713 1 63 1
3714 1 63 1
3715 0 -64 0
3716 0 -64 0
3717 1 63 1
3718 0 -64 0
3719 0 -64 0
3720 0 -64 0
3721 0 -64 0
3722 1 63 1
3723 1 63 1
3724 0 -64 0
3725 1 63 1
3726 1 63 1
3727 0 -64 0
3728 1 63 1
3729 0 -64 0
3730 1 63 1
3731 1 63 1
3732 0 -64 0
3733 1 63 1
3734 1 63 1
3735 1 63 1
3736 1 63 1
3737 0 -64 0
3738 1 63 1
3739 0 -64 0
3740 1 63 1
3741 1 63 1
3742 1 63 1
3743 0 -64 0
3744 0 -64 0
3745 0 -64 0
3746 1 63 1
3747 1 63 1
3748 0 -64 0
3749 0 -64 0
3750 1 63 1
3751 0 -64 0
3752 0 -64 0
3753 1 63 1
3754 1 63 1
3755 1 63 1
3756 0 -64 0
3757 1 63 1
3758 1 63 1
3759 1 63 1
3760 1 63 1
3761 0 -64 0
3762 1 63 1
3763 1 63 1
3764 0 -64 0
3765 1 63 1
3766 0 -64 0
3767 1 63 1
3768 1 63 1
3769 1 63 1
3770 0 -64 0
3771 1 63 1
3772 0 -64 0
3773 1 63 1
3774 1 63 1
3775 0 -64 0
3776 1 63 1
3777 1 63 1
3778 1 63 1
3779 0 -64 0
3780 1 63 1
3781 0 -64 0
3782 0 -64 0
3783 1 63 1
3784 1 63 1
3785 0 -64 0
3786 1 63 1
3787 1 63 1
3788 1 63 1
3789 0 -64 0
3790 0 -64 0
3791 1 63 1
3792 0 -64 0
3793 0 -64 0
3794 1 63 1
3795 1 63 1
3796 1 63 1
3797 0 -64 0
3798 0 -64 0
3799 1 63 1
3800 1 63 1
3801 1 63 1
3802 0 -64 0
3803 1 63 1
3804 0 -64 0
3805 1 63 1
3806 1 63 1
3807 1 63 1
3808 0 -64 0
3809 1 63 1
3810 1 63 1
3811 1 63 1
3812 0 -64 0
3813 1 63 1
3814 0 -64 0
3815 1 63 1
3816 1 63 1
3817 1 63 1
3818 1 63 1
3819 1 63 1
3820 0 -64 0
3821 1 63 1
3822 0 -64 0
3823 0 -64 0
3824 1 63 1
3825 0 -64 0
3826 1 63 1
3827 1 63 1
3828 0 -64 0
3829 1 63 1
3830 0 -64 0
3831 0 -64 0
3832 1 63 1
3833 0 -62 0
3834 0 -61 0
3835 1 39 1
3836 0 -53 0
3837 0 -55 0
3838 0 -40 0
3839 0 -42 0
3840 0 -39 0
3841 0 -56 0
3842 0 -64 0
3843 1 41 1
3844 1 -8 0
3845 1 42 1
3846 0 -64 0
3847 1 61 1
3848 0 -64 0
3849 0 -64 0
3850 0 -60 0
3851 1 63 1
3852 1 63 1
3853 1 63 1
3854 1 63 1
3855 0 -64 0
3856 0 -64 0
3857 1 63 1
3858 1 63 1
3859 1 63 1
3860 1 63 1
3861 0 -64 0
3862 0 -64 0
3863 1 63 1
3864 0 -64 0
3865 0 -64 0
3866 0 -64 0
3867 1 63 1
3868 0 -64 0
3869 1 63 1
3870 1 63 1
3871 1 63 1
3872 0 -64 0
3873 0 -64 0
3874 1 63 1
3875 0 -64 0
3876 1 63 1
3877 1 63 1
3878 0 -64 0
3879 1 63 1
3880 1 63 1
3881 1 63 1
3882 0 -64 0
3883 1 63 1
3884 0 -64 0
3885 0 -64 0
3886 0 -64 0
3887 1 63 1
3888 1 63 1
3889 1 63 1
3890 1 63 1
3891 0 -64 0
3892 1 63 1
3893 1 63 1
3894 1 63 1
3895 1 63 1
3896 1 63 1
3897 0 -64 0
3898 1 63 1
3899 0 -64 0
3900 1 63 1
3901 0 -64 0
3902 0 -64 0
3903 1 63 1
3904 1 63 1
3905 1 63 1
3906 0 -64 0
3907 1 63 1
3908 0 -64 0
3909 1 63 1
3910 0 -64 0
3911 0 -64 0
3912 1 63 1
3913 1 63 1
3914 0 -64 0
3915 0 -64 0
3916 0 -64 0
3917 0 -64 0
3918 1 63 1
3919 1 63 1
3920 0 -64 0
3921 0 -64 0
3922 0 -64 0
3923 1 63 1
3924 1 63 1
3925 0 -64 0
3926 1 63 1
3927 1 63 1
3928 1 63 1
3929 1 63 1
3930 1 63 1
3931 0 -64 0
3932 0 -64 0
3933 1 63 1
3934 1 63 1
3935 0 -64 0
3936 0 -64 0
3937 0 -64 0
3938 1 63 1
3939 0 -64 0
3940 1 63 1
3941 0 -64 0
3942 0 -64 0
3943 0 -64 0
3944 0 -64 0
3945 0 -64 0
3946 1 63 1
3947 0 -64 0
3948 1 63 1
3949 1 63 1
3950 1 63 1
3951 1 63 1
3952 1 63 1
3953 1 63 1
3954 0 -64 0
3955 1 63 1
3956 1 63 1
3957 0 -64 0
3958 1 63 1
3959 1 63 1
3960 1 63 1
3961 0 -64 0
3962 1 63 1
3963 1 63 1
3964 0 -64 0
3965 0 -64 0
3966 1 63 1
3967 0 -64 0
3968 1 63 1
3969 1 63 1
3970 1 63 1
3971 1 63 1
3972 0 -64 0
3973 0 -64 0
3974 0 -64 0
3975 1 63 1
3976 0 -64 0
3977 0 -64 0
3978 1 63 1
3979 1 63 1
3980 0 -64 0
3981 1 63 1
3982 0 -64 0
3983 1 63 1
3984 0 -64 0
3985 1 63 1
3986 0 -64 0
3987 1 63 1
3988 0 -64 0
3989 0 -64 0
3990 0 -64 0
3991 0 -64 0
3992 1 63 1
3993 1 63 1
3994 1 63 1
3995 0 -64 0
3996 0 -64 0
3997 1 63 1
3998 0 -64 0
3999 0 -64 0
4000 0 -64 0
4001 0 -64 0
4002 0 -64 0
4003 0 -64 0
4004 0 -64 0
4005 1 63 1
4006 0 -64 0
4007 0 -64 0
4008 1 63 1
4009 0 -64 0
4010 1 63 1
4011 0 -64 0
4012 1 63 1
4013 0 -64 0
4014 1 63 1
4015 0 -64 0
4016 0 -64 0
4017 1 63 1
4018 0 -64 0
4019 1 63 1
4020 0 -64 0
4021 1 63 1
4022 0 -64 0
4023 0 -64 0
4024 1 63 1
4025 0 -64 0
4026 1 63 1
4027 1 63 1
4028 0 -64 0
4029 1 63 1
4030 0 -64 0
4031 1 63 1
4032 0 -64 0
4033 0 -64 0
4034 0 -64 0
4035 0 -64 0
4036 1 63 1
4037 1 63 1
4038 0 -64 0
4039 0 -64 0
4040 1 63 1
4041 1 63 1
4042 1 63 1
4043 0 -64 0
4044 1 63 1
4045 0 -64 0
4046 0 -64 0
4047 1 63 1
4048 1 63 1
4049 0 -64 0
4050 0 -64 0
4051 1 63 1
4052 1 63 1
4053 0 -64 0
4054 1 63 1
4055 0 -64 0
4056 1 63 1
4057 0 -64 0
4058 1 63 1
4059 1 63 1
4060 1 63 1
4061 0 -64 0
4062 1 63 1
4063 0 -64 0
4064 1 63 1
4065 1 63 1
4066 0 -64 0
4067 1 63 1
4068 0 -64 0
4069 0 -64 0
4070 1 63 1
4071 1 63 1
4072 1 63 1
4073 0 -64 0
4074 1 63 1
4075 1 63 1
4076 1 63 1
4077 0 -64 0
4078 0 -64 0
4079 0 -64 0
4080 0 -64 0
4081 1 63 1
4082 1 63 1
4083 1 63 1
4084 1 63 1
4085 0 -64 0
4086 0 -64 0
4087 1 63 1
4088 1 63 1
4089 1 63 1
4090 1 63 1
4091 0 -64 0
4092 0 -64 0
4093 1 63 1
4094 1 63 1
4095 0 -64 0
4096 0 -64 0
4097 0 -64 0
4098 1 63 1
4099 0 -64 0
4100 1 63 1
4101 1 63 1
4102 1 63 1
4103 0 -64 0
4104 1 63 1
4105 1 63 1
4106 0 -64 0
4107 0 -64 0
4108 0 -64 0
4109 0 -64 0
4110 0 -64 0
4111 0 -64 0
4112 0 -64 0
4113 0 -64 0
4114 1 63 1
4115 1 63 1
4116 1 63 1
4117 0 -64 0
4118 0 -64 0
4119 1 63 1
4120 1 63 1
4121 0 -64 0
4122 0 -64 0
4123 0 -64 0
4124 1 63 1
4125 1 63 1
4126 1 63 1
4127 1 63 1
4128 0 -64 0
4129 0 -64 0
4130 1 63 1
4131 0 -64 0
4132 1 63 1
4133 1 63 1
4134 1 63 1
4135 1 63 1
4136 0 -64 0
4137 1 63 1
4138 0 -64 0
4139 1 63 1
4140 1 63 1
4141 1 63 1
4142 0 -64 0
4143 0 -64 0
4144 1 63 1
4145 0 -64 0
4146 1 63 1
4147 1 63 1
4148 0 -64 0
4149 0 -64 0
4150 1 63 1
4151 1 63 1
4152 0 -64 0
4153 0 -64 0
4154 0 -64 0
4155 1 63 1
4156 0 -64 0
4157 1 63 1
4158 0 -64 0
4159 1 63 1
4160 0 -64 0
4161 1 63 1
4162 1 63 1
4163 1 63 1
4164 1 63 1
4165 1 63 1
4166 0 -64 0
4167 0 -64 0
4168 1 63 1
4169 0 -64 0
4170 0 -64 0
4171 0 -64 0
4172 0 -64 0
4173 1 63 1
4174 0 -64 0
4175 0 -64 0
4176 0 -64 0
4177 1 63 1
4178 1 63 1
4179 0 -64 0
4180 0 -64 0
4181 0 -64 0
4182 0 -64 0
4183 0 -64 0
4184 1 63 1
4185 1 63 1
4186 0 -64 0
4187 0 -64 0
4188 1 63 1
4189 0 -64 0
4190 1 63 1
4191 1 63 1
4192 1 63 1
4193 1 63 1
4194 0 -64 0
4195 0 -64 0
4196 0 -64 0
4197 0 -64 0
4198 1 63 1
4199 0 -64 0
4200 1 63 1
4201 1 63 1
4202 0 -64 0
4203 0 -64 0
4204 0 -64 0
4205 1 63 1
4206 1 63 1
4207 0 -64 0
4208 1 63 1
4209 1 63 1
4210 1 63 1
4211 1 63 1
4212 0 -64 0
4213 1 63 1
4214 0 -64 0
4215 0 -64 0
4216 0 -64 0
4217 1 63 1
4218 1 63 1
4219 1 63 1
4220 0 -64 0
4221 1 63 1
4222 1 63 1
4223 0 -64 0
4224 0 -64 0
4225 0 -64 0
4226 1 63 1
4227 1 63 1
4228 0 -64 0
4229 1 63 1
4230 1 63 1
4231 0 -64 0
4232 1 63 1
4233 0 -64 0
4234 1 63 1
4235 1 63 1
4236 1 63 1
4237 1 63 1
4238 0 -64 0
4239 0 -64 0
4240 0 -64 0
4241 1 63 1
4242 0 -64 0
4243 1 63 1
4244 1 63 1
4245 0 -64 0
4246 1 63 1
4247 0 -64 0
4248 0 -64 0
4249 1 63 1
4250 1 63 1
4251 0 -64 0
4252 0 -64 0
4253 0 -64 0
4254 0 -64 0
4255 0 -64 0
4256 0 -64 0
4257 1 63 1
4258 0 -64 0
4259 0 -64 0
4260 0 -64 0
4261 0 -64 0
4262 1 63 1
4263 1 63 1
4264 1 63 1
4265 0 -64 0
4266 1 63 1
4267 0 -64 0
4268 1 63 1
4269 0 -64 0
4270 0 -64 0
4271 0 -64 0
4272 1 63 1
4273 1 63 1
4274 1 63 1
4275 1 63 1
4276 0 -64 0
4277 1 63 1
4278 0 -64 0
4279 0 -64 0
4280 0 -64 0
4281 1 63 1
4282 1 63 1
4283 1 63 1
4284 1 63 1
4285 1 63 1
4286 1 63 1
4287 1 63 1
4288 1 63 1
4289 0 -64 0
4290 0 -64 0
4291 0 -64 0
4292 0 -64 0
4293 1 63 1
4294 0 -64 0
4295 0 -64 0
4296 1 63 1
4297 0 -64 0
4298 1 63 1
4299 1 63 1
4300 0 -64 0
4301 1 63 1
4302 0 -64 0
4303 1 63 1
4304 0 -64 0
4305 0 -64 0
4306 1 63 1
4307 1 63 1
4308 0 -64 0
4309 1 63 1
4310 0 -64 0
4311 0 -64 0
4312 1 63 1
4313 0 -64 0
4314 1 63 1
4315 0 -64 0
4316 0 -64 0
4317 1 63 1
4318 1 63 1
4319 1 63 1
4320 0 -64 0
4321 1 63 1
4322 0 -64 0
4323 1 63 1
4324 1 63 1
4325 1 63 1
4326 1 63 1
4327 0 -64 0
4328 0 -64 0
4329 1 63 1
4330 0 -64 0
4331 0 -64 0
4332 1 63 1
4333 1 63 1
4334 1 63 1
4335 1 63 1
4336 0 -64 0
4337 0 -64 0
4338 1 63 1
4339 1 63 1
4340 0 -64 0
4341 1 63 1
4342 0 -64 0
4343 0 -64 0
4344 0 -64 0
4345 1 63 1
4346 1 63 1
4347 0 -64 0
4348 1 63 1
4349 0 -64 0
4350 1 63 1
4351 1 63 1
4352 1 63 1
4353 0 -64 0
4354 0 -64 0
4355 0 -64 0
4356 0 -64 0
4357 0 -64 0
4358 0 -64 0
4359 0 -64 0
4360 1 63 1
4361 1 63 1
4362 1 63 1
4363 1 63 1
4364 1 63 1
4365 1 63 1
4366 1 63 1
4367 0 -64 0
4368 1 63 1
4369 0 -64 0
4370 1 63 1
4371 0 -64 0
4372 0 -64 0
4373 0 -64 0
4374 1 63 1
4375 1 63 1
4376 0 -64 0
4377 0 -64 0
4378 1 63 1
4379 1 63 1
4380 0 -64 0
4381 0 -64 0
4382 1 63 1
4383 0 -64 0
4384 0 -64 0
4385 1 63 1
4386 1 63 1
4387 1 63 1
4388 0 -64 0
4389 1 63 1
4390 1 63 1
4391 1 63 1
4392 1 63 1
4393 0 -64 0
4394 1 63 1
4395 1 63 1
4396 0 -64 0
4397 0 -64 0
4398 1 63 1
4399 1 63 1
4400 1 63 1
4401 0 -64 0
4402 1 63 1
4403 0 -64 0
4404 0 -64 0
4405 0 -64 0
4406 1 63 1
4407 1 63 1
4408 0 -64 0
4409 0 -64 0
4410 1 63 1
4411 1 63 1
4412 0 -64 0
4413 1 63 1
4414 0 -64 0
4415 1 63 1
4416 1 63 1
4417 1 63 1
4418 0 -64 0
4419 0 -64 0
4420 1 63 1
4421 0 -64 0
4422 0 -64 0
4423 1 63 1
4424 1 63 1
4425 1 63 1
4426 0 -64 0
4427 0 -64 0
4428 1 63 1
4429 0 -64 0
4430 0 -64 0
4431 1 63 1
4432 1 63 1
4433 1 63 1
4434 0 -64 0
4435 1 63 1
4436 1 63 1
4437 1 63 1
4438 0 -64 0
4439 0 -64 0
4440 1 63 1
4441 0 -64 0
4442 0 -64 0
4443 1 63 1
4444 0 -64 0
4445 1 63 1
4446 0 -64 0
4447 1 63 1
4448 1 63 1
4449 1 63 1
4450 0 -64 0
4451 1 63 1
4452 0 -64 0
4453 1 63 1
4454 0 -64 0
4455 0 -64 0
4456 0 -64 0
4457 0 -64 0
4458 0 -64 0
4459 1 63 1
4460 1 63 1
4461 0 -64 0
4462 0 -64 0
4463 1 63 1
4464 1 63 1
4465 0 -64 0
4466 0 -64 0
4467 0 -64 0
4468 1 63 1
4469 1 63 1
4470 0 -64 0
4471 0 -64 0
4472 1 63 1
4473 0 -64 0
4474 0 -64 0
4475 1 63 1
4476 1 63 1
4477 1 63 1
4478 1 63 1
4479 0 -64 0
4480 1 63 1
4481 1 63 1
4482 1 63 1
4483 0 -64 0
4484 1 63 1
4485 1 63 1
4486 0 -64 0
4487 1 63 1
4488 0 -64 0
4489 0 -64 0
4490 0 -64 0
4491 0 -64 0
4492 0 -64 0
4493 0 -64 0
4494 1 63 1
4495 0 -64 0
4496 1 63 1
4497 0 -64 0
4498 1 63 1
4499 1 63 1
4500 1 63 1
4501 0 -64 0
4502 0 -64 0
4503 0 -64 0
4504 1 63 1
4505 0 -64 0
4506 1 63 1
4507 1 63 1
4508 1 63 1
4509 1 63 1
4510 0 -64 0
4511 1 63 1
4512 1 63 1
4513 0 -64 0
4514 0 -64 0
4515 0 -64 0
4516 1 63 1
4517 1 63 1
4518 0 -64 0
4519 1 63 1
4520 1 63 1
4521 1 63 1
4522 1 63 1
4523 1 63 1
4524 0 -64 0
4525 1 63 1
4526 1 63 1
4527 1 63 1
4528 0 -64 0
4529 1 63 1
4530 1 63 1
4531 1 63 1
4532 0 -64 0
4533 0 -64 0
4534 1 63 1
4535 1 63 1
4536 1 63 1
4537 1 63 1
4538 1 63 1
4539 1 63 1
4540 1 63 1
4541 1 63 1
4542 1 63 1
4543 0 -64 0
4544 0 -64 0
4545 0 -64 0
4546 1 63 1
4547 1 63 1
4548 1 63 1
4549 1 63 1
4550 0 -64 0
4551 1 63 1
4552 0 -64 0
4553 1 63 1
4554 1 63 1
4555 1 63 1
4556 0 -64 0
4557 0 -64 0
4558 0 -64 0
4559 0 -64 0
4560 1 63 1
4561 1 63 1
4562 0 -64 0
4563 0 -64 0
4564 0 -64 0
4565 1 63 1
4566 1 63 1
4567 1 63 1
4568 1 63 1
4569 0 -64 0
4570 1 63 1
4571 0 -64 0
4572 1 63 1
4573 1 63 1
4574 0 -64 0
4575 0 -64 0
4576 0 -64 0
4577 1 63 1
4578 0 -64 0
4579 1 63 1
4580 0 -64 0
4581 0 -64 0
4582 1 63 1
4583 1 63 1
4584 0 -64 0
4585 0 -64 0
4586 0 -64 0
4587 0 -64 0
4588 0 -64 0
4589 1 63 1
4590 0 -64 0
4591 0 -64 0
4592 1 63 1
4593 0 -64 0
4594 1 63 1
4595 1 63 1
4596 1 63 1
4597 1 63 1
4598 0 -64 0
4599 0 -64 0
4600 1 63 1
4601 0 -47 0
4602 0 -64 0
4603 0 -48 0
4604 0 -52 0
4605 0 -54 0
4606 1 45 1
4607 0 -49 0
4608 0 -38 0
4609 1 40 1
4610 0 -58 0
4611 1 46 1
4612 0 -52 0
4613 0 -56 0
4614 0 -64 0
4615 0 -64 0
4616 0 -64 0
4617 0 -64 0
4618 1 63 1
4619 0 -64 0
4620 0 -64 0
4621 1 63 1
4622 1 63 1
4623 1 63 1
4624 1 63 1
4625 0 -64 0
4626 1 63 1
4627 1 63 1
4628 0 -64 0
4629 0 -64 0
4630 1 63 1
4631 0 -64 0
4632 1 63 1
4633 1 63 1
4634 0 -64 0
4635 0 -64 0
4636 1 63 1
4637 0 -64 0
4638 1 63 1
4639 0 -64 0
4640 0 -64 0
4641 1 63 1
4642 0 -64 0
4643 0 -64 0
4644 1 63 1
4645 1 63 1
4646 0 -64 0
4647 0 -64 0
4648 1 63 1
4649 0 -64 0
4650 0 -64 0
4651 1 63 1
4652 1 63 1
4653 0 -64 0
4654 0 -64 0
4655 1 63 1
4656 1 63 1
4657 0 -64 0
4658 1 63 1
4659 1 63 1
4660 0 -64 0
4661 0 -64 0
4662 0 -64 0
4663 0 -64 0
4664 0 -64 0
4665 1 63 1
4666 0 -64 0
4667 1 63 1
4668 0 -64 0
4669 1 63 1
4670 0 -64 0
4671 0 -64 0
4672 0 -64 0
4673 1 63 1
4674 1 63 1
4675 1 63 1
4676 0 -64 0
4677 1 63 1
4678 1 63 1
4679 1 63 1
4680 1 63 1
4681 0 -64 0
4682 0 -64 0
4683 1 63 1
4684 1 63 1
4685 0 -64 0
4686 1 63 1
4687 1 63 1
4688 1 63 1
4689 0 -64 0
4690 1 63 1
4691 1 63 1
4692 1 63 1
4693 1 63 1
4694 0 -64 0
4695 1 63 1
4696 1 63 1
4697 0 -64 0
4698 1 63 1
4699 1 63 1
4700 0 -64 0
4701 1 63 1
4702 0 -64 0
4703 0 -64 0
4704 1 63 1
4705 1 63 1
4706 0 -64 0
4707 1 63 1
4708 0 -64 0
4709 0 -64 0
4710 1 63 1
4711 0 -64 0
4712 0 -64 0
4713 1 63 1
4714 0 -64 0
4715 1 63 1
4716 1 63 1
4717 0 -64 0
4718 0 -64 0
4719 1 63 1
4720 0 -64 0
4721 1 63 1
4722 0 -64 0
4723 1 63 1
4724 1 63 1
4725 1 63 1
4726 0 -64 0
4727 1 63 1
4728 1 63 1
4729 1 63 1
4730 0 -64 0
4731 0 -64 0
4732 0 -64 0
4733 0 -64 0
4734 1 63 1
4735 1 63 1
4736 1 63 1
4737 0 -64 0
4738 1 63 1
4739 0 -64 0
4740 0 -64 0
4741 1 63 1
4742 1 63 1
4743 0 -64 0
4744 1 63 1
4745 1 63 1
4746 0 -64 0
4747 1 63 1
4748 0 -64 0
4749 0 -64 0
4750 0 -64 0
4751 1 63 1
4752 0 -64 0
4753 0 -64 0
4754 1 63 1
4755 0 -64 0
4756 0 -64 0
4757 1 63 1
4758 0 -64 0
4759 1 63 1
4760 0 -64 0
4761 0 -64 0
4762 0 -64 0
4763 1 63 1
4764 1 63 1
4765 0 -64 0
4766 1 63 1
4767 0 -64 0
4768 1 63 1
4769 1 63 1
4770 0 -64 0
4771 1 63 1
4772 0 -64 0
4773 0 -64 0
4774 0 -64 0
4775 0 -64 0
4776 1 63 1
4777 1 63 1
4778 1 63 1
4779 1 63 1
4780 0 -64 0
4781 0 -64 0
4782 0 -64 0
4783 0 -64 0
4784 0 -64 0
4785 1 63 1
4786 0 -64 0
4787 0 -64 0
4788 1 63 1
4789 1 63 1
4790 1 63 1
4791 0 -64 0
4792 1 63 1
4793 1 63 1
4794 1 63 1
4795 1 63 1
4796 1 63 1
4797 1 63 1
4798 1 63 1
4799 0 -64 0
4800 1 63 1
4801 1 63 1
4802 1 63 1
4803 0 -64 0
4804 0 -64 0
4805 1 63 1
4806 1 63 1
4807 1 63 1
4808 0 -64 0
4809 0 -64 0
4810 1 63 1
4811 0 -64 0
4812 1 63 1
4813 1 63 1
4814 1 63 1
4815 0 -64 0
4816 1 63 1
4817 0 -64 0
4818 0 -64 0
4819 1 63 1
4820 1 63 1
4821 0 -64 0
4822 1 63 1
4823 1 63 1
4824 1 63 1
4825 1 63 1
4826 1 63 1
4827 0 -64 0
4828 1 63 1
4829 1 63 1
4830 0 -64 0
4831 1 63 1
4832 0 -64 0
4833 0 -64 0
4834 0 -64 0
4835 0 -64 0
4836 0 -64 0
4837 1 63 1
4838 0 -64 0
4839 1 63 1
4840 0 -64 0
4841 0 -64 0
4842 1 63 1
4843 1 63 1
4844 1 63 1
4845 1 63 1
4846 1 63 1
4847 1 63 1
4848 0 -64 0
4849 1 63 1
4850 1 63 1
4851 0 -64 0
4852 1 63 1
4853 0 -64 0
4854 0 -64 0
4855 1 63 1
4856 0 -64 0
4857 1 63 1
4858 0 -64 0
4859 1 63 1
4860 1 63 1
4861 0 -64 0
4862 1 63 1
4863 1 63 1
4864 1 63 1
4865 0 -64 0
4866 0 -64 0
4867 1 63 1
4868 0 -64 0
4869 1 63 1
4870 0 -64 0
4871 0 -64 0
4872 1 63 1
4873 1 63 1
4874 1 63 1
4875 1 63 1
4876 1 63 1
4877 0 -64 0
4878 1 63 1
4879 1 63 1
4880 1 63 1
4881 0 -64 0
4882 0 -64 0
4883 1 63 1
4884 1 63 1
4885 0 -64 0
4886 0 -64 0
4887 1 63 1
4888 1 63 1
4889 0 -64 0
4890 0 -64 0
4891 0 -64 0
4892 1 63 1
4893 0 -64 0
4894 0 -64 0
4895 1 63 1
4896 0 -64 0
4897 0 -64 0
4898 1 63 1
4899 1 63 1
4900 1 63 1
4901 0 -64 0
4902 0 -64 0
4903 0 -64 0
4904 1 63 1
4905 0 -64 0
4906 1 63 1
4907 0 -64 0
4908 1 63 1
4909 0 -64 0
4910 1 63 1
4911 0 -64 0
4912 0 -64 0
4913 1 63 1
4914 1 63 1
4915 0 -64 0
4916 0 -64 0
4917 0 -64 0
4918 0 -64 0
4919 1 63 1
4920 1 63 1
4921 0 -64 0
4922 0 -64 0
4923 1 63 1
4924 0 -64 0
4925 1 63 1
4926 1 63 1
4927 0 -64 0
4928 0 -64 0
4929 1 63 1
4930 0 -64 0
4931 0 -64 0
4932 1 63 1
4933 1 63 1
4934 0 -64 0
4935 1 63 1
4936 0 -64 0
4937 0 -64 0
4938 0 -64 0
4939 1 63 1
4940 1 63 1
4941 1 63 1
4942 0 -64 0
4943 1 63 1
4944 0 -64 0
4945 0 -64 0
4946 0 -64 0
4947 0 -64 0
4948 0 -64 0
4949 1 63 1
4950 0 -64 0
4951 0 -64 0
4952 0 -64 0
4953 0 -64 0
4954 1 63 1
4955 1 63 1
4956 0 -64 0
4957 0 -64 0
4958 1 63 1
4959 1 63 1
4960 0 -64 0
4961 0 -64 0
4962 1 63 1
4963 0 -64 0
4964 0 -64 0
4965 1 63 1
4966 0 -64 0
4967 1 63 1
4968 0 -64 0
4969 0 -64 0
4970 1 63 1
4971 1 63 1
4972 0 -64 0
4973 0 -64 0
4974 0 -64 0
4975 1 63 1
4976 0 -64 0
4977 1 63 1
4978 1 63 1
4979 1 63 1
4980 0 -64 0
4981 1 63 1
4982 0 -64 0
4983 1 63 1
4984 0 -64 0
4985 0 -64 0
4986 0 -64 0
4987 0 -64 0
4988 1 63 1
4989 1 63 1
4990 0 -64 0
4991 1 63 1
4992 1 63 1
4993 0 -64 0
4994 1 63 1
4995 0 -64 0
4996 1 63 1
4997 1 63 1
4998 0 -64 0
4999 0 -64 0
5000 0 -64 0
5001 1 63 1
5002 1 63 1
5003 0 -64 0
5004 0 -64 0
5005 1 63 1
5006 0 -64 0
5007 0 -64 0
5008 0 -64 0
5009 1 63 1
5010 1 63 1
5011 1 63 1
5012 1 63 1
5013 1 63 1
5014 0 -64 0
5015 0 -64 0
5016 1 63 1
5017 0 -64 0
5018 1 63 1
5019 0 -64 0
5020 0 -64 0
5021 1 63 1
5022 0 -64 0
5023 1 63 1
5024 1 63 1
5025 0 -64 0
5026 0 -64 0
5027 0 -64 0
5028 1 63 1
5029 0 -64 0
5030 0 -64 0
5031 1 63 1
5032 1 63 1
5033 1 63 1
5034 1 63 1
5035 1 63 1
5036 1 63 1
5037 0 -64 0
5038 1 63 1
5039 1 63 1
5040 0 -64 0
5041 0 -64 0
5042 1 63 1
5043 1 63 1
5044 1 63 1
5045 0 -64 0
5046 1 63 1
5047 0 -64 0
5048 0 -64 0
5049 1 63 1
5050 1 63 1
5051 0 -64 0
5052 0 -64 0
5053 0 -64 0
5054 0 -64 0
5055 0 -64 0
5056 0 -64 0
5057 0 -64 0
5058 1 63 1
5059 1 63 1
5060 1 63 1
5061 1 63 1
5062 0 -64 0
5063 0 -64 0
5064 1 63 1
5065 0 -64 0
5066 1 63 1
5067 1 63 1
5068 0 -64 0
5069 0 -64 0
5070 1 63 1
5071 0 -64 0
5072 0 -64 0
5073 0 -64 0
5074 0 -64 0
5075 1 63 1
5076 1 63 1
5077 0 -64 0
5078 0 -64 0
5079 1 63 1
5080 1 63 1
5081 1 63 1
5082 0 -64 0
5083 0 -64 0
5084 1 63 1
5085 1 63 1
5086 0 -64 0
5087 0 -64 0
5088 0 -64 0
5089 1 63 1
5090 0 -64 0
5091 1 63 1
5092 0 -64 0
5093 0 -64 0
5094 1 63 1
5095 0 -64 0
5096 0 -64 0
5097 1 63 1
5098 0 -64 0
5099 0 -64 0
5100 0 -64 0
5101 1 63 1
5102 1 63 1
5103 1 63 1
5104 0 -64 0
5105 1 63 1
5106 1 63 1
5107 1 63 1
5108 0 -64 0
5109 0 -64 0
5110 0 -64 0
5111 0 -64 0
5112 1 63 1
5113 1 63 1
5114 1 63 1
5115 0 -64 0
5116 1 63 1
5117 0 -64 0
5118 0 -64 0
5119 0 -64 0
5120 0 -64 0
5121 1 63 1
5122 1 63 1
5123 0 -64 0
5124 0 -64 0
5125 1 63 1
5126 0 -64 0
5127 1 63 1
5128 0 -64 0
5129 1 63 1
5130 1 63 1
5131 0 -64 0
5132 1 63 1
5133 1 63 1
5134 0 -64 0
5135 1 63 1
5136 0 -64 0
5137 0 -64 0
5138 1 63 1
5139 1 63 1
5140 1 63 1
5141 0 -64 0
5142 0 -64 0
5143 0 -64 0
5144 1 63 1
5145 1 63 1
5146 1 63 1
5147 0 -64 0
5148 0 -64 0
5149 1 63 1
5150 0 -64 0
5151 1 63 1
5152 0 -64 0
5153 1 63 1
5154 1 63 1
5155 1 63 1
5156 1 63 1
5157 0 -64 0
5158 1 63 1
5159 1 63 1
5160 1 63 1
5161 0 -64 0
5162 0 -64 0
5163 0 -64 0
5164 1 63 1
5165 1 63 1
5166 1 63 1
5167 0 -64 0
5168 1 63 1
5169 1 63 1
5170 1 63 1
5171 0 -64 0
5172 0 -64 0
5173 1 63 1
5174 1 63 1
5175 0 -64 0
5176 0 -64 0
5177 1 63 1
5178 0 -64 0
5179 1 63 1
5180 1 63 1
5181 0 -64 0
5182 0 -64 0
5183 1 63 1
5184 1 63 1
5185 0 -64 0
5186 0 -64 0
5187 1 63 1
5188 0 -64 0
5189 0 -64 0
5190 1 63 1
5191 0 -64 0
5192 1 63 1
5193 0 -64 0
5194 0 -64 0
5195 1 63 1
5196 0 -64 0
5197 0 -64 0
5198 1 63 1
5199 0 -64 0
5200 0 -64 0
5201 1 63 1
5202 1 63 1
5203 1 63 1
5204 0 -64 0
5205 1 63 1
5206 0 -64 0
5207 1 63 1
5208 0 -64 0
5209 0 -64 0
5210 0 -64 0
5211 0 -64 0
5212 0 -64 0
5213 0 -64 0
5214 1 63 1
5215 0 -64 0
5216 0 -64 0
5217 1 63 1
5218 1 63 1
5219 1 63 1
5220 0 -64 0
5221 1 63 1
5222 0 -64 0
5223 1 63 1
5224 0 -64 0
5225 0 -64 0
5226 0 -64 0
5227 1 63 1
5228 0 -64 0
5229 0 -64 0
5230 0 -64 0
5231 0 -64 0
5232 0 -64 0
5233 1 63 1
5234 1 63 1
5235 1 63 1
5236 1 63 1
5237 1 63 1
5238 0 -64 0
5239 0 -64 0
5240 1 63 1
5241 0 -64 0
5242 1 63 1
5243 1 63 1
5244 0 -64 0
5245 1 63 1
5246 0 -64 0
5247 1 63 1
5248 0 -64 0
5249 0 -64 0
5250 1 63 1
5251 0 -64 0
5252 0 -64 0
5253 0 -64 0
5254 0 -64 0
5255 1 63 1
5256 0 -64 0
5257 0 -64 0
5258 1 63 1
5259 1 63 1
5260 1 63 1
5261 0 -64 0
5262 1 63 1
5263 1 63 1
5264 1 63 1
5265 1 63 1
5266 1 63 1
5267 0 -64 0
5268 1 63 1
5269 1 63 1
5270 0 -64 0
5271 1 63 1
5272 1 63 1
5273 0 -64 0
5274 1 63 1
5275 1 63 1
5276 1 63 1
5277 0 -64 0
5278 1 63 1
5279 1 63 1
5280 1 63 1
5281 0 -64 0
5282 0 -64 0
5283 1 63 1
5284 0 -64 0
5285 1 63 1
5286 1 63 1
5287 0 -64 0
5288 1 63 1
5289 0 -64 0
5290 1 63 1
5291 0 -64 0
5292 1 63 1
5293 0 -64 0
5294 1 63 1
5295 0 -64 0
5296 1 63 1
5297 0 -64 0
5298 0 -64 0
5299 1 63 1
5300 0 -64 0
5301 0 -64 0
5302 0 -64 0
5303 0 -64 0
5304 1 63 1
5305 1 63 1
5306 0 -64 0
5307 1 63 1
5308 1 63 1
5309 0 -64 0
5310 1 63 1
5311 1 63 1
5312 1 63 1
5313 0 -64 0
5314 0 -64 0
5315 1 63 1
5316 1 63 1
5317 1 63 1
5318 0 -64 0
5319 0 -64 0
5320 0 -64 0
5321 0 -64 0
5322 0 -64 0
5323 1 63 1
5324 1 63 1
5325 0 -64 0
5326 1 63 1
5327 1 63 1
5328 1 63 1
5329 0 -64 0
5330 1 63 1
5331 1 63 1
5332 1 63 1
5333 0 -64 0
5334 1 63 1
5335 1 63 1
5336 1 63 1
5337 0 -64 0
5338 0 -64 0
5339 1 63 1
5340 0 -64 0
5341 0 -64 0
5342 1 63 1
5343 1 63 1
5344 1 63 1
5345 0 -64 0
5346 1 63 1
5347 1 63 1
5348 1 63 1
5349 0 -64 0
5350 1 63 1
5351 1 63 1
5352 0 -64 0
5353 1 63 1
5354 1 63 1
5355 1 63 1
5356 1 63 1
5357 0 -64 0
5358 0 -64 0
5359 1 63 1
5360 0 -64 0
5361 1 63 1
5362 1 63 1
5363 1 63 1
5364 1 63 1
5365 0 -64 0
5366 1 63 1
5367 1 63 1
5368 1 63 1
5369 1 63 1
5370 0 -63 0
5371 1 50 1
5372 1 63 1
5373 0 -58 0
5374 0 -54 0
5375 0 -47 0
5376 0 -38 0
5377 0 -48 0
5378 0 -57 0
5379 0 -64 0
5380 0 -60 0
5381 1 58 1
5382 1 63 1
5383 1 63 1
5384 1 63 1
5385 1 63 1
5386 0 -64 0
5387 0 -64 0
5388 1 63 1
5389 1 63 1
5390 0 -64 0
5391 0 -64 0
5392 1 63 1
5393 0 -64 0
5394 1 63 1
5395 0 -64 0
5396 1 63 1
5397 0 -64 0
5398 0 -64 0
5399 1 63 1
5400 0 -64 0
5401 0 -64 0
5402 0 -64 0
5403 1 63 1
5404 0 -64 0
5405 1 63 1
5406 0 -64 0
5407 1 63 1
5408 1 63 1
5409 1 63 1
5410 0 -64 0
5411 0 -64 0
5412 1 63 1
5413 0 -64 0
5414 0 -64 0
5415 1 63 1
5416 1 63 1
5417 0 -64 0
5418 1 63 1
5419 1 63 1
5420 0 -64 0
5421 0 -64 0
5422 0 -64 0
5423 0 -64 0
5424 1 63 1
5425 0 -64 0
5426 1 63 1
5427 0 -64 0
5428 1 63 1
5429 1 63 1
5430 0 -64 0
5431 1 63 1
5432 1 63 1
5433 0 -64 0
5434 1 63 1
5435 1 63 1
5436 0 -64 0
5437 0 -64 0
5438 1 63 1
5439 1 63 1
5440 0 -64 0
5441 0 -64 0
5442 1 63 1
5443 1 63 1
5444 0 -64 0
5445 1 63 1
5446 1 63 1
5447 0 -64 0
5448 1 63 1
5449 1 63 1
5450 1 63 1
5451 0 -64 0
5452 1 63 1
5453 0 -64 0
5454 1 63 1
5455 1 63 1
5456 0 -64 0
5457 1 63 1
5458 1 63 1
5459 0 -64 0
5460 0 -64 0
5461 0 -64 0
5462 0 -64 0
5463 1 63 1
5464 0 -64 0
5465 0 -64 0
5466 0 -64 0
5467 0 -64 0
5468 1 63 1
5469 0 -64 0
5470 0 -64 0
5471 1 63 1
5472 0 -64 0
5473 1 63 1
5474 0 -64 0
5475 1 63 1
5476 1 63 1
5477 1 63 1
5478 1 63 1
5479 1 63 1
5480 1 63 1
5481 1 63 1
5482 0 -64 0
5483 1 63 1
5484 1 63 1
5485 1 63 1
5486 1 63 1
5487 1 63 1
5488 0 -64 0
5489 0 -64 0
5490 1 63 1
5491 1 63 1
5492 1 63 1
5493 0 -64 0
5494 1 63 1
5495 1 63 1
5496 1 63 1
5497 1 63 1
5498 0 -64 0
5499 0 -64 0
5500 0 -64 0
5501 1 63 1
5502 0 -64 0
5503 0 -64 0
5504 0 -64 0
5505 1 63 1
5506 1 63 1
5507 0 -64 0
5508 1 63 1
5509 1 63 1
5510 0 -64 0
5511 1 63 1
5512 0 -64 0
5513 1 63 1
5514 0 -64 0
5515 0 -64 0
5516 0 -64 0
5517 1 63 1
5518 0 -64 0
5519 1 63 1
5520 0 -64 0
5521 1 63 1
5522 0 -64 0
5523 0 -64 0
5524 1 63 1
5525 1 63 1
5526 0 -64 0
5527 0 -64 0
5528 1 63 1
5529 1 63 1
5530 1 63 1
5531 1 63 1
5532 0 -64 0
5533 1 63 1
5534 1 63 1
5535 0 -64 0
5536 1 63 1
5537 1 63 1
5538 0 -64 0
5539 0 -64 0
5540 1 63 1
5541 1 63 1
5542 1 63 1
5543 1 63 1
5544 1 63 1
5545 1 63 1
5546 1 63 1
5547 1 63 1
5548 1 63 1
5549 0 -64 0
5550 0 -64 0
5551 0 -64 0
5552 0 -64 0
5553 0 -64 0
5554 1 63 1
5555 1 63 1
5556 0 -64 0
5557 0 -64 0
5558 1 63 1
5559 1 63 1
5560 1 63 1
5561 1 63 1
5562 0 -64 0
5563 0 -64 0
5564 0 -64 0
5565 1 63 1
5566 1 63 1
5567 1 63 1
5568 1 63 1
5569 1 63 1
5570 0 -64 0
5571 0 -64 0
5572 1 63 1
5573 1 63 1
5574 0 -64 0
5575 0 -64 0
5576 0 -64 0
5577 0 -64 0
5578 0 -64 0
5579 1 63 1
5580 1 63 1
5581 0 -64 0
5582 1 63 1
5583 0 -64 0
5584 1 63 1
5585 1 63 1
5586 1 63 1
5587 0 -64 0
5588 0 -64 0
5589 1 63 1
5590 1 63 1
5591 1 63 1
5592 1 63 1
5593 1 63 1
5594 0 -64 0
5595 0 -64 0
5596 1 63 1
5597 0 -64 0
5598 0 -64 0
5599 1 63 1
5600 0 -64 0
5601 1 63 1
5602 1 63 1
5603 0 -64 0
5604 0 -64 0
5605 0 -64 0
5606 0 -64 0
5607 1 63 1
5608 0 -64 0
5609 0 -64 0
5610 0 -64 0
5611 1 63 1
5612 0 -64 0
5613 0 -64 0
5614 0 -64 0
5615 0 -64 0
5616 0 -64 0
5617 0 -64 0
5618 0 -64 0
5619 1 63 1
5620 0 -64 0
5621 0 -64 0
5622 1 63 1
5623 0 -64 0
5624 1 63 1
5625 0 -64 0
5626 0 -64 0
5627 0 -64 0
5628 0 -64 0
5629 0 -64 0
5630 0 -64 0
5631 0 -64 0
5632 0 -64 0
5633 1 63 1
5634 1 63 1
5635 1 63 1
5636 0 -64 0
5637 1 63 1
5638 1 63 1
5639 0 -64 0
5640 0 -64 0
5641 1 63 1
5642 0 -64 0
5643 0 -64 0
5644 0 -64 0
5645 0 -64 0
5646 1 63 1
5647 1 63 1
5648 1 63 1
5649 0 -64 0
5650 1 63 1
5651 0 -64 0
5652 0 -64 0
5653 1 63 1
5654 0 -64 0
5655 0 -64 0
5656 1 63 1
5657 0 -64 0
5658 0 -64 0
5659 1 63 1
5660 1 63 1
5661 0 -64 0
5662 0 -64 0
5663 0 -64 0
5664 1 63 1
5665 1 63 1
5666 1 63 1
5667 0 -64 0
5668 1 63 1
5669 0 -64 0
5670 1 63 1
5671 1 63 1
5672 0 -64 0
5673 0 -64 0
5674 0 -64 0
5675 0 -64 0
5676 0 -64 0
5677 0 -64 0
5678 1 63 1
5679 1 63 1
5680 0 -64 0
5681 1 63 1
5682 1 63 1
5683 0 -64 0
5684 0 -64 0
5685 0 -64 0
5686 1 63 1
5687 0 -64 0
5688 1 63 1
5689 1 63 1
5690 0 -64 0
5691 0 -64 0
5692 0 -64 0
5693 0 -64 0
5694 1 63 1
5695 1 63 1
5696 0 -64 0
5697 1 63 1
5698 1 63 1
5699 1 63 1
5700 1 63 1
5701 0 -64 0
5702 1 63 1
5703 1 63 1
5704 0 -64 0
5705 0 -64 0
5706 1 63 1
5707 0 -64 0
5708 0 -64 0
5709 1 63 1
5710 0 -64 0
5711 1 63 1
5712 1 63 1
5713 0 -64 0
5714 0 -64 0
5715 0 -64 0
5716 1 63 1
5717 0 -64 0
5718 0 -64 0
5719 1 63 1
5720 1 63 1
5721 1 63 1
5722 1 63 1
5723 0 -64 0
5724 1 63 1
5725 1 63 1
5726 1 63 1
5727 0 -64 0
5728 0 -64 0
5729 1 63 1
5730 1 63 1
5731 1 63 1
5732 0 -64 0
5733 1 63 1
5734 0 -64 0
5735 1 63 1
5736 1 63 1
5737 1 63 1
5738 0 -64 0
5739 0 -64 0
5740 1 63 1
5741 0 -64 0
5742 1 63 1
5743 0 -64 0
5744 0 -64 0
5745 1 63 1
5746 1 63 1
5747 0 -64 0
5748 0 -64 0
5749 0 -64 0
5750 0 -64 0
5751 0 -64 0
5752 1 63 1
5753 1 63 1
5754 1 63 1
5755 1 63 1
5756 0 -64 0
5757 0 -64 0
5758 0 -64 0
5759 1 63 1
5760 0 -64 0
5761 0 -64 0
5762 1 63 1
5763 1 63 1
5764 1 63 1
5765 1 63 1
5766 0 -64 0
5767 1 63 1
5768 1 63 1
5769 1 63 1
5770 0 -64 0
5771 0 -64 0
5772 1 63 1
5773 1 63 1
5774 0 -64 0
5775 0 -64 0
5776 0 -64 0
5777 1 63 1
5778 0 -64 0
5779 1 63 1
5780 1 63 1
5781 0 -64 0
5782 1 63 1
5783 1 63 1
5784 0 -64 0
5785 0 -64 0
5786 1 63 1
5787 0 -64 0
5788 0 -64 0
5789 0 -64 0
5790 0 -64 0
5791 0 -64 0
5792 1 63 1
5793 1 63 1
5794 1 63 1
5795 1 63 1
5796 1 63 1
5797 1 63 1
5798 1 63 1
5799 1 63 1
5800 0 -64 0
5801 1 63 1
5802 1 63 1
5803 0 -64 0
5804 1 63 1
5805 0 -64 0
5806 1 63 1
5807 0 -64 0
5808 0 -64 0
5809 0 -64 0
5810 1 63 1
5811 1 63 1
5812 0 -64 0
5813 1 63 1
5814 1 63 1
5815 0 -64 0
5816 0 -64 0
5817 0 -64 0
5818 0 -64 0
5819 1 63 1
5820 0 -64 0
5821 0 -64 0
5822 1 63 1
5823 0 -64 0
5824 0 -64 0
5825 1 63 1
5826 1 63 1
5827 0 -64 0
5828 0 -64 0
5829 0 -64 0
5830 0 -64 0
5831 1 63 1
5832 1 63 1
5833 1 63 1
5834 1 63 1
5835 0 -64 0
5836 1 63 1
5837 0 -64 0
5838 1 63 1
5839 1 63 1
5840 0 -64 0
5841 1 63 1
5842 1 63 1
5843 0 -64 0
5844 1 63 1
5845 1 63 1
5846 1 63 1
5847 1 63 1
5848 0 -64 0
5849 1 63 1
5850 0 -64 0
5851 0 -64 0
5852 0 -64 0
5853 1 63 1
5854 0 -64 0
5855 0 -64 0
5856 0 -64 0
5857 0 -64 0
5858 1 63 1
5859 0 -64 0
5860 1 63 1
5861 1 63 1
5862 0 -64 0
5863 0 -64 0
5864 1 63 1
5865 1 63 1
5866 1 63 1
5867 1 63 1
5868 1 63 1
5869 1 63 1
5870 1 63 1
5871 1 63 1
5872 0 -64 0
5873 1 63 1
5874 0 -64 0
5875 1 63 1
5876 0 -64 0
5877 0 -64 0
5878 0 -64 0
5879 1 63 1
5880 0 -64 0
5881 1 63 1
5882 1 63 1
5883 0 -64 0
5884 0 -64 0
5885 0 -64 0
5886 0 -64 0
5887 1 63 1
5888 1 63 1
5889 0 -64 0
5890 0 -64 0
5891 0 -64 0
5892 0 -64 0
5893 0 -64 0
5894 0 -64 0
5895 1 63 1
5896 0 -64 0
5897 0 -64 0
5898 0 -64 0
5899 1 63 1
5900 1 63 1
5901 0 -64 0
5902 1 63 1
5903 1 63 1
5904 0 -64 0
5905 0 -64 0
5906 0 -64 0
5907 1 63 1
5908 1 63 1
5909 0 -64 0
5910 0 -64 0
5911 1 63 1
5912 1 63 1
5913 0 -64 0
5914 1 63 1
5915 0 -64 0
5916 0 -64 0
5917 0 -64 0
5918 1 63 1
5919 0 -64 0
5920 1 63 1
5921 1 63 1
5922 0 -64 0
5923 0 -64 0
5924 1 63 1
5925 1 63 1
5926 1 63 1
5927 1 63 1
5928 1 63 1
5929 0 -64 0
5930 1 63 1
5931 0 -64 0
5932 1 63 1
5933 1 63 1
5934 0 -64 0
5935 0 -64 0
5936 1 63 1
5937 0 -64 0
5938 0 -64 0
5939 0 -64 0
5940 0 -64 0
5941 0 -64 0
5942 0 -64 0
5943 0 -64 0
5944 1 63 1
5945 1 63 1
5946 1 63 1
5947 0 -64 0
5948 0 -64 0
5949 0 -64 0
5950 1 63 1
5951 0 -64 0
5952 0 -64 0
5953 1 63 1
5954 1 63 1
5955 0 -64 0
5956 1 63 1
5957 0 -64 0
5958 1 63 1
5959 0 -64 0
5960 0 -64 0
5961 0 -64 0
5962 0 -64 0
5963 0 -64 0
5964 0 -64 0
5965 1 63 1
5966 0 -64 0
5967 1 63 1
5968 1 63 1
5969 0 -64 0
5970 1 63 1
5971 1 63 1
5972 0 -64 0
5973 1 63 1
5974 0 -64 0
5975 1 63 1
5976 0 -64 0
5977 0 -64 0
5978 0 -64 0
5979 1 63 1
5980 1 63 1
5981 1 63 1
5982 0 -64 0
5983 1 63 1
5984 1 63 1
5985 1 63 1
5986 0 -64 0
5987 0 -64 0
5988 0 -64 0
5989 0 -64 0
5990 0 -64 0
5991 0 -64 0
5992 1 63 1
5993 1 63 1
5994 1 63 1
5995 1 63 1
5996 0 -64 0
5997 1 63 1
5998 0 -64 0
5999 0 -64 0
6000 0 -64 0
6001 0 -64 0
6002 0 -64 0
6003 0 -64 0
6004 0 -64 0
6005 0 -64 0
6006 0 -64 0
6007 0 -64 0
6008 1 63 1
6009 0 -64 0
6010 0 -64 0
6011 1 63 1
6012 1 63 1
6013 1 63 1
6014 1 63 1
6015 1 63 1
6016 0 -64 0
6017 0 -64 0
6018 1 63 1
6019 0 -64 0
6020 1 63 1
6021 0 -64 0
6022 0 -64 0
6023 1 63 1
6024 1 63 1
6025 1 63 1
6026 0 -64 0
6027 0 -64 0
6028 1 63 1
6029 0 -64 0
6030 0 -64 0
6031 1 63 1
6032 0 -64 0
6033 1 63 1
6034 0 -64 0
6035 1 63 1
6036 1 63 1
6037 1 63 1
6038 0 -64 0
6039 0 -64 0
6040 0 -64 0
6041 0 -64 0
6042 1 63 1
6043 0 -64 0
6044 0 -64 0
6045 1 63 1
6046 1 63 1
6047 1 63 1
6048 1 63 1
6049 0 -64 0
6050 0 -64 0
6051 1 63 1
6052 1 63 1
6053 0 -64 0
6054 0 -64 0
6055 1 63 1
6056 1 63 1
6057 0 -64 0
6058 1 63 1
6059 1 63 1
6060 0 -64 0
6061 1 63 1
6062 0 -64 0
6063 0 -64 0
6064 0 -64 0
6065 0 -64 0
6066 0 -64 0
6067 1 63 1
6068 0 -64 0
6069 0 -64 0
6070 1 63 1
6071 1 63 1
6072 0 -64 0
6073 0 -64 0
6074 0 -64 0
6075 0 -64 0
6076 1 63 1
6077 0 -64 0
6078 0 -64 0
6079 1 63 1
6080 1 63 1
6081 1 63 1
6082 0 -64 0
6083 0 -64 0
6084 1 63 1
6085 1 63 1
6086 1 63 1
6087 0 -64 0
6088 1 63 1
6089 0 -64 0
6090 0 -64 0
6091 0 -64 0
6092 1 63 1
6093 0 -64 0
6094 1 63 1
6095 0 -64 0
6096 1 63 1
6097 0 -64 0
6098 0 -64 0
6099 0 -64 0
6100 1 63 1
6101 0 -64 0
6102 1 63 1
6103 1 63 1
6104 0 -64 0
6105 1 63 1
6106 1 63 1
6107 1 63 1
6108 0 -64 0
6109 0 -64 0
6110 0 -64 0
6111 0 -64 0
6112 1 63 1
6113 0 -64 0
6114 1 63 1
6115 0 -64 0
6116 1 63 1
6117 0 -64 0
6118 0 -64 0
6119 0 -64 0
6120 1 63 1
6121 0 -64 0
6122 1 63 1
6123 1 63 1
6124 1 63 1
6125 0 -64 0
6126 1 63 1
6127 0 -64 0
6128 1 63 1
6129 1 63 1
6130 1 63 1
6131 0 -64 0
6132 1 63 1
6133 1 63 1
6134 1 63 1
6135 1 63 1
6136 0 -64 0
6137 0 -64 0
6138 0 -64 0
6139 1 63 1
6140 0 -64 0
6141 1 -64 0
6142 0 -64 0
6143 1 63 1
