total_symbols=3200
rtl_coverage=3200
malformed_out_lines=0
hard_errors_vs_reference=4
sign_mismatch_vs_reference=4
mean_abs_llr_delta=0.406562
floating_coverage=3200
hard_errors_vs_floating=3
sign_mismatch_vs_floating=3
mean_abs_llr_delta_vs_floating=120800.953685

RTL vs Fixed-Point Reference (Original Domain)
idx bit_orig ref_hard rtl_hard ref_llr rtl_llr sign_match
0 0 0 0 -64.00000000 -64 OK
1 1 1 1 63.00000000 63 OK
2 0 0 0 -64.00000000 -64 OK
3 1 1 1 63.00000000 63 OK
4 1 1 1 63.00000000 63 OK
5 1 1 1 63.00000000 63 OK
6 0 0 0 -64.00000000 -64 OK
7 1 1 1 63.00000000 63 OK
8 0 0 0 -64.00000000 -64 OK
9 1 1 1 63.00000000 63 OK
10 0 0 0 -64.00000000 -64 OK
11 0 0 0 -64.00000000 -64 OK
12 1 1 1 63.00000000 63 OK
13 0 0 0 -64.00000000 -64 OK
14 0 0 0 -64.00000000 -64 OK
15 0 0 0 -64.00000000 -64 OK
16 0 0 0 -64.00000000 -64 OK
17 1 1 1 63.00000000 63 OK
18 0 0 0 -64.00000000 -64 OK
19 0 0 0 -64.00000000 -64 OK
20 1 1 1 63.00000000 63 OK
21 1 1 1 63.00000000 63 OK
22 0 0 0 -64.00000000 -64 OK
23 1 1 1 63.00000000 63 OK
24 1 1 1 63.00000000 63 OK
25 0 0 0 -64.00000000 -64 OK
26 0 0 0 -64.00000000 -64 OK
27 1 1 1 63.00000000 63 OK
28 1 1 1 63.00000000 63 OK
29 1 1 1 63.00000000 63 OK
30 0 0 0 -64.00000000 -64 OK
31 1 1 1 63.00000000 63 OK
32 1 1 1 63.00000000 63 OK
33 1 1 1 63.00000000 63 OK
34 0 0 0 -64.00000000 -64 OK
35 1 1 1 63.00000000 63 OK
36 1 1 1 63.00000000 63 OK
37 0 0 0 -64.00000000 -64 OK
38 0 0 0 -64.00000000 -64 OK
39 0 0 0 -64.00000000 -64 OK
40 1 1 1 63.00000000 63 OK
41 0 0 0 -64.00000000 -64 OK
42 0 0 0 -64.00000000 -64 OK
43 1 1 1 63.00000000 63 OK
44 0 0 0 -64.00000000 -64 OK
45 0 0 0 -64.00000000 -64 OK
46 0 0 0 -64.00000000 -64 OK
47 0 0 0 -64.00000000 -64 OK
48 0 0 0 -64.00000000 -64 OK
49 0 0 0 -64.00000000 -64 OK
50 1 1 1 63.00000000 63 OK
51 1 1 1 63.00000000 63 OK
52 1 1 1 63.00000000 63 OK
53 1 1 1 63.00000000 63 OK
54 1 1 1 63.00000000 63 OK
55 0 0 0 -64.00000000 -64 OK
56 0 0 0 -64.00000000 -64 OK
57 0 0 0 -64.00000000 -64 OK
58 1 1 1 63.00000000 63 OK
59 1 1 1 63.00000000 63 OK
60 1 1 1 63.00000000 63 OK
61 0 0 0 -64.00000000 -64 OK
62 1 1 1 63.00000000 63 OK
63 1 1 1 63.00000000 63 OK
64 0 0 0 -64.00000000 -64 OK
65 0 0 0 -64.00000000 -64 OK
66 0 0 0 -64.00000000 -64 OK
67 1 1 1 63.00000000 63 OK
68 0 0 0 -64.00000000 -64 OK
69 0 0 0 -64.00000000 -64 OK
70 1 1 1 63.00000000 63 OK
71 1 1 1 63.00000000 63 OK
72 1 1 1 63.00000000 63 OK
73 0 0 0 -64.00000000 -64 OK
74 1 1 1 63.00000000 63 OK
75 0 0 0 -64.00000000 -64 OK
76 0 0 0 -64.00000000 -64 OK
77 1 1 1 63.00000000 63 OK
78 1 1 1 63.00000000 63 OK
79 1 1 1 63.00000000 63 OK
80 1 1 1 63.00000000 63 OK
81 1 1 1 63.00000000 63 OK
82 1 1 1 63.00000000 63 OK
83 0 0 0 -64.00000000 -64 OK
84 1 1 1 63.00000000 63 OK
85 0 0 0 -64.00000000 -64 OK
86 0 0 0 -64.00000000 -64 OK
87 0 0 0 -64.00000000 -64 OK
88 1 1 1 63.00000000 63 OK
89 0 0 0 -64.00000000 -64 OK
90 0 0 0 -64.00000000 -64 OK
91 1 1 1 63.00000000 63 OK
92 1 1 1 63.00000000 63 OK
93 1 1 1 63.00000000 63 OK
94 1 1 1 63.00000000 63 OK
95 1 1 1 63.00000000 63 OK
96 0 0 0 -64.00000000 -64 OK
97 0 0 0 -64.00000000 -64 OK
98 1 1 1 63.00000000 63 OK
99 0 0 0 -64.00000000 -64 OK
100 1 1 1 63.00000000 63 OK
101 1 1 1 63.00000000 63 OK
102 1 1 1 63.00000000 63 OK
103 0 0 0 -64.00000000 -64 OK
104 0 0 0 -64.00000000 -64 OK
105 1 1 1 63.00000000 63 OK
106 0 0 0 -64.00000000 -64 OK
107 0 0 0 -64.00000000 -64 OK
108 1 1 1 63.00000000 63 OK
109 1 1 1 63.00000000 63 OK
110 1 1 1 63.00000000 63 OK
111 0 0 0 -64.00000000 -64 OK
112 0 0 0 -64.00000000 -64 OK
113 1 1 1 63.00000000 63 OK
114 0 0 0 -64.00000000 -64 OK
115 0 0 0 -64.00000000 -64 OK
116 1 1 1 63.00000000 63 OK
117 0 0 0 -64.00000000 -64 OK
118 0 0 0 -64.00000000 -64 OK
119 0 0 0 -64.00000000 -64 OK
120 0 0 0 -64.00000000 -64 OK
121 0 0 0 -64.00000000 -64 OK
122 0 0 0 -64.00000000 -64 OK
123 0 0 0 -64.00000000 -64 OK
124 1 1 1 63.00000000 63 OK
125 0 0 0 -64.00000000 -64 OK
126 0 0 0 -64.00000000 -64 OK
127 0 0 0 -64.00000000 -64 OK
128 1 1 1 63.00000000 63 OK
129 1 1 1 63.00000000 63 OK
130 1 1 1 63.00000000 63 OK
131 0 0 0 -64.00000000 -64 OK
132 1 1 1 63.00000000 63 OK
133 0 0 0 -64.00000000 -64 OK
134 1 1 1 63.00000000 63 OK
135 1 1 1 63.00000000 63 OK
136 0 0 0 -64.00000000 -64 OK
137 0 0 0 -64.00000000 -64 OK
138 1 1 1 63.00000000 63 OK
139 1 1 1 63.00000000 63 OK
140 1 1 1 63.00000000 63 OK
141 0 0 0 -64.00000000 -64 OK
142 0 0 0 -64.00000000 -64 OK
143 1 1 1 63.00000000 63 OK
144 0 0 0 -64.00000000 -64 OK
145 0 0 0 -64.00000000 -64 OK
146 1 1 1 63.00000000 63 OK
147 0 0 0 -64.00000000 -64 OK
148 0 0 0 -64.00000000 -64 OK
149 1 1 1 63.00000000 63 OK
150 1 1 1 63.00000000 63 OK
151 1 1 1 63.00000000 63 OK
152 0 0 0 -64.00000000 -64 OK
153 1 1 1 63.00000000 63 OK
154 1 1 1 63.00000000 63 OK
155 1 1 1 63.00000000 63 OK
156 0 0 0 -64.00000000 -64 OK
157 0 0 0 -64.00000000 -64 OK
158 1 1 1 63.00000000 63 OK
159 1 1 1 63.00000000 63 OK
160 1 1 1 63.00000000 63 OK
161 0 0 0 -64.00000000 -64 OK
162 1 1 1 63.00000000 63 OK
163 0 0 0 -64.00000000 -64 OK
164 0 0 0 -64.00000000 -64 OK
165 0 0 0 -64.00000000 -64 OK
166 0 0 0 -64.00000000 -64 OK
167 1 1 1 63.00000000 63 OK
168 1 1 1 63.00000000 63 OK
169 0 0 0 -64.00000000 -64 OK
170 0 0 0 -64.00000000 -64 OK
171 0 0 0 -64.00000000 -64 OK
172 0 0 0 -64.00000000 -64 OK
173 0 0 0 -64.00000000 -64 OK
174 0 0 0 -64.00000000 -64 OK
175 0 0 0 -64.00000000 -64 OK
176 1 1 1 63.00000000 63 OK
177 0 0 0 -64.00000000 -64 OK
178 1 1 1 63.00000000 63 OK
179 1 1 1 63.00000000 63 OK
180 0 0 0 -64.00000000 -64 OK
181 0 0 0 -64.00000000 -64 OK
182 0 0 0 -64.00000000 -64 OK
183 1 1 1 63.00000000 63 OK
184 0 0 0 -64.00000000 -64 OK
185 1 1 1 63.00000000 63 OK
186 0 0 0 -64.00000000 -64 OK
187 1 1 1 63.00000000 63 OK
188 1 1 1 63.00000000 63 OK
189 1 1 1 63.00000000 63 OK
190 1 1 1 63.00000000 63 OK
191 1 1 1 63.00000000 63 OK
192 0 0 0 -64.00000000 -64 OK
193 0 0 0 -64.00000000 -64 OK
194 1 1 1 63.00000000 63 OK
195 1 1 1 63.00000000 63 OK
196 0 0 0 -64.00000000 -64 OK
197 0 0 0 -64.00000000 -64 OK
198 1 1 1 63.00000000 63 OK
199 1 1 1 63.00000000 63 OK
200 1 1 1 63.00000000 63 OK
201 0 0 0 -64.00000000 -64 OK
202 0 0 0 -64.00000000 -64 OK
203 0 0 0 -64.00000000 -64 OK
204 0 0 0 -64.00000000 -64 OK
205 1 1 1 63.00000000 63 OK
206 1 1 1 63.00000000 63 OK
207 0 0 0 -64.00000000 -64 OK
208 0 0 0 -64.00000000 -64 OK
209 0 0 0 -64.00000000 -64 OK
210 0 0 0 -64.00000000 -64 OK
211 0 0 0 -64.00000000 -64 OK
212 0 0 0 -64.00000000 -64 OK
213 0 0 0 -64.00000000 -64 OK
214 0 0 0 -64.00000000 -64 OK
215 1 1 1 63.00000000 63 OK
216 1 1 1 63.00000000 63 OK
217 1 1 1 63.00000000 63 OK
218 1 1 1 63.00000000 63 OK
219 1 1 1 63.00000000 63 OK
220 0 0 0 -64.00000000 -64 OK
221 1 1 1 63.00000000 63 OK
222 0 0 0 -64.00000000 -64 OK
223 1 1 1 63.00000000 63 OK
224 1 1 1 63.00000000 63 OK
225 0 0 0 -64.00000000 -64 OK
226 0 0 0 -64.00000000 -64 OK
227 0 0 0 -64.00000000 -64 OK
228 0 0 0 -64.00000000 -64 OK
229 1 1 1 63.00000000 63 OK
230 0 0 0 -64.00000000 -64 OK
231 1 1 1 63.00000000 63 OK
232 0 0 0 -64.00000000 -64 OK
233 1 1 1 63.00000000 63 OK
234 1 1 1 63.00000000 63 OK
235 1 1 1 63.00000000 63 OK
236 0 0 0 -64.00000000 -64 OK
237 1 1 1 63.00000000 63 OK
238 0 0 0 -64.00000000 -64 OK
239 1 1 1 63.00000000 63 OK
240 1 1 1 63.00000000 63 OK
241 0 0 0 -64.00000000 -64 OK
242 0 0 0 -64.00000000 -64 OK
243 1 1 1 63.00000000 63 OK
244 0 0 0 -64.00000000 -64 OK
245 0 0 0 -64.00000000 -64 OK
246 1 1 1 63.00000000 63 OK
247 1 1 1 63.00000000 63 OK
248 1 1 1 63.00000000 63 OK
249 1 1 1 63.00000000 63 OK
250 1 1 1 63.00000000 63 OK
251 1 1 1 63.00000000 63 OK
252 1 1 1 63.00000000 63 OK
253 0 0 0 -64.00000000 -64 OK
254 0 0 0 -64.00000000 -64 OK
255 1 1 1 63.00000000 63 OK
256 0 0 0 -64.00000000 -64 OK
257 0 0 0 -64.00000000 -64 OK
258 0 0 0 -64.00000000 -64 OK
259 1 1 1 63.00000000 63 OK
260 1 1 1 63.00000000 63 OK
261 1 1 1 63.00000000 63 OK
262 1 1 1 63.00000000 63 OK
263 0 0 0 -64.00000000 -64 OK
264 1 1 1 63.00000000 63 OK
265 1 1 1 63.00000000 63 OK
266 0 0 0 -64.00000000 -64 OK
267 0 0 0 -64.00000000 -64 OK
268 0 0 0 -64.00000000 -64 OK
269 1 1 1 63.00000000 63 OK
270 1 1 1 63.00000000 63 OK
271 1 1 1 63.00000000 63 OK
272 0 0 0 -64.00000000 -64 OK
273 0 0 0 -64.00000000 -64 OK
274 1 1 1 63.00000000 63 OK
275 0 0 0 -64.00000000 -64 OK
276 1 1 1 63.00000000 63 OK
277 0 0 0 -64.00000000 -64 OK
278 0 0 0 -56.00000000 -56 OK
279 0 0 0 -64.00000000 -64 OK
280 0 0 0 -64.00000000 -64 OK
281 1 1 1 63.00000000 63 OK
282 0 0 0 -63.00000000 -63 OK
283 0 0 0 -64.00000000 -64 OK
284 1 1 1 63.00000000 63 OK
285 0 0 0 -56.00000000 -56 OK
286 0 0 0 -64.00000000 -64 OK
287 0 0 0 -64.00000000 -64 OK
288 0 0 0 -64.00000000 -64 OK
289 0 0 0 -63.00000000 -63 OK
290 0 0 0 -64.00000000 -64 OK
291 0 0 0 -64.00000000 -64 OK
292 0 0 0 -64.00000000 -64 OK
293 0 0 0 -64.00000000 -64 OK
294 1 1 1 63.00000000 63 OK
295 0 0 0 -64.00000000 -64 OK
296 1 1 1 63.00000000 63 OK
297 1 1 1 63.00000000 63 OK
298 1 1 1 63.00000000 63 OK
299 1 1 1 63.00000000 63 OK
300 1 1 1 63.00000000 63 OK
301 0 0 0 -64.00000000 -64 OK
302 0 0 0 -64.00000000 -64 OK
303 0 0 0 -64.00000000 -64 OK
304 1 1 1 63.00000000 63 OK
305 1 1 1 63.00000000 63 OK
306 0 0 0 -64.00000000 -64 OK
307 1 1 1 63.00000000 63 OK
308 0 0 0 -64.00000000 -64 OK
309 0 0 0 -64.00000000 -64 OK
310 0 0 0 -64.00000000 -64 OK
311 0 0 0 -64.00000000 -64 OK
312 0 0 0 -64.00000000 -64 OK
313 0 0 0 -64.00000000 -64 OK
314 1 1 1 63.00000000 63 OK
315 0 0 0 -64.00000000 -64 OK
316 1 1 1 63.00000000 63 OK
317 0 0 0 -64.00000000 -64 OK
318 1 1 1 63.00000000 63 OK
319 0 0 0 -64.00000000 -64 OK
320 0 0 0 -64.00000000 -64 OK
321 1 1 1 63.00000000 63 OK
322 0 0 0 -64.00000000 -64 OK
323 0 0 0 -64.00000000 -64 OK
324 1 1 1 63.00000000 63 OK
325 1 1 1 63.00000000 63 OK
326 0 0 0 -64.00000000 -64 OK
327 0 0 0 -64.00000000 -64 OK
328 0 0 0 -64.00000000 -64 OK
329 0 0 0 -64.00000000 -64 OK
330 0 0 0 -64.00000000 -64 OK
331 0 0 0 -64.00000000 -64 OK
332 1 1 1 63.00000000 63 OK
333 0 0 0 -64.00000000 -64 OK
334 0 0 0 -64.00000000 -64 OK
335 0 0 0 -64.00000000 -64 OK
336 0 0 0 -64.00000000 -64 OK
337 0 0 0 -64.00000000 -64 OK
338 0 0 0 -64.00000000 -64 OK
339 0 0 0 -64.00000000 -64 OK
340 0 0 0 -64.00000000 -64 OK
341 1 1 1 63.00000000 63 OK
342 1 1 1 63.00000000 63 OK
343 0 0 0 -64.00000000 -64 OK
344 1 1 1 63.00000000 63 OK
345 1 1 1 63.00000000 63 OK
346 0 0 0 -64.00000000 -64 OK
347 0 0 0 -64.00000000 -64 OK
348 0 0 0 -64.00000000 -64 OK
349 1 1 1 63.00000000 63 OK
350 0 0 0 -64.00000000 -64 OK
351 0 0 0 -64.00000000 -64 OK
352 0 0 0 -64.00000000 -64 OK
353 0 0 0 -64.00000000 -64 OK
354 0 0 0 -64.00000000 -64 OK
355 1 1 1 63.00000000 63 OK
356 0 0 0 -64.00000000 -64 OK
357 0 0 0 -64.00000000 -64 OK
358 1 1 1 63.00000000 63 OK
359 1 1 1 63.00000000 63 OK
360 0 0 0 -64.00000000 -64 OK
361 0 0 0 -64.00000000 -64 OK
362 1 1 1 63.00000000 63 OK
363 1 1 1 63.00000000 63 OK
364 0 0 0 -64.00000000 -64 OK
365 0 0 0 -64.00000000 -64 OK
366 1 1 1 63.00000000 63 OK
367 1 1 1 63.00000000 63 OK
368 0 0 0 -64.00000000 -64 OK
369 0 0 0 -64.00000000 -64 OK
370 1 1 1 63.00000000 63 OK
371 0 0 0 -64.00000000 -64 OK
372 1 1 1 63.00000000 63 OK
373 1 1 1 63.00000000 63 OK
374 1 1 1 63.00000000 63 OK
375 1 1 1 63.00000000 63 OK
376 0 0 0 -64.00000000 -64 OK
377 1 1 1 63.00000000 63 OK
378 1 1 1 63.00000000 63 OK
379 0 0 0 -64.00000000 -64 OK
380 1 1 1 63.00000000 63 OK
381 1 1 1 63.00000000 63 OK
382 0 0 0 -64.00000000 -64 OK
383 1 1 1 63.00000000 63 OK
384 1 1 1 63.00000000 63 OK
385 0 0 0 -64.00000000 -64 OK
386 1 1 1 63.00000000 63 OK
387 1 1 1 63.00000000 63 OK
388 1 1 1 63.00000000 63 OK
389 1 1 1 63.00000000 63 OK
390 0 0 0 -64.00000000 -64 OK
391 0 0 0 -64.00000000 -64 OK
392 0 0 0 -64.00000000 -64 OK
393 0 0 0 -64.00000000 -64 OK
394 0 0 0 -64.00000000 -64 OK
395 0 0 0 -37.00000000 -64 OK
396 1 1 1 61.00000000 63 OK
397 0 0 0 -44.00000000 -64 OK
398 1 1 1 51.00000000 63 OK
399 0 0 0 -39.00000000 -64 OK
400 0 0 0 -33.00000000 -64 OK
401 1 1 1 44.00000000 63 OK
402 1 1 1 59.00000000 63 OK
403 1 1 1 42.00000000 63 OK
404 1 1 1 13.00000000 63 OK
405 1 1 1 63.00000000 63 OK
406 0 0 0 -64.00000000 -64 OK
407 0 0 0 -50.00000000 -64 OK
408 0 0 0 -64.00000000 -64 OK
409 0 0 0 -64.00000000 -64 OK
410 0 0 0 -64.00000000 -64 OK
411 0 0 0 -64.00000000 -64 OK
412 0 0 0 -64.00000000 -64 OK
413 0 0 0 -64.00000000 -64 OK
414 1 1 1 63.00000000 63 OK
415 0 0 0 -64.00000000 -64 OK
416 0 0 0 -64.00000000 -64 OK
417 0 0 0 -64.00000000 -64 OK
418 1 1 1 63.00000000 63 OK
419 1 1 1 63.00000000 63 OK
420 0 0 0 -64.00000000 -64 OK
421 1 1 1 63.00000000 63 OK
422 0 0 0 -64.00000000 -64 OK
423 0 0 0 -64.00000000 -64 OK
424 1 1 1 63.00000000 63 OK
425 0 0 0 -64.00000000 -64 OK
426 0 0 0 -64.00000000 -64 OK
427 1 1 1 63.00000000 63 OK
428 0 0 0 -64.00000000 -64 OK
429 0 0 0 -64.00000000 -64 OK
430 1 1 1 63.00000000 63 OK
431 0 0 0 -64.00000000 -64 OK
432 0 0 0 -64.00000000 -64 OK
433 1 1 1 63.00000000 63 OK
434 0 0 0 -64.00000000 -64 OK
435 1 1 1 63.00000000 63 OK
436 0 0 0 -64.00000000 -64 OK
437 0 0 0 -64.00000000 -64 OK
438 0 0 0 -64.00000000 -64 OK
439 0 0 0 -64.00000000 -64 OK
440 0 0 0 -64.00000000 -64 OK
441 0 0 0 -64.00000000 -64 OK
442 0 0 0 -64.00000000 -64 OK
443 1 1 1 63.00000000 63 OK
444 0 0 0 -64.00000000 -64 OK
445 0 0 0 -64.00000000 -64 OK
446 1 1 1 63.00000000 63 OK
447 1 1 1 63.00000000 63 OK
448 0 0 0 -64.00000000 -64 OK
449 0 0 0 -64.00000000 -64 OK
450 1 1 1 63.00000000 63 OK
451 1 1 1 63.00000000 63 OK
452 0 0 0 -64.00000000 -64 OK
453 1 1 1 63.00000000 63 OK
454 1 1 1 63.00000000 63 OK
455 1 1 1 63.00000000 63 OK
456 1 1 1 63.00000000 63 OK
457 0 0 0 -64.00000000 -64 OK
458 1 1 1 63.00000000 63 OK
459 0 0 0 -64.00000000 -64 OK
460 1 1 1 63.00000000 63 OK
461 0 0 0 -64.00000000 -64 OK
462 1 1 1 63.00000000 63 OK
463 1 1 1 63.00000000 63 OK
464 1 1 1 63.00000000 63 OK
465 1 1 1 63.00000000 63 OK
466 1 1 1 63.00000000 63 OK
467 0 0 0 -64.00000000 -64 OK
468 0 0 0 -64.00000000 -64 OK
469 1 1 1 63.00000000 63 OK
470 1 1 1 63.00000000 63 OK
471 0 0 0 -64.00000000 -64 OK
472 1 1 1 63.00000000 63 OK
473 1 1 1 63.00000000 63 OK
474 0 0 0 -64.00000000 -64 OK
475 1 1 1 63.00000000 63 OK
476 0 0 0 -64.00000000 -64 OK
477 0 0 0 -64.00000000 -64 OK
478 1 1 1 63.00000000 63 OK
479 1 1 1 63.00000000 63 OK
480 1 1 1 63.00000000 63 OK
481 0 0 0 -64.00000000 -64 OK
482 1 1 1 63.00000000 63 OK
483 1 1 1 63.00000000 63 OK
484 0 0 0 -64.00000000 -64 OK
485 0 0 0 -64.00000000 -64 OK
486 0 0 0 -64.00000000 -64 OK
487 1 1 1 63.00000000 63 OK
488 0 0 0 -64.00000000 -64 OK
489 0 0 0 -64.00000000 -64 OK
490 1 1 1 63.00000000 63 OK
491 0 0 0 -64.00000000 -64 OK
492 0 0 0 -64.00000000 -64 OK
493 0 0 0 -64.00000000 -64 OK
494 0 0 0 -64.00000000 -64 OK
495 1 1 1 63.00000000 63 OK
496 1 1 1 63.00000000 63 OK
497 0 0 0 -64.00000000 -64 OK
498 1 1 1 63.00000000 63 OK
499 0 0 0 -64.00000000 -64 OK
500 1 1 1 63.00000000 63 OK
501 0 0 0 -64.00000000 -64 OK
502 1 1 1 63.00000000 63 OK
503 0 0 0 -64.00000000 -64 OK
504 1 1 1 63.00000000 63 OK
505 1 1 1 63.00000000 63 OK
506 1 1 1 63.00000000 63 OK
507 1 1 1 63.00000000 63 OK
508 0 0 0 -64.00000000 -64 OK
509 1 1 1 63.00000000 63 OK
510 0 0 0 -64.00000000 -64 OK
511 1 1 1 63.00000000 63 OK
512 1 1 1 63.00000000 63 OK
513 1 1 1 63.00000000 63 OK
514 1 1 1 63.00000000 63 OK
515 1 1 1 63.00000000 63 OK
516 0 0 0 -64.00000000 -64 OK
517 0 0 0 -64.00000000 -64 OK
518 0 0 0 -64.00000000 -64 OK
519 0 0 0 -64.00000000 -64 OK
520 1 1 1 63.00000000 63 OK
521 0 0 0 -64.00000000 -64 OK
522 0 0 0 -64.00000000 -64 OK
523 0 0 0 -64.00000000 -64 OK
524 0 0 0 -64.00000000 -64 OK
525 0 0 0 -64.00000000 -64 OK
526 0 0 0 -64.00000000 -64 OK
527 0 0 0 -64.00000000 -64 OK
528 0 0 0 -64.00000000 -64 OK
529 0 0 0 -64.00000000 -64 OK
530 1 1 1 63.00000000 63 OK
531 0 0 0 -64.00000000 -64 OK
532 0 0 0 -64.00000000 -64 OK
533 0 0 0 -64.00000000 -64 OK
534 1 1 1 63.00000000 63 OK
535 1 1 1 63.00000000 63 OK
536 1 1 1 63.00000000 63 OK
537 1 1 1 63.00000000 63 OK
538 0 0 0 -64.00000000 -64 OK
539 0 0 0 -64.00000000 -64 OK
540 1 1 1 63.00000000 63 OK
541 1 1 1 63.00000000 63 OK
542 1 1 1 63.00000000 63 OK
543 1 1 1 63.00000000 63 OK
544 1 1 1 63.00000000 63 OK
545 0 0 0 -64.00000000 -64 OK
546 1 1 1 63.00000000 63 OK
547 0 0 0 -64.00000000 -64 OK
548 1 1 1 63.00000000 63 OK
549 1 1 1 63.00000000 63 OK
550 1 1 1 63.00000000 63 OK
551 0 0 0 -64.00000000 -64 OK
552 0 0 0 -64.00000000 -64 OK
553 1 1 1 63.00000000 63 OK
554 1 1 1 63.00000000 63 OK
555 0 0 0 -64.00000000 -64 OK
556 1 1 1 63.00000000 63 OK
557 0 0 0 -64.00000000 -64 OK
558 1 1 1 63.00000000 63 OK
559 1 1 1 63.00000000 63 OK
560 0 0 0 -64.00000000 -64 OK
561 1 1 1 63.00000000 63 OK
562 1 1 1 63.00000000 63 OK
563 0 0 0 -64.00000000 -64 OK
564 0 0 0 -64.00000000 -64 OK
565 1 1 1 63.00000000 63 OK
566 0 0 0 -64.00000000 -64 OK
567 0 0 0 -64.00000000 -64 OK
568 0 0 0 -64.00000000 -64 OK
569 1 1 1 63.00000000 63 OK
570 1 1 1 63.00000000 63 OK
571 1 1 1 63.00000000 63 OK
572 0 0 0 -64.00000000 -64 OK
573 0 0 0 -64.00000000 -64 OK
574 0 0 0 -64.00000000 -64 OK
575 1 1 1 63.00000000 63 OK
576 1 1 1 63.00000000 63 OK
577 0 0 0 -64.00000000 -64 OK
578 0 0 0 -64.00000000 -64 OK
579 1 1 1 63.00000000 63 OK
580 1 1 1 63.00000000 63 OK
581 0 0 0 -64.00000000 -64 OK
582 0 0 0 -64.00000000 -64 OK
583 0 0 0 -64.00000000 -64 OK
584 1 1 1 63.00000000 63 OK
585 1 1 1 63.00000000 63 OK
586 1 1 1 63.00000000 63 OK
587 1 1 1 63.00000000 63 OK
588 1 1 1 63.00000000 63 OK
589 0 0 0 -64.00000000 -64 OK
590 0 0 0 -64.00000000 -64 OK
591 0 0 0 -64.00000000 -64 OK
592 0 0 0 -64.00000000 -64 OK
593 1 1 1 63.00000000 63 OK
594 1 1 1 63.00000000 63 OK
595 1 1 1 63.00000000 63 OK
596 0 0 0 -64.00000000 -64 OK
597 1 1 1 63.00000000 63 OK
598 0 0 0 -64.00000000 -64 OK
599 0 0 0 -64.00000000 -64 OK
600 0 0 0 -64.00000000 -64 OK
601 0 0 0 -64.00000000 -64 OK
602 0 0 0 -64.00000000 -64 OK
603 1 1 1 63.00000000 63 OK
604 1 1 1 63.00000000 63 OK
605 1 1 1 63.00000000 63 OK
606 0 0 0 -64.00000000 -64 OK
607 1 1 1 63.00000000 63 OK
608 1 1 1 63.00000000 63 OK
609 1 1 1 63.00000000 63 OK
610 1 1 1 63.00000000 63 OK
611 1 1 1 63.00000000 63 OK
612 1 1 1 63.00000000 63 OK
613 0 0 0 -64.00000000 -64 OK
614 1 1 1 63.00000000 63 OK
615 1 1 1 63.00000000 63 OK
616 1 1 1 63.00000000 63 OK
617 0 0 0 -64.00000000 -64 OK
618 1 1 1 63.00000000 63 OK
619 0 0 0 -64.00000000 -64 OK
620 1 1 1 63.00000000 63 OK
621 0 0 0 -64.00000000 -64 OK
622 1 1 1 63.00000000 63 OK
623 0 0 0 -64.00000000 -64 OK
624 1 1 1 63.00000000 63 OK
625 1 1 1 63.00000000 63 OK
626 1 1 1 63.00000000 63 OK
627 0 0 0 -64.00000000 -64 OK
628 1 1 1 63.00000000 63 OK
629 1 1 1 63.00000000 63 OK
630 0 0 0 -64.00000000 -64 OK
631 1 1 1 63.00000000 63 OK
632 0 0 0 -64.00000000 -64 OK
633 0 0 0 -64.00000000 -64 OK
634 1 1 1 63.00000000 63 OK
635 0 0 0 -64.00000000 -64 OK
636 1 1 1 63.00000000 63 OK
637 1 1 1 63.00000000 63 OK
638 1 1 1 63.00000000 63 OK
639 0 0 0 -64.00000000 -64 OK
640 0 0 0 -64.00000000 -64 OK
641 1 1 1 63.00000000 63 OK
642 0 0 0 -64.00000000 -64 OK
643 1 1 1 63.00000000 63 OK
644 0 0 0 -64.00000000 -64 OK
645 1 1 1 63.00000000 63 OK
646 0 0 0 -64.00000000 -64 OK
647 0 0 0 -64.00000000 -64 OK
648 0 0 0 -64.00000000 -64 OK
649 1 1 1 63.00000000 63 OK
650 0 0 0 -64.00000000 -64 OK
651 1 1 1 63.00000000 63 OK
652 1 1 1 63.00000000 63 OK
653 0 0 0 -64.00000000 -64 OK
654 1 1 1 63.00000000 63 OK
655 0 0 0 -64.00000000 -64 OK
656 0 0 0 -64.00000000 -64 OK
657 1 1 1 63.00000000 63 OK
658 1 1 1 63.00000000 63 OK
659 0 0 0 -64.00000000 -64 OK
660 1 1 1 63.00000000 63 OK
661 0 0 0 -64.00000000 -64 OK
662 0 0 0 -64.00000000 -64 OK
663 1 1 1 63.00000000 63 OK
664 0 0 0 -64.00000000 -64 OK
665 0 0 0 -64.00000000 -64 OK
666 0 0 0 -64.00000000 -64 OK
667 1 1 1 63.00000000 63 OK
668 1 1 1 63.00000000 63 OK
669 0 0 0 -64.00000000 -64 OK
670 1 1 1 63.00000000 63 OK
671 0 0 0 -64.00000000 -64 OK
672 0 0 0 -64.00000000 -64 OK
673 0 0 0 -64.00000000 -64 OK
674 0 0 0 -64.00000000 -64 OK
675 0 0 0 -64.00000000 -64 OK
676 1 1 1 63.00000000 63 OK
677 1 1 1 63.00000000 63 OK
678 0 0 0 -64.00000000 -64 OK
679 0 0 0 -64.00000000 -64 OK
680 0 0 0 -64.00000000 -64 OK
681 0 0 0 -64.00000000 -64 OK
682 0 0 0 -64.00000000 -64 OK
683 1 1 1 63.00000000 63 OK
684 1 1 1 63.00000000 63 OK
685 1 1 1 63.00000000 63 OK
686 0 0 0 -64.00000000 -64 OK
687 0 0 0 -64.00000000 -64 OK
688 0 0 0 -64.00000000 -64 OK
689 1 1 1 63.00000000 63 OK
690 0 0 0 -64.00000000 -64 OK
691 0 0 0 -64.00000000 -64 OK
692 0 0 0 -64.00000000 -64 OK
693 1 1 1 63.00000000 63 OK
694 1 1 1 63.00000000 63 OK
695 1 1 1 63.00000000 63 OK
696 0 0 0 -64.00000000 -64 OK
697 1 1 1 63.00000000 63 OK
698 1 1 1 63.00000000 63 OK
699 1 1 1 63.00000000 63 OK
700 1 1 1 63.00000000 63 OK
701 1 1 1 63.00000000 63 OK
702 1 1 1 63.00000000 63 OK
703 0 0 0 -64.00000000 -64 OK
704 1 1 1 63.00000000 63 OK
705 1 1 1 63.00000000 63 OK
706 0 0 0 -64.00000000 -64 OK
707 0 0 0 -64.00000000 -64 OK
708 0 0 0 -64.00000000 -64 OK
709 1 1 1 63.00000000 63 OK
710 0 0 0 -64.00000000 -64 OK
711 0 0 0 -64.00000000 -64 OK
712 1 1 1 63.00000000 63 OK
713 0 0 0 -64.00000000 -64 OK
714 0 0 0 -64.00000000 -64 OK
715 0 0 0 -64.00000000 -64 OK
716 1 1 1 63.00000000 63 OK
717 0 0 0 -64.00000000 -64 OK
718 0 0 0 -64.00000000 -64 OK
719 1 1 1 63.00000000 63 OK
720 1 1 1 63.00000000 63 OK
721 0 0 0 -64.00000000 -64 OK
722 0 0 0 -64.00000000 -64 OK
723 0 0 0 -64.00000000 -64 OK
724 1 1 1 63.00000000 63 OK
725 1 1 1 63.00000000 63 OK
726 1 1 1 63.00000000 63 OK
727 0 0 0 -64.00000000 -64 OK
728 1 1 1 63.00000000 63 OK
729 0 0 0 -64.00000000 -64 OK
730 0 0 0 -64.00000000 -64 OK
731 1 1 1 63.00000000 63 OK
732 0 0 0 -64.00000000 -64 OK
733 0 0 0 -64.00000000 -64 OK
734 0 0 0 -64.00000000 -64 OK
735 1 1 1 63.00000000 63 OK
736 0 0 0 -64.00000000 -64 OK
737 1 1 1 63.00000000 63 OK
738 1 1 1 63.00000000 63 OK
739 1 1 1 63.00000000 63 OK
740 1 1 1 63.00000000 63 OK
741 1 1 1 63.00000000 63 OK
742 1 1 1 63.00000000 63 OK
743 0 0 0 -64.00000000 -64 OK
744 1 1 1 63.00000000 63 OK
745 0 0 0 -64.00000000 -64 OK
746 0 0 0 -64.00000000 -64 OK
747 0 0 0 -64.00000000 -64 OK
748 0 0 0 -64.00000000 -64 OK
749 0 0 0 -64.00000000 -64 OK
750 1 1 1 63.00000000 63 OK
751 0 0 0 -64.00000000 -64 OK
752 0 0 0 -64.00000000 -64 OK
753 0 0 0 -64.00000000 -64 OK
754 0 0 0 -64.00000000 -64 OK
755 0 0 0 -64.00000000 -64 OK
756 1 1 1 63.00000000 63 OK
757 0 0 0 -64.00000000 -64 OK
758 1 1 1 63.00000000 63 OK
759 1 1 1 63.00000000 63 OK
760 1 1 1 63.00000000 63 OK
761 0 0 0 -64.00000000 -64 OK
762 1 1 1 63.00000000 63 OK
763 1 1 1 63.00000000 63 OK
764 1 1 1 63.00000000 63 OK
765 1 1 1 63.00000000 63 OK
766 0 0 0 -64.00000000 -64 OK
767 0 0 0 -64.00000000 -64 OK
768 0 0 0 -64.00000000 -64 OK
769 0 0 0 -64.00000000 -64 OK
770 0 0 0 -64.00000000 -64 OK
771 1 1 1 63.00000000 63 OK
772 0 0 0 -64.00000000 -64 OK
773 1 1 1 63.00000000 63 OK
774 0 0 0 -64.00000000 -64 OK
775 0 0 0 -64.00000000 -64 OK
776 1 1 1 63.00000000 63 OK
777 0 0 0 -64.00000000 -64 OK
778 0 0 0 -64.00000000 -64 OK
779 0 0 0 -64.00000000 -64 OK
780 0 0 0 -64.00000000 -64 OK
781 0 0 0 -64.00000000 -64 OK
782 1 1 1 63.00000000 63 OK
783 0 0 0 -64.00000000 -64 OK
784 1 1 1 63.00000000 63 OK
785 0 0 0 -64.00000000 -64 OK
786 1 1 1 63.00000000 63 OK
787 0 0 0 -64.00000000 -64 OK
788 0 0 0 -64.00000000 -64 OK
789 1 1 1 63.00000000 63 OK
790 0 0 0 -64.00000000 -64 OK
791 1 1 1 63.00000000 63 OK
792 0 0 0 -64.00000000 -64 OK
793 0 0 0 -63.00000000 -64 OK
794 1 1 1 45.00000000 63 OK
795 0 0 0 -64.00000000 -64 OK
796 1 1 1 43.00000000 63 OK
797 0 0 0 -42.00000000 -64 OK
798 0 0 0 -44.00000000 -64 OK
799 0 1 0 20.00000000 -64 ERR
800 1 1 1 38.00000000 63 OK
801 1 1 1 54.00000000 63 OK
802 1 1 1 63.00000000 63 OK
803 0 0 0 -64.00000000 -64 OK
804 1 1 1 54.00000000 63 OK
805 1 1 1 63.00000000 63 OK
806 0 0 0 -53.00000000 -64 OK
807 1 1 1 63.00000000 63 OK
808 1 1 1 63.00000000 63 OK
809 0 0 0 -64.00000000 -64 OK
810 1 1 1 63.00000000 63 OK
811 1 1 1 63.00000000 63 OK
812 0 0 0 -64.00000000 -64 OK
813 0 0 0 -64.00000000 -64 OK
814 0 0 0 -64.00000000 -64 OK
815 0 0 0 -64.00000000 -64 OK
816 0 0 0 -64.00000000 -64 OK
817 0 0 0 -64.00000000 -64 OK
818 1 1 1 63.00000000 63 OK
819 0 0 0 -64.00000000 -64 OK
820 0 0 0 -64.00000000 -64 OK
821 0 0 0 -64.00000000 -64 OK
822 1 1 1 63.00000000 63 OK
823 0 0 0 -64.00000000 -64 OK
824 1 1 1 63.00000000 63 OK
825 1 1 1 63.00000000 63 OK
826 1 1 1 63.00000000 63 OK
827 0 0 0 -64.00000000 -64 OK
828 0 0 0 -64.00000000 -64 OK
829 1 1 1 63.00000000 63 OK
830 0 0 0 -64.00000000 -64 OK
831 0 0 0 -64.00000000 -64 OK
832 1 1 1 63.00000000 63 OK
833 0 0 0 -64.00000000 -64 OK
834 1 1 1 63.00000000 63 OK
835 0 0 0 -64.00000000 -64 OK
836 0 0 0 -64.00000000 -64 OK
837 0 0 0 -64.00000000 -64 OK
838 1 1 1 63.00000000 63 OK
839 1 1 1 63.00000000 63 OK
840 0 0 0 -64.00000000 -64 OK
841 0 0 0 -64.00000000 -64 OK
842 1 1 1 63.00000000 63 OK
843 0 0 0 -64.00000000 -64 OK
844 0 0 0 -64.00000000 -64 OK
845 1 1 1 63.00000000 63 OK
846 0 0 0 -64.00000000 -64 OK
847 0 0 0 -64.00000000 -64 OK
848 0 0 0 -64.00000000 -64 OK
849 1 1 1 63.00000000 63 OK
850 0 0 0 -64.00000000 -64 OK
851 0 0 0 -64.00000000 -64 OK
852 0 0 0 -64.00000000 -64 OK
853 0 0 0 -64.00000000 -64 OK
854 0 0 0 -64.00000000 -64 OK
855 0 0 0 -64.00000000 -64 OK
856 0 0 0 -64.00000000 -64 OK
857 1 1 1 63.00000000 63 OK
858 1 1 1 63.00000000 63 OK
859 0 0 0 -64.00000000 -64 OK
860 1 1 1 63.00000000 63 OK
861 1 1 1 63.00000000 63 OK
862 0 0 0 -64.00000000 -64 OK
863 0 0 0 -64.00000000 -64 OK
864 0 0 0 -64.00000000 -64 OK
865 0 0 0 -64.00000000 -64 OK
866 0 0 0 -64.00000000 -64 OK
867 1 1 1 63.00000000 63 OK
868 1 1 1 63.00000000 63 OK
869 0 0 0 -64.00000000 -64 OK
870 0 0 0 -64.00000000 -64 OK
871 1 1 1 63.00000000 63 OK
872 1 1 1 63.00000000 63 OK
873 0 0 0 -64.00000000 -64 OK
874 1 1 1 63.00000000 63 OK
875 1 1 1 63.00000000 63 OK
876 1 1 1 63.00000000 63 OK
877 0 0 0 -64.00000000 -64 OK
878 1 1 1 63.00000000 63 OK
879 1 1 1 63.00000000 63 OK
880 0 0 0 -64.00000000 -64 OK
881 0 0 0 -64.00000000 -64 OK
882 1 1 1 63.00000000 63 OK
883 0 0 0 -64.00000000 -64 OK
884 1 1 1 63.00000000 63 OK
885 1 1 1 63.00000000 63 OK
886 0 0 0 -64.00000000 -64 OK
887 1 1 1 63.00000000 63 OK
888 0 0 0 -64.00000000 -64 OK
889 1 1 1 63.00000000 63 OK
890 0 0 0 -64.00000000 -64 OK
891 0 0 0 -64.00000000 -64 OK
892 0 0 0 -64.00000000 -64 OK
893 1 1 1 63.00000000 63 OK
894 1 1 1 63.00000000 63 OK
895 0 0 0 -64.00000000 -64 OK
896 1 1 1 63.00000000 63 OK
897 1 1 1 63.00000000 63 OK
898 0 0 0 -64.00000000 -64 OK
899 0 0 0 -64.00000000 -64 OK
900 1 1 1 63.00000000 63 OK
901 1 1 1 63.00000000 63 OK
902 0 0 0 -64.00000000 -64 OK
903 0 0 0 -64.00000000 -64 OK
904 1 1 1 63.00000000 63 OK
905 1 1 1 63.00000000 63 OK
906 1 1 1 63.00000000 63 OK
907 0 0 0 -64.00000000 -64 OK
908 1 1 1 63.00000000 63 OK
909 0 0 0 -64.00000000 -64 OK
910 0 0 0 -64.00000000 -64 OK
911 0 0 0 -64.00000000 -64 OK
912 1 1 1 63.00000000 63 OK
913 1 1 1 63.00000000 63 OK
914 1 1 1 63.00000000 63 OK
915 0 0 0 -64.00000000 -64 OK
916 0 0 0 -64.00000000 -64 OK
917 1 1 1 63.00000000 63 OK
918 0 0 0 -64.00000000 -64 OK
919 0 0 0 -64.00000000 -64 OK
920 0 0 0 -64.00000000 -64 OK
921 0 0 0 -64.00000000 -64 OK
922 0 0 0 -64.00000000 -64 OK
923 1 1 1 63.00000000 63 OK
924 1 1 1 63.00000000 63 OK
925 0 0 0 -64.00000000 -64 OK
926 1 1 1 63.00000000 63 OK
927 1 1 1 63.00000000 63 OK
928 1 1 1 63.00000000 63 OK
929 0 0 0 -64.00000000 -64 OK
930 1 1 1 63.00000000 63 OK
931 0 0 0 -64.00000000 -64 OK
932 0 0 0 -64.00000000 -64 OK
933 0 0 0 -64.00000000 -64 OK
934 0 0 0 -64.00000000 -64 OK
935 0 0 0 -64.00000000 -64 OK
936 1 1 1 63.00000000 63 OK
937 0 0 0 -64.00000000 -64 OK
938 1 1 1 63.00000000 63 OK
939 0 0 0 -64.00000000 -64 OK
940 1 1 1 63.00000000 63 OK
941 0 0 0 -64.00000000 -64 OK
942 1 1 1 63.00000000 63 OK
943 1 1 1 63.00000000 63 OK
944 1 1 1 63.00000000 63 OK
945 1 1 1 63.00000000 63 OK
946 1 1 1 63.00000000 63 OK
947 1 1 1 63.00000000 63 OK
948 0 0 0 -64.00000000 -64 OK
949 0 0 0 -64.00000000 -64 OK
950 0 0 0 -64.00000000 -64 OK
951 0 0 0 -64.00000000 -64 OK
952 0 0 0 -64.00000000 -64 OK
953 0 0 0 -64.00000000 -64 OK
954 0 0 0 -64.00000000 -64 OK
955 1 1 1 63.00000000 63 OK
956 1 1 1 63.00000000 63 OK
957 1 1 1 63.00000000 63 OK
958 1 1 1 63.00000000 63 OK
959 1 1 1 63.00000000 63 OK
960 1 1 1 63.00000000 63 OK
961 0 0 0 -64.00000000 -64 OK
962 0 0 0 -64.00000000 -64 OK
963 0 0 0 -64.00000000 -64 OK
964 0 0 0 -64.00000000 -64 OK
965 1 1 1 63.00000000 63 OK
966 0 0 0 -64.00000000 -64 OK
967 0 0 0 -64.00000000 -64 OK
968 0 0 0 -64.00000000 -64 OK
969 0 0 0 -64.00000000 -64 OK
970 1 1 1 63.00000000 63 OK
971 0 0 0 -64.00000000 -64 OK
972 0 0 0 -64.00000000 -64 OK
973 0 0 0 -64.00000000 -64 OK
974 1 1 1 63.00000000 63 OK
975 0 0 0 -64.00000000 -64 OK
976 1 1 1 63.00000000 63 OK
977 0 0 0 -64.00000000 -64 OK
978 1 1 1 63.00000000 63 OK
979 1 1 1 63.00000000 63 OK
980 0 0 0 -64.00000000 -64 OK
981 1 1 1 63.00000000 63 OK
982 1 1 1 63.00000000 63 OK
983 1 1 1 63.00000000 63 OK
984 1 1 1 63.00000000 63 OK
985 1 1 1 63.00000000 63 OK
986 1 1 1 63.00000000 63 OK
987 1 1 1 63.00000000 63 OK
988 1 1 1 63.00000000 63 OK
989 1 1 1 63.00000000 63 OK
990 0 0 0 -64.00000000 -64 OK
991 0 0 0 -64.00000000 -64 OK
992 0 0 0 -64.00000000 -64 OK
993 0 0 0 -64.00000000 -64 OK
994 1 1 1 63.00000000 63 OK
995 0 0 0 -64.00000000 -64 OK
996 1 1 1 63.00000000 63 OK
997 1 1 1 63.00000000 63 OK
998 0 0 0 -64.00000000 -64 OK
999 0 0 0 -64.00000000 -64 OK
1000 0 0 0 -64.00000000 -64 OK
1001 1 1 1 63.00000000 63 OK
1002 1 1 1 63.00000000 63 OK
1003 1 1 1 63.00000000 63 OK
1004 1 1 1 63.00000000 63 OK
1005 0 0 0 -64.00000000 -64 OK
1006 0 0 0 -64.00000000 -64 OK
1007 0 0 0 -64.00000000 -64 OK
1008 1 1 1 63.00000000 63 OK
1009 1 1 1 63.00000000 63 OK
1010 0 0 0 -64.00000000 -64 OK
1011 1 1 1 63.00000000 63 OK
1012 1 1 1 63.00000000 63 OK
1013 1 1 1 63.00000000 63 OK
1014 0 0 0 -64.00000000 -64 OK
1015 0 0 0 -64.00000000 -64 OK
1016 1 1 1 63.00000000 63 OK
1017 1 1 1 63.00000000 63 OK
1018 0 0 0 -64.00000000 -64 OK
1019 0 0 0 -64.00000000 -64 OK
1020 1 1 1 63.00000000 63 OK
1021 0 0 0 -64.00000000 -64 OK
1022 0 0 0 -64.00000000 -64 OK
1023 0 0 0 -64.00000000 -64 OK
1024 1 1 1 63.00000000 63 OK
1025 0 0 0 -64.00000000 -64 OK
1026 0 0 0 -64.00000000 -64 OK
1027 0 0 0 -64.00000000 -64 OK
1028 0 0 0 -64.00000000 -64 OK
1029 1 1 1 63.00000000 63 OK
1030 0 0 0 -64.00000000 -64 OK
1031 0 0 0 -64.00000000 -64 OK
1032 0 0 0 -64.00000000 -64 OK
1033 1 1 1 63.00000000 63 OK
1034 0 0 0 -64.00000000 -64 OK
1035 0 0 0 -64.00000000 -64 OK
1036 0 0 0 -64.00000000 -64 OK
1037 1 1 1 63.00000000 63 OK
1038 0 0 0 -64.00000000 -64 OK
1039 1 1 1 63.00000000 63 OK
1040 1 1 1 63.00000000 63 OK
1041 0 0 0 -64.00000000 -64 OK
1042 1 1 1 63.00000000 63 OK
1043 1 1 1 63.00000000 63 OK
1044 1 1 1 63.00000000 63 OK
1045 0 0 0 -64.00000000 -64 OK
1046 1 1 1 63.00000000 63 OK
1047 0 0 0 -64.00000000 -64 OK
1048 0 0 0 -64.00000000 -64 OK
1049 1 1 1 63.00000000 63 OK
1050 0 0 0 -64.00000000 -64 OK
1051 0 0 0 -64.00000000 -64 OK
1052 1 1 1 63.00000000 63 OK
1053 1 1 1 63.00000000 63 OK
1054 0 0 0 -64.00000000 -64 OK
1055 1 1 1 63.00000000 63 OK
1056 1 1 1 63.00000000 63 OK
1057 0 0 0 -64.00000000 -64 OK
1058 0 0 0 -64.00000000 -64 OK
1059 1 1 1 63.00000000 63 OK
1060 0 0 0 -64.00000000 -64 OK
1061 0 0 0 -64.00000000 -64 OK
1062 0 0 0 -64.00000000 -64 OK
1063 0 0 0 -64.00000000 -64 OK
1064 1 1 1 63.00000000 63 OK
1065 1 1 1 63.00000000 63 OK
1066 0 0 0 -64.00000000 -64 OK
1067 1 1 1 63.00000000 63 OK
1068 1 1 1 63.00000000 63 OK
1069 1 1 1 63.00000000 63 OK
1070 0 0 0 -64.00000000 -64 OK
1071 0 0 0 -64.00000000 -64 OK
1072 1 1 1 63.00000000 63 OK
1073 0 0 0 -64.00000000 -64 OK
1074 0 0 0 -64.00000000 -64 OK
1075 1 1 1 63.00000000 63 OK
1076 0 0 0 -64.00000000 -64 OK
1077 0 0 0 -64.00000000 -64 OK
1078 0 0 0 -64.00000000 -64 OK
1079 1 1 1 63.00000000 63 OK
1080 0 0 0 -64.00000000 -64 OK
1081 1 1 1 63.00000000 63 OK
1082 0 0 0 -64.00000000 -64 OK
1083 1 1 1 63.00000000 63 OK
1084 1 1 1 63.00000000 63 OK
1085 0 0 0 -64.00000000 -64 OK
1086 1 1 1 63.00000000 63 OK
1087 0 0 0 -64.00000000 -64 OK
1088 0 0 0 -64.00000000 -64 OK
1089 1 1 1 63.00000000 63 OK
1090 0 0 0 -64.00000000 -64 OK
1091 0 0 0 -64.00000000 -64 OK
1092 0 0 0 -64.00000000 -64 OK
1093 0 0 0 -64.00000000 -64 OK
1094 0 0 0 -64.00000000 -64 OK
1095 0 0 0 -64.00000000 -64 OK
1096 0 0 0 -64.00000000 -64 OK
1097 0 0 0 -64.00000000 -64 OK
1098 1 1 1 63.00000000 63 OK
1099 0 0 0 -64.00000000 -64 OK
1100 0 0 0 -64.00000000 -64 OK
1101 1 1 1 63.00000000 63 OK
1102 0 0 0 -64.00000000 -64 OK
1103 1 1 1 63.00000000 63 OK
1104 0 0 0 -64.00000000 -64 OK
1105 0 0 0 -64.00000000 -64 OK
1106 1 1 1 63.00000000 63 OK
1107 0 0 0 -64.00000000 -64 OK
1108 0 0 0 -64.00000000 -64 OK
1109 1 1 1 63.00000000 63 OK
1110 0 0 0 -64.00000000 -64 OK
1111 1 1 1 63.00000000 63 OK
1112 0 0 0 -64.00000000 -64 OK
1113 0 0 0 -64.00000000 -64 OK
1114 0 0 0 -64.00000000 -64 OK
1115 1 1 1 63.00000000 63 OK
1116 0 0 0 -64.00000000 -64 OK
1117 0 0 0 -64.00000000 -64 OK
1118 0 0 0 -64.00000000 -64 OK
1119 1 1 1 63.00000000 63 OK
1120 1 1 1 63.00000000 63 OK
1121 1 1 1 63.00000000 63 OK
1122 1 1 1 63.00000000 63 OK
1123 1 1 1 63.00000000 63 OK
1124 1 1 1 63.00000000 63 OK
1125 0 0 0 -64.00000000 -64 OK
1126 0 0 0 -64.00000000 -64 OK
1127 0 0 0 -64.00000000 -64 OK
1128 0 0 0 -64.00000000 -64 OK
1129 0 0 0 -64.00000000 -64 OK
1130 1 1 1 63.00000000 63 OK
1131 0 0 0 -64.00000000 -64 OK
1132 0 0 0 -64.00000000 -64 OK
1133 1 1 1 63.00000000 63 OK
1134 1 1 1 63.00000000 63 OK
1135 1 1 1 63.00000000 63 OK
1136 1 1 1 63.00000000 63 OK
1137 0 0 0 -64.00000000 -64 OK
1138 1 1 1 63.00000000 63 OK
1139 1 1 1 63.00000000 63 OK
1140 1 1 1 63.00000000 63 OK
1141 0 0 0 -64.00000000 -64 OK
1142 0 0 0 -64.00000000 -64 OK
1143 1 1 1 63.00000000 63 OK
1144 0 0 0 -64.00000000 -64 OK
1145 1 1 1 63.00000000 63 OK
1146 0 0 0 -64.00000000 -64 OK
1147 0 0 0 -64.00000000 -64 OK
1148 0 0 0 -64.00000000 -64 OK
1149 1 1 1 63.00000000 63 OK
1150 0 0 0 -64.00000000 -64 OK
1151 0 0 0 -64.00000000 -64 OK
1152 1 1 1 63.00000000 63 OK
1153 1 1 1 63.00000000 63 OK
1154 1 1 1 63.00000000 63 OK
1155 0 0 0 -64.00000000 -64 OK
1156 0 0 0 -64.00000000 -64 OK
1157 1 1 1 63.00000000 63 OK
1158 0 0 0 -64.00000000 -64 OK
1159 1 1 1 63.00000000 63 OK
1160 0 0 0 -64.00000000 -64 OK
1161 0 0 0 -64.00000000 -64 OK
1162 1 1 1 63.00000000 63 OK
1163 0 0 0 -64.00000000 -64 OK
1164 0 0 0 -64.00000000 -64 OK
1165 1 1 1 63.00000000 63 OK
1166 1 1 1 63.00000000 63 OK
1167 0 0 0 -64.00000000 -64 OK
1168 0 0 0 -64.00000000 -64 OK
1169 1 1 1 63.00000000 63 OK
1170 0 0 0 -64.00000000 -64 OK
1171 0 0 0 -64.00000000 -64 OK
1172 0 0 0 -64.00000000 -64 OK
1173 0 0 0 -64.00000000 -64 OK
1174 1 1 1 63.00000000 63 OK
1175 0 0 0 -64.00000000 -64 OK
1176 0 0 0 -64.00000000 -64 OK
1177 0 0 0 -64.00000000 -64 OK
1178 1 1 1 63.00000000 63 OK
1179 1 1 1 63.00000000 63 OK
1180 1 1 1 63.00000000 63 OK
1181 1 1 1 63.00000000 63 OK
1182 0 0 0 -64.00000000 -64 OK
1183 0 0 0 -64.00000000 -64 OK
1184 0 0 0 -64.00000000 -64 OK
1185 1 1 1 63.00000000 63 OK
1186 0 0 0 -64.00000000 -64 OK
1187 1 1 1 63.00000000 63 OK
1188 1 1 1 63.00000000 63 OK
1189 0 0 0 -64.00000000 -64 OK
1190 0 0 0 -64.00000000 -64 OK
1191 1 1 1 63.00000000 63 OK
1192 1 1 1 63.00000000 63 OK
1193 1 1 1 63.00000000 63 OK
1194 1 1 1 63.00000000 63 OK
1195 0 0 0 -61.00000000 -64 OK
1196 1 1 1 62.00000000 63 OK
1197 1 1 1 56.00000000 63 OK
1198 1 1 1 49.00000000 63 OK
1199 0 1 0 32.00000000 -64 ERR
1200 1 0 1 -35.00000000 63 ERR
1201 0 0 0 -52.00000000 -64 OK
1202 0 0 0 -61.00000000 -64 OK
1203 0 0 0 -64.00000000 -64 OK
1204 0 0 0 -62.00000000 -64 OK
1205 0 0 0 -64.00000000 -64 OK
1206 1 1 1 55.00000000 63 OK
1207 0 0 0 -64.00000000 -64 OK
1208 0 0 0 -64.00000000 -64 OK
1209 1 1 1 63.00000000 63 OK
1210 1 1 1 63.00000000 63 OK
1211 0 0 0 -64.00000000 -64 OK
1212 1 1 1 63.00000000 63 OK
1213 1 1 1 63.00000000 63 OK
1214 1 1 1 63.00000000 63 OK
1215 0 0 0 -64.00000000 -64 OK
1216 0 0 0 -64.00000000 -64 OK
1217 0 0 0 -64.00000000 -64 OK
1218 1 1 1 63.00000000 63 OK
1219 1 1 1 63.00000000 63 OK
1220 0 0 0 -64.00000000 -64 OK
1221 1 1 1 63.00000000 63 OK
1222 0 0 0 -64.00000000 -64 OK
1223 0 0 0 -64.00000000 -64 OK
1224 0 0 0 -64.00000000 -64 OK
1225 0 0 0 -64.00000000 -64 OK
1226 1 1 1 63.00000000 63 OK
1227 0 0 0 -64.00000000 -64 OK
1228 1 1 1 63.00000000 63 OK
1229 1 1 1 63.00000000 63 OK
1230 0 0 0 -64.00000000 -64 OK
1231 1 1 1 63.00000000 63 OK
1232 0 0 0 -64.00000000 -64 OK
1233 1 1 1 63.00000000 63 OK
1234 0 0 0 -64.00000000 -64 OK
1235 1 1 1 63.00000000 63 OK
1236 1 1 1 63.00000000 63 OK
1237 1 1 1 63.00000000 63 OK
1238 0 0 0 -64.00000000 -64 OK
1239 1 1 1 63.00000000 63 OK
1240 1 1 1 63.00000000 63 OK
1241 0 0 0 -64.00000000 -64 OK
1242 1 1 1 63.00000000 63 OK
1243 1 1 1 63.00000000 63 OK
1244 1 1 1 63.00000000 63 OK
1245 0 0 0 -64.00000000 -64 OK
1246 1 1 1 63.00000000 63 OK
1247 0 0 0 -64.00000000 -64 OK
1248 0 0 0 -64.00000000 -64 OK
1249 0 0 0 -64.00000000 -64 OK
1250 1 1 1 63.00000000 63 OK
1251 1 1 1 63.00000000 63 OK
1252 1 1 1 63.00000000 63 OK
1253 0 0 0 -64.00000000 -64 OK
1254 0 0 0 -64.00000000 -64 OK
1255 1 1 1 63.00000000 63 OK
1256 0 0 0 -64.00000000 -64 OK
1257 0 0 0 -64.00000000 -64 OK
1258 1 1 1 63.00000000 63 OK
1259 0 0 0 -64.00000000 -64 OK
1260 1 1 1 63.00000000 63 OK
1261 1 1 1 63.00000000 63 OK
1262 1 1 1 63.00000000 63 OK
1263 0 0 0 -64.00000000 -64 OK
1264 0 0 0 -64.00000000 -64 OK
1265 1 1 1 63.00000000 63 OK
1266 1 1 1 63.00000000 63 OK
1267 0 0 0 -64.00000000 -64 OK
1268 0 0 0 -64.00000000 -64 OK
1269 1 1 1 63.00000000 63 OK
1270 0 0 0 -64.00000000 -64 OK
1271 0 0 0 -64.00000000 -64 OK
1272 1 1 1 63.00000000 63 OK
1273 0 0 0 -64.00000000 -64 OK
1274 1 1 1 63.00000000 63 OK
1275 0 0 0 -64.00000000 -64 OK
1276 1 1 1 63.00000000 63 OK
1277 0 0 0 -64.00000000 -64 OK
1278 1 1 1 63.00000000 63 OK
1279 1 1 1 63.00000000 63 OK
1280 0 0 0 -64.00000000 -64 OK
1281 0 0 0 -64.00000000 -64 OK
1282 0 0 0 -64.00000000 -64 OK
1283 1 1 1 63.00000000 63 OK
1284 1 1 1 63.00000000 63 OK
1285 1 1 1 63.00000000 63 OK
1286 0 0 0 -64.00000000 -64 OK
1287 1 1 1 63.00000000 63 OK
1288 1 1 1 63.00000000 63 OK
1289 0 0 0 -64.00000000 -64 OK
1290 1 1 1 63.00000000 63 OK
1291 0 0 0 -64.00000000 -64 OK
1292 1 1 1 63.00000000 63 OK
1293 0 0 0 -64.00000000 -64 OK
1294 1 1 1 63.00000000 63 OK
1295 1 1 1 63.00000000 63 OK
1296 1 1 1 63.00000000 63 OK
1297 1 1 1 63.00000000 63 OK
1298 1 1 1 63.00000000 63 OK
1299 1 1 1 63.00000000 63 OK
1300 0 0 0 -64.00000000 -64 OK
1301 0 0 0 -64.00000000 -64 OK
1302 0 0 0 -64.00000000 -64 OK
1303 0 0 0 -64.00000000 -64 OK
1304 1 1 1 63.00000000 63 OK
1305 1 1 1 63.00000000 63 OK
1306 1 1 1 63.00000000 63 OK
1307 0 0 0 -64.00000000 -64 OK
1308 1 1 1 63.00000000 63 OK
1309 0 0 0 -64.00000000 -64 OK
1310 0 0 0 -64.00000000 -64 OK
1311 0 0 0 -64.00000000 -64 OK
1312 0 0 0 -64.00000000 -64 OK
1313 0 0 0 -64.00000000 -64 OK
1314 0 0 0 -64.00000000 -64 OK
1315 1 1 1 63.00000000 63 OK
1316 0 0 0 -64.00000000 -64 OK
1317 1 1 1 63.00000000 63 OK
1318 1 1 1 63.00000000 63 OK
1319 0 0 0 -64.00000000 -64 OK
1320 0 0 0 -64.00000000 -64 OK
1321 1 1 1 63.00000000 63 OK
1322 0 0 0 -64.00000000 -64 OK
1323 1 1 1 63.00000000 63 OK
1324 1 1 1 63.00000000 63 OK
1325 1 1 1 63.00000000 63 OK
1326 0 0 0 -64.00000000 -64 OK
1327 1 1 1 63.00000000 63 OK
1328 1 1 1 63.00000000 63 OK
1329 1 1 1 63.00000000 63 OK
1330 0 0 0 -64.00000000 -64 OK
1331 0 0 0 -64.00000000 -64 OK
1332 0 0 0 -64.00000000 -64 OK
1333 0 0 0 -64.00000000 -64 OK
1334 0 0 0 -64.00000000 -64 OK
1335 0 0 0 -64.00000000 -64 OK
1336 0 0 0 -64.00000000 -64 OK
1337 0 0 0 -64.00000000 -64 OK
1338 0 0 0 -64.00000000 -64 OK
1339 0 0 0 -64.00000000 -64 OK
1340 1 1 1 63.00000000 63 OK
1341 0 0 0 -64.00000000 -64 OK
1342 1 1 1 63.00000000 63 OK
1343 0 0 0 -64.00000000 -64 OK
1344 0 0 0 -64.00000000 -64 OK
1345 1 1 1 63.00000000 63 OK
1346 1 1 1 63.00000000 63 OK
1347 0 0 0 -64.00000000 -64 OK
1348 1 1 1 63.00000000 63 OK
1349 1 1 1 63.00000000 63 OK
1350 0 0 0 -64.00000000 -64 OK
1351 0 0 0 -64.00000000 -64 OK
1352 0 0 0 -64.00000000 -64 OK
1353 1 1 1 63.00000000 63 OK
1354 1 1 1 63.00000000 63 OK
1355 0 0 0 -64.00000000 -64 OK
1356 1 1 1 63.00000000 63 OK
1357 1 1 1 63.00000000 63 OK
1358 1 1 1 63.00000000 63 OK
1359 1 1 1 63.00000000 63 OK
1360 1 1 1 63.00000000 63 OK
1361 0 0 0 -64.00000000 -64 OK
1362 1 1 1 63.00000000 63 OK
1363 0 0 0 -64.00000000 -64 OK
1364 0 0 0 -64.00000000 -64 OK
1365 0 0 0 -64.00000000 -64 OK
1366 0 0 0 -64.00000000 -64 OK
1367 0 0 0 -64.00000000 -64 OK
1368 1 1 1 63.00000000 63 OK
1369 0 0 0 -64.00000000 -64 OK
1370 1 1 1 63.00000000 63 OK
1371 0 0 0 -64.00000000 -64 OK
1372 1 1 1 63.00000000 63 OK
1373 1 1 1 63.00000000 63 OK
1374 1 1 1 63.00000000 63 OK
1375 1 1 1 63.00000000 63 OK
1376 1 1 1 63.00000000 63 OK
1377 1 1 1 63.00000000 63 OK
1378 0 0 0 -64.00000000 -64 OK
1379 1 1 1 63.00000000 63 OK
1380 0 0 0 -64.00000000 -64 OK
1381 1 1 1 63.00000000 63 OK
1382 1 1 1 63.00000000 63 OK
1383 1 1 1 63.00000000 63 OK
1384 0 0 0 -64.00000000 -64 OK
1385 0 0 0 -64.00000000 -64 OK
1386 0 0 0 -64.00000000 -64 OK
1387 1 1 1 63.00000000 63 OK
1388 1 1 1 63.00000000 63 OK
1389 0 0 0 -64.00000000 -64 OK
1390 1 1 1 63.00000000 63 OK
1391 0 0 0 -64.00000000 -64 OK
1392 1 1 1 63.00000000 63 OK
1393 0 0 0 -64.00000000 -64 OK
1394 1 1 1 63.00000000 63 OK
1395 0 0 0 -64.00000000 -64 OK
1396 0 0 0 -64.00000000 -64 OK
1397 0 0 0 -64.00000000 -64 OK
1398 0 0 0 -64.00000000 -64 OK
1399 0 0 0 -64.00000000 -64 OK
1400 1 1 1 63.00000000 63 OK
1401 1 1 1 63.00000000 63 OK
1402 1 1 1 63.00000000 63 OK
1403 1 1 1 63.00000000 63 OK
1404 1 1 1 63.00000000 63 OK
1405 0 0 0 -64.00000000 -64 OK
1406 1 1 1 63.00000000 63 OK
1407 1 1 1 63.00000000 63 OK
1408 0 0 0 -64.00000000 -64 OK
1409 1 1 1 63.00000000 63 OK
1410 0 0 0 -64.00000000 -64 OK
1411 0 0 0 -64.00000000 -64 OK
1412 1 1 1 63.00000000 63 OK
1413 0 0 0 -64.00000000 -64 OK
1414 1 1 1 63.00000000 63 OK
1415 1 1 1 63.00000000 63 OK
1416 0 0 0 -64.00000000 -64 OK
1417 1 1 1 63.00000000 63 OK
1418 1 1 1 63.00000000 63 OK
1419 0 0 0 -64.00000000 -64 OK
1420 1 1 1 63.00000000 63 OK
1421 0 0 0 -64.00000000 -64 OK
1422 1 1 1 63.00000000 63 OK
1423 1 1 1 63.00000000 63 OK
1424 0 0 0 -64.00000000 -64 OK
1425 1 1 1 63.00000000 63 OK
1426 1 1 1 63.00000000 63 OK
1427 0 0 0 -64.00000000 -64 OK
1428 0 0 0 -64.00000000 -64 OK
1429 0 0 0 -64.00000000 -64 OK
1430 0 0 0 -64.00000000 -64 OK
1431 1 1 1 63.00000000 63 OK
1432 1 1 1 63.00000000 63 OK
1433 1 1 1 63.00000000 63 OK
1434 1 1 1 63.00000000 63 OK
1435 1 1 1 63.00000000 63 OK
1436 1 1 1 63.00000000 63 OK
1437 1 1 1 63.00000000 63 OK
1438 0 0 0 -64.00000000 -64 OK
1439 1 1 1 63.00000000 63 OK
1440 1 1 1 63.00000000 63 OK
1441 1 1 1 63.00000000 63 OK
1442 0 0 0 -64.00000000 -64 OK
1443 0 0 0 -64.00000000 -64 OK
1444 0 0 0 -64.00000000 -64 OK
1445 0 0 0 -64.00000000 -64 OK
1446 1 1 1 63.00000000 63 OK
1447 0 0 0 -64.00000000 -64 OK
1448 1 1 1 63.00000000 63 OK
1449 1 1 1 63.00000000 63 OK
1450 1 1 1 63.00000000 63 OK
1451 0 0 0 -64.00000000 -64 OK
1452 0 0 0 -64.00000000 -64 OK
1453 1 1 1 63.00000000 63 OK
1454 0 0 0 -64.00000000 -64 OK
1455 0 0 0 -64.00000000 -64 OK
1456 1 1 1 63.00000000 63 OK
1457 1 1 1 63.00000000 63 OK
1458 1 1 1 63.00000000 63 OK
1459 1 1 1 63.00000000 63 OK
1460 1 1 1 63.00000000 63 OK
1461 0 0 0 -64.00000000 -64 OK
1462 1 1 1 63.00000000 63 OK
1463 1 1 1 63.00000000 63 OK
1464 1 1 1 63.00000000 63 OK
1465 0 0 0 -64.00000000 -64 OK
1466 1 1 1 63.00000000 63 OK
1467 1 1 1 63.00000000 63 OK
1468 1 1 1 63.00000000 63 OK
1469 0 0 0 -64.00000000 -64 OK
1470 1 1 1 63.00000000 63 OK
1471 0 0 0 -64.00000000 -64 OK
1472 0 0 0 -64.00000000 -64 OK
1473 0 0 0 -64.00000000 -64 OK
1474 1 1 1 63.00000000 63 OK
1475 0 0 0 -64.00000000 -64 OK
1476 0 0 0 -64.00000000 -64 OK
1477 1 1 1 63.00000000 63 OK
1478 1 1 1 63.00000000 63 OK
1479 0 0 0 -64.00000000 -64 OK
1480 1 1 1 63.00000000 63 OK
1481 1 1 1 63.00000000 63 OK
1482 1 1 1 63.00000000 63 OK
1483 1 1 1 63.00000000 63 OK
1484 0 0 0 -64.00000000 -64 OK
1485 1 1 1 63.00000000 63 OK
1486 0 0 0 -64.00000000 -64 OK
1487 1 1 1 63.00000000 63 OK
1488 0 0 0 -64.00000000 -64 OK
1489 0 0 0 -64.00000000 -64 OK
1490 0 0 0 -64.00000000 -64 OK
1491 1 1 1 63.00000000 63 OK
1492 0 0 0 -64.00000000 -64 OK
1493 0 0 0 -64.00000000 -64 OK
1494 0 0 0 -64.00000000 -64 OK
1495 0 0 0 -64.00000000 -64 OK
1496 0 0 0 -64.00000000 -64 OK
1497 1 1 1 63.00000000 63 OK
1498 0 0 0 -64.00000000 -64 OK
1499 0 0 0 -64.00000000 -64 OK
1500 1 1 1 63.00000000 63 OK
1501 1 1 1 63.00000000 63 OK
1502 0 0 0 -64.00000000 -64 OK
1503 1 1 1 63.00000000 63 OK
1504 1 1 1 63.00000000 63 OK
1505 0 0 0 -64.00000000 -64 OK
1506 1 1 1 63.00000000 63 OK
1507 1 1 1 63.00000000 63 OK
1508 0 0 0 -64.00000000 -64 OK
1509 1 1 1 63.00000000 63 OK
1510 1 1 1 63.00000000 63 OK
1511 0 0 0 -64.00000000 -64 OK
1512 0 0 0 -64.00000000 -64 OK
1513 0 0 0 -64.00000000 -64 OK
1514 0 0 0 -64.00000000 -64 OK
1515 1 1 1 63.00000000 63 OK
1516 0 0 0 -64.00000000 -64 OK
1517 0 0 0 -64.00000000 -64 OK
1518 1 1 1 63.00000000 63 OK
1519 1 1 1 63.00000000 63 OK
1520 1 1 1 63.00000000 63 OK
1521 1 1 1 63.00000000 63 OK
1522 0 0 0 -64.00000000 -64 OK
1523 0 0 0 -64.00000000 -64 OK
1524 1 1 1 63.00000000 63 OK
1525 1 1 1 63.00000000 63 OK
1526 0 0 0 -64.00000000 -64 OK
1527 1 1 1 63.00000000 63 OK
1528 0 0 0 -64.00000000 -64 OK
1529 0 0 0 -64.00000000 -64 OK
1530 1 1 1 63.00000000 63 OK
1531 1 1 1 63.00000000 63 OK
1532 1 1 1 63.00000000 63 OK
1533 1 1 1 63.00000000 63 OK
1534 0 0 0 -64.00000000 -64 OK
1535 1 1 1 63.00000000 63 OK
1536 1 1 1 63.00000000 63 OK
1537 1 1 1 63.00000000 63 OK
1538 0 0 0 -64.00000000 -64 OK
1539 0 0 0 -64.00000000 -64 OK
1540 1 1 1 63.00000000 63 OK
1541 0 0 0 -64.00000000 -64 OK
1542 1 1 1 63.00000000 63 OK
1543 1 1 1 63.00000000 63 OK
1544 1 1 1 63.00000000 63 OK
1545 0 0 0 -64.00000000 -64 OK
1546 1 1 1 63.00000000 63 OK
1547 0 0 0 -64.00000000 -64 OK
1548 1 1 1 63.00000000 63 OK
1549 1 1 1 63.00000000 63 OK
1550 0 0 0 -64.00000000 -64 OK
1551 0 0 0 -64.00000000 -64 OK
1552 0 0 0 -64.00000000 -64 OK
1553 1 1 1 63.00000000 63 OK
1554 0 0 0 -64.00000000 -64 OK
1555 0 0 0 -64.00000000 -64 OK
1556 1 1 1 63.00000000 63 OK
1557 1 1 1 63.00000000 63 OK
1558 1 1 1 63.00000000 63 OK
1559 1 1 1 63.00000000 63 OK
1560 1 1 1 63.00000000 63 OK
1561 1 1 1 63.00000000 63 OK
1562 1 1 1 63.00000000 63 OK
1563 0 0 0 -64.00000000 -64 OK
1564 1 1 1 63.00000000 63 OK
1565 1 1 1 63.00000000 63 OK
1566 1 1 1 63.00000000 63 OK
1567 0 0 0 -64.00000000 -64 OK
1568 1 1 1 63.00000000 63 OK
1569 1 1 1 63.00000000 63 OK
1570 0 0 0 -64.00000000 -64 OK
1571 0 0 0 -64.00000000 -64 OK
1572 1 1 1 63.00000000 63 OK
1573 0 0 0 -64.00000000 -64 OK
1574 1 1 1 63.00000000 63 OK
1575 1 1 1 63.00000000 63 OK
1576 1 1 1 63.00000000 63 OK
1577 0 0 0 -64.00000000 -64 OK
1578 1 1 1 63.00000000 63 OK
1579 0 0 0 -64.00000000 -64 OK
1580 1 1 1 63.00000000 63 OK
1581 1 1 1 63.00000000 63 OK
1582 0 0 0 -64.00000000 -64 OK
1583 0 0 0 -64.00000000 -64 OK
1584 0 0 0 -64.00000000 -64 OK
1585 0 0 0 -64.00000000 -64 OK
1586 0 0 0 -64.00000000 -64 OK
1587 0 0 0 -64.00000000 -64 OK
1588 0 0 0 -64.00000000 -64 OK
1589 0 0 0 -64.00000000 -64 OK
1590 0 0 0 -64.00000000 -64 OK
1591 0 0 0 -64.00000000 -64 OK
1592 0 0 0 -64.00000000 -64 OK
1593 1 1 1 63.00000000 63 OK
1594 1 1 1 63.00000000 63 OK
1595 0 0 0 -48.00000000 -64 OK
1596 0 0 0 -63.00000000 -64 OK
1597 0 0 0 -52.00000000 -64 OK
1598 1 1 1 63.00000000 63 OK
1599 1 1 1 41.00000000 63 OK
1600 0 0 0 -38.00000000 -64 OK
1601 0 0 0 -48.00000000 -64 OK
1602 0 0 0 -53.00000000 -64 OK
1603 1 1 1 63.00000000 63 OK
1604 1 1 1 63.00000000 63 OK
1605 1 1 1 63.00000000 63 OK
1606 1 1 1 60.00000000 63 OK
1607 0 0 0 -64.00000000 -64 OK
1608 0 0 0 -64.00000000 -64 OK
1609 1 1 1 63.00000000 63 OK
1610 0 0 0 -64.00000000 -64 OK
1611 1 1 1 63.00000000 63 OK
1612 0 0 0 -64.00000000 -64 OK
1613 1 1 1 63.00000000 63 OK
1614 1 1 1 63.00000000 63 OK
1615 1 1 1 63.00000000 63 OK
1616 0 0 0 -64.00000000 -64 OK
1617 1 1 1 63.00000000 63 OK
1618 0 0 0 -64.00000000 -64 OK
1619 1 1 1 63.00000000 63 OK
1620 0 0 0 -64.00000000 -64 OK
1621 1 1 1 63.00000000 63 OK
1622 0 0 0 -64.00000000 -64 OK
1623 1 1 1 63.00000000 63 OK
1624 0 0 0 -64.00000000 -64 OK
1625 1 1 1 63.00000000 63 OK
1626 0 0 0 -64.00000000 -64 OK
1627 0 0 0 -64.00000000 -64 OK
1628 1 1 1 63.00000000 63 OK
1629 1 1 1 63.00000000 63 OK
1630 0 0 0 -64.00000000 -64 OK
1631 0 0 0 -64.00000000 -64 OK
1632 0 0 0 -64.00000000 -64 OK
1633 1 1 1 63.00000000 63 OK
1634 0 0 0 -64.00000000 -64 OK
1635 1 1 1 63.00000000 63 OK
1636 1 1 1 63.00000000 63 OK
1637 1 1 1 63.00000000 63 OK
1638 0 0 0 -64.00000000 -64 OK
1639 1 1 1 63.00000000 63 OK
1640 1 1 1 63.00000000 63 OK
1641 0 0 0 -64.00000000 -64 OK
1642 0 0 0 -64.00000000 -64 OK
1643 1 1 1 63.00000000 63 OK
1644 1 1 1 63.00000000 63 OK
1645 1 1 1 63.00000000 63 OK
1646 0 0 0 -64.00000000 -64 OK
1647 0 0 0 -64.00000000 -64 OK
1648 1 1 1 63.00000000 63 OK
1649 1 1 1 63.00000000 63 OK
1650 0 0 0 -64.00000000 -64 OK
1651 0 0 0 -64.00000000 -64 OK
1652 1 1 1 63.00000000 63 OK
1653 0 0 0 -64.00000000 -64 OK
1654 1 1 1 63.00000000 63 OK
1655 1 1 1 63.00000000 63 OK
1656 1 1 1 63.00000000 63 OK
1657 0 0 0 -64.00000000 -64 OK
1658 1 1 1 63.00000000 63 OK
1659 1 1 1 63.00000000 63 OK
1660 1 1 1 63.00000000 63 OK
1661 0 0 0 -64.00000000 -64 OK
1662 0 0 0 -64.00000000 -64 OK
1663 0 0 0 -64.00000000 -64 OK
1664 1 1 1 63.00000000 63 OK
1665 0 0 0 -64.00000000 -64 OK
1666 0 0 0 -64.00000000 -64 OK
1667 0 0 0 -64.00000000 -64 OK
1668 1 1 1 63.00000000 63 OK
1669 0 0 0 -64.00000000 -64 OK
1670 1 1 1 63.00000000 63 OK
1671 1 1 1 63.00000000 63 OK
1672 1 1 1 63.00000000 63 OK
1673 0 0 0 -64.00000000 -64 OK
1674 1 1 1 63.00000000 63 OK
1675 1 1 1 63.00000000 63 OK
1676 1 1 1 63.00000000 63 OK
1677 1 1 1 63.00000000 63 OK
1678 0 0 0 -64.00000000 -64 OK
1679 1 1 1 63.00000000 63 OK
1680 1 1 1 63.00000000 63 OK
1681 1 1 1 63.00000000 63 OK
1682 0 0 0 -64.00000000 -64 OK
1683 1 1 1 63.00000000 63 OK
1684 0 0 0 -64.00000000 -64 OK
1685 1 1 1 63.00000000 63 OK
1686 0 0 0 -64.00000000 -64 OK
1687 1 1 1 63.00000000 63 OK
1688 1 1 1 63.00000000 63 OK
1689 1 1 1 63.00000000 63 OK
1690 0 0 0 -64.00000000 -64 OK
1691 0 0 0 -64.00000000 -64 OK
1692 0 0 0 -64.00000000 -64 OK
1693 1 1 1 63.00000000 63 OK
1694 1 1 1 63.00000000 63 OK
1695 1 1 1 63.00000000 63 OK
1696 1 1 1 63.00000000 63 OK
1697 1 1 1 63.00000000 63 OK
1698 1 1 1 63.00000000 63 OK
1699 0 0 0 -64.00000000 -64 OK
1700 1 1 1 63.00000000 63 OK
1701 1 1 1 63.00000000 63 OK
1702 0 0 0 -64.00000000 -64 OK
1703 0 0 0 -64.00000000 -64 OK
1704 0 0 0 -64.00000000 -64 OK
1705 1 1 1 63.00000000 63 OK
1706 0 0 0 -64.00000000 -64 OK
1707 1 1 1 63.00000000 63 OK
1708 0 0 0 -64.00000000 -64 OK
1709 1 1 1 63.00000000 63 OK
1710 1 1 1 63.00000000 63 OK
1711 1 1 1 63.00000000 63 OK
1712 0 0 0 -64.00000000 -64 OK
1713 0 0 0 -64.00000000 -64 OK
1714 1 1 1 63.00000000 63 OK
1715 0 0 0 -64.00000000 -64 OK
1716 0 0 0 -64.00000000 -64 OK
1717 1 1 1 63.00000000 63 OK
1718 1 1 1 63.00000000 63 OK
1719 1 1 1 63.00000000 63 OK
1720 0 0 0 -64.00000000 -64 OK
1721 0 0 0 -64.00000000 -64 OK
1722 1 1 1 63.00000000 63 OK
1723 0 0 0 -64.00000000 -64 OK
1724 1 1 1 63.00000000 63 OK
1725 0 0 0 -64.00000000 -64 OK
1726 1 1 1 63.00000000 63 OK
1727 0 0 0 -64.00000000 -64 OK
1728 0 0 0 -64.00000000 -64 OK
1729 0 0 0 -64.00000000 -64 OK
1730 0 0 0 -64.00000000 -64 OK
1731 1 1 1 63.00000000 63 OK
1732 0 0 0 -64.00000000 -64 OK
1733 0 0 0 -64.00000000 -64 OK
1734 1 1 1 63.00000000 63 OK
1735 0 0 0 -64.00000000 -64 OK
1736 0 0 0 -64.00000000 -64 OK
1737 0 0 0 -64.00000000 -64 OK
1738 0 0 0 -64.00000000 -64 OK
1739 1 1 1 63.00000000 63 OK
1740 0 0 0 -64.00000000 -64 OK
1741 1 1 1 63.00000000 63 OK
1742 1 1 1 63.00000000 63 OK
1743 1 1 1 63.00000000 63 OK
1744 0 0 0 -64.00000000 -64 OK
1745 0 0 0 -64.00000000 -64 OK
1746 0 0 0 -64.00000000 -64 OK
1747 0 0 0 -64.00000000 -64 OK
1748 1 1 1 63.00000000 63 OK
1749 1 1 1 63.00000000 63 OK
1750 0 0 0 -64.00000000 -64 OK
1751 1 1 1 63.00000000 63 OK
1752 0 0 0 -64.00000000 -64 OK
1753 1 1 1 63.00000000 63 OK
1754 0 0 0 -64.00000000 -64 OK
1755 0 0 0 -64.00000000 -64 OK
1756 0 0 0 -64.00000000 -64 OK
1757 0 0 0 -64.00000000 -64 OK
1758 1 1 1 63.00000000 63 OK
1759 0 0 0 -64.00000000 -64 OK
1760 1 1 1 63.00000000 63 OK
1761 1 1 1 63.00000000 63 OK
1762 0 0 0 -64.00000000 -64 OK
1763 1 1 1 63.00000000 63 OK
1764 1 1 1 63.00000000 63 OK
1765 1 1 1 63.00000000 63 OK
1766 1 1 1 63.00000000 63 OK
1767 0 0 0 -64.00000000 -64 OK
1768 0 0 0 -64.00000000 -64 OK
1769 1 1 1 63.00000000 63 OK
1770 1 1 1 63.00000000 63 OK
1771 1 1 1 63.00000000 63 OK
1772 0 0 0 -64.00000000 -64 OK
1773 0 0 0 -64.00000000 -64 OK
1774 1 1 1 63.00000000 63 OK
1775 0 0 0 -64.00000000 -64 OK
1776 1 1 1 63.00000000 63 OK
1777 0 0 0 -64.00000000 -64 OK
1778 0 0 0 -64.00000000 -64 OK
1779 1 1 1 63.00000000 63 OK
1780 0 0 0 -64.00000000 -64 OK
1781 1 1 1 63.00000000 63 OK
1782 0 0 0 -64.00000000 -64 OK
1783 1 1 1 63.00000000 63 OK
1784 0 0 0 -64.00000000 -64 OK
1785 1 1 1 63.00000000 63 OK
1786 1 1 1 63.00000000 63 OK
1787 1 1 1 63.00000000 63 OK
1788 1 1 1 63.00000000 63 OK
1789 0 0 0 -64.00000000 -64 OK
1790 1 1 1 63.00000000 63 OK
1791 0 0 0 -64.00000000 -64 OK
1792 1 1 1 63.00000000 63 OK
1793 1 1 1 63.00000000 63 OK
1794 0 0 0 -64.00000000 -64 OK
1795 1 1 1 63.00000000 63 OK
1796 0 0 0 -64.00000000 -64 OK
1797 0 0 0 -64.00000000 -64 OK
1798 0 0 0 -64.00000000 -64 OK
1799 0 0 0 -64.00000000 -64 OK
1800 1 1 1 63.00000000 63 OK
1801 0 0 0 -64.00000000 -64 OK
1802 0 0 0 -64.00000000 -64 OK
1803 1 1 1 63.00000000 63 OK
1804 1 1 1 63.00000000 63 OK
1805 1 1 1 63.00000000 63 OK
1806 0 0 0 -64.00000000 -64 OK
1807 0 0 0 -64.00000000 -64 OK
1808 0 0 0 -64.00000000 -64 OK
1809 0 0 0 -64.00000000 -64 OK
1810 0 0 0 -64.00000000 -64 OK
1811 1 1 1 63.00000000 63 OK
1812 1 1 1 63.00000000 63 OK
1813 1 1 1 63.00000000 63 OK
1814 0 0 0 -64.00000000 -64 OK
1815 0 0 0 -64.00000000 -64 OK
1816 0 0 0 -64.00000000 -64 OK
1817 1 1 1 63.00000000 63 OK
1818 1 1 1 63.00000000 63 OK
1819 0 0 0 -64.00000000 -64 OK
1820 1 1 1 63.00000000 63 OK
1821 0 0 0 -64.00000000 -64 OK
1822 0 0 0 -64.00000000 -64 OK
1823 0 0 0 -64.00000000 -64 OK
1824 0 0 0 -64.00000000 -64 OK
1825 0 0 0 -64.00000000 -64 OK
1826 1 1 1 63.00000000 63 OK
1827 0 0 0 -64.00000000 -64 OK
1828 1 1 1 63.00000000 63 OK
1829 0 0 0 -64.00000000 -64 OK
1830 1 1 1 63.00000000 63 OK
1831 0 0 0 -64.00000000 -64 OK
1832 0 0 0 -64.00000000 -64 OK
1833 1 1 1 63.00000000 63 OK
1834 1 1 1 63.00000000 63 OK
1835 1 1 1 63.00000000 63 OK
1836 0 0 0 -64.00000000 -64 OK
1837 1 1 1 63.00000000 63 OK
1838 1 1 1 63.00000000 63 OK
1839 0 0 0 -64.00000000 -64 OK
1840 1 1 1 63.00000000 63 OK
1841 1 1 1 63.00000000 63 OK
1842 0 0 0 -64.00000000 -64 OK
1843 0 0 0 -64.00000000 -64 OK
1844 1 1 1 63.00000000 63 OK
1845 1 1 1 63.00000000 63 OK
1846 1 1 1 63.00000000 63 OK
1847 1 1 1 63.00000000 63 OK
1848 0 0 0 -64.00000000 -64 OK
1849 0 0 0 -64.00000000 -64 OK
1850 0 0 0 -64.00000000 -64 OK
1851 1 1 1 63.00000000 63 OK
1852 0 0 0 -64.00000000 -64 OK
1853 1 1 1 63.00000000 63 OK
1854 0 0 0 -64.00000000 -64 OK
1855 1 1 1 63.00000000 63 OK
1856 1 1 1 63.00000000 63 OK
1857 1 1 1 63.00000000 63 OK
1858 1 1 1 63.00000000 63 OK
1859 1 1 1 63.00000000 63 OK
1860 0 0 0 -64.00000000 -64 OK
1861 0 0 0 -64.00000000 -64 OK
1862 0 0 0 -64.00000000 -64 OK
1863 1 1 1 63.00000000 63 OK
1864 0 0 0 -64.00000000 -64 OK
1865 1 1 1 63.00000000 63 OK
1866 0 0 0 -64.00000000 -64 OK
1867 1 1 1 63.00000000 63 OK
1868 1 1 1 63.00000000 63 OK
1869 0 0 0 -64.00000000 -64 OK
1870 1 1 1 63.00000000 63 OK
1871 0 0 0 -64.00000000 -64 OK
1872 1 1 1 63.00000000 63 OK
1873 0 0 0 -64.00000000 -64 OK
1874 0 0 0 -64.00000000 -64 OK
1875 1 1 1 63.00000000 63 OK
1876 1 1 1 63.00000000 63 OK
1877 0 0 0 -64.00000000 -64 OK
1878 1 1 1 63.00000000 63 OK
1879 0 0 0 -64.00000000 -64 OK
1880 1 1 1 63.00000000 63 OK
1881 1 1 1 63.00000000 63 OK
1882 0 0 0 -64.00000000 -64 OK
1883 1 1 1 63.00000000 63 OK
1884 1 1 1 63.00000000 63 OK
1885 0 0 0 -64.00000000 -64 OK
1886 1 1 1 63.00000000 63 OK
1887 0 0 0 -64.00000000 -64 OK
1888 1 1 1 63.00000000 63 OK
1889 1 1 1 63.00000000 63 OK
1890 1 1 1 63.00000000 63 OK
1891 0 0 0 -64.00000000 -64 OK
1892 0 0 0 -64.00000000 -64 OK
1893 1 1 1 63.00000000 63 OK
1894 1 1 1 63.00000000 63 OK
1895 1 1 1 63.00000000 63 OK
1896 1 1 1 63.00000000 63 OK
1897 1 1 1 63.00000000 63 OK
1898 0 0 0 -64.00000000 -64 OK
1899 1 1 1 63.00000000 63 OK
1900 0 0 0 -64.00000000 -64 OK
1901 1 1 1 63.00000000 63 OK
1902 0 0 0 -64.00000000 -64 OK
1903 0 0 0 -64.00000000 -64 OK
1904 1 1 1 63.00000000 63 OK
1905 1 1 1 63.00000000 63 OK
1906 0 0 0 -64.00000000 -64 OK
1907 0 0 0 -64.00000000 -64 OK
1908 0 0 0 -64.00000000 -64 OK
1909 0 0 0 -64.00000000 -64 OK
1910 0 0 0 -64.00000000 -64 OK
1911 1 1 1 63.00000000 63 OK
1912 0 0 0 -64.00000000 -64 OK
1913 0 0 0 -64.00000000 -64 OK
1914 1 1 1 63.00000000 63 OK
1915 0 0 0 -64.00000000 -64 OK
1916 0 0 0 -64.00000000 -64 OK
1917 0 0 0 -64.00000000 -64 OK
1918 0 0 0 -64.00000000 -64 OK
1919 1 1 1 63.00000000 63 OK
1920 1 1 1 63.00000000 63 OK
1921 0 0 0 -64.00000000 -64 OK
1922 1 1 1 63.00000000 63 OK
1923 0 0 0 -64.00000000 -64 OK
1924 1 1 1 63.00000000 63 OK
1925 0 0 0 -64.00000000 -64 OK
1926 1 1 1 63.00000000 63 OK
1927 0 0 0 -64.00000000 -64 OK
1928 0 0 0 -64.00000000 -64 OK
1929 1 1 1 63.00000000 63 OK
1930 0 0 0 -64.00000000 -64 OK
1931 1 1 1 63.00000000 63 OK
1932 0 0 0 -64.00000000 -64 OK
1933 0 0 0 -64.00000000 -64 OK
1934 1 1 1 63.00000000 63 OK
1935 0 0 0 -64.00000000 -64 OK
1936 1 1 1 63.00000000 63 OK
1937 0 0 0 -64.00000000 -64 OK
1938 1 1 1 63.00000000 63 OK
1939 0 0 0 -64.00000000 -64 OK
1940 0 0 0 -64.00000000 -64 OK
1941 0 0 0 -64.00000000 -64 OK
1942 0 0 0 -64.00000000 -64 OK
1943 1 1 1 63.00000000 63 OK
1944 0 0 0 -64.00000000 -64 OK
1945 1 1 1 63.00000000 63 OK
1946 0 0 0 -64.00000000 -64 OK
1947 0 0 0 -64.00000000 -64 OK
1948 0 0 0 -64.00000000 -64 OK
1949 1 1 1 63.00000000 63 OK
1950 1 1 1 63.00000000 63 OK
1951 1 1 1 63.00000000 63 OK
1952 0 0 0 -64.00000000 -64 OK
1953 1 1 1 63.00000000 63 OK
1954 1 1 1 63.00000000 63 OK
1955 1 1 1 63.00000000 63 OK
1956 0 0 0 -64.00000000 -64 OK
1957 1 1 1 63.00000000 63 OK
1958 0 0 0 -64.00000000 -64 OK
1959 0 0 0 -64.00000000 -64 OK
1960 1 1 1 63.00000000 63 OK
1961 0 0 0 -64.00000000 -64 OK
1962 0 0 0 -64.00000000 -64 OK
1963 0 0 0 -64.00000000 -64 OK
1964 1 1 1 63.00000000 63 OK
1965 1 1 1 63.00000000 63 OK
1966 0 0 0 -64.00000000 -64 OK
1967 1 1 1 63.00000000 63 OK
1968 1 1 1 63.00000000 63 OK
1969 0 0 0 -64.00000000 -64 OK
1970 1 1 1 63.00000000 63 OK
1971 1 1 1 63.00000000 63 OK
1972 1 1 1 63.00000000 63 OK
1973 0 0 0 -64.00000000 -64 OK
1974 0 0 0 -64.00000000 -64 OK
1975 1 1 1 63.00000000 63 OK
1976 1 1 1 63.00000000 63 OK
1977 0 0 0 -64.00000000 -64 OK
1978 1 1 1 63.00000000 63 OK
1979 1 1 1 63.00000000 63 OK
1980 0 0 0 -64.00000000 -64 OK
1981 1 1 1 63.00000000 63 OK
1982 1 1 1 63.00000000 63 OK
1983 0 0 0 -64.00000000 -64 OK
1984 1 1 1 63.00000000 63 OK
1985 1 1 1 63.00000000 63 OK
1986 1 1 1 63.00000000 63 OK
1987 1 1 1 63.00000000 63 OK
1988 1 1 1 63.00000000 63 OK
1989 0 0 0 -64.00000000 -64 OK
1990 1 1 1 63.00000000 63 OK
1991 1 1 1 63.00000000 63 OK
1992 1 1 1 61.00000000 63 OK
1993 1 1 1 55.00000000 63 OK
1994 0 0 0 -38.00000000 -64 OK
1995 1 1 1 60.00000000 63 OK
1996 1 1 1 63.00000000 63 OK
1997 0 0 0 -50.00000000 -64 OK
1998 1 1 1 50.00000000 63 OK
1999 1 0 1 -27.00000000 63 ERR
2000 0 0 0 -40.00000000 -64 OK
2001 0 0 0 -46.00000000 -64 OK
2002 1 1 1 61.00000000 63 OK
2003 0 0 0 -43.00000000 -64 OK
2004 1 1 1 45.00000000 63 OK
2005 0 0 0 -57.00000000 -64 OK
2006 0 0 0 -56.00000000 -64 OK
2007 0 0 0 -64.00000000 -64 OK
2008 1 1 1 63.00000000 63 OK
2009 0 0 0 -64.00000000 -64 OK
2010 1 1 1 63.00000000 63 OK
2011 0 0 0 -64.00000000 -64 OK
2012 0 0 0 -64.00000000 -64 OK
2013 1 1 1 63.00000000 63 OK
2014 0 0 0 -64.00000000 -64 OK
2015 0 0 0 -64.00000000 -64 OK
2016 1 1 1 63.00000000 63 OK
2017 1 1 1 63.00000000 63 OK
2018 1 1 1 63.00000000 63 OK
2019 1 1 1 63.00000000 63 OK
2020 1 1 1 63.00000000 63 OK
2021 1 1 1 63.00000000 63 OK
2022 1 1 1 63.00000000 63 OK
2023 1 1 1 63.00000000 63 OK
2024 0 0 0 -64.00000000 -64 OK
2025 1 1 1 63.00000000 63 OK
2026 1 1 1 63.00000000 63 OK
2027 1 1 1 63.00000000 63 OK
2028 0 0 0 -64.00000000 -64 OK
2029 0 0 0 -64.00000000 -64 OK
2030 1 1 1 63.00000000 63 OK
2031 0 0 0 -64.00000000 -64 OK
2032 1 1 1 63.00000000 63 OK
2033 0 0 0 -64.00000000 -64 OK
2034 1 1 1 63.00000000 63 OK
2035 0 0 0 -64.00000000 -64 OK
2036 1 1 1 63.00000000 63 OK
2037 0 0 0 -64.00000000 -64 OK
2038 0 0 0 -64.00000000 -64 OK
2039 0 0 0 -64.00000000 -64 OK
2040 1 1 1 63.00000000 63 OK
2041 1 1 1 63.00000000 63 OK
2042 1 1 1 63.00000000 63 OK
2043 1 1 1 63.00000000 63 OK
2044 1 1 1 63.00000000 63 OK
2045 0 0 0 -64.00000000 -64 OK
2046 0 0 0 -64.00000000 -64 OK
2047 1 1 1 63.00000000 63 OK
2048 1 1 1 63.00000000 63 OK
2049 1 1 1 63.00000000 63 OK
2050 0 0 0 -64.00000000 -64 OK
2051 0 0 0 -64.00000000 -64 OK
2052 1 1 1 63.00000000 63 OK
2053 0 0 0 -64.00000000 -64 OK
2054 0 0 0 -64.00000000 -64 OK
2055 1 1 1 63.00000000 63 OK
2056 1 1 1 63.00000000 63 OK
2057 0 0 0 -64.00000000 -64 OK
2058 0 0 0 -64.00000000 -64 OK
2059 1 1 1 63.00000000 63 OK
2060 0 0 0 -64.00000000 -64 OK
2061 1 1 1 63.00000000 63 OK
2062 0 0 0 -64.00000000 -64 OK
2063 1 1 1 63.00000000 63 OK
2064 0 0 0 -64.00000000 -64 OK
2065 1 1 1 63.00000000 63 OK
2066 0 0 0 -64.00000000 -64 OK
2067 1 1 1 63.00000000 63 OK
2068 0 0 0 -64.00000000 -64 OK
2069 0 0 0 -64.00000000 -64 OK
2070 0 0 0 -64.00000000 -64 OK
2071 0 0 0 -64.00000000 -64 OK
2072 1 1 1 63.00000000 63 OK
2073 1 1 1 63.00000000 63 OK
2074 0 0 0 -64.00000000 -64 OK
2075 0 0 0 -64.00000000 -64 OK
2076 0 0 0 -64.00000000 -64 OK
2077 0 0 0 -64.00000000 -64 OK
2078 0 0 0 -64.00000000 -64 OK
2079 1 1 1 63.00000000 63 OK
2080 1 1 1 63.00000000 63 OK
2081 1 1 1 63.00000000 63 OK
2082 1 1 1 63.00000000 63 OK
2083 1 1 1 63.00000000 63 OK
2084 1 1 1 63.00000000 63 OK
2085 1 1 1 63.00000000 63 OK
2086 0 0 0 -64.00000000 -64 OK
2087 0 0 0 -64.00000000 -64 OK
2088 0 0 0 -64.00000000 -64 OK
2089 1 1 1 63.00000000 63 OK
2090 1 1 1 63.00000000 63 OK
2091 0 0 0 -64.00000000 -64 OK
2092 1 1 1 63.00000000 63 OK
2093 0 0 0 -64.00000000 -64 OK
2094 1 1 1 63.00000000 63 OK
2095 0 0 0 -64.00000000 -64 OK
2096 0 0 0 -64.00000000 -64 OK
2097 0 0 0 -64.00000000 -64 OK
2098 1 1 1 63.00000000 63 OK
2099 1 1 1 63.00000000 63 OK
2100 1 1 1 63.00000000 63 OK
2101 1 1 1 63.00000000 63 OK
2102 1 1 1 63.00000000 63 OK
2103 1 1 1 63.00000000 63 OK
2104 1 1 1 63.00000000 63 OK
2105 0 0 0 -64.00000000 -64 OK
2106 0 0 0 -64.00000000 -64 OK
2107 1 1 1 63.00000000 63 OK
2108 0 0 0 -64.00000000 -64 OK
2109 1 1 1 63.00000000 63 OK
2110 0 0 0 -64.00000000 -64 OK
2111 1 1 1 63.00000000 63 OK
2112 0 0 0 -64.00000000 -64 OK
2113 0 0 0 -64.00000000 -64 OK
2114 0 0 0 -64.00000000 -64 OK
2115 1 1 1 63.00000000 63 OK
2116 1 1 1 63.00000000 63 OK
2117 0 0 0 -64.00000000 -64 OK
2118 0 0 0 -64.00000000 -64 OK
2119 1 1 1 63.00000000 63 OK
2120 1 1 1 63.00000000 63 OK
2121 0 0 0 -64.00000000 -64 OK
2122 0 0 0 -64.00000000 -64 OK
2123 0 0 0 -64.00000000 -64 OK
2124 1 1 1 63.00000000 63 OK
2125 1 1 1 63.00000000 63 OK
2126 0 0 0 -64.00000000 -64 OK
2127 0 0 0 -64.00000000 -64 OK
2128 0 0 0 -64.00000000 -64 OK
2129 0 0 0 -64.00000000 -64 OK
2130 1 1 1 63.00000000 63 OK
2131 0 0 0 -64.00000000 -64 OK
2132 1 1 1 63.00000000 63 OK
2133 1 1 1 63.00000000 63 OK
2134 0 0 0 -64.00000000 -64 OK
2135 1 1 1 63.00000000 63 OK
2136 0 0 0 -64.00000000 -64 OK
2137 0 0 0 -64.00000000 -64 OK
2138 1 1 1 63.00000000 63 OK
2139 1 1 1 63.00000000 63 OK
2140 1 1 1 63.00000000 63 OK
2141 1 1 1 63.00000000 63 OK
2142 1 1 1 63.00000000 63 OK
2143 0 0 0 -64.00000000 -64 OK
2144 1 1 1 63.00000000 63 OK
2145 1 1 1 63.00000000 63 OK
2146 0 0 0 -64.00000000 -64 OK
2147 1 1 1 63.00000000 63 OK
2148 1 1 1 63.00000000 63 OK
2149 1 1 1 63.00000000 63 OK
2150 1 1 1 63.00000000 63 OK
2151 1 1 1 63.00000000 63 OK
2152 1 1 1 63.00000000 63 OK
2153 0 0 0 -64.00000000 -64 OK
2154 1 1 1 63.00000000 63 OK
2155 0 0 0 -64.00000000 -64 OK
2156 1 1 1 63.00000000 63 OK
2157 1 1 1 63.00000000 63 OK
2158 1 1 1 63.00000000 63 OK
2159 1 1 1 63.00000000 63 OK
2160 0 0 0 -64.00000000 -64 OK
2161 1 1 1 63.00000000 63 OK
2162 1 1 1 63.00000000 63 OK
2163 1 1 1 63.00000000 63 OK
2164 0 0 0 -64.00000000 -64 OK
2165 1 1 1 63.00000000 63 OK
2166 0 0 0 -64.00000000 -64 OK
2167 0 0 0 -64.00000000 -64 OK
2168 0 0 0 -64.00000000 -64 OK
2169 1 1 1 63.00000000 63 OK
2170 1 1 1 63.00000000 63 OK
2171 1 1 1 63.00000000 63 OK
2172 1 1 1 63.00000000 63 OK
2173 0 0 0 -64.00000000 -64 OK
2174 1 1 1 63.00000000 63 OK
2175 1 1 1 63.00000000 63 OK
2176 1 1 1 63.00000000 63 OK
2177 1 1 1 63.00000000 63 OK
2178 0 0 0 -64.00000000 -64 OK
2179 1 1 1 63.00000000 63 OK
2180 1 1 1 63.00000000 63 OK
2181 1 1 1 63.00000000 63 OK
2182 0 0 0 -64.00000000 -64 OK
2183 0 0 0 -64.00000000 -64 OK
2184 1 1 1 63.00000000 63 OK
2185 1 1 1 63.00000000 63 OK
2186 0 0 0 -64.00000000 -64 OK
2187 0 0 0 -64.00000000 -64 OK
2188 1 1 1 63.00000000 63 OK
2189 1 1 1 63.00000000 63 OK
2190 0 0 0 -64.00000000 -64 OK
2191 0 0 0 -64.00000000 -64 OK
2192 1 1 1 63.00000000 63 OK
2193 1 1 1 63.00000000 63 OK
2194 0 0 0 -64.00000000 -64 OK
2195 1 1 1 63.00000000 63 OK
2196 1 1 1 63.00000000 63 OK
2197 1 1 1 63.00000000 63 OK
2198 1 1 1 63.00000000 63 OK
2199 1 1 1 63.00000000 63 OK
2200 1 1 1 63.00000000 63 OK
2201 1 1 1 63.00000000 63 OK
2202 1 1 1 63.00000000 63 OK
2203 0 0 0 -64.00000000 -64 OK
2204 0 0 0 -64.00000000 -64 OK
2205 1 1 1 63.00000000 63 OK
2206 0 0 0 -64.00000000 -64 OK
2207 0 0 0 -64.00000000 -64 OK
2208 0 0 0 -64.00000000 -64 OK
2209 1 1 1 63.00000000 63 OK
2210 0 0 0 -64.00000000 -64 OK
2211 1 1 1 63.00000000 63 OK
2212 0 0 0 -64.00000000 -64 OK
2213 0 0 0 -64.00000000 -64 OK
2214 1 1 1 63.00000000 63 OK
2215 1 1 1 63.00000000 63 OK
2216 0 0 0 -64.00000000 -64 OK
2217 1 1 1 63.00000000 63 OK
2218 0 0 0 -64.00000000 -64 OK
2219 1 1 1 63.00000000 63 OK
2220 0 0 0 -64.00000000 -64 OK
2221 0 0 0 -64.00000000 -64 OK
2222 1 1 1 63.00000000 63 OK
2223 1 1 1 63.00000000 63 OK
2224 1 1 1 63.00000000 63 OK
2225 0 0 0 -64.00000000 -64 OK
2226 1 1 1 63.00000000 63 OK
2227 0 0 0 -64.00000000 -64 OK
2228 0 0 0 -64.00000000 -64 OK
2229 0 0 0 -64.00000000 -64 OK
2230 0 0 0 -64.00000000 -64 OK
2231 0 0 0 -64.00000000 -64 OK
2232 0 0 0 -64.00000000 -64 OK
2233 1 1 1 63.00000000 63 OK
2234 1 1 1 63.00000000 63 OK
2235 0 0 0 -64.00000000 -64 OK
2236 0 0 0 -64.00000000 -64 OK
2237 0 0 0 -64.00000000 -64 OK
2238 0 0 0 -64.00000000 -64 OK
2239 1 1 1 63.00000000 63 OK
2240 1 1 1 63.00000000 63 OK
2241 1 1 1 63.00000000 63 OK
2242 0 0 0 -64.00000000 -64 OK
2243 0 0 0 -64.00000000 -64 OK
2244 1 1 1 63.00000000 63 OK
2245 1 1 1 63.00000000 63 OK
2246 0 0 0 -64.00000000 -64 OK
2247 1 1 1 63.00000000 63 OK
2248 0 0 0 -64.00000000 -64 OK
2249 0 0 0 -64.00000000 -64 OK
2250 0 0 0 -64.00000000 -64 OK
2251 0 0 0 -64.00000000 -64 OK
2252 1 1 1 63.00000000 63 OK
2253 1 1 1 63.00000000 63 OK
2254 1 1 1 63.00000000 63 OK
2255 1 1 1 63.00000000 63 OK
2256 1 1 1 63.00000000 63 OK
2257 1 1 1 63.00000000 63 OK
2258 0 0 0 -64.00000000 -64 OK
2259 0 0 0 -64.00000000 -64 OK
2260 0 0 0 -64.00000000 -64 OK
2261 1 1 1 63.00000000 63 OK
2262 0 0 0 -64.00000000 -64 OK
2263 0 0 0 -64.00000000 -64 OK
2264 1 1 1 63.00000000 63 OK
2265 0 0 0 -64.00000000 -64 OK
2266 0 0 0 -64.00000000 -64 OK
2267 1 1 1 63.00000000 63 OK
2268 0 0 0 -64.00000000 -64 OK
2269 0 0 0 -64.00000000 -64 OK
2270 1 1 1 63.00000000 63 OK
2271 1 1 1 63.00000000 63 OK
2272 1 1 1 63.00000000 63 OK
2273 1 1 1 63.00000000 63 OK
2274 1 1 1 63.00000000 63 OK
2275 1 1 1 63.00000000 63 OK
2276 0 0 0 -64.00000000 -64 OK
2277 1 1 1 63.00000000 63 OK
2278 1 1 1 63.00000000 63 OK
2279 1 1 1 63.00000000 63 OK
2280 1 1 1 63.00000000 63 OK
2281 1 1 1 63.00000000 63 OK
2282 1 1 1 63.00000000 63 OK
2283 0 0 0 -64.00000000 -64 OK
2284 1 1 1 63.00000000 63 OK
2285 1 1 1 63.00000000 63 OK
2286 1 1 1 63.00000000 63 OK
2287 1 1 1 63.00000000 63 OK
2288 0 0 0 -64.00000000 -64 OK
2289 1 1 1 63.00000000 63 OK
2290 1 1 1 63.00000000 63 OK
2291 0 0 0 -64.00000000 -64 OK
2292 1 1 1 63.00000000 63 OK
2293 0 0 0 -64.00000000 -64 OK
2294 1 1 1 63.00000000 63 OK
2295 0 0 0 -64.00000000 -64 OK
2296 0 0 0 -64.00000000 -64 OK
2297 0 0 0 -64.00000000 -64 OK
2298 0 0 0 -64.00000000 -64 OK
2299 1 1 1 63.00000000 63 OK
2300 0 0 0 -64.00000000 -64 OK
2301 1 1 1 63.00000000 63 OK
2302 1 1 1 63.00000000 63 OK
2303 0 0 0 -64.00000000 -64 OK
2304 1 1 1 63.00000000 63 OK
2305 1 1 1 63.00000000 63 OK
2306 0 0 0 -64.00000000 -64 OK
2307 1 1 1 63.00000000 63 OK
2308 0 0 0 -64.00000000 -64 OK
2309 0 0 0 -64.00000000 -64 OK
2310 1 1 1 63.00000000 63 OK
2311 1 1 1 63.00000000 63 OK
2312 0 0 0 -64.00000000 -64 OK
2313 0 0 0 -64.00000000 -64 OK
2314 1 1 1 63.00000000 63 OK
2315 0 0 0 -64.00000000 -64 OK
2316 0 0 0 -64.00000000 -64 OK
2317 1 1 1 63.00000000 63 OK
2318 1 1 1 63.00000000 63 OK
2319 1 1 1 63.00000000 63 OK
2320 1 1 1 63.00000000 63 OK
2321 0 0 0 -64.00000000 -64 OK
2322 1 1 1 63.00000000 63 OK
2323 0 0 0 -64.00000000 -64 OK
2324 1 1 1 63.00000000 63 OK
2325 1 1 1 63.00000000 63 OK
2326 0 0 0 -64.00000000 -64 OK
2327 1 1 1 63.00000000 63 OK
2328 0 0 0 -64.00000000 -64 OK
2329 1 1 1 63.00000000 63 OK
2330 0 0 0 -64.00000000 -64 OK
2331 1 1 1 63.00000000 63 OK
2332 0 0 0 -64.00000000 -64 OK
2333 1 1 1 63.00000000 63 OK
2334 1 1 1 63.00000000 63 OK
2335 1 1 1 63.00000000 63 OK
2336 0 0 0 -64.00000000 -64 OK
2337 1 1 1 63.00000000 63 OK
2338 1 1 1 63.00000000 63 OK
2339 1 1 1 63.00000000 63 OK
2340 1 1 1 63.00000000 63 OK
2341 0 0 0 -64.00000000 -64 OK
2342 0 0 0 -64.00000000 -64 OK
2343 1 1 1 63.00000000 63 OK
2344 0 0 0 -64.00000000 -64 OK
2345 0 0 0 -64.00000000 -64 OK
2346 1 1 1 63.00000000 63 OK
2347 0 0 0 -64.00000000 -64 OK
2348 1 1 1 63.00000000 63 OK
2349 0 0 0 -64.00000000 -64 OK
2350 0 0 0 -64.00000000 -64 OK
2351 0 0 0 -64.00000000 -64 OK
2352 1 1 1 63.00000000 63 OK
2353 0 0 0 -64.00000000 -64 OK
2354 1 1 1 63.00000000 63 OK
2355 1 1 1 63.00000000 63 OK
2356 0 0 0 -64.00000000 -64 OK
2357 1 1 1 63.00000000 63 OK
2358 0 0 0 -64.00000000 -64 OK
2359 0 0 0 -64.00000000 -64 OK
2360 0 0 0 -64.00000000 -64 OK
2361 1 1 1 63.00000000 63 OK
2362 0 0 0 -64.00000000 -64 OK
2363 1 1 1 63.00000000 63 OK
2364 1 1 1 63.00000000 63 OK
2365 1 1 1 63.00000000 63 OK
2366 0 0 0 -64.00000000 -64 OK
2367 0 0 0 -64.00000000 -64 OK
2368 0 0 0 -64.00000000 -64 OK
2369 0 0 0 -64.00000000 -64 OK
2370 0 0 0 -64.00000000 -64 OK
2371 0 0 0 -64.00000000 -64 OK
2372 1 1 1 63.00000000 63 OK
2373 0 0 0 -64.00000000 -64 OK
2374 1 1 1 63.00000000 63 OK
2375 1 1 1 63.00000000 63 OK
2376 0 0 0 -64.00000000 -64 OK
2377 1 1 1 63.00000000 63 OK
2378 0 0 0 -64.00000000 -64 OK
2379 0 0 0 -64.00000000 -64 OK
2380 0 0 0 -64.00000000 -64 OK
2381 0 0 0 -64.00000000 -64 OK
2382 1 1 1 63.00000000 63 OK
2383 0 0 0 -64.00000000 -64 OK
2384 1 1 1 63.00000000 63 OK
2385 0 0 0 -64.00000000 -64 OK
2386 0 0 0 -64.00000000 -64 OK
2387 0 0 0 -64.00000000 -64 OK
2388 0 0 0 -64.00000000 -64 OK
2389 0 0 0 -64.00000000 -64 OK
2390 0 0 0 -64.00000000 -64 OK
2391 0 0 0 -64.00000000 -64 OK
2392 1 1 1 63.00000000 63 OK
2393 0 0 0 -64.00000000 -64 OK
2394 1 1 1 63.00000000 63 OK
2395 1 1 1 63.00000000 63 OK
2396 1 1 1 52.00000000 63 OK
2397 0 0 0 -64.00000000 -64 OK
2398 0 0 0 -35.00000000 -64 OK
2399 1 1 1 45.00000000 63 OK
2400 0 0 0 -39.00000000 -64 OK
2401 0 0 0 -54.00000000 -64 OK
2402 0 0 0 -64.00000000 -64 OK
2403 1 1 1 56.00000000 63 OK
2404 1 1 1 38.00000000 63 OK
2405 0 0 0 -49.00000000 -64 OK
2406 0 0 0 -60.00000000 -64 OK
2407 1 1 1 63.00000000 63 OK
2408 0 0 0 -64.00000000 -64 OK
2409 0 0 0 -64.00000000 -64 OK
2410 0 0 0 -64.00000000 -64 OK
2411 0 0 0 -64.00000000 -64 OK
2412 0 0 0 -64.00000000 -64 OK
2413 0 0 0 -64.00000000 -64 OK
2414 1 1 1 63.00000000 63 OK
2415 1 1 1 63.00000000 63 OK
2416 0 0 0 -64.00000000 -64 OK
2417 1 1 1 63.00000000 63 OK
2418 1 1 1 63.00000000 63 OK
2419 0 0 0 -64.00000000 -64 OK
2420 0 0 0 -64.00000000 -64 OK
2421 0 0 0 -64.00000000 -64 OK
2422 1 1 1 63.00000000 63 OK
2423 1 1 1 63.00000000 63 OK
2424 0 0 0 -64.00000000 -64 OK
2425 0 0 0 -64.00000000 -64 OK
2426 1 1 1 63.00000000 63 OK
2427 1 1 1 63.00000000 63 OK
2428 1 1 1 63.00000000 63 OK
2429 1 1 1 63.00000000 63 OK
2430 1 1 1 63.00000000 63 OK
2431 0 0 0 -64.00000000 -64 OK
2432 1 1 1 63.00000000 63 OK
2433 0 0 0 -64.00000000 -64 OK
2434 1 1 1 63.00000000 63 OK
2435 0 0 0 -64.00000000 -64 OK
2436 0 0 0 -64.00000000 -64 OK
2437 1 1 1 63.00000000 63 OK
2438 0 0 0 -64.00000000 -64 OK
2439 0 0 0 -64.00000000 -64 OK
2440 1 1 1 63.00000000 63 OK
2441 0 0 0 -64.00000000 -64 OK
2442 1 1 1 63.00000000 63 OK
2443 1 1 1 63.00000000 63 OK
2444 0 0 0 -64.00000000 -64 OK
2445 0 0 0 -64.00000000 -64 OK
2446 0 0 0 -64.00000000 -64 OK
2447 1 1 1 63.00000000 63 OK
2448 0 0 0 -64.00000000 -64 OK
2449 1 1 1 63.00000000 63 OK
2450 0 0 0 -64.00000000 -64 OK
2451 1 1 1 63.00000000 63 OK
2452 1 1 1 63.00000000 63 OK
2453 0 0 0 -64.00000000 -64 OK
2454 0 0 0 -64.00000000 -64 OK
2455 1 1 1 63.00000000 63 OK
2456 1 1 1 63.00000000 63 OK
2457 1 1 1 63.00000000 63 OK
2458 0 0 0 -64.00000000 -64 OK
2459 1 1 1 63.00000000 63 OK
2460 0 0 0 -64.00000000 -64 OK
2461 1 1 1 63.00000000 63 OK
2462 1 1 1 63.00000000 63 OK
2463 1 1 1 63.00000000 63 OK
2464 0 0 0 -64.00000000 -64 OK
2465 0 0 0 -64.00000000 -64 OK
2466 0 0 0 -64.00000000 -64 OK
2467 0 0 0 -64.00000000 -64 OK
2468 0 0 0 -64.00000000 -64 OK
2469 1 1 1 63.00000000 63 OK
2470 0 0 0 -64.00000000 -64 OK
2471 0 0 0 -64.00000000 -64 OK
2472 0 0 0 -64.00000000 -64 OK
2473 1 1 1 63.00000000 63 OK
2474 1 1 1 63.00000000 63 OK
2475 1 1 1 63.00000000 63 OK
2476 0 0 0 -64.00000000 -64 OK
2477 1 1 1 63.00000000 63 OK
2478 0 0 0 -64.00000000 -64 OK
2479 0 0 0 -64.00000000 -64 OK
2480 0 0 0 -64.00000000 -64 OK
2481 0 0 0 -64.00000000 -64 OK
2482 1 1 1 63.00000000 63 OK
2483 1 1 1 63.00000000 63 OK
2484 0 0 0 -64.00000000 -64 OK
2485 1 1 1 63.00000000 63 OK
2486 0 0 0 -64.00000000 -64 OK
2487 0 0 0 -64.00000000 -64 OK
2488 0 0 0 -64.00000000 -64 OK
2489 1 1 1 63.00000000 63 OK
2490 1 1 1 63.00000000 63 OK
2491 1 1 1 63.00000000 63 OK
2492 1 1 1 63.00000000 63 OK
2493 0 0 0 -64.00000000 -64 OK
2494 0 0 0 -64.00000000 -64 OK
2495 0 0 0 -64.00000000 -64 OK
2496 0 0 0 -64.00000000 -64 OK
2497 1 1 1 63.00000000 63 OK
2498 1 1 1 63.00000000 63 OK
2499 0 0 0 -64.00000000 -64 OK
2500 0 0 0 -64.00000000 -64 OK
2501 0 0 0 -64.00000000 -64 OK
2502 1 1 1 63.00000000 63 OK
2503 0 0 0 -64.00000000 -64 OK
2504 0 0 0 -64.00000000 -64 OK
2505 0 0 0 -64.00000000 -64 OK
2506 0 0 0 -64.00000000 -64 OK
2507 0 0 0 -64.00000000 -64 OK
2508 1 1 1 63.00000000 63 OK
2509 0 0 0 -64.00000000 -64 OK
2510 0 0 0 -64.00000000 -64 OK
2511 0 0 0 -64.00000000 -64 OK
2512 0 0 0 -64.00000000 -64 OK
2513 0 0 0 -64.00000000 -64 OK
2514 0 0 0 -64.00000000 -64 OK
2515 0 0 0 -64.00000000 -64 OK
2516 0 0 0 -64.00000000 -64 OK
2517 0 0 0 -64.00000000 -64 OK
2518 0 0 0 -64.00000000 -64 OK
2519 0 0 0 -64.00000000 -64 OK
2520 1 1 1 63.00000000 63 OK
2521 0 0 0 -64.00000000 -64 OK
2522 1 1 1 63.00000000 63 OK
2523 1 1 1 63.00000000 63 OK
2524 0 0 0 -64.00000000 -64 OK
2525 1 1 1 63.00000000 63 OK
2526 1 1 1 63.00000000 63 OK
2527 0 0 0 -64.00000000 -64 OK
2528 1 1 1 63.00000000 63 OK
2529 0 0 0 -64.00000000 -64 OK
2530 0 0 0 -64.00000000 -64 OK
2531 1 1 1 63.00000000 63 OK
2532 1 1 1 63.00000000 63 OK
2533 0 0 0 -64.00000000 -64 OK
2534 1 1 1 59.00000000 59 OK
2535 0 0 0 -64.00000000 -64 OK
2536 0 0 0 -64.00000000 -64 OK
2537 0 0 0 -64.00000000 -64 OK
2538 0 0 0 -64.00000000 -64 OK
2539 1 1 1 63.00000000 63 OK
2540 0 0 0 -64.00000000 -64 OK
2541 0 0 0 -59.00000000 -59 OK
2542 0 0 0 -64.00000000 -64 OK
2543 0 0 0 -64.00000000 -64 OK
2544 1 1 1 63.00000000 63 OK
2545 1 1 1 63.00000000 63 OK
2546 1 1 1 63.00000000 63 OK
2547 1 1 1 63.00000000 63 OK
2548 1 1 1 63.00000000 63 OK
2549 1 1 1 63.00000000 63 OK
2550 0 0 0 -64.00000000 -64 OK
2551 0 0 0 -64.00000000 -64 OK
2552 0 0 0 -64.00000000 -64 OK
2553 1 1 1 63.00000000 63 OK
2554 1 1 1 63.00000000 63 OK
2555 0 0 0 -64.00000000 -64 OK
2556 1 1 1 63.00000000 63 OK
2557 1 1 1 63.00000000 63 OK
2558 0 0 0 -64.00000000 -64 OK
2559 0 0 0 -64.00000000 -64 OK
2560 0 0 0 -64.00000000 -64 OK
2561 0 0 0 -64.00000000 -64 OK
2562 0 0 0 -64.00000000 -64 OK
2563 1 1 1 63.00000000 63 OK
2564 1 1 1 63.00000000 63 OK
2565 1 1 1 63.00000000 63 OK
2566 0 0 0 -64.00000000 -64 OK
2567 0 0 0 -64.00000000 -64 OK
2568 0 0 0 -64.00000000 -64 OK
2569 1 1 1 63.00000000 63 OK
2570 0 0 0 -64.00000000 -64 OK
2571 1 1 1 63.00000000 63 OK
2572 0 0 0 -64.00000000 -64 OK
2573 1 1 1 63.00000000 63 OK
2574 0 0 0 -64.00000000 -64 OK
2575 0 0 0 -64.00000000 -64 OK
2576 0 0 0 -64.00000000 -64 OK
2577 0 0 0 -64.00000000 -64 OK
2578 0 0 0 -64.00000000 -64 OK
2579 1 1 1 63.00000000 63 OK
2580 1 1 1 63.00000000 63 OK
2581 0 0 0 -64.00000000 -64 OK
2582 1 1 1 63.00000000 63 OK
2583 0 0 0 -64.00000000 -64 OK
2584 0 0 0 -64.00000000 -64 OK
2585 1 1 1 63.00000000 63 OK
2586 1 1 1 63.00000000 63 OK
2587 1 1 1 63.00000000 63 OK
2588 0 0 0 -64.00000000 -64 OK
2589 0 0 0 -64.00000000 -64 OK
2590 0 0 0 -64.00000000 -64 OK
2591 1 1 1 63.00000000 63 OK
2592 0 0 0 -64.00000000 -64 OK
2593 1 1 1 63.00000000 63 OK
2594 0 0 0 -64.00000000 -64 OK
2595 0 0 0 -64.00000000 -64 OK
2596 0 0 0 -64.00000000 -64 OK
2597 0 0 0 -64.00000000 -64 OK
2598 1 1 1 63.00000000 63 OK
2599 0 0 0 -64.00000000 -64 OK
2600 1 1 1 63.00000000 63 OK
2601 0 0 0 -64.00000000 -64 OK
2602 1 1 1 63.00000000 63 OK
2603 0 0 0 -64.00000000 -64 OK
2604 0 0 0 -64.00000000 -64 OK
2605 0 0 0 -64.00000000 -64 OK
2606 0 0 0 -64.00000000 -64 OK
2607 1 1 1 63.00000000 63 OK
2608 0 0 0 -64.00000000 -64 OK
2609 0 0 0 -64.00000000 -64 OK
2610 0 0 0 -64.00000000 -64 OK
2611 0 0 0 -64.00000000 -64 OK
2612 1 1 1 63.00000000 63 OK
2613 0 0 0 -64.00000000 -64 OK
2614 1 1 1 63.00000000 63 OK
2615 0 0 0 -64.00000000 -64 OK
2616 1 1 1 63.00000000 63 OK
2617 1 1 1 63.00000000 63 OK
2618 0 0 0 -64.00000000 -64 OK
2619 1 1 1 63.00000000 63 OK
2620 1 1 1 63.00000000 63 OK
2621 1 1 1 63.00000000 63 OK
2622 1 1 1 63.00000000 63 OK
2623 0 0 0 -64.00000000 -64 OK
2624 0 0 0 -64.00000000 -64 OK
2625 1 1 1 63.00000000 63 OK
2626 1 1 1 63.00000000 63 OK
2627 0 0 0 -64.00000000 -64 OK
2628 0 0 0 -64.00000000 -64 OK
2629 0 0 0 -64.00000000 -64 OK
2630 0 0 0 -64.00000000 -64 OK
2631 0 0 0 -64.00000000 -64 OK
2632 0 0 0 -64.00000000 -64 OK
2633 1 1 1 63.00000000 63 OK
2634 1 1 1 63.00000000 63 OK
2635 1 1 1 63.00000000 63 OK
2636 0 0 0 -64.00000000 -64 OK
2637 1 1 1 63.00000000 63 OK
2638 0 0 0 -64.00000000 -64 OK
2639 0 0 0 -64.00000000 -64 OK
2640 1 1 1 63.00000000 63 OK
2641 1 1 1 63.00000000 63 OK
2642 1 1 1 63.00000000 63 OK
2643 1 1 1 63.00000000 63 OK
2644 1 1 1 63.00000000 63 OK
2645 1 1 1 63.00000000 63 OK
2646 1 1 1 63.00000000 63 OK
2647 0 0 0 -64.00000000 -64 OK
2648 1 1 1 63.00000000 63 OK
2649 1 1 1 63.00000000 63 OK
2650 1 1 1 63.00000000 63 OK
2651 0 0 0 -64.00000000 -64 OK
2652 0 0 0 -64.00000000 -64 OK
2653 1 1 1 63.00000000 63 OK
2654 0 0 0 -64.00000000 -64 OK
2655 0 0 0 -64.00000000 -64 OK
2656 1 1 1 63.00000000 63 OK
2657 0 0 0 -64.00000000 -64 OK
2658 0 0 0 -64.00000000 -64 OK
2659 1 1 1 63.00000000 63 OK
2660 0 0 0 -64.00000000 -64 OK
2661 1 1 1 63.00000000 63 OK
2662 0 0 0 -64.00000000 -64 OK
2663 1 1 1 63.00000000 63 OK
2664 1 1 1 63.00000000 63 OK
2665 1 1 1 63.00000000 63 OK
2666 0 0 0 -64.00000000 -64 OK
2667 0 0 0 -64.00000000 -64 OK
2668 0 0 0 -64.00000000 -64 OK
2669 0 0 0 -64.00000000 -64 OK
2670 1 1 1 63.00000000 63 OK
2671 1 1 1 63.00000000 63 OK
2672 1 1 1 63.00000000 63 OK
2673 0 0 0 -64.00000000 -64 OK
2674 0 0 0 -64.00000000 -64 OK
2675 1 1 1 63.00000000 63 OK
2676 0 0 0 -64.00000000 -64 OK
2677 1 1 1 63.00000000 63 OK
2678 0 0 0 -64.00000000 -64 OK
2679 0 0 0 -64.00000000 -64 OK
2680 1 1 1 63.00000000 63 OK
2681 0 0 0 -64.00000000 -64 OK
2682 0 0 0 -64.00000000 -64 OK
2683 1 1 1 63.00000000 63 OK
2684 1 1 1 63.00000000 63 OK
2685 0 0 0 -64.00000000 -64 OK
2686 0 0 0 -64.00000000 -64 OK
2687 0 0 0 -64.00000000 -64 OK
2688 0 0 0 -64.00000000 -64 OK
2689 1 1 1 63.00000000 63 OK
2690 1 1 1 63.00000000 63 OK
2691 0 0 0 -64.00000000 -64 OK
2692 0 0 0 -64.00000000 -64 OK
2693 1 1 1 63.00000000 63 OK
2694 1 1 1 63.00000000 63 OK
2695 1 1 1 63.00000000 63 OK
2696 1 1 1 63.00000000 63 OK
2697 1 1 1 63.00000000 63 OK
2698 1 1 1 63.00000000 63 OK
2699 1 1 1 63.00000000 63 OK
2700 1 1 1 63.00000000 63 OK
2701 1 1 1 63.00000000 63 OK
2702 0 0 0 -64.00000000 -64 OK
2703 0 0 0 -64.00000000 -64 OK
2704 0 0 0 -64.00000000 -64 OK
2705 0 0 0 -64.00000000 -64 OK
2706 0 0 0 -64.00000000 -64 OK
2707 1 1 1 63.00000000 63 OK
2708 1 1 1 63.00000000 63 OK
2709 1 1 1 63.00000000 63 OK
2710 1 1 1 63.00000000 63 OK
2711 1 1 1 63.00000000 63 OK
2712 1 1 1 63.00000000 63 OK
2713 1 1 1 63.00000000 63 OK
2714 0 0 0 -64.00000000 -64 OK
2715 1 1 1 63.00000000 63 OK
2716 0 0 0 -64.00000000 -64 OK
2717 1 1 1 63.00000000 63 OK
2718 1 1 1 63.00000000 63 OK
2719 1 1 1 63.00000000 63 OK
2720 0 0 0 -64.00000000 -64 OK
2721 0 0 0 -64.00000000 -64 OK
2722 1 1 1 63.00000000 63 OK
2723 0 0 0 -64.00000000 -64 OK
2724 0 0 0 -64.00000000 -64 OK
2725 0 0 0 -64.00000000 -64 OK
2726 1 1 1 63.00000000 63 OK
2727 1 1 1 63.00000000 63 OK
2728 0 0 0 -64.00000000 -64 OK
2729 0 0 0 -64.00000000 -64 OK
2730 1 1 1 63.00000000 63 OK
2731 1 1 1 63.00000000 63 OK
2732 0 0 0 -64.00000000 -64 OK
2733 0 0 0 -64.00000000 -64 OK
2734 1 1 1 63.00000000 63 OK
2735 1 1 1 63.00000000 63 OK
2736 0 0 0 -64.00000000 -64 OK
2737 0 0 0 -64.00000000 -64 OK
2738 1 1 1 63.00000000 63 OK
2739 0 0 0 -64.00000000 -64 OK
2740 1 1 1 63.00000000 63 OK
2741 0 0 0 -64.00000000 -64 OK
2742 0 0 0 -64.00000000 -64 OK
2743 1 1 1 63.00000000 63 OK
2744 1 1 1 63.00000000 63 OK
2745 0 0 0 -64.00000000 -64 OK
2746 0 0 0 -64.00000000 -64 OK
2747 0 0 0 -64.00000000 -64 OK
2748 0 0 0 -64.00000000 -64 OK
2749 1 1 1 63.00000000 63 OK
2750 1 1 1 63.00000000 63 OK
2751 1 1 1 63.00000000 63 OK
2752 0 0 0 -64.00000000 -64 OK
2753 0 0 0 -64.00000000 -64 OK
2754 1 1 1 63.00000000 63 OK
2755 0 0 0 -64.00000000 -64 OK
2756 0 0 0 -64.00000000 -64 OK
2757 0 0 0 -64.00000000 -64 OK
2758 0 0 0 -64.00000000 -64 OK
2759 1 1 1 63.00000000 63 OK
2760 0 0 0 -64.00000000 -64 OK
2761 1 1 1 63.00000000 63 OK
2762 1 1 1 63.00000000 63 OK
2763 0 0 0 -64.00000000 -64 OK
2764 0 0 0 -64.00000000 -64 OK
2765 0 0 0 -64.00000000 -64 OK
2766 0 0 0 -64.00000000 -64 OK
2767 1 1 1 63.00000000 63 OK
2768 0 0 0 -64.00000000 -64 OK
2769 1 1 1 63.00000000 63 OK
2770 0 0 0 -64.00000000 -64 OK
2771 1 1 1 63.00000000 63 OK
2772 0 0 0 -64.00000000 -64 OK
2773 1 1 1 63.00000000 63 OK
2774 1 1 1 63.00000000 63 OK
2775 0 0 0 -64.00000000 -64 OK
2776 0 0 0 -64.00000000 -64 OK
2777 1 1 1 63.00000000 63 OK
2778 1 1 1 63.00000000 63 OK
2779 1 1 1 63.00000000 63 OK
2780 0 0 0 -64.00000000 -64 OK
2781 0 0 0 -64.00000000 -64 OK
2782 0 0 0 -64.00000000 -64 OK
2783 0 0 0 -64.00000000 -64 OK
2784 0 0 0 -64.00000000 -64 OK
2785 1 1 1 63.00000000 63 OK
2786 1 1 1 63.00000000 63 OK
2787 0 0 0 -64.00000000 -64 OK
2788 1 1 1 63.00000000 63 OK
2789 1 1 1 63.00000000 63 OK
2790 0 0 0 -64.00000000 -64 OK
2791 1 1 1 63.00000000 63 OK
2792 1 1 1 63.00000000 63 OK
2793 1 1 1 63.00000000 63 OK
2794 0 0 0 -64.00000000 -64 OK
2795 1 1 1 62.00000000 63 OK
2796 0 0 0 -64.00000000 -64 OK
2797 0 0 0 -59.00000000 -64 OK
2798 1 1 1 51.00000000 63 OK
2799 0 0 0 -52.00000000 -64 OK
2800 0 0 0 -36.00000000 -64 OK
2801 0 0 0 -47.00000000 -64 OK
2802 0 0 0 -56.00000000 -64 OK
2803 1 1 1 61.00000000 63 OK
2804 1 1 1 50.00000000 63 OK
2805 0 0 0 -58.00000000 -64 OK
2806 0 0 0 -61.00000000 -64 OK
2807 0 0 0 -63.00000000 -64 OK
2808 1 1 1 63.00000000 63 OK
2809 0 0 0 -64.00000000 -64 OK
2810 0 0 0 -64.00000000 -64 OK
2811 1 1 1 63.00000000 63 OK
2812 0 0 0 -64.00000000 -64 OK
2813 1 1 1 63.00000000 63 OK
2814 1 1 1 63.00000000 63 OK
2815 0 0 0 -64.00000000 -64 OK
2816 1 1 1 63.00000000 63 OK
2817 0 0 0 -64.00000000 -64 OK
2818 0 0 0 -64.00000000 -64 OK
2819 1 1 1 63.00000000 63 OK
2820 0 0 0 -64.00000000 -64 OK
2821 1 1 1 63.00000000 63 OK
2822 0 0 0 -64.00000000 -64 OK
2823 1 1 1 63.00000000 63 OK
2824 0 0 0 -64.00000000 -64 OK
2825 0 0 0 -64.00000000 -64 OK
2826 0 0 0 -64.00000000 -64 OK
2827 1 1 1 63.00000000 63 OK
2828 1 1 1 63.00000000 63 OK
2829 1 1 1 63.00000000 63 OK
2830 1 1 1 63.00000000 63 OK
2831 1 1 1 63.00000000 63 OK
2832 1 1 1 63.00000000 63 OK
2833 1 1 1 63.00000000 63 OK
2834 1 1 1 63.00000000 63 OK
2835 1 1 1 63.00000000 63 OK
2836 1 1 1 63.00000000 63 OK
2837 1 1 1 63.00000000 63 OK
2838 1 1 1 63.00000000 63 OK
2839 1 1 1 63.00000000 63 OK
2840 0 0 0 -64.00000000 -64 OK
2841 0 0 0 -64.00000000 -64 OK
2842 0 0 0 -64.00000000 -64 OK
2843 0 0 0 -64.00000000 -64 OK
2844 0 0 0 -64.00000000 -64 OK
2845 1 1 1 63.00000000 63 OK
2846 0 0 0 -64.00000000 -64 OK
2847 1 1 1 63.00000000 63 OK
2848 0 0 0 -64.00000000 -64 OK
2849 1 1 1 63.00000000 63 OK
2850 1 1 1 63.00000000 63 OK
2851 0 0 0 -64.00000000 -64 OK
2852 1 1 1 63.00000000 63 OK
2853 0 0 0 -64.00000000 -64 OK
2854 1 1 1 63.00000000 63 OK
2855 0 0 0 -64.00000000 -64 OK
2856 1 1 1 63.00000000 63 OK
2857 1 1 1 63.00000000 63 OK
2858 0 0 0 -64.00000000 -64 OK
2859 1 1 1 63.00000000 63 OK
2860 0 0 0 -64.00000000 -64 OK
2861 1 1 1 63.00000000 63 OK
2862 0 0 0 -64.00000000 -64 OK
2863 1 1 1 63.00000000 63 OK
2864 1 1 1 63.00000000 63 OK
2865 0 0 0 -64.00000000 -64 OK
2866 1 1 1 63.00000000 63 OK
2867 1 1 1 63.00000000 63 OK
2868 1 1 1 63.00000000 63 OK
2869 1 1 1 63.00000000 63 OK
2870 1 1 1 63.00000000 63 OK
2871 1 1 1 63.00000000 63 OK
2872 0 0 0 -64.00000000 -64 OK
2873 0 0 0 -64.00000000 -64 OK
2874 1 1 1 63.00000000 63 OK
2875 1 1 1 63.00000000 63 OK
2876 1 1 1 63.00000000 63 OK
2877 0 0 0 -64.00000000 -64 OK
2878 1 1 1 63.00000000 63 OK
2879 0 0 0 -64.00000000 -64 OK
2880 1 1 1 63.00000000 63 OK
2881 1 1 1 63.00000000 63 OK
2882 1 1 1 63.00000000 63 OK
2883 0 0 0 -64.00000000 -64 OK
2884 1 1 1 63.00000000 63 OK
2885 0 0 0 -64.00000000 -64 OK
2886 1 1 1 63.00000000 63 OK
2887 1 1 1 63.00000000 63 OK
2888 1 1 1 63.00000000 63 OK
2889 0 0 0 -64.00000000 -64 OK
2890 1 1 1 63.00000000 63 OK
2891 0 0 0 -64.00000000 -64 OK
2892 0 0 0 -64.00000000 -64 OK
2893 1 1 1 63.00000000 63 OK
2894 1 1 1 63.00000000 63 OK
2895 1 1 1 63.00000000 63 OK
2896 0 0 0 -64.00000000 -64 OK
2897 1 1 1 63.00000000 63 OK
2898 1 1 1 63.00000000 63 OK
2899 1 1 1 63.00000000 63 OK
2900 1 1 1 63.00000000 63 OK
2901 1 1 1 63.00000000 63 OK
2902 0 0 0 -64.00000000 -64 OK
2903 0 0 0 -64.00000000 -64 OK
2904 1 1 1 63.00000000 63 OK
2905 1 1 1 63.00000000 63 OK
2906 0 0 0 -64.00000000 -64 OK
2907 0 0 0 -64.00000000 -64 OK
2908 0 0 0 -64.00000000 -64 OK
2909 1 1 1 63.00000000 63 OK
2910 0 0 0 -64.00000000 -64 OK
2911 0 0 0 -64.00000000 -64 OK
2912 0 0 0 -64.00000000 -64 OK
2913 1 1 1 63.00000000 63 OK
2914 1 1 1 63.00000000 63 OK
2915 1 1 1 63.00000000 63 OK
2916 0 0 0 -64.00000000 -64 OK
2917 0 0 0 -64.00000000 -64 OK
2918 1 1 1 63.00000000 63 OK
2919 1 1 1 63.00000000 63 OK
2920 0 0 0 -64.00000000 -64 OK
2921 1 1 1 63.00000000 63 OK
2922 0 0 0 -64.00000000 -64 OK
2923 1 1 1 63.00000000 63 OK
2924 1 1 1 63.00000000 63 OK
2925 0 0 0 -64.00000000 -64 OK
2926 0 0 0 -64.00000000 -64 OK
2927 1 1 1 63.00000000 63 OK
2928 0 0 0 -64.00000000 -64 OK
2929 1 1 1 63.00000000 63 OK
2930 1 1 1 63.00000000 63 OK
2931 0 0 0 -64.00000000 -64 OK
2932 1 1 1 63.00000000 63 OK
2933 0 0 0 -64.00000000 -64 OK
2934 0 0 0 -64.00000000 -64 OK
2935 1 1 1 63.00000000 63 OK
2936 0 0 0 -64.00000000 -64 OK
2937 1 1 1 63.00000000 63 OK
2938 0 0 0 -64.00000000 -64 OK
2939 1 1 1 63.00000000 63 OK
2940 1 1 1 63.00000000 63 OK
2941 1 1 1 63.00000000 63 OK
2942 0 0 0 -64.00000000 -64 OK
2943 1 1 1 63.00000000 63 OK
2944 1 1 1 63.00000000 63 OK
2945 0 0 0 -64.00000000 -64 OK
2946 0 0 0 -64.00000000 -64 OK
2947 0 0 0 -64.00000000 -64 OK
2948 1 1 1 63.00000000 63 OK
2949 1 1 1 63.00000000 63 OK
2950 1 1 1 63.00000000 63 OK
2951 1 1 1 63.00000000 63 OK
2952 0 0 0 -64.00000000 -64 OK
2953 0 0 0 -64.00000000 -64 OK
2954 1 1 1 63.00000000 63 OK
2955 1 1 1 63.00000000 63 OK
2956 1 1 1 63.00000000 63 OK
2957 0 0 0 -64.00000000 -64 OK
2958 0 0 0 -64.00000000 -64 OK
2959 1 1 1 63.00000000 63 OK
2960 0 0 0 -64.00000000 -64 OK
2961 0 0 0 -64.00000000 -64 OK
2962 1 1 1 63.00000000 63 OK
2963 0 0 0 -64.00000000 -64 OK
2964 0 0 0 -64.00000000 -64 OK
2965 1 1 1 63.00000000 63 OK
2966 1 1 1 63.00000000 63 OK
2967 0 0 0 -64.00000000 -64 OK
2968 0 0 0 -64.00000000 -64 OK
2969 1 1 1 63.00000000 63 OK
2970 1 1 1 63.00000000 63 OK
2971 0 0 0 -64.00000000 -64 OK
2972 1 1 1 63.00000000 63 OK
2973 1 1 1 63.00000000 63 OK
2974 0 0 0 -64.00000000 -64 OK
2975 0 0 0 -64.00000000 -64 OK
2976 0 0 0 -64.00000000 -64 OK
2977 1 1 1 63.00000000 63 OK
2978 1 1 1 63.00000000 63 OK
2979 0 0 0 -64.00000000 -64 OK
2980 0 0 0 -64.00000000 -64 OK
2981 0 0 0 -64.00000000 -64 OK
2982 0 0 0 -64.00000000 -64 OK
2983 0 0 0 -64.00000000 -64 OK
2984 1 1 1 63.00000000 63 OK
2985 1 1 1 63.00000000 63 OK
2986 0 0 0 -64.00000000 -64 OK
2987 1 1 1 63.00000000 63 OK
2988 0 0 0 -64.00000000 -64 OK
2989 1 1 1 63.00000000 63 OK
2990 0 0 0 -64.00000000 -64 OK
2991 0 0 0 -64.00000000 -64 OK
2992 1 1 1 63.00000000 63 OK
2993 0 0 0 -64.00000000 -64 OK
2994 1 1 1 63.00000000 63 OK
2995 0 0 0 -64.00000000 -64 OK
2996 0 0 0 -64.00000000 -64 OK
2997 0 0 0 -64.00000000 -64 OK
2998 1 1 1 63.00000000 63 OK
2999 1 1 1 63.00000000 63 OK
3000 1 1 1 63.00000000 63 OK
3001 0 0 0 -64.00000000 -64 OK
3002 1 1 1 63.00000000 63 OK
3003 0 0 0 -64.00000000 -64 OK
3004 1 1 1 63.00000000 63 OK
3005 0 0 0 -64.00000000 -64 OK
3006 1 1 1 63.00000000 63 OK
3007 0 0 0 -64.00000000 -64 OK
3008 0 0 0 -64.00000000 -64 OK
3009 1 1 1 63.00000000 63 OK
3010 0 0 0 -64.00000000 -64 OK
3011 0 0 0 -64.00000000 -64 OK
3012 1 1 1 63.00000000 63 OK
3013 0 0 0 -64.00000000 -64 OK
3014 1 1 1 63.00000000 63 OK
3015 1 1 1 63.00000000 63 OK
3016 1 1 1 63.00000000 63 OK
3017 1 1 1 63.00000000 63 OK
3018 0 0 0 -64.00000000 -64 OK
3019 1 1 1 63.00000000 63 OK
3020 0 0 0 -64.00000000 -64 OK
3021 0 0 0 -64.00000000 -64 OK
3022 1 1 1 63.00000000 63 OK
3023 1 1 1 63.00000000 63 OK
3024 1 1 1 63.00000000 63 OK
3025 1 1 1 63.00000000 63 OK
3026 0 0 0 -64.00000000 -64 OK
3027 0 0 0 -64.00000000 -64 OK
3028 1 1 1 63.00000000 63 OK
3029 0 0 0 -64.00000000 -64 OK
3030 0 0 0 -64.00000000 -64 OK
3031 1 1 1 63.00000000 63 OK
3032 0 0 0 -64.00000000 -64 OK
3033 0 0 0 -64.00000000 -64 OK
3034 0 0 0 -64.00000000 -64 OK
3035 1 1 1 63.00000000 63 OK
3036 1 1 1 63.00000000 63 OK
3037 0 0 0 -64.00000000 -64 OK
3038 0 0 0 -64.00000000 -64 OK
3039 1 1 1 63.00000000 63 OK
3040 0 0 0 -64.00000000 -64 OK
3041 1 1 1 63.00000000 63 OK
3042 0 0 0 -64.00000000 -64 OK
3043 1 1 1 63.00000000 63 OK
3044 1 1 1 63.00000000 63 OK
3045 1 1 1 63.00000000 63 OK
3046 0 0 0 -64.00000000 -64 OK
3047 1 1 1 63.00000000 63 OK
3048 0 0 0 -64.00000000 -64 OK
3049 0 0 0 -64.00000000 -64 OK
3050 0 0 0 -64.00000000 -64 OK
3051 0 0 0 -64.00000000 -64 OK
3052 1 1 1 63.00000000 63 OK
3053 0 0 0 -64.00000000 -64 OK
3054 0 0 0 -64.00000000 -64 OK
3055 1 1 1 63.00000000 63 OK
3056 0 0 0 -64.00000000 -64 OK
3057 1 1 1 63.00000000 63 OK
3058 0 0 0 -64.00000000 -64 OK
3059 0 0 0 -64.00000000 -64 OK
3060 0 0 0 -64.00000000 -64 OK
3061 1 1 1 63.00000000 63 OK
3062 1 1 1 63.00000000 63 OK
3063 0 0 0 -64.00000000 -64 OK
3064 1 1 1 63.00000000 63 OK
3065 1 1 1 63.00000000 63 OK
3066 0 0 0 -64.00000000 -64 OK
3067 1 1 1 63.00000000 63 OK
3068 1 1 1 63.00000000 63 OK
3069 1 1 1 63.00000000 63 OK
3070 0 0 0 -64.00000000 -64 OK
3071 0 0 0 -64.00000000 -64 OK
3072 0 0 0 -64.00000000 -64 OK
3073 1 1 1 63.00000000 63 OK
3074 0 0 0 -64.00000000 -64 OK
3075 1 1 1 63.00000000 63 OK
3076 0 0 0 -64.00000000 -64 OK
3077 1 1 1 63.00000000 63 OK
3078 0 0 0 -64.00000000 -64 OK
3079 0 0 0 -64.00000000 -64 OK
3080 1 1 1 63.00000000 63 OK
3081 0 0 0 -64.00000000 -64 OK
3082 1 1 1 63.00000000 63 OK
3083 0 0 0 -64.00000000 -64 OK
3084 1 1 1 63.00000000 63 OK
3085 1 1 1 63.00000000 63 OK
3086 1 1 1 63.00000000 63 OK
3087 1 1 1 63.00000000 63 OK
3088 1 1 1 63.00000000 63 OK
3089 0 0 0 -64.00000000 -64 OK
3090 0 0 0 -64.00000000 -64 OK
3091 0 0 0 -64.00000000 -64 OK
3092 1 1 1 63.00000000 63 OK
3093 1 1 1 63.00000000 63 OK
3094 1 1 1 63.00000000 63 OK
3095 0 0 0 -64.00000000 -64 OK
3096 0 0 0 -64.00000000 -64 OK
3097 1 1 1 63.00000000 63 OK
3098 1 1 1 63.00000000 63 OK
3099 0 0 0 -64.00000000 -64 OK
3100 1 1 1 63.00000000 63 OK
3101 1 1 1 63.00000000 63 OK
3102 1 1 1 63.00000000 63 OK
3103 0 0 0 -64.00000000 -64 OK
3104 1 1 1 63.00000000 63 OK
3105 1 1 1 63.00000000 63 OK
3106 0 0 0 -64.00000000 -64 OK
3107 0 0 0 -64.00000000 -64 OK
3108 1 1 1 63.00000000 63 OK
3109 0 0 0 -64.00000000 -64 OK
3110 0 0 0 -64.00000000 -64 OK
3111 1 1 1 63.00000000 63 OK
3112 0 0 0 -64.00000000 -64 OK
3113 0 0 0 -64.00000000 -64 OK
3114 1 1 1 63.00000000 63 OK
3115 0 0 0 -64.00000000 -64 OK
3116 1 1 1 63.00000000 63 OK
3117 1 1 1 63.00000000 63 OK
3118 0 0 0 -64.00000000 -64 OK
3119 0 0 0 -64.00000000 -64 OK
3120 1 1 1 63.00000000 63 OK
3121 1 1 1 63.00000000 63 OK
3122 1 1 1 63.00000000 63 OK
3123 1 1 1 63.00000000 63 OK
3124 1 1 1 63.00000000 63 OK
3125 0 0 0 -64.00000000 -64 OK
3126 1 1 1 63.00000000 63 OK
3127 1 1 1 63.00000000 63 OK
3128 0 0 0 -64.00000000 -64 OK
3129 0 0 0 -64.00000000 -64 OK
3130 0 0 0 -64.00000000 -64 OK
3131 1 1 1 63.00000000 63 OK
3132 1 1 1 63.00000000 63 OK
3133 0 0 0 -64.00000000 -64 OK
3134 0 0 0 -64.00000000 -64 OK
3135 0 0 0 -64.00000000 -64 OK
3136 0 0 0 -64.00000000 -64 OK
3137 1 1 1 63.00000000 63 OK
3138 1 1 1 63.00000000 63 OK
3139 0 0 0 -64.00000000 -64 OK
3140 1 1 1 63.00000000 63 OK
3141 0 0 0 -64.00000000 -64 OK
3142 0 0 0 -64.00000000 -64 OK
3143 1 1 1 63.00000000 63 OK
3144 1 1 1 63.00000000 63 OK
3145 0 0 0 -64.00000000 -64 OK
3146 1 1 1 63.00000000 63 OK
3147 0 0 0 -64.00000000 -64 OK
3148 0 0 0 -64.00000000 -64 OK
3149 0 0 0 -64.00000000 -64 OK
3150 1 1 1 63.00000000 63 OK
3151 1 1 1 63.00000000 63 OK
3152 1 1 1 63.00000000 63 OK
3153 1 1 1 63.00000000 63 OK
3154 1 1 1 63.00000000 63 OK
3155 1 1 1 63.00000000 63 OK
3156 0 0 0 -64.00000000 -64 OK
3157 1 1 1 63.00000000 63 OK
3158 0 0 0 -64.00000000 -64 OK
3159 0 0 0 -64.00000000 -64 OK
3160 0 0 0 -64.00000000 -64 OK
3161 0 0 0 -64.00000000 -64 OK
3162 1 1 1 63.00000000 63 OK
3163 1 1 1 63.00000000 63 OK
3164 0 0 0 -64.00000000 -64 OK
3165 0 0 0 -64.00000000 -64 OK
3166 0 0 0 -64.00000000 -64 OK
3167 1 1 1 63.00000000 63 OK
3168 1 1 1 63.00000000 63 OK
3169 1 1 1 63.00000000 63 OK
3170 1 1 1 63.00000000 63 OK
3171 1 1 1 63.00000000 63 OK
3172 0 0 0 -64.00000000 -64 OK
3173 1 1 1 63.00000000 63 OK
3174 1 1 1 63.00000000 63 OK
3175 1 1 1 63.00000000 63 OK
3176 1 1 1 63.00000000 63 OK
3177 0 0 0 -64.00000000 -64 OK
3178 1 1 1 63.00000000 63 OK
3179 0 0 0 -64.00000000 -64 OK
3180 0 0 0 -64.00000000 -64 OK
3181 0 0 0 -64.00000000 -64 OK
3182 1 1 1 63.00000000 63 OK
3183 1 1 1 63.00000000 63 OK
3184 0 0 0 -64.00000000 -64 OK
3185 0 0 0 -64.00000000 -64 OK
3186 0 0 0 -64.00000000 -64 OK
3187 1 1 1 63.00000000 63 OK
3188 0 0 0 -64.00000000 -64 OK
3189 0 0 0 -64.00000000 -64 OK
3190 1 1 1 63.00000000 63 OK
3191 1 1 1 63.00000000 63 OK
3192 0 0 0 -64.00000000 -64 OK
3193 0 0 0 -64.00000000 -64 OK
3194 1 1 1 63.00000000 63 OK
3195 0 0 0 -64.00000000 -64 OK
3196 0 1 1 63.00000000 63 OK
3197 1 1 1 63.00000000 63 OK
3198 0 1 1 63.00000000 63 OK
3199 1 1 1 63.00000000 63 OK
