# idx_orig bit_orig post_llr_q hard
0 0 -64 0
1 1 63 1
2 1 63 1
3 1 63 1
4 0 -64 0
5 0 -64 0
6 1 63 1
7 0 -64 0
8 1 63 1
9 0 -64 0
10 1 63 1
11 1 63 1
12 0 -64 0
13 0 -64 0
14 1 63 1
15 1 63 1
16 1 63 1
17 0 -64 0
18 0 -64 0
19 0 -64 0
20 0 -64 0
21 0 -64 0
22 1 63 1
23 0 -64 0
24 1 63 1
25 0 -64 0
26 1 63 1
27 1 63 1
28 1 63 1
29 1 63 1
30 0 -64 0
31 0 -64 0
32 1 63 1
33 0 -64 0
34 0 -64 0
35 1 63 1
36 0 -64 0
37 0 -64 0
38 1 63 1
39 0 -64 0
40 1 63 1
41 1 63 1
42 1 63 1
43 0 -64 0
44 0 -64 0
45 0 -64 0
46 0 -64 0
47 0 -64 0
48 1 63 1
49 0 -64 0
50 1 63 1
51 0 -64 0
52 0 -64 0
53 1 63 1
54 1 63 1
55 1 63 1
56 1 63 1
57 0 -64 0
58 1 63 1
59 0 -64 0
60 0 -64 0
61 1 63 1
62 0 -64 0
63 1 63 1
64 1 63 1
65 0 -64 0
66 1 63 1
67 0 -64 0
68 1 63 1
69 0 -64 0
70 0 -64 0
71 0 -64 0
72 1 63 1
73 0 -64 0
74 1 63 1
75 1 63 1
76 0 -64 0
77 1 63 1
78 0 -64 0
79 0 -64 0
80 0 -64 0
81 0 -64 0
82 0 -64 0
83 1 63 1
84 0 -64 0
85 0 -64 0
86 0 -64 0
87 0 -64 0
88 0 -64 0
89 1 63 1
90 0 -64 0
91 1 63 1
92 1 63 1
93 0 -64 0
94 0 -64 0
95 1 63 1
96 0 -64 0
97 0 -64 0
98 0 -64 0
99 1 63 1
100 1 63 1
101 0 -64 0
102 0 -64 0
103 1 63 1
104 0 -64 0
105 1 63 1
106 0 -64 0
107 1 63 1
108 0 -64 0
109 0 -64 0
110 0 -64 0
111 0 -64 0
112 0 -64 0
113 1 63 1
114 0 -64 0
115 1 63 1
116 0 -64 0
117 1 63 1
118 1 63 1
119 1 63 1
120 0 -64 0
121 0 -64 0
122 0 -64 0
123 1 63 1
124 1 63 1
125 1 63 1
126 1 63 1
127 1 63 1
128 1 63 1
129 1 63 1
130 0 -64 0
131 1 63 1
132 1 63 1
133 0 -64 0
134 0 -64 0
135 0 -64 0
136 0 -64 0
137 1 63 1
138 0 -64 0
139 1 63 1
140 0 -64 0
141 0 -64 0
142 0 -64 0
143 0 -64 0
144 0 -64 0
145 1 63 1
146 1 63 1
147 0 -64 0
148 1 63 1
149 0 -64 0
150 1 63 1
151 0 -64 0
152 1 63 1
153 1 63 1
154 0 -64 0
155 0 -64 0
156 1 63 1
157 0 -64 0
158 1 63 1
159 1 63 1
160 0 -64 0
161 1 63 1
162 0 -64 0
163 1 63 1
164 1 63 1
165 1 63 1
166 1 63 1
167 1 63 1
168 1 63 1
169 1 63 1
170 1 63 1
171 0 -64 0
172 1 63 1
173 0 -64 0
174 1 63 1
175 1 63 1
176 0 -64 0
177 0 -64 0
178 1 63 1
179 1 63 1
180 0 -64 0
181 0 -64 0
182 0 -64 0
183 1 63 1
184 0 -64 0
185 1 63 1
186 0 -64 0
187 0 -64 0
188 1 63 1
189 1 63 1
190 0 -64 0
191 1 63 1
192 1 63 1
193 0 -64 0
194 1 63 1
195 1 63 1
196 0 -64 0
197 0 -64 0
198 0 -64 0
199 1 63 1
200 1 63 1
201 1 63 1
202 1 63 1
203 0 -64 0
204 0 -64 0
205 0 -64 0
206 1 63 1
207 0 -64 0
208 0 -64 0
209 1 63 1
210 0 -64 0
211 1 63 1
212 1 63 1
213 1 63 1
214 1 63 1
215 1 63 1
216 1 63 1
217 1 63 1
218 0 -64 0
219 1 63 1
220 1 63 1
221 0 -64 0
222 1 63 1
223 0 -64 0
224 0 -64 0
225 0 -64 0
226 1 63 1
227 0 -64 0
228 1 63 1
229 0 -64 0
230 0 -64 0
231 0 -64 0
232 0 -64 0
233 1 63 1
234 0 -64 0
235 0 -64 0
236 1 63 1
237 0 -64 0
238 0 -64 0
239 0 -64 0
240 0 -64 0
241 0 -64 0
242 0 -64 0
243 0 -64 0
244 0 -64 0
245 0 -64 0
246 1 63 1
247 0 -64 0
248 1 63 1
249 0 -64 0
250 0 -64 0
251 1 63 1
252 1 63 1
253 1 63 1
254 0 -64 0
255 1 63 1
256 1 63 1
257 1 63 1
258 1 63 1
259 0 -64 0
260 0 -64 0
261 0 -64 0
262 1 63 1
263 1 63 1
264 1 63 1
265 1 63 1
266 1 63 1
267 1 63 1
268 1 63 1
269 0 -64 0
270 1 63 1
271 1 63 1
272 0 -64 0
273 0 -64 0
274 1 63 1
275 1 63 1
276 1 63 1
277 0 -64 0
278 0 -64 0
279 0 -64 0
280 0 -64 0
281 1 63 1
282 1 63 1
283 1 63 1
284 1 63 1
285 1 63 1
286 0 -64 0
287 0 -64 0
288 1 63 1
289 1 63 1
290 0 -64 0
291 1 63 1
292 0 -64 0
293 1 63 1
294 0 -64 0
295 0 -64 0
296 1 63 1
297 0 -64 0
298 0 -64 0
299 0 -64 0
300 1 63 1
301 0 -64 0
302 0 -64 0
303 1 63 1
304 0 -64 0
305 1 63 1
306 1 63 1
307 1 63 1
308 0 -64 0
309 1 63 1
310 1 63 1
311 1 63 1
312 1 63 1
313 0 -64 0
314 1 63 1
315 1 63 1
316 1 63 1
317 0 -64 0
318 1 63 1
319 0 -64 0
320 1 63 1
321 1 63 1
322 1 63 1
323 1 63 1
324 0 -64 0
325 0 -64 0
326 0 -64 0
327 0 -64 0
328 0 -64 0
329 1 63 1
330 1 63 1
331 0 -64 0
332 0 -64 0
333 1 63 1
334 0 -64 0
335 1 63 1
336 0 -64 0
337 1 63 1
338 0 -64 0
339 0 -64 0
340 0 -64 0
341 0 -64 0
342 0 -64 0
343 1 63 1
344 0 -64 0
345 1 63 1
346 1 63 1
347 1 63 1
348 0 -64 0
349 0 -64 0
350 0 -64 0
351 1 63 1
352 0 -64 0
353 1 63 1
354 0 -64 0
355 0 -64 0
356 1 63 1
357 0 -64 0
358 0 -64 0
359 0 -64 0
360 1 63 1
361 0 -64 0
362 0 -64 0
363 1 63 1
364 0 -64 0
365 1 63 1
366 1 63 1
367 1 63 1
368 1 63 1
369 0 -64 0
370 0 -64 0
371 1 63 1
372 0 -64 0
373 1 63 1
374 0 -64 0
375 1 63 1
376 0 -64 0
377 1 63 1
378 1 63 1
379 0 -64 0
380 1 63 1
381 1 63 1
382 0 -64 0
383 1 63 1
384 0 -64 0
385 0 -64 0
386 0 -64 0
387 1 63 1
388 1 63 1
389 0 -64 0
390 0 -64 0
391 1 63 1
392 0 -64 0
393 1 63 1
394 1 63 1
395 1 63 1
396 1 63 1
397 0 -64 0
398 1 63 1
399 1 63 1
400 0 -64 0
401 0 -64 0
402 1 63 1
403 1 63 1
404 0 -64 0
405 0 -64 0
406 1 63 1
407 1 63 1
408 1 63 1
409 1 63 1
410 0 -64 0
411 1 63 1
412 0 -64 0
413 1 63 1
414 0 -64 0
415 1 63 1
416 0 -64 0
417 0 -64 0
418 0 -64 0
419 1 63 1
420 0 -64 0
421 0 -64 0
422 0 -64 0
423 0 -64 0
424 0 -64 0
425 0 -64 0
426 1 63 1
427 1 63 1
428 1 63 1
429 0 -64 0
430 0 -64 0
431 0 -64 0
432 1 63 1
433 1 63 1
434 1 63 1
435 1 63 1
436 0 -64 0
437 1 63 1
438 0 -64 0
439 1 63 1
440 0 -64 0
441 1 63 1
442 0 -64 0
443 1 63 1
444 0 -64 0
445 0 -64 0
446 1 63 1
447 0 -64 0
448 0 -64 0
449 1 63 1
450 1 63 1
451 1 63 1
452 0 -64 0
453 0 -64 0
454 0 -64 0
455 0 -64 0
456 0 -64 0
457 0 -64 0
458 1 63 1
459 1 63 1
460 0 -64 0
461 1 63 1
462 0 -64 0
463 0 -64 0
464 0 -64 0
465 1 63 1
466 0 -64 0
467 1 63 1
468 0 -64 0
469 0 -64 0
470 1 63 1
471 1 63 1
472 1 63 1
473 0 -64 0
474 0 -64 0
475 0 -64 0
476 1 63 1
477 0 -64 0
478 1 63 1
479 1 63 1
480 1 63 1
481 1 63 1
482 1 63 1
483 0 -64 0
484 1 63 1
485 1 63 1
486 0 -64 0
487 1 63 1
488 0 -64 0
489 0 -64 0
490 1 63 1
491 1 63 1
492 1 63 1
493 1 63 1
494 1 63 1
495 0 -64 0
496 0 -64 0
497 0 -64 0
498 0 -64 0
499 1 63 1
500 1 63 1
501 0 -64 0
502 1 63 1
503 0 -64 0
504 0 -64 0
505 0 -64 0
506 0 -64 0
507 0 -64 0
508 0 -64 0
509 0 -64 0
510 0 -64 0
511 0 -64 0
512 1 63 1
513 1 63 1
514 1 63 1
515 0 -64 0
516 0 -64 0
517 0 -64 0
518 0 -64 0
519 0 -64 0
520 0 -64 0
521 0 -64 0
522 1 63 1
523 1 63 1
524 1 63 1
525 1 63 1
526 0 -64 0
527 1 63 1
528 0 -64 0
529 0 -64 0
530 1 63 1
531 0 -64 0
532 0 -64 0
533 0 -64 0
534 0 -64 0
535 0 -64 0
536 0 -64 0
537 1 63 1
538 1 63 1
539 0 -64 0
540 1 63 1
541 0 -64 0
542 1 63 1
543 1 63 1
544 1 63 1
545 1 63 1
546 0 -64 0
547 1 63 1
548 1 63 1
549 0 -64 0
550 1 63 1
551 0 -64 0
552 0 -64 0
553 1 63 1
554 0 -64 0
555 1 63 1
556 0 -64 0
557 1 63 1
558 0 -64 0
559 1 63 1
560 0 -64 0
561 1 63 1
562 1 63 1
563 1 63 1
564 0 -64 0
565 1 63 1
566 0 -64 0
567 1 63 1
568 1 63 1
569 0 -64 0
570 1 63 1
571 1 63 1
572 1 63 1
573 0 -64 0
574 0 -64 0
575 0 -64 0
576 0 -64 0
577 1 63 1
578 0 -64 0
579 1 63 1
580 1 63 1
581 1 63 1
582 1 63 1
583 0 -64 0
584 1 63 1
585 0 -64 0
586 1 63 1
587 1 63 1
588 1 63 1
589 1 63 1
590 0 -64 0
591 1 63 1
592 1 63 1
593 1 63 1
594 1 63 1
595 0 -64 0
596 1 63 1
597 0 -64 0
598 1 63 1
599 1 63 1
600 1 63 1
601 0 -64 0
602 1 63 1
603 1 63 1
604 1 63 1
605 0 -64 0
606 0 -64 0
607 0 -64 0
608 0 -64 0
609 0 -64 0
610 0 -64 0
611 1 63 1
612 1 63 1
613 0 -64 0
614 1 63 1
615 0 -64 0
616 0 -64 0
617 1 63 1
618 0 -64 0
619 1 63 1
620 0 -64 0
621 1 63 1
622 1 63 1
623 0 -64 0
624 0 -64 0
625 1 63 1
626 1 63 1
627 1 63 1
628 0 -64 0
629 1 63 1
630 1 63 1
631 1 63 1
632 1 63 1
633 1 63 1
634 1 63 1
635 0 -64 0
636 1 63 1
637 0 -64 0
638 1 63 1
639 0 -64 0
640 0 -64 0
641 1 63 1
642 0 -64 0
643 1 63 1
644 0 -64 0
645 1 63 1
646 0 -64 0
647 1 63 1
648 0 -64 0
649 1 63 1
650 1 63 1
651 1 63 1
652 0 -64 0
653 0 -64 0
654 1 63 1
655 0 -64 0
656 1 63 1
657 0 -64 0
658 0 -64 0
659 1 63 1
660 0 -64 0
661 1 63 1
662 0 -64 0
663 1 63 1
664 0 -64 0
665 1 63 1
666 1 63 1
667 0 -64 0
668 1 63 1
669 1 63 1
670 0 -64 0
671 1 63 1
672 1 63 1
673 0 -64 0
674 0 -64 0
675 1 63 1
676 1 63 1
677 0 -64 0
678 1 63 1
679 1 63 1
680 0 -64 0
681 0 -64 0
682 1 63 1
683 1 63 1
684 0 -64 0
685 0 -64 0
686 0 -64 0
687 0 -64 0
688 0 -64 0
689 0 -64 0
690 1 63 1
691 0 -64 0
692 0 -64 0
693 1 63 1
694 0 -64 0
695 0 -64 0
696 0 -64 0
697 0 -64 0
698 0 -64 0
699 0 -64 0
700 0 -64 0
701 1 63 1
702 1 63 1
703 0 -64 0
704 0 -64 0
705 1 63 1
706 0 -64 0
707 1 63 1
708 1 63 1
709 1 63 1
710 0 -64 0
711 1 63 1
712 0 -64 0
713 0 -64 0
714 0 -64 0
715 1 63 1
716 0 -64 0
717 1 63 1
718 0 -64 0
719 0 -64 0
720 0 -64 0
721 1 63 1
722 0 -64 0
723 0 -64 0
724 1 63 1
725 0 -64 0
726 0 -64 0
727 1 63 1
728 1 63 1
729 0 -64 0
730 0 -64 0
731 0 -64 0
732 1 63 1
733 0 -64 0
734 0 -64 0
735 0 -64 0
736 0 -64 0
737 1 63 1
738 1 63 1
739 1 63 1
740 0 -64 0
741 1 63 1
742 0 -64 0
743 0 -64 0
744 1 63 1
745 0 -64 0
746 1 63 1
747 0 -64 0
748 0 -64 0
749 0 -64 0
750 1 63 1
751 0 -64 0
752 0 -64 0
753 0 -64 0
754 1 63 1
755 0 -64 0
756 0 -64 0
757 0 -64 0
758 0 -64 0
759 1 63 1
760 1 63 1
761 1 63 1
762 0 -64 0
763 1 50 1
764 1 59 1
765 0 -50 0
766 0 -38 0
767 1 48 1
768 1 40 1
769 0 -56 0
770 0 -60 0
771 1 63 1
772 0 -64 0
773 1 63 1
774 1 57 1
775 0 -64 0
776 0 -64 0
777 1 63 1
778 0 -64 0
779 0 -64 0
780 0 -64 0
781 0 -64 0
782 1 63 1
783 0 -64 0
784 0 -64 0
785 1 63 1
786 1 63 1
787 1 63 1
788 1 63 1
789 0 -64 0
790 1 63 1
791 0 -64 0
792 1 63 1
793 1 63 1
794 1 63 1
795 0 -64 0
796 0 -64 0
797 1 63 1
798 1 63 1
799 0 -64 0
800 1 63 1
801 1 63 1
802 1 63 1
803 0 -64 0
804 1 63 1
805 0 -64 0
806 1 63 1
807 0 -64 0
808 0 -64 0
809 0 -64 0
810 1 63 1
811 1 63 1
812 0 -64 0
813 0 -64 0
814 1 63 1
815 0 -64 0
816 0 -64 0
817 0 -64 0
818 0 -64 0
819 1 63 1
820 1 63 1
821 1 63 1
822 1 63 1
823 1 63 1
824 0 -64 0
825 1 63 1
826 0 -64 0
827 1 63 1
828 1 63 1
829 1 63 1
830 1 63 1
831 1 63 1
832 1 63 1
833 0 -64 0
834 0 -64 0
835 0 -64 0
836 0 -64 0
837 1 63 1
838 0 -64 0
839 0 -64 0
840 1 63 1
841 0 -64 0
842 0 -64 0
843 1 63 1
844 1 63 1
845 0 -64 0
846 1 63 1
847 0 -64 0
848 1 63 1
849 1 63 1
850 1 63 1
851 0 -64 0
852 0 -64 0
853 0 -64 0
854 0 -64 0
855 1 63 1
856 1 63 1
857 0 -64 0
858 1 63 1
859 1 63 1
860 1 63 1
861 1 63 1
862 0 -64 0
863 1 63 1
864 0 -64 0
865 0 -64 0
866 1 63 1
867 1 63 1
868 1 63 1
869 1 63 1
870 0 -64 0
871 1 63 1
872 0 -64 0
873 1 63 1
874 1 63 1
875 0 -64 0
876 0 -64 0
877 0 -64 0
878 0 -64 0
879 0 -64 0
880 1 63 1
881 0 -64 0
882 1 63 1
883 0 -64 0
884 1 63 1
885 0 -64 0
886 1 63 1
887 0 -64 0
888 1 63 1
889 0 -64 0
890 0 -64 0
891 1 63 1
892 0 -64 0
893 0 -64 0
894 1 63 1
895 1 63 1
896 1 63 1
897 0 -64 0
898 1 63 1
899 0 -64 0
900 0 -64 0
901 0 -64 0
902 0 -64 0
903 0 -64 0
904 0 -64 0
905 1 63 1
906 0 -64 0
907 0 -64 0
908 1 63 1
909 0 -64 0
910 1 63 1
911 1 63 1
912 0 -64 0
913 1 63 1
914 1 63 1
915 1 63 1
916 1 63 1
917 0 -64 0
918 1 63 1
919 1 63 1
920 0 -64 0
921 1 63 1
922 1 63 1
923 0 -64 0
924 0 -64 0
925 0 -64 0
926 0 -64 0
927 1 63 1
928 1 63 1
929 1 63 1
930 1 63 1
931 1 63 1
932 1 63 1
933 0 -64 0
934 0 -64 0
935 1 63 1
936 1 63 1
937 1 63 1
938 1 63 1
939 0 -64 0
940 0 -64 0
941 0 -64 0
942 1 63 1
943 1 63 1
944 1 63 1
945 1 63 1
946 1 63 1
947 0 -64 0
948 0 -64 0
949 0 -64 0
950 0 -64 0
951 0 -64 0
952 1 63 1
953 0 -64 0
954 1 63 1
955 1 63 1
956 0 -64 0
957 1 63 1
958 1 63 1
959 0 -64 0
960 0 -64 0
961 0 -64 0
962 1 63 1
963 1 63 1
964 1 63 1
965 0 -64 0
966 1 63 1
967 1 63 1
968 0 -64 0
969 1 63 1
970 0 -64 0
971 1 63 1
972 1 63 1
973 0 -64 0
974 0 -64 0
975 0 -64 0
976 0 -64 0
977 1 63 1
978 1 63 1
979 1 63 1
980 0 -64 0
981 0 -64 0
982 1 63 1
983 0 -64 0
984 1 63 1
985 1 63 1
986 1 63 1
987 1 63 1
988 0 -64 0
989 0 -64 0
990 0 -64 0
991 1 63 1
992 1 63 1
993 0 -64 0
994 0 -64 0
995 0 -64 0
996 0 -64 0
997 1 63 1
998 0 -64 0
999 0 -64 0
1000 1 63 1
1001 1 63 1
1002 0 -64 0
1003 0 -64 0
1004 1 63 1
1005 1 63 1
1006 0 -64 0
1007 1 63 1
1008 1 63 1
1009 0 -64 0
1010 0 -64 0
1011 1 63 1
1012 0 -64 0
1013 0 -64 0
1014 0 -64 0
1015 0 -64 0
1016 0 -64 0
1017 0 -64 0
1018 0 -64 0
1019 1 63 1
1020 1 63 1
1021 1 63 1
1022 0 -64 0
1023 1 63 1
1024 0 -64 0
1025 1 63 1
1026 0 -64 0
1027 0 -64 0
1028 1 63 1
1029 0 -64 0
1030 0 -64 0
1031 1 63 1
1032 0 -64 0
1033 1 63 1
1034 0 -64 0
1035 1 63 1
1036 1 63 1
1037 0 -64 0
1038 0 -64 0
1039 0 -64 0
1040 0 -64 0
1041 0 -64 0
1042 0 -64 0
1043 0 -64 0
1044 1 63 1
1045 0 -64 0
1046 1 63 1
1047 0 -64 0
1048 1 63 1
1049 0 -64 0
1050 0 -64 0
1051 0 -64 0
1052 0 -64 0
1053 0 -64 0
1054 0 -64 0
1055 1 63 1
1056 1 63 1
1057 1 63 1
1058 0 -64 0
1059 1 63 1
1060 0 -64 0
1061 1 63 1
1062 0 -64 0
1063 1 63 1
1064 0 -64 0
1065 0 -64 0
1066 0 -64 0
1067 1 63 1
1068 0 -64 0
1069 1 63 1
1070 1 63 1
1071 0 -64 0
1072 0 -64 0
1073 0 -64 0
1074 0 -64 0
1075 0 -64 0
1076 1 63 1
1077 0 -64 0
1078 0 -64 0
1079 1 63 1
1080 0 -64 0
1081 0 -64 0
1082 1 63 1
1083 1 63 1
1084 1 63 1
1085 1 63 1
1086 0 -64 0
1087 0 -64 0
1088 1 63 1
1089 1 63 1
1090 0 -64 0
1091 0 -64 0
1092 0 -64 0
1093 1 63 1
1094 1 63 1
1095 1 63 1
1096 1 63 1
1097 0 -64 0
1098 0 -64 0
1099 1 63 1
1100 0 -64 0
1101 0 -64 0
1102 0 -64 0
1103 0 -64 0
1104 0 -64 0
1105 1 63 1
1106 1 63 1
1107 1 63 1
1108 1 63 1
1109 0 -64 0
1110 1 63 1
1111 1 63 1
1112 0 -64 0
1113 1 63 1
1114 1 63 1
1115 1 63 1
1116 1 63 1
1117 1 63 1
1118 0 -64 0
1119 1 63 1
1120 0 -64 0
1121 0 -64 0
1122 1 63 1
1123 0 -64 0
1124 1 63 1
1125 1 63 1
1126 1 63 1
1127 1 63 1
1128 1 63 1
1129 1 63 1
1130 1 63 1
1131 1 63 1
1132 0 -64 0
1133 0 -64 0
1134 1 63 1
1135 0 -64 0
1136 0 -64 0
1137 0 -64 0
1138 1 63 1
1139 1 63 1
1140 1 63 1
1141 0 -64 0
1142 1 63 1
1143 1 63 1
1144 1 63 1
1145 0 -64 0
1146 0 -64 0
1147 0 -64 0
1148 1 63 1
1149 0 -64 0
1150 0 -64 0
1151 0 -64 0
1152 0 -64 0
1153 0 -64 0
1154 1 63 1
1155 0 -64 0
1156 0 -64 0
1157 1 63 1
1158 1 63 1
1159 0 -64 0
1160 1 63 1
1161 0 -64 0
1162 0 -64 0
1163 1 63 1
1164 1 63 1
1165 1 63 1
1166 0 -64 0
1167 0 -64 0
1168 0 -64 0
1169 1 63 1
1170 1 63 1
1171 1 63 1
1172 1 63 1
1173 1 63 1
1174 1 63 1
1175 0 -64 0
1176 0 -64 0
1177 0 -64 0
1178 1 63 1
1179 1 63 1
1180 0 -64 0
1181 0 -64 0
1182 0 -64 0
1183 0 -64 0
1184 1 63 1
1185 1 63 1
1186 1 63 1
1187 0 -64 0
1188 1 63 1
1189 1 63 1
1190 1 63 1
1191 1 63 1
1192 1 63 1
1193 1 63 1
1194 0 -64 0
1195 0 -64 0
1196 0 -64 0
1197 0 -64 0
1198 1 63 1
1199 1 63 1
1200 1 63 1
1201 0 -64 0
1202 0 -64 0
1203 0 -64 0
1204 1 63 1
1205 1 63 1
1206 1 63 1
1207 0 -64 0
1208 0 -64 0
1209 1 63 1
1210 0 -64 0
1211 1 63 1
1212 1 63 1
1213 1 63 1
1214 0 -64 0
1215 1 63 1
1216 1 63 1
1217 1 63 1
1218 1 63 1
1219 0 -64 0
1220 0 -64 0
1221 1 63 1
1222 0 -64 0
1223 1 63 1
1224 1 63 1
1225 1 63 1
1226 1 63 1
1227 0 -64 0
1228 0 -64 0
1229 1 63 1
1230 1 63 1
1231 1 63 1
1232 0 -64 0
1233 1 63 1
1234 0 -64 0
1235 0 -64 0
1236 0 -64 0
1237 1 63 1
1238 1 63 1
1239 1 63 1
1240 0 -64 0
1241 0 -64 0
1242 1 63 1
1243 0 -64 0
1244 1 63 1
1245 0 -64 0
1246 1 63 1
1247 0 -64 0
1248 0 -64 0
1249 0 -64 0
1250 1 63 1
1251 0 -64 0
1252 1 63 1
1253 0 -64 0
1254 0 -64 0
1255 0 -64 0
1256 1 63 1
1257 1 63 1
1258 1 63 1
1259 1 63 1
1260 0 -64 0
1261 1 63 1
1262 1 63 1
1263 0 -64 0
1264 1 63 1
1265 0 -64 0
1266 0 -64 0
1267 0 -64 0
1268 1 63 1
1269 0 -64 0
1270 1 63 1
1271 1 63 1
1272 0 -64 0
1273 1 63 1
1274 1 63 1
1275 0 -64 0
1276 0 -64 0
1277 0 -64 0
1278 0 -64 0
1279 0 -64 0
1280 1 63 1
1281 0 -64 0
1282 0 -64 0
1283 0 -64 0
1284 1 63 1
1285 1 63 1
1286 1 63 1
1287 0 -64 0
1288 1 63 1
1289 0 -64 0
1290 1 63 1
1291 0 -64 0
1292 1 63 1
1293 0 -64 0
1294 1 63 1
1295 1 63 1
1296 0 -64 0
1297 0 -64 0
1298 1 63 1
1299 0 -64 0
1300 0 -64 0
1301 1 63 1
1302 1 63 1
1303 1 63 1
1304 1 63 1
1305 1 63 1
1306 0 -64 0
1307 0 -64 0
1308 1 63 1
1309 0 -64 0
1310 1 63 1
1311 1 63 1
1312 0 -64 0
1313 0 -64 0
1314 0 -64 0
1315 1 63 1
1316 1 63 1
1317 0 -64 0
1318 1 63 1
1319 1 63 1
1320 1 63 1
1321 1 63 1
1322 0 -64 0
1323 0 -64 0
1324 1 63 1
1325 0 -64 0
1326 0 -64 0
1327 0 -64 0
1328 0 -64 0
1329 1 63 1
1330 0 -64 0
1331 1 63 1
1332 1 63 1
1333 1 63 1
1334 0 -64 0
1335 1 63 1
1336 0 -64 0
1337 0 -64 0
1338 1 63 1
1339 0 -64 0
1340 1 63 1
1341 1 63 1
1342 0 -64 0
1343 1 63 1
1344 1 63 1
1345 0 -64 0
1346 0 -64 0
1347 0 -64 0
1348 0 -64 0
1349 1 63 1
1350 1 63 1
1351 0 -64 0
1352 1 63 1
1353 0 -64 0
1354 1 63 1
1355 1 63 1
1356 0 -64 0
1357 1 63 1
1358 0 -64 0
1359 0 -64 0
1360 1 63 1
1361 1 63 1
1362 1 63 1
1363 0 -64 0
1364 0 -64 0
1365 1 63 1
1366 0 -64 0
1367 0 -64 0
1368 0 -64 0
1369 0 -64 0
1370 0 -64 0
1371 1 63 1
1372 1 63 1
1373 1 63 1
1374 1 63 1
1375 0 -64 0
1376 0 -64 0
1377 1 63 1
1378 1 63 1
1379 1 63 1
1380 1 63 1
1381 0 -64 0
1382 1 63 1
1383 1 63 1
1384 0 -64 0
1385 0 -64 0
1386 1 63 1
1387 1 63 1
1388 0 -64 0
1389 0 -64 0
1390 0 -64 0
1391 1 63 1
1392 0 -64 0
1393 1 63 1
1394 1 63 1
1395 0 -64 0
1396 0 -64 0
1397 0 -64 0
1398 0 -64 0
1399 1 63 1
1400 0 -64 0
1401 1 63 1
1402 1 63 1
1403 0 -64 0
1404 1 63 1
1405 1 63 1
1406 1 63 1
1407 0 -64 0
1408 0 -64 0
1409 0 -64 0
1410 1 63 1
1411 0 -64 0
1412 0 -64 0
1413 0 -64 0
1414 1 63 1
1415 0 -64 0
1416 1 63 1
1417 0 -64 0
1418 1 63 1
1419 0 -64 0
1420 1 63 1
1421 0 -64 0
1422 0 -64 0
1423 0 -64 0
1424 0 -64 0
1425 1 63 1
1426 0 -64 0
1427 0 -64 0
1428 0 -64 0
1429 0 -64 0
1430 1 63 1
1431 0 -64 0
1432 1 63 1
1433 0 -64 0
1434 1 63 1
1435 0 -64 0
1436 0 -64 0
1437 0 -64 0
1438 1 63 1
1439 1 63 1
1440 1 63 1
1441 0 -64 0
1442 1 63 1
1443 1 63 1
1444 1 63 1
1445 1 63 1
1446 0 -64 0
1447 0 -64 0
1448 1 63 1
1449 0 -64 0
1450 0 -64 0
1451 1 63 1
1452 0 -64 0
1453 0 -64 0
1454 0 -64 0
1455 0 -64 0
1456 0 -64 0
1457 0 -64 0
1458 0 -64 0
1459 1 63 1
1460 0 -64 0
1461 0 -64 0
1462 0 -64 0
1463 1 63 1
1464 1 63 1
1465 0 -64 0
1466 0 -64 0
1467 1 63 1
1468 1 63 1
1469 0 -64 0
1470 1 63 1
1471 0 -64 0
1472 0 -64 0
1473 1 63 1
1474 0 -64 0
1475 0 -64 0
1476 0 -64 0
1477 0 -64 0
1478 1 63 1
1479 0 -64 0
1480 1 63 1
1481 1 63 1
1482 1 63 1
1483 1 63 1
1484 0 -64 0
1485 1 63 1
1486 1 63 1
1487 0 -64 0
1488 0 -64 0
1489 0 -64 0
1490 0 -64 0
1491 1 63 1
1492 0 -64 0
1493 0 -64 0
1494 1 63 1
1495 0 -64 0
1496 0 -64 0
1497 1 63 1
1498 1 63 1
1499 0 -64 0
1500 0 -64 0
1501 1 63 1
1502 1 63 1
1503 0 -64 0
1504 1 63 1
1505 1 63 1
1506 1 63 1
1507 0 -64 0
1508 1 63 1
1509 0 -64 0
1510 1 63 1
1511 1 63 1
1512 1 63 1
1513 0 -64 0
1514 1 63 1
1515 1 63 1
1516 1 63 1
1517 1 63 1
1518 0 -64 0
1519 0 -64 0
1520 1 63 1
1521 1 63 1
1522 1 63 1
1523 0 -64 0
1524 0 -64 0
1525 0 -64 0
1526 0 -64 0
1527 0 -64 0
1528 1 63 1
1529 1 63 1
1530 1 63 1
1531 1 40 1
1532 1 48 1
1533 0 -57 0
1534 1 47 1
1535 1 58 1
1536 1 39 1
1537 0 -43 0
1538 0 -53 0
1539 0 -41 0
1540 0 -39 0
1541 1 63 1
1542 0 -54 0
1543 1 59 1
1544 1 62 1
1545 1 63 1
1546 1 63 1
1547 0 -64 0
1548 0 -64 0
1549 1 63 1
1550 0 -64 0
1551 1 63 1
1552 1 63 1
1553 0 -64 0
1554 1 63 1
1555 1 63 1
1556 1 63 1
1557 1 63 1
1558 0 -64 0
1559 1 63 1
1560 1 63 1
1561 1 63 1
1562 1 63 1
1563 0 -64 0
1564 1 63 1
1565 0 -64 0
1566 0 -64 0
1567 1 63 1
1568 0 -64 0
1569 0 -64 0
1570 1 63 1
1571 1 63 1
1572 1 63 1
1573 1 63 1
1574 1 63 1
1575 1 63 1
1576 0 -64 0
1577 1 63 1
1578 0 -64 0
1579 0 -64 0
1580 1 63 1
1581 1 63 1
1582 0 -64 0
1583 0 -64 0
1584 1 63 1
1585 0 -64 0
1586 0 -64 0
1587 1 63 1
1588 0 -64 0
1589 0 -64 0
1590 1 63 1
1591 0 -64 0
1592 1 63 1
1593 1 63 1
1594 0 -64 0
1595 0 -64 0
1596 1 63 1
1597 1 63 1
1598 1 63 1
1599 0 -64 0
1600 0 -64 0
1601 1 63 1
1602 1 63 1
1603 0 -64 0
1604 0 -64 0
1605 1 63 1
1606 1 63 1
1607 1 63 1
1608 1 63 1
1609 0 -64 0
1610 1 63 1
1611 0 -64 0
1612 0 -64 0
1613 0 -64 0
1614 1 63 1
1615 1 63 1
1616 1 63 1
1617 0 -64 0
1618 0 -64 0
1619 1 63 1
1620 1 63 1
1621 0 -64 0
1622 1 63 1
1623 1 63 1
1624 1 63 1
1625 1 63 1
1626 0 -64 0
1627 0 -64 0
1628 0 -64 0
1629 0 -64 0
1630 1 63 1
1631 1 63 1
1632 1 63 1
1633 0 -64 0
1634 0 -64 0
1635 0 -64 0
1636 0 -64 0
1637 0 -64 0
1638 1 63 1
1639 1 63 1
1640 0 -64 0
1641 0 -64 0
1642 1 63 1
1643 1 63 1
1644 1 63 1
1645 0 -64 0
1646 0 -64 0
1647 0 -64 0
1648 0 -64 0
1649 1 63 1
1650 0 -64 0
1651 1 63 1
1652 1 63 1
1653 1 63 1
1654 1 63 1
1655 1 63 1
1656 1 63 1
1657 0 -64 0
1658 1 63 1
1659 1 63 1
1660 1 63 1
1661 0 -64 0
1662 1 63 1
1663 1 63 1
1664 0 -64 0
1665 0 -64 0
1666 1 63 1
1667 1 63 1
1668 1 63 1
1669 0 -64 0
1670 0 -64 0
1671 0 -64 0
1672 1 63 1
1673 0 -64 0
1674 1 63 1
1675 1 63 1
1676 1 63 1
1677 0 -64 0
1678 0 -64 0
1679 1 63 1
1680 0 -64 0
1681 0 -64 0
1682 1 63 1
1683 0 -64 0
1684 0 -64 0
1685 1 63 1
1686 1 63 1
1687 1 63 1
1688 0 -64 0
1689 1 63 1
1690 1 63 1
1691 0 -64 0
1692 0 -64 0
1693 1 63 1
1694 0 -64 0
1695 0 -64 0
1696 0 -64 0
1697 1 63 1
1698 0 -64 0
1699 0 -64 0
1700 0 -64 0
1701 1 63 1
1702 1 63 1
1703 0 -64 0
1704 1 63 1
1705 1 63 1
1706 1 63 1
1707 0 -64 0
1708 0 -64 0
1709 1 63 1
1710 0 -64 0
1711 1 63 1
1712 0 -64 0
1713 1 63 1
1714 1 63 1
1715 0 -64 0
1716 0 -64 0
1717 1 63 1
1718 0 -64 0
1719 0 -64 0
1720 0 -64 0
1721 0 -64 0
1722 0 -64 0
1723 0 -64 0
1724 1 63 1
1725 0 -64 0
1726 0 -64 0
1727 0 -64 0
1728 0 -64 0
1729 0 -64 0
1730 1 63 1
1731 1 63 1
1732 0 -64 0
1733 1 63 1
1734 1 63 1
1735 0 -64 0
1736 1 63 1
1737 0 -64 0
1738 0 -64 0
1739 0 -64 0
1740 0 -64 0
1741 1 63 1
1742 0 -64 0
1743 0 -64 0
1744 1 63 1
1745 1 63 1
1746 1 63 1
1747 0 -64 0
1748 0 -64 0
1749 0 -64 0
1750 1 63 1
1751 0 -64 0
1752 0 -64 0
1753 0 -64 0
1754 1 63 1
1755 1 63 1
1756 1 63 1
1757 0 -64 0
1758 1 63 1
1759 0 -64 0
1760 1 63 1
1761 1 63 1
1762 0 -64 0
1763 0 -64 0
1764 0 -64 0
1765 0 -64 0
1766 0 -64 0
1767 1 63 1
1768 0 -64 0
1769 0 -64 0
1770 0 -64 0
1771 1 63 1
1772 1 63 1
1773 0 -64 0
1774 0 -64 0
1775 0 -64 0
1776 0 -64 0
1777 1 63 1
1778 1 63 1
1779 0 -64 0
1780 1 63 1
1781 0 -64 0
1782 1 63 1
1783 1 63 1
1784 0 -64 0
1785 1 63 1
1786 1 63 1
1787 0 -64 0
1788 1 63 1
1789 0 -64 0
1790 1 63 1
1791 1 63 1
1792 0 -64 0
1793 1 63 1
1794 0 -64 0
1795 1 63 1
1796 0 -64 0
1797 0 -64 0
1798 0 -64 0
1799 1 63 1
1800 0 -64 0
1801 0 -64 0
1802 0 -64 0
1803 1 63 1
1804 0 -64 0
1805 1 63 1
1806 0 -64 0
1807 1 63 1
1808 1 63 1
1809 0 -64 0
1810 0 -64 0
1811 0 -64 0
1812 0 -64 0
1813 1 63 1
1814 0 -64 0
1815 0 -64 0
1816 0 -64 0
1817 1 63 1
1818 0 -64 0
1819 1 63 1
1820 0 -64 0
1821 0 -64 0
1822 0 -64 0
1823 0 -64 0
1824 1 63 1
1825 0 -64 0
1826 1 63 1
1827 1 63 1
1828 1 63 1
1829 1 63 1
1830 1 63 1
1831 0 -64 0
1832 1 63 1
1833 0 -64 0
1834 1 63 1
1835 1 63 1
1836 1 63 1
1837 1 63 1
1838 1 63 1
1839 0 -64 0
1840 1 63 1
1841 0 -64 0
1842 0 -64 0
1843 1 63 1
1844 1 63 1
1845 1 63 1
1846 0 -64 0
1847 1 63 1
1848 0 -64 0
1849 0 -64 0
1850 1 63 1
1851 0 -64 0
1852 0 -64 0
1853 0 -64 0
1854 1 63 1
1855 0 -64 0
1856 0 63 1
1857 0 -64 0
1858 0 -64 0
1859 1 63 1
1860 0 63 1
1861 1 -64 0
1862 0 -64 0
1863 1 63 1
1864 1 63 1
1865 0 -64 0
1866 1 63 1
1867 0 -64 0
1868 0 -64 0
1869 0 -64 0
1870 1 63 1
1871 0 -64 0
1872 0 -64 0
1873 0 -64 0
1874 0 -64 0
1875 0 -64 0
1876 0 -64 0
1877 1 63 1
1878 1 63 1
1879 0 -64 0
1880 0 -64 0
1881 1 63 1
1882 0 -64 0
1883 0 -64 0
1884 1 63 1
1885 1 63 1
1886 1 63 1
1887 0 -64 0
1888 0 -64 0
1889 1 63 1
1890 1 63 1
1891 1 63 1
1892 1 63 1
1893 1 63 1
1894 0 -64 0
1895 0 -64 0
1896 1 63 1
1897 0 -64 0
1898 0 -64 0
1899 1 63 1
1900 1 63 1
1901 1 63 1
1902 1 63 1
1903 0 -64 0
1904 1 63 1
1905 0 -64 0
1906 0 -64 0
1907 1 63 1
1908 0 -64 0
1909 0 -64 0
1910 1 63 1
1911 1 63 1
1912 0 -64 0
1913 1 63 1
1914 0 -64 0
1915 1 63 1
1916 0 -64 0
1917 0 -64 0
1918 0 -64 0
1919 1 63 1
1920 1 63 1
1921 1 63 1
1922 1 63 1
1923 1 63 1
1924 0 -64 0
1925 0 -64 0
1926 1 63 1
1927 1 63 1
1928 0 -64 0
1929 0 -64 0
1930 0 -64 0
1931 0 -64 0
1932 1 63 1
1933 0 -64 0
1934 1 63 1
1935 0 -64 0
1936 0 -64 0
1937 0 -64 0
1938 1 63 1
1939 0 -64 0
1940 1 63 1
1941 0 -64 0
1942 0 -64 0
1943 0 -64 0
1944 0 -64 0
1945 1 63 1
1946 0 -64 0
1947 1 63 1
1948 0 -64 0
1949 1 63 1
1950 1 63 1
1951 0 -64 0
1952 1 63 1
1953 1 63 1
1954 0 -64 0
1955 1 63 1
1956 1 63 1
1957 0 -64 0
1958 1 63 1
1959 1 63 1
1960 0 -64 0
1961 0 -64 0
1962 0 -64 0
1963 0 -64 0
1964 1 63 1
1965 0 -64 0
1966 1 63 1
1967 0 -64 0
1968 0 -64 0
1969 1 63 1
1970 1 63 1
1971 1 63 1
1972 0 -64 0
1973 0 -64 0
1974 1 63 1
1975 0 -64 0
1976 0 -64 0
1977 1 63 1
1978 0 -64 0
1979 0 -64 0
1980 1 63 1
1981 1 63 1
1982 0 -64 0
1983 0 -64 0
1984 0 -64 0
1985 0 -64 0
1986 1 63 1
1987 1 63 1
1988 1 63 1
1989 0 -64 0
1990 1 63 1
1991 1 63 1
1992 1 63 1
1993 1 63 1
1994 0 -64 0
1995 1 63 1
1996 0 -64 0
1997 1 63 1
1998 1 63 1
1999 0 -64 0
2000 1 63 1
2001 0 -64 0
2002 1 63 1
2003 1 63 1
2004 0 -64 0
2005 1 63 1
2006 0 -64 0
2007 1 63 1
2008 0 -64 0
2009 1 63 1
2010 1 63 1
2011 0 -64 0
2012 1 63 1
2013 1 63 1
2014 0 -64 0
2015 0 -64 0
2016 1 63 1
2017 1 63 1
2018 1 63 1
2019 0 -64 0
2020 0 -64 0
2021 0 -64 0
2022 1 63 1
2023 1 63 1
2024 0 -64 0
2025 1 63 1
2026 0 -64 0
2027 1 63 1
2028 1 63 1
2029 1 63 1
2030 0 -64 0
2031 0 -64 0
2032 0 -64 0
2033 0 -64 0
2034 1 63 1
2035 1 63 1
2036 1 63 1
2037 0 -64 0
2038 1 63 1
2039 0 -64 0
2040 1 63 1
2041 1 63 1
2042 0 -64 0
2043 1 63 1
2044 1 63 1
2045 1 63 1
2046 1 63 1
2047 0 -64 0
2048 0 -64 0
2049 0 -64 0
2050 0 -64 0
2051 0 -64 0
2052 1 63 1
2053 0 -64 0
2054 1 63 1
2055 0 -64 0
2056 0 -64 0
2057 0 -64 0
2058 1 63 1
2059 1 63 1
2060 0 -64 0
2061 1 63 1
2062 1 63 1
2063 0 -64 0
2064 0 -64 0
2065 1 63 1
2066 0 -64 0
2067 1 63 1
2068 0 -64 0
2069 0 -64 0
2070 0 -64 0
2071 0 -64 0
2072 1 63 1
2073 1 63 1
2074 1 63 1
2075 0 -64 0
2076 1 63 1
2077 0 -64 0
2078 1 63 1
2079 0 -64 0
2080 0 -64 0
2081 1 63 1
2082 0 -64 0
2083 0 -64 0
2084 0 -64 0
2085 1 63 1
2086 1 63 1
2087 0 -64 0
2088 1 63 1
2089 1 63 1
2090 1 63 1
2091 0 -64 0
2092 1 63 1
2093 1 63 1
2094 0 -64 0
2095 1 63 1
2096 0 -64 0
2097 0 -64 0
2098 1 63 1
2099 1 63 1
2100 1 63 1
2101 0 -64 0
2102 0 -64 0
2103 0 -64 0
2104 0 -64 0
2105 0 -64 0
2106 0 -64 0
2107 0 -64 0
2108 0 -64 0
2109 1 63 1
2110 1 63 1
2111 0 -64 0
2112 0 -64 0
2113 0 -64 0
2114 0 -64 0
2115 0 -64 0
2116 1 63 1
2117 1 63 1
2118 1 63 1
2119 0 -64 0
2120 0 -64 0
2121 1 63 1
2122 0 -64 0
2123 1 63 1
2124 0 -64 0
2125 1 63 1
2126 0 -64 0
2127 1 63 1
2128 1 63 1
2129 1 63 1
2130 0 -64 0
2131 1 63 1
2132 0 -64 0
2133 1 63 1
2134 0 -64 0
2135 0 -64 0
2136 0 -64 0
2137 0 -64 0
2138 0 -64 0
2139 0 -64 0
2140 1 63 1
2141 1 63 1
2142 1 63 1
2143 1 63 1
2144 0 -64 0
2145 0 -64 0
2146 1 63 1
2147 1 63 1
2148 0 -64 0
2149 0 -64 0
2150 1 63 1
2151 0 -64 0
2152 0 -64 0
2153 1 63 1
2154 0 -64 0
2155 0 -64 0
2156 1 63 1
2157 1 63 1
2158 0 -64 0
2159 1 63 1
2160 0 -64 0
2161 0 -64 0
2162 1 63 1
2163 1 63 1
2164 1 63 1
2165 1 63 1
2166 0 -64 0
2167 1 63 1
2168 1 63 1
2169 1 63 1
2170 0 -64 0
2171 0 -64 0
2172 0 -64 0
2173 1 63 1
2174 1 63 1
2175 0 -64 0
2176 0 -64 0
2177 0 -64 0
2178 1 63 1
2179 0 -64 0
2180 1 63 1
2181 1 63 1
2182 1 63 1
2183 0 -64 0
2184 1 63 1
2185 1 63 1
2186 1 63 1
2187 0 -64 0
2188 0 -64 0
2189 1 63 1
2190 0 -64 0
2191 0 -64 0
2192 0 -64 0
2193 0 -64 0
2194 0 -64 0
2195 1 63 1
2196 0 -64 0
2197 1 63 1
2198 0 -64 0
2199 1 63 1
2200 0 -64 0
2201 1 63 1
2202 1 63 1
2203 0 -64 0
2204 0 -64 0
2205 1 63 1
2206 0 -64 0
2207 1 63 1
2208 1 63 1
2209 0 -64 0
2210 0 -64 0
2211 1 63 1
2212 0 -64 0
2213 1 63 1
2214 1 63 1
2215 1 63 1
2216 1 63 1
2217 0 -64 0
2218 0 -64 0
2219 1 63 1
2220 0 -64 0
2221 0 -64 0
2222 0 -64 0
2223 1 63 1
2224 1 63 1
2225 1 63 1
2226 1 63 1
2227 1 63 1
2228 0 -64 0
2229 1 63 1
2230 1 63 1
2231 1 63 1
2232 1 63 1
2233 1 63 1
2234 0 -64 0
2235 1 63 1
2236 0 -64 0
2237 1 63 1
2238 0 -64 0
2239 0 -64 0
2240 1 63 1
2241 1 63 1
2242 0 -64 0
2243 1 63 1
2244 0 -64 0
2245 1 63 1
2246 1 63 1
2247 1 63 1
2248 1 63 1
2249 0 -64 0
2250 0 -64 0
2251 0 -64 0
2252 1 63 1
2253 1 63 1
2254 1 63 1
2255 0 -64 0
2256 1 63 1
2257 0 -64 0
2258 1 63 1
2259 1 63 1
2260 0 -64 0
2261 1 63 1
2262 1 63 1
2263 1 63 1
2264 0 -64 0
2265 0 -64 0
2266 0 -64 0
2267 0 -64 0
2268 1 63 1
2269 0 -64 0
2270 0 -64 0
2271 0 -64 0
2272 1 63 1
2273 1 63 1
2274 0 -64 0
2275 1 63 1
2276 1 63 1
2277 0 -64 0
2278 1 63 1
2279 0 -64 0
2280 1 63 1
2281 1 63 1
2282 1 63 1
2283 1 63 1
2284 1 63 1
2285 1 63 1
2286 1 63 1
2287 0 -64 0
2288 1 63 1
2289 1 63 1
2290 1 63 1
2291 1 63 1
2292 0 -64 0
2293 1 63 1
2294 0 -64 0
2295 0 -64 0
2296 0 -64 0
2297 0 -64 0
2298 1 63 1
2299 0 -52 0
2300 1 43 1
2301 0 -49 0
2302 0 21 1
2303 1 55 1
2304 0 -39 0
2305 0 -30 0
2306 1 55 1
2307 1 59 1
2308 1 63 1
2309 0 -64 0
2310 1 63 1
2311 0 -64 0
2312 0 -64 0
2313 1 63 1
2314 1 63 1
2315 1 63 1
2316 1 63 1
2317 0 -64 0
2318 1 63 1
2319 0 -64 0
2320 1 63 1
2321 0 -64 0
2322 0 -64 0
2323 0 -64 0
2324 0 -64 0
2325 1 63 1
2326 1 63 1
2327 0 -64 0
2328 0 -64 0
2329 0 -64 0
2330 0 -64 0
2331 1 63 1
2332 0 -64 0
2333 0 -64 0
2334 0 -64 0
2335 0 -64 0
2336 0 -64 0
2337 0 -64 0
2338 0 -64 0
2339 1 63 1
2340 1 63 1
2341 1 63 1
2342 1 63 1
2343 1 63 1
2344 0 -64 0
2345 0 -64 0
2346 0 -64 0
2347 0 -64 0
2348 0 -64 0
2349 1 63 1
2350 1 63 1
2351 1 63 1
2352 0 -64 0
2353 1 63 1
2354 1 63 1
2355 0 -64 0
2356 0 -64 0
2357 1 63 1
2358 0 -64 0
2359 0 -64 0
2360 1 63 1
2361 1 63 1
2362 1 63 1
2363 1 63 1
2364 0 -64 0
2365 0 -64 0
2366 1 63 1
2367 0 -64 0
2368 0 -64 0
2369 0 -64 0
2370 0 -64 0
2371 1 63 1
2372 0 -64 0
2373 0 -64 0
2374 1 63 1
2375 0 -64 0
2376 1 63 1
2377 0 -64 0
2378 1 63 1
2379 1 63 1
2380 1 63 1
2381 1 63 1
2382 1 63 1
2383 0 -64 0
2384 1 63 1
2385 0 -64 0
2386 0 -64 0
2387 0 -64 0
2388 1 63 1
2389 1 63 1
2390 1 63 1
2391 0 -64 0
2392 1 63 1
2393 0 -64 0
2394 0 -64 0
2395 1 63 1
2396 1 63 1
2397 1 63 1
2398 0 -64 0
2399 1 63 1
2400 1 63 1
2401 0 -64 0
2402 1 63 1
2403 0 -64 0
2404 1 63 1
2405 0 -64 0
2406 1 63 1
2407 0 -64 0
2408 0 -64 0
2409 1 63 1
2410 1 63 1
2411 0 -64 0
2412 1 63 1
2413 0 -64 0
2414 0 -64 0
2415 0 -64 0
2416 0 -64 0
2417 0 -64 0
2418 0 -64 0
2419 0 -64 0
2420 0 -64 0
2421 1 63 1
2422 1 63 1
2423 1 63 1
2424 1 63 1
2425 1 63 1
2426 1 63 1
2427 0 -64 0
2428 0 -64 0
2429 0 -64 0
2430 0 -64 0
2431 1 63 1
2432 0 -64 0
2433 1 63 1
2434 1 63 1
2435 0 -64 0
2436 0 -64 0
2437 0 -64 0
2438 1 63 1
2439 0 -64 0
2440 0 -64 0
2441 1 63 1
2442 1 63 1
2443 1 63 1
2444 1 63 1
2445 1 63 1
2446 0 -64 0
2447 1 63 1
2448 1 63 1
2449 0 -64 0
2450 0 -64 0
2451 1 63 1
2452 0 -64 0
2453 0 -64 0
2454 0 -64 0
2455 1 63 1
2456 0 -64 0
2457 0 -64 0
2458 1 63 1
2459 0 -64 0
2460 1 63 1
2461 0 -64 0
2462 0 -64 0
2463 1 63 1
2464 1 63 1
2465 1 63 1
2466 0 -64 0
2467 1 63 1
2468 1 63 1
2469 1 63 1
2470 1 63 1
2471 0 -64 0
2472 1 63 1
2473 0 -64 0
2474 1 63 1
2475 1 63 1
2476 1 63 1
2477 0 -64 0
2478 0 -64 0
2479 0 -64 0
2480 0 -64 0
2481 0 -64 0
2482 1 63 1
2483 1 63 1
2484 0 -64 0
2485 0 -64 0
2486 1 63 1
2487 0 -64 0
2488 0 -64 0
2489 1 63 1
2490 0 -64 0
2491 0 -64 0
2492 1 63 1
2493 0 -64 0
2494 0 -64 0
2495 1 63 1
2496 0 -64 0
2497 1 63 1
2498 1 63 1
2499 0 -64 0
2500 0 -64 0
2501 0 -64 0
2502 1 63 1
2503 1 63 1
2504 0 -64 0
2505 1 63 1
2506 1 63 1
2507 0 -64 0
2508 1 63 1
2509 0 -64 0
2510 1 63 1
2511 0 -64 0
2512 1 63 1
2513 0 -64 0
2514 0 -64 0
2515 0 -64 0
2516 0 -64 0
2517 1 63 1
2518 0 -64 0
2519 1 63 1
2520 1 63 1
2521 1 63 1
2522 1 63 1
2523 0 -64 0
2524 0 -64 0
2525 0 -64 0
2526 0 -64 0
2527 0 -64 0
2528 1 63 1
2529 0 -64 0
2530 1 63 1
2531 0 -64 0
2532 1 63 1
2533 0 -64 0
2534 1 63 1
2535 0 -64 0
2536 0 -64 0
2537 0 -64 0
2538 1 63 1
2539 1 63 1
2540 0 -64 0
2541 1 63 1
2542 1 63 1
2543 0 -64 0
2544 0 -64 0
2545 0 -64 0
2546 0 -64 0
2547 1 63 1
2548 1 63 1
2549 1 63 1
2550 0 -64 0
2551 0 -64 0
2552 0 -64 0
2553 0 -64 0
2554 0 -64 0
2555 1 63 1
2556 0 -64 0
2557 0 -64 0
2558 1 63 1
2559 1 63 1
2560 0 -64 0
2561 0 -64 0
2562 0 -64 0
2563 1 63 1
2564 1 63 1
2565 1 63 1
2566 1 63 1
2567 0 -64 0
2568 1 63 1
2569 1 63 1
2570 1 63 1
2571 1 63 1
2572 0 -64 0
2573 1 63 1
2574 0 -64 0
2575 0 -64 0
2576 1 63 1
2577 0 -64 0
2578 0 -64 0
2579 0 -64 0
2580 0 -64 0
2581 1 63 1
2582 1 63 1
2583 1 63 1
2584 0 -64 0
2585 0 -64 0
2586 0 -64 0
2587 0 -64 0
2588 0 -64 0
2589 0 -64 0
2590 0 -64 0
2591 1 63 1
2592 0 -64 0
2593 1 63 1
2594 1 63 1
2595 1 63 1
2596 0 -64 0
2597 1 63 1
2598 1 63 1
2599 1 63 1
2600 1 63 1
2601 1 63 1
2602 1 63 1
2603 1 63 1
2604 0 -64 0
2605 0 -64 0
2606 0 -64 0
2607 1 63 1
2608 1 63 1
2609 0 -64 0
2610 1 63 1
2611 0 -64 0
2612 1 63 1
2613 0 -64 0
2614 0 -64 0
2615 0 -64 0
2616 0 -64 0
2617 0 -64 0
2618 0 -64 0
2619 0 -64 0
2620 1 63 1
2621 1 63 1
2622 1 63 1
2623 1 63 1
2624 0 -64 0
2625 1 63 1
2626 0 -64 0
2627 0 -64 0
2628 0 -64 0
2629 0 -64 0
2630 0 -64 0
2631 1 63 1
2632 1 63 1
2633 0 -64 0
2634 1 63 1
2635 1 63 1
2636 0 -64 0
2637 0 -64 0
2638 1 63 1
2639 1 63 1
2640 1 63 1
2641 0 -64 0
2642 1 63 1
2643 0 -64 0
2644 0 -64 0
2645 0 -64 0
2646 1 63 1
2647 1 63 1
2648 0 -64 0
2649 1 63 1
2650 1 63 1
2651 1 63 1
2652 0 -64 0
2653 0 -64 0
2654 0 -64 0
2655 1 63 1
2656 0 -64 0
2657 0 -64 0
2658 1 63 1
2659 0 -64 0
2660 1 63 1
2661 0 -64 0
2662 1 63 1
2663 1 63 1
2664 0 -64 0
2665 1 63 1
2666 0 -64 0
2667 1 63 1
2668 0 -64 0
2669 1 63 1
2670 0 -64 0
2671 1 63 1
2672 1 63 1
2673 1 63 1
2674 0 -64 0
2675 1 63 1
2676 1 63 1
2677 1 63 1
2678 0 -64 0
2679 1 63 1
2680 0 -64 0
2681 1 63 1
2682 0 -64 0
2683 0 -64 0
2684 0 -64 0
2685 0 -64 0
2686 1 63 1
2687 1 63 1
2688 1 63 1
2689 1 63 1
2690 1 63 1
2691 1 63 1
2692 0 -64 0
2693 1 63 1
2694 1 63 1
2695 1 63 1
2696 1 63 1
2697 0 -64 0
2698 0 -64 0
2699 0 -64 0
2700 0 -64 0
2701 1 63 1
2702 0 -64 0
2703 0 -64 0
2704 1 63 1
2705 0 -64 0
2706 0 -64 0
2707 0 -64 0
2708 1 63 1
2709 0 -64 0
2710 0 -64 0
2711 1 63 1
2712 0 -64 0
2713 0 -64 0
2714 1 63 1
2715 1 63 1
2716 1 63 1
2717 1 63 1
2718 1 63 1
2719 1 63 1
2720 1 63 1
2721 1 63 1
2722 0 -64 0
2723 0 -64 0
2724 1 63 1
2725 0 -64 0
2726 0 -64 0
2727 1 63 1
2728 0 -64 0
2729 1 63 1
2730 1 63 1
2731 0 -64 0
2732 1 63 1
2733 1 63 1
2734 1 63 1
2735 1 63 1
2736 0 -64 0
2737 0 -64 0
2738 1 63 1
2739 1 63 1
2740 0 -64 0
2741 1 63 1
2742 0 -64 0
2743 1 63 1
2744 0 -64 0
2745 0 -64 0
2746 1 63 1
2747 0 -64 0
2748 0 -64 0
2749 0 -64 0
2750 0 -64 0
2751 0 -64 0
2752 1 63 1
2753 0 -64 0
2754 1 63 1
2755 1 63 1
2756 0 -64 0
2757 0 -64 0
2758 0 -64 0
2759 0 -64 0
2760 1 63 1
2761 1 63 1
2762 0 -64 0
2763 0 -64 0
2764 0 -64 0
2765 1 63 1
2766 0 -64 0
2767 0 -64 0
2768 1 63 1
2769 0 -64 0
2770 0 -64 0
2771 1 63 1
2772 1 63 1
2773 0 -64 0
2774 1 63 1
2775 0 -64 0
2776 1 63 1
2777 1 63 1
2778 0 -64 0
2779 1 63 1
2780 0 -64 0
2781 1 63 1
2782 0 -64 0
2783 0 -64 0
2784 1 63 1
2785 0 -64 0
2786 0 -64 0
2787 0 -64 0
2788 0 -64 0
2789 0 -64 0
2790 0 -64 0
2791 1 63 1
2792 1 63 1
2793 0 -64 0
2794 1 63 1
2795 1 63 1
2796 1 63 1
2797 0 -64 0
2798 0 -64 0
2799 1 63 1
2800 0 -64 0
2801 1 63 1
2802 1 63 1
2803 0 -64 0
2804 1 63 1
2805 1 63 1
2806 1 63 1
2807 0 -64 0
2808 1 63 1
2809 0 -64 0
2810 0 -64 0
2811 1 63 1
2812 1 63 1
2813 1 63 1
2814 0 -64 0
2815 0 -64 0
2816 0 -64 0
2817 0 -64 0
2818 1 63 1
2819 1 63 1
2820 1 63 1
2821 0 -64 0
2822 0 -64 0
2823 1 63 1
2824 0 -64 0
2825 0 -64 0
2826 1 63 1
2827 1 63 1
2828 0 -64 0
2829 0 -64 0
2830 0 -64 0
2831 1 63 1
2832 0 -64 0
2833 0 -64 0
2834 1 63 1
2835 0 -64 0
2836 0 -64 0
2837 1 63 1
2838 1 63 1
2839 0 -64 0
2840 1 63 1
2841 1 63 1
2842 1 63 1
2843 1 63 1
2844 0 -64 0
2845 0 -64 0
2846 0 -64 0
2847 1 63 1
2848 0 -64 0
2849 1 63 1
2850 0 -64 0
2851 1 63 1
2852 0 -64 0
2853 0 -64 0
2854 0 -64 0
2855 1 63 1
2856 1 63 1
2857 0 -64 0
2858 0 -64 0
2859 1 63 1
2860 0 -64 0
2861 1 63 1
2862 1 63 1
2863 0 -64 0
2864 1 63 1
2865 0 -64 0
2866 1 63 1
2867 0 -64 0
2868 1 63 1
2869 0 -64 0
2870 0 -64 0
2871 0 -64 0
2872 0 -64 0
2873 1 63 1
2874 1 63 1
2875 0 -64 0
2876 1 63 1
2877 0 -64 0
2878 1 63 1
2879 1 63 1
2880 0 -64 0
2881 1 63 1
2882 0 -64 0
2883 1 63 1
2884 0 -64 0
2885 1 63 1
2886 0 -64 0
2887 1 63 1
2888 0 -64 0
2889 0 -64 0
2890 0 -64 0
2891 1 63 1
2892 1 63 1
2893 1 63 1
2894 0 -64 0
2895 0 -64 0
2896 1 63 1
2897 0 -64 0
2898 0 -64 0
2899 1 63 1
2900 1 63 1
2901 1 63 1
2902 1 63 1
2903 1 63 1
2904 0 -64 0
2905 1 63 1
2906 1 63 1
2907 0 -64 0
2908 0 -64 0
2909 0 -64 0
2910 0 -64 0
2911 1 63 1
2912 1 63 1
2913 1 63 1
2914 0 -64 0
2915 0 -64 0
2916 0 -64 0
2917 1 63 1
2918 0 -64 0
2919 1 63 1
2920 0 -64 0
2921 0 -64 0
2922 1 63 1
2923 0 -64 0
2924 0 -64 0
2925 0 -64 0
2926 0 -64 0
2927 1 63 1
2928 0 -64 0
2929 1 63 1
2930 1 63 1
2931 0 -64 0
2932 0 -64 0
2933 0 -64 0
2934 1 63 1
2935 0 -64 0
2936 1 63 1
2937 1 63 1
2938 0 -64 0
2939 1 63 1
2940 0 -64 0
2941 1 63 1
2942 0 -64 0
2943 0 -64 0
2944 1 63 1
2945 0 -64 0
2946 1 63 1
2947 0 -64 0
2948 0 -64 0
2949 1 63 1
2950 0 -64 0
2951 0 -64 0
2952 1 63 1
2953 0 -64 0
2954 1 63 1
2955 0 -64 0
2956 0 -64 0
2957 0 -64 0
2958 0 -64 0
2959 1 63 1
2960 0 -64 0
2961 1 63 1
2962 1 63 1
2963 0 -64 0
2964 0 -64 0
2965 1 63 1
2966 0 -64 0
2967 1 63 1
2968 0 -64 0
2969 0 -64 0
2970 1 63 1
2971 0 -64 0
2972 1 63 1
2973 1 63 1
2974 1 63 1
2975 0 -64 0
2976 0 -64 0
2977 0 -64 0
2978 0 -64 0
2979 0 -64 0
2980 1 63 1
2981 1 63 1
2982 1 63 1
2983 0 -64 0
2984 0 -64 0
2985 0 -64 0
2986 0 -64 0
2987 1 63 1
2988 0 -64 0
2989 0 -64 0
2990 0 -64 0
2991 0 -64 0
2992 1 63 1
2993 0 -64 0
2994 0 -64 0
2995 1 63 1
2996 1 63 1
2997 1 63 1
2998 1 63 1
2999 1 63 1
3000 0 -64 0
3001 0 -64 0
3002 0 -64 0
3003 0 -64 0
3004 0 -64 0
3005 1 63 1
3006 1 63 1
3007 0 -64 0
3008 1 63 1
3009 0 -64 0
3010 0 -64 0
3011 1 63 1
3012 1 63 1
3013 0 -64 0
3014 0 -64 0
3015 1 63 1
3016 1 63 1
3017 1 63 1
3018 1 63 1
3019 1 63 1
3020 0 -64 0
3021 0 -64 0
3022 1 63 1
3023 1 63 1
3024 0 -64 0
3025 0 -64 0
3026 1 63 1
3027 0 -64 0
3028 1 63 1
3029 1 63 1
3030 0 -64 0
3031 0 -64 0
3032 1 63 1
3033 0 -64 0
3034 1 63 1
3035 0 -64 0
3036 1 63 1
3037 1 63 1
3038 0 -64 0
3039 0 -64 0
3040 1 63 1
3041 0 -64 0
3042 1 63 1
3043 1 63 1
3044 1 63 1
3045 1 63 1
3046 1 63 1
3047 0 -64 0
3048 0 -64 0
3049 0 -64 0
3050 0 -64 0
3051 0 -64 0
3052 0 -64 0
3053 0 -64 0
3054 0 -64 0
3055 1 63 1
3056 0 -64 0
3057 1 63 1
3058 0 -64 0
3059 1 63 1
3060 1 63 1
3061 1 63 1
3062 1 63 1
3063 0 -64 0
3064 0 -56 0
3065 1 59 1
3066 0 -48 0
3067 1 33 1
3068 1 45 1
3069 1 -10 0
3070 1 -19 0
3071 1 -35 0
3072 0 -40 0
3073 0 -40 0
3074 1 62 1
3075 1 63 1
3076 0 -49 0
3077 0 -47 0
3078 1 63 1
3079 1 63 1
3080 1 63 1
3081 0 -64 0
3082 0 -64 0
3083 0 -64 0
3084 0 -64 0
3085 0 -64 0
3086 0 -64 0
3087 0 -64 0
3088 0 -64 0
3089 0 -64 0
3090 1 63 1
3091 1 63 1
3092 0 -64 0
3093 0 -64 0
3094 0 -64 0
3095 0 -64 0
3096 1 63 1
3097 1 63 1
3098 0 -64 0
3099 1 63 1
3100 1 63 1
3101 0 -64 0
3102 0 -64 0
3103 1 63 1
3104 1 63 1
3105 0 -64 0
3106 1 63 1
3107 1 63 1
3108 0 -64 0
3109 0 -64 0
3110 1 63 1
3111 1 63 1
3112 1 63 1
3113 1 63 1
3114 1 63 1
3115 0 -64 0
3116 1 63 1
3117 0 -64 0
3118 0 -64 0
3119 1 63 1
3120 1 63 1
3121 1 63 1
3122 1 63 1
3123 1 63 1
3124 1 63 1
3125 0 -64 0
3126 1 63 1
3127 1 63 1
3128 1 63 1
3129 1 63 1
3130 1 63 1
3131 1 63 1
3132 0 -64 0
3133 0 -64 0
3134 0 -64 0
3135 0 -64 0
3136 0 -64 0
3137 0 -64 0
3138 1 63 1
3139 0 -64 0
3140 0 -64 0
3141 1 63 1
3142 1 63 1
3143 0 -64 0
3144 1 63 1
3145 1 63 1
3146 1 63 1
3147 1 63 1
3148 1 63 1
3149 1 63 1
3150 1 63 1
3151 0 -64 0
3152 1 63 1
3153 1 63 1
3154 1 63 1
3155 0 -64 0
3156 0 -64 0
3157 1 63 1
3158 0 -64 0
3159 1 63 1
3160 1 63 1
3161 0 -64 0
3162 1 63 1
3163 0 -64 0
3164 0 -64 0
3165 0 -64 0
3166 1 63 1
3167 0 -64 0
3168 0 -64 0
3169 1 63 1
3170 0 -64 0
3171 0 -64 0
3172 1 63 1
3173 1 63 1
3174 0 -64 0
3175 1 63 1
3176 0 -64 0
3177 1 63 1
3178 1 63 1
3179 1 63 1
3180 0 -64 0
3181 1 63 1
3182 0 -64 0
3183 0 -64 0
3184 0 -64 0
3185 1 63 1
3186 1 63 1
3187 1 63 1
3188 1 63 1
3189 0 -64 0
3190 0 -64 0
3191 0 -64 0
3192 0 -64 0
3193 1 63 1
3194 0 -64 0
3195 0 -64 0
3196 0 -64 0
3197 0 -64 0
3198 1 63 1
3199 1 63 1
3200 1 63 1
3201 1 63 1
3202 0 -64 0
3203 1 63 1
3204 0 -64 0
3205 0 -64 0
3206 1 63 1
3207 0 -64 0
3208 0 -64 0
3209 1 63 1
3210 0 -64 0
3211 0 -64 0
3212 1 63 1
3213 0 -64 0
3214 1 63 1
3215 1 63 1
3216 0 -64 0
3217 0 -64 0
3218 1 63 1
3219 0 -64 0
3220 0 -64 0
3221 1 63 1
3222 0 -64 0
3223 0 -64 0
3224 0 -64 0
3225 0 -64 0
3226 1 63 1
3227 0 -64 0
3228 0 -64 0
3229 1 63 1
3230 1 63 1
3231 1 63 1
3232 0 -64 0
3233 0 -64 0
3234 1 63 1
3235 1 63 1
3236 0 -64 0
3237 1 63 1
3238 0 -64 0
3239 0 -64 0
3240 1 63 1
3241 0 -64 0
3242 0 -64 0
3243 0 -64 0
3244 1 63 1
3245 1 63 1
3246 0 -64 0
3247 0 -64 0
3248 1 63 1
3249 0 -64 0
3250 0 -64 0
3251 0 -64 0
3252 1 63 1
3253 1 63 1
3254 1 63 1
3255 0 -64 0
3256 1 63 1
3257 1 63 1
3258 1 63 1
3259 1 63 1
3260 0 -64 0
3261 0 -64 0
3262 1 63 1
3263 0 -64 0
3264 0 -64 0
3265 1 63 1
3266 1 63 1
3267 0 -64 0
3268 0 -64 0
3269 1 63 1
3270 1 63 1
3271 1 63 1
3272 0 -64 0
3273 0 -64 0
3274 0 -64 0
3275 0 -64 0
3276 0 -64 0
3277 1 63 1
3278 1 63 1
3279 0 -64 0
3280 1 63 1
3281 1 63 1
3282 0 -64 0
3283 0 -64 0
3284 1 63 1
3285 1 63 1
3286 1 63 1
3287 0 -64 0
3288 1 63 1
3289 0 -64 0
3290 0 -64 0
3291 0 -64 0
3292 1 63 1
3293 1 63 1
3294 1 63 1
3295 1 63 1
3296 0 -64 0
3297 0 -64 0
3298 0 -64 0
3299 0 -64 0
3300 0 -64 0
3301 0 -64 0
3302 1 63 1
3303 1 63 1
3304 1 63 1
3305 1 63 1
3306 0 -64 0
3307 0 -64 0
3308 0 -64 0
3309 1 63 1
3310 1 63 1
3311 0 -64 0
3312 1 63 1
3313 1 63 1
3314 0 -64 0
3315 1 63 1
3316 0 -64 0
3317 1 63 1
3318 1 63 1
3319 0 -64 0
3320 0 -64 0
3321 1 63 1
3322 0 -64 0
3323 0 -64 0
3324 0 -64 0
3325 1 63 1
3326 1 63 1
3327 0 -64 0
3328 1 63 1
3329 1 63 1
3330 0 -64 0
3331 0 -64 0
3332 0 -64 0
3333 1 63 1
3334 0 -64 0
3335 1 63 1
3336 0 -64 0
3337 0 -64 0
3338 0 -64 0
3339 0 -64 0
3340 1 63 1
3341 1 63 1
3342 0 -64 0
3343 0 -64 0
3344 1 63 1
3345 1 63 1
3346 1 63 1
3347 0 -64 0
3348 0 -64 0
3349 0 -64 0
3350 0 -64 0
3351 0 -64 0
3352 0 -64 0
3353 0 -64 0
3354 1 63 1
3355 1 63 1
3356 0 -64 0
3357 0 -64 0
3358 0 -64 0
3359 0 -64 0
3360 0 -64 0
3361 1 63 1
3362 1 63 1
3363 0 -64 0
3364 1 63 1
3365 1 63 1
3366 1 63 1
3367 1 63 1
3368 1 63 1
3369 1 63 1
3370 1 63 1
3371 1 63 1
3372 1 63 1
3373 0 -64 0
3374 0 -64 0
3375 0 -64 0
3376 1 63 1
3377 1 63 1
3378 0 -64 0
3379 1 63 1
3380 0 -64 0
3381 0 -64 0
3382 0 -64 0
3383 1 63 1
3384 1 63 1
3385 0 -64 0
3386 1 63 1
3387 0 -64 0
3388 1 63 1
3389 1 63 1
3390 1 63 1
3391 1 63 1
3392 0 -64 0
3393 1 63 1
3394 0 -64 0
3395 1 63 1
3396 1 63 1
3397 1 63 1
3398 0 -64 0
3399 1 63 1
3400 1 63 1
3401 0 -64 0
3402 0 -64 0
3403 1 63 1
3404 1 63 1
3405 0 -64 0
3406 0 -64 0
3407 0 -64 0
3408 0 -64 0
3409 0 -64 0
3410 0 -64 0
3411 0 -64 0
3412 0 -64 0
3413 0 -64 0
3414 1 63 1
3415 0 -64 0
3416 1 63 1
3417 1 63 1
3418 1 63 1
3419 1 63 1
3420 1 63 1
3421 0 -64 0
3422 0 -64 0
3423 1 63 1
3424 1 63 1
3425 1 63 1
3426 0 -64 0
3427 0 -64 0
3428 0 -64 0
3429 0 -64 0
3430 1 63 1
3431 1 63 1
3432 1 63 1
3433 1 63 1
3434 1 63 1
3435 0 -64 0
3436 1 63 1
3437 1 63 1
3438 0 -64 0
3439 0 -64 0
3440 1 63 1
3441 0 -64 0
3442 1 63 1
3443 1 63 1
3444 0 -64 0
3445 1 63 1
3446 1 63 1
3447 0 -64 0
3448 1 63 1
3449 1 63 1
3450 0 -64 0
3451 0 -64 0
3452 1 63 1
3453 1 63 1
3454 0 -64 0
3455 0 -64 0
3456 0 -64 0
3457 0 -64 0
3458 0 -64 0
3459 0 -64 0
3460 1 63 1
3461 1 63 1
3462 1 63 1
3463 1 63 1
3464 1 63 1
3465 0 -64 0
3466 1 63 1
3467 0 -64 0
3468 1 63 1
3469 0 -64 0
3470 0 -64 0
3471 1 63 1
3472 0 -64 0
3473 0 -64 0
3474 0 -64 0
3475 0 -64 0
3476 1 63 1
3477 0 -64 0
3478 1 63 1
3479 0 -64 0
3480 1 63 1
3481 1 63 1
3482 1 63 1
3483 1 63 1
3484 0 -64 0
3485 0 -64 0
3486 1 63 1
3487 0 -64 0
3488 1 63 1
3489 1 63 1
3490 0 -64 0
3491 0 -64 0
3492 1 63 1
3493 1 63 1
3494 1 63 1
3495 1 63 1
3496 0 -64 0
3497 1 63 1
3498 0 -64 0
3499 1 63 1
3500 0 -64 0
3501 1 63 1
3502 0 -64 0
3503 0 -64 0
3504 0 -64 0
3505 0 -64 0
3506 1 63 1
3507 0 -64 0
3508 1 63 1
3509 1 63 1
3510 0 -64 0
3511 0 -64 0
3512 0 -64 0
3513 0 -64 0
3514 0 -64 0
3515 0 -64 0
3516 0 -64 0
3517 0 -64 0
3518 1 63 1
3519 1 63 1
3520 0 -64 0
3521 1 63 1
3522 0 -64 0
3523 1 63 1
3524 0 -64 0
3525 1 63 1
3526 0 -64 0
3527 1 63 1
3528 0 -64 0
3529 1 63 1
3530 0 -64 0
3531 1 63 1
3532 1 63 1
3533 0 -64 0
3534 0 -64 0
3535 1 63 1
3536 1 63 1
3537 1 63 1
3538 1 63 1
3539 1 63 1
3540 0 -64 0
3541 1 63 1
3542 0 -64 0
3543 0 -64 0
3544 1 63 1
3545 1 63 1
3546 0 -64 0
3547 0 -64 0
3548 1 63 1
3549 0 -64 0
3550 1 63 1
3551 1 63 1
3552 1 63 1
3553 0 -64 0
3554 1 63 1
3555 0 -64 0
3556 0 -64 0
3557 0 -64 0
3558 1 63 1
3559 0 -64 0
3560 1 63 1
3561 1 63 1
3562 0 -64 0
3563 1 63 1
3564 1 63 1
3565 1 63 1
3566 1 63 1
3567 0 -64 0
3568 0 -64 0
3569 0 -64 0
3570 0 -64 0
3571 1 63 1
3572 1 63 1
3573 1 63 1
3574 1 63 1
3575 1 63 1
3576 0 -64 0
3577 0 -64 0
3578 0 -64 0
3579 1 63 1
3580 0 -64 0
3581 1 63 1
3582 0 -64 0
3583 1 63 1
3584 1 63 1
3585 1 63 1
3586 0 -64 0
3587 1 63 1
3588 1 63 1
3589 1 63 1
3590 1 63 1
3591 1 63 1
3592 0 -64 0
3593 1 63 1
3594 1 63 1
3595 0 -64 0
3596 1 63 1
3597 1 63 1
3598 1 63 1
3599 1 63 1
3600 1 63 1
3601 0 -64 0
3602 1 63 1
3603 0 -64 0
3604 1 63 1
3605 0 -64 0
3606 0 -64 0
3607 1 63 1
3608 0 -64 0
3609 1 63 1
3610 0 -64 0
3611 1 63 1
3612 0 -64 0
3613 1 63 1
3614 1 63 1
3615 0 -64 0
3616 0 -64 0
3617 1 63 1
3618 0 -64 0
3619 0 -64 0
3620 0 -64 0
3621 1 63 1
3622 0 -64 0
3623 1 63 1
3624 1 63 1
3625 0 -64 0
3626 0 -64 0
3627 1 63 1
3628 0 -64 0
3629 0 -64 0
3630 1 63 1
3631 1 63 1
3632 0 -64 0
3633 0 -64 0
3634 1 63 1
3635 0 -64 0
3636 1 63 1
3637 0 -64 0
3638 1 63 1
3639 0 -64 0
3640 0 -64 0
3641 0 -64 0
3642 1 63 1
3643 0 -64 0
3644 0 -64 0
3645 1 63 1
3646 1 63 1
3647 1 63 1
3648 1 63 1
3649 0 -64 0
3650 0 -64 0
3651 1 63 1
3652 0 -64 0
3653 0 -64 0
3654 0 -64 0
3655 0 -64 0
3656 0 -64 0
3657 0 -64 0
3658 0 -64 0
3659 0 -64 0
3660 1 63 1
3661 1 63 1
3662 1 63 1
3663 0 -64 0
3664 0 -64 0
3665 0 -64 0
3666 1 63 1
3667 0 -64 0
3668 0 -64 0
3669 0 -64 0
3670 1 63 1
3671 1 63 1
3672 0 -64 0
3673 0 -64 0
3674 0 -64 0
3675 1 63 1
3676 1 63 1
3677 0 -64 0
3678 0 -64 0
3679 0 -64 0
3680 1 63 1
3681 1 63 1
3682 1 63 1
3683 0 -64 0
3684 0 -64 0
3685 0 -64 0
3686 1 63 1
3687 0 -64 0
3688 0 -64 0
3689 1 63 1
3690 1 63 1
3691 1 63 1
3692 1 63 1
3693 1 63 1
3694 0 -64 0
3695 1 63 1
3696 0 -64 0
3697 0 -64 0
3698 0 -64 0
3699 0 -64 0
3700 0 -64 0
3701 1 63 1
3702 1 63 1
3703 0 -64 0
3704 1 63 1
3705 0 -64 0
3706 1 63 1
3707 1 63 1
3708 0 -64 0
3709 0 -64 0
3710 0 -64 0
3711 0 -64 0
3712 1 63 1
3713 0 -64 0
3714 0 -64 0
3715 1 63 1
3716 0 -64 0
3717 0 -64 0
3718 1 63 1
3719 0 -64 0
3720 1 63 1
3721 0 -64 0
3722 0 -64 0
3723 1 63 1
3724 1 63 1
3725 0 -64 0
3726 0 -64 0
3727 0 -64 0
3728 0 -64 0
3729 1 63 1
3730 1 63 1
3731 0 -64 0
3732 1 63 1
3733 1 63 1
3734 1 63 1
3735 0 -64 0
3736 0 -64 0
3737 0 -64 0
3738 0 -64 0
3739 0 -64 0
3740 0 -64 0
3741 1 63 1
3742 1 63 1
3743 1 63 1
3744 1 63 1
3745 0 -64 0
3746 0 -64 0
3747 1 63 1
3748 0 -64 0
3749 1 63 1
3750 0 -64 0
3751 1 63 1
3752 0 -64 0
3753 1 63 1
3754 0 -64 0
3755 0 -64 0
3756 1 63 1
3757 0 -64 0
3758 1 63 1
3759 1 63 1
3760 0 -64 0
3761 0 -64 0
3762 1 63 1
3763 1 63 1
3764 0 -64 0
3765 0 -64 0
3766 1 63 1
3767 0 -64 0
3768 1 63 1
3769 1 63 1
3770 0 -64 0
3771 0 -64 0
3772 0 -64 0
3773 1 63 1
3774 0 -64 0
3775 0 -64 0
3776 0 -64 0
3777 1 63 1
3778 0 -64 0
3779 0 -64 0
3780 1 63 1
3781 0 -64 0
3782 1 63 1
3783 1 63 1
3784 0 -64 0
3785 0 -64 0
3786 1 63 1
3787 0 -64 0
3788 1 63 1
3789 1 63 1
3790 1 63 1
3791 1 63 1
3792 1 63 1
3793 0 -64 0
3794 0 -64 0
3795 1 63 1
3796 1 63 1
3797 1 63 1
3798 0 -64 0
3799 0 -64 0
3800 1 63 1
3801 1 63 1
3802 1 63 1
3803 0 -64 0
3804 1 63 1
3805 0 -64 0
3806 0 -64 0
3807 0 -64 0
3808 0 -64 0
3809 1 63 1
3810 1 63 1
3811 0 -64 0
3812 1 63 1
3813 1 63 1
3814 1 63 1
3815 1 63 1
3816 0 -64 0
3817 1 63 1
3818 0 -64 0
3819 0 -64 0
3820 1 63 1
3821 0 -64 0
3822 1 63 1
3823 0 -64 0
3824 1 63 1
3825 0 -64 0
3826 1 63 1
3827 0 -64 0
3828 1 63 1
3829 1 63 1
3830 1 63 1
3831 0 -64 0
3832 0 -64 0
3833 0 -64 0
3834 1 63 1
3835 0 -53 0
3836 0 -64 0
3837 1 62 1
3838 0 -61 0
3839 1 49 1
3840 0 -39 0
3841 1 42 1
3842 1 52 1
3843 0 -52 0
3844 0 -64 0
3845 1 63 1
3846 0 -64 0
3847 1 63 1
3848 0 -64 0
3849 0 -64 0
3850 0 -64 0
3851 1 63 1
3852 1 63 1
3853 0 -64 0
3854 0 -64 0
3855 1 63 1
3856 1 63 1
3857 0 -64 0
3858 0 -64 0
3859 0 -64 0
3860 0 -64 0
3861 1 63 1
3862 1 63 1
3863 0 -64 0
3864 1 63 1
3865 0 -64 0
3866 1 63 1
3867 1 63 1
3868 0 -64 0
3869 1 63 1
3870 0 -64 0
3871 1 63 1
3872 0 -64 0
3873 0 -64 0
3874 1 63 1
3875 1 63 1
3876 0 -64 0
3877 0 -64 0
3878 1 63 1
3879 1 63 1
3880 0 -64 0
3881 0 -64 0
3882 1 63 1
3883 1 63 1
3884 0 -64 0
3885 0 -64 0
3886 1 63 1
3887 1 63 1
3888 1 63 1
3889 0 -64 0
3890 0 -64 0
3891 0 -64 0
3892 1 63 1
3893 1 63 1
3894 1 63 1
3895 0 -64 0
3896 0 -64 0
3897 1 63 1
3898 1 63 1
3899 0 -64 0
3900 0 -64 0
3901 1 63 1
3902 0 -64 0
3903 0 -64 0
3904 0 -64 0
3905 0 -64 0
3906 0 -64 0
3907 0 -64 0
3908 0 -64 0
3909 0 -64 0
3910 0 -64 0
3911 0 -64 0
3912 1 63 1
3913 0 -64 0
3914 1 63 1
3915 1 63 1
3916 0 -64 0
3917 1 63 1
3918 1 63 1
3919 1 63 1
3920 0 -64 0
3921 1 63 1
3922 1 63 1
3923 0 -64 0
3924 0 -64 0
3925 0 -64 0
3926 1 63 1
3927 1 63 1
3928 1 63 1
3929 1 63 1
3930 0 -64 0
3931 1 63 1
3932 1 63 1
3933 1 63 1
3934 1 63 1
3935 0 -64 0
3936 0 -64 0
3937 1 63 1
3938 0 -64 0
3939 0 -64 0
3940 1 63 1
3941 1 63 1
3942 1 63 1
3943 0 -64 0
3944 0 -64 0
3945 1 63 1
3946 1 63 1
3947 0 -64 0
3948 0 -64 0
3949 1 63 1
3950 0 -64 0
3951 0 -64 0
3952 0 -64 0
3953 0 -64 0
3954 1 63 1
3955 0 -64 0
3956 1 63 1
3957 0 -64 0
3958 0 -64 0
3959 0 -64 0
3960 0 -64 0
3961 0 -64 0
3962 0 -64 0
3963 0 -64 0
3964 0 -64 0
3965 1 63 1
3966 1 63 1
3967 1 63 1
3968 1 63 1
3969 0 -64 0
3970 1 63 1
3971 1 63 1
3972 1 63 1
3973 0 -64 0
3974 1 63 1
3975 1 63 1
3976 0 -64 0
3977 1 63 1
3978 0 -64 0
3979 1 63 1
3980 1 63 1
3981 1 63 1
3982 1 63 1
3983 0 -64 0
3984 1 63 1
3985 1 63 1
3986 1 63 1
3987 1 63 1
3988 0 -64 0
3989 0 -64 0
3990 1 63 1
3991 0 -64 0
3992 0 -64 0
3993 0 -64 0
3994 0 -64 0
3995 0 -64 0
3996 1 63 1
3997 0 -64 0
3998 1 63 1
3999 0 -64 0
4000 1 63 1
4001 0 -64 0
4002 1 63 1
4003 0 -64 0
4004 0 -64 0
4005 1 63 1
4006 1 63 1
4007 1 63 1
4008 0 -64 0
4009 1 63 1
4010 0 -64 0
4011 1 63 1
4012 0 -64 0
4013 1 63 1
4014 1 63 1
4015 1 63 1
4016 1 63 1
4017 0 -64 0
4018 0 -64 0
4019 1 63 1
4020 0 -64 0
4021 1 63 1
4022 1 63 1
4023 0 -64 0
4024 0 -64 0
4025 0 -64 0
4026 1 63 1
4027 1 63 1
4028 0 -64 0
4029 1 63 1
4030 1 63 1
4031 1 63 1
4032 0 -64 0
4033 1 63 1
4034 1 63 1
4035 0 -64 0
4036 0 -64 0
4037 1 63 1
4038 1 63 1
4039 0 -64 0
4040 0 -64 0
4041 1 63 1
4042 0 -64 0
4043 1 63 1
4044 0 -64 0
4045 1 63 1
4046 0 -64 0
4047 1 63 1
4048 0 -64 0
4049 0 -64 0
4050 1 63 1
4051 0 -64 0
4052 0 -64 0
4053 1 63 1
4054 0 -64 0
4055 1 63 1
4056 0 -64 0
4057 1 63 1
4058 1 63 1
4059 0 -64 0
4060 1 63 1
4061 0 -64 0
4062 0 -64 0
4063 0 -64 0
4064 0 -64 0
4065 1 63 1
4066 1 63 1
4067 1 63 1
4068 1 63 1
4069 0 -64 0
4070 1 63 1
4071 1 63 1
4072 1 63 1
4073 0 -64 0
4074 1 63 1
4075 1 63 1
4076 1 63 1
4077 1 63 1
4078 1 63 1
4079 1 63 1
4080 1 63 1
4081 1 63 1
4082 0 -64 0
4083 0 -64 0
4084 0 -64 0
4085 1 63 1
4086 0 -64 0
4087 0 -64 0
4088 1 63 1
4089 1 63 1
4090 1 63 1
4091 0 -64 0
4092 0 -64 0
4093 1 63 1
4094 1 63 1
4095 0 -64 0
4096 1 63 1
4097 1 63 1
4098 1 63 1
4099 1 63 1
4100 1 63 1
4101 1 63 1
4102 0 -64 0
4103 1 63 1
4104 0 -64 0
4105 0 -64 0
4106 0 -64 0
4107 1 63 1
4108 1 63 1
4109 1 63 1
4110 0 -64 0
4111 1 63 1
4112 1 63 1
4113 0 -64 0
4114 0 -64 0
4115 0 -64 0
4116 0 -64 0
4117 0 -64 0
4118 0 -64 0
4119 1 63 1
4120 0 -64 0
4121 1 63 1
4122 1 63 1
4123 1 63 1
4124 1 63 1
4125 0 -64 0
4126 1 63 1
4127 1 63 1
4128 0 -64 0
4129 0 -64 0
4130 1 63 1
4131 0 -42 0
4132 0 -64 0
4133 1 63 1
4134 0 -64 0
4135 0 63 1
4136 1 -64 0
4137 0 -64 0
4138 1 -42 0
4139 1 63 1
4140 0 -64 0
4141 1 63 1
4142 0 -64 0
4143 0 -64 0
4144 1 63 1
4145 0 -64 0
4146 1 63 1
4147 1 63 1
4148 0 -64 0
4149 0 -64 0
4150 0 -64 0
4151 1 63 1
4152 0 -64 0
4153 1 63 1
4154 0 -64 0
4155 0 -64 0
4156 0 -64 0
4157 1 63 1
4158 1 63 1
4159 0 -64 0
4160 1 63 1
4161 1 63 1
4162 0 -64 0
4163 0 -64 0
4164 1 63 1
4165 1 63 1
4166 0 -64 0
4167 0 -64 0
4168 0 -64 0
4169 1 63 1
4170 0 -64 0
4171 0 -64 0
4172 1 63 1
4173 1 63 1
4174 0 -64 0
4175 1 63 1
4176 1 63 1
4177 1 63 1
4178 0 -64 0
4179 1 63 1
4180 0 -64 0
4181 1 63 1
4182 0 -64 0
4183 0 -64 0
4184 0 -64 0
4185 0 -64 0
4186 0 -64 0
4187 1 63 1
4188 1 63 1
4189 0 -64 0
4190 0 -64 0
4191 0 -64 0
4192 1 63 1
4193 1 63 1
4194 0 -64 0
4195 0 -64 0
4196 0 -64 0
4197 1 63 1
4198 1 63 1
4199 0 -64 0
4200 0 -64 0
4201 1 63 1
4202 0 -64 0
4203 0 -64 0
4204 0 -64 0
4205 0 -64 0
4206 1 63 1
4207 0 -64 0
4208 1 63 1
4209 1 63 1
4210 1 63 1
4211 0 -64 0
4212 1 63 1
4213 1 63 1
4214 0 -64 0
4215 0 -64 0
4216 1 63 1
4217 1 63 1
4218 1 63 1
4219 1 63 1
4220 1 63 1
4221 1 63 1
4222 1 63 1
4223 0 -64 0
4224 0 -64 0
4225 0 -64 0
4226 0 -64 0
4227 1 63 1
4228 0 -64 0
4229 0 -64 0
4230 1 63 1
4231 0 -64 0
4232 1 63 1
4233 0 -64 0
4234 1 63 1
4235 1 63 1
4236 0 -64 0
4237 0 -64 0
4238 0 -64 0
4239 0 -64 0
4240 1 63 1
4241 0 -64 0
4242 1 63 1
4243 0 -64 0
4244 0 -64 0
4245 1 63 1
4246 1 63 1
4247 0 -64 0
4248 0 -64 0
4249 1 63 1
4250 0 -64 0
4251 0 -64 0
4252 0 -64 0
4253 0 -64 0
4254 1 63 1
4255 0 -64 0
4256 1 63 1
4257 0 -64 0
4258 0 -64 0
4259 1 63 1
4260 0 -64 0
4261 0 -64 0
4262 1 63 1
4263 1 63 1
4264 1 63 1
4265 0 -64 0
4266 1 63 1
4267 0 -64 0
4268 0 -64 0
4269 1 63 1
4270 0 -64 0
4271 0 -64 0
4272 1 63 1
4273 0 -64 0
4274 1 63 1
4275 1 63 1
4276 0 -64 0
4277 0 -64 0
4278 1 63 1
4279 0 -64 0
4280 0 -64 0
4281 0 -64 0
4282 0 -64 0
4283 0 -64 0
4284 0 -64 0
4285 1 63 1
4286 1 63 1
4287 1 63 1
4288 1 63 1
4289 1 63 1
4290 0 -64 0
4291 0 -64 0
4292 1 63 1
4293 0 -64 0
4294 1 63 1
4295 1 63 1
4296 1 63 1
4297 0 -64 0
4298 0 -64 0
4299 1 63 1
4300 1 63 1
4301 0 -64 0
4302 1 63 1
4303 0 -64 0
4304 0 -64 0
4305 0 -64 0
4306 0 -64 0
4307 0 -64 0
4308 0 -64 0
4309 1 63 1
4310 0 -64 0
4311 1 63 1
4312 1 63 1
4313 0 -64 0
4314 1 63 1
4315 1 63 1
4316 0 -64 0
4317 0 -64 0
4318 0 -64 0
4319 0 -64 0
4320 1 63 1
4321 1 63 1
4322 0 -64 0
4323 1 63 1
4324 0 -64 0
4325 1 63 1
4326 1 63 1
4327 0 -64 0
4328 1 63 1
4329 1 63 1
4330 0 -64 0
4331 1 63 1
4332 0 -64 0
4333 0 -64 0
4334 0 -64 0
4335 0 -64 0
4336 1 63 1
4337 1 63 1
4338 0 -64 0
4339 1 63 1
4340 1 63 1
4341 1 63 1
4342 1 63 1
4343 1 63 1
4344 1 63 1
4345 0 -64 0
4346 0 -64 0
4347 1 63 1
4348 1 63 1
4349 1 63 1
4350 0 -64 0
4351 1 63 1
4352 0 -64 0
4353 0 -64 0
4354 0 -64 0
4355 1 63 1
4356 1 63 1
4357 0 -64 0
4358 1 63 1
4359 0 -64 0
4360 1 63 1
4361 0 -64 0
4362 1 63 1
4363 1 63 1
4364 1 63 1
4365 0 -64 0
4366 0 -64 0
4367 0 -64 0
4368 1 63 1
4369 1 63 1
4370 0 -64 0
4371 0 -64 0
4372 1 63 1
4373 1 63 1
4374 0 -64 0
4375 1 63 1
4376 0 -64 0
4377 1 63 1
4378 1 63 1
4379 0 -64 0
4380 1 63 1
4381 0 -64 0
4382 1 63 1
4383 1 63 1
4384 1 63 1
4385 1 63 1
4386 0 -64 0
4387 0 -64 0
4388 1 63 1
4389 0 -64 0
4390 0 -64 0
4391 1 63 1
4392 1 63 1
4393 1 63 1
4394 1 63 1
4395 0 -64 0
4396 0 -64 0
4397 0 -64 0
4398 1 63 1
4399 1 63 1
4400 0 -64 0
4401 0 -64 0
4402 1 63 1
4403 0 -64 0
4404 0 -64 0
4405 1 63 1
4406 1 63 1
4407 1 63 1
4408 0 -64 0
4409 0 -64 0
4410 1 63 1
4411 1 63 1
4412 1 63 1
4413 1 63 1
4414 1 63 1
4415 0 -64 0
4416 1 63 1
4417 1 63 1
4418 0 -64 0
4419 0 -64 0
4420 1 63 1
4421 0 -64 0
4422 1 63 1
4423 0 -64 0
4424 1 63 1
4425 0 -64 0
4426 0 -64 0
4427 0 -64 0
4428 0 -64 0
4429 0 -64 0
4430 0 -64 0
4431 1 63 1
4432 0 -64 0
4433 0 -64 0
4434 0 -64 0
4435 1 63 1
4436 1 63 1
4437 1 63 1
4438 1 63 1
4439 1 63 1
4440 0 -64 0
4441 0 -64 0
4442 1 63 1
4443 1 63 1
4444 1 63 1
4445 0 -64 0
4446 0 -64 0
4447 0 -64 0
4448 1 63 1
4449 0 -64 0
4450 0 -64 0
4451 1 63 1
4452 0 -64 0
4453 0 -64 0
4454 1 63 1
4455 0 -64 0
4456 0 -64 0
4457 0 -64 0
4458 1 63 1
4459 1 63 1
4460 0 -64 0
4461 0 -64 0
4462 0 -64 0
4463 0 -64 0
4464 1 63 1
4465 0 -64 0
4466 0 -64 0
4467 0 -64 0
4468 0 -64 0
4469 0 -64 0
4470 0 -64 0
4471 1 63 1
4472 0 -64 0
4473 0 -64 0
4474 0 -64 0
4475 0 -64 0
4476 0 -64 0
4477 0 -64 0
4478 1 63 1
4479 1 63 1
4480 1 63 1
4481 0 -64 0
4482 1 63 1
4483 1 63 1
4484 1 63 1
4485 1 63 1
4486 1 63 1
4487 1 63 1
4488 0 -64 0
4489 1 63 1
4490 0 -64 0
4491 1 63 1
4492 0 -64 0
4493 1 63 1
4494 1 63 1
4495 0 -64 0
4496 0 -64 0
4497 1 63 1
4498 1 63 1
4499 1 63 1
4500 1 63 1
4501 0 -64 0
4502 0 -64 0
4503 1 63 1
4504 1 63 1
4505 0 -64 0
4506 1 63 1
4507 0 -64 0
4508 0 -64 0
4509 0 -64 0
4510 1 63 1
4511 0 -64 0
4512 1 63 1
4513 0 -64 0
4514 0 -64 0
4515 1 63 1
4516 1 63 1
4517 0 -64 0
4518 0 -64 0
4519 1 63 1
4520 1 63 1
4521 0 -64 0
4522 1 63 1
4523 0 -64 0
4524 1 63 1
4525 0 -64 0
4526 1 63 1
4527 0 -64 0
4528 0 -64 0
4529 0 -64 0
4530 1 63 1
4531 0 -64 0
4532 1 63 1
4533 0 -64 0
4534 1 63 1
4535 1 63 1
4536 1 63 1
4537 0 -64 0
4538 1 63 1
4539 1 63 1
4540 0 -64 0
4541 0 -64 0
4542 1 63 1
4543 0 -64 0
4544 0 -64 0
4545 0 -64 0
4546 1 63 1
4547 1 63 1
4548 1 63 1
4549 1 63 1
4550 0 -64 0
4551 1 63 1
4552 1 63 1
4553 0 -64 0
4554 1 63 1
4555 1 63 1
4556 0 -64 0
4557 0 -64 0
4558 0 -64 0
4559 1 63 1
4560 1 63 1
4561 1 63 1
4562 1 63 1
4563 1 63 1
4564 0 -64 0
4565 0 -64 0
4566 1 63 1
4567 0 -64 0
4568 0 -64 0
4569 1 63 1
4570 0 -64 0
4571 0 -64 0
4572 0 -64 0
4573 0 -64 0
4574 1 63 1
4575 1 63 1
4576 0 -64 0
4577 0 -64 0
4578 1 63 1
4579 1 63 1
4580 0 -64 0
4581 0 -64 0
4582 1 63 1
4583 0 -64 0
4584 0 -64 0
4585 1 63 1
4586 0 -64 0
4587 1 63 1
4588 0 -64 0
4589 1 63 1
4590 0 -64 0
4591 0 -64 0
4592 0 -64 0
4593 0 -64 0
4594 1 63 1
4595 1 63 1
4596 0 -64 0
4597 1 63 1
4598 0 -64 0
4599 0 -64 0
4600 0 -64 0
4601 1 63 1
4602 0 -64 0
4603 0 -64 0
4604 0 -55 0
4605 0 -59 0
4606 0 -56 0
4607 1 51 1
4608 1 37 1
4609 0 -60 0
4610 0 -64 0
4611 0 -47 0
4612 0 -58 0
4613 1 63 1
4614 1 57 1
4615 1 63 1
4616 1 63 1
4617 1 63 1
4618 0 -64 0
4619 1 63 1
4620 0 -64 0
4621 0 -64 0
4622 0 -64 0
4623 1 63 1
4624 0 -64 0
4625 1 63 1
4626 0 -64 0
4627 0 -64 0
4628 1 63 1
4629 1 63 1
4630 0 -64 0
4631 0 -64 0
4632 0 -64 0
4633 0 -64 0
4634 1 63 1
4635 1 63 1
4636 0 -64 0
4637 1 63 1
4638 0 -64 0
4639 1 63 1
4640 0 -64 0
4641 0 -64 0
4642 0 -64 0
4643 1 63 1
4644 0 -64 0
4645 0 -64 0
4646 1 63 1
4647 1 63 1
4648 0 -64 0
4649 0 -64 0
4650 0 -64 0
4651 0 -64 0
4652 0 -64 0
4653 1 63 1
4654 0 -64 0
4655 1 63 1
4656 0 -64 0
4657 1 63 1
4658 1 63 1
4659 1 63 1
4660 0 -64 0
4661 0 -64 0
4662 1 63 1
4663 0 -64 0
4664 1 63 1
4665 0 -64 0
4666 0 -64 0
4667 0 -64 0
4668 0 -64 0
4669 0 -64 0
4670 1 63 1
4671 1 63 1
4672 0 -64 0
4673 1 63 1
4674 1 63 1
4675 0 -64 0
4676 0 -64 0
4677 1 63 1
4678 0 -64 0
4679 1 63 1
4680 0 -64 0
4681 1 63 1
4682 1 63 1
4683 0 -64 0
4684 0 -64 0
4685 0 -64 0
4686 0 -64 0
4687 0 -64 0
4688 1 63 1
4689 0 -64 0
4690 0 -64 0
4691 1 63 1
4692 1 63 1
4693 0 -64 0
4694 0 -64 0
4695 0 -64 0
4696 0 -64 0
4697 0 -64 0
4698 1 63 1
4699 1 63 1
4700 1 63 1
4701 0 -64 0
4702 1 63 1
4703 0 -64 0
4704 0 -64 0
4705 1 63 1
4706 0 -64 0
4707 0 -64 0
4708 0 -64 0
4709 1 63 1
4710 0 -64 0
4711 0 -64 0
4712 1 63 1
4713 0 -64 0
4714 0 -64 0
4715 0 -64 0
4716 1 63 1
4717 0 -64 0
4718 0 -64 0
4719 1 63 1
4720 1 63 1
4721 0 -64 0
4722 1 63 1
4723 1 63 1
4724 0 -64 0
4725 0 -64 0
4726 0 -64 0
4727 1 63 1
4728 0 -64 0
4729 0 -64 0
4730 0 -64 0
4731 0 -64 0
4732 0 -64 0
4733 1 63 1
4734 1 63 1
4735 0 -64 0
4736 1 63 1
4737 0 -64 0
4738 1 63 1
4739 1 63 1
4740 1 63 1
4741 1 63 1
4742 0 -64 0
4743 1 63 1
4744 0 -64 0
4745 1 63 1
4746 1 63 1
4747 1 63 1
4748 0 -64 0
4749 0 -64 0
4750 1 63 1
4751 0 -64 0
4752 0 -64 0
4753 1 63 1
4754 1 63 1
4755 1 63 1
4756 0 -64 0
4757 1 63 1
4758 1 63 1
4759 1 63 1
4760 0 -64 0
4761 0 -64 0
4762 0 -64 0
4763 0 -64 0
4764 0 -64 0
4765 0 -64 0
4766 0 -64 0
4767 0 -64 0
4768 1 63 1
4769 1 63 1
4770 0 -64 0
4771 0 -64 0
4772 0 -64 0
4773 1 63 1
4774 0 -64 0
4775 0 -64 0
4776 0 -64 0
4777 0 -64 0
4778 1 63 1
4779 1 63 1
4780 0 -64 0
4781 1 63 1
4782 0 -64 0
4783 0 -64 0
4784 0 -64 0
4785 0 -64 0
4786 1 63 1
4787 1 63 1
4788 0 -64 0
4789 1 63 1
4790 0 -64 0
4791 1 63 1
4792 1 63 1
4793 0 -64 0
4794 0 -64 0
4795 1 63 1
4796 0 -64 0
4797 0 -64 0
4798 1 63 1
4799 1 63 1
4800 0 -64 0
4801 1 63 1
4802 1 63 1
4803 0 -64 0
4804 0 -64 0
4805 1 63 1
4806 1 63 1
4807 0 -64 0
4808 1 63 1
4809 1 63 1
4810 0 -64 0
4811 0 -64 0
4812 1 63 1
4813 0 -64 0
4814 1 63 1
4815 1 63 1
4816 0 -64 0
4817 1 63 1
4818 0 -64 0
4819 1 63 1
4820 0 -64 0
4821 1 63 1
4822 1 63 1
4823 1 63 1
4824 1 63 1
4825 0 -64 0
4826 0 -64 0
4827 0 -64 0
4828 0 -64 0
4829 0 -64 0
4830 1 63 1
4831 1 63 1
4832 1 63 1
4833 1 63 1
4834 1 63 1
4835 0 -64 0
4836 1 63 1
4837 1 63 1
4838 0 -64 0
4839 0 -64 0
4840 0 -64 0
4841 1 63 1
4842 0 -64 0
4843 1 63 1
4844 1 63 1
4845 0 -64 0
4846 1 63 1
4847 1 63 1
4848 0 -64 0
4849 1 63 1
4850 0 -64 0
4851 0 -64 0
4852 0 -64 0
4853 1 63 1
4854 0 -64 0
4855 1 63 1
4856 1 63 1
4857 1 63 1
4858 1 63 1
4859 1 63 1
4860 1 63 1
4861 1 63 1
4862 1 63 1
4863 0 -64 0
4864 0 -64 0
4865 1 63 1
4866 0 -64 0
4867 0 -64 0
4868 1 63 1
4869 0 -64 0
4870 0 -64 0
4871 1 63 1
4872 1 63 1
4873 1 63 1
4874 1 63 1
4875 0 -64 0
4876 1 63 1
4877 0 -64 0
4878 1 63 1
4879 0 -64 0
4880 0 -64 0
4881 1 63 1
4882 0 -64 0
4883 1 63 1
4884 1 63 1
4885 1 63 1
4886 0 -64 0
4887 1 63 1
4888 1 63 1
4889 0 -64 0
4890 0 -64 0
4891 0 -64 0
4892 0 -64 0
4893 0 -64 0
4894 1 63 1
4895 1 63 1
4896 0 -64 0
4897 0 -64 0
4898 1 63 1
4899 1 63 1
4900 1 63 1
4901 0 -64 0
4902 1 63 1
4903 1 63 1
4904 0 -64 0
4905 1 63 1
4906 1 63 1
4907 1 63 1
4908 0 -64 0
4909 1 63 1
4910 1 63 1
4911 0 -64 0
4912 0 -64 0
4913 1 63 1
4914 1 63 1
4915 0 -64 0
4916 0 -64 0
4917 0 -64 0
4918 0 -64 0
4919 0 -64 0
4920 0 -64 0
4921 0 -64 0
4922 1 63 1
4923 1 63 1
4924 0 -64 0
4925 1 63 1
4926 0 -64 0
4927 0 -64 0
4928 1 63 1
4929 0 -64 0
4930 0 -64 0
4931 1 63 1
4932 1 63 1
4933 1 63 1
4934 1 63 1
4935 1 63 1
4936 0 -64 0
4937 0 -64 0
4938 0 -64 0
4939 1 63 1
4940 1 63 1
4941 0 -64 0
4942 1 63 1
4943 1 63 1
4944 1 63 1
4945 1 63 1
4946 0 -64 0
4947 1 63 1
4948 1 63 1
4949 1 63 1
4950 1 63 1
4951 1 63 1
4952 0 -64 0
4953 0 -64 0
4954 1 63 1
4955 0 -64 0
4956 1 63 1
4957 0 -64 0
4958 1 63 1
4959 0 -64 0
4960 0 -64 0
4961 1 63 1
4962 1 63 1
4963 0 -64 0
4964 0 -64 0
4965 1 63 1
4966 0 -64 0
4967 0 -64 0
4968 0 -64 0
4969 0 -64 0
4970 0 -64 0
4971 1 63 1
4972 0 -64 0
4973 0 -64 0
4974 0 -64 0
4975 1 63 1
4976 0 -64 0
4977 1 63 1
4978 1 63 1
4979 1 63 1
4980 0 -64 0
4981 0 -64 0
4982 1 63 1
4983 0 -64 0
4984 1 63 1
4985 1 63 1
4986 1 63 1
4987 0 -64 0
4988 0 -64 0
4989 1 63 1
4990 0 -64 0
4991 1 63 1
4992 0 -64 0
4993 1 63 1
4994 1 63 1
4995 0 -64 0
4996 1 63 1
4997 1 63 1
4998 1 63 1
4999 1 63 1
5000 1 63 1
5001 1 63 1
5002 1 63 1
5003 0 -64 0
5004 0 -64 0
5005 0 -64 0
5006 1 63 1
5007 0 -64 0
5008 1 63 1
5009 1 63 1
5010 1 63 1
5011 0 -64 0
5012 1 63 1
5013 0 -64 0
5014 0 -64 0
5015 1 63 1
5016 1 63 1
5017 0 -64 0
5018 1 63 1
5019 0 -64 0
5020 0 -64 0
5021 1 63 1
5022 1 63 1
5023 0 -64 0
5024 0 -64 0
5025 0 -64 0
5026 0 -64 0
5027 0 -64 0
5028 1 63 1
5029 1 63 1
5030 1 63 1
5031 0 -64 0
5032 1 63 1
5033 0 -64 0
5034 1 63 1
5035 0 -64 0
5036 1 63 1
5037 1 63 1
5038 1 63 1
5039 0 -64 0
5040 0 -64 0
5041 1 63 1
5042 0 -64 0
5043 0 -64 0
5044 0 -64 0
5045 1 63 1
5046 1 63 1
5047 0 -64 0
5048 1 63 1
5049 0 -64 0
5050 0 -64 0
5051 1 63 1
5052 0 -64 0
5053 0 -64 0
5054 1 63 1
5055 1 63 1
5056 1 63 1
5057 1 63 1
5058 0 -64 0
5059 0 -64 0
5060 0 -64 0
5061 0 -64 0
5062 1 63 1
5063 1 63 1
5064 0 -64 0
5065 1 63 1
5066 0 -64 0
5067 0 -64 0
5068 1 63 1
5069 0 -64 0
5070 1 63 1
5071 0 -64 0
5072 1 63 1
5073 0 -64 0
5074 1 63 1
5075 0 -64 0
5076 0 -64 0
5077 0 -64 0
5078 1 63 1
5079 0 -64 0
5080 0 -64 0
5081 0 -64 0
5082 0 -64 0
5083 1 63 1
5084 1 63 1
5085 1 63 1
5086 0 -64 0
5087 0 -64 0
5088 1 63 1
5089 1 63 1
5090 0 -64 0
5091 1 63 1
5092 0 -64 0
5093 1 63 1
5094 1 63 1
5095 1 63 1
5096 1 63 1
5097 0 -64 0
5098 1 63 1
5099 1 63 1
5100 1 63 1
5101 1 63 1
5102 0 -64 0
5103 0 -64 0
5104 0 -64 0
5105 0 -64 0
5106 0 -64 0
5107 1 63 1
5108 1 63 1
5109 0 -64 0
5110 0 -64 0
5111 0 -64 0
5112 0 -64 0
5113 0 -64 0
5114 1 63 1
5115 1 63 1
5116 1 63 1
5117 0 -64 0
5118 1 63 1
5119 1 63 1
5120 1 63 1
5121 0 -64 0
5122 1 63 1
5123 0 -64 0
5124 0 -64 0
5125 0 -64 0
5126 0 -64 0
5127 0 -64 0
5128 1 63 1
5129 0 -64 0
5130 0 -64 0
5131 1 63 1
5132 0 -64 0
5133 0 -64 0
5134 1 63 1
5135 1 63 1
5136 1 63 1
5137 1 63 1
5138 0 -64 0
5139 1 63 1
5140 1 63 1
5141 1 63 1
5142 1 63 1
5143 0 -64 0
5144 1 63 1
5145 1 63 1
5146 0 -64 0
5147 1 63 1
5148 0 -64 0
5149 0 -64 0
5150 0 -64 0
5151 1 63 1
5152 0 -64 0
5153 1 63 1
5154 1 63 1
5155 1 63 1
5156 1 63 1
5157 1 63 1
5158 1 63 1
5159 0 -64 0
5160 1 63 1
5161 1 63 1
5162 0 -64 0
5163 1 63 1
5164 1 63 1
5165 1 63 1
5166 0 -64 0
5167 0 -64 0
5168 1 63 1
5169 1 63 1
5170 0 -64 0
5171 1 63 1
5172 1 63 1
5173 0 -64 0
5174 1 63 1
5175 1 63 1
5176 0 -64 0
5177 1 63 1
5178 0 -64 0
5179 0 -64 0
5180 1 63 1
5181 0 -64 0
5182 0 -64 0
5183 1 63 1
5184 1 63 1
5185 1 63 1
5186 0 -64 0
5187 1 63 1
5188 1 63 1
5189 1 63 1
5190 0 -64 0
5191 1 63 1
5192 1 63 1
5193 1 63 1
5194 0 -64 0
5195 0 -64 0
5196 0 -64 0
5197 0 -64 0
5198 0 -64 0
5199 0 -64 0
5200 1 63 1
5201 0 -64 0
5202 1 63 1
5203 1 63 1
5204 0 -64 0
5205 0 -64 0
5206 0 -64 0
5207 1 63 1
5208 0 -64 0
5209 1 63 1
5210 1 63 1
5211 0 -64 0
5212 0 -64 0
5213 0 -64 0
5214 1 63 1
5215 1 63 1
5216 1 63 1
5217 1 63 1
5218 0 -64 0
5219 1 63 1
5220 0 -64 0
5221 0 -64 0
5222 0 -64 0
5223 1 63 1
5224 0 -64 0
5225 0 -64 0
5226 0 -64 0
5227 1 63 1
5228 1 63 1
5229 0 -64 0
5230 0 -64 0
5231 1 63 1
5232 1 63 1
5233 1 63 1
5234 0 -64 0
5235 0 -64 0
5236 0 -64 0
5237 0 -64 0
5238 0 -64 0
5239 0 -64 0
5240 1 63 1
5241 0 -64 0
5242 1 63 1
5243 1 63 1
5244 0 -64 0
5245 1 63 1
5246 1 63 1
5247 0 -64 0
5248 1 63 1
5249 0 -64 0
5250 1 63 1
5251 0 -64 0
5252 1 63 1
5253 1 63 1
5254 1 63 1
5255 1 63 1
5256 1 63 1
5257 1 63 1
5258 1 63 1
5259 1 63 1
5260 1 63 1
5261 0 -64 0
5262 1 63 1
5263 1 63 1
5264 0 -64 0
5265 1 63 1
5266 0 -64 0
5267 0 -64 0
5268 1 63 1
5269 1 63 1
5270 0 -64 0
5271 1 63 1
5272 0 -64 0
5273 0 -64 0
5274 0 -64 0
5275 1 63 1
5276 1 63 1
5277 0 -64 0
5278 0 -64 0
5279 1 63 1
5280 1 63 1
5281 1 63 1
5282 0 -64 0
5283 1 63 1
5284 1 63 1
5285 1 63 1
5286 1 63 1
5287 0 -64 0
5288 0 -64 0
5289 1 63 1
5290 0 -64 0
5291 1 63 1
5292 1 63 1
5293 1 63 1
5294 0 -64 0
5295 0 -64 0
5296 0 -64 0
5297 0 -64 0
5298 0 -64 0
5299 1 63 1
5300 0 -64 0
5301 1 63 1
5302 1 63 1
5303 0 -64 0
5304 1 63 1
5305 0 -64 0
5306 0 -64 0
5307 0 -64 0
5308 1 63 1
5309 0 -64 0
5310 0 -64 0
5311 0 -64 0
5312 1 63 1
5313 0 -64 0
5314 1 63 1
5315 0 -64 0
5316 1 63 1
5317 1 63 1
5318 0 -64 0
5319 0 -64 0
5320 1 63 1
5321 0 -64 0
5322 1 63 1
5323 1 63 1
5324 1 63 1
5325 0 -64 0
5326 1 63 1
5327 0 -64 0
5328 0 -64 0
5329 0 -64 0
5330 0 -64 0
5331 1 63 1
5332 1 63 1
5333 0 -64 0
5334 1 63 1
5335 1 63 1
5336 0 -64 0
5337 1 63 1
5338 1 63 1
5339 0 -64 0
5340 0 -64 0
5341 1 63 1
5342 0 -64 0
5343 0 -64 0
5344 1 63 1
5345 1 63 1
5346 0 -64 0
5347 0 -64 0
5348 1 63 1
5349 0 -64 0
5350 1 63 1
5351 0 -64 0
5352 0 -64 0
5353 1 63 1
5354 1 63 1
5355 0 -64 0
5356 0 -64 0
5357 0 -64 0
5358 1 63 1
5359 1 63 1
5360 1 63 1
5361 0 -64 0
5362 1 63 1
5363 0 -64 0
5364 1 63 1
5365 1 63 1
5366 0 -64 0
5367 0 -64 0
5368 0 -64 0
5369 1 63 1
5370 1 63 1
5371 0 -54 0
5372 0 -46 0
5373 1 58 1
5374 0 -47 0
5375 1 44 1
5376 0 -40 0
5377 0 -62 0
5378 1 59 1
5379 1 58 1
5380 0 -53 0
5381 0 -64 0
5382 0 -64 0
5383 1 63 1
5384 1 63 1
5385 1 63 1
5386 1 63 1
5387 0 -64 0
5388 1 63 1
5389 1 63 1
5390 0 -64 0
5391 0 -64 0
5392 1 63 1
5393 1 63 1
5394 0 -64 0
5395 1 63 1
5396 1 63 1
5397 1 63 1
5398 0 -64 0
5399 0 -64 0
5400 0 -64 0
5401 0 -64 0
5402 0 -64 0
5403 0 -64 0
5404 0 -64 0
5405 1 63 1
5406 0 -64 0
5407 1 63 1
5408 0 -64 0
5409 1 63 1
5410 0 -64 0
5411 0 -64 0
5412 1 63 1
5413 0 -64 0
5414 0 -64 0
5415 0 -64 0
5416 0 -64 0
5417 1 63 1
5418 0 -64 0
5419 0 -64 0
5420 1 63 1
5421 1 63 1
5422 0 -64 0
5423 1 63 1
5424 0 -64 0
5425 1 63 1
5426 0 -64 0
5427 1 63 1
5428 1 63 1
5429 1 63 1
5430 1 63 1
5431 1 63 1
5432 0 -64 0
5433 1 63 1
5434 0 -64 0
5435 0 -64 0
5436 1 63 1
5437 0 -64 0
5438 0 -64 0
5439 0 -64 0
5440 0 -64 0
5441 0 -64 0
5442 0 -64 0
5443 1 63 1
5444 0 -64 0
5445 1 63 1
5446 0 -64 0
5447 1 63 1
5448 0 -64 0
5449 0 -64 0
5450 0 -64 0
5451 0 -64 0
5452 1 63 1
5453 1 63 1
5454 0 -64 0
5455 1 63 1
5456 0 -64 0
5457 0 -64 0
5458 0 -64 0
5459 1 63 1
5460 1 63 1
5461 1 63 1
5462 0 -64 0
5463 0 -64 0
5464 1 63 1
5465 1 63 1
5466 1 63 1
5467 1 63 1
5468 1 63 1
5469 0 -64 0
5470 0 -64 0
5471 1 63 1
5472 0 -64 0
5473 1 63 1
5474 0 -64 0
5475 1 63 1
5476 0 -64 0
5477 1 63 1
5478 1 63 1
5479 0 -64 0
5480 0 -64 0
5481 1 63 1
5482 1 63 1
5483 0 -64 0
5484 0 -64 0
5485 1 63 1
5486 1 63 1
5487 0 -64 0
5488 0 -64 0
5489 1 63 1
5490 0 -64 0
5491 1 63 1
5492 0 -64 0
5493 0 -64 0
5494 0 -64 0
5495 0 -64 0
5496 0 -64 0
5497 1 63 1
5498 0 -64 0
5499 1 63 1
5500 0 -64 0
5501 1 63 1
5502 0 -64 0
5503 1 63 1
5504 0 -64 0
5505 0 -64 0
5506 1 63 1
5507 1 63 1
5508 0 -64 0
5509 1 63 1
5510 0 -64 0
5511 0 -64 0
5512 0 -64 0
5513 0 -64 0
5514 1 63 1
5515 1 63 1
5516 1 63 1
5517 1 63 1
5518 0 -64 0
5519 1 63 1
5520 1 63 1
5521 0 -64 0
5522 0 -64 0
5523 1 63 1
5524 0 -64 0
5525 0 -64 0
5526 1 63 1
5527 1 63 1
5528 1 63 1
5529 0 -64 0
5530 0 -64 0
5531 0 -64 0
5532 1 63 1
5533 0 -64 0
5534 1 63 1
5535 1 63 1
5536 1 63 1
5537 1 63 1
5538 1 63 1
5539 0 -64 0
5540 0 -64 0
5541 0 -64 0
5542 0 -64 0
5543 0 -64 0
5544 1 63 1
5545 0 -64 0
5546 0 -64 0
5547 1 63 1
5548 1 63 1
5549 0 -64 0
5550 1 63 1
5551 0 -64 0
5552 1 63 1
5553 1 63 1
5554 0 -64 0
5555 1 63 1
5556 1 63 1
5557 0 -64 0
5558 1 63 1
5559 1 63 1
5560 0 -64 0
5561 1 63 1
5562 0 -64 0
5563 0 -64 0
5564 1 63 1
5565 0 -64 0
5566 0 -64 0
5567 0 -64 0
5568 1 63 1
5569 0 -64 0
5570 1 63 1
5571 0 -64 0
5572 0 -64 0
5573 0 -64 0
5574 1 63 1
5575 1 63 1
5576 0 -64 0
5577 1 63 1
5578 0 -64 0
5579 1 63 1
5580 0 -64 0
5581 1 63 1
5582 0 -64 0
5583 1 63 1
5584 0 -64 0
5585 0 -64 0
5586 0 -64 0
5587 0 -64 0
5588 1 63 1
5589 1 63 1
5590 0 -64 0
5591 1 63 1
5592 0 -64 0
5593 0 -64 0
5594 1 63 1
5595 1 63 1
5596 0 -64 0
5597 1 63 1
5598 0 -64 0
5599 1 63 1
5600 0 -64 0
5601 1 63 1
5602 1 63 1
5603 1 63 1
5604 1 63 1
5605 1 63 1
5606 1 63 1
5607 0 -64 0
5608 0 -64 0
5609 1 63 1
5610 1 63 1
5611 0 -64 0
5612 0 -64 0
5613 0 -64 0
5614 1 63 1
5615 1 63 1
5616 1 63 1
5617 0 -64 0
5618 0 -64 0
5619 1 63 1
5620 0 -64 0
5621 1 63 1
5622 0 -64 0
5623 0 -64 0
5624 1 63 1
5625 0 -64 0
5626 1 63 1
5627 1 63 1
5628 1 63 1
5629 1 63 1
5630 0 -64 0
5631 1 63 1
5632 1 63 1
5633 0 -64 0
5634 0 -64 0
5635 1 63 1
5636 0 -64 0
5637 0 -64 0
5638 1 63 1
5639 1 63 1
5640 1 63 1
5641 1 63 1
5642 0 -64 0
5643 0 -64 0
5644 0 -64 0
5645 0 -64 0
5646 0 -64 0
5647 0 -64 0
5648 1 63 1
5649 0 -64 0
5650 1 63 1
5651 0 -64 0
5652 1 63 1
5653 1 63 1
5654 1 63 1
5655 1 63 1
5656 1 63 1
5657 1 63 1
5658 1 63 1
5659 1 63 1
5660 0 -64 0
5661 1 63 1
5662 1 63 1
5663 0 -64 0
5664 0 -64 0
5665 0 -64 0
5666 1 63 1
5667 0 -64 0
5668 1 63 1
5669 1 63 1
5670 0 -64 0
5671 1 63 1
5672 0 -64 0
5673 0 -64 0
5674 1 63 1
5675 0 -64 0
5676 1 63 1
5677 0 -64 0
5678 0 -64 0
5679 1 63 1
5680 0 -64 0
5681 0 -64 0
5682 0 -64 0
5683 1 63 1
5684 1 63 1
5685 1 63 1
5686 1 63 1
5687 0 -64 0
5688 0 -64 0
5689 1 63 1
5690 1 63 1
5691 1 63 1
5692 1 63 1
5693 0 -64 0
5694 0 -64 0
5695 0 -64 0
5696 1 63 1
5697 0 -64 0
5698 0 -64 0
5699 1 63 1
5700 0 -64 0
5701 0 -64 0
5702 1 63 1
5703 0 -64 0
5704 1 63 1
5705 0 -64 0
5706 0 -64 0
5707 1 63 1
5708 0 -64 0
5709 1 63 1
5710 0 -64 0
5711 0 -64 0
5712 0 -64 0
5713 1 63 1
5714 1 63 1
5715 0 -64 0
5716 0 -64 0
5717 1 63 1
5718 1 63 1
5719 1 63 1
5720 0 -64 0
5721 1 63 1
5722 1 63 1
5723 1 63 1
5724 1 63 1
5725 0 -64 0
5726 0 -64 0
5727 0 -64 0
5728 1 63 1
5729 0 -64 0
5730 1 63 1
5731 0 -64 0
5732 0 -64 0
5733 0 -64 0
5734 0 -64 0
5735 0 -64 0
5736 0 -64 0
5737 1 63 1
5738 1 63 1
5739 0 -64 0
5740 0 -64 0
5741 0 -64 0
5742 0 -64 0
5743 0 -64 0
5744 0 -64 0
5745 1 63 1
5746 0 -64 0
5747 0 -64 0
5748 0 -64 0
5749 1 63 1
5750 0 -64 0
5751 0 -64 0
5752 0 -64 0
5753 1 63 1
5754 0 -64 0
5755 1 63 1
5756 0 -64 0
5757 0 -64 0
5758 0 -64 0
5759 0 -64 0
5760 0 -64 0
5761 1 63 1
5762 0 -64 0
5763 0 -64 0
5764 0 -64 0
5765 1 63 1
5766 0 -64 0
5767 0 -64 0
5768 1 63 1
5769 0 -64 0
5770 1 63 1
5771 0 -64 0
5772 0 -64 0
5773 0 -64 0
5774 1 63 1
5775 0 -64 0
5776 0 -64 0
5777 1 63 1
5778 1 63 1
5779 0 -64 0
5780 0 -64 0
5781 0 -64 0
5782 0 -64 0
5783 1 63 1
5784 1 63 1
5785 0 -64 0
5786 1 61 1
5787 0 -64 0
5788 1 63 1
5789 1 63 1
5790 1 63 1
5791 1 63 1
5792 0 -64 0
5793 1 61 1
5794 0 -64 0
5795 0 -64 0
5796 0 -64 0
5797 1 63 1
5798 0 -64 0
5799 0 -64 0
5800 1 63 1
5801 0 -64 0
5802 1 63 1
5803 1 63 1
5804 0 -64 0
5805 0 -64 0
5806 1 63 1
5807 1 63 1
5808 1 63 1
5809 0 -64 0
5810 1 63 1
5811 0 -64 0
5812 1 63 1
5813 1 63 1
5814 0 -64 0
5815 0 -64 0
5816 0 -64 0
5817 0 -64 0
5818 1 63 1
5819 0 -64 0
5820 1 63 1
5821 0 -64 0
5822 1 63 1
5823 1 63 1
5824 0 -64 0
5825 0 -64 0
5826 0 -64 0
5827 0 -64 0
5828 0 -64 0
5829 0 -64 0
5830 1 63 1
5831 1 63 1
5832 1 63 1
5833 0 -64 0
5834 0 -64 0
5835 1 63 1
5836 0 -64 0
5837 0 -64 0
5838 1 63 1
5839 0 -64 0
5840 0 -64 0
5841 0 -64 0
5842 1 63 1
5843 0 -64 0
5844 1 63 1
5845 1 63 1
5846 0 -64 0
5847 0 -64 0
5848 0 -64 0
5849 1 63 1
5850 1 63 1
5851 0 -64 0
5852 1 63 1
5853 1 63 1
5854 1 63 1
5855 0 -64 0
5856 1 63 1
5857 0 -64 0
5858 0 -64 0
5859 1 63 1
5860 0 -64 0
5861 1 63 1
5862 1 63 1
5863 0 -64 0
5864 0 -64 0
5865 0 -64 0
5866 1 63 1
5867 0 -64 0
5868 0 -64 0
5869 1 63 1
5870 1 63 1
5871 1 63 1
5872 1 63 1
5873 1 63 1
5874 0 -64 0
5875 0 -64 0
5876 0 -64 0
5877 0 -64 0
5878 1 63 1
5879 0 -64 0
5880 0 -64 0
5881 0 -64 0
5882 0 -64 0
5883 1 63 1
5884 1 63 1
5885 1 63 1
5886 1 63 1
5887 1 63 1
5888 0 -64 0
5889 0 -64 0
5890 0 -64 0
5891 1 63 1
5892 1 63 1
5893 0 -64 0
5894 0 -64 0
5895 1 63 1
5896 1 63 1
5897 0 -64 0
5898 1 63 1
5899 0 -64 0
5900 0 -64 0
5901 1 63 1
5902 1 63 1
5903 0 -64 0
5904 0 -64 0
5905 1 63 1
5906 0 -64 0
5907 0 -64 0
5908 0 -64 0
5909 0 -64 0
5910 1 63 1
5911 0 -64 0
5912 0 -64 0
5913 1 63 1
5914 1 63 1
5915 0 -64 0
5916 1 63 1
5917 1 63 1
5918 0 -64 0
5919 0 -64 0
5920 0 -64 0
5921 1 63 1
5922 0 -64 0
5923 1 63 1
5924 0 -64 0
5925 0 -64 0
5926 1 63 1
5927 1 63 1
5928 1 63 1
5929 0 -64 0
5930 0 -64 0
5931 1 63 1
5932 0 -64 0
5933 1 63 1
5934 1 63 1
5935 0 -64 0
5936 1 63 1
5937 0 -64 0
5938 1 63 1
5939 0 -64 0
5940 1 63 1
5941 0 -64 0
5942 0 -64 0
5943 0 -64 0
5944 0 -64 0
5945 0 -64 0
5946 1 63 1
5947 1 63 1
5948 1 63 1
5949 1 63 1
5950 0 -64 0
5951 0 -64 0
5952 1 63 1
5953 0 -64 0
5954 1 63 1
5955 0 -64 0
5956 0 -64 0
5957 0 -64 0
5958 1 63 1
5959 0 -64 0
5960 0 -64 0
5961 0 -64 0
5962 0 -64 0
5963 0 -64 0
5964 0 -64 0
5965 1 63 1
5966 1 63 1
5967 1 63 1
5968 0 -64 0
5969 0 -64 0
5970 0 -64 0
5971 1 63 1
5972 1 63 1
5973 1 63 1
5974 1 63 1
5975 1 63 1
5976 0 -64 0
5977 0 -64 0
5978 0 -64 0
5979 1 63 1
5980 1 63 1
5981 1 63 1
5982 1 63 1
5983 1 63 1
5984 1 63 1
5985 0 -64 0
5986 1 63 1
5987 0 -64 0
5988 1 63 1
5989 1 63 1
5990 1 63 1
5991 1 63 1
5992 0 -64 0
5993 0 -64 0
5994 0 -64 0
5995 1 63 1
5996 1 63 1
5997 0 -64 0
5998 1 63 1
5999 0 -64 0
6000 1 63 1
6001 1 63 1
6002 0 -64 0
6003 0 -64 0
6004 0 -64 0
6005 0 -64 0
6006 0 -64 0
6007 1 63 1
6008 0 -64 0
6009 0 -64 0
6010 1 63 1
6011 0 -64 0
6012 1 63 1
6013 1 63 1
6014 1 63 1
6015 1 63 1
6016 1 63 1
6017 1 63 1
6018 1 63 1
6019 1 63 1
6020 0 -64 0
6021 0 -64 0
6022 0 -64 0
6023 1 63 1
6024 1 63 1
6025 1 63 1
6026 1 63 1
6027 0 -64 0
6028 0 -64 0
6029 0 -64 0
6030 0 -64 0
6031 0 -64 0
6032 0 -64 0
6033 1 63 1
6034 0 -64 0
6035 0 -64 0
6036 1 63 1
6037 1 63 1
6038 0 -64 0
6039 0 -64 0
6040 0 -64 0
6041 1 63 1
6042 0 -64 0
6043 1 63 1
6044 0 -64 0
6045 0 -64 0
6046 1 63 1
6047 0 -64 0
6048 1 63 1
6049 0 -64 0
6050 0 -64 0
6051 0 -64 0
6052 0 -64 0
6053 0 -64 0
6054 1 63 1
6055 0 -64 0
6056 0 -64 0
6057 0 -64 0
6058 1 63 1
6059 1 63 1
6060 1 63 1
6061 1 63 1
6062 0 -64 0
6063 0 -64 0
6064 1 63 1
6065 0 -64 0
6066 0 -64 0
6067 0 -64 0
6068 1 63 1
6069 1 63 1
6070 0 -64 0
6071 1 63 1
6072 0 -64 0
6073 1 63 1
6074 1 63 1
6075 0 -64 0
6076 1 63 1
6077 0 -64 0
6078 0 -64 0
6079 1 63 1
6080 0 -64 0
6081 1 63 1
6082 1 63 1
6083 1 63 1
6084 1 63 1
6085 1 63 1
6086 0 -64 0
6087 1 63 1
6088 0 -64 0
6089 1 63 1
6090 0 -64 0
6091 0 -64 0
6092 1 63 1
6093 0 -64 0
6094 0 -64 0
6095 1 63 1
6096 0 -64 0
6097 0 -64 0
6098 0 -64 0
6099 0 -64 0
6100 0 -64 0
6101 0 -64 0
6102 0 -64 0
6103 0 -64 0
6104 1 63 1
6105 1 63 1
6106 1 63 1
6107 1 63 1
6108 1 63 1
6109 0 -64 0
6110 1 63 1
6111 0 -64 0
6112 1 63 1
6113 1 63 1
6114 1 63 1
6115 1 63 1
6116 0 -64 0
6117 0 -64 0
6118 1 63 1
6119 1 63 1
6120 0 -64 0
6121 0 -64 0
6122 1 63 1
6123 1 63 1
6124 1 63 1
6125 0 -64 0
6126 0 -64 0
6127 1 63 1
6128 1 63 1
6129 0 -64 0
6130 0 -64 0
6131 1 63 1
6132 1 63 1
6133 1 63 1
6134 0 -64 0
6135 0 -64 0
6136 1 63 1
6137 0 -64 0
6138 0 -64 0
6139 0 -64 0
6140 1 63 1
6141 1 63 1
6142 1 63 1
6143 0 -64 0
