# idx_orig bit_orig post_llr hard
0 0 -60413.62931050 0
1 1 70088.53232477 1
2 0 -56623.73656420 0
3 0 -65108.06269923 0
4 1 59587.96551962 1
5 0 -54072.69263519 0
6 0 -61696.65968078 0
7 0 -61672.60689587 0
8 0 -66822.52655943 0
9 0 -56041.06760650 0
10 1 69998.32161888 1
11 1 62336.25603302 1
12 1 54350.09513154 1
13 0 -60313.33140943 0
14 0 -60111.45034856 0
15 1 67262.74261622 1
16 1 60944.70791804 1
17 1 70942.91738069 1
18 1 70013.46539882 1
19 0 -55415.05611711 0
20 0 -60059.19972489 0
21 0 -69983.21941174 0
22 0 -57023.28679706 0
23 0 -55702.61595723 0
24 0 -60245.11707792 0
25 1 82395.16261943 1
26 0 -56724.96132406 0
27 1 67104.89438059 1
28 1 72995.38153978 1
29 1 63577.85710381 1
30 1 61111.95766515 1
31 0 -61423.77667293 0
32 1 60664.22749882 1
33 1 53654.76132526 1
34 1 57589.71671619 1
35 1 67144.66651265 1
36 0 -66683.05542911 0
37 1 65605.64828231 1
38 1 61967.69482528 1
39 0 -64034.54925750 0
40 0 -51133.16586555 0
41 1 60322.97466650 1
42 1 59247.84312759 1
43 1 68099.32063865 1
44 0 -59475.84765937 0
45 0 -60533.46565200 0
46 1 61415.31788929 1
47 0 -53939.26432365 0
48 1 61995.12303022 1
49 1 64282.24922784 1
50 0 -66399.52335352 0
51 1 56548.43809996 1
52 1 67341.44602348 1
53 1 65563.77938762 1
54 0 -53637.56071707 0
55 0 -61597.51394959 0
56 1 60936.13762436 1
57 1 67089.49731163 1
58 1 60204.40814156 1
59 1 64686.41461359 1
60 0 -62348.05738995 0
61 0 -61977.83162113 0
62 1 54342.03707251 1
63 0 -61494.62395031 0
64 0 -69212.41450220 0
65 0 -61154.36908054 0
66 0 -69258.37550045 0
67 1 61878.50181705 1
68 1 55433.26737967 1
69 1 56271.71002928 1
70 0 -69527.97383939 0
71 1 69132.08210958 1
72 0 -61706.67610728 0
73 0 -65692.16327777 0
74 0 -72709.86615735 0
75 0 -63900.74122844 0
76 0 -53627.82850149 0
77 1 56787.63908779 1
78 0 -62945.01239763 0
79 0 -43955.78561513 0
80 0 -62138.83414360 0
81 1 67408.92845091 1
82 0 -46003.69979083 0
83 1 55860.99759205 1
84 0 -58118.63056181 0
85 1 64648.80278123 1
86 0 -41592.66872111 0
87 0 -60746.13997966 0
88 1 58175.30575166 1
89 0 -42367.59051898 0
90 0 -49612.34686942 0
91 0 -58095.58377396 0
92 0 -58648.28352049 0
93 0 -39427.17266630 0
94 1 56377.13960161 1
95 0 -67491.71658700 0
96 1 52501.71362116 1
97 1 51975.59831185 1
98 1 56955.53761895 1
99 1 56218.94279855 1
100 0 -50777.86274133 0
101 0 -65504.29911501 0
102 0 -57582.37867163 0
103 0 -54098.10875495 0
104 1 50934.86900246 1
105 1 55029.38772856 1
106 0 -54309.85174239 0
107 0 -51079.42968014 0
108 1 52310.93083403 1
109 1 56971.32027925 1
110 0 -45688.90053293 0
111 0 -48601.40133055 0
112 0 -56784.06933908 0
113 1 56257.93427206 1
114 1 50690.70190388 1
115 1 53414.28566754 1
116 0 -60902.77964413 0
117 1 49196.20832294 1
118 1 60654.44205040 1
119 1 58090.68535540 1
120 1 53404.26067388 1
121 1 60769.64830760 1
122 1 55272.91761873 1
123 0 -65265.48245112 0
124 1 59761.38269126 1
125 0 -62386.12758019 0
126 1 56809.18574510 1
127 1 61607.79810600 1
128 1 55724.21954782 1
129 1 64659.25128696 1
130 0 -52156.52022047 0
131 1 61867.61955474 1
132 0 -52193.33204993 0
133 1 58977.28009724 1
134 0 -58331.21423358 0
135 1 58240.05945429 1
136 0 -56929.29924378 0
137 0 -53473.14982320 0
138 0 -60169.53738983 0
139 0 -50884.23444920 0
140 1 60679.50289246 1
141 0 -63470.79848904 0
142 1 57627.47906159 1
143 0 -59456.56792715 0
144 0 -56130.51446704 0
145 1 59375.53118182 1
146 1 58272.94988152 1
147 0 -57626.71735189 0
148 0 -57126.37699969 0
149 1 52277.29625080 1
150 0 -56760.53608584 0
151 0 -57828.83925595 0
152 0 -59726.51436061 0
153 1 54674.46310974 1
154 1 61560.40726594 1
155 1 61836.20906150 1
156 0 -59838.72221459 0
157 1 61227.86915885 1
158 1 61692.63431086 1
159 1 60618.32037412 1
160 0 -63337.39841620 0
161 0 -64054.22069673 0
162 1 60665.47398943 1
163 0 -63578.72464228 0
164 0 -64917.72373865 0
165 0 -61904.32186974 0
166 1 59089.51208654 1
167 0 -57892.48139707 0
168 1 65740.27039368 1
169 0 -58869.27690375 0
170 0 -62727.95937709 0
171 0 -58243.63965493 0
172 1 67202.85256187 1
173 1 64103.49737090 1
174 0 -65204.15600314 0
175 0 -62040.13555568 0
176 0 -59019.52896589 0
177 1 62295.70122883 1
178 0 -60671.24833631 0
179 1 60308.34601626 1
180 0 -61186.70102636 0
181 1 62937.76359129 1
182 0 -66635.88863006 0
183 1 51699.65640595 1
184 1 58582.49491779 1
185 1 55851.17589306 1
186 1 56140.05815032 1
187 1 61107.58061129 1
188 1 59353.77091994 1
189 1 62402.54531964 1
190 1 45978.26827576 1
191 1 55095.95137874 1
192 1 57084.96196410 1
193 0 -58755.16890969 0
194 0 -62584.10634819 0
195 1 59203.01420765 1
196 0 -90916.08315851 0
197 1 48736.61458886 1
198 0 -61490.71802686 0
199 1 56630.14171422 1
200 1 66938.86704815 1
201 0 -63416.78103309 0
202 0 -64643.55202851 0
203 1 66317.41508064 1
204 1 63979.07665495 1
205 0 -54759.42936079 0
206 0 -58525.33513904 0
207 1 63858.74674872 1
208 0 -58431.00927990 0
209 1 60294.76158202 1
210 1 69390.98768059 1
211 0 -57495.87056443 0
212 0 -64712.28186141 0
213 0 -59380.15150077 0
214 0 -66164.06039955 0
215 1 57619.46071262 1
216 0 -55629.60978228 0
217 0 -67664.72281588 0
218 1 63867.56096986 1
219 0 -58856.28882466 0
220 0 -57497.30218350 0
221 0 -68227.58113288 0
222 1 67243.29668197 1
223 0 -56848.44149912 0
224 0 -79523.31090391 0
225 1 63063.54509722 1
226 1 64617.22116556 1
227 0 -61750.04002563 0
228 0 -63162.74630633 0
229 1 70056.39855770 1
230 1 57810.81693675 1
231 0 -66925.99534909 0
232 0 -66309.76772125 0
233 1 65979.92931872 1
234 1 58097.99203381 1
235 0 -56512.22979602 0
236 0 -62297.59311676 0
237 0 -57590.40713324 0
238 1 66441.71864947 1
239 1 56995.65235567 1
240 0 -69381.81017236 0
241 0 -54948.85083072 0
242 1 58145.64448046 1
243 0 -63745.70482298 0
244 1 51490.34163191 1
245 0 -65993.96669491 0
246 0 -55804.80795489 0
247 0 -69601.26509084 0
248 1 61546.25285030 1
249 0 -61543.27763548 0
250 0 -59819.49624305 0
251 1 51604.27903020 1
252 0 -58655.94328224 0
253 0 -59026.76085574 0
254 1 64491.57905030 1
255 1 54087.23590978 1
256 1 60252.38779768 1
257 1 64282.71607667 1
258 1 55956.82730117 1
259 0 -63871.19622661 0
260 0 -72031.18540567 0
261 0 -59622.71352455 0
262 0 -55174.03328896 0
263 1 64837.84046122 1
264 1 59865.69268285 1
265 0 -51301.47548144 0
266 1 60463.81088931 1
267 0 -64351.38304477 0
268 0 -58733.65634685 0
269 0 -61881.08336638 0
270 0 -63975.80032171 0
271 1 64096.86873117 1
272 0 -52177.74516839 0
273 1 62746.60717614 1
274 0 -64894.91940029 0
275 1 59105.86332282 1
276 0 -61178.14937995 0
277 0 -61972.91125211 0
278 0 -67360.76106044 0
279 0 -53781.61189150 0
280 1 54837.59527759 1
281 0 -62432.74856734 0
282 0 -59088.82372904 0
283 0 -59919.79398327 0
284 1 62028.92912502 1
285 1 69052.39519006 1
286 0 -53538.80659910 0
287 1 52872.82308009 1
288 0 -72505.74708959 0
289 0 -64955.79528767 0
290 1 63214.80449915 1
291 1 64732.83812413 1
292 0 -66808.19287528 0
293 0 -59922.22798291 0
294 1 68844.12688080 1
295 1 67589.33498386 1
296 1 74507.94389793 1
297 1 53496.97509576 1
298 1 59231.64952819 1
299 0 -74787.50509367 0
300 1 68762.41575490 1
301 0 -65360.23394421 0
302 0 -72895.97187060 0
303 0 -67732.47882814 0
304 1 50735.98629677 1
305 0 -55011.16199375 0
306 1 62665.89949506 1
307 1 61089.27794554 1
308 1 65559.84265795 1
309 1 66959.26259772 1
310 1 62317.63498025 1
311 1 53397.79035904 1
312 1 54826.22908655 1
313 1 70059.02354118 1
314 0 -56978.14401762 0
315 1 67000.08288838 1
316 0 -74253.66602204 0
317 0 -66059.12453076 0
318 0 -51877.22023801 0
319 0 -48900.97837682 0
320 1 64926.15672009 1
321 1 54812.73922098 1
322 0 -70107.37319617 0
323 1 61709.17559963 1
324 1 54373.35043410 1
325 1 52781.17313946 1
326 1 50667.25380421 1
327 1 61213.11211169 1
328 1 42859.89361594 1
329 1 65554.84100449 1
330 1 64923.82102996 1
331 1 55207.58095989 1
332 0 -44359.13099450 0
333 0 -48642.32346272 0
334 0 -69106.00642730 0
335 1 41562.42225452 1
336 0 -61923.38240778 0
337 0 -59280.23191685 0
338 1 53841.82825205 1
339 0 -50404.43579783 0
340 1 45078.43376546 1
341 0 -58901.91166326 0
342 0 -43902.96048152 0
343 0 -62824.03805986 0
344 0 -60361.08641821 0
345 0 -60412.44984418 0
346 0 -56752.50302359 0
347 0 -56178.68344322 0
348 0 -65056.66028294 0
349 1 50941.67558005 1
350 1 65073.72274483 1
351 0 -63845.41676231 0
352 0 -66107.20177235 0
353 1 47251.18864890 1
354 1 57440.12256376 1
355 0 -61714.54884059 0
356 1 48910.46433977 1
357 0 -68032.52900488 0
358 0 -57247.68647487 0
359 1 75165.84305049 1
360 1 49893.84419714 1
361 0 -57594.85964768 0
362 1 67400.30051609 1
363 0 -46889.05546027 0
364 0 -69562.18988028 0
365 1 67555.87338927 1
366 1 70568.14403725 1
367 1 60774.65608979 1
368 0 -56548.82403708 0
369 1 63192.09918018 1
370 0 -41553.54079158 0
371 1 64194.82113846 1
372 0 -53442.17270183 0
373 0 -65321.73263439 0
374 1 51682.85898136 1
375 1 48811.46231231 1
376 1 54773.25071364 1
377 1 44660.55154600 1
378 1 59431.89147053 1
379 0 -54873.32289706 0
380 0 -60884.54286006 0
381 1 44903.12935066 1
382 1 50225.42763024 1
383 0 -56787.52395087 0
384 1 43827.16942197 1
385 1 64577.11445108 1
386 0 -53830.69360398 0
387 0 -67787.37090897 0
388 1 42444.89474433 1
389 1 49993.96266084 1
390 1 55163.31584324 1
391 1 40734.46177372 1
392 1 57058.93769101 1
393 0 -58766.64316596 0
394 1 63781.41138849 1
395 0 -43230.98533476 0
396 1 43065.60296354 1
397 1 53783.12896947 1
398 1 41416.79260476 1
399 1 58021.64897389 1
400 0 -51081.64968703 0
401 1 61048.09453051 1
402 1 38157.42189032 1
403 0 -40679.55279025 0
404 1 54725.18166294 1
405 1 32535.53021893 1
406 1 54534.93732835 1
407 0 -41995.70409050 0
408 0 -58770.45191093 0
409 1 34706.36313503 1
410 1 37237.37580186 1
411 0 -47464.87362985 0
412 1 33461.81256780 1
413 1 46519.80028161 1
414 0 -42420.32701681 0
415 0 -58124.85384619 0
416 1 37616.03937815 1
417 0 -48044.60446364 0
418 1 52584.12809709 1
419 0 -45829.46360339 0
420 0 -48859.78358139 0
421 0 -53775.54265492 0
422 1 58927.84549859 1
423 0 -41137.01508165 0
424 0 -52645.98801804 0
425 1 56326.93033174 1
426 1 59152.50560780 1
427 0 -48731.90156282 0
428 0 -55670.52272424 0
429 1 59756.45247013 1
430 1 42535.98214846 1
431 0 -48731.68202721 0
432 0 -58722.03190076 0
433 1 38870.69698145 1
434 1 51927.81187821 1
435 0 -49514.89467428 0
436 1 54857.98346434 1
437 0 -44088.74854844 0
438 0 -50528.99674215 0
439 1 55168.21501772 1
440 0 -43650.88279571 0
441 1 61769.84437803 1
442 1 55546.30083223 1
443 0 -48756.13593758 0
444 1 46712.71480103 1
445 1 52628.83502305 1
446 1 51298.91288692 1
447 0 -47862.73962766 0
448 0 -61538.84787251 0
449 1 52403.43126594 1
450 0 -50475.51528806 0
451 1 54407.81886230 1
452 1 57450.92604826 1
453 0 -54572.99914304 0
454 1 49295.36443405 1
455 1 67272.49734170 1
456 1 63225.76218774 1
457 0 -65777.15362647 0
458 0 -50797.41493245 0
459 1 58650.77187170 1
460 0 -59096.70220432 0
461 0 -53481.11101152 0
462 0 -63085.64986927 0
463 0 -53683.88151451 0
464 1 63680.54511433 1
465 0 -49783.92470273 0
466 1 60542.60028660 1
467 0 -59974.12123402 0
468 0 -52854.74954126 0
469 1 61377.91001307 1
470 0 -60414.82120424 0
471 1 63249.47677422 1
472 0 -49486.29587765 0
473 1 54156.57644937 1
474 0 -44600.26274846 0
475 0 -47580.47961561 0
476 1 52824.67728341 1
477 1 54322.91122991 1
478 1 61785.49353918 1
479 0 -47459.45486372 0
480 1 49291.76329153 1
481 1 50030.50209890 1
482 1 48677.60037813 1
483 0 -54454.65729224 0
484 1 61637.78972731 1
485 1 61573.63522481 1
486 0 -56440.00412649 0
487 1 56150.34484357 1
488 0 -55656.22575879 0
489 1 53881.19931729 1
490 0 -65281.10919257 0
491 0 -53212.40302505 0
492 0 -56761.73184300 0
493 1 51263.53198545 1
494 1 47855.14510379 1
495 0 -44879.76510299 0
496 0 -50742.25464399 0
497 0 -59227.55558871 0
498 0 -51394.77625061 0
499 1 59058.64610659 1
500 0 -54293.08768724 0
501 0 -50629.45586656 0
502 1 40902.29708741 1
503 0 -50995.43964138 0
504 1 55368.75676168 1
505 1 51465.07440902 1
506 0 -55631.08686534 0
507 0 -58236.83831032 0
508 0 -53075.73439464 0
509 1 46429.94672264 1
510 1 51714.38875408 1
511 0 -52659.45627342 0
512 0 -51557.29705572 0
513 0 -54308.69658200 0
514 0 -53177.39883161 0
515 1 50134.49674625 1
516 1 47976.40776594 1
517 0 -59424.35058937 0
518 1 56882.10868460 1
519 1 58815.08026547 1
520 1 60448.96110668 1
521 1 67211.47447559 1
522 0 -55947.66086770 0
523 0 -61452.60243201 0
524 0 -57319.77840727 0
525 0 -73406.97479889 0
526 1 74319.27500305 1
527 0 -65421.64273472 0
528 0 -66904.95098442 0
529 1 59472.53561764 1
530 1 66416.74154621 1
531 1 64935.69805523 1
532 0 -63408.21367988 0
533 0 -66099.27142691 0
534 1 69398.18274866 1
535 1 70291.42465175 1
536 1 69449.97567890 1
537 0 -59083.29810887 0
538 0 -61697.36374152 0
539 1 65134.49953677 1
540 0 -63033.12559589 0
541 1 66526.55846661 1
542 1 61056.35903106 1
543 1 62566.76496872 1
544 1 52708.19292339 1
545 0 -66151.20413944 0
546 1 56425.31598957 1
547 0 -53787.21746166 0
548 1 59309.18023693 1
549 0 -51977.52751787 0
550 1 61396.83915342 1
551 0 -58502.53067481 0
552 0 -49728.87373927 0
553 1 56344.33133281 1
554 0 -55089.36263845 0
555 0 -61785.70466563 0
556 1 62909.02311753 1
557 1 56183.92576275 1
558 0 -51547.74396362 0
559 1 43638.09126456 1
560 0 -56555.46748617 0
561 0 -52798.85314551 0
562 0 -52561.42393986 0
563 1 55720.17584004 1
564 1 64231.07145841 1
565 1 51563.73897884 1
566 0 -48721.70651452 0
567 1 57001.82869151 1
568 1 50539.82438956 1
569 1 55011.03997160 1
570 0 -52074.34317561 0
571 1 52730.40122896 1
572 1 50295.60067843 1
573 1 58413.71983381 1
574 0 -58732.49674580 0
575 0 -66156.19739691 0
576 1 64622.59136983 1
577 0 -61270.06642125 0
578 0 -50411.02233279 0
579 1 46946.67134969 1
580 1 62611.23988216 1
581 0 -72655.36962624 0
582 1 63506.97925419 1
583 1 61888.17353475 1
584 1 66684.81022115 1
585 1 55365.05966613 1
586 1 34373.58708995 1
587 0 -58974.45905756 0
588 0 -66776.71383972 0
589 1 58942.89525961 1
590 1 65503.58886869 1
591 1 66739.57327841 1
592 1 55515.67300379 1
593 0 -41548.14535210 0
594 1 60718.00399327 1
595 1 71687.91722709 1
596 1 61181.51156967 1
597 1 62302.51456769 1
598 1 59472.58221392 1
599 1 56398.35389302 1
600 0 -49467.75615451 0
601 1 60709.66942435 1
602 1 66095.06229968 1
603 0 -61606.41257981 0
604 1 62164.74807150 1
605 1 56469.65826787 1
606 1 54967.55275940 1
607 0 -45325.84422190 0
608 1 56355.57413520 1
609 0 -59326.41786310 0
610 0 -60042.23842094 0
611 0 -59475.78187692 0
612 0 -60880.69596390 0
613 0 -59236.68516792 0
614 1 46196.80276776 1
615 0 -52202.51418975 0
616 1 61440.76031095 1
617 0 -55498.33125760 0
618 0 -65193.44704238 0
619 0 -51931.11597284 0
620 1 61159.59165228 1
621 1 48489.99848140 1
622 1 57944.92911872 1
623 0 -61986.90005022 0
624 0 -62923.74365771 0
625 0 -48625.72346358 0
626 0 -54870.85257023 0
627 0 -59180.78758985 0
628 0 -53463.02752239 0
629 1 56514.79387105 1
630 1 58864.39127989 1
631 0 -49804.83894846 0
632 0 -49580.98099896 0
633 0 -61825.63296630 0
634 1 60294.67079142 1
635 0 -46264.23105780 0
636 1 55346.83125675 1
637 0 -58575.09761227 0
638 0 -53208.73018886 0
639 0 -51176.29805327 0
640 1 52693.11202909 1
641 0 -50424.67344462 0
642 1 44877.25565115 1
643 0 -55270.18810739 0
644 1 59855.95574664 1
645 1 49747.88068002 1
646 1 47893.69770503 1
647 0 -40348.76836383 0
648 0 -49127.54926067 0
649 1 38713.14584400 1
650 0 -56536.51956018 0
651 1 59554.80570576 1
652 1 47034.22264939 1
653 1 41846.07795110 1
654 0 -40879.37289858 0
655 0 -46686.54799621 0
656 1 39491.00913190 1
657 1 52374.16097250 1
658 1 63131.17860550 1
659 0 -44461.02162858 0
660 0 -41732.99807036 0
661 0 -44925.30601814 0
662 1 52618.20143765 1
663 0 -44085.54320197 0
664 1 59361.82456327 1
665 0 -59813.16536947 0
666 0 -51479.57726797 0
667 1 54854.31424357 1
668 1 53735.65923268 1
669 0 -58908.16290264 0
670 0 -44327.71309371 0
671 0 -56684.45562356 0
672 0 -67689.20956351 0
673 0 -52503.13781095 0
674 1 51442.19236521 1
675 1 54511.49921731 1
676 0 -58873.39474011 0
677 0 -36949.27954921 0
678 1 58091.29963173 1
679 1 61429.55390892 1
680 1 56404.27922828 1
681 0 -50466.34722092 0
682 1 55339.52509422 1
683 1 58183.07437342 1
684 1 37938.63152325 1
685 1 53433.94939639 1
686 1 62370.83864505 1
687 1 56550.85731312 1
688 0 -58263.65520934 0
689 1 55663.98463661 1
690 0 -51787.39257165 0
691 1 38078.09834677 1
692 1 58603.38424592 1
693 1 63589.33040013 1
694 1 61050.53711522 1
695 1 53838.71347776 1
696 0 -66414.47648505 0
697 1 46979.56626132 1
698 0 -36344.03539543 0
699 0 -46265.64324119 0
700 0 -57909.18764641 0
701 1 40406.20413809 1
702 0 -49538.30735063 0
703 0 -48552.89479859 0
704 0 -38323.16066771 0
705 1 25216.34080622 1
706 0 -41665.92141703 0
707 0 -51501.89760351 0
708 0 -41454.10705058 0
709 0 -48345.66896161 0
710 1 46695.44292408 1
711 0 -39194.23637185 0
712 0 -24614.90381848 0
713 1 40787.05507185 1
714 1 51731.48707826 1
715 1 39742.29701348 1
716 0 -55875.79125234 0
717 1 49074.77122481 1
718 0 -52845.84676001 0
719 1 35364.62032863 1
720 1 39852.86819259 1
721 0 -49200.61221943 0
722 1 54199.06978716 1
723 0 -58122.13197727 0
724 1 41673.52417963 1
725 0 -52309.04752750 0
726 1 43865.08066842 1
727 0 -51543.62425895 0
728 0 -68877.00657174 0
729 1 54332.10614048 1
730 1 48204.13835812 1
731 0 -59839.96744847 0
732 1 49814.98507381 1
733 0 -48668.58854176 0
734 0 -50800.56588129 0
735 0 -59101.71348524 0
736 0 -50933.56785119 0
737 1 53982.60188074 1
738 1 59278.83363195 1
739 0 -59986.81287445 0
740 1 49126.94713766 1
741 0 -56170.82494118 0
742 1 62571.79449421 1
743 1 57613.41699807 1
744 1 51827.20236025 1
745 0 -57650.17095282 0
746 0 -52424.33142707 0
747 1 49947.26797209 1
748 1 52188.54064701 1
749 1 55420.29028825 1
750 0 -53771.83662867 0
751 0 -45933.27965070 0
752 1 49866.03645892 1
753 1 49159.23044995 1
754 1 47437.08987909 1
755 0 -46823.47132885 0
756 1 59963.81416737 1
757 1 49988.77830209 1
758 1 45516.56084725 1
759 1 58828.69589217 1
760 0 -55508.59774298 0
761 1 46889.85061029 1
762 0 -56020.73513956 0
763 1 68738.47428624 1
764 1 49732.89689430 1
765 0 -50775.28964976 0
766 0 -53528.76320491 0
767 0 -55792.20627794 0
768 0 -52328.56223706 0
769 0 -62395.83854836 0
770 1 61032.93646508 1
771 0 -55348.09539752 0
772 1 52522.65614080 1
773 0 -61869.79856778 0
774 1 49188.42464185 1
775 0 -54045.87617624 0
776 0 -52291.92989341 0
777 0 -59128.36266513 0
778 0 -52278.27294489 0
779 1 57962.14460071 1
780 1 65009.24220450 1
781 0 -50522.04679363 0
782 1 56881.36648539 1
783 1 63485.61579466 1
784 1 63256.81741358 1
785 1 51122.49295468 1
786 0 -59815.80778505 0
787 1 57454.29858987 1
788 0 -50961.40893487 0
789 1 51077.12468742 1
790 0 -57922.12314097 0
791 1 62880.70778653 1
792 1 45247.23919861 1
793 0 -58837.74705378 0
794 0 -56182.51894776 0
795 0 -48290.42027496 0
796 1 44578.10121553 1
797 0 -44996.72716428 0
798 1 51745.89865884 1
799 1 39232.10874255 1
800 0 -44583.70325585 0
801 1 46226.12193982 1
802 0 -37801.77025587 0
803 1 47202.31445210 1
804 1 43267.90835046 1
805 0 -59571.02368476 0
806 1 37413.08756731 1
807 0 -49032.29149857 0
808 0 -42972.28369816 0
809 0 -36758.80479947 0
810 1 46756.38880780 1
811 0 -45397.70790360 0
812 1 56158.88633264 1
813 1 35856.81972379 1
814 1 50953.21492119 1
815 0 -41198.46427819 0
816 1 34856.54694685 1
817 1 52659.97770638 1
818 1 45444.54408058 1
819 0 -55467.13845877 0
820 1 38455.97306670 1
821 0 -51225.06222275 0
822 0 -53876.01402429 0
823 0 -32960.59692265 0
824 1 47279.47496949 1
825 1 51548.07726790 1
826 0 -55478.06505268 0
827 1 46741.06501004 1
828 0 -58864.69479735 0
829 1 56049.35362151 1
830 0 -46342.34003842 0
831 1 57526.75573072 1
832 1 52553.10582307 1
833 1 56389.69046783 1
834 0 -58488.44789046 0
835 1 53074.82502811 1
836 0 -55297.17638895 0
837 0 -54423.86184587 0
838 1 55866.28424372 1
839 0 -57069.78213795 0
840 0 -57070.75996763 0
841 1 50978.36730076 1
842 0 -61702.90159312 0
843 0 -58104.99520478 0
844 1 51571.47420881 1
845 0 -56521.77555100 0
846 1 61743.66392565 1
847 1 60313.40682799 1
848 1 51378.55054077 1
849 0 -67175.95760669 0
850 0 -66890.20520112 0
851 1 60431.31614521 1
852 1 58013.22065623 1
853 0 -59681.81888687 0
854 1 71046.11098428 1
855 0 -49765.11967571 0
856 1 62013.83841320 1
857 0 -58779.63244415 0
858 1 62701.08344102 1
859 1 53396.70788239 1
860 1 55934.40710932 1
861 0 -72266.51737350 0
862 0 -53282.73660742 0
863 0 -49173.47419022 0
864 1 57168.75731083 1
865 1 60141.46123254 1
866 1 46794.52236544 1
867 0 -53310.55850783 0
868 0 -69058.26584765 0
869 1 50238.79354383 1
870 0 -50355.99342571 0
871 0 -50161.57932035 0
872 1 61765.85564373 1
873 0 -47879.43235017 0
874 0 -58943.33710403 0
875 1 54638.60418138 1
876 1 44346.28419922 1
877 0 -41519.59816688 0
878 0 -49282.92351224 0
879 0 -55086.67786836 0
880 1 48245.66026564 1
881 1 51291.44709819 1
882 1 48022.44810040 1
883 1 40643.84961046 1
884 1 45845.29092495 1
885 0 -52112.28601019 0
886 1 52733.46374111 1
887 1 53953.99136209 1
888 0 -53151.38790879 0
889 1 55311.86302950 1
890 0 -41600.54099446 0
891 1 42287.96001811 1
892 0 -50766.23034182 0
893 1 44299.22462665 1
894 1 53721.08011240 1
895 0 -48087.55767117 0
896 0 -45124.11253199 0
897 0 -44298.07374354 0
898 0 -40699.19327025 0
899 0 -64781.12871010 0
900 1 44908.48850854 1
901 0 -53711.40879407 0
902 0 -54487.39804069 0
903 0 -50593.66293787 0
904 1 40860.46114113 1
905 1 49030.72721896 1
906 1 51164.05971213 1
907 1 50903.34705070 1
908 1 51064.38459841 1
909 0 -55515.74909127 0
910 0 -50993.83169194 0
911 0 -41627.74327961 0
912 1 46248.97870011 1
913 0 -52040.64715998 0
914 1 47355.04865087 1
915 1 47878.80668215 1
916 0 -47126.05600989 0
917 1 52815.88602932 1
918 0 -43056.27206549 0
919 1 57133.07071348 1
920 1 55756.68688670 1
921 1 48416.26110735 1
922 0 -50779.49521310 0
923 1 57122.31938245 1
924 0 -59421.46258457 0
925 0 -56138.54101379 0
926 0 -60565.45050801 0
927 0 -59208.11524839 0
928 1 53938.07888766 1
929 1 63558.71681711 1
930 0 -61563.18074739 0
931 0 -61825.84355847 0
932 1 54967.27163677 1
933 0 -56170.16318107 0
934 1 56476.73346073 1
935 0 -55549.75849045 0
936 1 54625.49687965 1
937 0 -63495.03591511 0
938 0 -63012.87434173 0
939 1 50715.98693672 1
940 1 52321.91545614 1
941 1 67278.93029962 1
942 0 -47986.42163718 0
943 0 -58456.97495698 0
944 0 -56669.93663383 0
945 1 60699.87382174 1
946 0 -60843.68377200 0
947 0 -63199.97268374 0
948 0 -61328.72111926 0
949 0 -62568.76483107 0
950 0 -56496.74607353 0
951 0 -57752.70962016 0
952 1 55597.56525883 1
953 0 -54078.15985348 0
954 0 -52170.74625181 0
955 0 -51967.59825367 0
956 0 -57656.76644394 0
957 1 60143.43479257 1
958 1 57920.77304100 1
959 0 -56866.59888711 0
960 1 53271.27293161 1
961 1 57975.43107870 1
962 0 -50142.96074460 0
963 1 54429.44790986 1
964 1 54559.67781227 1
965 1 59711.70934358 1
966 0 -52786.58479599 0
967 1 57597.94253929 1
968 0 -56217.42584787 0
969 1 59067.72163212 1
970 0 -56831.62428893 0
971 0 -68664.88358951 0
972 0 -64384.99546721 0
973 1 57425.63467141 1
974 0 -51452.74466997 0
975 1 65328.99460946 1
976 0 -66635.67367663 0
977 0 -64055.37983814 0
978 0 -56265.70205111 0
979 1 58581.64232125 1
980 0 -56305.25714521 0
981 0 -59395.54150528 0
982 1 60718.78407946 1
983 0 -56462.98239942 0
984 1 56965.09163205 1
985 1 56676.95692918 1
986 1 66491.89638736 1
987 1 47860.06133991 1
988 0 -38164.39366126 0
989 0 -52243.04352400 0
990 0 -57970.16873739 0
991 0 -63433.11755262 0
992 1 55584.81638900 1
993 1 54228.90357181 1
994 1 52827.71123836 1
995 1 47398.22421984 1
996 0 -51935.27612246 0
997 1 48015.57147408 1
998 0 -55895.85478922 0
999 0 -36944.95060294 0
1000 1 50750.23704242 1
1001 0 -55801.73787513 0
1002 0 -40601.66301775 0
1003 1 49435.30761071 1
1004 0 -52164.58272790 0
1005 0 -55072.05922278 0
1006 1 41372.35562609 1
1007 1 43088.22168420 1
1008 0 -46322.35379550 0
1009 0 -30651.39987469 0
1010 1 51457.33233800 1
1011 0 -50771.69207765 0
1012 1 48339.95082766 1
1013 0 -41278.69019964 0
1014 0 -42138.46630118 0
1015 0 -47209.30266403 0
1016 0 -40640.68585968 0
1017 1 48824.30693795 1
1018 1 48704.11964292 1
1019 0 -56863.30489619 0
1020 1 55527.98595047 1
1021 1 58810.74555772 1
1022 1 47230.68568341 1
1023 0 -49072.42437335 0
1024 0 -55634.98136197 0
1025 0 -47537.55693241 0
1026 1 43877.77804813 1
1027 0 -46409.75204240 0
1028 1 46583.86305545 1
1029 1 39763.05612968 1
1030 1 39178.08937348 1
1031 1 49875.42551192 1
1032 0 -48364.73961727 0
1033 0 -45330.55000233 0
1034 1 46681.56653032 1
1035 0 -48729.76385758 0
1036 1 40225.24481935 1
1037 1 33006.33953324 1
1038 0 -46107.80238780 0
1039 1 47000.93667333 1
1040 1 42867.95829457 1
1041 0 -43533.64036866 0
1042 1 36397.85115825 1
1043 1 35596.72907161 1
1044 0 -30099.35645395 0
1045 0 -46706.25300174 0
1046 0 -42275.60327377 0
1047 1 45900.23459431 1
1048 0 -35932.74888481 0
1049 0 -36450.58757923 0
1050 1 28177.66794918 1
1051 0 -34243.21167944 0
1052 1 48978.83045468 1
1053 1 48541.40258092 1
1054 0 -42971.30451110 0
1055 0 -40394.06752961 0
1056 1 44875.44033459 1
1057 0 -32165.45964158 0
1058 1 31555.54117018 1
1059 0 -43612.09954044 0
1060 1 46188.93761998 1
1061 0 -45045.19738964 0
1062 0 -36286.61358615 0
1063 1 40811.32773025 1
1064 0 -43958.80611090 0
1065 1 34045.41017915 1
1066 0 -46358.78593385 0
1067 1 45778.97574098 1
1068 1 47933.24211252 1
1069 0 -43594.36403941 0
1070 1 46768.72515697 1
1071 0 -42793.23360137 0
1072 0 -50045.29313739 0
1073 1 51281.01317524 1
1074 0 -52645.05413784 0
1075 1 54009.81799715 1
1076 0 -50292.05408360 0
1077 1 49050.46651715 1
1078 0 -47850.30320970 0
1079 0 -42989.45374476 0
1080 1 52396.44324614 1
1081 1 53483.73078192 1
1082 1 50662.44538430 1
1083 1 47511.54321126 1
1084 1 66082.57488752 1
1085 0 -43536.08976376 0
1086 0 -37343.94740427 0
1087 1 50925.64415429 1
1088 0 -51191.71874638 0
1089 0 -50783.34161868 0
1090 1 43600.89947951 1
1091 1 41612.51404293 1
1092 0 -50224.51735705 0
1093 0 -43901.63332425 0
1094 1 49714.71327331 1
1095 0 -49494.08672556 0
1096 0 -60398.37653591 0
1097 0 -51316.98521826 0
1098 1 54926.83486086 1
1099 1 46571.80070194 1
1100 1 50385.81051792 1
1101 0 -35704.23572870 0
1102 0 -50979.75739424 0
1103 1 53338.68682715 1
1104 1 48748.05784411 1
1105 0 -49924.00739749 0
1106 1 47367.11442439 1
1107 1 45020.31649393 1
1108 1 39647.14939291 1
1109 0 -53879.59072598 0
1110 0 -47584.94329835 0
1111 0 -55716.09296521 0
1112 1 54295.56671516 1
1113 0 -49970.51476267 0
1114 0 -49752.46469803 0
1115 0 -41963.60285910 0
1116 1 55624.07968175 1
1117 1 48637.93194723 1
1118 0 -60151.36935213 0
1119 0 -50281.27477037 0
1120 0 -53942.88113946 0
1121 0 -49209.83885897 0
1122 1 48194.37128111 1
1123 0 -71501.52251761 0
1124 1 65405.87803486 1
1125 0 -52467.76140185 0
1126 0 -47543.80635530 0
1127 0 -57637.89056382 0
1128 0 -48921.16268584 0
1129 1 49782.21909175 1
1130 1 60763.64150402 1
1131 0 -61241.09550246 0
1132 0 -53395.47950425 0
1133 0 -50164.52031077 0
1134 0 -58155.27791774 0
1135 0 -49018.54493084 0
1136 0 -54434.13229133 0
1137 1 55050.46507151 1
1138 0 -54825.89610371 0
1139 1 46087.26120773 1
1140 1 48691.33568742 1
1141 1 46869.54704959 1
1142 0 -47334.64937121 0
1143 1 52751.72539956 1
1144 0 -55950.09688291 0
1145 0 -46215.22670976 0
1146 0 -44587.30277423 0
1147 1 52843.68383786 1
1148 0 -47987.43076927 0
1149 0 -52525.81658130 0
1150 1 53716.72336245 1
1151 1 61510.63248244 1
1152 0 -41583.67628975 0
1153 1 54062.71449655 1
1154 0 -49111.65918075 0
1155 0 -50833.68264878 0
1156 0 -47164.75486654 0
1157 1 55832.91351369 1
1158 0 -59646.26909196 0
1159 1 47814.42095526 1
1160 1 51935.43202212 1
1161 1 47588.23453216 1
1162 1 47504.06935107 1
1163 1 46252.83709103 1
1164 1 49128.78342129 1
1165 1 54630.42645060 1
1166 1 52508.03731958 1
1167 0 -42776.77223989 0
1168 1 44958.86765947 1
1169 0 -46722.63513123 0
1170 0 -43779.54830162 0
1171 1 46637.55721829 1
1172 1 49765.95104749 1
1173 0 -59396.90665440 0
1174 0 -41053.17730109 0
1175 1 43189.85056311 1
1176 0 -55279.61700877 0
1177 1 44608.57792907 1
1178 0 -50527.74141802 0
1179 0 -52996.19398511 0
1180 1 56924.14316883 1
1181 0 -41468.33909391 0
1182 1 55277.92493076 1
1183 0 -56845.28891646 0
1184 1 38810.36419119 1
1185 1 50046.28967758 1
1186 0 -54209.56155960 0
1187 1 56291.13263007 1
1188 0 -43224.91223807 0
1189 0 -49891.96127655 0
1190 0 -53294.41019883 0
1191 1 40318.03947577 1
1192 0 -47228.19143919 0
1193 0 -52281.88329804 0
1194 0 -46348.21580633 0
1195 0 -31023.38419902 0
1196 0 -49434.72314396 0
1197 0 -49560.11544591 0
1198 0 -35720.43205494 0
1199 1 39528.14763401 1
1200 0 -50524.59789073 0
1201 0 -38753.44004224 0
1202 0 -32985.07372886 0
1203 0 -50381.04289553 0
1204 1 50148.90545184 1
1205 1 36404.60353854 1
1206 0 -40779.50279533 0
1207 0 -47416.44912892 0
1208 1 38512.08240218 1
1209 1 35350.47186678 1
1210 1 58819.44667535 1
1211 1 51158.39638344 1
1212 0 -47198.64340686 0
1213 1 48294.66616263 1
1214 0 -52034.92363737 0
1215 0 -41133.42940292 0
1216 1 50006.65324646 1
1217 0 -55862.39191184 0
1218 1 46819.49208816 1
1219 0 -41792.46202606 0
1220 1 58303.48745173 1
1221 0 -49285.26243747 0
1222 0 -44230.61514427 0
1223 1 49629.30377470 1
1224 1 51499.46643895 1
1225 0 -53945.26759110 0
1226 1 44622.82648908 1
1227 1 62981.97028713 1
1228 1 67669.47139156 1
1229 0 -46202.25636433 0
1230 0 -46367.15859233 0
1231 1 55889.85329533 1
1232 1 52323.06712150 1
1233 1 53439.30234259 1
1234 1 51238.03304102 1
1235 1 63149.90068860 1
1236 1 43108.37235018 1
1237 0 -37154.40512096 0
1238 0 -46390.74329126 0
1239 0 -51230.36511705 0
1240 0 -46478.90910918 0
1241 0 -54370.24781865 0
1242 1 48084.14421322 1
1243 1 44298.09149990 1
1244 1 35859.47272985 1
1245 0 -46565.15324325 0
1246 0 -55146.84632083 0
1247 1 45533.27375837 1
1248 1 57511.42820282 1
1249 1 49463.70167620 1
1250 1 49866.23547468 1
1251 1 39798.10160317 1
1252 0 -46933.13316311 0
1253 1 50555.75949073 1
1254 1 42050.04783109 1
1255 0 -51765.06354679 0
1256 0 -45543.76128580 0
1257 1 54423.81557361 1
1258 0 -50842.17555140 0
1259 0 -47939.56635056 0
1260 1 39884.22548726 1
1261 1 39064.69679400 1
1262 0 -51189.89993162 0
1263 1 46955.83378357 1
1264 0 -47643.65118282 0
1265 0 -47869.78158582 0
1266 1 41935.79121548 1
1267 0 -37528.65114465 0
1268 0 -35727.55133781 0
1269 1 54248.96973241 1
1270 0 -54045.97621799 0
1271 0 -47487.82723233 0
1272 0 -40651.17241771 0
1273 0 -37178.15600824 0
1274 1 38633.58968900 1
1275 1 35548.94614603 1
1276 1 52557.14026213 1
1277 0 -58862.48233310 0
1278 1 50654.87185829 1
1279 1 41623.52287219 1
1280 1 45485.59258222 1
1281 0 -44237.58743127 0
1282 1 54410.88873936 1
1283 1 46408.69968159 1
1284 1 57015.97404219 1
1285 1 50274.34607295 1
1286 0 -44893.75283935 0
1287 1 46395.80343609 1
1288 1 47889.31113813 1
1289 0 -39039.46498758 0
1290 0 -54796.67021239 0
1291 0 -54008.02350518 0
1292 0 -47886.80999067 0
1293 1 46435.94025815 1
1294 0 -48849.43277951 0
1295 1 48945.40624872 1
1296 1 41916.88162717 1
1297 1 48265.02714032 1
1298 0 -50548.44238139 0
1299 1 48095.04903596 1
1300 1 47410.83559716 1
1301 0 -44962.93726601 0
1302 1 59817.54288254 1
1303 0 -26046.65050848 0
1304 1 40636.80111997 1
1305 1 42844.87469994 1
1306 1 49437.27769459 1
1307 0 -41974.57856012 0
1308 0 -33834.80418941 0
1309 1 48824.23338256 1
1310 0 -30461.92280133 0
1311 1 39016.22886630 1
1312 1 41418.32582927 1
1313 0 -43573.67682830 0
1314 1 40247.90439568 1
1315 0 -36243.99251655 0
1316 1 37526.95149929 1
1317 1 28083.94700723 1
1318 0 -40101.91638665 0
1319 0 -41737.14092869 0
1320 1 41178.70770031 1
1321 0 -39373.98836679 0
1322 0 -45404.53332454 0
1323 0 -42896.83575386 0
1324 1 31944.29796231 1
1325 0 -37629.98902712 0
1326 0 -44934.49120452 0
1327 1 51363.18353152 1
1328 0 -49837.52908755 0
1329 1 40339.74210466 1
1330 1 38732.36245245 1
1331 1 40209.42094594 1
1332 1 40718.81888147 1
1333 0 -34392.17520666 0
1334 0 -35097.63728835 0
1335 1 31501.47501390 1
1336 0 -26173.23965874 0
1337 0 -33019.25784556 0
1338 1 15155.99242619 1
1339 1 40441.66921944 1
1340 1 33940.00942344 1
1341 1 32055.52179946 1
1342 0 -28570.31481986 0
1343 0 -22830.87681098 0
1344 0 -31611.83998086 0
1345 1 16815.34211251 1
1346 0 -32190.63418226 0
1347 1 31879.34425610 1
1348 1 42714.28698958 1
1349 1 27445.59169668 1
1350 0 -26261.17437319 0
1351 1 31109.06130758 1
1352 1 27656.58585381 1
1353 0 -37964.10876160 0
1354 0 -43097.34548145 0
1355 1 46247.42895236 1
1356 0 -38656.37875373 0
1357 1 46681.46903461 1
1358 1 44002.30198322 1
1359 0 -45797.74772139 0
1360 0 -41499.72548864 0
1361 0 -45474.11752633 0
1362 1 53258.01110171 1
1363 1 39440.53782516 1
1364 1 36973.38620971 1
1365 1 47306.91326001 1
1366 1 39863.10986993 1
1367 1 55041.29512545 1
1368 1 47711.59987944 1
1369 1 54657.27524452 1
1370 0 -39522.27591719 0
1371 1 39455.73539719 1
1372 1 40418.73193648 1
1373 0 -30623.24945005 0
1374 1 46230.21008230 1
1375 0 -47210.25801981 0
1376 1 51042.85914745 1
1377 1 38742.80811234 1
1378 1 50632.85748356 1
1379 0 -48371.59520322 0
1380 0 -29557.26227875 0
1381 1 41064.66128420 1
1382 1 41465.01809672 1
1383 1 57057.18083572 1
1384 1 42181.94325581 1
1385 1 44361.17010564 1
1386 1 51612.79445805 1
1387 0 -42145.05527940 0
1388 0 -48494.18656671 0
1389 0 -44090.00996641 0
1390 0 -66711.01764795 0
1391 1 42892.95508403 1
1392 1 43288.46211329 1
1393 0 -43819.35074877 0
1394 1 40404.27666762 1
1395 0 -53333.56282502 0
1396 0 -51298.72744432 0
1397 0 -61476.62784374 0
1398 1 51944.05135607 1
1399 1 46874.08469528 1
1400 0 -49077.29135795 0
1401 1 48358.84511537 1
1402 0 -48004.11947543 0
1403 0 -51876.71740056 0
1404 1 64243.44399705 1
1405 0 -48568.60780988 0
1406 1 52656.68064780 1
1407 1 48822.57835455 1
1408 1 49229.47447827 1
1409 0 -54243.93820503 0
1410 0 -45800.91610385 0
1411 0 -45528.55278953 0
1412 0 -46699.86357073 0
1413 0 -47713.79879686 0
1414 1 39425.49144563 1
1415 1 33422.98288572 1
1416 1 44356.98246855 1
1417 0 -45316.27736922 0
1418 1 39793.06275879 1
1419 1 43600.58312594 1
1420 1 39432.53270037 1
1421 0 -40439.65538928 0
1422 0 -40066.97494415 0
1423 1 49756.69454881 1
1424 1 44364.52023418 1
1425 0 -50884.34835461 0
1426 0 -44138.59777946 0
1427 1 42502.43695732 1
1428 0 -48933.80818278 0
1429 0 -40494.31253358 0
1430 1 48343.88064045 1
1431 1 57896.80343537 1
1432 0 -48552.11592647 0
1433 1 45225.33224041 1
1434 1 45602.38599199 1
1435 1 48181.80535248 1
1436 0 -44561.67119394 0
1437 1 39945.02094227 1
1438 0 -43123.56393026 0
1439 1 39086.51965719 1
1440 1 37949.05401988 1
1441 1 44144.90074444 1
1442 0 -42365.85853297 0
1443 0 -36972.91453645 0
1444 0 -44796.55718608 0
1445 1 47181.09600705 1
1446 0 -42605.64917468 0
1447 1 33308.23342624 1
1448 1 43974.75463978 1
1449 1 35543.12735508 1
1450 1 40359.71397109 1
1451 0 -51509.37118670 0
1452 0 -47901.35479129 0
1453 1 42270.55366631 1
1454 1 39851.45398486 1
1455 0 -47732.14260332 0
1456 0 -40306.14627165 0
1457 0 -36272.90428552 0
1458 0 -50680.74765519 0
1459 1 46341.70305704 1
1460 1 49893.85170360 1
1461 1 65093.45832374 1
1462 1 45084.09915710 1
1463 0 -46198.95189041 0
1464 0 -49453.61825633 0
1465 0 -50782.51489087 0
1466 1 43219.92817958 1
1467 1 37166.10337491 1
1468 1 42354.31179059 1
1469 1 49045.01013238 1
1470 1 45033.89666724 1
1471 0 -40003.87388177 0
1472 1 43392.98118477 1
1473 0 -39047.07275905 0
1474 0 -43839.62018650 0
1475 1 43220.25243348 1
1476 1 52367.98224276 1
1477 1 44911.91804159 1
1478 0 -39685.06070676 0
1479 1 40182.73196310 1
1480 0 -43893.38395092 0
1481 1 41438.74109558 1
1482 1 42277.07723314 1
1483 1 50616.58496005 1
1484 1 42362.37480360 1
1485 0 -38757.61538809 0
1486 1 42218.93921575 1
1487 0 -38903.34454747 0
1488 1 43186.10748388 1
1489 1 39981.80584531 1
1490 1 42357.67256203 1
1491 0 -47554.02643485 0
1492 0 -43785.03677478 0
1493 0 -41462.86570363 0
1494 0 -43629.02634626 0
1495 0 -51641.40114412 0
1496 1 35092.89848624 1
1497 0 -42489.08097720 0
1498 1 38108.19731863 1
1499 0 -38171.20792919 0
1500 1 32505.52366356 1
1501 0 -40038.14313194 0
1502 0 -36380.59398712 0
1503 1 28806.66517668 1
1504 0 -38301.65878404 0
1505 1 39615.08137014 1
1506 1 27591.95757459 1
1507 1 26288.30310694 1
1508 0 -26720.94937496 0
1509 1 31654.61111443 1
1510 0 -34816.78916989 0
1511 0 -48117.81128969 0
1512 1 49322.21086744 1
1513 0 -40748.44519293 0
1514 0 -35700.46753304 0
1515 1 32117.98129657 1
1516 1 41334.79187111 1
1517 1 30317.36144087 1
1518 1 51043.09924608 1
1519 1 41927.87313374 1
1520 0 -38803.70963680 0
1521 0 -28996.54543049 0
1522 0 -33980.97749953 0
1523 1 42713.37522419 1
1524 1 42974.98188822 1
1525 0 -45798.81835549 0
1526 1 39847.47160077 1
1527 1 35903.29138765 1
1528 1 36123.70134218 1
1529 1 35697.37089663 1
1530 0 -44683.01870345 0
1531 1 48072.73702149 1
1532 0 -44408.91904171 0
1533 1 44416.46685909 1
1534 0 -35891.82826999 0
1535 1 34477.75593493 1
1536 1 45753.42865843 1
1537 1 38501.29382992 1
1538 1 46274.27215831 1
1539 0 -36118.07857555 0
1540 1 39029.94185080 1
1541 1 32013.42946868 1
1542 1 35652.30698322 1
1543 1 45419.68011991 1
1544 1 41129.44255740 1
1545 1 41349.42831333 1
1546 1 34826.00856883 1
1547 0 -37355.69588384 0
1548 1 36959.49854183 1
1549 1 32840.29047855 1
1550 0 -45297.06051940 0
1551 0 -44373.34325198 0
1552 0 -44014.45541340 0
1553 1 35135.15441894 1
1554 0 -42644.01880495 0
1555 0 -31152.89263377 0
1556 0 -35808.16143244 0
1557 0 -34342.04627742 0
1558 1 40293.02246524 1
1559 1 40596.07024914 1
1560 1 25429.77484252 1
1561 0 -23335.21517243 0
1562 0 -29788.94839777 0
1563 0 -24053.39138733 0
1564 1 34420.09003539 1
1565 1 29915.34243787 1
1566 1 33435.00082687 1
1567 1 24161.10620614 1
1568 0 -26341.94830170 0
1569 0 -28447.71500627 0
1570 0 -30981.78130775 0
1571 1 40323.73817896 1
1572 1 48005.06804200 1
1573 1 41210.73994718 1
1574 0 -36660.62401033 0
1575 0 -41074.28641260 0
1576 0 -41460.73097899 0
1577 1 26462.97836183 1
1578 1 43115.98186048 1
1579 1 39030.83230836 1
1580 1 40134.53650950 1
1581 1 34626.34731862 1
1582 1 34877.73582257 1
1583 0 -40293.87261842 0
1584 1 29897.56462981 1
1585 1 33978.56030091 1
1586 1 38370.21777111 1
1587 0 -36643.25705948 0
1588 1 46023.89057275 1
1589 0 -35895.42730749 0
1590 0 -38474.51239377 0
1591 0 -35670.35547498 0
1592 0 -44041.37657576 0
1593 1 38423.75184965 1
1594 1 36596.11586464 1
1595 1 38025.14710677 1
1596 0 -40257.56679279 0
1597 1 47105.64452813 1
1598 1 39961.86448077 1
1599 1 47499.62200654 1
1600 1 42631.80939884 1
1601 0 -33236.82170842 0
1602 1 38847.55334148 1
1603 1 47171.33832738 1
1604 0 -39746.18014487 0
1605 0 -36262.06830770 0
1606 0 -37294.45790310 0
1607 1 46039.73431317 1
1608 0 -34829.57811618 0
1609 1 33852.53575597 1
1610 0 -33367.85722224 0
1611 0 -31729.12277630 0
1612 1 30738.23507263 1
1613 0 -40185.49066050 0
1614 0 -45579.95817926 0
1615 0 -33525.50450946 0
1616 1 37276.19755047 1
1617 0 -38175.82319264 0
1618 0 -42378.37861191 0
1619 1 39362.61244642 1
1620 1 49140.54935986 1
1621 0 -46529.84050676 0
1622 0 -42715.23925331 0
1623 0 -46710.49182850 0
1624 1 40309.28289029 1
1625 1 35938.38081172 1
1626 1 38176.54521641 1
1627 1 42415.55574112 1
1628 0 -54714.43686184 0
1629 0 -45948.30342357 0
1630 0 -46551.64830604 0
1631 0 -50689.75673171 0
1632 1 40549.78067891 1
1633 1 46481.05627418 1
1634 1 34595.14186532 1
1635 0 -52694.38206750 0
1636 0 -32850.33186893 0
1637 1 40620.68260560 1
1638 1 46555.38147361 1
1639 0 -38610.66046314 0
1640 0 -38475.40027253 0
1641 0 -36565.62798826 0
1642 1 48017.50840740 1
1643 0 -37582.75425182 0
1644 0 -30333.38844477 0
1645 0 -42535.43488041 0
1646 0 -36847.15391819 0
1647 1 33491.76309425 1
1648 0 -35923.33515176 0
1649 0 -39853.53220456 0
1650 0 -32235.22115691 0
1651 1 35127.96088276 1
1652 1 40208.43889027 1
1653 0 -38264.62154943 0
1654 0 -41837.74364836 0
1655 0 -44231.80736625 0
1656 1 42545.59576698 1
1657 0 -46319.92583149 0
1658 1 42643.56208469 1
1659 1 45576.01875627 1
1660 0 -38851.00474173 0
1661 1 38629.58639082 1
1662 0 -40277.18346778 0
1663 1 43445.15721345 1
1664 1 38671.21148257 1
1665 1 37760.90576262 1
1666 1 41047.21990804 1
1667 0 -38034.32798913 0
1668 1 31690.79943307 1
1669 0 -39282.81114336 0
1670 0 -36693.43388126 0
1671 1 36218.56966274 1
1672 0 -41404.26388417 0
1673 0 -42895.73431574 0
1674 1 37077.90866819 1
1675 0 -32186.42858295 0
1676 0 -45920.82140961 0
1677 0 -35463.88625193 0
1678 1 32386.79771502 1
1679 1 38575.07045278 1
1680 0 -39018.16029445 0
1681 0 -32771.80523835 0
1682 1 40295.08703574 1
1683 1 45004.74775019 1
1684 0 -38313.25906753 0
1685 0 -34387.94863792 0
1686 1 41617.13312765 1
1687 1 32107.72215910 1
1688 1 35651.11035320 1
1689 1 34016.39221697 1
1690 1 41321.97590757 1
1691 0 -35250.25315566 0
1692 0 -32554.72851200 0
1693 0 -32619.15104402 0
1694 1 35709.84692221 1
1695 1 26178.69741390 1
1696 1 34709.05549074 1
1697 0 -38654.70171723 0
1698 0 -30044.35819417 0
1699 1 34849.93159960 1
1700 1 24855.80943941 1
1701 1 29909.03405826 1
1702 1 26417.90124401 1
1703 1 29295.74187176 1
1704 1 29449.68974179 1
1705 1 32960.86328429 1
1706 1 35921.89323544 1
1707 0 -26285.41561885 0
1708 1 29560.96304585 1
1709 1 25362.78014687 1
1710 1 29217.94519927 1
1711 1 28880.33442267 1
1712 0 -28988.33563240 0
1713 1 29526.08599898 1
1714 1 27805.38679824 1
1715 0 -37091.12923112 0
1716 1 19776.18286418 1
1717 1 37323.40523548 1
1718 1 32978.63099440 1
1719 1 36277.78367662 1
1720 1 18149.54738549 1
1721 0 -30492.54484549 0
1722 0 -23591.54556691 0
1723 1 14177.78330141 1
1724 1 31887.29444426 1
1725 1 9216.92375712 1
1726 0 -21824.28603604 0
1727 1 18245.45190759 1
1728 1 12687.78607114 1
1729 0 -19583.09853985 0
1730 0 -7805.36192443 0
1731 0 -10725.20225030 0
1732 1 10609.88172365 1
1733 1 10634.05689515 1
1734 1 8098.19942589 1
1735 0 -8590.21520353 0
1736 1 10265.09694002 1
1737 1 8535.70627484 1
1738 0 -11001.02874400 0
1739 1 10576.14093089 1
1740 0 -17453.11454479 0
1741 0 -14220.98064206 0
1742 1 11904.66819088 1
1743 1 13900.08846687 1
1744 1 18620.99652556 1
1745 0 -26995.43384688 0
1746 1 20815.60352219 1
1747 0 -25746.37998463 0
1748 1 24613.85482111 1
1749 1 29287.47626659 1
1750 1 26880.21763916 1
1751 0 -32280.63477088 0
1752 1 24827.97534018 1
1753 1 36909.72835835 1
1754 1 37671.40662427 1
1755 0 -34193.52536957 0
1756 1 29157.39549087 1
1757 1 31069.25292351 1
1758 0 -34841.11762622 0
1759 0 -34822.15409450 0
1760 1 38779.30573872 1
1761 1 31588.47571513 1
1762 0 -33747.25395172 0
1763 0 -28295.16639207 0
1764 1 31688.43661821 1
1765 0 -33600.43375764 0
1766 1 32567.97466576 1
1767 1 35201.54113817 1
1768 0 -29225.77919460 0
1769 1 33623.79170131 1
1770 1 29045.08412396 1
1771 0 -33745.81529696 0
1772 0 -36779.54973968 0
1773 1 35091.94395045 1
1774 0 -37745.72659873 0
1775 1 39998.90299832 1
1776 1 38392.15741158 1
1777 0 -27915.10977765 0
1778 0 -35474.47937654 0
1779 1 32917.51972547 1
1780 0 -36990.32448982 0
1781 1 30757.90768312 1
1782 1 36613.02284503 1
1783 0 -28450.45740422 0
1784 1 34538.26403114 1
1785 0 -31234.62642154 0
1786 0 -29172.17399818 0
1787 1 31632.57104289 1
1788 1 29944.29370345 1
1789 1 24933.23178043 1
1790 0 -31868.29062504 0
1791 1 27582.64777751 1
1792 1 35341.78479846 1
1793 0 -29575.96963727 0
1794 1 29785.81426817 1
1795 1 27449.72794525 1
1796 0 -27475.12432398 0
1797 0 -37318.78574151 0
1798 1 29015.96894942 1
1799 1 35378.79106443 1
1800 0 -35905.03258561 0
1801 0 -29295.81942482 0
1802 0 -40259.57387638 0
1803 1 33051.08031298 1
1804 0 -40109.86416522 0
1805 1 34547.37158445 1
1806 1 39934.90888152 1
1807 1 39010.69008860 1
1808 1 41269.66972618 1
1809 1 41441.60888381 1
1810 1 39320.03108558 1
1811 1 41060.45946028 1
1812 0 -36489.46643856 0
1813 1 42437.95920629 1
1814 0 -39177.30455240 0
1815 0 -36717.31719354 0
1816 1 38766.82451102 1
1817 1 40569.02704805 1
1818 0 -43590.72740673 0
1819 0 -36554.70289128 0
1820 1 40870.36445500 1
1821 1 39214.49965398 1
1822 0 -38630.87359238 0
1823 0 -35414.43685309 0
1824 1 40989.84928312 1
1825 1 39607.61450246 1
1826 1 34051.00299800 1
1827 1 47571.89624244 1
1828 1 31681.78379678 1
1829 1 33577.90752572 1
1830 1 38398.03225229 1
1831 1 34686.22207020 1
1832 1 37559.45064227 1
1833 0 -37003.28948967 0
1834 1 47886.15508088 1
1835 0 -28323.40482704 0
1836 0 -33623.43125672 0
1837 0 -36077.85666889 0
1838 1 39323.88737557 1
1839 1 32107.52001399 1
1840 0 -29233.03917567 0
1841 1 38672.21473454 1
1842 0 -21956.10841282 0
1843 0 -24253.63328708 0
1844 0 -24388.97834318 0
1845 0 -25610.40817529 0
1846 0 -26666.51852940 0
1847 0 -20981.48791261 0
1848 1 40551.71737805 1
1849 0 -21886.12142497 0
1850 1 30109.28883793 1
1851 1 25210.44523121 1
1852 1 23331.63181053 1
1853 1 20962.80617493 1
1854 0 -16926.16150289 0
1855 0 -46531.37512890 0
1856 0 -23720.67575271 0
1857 1 31490.11959170 1
1858 1 27141.87835046 1
1859 1 39105.95595853 1
1860 0 -33656.47073735 0
1861 1 26961.22272761 1
1862 1 22979.61323704 1
1863 0 -12687.93448963 0
1864 0 -26307.64470273 0
1865 1 24106.84505078 1
1866 0 -24005.57737698 0
1867 0 -26958.79419122 0
1868 0 -32678.16773820 0
1869 1 31484.99826238 1
1870 0 -18443.49332645 0
1871 1 26180.26065723 1
1872 1 29248.78885229 1
1873 1 28697.34574905 1
1874 0 -20817.54037281 0
1875 0 -25766.16721037 0
1876 0 -32086.25211357 0
1877 1 32120.45297431 1
1878 0 -27373.96650916 0
1879 0 -37938.37220987 0
1880 1 27097.44295541 1
1881 1 35342.41915018 1
1882 0 -28209.14938911 0
1883 1 41441.51954496 1
1884 1 30851.73760380 1
1885 1 35733.97317577 1
1886 0 -27887.94861427 0
1887 0 -19237.77628904 0
1888 1 20666.98908450 1
1889 1 24571.32959736 1
1890 1 31445.22744537 1
1891 1 17680.36620151 1
1892 1 21413.13120116 1
1893 1 29385.96757720 1
1894 1 14265.36076363 1
1895 1 24446.00423390 1
1896 1 21722.10958208 1
1897 0 -28056.19848078 0
1898 0 -22512.60343674 0
1899 1 16671.38364299 1
1900 1 28416.55306857 1
1901 1 31797.50046164 1
1902 1 27398.35217338 1
1903 1 24278.22188716 1
1904 0 -27804.17542812 0
1905 0 -29444.64436771 0
1906 1 24231.34852400 1
1907 1 14397.72495298 1
1908 1 21985.20340645 1
1909 0 -18033.24377236 0
1910 0 -24584.99400350 0
1911 1 27698.54207399 1
1912 0 -25541.95373391 0
1913 0 -28794.28713755 0
1914 0 -17538.31644875 0
1915 0 -26347.79258036 0
1916 0 -26016.88618515 0
1917 1 9373.70448224 1
1918 1 14890.13370373 1
1919 0 -2860.76044484 0
1920 0 -23822.85764764 0
1921 1 17176.41064588 1
1922 0 -18069.81989601 0
1923 0 -13244.46288312 0
1924 1 9011.61869600 1
1925 1 22633.06526072 1
1926 0 -7756.03806182 0
1927 1 13847.21497294 1
1928 1 11912.14263512 1
1929 1 6486.18818650 1
1930 1 5898.05557340 1
1931 1 -5898.05557340 0
1932 0 -17304.36642288 0
1933 1 -2860.76044484 0
1934 1 -6486.18818650 0
1935 0 8869.77914468 1
1936 0 -18992.50838997 0
1937 1 17128.56702077 1
1938 1 20684.60744891 1
1939 1 15660.15695404 1
1940 0 -16806.12101490 0
1941 0 -15583.51967481 0
1942 0 -27264.63806364 0
1943 0 -23140.81493869 0
1944 1 23076.82736306 1
1945 1 23395.94543070 1
1946 0 -18113.58989516 0
1947 1 19783.89331087 1
1948 1 29861.09761930 1
1949 1 26706.71157973 1
1950 1 23904.82629793 1
1951 0 -28112.48655990 0
1952 0 -25940.11500385 0
1953 0 -32966.45008611 0
1954 1 28524.85935166 1
1955 1 36620.75329562 1
1956 0 -24698.21181493 0
1957 0 -31722.17270743 0
1958 1 16594.73936713 1
1959 1 33129.58728675 1
1960 1 30278.23559636 1
1961 1 30935.23321366 1
1962 0 -22106.81885456 0
1963 0 -20642.13164064 0
1964 0 -27445.96027074 0
1965 1 24131.71983455 1
1966 1 26428.14848143 1
1967 0 -24923.18348191 0
1968 1 26045.31967541 1
1969 0 -24714.20961642 0
1970 0 -28198.09981205 0
1971 0 -34026.56225515 0
1972 1 31399.98869104 1
1973 0 -32367.93068143 0
1974 1 26334.58201569 1
1975 1 30984.67567678 1
1976 0 -32659.00279471 0
1977 1 27984.14754792 1
1978 0 -34771.62597621 0
1979 0 -26180.99288224 0
1980 1 30044.05819184 1
1981 0 -38302.57398697 0
1982 0 -33208.59685899 0
1983 0 -36355.08877807 0
1984 0 -45766.47572295 0
1985 0 -37551.87575558 0
1986 1 25975.80037455 1
1987 1 36675.95012240 1
1988 1 35826.77037831 1
1989 1 23827.91898990 1
1990 1 31690.11822277 1
1991 1 31538.62545995 1
1992 0 -32495.99996772 0
1993 1 32193.89933278 1
1994 0 -31375.72111868 0
1995 0 -33583.46479514 0
1996 0 -30274.53755794 0
1997 1 31045.78333641 1
1998 0 -36070.72801024 0
1999 0 -30894.20653643 0
2000 1 33607.76280916 1
2001 0 -28556.24929414 0
2002 1 34414.59790612 1
2003 1 34523.06674516 1
2004 0 -38062.76781307 0
2005 0 -29500.52483802 0
2006 0 -31084.63539462 0
2007 0 -31321.26891434 0
2008 0 -40070.42307541 0
2009 0 -37890.21011525 0
2010 0 -27164.94876377 0
2011 1 21101.51391889 1
2012 1 33430.89431518 1
2013 1 37648.54237245 1
2014 1 26615.07508137 1
2015 0 -24523.87017771 0
2016 0 -30879.56600403 0
2017 1 24826.75810385 1
2018 0 -27823.98958338 0
2019 1 35184.07476185 1
2020 0 -31320.24116927 0
2021 0 -21819.46497254 0
2022 1 30332.20903272 1
2023 0 -32901.04839021 0
2024 1 32244.69797831 1
2025 1 29585.00595686 1
2026 0 -35632.47214851 0
2027 1 39350.31797378 1
2028 0 -36552.85500813 0
2029 1 32744.35405040 1
2030 1 35783.47294815 1
2031 1 29980.73823531 1
2032 1 40256.35127374 1
2033 0 -37785.30589340 0
2034 1 29856.65411602 1
2035 1 27093.72195209 1
2036 1 28579.94164310 1
2037 0 -31885.82061687 0
2038 0 -35200.31462732 0
2039 0 -36404.10243205 0
2040 0 -35470.34707591 0
2041 1 26837.55622002 1
2042 1 24575.19984004 1
2043 0 -28781.30505373 0
2044 0 -38779.01780188 0
2045 0 -29491.11505663 0
2046 1 37015.65339858 1
2047 1 33928.08505238 1
2048 0 -25046.88704469 0
2049 0 -24761.17521344 0
2050 1 26902.87052747 1
2051 1 37105.57934305 1
2052 0 -33196.60707657 0
2053 1 37990.84574006 1
2054 1 42425.01511727 1
2055 1 22244.83191905 1
2056 0 -42625.74461478 0
2057 0 -40240.49308887 0
2058 0 -46040.94093348 0
2059 1 34883.38533442 1
2060 1 44975.24524182 1
2061 1 37721.31686080 1
2062 1 30095.29903329 1
2063 1 35123.53266341 1
2064 1 36523.68510208 1
2065 0 -40841.97600519 0
2066 1 29757.72755888 1
2067 1 36200.55607733 1
2068 1 37727.54186109 1
2069 0 -33765.09220325 0
2070 1 33133.66919782 1
2071 1 33807.22713283 1
2072 1 40427.33584992 1
2073 1 32029.55913722 1
2074 1 41045.80753034 1
2075 1 41718.76456047 1
2076 0 -37268.79977124 0
2077 0 -42378.05944092 0
2078 0 -45290.95580093 0
2079 1 41950.00909355 1
2080 1 33343.01597816 1
2081 1 31306.78755903 1
2082 1 46443.12941832 1
2083 1 33167.99954594 1
2084 0 -32722.96063056 0
2085 0 -42206.30001258 0
2086 1 39709.07890043 1
2087 1 37401.32702923 1
2088 0 -35061.95179613 0
2089 1 46170.72828265 1
2090 1 43464.38135160 1
2091 0 -40665.68357910 0
2092 0 -35817.28730414 0
2093 1 48971.26748454 1
2094 1 37980.53530198 1
2095 0 -36319.79710065 0
2096 0 -48964.25466255 0
2097 1 42407.31977967 1
2098 0 -33722.81645654 0
2099 0 -32844.14955160 0
2100 0 -40090.54481637 0
2101 1 41890.38490377 1
2102 1 36450.26922640 1
2103 1 42517.95052257 1
2104 1 34132.88340995 1
2105 1 25852.50322343 1
2106 0 -37776.20225821 0
2107 0 -29239.96842207 0
2108 0 -33705.56664850 0
2109 0 -33973.18291995 0
2110 1 38396.96743579 1
2111 1 36856.47149870 1
2112 0 -25145.94773915 0
2113 0 -33543.59331516 0
2114 1 23915.27471675 1
2115 0 -32767.42348797 0
2116 0 -29838.23910983 0
2117 0 -36160.37753856 0
2118 0 -37003.04467096 0
2119 0 -31198.03079937 0
2120 1 39596.01050639 1
2121 0 -21993.37747849 0
2122 0 -33237.69103918 0
2123 0 -33772.03284649 0
2124 1 42462.02156607 1
2125 1 41662.64667469 1
2126 1 34986.30679257 1
2127 1 38774.11799359 1
2128 0 -43119.55725126 0
2129 1 37793.63776103 1
2130 1 42158.19817112 1
2131 0 -49443.95645729 0
2132 1 45334.94398072 1
2133 1 44485.30904562 1
2134 1 38522.32144962 1
2135 0 -32003.65789287 0
2136 0 -42137.09194251 0
2137 0 -28501.63842570 0
2138 0 -40035.13015679 0
2139 0 -44146.12559954 0
2140 0 -33840.73113058 0
2141 1 33719.97786164 1
2142 1 33170.87921428 1
2143 1 40324.27200998 1
2144 0 -27232.05375605 0
2145 1 39763.15128404 1
2146 0 -37175.25018700 0
2147 0 -32959.80768111 0
2148 0 -37196.03149105 0
2149 0 -35422.97218857 0
2150 0 -37438.18199330 0
2151 1 41606.02950964 1
2152 1 43872.39978827 1
2153 1 41168.14226586 1
2154 0 -36109.14957968 0
2155 0 -39319.46636670 0
2156 0 -35647.70226931 0
2157 0 -40597.61954788 0
2158 0 -37866.70783107 0
2159 1 46242.99900856 1
2160 1 39544.99465328 1
2161 1 40112.04249859 1
2162 0 -62409.87253381 0
2163 0 -44240.61471911 0
2164 1 41153.69349391 1
2165 0 -46517.09306110 0
2166 0 -48400.82337849 0
2167 0 -40225.76575865 0
2168 0 -46149.53755750 0
2169 1 41258.84598411 1
2170 1 48359.18335281 1
2171 1 40190.00219659 1
2172 0 -47147.84610955 0
2173 0 -42394.24319202 0
2174 1 41440.38989631 1
2175 0 -34314.35397580 0
2176 0 -35031.92359173 0
2177 1 47941.62498396 1
2178 0 -34494.49348951 0
2179 0 -43458.84916574 0
2180 1 39349.31579536 1
2181 0 -46655.43304730 0
2182 1 33226.94524270 1
2183 1 39137.95512904 1
2184 1 48803.19708793 1
2185 0 -31740.10254827 0
2186 1 44294.60176317 1
2187 0 -48045.65341806 0
2188 0 -35846.98306572 0
2189 1 31743.33815770 1
2190 1 37508.20442984 1
2191 0 -48588.56314637 0
2192 0 -39700.94810254 0
2193 0 -43708.22975908 0
2194 0 -51915.01171618 0
2195 0 -36164.41893534 0
2196 1 38000.80964563 1
2197 0 -49185.68229897 0
2198 0 -47007.29175376 0
2199 1 41663.12582273 1
2200 1 42844.66569153 1
2201 1 57007.66767376 1
2202 1 34886.23556117 1
2203 0 -38255.58023471 0
2204 1 36588.35739057 1
2205 0 -47089.25455636 0
2206 1 32960.47313335 1
2207 1 42773.80037338 1
2208 0 -63498.34510990 0
2209 0 -31234.74753521 0
2210 0 -41265.07754492 0
2211 1 35875.96562311 1
2212 0 -47452.56399964 0
2213 0 -28074.04466703 0
2214 0 -44637.67679806 0
2215 0 -42719.84165230 0
2216 0 -31387.19070272 0
2217 1 40450.18006166 1
2218 1 34336.17760964 1
2219 0 -64778.10213889 0
2220 0 -30770.27493524 0
2221 0 -39091.78182421 0
2222 1 40337.51989816 1
2223 1 27887.52352051 1
2224 1 37059.09937907 1
2225 1 35313.88559170 1
2226 0 -41666.50470478 0
2227 0 -31775.65135883 0
2228 1 40224.78029331 1
2229 0 -40162.05772617 0
2230 1 42935.53762476 1
2231 1 46392.66971621 1
2232 0 -38449.52983968 0
2233 1 40366.62924699 1
2234 0 -42420.80019951 0
2235 0 -34078.60597096 0
2236 1 39935.93659705 1
2237 1 32040.41274652 1
2238 0 -39813.28907955 0
2239 1 34584.16738580 1
2240 1 38999.40322817 1
2241 0 -32829.65476012 0
2242 0 -34542.85888342 0
2243 0 -37228.80148784 0
2244 1 33229.38855102 1
2245 1 51291.69381339 1
2246 1 35375.86336159 1
2247 0 -43151.26083917 0
2248 1 38944.21010344 1
2249 0 -37176.02258756 0
2250 1 40466.83506027 1
2251 0 -37224.81240809 0
2252 1 50489.89569392 1
2253 1 42577.04939058 1
2254 0 -43034.26444254 0
2255 1 39345.01335038 1
2256 0 -44790.67176355 0
2257 0 -49316.24519469 0
2258 0 -43653.15953456 0
2259 0 -53622.78347457 0
2260 0 -42890.12548063 0
2261 1 48259.66387997 1
2262 1 55876.68116090 1
2263 1 44462.02072012 1
2264 1 50868.55495513 1
2265 0 -48764.03900598 0
2266 0 -50040.99190371 0
2267 0 -45191.00725060 0
2268 0 -50666.57859290 0
2269 0 -51670.47940273 0
2270 0 -49671.44863569 0
2271 0 -53009.18801172 0
2272 1 49618.13599806 1
2273 0 -47649.63919220 0
2274 0 -46447.70983539 0
2275 0 -56560.01178224 0
2276 1 46593.45293333 1
2277 1 62110.58284896 1
2278 1 55069.88460024 1
2279 0 -55880.82447470 0
2280 1 46439.27689192 1
2281 1 48726.26522789 1
2282 0 -55971.71644978 0
2283 1 48764.47995014 1
2284 1 55474.22095439 1
2285 0 -49807.92048783 0
2286 0 -55406.80488068 0
2287 0 -50684.31376398 0
2288 1 41957.58764662 1
2289 1 42592.38016604 1
2290 0 -45712.50075354 0
2291 1 48951.39230669 1
2292 0 -51934.79986254 0
2293 0 -37672.71333789 0
2294 1 40945.56622243 1
2295 0 -31378.15712639 0
2296 0 -38962.71156350 0
2297 0 -42713.99056405 0
2298 0 -47887.59969076 0
2299 1 44847.01157509 1
2300 0 -35846.34267383 0
2301 0 -45492.65182788 0
2302 1 28373.36536569 1
2303 0 -46801.90950089 0
2304 0 -37052.88906876 0
2305 1 43494.08857084 1
2306 0 -47327.55148507 0
2307 0 -41737.07862461 0
2308 1 48476.68537424 1
2309 1 35537.65815604 1
2310 1 51492.10180968 1
2311 0 -63136.56033410 0
2312 0 -54010.25815155 0
2313 1 48055.21021603 1
2314 1 41192.74488673 1
2315 1 42000.27487836 1
2316 0 -35599.93503644 0
2317 1 48281.21006161 1
2318 1 31082.63092693 1
2319 1 49945.46373458 1
2320 1 50750.87804189 1
2321 1 36446.22033880 1
2322 0 -33175.10000437 0
2323 1 27273.59230452 1
2324 0 -44804.34268039 0
2325 0 -27231.74838550 0
2326 1 43316.68116008 1
2327 0 -48422.55465218 0
2328 0 -37412.47291222 0
2329 1 40652.54457215 1
2330 1 30259.31556524 1
2331 1 48119.46805580 1
2332 0 -28035.50551417 0
2333 1 42960.45094200 1
2334 0 -43280.66371296 0
2335 1 41786.69375519 1
2336 1 42648.93380650 1
2337 0 -42291.18346615 0
2338 1 54629.79267937 1
2339 0 -41305.90477139 0
2340 1 53439.38059571 1
2341 1 46976.00935759 1
2342 0 -41869.47718743 0
2343 1 48672.57631769 1
2344 1 38189.64675395 1
2345 0 -63856.20433889 0
2346 0 -32412.48445391 0
2347 0 -54392.74827235 0
2348 1 43422.51667043 1
2349 1 45046.90700210 1
2350 1 49616.91238087 1
2351 1 44387.67826178 1
2352 0 -46964.77826012 0
2353 0 -37580.99207585 0
2354 1 51539.99248335 1
2355 0 -53834.04474399 0
2356 1 43168.68439563 1
2357 1 33837.51528594 1
2358 0 -40649.63795998 0
2359 0 -42744.82774830 0
2360 1 33510.99048773 1
2361 1 50646.83073661 1
2362 1 44438.90541309 1
2363 1 44530.61686097 1
2364 0 -37063.22407909 0
2365 0 -48088.52023071 0
2366 0 -52977.70404919 0
2367 0 -33118.63834587 0
2368 1 42651.76867413 1
2369 1 38635.79941898 1
2370 1 49794.98878651 1
2371 0 -47683.84477908 0
2372 1 38248.42480753 1
2373 1 48537.34760880 1
2374 1 48751.31922937 1
2375 0 -63040.52524377 0
2376 0 -44560.31910416 0
2377 1 39015.39424865 1
2378 1 55169.21110784 1
2379 1 40895.13701807 1
2380 0 -56609.35320145 0
2381 1 54287.24421000 1
2382 0 -54343.84551243 0
2383 0 -56236.83107552 0
2384 1 45774.74932833 1
2385 0 -50450.27509155 0
2386 0 -42435.63748675 0
2387 1 44018.25741612 1
2388 1 48651.02449626 1
2389 0 -43614.57452238 0
2390 0 -41321.19804556 0
2391 0 -45485.58096341 0
2392 1 61542.32147893 1
2393 1 35182.57665621 1
2394 0 -55255.07461531 0
2395 1 46811.41293099 1
2396 1 45504.95375562 1
2397 1 43428.49036902 1
2398 0 -50533.03028842 0
2399 1 47635.57338427 1
2400 1 34428.71024827 1
2401 0 -49418.45228512 0
2402 1 45514.64223572 1
2403 0 -41083.52213651 0
2404 1 47585.87186880 1
2405 1 49073.28833072 1
2406 1 43379.97580277 1
2407 0 -31297.87691823 0
2408 1 43949.27357808 1
2409 0 -39093.35660251 0
2410 0 -32989.18066901 0
2411 0 -46305.61273763 0
2412 1 46354.76345380 1
2413 1 50050.64404032 1
2414 0 -31484.04196333 0
2415 0 -52641.74739644 0
2416 0 -41967.06783871 0
2417 0 -42118.67940799 0
2418 1 37812.06789133 1
2419 0 -41290.13500856 0
2420 1 43702.50026196 1
2421 1 37697.12791442 1
2422 1 49827.65472340 1
2423 1 35213.39293836 1
2424 0 -49830.66013847 0
2425 0 -45283.74820162 0
2426 1 37798.05942915 1
2427 1 39716.75408131 1
2428 1 25522.06448378 1
2429 0 -33714.10001953 0
2430 1 33849.44715782 1
2431 0 -40825.88996244 0
2432 0 -39684.60492000 0
2433 0 -36269.00667112 0
2434 0 -40648.30650722 0
2435 1 17874.97208309 1
2436 0 -35354.12794163 0
2437 1 36969.31529527 1
2438 1 53641.41248446 1
2439 0 -30495.23895844 0
2440 1 38780.52493151 1
2441 1 36965.40030422 1
2442 0 -8542.22668855 0
2443 1 36923.44328780 1
2444 1 34295.41367968 1
2445 0 -36273.53417042 0
2446 0 -29936.45042236 0
2447 0 -22277.61797259 0
2448 0 -27328.59747379 0
2449 1 8058.59303809 1
2450 0 -33133.17404792 0
2451 0 -23778.15299611 0
2452 0 -45195.70290117 0
2453 0 -26775.80226028 0
2454 0 -34017.83476536 0
2455 0 -24495.87643257 0
2456 1 16008.62688424 1
2457 1 44220.71258064 1
2458 0 -32552.83392467 0
2459 1 49315.95349067 1
2460 0 -44505.50357813 0
2461 0 -40614.46286577 0
2462 0 -42422.56150363 0
2463 1 31679.84002654 1
2464 1 48518.88978765 1
2465 1 36352.98726775 1
2466 0 -43914.21879905 0
2467 0 -45273.41630151 0
2468 1 46322.06617938 1
2469 0 -45524.86381292 0
2470 0 -31298.97702551 0
2471 0 -46761.43669381 0
2472 0 -47307.28455586 0
2473 1 43495.49937938 1
2474 0 -40056.37185229 0
2475 0 -40548.71262034 0
2476 0 -39927.47621509 0
2477 1 34252.97661838 1
2478 0 -54382.46281482 0
2479 0 -44945.93246067 0
2480 0 -42469.24173574 0
2481 1 41224.94521687 1
2482 0 -44665.71447398 0
2483 1 44006.27226475 1
2484 0 -34956.85373047 0
2485 0 -51741.31083956 0
2486 0 -44325.54110557 0
2487 1 52546.57749346 1
2488 0 -50989.39531719 0
2489 1 41008.64302305 1
2490 1 46867.74042445 1
2491 1 33208.52041253 1
2492 0 -56005.85436803 0
2493 0 -50238.41077604 0
2494 1 45836.94915086 1
2495 1 43965.12780019 1
2496 1 41428.55891650 1
2497 1 41873.36655732 1
2498 0 -43858.48805943 0
2499 0 -49115.33657388 0
2500 0 -44141.54601671 0
2501 1 43214.13527519 1
2502 1 43220.83466849 1
2503 0 -43835.44667560 0
2504 0 -43057.64306173 0
2505 1 39661.75169401 1
2506 1 48564.81271356 1
2507 1 43331.78026607 1
2508 0 -45159.37511994 0
2509 1 42001.71103655 1
2510 1 41137.43729065 1
2511 0 -38906.25560676 0
2512 0 -38373.59371408 0
2513 1 48572.00984536 1
2514 0 -48668.89568782 0
2515 1 42801.53105466 1
2516 0 -53358.46744317 0
2517 0 -51808.14634347 0
2518 1 47355.79818193 1
2519 0 -51787.85781617 0
2520 0 -56210.36632342 0
2521 1 38575.32249812 1
2522 0 -49027.61410393 0
2523 1 46082.57028146 1
2524 0 -43559.27323409 0
2525 1 40528.13273226 1
2526 0 -41513.31577935 0
2527 1 47874.91103729 1
2528 1 40877.17009577 1
2529 1 52661.98002510 1
2530 1 44018.12089933 1
2531 0 -42441.21062176 0
2532 0 -40556.74382006 0
2533 1 43210.89405967 1
2534 1 47911.50431996 1
2535 1 38097.44563046 1
2536 0 -57293.14125360 0
2537 0 -46547.86452852 0
2538 1 53688.64659241 1
2539 0 -48669.06923033 0
2540 1 50436.44056308 1
2541 1 57905.88548300 1
2542 0 -46027.73490269 0
2543 1 57065.93381010 1
2544 0 -40631.50547143 0
2545 0 -51125.80799796 0
2546 0 -48434.28372168 0
2547 0 -49908.39378000 0
2548 0 -55927.21385216 0
2549 1 37714.79177569 1
2550 1 51027.12735168 1
2551 1 41328.06906274 1
2552 0 -40919.53290088 0
2553 1 47770.21472547 1
2554 1 53039.51366708 1
2555 0 -50836.95660284 0
2556 1 41624.64402994 1
2557 0 -47291.71645093 0
2558 1 41623.91340752 1
2559 1 53905.55540602 1
2560 0 -46686.22736106 0
2561 0 -48044.98707634 0
2562 0 -49321.60942051 0
2563 1 53945.78057364 1
2564 0 -50875.19823300 0
2565 0 -45671.97970809 0
2566 0 -48951.52672865 0
2567 1 51525.64314689 1
2568 1 43422.86999475 1
2569 0 -52299.69031941 0
2570 0 -40154.74087980 0
2571 0 -41421.10624559 0
2572 0 -41122.82059638 0
2573 1 41675.45485321 1
2574 0 -41925.61363275 0
2575 1 35395.59258786 1
2576 1 56176.12879173 1
2577 0 -44211.62391588 0
2578 1 36167.22836196 1
2579 1 38299.48435111 1
2580 0 -47694.23075718 0
2581 1 36079.57373942 1
2582 0 -40688.47718765 0
2583 0 -45002.24174852 0
2584 0 -37555.04906974 0
2585 0 -35711.28280904 0
2586 0 -33336.88770421 0
2587 0 -38851.64074987 0
2588 1 36099.82718070 1
2589 0 -42135.53054884 0
2590 0 -37984.57125883 0
2591 0 -27104.25117712 0
2592 1 33437.75990930 1
2593 1 33095.30793139 1
2594 0 -35364.65526196 0
2595 1 23980.48963529 1
2596 0 -36616.74614424 0
2597 1 38290.21037554 1
2598 1 18114.96703134 1
2599 0 -28845.41005197 0
2600 0 -39324.26351604 0
2601 0 -29362.08861972 0
2602 1 25760.69450473 1
2603 1 32852.24635871 1
2604 1 35573.81765066 1
2605 1 37191.42701310 1
2606 0 -32411.86314961 0
2607 0 -29881.34956310 0
2608 1 31760.85658306 1
2609 0 -33561.53925828 0
2610 1 33677.16830292 1
2611 1 44070.71700546 1
2612 1 34941.61315322 1
2613 1 41284.77339243 1
2614 1 25458.83520234 1
2615 1 38597.53239489 1
2616 0 -30476.75743135 0
2617 1 34392.66371850 1
2618 0 -40214.51700564 0
2619 1 31922.71806289 1
2620 1 35886.77279148 1
2621 1 24809.00789292 1
2622 0 -39789.92879234 0
2623 1 28079.11325210 1
2624 0 -30711.46519993 0
2625 0 -32872.59645326 0
2626 0 -21633.91490864 0
2627 1 31604.01538902 1
2628 0 -20414.45355000 0
2629 1 23473.20136217 1
2630 0 -22386.61139115 0
2631 0 -19693.63277700 0
2632 1 25163.34379072 1
2633 1 15508.10738522 1
2634 1 23929.24873869 1
2635 1 20960.17008068 1
2636 1 19125.03920495 1
2637 0 -27477.27838087 0
2638 0 -25916.48736591 0
2639 0 -32839.22973069 0
2640 0 -14483.90472393 0
2641 0 -34769.87083470 0
2642 1 27592.16899249 1
2643 1 26207.94956873 1
2644 1 27084.26590191 1
2645 1 27218.99574592 1
2646 1 37122.46655226 1
2647 0 -27398.25587880 0
2648 0 -34146.15785379 0
2649 1 36010.90820850 1
2650 0 -35609.84330096 0
2651 0 -36653.95302227 0
2652 0 -37143.55412978 0
2653 1 39259.17175489 1
2654 1 40833.18981345 1
2655 0 -34851.82330092 0
2656 0 -38449.45091118 0
2657 1 35462.73163762 1
2658 0 -34313.88297417 0
2659 0 -30853.05205339 0
2660 0 -28294.41385395 0
2661 0 -30784.84375089 0
2662 1 40082.97943465 1
2663 0 -24496.62625878 0
2664 0 -30460.76375293 0
2665 1 34255.68690419 1
2666 0 -37422.87701105 0
2667 0 -30093.04878376 0
2668 1 25688.94917850 1
2669 0 -30863.90604076 0
2670 0 -24960.40944395 0
2671 1 29303.83876294 1
2672 1 26939.24757758 1
2673 1 24616.48860179 1
2674 0 -37416.75487997 0
2675 1 26575.22140903 1
2676 0 -33486.82202124 0
2677 1 38703.66254720 1
2678 0 -31829.68751875 0
2679 0 -43449.57872080 0
2680 0 -36071.47273323 0
2681 1 36087.41571077 1
2682 1 38139.69534010 1
2683 0 -35672.83090457 0
2684 0 -38478.03487065 0
2685 1 34565.20844567 1
2686 1 44617.58788429 1
2687 1 41937.46490049 1
2688 0 -41166.44686639 0
2689 1 35365.85775558 1
2690 1 43940.26672527 1
2691 1 41551.02636779 1
2692 1 55286.60927726 1
2693 1 50566.62047140 1
2694 1 51631.06381653 1
2695 0 -50441.28075521 0
2696 0 -29443.02691412 0
2697 1 49207.20348112 1
2698 0 -45723.05195230 0
2699 1 43100.50455010 1
2700 1 43951.80529710 1
2701 0 -44863.73613803 0
2702 1 45356.39430759 1
2703 1 30695.05623781 1
2704 1 46286.33775698 1
2705 1 44174.14809042 1
2706 0 -37712.78320092 0
2707 1 45581.33163086 1
2708 0 -46408.89077970 0
2709 1 51505.66279497 1
2710 0 -34101.53325670 0
2711 1 43039.93480167 1
2712 0 -40232.60689542 0
2713 1 35001.00121366 1
2714 0 -47257.20988892 0
2715 0 -39669.44018658 0
2716 0 -44973.13649040 0
2717 0 -44518.85837063 0
2718 1 40794.99895096 1
2719 1 48234.47527607 1
2720 0 -40621.05097887 0
2721 1 44647.82387603 1
2722 1 45896.76297984 1
2723 1 44705.05289099 1
2724 1 45821.82565885 1
2725 0 -41331.68719301 0
2726 0 -40579.37453033 0
2727 1 48749.81372862 1
2728 1 51418.66802844 1
2729 0 -51507.84470485 0
2730 0 -44080.16884545 0
2731 1 43814.88460620 1
2732 0 -39911.49846294 0
2733 1 42608.58150585 1
2734 0 -56296.45979187 0
2735 1 52514.12949261 1
2736 0 -44267.66745979 0
2737 0 -52228.39354573 0
2738 0 -44261.00858707 0
2739 0 -52852.16455808 0
2740 0 -44251.34291512 0
2741 0 -50789.87961258 0
2742 0 -49861.22757868 0
2743 0 -44572.03499484 0
2744 0 -41741.71991514 0
2745 0 -32878.59603751 0
2746 1 38087.25140544 1
2747 0 -35402.22420347 0
2748 1 43647.58783595 1
2749 1 39978.30757986 1
2750 0 -35300.04555151 0
2751 0 -34979.61116597 0
2752 0 -36853.53178956 0
2753 0 -32535.24777587 0
2754 0 -33581.39268408 0
2755 0 -45534.86723373 0
2756 0 -34034.85804105 0
2757 0 -35068.68450313 0
2758 1 36445.51940438 1
2759 1 31697.13854941 1
2760 1 35827.48108298 1
2761 0 -31085.81118111 0
2762 1 39114.22362833 1
2763 1 33139.56422290 1
2764 1 32670.06440854 1
2765 1 33277.92288545 1
2766 1 32675.33199387 1
2767 0 -30194.19209753 0
2768 1 34779.79803277 1
2769 1 41391.11599449 1
2770 0 -45248.37855240 0
2771 1 40749.13945902 1
2772 1 33918.88778454 1
2773 0 -36095.24356930 0
2774 0 -31891.11010308 0
2775 0 -41537.47019148 0
2776 1 58865.88485873 1
2777 0 -55868.16370216 0
2778 0 -42597.41355284 0
2779 1 49225.18152692 1
2780 0 -45493.58346187 0
2781 1 41048.14404630 1
2782 0 -40984.23307547 0
2783 0 -49940.14516498 0
2784 0 -54920.44511210 0
2785 0 -39438.21671292 0
2786 0 -45888.77401575 0
2787 0 -57612.36648796 0
2788 0 -48400.46678166 0
2789 1 56338.45708192 1
2790 0 -53085.21350063 0
2791 1 58136.80472794 1
2792 1 44376.63199859 1
2793 1 52344.78204626 1
2794 1 45954.55215716 1
2795 1 45060.30277807 1
2796 1 53460.58268411 1
2797 0 -52088.63789948 0
2798 1 51699.45157987 1
2799 0 -39967.69613320 0
2800 1 48525.16833843 1
2801 0 -51927.44268306 0
2802 0 -43469.16978261 0
2803 1 45260.83229245 1
2804 0 -42703.66437397 0
2805 0 -43668.64543644 0
2806 0 -41300.59380901 0
2807 1 43657.69607440 1
2808 0 -42714.16983278 0
2809 0 -29640.73870164 0
2810 0 -50403.52094974 0
2811 0 -47970.85287935 0
2812 1 41085.16908953 1
2813 0 -38034.50078951 0
2814 1 38771.39932202 1
2815 1 47379.58443136 1
2816 1 32956.05738441 1
2817 1 40542.02415332 1
2818 1 42701.44671044 1
2819 1 32757.62619820 1
2820 0 -36762.04104418 0
2821 0 -38203.74587639 0
2822 1 40721.94424831 1
2823 0 -20514.60726671 0
2824 1 39617.23071452 1
2825 0 -40704.89507953 0
2826 1 34241.76942024 1
2827 0 -24269.20886697 0
2828 1 21823.13775960 1
2829 1 32238.01321096 1
2830 0 -22962.81353426 0
2831 1 43277.44804525 1
2832 0 -33557.09499851 0
2833 0 -36678.81644934 0
2834 1 20183.17263673 1
2835 1 24544.35123052 1
2836 1 34599.52819717 1
2837 1 17229.07379593 1
2838 1 41221.57139932 1
2839 0 -32964.59911688 0
2840 1 32314.86953820 1
2841 1 27885.79603027 1
2842 1 26549.66042185 1
2843 0 -45746.78173989 0
2844 1 30687.79408551 1
2845 1 45239.14807287 1
2846 0 -38183.46100572 0
2847 0 -43582.57297663 0
2848 1 39768.70592973 1
2849 1 38235.38891158 1
2850 1 35593.81869542 1
2851 1 38897.29611570 1
2852 0 -47149.44013852 0
2853 0 -50236.04535904 0
2854 1 49065.69698756 1
2855 1 48360.06695740 1
2856 0 -42168.67627623 0
2857 1 41441.26875906 1
2858 1 44006.61149466 1
2859 0 -51895.99101592 0
2860 0 -52514.90010135 0
2861 0 -51111.08333880 0
2862 0 -42684.14040604 0
2863 1 40848.37470040 1
2864 1 50791.03727203 1
2865 1 52001.89195219 1
2866 0 -43743.53007536 0
2867 1 43858.46961752 1
2868 1 47396.87956712 1
2869 0 -43786.06281792 0
2870 0 -35566.28296559 0
2871 1 57860.64654238 1
2872 0 -41395.09841767 0
2873 1 53514.72051065 1
2874 0 -42674.90317410 0
2875 0 -53756.01220134 0
2876 0 -43162.60414362 0
2877 1 42683.48561709 1
2878 0 -51840.83172052 0
2879 1 41993.03387030 1
2880 0 -51241.64897701 0
2881 1 55081.11298767 1
2882 1 52021.07887022 1
2883 0 -44663.98037563 0
2884 1 50582.90803599 1
2885 1 62191.36216544 1
2886 0 -40832.21618982 0
2887 1 48753.80153574 1
2888 0 -51064.08216884 0
2889 1 51125.16903190 1
2890 0 -44376.15563633 0
2891 1 48970.25327796 1
2892 1 48447.94475997 1
2893 0 -41909.47132991 0
2894 0 -50387.49487843 0
2895 0 -54991.30341186 0
2896 1 54339.70774284 1
2897 0 -35694.52950126 0
2898 1 45605.82274544 1
2899 0 -40483.18461191 0
2900 0 -42098.87104474 0
2901 0 -46992.33111991 0
2902 0 -49105.07471082 0
2903 0 -51926.06721984 0
2904 0 -44252.34227766 0
2905 1 38725.28584430 1
2906 1 49730.95036731 1
2907 0 -48993.23961694 0
2908 1 53767.50765754 1
2909 0 -52446.10434340 0
2910 1 51710.03521157 1
2911 1 37500.84562495 1
2912 0 -56295.50089798 0
2913 0 -51032.10001282 0
2914 0 -39091.84621040 0
2915 0 -52415.90994837 0
2916 0 -51181.24186085 0
2917 1 42220.19278600 1
2918 0 -34693.37205418 0
2919 1 47720.19710107 1
2920 1 45713.57473945 1
2921 0 -32076.49024783 0
2922 0 -55145.06978291 0
2923 0 -51677.61871285 0
2924 1 43064.52842757 1
2925 0 -21961.84935974 0
2926 0 -42261.01206068 0
2927 1 44994.10694394 1
2928 0 -38434.13552738 0
2929 0 -51275.60392326 0
2930 0 -45974.23743053 0
2931 0 -36723.99443736 0
2932 0 -26063.04858579 0
2933 0 -51063.60012132 0
2934 0 -51625.18391417 0
2935 0 -42921.00337412 0
2936 1 57001.70239377 1
2937 0 -58519.40976290 0
2938 0 -50171.65800260 0
2939 1 41950.72191345 1
2940 0 -60938.48410234 0
2941 0 -52363.18801674 0
2942 0 -52111.94328233 0
2943 1 52063.60668127 1
2944 0 -55667.44574548 0
2945 0 -42313.98251170 0
2946 0 -33955.61594957 0
2947 1 41031.95366135 1
2948 1 51206.62418519 1
2949 0 -44158.47076883 0
2950 1 52017.64860468 1
2951 0 -55353.27745092 0
2952 0 -54678.50292748 0
2953 0 -45564.73301696 0
2954 0 -45639.14207572 0
2955 0 -48684.54395129 0
2956 1 38056.34637858 1
2957 0 -51467.46505647 0
2958 0 -56767.12700798 0
2959 0 -38778.87515916 0
2960 1 39686.49708547 1
2961 1 37775.83898159 1
2962 1 47556.48375158 1
2963 1 40573.89076569 1
2964 0 -58533.56597514 0
2965 0 -42369.17093166 0
2966 1 38009.42120161 1
2967 0 -33620.91763984 0
2968 0 -40411.76977847 0
2969 0 -47894.87599053 0
2970 0 -43571.61278857 0
2971 1 50611.76211385 1
2972 1 43675.63938161 1
2973 1 41767.43837986 1
2974 1 34416.55336548 1
2975 1 45212.21742646 1
2976 1 48564.86804938 1
2977 0 -46089.89709347 0
2978 0 -45188.42757581 0
2979 1 46382.94265270 1
2980 1 45880.23244523 1
2981 0 -34382.53608238 0
2982 1 46577.45124804 1
2983 0 -45987.93212164 0
2984 1 36910.81953581 1
2985 0 -42194.36831655 0
2986 1 42452.12895683 1
2987 1 40950.61295884 1
2988 0 -49782.33694824 0
2989 1 57228.36525308 1
2990 1 43481.21166902 1
2991 0 -36665.73747152 0
2992 1 44354.49860217 1
2993 1 52072.36828219 1
2994 0 -31480.65963352 0
2995 1 34043.28080727 1
2996 1 48867.48093969 1
2997 1 40919.45710061 1
2998 0 -48188.39219181 0
2999 0 -51688.80447505 0
3000 0 -47490.09549611 0
3001 1 29812.91882215 1
3002 0 -40327.13180240 0
3003 0 -47845.78001699 0
3004 1 39478.39293544 1
3005 1 35787.40567971 1
3006 1 46984.94107330 1
3007 0 -40819.32464625 0
3008 0 -35197.63559477 0
3009 1 36101.25350132 1
3010 1 40582.89363991 1
3011 0 -39020.26263722 0
3012 1 32010.09344022 1
3013 0 -49207.26450304 0
3014 0 -40985.25514092 0
3015 1 43488.28970749 1
3016 1 39882.05603660 1
3017 0 -39901.82017802 0
3018 0 -42372.06422174 0
3019 0 -44582.13485157 0
3020 0 -47243.27500077 0
3021 1 44113.90339070 1
3022 0 -42483.61856553 0
3023 0 -44955.20244745 0
3024 1 44223.77369018 1
3025 0 -45526.53537714 0
3026 1 50932.31806339 1
3027 0 -53879.86767910 0
3028 1 49260.32656166 1
3029 1 36215.22102699 1
3030 0 -44899.55476746 0
3031 1 53534.62255009 1
3032 1 46776.77911057 1
3033 0 -47413.55522475 0
3034 1 56378.45921665 1
3035 0 -50060.61208494 0
3036 0 -44668.12171384 0
3037 1 51335.94347592 1
3038 1 47780.94491796 1
3039 1 49700.09940005 1
3040 0 -52648.11617581 0
3041 0 -59038.85619445 0
3042 0 -51920.44052832 0
3043 0 -45596.86042713 0
3044 0 -47719.09535582 0
3045 0 -53355.01880986 0
3046 0 -48610.88435528 0
3047 0 -39788.72177227 0
3048 0 -55200.53520046 0
3049 1 46183.08953726 1
3050 1 52333.38124595 1
3051 1 46954.63819442 1
3052 1 49024.06024452 1
3053 0 -50329.37903229 0
3054 1 42222.02092491 1
3055 1 53288.36702505 1
3056 1 53301.01270027 1
3057 0 -49811.06983704 0
3058 0 -47918.36684592 0
3059 0 -51791.13019012 0
3060 1 48902.06955421 1
3061 1 45346.88021277 1
3062 1 58337.90359627 1
3063 0 -55529.40085384 0
3064 1 47395.57136835 1
3065 0 -56596.69732205 0
3066 0 -56577.48125052 0
3067 1 53585.62955585 1
3068 0 -50001.36559929 0
3069 0 -57317.56414692 0
3070 1 61200.59239067 1
3071 1 59240.55649354 1
3072 1 50254.38613083 1
3073 0 -59236.35847942 0
3074 1 59409.61004846 1
3075 0 -57574.50897141 0
3076 0 -46817.02104776 0
3077 0 -57071.33965177 0
3078 0 -54133.10744235 0
3079 1 54504.22083362 1
3080 0 -49184.38122593 0
3081 0 -53981.32625752 0
3082 0 -53646.56858726 0
3083 0 -46996.29620135 0
3084 1 56214.56859964 1
3085 1 54313.79662086 1
3086 1 55938.61624403 1
3087 1 53648.54623112 1
3088 0 -53029.82714932 0
3089 0 -53768.03127196 0
3090 0 -56479.98538540 0
3091 1 61881.81137853 1
3092 1 57209.31995506 1
3093 0 -51045.70189471 0
3094 1 55845.22667639 1
3095 0 -63866.86019732 0
3096 0 -50218.46838441 0
3097 1 59712.57771830 1
3098 0 -52464.76699833 0
3099 1 59648.75799224 1
3100 0 -46669.30524841 0
3101 1 61597.70920611 1
3102 1 58908.34260872 1
3103 0 -52298.27082265 0
3104 1 64261.35163252 1
3105 0 -61600.97335089 0
3106 0 -67895.95390684 0
3107 0 -56245.82803642 0
3108 1 70392.52244260 1
3109 0 -61127.62846864 0
3110 0 -59936.74236689 0
3111 1 61996.21076770 1
3112 0 -57864.35357280 0
3113 1 62890.69842607 1
3114 0 -55288.34884517 0
3115 0 -69297.70608783 0
3116 1 61363.10207723 1
3117 1 60005.84424046 1
3118 0 -59784.30680174 0
3119 0 -69770.58572405 0
3120 1 62194.48029854 1
3121 1 49173.55485919 1
3122 0 -67447.25342439 0
3123 0 -58020.07337300 0
3124 0 -55179.65637112 0
3125 0 -57419.61920137 0
3126 0 -56350.77090442 0
3127 0 -60743.78008368 0
3128 1 53719.26497329 1
3129 0 -56141.36630489 0
3130 0 -54266.07361117 0
3131 0 -58290.45562937 0
3132 1 61831.71262783 1
3133 0 -54031.68612108 0
3134 0 -61698.68597612 0
3135 0 -54165.12551256 0
3136 0 -58147.88365629 0
3137 1 54944.51992542 1
3138 1 55319.75356737 1
3139 1 50984.88754969 1
3140 1 44698.07345597 1
3141 0 -57147.76700190 0
3142 0 -52653.55562740 0
3143 1 47894.16964425 1
3144 0 -51408.65686803 0
3145 0 -57756.44875904 0
3146 1 49527.86754529 1
3147 0 -47171.29292195 0
3148 1 55266.06694640 1
3149 0 -51669.37910886 0
3150 0 -50256.98132298 0
3151 1 55194.79303859 1
3152 1 60897.82643249 1
3153 1 56895.35172650 1
3154 1 53321.24220685 1
3155 1 59698.91780982 1
3156 0 -49467.99922283 0
3157 0 -57543.48808912 0
3158 1 56212.16817395 1
3159 0 -62650.00541664 0
3160 1 55064.57914552 1
3161 1 59976.55655159 1
3162 1 65736.90305679 1
3163 0 -60335.43075041 0
3164 0 -67203.06524648 0
3165 1 65249.61484696 1
3166 0 -63721.84842653 0
3167 0 -69848.05073902 0
3168 1 67979.26110655 1
3169 0 -75152.28491478 0
3170 0 -65975.77819263 0
3171 1 65024.01034802 1
3172 0 -70279.51168360 0
3173 1 56006.41191991 1
3174 1 74972.86638878 1
3175 0 -58102.85755887 0
3176 0 -65243.87892314 0
3177 1 62579.39579978 1
3178 1 57842.62664692 1
3179 0 -58140.17962106 0
3180 0 -55030.09798040 0
3181 1 49361.69087353 1
3182 0 -63345.46528834 0
3183 0 -63053.36946265 0
3184 0 -55486.73311181 0
3185 1 60795.59433255 1
3186 0 -54607.05349434 0
3187 0 -60104.47767777 0
3188 0 -49853.77615901 0
3189 0 -62328.86691032 0
3190 0 -70290.72772636 0
3191 0 -58906.52514198 0
3192 0 -61729.50707499 0
3193 0 -60942.81469409 0
3194 1 66354.71114253 1
3195 0 -53755.82809794 0
3196 0 -58813.77102104 0
3197 0 -72867.63078802 0
3198 0 -63404.22011589 0
3199 1 70500.42871847 1
