# idx_orig bit_orig post_llr_q hard
0 0 -64 0
1 1 63 1
2 0 -64 0
3 0 -64 0
4 1 63 1
5 0 -64 0
6 0 -64 0
7 0 -64 0
8 0 -64 0
9 0 -64 0
10 1 63 1
11 1 63 1
12 1 63 1
13 0 -64 0
14 0 -64 0
15 1 63 1
16 1 63 1
17 1 63 1
18 1 63 1
19 0 -64 0
20 0 -64 0
21 0 -64 0
22 0 -64 0
23 0 -64 0
24 0 -64 0
25 1 63 1
26 0 -64 0
27 1 63 1
28 1 63 1
29 1 63 1
30 1 63 1
31 0 -64 0
32 1 63 1
33 1 63 1
34 1 63 1
35 1 63 1
36 0 -64 0
37 1 63 1
38 1 63 1
39 0 -64 0
40 0 -64 0
41 1 63 1
42 1 63 1
43 1 63 1
44 0 -64 0
45 0 -64 0
46 1 63 1
47 0 -64 0
48 1 63 1
49 1 63 1
50 0 -64 0
51 1 63 1
52 1 63 1
53 1 63 1
54 0 -64 0
55 0 -64 0
56 1 63 1
57 1 63 1
58 1 63 1
59 1 63 1
60 0 -64 0
61 0 -64 0
62 1 63 1
63 0 -64 0
64 0 -64 0
65 0 -64 0
66 0 -64 0
67 1 63 1
68 1 63 1
69 1 63 1
70 0 -64 0
71 1 63 1
72 0 -64 0
73 0 -64 0
74 0 -64 0
75 0 -64 0
76 0 -64 0
77 1 63 1
78 0 -64 0
79 0 -64 0
80 0 -64 0
81 1 63 1
82 0 -64 0
83 1 63 1
84 0 -64 0
85 1 63 1
86 0 -64 0
87 0 -64 0
88 1 63 1
89 0 -64 0
90 0 -64 0
91 0 -64 0
92 0 -64 0
93 0 -64 0
94 1 63 1
95 0 -64 0
96 1 63 1
97 1 63 1
98 1 63 1
99 1 63 1
100 0 -64 0
101 0 -64 0
102 0 -64 0
103 0 -64 0
104 1 63 1
105 1 63 1
106 0 -64 0
107 0 -64 0
108 1 63 1
109 1 63 1
110 0 -64 0
111 0 -64 0
112 0 -64 0
113 1 63 1
114 1 63 1
115 1 63 1
116 0 -64 0
117 1 63 1
118 1 63 1
119 1 63 1
120 1 63 1
121 1 63 1
122 1 63 1
123 0 -64 0
124 1 63 1
125 0 -64 0
126 1 63 1
127 1 63 1
128 1 63 1
129 1 63 1
130 0 -64 0
131 1 63 1
132 0 -64 0
133 1 63 1
134 0 -64 0
135 1 63 1
136 0 -64 0
137 0 -64 0
138 0 -64 0
139 0 -64 0
140 1 63 1
141 0 -64 0
142 1 63 1
143 0 -64 0
144 0 -64 0
145 1 63 1
146 1 63 1
147 0 -64 0
148 0 -64 0
149 1 63 1
150 0 -64 0
151 0 -64 0
152 0 -64 0
153 1 63 1
154 1 63 1
155 1 63 1
156 0 -64 0
157 1 63 1
158 1 63 1
159 1 63 1
160 0 -64 0
161 0 -64 0
162 1 63 1
163 0 -64 0
164 0 -64 0
165 0 -64 0
166 1 63 1
167 0 -64 0
168 1 63 1
169 0 -64 0
170 0 -64 0
171 0 -64 0
172 1 63 1
173 1 63 1
174 0 -64 0
175 0 -64 0
176 0 -64 0
177 1 63 1
178 0 -64 0
179 1 63 1
180 0 -64 0
181 1 63 1
182 0 -64 0
183 1 63 1
184 1 63 1
185 1 63 1
186 1 63 1
187 1 63 1
188 1 63 1
189 1 63 1
190 1 63 1
191 1 63 1
192 1 63 1
193 0 -64 0
194 0 -64 0
195 1 63 1
196 0 -64 0
197 1 63 1
198 0 -64 0
199 1 63 1
200 1 63 1
201 0 -64 0
202 0 -64 0
203 1 63 1
204 1 63 1
205 0 -64 0
206 0 -64 0
207 1 63 1
208 0 -64 0
209 1 63 1
210 1 63 1
211 0 -64 0
212 0 -64 0
213 0 -64 0
214 0 -64 0
215 1 63 1
216 0 -64 0
217 0 -64 0
218 1 63 1
219 0 -64 0
220 0 -64 0
221 0 -64 0
222 1 63 1
223 0 -64 0
224 0 -64 0
225 1 63 1
226 1 63 1
227 0 -64 0
228 0 -64 0
229 1 63 1
230 1 63 1
231 0 -64 0
232 0 -64 0
233 1 63 1
234 1 63 1
235 0 -64 0
236 0 -64 0
237 0 -64 0
238 1 63 1
239 1 63 1
240 0 -64 0
241 0 -64 0
242 1 63 1
243 0 -64 0
244 1 63 1
245 0 -64 0
246 0 -64 0
247 0 -64 0
248 1 63 1
249 0 -64 0
250 0 -64 0
251 1 63 1
252 0 -64 0
253 0 -64 0
254 1 63 1
255 1 63 1
256 1 63 1
257 1 63 1
258 1 63 1
259 0 -64 0
260 0 -64 0
261 0 -64 0
262 0 -64 0
263 1 63 1
264 1 63 1
265 0 -64 0
266 1 63 1
267 0 -64 0
268 0 -64 0
269 0 -64 0
270 0 -64 0
271 1 63 1
272 0 -64 0
273 1 63 1
274 0 -64 0
275 1 63 1
276 0 -64 0
277 0 -64 0
278 0 -64 0
279 0 -64 0
280 1 63 1
281 0 -64 0
282 0 -64 0
283 0 -64 0
284 1 63 1
285 1 63 1
286 0 -64 0
287 1 63 1
288 0 -64 0
289 0 -64 0
290 1 63 1
291 1 63 1
292 0 -64 0
293 0 -64 0
294 1 63 1
295 1 63 1
296 1 63 1
297 1 63 1
298 1 63 1
299 0 -64 0
300 1 63 1
301 0 -64 0
302 0 -64 0
303 0 -64 0
304 1 63 1
305 0 -64 0
306 1 63 1
307 1 63 1
308 1 63 1
309 1 63 1
310 1 63 1
311 1 63 1
312 1 63 1
313 1 63 1
314 0 -64 0
315 1 63 1
316 0 -64 0
317 0 -64 0
318 0 -64 0
319 0 -64 0
320 1 63 1
321 1 63 1
322 0 -64 0
323 1 63 1
324 1 63 1
325 1 63 1
326 1 63 1
327 1 63 1
328 1 63 1
329 1 63 1
330 1 63 1
331 1 63 1
332 0 -64 0
333 0 -64 0
334 0 -64 0
335 1 63 1
336 0 -64 0
337 0 -64 0
338 1 63 1
339 0 -64 0
340 1 63 1
341 0 -64 0
342 0 -64 0
343 0 -64 0
344 0 -64 0
345 0 -64 0
346 0 -64 0
347 0 -64 0
348 0 -64 0
349 1 63 1
350 1 63 1
351 0 -64 0
352 0 -64 0
353 1 63 1
354 1 63 1
355 0 -64 0
356 1 63 1
357 0 -64 0
358 0 -64 0
359 1 63 1
360 1 63 1
361 0 -64 0
362 1 63 1
363 0 -64 0
364 0 -64 0
365 1 63 1
366 1 63 1
367 1 63 1
368 0 -64 0
369 1 63 1
370 0 -64 0
371 1 63 1
372 0 -64 0
373 0 -64 0
374 1 63 1
375 1 63 1
376 1 63 1
377 1 63 1
378 1 63 1
379 0 -64 0
380 0 -64 0
381 1 63 1
382 1 63 1
383 0 -64 0
384 1 63 1
385 1 63 1
386 0 -64 0
387 0 -64 0
388 1 63 1
389 1 63 1
390 1 63 1
391 1 63 1
392 1 63 1
393 0 -64 0
394 1 55 1
395 0 -64 0
396 1 53 1
397 1 62 1
398 1 47 1
399 1 49 1
400 0 -38 0
401 1 53 1
402 1 63 1
403 0 -51 0
404 1 49 1
405 1 63 1
406 1 63 1
407 0 -64 0
408 0 -64 0
409 1 63 1
410 1 63 1
411 0 -64 0
412 1 63 1
413 1 63 1
414 0 -64 0
415 0 -64 0
416 1 63 1
417 0 -64 0
418 1 63 1
419 0 -64 0
420 0 -64 0
421 0 -64 0
422 1 63 1
423 0 -64 0
424 0 -64 0
425 1 63 1
426 1 63 1
427 0 -64 0
428 0 -64 0
429 1 63 1
430 1 63 1
431 0 -64 0
432 0 -64 0
433 1 63 1
434 1 63 1
435 0 -64 0
436 1 63 1
437 0 -64 0
438 0 -64 0
439 1 63 1
440 0 -64 0
441 1 63 1
442 1 63 1
443 0 -64 0
444 1 63 1
445 1 63 1
446 1 63 1
447 0 -64 0
448 0 -64 0
449 1 63 1
450 0 -64 0
451 1 63 1
452 1 63 1
453 0 -64 0
454 1 63 1
455 1 63 1
456 1 63 1
457 0 -64 0
458 0 -64 0
459 1 63 1
460 0 -64 0
461 0 -64 0
462 0 -64 0
463 0 -64 0
464 1 63 1
465 0 -64 0
466 1 63 1
467 0 -64 0
468 0 -64 0
469 1 63 1
470 0 -64 0
471 1 63 1
472 0 -64 0
473 1 63 1
474 0 -64 0
475 0 -64 0
476 1 63 1
477 1 63 1
478 1 63 1
479 0 -64 0
480 1 63 1
481 1 63 1
482 1 63 1
483 0 -64 0
484 1 63 1
485 1 63 1
486 0 -64 0
487 1 63 1
488 0 -64 0
489 1 63 1
490 0 -64 0
491 0 -64 0
492 0 -64 0
493 1 63 1
494 1 63 1
495 0 -64 0
496 0 -64 0
497 0 -64 0
498 0 -64 0
499 1 63 1
500 0 -64 0
501 0 -64 0
502 1 63 1
503 0 -64 0
504 1 63 1
505 1 63 1
506 0 -64 0
507 0 -64 0
508 0 -64 0
509 1 63 1
510 1 63 1
511 0 -64 0
512 0 -64 0
513 0 -64 0
514 0 -64 0
515 1 63 1
516 1 63 1
517 0 -64 0
518 1 63 1
519 1 63 1
520 1 63 1
521 1 63 1
522 0 -64 0
523 0 -64 0
524 0 -64 0
525 0 -64 0
526 1 63 1
527 0 -64 0
528 0 -64 0
529 1 63 1
530 1 63 1
531 1 63 1
532 0 -64 0
533 0 -64 0
534 1 63 1
535 1 63 1
536 1 63 1
537 0 -64 0
538 0 -64 0
539 1 63 1
540 0 -64 0
541 1 63 1
542 1 63 1
543 1 63 1
544 1 63 1
545 0 -64 0
546 1 63 1
547 0 -64 0
548 1 63 1
549 0 -64 0
550 1 63 1
551 0 -64 0
552 0 -64 0
553 1 63 1
554 0 -64 0
555 0 -64 0
556 1 63 1
557 1 63 1
558 0 -64 0
559 1 63 1
560 0 -64 0
561 0 -64 0
562 0 -64 0
563 1 63 1
564 1 63 1
565 1 63 1
566 0 -64 0
567 1 63 1
568 1 63 1
569 1 63 1
570 0 -64 0
571 1 63 1
572 1 63 1
573 1 63 1
574 0 -64 0
575 0 -64 0
576 1 63 1
577 0 -64 0
578 0 -64 0
579 1 63 1
580 1 63 1
581 0 -64 0
582 1 63 1
583 1 63 1
584 1 63 1
585 1 63 1
586 1 63 1
587 0 -64 0
588 0 -64 0
589 1 63 1
590 1 63 1
591 1 63 1
592 1 63 1
593 0 -64 0
594 1 63 1
595 1 63 1
596 1 63 1
597 1 63 1
598 1 63 1
599 1 63 1
600 0 -64 0
601 1 63 1
602 1 63 1
603 0 -64 0
604 1 63 1
605 1 63 1
606 1 63 1
607 0 -64 0
608 1 63 1
609 0 -64 0
610 0 -64 0
611 0 -64 0
612 0 -64 0
613 0 -64 0
614 1 63 1
615 0 -64 0
616 1 63 1
617 0 -64 0
618 0 -64 0
619 0 -64 0
620 1 63 1
621 1 63 1
622 1 63 1
623 0 -64 0
624 0 -64 0
625 0 -64 0
626 0 -64 0
627 0 -64 0
628 0 -64 0
629 1 63 1
630 1 63 1
631 0 -64 0
632 0 -64 0
633 0 -64 0
634 1 63 1
635 0 -64 0
636 1 63 1
637 0 -64 0
638 0 -64 0
639 0 -64 0
640 1 63 1
641 0 -64 0
642 1 63 1
643 0 -64 0
644 1 63 1
645 1 63 1
646 1 63 1
647 0 -64 0
648 0 -64 0
649 1 63 1
650 0 -64 0
651 1 63 1
652 1 63 1
653 1 63 1
654 0 -64 0
655 0 -64 0
656 1 63 1
657 1 63 1
658 1 63 1
659 0 -64 0
660 0 -64 0
661 0 -64 0
662 1 63 1
663 0 -64 0
664 1 63 1
665 0 -64 0
666 0 -64 0
667 1 63 1
668 1 63 1
669 0 -64 0
670 0 -64 0
671 0 -64 0
672 0 -64 0
673 0 -64 0
674 1 63 1
675 1 63 1
676 0 -64 0
677 0 -64 0
678 1 63 1
679 1 63 1
680 1 63 1
681 0 -64 0
682 1 63 1
683 1 63 1
684 1 63 1
685 1 63 1
686 1 63 1
687 1 63 1
688 0 -64 0
689 1 63 1
690 0 -64 0
691 1 63 1
692 1 63 1
693 1 63 1
694 1 63 1
695 1 63 1
696 0 -64 0
697 1 63 1
698 0 -64 0
699 0 -64 0
700 0 -64 0
701 1 63 1
702 0 -64 0
703 0 -64 0
704 0 -64 0
705 1 63 1
706 0 -64 0
707 0 -64 0
708 0 -64 0
709 0 -64 0
710 1 63 1
711 0 -64 0
712 0 -64 0
713 1 63 1
714 1 63 1
715 1 63 1
716 0 -64 0
717 1 63 1
718 0 -64 0
719 1 63 1
720 1 63 1
721 0 -64 0
722 1 63 1
723 0 -64 0
724 1 63 1
725 0 -64 0
726 1 63 1
727 0 -64 0
728 0 -64 0
729 1 63 1
730 1 63 1
731 0 -64 0
732 1 63 1
733 0 -64 0
734 0 -64 0
735 0 -64 0
736 0 -64 0
737 1 63 1
738 1 63 1
739 0 -64 0
740 1 63 1
741 0 -64 0
742 1 63 1
743 1 63 1
744 1 63 1
745 0 -64 0
746 0 -64 0
747 1 63 1
748 1 63 1
749 1 63 1
750 0 -64 0
751 0 -64 0
752 1 63 1
753 1 63 1
754 1 63 1
755 0 -64 0
756 1 63 1
757 1 63 1
758 1 63 1
759 1 63 1
760 0 -64 0
761 1 63 1
762 0 -64 0
763 1 63 1
764 1 63 1
765 0 -64 0
766 0 -64 0
767 0 -64 0
768 0 -64 0
769 0 -64 0
770 1 63 1
771 0 -64 0
772 1 63 1
773 0 -64 0
774 1 63 1
775 0 -64 0
776 0 -64 0
777 0 -64 0
778 0 -64 0
779 1 63 1
780 1 63 1
781 0 -64 0
782 1 63 1
783 1 63 1
784 1 63 1
785 1 63 1
786 0 -64 0
787 1 63 1
788 0 -64 0
789 1 63 1
790 0 -64 0
791 1 63 1
792 1 63 1
793 0 -64 0
794 0 -64 0
795 0 -39 0
796 1 50 1
797 0 35 1
798 1 48 1
799 1 -26 0
800 0 0 0
801 1 57 1
802 0 -62 0
803 1 61 1
804 1 63 1
805 0 -62 0
806 1 49 1
807 0 -64 0
808 0 -64 0
809 0 -64 0
810 1 63 1
811 0 -64 0
812 1 63 1
813 1 63 1
814 1 63 1
815 0 -64 0
816 1 63 1
817 1 63 1
818 1 63 1
819 0 -64 0
820 1 63 1
821 0 -64 0
822 0 -64 0
823 0 -64 0
824 1 63 1
825 1 63 1
826 0 -64 0
827 1 63 1
828 0 -64 0
829 1 63 1
830 0 -64 0
831 1 63 1
832 1 63 1
833 1 63 1
834 0 -64 0
835 1 63 1
836 0 -64 0
837 0 -64 0
838 1 63 1
839 0 -64 0
840 0 -64 0
841 1 63 1
842 0 -64 0
843 0 -64 0
844 1 63 1
845 0 -64 0
846 1 63 1
847 1 63 1
848 1 63 1
849 0 -64 0
850 0 -64 0
851 1 63 1
852 1 63 1
853 0 -64 0
854 1 63 1
855 0 -64 0
856 1 63 1
857 0 -64 0
858 1 63 1
859 1 63 1
860 1 63 1
861 0 -64 0
862 0 -64 0
863 0 -64 0
864 1 63 1
865 1 63 1
866 1 63 1
867 0 -64 0
868 0 -64 0
869 1 63 1
870 0 -64 0
871 0 -64 0
872 1 63 1
873 0 -64 0
874 0 -64 0
875 1 63 1
876 1 63 1
877 0 -64 0
878 0 -64 0
879 0 -64 0
880 1 63 1
881 1 63 1
882 1 63 1
883 1 63 1
884 1 63 1
885 0 -64 0
886 1 63 1
887 1 63 1
888 0 -64 0
889 1 63 1
890 0 -64 0
891 1 63 1
892 0 -64 0
893 1 63 1
894 1 63 1
895 0 -64 0
896 0 -64 0
897 0 -64 0
898 0 -64 0
899 0 -64 0
900 1 63 1
901 0 -64 0
902 0 -64 0
903 0 -64 0
904 1 63 1
905 1 63 1
906 1 63 1
907 1 63 1
908 1 63 1
909 0 -64 0
910 0 -64 0
911 0 -64 0
912 1 63 1
913 0 -64 0
914 1 63 1
915 1 63 1
916 0 -64 0
917 1 63 1
918 0 -64 0
919 1 63 1
920 1 63 1
921 1 63 1
922 0 -64 0
923 1 63 1
924 0 -64 0
925 0 -64 0
926 0 -64 0
927 0 -64 0
928 1 63 1
929 1 63 1
930 0 -64 0
931 0 -64 0
932 1 63 1
933 0 -64 0
934 1 63 1
935 0 -64 0
936 1 63 1
937 0 -64 0
938 0 -64 0
939 1 63 1
940 1 63 1
941 1 63 1
942 0 -64 0
943 0 -64 0
944 0 -64 0
945 1 63 1
946 0 -64 0
947 0 -64 0
948 0 -64 0
949 0 -64 0
950 0 -64 0
951 0 -64 0
952 1 63 1
953 0 -64 0
954 0 -64 0
955 0 -64 0
956 0 -64 0
957 1 63 1
958 1 63 1
959 0 -64 0
960 1 63 1
961 1 63 1
962 0 -64 0
963 1 63 1
964 1 63 1
965 1 63 1
966 0 -64 0
967 1 63 1
968 0 -64 0
969 1 63 1
970 0 -64 0
971 0 -64 0
972 0 -64 0
973 1 63 1
974 0 -64 0
975 1 63 1
976 0 -64 0
977 0 -64 0
978 0 -64 0
979 1 63 1
980 0 -64 0
981 0 -64 0
982 1 63 1
983 0 -64 0
984 1 63 1
985 1 63 1
986 1 63 1
987 1 63 1
988 0 -64 0
989 0 -64 0
990 0 -64 0
991 0 -64 0
992 1 63 1
993 1 63 1
994 1 63 1
995 1 63 1
996 0 -64 0
997 1 63 1
998 0 -64 0
999 0 -64 0
1000 1 63 1
1001 0 -64 0
1002 0 -64 0
1003 1 63 1
1004 0 -64 0
1005 0 -64 0
1006 1 63 1
1007 1 63 1
1008 0 -64 0
1009 0 -64 0
1010 1 63 1
1011 0 -64 0
1012 1 63 1
1013 0 -64 0
1014 0 -64 0
1015 0 -64 0
1016 0 -64 0
1017 1 63 1
1018 1 63 1
1019 0 -64 0
1020 1 63 1
1021 1 63 1
1022 1 63 1
1023 0 -64 0
1024 0 -64 0
1025 0 -64 0
1026 1 63 1
1027 0 -64 0
1028 1 63 1
1029 1 63 1
1030 1 63 1
1031 1 63 1
1032 0 -64 0
1033 0 -64 0
1034 1 63 1
1035 0 -64 0
1036 1 63 1
1037 1 63 1
1038 0 -57 0
1039 1 63 1
1040 1 63 1
1041 0 -64 0
1042 1 63 1
1043 1 63 1
1044 0 -64 0
1045 0 -57 0
1046 0 -64 0
1047 1 63 1
1048 0 -64 0
1049 0 -64 0
1050 1 63 1
1051 0 -64 0
1052 1 63 1
1053 1 63 1
1054 0 -64 0
1055 0 -64 0
1056 1 63 1
1057 0 -64 0
1058 1 63 1
1059 0 -64 0
1060 1 63 1
1061 0 -64 0
1062 0 -64 0
1063 1 63 1
1064 0 -64 0
1065 1 63 1
1066 0 -64 0
1067 1 63 1
1068 1 63 1
1069 0 -64 0
1070 1 63 1
1071 0 -64 0
1072 0 -64 0
1073 1 63 1
1074 0 -64 0
1075 1 63 1
1076 0 -64 0
1077 1 63 1
1078 0 -64 0
1079 0 -64 0
1080 1 63 1
1081 1 63 1
1082 1 63 1
1083 1 63 1
1084 1 63 1
1085 0 -64 0
1086 0 -64 0
1087 1 63 1
1088 0 -64 0
1089 0 -64 0
1090 1 63 1
1091 1 63 1
1092 0 -64 0
1093 0 -64 0
1094 1 63 1
1095 0 -64 0
1096 0 -64 0
1097 0 -64 0
1098 1 63 1
1099 1 63 1
1100 1 63 1
1101 0 -64 0
1102 0 -64 0
1103 1 63 1
1104 1 63 1
1105 0 -64 0
1106 1 63 1
1107 1 63 1
1108 1 63 1
1109 0 -64 0
1110 0 -64 0
1111 0 -64 0
1112 1 63 1
1113 0 -64 0
1114 0 -64 0
1115 0 -64 0
1116 1 63 1
1117 1 63 1
1118 0 -64 0
1119 0 -64 0
1120 0 -64 0
1121 0 -64 0
1122 1 63 1
1123 0 -64 0
1124 1 63 1
1125 0 -64 0
1126 0 -64 0
1127 0 -64 0
1128 0 -64 0
1129 1 63 1
1130 1 63 1
1131 0 -64 0
1132 0 -64 0
1133 0 -64 0
1134 0 -64 0
1135 0 -64 0
1136 0 -64 0
1137 1 63 1
1138 0 -64 0
1139 1 63 1
1140 1 63 1
1141 1 63 1
1142 0 -64 0
1143 1 63 1
1144 0 -64 0
1145 0 -64 0
1146 0 -64 0
1147 1 63 1
1148 0 -64 0
1149 0 -64 0
1150 1 63 1
1151 1 63 1
1152 0 -64 0
1153 1 63 1
1154 0 -64 0
1155 0 -64 0
1156 0 -64 0
1157 1 63 1
1158 0 -64 0
1159 1 63 1
1160 1 63 1
1161 1 63 1
1162 1 63 1
1163 1 63 1
1164 1 63 1
1165 1 63 1
1166 1 63 1
1167 0 -64 0
1168 1 63 1
1169 0 -64 0
1170 0 -64 0
1171 1 63 1
1172 1 63 1
1173 0 -64 0
1174 0 -64 0
1175 1 63 1
1176 0 -64 0
1177 1 63 1
1178 0 -64 0
1179 0 -64 0
1180 1 63 1
1181 0 -64 0
1182 1 63 1
1183 0 -64 0
1184 1 63 1
1185 1 63 1
1186 0 -64 0
1187 1 63 1
1188 0 -64 0
1189 0 -64 0
1190 0 -64 0
1191 1 63 1
1192 0 -64 0
1193 0 -64 0
1194 0 -64 0
1195 0 -41 0
1196 0 -53 0
1197 0 -44 0
1198 0 -46 0
1199 1 51 1
1200 0 -38 0
1201 0 -44 0
1202 0 -52 0
1203 0 -64 0
1204 1 63 1
1205 1 52 1
1206 0 -48 0
1207 0 -64 0
1208 1 63 1
1209 1 63 1
1210 1 63 1
1211 1 63 1
1212 0 -64 0
1213 1 63 1
1214 0 -64 0
1215 0 -64 0
1216 1 63 1
1217 0 -64 0
1218 1 63 1
1219 0 -64 0
1220 1 63 1
1221 0 -64 0
1222 0 -64 0
1223 1 63 1
1224 1 63 1
1225 0 -64 0
1226 1 63 1
1227 1 63 1
1228 1 63 1
1229 0 -64 0
1230 0 -64 0
1231 1 63 1
1232 1 63 1
1233 1 63 1
1234 1 63 1
1235 1 63 1
1236 1 63 1
1237 0 -64 0
1238 0 -64 0
1239 0 -64 0
1240 0 -64 0
1241 0 -64 0
1242 1 63 1
1243 1 63 1
1244 1 63 1
1245 0 -64 0
1246 0 -64 0
1247 1 63 1
1248 1 63 1
1249 1 63 1
1250 1 63 1
1251 1 63 1
1252 0 -64 0
1253 1 63 1
1254 1 63 1
1255 0 -64 0
1256 0 -64 0
1257 1 63 1
1258 0 -64 0
1259 0 -64 0
1260 1 63 1
1261 1 63 1
1262 0 -64 0
1263 1 63 1
1264 0 -64 0
1265 0 -64 0
1266 1 63 1
1267 0 -64 0
1268 0 -64 0
1269 1 63 1
1270 0 -64 0
1271 0 -64 0
1272 0 -64 0
1273 0 -64 0
1274 1 63 1
1275 1 63 1
1276 1 63 1
1277 0 -64 0
1278 1 63 1
1279 1 63 1
1280 1 63 1
1281 0 -64 0
1282 1 63 1
1283 1 63 1
1284 1 63 1
1285 1 63 1
1286 0 -64 0
1287 1 63 1
1288 1 63 1
1289 0 -64 0
1290 0 -64 0
1291 0 -64 0
1292 0 -64 0
1293 1 63 1
1294 0 -64 0
1295 1 63 1
1296 1 63 1
1297 1 63 1
1298 0 -64 0
1299 1 63 1
1300 1 63 1
1301 0 -64 0
1302 1 63 1
1303 0 -64 0
1304 1 63 1
1305 1 63 1
1306 1 63 1
1307 0 -64 0
1308 0 -64 0
1309 1 63 1
1310 0 -64 0
1311 1 63 1
1312 1 63 1
1313 0 -64 0
1314 1 63 1
1315 0 -64 0
1316 1 63 1
1317 1 63 1
1318 0 -64 0
1319 0 -64 0
1320 1 63 1
1321 0 -64 0
1322 0 -64 0
1323 0 -64 0
1324 1 63 1
1325 0 -64 0
1326 0 -64 0
1327 1 63 1
1328 0 -64 0
1329 1 63 1
1330 1 63 1
1331 1 63 1
1332 1 63 1
1333 0 -64 0
1334 0 -64 0
1335 1 63 1
1336 0 -64 0
1337 0 -64 0
1338 1 63 1
1339 1 63 1
1340 1 63 1
1341 1 63 1
1342 0 -64 0
1343 0 -64 0
1344 0 -64 0
1345 1 63 1
1346 0 -64 0
1347 1 63 1
1348 1 63 1
1349 1 63 1
1350 0 -64 0
1351 1 63 1
1352 1 63 1
1353 0 -64 0
1354 0 -64 0
1355 1 63 1
1356 0 -64 0
1357 1 63 1
1358 1 63 1
1359 0 -64 0
1360 0 -64 0
1361 0 -64 0
1362 1 63 1
1363 1 63 1
1364 1 63 1
1365 1 63 1
1366 1 63 1
1367 1 63 1
1368 1 63 1
1369 1 63 1
1370 0 -64 0
1371 1 63 1
1372 1 63 1
1373 0 -64 0
1374 1 63 1
1375 0 -64 0
1376 1 63 1
1377 1 63 1
1378 1 63 1
1379 0 -64 0
1380 0 -64 0
1381 1 63 1
1382 1 63 1
1383 1 63 1
1384 1 63 1
1385 1 63 1
1386 1 63 1
1387 0 -64 0
1388 0 -64 0
1389 0 -64 0
1390 0 -64 0
1391 1 63 1
1392 1 63 1
1393 0 -64 0
1394 1 63 1
1395 0 -64 0
1396 0 -64 0
1397 0 -64 0
1398 1 63 1
1399 1 63 1
1400 0 -64 0
1401 1 63 1
1402 0 -64 0
1403 0 -64 0
1404 1 63 1
1405 0 -64 0
1406 1 63 1
1407 1 63 1
1408 1 63 1
1409 0 -64 0
1410 0 -64 0
1411 0 -64 0
1412 0 -64 0
1413 0 -64 0
1414 1 63 1
1415 1 63 1
1416 1 63 1
1417 0 -64 0
1418 1 63 1
1419 1 63 1
1420 1 63 1
1421 0 -64 0
1422 0 -64 0
1423 1 63 1
1424 1 63 1
1425 0 -64 0
1426 0 -64 0
1427 1 63 1
1428 0 -64 0
1429 0 -64 0
1430 1 63 1
1431 1 63 1
1432 0 -64 0
1433 1 63 1
1434 1 63 1
1435 1 63 1
1436 0 -64 0
1437 1 63 1
1438 0 -64 0
1439 1 63 1
1440 1 63 1
1441 1 63 1
1442 0 -64 0
1443 0 -64 0
1444 0 -64 0
1445 1 63 1
1446 0 -64 0
1447 1 63 1
1448 1 63 1
1449 1 63 1
1450 1 63 1
1451 0 -64 0
1452 0 -64 0
1453 1 63 1
1454 1 63 1
1455 0 -64 0
1456 0 -64 0
1457 0 -64 0
1458 0 -64 0
1459 1 63 1
1460 1 63 1
1461 1 63 1
1462 1 63 1
1463 0 -64 0
1464 0 -64 0
1465 0 -64 0
1466 1 63 1
1467 1 63 1
1468 1 63 1
1469 1 63 1
1470 1 63 1
1471 0 -64 0
1472 1 63 1
1473 0 -64 0
1474 0 -64 0
1475 1 63 1
1476 1 63 1
1477 1 63 1
1478 0 -64 0
1479 1 63 1
1480 0 -64 0
1481 1 63 1
1482 1 63 1
1483 1 63 1
1484 1 63 1
1485 0 -64 0
1486 1 63 1
1487 0 -64 0
1488 1 63 1
1489 1 63 1
1490 1 63 1
1491 0 -64 0
1492 0 -64 0
1493 0 -64 0
1494 0 -64 0
1495 0 -64 0
1496 1 63 1
1497 0 -64 0
1498 1 63 1
1499 0 -64 0
1500 1 63 1
1501 0 -64 0
1502 0 -64 0
1503 1 63 1
1504 0 -64 0
1505 1 63 1
1506 1 63 1
1507 1 63 1
1508 0 -64 0
1509 1 63 1
1510 0 -64 0
1511 0 -64 0
1512 1 63 1
1513 0 -64 0
1514 0 -64 0
1515 1 63 1
1516 1 63 1
1517 1 63 1
1518 1 63 1
1519 1 63 1
1520 0 -64 0
1521 0 -64 0
1522 0 -64 0
1523 1 63 1
1524 1 63 1
1525 0 -64 0
1526 1 63 1
1527 1 63 1
1528 1 63 1
1529 1 63 1
1530 0 -64 0
1531 1 63 1
1532 0 -64 0
1533 1 63 1
1534 0 -64 0
1535 1 63 1
1536 1 63 1
1537 1 63 1
1538 1 63 1
1539 0 -64 0
1540 1 63 1
1541 1 63 1
1542 1 63 1
1543 1 63 1
1544 1 63 1
1545 1 63 1
1546 1 63 1
1547 0 -64 0
1548 1 63 1
1549 1 63 1
1550 0 -64 0
1551 0 -64 0
1552 0 -64 0
1553 1 63 1
1554 0 -64 0
1555 0 -64 0
1556 0 -64 0
1557 0 -64 0
1558 1 63 1
1559 1 63 1
1560 1 63 1
1561 0 -64 0
1562 0 -64 0
1563 0 -64 0
1564 1 63 1
1565 1 63 1
1566 1 63 1
1567 1 63 1
1568 0 -64 0
1569 0 -64 0
1570 0 -64 0
1571 1 63 1
1572 1 63 1
1573 1 63 1
1574 0 -64 0
1575 0 -64 0
1576 0 -64 0
1577 1 63 1
1578 1 63 1
1579 1 63 1
1580 1 63 1
1581 1 63 1
1582 1 63 1
1583 0 -64 0
1584 1 63 1
1585 1 63 1
1586 1 63 1
1587 0 -64 0
1588 1 63 1
1589 0 -64 0
1590 0 -64 0
1591 0 -64 0
1592 0 -64 0
1593 1 63 1
1594 1 63 1
1595 1 58 1
1596 0 -49 0
1597 1 47 1
1598 1 40 1
1599 1 40 1
1600 1 37 1
1601 0 -48 0
1602 1 58 1
1603 1 63 1
1604 0 -64 0
1605 0 -64 0
1606 0 -64 0
1607 1 63 1
1608 0 -64 0
1609 1 63 1
1610 0 -64 0
1611 0 -64 0
1612 1 63 1
1613 0 -64 0
1614 0 -64 0
1615 0 -64 0
1616 1 63 1
1617 0 -64 0
1618 0 -64 0
1619 1 63 1
1620 1 63 1
1621 0 -64 0
1622 0 -64 0
1623 0 -64 0
1624 1 63 1
1625 1 63 1
1626 1 63 1
1627 1 63 1
1628 0 -64 0
1629 0 -64 0
1630 0 -64 0
1631 0 -64 0
1632 1 63 1
1633 1 63 1
1634 1 63 1
1635 0 -64 0
1636 0 -64 0
1637 1 63 1
1638 1 63 1
1639 0 -64 0
1640 0 -64 0
1641 0 -64 0
1642 1 63 1
1643 0 -64 0
1644 0 -64 0
1645 0 -64 0
1646 0 -64 0
1647 1 63 1
1648 0 -64 0
1649 0 -64 0
1650 0 -64 0
1651 1 63 1
1652 1 63 1
1653 0 -64 0
1654 0 -64 0
1655 0 -64 0
1656 1 63 1
1657 0 -64 0
1658 1 63 1
1659 1 63 1
1660 0 -64 0
1661 1 63 1
1662 0 -64 0
1663 1 63 1
1664 1 63 1
1665 1 63 1
1666 1 63 1
1667 0 -64 0
1668 1 63 1
1669 0 -64 0
1670 0 -64 0
1671 1 63 1
1672 0 -64 0
1673 0 -64 0
1674 1 63 1
1675 0 -64 0
1676 0 -64 0
1677 0 -64 0
1678 1 63 1
1679 1 63 1
1680 0 -64 0
1681 0 -64 0
1682 1 63 1
1683 1 63 1
1684 0 -64 0
1685 0 -64 0
1686 1 63 1
1687 1 63 1
1688 1 63 1
1689 1 63 1
1690 1 63 1
1691 0 -64 0
1692 0 -64 0
1693 0 -64 0
1694 1 63 1
1695 1 63 1
1696 1 63 1
1697 0 -64 0
1698 0 -64 0
1699 1 63 1
1700 1 63 1
1701 1 63 1
1702 1 63 1
1703 1 63 1
1704 1 63 1
1705 1 63 1
1706 1 63 1
1707 0 -64 0
1708 1 63 1
1709 1 63 1
1710 1 63 1
1711 1 63 1
1712 0 -64 0
1713 1 63 1
1714 1 63 1
1715 0 -64 0
1716 1 63 1
1717 1 63 1
1718 1 63 1
1719 1 63 1
1720 1 63 1
1721 0 -64 0
1722 0 -64 0
1723 1 63 1
1724 1 63 1
1725 1 63 1
1726 0 -64 0
1727 1 63 1
1728 1 63 1
1729 0 -64 0
1730 0 -64 0
1731 0 -64 0
1732 1 63 1
1733 1 63 1
1734 1 63 1
1735 0 -64 0
1736 1 63 1
1737 1 63 1
1738 0 -64 0
1739 1 63 1
1740 0 -64 0
1741 0 -64 0
1742 1 63 1
1743 1 63 1
1744 1 63 1
1745 0 -64 0
1746 1 63 1
1747 0 -64 0
1748 1 63 1
1749 1 63 1
1750 1 63 1
1751 0 -64 0
1752 1 63 1
1753 1 63 1
1754 1 63 1
1755 0 -64 0
1756 1 63 1
1757 1 63 1
1758 0 -64 0
1759 0 -64 0
1760 1 63 1
1761 1 63 1
1762 0 -64 0
1763 0 -64 0
1764 1 63 1
1765 0 -64 0
1766 1 63 1
1767 1 63 1
1768 0 -64 0
1769 1 63 1
1770 1 63 1
1771 0 -64 0
1772 0 -64 0
1773 1 63 1
1774 0 -64 0
1775 1 63 1
1776 1 63 1
1777 0 -64 0
1778 0 -64 0
1779 1 63 1
1780 0 -64 0
1781 1 63 1
1782 1 63 1
1783 0 -64 0
1784 1 63 1
1785 0 -64 0
1786 0 -64 0
1787 1 63 1
1788 1 63 1
1789 1 63 1
1790 0 -64 0
1791 1 63 1
1792 1 63 1
1793 0 -64 0
1794 1 63 1
1795 1 63 1
1796 0 -64 0
1797 0 -64 0
1798 1 63 1
1799 1 63 1
1800 0 -64 0
1801 0 -64 0
1802 0 -64 0
1803 1 63 1
1804 0 -64 0
1805 1 63 1
1806 1 63 1
1807 1 63 1
1808 1 63 1
1809 1 63 1
1810 1 63 1
1811 1 63 1
1812 0 -64 0
1813 1 63 1
1814 0 -64 0
1815 0 -64 0
1816 1 63 1
1817 1 63 1
1818 0 -64 0
1819 0 -64 0
1820 1 63 1
1821 1 63 1
1822 0 -64 0
1823 0 -64 0
1824 1 63 1
1825 1 63 1
1826 1 63 1
1827 1 63 1
1828 1 63 1
1829 1 63 1
1830 1 63 1
1831 1 63 1
1832 1 63 1
1833 0 -64 0
1834 1 63 1
1835 0 -64 0
1836 0 -64 0
1837 0 -64 0
1838 1 63 1
1839 1 63 1
1840 0 -64 0
1841 1 63 1
1842 0 -64 0
1843 0 -64 0
1844 0 -64 0
1845 0 -64 0
1846 0 -64 0
1847 0 -64 0
1848 1 63 1
1849 0 -64 0
1850 1 63 1
1851 1 63 1
1852 1 63 1
1853 1 63 1
1854 0 -64 0
1855 0 -64 0
1856 0 -64 0
1857 1 63 1
1858 1 63 1
1859 1 63 1
1860 0 -64 0
1861 1 63 1
1862 1 63 1
1863 0 -64 0
1864 0 -64 0
1865 1 63 1
1866 0 -64 0
1867 0 -64 0
1868 0 -64 0
1869 1 63 1
1870 0 -64 0
1871 1 63 1
1872 1 63 1
1873 1 63 1
1874 0 -64 0
1875 0 -64 0
1876 0 -64 0
1877 1 63 1
1878 0 -64 0
1879 0 -64 0
1880 1 63 1
1881 1 63 1
1882 0 -64 0
1883 1 63 1
1884 1 63 1
1885 1 63 1
1886 0 -64 0
1887 0 -64 0
1888 1 63 1
1889 1 63 1
1890 1 63 1
1891 1 63 1
1892 1 63 1
1893 1 63 1
1894 1 63 1
1895 1 63 1
1896 1 63 1
1897 0 -64 0
1898 0 -64 0
1899 1 63 1
1900 1 63 1
1901 1 63 1
1902 1 63 1
1903 1 63 1
1904 0 -64 0
1905 0 -64 0
1906 1 63 1
1907 1 63 1
1908 1 63 1
1909 0 -64 0
1910 0 -64 0
1911 1 63 1
1912 0 -64 0
1913 0 -64 0
1914 0 -64 0
1915 0 -64 0
1916 0 -64 0
1917 1 63 1
1918 1 63 1
1919 0 -64 0
1920 0 -64 0
1921 1 63 1
1922 0 -64 0
1923 0 -64 0
1924 1 63 1
1925 1 63 1
1926 0 -64 0
1927 1 63 1
1928 1 63 1
1929 1 63 1
1930 1 63 1
1931 1 63 1
1932 0 -64 0
1933 1 63 1
1934 1 63 1
1935 0 -64 0
1936 0 -64 0
1937 1 63 1
1938 1 63 1
1939 1 63 1
1940 0 -64 0
1941 0 -64 0
1942 0 -64 0
1943 0 -64 0
1944 1 63 1
1945 1 63 1
1946 0 -64 0
1947 1 63 1
1948 1 63 1
1949 1 63 1
1950 1 63 1
1951 0 -64 0
1952 0 -64 0
1953 0 -64 0
1954 1 63 1
1955 1 63 1
1956 0 -64 0
1957 0 -64 0
1958 1 63 1
1959 1 63 1
1960 1 63 1
1961 1 63 1
1962 0 -64 0
1963 0 -64 0
1964 0 -64 0
1965 1 63 1
1966 1 63 1
1967 0 -64 0
1968 1 63 1
1969 0 -64 0
1970 0 -64 0
1971 0 -64 0
1972 1 63 1
1973 0 -64 0
1974 1 63 1
1975 1 63 1
1976 0 -64 0
1977 1 63 1
1978 0 -64 0
1979 0 -64 0
1980 1 63 1
1981 0 -64 0
1982 0 -64 0
1983 0 -64 0
1984 0 -64 0
1985 0 -64 0
1986 1 63 1
1987 1 63 1
1988 1 63 1
1989 1 63 1
1990 1 63 1
1991 1 63 1
1992 0 -64 0
1993 1 63 1
1994 0 -59 0
1995 0 -50 0
1996 0 -64 0
1997 1 41 1
1998 0 -56 0
1999 0 -15 0
2000 1 39 1
2001 0 -51 0
2002 1 59 1
2003 1 54 1
2004 0 -64 0
2005 0 -63 0
2006 0 -59 0
2007 0 -64 0
2008 0 -64 0
2009 0 -64 0
2010 0 -64 0
2011 1 63 1
2012 1 63 1
2013 1 63 1
2014 1 63 1
2015 0 -64 0
2016 0 -64 0
2017 1 63 1
2018 0 -64 0
2019 1 63 1
2020 0 -64 0
2021 0 -64 0
2022 1 63 1
2023 0 -64 0
2024 1 63 1
2025 1 63 1
2026 0 -64 0
2027 1 63 1
2028 0 -64 0
2029 1 63 1
2030 1 63 1
2031 1 63 1
2032 1 63 1
2033 0 -64 0
2034 1 63 1
2035 1 63 1
2036 1 63 1
2037 0 -64 0
2038 0 -64 0
2039 0 -64 0
2040 0 -64 0
2041 1 63 1
2042 1 63 1
2043 0 -64 0
2044 0 -64 0
2045 0 -64 0
2046 1 63 1
2047 1 63 1
2048 0 -64 0
2049 0 -64 0
2050 1 63 1
2051 1 63 1
2052 0 -64 0
2053 1 63 1
2054 1 63 1
2055 1 63 1
2056 0 -64 0
2057 0 -64 0
2058 0 -64 0
2059 1 63 1
2060 1 63 1
2061 1 63 1
2062 1 63 1
2063 1 63 1
2064 1 63 1
2065 0 -64 0
2066 1 63 1
2067 1 63 1
2068 1 63 1
2069 0 -64 0
2070 1 63 1
2071 1 63 1
2072 1 63 1
2073 1 63 1
2074 1 63 1
2075 1 63 1
2076 0 -64 0
2077 0 -64 0
2078 0 -64 0
2079 1 63 1
2080 1 63 1
2081 1 63 1
2082 1 63 1
2083 1 63 1
2084 0 -64 0
2085 0 -64 0
2086 1 63 1
2087 1 63 1
2088 0 -64 0
2089 1 63 1
2090 1 63 1
2091 0 -64 0
2092 0 -64 0
2093 1 63 1
2094 1 63 1
2095 0 -64 0
2096 0 -64 0
2097 1 63 1
2098 0 -64 0
2099 0 -64 0
2100 0 -64 0
2101 1 63 1
2102 1 63 1
2103 1 63 1
2104 1 63 1
2105 1 63 1
2106 0 -64 0
2107 0 -64 0
2108 0 -64 0
2109 0 -64 0
2110 1 63 1
2111 1 63 1
2112 0 -64 0
2113 0 -64 0
2114 1 63 1
2115 0 -64 0
2116 0 -64 0
2117 0 -64 0
2118 0 -64 0
2119 0 -64 0
2120 1 63 1
2121 0 -64 0
2122 0 -64 0
2123 0 -64 0
2124 1 63 1
2125 1 63 1
2126 1 63 1
2127 1 63 1
2128 0 -64 0
2129 1 63 1
2130 1 63 1
2131 0 -64 0
2132 1 63 1
2133 1 63 1
2134 1 63 1
2135 0 -64 0
2136 0 -64 0
2137 0 -64 0
2138 0 -64 0
2139 0 -64 0
2140 0 -64 0
2141 1 63 1
2142 1 63 1
2143 1 63 1
2144 0 -64 0
2145 1 63 1
2146 0 -64 0
2147 0 -64 0
2148 0 -64 0
2149 0 -64 0
2150 0 -64 0
2151 1 63 1
2152 1 63 1
2153 1 63 1
2154 0 -64 0
2155 0 -64 0
2156 0 -64 0
2157 0 -64 0
2158 0 -64 0
2159 1 63 1
2160 1 63 1
2161 1 63 1
2162 0 -64 0
2163 0 -64 0
2164 1 63 1
2165 0 -64 0
2166 0 -64 0
2167 0 -64 0
2168 0 -64 0
2169 1 63 1
2170 1 63 1
2171 1 63 1
2172 0 -64 0
2173 0 -64 0
2174 1 63 1
2175 0 -64 0
2176 0 -64 0
2177 1 63 1
2178 0 -64 0
2179 0 -64 0
2180 1 63 1
2181 0 -64 0
2182 1 63 1
2183 1 63 1
2184 1 63 1
2185 0 -64 0
2186 1 63 1
2187 0 -64 0
2188 0 -64 0
2189 1 63 1
2190 1 63 1
2191 0 -64 0
2192 0 -64 0
2193 0 -64 0
2194 0 -64 0
2195 0 -64 0
2196 1 63 1
2197 0 -64 0
2198 0 -64 0
2199 1 63 1
2200 1 63 1
2201 1 63 1
2202 1 63 1
2203 0 -64 0
2204 1 63 1
2205 0 -64 0
2206 1 63 1
2207 1 63 1
2208 0 -64 0
2209 0 -64 0
2210 0 -64 0
2211 1 63 1
2212 0 -64 0
2213 0 -64 0
2214 0 -64 0
2215 0 -64 0
2216 0 -64 0
2217 1 63 1
2218 1 63 1
2219 0 -64 0
2220 0 -64 0
2221 0 -64 0
2222 1 63 1
2223 1 63 1
2224 1 63 1
2225 1 63 1
2226 0 -64 0
2227 0 -64 0
2228 1 63 1
2229 0 -64 0
2230 1 63 1
2231 1 63 1
2232 0 -64 0
2233 1 63 1
2234 0 -64 0
2235 0 -64 0
2236 1 63 1
2237 1 63 1
2238 0 -64 0
2239 1 63 1
2240 1 63 1
2241 0 -64 0
2242 0 -64 0
2243 0 -64 0
2244 1 63 1
2245 1 63 1
2246 1 63 1
2247 0 -64 0
2248 1 63 1
2249 0 -64 0
2250 1 63 1
2251 0 -64 0
2252 1 63 1
2253 1 63 1
2254 0 -64 0
2255 1 63 1
2256 0 -64 0
2257 0 -64 0
2258 0 -64 0
2259 0 -64 0
2260 0 -64 0
2261 1 63 1
2262 1 63 1
2263 1 63 1
2264 1 63 1
2265 0 -64 0
2266 0 -64 0
2267 0 -64 0
2268 0 -64 0
2269 0 -64 0
2270 0 -64 0
2271 0 -64 0
2272 1 63 1
2273 0 -64 0
2274 0 -64 0
2275 0 -64 0
2276 1 63 1
2277 1 63 1
2278 1 63 1
2279 0 -64 0
2280 1 63 1
2281 1 63 1
2282 0 -64 0
2283 1 63 1
2284 1 63 1
2285 0 -64 0
2286 0 -64 0
2287 0 -64 0
2288 1 63 1
2289 1 63 1
2290 0 -64 0
2291 1 63 1
2292 0 -64 0
2293 0 -64 0
2294 1 63 1
2295 0 -64 0
2296 0 -64 0
2297 0 -64 0
2298 0 -64 0
2299 1 63 1
2300 0 -64 0
2301 0 -64 0
2302 1 63 1
2303 0 -64 0
2304 0 -64 0
2305 1 63 1
2306 0 -64 0
2307 0 -64 0
2308 1 63 1
2309 1 63 1
2310 1 63 1
2311 0 -64 0
2312 0 -64 0
2313 1 63 1
2314 1 63 1
2315 1 63 1
2316 0 -64 0
2317 1 63 1
2318 1 63 1
2319 1 63 1
2320 1 63 1
2321 1 63 1
2322 0 -64 0
2323 1 63 1
2324 0 -64 0
2325 0 -64 0
2326 1 63 1
2327 0 -64 0
2328 0 -64 0
2329 1 63 1
2330 1 63 1
2331 1 63 1
2332 0 -64 0
2333 1 63 1
2334 0 -64 0
2335 1 63 1
2336 1 63 1
2337 0 -64 0
2338 1 63 1
2339 0 -64 0
2340 1 63 1
2341 1 63 1
2342 0 -64 0
2343 1 63 1
2344 1 63 1
2345 0 -64 0
2346 0 -64 0
2347 0 -64 0
2348 1 63 1
2349 1 63 1
2350 1 63 1
2351 1 63 1
2352 0 -64 0
2353 0 -64 0
2354 1 63 1
2355 0 -64 0
2356 1 63 1
2357 1 63 1
2358 0 -64 0
2359 0 -64 0
2360 1 63 1
2361 1 63 1
2362 1 63 1
2363 1 63 1
2364 0 -64 0
2365 0 -64 0
2366 0 -64 0
2367 0 -64 0
2368 1 63 1
2369 1 63 1
2370 1 63 1
2371 0 -64 0
2372 1 63 1
2373 1 63 1
2374 1 63 1
2375 0 -64 0
2376 0 -64 0
2377 1 63 1
2378 1 63 1
2379 1 63 1
2380 0 -64 0
2381 1 63 1
2382 0 -64 0
2383 0 -64 0
2384 1 63 1
2385 0 -64 0
2386 0 -64 0
2387 1 63 1
2388 1 63 1
2389 0 -64 0
2390 0 -64 0
2391 0 -64 0
2392 1 63 1
2393 1 63 1
2394 0 -62 0
2395 1 55 1
2396 1 59 1
2397 1 60 1
2398 0 -60 0
2399 1 33 1
2400 1 39 1
2401 0 -30 0
2402 1 63 1
2403 0 -64 0
2404 1 52 1
2405 1 56 1
2406 1 61 1
2407 0 -64 0
2408 1 63 1
2409 0 -64 0
2410 0 -64 0
2411 0 -64 0
2412 1 63 1
2413 1 63 1
2414 0 -64 0
2415 0 -64 0
2416 0 -64 0
2417 0 -64 0
2418 1 63 1
2419 0 -64 0
2420 1 63 1
2421 1 63 1
2422 1 63 1
2423 1 63 1
2424 0 -64 0
2425 0 -64 0
2426 1 63 1
2427 1 63 1
2428 1 63 1
2429 0 -64 0
2430 1 63 1
2431 0 -64 0
2432 0 -64 0
2433 0 -64 0
2434 0 -64 0
2435 1 63 1
2436 0 -64 0
2437 1 63 1
2438 1 63 1
2439 0 -64 0
2440 1 63 1
2441 1 63 1
2442 0 -64 0
2443 1 63 1
2444 1 63 1
2445 0 -64 0
2446 0 -64 0
2447 0 -64 0
2448 0 -57 0
2449 1 63 1
2450 0 -64 0
2451 0 -64 0
2452 0 -64 0
2453 0 -64 0
2454 0 -64 0
2455 0 -57 0
2456 1 63 1
2457 1 63 1
2458 0 -64 0
2459 1 63 1
2460 0 -64 0
2461 0 -64 0
2462 0 -64 0
2463 1 63 1
2464 1 63 1
2465 1 63 1
2466 0 -64 0
2467 0 -64 0
2468 1 63 1
2469 0 -64 0
2470 0 -64 0
2471 0 -64 0
2472 0 -64 0
2473 1 63 1
2474 0 -64 0
2475 0 -64 0
2476 0 -64 0
2477 1 63 1
2478 0 -64 0
2479 0 -64 0
2480 0 -64 0
2481 1 63 1
2482 0 -64 0
2483 1 63 1
2484 0 -64 0
2485 0 -64 0
2486 0 -64 0
2487 1 63 1
2488 0 -64 0
2489 1 63 1
2490 1 63 1
2491 1 63 1
2492 0 -64 0
2493 0 -64 0
2494 1 63 1
2495 1 63 1
2496 1 63 1
2497 1 63 1
2498 0 -64 0
2499 0 -64 0
2500 0 -64 0
2501 1 63 1
2502 1 63 1
2503 0 -64 0
2504 0 -64 0
2505 1 63 1
2506 1 63 1
2507 1 63 1
2508 0 -64 0
2509 1 63 1
2510 1 63 1
2511 0 -64 0
2512 0 -64 0
2513 1 63 1
2514 0 -64 0
2515 1 63 1
2516 0 -64 0
2517 0 -64 0
2518 1 63 1
2519 0 -64 0
2520 0 -64 0
2521 1 63 1
2522 0 -64 0
2523 1 63 1
2524 0 -64 0
2525 1 63 1
2526 0 -64 0
2527 1 63 1
2528 1 63 1
2529 1 63 1
2530 1 63 1
2531 0 -64 0
2532 0 -64 0
2533 1 63 1
2534 1 63 1
2535 1 63 1
2536 0 -64 0
2537 0 -64 0
2538 1 63 1
2539 0 -64 0
2540 1 63 1
2541 1 63 1
2542 0 -64 0
2543 1 63 1
2544 0 -64 0
2545 0 -64 0
2546 0 -64 0
2547 0 -64 0
2548 0 -64 0
2549 1 63 1
2550 1 63 1
2551 1 63 1
2552 0 -64 0
2553 1 63 1
2554 1 63 1
2555 0 -64 0
2556 1 63 1
2557 0 -64 0
2558 1 63 1
2559 1 63 1
2560 0 -64 0
2561 0 -64 0
2562 0 -64 0
2563 1 63 1
2564 0 -64 0
2565 0 -64 0
2566 0 -64 0
2567 1 63 1
2568 1 63 1
2569 0 -64 0
2570 0 -64 0
2571 0 -64 0
2572 0 -64 0
2573 1 63 1
2574 0 -64 0
2575 1 63 1
2576 1 63 1
2577 0 -64 0
2578 1 63 1
2579 1 63 1
2580 0 -64 0
2581 1 63 1
2582 0 -64 0
2583 0 -64 0
2584 0 -64 0
2585 0 -64 0
2586 0 -64 0
2587 0 -64 0
2588 1 63 1
2589 0 -64 0
2590 0 -64 0
2591 0 -64 0
2592 1 63 1
2593 1 63 1
2594 0 -64 0
2595 1 63 1
2596 0 -64 0
2597 1 63 1
2598 1 63 1
2599 0 -64 0
2600 0 -64 0
2601 0 -64 0
2602 1 63 1
2603 1 63 1
2604 1 63 1
2605 1 63 1
2606 0 -64 0
2607 0 -64 0
2608 1 63 1
2609 0 -64 0
2610 1 63 1
2611 1 63 1
2612 1 63 1
2613 1 63 1
2614 1 63 1
2615 1 63 1
2616 0 -64 0
2617 1 63 1
2618 0 -64 0
2619 1 63 1
2620 1 63 1
2621 1 63 1
2622 0 -64 0
2623 1 63 1
2624 0 -64 0
2625 0 -64 0
2626 0 -64 0
2627 1 63 1
2628 0 -64 0
2629 1 63 1
2630 0 -64 0
2631 0 -64 0
2632 1 63 1
2633 1 63 1
2634 1 63 1
2635 1 63 1
2636 1 63 1
2637 0 -64 0
2638 0 -64 0
2639 0 -64 0
2640 0 -64 0
2641 0 -64 0
2642 1 63 1
2643 1 63 1
2644 1 63 1
2645 1 63 1
2646 1 63 1
2647 0 -64 0
2648 0 -64 0
2649 1 63 1
2650 0 -64 0
2651 0 -64 0
2652 0 -64 0
2653 1 63 1
2654 1 63 1
2655 0 -64 0
2656 0 -64 0
2657 1 63 1
2658 0 -64 0
2659 0 -64 0
2660 0 -64 0
2661 0 -64 0
2662 1 63 1
2663 0 -64 0
2664 0 -64 0
2665 1 63 1
2666 0 -64 0
2667 0 -64 0
2668 1 63 1
2669 0 -64 0
2670 0 -64 0
2671 1 63 1
2672 1 63 1
2673 1 63 1
2674 0 -64 0
2675 1 63 1
2676 0 -64 0
2677 1 63 1
2678 0 -64 0
2679 0 -64 0
2680 0 -64 0
2681 1 63 1
2682 1 63 1
2683 0 -64 0
2684 0 -64 0
2685 1 63 1
2686 1 63 1
2687 1 63 1
2688 0 -64 0
2689 1 63 1
2690 1 63 1
2691 1 63 1
2692 1 63 1
2693 1 63 1
2694 1 63 1
2695 0 -64 0
2696 0 -64 0
2697 1 63 1
2698 0 -64 0
2699 1 63 1
2700 1 63 1
2701 0 -64 0
2702 1 63 1
2703 1 63 1
2704 1 63 1
2705 1 63 1
2706 0 -64 0
2707 1 63 1
2708 0 -64 0
2709 1 63 1
2710 0 -64 0
2711 1 63 1
2712 0 -64 0
2713 1 63 1
2714 0 -64 0
2715 0 -64 0
2716 0 -64 0
2717 0 -64 0
2718 1 63 1
2719 1 63 1
2720 0 -64 0
2721 1 63 1
2722 1 63 1
2723 1 63 1
2724 1 63 1
2725 0 -64 0
2726 0 -64 0
2727 1 63 1
2728 1 63 1
2729 0 -64 0
2730 0 -64 0
2731 1 63 1
2732 0 -64 0
2733 1 63 1
2734 0 -64 0
2735 1 63 1
2736 0 -64 0
2737 0 -64 0
2738 0 -64 0
2739 0 -64 0
2740 0 -64 0
2741 0 -64 0
2742 0 -64 0
2743 0 -64 0
2744 0 -64 0
2745 0 -64 0
2746 1 63 1
2747 0 -64 0
2748 1 63 1
2749 1 63 1
2750 0 -64 0
2751 0 -64 0
2752 0 -64 0
2753 0 -64 0
2754 0 -64 0
2755 0 -64 0
2756 0 -64 0
2757 0 -64 0
2758 1 63 1
2759 1 63 1
2760 1 63 1
2761 0 -64 0
2762 1 63 1
2763 1 63 1
2764 1 63 1
2765 1 63 1
2766 1 63 1
2767 0 -64 0
2768 1 63 1
2769 1 63 1
2770 0 -64 0
2771 1 63 1
2772 1 63 1
2773 0 -64 0
2774 0 -64 0
2775 0 -64 0
2776 1 63 1
2777 0 -64 0
2778 0 -64 0
2779 1 63 1
2780 0 -64 0
2781 1 63 1
2782 0 -64 0
2783 0 -64 0
2784 0 -64 0
2785 0 -64 0
2786 0 -64 0
2787 0 -64 0
2788 0 -64 0
2789 1 63 1
2790 0 -64 0
2791 1 63 1
2792 1 63 1
2793 1 63 1
2794 1 63 1
2795 1 49 1
2796 1 63 1
2797 0 -59 0
2798 1 57 1
2799 0 -48 0
2800 1 37 1
2801 0 -49 0
2802 0 -53 0
2803 1 52 1
2804 0 -64 0
2805 0 -55 0
2806 0 -34 0
2807 1 63 1
2808 0 -64 0
2809 0 -64 0
2810 0 -64 0
2811 0 -64 0
2812 1 63 1
2813 0 -64 0
2814 1 63 1
2815 1 63 1
2816 1 63 1
2817 1 63 1
2818 1 63 1
2819 1 63 1
2820 0 -64 0
2821 0 -64 0
2822 1 63 1
2823 0 -64 0
2824 1 63 1
2825 0 -64 0
2826 1 63 1
2827 0 -64 0
2828 1 63 1
2829 1 63 1
2830 0 -64 0
2831 1 63 1
2832 0 -64 0
2833 0 -64 0
2834 1 63 1
2835 1 63 1
2836 1 63 1
2837 1 63 1
2838 1 63 1
2839 0 -64 0
2840 1 63 1
2841 1 63 1
2842 1 63 1
2843 0 -64 0
2844 1 63 1
2845 1 63 1
2846 0 -64 0
2847 0 -64 0
2848 1 63 1
2849 1 63 1
2850 1 63 1
2851 1 63 1
2852 0 -64 0
2853 0 -64 0
2854 1 63 1
2855 1 63 1
2856 0 -64 0
2857 1 63 1
2858 1 63 1
2859 0 -64 0
2860 0 -64 0
2861 0 -64 0
2862 0 -64 0
2863 1 63 1
2864 1 63 1
2865 1 63 1
2866 0 -64 0
2867 1 63 1
2868 1 63 1
2869 0 -64 0
2870 0 -64 0
2871 1 63 1
2872 0 -64 0
2873 1 63 1
2874 0 -64 0
2875 0 -64 0
2876 0 -64 0
2877 1 63 1
2878 0 -64 0
2879 1 63 1
2880 0 -64 0
2881 1 63 1
2882 1 63 1
2883 0 -64 0
2884 1 63 1
2885 1 63 1
2886 0 -64 0
2887 1 63 1
2888 0 -64 0
2889 1 63 1
2890 0 -64 0
2891 1 63 1
2892 1 63 1
2893 0 -64 0
2894 0 -64 0
2895 0 -64 0
2896 1 63 1
2897 0 -64 0
2898 1 63 1
2899 0 -64 0
2900 0 -64 0
2901 0 -64 0
2902 0 -64 0
2903 0 -64 0
2904 0 -64 0
2905 1 63 1
2906 1 63 1
2907 0 -64 0
2908 1 63 1
2909 0 -64 0
2910 1 63 1
2911 1 63 1
2912 0 -64 0
2913 0 -64 0
2914 0 -64 0
2915 0 -64 0
2916 0 -64 0
2917 1 63 1
2918 0 -64 0
2919 1 63 1
2920 1 63 1
2921 0 -64 0
2922 0 -64 0
2923 0 -64 0
2924 1 63 1
2925 0 -64 0
2926 0 -64 0
2927 1 63 1
2928 0 -64 0
2929 0 -64 0
2930 0 -64 0
2931 0 -64 0
2932 0 -64 0
2933 0 -64 0
2934 0 -64 0
2935 0 -64 0
2936 1 63 1
2937 0 -64 0
2938 0 -64 0
2939 1 63 1
2940 0 -64 0
2941 0 -64 0
2942 0 -64 0
2943 1 63 1
2944 0 -64 0
2945 0 -64 0
2946 0 -64 0
2947 1 63 1
2948 1 63 1
2949 0 -64 0
2950 1 63 1
2951 0 -64 0
2952 0 -64 0
2953 0 -64 0
2954 0 -64 0
2955 0 -64 0
2956 1 63 1
2957 0 -64 0
2958 0 -64 0
2959 0 -64 0
2960 1 63 1
2961 1 63 1
2962 1 63 1
2963 1 63 1
2964 0 -64 0
2965 0 -64 0
2966 1 63 1
2967 0 -64 0
2968 0 -64 0
2969 0 -64 0
2970 0 -64 0
2971 1 63 1
2972 1 63 1
2973 1 63 1
2974 1 63 1
2975 1 63 1
2976 1 63 1
2977 0 -64 0
2978 0 -64 0
2979 1 63 1
2980 1 63 1
2981 0 -64 0
2982 1 63 1
2983 0 -64 0
2984 1 63 1
2985 0 -64 0
2986 1 63 1
2987 1 63 1
2988 0 -64 0
2989 1 63 1
2990 1 63 1
2991 0 -64 0
2992 1 63 1
2993 1 63 1
2994 0 -64 0
2995 1 63 1
2996 1 63 1
2997 1 63 1
2998 0 -64 0
2999 0 -64 0
3000 0 -64 0
3001 1 63 1
3002 0 -64 0
3003 0 -64 0
3004 1 63 1
3005 1 63 1
3006 1 63 1
3007 0 -64 0
3008 0 -64 0
3009 1 63 1
3010 1 63 1
3011 0 -64 0
3012 1 63 1
3013 0 -64 0
3014 0 -64 0
3015 1 63 1
3016 1 63 1
3017 0 -64 0
3018 0 -64 0
3019 0 -64 0
3020 0 -64 0
3021 1 63 1
3022 0 -64 0
3023 0 -64 0
3024 1 63 1
3025 0 -64 0
3026 1 63 1
3027 0 -64 0
3028 1 63 1
3029 1 63 1
3030 0 -64 0
3031 1 63 1
3032 1 63 1
3033 0 -64 0
3034 1 63 1
3035 0 -64 0
3036 0 -64 0
3037 1 63 1
3038 1 63 1
3039 1 63 1
3040 0 -64 0
3041 0 -64 0
3042 0 -64 0
3043 0 -64 0
3044 0 -64 0
3045 0 -64 0
3046 0 -64 0
3047 0 -64 0
3048 0 -64 0
3049 1 63 1
3050 1 63 1
3051 1 63 1
3052 1 63 1
3053 0 -64 0
3054 1 63 1
3055 1 63 1
3056 1 63 1
3057 0 -64 0
3058 0 -64 0
3059 0 -64 0
3060 1 63 1
3061 1 63 1
3062 1 63 1
3063 0 -64 0
3064 1 63 1
3065 0 -64 0
3066 0 -64 0
3067 1 63 1
3068 0 -64 0
3069 0 -64 0
3070 1 63 1
3071 1 63 1
3072 1 63 1
3073 0 -64 0
3074 1 63 1
3075 0 -64 0
3076 0 -64 0
3077 0 -64 0
3078 0 -64 0
3079 1 63 1
3080 0 -64 0
3081 0 -64 0
3082 0 -64 0
3083 0 -64 0
3084 1 63 1
3085 1 63 1
3086 1 63 1
3087 1 63 1
3088 0 -64 0
3089 0 -64 0
3090 0 -64 0
3091 1 63 1
3092 1 63 1
3093 0 -64 0
3094 1 63 1
3095 0 -64 0
3096 0 -64 0
3097 1 63 1
3098 0 -64 0
3099 1 63 1
3100 0 -64 0
3101 1 63 1
3102 1 63 1
3103 0 -64 0
3104 1 63 1
3105 0 -64 0
3106 0 -64 0
3107 0 -64 0
3108 1 63 1
3109 0 -64 0
3110 0 -64 0
3111 1 63 1
3112 0 -64 0
3113 1 63 1
3114 0 -64 0
3115 0 -64 0
3116 1 63 1
3117 1 63 1
3118 0 -64 0
3119 0 -64 0
3120 1 63 1
3121 1 63 1
3122 0 -64 0
3123 0 -64 0
3124 0 -64 0
3125 0 -64 0
3126 0 -64 0
3127 0 -64 0
3128 1 63 1
3129 0 -64 0
3130 0 -64 0
3131 0 -64 0
3132 1 63 1
3133 0 -64 0
3134 0 -64 0
3135 0 -64 0
3136 0 -64 0
3137 1 63 1
3138 1 63 1
3139 1 63 1
3140 1 63 1
3141 0 -64 0
3142 0 -64 0
3143 1 63 1
3144 0 -64 0
3145 0 -64 0
3146 1 63 1
3147 0 -64 0
3148 1 63 1
3149 0 -64 0
3150 0 -64 0
3151 1 63 1
3152 1 63 1
3153 1 63 1
3154 1 63 1
3155 1 63 1
3156 0 -64 0
3157 0 -64 0
3158 1 63 1
3159 0 -64 0
3160 1 63 1
3161 1 63 1
3162 1 63 1
3163 0 -64 0
3164 0 -64 0
3165 1 63 1
3166 0 -64 0
3167 0 -64 0
3168 1 63 1
3169 0 -64 0
3170 0 -64 0
3171 1 63 1
3172 0 -64 0
3173 1 63 1
3174 1 63 1
3175 0 -64 0
3176 0 -64 0
3177 1 63 1
3178 1 63 1
3179 0 -64 0
3180 0 -64 0
3181 1 63 1
3182 0 -64 0
3183 0 -64 0
3184 0 -64 0
3185 1 63 1
3186 0 -64 0
3187 0 -64 0
3188 0 -64 0
3189 0 -64 0
3190 0 -64 0
3191 0 -64 0
3192 0 -64 0
3193 0 -64 0
3194 1 63 1
3195 0 -64 0
3196 0 -64 0
3197 0 -64 0
3198 0 -64 0
3199 1 63 1
