# idx_orig bit_orig post_llr_q hard
0 0 -64 0
1 1 63 1
2 1 63 1
3 0 -64 0
4 0 -64 0
5 0 -64 0
6 0 -64 0
7 1 63 1
8 1 63 1
9 1 63 1
10 0 -64 0
11 0 -64 0
12 0 -64 0
13 1 63 1
14 1 63 1
15 1 63 1
16 0 -64 0
17 1 63 1
18 0 -64 0
19 1 63 1
20 0 -64 0
21 1 63 1
22 1 63 1
23 0 -64 0
24 1 63 1
25 1 63 1
26 0 -64 0
27 1 63 1
28 1 63 1
29 0 -64 0
30 0 -64 0
31 0 -64 0
32 1 63 1
33 1 63 1
34 1 63 1
35 0 -64 0
36 1 63 1
37 0 -64 0
38 1 63 1
39 0 -64 0
40 0 -64 0
41 0 -64 0
42 0 -64 0
43 1 63 1
44 1 63 1
45 1 63 1
46 1 63 1
47 1 63 1
48 0 -64 0
49 0 -64 0
50 1 63 1
51 0 -64 0
52 1 63 1
53 0 -64 0
54 0 -64 0
55 0 -64 0
56 0 -64 0
57 1 63 1
58 0 -64 0
59 1 63 1
60 1 63 1
61 0 -64 0
62 1 63 1
63 1 63 1
64 0 -64 0
65 0 -64 0
66 0 -64 0
67 0 -64 0
68 0 -64 0
69 0 -64 0
70 1 63 1
71 0 -64 0
72 0 -64 0
73 1 -59 0
74 1 63 1
75 0 -64 0
76 0 -64 0
77 1 63 1
78 1 63 1
79 0 -64 0
80 1 -59 0
81 1 63 1
82 0 -64 0
83 1 63 1
84 0 -64 0
85 1 63 1
86 0 -64 0
87 0 -64 0
88 1 63 1
89 1 63 1
90 1 63 1
91 1 63 1
92 0 -64 0
93 0 -64 0
94 1 63 1
95 0 -64 0
96 1 63 1
97 0 -64 0
98 0 -64 0
99 0 -64 0
100 1 63 1
101 1 63 1
102 0 -64 0
103 1 63 1
104 1 63 1
105 0 -64 0
106 1 63 1
107 1 63 1
108 0 -64 0
109 1 63 1
110 0 -64 0
111 1 63 1
112 0 -64 0
113 1 63 1
114 1 63 1
115 0 -64 0
116 1 63 1
117 0 -64 0
118 0 -64 0
119 1 63 1
120 0 -64 0
121 0 -64 0
122 0 -64 0
123 1 63 1
124 1 63 1
125 0 -64 0
126 0 -64 0
127 1 63 1
128 0 -64 0
129 0 -64 0
130 1 63 1
131 0 -64 0
132 1 63 1
133 1 63 1
134 0 -64 0
135 0 -64 0
136 0 -64 0
137 0 -64 0
138 1 63 1
139 0 -64 0
140 1 63 1
141 0 -64 0
142 0 -64 0
143 1 63 1
144 1 63 1
145 1 63 1
146 0 -64 0
147 0 -64 0
148 1 63 1
149 0 -64 0
150 0 -64 0
151 1 63 1
152 1 63 1
153 0 -64 0
154 0 -64 0
155 0 -64 0
156 0 -64 0
157 1 63 1
158 0 -64 0
159 1 63 1
160 1 63 1
161 0 -64 0
162 1 63 1
163 1 63 1
164 0 -64 0
165 1 63 1
166 1 63 1
167 0 -64 0
168 0 -64 0
169 1 63 1
170 1 63 1
171 1 63 1
172 0 -64 0
173 0 -64 0
174 1 63 1
175 0 -64 0
176 1 63 1
177 1 63 1
178 1 63 1
179 1 63 1
180 0 -64 0
181 1 63 1
182 1 63 1
183 0 -64 0
184 1 63 1
185 1 63 1
186 1 63 1
187 0 -64 0
188 1 63 1
189 0 -64 0
190 0 -64 0
191 0 -64 0
192 0 -64 0
193 0 -64 0
194 1 63 1
195 1 63 1
196 0 -64 0
197 0 -64 0
198 1 63 1
199 0 -64 0
200 0 -64 0
201 0 -64 0
202 0 -64 0
203 1 63 1
204 1 63 1
205 1 63 1
206 1 63 1
207 1 63 1
208 0 -64 0
209 1 63 1
210 0 -64 0
211 1 63 1
212 0 -64 0
213 1 63 1
214 0 -64 0
215 0 -64 0
216 1 63 1
217 0 -64 0
218 1 63 1
219 1 63 1
220 1 63 1
221 0 -64 0
222 1 63 1
223 0 -64 0
224 1 63 1
225 0 -64 0
226 1 63 1
227 0 -64 0
228 1 63 1
229 0 -64 0
230 1 63 1
231 0 -64 0
232 1 63 1
233 1 63 1
234 1 63 1
235 0 -64 0
236 1 63 1
237 0 -64 0
238 1 63 1
239 0 -64 0
240 1 63 1
241 0 -64 0
242 1 63 1
243 0 -64 0
244 1 63 1
245 1 63 1
246 0 -64 0
247 0 -64 0
248 0 -64 0
249 1 63 1
250 1 63 1
251 1 63 1
252 0 -64 0
253 1 63 1
254 1 63 1
255 0 -64 0
256 0 -64 0
257 1 63 1
258 1 63 1
259 0 -64 0
260 0 -64 0
261 0 -64 0
262 0 -64 0
263 1 63 1
264 0 -64 0
265 1 63 1
266 1 63 1
267 1 63 1
268 1 63 1
269 0 -64 0
270 1 63 1
271 0 -64 0
272 0 -64 0
273 0 -64 0
274 0 -64 0
275 1 63 1
276 0 -64 0
277 1 63 1
278 1 63 1
279 0 -64 0
280 0 -64 0
281 1 63 1
282 1 63 1
283 1 63 1
284 1 63 1
285 1 63 1
286 0 -64 0
287 0 -64 0
288 1 63 1
289 1 63 1
290 1 63 1
291 1 63 1
292 1 63 1
293 1 63 1
294 0 -64 0
295 0 -64 0
296 0 -64 0
297 1 63 1
298 1 63 1
299 0 -64 0
300 1 63 1
301 1 63 1
302 0 -64 0
303 1 63 1
304 0 -64 0
305 0 -64 0
306 0 -64 0
307 0 -64 0
308 1 63 1
309 0 -64 0
310 0 -64 0
311 1 63 1
312 0 -64 0
313 0 -64 0
314 0 -64 0
315 0 -64 0
316 0 -64 0
317 0 -64 0
318 1 63 1
319 0 -64 0
320 0 -64 0
321 0 -64 0
322 0 -64 0
323 0 -64 0
324 1 63 1
325 1 63 1
326 1 63 1
327 1 63 1
328 1 63 1
329 0 -64 0
330 1 63 1
331 1 63 1
332 0 -64 0
333 0 -64 0
334 1 63 1
335 1 63 1
336 0 -64 0
337 0 -64 0
338 1 63 1
339 1 63 1
340 0 -64 0
341 0 -64 0
342 0 -64 0
343 1 63 1
344 1 63 1
345 0 -64 0
346 0 -64 0
347 0 -64 0
348 0 63 1
349 0 -64 0
350 0 63 1
351 0 63 1
352 0 63 1
353 1 63 1
354 0 -64 0
355 1 63 1
356 0 -64 0
357 1 63 1
358 1 63 1
359 1 63 1
360 0 -64 0
361 0 -64 0
362 0 -64 0
363 0 -64 0
364 0 -64 0
365 1 63 1
366 1 63 1
367 1 63 1
368 1 63 1
369 1 63 1
370 0 -64 0
371 0 -64 0
372 1 63 1
373 0 -64 0
374 1 63 1
375 1 63 1
376 1 63 1
377 0 -64 0
378 1 63 1
379 1 63 1
380 0 -64 0
381 0 -64 0
382 0 -64 0
383 0 -64 0
384 0 -64 0
385 1 63 1
386 1 63 1
387 1 63 1
388 1 63 1
389 1 63 1
390 0 -64 0
391 1 60 1
392 1 63 1
393 0 -64 0
394 0 -58 0
395 1 53 1
396 0 -35 0
397 0 -64 0
398 1 42 1
399 0 -54 0
400 1 40 1
401 0 -37 0
402 0 -56 0
403 1 54 1
404 0 -49 0
405 0 -64 0
406 1 63 1
407 0 -64 0
408 0 -64 0
409 0 -64 0
410 0 -64 0
411 0 -64 0
412 0 -64 0
413 1 63 1
414 1 63 1
415 0 -64 0
416 1 63 1
417 0 -64 0
418 0 -64 0
419 1 63 1
420 1 63 1
421 0 -64 0
422 1 63 1
423 1 63 1
424 0 -64 0
425 0 -64 0
426 0 -64 0
427 1 63 1
428 0 -64 0
429 0 -64 0
430 0 -64 0
431 1 63 1
432 0 -64 0
433 0 -64 0
434 1 63 1
435 1 63 1
436 1 63 1
437 1 63 1
438 0 -64 0
439 0 -64 0
440 0 -64 0
441 1 63 1
442 0 -64 0
443 0 -64 0
444 1 63 1
445 0 -64 0
446 0 -64 0
447 1 63 1
448 0 -64 0
449 1 63 1
450 0 -64 0
451 1 63 1
452 1 63 1
453 1 63 1
454 1 63 1
455 0 -64 0
456 0 -64 0
457 1 63 1
458 1 63 1
459 0 -64 0
460 0 -64 0
461 1 63 1
462 1 63 1
463 0 -64 0
464 0 -64 0
465 1 63 1
466 0 -64 0
467 0 -64 0
468 1 63 1
469 1 63 1
470 0 -64 0
471 0 -64 0
472 1 63 1
473 0 -64 0
474 1 63 1
475 1 63 1
476 0 -64 0
477 1 63 1
478 1 63 1
479 1 63 1
480 1 63 1
481 0 -64 0
482 1 63 1
483 0 -64 0
484 0 -64 0
485 0 -64 0
486 1 63 1
487 1 63 1
488 0 -64 0
489 1 63 1
490 1 63 1
491 1 63 1
492 0 -64 0
493 1 63 1
494 1 63 1
495 1 63 1
496 0 -64 0
497 0 -64 0
498 1 63 1
499 1 63 1
500 1 63 1
501 0 -64 0
502 0 -64 0
503 1 63 1
504 0 -64 0
505 1 63 1
506 1 63 1
507 1 63 1
508 0 -64 0
509 0 -64 0
510 1 63 1
511 0 -64 0
512 1 63 1
513 0 -64 0
514 1 63 1
515 1 63 1
516 0 -64 0
517 0 -64 0
518 1 63 1
519 1 63 1
520 1 63 1
521 1 63 1
522 0 -64 0
523 1 63 1
524 1 63 1
525 0 -64 0
526 0 -64 0
527 1 63 1
528 1 63 1
529 1 63 1
530 0 -64 0
531 1 63 1
532 1 63 1
533 0 -64 0
534 0 -64 0
535 0 -64 0
536 1 63 1
537 0 -64 0
538 1 63 1
539 0 -64 0
540 1 63 1
541 0 -64 0
542 0 -64 0
543 0 -64 0
544 1 63 1
545 1 63 1
546 1 63 1
547 1 63 1
548 0 -64 0
549 1 63 1
550 0 -64 0
551 0 -64 0
552 0 -64 0
553 0 -64 0
554 1 63 1
555 0 -64 0
556 1 63 1
557 1 63 1
558 0 -64 0
559 0 -64 0
560 1 63 1
561 1 63 1
562 1 63 1
563 0 -64 0
564 1 63 1
565 1 63 1
566 0 -64 0
567 1 63 1
568 0 -64 0
569 0 -64 0
570 0 -64 0
571 0 -64 0
572 0 -64 0
573 1 63 1
574 1 63 1
575 1 63 1
576 0 -64 0
577 0 -64 0
578 1 63 1
579 1 63 1
580 0 -64 0
581 0 -64 0
582 0 -64 0
583 1 63 1
584 1 63 1
585 0 -64 0
586 0 -64 0
587 1 63 1
588 1 63 1
589 0 -64 0
590 0 -64 0
591 0 -64 0
592 1 63 1
593 0 -64 0
594 0 -64 0
595 0 -64 0
596 0 -64 0
597 1 63 1
598 0 -64 0
599 1 63 1
600 0 -64 0
601 1 63 1
602 1 63 1
603 0 -64 0
604 1 63 1
605 0 -64 0
606 0 -64 0
607 0 -64 0
608 0 -64 0
609 1 63 1
610 0 -64 0
611 0 -64 0
612 1 63 1
613 0 -64 0
614 1 63 1
615 1 63 1
616 1 63 1
617 0 -64 0
618 1 63 1
619 0 -64 0
620 1 63 1
621 1 63 1
622 1 63 1
623 0 -64 0
624 1 63 1
625 0 -64 0
626 0 -64 0
627 0 -64 0
628 0 -64 0
629 0 -64 0
630 1 63 1
631 1 63 1
632 0 -64 0
633 0 -64 0
634 0 -64 0
635 1 63 1
636 0 -64 0
637 1 63 1
638 0 -64 0
639 1 63 1
640 0 -64 0
641 0 -64 0
642 0 -64 0
643 1 63 1
644 1 63 1
645 1 63 1
646 1 63 1
647 1 63 1
648 1 63 1
649 0 -64 0
650 1 63 1
651 0 -64 0
652 0 -64 0
653 1 63 1
654 0 -64 0
655 1 63 1
656 0 -64 0
657 0 -64 0
658 1 63 1
659 0 -64 0
660 0 -64 0
661 1 63 1
662 0 -64 0
663 0 -64 0
664 0 -64 0
665 1 63 1
666 1 63 1
667 0 -64 0
668 0 -64 0
669 0 -64 0
670 1 63 1
671 1 63 1
672 0 -64 0
673 0 -64 0
674 1 63 1
675 0 -64 0
676 0 -64 0
677 0 -64 0
678 0 -64 0
679 1 63 1
680 0 -64 0
681 0 -64 0
682 1 63 1
683 1 63 1
684 1 63 1
685 1 63 1
686 0 -64 0
687 0 -64 0
688 1 63 1
689 1 63 1
690 1 63 1
691 0 -64 0
692 0 -64 0
693 1 63 1
694 1 63 1
695 0 -64 0
696 0 -64 0
697 0 -64 0
698 1 63 1
699 1 63 1
700 1 63 1
701 1 63 1
702 1 63 1
703 0 -64 0
704 0 -64 0
705 1 63 1
706 0 -64 0
707 0 -64 0
708 0 -64 0
709 0 -64 0
710 1 63 1
711 0 -64 0
712 0 -64 0
713 0 -64 0
714 1 63 1
715 0 -64 0
716 1 63 1
717 0 -64 0
718 0 -64 0
719 0 -64 0
720 0 -64 0
721 0 -64 0
722 0 -64 0
723 0 -64 0
724 1 63 1
725 0 -64 0
726 0 -64 0
727 1 63 1
728 0 -64 0
729 1 63 1
730 0 -64 0
731 0 -64 0
732 0 -64 0
733 1 63 1
734 1 63 1
735 1 63 1
736 1 63 1
737 0 -64 0
738 1 63 1
739 1 63 1
740 0 -64 0
741 0 -64 0
742 1 63 1
743 0 -64 0
744 1 63 1
745 0 -64 0
746 0 -64 0
747 1 63 1
748 1 63 1
749 0 -64 0
750 1 63 1
751 1 63 1
752 1 63 1
753 0 -64 0
754 0 -64 0
755 0 -64 0
756 0 -64 0
757 0 -64 0
758 1 63 1
759 0 -64 0
760 0 -64 0
761 1 63 1
762 1 63 1
763 0 -64 0
764 0 -64 0
765 0 63 1
766 1 63 1
767 1 63 1
768 0 -64 0
769 0 63 1
770 0 63 1
771 0 59 1
772 1 63 1
773 1 63 1
774 1 63 1
775 1 63 1
776 0 -64 0
777 1 63 1
778 0 59 1
779 1 63 1
780 0 -64 0
781 1 63 1
782 1 63 1
783 1 63 1
784 0 -64 0
785 1 63 1
786 1 63 1
787 0 -64 0
788 0 -64 0
789 1 63 1
790 1 63 1
791 1 63 1
792 0 -64 0
793 0 -64 0
794 0 -61 0
795 1 52 1
796 1 53 1
797 0 -45 0
798 0 -39 0
799 0 -46 0
800 1 40 1
801 1 -13 0
802 1 32 1
803 0 22 1
804 0 -52 0
805 0 -44 0
806 0 -42 0
807 1 43 1
808 1 63 1
809 1 52 1
810 1 50 1
811 0 -64 0
812 0 -64 0
813 0 -64 0
814 1 63 1
815 1 63 1
816 0 -64 0
817 0 -62 0
818 1 63 1
819 0 -64 0
820 0 -64 0
821 0 -64 0
822 1 63 1
823 1 63 1
824 0 -64 0
825 1 63 1
826 0 -64 0
827 0 -64 0
828 1 63 1
829 1 63 1
830 1 63 1
831 0 -64 0
832 1 63 1
833 0 -64 0
834 0 -64 0
835 0 -64 0
836 1 63 1
837 1 63 1
838 0 -64 0
839 1 63 1
840 0 -64 0
841 0 -64 0
842 1 63 1
843 0 -64 0
844 1 63 1
845 1 63 1
846 0 -64 0
847 1 63 1
848 1 63 1
849 0 -64 0
850 1 63 1
851 0 -64 0
852 1 63 1
853 0 -64 0
854 1 63 1
855 0 -64 0
856 0 -64 0
857 0 -64 0
858 0 -64 0
859 0 -64 0
860 1 63 1
861 1 63 1
862 0 -64 0
863 1 63 1
864 1 63 1
865 0 -64 0
866 1 63 1
867 0 -64 0
868 1 63 1
869 0 -64 0
870 0 -64 0
871 0 -64 0
872 0 -64 0
873 1 63 1
874 1 63 1
875 0 -64 0
876 1 63 1
877 0 -64 0
878 0 -64 0
879 1 63 1
880 0 -64 0
881 1 63 1
882 0 -64 0
883 0 -64 0
884 1 63 1
885 0 -64 0
886 0 -64 0
887 1 63 1
888 1 63 1
889 0 -64 0
890 0 -64 0
891 1 63 1
892 1 63 1
893 0 -64 0
894 0 -64 0
895 0 -64 0
896 0 -64 0
897 0 -64 0
898 1 63 1
899 0 -64 0
900 1 63 1
901 0 -64 0
902 1 63 1
903 1 63 1
904 0 -64 0
905 0 -64 0
906 0 -64 0
907 1 63 1
908 1 63 1
909 0 -64 0
910 0 -64 0
911 1 63 1
912 0 -64 0
913 0 -64 0
914 1 63 1
915 0 -64 0
916 1 63 1
917 1 63 1
918 1 63 1
919 0 -64 0
920 0 -64 0
921 0 -64 0
922 0 -64 0
923 0 -64 0
924 1 63 1
925 0 -64 0
926 0 -64 0
927 0 -64 0
928 1 63 1
929 0 -64 0
930 1 63 1
931 1 63 1
932 1 63 1
933 0 -64 0
934 0 -64 0
935 1 63 1
936 0 -64 0
937 1 63 1
938 1 63 1
939 0 -64 0
940 0 -64 0
941 0 -64 0
942 1 63 1
943 1 63 1
944 0 -64 0
945 0 -64 0
946 0 -64 0
947 0 -64 0
948 0 -64 0
949 1 63 1
950 1 63 1
951 0 -64 0
952 1 63 1
953 0 -64 0
954 0 -64 0
955 1 63 1
956 1 63 1
957 0 -64 0
958 1 63 1
959 0 -64 0
960 1 63 1
961 1 63 1
962 1 63 1
963 0 -64 0
964 1 63 1
965 0 -64 0
966 1 63 1
967 0 -64 0
968 1 63 1
969 1 63 1
970 1 63 1
971 0 -64 0
972 1 63 1
973 0 -64 0
974 0 -64 0
975 1 63 1
976 1 63 1
977 1 63 1
978 1 63 1
979 1 63 1
980 0 -64 0
981 0 -64 0
982 0 -64 0
983 1 63 1
984 1 63 1
985 1 63 1
986 1 63 1
987 0 -64 0
988 1 63 1
989 1 63 1
990 0 -64 0
991 0 -64 0
992 0 -64 0
993 1 63 1
994 1 63 1
995 0 -64 0
996 1 63 1
997 1 63 1
998 1 63 1
999 0 -64 0
1000 1 63 1
1001 0 -64 0
1002 1 63 1
1003 1 63 1
1004 1 63 1
1005 0 -64 0
1006 0 -64 0
1007 0 -64 0
1008 1 63 1
1009 0 -64 0
1010 1 63 1
1011 1 63 1
1012 1 63 1
1013 1 63 1
1014 1 63 1
1015 0 -64 0
1016 1 63 1
1017 0 -64 0
1018 0 -64 0
1019 1 63 1
1020 1 63 1
1021 1 63 1
1022 1 63 1
1023 1 63 1
1024 0 -64 0
1025 1 63 1
1026 1 63 1
1027 1 63 1
1028 0 -64 0
1029 0 -64 0
1030 0 -64 0
1031 1 63 1
1032 1 63 1
1033 1 63 1
1034 0 -64 0
1035 0 -64 0
1036 0 -64 0
1037 0 -64 0
1038 1 63 1
1039 0 -64 0
1040 1 63 1
1041 1 63 1
1042 0 -64 0
1043 0 -64 0
1044 1 63 1
1045 0 -64 0
1046 0 -64 0
1047 1 63 1
1048 0 -64 0
1049 1 63 1
1050 1 63 1
1051 1 63 1
1052 0 -64 0
1053 0 -64 0
1054 0 -64 0
1055 1 63 1
1056 1 63 1
1057 0 -64 0
1058 0 -64 0
1059 1 63 1
1060 0 -64 0
1061 1 63 1
1062 1 63 1
1063 0 -64 0
1064 0 -64 0
1065 0 -64 0
1066 0 -64 0
1067 0 -64 0
1068 0 -64 0
1069 1 63 1
1070 1 63 1
1071 0 -64 0
1072 0 -64 0
1073 0 -64 0
1074 0 -64 0
1075 1 63 1
1076 1 63 1
1077 0 -64 0
1078 0 -64 0
1079 0 -64 0
1080 1 63 1
1081 0 -64 0
1082 1 63 1
1083 1 63 1
1084 1 63 1
1085 1 63 1
1086 0 -64 0
1087 0 -64 0
1088 1 63 1
1089 0 -64 0
1090 0 -64 0
1091 1 63 1
1092 1 63 1
1093 0 -64 0
1094 0 -64 0
1095 1 63 1
1096 1 63 1
1097 1 63 1
1098 1 63 1
1099 1 63 1
1100 1 63 1
1101 0 -64 0
1102 0 -64 0
1103 0 -64 0
1104 0 -64 0
1105 0 -64 0
1106 1 63 1
1107 0 -64 0
1108 0 -64 0
1109 1 63 1
1110 0 -64 0
1111 1 63 1
1112 1 63 1
1113 1 63 1
1114 1 63 1
1115 0 -64 0
1116 0 -64 0
1117 0 -64 0
1118 0 -64 0
1119 0 -64 0
1120 0 -64 0
1121 1 63 1
1122 1 63 1
1123 1 63 1
1124 0 -64 0
1125 1 63 1
1126 1 63 1
1127 1 63 1
1128 0 -64 0
1129 0 -64 0
1130 1 63 1
1131 1 63 1
1132 1 63 1
1133 0 -64 0
1134 0 -64 0
1135 0 -64 0
1136 1 63 1
1137 0 -64 0
1138 0 -64 0
1139 1 63 1
1140 1 63 1
1141 0 -64 0
1142 1 63 1
1143 1 63 1
1144 0 -64 0
1145 0 -64 0
1146 0 -64 0
1147 1 63 1
1148 0 -64 0
1149 1 63 1
1150 0 -64 0
1151 1 63 1
1152 0 -64 0
1153 1 63 1
1154 0 -64 0
1155 0 -64 0
1156 1 63 1
1157 0 -64 0
1158 1 63 1
1159 1 63 1
1160 1 63 1
1161 0 -64 0
1162 0 -64 0
1163 1 63 1
1164 0 -64 0
1165 1 63 1
1166 0 -64 0
1167 1 63 1
1168 1 63 1
1169 1 63 1
1170 0 -64 0
1171 1 63 1
1172 0 -64 0
1173 1 63 1
1174 0 -64 0
1175 1 63 1
1176 0 -64 0
1177 0 -64 0
1178 0 -64 0
1179 1 63 1
1180 1 63 1
1181 1 63 1
1182 0 -64 0
1183 0 -64 0
1184 1 63 1
1185 1 63 1
1186 0 -64 0
1187 1 63 1
1188 1 63 1
1189 1 63 1
1190 0 -64 0
1191 0 -57 0
1192 0 -57 0
1193 0 -30 0
1194 0 -53 0
1195 0 -51 0
1196 1 20 1
1197 0 -64 0
1198 0 8 1
1199 1 54 1
1200 1 39 1
1201 0 29 1
1202 0 -37 0
1203 0 -43 0
1204 0 -57 0
1205 0 -64 0
1206 0 -62 0
1207 1 62 1
1208 0 -64 0
1209 1 63 1
1210 0 -64 0
1211 1 63 1
1212 0 -63 0
1213 1 63 1
1214 1 63 1
1215 0 -64 0
1216 0 -64 0
1217 0 -64 0
1218 1 63 1
1219 0 -64 0
1220 0 -64 0
1221 0 -64 0
1222 0 -64 0
1223 0 -64 0
1224 0 -64 0
1225 1 63 1
1226 1 63 1
1227 1 63 1
1228 1 63 1
1229 1 63 1
1230 1 63 1
1231 0 -64 0
1232 0 -64 0
1233 0 -64 0
1234 1 63 1
1235 0 -64 0
1236 0 -64 0
1237 0 -64 0
1238 0 -64 0
1239 0 -64 0
1240 1 63 1
1241 0 -64 0
1242 0 -64 0
1243 1 63 1
1244 1 63 1
1245 0 -64 0
1246 0 -64 0
1247 0 -64 0
1248 1 63 1
1249 1 63 1
1250 0 -64 0
1251 0 -64 0
1252 1 63 1
1253 1 63 1
1254 1 63 1
1255 1 63 1
1256 1 63 1
1257 1 63 1
1258 1 63 1
1259 1 63 1
1260 1 63 1
1261 0 -64 0
1262 1 63 1
1263 1 63 1
1264 1 63 1
1265 0 -64 0
1266 0 -64 0
1267 0 -64 0
1268 1 63 1
1269 0 -64 0
1270 1 63 1
1271 0 -64 0
1272 1 63 1
1273 1 63 1
1274 1 63 1
1275 1 63 1
1276 1 63 1
1277 1 63 1
1278 1 63 1
1279 0 -64 0
1280 1 63 1
1281 1 63 1
1282 0 -64 0
1283 1 63 1
1284 1 63 1
1285 0 -64 0
1286 0 -64 0
1287 1 63 1
1288 1 63 1
1289 0 -64 0
1290 0 -64 0
1291 1 63 1
1292 1 63 1
1293 1 63 1
1294 1 63 1
1295 0 -64 0
1296 0 -64 0
1297 0 -64 0
1298 0 -64 0
1299 1 63 1
1300 0 -64 0
1301 0 -64 0
1302 1 63 1
1303 0 -64 0
1304 0 -64 0
1305 0 -64 0
1306 1 63 1
1307 1 63 1
1308 1 63 1
1309 1 63 1
1310 1 63 1
1311 1 63 1
1312 0 -64 0
1313 0 -64 0
1314 1 63 1
1315 0 -64 0
1316 0 -64 0
1317 0 -64 0
1318 0 -64 0
1319 0 -64 0
1320 0 -64 0
1321 1 63 1
1322 1 63 1
1323 1 63 1
1324 1 63 1
1325 1 63 1
1326 0 -64 0
1327 0 -64 0
1328 1 63 1
1329 0 -64 0
1330 1 63 1
1331 0 -64 0
1332 0 -64 0
1333 0 -64 0
1334 1 63 1
1335 1 63 1
1336 0 -64 0
1337 0 -64 0
1338 0 -64 0
1339 0 -64 0
1340 0 -64 0
1341 1 63 1
1342 1 63 1
1343 0 -64 0
1344 0 -64 0
1345 0 -64 0
1346 1 63 1
1347 0 -64 0
1348 1 63 1
1349 1 63 1
1350 0 -64 0
1351 0 -64 0
1352 0 -64 0
1353 0 -64 0
1354 0 -64 0
1355 0 -64 0
1356 1 63 1
1357 0 -64 0
1358 1 63 1
1359 0 -64 0
1360 1 63 1
1361 0 -64 0
1362 1 63 1
1363 1 63 1
1364 1 63 1
1365 1 63 1
1366 1 63 1
1367 0 -64 0
1368 1 63 1
1369 0 -64 0
1370 0 -64 0
1371 0 -64 0
1372 0 -64 0
1373 1 63 1
1374 0 -64 0
1375 1 63 1
1376 0 -64 0
1377 0 -64 0
1378 1 63 1
1379 1 63 1
1380 1 63 1
1381 0 -64 0
1382 1 63 1
1383 0 -64 0
1384 0 -64 0
1385 1 63 1
1386 0 -64 0
1387 1 63 1
1388 1 63 1
1389 0 -64 0
1390 0 -64 0
1391 1 63 1
1392 1 63 1
1393 0 -64 0
1394 1 63 1
1395 0 -64 0
1396 0 -64 0
1397 0 -64 0
1398 0 -64 0
1399 0 -64 0
1400 0 -64 0
1401 0 -64 0
1402 1 63 1
1403 0 -64 0
1404 1 63 1
1405 1 63 1
1406 0 -64 0
1407 1 63 1
1408 0 -64 0
1409 0 -64 0
1410 0 -64 0
1411 0 -64 0
1412 1 63 1
1413 1 63 1
1414 0 -64 0
1415 0 -64 0
1416 1 63 1
1417 0 -64 0
1418 0 -64 0
1419 1 63 1
1420 1 63 1
1421 0 -64 0
1422 0 -64 0
1423 0 -64 0
1424 0 -64 0
1425 0 -64 0
1426 1 63 1
1427 0 -64 0
1428 0 -64 0
1429 0 -64 0
1430 0 -64 0
1431 0 -64 0
1432 0 -64 0
1433 0 -64 0
1434 1 63 1
1435 1 63 1
1436 1 63 1
1437 0 -64 0
1438 1 63 1
1439 0 -64 0
1440 0 -64 0
1441 0 -64 0
1442 1 63 1
1443 0 -64 0
1444 0 -64 0
1445 0 -64 0
1446 1 63 1
1447 1 63 1
1448 0 -64 0
1449 0 -64 0
1450 1 63 1
1451 0 -64 0
1452 1 63 1
1453 1 63 1
1454 0 -64 0
1455 1 63 1
1456 0 -64 0
1457 1 63 1
1458 0 -64 0
1459 0 -64 0
1460 1 63 1
1461 0 -64 0
1462 0 -64 0
1463 0 -64 0
1464 1 63 1
1465 1 63 1
1466 1 63 1
1467 0 -64 0
1468 0 -64 0
1469 1 63 1
1470 1 63 1
1471 0 -64 0
1472 0 -64 0
1473 0 -64 0
1474 1 63 1
1475 1 63 1
1476 1 63 1
1477 0 -64 0
1478 1 63 1
1479 0 -64 0
1480 0 -64 0
1481 1 63 1
1482 1 63 1
1483 1 63 1
1484 0 -64 0
1485 1 63 1
1486 0 -64 0
1487 1 63 1
1488 1 63 1
1489 0 -64 0
1490 1 63 1
1491 1 63 1
1492 0 -64 0
1493 1 63 1
1494 1 63 1
1495 0 -64 0
1496 0 -64 0
1497 1 63 1
1498 1 63 1
1499 1 63 1
1500 1 63 1
1501 0 -64 0
1502 1 63 1
1503 0 -64 0
1504 0 -64 0
1505 1 63 1
1506 0 -64 0
1507 1 63 1
1508 0 -64 0
1509 0 -64 0
1510 1 63 1
1511 1 63 1
1512 1 63 1
1513 1 63 1
1514 0 -64 0
1515 0 -64 0
1516 1 63 1
1517 0 -64 0
1518 0 -64 0
1519 0 -64 0
1520 1 63 1
1521 1 63 1
1522 0 -64 0
1523 0 -64 0
1524 0 -64 0
1525 1 63 1
1526 0 -64 0
1527 1 63 1
1528 0 -64 0
1529 1 63 1
1530 1 63 1
1531 1 63 1
1532 1 63 1
1533 0 -64 0
1534 1 63 1
1535 1 63 1
1536 1 63 1
1537 0 -64 0
1538 1 63 1
1539 0 -64 0
1540 0 -64 0
1541 1 63 1
1542 1 63 1
1543 0 -64 0
1544 1 63 1
1545 0 -64 0
1546 1 63 1
1547 1 63 1
1548 0 -64 0
1549 1 63 1
1550 0 -64 0
1551 0 -64 0
1552 1 63 1
1553 0 -64 0
1554 0 -64 0
1555 0 -64 0
1556 0 -64 0
1557 0 -64 0
1558 0 -64 0
1559 1 63 1
1560 0 -64 0
1561 0 -64 0
1562 1 63 1
1563 0 -64 0
1564 1 63 1
1565 1 63 1
1566 1 63 1
1567 0 -64 0
1568 1 63 1
1569 0 -64 0
1570 1 63 1
1571 1 63 1
1572 1 63 1
1573 0 -64 0
1574 0 -64 0
1575 1 63 1
1576 0 -64 0
1577 0 -64 0
1578 1 63 1
1579 1 63 1
1580 0 -64 0
1581 1 63 1
1582 0 -64 0
1583 0 -64 0
1584 1 63 1
1585 1 63 1
1586 0 -64 0
1587 0 -64 0
1588 1 57 1
1589 1 63 1
1590 1 62 1
1591 0 -64 0
1592 1 63 1
1593 0 -39 0
1594 0 5 1
1595 1 -43 0
1596 0 -59 0
1597 1 -42 0
1598 1 42 1
1599 1 25 1
1600 0 -38 0
1601 0 -44 0
1602 0 -64 0
1603 0 -61 0
1604 0 -64 0
1605 0 -64 0
1606 0 -64 0
1607 1 61 1
1608 0 -64 0
1609 1 63 1
1610 0 -64 0
1611 1 63 1
1612 1 63 1
1613 0 -64 0
1614 1 63 1
1615 1 63 1
1616 0 -64 0
1617 1 63 1
1618 1 63 1
1619 1 63 1
1620 0 -64 0
1621 1 63 1
1622 1 63 1
1623 0 -64 0
1624 1 63 1
1625 1 63 1
1626 0 -64 0
1627 0 -64 0
1628 0 -64 0
1629 0 -64 0
1630 0 -64 0
1631 0 -64 0
1632 1 63 1
1633 0 -64 0
1634 0 -64 0
1635 0 -64 0
1636 1 63 1
1637 0 -64 0
1638 0 -64 0
1639 0 -64 0
1640 1 63 1
1641 0 -64 0
1642 1 63 1
1643 1 63 1
1644 1 63 1
1645 1 63 1
1646 1 63 1
1647 1 63 1
1648 1 63 1
1649 0 -64 0
1650 1 63 1
1651 1 63 1
1652 0 -64 0
1653 1 63 1
1654 0 -64 0
1655 0 -64 0
1656 0 -64 0
1657 1 63 1
1658 0 -64 0
1659 1 63 1
1660 0 -64 0
1661 1 63 1
1662 0 -64 0
1663 1 63 1
1664 1 63 1
1665 0 -64 0
1666 0 -64 0
1667 1 63 1
1668 1 63 1
1669 1 63 1
1670 0 -64 0
1671 0 -64 0
1672 1 63 1
1673 1 63 1
1674 0 -64 0
1675 1 63 1
1676 0 -64 0
1677 1 63 1
1678 1 63 1
1679 1 63 1
1680 0 -64 0
1681 1 63 1
1682 1 63 1
1683 0 -64 0
1684 0 -64 0
1685 0 -64 0
1686 0 -64 0
1687 1 63 1
1688 1 63 1
1689 0 -64 0
1690 0 -64 0
1691 1 63 1
1692 1 63 1
1693 1 63 1
1694 1 63 1
1695 1 63 1
1696 0 -64 0
1697 1 63 1
1698 0 -64 0
1699 0 -64 0
1700 0 -64 0
1701 1 63 1
1702 0 -64 0
1703 1 63 1
1704 0 -64 0
1705 1 63 1
1706 0 -64 0
1707 1 63 1
1708 1 63 1
1709 1 63 1
1710 1 63 1
1711 1 63 1
1712 1 63 1
1713 1 63 1
1714 1 63 1
1715 0 -64 0
1716 1 63 1
1717 0 -64 0
1718 1 63 1
1719 1 63 1
1720 1 63 1
1721 1 63 1
1722 1 63 1
1723 0 -64 0
1724 1 63 1
1725 0 -64 0
1726 1 63 1
1727 1 63 1
1728 0 -64 0
1729 0 -64 0
1730 1 63 1
1731 1 63 1
1732 1 63 1
1733 0 -64 0
1734 1 63 1
1735 1 63 1
1736 0 -64 0
1737 1 63 1
1738 1 63 1
1739 0 -64 0
1740 1 63 1
1741 0 -64 0
1742 1 63 1
1743 1 63 1
1744 1 63 1
1745 1 63 1
1746 1 63 1
1747 1 63 1
1748 0 -64 0
1749 0 -64 0
1750 0 -64 0
1751 1 63 1
1752 0 -64 0
1753 1 63 1
1754 1 63 1
1755 1 63 1
1756 0 -64 0
1757 1 63 1
1758 0 -64 0
1759 0 -64 0
1760 1 63 1
1761 1 63 1
1762 1 63 1
1763 0 -64 0
1764 1 63 1
1765 1 63 1
1766 0 -64 0
1767 1 63 1
1768 1 63 1
1769 0 -64 0
1770 0 -64 0
1771 1 63 1
1772 0 -64 0
1773 0 -64 0
1774 1 63 1
1775 0 -64 0
1776 1 63 1
1777 0 -64 0
1778 0 -64 0
1779 1 63 1
1780 0 -64 0
1781 0 -64 0
1782 1 63 1
1783 0 -64 0
1784 1 63 1
1785 0 -64 0
1786 0 -64 0
1787 1 63 1
1788 1 63 1
1789 1 63 1
1790 0 -64 0
1791 0 -64 0
1792 1 63 1
1793 1 63 1
1794 1 63 1
1795 0 -64 0
1796 0 -64 0
1797 1 63 1
1798 1 63 1
1799 0 -64 0
1800 0 -64 0
1801 0 -64 0
1802 0 -64 0
1803 1 63 1
1804 1 63 1
1805 0 -64 0
1806 1 63 1
1807 1 63 1
1808 0 -64 0
1809 0 -64 0
1810 1 63 1
1811 1 63 1
1812 0 -64 0
1813 0 -64 0
1814 0 -64 0
1815 0 -64 0
1816 0 -64 0
1817 0 -64 0
1818 0 -64 0
1819 0 -64 0
1820 0 -64 0
1821 1 63 1
1822 1 63 1
1823 0 -64 0
1824 0 -64 0
1825 0 -64 0
1826 1 63 1
1827 1 63 1
1828 1 63 1
1829 0 -59 0
1830 0 -64 0
1831 1 63 1
1832 1 63 1
1833 0 -64 0
1834 1 63 1
1835 1 63 1
1836 0 -59 0
1837 1 63 1
1838 0 -64 0
1839 0 -64 0
1840 0 -64 0
1841 1 63 1
1842 1 63 1
1843 1 63 1
1844 0 -64 0
1845 0 -64 0
1846 0 -64 0
1847 0 -64 0
1848 1 63 1
1849 0 -64 0
1850 0 -64 0
1851 0 -64 0
1852 0 -64 0
1853 1 63 1
1854 0 -64 0
1855 0 -64 0
1856 0 -64 0
1857 1 63 1
1858 0 -64 0
1859 0 -64 0
1860 0 -64 0
1861 0 -64 0
1862 1 63 1
1863 0 -64 0
1864 0 -64 0
1865 1 63 1
1866 0 -64 0
1867 0 -64 0
1868 1 63 1
1869 1 63 1
1870 0 -64 0
1871 0 -64 0
1872 0 -64 0
1873 1 63 1
1874 1 63 1
1875 0 -64 0
1876 1 63 1
1877 1 63 1
1878 1 63 1
1879 1 63 1
1880 1 63 1
1881 0 -64 0
1882 1 63 1
1883 1 63 1
1884 1 63 1
1885 0 -64 0
1886 0 -64 0
1887 1 63 1
1888 1 63 1
1889 1 63 1
1890 1 63 1
1891 0 -64 0
1892 1 63 1
1893 0 -64 0
1894 0 -64 0
1895 0 -64 0
1896 1 63 1
1897 0 -64 0
1898 0 -64 0
1899 0 -64 0
1900 1 63 1
1901 0 -64 0
1902 1 63 1
1903 0 -64 0
1904 0 -64 0
1905 1 63 1
1906 0 -64 0
1907 1 63 1
1908 0 -64 0
1909 0 -64 0
1910 0 -64 0
1911 1 63 1
1912 0 -64 0
1913 1 63 1
1914 1 63 1
1915 0 -64 0
1916 0 -64 0
1917 0 -64 0
1918 1 63 1
1919 0 -64 0
1920 1 63 1
1921 1 63 1
1922 0 -64 0
1923 1 63 1
1924 1 63 1
1925 1 63 1
1926 1 63 1
1927 1 63 1
1928 0 -64 0
1929 1 63 1
1930 0 -64 0
1931 0 -64 0
1932 0 -64 0
1933 0 -64 0
1934 0 -64 0
1935 1 63 1
1936 0 -64 0
1937 0 -64 0
1938 0 -64 0
1939 0 -64 0
1940 1 63 1
1941 1 63 1
1942 0 -64 0
1943 0 -64 0
1944 0 -64 0
1945 1 63 1
1946 0 -64 0
1947 1 63 1
1948 1 63 1
1949 1 63 1
1950 0 -64 0
1951 0 -64 0
1952 0 -64 0
1953 0 -64 0
1954 0 -64 0
1955 1 63 1
1956 1 63 1
1957 1 63 1
1958 0 -64 0
1959 0 -64 0
1960 0 -64 0
1961 1 63 1
1962 0 -64 0
1963 0 -64 0
1964 0 -64 0
1965 1 63 1
1966 0 -64 0
1967 1 63 1
1968 0 -64 0
1969 0 -64 0
1970 1 63 1
1971 1 63 1
1972 0 -64 0
1973 0 -64 0
1974 0 -64 0
1975 0 -64 0
1976 1 63 1
1977 1 63 1
1978 0 -64 0
1979 1 63 1
1980 1 63 1
1981 1 63 1
1982 1 63 1
1983 1 63 1
1984 1 63 1
1985 0 -64 0
1986 1 63 1
1987 0 -64 0
1988 1 63 1
1989 1 63 1
1990 0 -64 0
1991 0 -64 0
1992 1 63 1
1993 0 -60 0
1994 1 63 1
1995 0 -52 0
1996 0 -53 0
1997 0 -50 0
1998 1 45 1
1999 0 -48 0
2000 1 39 1
2001 1 40 1
2002 0 -59 0
2003 1 51 1
2004 1 55 1
2005 1 63 1
2006 0 -64 0
2007 1 58 1
2008 1 63 1
2009 1 63 1
2010 0 -64 0
2011 0 -64 0
2012 1 63 1
2013 1 63 1
2014 1 63 1
2015 0 -64 0
2016 0 -64 0
2017 1 63 1
2018 1 63 1
2019 0 -64 0
2020 0 -64 0
2021 0 -64 0
2022 1 63 1
2023 1 63 1
2024 1 63 1
2025 0 -64 0
2026 0 -64 0
2027 0 -64 0
2028 1 63 1
2029 0 -64 0
2030 0 -64 0
2031 0 -64 0
2032 1 63 1
2033 0 -64 0
2034 1 63 1
2035 0 -64 0
2036 0 -64 0
2037 1 63 1
2038 1 63 1
2039 0 -64 0
2040 0 -64 0
2041 1 63 1
2042 0 -64 0
2043 1 63 1
2044 1 63 1
2045 0 -64 0
2046 1 63 1
2047 1 63 1
2048 1 63 1
2049 1 63 1
2050 1 63 1
2051 1 63 1
2052 1 63 1
2053 1 63 1
2054 0 -64 0
2055 1 63 1
2056 0 -64 0
2057 0 -64 0
2058 0 -64 0
2059 1 63 1
2060 1 63 1
2061 0 -64 0
2062 0 -64 0
2063 0 -64 0
2064 1 63 1
2065 0 -64 0
2066 1 63 1
2067 0 -64 0
2068 1 63 1
2069 0 -64 0
2070 1 63 1
2071 0 -64 0
2072 0 -64 0
2073 0 -64 0
2074 1 63 1
2075 1 63 1
2076 0 -64 0
2077 1 63 1
2078 0 -64 0
2079 0 -64 0
2080 0 -64 0
2081 0 -64 0
2082 1 63 1
2083 1 63 1
2084 1 63 1
2085 1 63 1
2086 0 -64 0
2087 1 63 1
2088 0 -64 0
2089 0 -64 0
2090 0 -64 0
2091 0 -64 0
2092 1 63 1
2093 1 63 1
2094 0 -64 0
2095 1 63 1
2096 1 63 1
2097 0 -64 0
2098 1 63 1
2099 1 63 1
2100 0 -64 0
2101 1 63 1
2102 0 -64 0
2103 1 63 1
2104 0 -64 0
2105 0 -64 0
2106 1 63 1
2107 0 -64 0
2108 1 63 1
2109 1 63 1
2110 1 63 1
2111 0 -64 0
2112 1 63 1
2113 0 -64 0
2114 0 -64 0
2115 1 63 1
2116 1 63 1
2117 1 63 1
2118 0 -64 0
2119 0 -64 0
2120 1 63 1
2121 0 -64 0
2122 1 63 1
2123 0 -64 0
2124 0 -64 0
2125 0 -64 0
2126 0 -64 0
2127 1 63 1
2128 1 63 1
2129 0 -64 0
2130 1 63 1
2131 1 63 1
2132 0 -64 0
2133 0 -64 0
2134 1 63 1
2135 1 63 1
2136 1 63 1
2137 1 63 1
2138 0 -64 0
2139 0 -64 0
2140 1 63 1
2141 1 63 1
2142 0 -64 0
2143 0 -64 0
2144 1 63 1
2145 1 63 1
2146 0 -64 0
2147 1 63 1
2148 0 -64 0
2149 0 -64 0
2150 0 -64 0
2151 1 63 1
2152 1 63 1
2153 0 -64 0
2154 0 -64 0
2155 1 63 1
2156 0 -64 0
2157 0 -64 0
2158 1 63 1
2159 0 -64 0
2160 0 -64 0
2161 1 63 1
2162 0 -64 0
2163 0 -64 0
2164 1 63 1
2165 0 -64 0
2166 1 63 1
2167 0 -64 0
2168 0 -64 0
2169 1 63 1
2170 1 63 1
2171 0 -64 0
2172 0 -64 0
2173 0 -64 0
2174 0 -64 0
2175 0 -64 0
2176 1 63 1
2177 1 63 1
2178 1 63 1
2179 1 53 1
2180 1 60 1
2181 0 -64 0
2182 1 55 1
2183 1 63 1
2184 0 -64 0
2185 0 -64 0
2186 1 -53 0
2187 0 -64 0
2188 0 -64 0
2189 1 26 1
2190 1 63 1
2191 0 -36 0
2192 0 63 1
2193 0 -64 0
2194 0 -64 0
2195 0 -32 0
2196 1 -26 0
2197 1 62 1
2198 1 -32 0
2199 0 -63 0
2200 1 63 1
2201 0 -64 0
2202 0 -54 0
2203 1 63 1
2204 1 63 1
2205 0 -64 0
2206 1 63 1
2207 1 63 1
2208 1 63 1
2209 0 -64 0
2210 1 63 1
2211 0 -64 0
2212 0 -64 0
2213 0 -64 0
2214 1 63 1
2215 0 -64 0
2216 1 63 1
2217 1 63 1
2218 0 -64 0
2219 0 -64 0
2220 1 63 1
2221 1 63 1
2222 1 63 1
2223 1 63 1
2224 0 -64 0
2225 0 -64 0
2226 1 63 1
2227 1 63 1
2228 0 -64 0
2229 1 63 1
2230 1 63 1
2231 0 -64 0
2232 1 63 1
2233 0 -64 0
2234 1 63 1
2235 1 63 1
2236 1 63 1
2237 0 -64 0
2238 1 63 1
2239 0 -64 0
2240 0 -64 0
2241 1 63 1
2242 0 -64 0
2243 0 -64 0
2244 0 -64 0
2245 1 63 1
2246 0 -64 0
2247 1 63 1
2248 0 -64 0
2249 0 -64 0
2250 0 -64 0
2251 1 63 1
2252 1 63 1
2253 0 -64 0
2254 1 63 1
2255 0 -64 0
2256 1 63 1
2257 0 -64 0
2258 0 -64 0
2259 1 63 1
2260 0 -64 0
2261 1 63 1
2262 1 63 1
2263 1 63 1
2264 1 63 1
2265 0 -64 0
2266 1 63 1
2267 0 -64 0
2268 0 -64 0
2269 1 63 1
2270 1 63 1
2271 0 -64 0
2272 0 -64 0
2273 0 -64 0
2274 1 63 1
2275 1 63 1
2276 0 -64 0
2277 0 -64 0
2278 1 63 1
2279 1 63 1
2280 0 -64 0
2281 1 63 1
2282 1 63 1
2283 0 -64 0
2284 1 63 1
2285 1 63 1
2286 0 -64 0
2287 0 -64 0
2288 1 63 1
2289 1 63 1
2290 0 -64 0
2291 0 -64 0
2292 1 63 1
2293 0 -64 0
2294 1 63 1
2295 1 63 1
2296 1 63 1
2297 0 -64 0
2298 1 63 1
2299 1 63 1
2300 0 -64 0
2301 0 -64 0
2302 0 -64 0
2303 1 63 1
2304 1 63 1
2305 0 -64 0
2306 0 -64 0
2307 0 -64 0
2308 1 63 1
2309 1 63 1
2310 0 -64 0
2311 0 -64 0
2312 1 63 1
2313 0 -64 0
2314 0 -64 0
2315 1 63 1
2316 0 -64 0
2317 1 63 1
2318 1 63 1
2319 1 63 1
2320 0 -64 0
2321 0 -64 0
2322 1 63 1
2323 1 63 1
2324 0 -64 0
2325 1 63 1
2326 0 -64 0
2327 1 63 1
2328 0 -64 0
2329 0 -64 0
2330 1 63 1
2331 0 -64 0
2332 1 63 1
2333 0 -64 0
2334 0 -64 0
2335 1 63 1
2336 0 -64 0
2337 0 -64 0
2338 1 63 1
2339 0 -64 0
2340 1 63 1
2341 1 63 1
2342 0 -64 0
2343 0 -64 0
2344 1 63 1
2345 0 -64 0
2346 1 63 1
2347 0 -64 0
2348 0 -64 0
2349 1 63 1
2350 1 63 1
2351 0 -64 0
2352 1 63 1
2353 1 63 1
2354 1 63 1
2355 0 -64 0
2356 1 63 1
2357 0 -64 0
2358 0 -64 0
2359 0 -64 0
2360 0 -64 0
2361 1 63 1
2362 0 -64 0
2363 1 63 1
2364 0 -64 0
2365 1 63 1
2366 0 -64 0
2367 0 -64 0
2368 0 -64 0
2369 1 63 1
2370 0 -64 0
2371 0 -64 0
2372 1 63 1
2373 1 63 1
2374 0 -64 0
2375 0 -64 0
2376 0 -64 0
2377 1 63 1
2378 1 63 1
2379 0 -64 0
2380 0 -64 0
2381 0 -64 0
2382 0 -64 0
2383 0 -64 0
2384 0 -64 0
2385 1 63 1
2386 0 -64 0
2387 1 63 1
2388 0 -64 0
2389 0 -64 0
2390 1 63 1
2391 1 63 1
2392 0 -64 0
2393 1 63 1
2394 1 48 1
2395 0 -64 0
2396 0 -58 0
2397 0 -52 0
2398 1 49 1
2399 1 40 1
2400 1 39 1
2401 1 50 1
2402 0 -54 0
2403 1 56 1
2404 1 51 1
2405 1 59 1
2406 0 -56 0
2407 1 63 1
2408 0 -64 0
2409 0 -64 0
2410 0 -64 0
2411 1 63 1
2412 1 63 1
2413 1 63 1
2414 1 63 1
2415 1 60 1
2416 1 63 1
2417 0 -64 0
2418 0 -64 0
2419 0 -64 0
2420 0 -64 0
2421 1 63 1
2422 1 60 1
2423 0 -64 0
2424 0 -64 0
2425 1 63 1
2426 0 -64 0
2427 1 63 1
2428 1 63 1
2429 0 -64 0
2430 0 -64 0
2431 0 -64 0
2432 1 63 1
2433 0 -64 0
2434 0 -64 0
2435 1 63 1
2436 1 63 1
2437 1 63 1
2438 0 -64 0
2439 0 -64 0
2440 0 -64 0
2441 1 63 1
2442 1 63 1
2443 1 63 1
2444 1 63 1
2445 1 63 1
2446 0 -64 0
2447 1 63 1
2448 1 63 1
2449 1 63 1
2450 0 -64 0
2451 0 -64 0
2452 0 -64 0
2453 1 63 1
2454 1 63 1
2455 0 -64 0
2456 0 -64 0
2457 0 -64 0
2458 0 -64 0
2459 0 -64 0
2460 1 63 1
2461 1 63 1
2462 0 -64 0
2463 1 63 1
2464 0 -64 0
2465 1 63 1
2466 1 63 1
2467 0 -64 0
2468 1 63 1
2469 1 63 1
2470 1 63 1
2471 1 63 1
2472 1 63 1
2473 1 63 1
2474 0 -64 0
2475 1 63 1
2476 1 63 1
2477 1 63 1
2478 0 -64 0
2479 1 63 1
2480 0 -64 0
2481 0 -64 0
2482 0 -64 0
2483 1 63 1
2484 1 63 1
2485 0 -64 0
2486 0 -64 0
2487 1 63 1
2488 0 -64 0
2489 1 63 1
2490 1 63 1
2491 1 63 1
2492 0 -64 0
2493 1 63 1
2494 1 63 1
2495 0 -64 0
2496 1 63 1
2497 0 -64 0
2498 0 -64 0
2499 1 63 1
2500 0 -64 0
2501 1 63 1
2502 1 63 1
2503 1 63 1
2504 1 63 1
2505 0 -64 0
2506 0 -64 0
2507 1 63 1
2508 1 63 1
2509 0 -64 0
2510 0 -64 0
2511 1 63 1
2512 0 -64 0
2513 0 -64 0
2514 1 63 1
2515 1 63 1
2516 1 63 1
2517 1 63 1
2518 0 -64 0
2519 1 63 1
2520 0 -64 0
2521 0 -64 0
2522 1 63 1
2523 0 -64 0
2524 1 63 1
2525 1 63 1
2526 1 63 1
2527 0 -64 0
2528 1 63 1
2529 1 63 1
2530 0 -64 0
2531 1 63 1
2532 1 63 1
2533 0 -64 0
2534 0 -64 0
2535 0 -64 0
2536 1 63 1
2537 0 -64 0
2538 1 63 1
2539 1 63 1
2540 1 63 1
2541 1 63 1
2542 0 -64 0
2543 1 63 1
2544 0 -64 0
2545 1 63 1
2546 0 -64 0
2547 0 -64 0
2548 1 63 1
2549 1 63 1
2550 0 -64 0
2551 1 63 1
2552 0 -64 0
2553 1 63 1
2554 0 -64 0
2555 1 63 1
2556 1 63 1
2557 0 -64 0
2558 1 63 1
2559 0 -64 0
2560 1 63 1
2561 0 -64 0
2562 0 -64 0
2563 1 63 1
2564 1 63 1
2565 0 -64 0
2566 1 63 1
2567 1 63 1
2568 0 -64 0
2569 0 -64 0
2570 1 63 1
2571 1 63 1
2572 0 -64 0
2573 0 -64 0
2574 0 -64 0
2575 1 63 1
2576 1 63 1
2577 1 63 1
2578 1 63 1
2579 0 -64 0
2580 0 -64 0
2581 1 63 1
2582 1 63 1
2583 0 -64 0
2584 1 63 1
2585 0 -64 0
2586 1 63 1
2587 0 -64 0
2588 0 -64 0
2589 1 63 1
2590 1 63 1
2591 1 63 1
2592 0 -64 0
2593 1 63 1
2594 1 63 1
2595 0 -64 0
2596 1 63 1
2597 1 63 1
2598 0 -64 0
2599 1 63 1
2600 0 -64 0
2601 1 63 1
2602 1 63 1
2603 1 63 1
2604 0 -64 0
2605 0 -64 0
2606 0 -64 0
2607 0 -64 0
2608 0 -64 0
2609 1 63 1
2610 1 63 1
2611 0 -64 0
2612 0 -64 0
2613 0 -64 0
2614 1 63 1
2615 0 -64 0
2616 0 -64 0
2617 0 -64 0
2618 0 -64 0
2619 0 -64 0
2620 1 63 1
2621 0 -64 0
2622 1 63 1
2623 1 63 1
2624 0 -64 0
2625 1 63 1
2626 1 63 1
2627 0 -64 0
2628 1 63 1
2629 0 -64 0
2630 1 63 1
2631 1 63 1
2632 0 -64 0
2633 0 -64 0
2634 1 63 1
2635 1 63 1
2636 0 -64 0
2637 1 63 1
2638 1 63 1
2639 0 -64 0
2640 1 63 1
2641 0 -64 0
2642 1 63 1
2643 0 -64 0
2644 0 -64 0
2645 1 63 1
2646 1 63 1
2647 0 -64 0
2648 1 63 1
2649 1 63 1
2650 1 63 1
2651 1 63 1
2652 0 -64 0
2653 1 63 1
2654 0 -64 0
2655 0 -64 0
2656 0 -64 0
2657 1 63 1
2658 1 63 1
2659 1 63 1
2660 0 -64 0
2661 0 -64 0
2662 0 -64 0
2663 1 63 1
2664 1 63 1
2665 1 63 1
2666 1 63 1
2667 0 -64 0
2668 0 -64 0
2669 0 -64 0
2670 0 -64 0
2671 1 63 1
2672 1 63 1
2673 0 -64 0
2674 1 63 1
2675 1 63 1
2676 0 -64 0
2677 0 -64 0
2678 0 -64 0
2679 0 -64 0
2680 0 -64 0
2681 1 63 1
2682 0 -64 0
2683 0 -64 0
2684 1 63 1
2685 0 -64 0
2686 1 63 1
2687 1 63 1
2688 0 -64 0
2689 1 63 1
2690 0 -64 0
2691 0 -64 0
2692 1 63 1
2693 0 -64 0
2694 0 -64 0
2695 0 -64 0
2696 1 63 1
2697 0 -64 0
2698 0 -64 0
2699 1 63 1
2700 0 -64 0
2701 1 63 1
2702 1 63 1
2703 0 -64 0
2704 0 -64 0
2705 0 -64 0
2706 0 -64 0
2707 0 -64 0
2708 0 -64 0
2709 1 63 1
2710 1 63 1
2711 0 -64 0
2712 1 63 1
2713 1 63 1
2714 1 63 1
2715 1 63 1
2716 1 63 1
2717 0 -64 0
2718 0 -64 0
2719 0 -64 0
2720 0 -64 0
2721 1 63 1
2722 0 -64 0
2723 1 63 1
2724 0 -64 0
2725 1 63 1
2726 0 -64 0
2727 0 -64 0
2728 0 -64 0
2729 0 -64 0
2730 0 -64 0
2731 0 -64 0
2732 0 -64 0
2733 0 -64 0
2734 1 63 1
2735 0 -64 0
2736 1 63 1
2737 1 63 1
2738 1 63 1
2739 0 -64 0
2740 1 63 1
2741 1 63 1
2742 0 -64 0
2743 0 -64 0
2744 1 63 1
2745 1 63 1
2746 1 63 1
2747 1 63 1
2748 0 -64 0
2749 1 63 1
2750 0 -64 0
2751 1 63 1
2752 0 -64 0
2753 0 -64 0
2754 1 63 1
2755 1 63 1
2756 1 63 1
2757 1 63 1
2758 0 -64 0
2759 1 63 1
2760 0 -64 0
2761 1 63 1
2762 1 63 1
2763 0 -64 0
2764 1 63 1
2765 0 -64 0
2766 0 -64 0
2767 0 -64 0
2768 1 63 1
2769 0 -64 0
2770 0 -64 0
2771 1 63 1
2772 0 -64 0
2773 0 -64 0
2774 1 63 1
2775 0 -64 0
2776 1 63 1
2777 1 63 1
2778 0 -64 0
2779 1 63 1
2780 0 -64 0
2781 0 -64 0
2782 1 63 1
2783 1 63 1
2784 0 -64 0
2785 1 63 1
2786 1 63 1
2787 1 63 1
2788 0 -64 0
2789 0 -64 0
2790 1 63 1
2791 1 63 1
2792 1 63 1
2793 1 58 1
2794 0 -64 0
2795 0 -20 0
2796 0 -59 0
2797 1 56 1
2798 1 35 1
2799 0 -58 0
2800 0 -38 0
2801 1 50 1
2802 1 60 1
2803 0 -61 0
2804 1 63 1
2805 0 -60 0
2806 1 63 1
2807 0 -64 0
2808 1 63 1
2809 0 -64 0
2810 0 -64 0
2811 1 63 1
2812 0 -64 0
2813 1 63 1
2814 0 -64 0
2815 1 63 1
2816 0 -64 0
2817 1 63 1
2818 0 -64 0
2819 1 63 1
2820 1 63 1
2821 1 63 1
2822 0 -64 0
2823 0 -64 0
2824 0 -64 0
2825 1 63 1
2826 0 -64 0
2827 1 63 1
2828 0 -64 0
2829 1 63 1
2830 1 63 1
2831 0 -64 0
2832 0 -64 0
2833 0 -64 0
2834 0 -64 0
2835 0 -64 0
2836 1 63 1
2837 1 63 1
2838 0 -64 0
2839 0 -64 0
2840 1 63 1
2841 1 63 1
2842 1 63 1
2843 0 -64 0
2844 1 63 1
2845 1 63 1
2846 0 -64 0
2847 0 -64 0
2848 1 63 1
2849 1 63 1
2850 1 63 1
2851 1 63 1
2852 1 63 1
2853 1 63 1
2854 0 -64 0
2855 1 63 1
2856 0 -64 0
2857 0 -64 0
2858 0 -64 0
2859 0 -64 0
2860 1 63 1
2861 1 63 1
2862 0 -64 0
2863 1 63 1
2864 0 -64 0
2865 0 -64 0
2866 1 63 1
2867 0 -64 0
2868 0 -64 0
2869 0 -64 0
2870 1 63 1
2871 1 63 1
2872 0 -64 0
2873 1 63 1
2874 1 63 1
2875 0 -64 0
2876 1 63 1
2877 0 -64 0
2878 1 63 1
2879 0 -64 0
2880 0 -64 0
2881 0 -64 0
2882 0 -64 0
2883 0 -64 0
2884 1 63 1
2885 0 -64 0
2886 0 -64 0
2887 0 -64 0
2888 0 -64 0
2889 1 63 1
2890 0 -64 0
2891 0 60 1
2892 1 63 1
2893 1 63 1
2894 1 63 1
2895 0 -64 0
2896 1 63 1
2897 1 63 1
2898 0 60 1
2899 1 63 1
2900 1 63 1
2901 1 63 1
2902 1 63 1
2903 0 -64 0
2904 1 63 1
2905 1 63 1
2906 0 -64 0
2907 1 63 1
2908 1 63 1
2909 1 63 1
2910 1 63 1
2911 1 63 1
2912 1 63 1
2913 1 63 1
2914 0 -64 0
2915 1 63 1
2916 0 -64 0
2917 0 -64 0
2918 0 -64 0
2919 0 -64 0
2920 0 -64 0
2921 0 -64 0
2922 0 -64 0
2923 0 -64 0
2924 0 -64 0
2925 1 63 1
2926 0 -64 0
2927 0 -64 0
2928 1 63 1
2929 0 -64 0
2930 0 -64 0
2931 1 63 1
2932 0 -64 0
2933 0 -64 0
2934 1 63 1
2935 0 -64 0
2936 1 63 1
2937 1 63 1
2938 0 -64 0
2939 1 63 1
2940 0 -64 0
2941 0 -64 0
2942 1 63 1
2943 1 63 1
2944 1 63 1
2945 1 63 1
2946 1 63 1
2947 1 63 1
2948 1 63 1
2949 0 -64 0
2950 1 63 1
2951 1 63 1
2952 1 63 1
2953 0 -64 0
2954 1 63 1
2955 1 63 1
2956 1 63 1
2957 0 -64 0
2958 0 -64 0
2959 0 -64 0
2960 1 63 1
2961 1 63 1
2962 0 -64 0
2963 1 63 1
2964 0 -64 0
2965 0 -64 0
2966 0 -64 0
2967 0 -64 0
2968 0 -64 0
2969 0 -64 0
2970 1 63 1
2971 1 63 1
2972 1 63 1
2973 1 63 1
2974 1 63 1
2975 1 63 1
2976 1 63 1
2977 0 -64 0
2978 0 -64 0
2979 0 -64 0
2980 0 -64 0
2981 1 63 1
2982 1 63 1
2983 1 63 1
2984 1 63 1
2985 0 -64 0
2986 0 -64 0
2987 0 -64 0
2988 0 -64 0
2989 1 63 1
2990 1 63 1
2991 0 -64 0
2992 0 -64 0
2993 1 63 1
2994 0 -64 0
2995 0 -64 0
2996 1 63 1
2997 0 -64 0
2998 0 -64 0
2999 1 63 1
3000 1 63 1
3001 0 -64 0
3002 0 -64 0
3003 1 63 1
3004 1 63 1
3005 0 -64 0
3006 1 63 1
3007 1 63 1
3008 1 63 1
3009 0 -64 0
3010 1 63 1
3011 1 63 1
3012 1 63 1
3013 1 63 1
3014 1 63 1
3015 1 63 1
3016 1 63 1
3017 1 63 1
3018 1 63 1
3019 0 -64 0
3020 1 63 1
3021 0 -64 0
3022 0 -64 0
3023 0 -64 0
3024 0 -64 0
3025 0 -64 0
3026 0 -64 0
3027 0 -64 0
3028 1 63 1
3029 0 -64 0
3030 1 63 1
3031 1 63 1
3032 0 -64 0
3033 1 63 1
3034 1 63 1
3035 1 63 1
3036 0 -64 0
3037 1 63 1
3038 0 -64 0
3039 0 -64 0
3040 1 63 1
3041 0 -64 0
3042 1 63 1
3043 0 -64 0
3044 0 -64 0
3045 1 63 1
3046 0 -64 0
3047 0 -64 0
3048 1 63 1
3049 0 -64 0
3050 1 63 1
3051 1 63 1
3052 0 -64 0
3053 1 63 1
3054 0 -64 0
3055 0 -64 0
3056 0 -64 0
3057 1 63 1
3058 1 63 1
3059 1 63 1
3060 0 -64 0
3061 1 63 1
3062 1 63 1
3063 0 -64 0
3064 0 -64 0
3065 0 -64 0
3066 1 63 1
3067 0 -64 0
3068 1 63 1
3069 0 -64 0
3070 1 63 1
3071 1 63 1
3072 0 -64 0
3073 1 63 1
3074 1 63 1
3075 0 -64 0
3076 1 63 1
3077 1 63 1
3078 0 -64 0
3079 0 -64 0
3080 0 -64 0
3081 1 63 1
3082 0 -64 0
3083 0 -64 0
3084 1 63 1
3085 0 -64 0
3086 0 -64 0
3087 1 63 1
3088 0 -64 0
3089 1 63 1
3090 0 -64 0
3091 0 -64 0
3092 1 63 1
3093 0 -64 0
3094 1 63 1
3095 1 63 1
3096 0 -64 0
3097 0 -64 0
3098 0 -64 0
3099 0 -64 0
3100 0 -64 0
3101 0 -64 0
3102 1 63 1
3103 1 63 1
3104 0 -64 0
3105 1 63 1
3106 0 -64 0
3107 1 63 1
3108 1 63 1
3109 1 63 1
3110 0 -64 0
3111 0 -64 0
3112 0 -64 0
3113 1 63 1
3114 1 63 1
3115 1 63 1
3116 1 63 1
3117 1 63 1
3118 0 -64 0
3119 1 63 1
3120 1 63 1
3121 0 -64 0
3122 0 -64 0
3123 1 63 1
3124 0 -64 0
3125 1 63 1
3126 0 -64 0
3127 0 -64 0
3128 1 63 1
3129 1 63 1
3130 0 -64 0
3131 0 -64 0
3132 0 -64 0
3133 1 63 1
3134 0 -64 0
3135 0 -64 0
3136 1 63 1
3137 1 63 1
3138 1 63 1
3139 1 63 1
3140 1 63 1
3141 1 63 1
3142 0 -64 0
3143 0 -64 0
3144 1 63 1
3145 0 -64 0
3146 0 -64 0
3147 1 63 1
3148 0 -64 0
3149 0 -64 0
3150 0 -64 0
3151 1 63 1
3152 0 -64 0
3153 0 -64 0
3154 1 63 1
3155 0 -64 0
3156 0 -64 0
3157 1 63 1
3158 0 -64 0
3159 1 63 1
3160 0 -64 0
3161 1 63 1
3162 0 -64 0
3163 0 -64 0
3164 1 63 1
3165 1 63 1
3166 1 63 1
3167 0 -64 0
3168 0 -64 0
3169 0 -64 0
3170 1 63 1
3171 1 63 1
3172 0 -64 0
3173 0 -64 0
3174 0 -64 0
3175 1 63 1
3176 1 63 1
3177 0 -64 0
3178 0 -64 0
3179 0 -64 0
3180 0 -64 0
3181 1 63 1
3182 1 63 1
3183 1 63 1
3184 0 -64 0
3185 1 63 1
3186 1 63 1
3187 0 -64 0
3188 1 63 1
3189 0 -64 0
3190 1 63 1
3191 1 63 1
3192 1 63 1
3193 0 -64 0
3194 1 63 1
3195 1 63 1
3196 0 -64 0
3197 0 -64 0
3198 1 -64 0
3199 0 63 1
