# idx_int bit_int post_llr_q hard
0 0 -64 0
1 1 63 1
2 0 -64 0
3 1 63 1
4 1 63 1
5 1 63 1
6 0 -64 0
7 1 63 1
8 1 63 1
9 0 -64 0
10 0 -64 0
11 1 63 1
12 1 63 1
13 1 63 1
14 1 63 1
15 1 63 1
16 1 63 1
17 1 63 1
18 1 63 1
19 1 63 1
20 0 -64 0
21 1 63 1
22 0 -64 0
23 1 63 1
24 1 63 1
25 0 -64 0
26 0 -64 0
27 0 -64 0
28 0 -64 0
29 1 63 1
30 0 -64 0
31 1 63 1
32 1 63 1
33 1 63 1
34 1 63 1
35 0 -64 0
36 0 -64 0
37 0 -64 0
38 0 -64 0
39 1 63 1
40 0 -64 0
41 1 63 1
42 1 63 1
43 1 63 1
44 1 63 1
45 1 63 1
46 1 63 1
47 0 -64 0
48 1 63 1
49 1 63 1
50 0 -64 0
51 0 -64 0
52 1 63 1
53 0 -64 0
54 0 -42 0
55 1 63 1
56 1 63 1
57 0 -64 0
58 1 63 1
59 0 -64 0
60 0 -64 0
61 1 63 1
62 0 -64 0
63 0 -64 0
64 0 -64 0
65 0 -64 0
66 1 63 1
67 1 63 1
68 1 63 1
69 0 -64 0
70 0 63 1
71 1 63 1
72 1 -64 0
73 0 -64 0
74 1 63 1
75 0 -64 0
76 0 -64 0
77 0 -50 0
78 0 -64 0
79 1 63 1
80 1 63 1
81 1 63 1
82 0 -64 0
83 0 -64 0
84 1 63 1
85 0 -64 0
86 1 63 1
87 1 63 1
88 0 -64 0
89 0 -64 0
90 0 -64 0
91 1 63 1
92 0 -64 0
93 1 63 1
94 0 -64 0
95 0 -64 0
96 1 63 1
97 0 -64 0
98 1 63 1
99 0 -64 0
100 0 -64 0
101 0 -64 0
102 0 -64 0
103 0 -64 0
104 0 -64 0
105 0 -64 0
106 0 -64 0
107 0 -64 0
108 1 61 1
109 1 63 1
110 1 63 1
111 0 -64 0
112 1 63 1
113 0 -64 0
114 1 63 1
115 1 52 1
116 1 63 1
117 0 -64 0
118 0 -64 0
119 1 63 1
120 1 63 1
121 1 63 1
122 1 63 1
123 1 63 1
124 1 63 1
125 0 -64 0
126 0 -64 0
127 1 63 1
128 0 -64 0
129 1 63 1
130 1 63 1
131 1 63 1
132 0 -64 0
133 0 -64 0
134 1 63 1
135 1 63 1
136 0 -64 0
137 1 63 1
138 0 -64 0
139 0 -64 0
140 1 63 1
141 0 -64 0
142 1 63 1
143 1 63 1
144 0 -64 0
145 1 63 1
146 0 -64 0
147 1 63 1
148 1 63 1
149 0 -64 0
150 0 -64 0
151 1 63 1
152 0 -64 0
153 1 63 1
154 0 63 1
155 0 -64 0
156 0 -64 0
157 1 63 1
158 1 63 1
159 0 -64 0
160 1 63 1
161 0 -64 0
162 1 63 1
163 0 -64 0
164 1 63 1
165 1 63 1
166 0 -64 0
167 0 -64 0
168 0 -64 0
169 0 -64 0
170 1 63 1
171 1 63 1
172 1 63 1
173 0 -64 0
174 1 63 1
175 0 -64 0
176 0 -64 0
177 1 63 1
178 0 -64 0
179 1 63 1
180 1 63 1
181 0 -64 0
182 1 63 1
183 0 -64 0
184 0 -64 0
185 0 -64 0
186 0 -64 0
187 0 -64 0
188 1 63 1
189 1 63 1
190 1 63 1
191 1 63 1
192 1 63 1
193 0 -64 0
194 1 63 1
195 1 63 1
196 1 63 1
197 0 -64 0
198 0 -64 0
199 1 63 1
200 1 63 1
201 0 -64 0
202 0 -64 0
203 0 -64 0
204 0 -64 0
205 1 63 1
206 0 -64 0
207 0 -64 0
208 1 63 1
209 1 63 1
210 1 63 1
211 1 63 1
212 1 63 1
213 1 63 1
214 0 -64 0
215 1 63 1
216 1 63 1
217 0 -64 0
218 1 63 1
219 1 63 1
220 0 -64 0
221 0 -64 0
222 0 -64 0
223 0 -64 0
224 0 -64 0
225 1 63 1
226 1 63 1
227 0 -64 0
228 0 -64 0
229 1 63 1
230 1 63 1
231 0 -64 0
232 0 -64 0
233 1 63 1
234 0 -64 0
235 0 -64 0
236 0 -64 0
237 1 63 1
238 1 30 1
239 0 -64 0
240 0 -64 0
241 0 -64 0
242 0 -64 0
243 1 63 1
244 1 63 1
245 0 -64 0
246 1 63 1
247 0 -64 0
248 0 -64 0
249 0 -64 0
250 1 63 1
251 1 63 1
252 1 63 1
253 1 63 1
254 0 -64 0
255 1 63 1
256 0 -64 0
257 0 -64 0
258 0 -64 0
259 0 -64 0
260 0 -64 0
261 1 54 1
262 0 -64 0
263 0 -64 0
264 0 -64 0
265 0 -64 0
266 1 63 1
267 0 -64 0
268 0 -64 0
269 1 63 1
270 1 63 1
271 0 -64 0
272 0 -64 0
273 0 -64 0
274 1 63 1
275 0 -64 0
276 1 63 1
277 1 63 1
278 1 63 1
279 1 63 1
280 0 -64 0
281 1 63 1
282 0 -64 0
283 1 63 1
284 0 -64 0
285 1 63 1
286 0 -64 0
287 1 63 1
288 1 63 1
289 1 63 1
290 0 -64 0
291 0 -64 0
292 1 -19 0
293 0 -64 0
294 0 -64 0
295 0 -64 0
296 0 -64 0
297 1 63 1
298 0 -64 0
299 0 -64 0
300 0 -64 0
301 0 -64 0
302 1 63 1
303 1 63 1
304 0 -64 0
305 0 -64 0
306 1 63 1
307 0 -64 0
308 1 63 1
309 1 63 1
310 0 -64 0
311 1 63 1
312 0 -64 0
313 0 -64 0
314 1 63 1
315 1 63 1
316 1 63 1
317 1 63 1
318 0 -64 0
319 1 63 1
320 0 -64 0
321 0 -64 0
322 0 -64 0
323 0 -64 0
324 0 -64 0
325 1 63 1
326 0 -64 0
327 1 63 1
328 0 -64 0
329 0 -64 0
330 1 63 1
331 1 63 1
332 0 -64 0
333 0 -64 0
334 0 -64 0
335 0 -64 0
336 0 -64 0
337 1 63 1
338 1 63 1
339 1 63 1
340 1 63 1
341 0 -64 0
342 1 63 1
343 1 63 1
344 1 63 1
345 0 -64 0
346 0 -64 0
347 0 -64 0
348 0 -64 0
349 0 -64 0
350 0 -64 0
351 1 63 1
352 0 -64 0
353 1 63 1
354 1 63 1
355 0 -64 0
356 1 63 1
357 1 63 1
358 0 -64 0
359 1 63 1
360 0 -64 0
361 0 -64 0
362 1 63 1
363 1 63 1
364 1 63 1
365 1 63 1
366 1 63 1
367 1 63 1
368 1 63 1
369 0 -64 0
370 1 63 1
371 1 63 1
372 0 -64 0
373 1 63 1
374 1 63 1
375 1 63 1
376 0 -64 0
377 0 -64 0
378 0 -64 0
379 1 63 1
380 0 -64 0
381 0 -64 0
382 1 63 1
383 1 63 1
384 1 63 1
385 0 -64 0
386 0 -64 0
387 1 63 1
388 0 -64 0
389 1 63 1
390 0 -64 0
391 1 63 1
392 0 -64 0
393 1 63 1
394 1 63 1
395 1 63 1
396 0 -64 0
397 1 63 1
398 0 -64 0
399 0 -64 0
400 0 -64 0
401 0 -64 0
402 0 -64 0
403 1 63 1
404 1 63 1
405 1 63 1
406 1 63 1
407 1 50 1
408 0 -64 0
409 1 63 1
410 1 63 1
411 1 63 1
412 0 -64 0
413 1 63 1
414 1 63 1
415 1 63 1
416 1 63 1
417 1 63 1
418 0 -64 0
419 1 63 1
420 1 63 1
421 0 -64 0
422 1 63 1
423 1 63 1
424 1 63 1
425 1 63 1
426 1 63 1
427 0 -64 0
428 0 -64 0
429 1 63 1
430 0 63 1
431 0 -64 0
432 0 -64 0
433 0 -64 0
434 1 63 1
435 0 -64 0
436 0 -64 0
437 0 -64 0
438 1 63 1
439 0 -64 0
440 0 -64 0
441 0 -64 0
442 1 63 1
443 0 -64 0
444 1 63 1
445 0 -64 0
446 0 -64 0
447 1 63 1
448 1 63 1
449 0 -64 0
450 1 63 1
451 0 -64 0
452 0 -64 0
453 0 -64 0
454 0 -64 0
455 0 -64 0
456 1 63 1
457 1 63 1
458 1 63 1
459 0 -64 0
460 0 -64 0
461 1 63 1
462 0 -64 0
463 0 -64 0
464 1 63 1
465 1 63 1
466 0 -64 0
467 0 -64 0
468 0 -64 0
469 1 63 1
470 1 63 1
471 1 63 1
472 0 -64 0
473 1 63 1
474 0 -64 0
475 1 63 1
476 1 58 1
477 1 63 1
478 1 63 1
479 1 63 1
480 0 -64 0
481 1 63 1
482 1 63 1
483 0 -64 0
484 0 -64 0
485 0 -64 0
486 1 63 1
487 0 -64 0
488 1 63 1
489 0 -64 0
490 1 63 1
491 1 63 1
492 0 -64 0
493 1 63 1
494 1 63 1
495 1 63 1
496 0 -64 0
497 0 -64 0
498 1 63 1
499 1 63 1
500 0 -64 0
501 1 63 1
502 0 -64 0
503 1 63 1
504 0 -64 0
505 0 -64 0
506 1 63 1
507 1 63 1
508 1 63 1
509 1 63 1
510 0 -64 0
511 1 63 1
512 1 63 1
513 0 -64 0
514 0 -64 0
515 0 -64 0
516 1 63 1
517 1 63 1
518 1 54 1
519 0 -64 0
520 0 -64 0
521 0 -64 0
522 1 63 1
523 1 63 1
524 0 -64 0
525 1 63 1
526 0 -64 0
527 0 -64 0
528 1 63 1
529 0 -64 0
530 0 -64 0
531 0 -64 0
532 0 -64 0
533 0 -64 0
534 0 -64 0
535 0 -64 0
536 0 -64 0
537 0 -64 0
538 0 -64 0
539 1 63 1
540 0 -64 0
541 0 63 1
542 0 -64 0
543 0 -64 0
544 0 -64 0
545 1 63 1
546 0 -64 0
547 1 63 1
548 0 -64 0
549 0 -64 0
550 0 -64 0
551 0 -64 0
552 0 -64 0
553 0 -64 0
554 0 -64 0
555 1 63 1
556 1 63 1
557 1 63 1
558 1 63 1
559 0 -64 0
560 1 63 1
561 0 -64 0
562 0 -64 0
563 0 -64 0
564 0 -64 0
565 0 -64 0
566 0 -64 0
567 1 63 1
568 1 63 1
569 0 -64 0
570 0 -64 0
571 1 63 1
572 1 63 1
573 0 -64 0
574 0 -64 0
575 0 -64 0
576 1 63 1
577 0 -64 0
578 0 -64 0
579 1 63 1
580 1 -64 0
581 1 63 1
582 0 -64 0
583 1 63 1
584 1 63 1
585 1 63 1
586 0 -64 0
587 0 -64 0
588 1 63 1
589 0 -64 0
590 1 63 1
591 1 63 1
592 1 63 1
593 0 -64 0
594 1 63 1
595 0 -64 0
596 0 -64 0
597 1 63 1
598 1 63 1
599 0 -64 0
600 0 -64 0
601 1 63 1
602 1 63 1
603 1 63 1
604 1 63 1
605 0 -64 0
606 1 63 1
607 0 -64 0
608 1 63 1
609 0 -64 0
610 0 -64 0
611 0 -64 0
612 1 63 1
613 0 -64 0
614 0 -64 0
615 0 -64 0
616 1 63 1
617 1 63 1
618 1 63 1
619 1 63 1
620 0 -64 0
621 0 -64 0
622 0 -64 0
623 1 63 1
624 1 63 1
625 1 63 1
626 0 -64 0
627 0 -64 0
628 1 63 1
629 0 -64 0
630 1 63 1
631 0 -64 0
632 1 63 1
633 0 -64 0
634 1 63 1
635 1 63 1
636 1 63 1
637 0 -64 0
638 0 -64 0
639 0 -64 0
640 1 63 1
641 0 -64 0
642 0 -64 0
643 0 -64 0
644 0 -64 0
645 0 -64 0
646 1 63 1
647 1 63 1
648 0 -64 0
649 0 -64 0
650 1 63 1
651 0 -64 0
652 0 -64 0
653 1 63 1
654 0 -64 0
655 1 63 1
656 0 -64 0
657 1 63 1
658 1 63 1
659 0 -64 0
660 0 -64 0
661 1 63 1
662 0 -64 0
663 1 63 1
664 1 63 1
665 0 -64 0
666 1 63 1
667 1 63 1
668 0 -64 0
669 1 63 1
670 0 -64 0
671 1 63 1
672 0 -64 0
673 0 -64 0
674 1 63 1
675 0 -64 0
676 0 -64 0
677 1 63 1
678 1 63 1
679 1 63 1
680 1 63 1
681 1 63 1
682 0 -64 0
683 0 -64 0
684 0 -64 0
685 0 -64 0
686 1 63 1
687 1 48 1
688 0 -64 0
689 0 -64 0
690 1 63 1
691 0 -64 0
692 0 -64 0
693 0 -64 0
694 0 -64 0
695 1 63 1
696 1 63 1
697 0 -64 0
698 1 63 1
699 0 -41 0
700 0 -64 0
701 0 -64 0
702 0 -64 0
703 1 63 1
704 1 63 1
705 1 63 1
706 1 63 1
707 0 -64 0
708 0 -64 0
709 0 -64 0
710 1 63 1
711 1 63 1
712 0 -64 0
713 1 63 1
714 1 54 1
715 0 -64 0
716 0 -64 0
717 0 -64 0
718 0 -64 0
719 1 63 1
720 1 63 1
721 1 63 1
722 0 -64 0
723 1 63 1
724 0 -64 0
725 1 63 1
726 1 63 1
727 0 -64 0
728 1 63 1
729 1 63 1
730 0 -64 0
731 1 63 1
732 0 -64 0
733 0 -64 0
734 0 -64 0
735 1 63 1
736 0 -64 0
737 1 63 1
738 1 63 1
739 0 -64 0
740 1 63 1
741 0 -64 0
742 0 -64 0
743 1 63 1
744 0 -64 0
745 1 63 1
746 1 63 1
747 1 63 1
748 1 63 1
749 1 63 1
750 1 63 1
751 0 -64 0
752 0 -64 0
753 0 -64 0
754 0 -64 0
755 0 -64 0
756 1 63 1
757 1 63 1
758 0 -64 0
759 0 -64 0
760 1 63 1
761 1 63 1
762 1 63 1
763 0 -64 0
764 1 63 1
765 0 -64 0
766 0 -64 0
767 1 63 1
768 1 35 1
769 1 63 1
770 1 63 1
771 0 -64 0
772 1 63 1
773 0 -64 0
774 0 -64 0
775 0 -64 0
776 0 -64 0
777 1 63 1
778 0 -64 0
779 0 -64 0
780 0 -64 0
781 0 -64 0
782 1 63 1
783 1 63 1
784 1 63 1
785 1 63 1
786 1 63 1
787 0 -64 0
788 1 63 1
789 0 -64 0
790 1 63 1
791 1 63 1
792 1 63 1
793 0 -64 0
794 1 63 1
795 0 -64 0
796 1 63 1
797 1 63 1
798 0 -64 0
799 0 -64 0
800 0 -64 0
801 1 63 1
802 0 -64 0
803 0 -64 0
804 0 -64 0
805 1 63 1
806 0 -64 0
807 1 63 1
808 1 63 1
809 1 63 1
810 0 -64 0
811 1 63 1
812 1 63 1
813 1 63 1
814 1 63 1
815 1 63 1
816 0 -64 0
817 0 -64 0
818 1 63 1
819 0 -64 0
820 1 63 1
821 1 63 1
822 0 -64 0
823 1 63 1
824 0 -64 0
825 0 -64 0
826 1 63 1
827 0 -64 0
828 1 63 1
829 0 -64 0
830 1 63 1
831 0 -64 0
832 1 63 1
833 0 -64 0
834 0 -64 0
835 0 -64 0
836 0 -64 0
837 0 -64 0
838 0 -64 0
839 1 63 1
840 0 -64 0
841 0 -64 0
842 0 -64 0
843 1 63 1
844 1 63 1
845 1 63 1
846 0 -64 0
847 1 63 1
848 1 63 1
849 1 63 1
850 0 -64 0
851 1 63 1
852 1 63 1
853 0 -64 0
854 0 -64 0
855 0 -64 0
856 0 -64 0
857 1 63 1
858 1 63 1
859 0 -64 0
860 1 63 1
861 1 63 1
862 0 -64 0
863 0 -64 0
864 1 63 1
865 1 63 1
866 0 -64 0
867 0 -64 0
868 1 63 1
869 1 63 1
870 1 63 1
871 0 -64 0
872 1 63 1
873 0 -64 0
874 0 -64 0
875 1 63 1
876 1 63 1
877 1 63 1
878 1 63 1
879 0 -64 0
880 0 -64 0
881 1 63 1
882 1 63 1
883 1 63 1
884 0 -64 0
885 0 -64 0
886 1 63 1
887 1 63 1
888 0 -64 0
889 0 -64 0
890 0 -64 0
891 1 63 1
892 0 -64 0
893 0 -64 0
894 0 -64 0
895 1 63 1
896 0 -64 0
897 0 -64 0
898 1 63 1
899 0 -64 0
900 1 63 1
901 1 63 1
902 1 63 1
903 1 63 1
904 0 -64 0
905 0 -64 0
906 1 63 1
907 1 63 1
908 1 63 1
909 0 -64 0
910 0 -64 0
911 1 63 1
912 0 -64 0
913 0 -64 0
914 0 -64 0
915 0 -64 0
916 0 -64 0
917 1 63 1
918 0 -64 0
919 0 -64 0
920 1 63 1
921 1 63 1
922 0 -64 0
923 0 -64 0
924 1 63 1
925 0 -64 0
926 1 63 1
927 1 63 1
928 1 63 1
929 1 63 1
930 0 -64 0
931 1 63 1
932 0 -64 0
933 1 63 1
934 1 63 1
935 0 -64 0
936 0 -64 0
937 0 -64 0
938 1 63 1
939 0 -64 0
940 1 63 1
941 0 -64 0
942 1 63 1
943 1 63 1
944 1 63 1
945 0 -64 0
946 0 -64 0
947 0 -64 0
948 0 -64 0
949 1 63 1
950 1 63 1
951 0 -64 0
952 0 -60 0
953 1 63 1
954 0 -64 0
955 0 -64 0
956 0 -64 0
957 1 63 1
958 1 63 1
959 1 63 1
960 0 -64 0
961 1 63 1
962 0 -64 0
963 0 -64 0
964 1 63 1
965 1 63 1
966 1 63 1
967 0 -64 0
968 0 -64 0
969 0 -64 0
970 1 63 1
971 1 63 1
972 1 63 1
973 0 -64 0
974 1 63 1
975 1 63 1
976 1 63 1
977 0 -64 0
978 0 -64 0
979 0 -64 0
980 1 63 1
981 1 63 1
982 1 63 1
983 1 63 1
984 0 -64 0
985 1 63 1
986 1 63 1
987 1 63 1
988 1 63 1
989 0 -64 0
990 1 63 1
991 0 -64 0
992 0 -64 0
993 0 -64 0
994 0 -64 0
995 0 -64 0
996 1 63 1
997 1 63 1
998 0 -64 0
999 1 63 1
1000 1 63 1
1001 1 63 1
1002 0 -64 0
1003 0 -64 0
1004 1 63 1
1005 0 -64 0
1006 0 -62 0
1007 1 63 1
1008 0 -64 0
1009 0 -64 0
1010 0 -64 0
1011 1 63 1
1012 0 -64 0
1013 1 63 1
1014 1 63 1
1015 1 63 1
1016 0 -64 0
1017 1 63 1
1018 0 -64 0
1019 0 -64 0
1020 0 -62 0
1021 0 -64 0
1022 1 63 1
1023 1 63 1
1024 1 63 1
1025 1 63 1
1026 1 63 1
1027 0 -64 0
1028 0 -64 0
1029 0 -64 0
1030 0 -64 0
1031 0 -64 0
1032 1 63 1
1033 1 63 1
1034 1 63 1
1035 1 63 1
1036 0 -64 0
1037 0 -64 0
1038 0 -64 0
1039 1 63 1
1040 0 -64 0
1041 0 -64 0
1042 1 63 1
1043 1 63 1
1044 0 -64 0
1045 1 63 1
1046 0 -64 0
1047 1 63 1
1048 0 -64 0
1049 0 -64 0
1050 0 -64 0
1051 0 -64 0
1052 1 63 1
1053 1 63 1
1054 1 63 1
1055 1 63 1
1056 1 63 1
1057 1 63 1
1058 0 -64 0
1059 0 -64 0
1060 0 -45 0
1061 1 -64 0
1062 0 -64 0
1063 0 -64 0
1064 1 63 1
1065 0 -64 0
1066 0 -64 0
1067 0 -64 0
1068 0 -64 0
1069 1 63 1
1070 1 63 1
1071 1 63 1
1072 1 63 1
1073 1 63 1
1074 0 -64 0
1075 0 -64 0
1076 1 63 1
1077 0 -64 0
1078 0 -64 0
1079 1 63 1
1080 1 63 1
1081 1 63 1
1082 1 63 1
1083 1 63 1
1084 0 -64 0
1085 0 -64 0
1086 0 -64 0
1087 1 63 1
1088 1 63 1
1089 1 63 1
1090 0 -64 0
1091 0 63 1
1092 1 63 1
1093 1 63 1
1094 1 63 1
1095 0 -64 0
1096 0 -64 0
1097 0 -64 0
1098 0 -64 0
1099 1 63 1
1100 0 -64 0
1101 1 -64 0
1102 1 63 1
1103 0 -64 0
1104 1 63 1
1105 1 63 1
1106 0 -64 0
1107 0 -64 0
1108 1 63 1
1109 1 63 1
1110 1 63 1
1111 1 63 1
1112 0 -64 0
1113 0 -64 0
1114 1 63 1
1115 0 -64 0
1116 1 63 1
1117 0 -64 0
1118 0 -64 0
1119 1 59 1
1120 0 -64 0
1121 0 -64 0
1122 0 -64 0
1123 1 63 1
1124 1 63 1
1125 0 -64 0
1126 1 63 1
1127 0 -64 0
1128 0 -64 0
1129 1 63 1
1130 0 -64 0
1131 1 63 1
1132 0 -64 0
1133 0 -64 0
1134 0 -64 0
1135 1 63 1
1136 1 63 1
1137 0 -51 0
1138 1 63 1
1139 0 -64 0
1140 1 63 1
1141 1 63 1
1142 1 63 1
1143 0 -64 0
1144 0 -64 0
1145 0 -64 0
1146 0 -64 0
1147 1 63 1
1148 1 63 1
1149 0 -64 0
1150 0 -64 0
1151 1 63 1
1152 1 63 1
1153 0 -64 0
1154 1 63 1
1155 1 63 1
1156 1 63 1
1157 1 63 1
1158 1 63 1
1159 1 63 1
1160 0 -64 0
1161 1 63 1
1162 0 -64 0
1163 0 -64 0
1164 1 63 1
1165 0 -64 0
1166 1 63 1
1167 1 63 1
1168 1 63 1
1169 1 63 1
1170 0 -64 0
1171 1 63 1
1172 0 -64 0
1173 0 -64 0
1174 0 -64 0
1175 0 -41 0
1176 0 -64 0
1177 1 63 1
1178 1 63 1
1179 1 63 1
1180 1 63 1
1181 1 63 1
1182 1 63 1
1183 1 63 1
1184 1 63 1
1185 1 63 1
1186 1 63 1
1187 0 -64 0
1188 1 63 1
1189 0 -64 0
1190 1 44 1
1191 0 -64 0
1192 0 -64 0
1193 0 -64 0
1194 1 63 1
1195 0 -64 0
1196 1 63 1
1197 0 -64 0
1198 0 -64 0
1199 1 63 1
1200 0 -64 0
1201 0 -43 0
1202 0 -64 0
1203 0 -64 0
1204 0 -64 0
1205 0 -64 0
1206 0 -64 0
1207 1 63 1
1208 1 63 1
1209 1 63 1
1210 0 -64 0
1211 0 -64 0
1212 1 63 1
1213 0 -64 0
1214 0 -64 0
1215 1 63 1
1216 1 63 1
1217 1 63 1
1218 0 -64 0
1219 1 63 1
1220 0 -64 0
1221 1 63 1
1222 0 -64 0
1223 0 -64 0
1224 0 -64 0
1225 0 -64 0
1226 1 63 1
1227 0 -64 0
1228 1 63 1
1229 0 -64 0
1230 0 -64 0
1231 1 63 1
1232 1 63 1
1233 0 -64 0
1234 1 63 1
1235 0 -64 0
1236 0 -64 0
1237 0 63 1
1238 1 63 1
1239 1 63 1
1240 0 -64 0
1241 0 -64 0
1242 0 -64 0
1243 1 63 1
1244 0 -52 0
1245 1 63 1
1246 0 -64 0
1247 0 -64 0
1248 0 -64 0
1249 1 63 1
1250 1 63 1
1251 0 -64 0
1252 0 -64 0
1253 1 63 1
1254 0 -64 0
1255 1 63 1
1256 0 -64 0
1257 0 -64 0
1258 0 -64 0
1259 1 63 1
1260 1 63 1
1261 1 63 1
1262 0 -64 0
1263 0 -64 0
1264 0 -64 0
1265 1 63 1
1266 1 63 1
1267 0 -64 0
1268 1 63 1
1269 1 63 1
1270 1 63 1
1271 1 63 1
1272 1 63 1
1273 0 -64 0
1274 1 63 1
1275 0 -64 0
1276 0 -64 0
1277 1 63 1
1278 1 63 1
1279 1 63 1
1280 1 63 1
1281 1 63 1
1282 1 63 1
1283 1 63 1
1284 1 63 1
1285 0 -64 0
1286 0 63 1
1287 0 -64 0
1288 0 -64 0
1289 1 63 1
1290 1 63 1
1291 0 -64 0
1292 0 -64 0
1293 1 63 1
1294 1 63 1
1295 1 63 1
1296 0 -64 0
1297 0 -64 0
1298 1 37 1
1299 0 -64 0
1300 1 63 1
1301 1 63 1
1302 1 63 1
1303 0 -64 0
1304 0 -64 0
1305 0 -64 0
1306 1 63 1
1307 1 63 1
1308 0 -64 0
1309 0 -64 0
1310 1 63 1
1311 1 63 1
1312 1 63 1
1313 1 63 1
1314 0 -64 0
1315 0 -64 0
1316 0 -64 0
1317 0 -64 0
1318 0 -64 0
1319 0 -64 0
1320 0 -64 0
1321 0 17 1
1322 0 -64 0
1323 0 -64 0
1324 1 63 1
1325 1 63 1
1326 0 -64 0
1327 1 63 1
1328 0 -64 0
1329 1 63 1
1330 0 -64 0
1331 1 63 1
1332 1 63 1
1333 0 -64 0
1334 0 -64 0
1335 0 -64 0
1336 1 63 1
1337 0 -64 0
1338 1 63 1
1339 1 63 1
1340 1 63 1
1341 1 63 1
1342 1 63 1
1343 0 -64 0
1344 1 63 1
1345 0 -64 0
1346 1 63 1
1347 0 -64 0
1348 0 -64 0
1349 0 -64 0
1350 0 -64 0
1351 1 63 1
1352 1 60 1
1353 0 -64 0
1354 1 63 1
1355 1 63 1
1356 0 -64 0
1357 0 -64 0
1358 1 63 1
1359 0 -46 0
1360 1 63 1
1361 1 63 1
1362 1 63 1
1363 0 -64 0
1364 1 63 1
1365 0 -64 0
1366 1 63 1
1367 1 63 1
1368 0 -64 0
1369 1 63 1
1370 1 63 1
1371 0 -64 0
1372 1 63 1
1373 1 63 1
1374 1 63 1
1375 1 63 1
1376 0 -64 0
1377 0 -64 0
1378 1 63 1
1379 0 -64 0
1380 0 -64 0
1381 0 -64 0
1382 0 -64 0
1383 0 -64 0
1384 1 63 1
1385 1 63 1
1386 0 -64 0
1387 0 -64 0
1388 1 63 1
1389 0 -64 0
1390 0 -64 0
1391 1 63 1
1392 0 -64 0
1393 1 63 1
1394 1 63 1
1395 1 63 1
1396 0 -64 0
1397 0 -64 0
1398 0 -64 0
1399 1 63 1
1400 0 -64 0
1401 0 -64 0
1402 1 63 1
1403 1 63 1
1404 1 63 1
1405 0 -64 0
1406 0 -64 0
1407 1 63 1
1408 0 -64 0
1409 0 -64 0
1410 0 -64 0
1411 0 -64 0
1412 1 63 1
1413 0 -64 0
1414 1 63 1
1415 1 63 1
1416 1 63 1
1417 0 -64 0
1418 0 -64 0
1419 0 -64 0
1420 0 -64 0
1421 1 63 1
1422 0 -64 0
1423 0 -64 0
1424 1 63 1
1425 1 63 1
1426 0 -64 0
1427 1 63 1
1428 1 63 1
1429 0 -64 0
1430 0 -64 0
1431 1 63 1
1432 0 -64 0
1433 0 -64 0
1434 0 -64 0
1435 1 63 1
1436 1 -64 0
1437 0 -64 0
1438 0 -64 0
1439 1 63 1
1440 0 -64 0
1441 1 63 1
1442 0 -64 0
1443 0 -64 0
1444 1 63 1
1445 0 -64 0
1446 1 63 1
1447 0 -64 0
1448 0 -64 0
1449 1 63 1
1450 1 63 1
1451 1 63 1
1452 0 -64 0
1453 1 63 1
1454 0 -64 0
1455 1 63 1
1456 0 -64 0
1457 0 -64 0
1458 1 63 1
1459 1 63 1
1460 0 -64 0
1461 1 63 1
1462 0 -64 0
1463 1 63 1
1464 1 63 1
1465 0 -64 0
1466 0 -64 0
1467 0 -40 0
1468 0 -64 0
1469 1 63 1
1470 0 -64 0
1471 0 -64 0
1472 1 63 1
1473 0 -64 0
1474 1 63 1
1475 1 63 1
1476 1 63 1
1477 0 -64 0
1478 1 63 1
1479 1 63 1
1480 1 63 1
1481 0 -64 0
1482 0 -64 0
1483 0 -64 0
1484 0 -64 0
1485 0 -64 0
1486 0 -64 0
1487 1 63 1
1488 1 63 1
1489 1 63 1
1490 1 63 1
1491 0 -64 0
1492 0 -64 0
1493 0 -64 0
1494 1 63 1
1495 1 63 1
1496 0 -64 0
1497 0 -64 0
1498 1 63 1
1499 0 -64 0
1500 1 63 1
1501 1 63 1
1502 0 -64 0
1503 1 63 1
1504 0 -64 0
1505 1 63 1
1506 0 -64 0
1507 0 -64 0
1508 1 63 1
1509 1 63 1
1510 0 -64 0
1511 1 63 1
1512 1 63 1
1513 1 63 1
1514 0 -64 0
1515 0 -64 0
1516 1 63 1
1517 1 63 1
1518 1 63 1
1519 1 63 1
1520 1 63 1
1521 0 -64 0
1522 1 63 1
1523 0 -64 0
1524 0 -64 0
1525 0 -64 0
1526 1 63 1
1527 1 63 1
1528 0 -64 0
1529 0 -64 0
1530 0 -64 0
1531 0 -64 0
1532 0 -64 0
1533 0 -64 0
1534 1 63 1
1535 0 -64 0
1536 1 37 1
1537 0 -64 0
1538 1 63 1
1539 0 -64 0
1540 1 63 1
1541 0 -64 0
1542 1 63 1
1543 1 63 1
1544 0 -64 0
1545 1 63 1
1546 0 -64 0
1547 0 -64 0
1548 0 -64 0
1549 1 63 1
1550 0 -64 0
1551 1 63 1
1552 0 -64 0
1553 1 63 1
1554 0 -64 0
1555 0 -64 0
1556 1 63 1
1557 0 -64 0
1558 1 63 1
1559 0 -64 0
1560 1 63 1
1561 0 -64 0
1562 0 -64 0
1563 1 63 1
1564 1 63 1
1565 0 -64 0
1566 0 -64 0
1567 0 -64 0
1568 0 -64 0
1569 1 63 1
1570 1 63 1
1571 0 -64 0
1572 0 -64 0
1573 0 -64 0
1574 1 63 1
1575 0 -64 0
1576 1 63 1
1577 1 63 1
1578 1 63 1
1579 0 -64 0
1580 0 -64 0
1581 1 63 1
1582 0 -64 0
1583 1 63 1
1584 0 -64 0
1585 0 -64 0
1586 1 63 1
1587 1 63 1
1588 0 -64 0
1589 0 -64 0
1590 1 50 1
1591 1 63 1
1592 1 63 1
1593 0 -64 0
1594 0 -64 0
1595 1 63 1
1596 0 -64 0
1597 1 63 1
1598 1 63 1
1599 0 -64 0
1600 1 63 1
1601 0 -64 0
1602 0 -64 0
1603 0 -64 0
1604 0 -64 0
1605 0 -64 0
1606 0 -64 0
1607 1 63 1
1608 0 -64 0
1609 0 -64 0
1610 0 -64 0
1611 0 -64 0
1612 0 -64 0
1613 1 60 1
1614 1 63 1
1615 0 -64 0
1616 0 -64 0
1617 0 -64 0
1618 0 -64 0
1619 1 63 1
1620 1 63 1
1621 1 63 1
1622 1 63 1
1623 0 -64 0
1624 1 63 1
1625 1 63 1
1626 1 63 1
1627 0 -64 0
1628 1 63 1
1629 1 63 1
1630 1 63 1
1631 1 63 1
1632 1 63 1
1633 1 63 1
1634 0 -64 0
1635 1 63 1
1636 0 -64 0
1637 0 -64 0
1638 1 63 1
1639 1 54 1
1640 1 63 1
1641 1 63 1
1642 0 -64 0
1643 0 -64 0
1644 0 -64 0
1645 0 -64 0
1646 1 63 1
1647 0 -64 0
1648 1 63 1
1649 0 -64 0
1650 1 63 1
1651 0 -64 0
1652 1 63 1
1653 1 63 1
1654 1 63 1
1655 1 63 1
1656 1 63 1
1657 0 -64 0
1658 0 -64 0
1659 1 63 1
1660 0 -64 0
1661 1 63 1
1662 1 63 1
1663 1 63 1
1664 1 63 1
1665 0 -64 0
1666 1 63 1
1667 1 63 1
1668 1 63 1
1669 1 63 1
1670 1 63 1
1671 0 -64 0
1672 1 63 1
1673 1 63 1
1674 1 63 1
1675 1 63 1
1676 0 -64 0
1677 1 63 1
1678 0 -64 0
1679 1 63 1
1680 0 -64 0
1681 1 63 1
1682 1 63 1
1683 1 63 1
1684 1 63 1
1685 0 -64 0
1686 0 -64 0
1687 0 -64 0
1688 1 63 1
1689 0 -64 0
1690 1 63 1
1691 0 -64 0
1692 1 63 1
1693 0 -64 0
1694 0 -64 0
1695 0 -64 0
1696 0 -64 0
1697 1 63 1
1698 0 -64 0
1699 0 -64 0
1700 1 63 1
1701 0 -64 0
1702 1 63 1
1703 1 63 1
1704 1 63 1
1705 0 -64 0
1706 0 -64 0
1707 0 -64 0
1708 0 -64 0
1709 0 -64 0
1710 0 -64 0
1711 0 -64 0
1712 1 63 1
1713 0 -64 0
1714 1 63 1
1715 0 -64 0
1716 0 -64 0
1717 0 -64 0
1718 0 -64 0
1719 0 -64 0
1720 0 -64 0
1721 0 -64 0
1722 1 63 1
1723 1 63 1
1724 1 63 1
1725 0 -64 0
1726 0 -64 0
1727 1 63 1
1728 1 63 1
1729 1 63 1
1730 0 -64 0
1731 0 -64 0
1732 0 -64 0
1733 0 -64 0
1734 1 63 1
1735 0 -64 0
1736 1 63 1
1737 1 63 1
1738 0 -64 0
1739 1 63 1
1740 1 63 1
1741 0 -64 0
1742 1 63 1
1743 0 -64 0
1744 1 63 1
1745 1 63 1
1746 0 -64 0
1747 1 63 1
1748 1 63 1
1749 0 -64 0
1750 1 63 1
1751 1 63 1
1752 0 -64 0
1753 1 63 1
1754 0 -64 0
1755 1 63 1
1756 1 63 1
1757 0 -64 0
1758 0 -64 0
1759 1 63 1
1760 1 63 1
1761 0 -64 0
1762 0 -64 0
1763 0 -64 0
1764 0 -64 0
1765 0 -64 0
1766 0 -64 0
1767 0 -64 0
1768 0 -64 0
1769 0 -64 0
1770 0 -64 0
1771 1 63 1
1772 0 -64 0
1773 1 63 1
1774 1 51 1
1775 0 -64 0
1776 1 63 1
1777 0 -64 0
1778 0 -64 0
1779 0 -64 0
1780 1 63 1
1781 1 63 1
1782 1 63 1
1783 1 63 1
1784 1 63 1
1785 1 63 1
1786 1 63 1
1787 0 -64 0
1788 1 63 1
1789 0 -64 0
1790 0 -64 0
1791 0 -64 0
1792 1 63 1
1793 1 63 1
1794 1 63 1
1795 0 -64 0
1796 1 63 1
1797 1 63 1
1798 0 -64 0
1799 0 -64 0
1800 0 -64 0
1801 0 -64 0
1802 0 -64 0
1803 0 -64 0
1804 0 -64 0
1805 0 -64 0
1806 1 63 1
1807 0 -64 0
1808 0 -64 0
1809 1 63 1
1810 1 63 1
1811 1 63 1
1812 1 63 1
1813 0 -64 0
1814 0 -64 0
1815 1 63 1
1816 1 63 1
1817 1 63 1
1818 1 63 1
1819 1 63 1
1820 0 -64 0
1821 1 63 1
1822 0 -64 0
1823 1 63 1
1824 1 63 1
1825 1 63 1
1826 1 63 1
1827 1 63 1
1828 0 -64 0
1829 0 -64 0
1830 1 63 1
1831 0 -64 0
1832 1 63 1
1833 1 63 1
1834 0 -64 0
1835 0 -64 0
1836 1 63 1
1837 0 -64 0
1838 0 -64 0
1839 0 -64 0
1840 1 63 1
1841 1 63 1
1842 1 63 1
1843 0 -64 0
1844 1 63 1
1845 0 -64 0
1846 0 -64 0
1847 1 63 1
1848 1 63 1
1849 1 63 1
1850 0 -64 0
1851 1 63 1
1852 0 -64 0
1853 0 -64 0
1854 0 -64 0
1855 0 -64 0
1856 0 -64 0
1857 0 -64 0
1858 1 63 1
1859 1 63 1
1860 0 -64 0
1861 1 63 1
1862 0 -64 0
1863 1 63 1
1864 0 -64 0
1865 1 63 1
1866 1 63 1
1867 1 63 1
1868 0 -64 0
1869 0 -64 0
1870 1 63 1
1871 1 63 1
1872 0 -64 0
1873 1 -64 0
1874 0 -64 0
1875 0 -64 0
1876 0 -64 0
1877 0 -64 0
1878 1 63 1
1879 1 63 1
1880 1 63 1
1881 1 63 1
1882 0 -64 0
1883 0 -64 0
1884 1 63 1
1885 0 -64 0
1886 1 63 1
1887 0 -64 0
1888 1 63 1
1889 0 -64 0
1890 1 63 1
1891 0 -64 0
1892 0 -64 0
1893 0 -64 0
1894 0 -64 0
1895 1 63 1
1896 0 -64 0
1897 0 -64 0
1898 0 -64 0
1899 1 63 1
1900 0 -64 0
1901 1 63 1
1902 1 63 1
1903 1 63 1
1904 1 63 1
1905 1 62 1
1906 0 -64 0
1907 0 -64 0
1908 0 -64 0
1909 0 -64 0
1910 1 63 1
1911 0 -64 0
1912 0 -64 0
1913 0 -64 0
1914 0 -64 0
1915 0 -64 0
1916 1 63 1
1917 1 63 1
1918 1 63 1
1919 1 63 1
1920 1 63 1
1921 0 -64 0
1922 1 63 1
1923 1 63 1
1924 1 63 1
1925 0 -64 0
1926 1 63 1
1927 0 -64 0
1928 0 -64 0
1929 1 63 1
1930 1 63 1
1931 1 63 1
1932 1 63 1
1933 1 63 1
1934 1 63 1
1935 1 63 1
1936 1 63 1
1937 1 63 1
1938 0 -64 0
1939 1 63 1
1940 1 63 1
1941 0 -64 0
1942 1 63 1
1943 0 -21 0
1944 1 63 1
1945 1 63 1
1946 0 -64 0
1947 1 63 1
1948 1 63 1
1949 0 -64 0
1950 1 63 1
1951 0 -64 0
1952 0 -64 0
1953 0 -64 0
1954 0 -64 0
1955 0 -64 0
1956 0 -64 0
1957 1 63 1
1958 0 -64 0
1959 0 -64 0
1960 0 -64 0
1961 1 63 1
1962 0 -64 0
1963 0 -64 0
1964 0 -64 0
1965 0 -64 0
1966 1 63 1
1967 1 63 1
1968 1 63 1
1969 1 63 1
1970 1 63 1
1971 1 63 1
1972 1 63 1
1973 0 -64 0
1974 0 -64 0
1975 0 -64 0
1976 1 63 1
1977 1 63 1
1978 1 63 1
1979 1 63 1
1980 0 -64 0
1981 0 -64 0
1982 1 63 1
1983 1 63 1
1984 0 -64 0
1985 0 -64 0
1986 0 -64 0
1987 0 -64 0
1988 0 -64 0
1989 1 63 1
1990 0 -64 0
1991 1 63 1
1992 0 -64 0
1993 1 63 1
1994 1 63 1
1995 0 -64 0
1996 0 -64 0
1997 1 63 1
1998 0 -64 0
1999 0 -64 0
2000 1 63 1
2001 1 63 1
2002 0 -64 0
2003 0 -64 0
2004 0 -64 0
2005 1 63 1
2006 0 -64 0
2007 0 -64 0
2008 0 -64 0
2009 0 -64 0
2010 0 -64 0
2011 0 -64 0
2012 0 -64 0
2013 1 63 1
2014 0 -64 0
2015 0 -64 0
2016 0 -64 0
2017 0 -64 0
2018 0 -64 0
2019 1 63 1
2020 1 63 1
2021 0 -64 0
2022 1 63 1
2023 0 -64 0
2024 0 -64 0
2025 1 63 1
2026 0 -64 0
2027 0 -64 0
2028 1 63 1
2029 0 -64 0
2030 0 -64 0
2031 1 63 1
2032 1 63 1
2033 0 -64 0
2034 0 -64 0
2035 1 63 1
2036 1 63 1
2037 1 63 1
2038 1 63 1
2039 0 -64 0
2040 0 -64 0
2041 0 -64 0
2042 0 -64 0
2043 1 63 1
2044 1 63 1
2045 0 -64 0
2046 1 63 1
2047 1 63 1
2048 1 63 1
2049 0 -64 0
2050 1 63 1
2051 0 -64 0
2052 1 63 1
2053 1 63 1
2054 1 63 1
2055 0 -64 0
2056 0 -64 0
2057 0 -64 0
2058 0 -64 0
2059 0 -64 0
2060 0 -64 0
2061 1 63 1
2062 1 63 1
2063 1 63 1
2064 1 63 1
2065 0 -64 0
2066 1 27 1
2067 0 -64 0
2068 0 -64 0
2069 0 -64 0
2070 0 -64 0
2071 0 -64 0
2072 1 63 1
2073 1 63 1
2074 1 63 1
2075 1 63 1
2076 1 63 1
2077 1 63 1
2078 1 63 1
2079 1 63 1
2080 1 63 1
2081 0 -64 0
2082 0 -64 0
2083 1 63 1
2084 1 63 1
2085 1 63 1
2086 0 -64 0
2087 1 63 1
2088 0 -64 0
2089 0 -34 0
2090 1 63 1
2091 0 -64 0
2092 1 63 1
2093 0 -64 0
2094 0 -64 0
2095 1 63 1
2096 0 -64 0
2097 0 -64 0
2098 1 63 1
2099 1 63 1
2100 1 63 1
2101 0 -64 0
2102 0 -64 0
2103 0 -64 0
2104 0 -64 0
2105 0 -64 0
2106 1 63 1
2107 1 63 1
2108 1 63 1
2109 1 63 1
2110 1 63 1
2111 1 63 1
2112 1 63 1
2113 0 -64 0
2114 1 63 1
2115 1 63 1
2116 0 -64 0
2117 1 63 1
2118 1 63 1
2119 0 -64 0
2120 0 -58 0
2121 0 -64 0
2122 1 63 1
2123 1 63 1
2124 1 63 1
2125 1 63 1
2126 1 63 1
2127 1 63 1
2128 0 -64 0
2129 1 63 1
2130 0 -64 0
2131 1 63 1
2132 1 63 1
2133 1 63 1
2134 1 63 1
2135 1 63 1
2136 0 -64 0
2137 0 -64 0
2138 0 -64 0
2139 1 63 1
2140 1 63 1
2141 1 63 1
2142 0 -64 0
2143 1 63 1
2144 0 -64 0
2145 1 63 1
2146 1 63 1
2147 1 63 1
2148 0 -64 0
2149 0 -64 0
2150 1 63 1
2151 0 -64 0
2152 0 -64 0
2153 1 63 1
2154 1 63 1
2155 0 -64 0
2156 0 -64 0
2157 0 -64 0
2158 1 63 1
2159 1 63 1
2160 1 63 1
2161 0 -64 0
2162 0 -64 0
2163 0 -64 0
2164 0 -64 0
2165 0 -64 0
2166 0 -64 0
2167 0 -64 0
2168 0 -64 0
2169 0 -64 0
2170 0 -64 0
2171 1 63 1
2172 1 63 1
2173 0 -64 0
2174 1 63 1
2175 1 63 1
2176 0 -64 0
2177 0 -64 0
2178 1 63 1
2179 0 -64 0
2180 0 -64 0
2181 0 -64 0
2182 0 -64 0
2183 1 63 1
2184 0 -64 0
2185 0 -64 0
2186 0 -64 0
2187 1 63 1
2188 1 63 1
2189 1 63 1
2190 0 -64 0
2191 1 63 1
2192 0 -64 0
2193 0 -64 0
2194 1 63 1
2195 0 -64 0
2196 0 -64 0
2197 1 63 1
2198 0 -64 0
2199 0 -58 0
2200 0 -64 0
2201 0 -64 0
2202 0 -64 0
2203 0 -64 0
2204 1 63 1
2205 1 63 1
2206 0 -64 0
2207 1 63 1
2208 0 -64 0
2209 1 63 1
2210 0 -64 0
2211 1 63 1
2212 0 -64 0
2213 0 -64 0
2214 1 63 1
2215 0 -64 0
2216 0 -64 0
2217 0 -64 0
2218 0 -64 0
2219 1 63 1
2220 0 -64 0
2221 0 -64 0
2222 1 63 1
2223 0 -64 0
2224 0 -64 0
2225 0 -64 0
2226 1 63 1
2227 0 -64 0
2228 1 63 1
2229 0 -64 0
2230 1 63 1
2231 0 -64 0
2232 0 -64 0
2233 0 -64 0
2234 1 63 1
2235 0 -58 0
2236 0 -64 0
2237 1 63 1
2238 1 63 1
2239 1 63 1
2240 0 -64 0
2241 0 -64 0
2242 1 63 1
2243 0 -64 0
2244 1 63 1
2245 1 63 1
2246 1 63 1
2247 0 -64 0
2248 1 63 1
2249 0 -64 0
2250 0 -59 0
2251 1 63 1
2252 1 63 1
2253 0 -64 0
2254 0 -64 0
2255 1 63 1
2256 0 -64 0
2257 1 63 1
2258 0 -64 0
2259 0 -64 0
2260 0 -64 0
2261 1 63 1
2262 0 -64 0
2263 0 -64 0
2264 0 -64 0
2265 0 -64 0
2266 0 -64 0
2267 0 -64 0
2268 1 63 1
2269 0 -64 0
2270 1 63 1
2271 1 63 1
2272 1 63 1
2273 1 60 1
2274 1 63 1
2275 1 63 1
2276 1 63 1
2277 0 -64 0
2278 0 -64 0
2279 1 63 1
2280 0 -64 0
2281 1 63 1
2282 0 -64 0
2283 0 -64 0
2284 0 -64 0
2285 1 63 1
2286 1 63 1
2287 0 -64 0
2288 0 -64 0
2289 0 -64 0
2290 1 63 1
2291 0 -64 0
2292 0 -64 0
2293 0 -64 0
2294 1 63 1
2295 0 -64 0
2296 1 63 1
2297 0 -64 0
2298 0 -64 0
2299 0 -64 0
2300 1 63 1
2301 1 63 1
2302 1 63 1
2303 1 63 1
2304 1 -36 0
2305 1 63 1
2306 1 63 1
2307 0 -64 0
2308 1 63 1
2309 1 63 1
2310 1 63 1
2311 1 63 1
2312 0 -64 0
2313 0 -64 0
2314 0 -64 0
2315 0 -64 0
2316 0 -64 0
2317 0 -64 0
2318 0 -64 0
2319 0 -64 0
2320 0 -64 0
2321 0 -64 0
2322 1 63 1
2323 1 63 1
2324 0 -64 0
2325 0 -64 0
2326 0 -64 0
2327 0 -64 0
2328 0 -64 0
2329 1 63 1
2330 0 -64 0
2331 1 63 1
2332 1 63 1
2333 1 63 1
2334 1 63 1
2335 1 63 1
2336 0 -64 0
2337 1 63 1
2338 0 -64 0
2339 1 63 1
2340 0 -64 0
2341 1 63 1
2342 0 -64 0
2343 1 63 1
2344 1 63 1
2345 1 63 1
2346 0 -64 0
2347 0 -64 0
2348 1 63 1
2349 1 -64 0
2350 0 -64 0
2351 0 -64 0
2352 1 63 1
2353 0 -64 0
2354 1 63 1
2355 1 63 1
2356 0 -64 0
2357 1 63 1
2358 0 -56 0
2359 1 63 1
2360 0 -64 0
2361 0 -64 0
2362 0 -64 0
2363 1 63 1
2364 0 -64 0
2365 1 63 1
2366 1 63 1
2367 0 -64 0
2368 1 63 1
2369 1 63 1
2370 1 63 1
2371 0 -64 0
2372 1 63 1
2373 0 -64 0
2374 1 63 1
2375 1 63 1
2376 0 -64 0
2377 0 -57 0
2378 0 -64 0
2379 1 63 1
2380 1 63 1
2381 0 -54 0
2382 0 -64 0
2383 0 -64 0
2384 0 -64 0
2385 1 63 1
2386 1 63 1
2387 0 -64 0
2388 1 63 1
2389 1 63 1
2390 1 63 1
2391 0 -64 0
2392 0 -64 0
2393 1 63 1
2394 0 -64 0
2395 0 -64 0
2396 1 63 1
2397 1 63 1
2398 0 -64 0
2399 0 -64 0
2400 1 63 1
2401 0 -64 0
2402 1 63 1
2403 1 63 1
2404 0 -64 0
2405 0 -64 0
2406 0 -64 0
2407 1 63 1
2408 0 57 1
2409 0 -64 0
2410 0 -64 0
2411 0 -64 0
2412 0 -64 0
2413 0 -64 0
2414 1 63 1
2415 1 63 1
2416 1 63 1
2417 0 -64 0
2418 1 63 1
2419 1 63 1
2420 0 -64 0
2421 0 -64 0
2422 1 63 1
2423 1 63 1
2424 0 -64 0
2425 1 63 1
2426 0 -64 0
2427 0 -64 0
2428 0 -64 0
2429 0 -64 0
2430 1 63 1
2431 0 -64 0
2432 1 63 1
2433 1 63 1
2434 0 -64 0
2435 1 63 1
2436 1 63 1
2437 1 63 1
2438 1 63 1
2439 0 -64 0
2440 1 63 1
2441 1 63 1
2442 1 63 1
2443 1 63 1
2444 1 63 1
2445 0 -64 0
2446 0 -64 0
2447 1 63 1
2448 0 -64 0
2449 0 -64 0
2450 1 63 1
2451 0 -64 0
2452 0 -64 0
2453 0 -64 0
2454 0 -64 0
2455 1 63 1
2456 1 63 1
2457 0 -64 0
2458 0 -64 0
2459 1 63 1
2460 1 63 1
2461 1 63 1
2462 0 -64 0
2463 0 -64 0
2464 1 63 1
2465 0 -64 0
2466 0 -64 0
2467 0 -64 0
2468 0 -64 0
2469 1 63 1
2470 1 63 1
2471 0 -64 0
2472 0 -64 0
2473 0 -64 0
2474 0 -64 0
2475 1 63 1
2476 1 63 1
2477 0 -64 0
2478 0 -64 0
2479 0 -64 0
2480 1 63 1
2481 1 63 1
2482 1 63 1
2483 1 63 1
2484 1 63 1
2485 1 63 1
2486 0 -64 0
2487 1 63 1
2488 0 -64 0
2489 1 63 1
2490 0 -64 0
2491 1 63 1
2492 0 -64 0
2493 1 63 1
2494 0 -64 0
2495 1 63 1
2496 1 63 1
2497 1 63 1
2498 0 -64 0
2499 0 -64 0
2500 0 -64 0
2501 0 -64 0
2502 0 -64 0
2503 1 63 1
2504 1 63 1
2505 0 -64 0
2506 1 63 1
2507 1 63 1
2508 1 63 1
2509 0 -64 0
2510 0 -64 0
2511 1 63 1
2512 1 63 1
2513 0 -64 0
2514 0 -64 0
2515 0 -64 0
2516 1 -64 0
2517 0 -64 0
2518 1 63 1
2519 0 -64 0
2520 0 -64 0
2521 1 63 1
2522 0 -64 0
2523 1 63 1
2524 0 -64 0
2525 1 63 1
2526 0 -64 0
2527 0 -64 0
2528 1 63 1
2529 1 63 1
2530 1 63 1
2531 0 -64 0
2532 0 -64 0
2533 1 63 1
2534 0 -64 0
2535 1 63 1
2536 0 -64 0
2537 0 -64 0
2538 0 63 1
2539 0 -64 0
2540 0 -64 0
2541 1 63 1
2542 1 46 1
2543 0 -64 0
2544 1 63 1
2545 1 63 1
2546 0 -64 0
2547 1 63 1
2548 0 -64 0
2549 1 63 1
2550 0 -64 0
2551 0 -64 0
2552 0 -64 0
2553 0 -64 0
2554 1 63 1
2555 0 -64 0
2556 1 63 1
2557 0 -64 0
2558 0 -64 0
2559 1 63 1
2560 0 -64 0
2561 0 -64 0
2562 0 -64 0
2563 0 -64 0
2564 1 63 1
2565 1 34 1
2566 1 63 1
2567 1 63 1
2568 1 63 1
2569 0 -64 0
2570 0 -64 0
2571 0 -64 0
2572 1 63 1
2573 0 -64 0
2574 1 63 1
2575 0 -64 0
2576 0 -64 0
2577 1 63 1
2578 0 -64 0
2579 0 -64 0
2580 1 63 1
2581 1 63 1
2582 0 -64 0
2583 0 -64 0
2584 1 63 1
2585 0 -64 0
2586 1 63 1
2587 0 -64 0
2588 0 -64 0
2589 0 -64 0
2590 0 -64 0
2591 0 -64 0
2592 1 63 1
2593 1 63 1
2594 0 -64 0
2595 1 63 1
2596 0 -47 0
2597 1 63 1
2598 1 63 1
2599 0 -64 0
2600 1 63 1
2601 1 63 1
2602 0 -64 0
2603 0 -64 0
2604 1 63 1
2605 1 63 1
2606 1 63 1
2607 1 63 1
2608 0 -64 0
2609 1 63 1
2610 0 -64 0
2611 1 63 1
2612 0 -64 0
2613 0 -64 0
2614 0 -64 0
2615 0 -64 0
2616 1 63 1
2617 1 63 1
2618 0 -64 0
2619 1 63 1
2620 1 63 1
2621 0 -64 0
2622 0 -64 0
2623 0 -64 0
2624 0 -64 0
2625 0 -64 0
2626 1 63 1
2627 0 -64 0
2628 1 63 1
2629 1 63 1
2630 1 63 1
2631 1 63 1
2632 0 -64 0
2633 0 -64 0
2634 0 -64 0
2635 1 63 1
2636 0 -64 0
2637 1 63 1
2638 0 -64 0
2639 0 -64 0
2640 1 63 1
2641 0 -64 0
2642 0 -64 0
2643 0 -64 0
2644 1 63 1
2645 0 -64 0
2646 1 -64 0
2647 1 63 1
2648 1 63 1
2649 0 -64 0
2650 1 63 1
2651 0 -64 0
2652 1 63 1
2653 0 -64 0
2654 1 63 1
2655 1 63 1
2656 1 63 1
2657 0 -64 0
2658 1 63 1
2659 1 63 1
2660 0 -64 0
2661 0 -64 0
2662 1 63 1
2663 1 63 1
2664 0 -64 0
2665 0 -64 0
2666 1 63 1
2667 0 -64 0
2668 1 63 1
2669 0 -64 0
2670 1 63 1
2671 0 -64 0
2672 1 63 1
2673 0 -64 0
2674 1 63 1
2675 1 63 1
2676 0 -64 0
2677 0 -64 0
2678 1 63 1
2679 1 63 1
2680 1 63 1
2681 1 63 1
2682 0 -64 0
2683 0 -64 0
2684 0 -64 0
2685 0 -64 0
2686 1 63 1
2687 1 63 1
2688 1 63 1
2689 1 63 1
2690 1 63 1
2691 0 -64 0
2692 0 -64 0
2693 0 -64 0
2694 0 -64 0
2695 1 63 1
2696 0 36 1
2697 1 63 1
2698 0 -64 0
2699 1 63 1
2700 0 -64 0
2701 1 63 1
2702 0 -64 0
2703 1 63 1
2704 1 63 1
2705 1 63 1
2706 1 63 1
2707 0 -64 0
2708 0 -64 0
2709 0 -64 0
2710 0 -64 0
2711 1 52 1
2712 0 -64 0
2713 1 63 1
2714 0 -54 0
2715 1 63 1
2716 0 -64 0
2717 0 -64 0
2718 0 -64 0
2719 0 -64 0
2720 0 -64 0
2721 1 63 1
2722 0 -64 0
2723 1 63 1
2724 1 63 1
2725 1 63 1
2726 0 -64 0
2727 1 63 1
2728 1 63 1
2729 0 -64 0
2730 0 -64 0
2731 1 63 1
2732 0 -64 0
2733 0 -64 0
2734 1 63 1
2735 1 63 1
2736 1 63 1
2737 0 -64 0
2738 0 -64 0
2739 0 -64 0
2740 1 63 1
2741 1 63 1
2742 1 63 1
2743 1 63 1
2744 0 -58 0
2745 0 -64 0
2746 1 63 1
2747 0 -64 0
2748 0 -64 0
2749 1 63 1
2750 1 63 1
2751 0 -64 0
2752 1 63 1
2753 1 63 1
2754 0 -64 0
2755 0 -64 0
2756 0 -64 0
2757 0 -64 0
2758 0 -64 0
2759 0 -64 0
2760 1 63 1
2761 1 63 1
2762 0 -64 0
2763 1 63 1
2764 1 63 1
2765 0 -64 0
2766 1 63 1
2767 0 -64 0
2768 1 63 1
2769 0 -64 0
2770 0 -64 0
2771 0 -64 0
2772 1 63 1
2773 1 63 1
2774 0 -64 0
2775 1 63 1
2776 0 -64 0
2777 1 63 1
2778 0 -64 0
2779 0 -62 0
2780 1 40 1
2781 1 63 1
2782 1 63 1
2783 0 -64 0
2784 1 63 1
2785 1 63 1
2786 0 -64 0
2787 1 63 1
2788 0 -64 0
2789 0 -64 0
2790 1 63 1
2791 1 63 1
2792 0 -64 0
2793 0 -64 0
2794 1 63 1
2795 0 -64 0
2796 1 63 1
2797 0 -64 0
2798 1 63 1
2799 0 -64 0
2800 0 -64 0
2801 0 -64 0
2802 1 63 1
2803 0 -64 0
2804 0 -64 0
2805 1 63 1
2806 0 -64 0
2807 0 -64 0
2808 1 63 1
2809 0 -64 0
2810 1 63 1
2811 1 63 1
2812 0 -64 0
2813 1 63 1
2814 1 63 1
2815 1 63 1
2816 1 63 1
2817 0 -64 0
2818 0 -64 0
2819 0 -64 0
2820 0 -64 0
2821 1 63 1
2822 1 63 1
2823 0 -64 0
2824 0 -64 0
2825 0 -64 0
2826 1 63 1
2827 1 63 1
2828 1 63 1
2829 1 63 1
2830 1 -64 0
2831 0 -64 0
2832 1 63 1
2833 0 -64 0
2834 0 -39 0
2835 1 63 1
2836 1 63 1
2837 1 63 1
2838 1 63 1
2839 1 63 1
2840 1 63 1
2841 0 -64 0
2842 1 63 1
2843 1 63 1
2844 1 63 1
2845 1 63 1
2846 1 63 1
2847 0 -64 0
2848 1 63 1
2849 1 63 1
2850 0 -64 0
2851 0 -64 0
2852 1 63 1
2853 1 63 1
2854 0 -64 0
2855 0 -64 0
2856 1 63 1
2857 0 -45 0
2858 0 -64 0
2859 0 -64 0
2860 1 63 1
2861 1 63 1
2862 1 63 1
2863 0 -64 0
2864 0 -64 0
2865 1 63 1
2866 1 63 1
2867 1 63 1
2868 0 -64 0
2869 1 63 1
2870 1 63 1
2871 0 -64 0
2872 1 63 1
2873 1 -64 0
2874 0 -64 0
2875 0 -64 0
2876 1 63 1
2877 0 -64 0
2878 0 -64 0
2879 0 -64 0
2880 0 -64 0
2881 0 -64 0
2882 0 -64 0
2883 0 -64 0
2884 1 63 1
2885 1 63 1
2886 0 -64 0
2887 0 -64 0
2888 0 -58 0
2889 1 63 1
2890 0 -64 0
2891 1 63 1
2892 0 -64 0
2893 1 63 1
2894 1 63 1
2895 0 -64 0
2896 0 -64 0
2897 0 -64 0
2898 1 63 1
2899 0 -64 0
2900 1 63 1
2901 1 63 1
2902 1 63 1
2903 1 63 1
2904 1 63 1
2905 0 -64 0
2906 0 -64 0
2907 1 63 1
2908 1 63 1
2909 0 -64 0
2910 0 -64 0
2911 1 63 1
2912 0 -64 0
2913 1 63 1
2914 1 63 1
2915 1 63 1
2916 0 -64 0
2917 1 63 1
2918 1 63 1
2919 1 63 1
2920 1 63 1
2921 1 63 1
2922 1 63 1
2923 0 -64 0
2924 0 -64 0
2925 1 63 1
2926 0 -64 0
2927 0 -64 0
2928 0 -64 0
2929 0 -64 0
2930 1 63 1
2931 1 63 1
2932 1 63 1
2933 1 63 1
2934 1 63 1
2935 1 63 1
2936 0 -64 0
2937 1 63 1
2938 1 63 1
2939 0 -64 0
2940 1 63 1
2941 0 -64 0
2942 0 -64 0
2943 1 63 1
2944 0 -64 0
2945 0 -64 0
2946 1 63 1
2947 1 63 1
2948 0 -64 0
2949 0 -64 0
2950 1 63 1
2951 1 63 1
2952 0 -64 0
2953 1 63 1
2954 0 -64 0
2955 0 -64 0
2956 0 -64 0
2957 0 -64 0
2958 1 63 1
2959 0 -64 0
2960 0 -64 0
2961 1 63 1
2962 0 -64 0
2963 1 63 1
2964 1 63 1
2965 1 63 1
2966 1 63 1
2967 0 -64 0
2968 0 -64 0
2969 1 63 1
2970 1 63 1
2971 0 -64 0
2972 0 -64 0
2973 0 -64 0
2974 1 63 1
2975 0 -64 0
2976 0 -64 0
2977 1 63 1
2978 1 63 1
2979 0 -64 0
2980 0 -64 0
2981 0 -64 0
2982 0 -64 0
2983 0 -64 0
2984 0 -64 0
2985 0 -64 0
2986 1 63 1
2987 1 63 1
2988 1 63 1
2989 0 -64 0
2990 0 -64 0
2991 0 -64 0
2992 0 -64 0
2993 0 -64 0
2994 0 -64 0
2995 1 63 1
2996 0 -64 0
2997 0 -64 0
2998 1 63 1
2999 0 -64 0
3000 0 -64 0
3001 1 63 1
3002 0 -64 0
3003 1 59 1
3004 1 63 1
3005 0 -64 0
3006 0 -51 0
3007 0 -64 0
3008 1 63 1
3009 0 -64 0
3010 1 63 1
3011 0 -64 0
3012 1 63 1
3013 0 -64 0
3014 0 -64 0
3015 0 -64 0
3016 1 63 1
3017 0 -64 0
3018 1 63 1
3019 0 -64 0
3020 1 63 1
3021 0 -64 0
3022 0 -64 0
3023 1 63 1
3024 0 -64 0
3025 1 63 1
3026 0 -64 0
3027 0 -64 0
3028 0 -64 0
3029 1 63 1
3030 0 -64 0
3031 1 63 1
3032 0 -64 0
3033 0 -64 0
3034 1 63 1
3035 1 63 1
3036 0 -64 0
3037 1 63 1
3038 1 63 1
3039 0 -64 0
3040 0 -64 0
3041 1 62 1
3042 1 63 1
3043 1 63 1
3044 0 -64 0
3045 1 63 1
3046 1 63 1
3047 0 -64 0
3048 0 -64 0
3049 0 -64 0
3050 0 63 1
3051 0 -64 0
3052 1 63 1
3053 0 -64 0
3054 0 -64 0
3055 1 63 1
3056 0 -64 0
3057 1 63 1
3058 0 -64 0
3059 1 63 1
3060 1 63 1
3061 1 63 1
3062 0 -64 0
3063 1 63 1
3064 0 -64 0
3065 0 -64 0
3066 1 63 1
3067 0 -64 0
3068 1 63 1
3069 1 63 1
3070 1 63 1
3071 0 -64 0
3072 0 -40 0
3073 0 -64 0
3074 1 63 1
3075 1 63 1
3076 0 -64 0
3077 1 63 1
3078 1 63 1
3079 0 -64 0
3080 1 63 1
3081 1 63 1
3082 0 -64 0
3083 1 63 1
3084 1 63 1
3085 1 63 1
3086 0 -64 0
3087 0 -64 0
3088 0 -64 0
3089 0 -64 0
3090 0 -64 0
3091 0 -64 0
3092 0 -64 0
3093 0 -64 0
3094 0 -64 0
3095 1 63 1
3096 1 63 1
3097 1 63 1
3098 1 63 1
3099 1 63 1
3100 1 63 1
3101 0 -64 0
3102 0 -64 0
3103 1 63 1
3104 0 -64 0
3105 1 63 1
3106 0 -64 0
3107 1 63 1
3108 1 63 1
3109 0 -64 0
3110 1 63 1
3111 1 63 1
3112 1 63 1
3113 1 63 1
3114 0 -64 0
3115 0 -64 0
3116 1 63 1
3117 0 -64 0
3118 1 63 1
3119 1 63 1
3120 1 63 1
3121 1 63 1
3122 0 -64 0
3123 0 -64 0
3124 0 -64 0
3125 0 -64 0
3126 1 56 1
3127 1 63 1
3128 0 -64 0
3129 1 63 1
3130 1 63 1
3131 1 63 1
3132 0 -64 0
3133 1 63 1
3134 1 63 1
3135 1 63 1
3136 1 63 1
3137 0 -64 0
3138 1 63 1
3139 0 -64 0
3140 1 63 1
3141 1 63 1
3142 0 -64 0
3143 1 63 1
3144 1 63 1
3145 1 63 1
3146 1 63 1
3147 0 -64 0
3148 1 63 1
3149 1 -64 0
3150 1 63 1
3151 1 63 1
3152 0 -62 0
3153 1 63 1
3154 0 -64 0
3155 1 63 1
3156 1 63 1
3157 1 63 1
3158 0 -64 0
3159 0 -64 0
3160 1 63 1
3161 1 63 1
3162 1 63 1
3163 0 -64 0
3164 0 -64 0
3165 0 -64 0
3166 0 -64 0
3167 0 -64 0
3168 1 63 1
3169 0 -64 0
3170 0 -64 0
3171 0 -64 0
3172 1 63 1
3173 0 -64 0
3174 0 -64 0
3175 1 63 1
3176 1 63 1
3177 1 63 1
3178 1 63 1
3179 1 63 1
3180 1 63 1
3181 1 63 1
3182 0 -64 0
3183 1 63 1
3184 1 63 1
3185 0 -64 0
3186 0 -64 0
3187 0 -64 0
3188 0 -64 0
3189 0 -64 0
3190 1 63 1
3191 0 -64 0
3192 1 63 1
3193 0 -64 0
3194 0 -64 0
3195 1 -64 0
3196 0 -64 0
3197 0 -64 0
3198 0 -64 0
3199 1 63 1
3200 0 -59 0
3201 0 -64 0
3202 0 -64 0
3203 0 -64 0
3204 0 -64 0
3205 0 -64 0
3206 1 63 1
3207 0 -64 0
3208 1 63 1
3209 1 63 1
3210 1 63 1
3211 0 -64 0
3212 0 -64 0
3213 1 63 1
3214 0 -64 0
3215 0 -64 0
3216 1 63 1
3217 0 -64 0
3218 1 63 1
3219 1 63 1
3220 1 63 1
3221 0 -64 0
3222 0 -64 0
3223 1 63 1
3224 1 63 1
3225 0 -64 0
3226 0 -64 0
3227 0 -64 0
3228 0 -64 0
3229 0 -64 0
3230 0 -64 0
3231 1 63 1
3232 0 -64 0
3233 0 -64 0
3234 1 63 1
3235 0 -64 0
3236 1 63 1
3237 0 -64 0
3238 0 -64 0
3239 1 63 1
3240 1 63 1
3241 0 -64 0
3242 1 63 1
3243 0 -64 0
3244 0 -64 0
3245 0 -64 0
3246 0 -64 0
3247 1 63 1
3248 0 -64 0
3249 1 63 1
3250 1 63 1
3251 1 63 1
3252 0 -64 0
3253 0 -64 0
3254 0 -64 0
3255 0 -64 0
3256 0 -64 0
3257 0 -64 0
3258 0 -64 0
3259 1 63 1
3260 0 -64 0
3261 0 -64 0
3262 1 63 1
3263 1 63 1
3264 1 63 1
3265 0 -64 0
3266 1 63 1
3267 1 63 1
3268 0 -64 0
3269 0 -64 0
3270 0 -64 0
3271 0 -64 0
3272 1 63 1
3273 0 -64 0
3274 1 63 1
3275 0 -64 0
3276 1 63 1
3277 1 63 1
3278 1 63 1
3279 0 -64 0
3280 1 63 1
3281 0 -64 0
3282 0 -64 0
3283 1 63 1
3284 1 63 1
3285 1 63 1
3286 0 -64 0
3287 0 -64 0
3288 0 -64 0
3289 1 63 1
3290 1 63 1
3291 1 63 1
3292 1 63 1
3293 0 -64 0
3294 1 63 1
3295 1 55 1
3296 0 -64 0
3297 0 -64 0
3298 1 63 1
3299 0 -64 0
3300 0 -64 0
3301 0 -64 0
3302 1 63 1
3303 1 63 1
3304 1 63 1
3305 1 63 1
3306 0 -64 0
3307 1 63 1
3308 1 63 1
3309 0 -64 0
3310 1 63 1
3311 0 -64 0
3312 1 63 1
3313 0 -64 0
3314 0 -64 0
3315 0 -64 0
3316 0 -64 0
3317 0 -64 0
3318 1 63 1
3319 0 -64 0
3320 1 63 1
3321 1 51 1
3322 0 -64 0
3323 1 63 1
3324 0 -64 0
3325 0 -64 0
3326 0 -64 0
3327 0 -64 0
3328 1 63 1
3329 0 -64 0
3330 1 63 1
3331 1 63 1
3332 1 63 1
3333 1 45 1
3334 0 -64 0
3335 0 -64 0
3336 0 -64 0
3337 0 -64 0
3338 0 -64 0
3339 1 63 1
3340 1 63 1
3341 0 -64 0
3342 1 63 1
3343 0 -64 0
3344 0 -64 0
3345 0 -64 0
3346 0 -64 0
3347 0 -64 0
3348 1 63 1
3349 1 63 1
3350 1 63 1
3351 1 63 1
3352 0 -64 0
3353 1 63 1
3354 0 -64 0
3355 0 -64 0
3356 1 63 1
3357 1 63 1
3358 0 -64 0
3359 1 63 1
3360 0 -64 0
3361 1 63 1
3362 0 -64 0
3363 1 63 1
3364 0 -41 0
3365 0 -64 0
3366 1 63 1
3367 0 -64 0
3368 1 63 1
3369 0 -64 0
3370 0 -64 0
3371 1 63 1
3372 1 63 1
3373 0 -64 0
3374 1 63 1
3375 1 63 1
3376 0 -64 0
3377 0 -64 0
3378 0 -64 0
3379 1 63 1
3380 0 -64 0
3381 0 -64 0
3382 1 63 1
3383 1 63 1
3384 1 63 1
3385 0 -64 0
3386 1 63 1
3387 1 63 1
3388 0 -64 0
3389 0 -64 0
3390 1 63 1
3391 0 -64 0
3392 0 -64 0
3393 0 -64 0
3394 1 63 1
3395 0 -64 0
3396 0 -64 0
3397 1 63 1
3398 1 63 1
3399 0 -64 0
3400 0 -64 0
3401 1 63 1
3402 1 63 1
3403 1 63 1
3404 0 -64 0
3405 1 63 1
3406 0 -64 0
3407 0 -64 0
3408 0 -64 0
3409 0 -64 0
3410 0 63 1
3411 0 -64 0
3412 0 -64 0
3413 0 -64 0
3414 0 -64 0
3415 1 63 1
3416 0 -64 0
3417 1 63 1
3418 0 -64 0
3419 0 -64 0
3420 0 -64 0
3421 0 -64 0
3422 1 63 1
3423 1 63 1
3424 1 63 1
3425 0 -64 0
3426 0 -64 0
3427 1 63 1
3428 1 63 1
3429 1 63 1
3430 1 63 1
3431 0 -64 0
3432 0 -64 0
3433 0 63 1
3434 1 63 1
3435 0 -64 0
3436 1 63 1
3437 1 63 1
3438 1 63 1
3439 0 -64 0
3440 1 63 1
3441 0 -64 0
3442 0 -64 0
3443 0 -64 0
3444 1 63 1
3445 0 -64 0
3446 1 63 1
3447 0 -64 0
3448 0 -64 0
3449 0 -64 0
3450 1 63 1
3451 0 -64 0
3452 0 -64 0
3453 0 -64 0
3454 1 63 1
3455 0 -64 0
3456 1 63 1
3457 0 -64 0
3458 1 63 1
3459 0 -64 0
3460 1 63 1
3461 1 63 1
3462 0 -64 0
3463 0 -64 0
3464 1 63 1
3465 1 63 1
3466 0 -64 0
3467 0 -64 0
3468 1 63 1
3469 0 -64 0
3470 0 -64 0
3471 0 -64 0
3472 1 63 1
3473 0 -64 0
3474 1 63 1
3475 0 -64 0
3476 1 63 1
3477 1 63 1
3478 0 -64 0
3479 0 -47 0
3480 0 -64 0
3481 1 63 1
3482 1 63 1
3483 1 63 1
3484 0 -64 0
3485 1 63 1
3486 1 63 1
3487 0 -64 0
3488 0 -64 0
3489 1 63 1
3490 1 63 1
3491 0 -64 0
3492 0 -64 0
3493 1 63 1
3494 0 -64 0
3495 0 -64 0
3496 0 -64 0
3497 1 63 1
3498 0 -64 0
3499 1 63 1
3500 0 -64 0
3501 0 -64 0
3502 1 63 1
3503 1 63 1
3504 1 63 1
3505 0 -64 0
3506 1 63 1
3507 1 63 1
3508 0 -64 0
3509 1 63 1
3510 1 63 1
3511 0 -64 0
3512 1 63 1
3513 0 -64 0
3514 1 63 1
3515 0 -64 0
3516 0 -64 0
3517 0 -64 0
3518 1 63 1
3519 0 -64 0
3520 1 63 1
3521 1 63 1
3522 1 63 1
3523 0 -64 0
3524 1 63 1
3525 0 -64 0
3526 0 -64 0
3527 0 -64 0
3528 1 63 1
3529 0 -64 0
3530 1 63 1
3531 1 63 1
3532 0 -64 0
3533 0 -64 0
3534 0 -64 0
3535 0 -64 0
3536 1 63 1
3537 1 63 1
3538 0 -64 0
3539 1 63 1
3540 0 -64 0
3541 1 63 1
3542 0 -64 0
3543 0 -64 0
3544 0 -64 0
3545 1 63 1
3546 0 -64 0
3547 1 63 1
3548 1 54 1
3549 1 63 1
3550 1 63 1
3551 1 63 1
3552 1 63 1
3553 1 63 1
3554 1 63 1
3555 0 -64 0
3556 1 63 1
3557 1 63 1
3558 0 -64 0
3559 1 63 1
3560 1 63 1
3561 0 -64 0
3562 0 -64 0
3563 0 -64 0
3564 1 63 1
3565 1 63 1
3566 1 63 1
3567 1 63 1
3568 1 63 1
3569 1 63 1
3570 0 -64 0
3571 0 -64 0
3572 1 63 1
3573 1 63 1
3574 1 63 1
3575 0 -64 0
3576 0 -64 0
3577 1 63 1
3578 0 -64 0
3579 1 63 1
3580 1 63 1
3581 1 63 1
3582 0 -64 0
3583 0 -64 0
3584 1 63 1
3585 0 -64 0
3586 1 63 1
3587 0 -58 0
3588 0 -64 0
3589 1 63 1
3590 1 63 1
3591 0 -64 0
3592 0 -64 0
3593 0 -64 0
3594 1 63 1
3595 1 63 1
3596 1 63 1
3597 0 -64 0
3598 1 63 1
3599 1 63 1
3600 1 63 1
3601 1 63 1
3602 0 -51 0
3603 0 -64 0
3604 0 -64 0
3605 1 63 1
3606 1 63 1
3607 0 -64 0
3608 0 -64 0
3609 1 63 1
3610 0 -64 0
3611 1 63 1
3612 1 63 1
3613 1 63 1
3614 1 63 1
3615 1 63 1
3616 1 63 1
3617 0 -64 0
3618 1 63 1
3619 1 63 1
3620 0 -64 0
3621 0 -64 0
3622 0 -64 0
3623 1 63 1
3624 1 63 1
3625 1 58 1
3626 1 63 1
3627 1 63 1
3628 0 -64 0
3629 0 -64 0
3630 1 63 1
3631 0 -64 0
3632 0 -64 0
3633 1 63 1
3634 1 63 1
3635 0 -64 0
3636 1 63 1
3637 0 -64 0
3638 1 63 1
3639 0 -64 0
3640 0 -64 0
3641 1 63 1
3642 1 63 1
3643 1 63 1
3644 0 -64 0
3645 1 63 1
3646 0 -64 0
3647 0 -64 0
3648 0 -64 0
3649 0 -64 0
3650 1 63 1
3651 0 43 1
3652 1 63 1
3653 0 -64 0
3654 0 -64 0
3655 1 63 1
3656 0 -64 0
3657 1 63 1
3658 0 -64 0
3659 1 63 1
3660 0 -64 0
3661 0 -64 0
3662 0 -64 0
3663 1 63 1
3664 1 63 1
3665 0 -64 0
3666 0 -64 0
3667 1 63 1
3668 1 63 1
3669 1 63 1
3670 1 63 1
3671 0 -64 0
3672 1 63 1
3673 1 63 1
3674 0 -64 0
3675 0 -64 0
3676 1 63 1
3677 0 -64 0
3678 1 63 1
3679 1 63 1
3680 1 63 1
3681 0 -64 0
3682 0 -64 0
3683 0 -64 0
3684 0 -64 0
3685 0 -64 0
3686 0 -64 0
3687 1 63 1
3688 0 -64 0
3689 1 63 1
3690 1 63 1
3691 0 -64 0
3692 1 63 1
3693 1 63 1
3694 0 -64 0
3695 1 63 1
3696 1 63 1
3697 1 63 1
3698 1 63 1
3699 0 -64 0
3700 1 63 1
3701 0 -64 0
3702 1 -64 0
3703 1 63 1
3704 0 -64 0
3705 1 63 1
3706 1 63 1
3707 0 -64 0
3708 0 -64 0
3709 1 63 1
3710 0 -64 0
3711 0 -64 0
3712 0 -64 0
3713 1 63 1
3714 0 -64 0
3715 0 -64 0
3716 0 -64 0
3717 1 63 1
3718 1 63 1
3719 1 63 1
3720 1 63 1
3721 0 -64 0
3722 1 63 1
3723 1 63 1
3724 0 -64 0
3725 1 63 1
3726 0 -64 0
3727 0 -64 0
3728 0 -64 0
3729 0 -64 0
3730 1 63 1
3731 1 63 1
3732 1 63 1
3733 1 55 1
3734 0 -64 0
3735 1 63 1
3736 0 -64 0
3737 1 63 1
3738 1 63 1
3739 0 -64 0
3740 1 63 1
3741 0 -64 0
3742 1 63 1
3743 0 -64 0
3744 1 63 1
3745 1 63 1
3746 0 -64 0
3747 1 63 1
3748 1 63 1
3749 1 63 1
3750 0 -64 0
3751 1 63 1
3752 1 63 1
3753 1 63 1
3754 0 -64 0
3755 1 63 1
3756 0 -64 0
3757 0 -64 0
3758 0 -64 0
3759 0 -64 0
3760 0 -64 0
3761 1 63 1
3762 1 63 1
3763 1 63 1
3764 0 -64 0
3765 1 63 1
3766 1 63 1
3767 1 63 1
3768 0 -64 0
3769 1 63 1
3770 0 -64 0
3771 1 50 1
3772 0 -64 0
3773 0 -64 0
3774 0 -64 0
3775 1 63 1
3776 0 -64 0
3777 1 63 1
3778 0 -64 0
3779 0 -64 0
3780 0 -64 0
3781 1 63 1
3782 0 -64 0
3783 1 63 1
3784 1 63 1
3785 1 63 1
3786 1 59 1
3787 0 -64 0
3788 1 63 1
3789 1 63 1
3790 1 63 1
3791 0 -64 0
3792 1 63 1
3793 0 -64 0
3794 0 -64 0
3795 1 63 1
3796 0 -64 0
3797 0 -54 0
3798 1 63 1
3799 1 63 1
3800 0 -64 0
3801 1 63 1
3802 0 -64 0
3803 0 -64 0
3804 0 -64 0
3805 0 -64 0
3806 1 63 1
3807 1 63 1
3808 1 63 1
3809 0 -64 0
3810 1 63 1
3811 1 63 1
3812 1 63 1
3813 1 63 1
3814 1 63 1
3815 0 -64 0
3816 1 63 1
3817 0 -64 0
3818 0 -64 0
3819 0 -64 0
3820 0 -64 0
3821 0 -64 0
3822 0 -64 0
3823 1 63 1
3824 1 63 1
3825 0 -64 0
3826 1 63 1
3827 1 63 1
3828 1 63 1
3829 0 -64 0
3830 1 63 1
3831 0 -64 0
3832 1 63 1
3833 0 -64 0
3834 0 -64 0
3835 1 63 1
3836 1 63 1
3837 1 63 1
3838 1 63 1
3839 0 -64 0
3840 0 2 1
3841 0 -64 0
3842 0 -64 0
3843 1 63 1
3844 1 63 1
3845 1 63 1
3846 1 63 1
3847 0 -64 0
3848 0 -64 0
3849 0 -64 0
3850 0 -64 0
3851 1 63 1
3852 0 -64 0
3853 0 -64 0
3854 1 63 1
3855 1 63 1
3856 1 63 1
3857 0 -64 0
3858 1 63 1
3859 1 63 1
3860 0 -64 0
3861 1 63 1
3862 0 -64 0
3863 1 63 1
3864 1 63 1
3865 0 -64 0
3866 0 -64 0
3867 0 -64 0
3868 0 -64 0
3869 1 63 1
3870 1 63 1
3871 1 63 1
3872 1 63 1
3873 0 -64 0
3874 0 -64 0
3875 0 -64 0
3876 0 -64 0
3877 1 63 1
3878 0 -64 0
3879 1 63 1
3880 1 63 1
3881 0 -64 0
3882 1 63 1
3883 1 63 1
3884 0 -64 0
3885 1 62 1
3886 0 -64 0
3887 1 63 1
3888 0 -64 0
3889 0 -64 0
3890 1 63 1
3891 0 -64 0
3892 1 63 1
3893 1 63 1
3894 0 -64 0
3895 0 -64 0
3896 0 -64 0
3897 0 -64 0
3898 1 63 1
3899 1 63 1
3900 0 -64 0
3901 1 63 1
3902 1 63 1
3903 1 63 1
3904 0 -64 0
3905 0 -64 0
3906 0 -64 0
3907 1 63 1
3908 1 63 1
3909 0 -64 0
3910 1 63 1
3911 1 63 1
3912 0 -64 0
3913 0 -64 0
3914 1 63 1
3915 0 -64 0
3916 1 63 1
3917 1 44 1
3918 1 63 1
3919 1 63 1
3920 0 -64 0
3921 0 -64 0
3922 0 -64 0
3923 0 -64 0
3924 0 -64 0
3925 0 -64 0
3926 1 63 1
3927 1 63 1
3928 1 63 1
3929 1 63 1
3930 1 63 1
3931 0 -64 0
3932 0 -64 0
3933 1 63 1
3934 0 -64 0
3935 0 -64 0
3936 1 63 1
3937 1 63 1
3938 1 63 1
3939 1 63 1
3940 0 -64 0
3941 0 -64 0
3942 0 -64 0
3943 1 63 1
3944 1 63 1
3945 1 63 1
3946 1 63 1
3947 1 63 1
3948 1 63 1
3949 1 63 1
3950 0 -64 0
3951 0 -64 0
3952 0 -64 0
3953 1 63 1
3954 0 -64 0
3955 1 49 1
3956 1 63 1
3957 0 -64 0
3958 1 63 1
3959 1 63 1
3960 0 -64 0
3961 0 -64 0
3962 1 63 1
3963 1 63 1
3964 1 63 1
3965 0 -64 0
3966 0 -64 0
3967 0 -64 0
3968 1 63 1
3969 0 -64 0
3970 0 -64 0
3971 0 -64 0
3972 0 -64 0
3973 1 63 1
3974 1 63 1
3975 0 -64 0
3976 0 -64 0
3977 1 63 1
3978 0 -64 0
3979 0 -64 0
3980 1 63 1
3981 0 -64 0
3982 1 63 1
3983 0 -64 0
3984 0 -64 0
3985 0 -64 0
3986 1 63 1
3987 1 63 1
3988 0 -64 0
3989 1 63 1
3990 1 63 1
3991 1 63 1
3992 1 63 1
3993 0 -64 0
3994 0 -64 0
3995 1 63 1
3996 1 63 1
3997 1 63 1
3998 1 63 1
3999 0 -64 0
4000 0 -64 0
4001 0 -64 0
4002 1 63 1
4003 1 63 1
4004 1 63 1
4005 0 -64 0
4006 1 63 1
4007 0 -64 0
4008 0 -64 0
4009 0 -64 0
4010 1 63 1
4011 0 -64 0
4012 1 -43 0
4013 0 -64 0
4014 1 63 1
4015 0 -64 0
4016 0 -64 0
4017 1 63 1
4018 1 63 1
4019 0 -64 0
4020 1 63 1
4021 0 -64 0
4022 1 63 1
4023 0 -64 0
4024 0 -64 0
4025 0 -64 0
4026 1 63 1
4027 0 63 1
4028 0 -64 0
4029 0 -64 0
4030 0 -64 0
4031 1 63 1
4032 1 63 1
4033 0 -64 0
4034 0 -64 0
4035 1 63 1
4036 0 -64 0
4037 0 -64 0
4038 0 -64 0
4039 1 63 1
4040 1 63 1
4041 0 -64 0
4042 0 -64 0
4043 1 63 1
4044 0 -64 0
4045 0 -64 0
4046 1 62 1
4047 1 63 1
4048 0 -64 0
4049 0 -64 0
4050 0 -64 0
4051 0 -64 0
4052 1 63 1
4053 0 -64 0
4054 0 -64 0
4055 0 -64 0
4056 1 63 1
4057 0 -64 0
4058 1 63 1
4059 1 63 1
4060 1 63 1
4061 1 63 1
4062 0 -64 0
4063 0 -64 0
4064 1 63 1
4065 0 -64 0
4066 0 -64 0
4067 1 63 1
4068 0 -64 0
4069 1 63 1
4070 1 63 1
4071 0 -64 0
4072 0 -64 0
4073 0 -64 0
4074 1 63 1
4075 0 -64 0
4076 1 63 1
4077 1 63 1
4078 0 -50 0
4079 0 -64 0
4080 0 -64 0
4081 1 63 1
4082 1 63 1
4083 0 -64 0
4084 0 -64 0
4085 1 63 1
4086 1 63 1
4087 0 -64 0
4088 1 63 1
4089 1 63 1
4090 0 -64 0
4091 1 63 1
4092 0 -64 0
4093 0 -64 0
4094 1 63 1
4095 0 -64 0
4096 0 -64 0
4097 0 63 1
4098 0 -64 0
4099 1 63 1
4100 0 62 1
4101 1 45 1
4102 1 63 1
4103 1 63 1
4104 1 63 1
4105 0 -64 0
4106 1 63 1
4107 1 63 1
4108 0 -64 0
4109 0 -64 0
4110 0 -64 0
4111 0 -64 0
4112 0 -64 0
4113 0 -64 0
4114 1 63 1
4115 1 63 1
4116 1 63 1
4117 0 -64 0
4118 0 -64 0
4119 1 63 1
4120 1 63 1
4121 1 63 1
4122 0 -64 0
4123 0 -64 0
4124 1 63 1
4125 0 -64 0
4126 0 -64 0
4127 0 -64 0
4128 0 -64 0
4129 0 -64 0
4130 0 -64 0
4131 1 63 1
4132 0 29 1
4133 0 -64 0
4134 1 63 1
4135 1 63 1
4136 0 -64 0
4137 1 63 1
4138 1 63 1
4139 1 63 1
4140 1 63 1
4141 0 -64 0
4142 1 63 1
4143 1 62 1
4144 1 63 1
4145 0 -64 0
4146 0 -64 0
4147 0 63 1
4148 1 -64 0
4149 1 63 1
4150 1 63 1
4151 1 63 1
4152 0 -64 0
4153 1 63 1
4154 0 -64 0
4155 1 63 1
4156 0 -64 0
4157 0 -64 0
4158 0 -64 0
4159 0 -64 0
4160 0 -64 0
4161 1 63 1
4162 0 -64 0
4163 0 -64 0
4164 0 -64 0
4165 0 -64 0
4166 1 63 1
4167 0 -64 0
4168 0 -64 0
4169 0 -64 0
4170 0 -64 0
4171 1 63 1
4172 0 -64 0
4173 1 63 1
4174 1 63 1
4175 1 63 1
4176 1 63 1
4177 0 -64 0
4178 0 -64 0
4179 1 63 1
4180 0 -64 0
4181 1 63 1
4182 1 63 1
4183 0 -64 0
4184 0 -64 0
4185 1 63 1
4186 1 63 1
4187 1 63 1
4188 0 -64 0
4189 0 -64 0
4190 0 -64 0
4191 0 -64 0
4192 1 63 1
4193 0 -64 0
4194 1 63 1
4195 1 63 1
4196 0 -64 0
4197 1 63 1
4198 1 63 1
4199 0 -64 0
4200 1 63 1
4201 0 -64 0
4202 0 -64 0
4203 0 61 1
4204 1 63 1
4205 1 63 1
4206 1 63 1
4207 1 63 1
4208 0 -64 0
4209 0 -58 0
4210 1 63 1
4211 1 63 1
4212 1 63 1
4213 0 -64 0
4214 0 -64 0
4215 0 -64 0
4216 1 63 1
4217 1 63 1
4218 0 -64 0
4219 0 -64 0
4220 1 63 1
4221 0 -64 0
4222 0 -64 0
4223 1 63 1
4224 0 -64 0
4225 1 63 1
4226 1 63 1
4227 0 -64 0
4228 1 63 1
4229 1 63 1
4230 1 63 1
4231 1 63 1
4232 1 63 1
4233 1 63 1
4234 0 -64 0
4235 1 63 1
4236 1 63 1
4237 0 -64 0
4238 1 63 1
4239 0 -64 0
4240 1 63 1
4241 0 -64 0
4242 1 63 1
4243 1 63 1
4244 1 63 1
4245 1 63 1
4246 0 -64 0
4247 0 -42 0
4248 0 -64 0
4249 0 -64 0
4250 0 -64 0
4251 0 -64 0
4252 0 -64 0
4253 1 63 1
4254 1 63 1
4255 0 -64 0
4256 0 -64 0
4257 0 -64 0
4258 1 63 1
4259 1 63 1
4260 0 -64 0
4261 1 63 1
4262 0 -64 0
4263 1 63 1
4264 0 -64 0
4265 1 63 1
4266 1 63 1
4267 1 63 1
4268 1 63 1
4269 1 63 1
4270 0 -64 0
4271 1 63 1
4272 0 -64 0
4273 0 -64 0
4274 0 -64 0
4275 0 -64 0
4276 0 -64 0
4277 1 63 1
4278 0 -64 0
4279 1 63 1
4280 1 63 1
4281 0 -64 0
4282 0 -64 0
4283 0 -64 0
4284 0 -64 0
4285 1 63 1
4286 0 -64 0
4287 0 -64 0
4288 1 63 1
4289 0 -64 0
4290 1 63 1
4291 0 -64 0
4292 0 -64 0
4293 0 63 1
4294 0 -64 0
4295 1 63 1
4296 0 -64 0
4297 1 63 1
4298 0 -64 0
4299 1 63 1
4300 1 63 1
4301 1 63 1
4302 1 63 1
4303 1 63 1
4304 1 63 1
4305 1 63 1
4306 1 63 1
4307 0 -64 0
4308 1 63 1
4309 1 63 1
4310 0 -64 0
4311 0 -64 0
4312 1 63 1
4313 1 63 1
4314 1 63 1
4315 1 63 1
4316 0 -64 0
4317 1 63 1
4318 0 -64 0
4319 1 63 1
4320 1 63 1
4321 0 -64 0
4322 1 63 1
4323 1 62 1
4324 1 63 1
4325 1 63 1
4326 1 63 1
4327 1 63 1
4328 1 63 1
4329 0 -64 0
4330 0 -64 0
4331 0 -64 0
4332 0 -64 0
4333 0 -64 0
4334 1 63 1
4335 0 -64 0
4336 1 63 1
4337 1 63 1
4338 0 -64 0
4339 1 63 1
4340 0 -64 0
4341 1 63 1
4342 1 63 1
4343 0 -64 0
4344 0 -64 0
4345 0 -64 0
4346 0 -64 0
4347 0 -64 0
4348 0 63 1
4349 1 63 1
4350 0 -64 0
4351 0 -64 0
4352 0 -64 0
4353 1 63 1
4354 0 -64 0
4355 1 63 1
4356 0 -64 0
4357 0 -64 0
4358 1 63 1
4359 1 63 1
4360 0 -64 0
4361 0 -64 0
4362 1 63 1
4363 1 63 1
4364 0 -64 0
4365 0 -64 0
4366 1 63 1
4367 0 -64 0
4368 0 -64 0
4369 0 -64 0
4370 0 34 1
4371 1 63 1
4372 1 63 1
4373 0 -64 0
4374 1 63 1
4375 0 -64 0
4376 1 63 1
4377 0 -64 0
4378 1 63 1
4379 1 63 1
4380 0 -64 0
4381 0 -64 0
4382 1 63 1
4383 0 -64 0
4384 1 63 1
4385 1 63 1
4386 1 63 1
4387 0 -64 0
4388 0 63 1
4389 1 63 1
4390 0 -64 0
4391 0 -64 0
4392 0 -64 0
4393 1 47 1
4394 0 -64 0
4395 0 -64 0
4396 1 63 1
4397 1 63 1
4398 1 63 1
4399 0 -64 0
4400 1 63 1
4401 0 -64 0
4402 0 -64 0
4403 1 63 1
4404 0 -64 0
4405 1 63 1
4406 1 63 1
4407 1 63 1
4408 0 -64 0
4409 1 63 1
4410 1 63 1
4411 1 63 1
4412 0 -64 0
4413 1 63 1
4414 0 -64 0
4415 1 63 1
4416 1 63 1
4417 1 63 1
4418 0 -64 0
4419 1 63 1
4420 1 63 1
4421 1 63 1
4422 1 63 1
4423 1 63 1
4424 0 -64 0
4425 0 -64 0
4426 1 63 1
4427 0 -64 0
4428 1 63 1
4429 1 63 1
4430 1 63 1
4431 1 63 1
4432 1 63 1
4433 0 -64 0
4434 1 63 1
4435 0 -64 0
4436 0 -64 0
4437 1 63 1
4438 1 63 1
4439 1 63 1
4440 0 -64 0
4441 1 63 1
4442 0 -64 0
4443 1 63 1
4444 0 -64 0
4445 0 -64 0
4446 1 63 1
4447 1 63 1
4448 1 63 1
4449 0 -64 0
4450 0 -64 0
4451 0 -64 0
4452 1 63 1
4453 1 63 1
4454 1 63 1
4455 1 63 1
4456 1 63 1
4457 1 63 1
4458 1 63 1
4459 0 -64 0
4460 1 63 1
4461 1 63 1
4462 1 63 1
4463 0 -64 0
4464 0 -64 0
4465 1 63 1
4466 1 63 1
4467 1 63 1
4468 0 -64 0
4469 0 -64 0
4470 1 63 1
4471 1 63 1
4472 0 -64 0
4473 0 -64 0
4474 0 -64 0
4475 1 63 1
4476 1 63 1
4477 0 -64 0
4478 1 63 1
4479 1 63 1
4480 0 -64 0
4481 0 -64 0
4482 0 -64 0
4483 1 63 1
4484 1 63 1
4485 0 -64 0
4486 1 63 1
4487 0 -64 0
4488 1 63 1
4489 1 63 1
4490 0 -64 0
4491 0 -64 0
4492 1 63 1
4493 1 63 1
4494 0 -64 0
4495 1 63 1
4496 0 -64 0
4497 0 -64 0
4498 0 -64 0
4499 0 -64 0
4500 1 63 1
4501 0 -64 0
4502 0 -64 0
4503 1 63 1
4504 0 -64 0
4505 0 -64 0
4506 1 63 1
4507 1 63 1
4508 0 -64 0
4509 1 63 1
4510 0 -64 0
4511 0 -64 0
4512 1 63 1
4513 0 -64 0
4514 0 -64 0
4515 0 -64 0
4516 0 -64 0
4517 1 63 1
4518 0 -64 0
4519 1 63 1
4520 1 63 1
4521 1 63 1
4522 0 -64 0
4523 0 -64 0
4524 1 63 1
4525 1 63 1
4526 1 63 1
4527 0 -64 0
4528 1 63 1
4529 1 63 1
4530 1 63 1
4531 1 63 1
4532 1 63 1
4533 1 63 1
4534 1 63 1
4535 0 -64 0
4536 1 63 1
4537 0 -64 0
4538 1 63 1
4539 0 -46 0
4540 1 63 1
4541 0 -64 0
4542 0 -64 0
4543 0 -64 0
4544 0 -64 0
4545 1 63 1
4546 0 -64 0
4547 0 -64 0
4548 0 -64 0
4549 0 -64 0
4550 0 -64 0
4551 1 63 1
4552 0 -64 0
4553 1 63 1
4554 1 46 1
4555 1 63 1
4556 0 -64 0
4557 0 -64 0
4558 0 -64 0
4559 0 -64 0
4560 1 63 1
4561 1 63 1
4562 1 63 1
4563 0 -64 0
4564 0 -64 0
4565 0 -64 0
4566 0 -64 0
4567 0 -64 0
4568 0 -64 0
4569 0 -64 0
4570 0 -64 0
4571 1 63 1
4572 0 -64 0
4573 1 63 1
4574 1 63 1
4575 1 63 1
4576 0 -64 0
4577 0 -64 0
4578 1 63 1
4579 0 -64 0
4580 1 63 1
4581 0 -64 0
4582 1 63 1
4583 0 -64 0
4584 1 63 1
4585 0 -64 0
4586 1 63 1
4587 1 63 1
4588 1 63 1
4589 0 -64 0
4590 0 -64 0
4591 1 63 1
4592 1 63 1
4593 0 -64 0
4594 1 63 1
4595 1 63 1
4596 1 54 1
4597 0 -64 0
4598 1 63 1
4599 1 63 1
4600 1 63 1
4601 1 63 1
4602 0 -64 0
4603 1 63 1
4604 1 63 1
4605 0 -64 0
4606 1 63 1
4607 0 -64 0
4608 1 40 1
4609 0 -64 0
4610 0 -64 0
4611 0 -64 0
4612 0 -64 0
4613 1 63 1
4614 1 63 1
4615 0 -64 0
4616 1 63 1
4617 1 63 1
4618 0 -64 0
4619 1 63 1
4620 1 63 1
4621 0 -64 0
4622 1 63 1
4623 0 -64 0
4624 1 63 1
4625 0 -64 0
4626 1 63 1
4627 0 -64 0
4628 1 63 1
4629 1 63 1
4630 0 -64 0
4631 1 63 1
4632 1 63 1
4633 1 63 1
4634 1 63 1
4635 0 -64 0
4636 1 63 1
4637 0 -64 0
4638 1 63 1
4639 1 63 1
4640 1 63 1
4641 0 -64 0
4642 1 63 1
4643 0 -64 0
4644 0 -64 0
4645 1 63 1
4646 1 63 1
4647 0 -64 0
4648 0 -64 0
4649 0 -64 0
4650 1 -64 0
4651 0 -64 0
4652 0 -64 0
4653 1 63 1
4654 1 63 1
4655 0 -64 0
4656 1 63 1
4657 1 63 1
4658 1 63 1
4659 1 63 1
4660 1 63 1
4661 0 -64 0
4662 0 -58 0
4663 1 63 1
4664 1 63 1
4665 0 -64 0
4666 1 63 1
4667 0 -64 0
4668 1 63 1
4669 0 -64 0
4670 1 63 1
4671 1 63 1
4672 1 63 1
4673 1 63 1
4674 0 -64 0
4675 1 63 1
4676 0 -64 0
4677 1 63 1
4678 0 -64 0
4679 0 -64 0
4680 0 -64 0
4681 0 -64 0
4682 0 -64 0
4683 1 63 1
4684 0 -64 0
4685 1 48 1
4686 0 -64 0
4687 0 -64 0
4688 1 63 1
4689 1 63 1
4690 1 63 1
4691 0 -64 0
4692 1 63 1
4693 1 63 1
4694 1 63 1
4695 0 -64 0
4696 0 -64 0
4697 1 63 1
4698 0 -64 0
4699 1 63 1
4700 0 -64 0
4701 0 -64 0
4702 1 63 1
4703 1 63 1
4704 0 -64 0
4705 1 63 1
4706 1 63 1
4707 0 -64 0
4708 0 -64 0
4709 0 -64 0
4710 1 63 1
4711 1 63 1
4712 0 -64 0
4713 0 -64 0
4714 0 -64 0
4715 0 -64 0
4716 1 63 1
4717 0 -64 0
4718 0 -64 0
4719 1 63 1
4720 1 63 1
4721 1 63 1
4722 1 63 1
4723 1 60 1
4724 0 -64 0
4725 0 -64 0
4726 0 -64 0
4727 1 63 1
4728 1 63 1
4729 1 63 1
4730 0 -64 0
4731 0 -64 0
4732 1 63 1
4733 0 -64 0
4734 0 -64 0
4735 0 -64 0
4736 0 -64 0
4737 1 63 1
4738 0 -64 0
4739 0 -64 0
4740 0 -64 0
4741 1 63 1
4742 0 -64 0
4743 1 63 1
4744 1 63 1
4745 0 -64 0
4746 0 -64 0
4747 1 63 1
4748 1 63 1
4749 1 63 1
4750 1 63 1
4751 1 63 1
4752 1 63 1
4753 0 -64 0
4754 0 -64 0
4755 0 -64 0
4756 0 -64 0
4757 1 63 1
4758 0 -64 0
4759 0 -64 0
4760 0 -64 0
4761 0 -64 0
4762 0 -64 0
4763 0 -64 0
4764 1 63 1
4765 0 -64 0
4766 0 -64 0
4767 0 -64 0
4768 0 -64 0
4769 0 -64 0
4770 0 -64 0
4771 1 63 1
4772 1 63 1
4773 0 -64 0
4774 1 63 1
4775 0 -64 0
4776 1 63 1
4777 0 -64 0
4778 0 -64 0
4779 1 63 1
4780 1 63 1
4781 0 -64 0
4782 1 63 1
4783 1 63 1
4784 1 63 1
4785 0 63 1
4786 1 63 1
4787 0 -64 0
4788 0 -64 0
4789 0 -64 0
4790 1 63 1
4791 1 63 1
4792 1 63 1
4793 1 63 1
4794 0 -64 0
4795 0 -64 0
4796 1 63 1
4797 0 -64 0
4798 0 -64 0
4799 1 63 1
4800 1 63 1
4801 1 63 1
4802 1 63 1
4803 0 -64 0
4804 0 -64 0
4805 0 -64 0
4806 1 63 1
4807 1 63 1
4808 1 63 1
4809 0 -64 0
4810 1 63 1
4811 1 63 1
4812 1 63 1
4813 0 -64 0
4814 0 -64 0
4815 0 -64 0
4816 1 63 1
4817 1 63 1
4818 1 63 1
4819 0 -64 0
4820 0 -64 0
4821 1 63 1
4822 0 -64 0
4823 0 -64 0
4824 0 -64 0
4825 1 63 1
4826 0 -64 0
4827 0 -64 0
4828 0 -64 0
4829 0 -64 0
4830 0 -64 0
4831 0 -45 0
4832 1 63 1
4833 1 63 1
4834 0 -64 0
4835 1 63 1
4836 1 63 1
4837 1 63 1
4838 1 63 1
4839 0 -64 0
4840 1 63 1
4841 1 63 1
4842 1 63 1
4843 1 63 1
4844 0 -64 0
4845 1 63 1
4846 1 -18 0
4847 0 -64 0
4848 0 -64 0
4849 0 -64 0
4850 0 -64 0
4851 0 -64 0
4852 1 63 1
4853 0 -64 0
4854 0 -64 0
4855 0 -64 0
4856 0 -64 0
4857 0 -64 0
4858 0 -64 0
4859 1 63 1
4860 1 63 1
4861 1 63 1
4862 1 63 1
4863 0 -64 0
4864 0 -64 0
4865 1 63 1
4866 0 -64 0
4867 0 -64 0
4868 1 63 1
4869 1 63 1
4870 0 -64 0
4871 1 63 1
4872 1 63 1
4873 0 -64 0
4874 1 63 1
4875 1 63 1
4876 0 -64 0
4877 1 63 1
4878 1 63 1
4879 0 -64 0
4880 1 63 1
4881 0 -64 0
4882 1 63 1
4883 0 -64 0
4884 0 -64 0
4885 0 -64 0
4886 1 63 1
4887 1 63 1
4888 0 -64 0
4889 1 63 1
4890 1 63 1
4891 1 63 1
4892 0 -64 0
4893 0 -64 0
4894 0 -64 0
4895 1 63 1
4896 0 -64 0
4897 1 63 1
4898 1 63 1
4899 0 -64 0
4900 0 -64 0
4901 1 63 1
4902 0 -64 0
4903 0 -64 0
4904 0 -64 0
4905 1 63 1
4906 1 63 1
4907 0 -64 0
4908 1 63 1
4909 0 -64 0
4910 1 63 1
4911 0 -64 0
4912 0 -64 0
4913 0 -64 0
4914 0 -64 0
4915 1 63 1
4916 0 -64 0
4917 1 63 1
4918 0 63 1
4919 1 63 1
4920 0 -64 0
4921 0 -64 0
4922 0 -64 0
4923 1 63 1
4924 0 -64 0
4925 1 63 1
4926 1 63 1
4927 0 -64 0
4928 0 -64 0
4929 0 -64 0
4930 1 63 1
4931 0 -64 0
4932 1 63 1
4933 0 -64 0
4934 0 -64 0
4935 1 63 1
4936 1 63 1
4937 0 -64 0
4938 1 63 1
4939 0 -64 0
4940 1 63 1
4941 1 63 1
4942 1 63 1
4943 1 63 1
4944 0 -64 0
4945 0 -64 0
4946 0 -64 0
4947 0 -64 0
4948 1 63 1
4949 1 63 1
4950 1 63 1
4951 1 63 1
4952 1 63 1
4953 1 63 1
4954 1 58 1
4955 1 63 1
4956 1 63 1
4957 1 63 1
4958 1 63 1
4959 0 -64 0
4960 0 -64 0
4961 0 -64 0
4962 1 63 1
4963 0 -64 0
4964 1 63 1
4965 0 -64 0
4966 0 -64 0
4967 1 63 1
4968 0 -64 0
4969 0 -64 0
4970 1 63 1
4971 0 -64 0
4972 1 63 1
4973 1 -64 0
4974 0 -64 0
4975 0 -64 0
4976 0 -64 0
4977 1 63 1
4978 0 -64 0
4979 1 63 1
4980 1 63 1
4981 1 63 1
4982 1 63 1
4983 0 -64 0
4984 0 -64 0
4985 0 -64 0
4986 0 -64 0
4987 1 63 1
4988 0 -64 0
4989 0 -64 0
4990 0 -64 0
4991 0 -64 0
4992 1 63 1
4993 1 63 1
4994 0 -64 0
4995 1 63 1
4996 0 -64 0
4997 0 -64 0
4998 0 -64 0
4999 1 63 1
5000 1 63 1
5001 0 -64 0
5002 0 -64 0
5003 0 -64 0
5004 1 63 1
5005 0 -64 0
5006 0 -64 0
5007 0 -64 0
5008 0 -64 0
5009 1 63 1
5010 0 -64 0
5011 0 -64 0
5012 1 63 1
5013 1 63 1
5014 0 -64 0
5015 1 63 1
5016 1 63 1
5017 1 63 1
5018 0 -64 0
5019 0 -64 0
5020 0 -64 0
5021 1 63 1
5022 0 -64 0
5023 1 63 1
5024 1 63 1
5025 1 63 1
5026 0 -64 0
5027 0 -64 0
5028 0 -64 0
5029 0 -64 0
5030 1 63 1
5031 1 63 1
5032 0 -64 0
5033 1 63 1
5034 0 -64 0
5035 0 -64 0
5036 1 63 1
5037 0 -64 0
5038 1 63 1
5039 1 63 1
5040 1 63 1
5041 1 63 1
5042 1 63 1
5043 0 -64 0
5044 0 -64 0
5045 0 -64 0
5046 1 63 1
5047 0 -64 0
5048 1 63 1
5049 1 63 1
5050 0 -64 0
5051 0 -64 0
5052 0 -64 0
5053 1 63 1
5054 0 -64 0
5055 1 63 1
5056 0 -64 0
5057 1 63 1
5058 1 63 1
5059 0 -64 0
5060 1 63 1
5061 0 -64 0
5062 1 63 1
5063 0 -64 0
5064 0 -64 0
5065 1 63 1
5066 0 -64 0
5067 1 63 1
5068 1 63 1
5069 1 63 1
5070 0 -64 0
5071 0 -64 0
5072 0 -64 0
5073 1 63 1
5074 0 -64 0
5075 0 -64 0
5076 1 63 1
5077 1 63 1
5078 0 -64 0
5079 0 -64 0
5080 1 63 1
5081 1 63 1
5082 1 63 1
5083 1 63 1
5084 1 63 1
5085 1 63 1
5086 1 63 1
5087 1 63 1
5088 1 63 1
5089 1 63 1
5090 1 63 1
5091 0 -64 0
5092 1 63 1
5093 1 63 1
5094 0 -64 0
5095 0 -64 0
5096 0 -64 0
5097 1 63 1
5098 0 -64 0
5099 0 -64 0
5100 1 63 1
5101 1 63 1
5102 1 63 1
5103 0 -64 0
5104 1 63 1
5105 1 63 1
5106 0 -64 0
5107 1 63 1
5108 0 -64 0
5109 1 63 1
5110 0 -64 0
5111 0 -64 0
5112 0 -64 0
5113 1 63 1
5114 0 -64 0
5115 1 63 1
5116 0 -64 0
5117 1 63 1
5118 1 63 1
5119 1 63 1
5120 1 63 1
5121 1 63 1
5122 1 63 1
5123 0 -64 0
5124 0 -64 0
5125 1 63 1
5126 0 -64 0
5127 0 -64 0
5128 0 -64 0
5129 1 63 1
5130 0 -64 0
5131 1 63 1
5132 1 63 1
5133 1 63 1
5134 0 -64 0
5135 1 63 1
5136 1 63 1
5137 0 -64 0
5138 1 45 1
5139 1 63 1
5140 1 63 1
5141 1 63 1
5142 1 63 1
5143 1 63 1
5144 0 -64 0
5145 0 -64 0
5146 0 -64 0
5147 1 63 1
5148 1 63 1
5149 1 63 1
5150 0 -64 0
5151 0 -64 0
5152 0 -64 0
5153 1 63 1
5154 0 -64 0
5155 1 63 1
5156 0 -64 0
5157 0 -64 0
5158 0 -64 0
5159 1 63 1
5160 0 -64 0
5161 1 47 1
5162 0 -64 0
5163 1 63 1
5164 0 -64 0
5165 0 -64 0
5166 0 -64 0
5167 1 63 1
5168 1 63 1
5169 0 -64 0
5170 0 -64 0
5171 1 63 1
5172 0 -64 0
5173 1 63 1
5174 1 63 1
5175 1 63 1
5176 0 -64 0
5177 1 63 1
5178 0 -64 0
5179 0 -64 0
5180 0 -64 0
5181 1 63 1
5182 0 -64 0
5183 0 -64 0
5184 1 63 1
5185 1 63 1
5186 0 -64 0
5187 0 -64 0
5188 0 -64 0
5189 0 -64 0
5190 1 63 1
5191 1 63 1
5192 1 56 1
5193 1 63 1
5194 0 -64 0
5195 1 63 1
5196 1 63 1
5197 1 63 1
5198 0 -64 0
5199 0 -64 0
5200 1 63 1
5201 1 63 1
5202 0 -64 0
5203 1 63 1
5204 1 63 1
5205 0 -64 0
5206 0 -64 0
5207 1 63 1
5208 0 -64 0
5209 1 63 1
5210 1 63 1
5211 1 63 1
5212 1 63 1
5213 0 -64 0
5214 1 63 1
5215 1 63 1
5216 1 63 1
5217 0 -64 0
5218 0 -64 0
5219 0 -64 0
5220 1 63 1
5221 1 63 1
5222 1 63 1
5223 1 -36 0
5224 0 -64 0
5225 0 -64 0
5226 0 -64 0
5227 1 63 1
5228 1 63 1
5229 1 63 1
5230 1 63 1
5231 0 -64 0
5232 0 -64 0
5233 0 -64 0
5234 0 -64 0
5235 0 -64 0
5236 0 -64 0
5237 1 63 1
5238 1 63 1
5239 1 63 1
5240 1 63 1
5241 1 63 1
5242 1 63 1
5243 1 63 1
5244 0 -64 0
5245 1 63 1
5246 1 63 1
5247 1 63 1
5248 1 63 1
5249 0 -64 0
5250 0 -64 0
5251 1 63 1
5252 0 -64 0
5253 1 63 1
5254 0 -64 0
5255 1 63 1
5256 0 -64 0
5257 1 63 1
5258 0 -64 0
5259 0 -64 0
5260 0 -64 0
5261 0 -64 0
5262 0 -64 0
5263 0 -64 0
5264 1 63 1
5265 0 -64 0
5266 1 63 1
5267 1 63 1
5268 1 63 1
5269 1 63 1
5270 1 63 1
5271 1 63 1
5272 1 63 1
5273 1 63 1
5274 1 63 1
5275 0 -64 0
5276 1 63 1
5277 0 -64 0
5278 1 63 1
5279 1 63 1
5280 1 63 1
5281 1 63 1
5282 1 63 1
5283 1 63 1
5284 0 -64 0
5285 1 63 1
5286 0 -64 0
5287 1 63 1
5288 1 63 1
5289 0 -64 0
5290 1 63 1
5291 1 63 1
5292 1 63 1
5293 1 63 1
5294 0 -64 0
5295 1 63 1
5296 0 -64 0
5297 1 63 1
5298 1 63 1
5299 0 -64 0
5300 1 63 1
5301 1 63 1
5302 0 -64 0
5303 0 -64 0
5304 1 63 1
5305 1 63 1
5306 1 63 1
5307 1 51 1
5308 0 -64 0
5309 0 -64 0
5310 0 -64 0
5311 0 -64 0
5312 0 -64 0
5313 1 63 1
5314 1 63 1
5315 0 -64 0
5316 0 -64 0
5317 0 -64 0
5318 0 -64 0
5319 0 -64 0
5320 1 63 1
5321 1 63 1
5322 0 -55 0
5323 0 -64 0
5324 0 -64 0
5325 0 -64 0
5326 1 63 1
5327 0 -64 0
5328 1 63 1
5329 1 63 1
5330 1 63 1
5331 1 63 1
5332 0 -64 0
5333 0 -64 0
5334 0 -64 0
5335 1 63 1
5336 1 63 1
5337 0 -64 0
5338 1 63 1
5339 1 63 1
5340 0 -64 0
5341 1 63 1
5342 1 63 1
5343 1 63 1
5344 0 -64 0
5345 1 63 1
5346 1 63 1
5347 0 -64 0
5348 0 -64 0
5349 1 63 1
5350 1 63 1
5351 0 -64 0
5352 0 -64 0
5353 0 -64 0
5354 1 63 1
5355 1 63 1
5356 1 63 1
5357 0 -64 0
5358 0 -64 0
5359 1 63 1
5360 0 -64 0
5361 1 63 1
5362 0 -64 0
5363 0 -64 0
5364 1 63 1
5365 1 63 1
5366 0 -64 0
5367 1 63 1
5368 1 63 1
5369 0 -64 0
5370 1 63 1
5371 1 63 1
5372 0 -64 0
5373 1 63 1
5374 0 -64 0
5375 0 -64 0
5376 1 38 1
5377 0 -64 0
5378 0 -64 0
5379 1 63 1
5380 1 63 1
5381 0 -64 0
5382 0 -64 0
5383 1 63 1
5384 0 -64 0
5385 1 63 1
5386 1 63 1
5387 0 -64 0
5388 1 63 1
5389 0 -64 0
5390 0 -64 0
5391 0 -64 0
5392 0 -64 0
5393 1 63 1
5394 0 -64 0
5395 0 -64 0
5396 0 -64 0
5397 1 63 1
5398 0 -64 0
5399 1 63 1
5400 0 -64 0
5401 1 63 1
5402 0 -64 0
5403 1 63 1
5404 0 -64 0
5405 1 63 1
5406 1 63 1
5407 0 -64 0
5408 1 63 1
5409 1 63 1
5410 1 63 1
5411 1 63 1
5412 1 63 1
5413 1 63 1
5414 1 63 1
5415 0 -64 0
5416 0 -64 0
5417 1 63 1
5418 0 -64 0
5419 1 63 1
5420 0 -64 0
5421 1 63 1
5422 1 63 1
5423 0 -64 0
5424 0 -64 0
5425 0 -64 0
5426 0 -64 0
5427 0 -64 0
5428 1 63 1
5429 0 -64 0
5430 0 -40 0
5431 0 -64 0
5432 0 -64 0
5433 0 -64 0
5434 0 -64 0
5435 1 63 1
5436 0 -64 0
5437 1 63 1
5438 0 -64 0
5439 0 -64 0
5440 1 63 1
5441 1 63 1
5442 1 63 1
5443 0 -64 0
5444 0 -64 0
5445 0 -64 0
5446 1 63 1
5447 0 -64 0
5448 1 63 1
5449 0 -64 0
5450 0 -64 0
5451 0 -64 0
5452 1 63 1
5453 1 63 1
5454 1 63 1
5455 0 -64 0
5456 0 -64 0
5457 0 -64 0
5458 0 -64 0
5459 1 63 1
5460 1 63 1
5461 1 63 1
5462 1 63 1
5463 1 63 1
5464 1 63 1
5465 1 63 1
5466 0 -64 0
5467 1 63 1
5468 1 63 1
5469 1 -64 0
5470 1 63 1
5471 1 63 1
5472 0 -64 0
5473 0 -64 0
5474 1 63 1
5475 1 63 1
5476 1 63 1
5477 1 63 1
5478 0 -64 0
5479 1 63 1
5480 1 63 1
5481 1 63 1
5482 0 -64 0
5483 1 63 1
5484 0 -64 0
5485 0 -64 0
5486 1 63 1
5487 0 -64 0
5488 1 63 1
5489 1 63 1
5490 0 -64 0
5491 1 48 1
5492 0 -64 0
5493 0 -64 0
5494 0 -64 0
5495 1 63 1
5496 0 -64 0
5497 0 -64 0
5498 0 -64 0
5499 1 63 1
5500 1 63 1
5501 0 -64 0
5502 0 -64 0
5503 1 63 1
5504 1 63 1
5505 0 -64 0
5506 1 63 1
5507 0 -64 0
5508 1 63 1
5509 1 63 1
5510 0 -64 0
5511 0 -64 0
5512 1 63 1
5513 0 -64 0
5514 0 -64 0
5515 0 -64 0
5516 1 -61 0
5517 1 63 1
5518 1 63 1
5519 1 63 1
5520 1 63 1
5521 0 -64 0
5522 1 63 1
5523 1 63 1
5524 0 -64 0
5525 0 -64 0
5526 1 63 1
5527 0 -64 0
5528 0 -64 0
5529 0 -64 0
5530 0 -64 0
5531 1 63 1
5532 0 -64 0
5533 1 63 1
5534 0 -64 0
5535 0 -64 0
5536 0 -64 0
5537 1 63 1
5538 1 63 1
5539 1 63 1
5540 1 63 1
5541 1 63 1
5542 0 -64 0
5543 0 -64 0
5544 0 -64 0
5545 1 63 1
5546 0 -64 0
5547 0 -64 0
5548 1 63 1
5549 1 63 1
5550 1 63 1
5551 1 63 1
5552 1 63 1
5553 1 63 1
5554 0 -64 0
5555 1 63 1
5556 0 -64 0
5557 0 -64 0
5558 0 -64 0
5559 0 -64 0
5560 1 63 1
5561 0 -64 0
5562 1 63 1
5563 0 63 1
5564 0 -64 0
5565 0 -64 0
5566 1 63 1
5567 1 63 1
5568 1 63 1
5569 1 63 1
5570 0 -64 0
5571 1 63 1
5572 1 63 1
5573 0 -64 0
5574 1 63 1
5575 0 -64 0
5576 0 -64 0
5577 0 -64 0
5578 0 -64 0
5579 0 -64 0
5580 0 -64 0
5581 1 63 1
5582 1 63 1
5583 1 63 1
5584 1 63 1
5585 0 -64 0
5586 1 63 1
5587 1 63 1
5588 1 63 1
5589 1 63 1
5590 0 -64 0
5591 0 -64 0
5592 1 63 1
5593 1 63 1
5594 0 -64 0
5595 0 -64 0
5596 0 -64 0
5597 1 63 1
5598 1 63 1
5599 0 -51 0
5600 1 63 1
5601 1 63 1
5602 0 -64 0
5603 0 -64 0
5604 0 -64 0
5605 1 63 1
5606 0 -64 0
5607 1 63 1
5608 1 63 1
5609 1 63 1
5610 0 -64 0
5611 0 -64 0
5612 0 -64 0
5613 0 -64 0
5614 1 46 1
5615 1 63 1
5616 0 -64 0
5617 0 -64 0
5618 0 -64 0
5619 0 -64 0
5620 1 63 1
5621 0 -64 0
5622 0 -64 0
5623 1 63 1
5624 0 -64 0
5625 1 63 1
5626 0 -64 0
5627 1 63 1
5628 1 63 1
5629 0 -64 0
5630 0 -64 0
5631 1 63 1
5632 0 -64 0
5633 0 -64 0
5634 0 -64 0
5635 0 -64 0
5636 1 63 1
5637 1 42 1
5638 0 -64 0
5639 1 63 1
5640 1 63 1
5641 1 63 1
5642 0 -64 0
5643 0 -64 0
5644 0 -64 0
5645 1 63 1
5646 1 63 1
5647 0 -64 0
5648 0 -64 0
5649 1 63 1
5650 1 63 1
5651 1 63 1
5652 0 -64 0
5653 0 -64 0
5654 0 -64 0
5655 0 -64 0
5656 0 -64 0
5657 1 63 1
5658 0 -64 0
5659 0 -64 0
5660 0 -64 0
5661 1 63 1
5662 1 63 1
5663 0 -64 0
5664 1 63 1
5665 1 63 1
5666 1 63 1
5667 0 -64 0
5668 1 63 1
5669 0 -64 0
5670 1 63 1
5671 1 63 1
5672 1 63 1
5673 1 63 1
5674 0 -64 0
5675 1 63 1
5676 0 -64 0
5677 1 63 1
5678 1 63 1
5679 0 -64 0
5680 0 -64 0
5681 0 -64 0
5682 0 -64 0
5683 1 63 1
5684 1 63 1
5685 1 63 1
5686 0 -64 0
5687 0 -64 0
5688 0 -64 0
5689 1 63 1
5690 0 -64 0
5691 1 63 1
5692 0 -64 0
5693 1 63 1
5694 0 -64 0
5695 0 -64 0
5696 0 -64 0
5697 1 63 1
5698 0 -64 0
5699 0 -64 0
5700 0 -64 0
5701 1 63 1
5702 0 -64 0
5703 0 -64 0
5704 0 -64 0
5705 1 63 1
5706 0 -64 0
5707 1 63 1
5708 1 63 1
5709 1 63 1
5710 0 -64 0
5711 1 63 1
5712 1 63 1
5713 0 -64 0
5714 0 -64 0
5715 0 -64 0
5716 0 -64 0
5717 1 63 1
5718 0 -64 0
5719 1 63 1
5720 1 63 1
5721 1 63 1
5722 1 62 1
5723 0 -64 0
5724 1 63 1
5725 1 63 1
5726 0 -64 0
5727 1 63 1
5728 1 63 1
5729 0 -64 0
5730 1 63 1
5731 1 63 1
5732 1 63 1
5733 0 -64 0
5734 1 63 1
5735 0 -64 0
5736 1 63 1
5737 0 -64 0
5738 1 63 1
5739 0 -64 0
5740 0 -64 0
5741 1 63 1
5742 0 -64 0
5743 1 63 1
5744 1 63 1
5745 0 -64 0
5746 0 -64 0
5747 1 63 1
5748 0 -64 0
5749 1 63 1
5750 0 -64 0
5751 0 -64 0
5752 0 -64 0
5753 1 63 1
5754 0 -64 0
5755 1 63 1
5756 1 63 1
5757 0 -64 0
5758 1 63 1
5759 1 63 1
5760 0 -64 0
5761 1 63 1
5762 0 -64 0
5763 1 63 1
5764 0 -64 0
5765 0 -64 0
5766 0 -64 0
5767 1 63 1
5768 0 -64 0
5769 0 -64 0
5770 1 63 1
5771 0 -64 0
5772 0 -64 0
5773 0 -64 0
5774 0 -64 0
5775 0 -64 0
5776 1 63 1
5777 1 63 1
5778 1 63 1
5779 1 63 1
5780 1 63 1
5781 0 -64 0
5782 1 63 1
5783 1 43 1
5784 0 -64 0
5785 1 63 1
5786 1 63 1
5787 0 -64 0
5788 1 63 1
5789 1 63 1
5790 0 -64 0
5791 1 63 1
5792 1 63 1
5793 0 -64 0
5794 1 63 1
5795 1 63 1
5796 1 63 1
5797 0 -64 0
5798 0 -64 0
5799 1 63 1
5800 1 63 1
5801 0 -64 0
5802 0 -64 0
5803 1 63 1
5804 0 -64 0
5805 0 -64 0
5806 1 63 1
5807 0 -64 0
5808 0 -64 0
5809 0 -64 0
5810 0 -64 0
5811 1 -64 0
5812 0 -64 0
5813 1 63 1
5814 0 -64 0
5815 1 63 1
5816 1 63 1
5817 0 -64 0
5818 0 -64 0
5819 0 -64 0
5820 1 63 1
5821 1 63 1
5822 0 -64 0
5823 1 63 1
5824 1 63 1
5825 0 -64 0
5826 1 63 1
5827 0 -64 0
5828 1 63 1
5829 0 -64 0
5830 1 63 1
5831 1 63 1
5832 0 -64 0
5833 0 -64 0
5834 1 63 1
5835 1 63 1
5836 0 -64 0
5837 1 63 1
5838 0 -64 0
5839 1 63 1
5840 1 -43 0
5841 0 -64 0
5842 1 63 1
5843 0 -64 0
5844 0 -64 0
5845 0 -64 0
5846 0 -64 0
5847 0 -64 0
5848 0 -64 0
5849 0 -64 0
5850 1 63 1
5851 0 -64 0
5852 1 48 1
5853 1 63 1
5854 1 63 1
5855 1 63 1
5856 1 63 1
5857 0 -64 0
5858 1 63 1
5859 1 63 1
5860 0 -64 0
5861 1 63 1
5862 0 -64 0
5863 1 63 1
5864 1 63 1
5865 1 63 1
5866 0 -64 0
5867 1 63 1
5868 0 -64 0
5869 0 -64 0
5870 1 63 1
5871 0 -64 0
5872 1 63 1
5873 0 -64 0
5874 1 63 1
5875 0 -64 0
5876 1 63 1
5877 0 -64 0
5878 0 -64 0
5879 1 63 1
5880 1 63 1
5881 1 63 1
5882 0 -64 0
5883 0 -64 0
5884 0 -64 0
5885 1 63 1
5886 0 -64 0
5887 0 -64 0
5888 0 -64 0
5889 0 -64 0
5890 1 63 1
5891 0 -64 0
5892 1 63 1
5893 1 63 1
5894 1 63 1
5895 0 -64 0
5896 0 -64 0
5897 0 -64 0
5898 1 63 1
5899 0 -64 0
5900 0 -64 0
5901 1 63 1
5902 0 -64 0
5903 1 63 1
5904 1 63 1
5905 1 63 1
5906 0 23 1
5907 0 -64 0
5908 1 63 1
5909 1 63 1
5910 1 63 1
5911 0 -64 0
5912 1 63 1
5913 0 -64 0
5914 0 -64 0
5915 0 -64 0
5916 1 63 1
5917 0 -64 0
5918 1 63 1
5919 0 -64 0
5920 1 63 1
5921 0 -64 0
5922 0 -64 0
5923 0 -64 0
5924 1 63 1
5925 0 -64 0
5926 0 -64 0
5927 0 -64 0
5928 1 63 1
5929 0 -33 0
5930 0 -64 0
5931 0 -64 0
5932 1 63 1
5933 0 -64 0
5934 0 -64 0
5935 0 -64 0
5936 1 63 1
5937 0 -64 0
5938 1 63 1
5939 1 63 1
5940 1 63 1
5941 1 63 1
5942 1 63 1
5943 0 -64 0
5944 0 -64 0
5945 0 -64 0
5946 1 63 1
5947 1 63 1
5948 0 -64 0
5949 1 63 1
5950 1 63 1
5951 0 -64 0
5952 0 -64 0
5953 1 63 1
5954 1 63 1
5955 1 63 1
5956 0 -64 0
5957 0 -64 0
5958 0 -64 0
5959 1 63 1
5960 0 -55 0
5961 0 -64 0
5962 1 63 1
5963 0 -64 0
5964 0 -64 0
5965 1 63 1
5966 1 63 1
5967 0 -64 0
5968 0 -64 0
5969 1 63 1
5970 0 -64 0
5971 1 63 1
5972 1 63 1
5973 0 -64 0
5974 0 -64 0
5975 0 -64 0
5976 1 63 1
5977 0 -64 0
5978 1 63 1
5979 0 -64 0
5980 0 -64 0
5981 0 -64 0
5982 0 -64 0
5983 0 -64 0
5984 0 -64 0
5985 1 63 1
5986 0 -64 0
5987 1 63 1
5988 1 63 1
5989 1 63 1
5990 0 -64 0
5991 1 63 1
5992 0 -64 0
5993 1 63 1
5994 0 -64 0
5995 0 -64 0
5996 1 63 1
5997 1 63 1
5998 0 -64 0
5999 0 -64 0
6000 0 -64 0
6001 1 63 1
6002 1 63 1
6003 0 -64 0
6004 0 -64 0
6005 1 63 1
6006 0 -64 0
6007 1 63 1
6008 0 -64 0
6009 1 63 1
6010 1 63 1
6011 1 63 1
6012 0 -64 0
6013 1 63 1
6014 0 -64 0
6015 1 63 1
6016 1 63 1
6017 0 -64 0
6018 1 63 1
6019 1 63 1
6020 1 63 1
6021 0 -64 0
6022 0 -64 0
6023 0 -64 0
6024 1 63 1
6025 0 -64 0
6026 0 -64 0
6027 1 63 1
6028 1 63 1
6029 0 -64 0
6030 0 -64 0
6031 1 63 1
6032 1 63 1
6033 0 -64 0
6034 0 -64 0
6035 0 -64 0
6036 0 -64 0
6037 0 -64 0
6038 1 63 1
6039 1 63 1
6040 0 -64 0
6041 0 -64 0
6042 0 -64 0
6043 0 -64 0
6044 0 -64 0
6045 0 -64 0
6046 1 63 1
6047 1 63 1
6048 1 63 1
6049 1 63 1
6050 0 -64 0
6051 0 -64 0
6052 0 -64 0
6053 1 63 1
6054 0 -64 0
6055 1 63 1
6056 0 -64 0
6057 0 -64 0
6058 0 -64 0
6059 0 -64 0
6060 1 63 1
6061 0 -64 0
6062 1 63 1
6063 0 -64 0
6064 1 63 1
6065 0 -64 0
6066 0 -64 0
6067 1 63 1
6068 1 63 1
6069 1 63 1
6070 0 -64 0
6071 1 63 1
6072 1 63 1
6073 1 63 1
6074 0 -64 0
6075 1 -64 0
6076 0 -64 0
6077 1 63 1
6078 1 63 1
6079 0 -64 0
6080 0 -64 0
6081 0 -64 0
6082 1 63 1
6083 0 -64 0
6084 1 63 1
6085 0 -64 0
6086 0 -64 0
6087 0 -64 0
6088 0 -64 0
6089 0 -64 0
6090 1 60 1
6091 1 63 1
6092 1 63 1
6093 0 -64 0
6094 0 -64 0
6095 0 -64 0
6096 1 63 1
6097 0 -64 0
6098 1 63 1
6099 0 -64 0
6100 1 63 1
6101 1 63 1
6102 0 -64 0
6103 1 63 1
6104 1 63 1
6105 1 63 1
6106 0 -64 0
6107 1 63 1
6108 1 63 1
6109 0 -64 0
6110 1 63 1
6111 1 63 1
6112 1 63 1
6113 0 -64 0
6114 0 -64 0
6115 1 63 1
6116 0 -64 0
6117 1 63 1
6118 0 -64 0
6119 0 -64 0
6120 0 -64 0
6121 1 63 1
6122 1 63 1
6123 0 -64 0
6124 1 63 1
6125 0 -64 0
6126 1 63 1
6127 0 -64 0
6128 1 63 1
6129 0 -64 0
6130 1 63 1
6131 1 63 1
6132 0 -64 0
6133 1 63 1
6134 0 -64 0
6135 1 63 1
6136 1 63 1
6137 1 63 1
6138 0 -64 0
6139 1 63 1
6140 0 -64 0
6141 1 63 1
6142 1 63 1
6143 1 63 1
