3200 11 111 240
0 0 0 12 15 -4
1 0 1 6 8 -7
2 0 1 12 1 -16
3 1 1 -2 -12 13
4 0 1 15 15 15
5 0 1 6 -16 5
6 1 0 -16 -6 15
7 0 0 14 15 -16
8 1 0 -16 -15 -10
9 0 1 15 -2 15
10 0 0 4 15 9
11 1 1 -14 5 -10
12 1 0 -15 -7 15
13 1 1 -16 3 15
14 0 0 13 13 13
15 0 0 13 8 -12
16 0 0 15 15 -14
17 0 0 15 7 -10
18 0 1 15 13 -4
19 0 1 10 10 13
20 1 1 -14 -16 15
21 0 1 7 9 15
22 0 1 8 -14 -6
23 0 0 10 10 -16
24 1 0 -9 -11 7
25 0 1 11 -10 15
26 0 1 15 14 -16
27 0 0 15 -16 -16
28 0 0 7 15 7
29 1 0 -7 -1 -9
30 0 0 9 3 15
31 0 0 15 15 15
32 0 0 10 -8 -16
33 0 1 6 15 13
34 1 1 -16 -16 11
35 0 0 14 -13 -15
36 0 0 15 15 9
37 0 1 13 -16 -11
38 1 0 -6 -16 -11
39 0 0 12 15 4
40 0 1 15 7 -4
41 1 0 -6 10 13
42 1 0 -16 15 -12
43 1 1 -16 -16 2
44 1 0 -15 12 -16
45 1 1 -16 -13 15
46 1 0 -16 -16 -1
47 0 0 9 -12 -16
48 1 0 -13 15 -14
49 1 1 -16 -1 -16
50 0 0 15 15 -3
51 0 0 14 -11 -9
52 1 1 -16 -16 -11
53 1 0 -16 -10 -3
54 0 0 -3 15 -14
55 0 0 4 15 15
56 1 0 -13 15 -6
57 1 0 -11 15 14
58 0 0 15 12 15
59 0 1 5 -13 3
60 1 0 -6 15 -7
61 0 0 0 -15 15
62 0 1 15 -9 -16
63 0 0 14 -13 -16
64 1 0 -10 -15 15
65 1 1 -16 15 8
66 1 0 -13 10 15
67 0 1 15 -15 4
68 0 0 15 15 -13
69 1 0 -2 -3 14
70 0 1 11 -16 -12
71 0 1 13 7 6
72 1 0 -16 6 7
73 0 1 15 9 -16
74 0 0 15 5 10
75 1 1 -5 9 15
76 1 0 -10 7 8
77 0 0 7 -14 -16
78 1 0 -11 0 -16
79 0 1 14 15 14
80 1 1 -16 -9 -13
81 0 1 15 -16 0
82 1 0 -16 -16 -16
83 0 1 12 -16 12
84 0 0 8 -16 15
85 0 0 12 12 14
86 0 0 15 -12 15
87 1 1 -14 -16 -16
88 0 1 15 8 -13
89 1 0 -5 -16 -16
90 0 0 15 -16 -16
91 0 0 9 12 13
92 0 1 15 -13 15
93 0 0 8 15 15
94 1 0 -13 -14 -16
95 0 1 7 -13 15
96 0 0 3 15 -15
97 1 0 -16 14 -14
98 0 0 15 9 -12
99 1 1 -12 11 -16
100 1 0 -7 15 -6
101 0 1 6 15 15
102 1 1 -14 15 -16
103 0 0 7 -16 10
104 0 1 7 3 9
105 0 1 15 15 -5
106 1 1 -14 3 14
107 1 0 -16 13 12
108 0 0 8 15 10
109 1 0 -12 15 12
110 1 1 -15 15 -8
111 1 1 -11 -16 -16
112 0 0 15 -14 -6
113 1 0 -3 -16 -15
114 0 0 13 -16 13
115 1 0 -13 4 -16
116 1 1 -5 -11 -12
117 0 1 3 -4 -8
118 0 0 8 -12 15
119 1 0 -12 -7 15
120 1 0 -2 -16 -13
121 0 1 15 15 9
122 1 0 -5 -11 -16
123 0 0 5 -16 -5
124 1 1 -11 -9 15
125 1 1 -14 13 -16
126 1 0 -9 14 5
127 0 0 -2 -8 -16
128 0 1 15 15 -10
129 0 0 2 13 11
130 0 0 15 -16 3
131 1 0 -15 7 -10
132 0 1 8 -14 14
133 0 0 10 -15 -16
134 1 0 3 15 -9
135 0 0 15 15 -7
136 0 1 15 6 -8
137 0 1 11 3 -4
138 1 0 -16 -6 -16
139 1 0 -16 -9 -16
140 1 0 -2 10 -9
141 1 0 -10 15 15
142 1 0 -16 15 -15
143 0 0 7 14 15
144 1 1 -8 15 -3
145 0 1 3 -7 12
146 1 0 0 -14 14
147 0 1 15 12 -16
148 0 1 1 10 -15
149 0 0 9 -1 -16
150 1 0 -15 15 -16
151 0 1 15 -2 -10
152 0 1 12 -16 4
153 1 1 -16 1 15
154 1 1 -6 -8 0
155 1 0 -15 -8 14
156 1 0 -16 2 -14
157 0 1 9 -13 2
158 0 1 8 -6 -3
159 0 1 13 -15 15
160 1 0 -9 -16 15
161 0 1 11 -8 15
162 0 1 2 -12 15
163 1 0 -16 -10 15
164 0 1 15 -15 15
165 1 0 -14 11 -9
166 1 1 -8 -10 4
167 1 0 -16 -16 15
168 1 0 -16 -1 7
169 1 1 -16 14 15
170 0 1 12 -1 -3
171 1 0 -16 -5 15
172 1 1 -4 -4 7
173 0 1 10 15 8
174 1 0 -16 -9 9
175 0 1 4 -8 14
176 1 1 -16 3 15
177 1 0 -12 15 15
178 0 0 14 -16 -10
179 1 1 -10 9 15
180 0 1 2 -16 7
181 1 1 -11 15 15
182 0 1 15 -14 -4
183 0 0 14 6 -11
184 1 0 -8 15 11
185 1 1 -4 7 15
186 0 1 11 15 -9
187 0 0 10 -16 -11
188 1 1 -7 -7 -12
189 1 1 -3 -15 14
190 0 1 15 10 12
191 0 0 15 15 -16
192 0 1 13 -16 -16
193 1 0 -16 15 15
194 0 0 12 -8 15
195 0 0 12 -14 -15
196 1 1 -8 15 12
197 1 1 -6 -16 15
198 0 1 13 11 11
199 1 0 -16 -1 13
200 0 0 15 5 -16
201 0 0 15 -15 -16
202 1 1 -16 4 15
203 1 0 -7 15 5
204 1 1 11 14 -11
205 0 1 15 15 -16
206 1 0 -16 15 -14
207 1 1 -16 12 7
208 0 1 11 15 -14
209 0 1 10 -16 -7
210 1 0 -16 15 -7
211 1 0 -11 10 1
212 0 1 15 -16 -8
213 1 1 -16 -16 15
214 1 1 -16 -16 9
215 1 0 -15 -14 -15
216 1 0 -10 -12 5
217 1 1 -14 -16 -12
218 1 1 -16 -8 15
219 0 1 15 15 -11
220 1 0 -16 -9 15
221 1 0 -16 9 -8
222 1 0 -12 -4 15
223 0 0 9 11 15
224 1 1 14 11 14
225 1 1 -3 -7 15
226 0 0 15 -5 6
227 1 0 -10 -2 -12
228 1 1 -8 12 9
229 1 0 -16 11 -5
230 0 0 5 -13 -16
231 1 1 -16 -16 15
232 1 1 -16 -13 -3
233 1 0 -6 -3 15
234 1 0 -13 -13 -13
235 0 0 13 15 12
236 0 0 7 15 11
237 1 0 -9 10 -13
238 0 1 8 -12 8
239 1 0 -8 -16 -14
240 0 0 15 15 -15
241 0 0 12 6 -11
242 0 0 15 -5 6
243 0 1 13 -13 8
244 0 0 15 -6 8
245 1 0 -14 -16 -10
246 1 0 -11 15 -16
247 1 0 -8 13 11
248 0 0 15 -2 5
249 1 0 -15 -8 -16
250 1 0 -16 1 15
251 0 0 4 15 15
252 1 1 -16 -11 1
253 0 1 7 -12 10
254 0 0 15 9 9
255 1 0 -5 10 -15
256 0 0 5 15 -8
257 0 1 13 -12 -2
258 0 0 15 -10 15
259 0 1 15 -4 -14
260 0 1 15 15 -16
261 0 0 15 -9 -14
262 1 0 -2 -7 -16
263 0 0 4 8 -2
264 0 0 0 15 -7
265 1 1 -12 15 -11
266 1 0 4 6 13
267 0 1 0 15 -7
268 0 0 8 -16 -11
269 1 1 -11 14 -16
270 1 0 -16 1 -4
271 0 1 14 -16 15
272 1 0 -9 -11 15
273 1 0 -16 -16 15
274 1 0 -14 -10 15
275 1 0 -12 -10 8
276 0 0 15 15 -5
277 1 1 -8 0 -1
278 0 0 10 -15 15
279 0 0 14 8 2
280 0 0 10 -7 15
281 1 1 -9 -7 -9
282 1 1 -7 -7 11
283 0 0 13 10 15
284 1 0 -16 -14 2
285 0 0 11 -16 13
286 0 1 4 11 -3
287 1 1 -8 10 -16
288 0 1 4 15 13
289 0 0 15 -13 -8
290 1 0 -5 15 -12
291 1 1 -13 15 15
292 0 0 11 -11 14
293 0 0 8 15 1
294 0 1 0 15 -3
295 1 0 -2 13 14
296 0 0 10 -16 -6
297 1 0 -16 -12 15
298 0 1 4 15 -16
299 1 0 -16 -10 -16
300 0 1 13 -8 -7
301 1 0 1 -16 -16
302 1 0 -15 13 -2
303 1 0 -13 8 14
304 1 1 -12 11 5
305 1 1 -16 -16 -4
306 1 1 -8 6 5
307 0 1 -2 12 -8
308 0 0 15 14 14
309 0 1 15 15 15
310 0 1 15 13 -8
311 0 1 15 14 1
312 1 1 -16 -2 -16
313 0 0 9 6 15
314 1 0 -15 15 -13
315 1 0 -16 -16 11
316 0 1 15 -14 -14
317 0 1 13 9 11
318 1 0 -7 15 11
319 0 0 15 12 15
320 1 1 -16 5 -12
321 1 0 -13 9 15
322 0 1 11 15 7
323 0 0 0 -9 13
324 0 0 14 -16 -14
325 0 0 9 -15 -13
326 1 0 -11 -16 -16
327 1 1 -7 13 -16
328 1 0 -7 14 -16
329 0 1 6 -13 6
330 0 0 6 15 8
331 0 0 15 9 15
332 0 1 10 -6 -16
333 1 1 -4 15 -16
334 0 1 10 -9 9
335 0 0 15 -11 -11
336 1 1 -16 12 4
337 1 0 -13 -12 -15
338 0 1 11 9 10
339 1 1 -16 9 5
340 0 1 15 15 15
341 1 0 -7 15 6
342 1 0 -16 15 -16
343 1 1 -10 -6 15
344 0 1 11 -16 11
345 0 1 15 15 15
346 0 0 8 -16 15
347 0 1 4 10 15
348 1 0 -8 -7 -3
349 0 1 6 -16 -12
350 0 1 15 4 -9
351 1 0 -11 15 8
352 0 0 10 5 15
353 1 0 -12 6 -15
354 0 1 15 -16 13
355 1 0 -14 -13 -16
356 1 1 -13 -16 15
357 1 0 -16 -7 -14
358 1 1 -1 0 15
359 0 1 3 13 15
360 1 1 -16 -10 11
361 0 0 15 -16 12
362 1 0 -11 -6 -7
363 0 1 13 -16 -1
364 0 1 15 -10 -2
365 0 0 15 2 -8
366 1 1 -10 15 -16
367 1 0 -11 -4 15
368 0 0 1 -5 6
369 1 1 -8 -9 13
370 1 0 -4 7 -14
371 1 1 -16 15 -16
372 0 1 15 -6 -14
373 0 1 6 4 -16
374 1 0 -16 -16 4
375 1 1 -14 2 -16
376 0 0 7 15 -3
377 1 0 -13 -12 15
378 1 0 -12 -11 -16
379 1 1 -16 15 -6
380 0 0 11 2 11
381 0 1 5 -16 -10
382 0 0 15 -16 -8
383 0 0 9 15 15
384 0 0 4 -16 -16
385 1 0 -14 -14 11
386 0 0 -1 15 15
387 1 0 -11 -16 -9
388 0 0 12 -16 -16
389 1 0 -7 -10 -12
390 0 0 15 -16 15
391 1 1 -16 15 15
392 1 1 -13 -7 -16
393 0 1 -3 8 15
394 1 0 -16 5 15
395 1 0 -16 -9 15
396 0 0 15 -7 15
397 1 0 -13 -9 11
398 0 0 12 -12 11
399 1 0 -9 8 4
400 1 1 -8 -11 -12
401 0 1 15 15 -9
402 0 0 13 -13 -6
403 1 1 -2 -9 10
404 0 0 -1 15 15
405 0 1 2 13 2
406 1 1 -10 15 -11
407 1 1 -10 13 12
408 0 1 3 9 14
409 1 1 -16 15 15
410 1 1 -15 15 -12
411 0 0 15 5 -10
412 1 0 -8 15 13
413 0 1 -6 -5 15
414 1 0 -16 -1 15
415 1 1 -10 -16 14
416 0 1 -1 15 0
417 0 1 12 3 4
418 1 1 -3 15 11
419 0 0 8 -15 13
420 0 1 15 5 -16
421 1 0 -12 0 13
422 1 0 -10 15 -11
423 1 0 -14 -8 3
424 1 0 -16 -9 4
425 0 1 13 -16 15
426 0 0 15 -7 -16
427 1 0 -12 -14 14
428 0 0 12 -2 15
429 0 1 6 -16 5
430 0 1 5 11 10
431 0 0 5 -16 15
432 1 0 -14 -13 -13
433 0 1 15 15 9
434 1 1 -15 -16 15
435 1 1 -11 13 11
436 1 1 -15 -16 -15
437 1 0 -16 -16 -16
438 1 0 -14 15 15
439 0 0 15 -13 -16
440 1 0 -15 8 14
441 0 0 6 -13 5
442 1 0 -6 10 -14
443 0 0 6 5 -6
444 1 0 -5 9 -16
445 0 1 1 -16 -16
446 1 0 -7 4 -16
447 1 1 -2 15 8
448 0 1 4 -16 -10
449 0 1 13 15 -8
450 1 0 -9 -16 0
451 0 1 15 -9 7
452 1 0 -2 -16 13
453 1 0 -5 9 7
454 1 0 -12 3 6
455 0 1 15 -9 -9
456 0 1 3 6 -13
457 0 1 9 15 -1
458 0 0 6 -16 -9
459 1 0 -16 15 -9
460 1 0 -2 14 -16
461 0 1 15 1 -12
462 0 0 15 13 -16
463 0 1 15 4 12
464 1 0 -3 8 7
465 0 0 3 -7 15
466 0 0 15 15 7
467 0 0 4 15 11
468 1 0 -14 4 11
469 1 1 -8 7 -16
470 0 1 15 15 -16
471 0 0 15 1 -10
472 1 0 -13 15 -11
473 0 0 4 -12 -1
474 1 1 -15 -3 13
475 0 1 10 -16 -16
476 1 1 -16 15 14
477 1 0 -12 5 7
478 1 0 5 10 15
479 1 0 -16 -7 15
480 1 0 -3 8 14
481 0 0 8 -6 13
482 1 0 -15 -10 5
483 0 0 15 9 15
484 0 1 15 -16 -5
485 1 1 -9 -12 -9
486 1 0 -16 -8 -16
487 1 0 -16 -16 -4
488 0 1 15 15 2
489 1 1 -16 -13 13
490 0 1 0 -13 5
491 1 1 -16 -12 12
492 1 0 -16 6 15
493 1 0 -8 9 -12
494 1 1 -16 15 14
495 0 0 15 8 -16
496 0 0 15 -6 -1
497 0 0 15 -6 -16
498 1 1 -9 15 -5
499 0 1 15 13 15
500 1 0 1 -12 -14
501 1 0 -13 -15 -16
502 1 0 -9 15 -10
503 0 0 6 -16 11
504 0 1 15 -4 15
505 1 1 -16 7 -16
506 0 0 5 15 -12
507 0 0 15 5 15
508 0 1 9 9 10
509 1 1 6 -10 -16
510 0 1 13 15 15
511 0 1 2 -16 -4
512 1 0 -6 -14 12
513 1 0 -14 -13 -1
514 0 0 15 -1 11
515 0 0 15 0 15
516 1 0 -11 -1 -16
517 0 1 15 -11 14
518 1 0 -16 -16 -16
519 0 1 -3 10 11
520 0 1 6 4 12
521 0 0 6 -12 -16
522 0 0 15 -11 15
523 1 0 0 15 8
524 1 1 -13 -7 15
525 0 1 7 15 15
526 1 1 -9 12 -16
527 1 0 -8 -6 -9
528 0 0 6 -9 11
529 0 1 0 12 15
530 0 1 15 -2 -13
531 0 0 3 10 -7
532 1 1 -3 -15 -13
533 1 1 -15 7 15
534 1 0 -9 -16 -16
535 0 0 6 6 -6
536 0 1 6 -8 15
537 0 0 6 12 15
538 1 1 -13 -4 -8
539 1 0 -15 14 11
540 1 1 -5 -11 15
541 1 1 3 -16 -16
542 0 0 7 -11 1
543 0 0 7 -16 4
544 1 1 -16 -16 9
545 1 1 -16 15 -16
546 0 0 12 -13 -16
547 1 0 -16 7 12
548 0 0 15 -15 -16
549 1 1 -14 7 -13
550 0 0 15 -12 7
551 0 0 10 -11 5
552 0 0 7 -13 -8
553 1 0 -16 -14 -5
554 1 1 -16 15 15
555 0 0 15 8 14
556 0 1 15 4 -13
557 1 1 -15 2 -9
558 0 1 0 10 6
559 1 0 -16 -5 -10
560 0 0 1 15 -16
561 0 1 1 -16 15
562 0 0 13 15 15
563 1 0 -16 -6 15
564 0 0 14 -16 10
565 1 0 -16 -13 15
566 0 0 9 -5 15
567 0 1 15 -13 -9
568 0 1 9 15 -16
569 1 1 -10 15 15
570 0 1 15 15 8
571 1 0 -16 3 -16
572 0 1 -7 -5 -11
573 0 0 -1 12 15
574 0 0 3 9 15
575 0 1 15 -16 12
576 0 0 15 -2 -16
577 1 0 -6 15 13
578 1 0 -16 -7 -3
579 1 1 -6 -7 15
580 0 0 15 -2 -10
581 1 0 -10 -1 2
582 1 1 -13 -16 -6
583 1 0 -12 -16 -16
584 1 1 -15 11 -7
585 1 0 -14 15 -10
586 0 0 14 -12 -16
587 1 0 -11 -8 15
588 1 0 -16 -16 -8
589 0 0 9 15 9
590 0 0 15 15 15
591 0 1 4 -2 12
592 1 1 -14 15 5
593 0 1 4 -13 -1
594 0 1 15 -6 15
595 1 0 -13 15 14
596 1 1 -15 -6 -14
597 1 1 -10 -13 -16
598 0 1 14 -16 15
599 1 1 -12 15 6
600 1 0 -16 -6 -7
601 0 0 15 15 4
602 0 1 12 -16 -16
603 1 1 -11 -13 14
604 0 0 15 9 15
605 0 0 15 15 15
606 0 0 -2 -10 5
607 0 1 10 -16 -12
608 0 1 6 -16 -12
609 0 0 13 14 -16
610 1 1 -16 15 4
611 0 1 15 15 -16
612 1 0 -12 15 15
613 1 1 -16 9 10
614 1 0 -11 -9 15
615 0 1 15 -13 13
616 1 1 -16 -10 15
617 0 1 12 -16 -16
618 0 1 15 -16 15
619 1 1 -6 -12 -12
620 0 1 7 -16 -16
621 0 1 15 -15 15
622 1 0 -9 -16 -4
623 1 0 -9 3 -3
624 1 0 -6 12 -12
625 0 1 8 -4 -16
626 0 0 9 15 1
627 1 0 -16 -16 -5
628 0 0 13 -16 15
629 1 1 -14 -16 15
630 0 0 15 -7 6
631 0 1 15 1 15
632 1 1 -9 -13 9
633 0 1 3 -13 -16
634 1 0 -7 11 -14
635 0 0 14 15 15
636 0 1 15 4 12
637 1 0 -4 -14 15
638 1 0 -16 -11 -16
639 0 1 6 -16 9
640 1 1 -3 15 15
641 1 1 -12 -7 15
642 1 0 3 -1 12
643 0 1 12 -16 15
644 1 1 -10 11 15
645 1 1 -10 -3 -7
646 0 0 15 2 -16
647 1 1 -10 12 -4
648 1 0 -13 -14 -2
649 0 1 11 -11 15
650 0 1 9 15 -8
651 0 1 10 -9 -9
652 1 1 6 -15 11
653 0 0 2 13 -8
654 0 0 15 13 -13
655 1 0 -10 12 -16
656 0 1 15 -2 -16
657 1 1 -3 -16 11
658 0 0 14 2 -15
659 1 0 -10 -16 -16
660 0 1 -3 -8 15
661 1 1 -16 -16 -8
662 0 0 14 -13 15
663 1 0 -11 15 -6
664 0 0 12 8 0
665 1 0 -12 -13 15
666 0 0 15 15 -16
667 1 0 -5 10 -16
668 0 0 15 15 -7
669 1 1 -16 7 -16
670 0 1 15 -12 15
671 0 1 15 9 15
672 1 0 -16 -3 -14
673 1 0 -7 15 8
674 1 0 -16 -7 6
675 1 0 -15 -16 -7
676 0 1 8 -16 15
677 0 0 15 -11 -10
678 1 1 -13 -7 8
679 0 0 12 -9 -15
680 0 0 15 -12 -10
681 0 0 13 15 -5
682 1 1 -6 7 -4
683 1 1 -1 -2 15
684 0 1 7 -16 8
685 0 1 13 15 10
686 1 0 -16 15 9
687 0 1 11 9 10
688 1 1 -7 15 15
689 1 0 -10 15 15
690 1 0 -7 -16 -16
691 1 1 -10 10 13
692 0 1 14 15 15
693 1 0 -3 -14 -7
694 1 0 -16 -16 14
695 1 0 -12 1 6
696 1 1 -16 8 8
697 0 0 0 -8 -16
698 1 1 -16 -7 -7
699 0 0 15 6 15
700 1 0 -8 -16 15
701 0 0 15 -13 -16
702 0 0 4 11 -3
703 0 1 13 -12 15
704 1 1 -14 -3 2
705 1 0 -16 -13 -2
706 0 0 15 15 -10
707 0 1 11 -3 -2
708 1 1 -14 15 -8
709 1 1 -5 15 -9
710 0 1 15 15 -4
711 1 1 -12 15 -9
712 1 0 -16 9 13
713 0 1 15 14 -12
714 0 1 15 -16 10
715 0 0 4 -15 15
716 1 1 -8 15 -16
717 0 0 -1 5 15
718 0 0 15 15 -10
719 0 1 15 14 -6
720 1 1 -16 0 -12
721 0 0 15 -1 15
722 0 0 8 -10 12
723 1 1 -2 -16 12
724 1 1 -7 -16 11
725 1 1 -16 -16 -16
726 0 0 15 12 -15
727 1 0 -16 -16 15
728 0 1 13 -16 11
729 1 1 -4 -8 -16
730 0 1 15 -2 4
731 0 1 15 -11 -16
732 0 1 15 10 -12
733 0 0 15 0 -12
734 0 0 15 14 -16
735 0 1 10 -1 -7
736 0 1 15 -16 10
737 1 1 -7 7 11
738 1 1 -9 -2 14
739 0 1 4 -16 -13
740 1 0 -6 -4 -14
741 0 1 6 8 -3
742 1 1 -7 -13 15
743 0 0 13 -7 -16
744 0 1 15 15 11
745 1 1 -16 15 14
746 0 1 13 15 15
747 1 1 -16 13 -3
748 1 1 -15 1 10
749 1 1 -16 -16 -6
750 0 1 9 -16 -14
751 1 0 -8 -7 -16
752 0 0 15 -10 -14
753 0 1 15 -13 -8
754 1 1 -11 -16 9
755 1 0 -13 15 -11
756 1 0 -16 14 -16
757 0 0 15 -16 2
758 0 1 15 9 -2
759 0 0 3 10 -16
760 1 1 -9 15 15
761 1 0 -10 0 13
762 1 0 -7 -16 15
763 0 1 15 -16 -10
764 1 1 8 -11 -8
765 0 1 6 -13 12
766 0 0 14 -11 -16
767 1 1 -16 -1 15
768 1 0 -14 15 -6
769 1 0 4 12 -16
770 1 0 -16 13 -13
771 0 1 14 9 -16
772 0 0 8 -16 -12
773 1 0 -9 13 -10
774 1 0 -2 7 -2
775 0 1 15 -16 11
776 0 0 9 15 5
777 0 0 12 9 -10
778 1 1 -15 15 13
779 0 0 -3 -5 -16
780 1 0 -16 -16 1
781 0 0 8 15 -12
782 0 0 8 15 10
783 1 0 -16 15 -2
784 1 0 -16 15 10
785 0 0 11 13 7
786 0 0 15 -10 -14
787 1 1 4 0 15
788 0 0 15 -16 -15
789 0 0 15 -16 -8
790 1 1 -13 4 11
791 1 1 -10 -7 -16
792 1 1 -10 -12 -5
793 0 1 5 -16 15
794 1 1 -13 5 8
795 1 0 -14 -13 -15
796 0 0 9 -9 12
797 0 0 14 -16 5
798 0 0 15 7 -11
799 0 0 13 15 -16
800 1 0 -16 15 14
801 0 0 15 -8 15
802 0 0 15 15 -10
803 0 0 7 10 15
804 1 1 -16 4 -16
805 0 0 10 -5 -15
806 0 0 15 15 15
807 1 1 -15 -15 15
808 0 1 11 -16 -14
809 0 0 15 3 -16
810 1 0 -4 15 15
811 1 1 -16 -6 12
812 1 1 -11 4 -4
813 0 1 15 11 11
814 1 0 -16 0 8
815 1 0 -11 -16 -4
816 0 1 7 -2 -16
817 0 0 0 -15 15
818 1 0 -13 -16 -16
819 0 0 3 -14 6
820 1 0 -16 14 0
821 0 0 15 15 -16
822 1 0 -16 -16 -14
823 0 0 11 10 -8
824 0 1 13 -15 -12
825 0 0 13 15 -6
826 1 1 -15 -12 15
827 0 1 15 -1 -3
828 0 1 14 4 -13
829 1 1 -10 11 7
830 0 0 15 12 -13
831 0 1 15 -13 15
832 1 0 -13 15 -13
833 0 1 15 -3 14
834 1 0 -7 7 -16
835 1 0 -11 11 -6
836 1 0 -16 2 -6
837 0 0 8 12 15
838 0 0 5 -7 -16
839 1 1 -11 15 -12
840 0 1 15 -5 -16
841 0 1 12 -4 -3
842 0 1 14 -8 -16
843 1 1 -16 -5 -16
844 1 0 -5 15 7
845 0 1 12 -14 -16
846 1 1 -7 15 13
847 0 1 7 -16 -13
848 0 1 11 -16 -14
849 0 0 11 -10 -5
850 0 0 12 15 -16
851 0 1 15 -7 -7
852 0 0 11 11 -16
853 1 1 -9 -16 15
854 0 0 14 -16 13
855 1 0 -6 -16 15
856 1 1 -16 5 -16
857 0 0 -6 -13 15
858 0 0 15 -11 0
859 1 0 -4 15 11
860 1 0 -16 -16 12
861 1 1 -16 -16 2
862 1 1 -16 15 11
863 0 0 15 -10 13
864 0 1 15 -10 15
865 1 1 2 11 14
866 0 1 15 10 -4
867 0 0 9 8 -16
868 1 0 -16 -16 15
869 1 0 -16 -11 -11
870 1 1 -16 15 -16
871 1 0 1 0 13
872 1 0 -16 15 15
873 1 0 -15 -16 -6
874 0 0 4 -10 -10
875 1 1 -16 -16 14
876 1 0 -16 3 11
877 1 0 -14 4 8
878 0 1 1 -16 -16
879 0 1 15 10 -16
880 0 0 15 13 -12
881 1 1 -5 15 15
882 1 1 -14 12 -16
883 1 0 -16 -11 10
884 1 0 3 -4 -13
885 1 0 -11 -15 15
886 0 1 0 0 -12
887 0 1 15 -10 14
888 0 0 15 6 11
889 0 0 13 7 1
890 0 1 15 -16 -16
891 0 1 13 -16 -16
892 0 1 14 -16 -1
893 0 0 15 6 -16
894 0 0 13 -16 -11
895 0 1 15 15 3
896 0 0 15 15 9
897 1 1 -7 15 -16
898 1 1 -8 15 -12
899 1 1 -7 -7 5
900 0 1 15 -4 13
901 0 1 6 -8 15
902 1 0 -15 1 12
903 0 1 10 14 8
904 1 1 -16 5 15
905 0 1 15 -16 -9
906 1 1 -14 -6 9
907 1 1 -13 -11 -16
908 0 0 9 15 15
909 1 1 -16 -6 9
910 0 1 13 -16 -7
911 0 1 12 9 15
912 0 0 13 -13 15
913 0 0 11 14 15
914 1 1 -5 -8 -16
915 1 1 -16 5 -16
916 1 1 -16 -6 15
917 1 1 -16 -13 15
918 1 0 -5 10 -11
919 1 0 -16 13 9
920 0 0 7 -15 11
921 0 0 12 15 -16
922 0 1 8 15 11
923 0 0 8 -9 0
924 0 1 12 -9 12
925 0 1 11 -16 15
926 1 0 -4 -5 -5
927 1 1 -7 9 -9
928 0 1 -5 -2 -12
929 0 0 11 -13 9
930 0 1 15 -16 -15
931 1 1 -16 -16 5
932 1 1 -13 15 -13
933 1 0 -16 15 2
934 1 1 -16 15 15
935 1 1 -16 -14 -13
936 1 1 -16 15 10
937 0 0 15 -1 15
938 0 0 6 13 15
939 0 0 15 10 15
940 1 1 -10 -11 -16
941 1 1 -16 -5 -8
942 0 0 8 1 -9
943 0 0 11 -16 -16
944 0 0 10 8 10
945 0 0 10 -13 -13
946 0 0 1 -2 15
947 0 0 6 15 15
948 0 0 10 -16 -16
949 1 1 -5 12 9
950 0 0 6 -11 -2
951 0 0 15 -16 -11
952 0 1 15 -6 15
953 0 0 7 9 15
954 1 1 -13 3 -16
955 1 0 -16 -13 15
956 1 1 -12 15 15
957 1 1 -1 -16 -16
958 0 0 4 15 -16
959 0 1 6 -11 -15
960 1 1 -16 -11 15
961 0 0 14 13 -16
962 0 1 15 11 15
963 0 0 11 -12 -2
964 1 1 -9 15 1
965 1 1 -16 12 11
966 1 0 -14 15 -16
967 0 0 15 14 11
968 1 0 -16 15 11
969 0 1 15 -16 13
970 0 0 6 11 -8
971 1 1 -14 -16 -16
972 0 0 15 -2 15
973 0 0 13 -3 -3
974 1 0 -16 7 -12
975 0 0 7 11 0
976 1 1 -8 15 15
977 0 0 10 -7 13
978 0 0 9 14 15
979 0 1 15 15 -16
980 1 0 -16 15 15
981 1 0 -16 15 -14
982 1 1 -10 -16 -14
983 1 1 0 15 -6
984 0 1 15 15 -13
985 1 0 -8 -4 15
986 0 1 12 15 -13
987 0 0 13 -8 -16
988 0 1 12 8 -3
989 0 1 15 10 8
990 1 0 -16 10 -16
991 1 0 4 14 -10
992 1 1 -1 -16 15
993 1 0 -13 10 12
994 0 0 15 8 14
995 1 1 9 -16 -16
996 0 0 15 15 15
997 0 0 15 -2 -16
998 0 1 11 12 -16
999 0 1 8 15 -6
1000 0 1 -2 -7 -16
1001 1 0 -10 15 14
1002 0 0 9 -10 7
1003 1 0 -12 8 -16
1004 1 0 -10 14 -11
1005 0 1 15 -16 8
1006 1 0 -16 -16 15
1007 0 0 15 15 15
1008 0 0 14 1 13
1009 0 1 15 -16 -15
1010 1 1 -7 11 -14
1011 1 0 -16 14 0
1012 1 0 -16 5 -16
1013 1 0 -13 -10 1
1014 1 1 -15 15 0
1015 0 1 -1 6 4
1016 1 1 -16 -6 4
1017 0 1 13 9 -2
1018 1 0 -16 9 15
1019 1 1 -16 -16 13
1020 1 0 -16 12 2
1021 0 1 10 2 15
1022 0 1 4 13 15
1023 1 1 -13 -13 -3
1024 1 1 -3 -16 10
1025 1 1 -16 11 -16
1026 0 1 15 -16 -16
1027 0 1 15 -13 7
1028 1 0 -12 15 -5
1029 0 0 6 8 -8
1030 1 0 -16 -16 -16
1031 0 0 15 14 3
1032 0 0 15 -4 -16
1033 0 0 2 15 14
1034 0 1 15 10 -16
1035 0 1 3 -9 15
1036 1 1 -5 9 -12
1037 1 0 -16 15 9
1038 0 0 12 -16 -3
1039 1 1 -11 -16 -3
1040 0 0 15 5 6
1041 1 0 -8 -15 8
1042 0 0 15 -15 -16
1043 0 1 15 15 15
1044 1 1 -11 12 12
1045 0 1 9 12 6
1046 0 1 13 -11 -16
1047 0 1 2 -15 12
1048 1 0 -10 15 7
1049 0 0 14 0 6
1050 1 1 -16 -9 -16
1051 1 0 -16 -14 5
1052 1 1 -16 15 15
1053 0 0 8 -16 15
1054 0 1 9 -8 8
1055 0 1 7 -16 15
1056 0 0 6 14 6
1057 1 0 -14 15 0
1058 0 0 15 15 -16
1059 1 1 -12 15 15
1060 0 1 13 -11 -16
1061 0 1 1 15 -8
1062 1 1 -16 -9 6
1063 0 1 11 -12 15
1064 1 0 -9 -11 -16
1065 0 0 15 -16 15
1066 0 1 8 -16 -9
1067 1 0 -16 -13 -16
1068 0 0 14 -10 15
1069 1 0 -5 13 -16
1070 0 1 11 15 -16
1071 0 0 14 15 15
1072 1 0 -15 -7 3
1073 1 0 -16 -14 -13
1074 0 1 15 -16 15
1075 1 0 -9 15 -16
1076 0 1 15 10 9
1077 1 1 -11 -10 12
1078 0 1 15 8 13
1079 0 0 10 -8 7
1080 0 0 7 15 -2
1081 0 0 7 15 -8
1082 1 0 -5 15 -8
1083 1 1 -16 11 -16
1084 1 1 0 -14 15
1085 0 1 3 -7 15
1086 1 0 -1 -6 -10
1087 0 1 5 -13 -9
1088 1 1 -16 -1 -11
1089 1 1 -16 -10 -6
1090 1 1 -9 3 -16
1091 1 1 -8 5 8
1092 0 1 15 -7 -16
1093 1 1 -16 15 -8
1094 0 1 15 -9 -16
1095 0 1 11 -16 -16
1096 1 1 1 6 -5
1097 1 0 -6 -4 4
1098 1 1 -9 -12 -5
1099 1 1 -5 15 5
1100 0 1 15 -9 -16
1101 1 0 -10 14 15
1102 0 0 10 -16 -16
1103 0 1 13 -16 -16
1104 0 0 11 -12 4
1105 0 1 4 15 -16
1106 1 1 -1 12 5
1107 0 1 15 3 -7
1108 1 1 -7 6 -16
1109 0 0 15 -16 -14
1110 0 0 12 7 -8
1111 0 1 13 15 -12
1112 1 0 -16 15 -14
1113 0 0 5 -14 -11
1114 0 0 8 15 15
1115 1 0 -16 -11 -16
1116 1 0 -16 3 -1
1117 0 1 15 15 -14
1118 0 0 0 15 -16
1119 0 1 -2 7 -3
1120 0 0 6 15 7
1121 1 0 -16 -13 -16
1122 1 0 -15 -7 15
1123 1 1 -10 14 15
1124 1 0 -16 15 12
1125 1 0 -16 15 -16
1126 1 0 -9 -16 -15
1127 1 1 -12 15 15
1128 0 0 15 13 11
1129 0 0 13 -1 11
1130 0 0 -1 15 11
1131 1 1 -13 -16 -10
1132 0 0 2 12 6
1133 0 0 8 0 -13
1134 0 0 12 8 4
1135 1 0 -12 -15 11
1136 0 1 13 -11 14
1137 0 1 2 11 15
1138 0 1 3 -15 -9
1139 1 1 -16 -2 9
1140 1 1 -10 -15 -16
1141 0 1 9 8 -9
1142 1 1 -16 -9 10
1143 1 0 -12 12 -16
1144 0 0 -6 15 -5
1145 1 1 -9 -6 9
1146 0 1 15 0 -15
1147 1 1 -16 5 -14
1148 1 0 -16 -9 -13
1149 0 1 14 -16 15
1150 1 1 -16 -10 -16
1151 0 0 12 -16 11
1152 0 0 15 -4 -16
1153 1 1 -4 -10 -12
1154 1 0 -5 7 8
1155 0 0 8 -16 15
1156 1 1 -15 4 8
1157 1 0 -16 15 -16
1158 0 1 13 -11 -11
1159 1 0 -16 3 15
1160 1 1 -16 -13 -14
1161 0 0 3 -2 -13
1162 1 1 -16 -8 -16
1163 0 1 11 -6 15
1164 0 1 1 15 13
1165 1 1 -11 8 13
1166 1 0 -9 -15 15
1167 0 0 15 -1 -13
1168 1 0 -6 -6 -16
1169 0 1 15 -8 9
1170 0 1 15 -16 -4
1171 0 0 15 15 -5
1172 1 0 -3 4 -2
1173 1 0 -9 -16 12
1174 0 0 13 -8 4
1175 0 1 6 12 10
1176 1 1 -16 0 6
1177 0 1 8 12 -16
1178 0 1 7 -4 0
1179 0 1 10 -16 -16
1180 0 0 14 -9 15
1181 1 1 1 1 12
1182 1 0 -13 -2 4
1183 0 1 15 -16 12
1184 0 0 15 -16 -10
1185 1 1 -13 13 -14
1186 0 0 7 15 15
1187 1 1 -7 -13 -13
1188 0 0 15 15 -4
1189 0 1 13 -12 -4
1190 1 0 -16 -5 -4
1191 0 0 8 15 -8
1192 0 1 13 15 -10
1193 1 0 -8 -2 -9
1194 1 1 -16 15 -5
1195 0 0 15 11 12
1196 1 1 -3 15 -16
1197 0 1 11 -15 -13
1198 0 0 -2 10 -11
1199 0 0 2 13 -10
1200 1 0 -11 15 2
1201 0 0 15 -10 -16
1202 1 0 -6 2 1
1203 0 1 15 15 1
1204 1 1 -8 -3 13
1205 1 1 -13 15 -10
1206 1 0 -11 -14 7
1207 1 0 -16 -16 -12
1208 0 1 14 -12 -11
1209 0 0 4 -16 3
1210 0 1 9 11 -16
1211 1 0 -16 4 -10
1212 1 0 -9 -13 9
1213 1 0 -7 13 -16
1214 0 1 4 13 -16
1215 0 1 7 15 -12
1216 0 0 14 12 14
1217 1 1 -16 -13 -14
1218 0 1 14 2 15
1219 1 0 -8 12 12
1220 0 1 9 2 -11
1221 0 0 3 -3 7
1222 0 0 8 -9 -7
1223 1 0 -16 12 15
1224 0 0 15 15 14
1225 0 0 15 15 -14
1226 0 0 15 3 -15
1227 1 0 -11 -16 12
1228 1 1 -15 -8 -16
1229 1 0 1 15 -9
1230 1 0 -8 9 -16
1231 0 0 10 -14 15
1232 1 0 -15 -12 -11
1233 0 0 15 15 5
1234 0 1 15 11 -12
1235 1 1 -12 15 -1
1236 0 0 14 -15 15
1237 0 1 9 11 -8
1238 1 1 -16 -13 -3
1239 1 1 -16 11 15
1240 1 0 -16 -15 -6
1241 0 1 13 2 15
1242 0 0 11 -11 -15
1243 0 1 15 15 15
1244 0 1 10 8 -6
1245 1 0 6 0 -14
1246 0 1 15 -6 -7
1247 0 0 5 8 15
1248 1 0 -15 -16 15
1249 1 0 -8 12 -9
1250 1 1 -4 -15 12
1251 0 1 5 15 15
1252 0 0 7 -13 -14
1253 0 0 15 1 15
1254 0 1 8 14 -14
1255 1 1 -16 15 15
1256 0 1 1 -16 -13
1257 1 0 -16 -14 13
1258 0 0 3 6 -1
1259 0 0 15 15 13
1260 1 0 -9 15 15
1261 0 0 15 -7 2
1262 1 0 -16 -16 -12
1263 0 0 5 15 -7
1264 0 1 15 15 -11
1265 0 0 14 -16 -4
1266 1 0 -13 2 -13
1267 1 1 -7 15 -11
1268 1 1 -5 15 13
1269 0 1 15 7 15
1270 1 1 2 11 3
1271 1 0 -13 -13 12
1272 1 0 -14 -13 -11
1273 1 0 -14 14 0
1274 0 0 15 15 -8
1275 0 0 15 1 12
1276 0 1 12 1 15
1277 0 1 11 15 -7
1278 0 1 15 15 11
1279 0 1 5 10 -7
1280 1 1 -14 -11 -16
1281 1 0 -6 -10 -7
1282 0 0 15 -5 -13
1283 0 0 10 -15 -1
1284 1 0 -15 -16 -6
1285 0 1 4 -16 -2
1286 1 0 -9 13 11
1287 0 0 7 15 15
1288 0 0 15 15 -12
1289 0 0 8 11 -15
1290 1 1 -13 2 13
1291 0 0 15 5 15
1292 1 0 -15 15 7
1293 1 1 -16 -8 -7
1294 1 1 -12 8 -12
1295 0 1 15 10 10
1296 0 0 15 9 -16
1297 0 0 15 15 -15
1298 0 0 9 15 -16
1299 1 0 -16 -13 15
1300 1 0 -15 -11 -16
1301 1 0 -8 11 11
1302 0 1 15 -16 -5
1303 1 0 -16 5 0
1304 0 1 13 -11 -10
1305 1 0 -13 15 -9
1306 1 1 -8 10 15
1307 1 0 -10 3 15
1308 1 0 -16 -3 12
1309 0 0 15 -14 15
1310 0 0 4 15 15
1311 0 1 14 -16 -6
1312 0 1 11 4 -10
1313 0 0 12 13 -9
1314 1 0 -16 15 -15
1315 1 1 -16 15 -15
1316 0 1 15 15 15
1317 1 1 -12 14 15
1318 0 0 10 -16 -4
1319 0 0 15 2 8
1320 1 0 -11 -15 15
1321 0 1 15 -10 15
1322 1 1 -6 -16 11
1323 0 1 11 -13 0
1324 1 0 -12 10 -16
1325 0 0 10 15 14
1326 0 1 8 15 9
1327 1 1 -8 -9 -16
1328 0 1 15 15 13
1329 1 1 -16 15 -15
1330 1 0 -12 -16 15
1331 0 0 15 -12 -9
1332 1 1 -16 -8 -16
1333 1 0 -16 12 15
1334 0 0 -5 -14 11
1335 0 1 3 -9 15
1336 0 1 5 -16 7
1337 0 1 14 -1 6
1338 1 1 -2 5 15
1339 0 1 15 7 -6
1340 1 1 -10 2 -8
1341 1 1 -16 15 15
1342 1 0 -16 -14 -16
1343 1 0 -12 15 -2
1344 0 1 11 15 9
1345 0 1 14 4 -16
1346 0 0 12 13 13
1347 1 0 -11 -14 -16
1348 1 0 -16 -4 10
1349 1 0 -11 10 15
1350 1 1 -8 12 15
1351 1 0 -8 7 -16
1352 0 1 9 10 -16
1353 1 0 -16 15 15
1354 0 0 15 -16 15
1355 1 1 -9 -4 15
1356 0 1 9 15 8
1357 0 1 11 15 -8
1358 1 0 -6 11 -9
1359 1 1 0 2 -9
1360 0 0 14 11 -13
1361 1 0 -6 15 -16
1362 0 1 13 -10 -14
1363 0 1 9 6 15
1364 0 0 10 11 -16
1365 1 0 -13 13 -15
1366 0 1 15 -16 15
1367 1 1 -10 -11 -16
1368 1 0 -9 -10 15
1369 0 1 15 15 14
1370 1 0 -14 -10 13
1371 0 1 15 -16 11
1372 1 0 -16 -11 -2
1373 0 0 15 -14 -4
1374 0 1 15 -11 -16
1375 1 1 -16 -2 15
1376 0 0 15 -16 10
1377 1 1 -16 15 -15
1378 0 1 14 15 -4
1379 0 1 13 4 15
1380 0 0 9 3 -15
1381 1 1 -5 -14 15
1382 0 1 11 15 15
1383 0 0 10 -16 -11
1384 1 0 -16 -11 -3
1385 0 1 14 11 -9
1386 1 1 -16 -16 15
1387 1 0 -16 14 10
1388 1 0 -16 -16 12
1389 0 0 6 15 15
1390 0 1 15 -15 -13
1391 0 1 15 15 -8
1392 0 1 12 11 12
1393 1 0 -12 15 -14
1394 1 1 -12 14 15
1395 1 0 -1 -16 -12
1396 0 1 4 -16 13
1397 1 1 -2 -16 15
1398 0 1 15 -16 15
1399 0 0 15 3 3
1400 0 0 9 9 -16
1401 1 0 -16 5 -7
1402 1 1 -10 -8 15
1403 1 1 -2 15 -16
1404 0 0 8 15 2
1405 0 1 15 15 15
1406 0 0 15 6 11
1407 1 0 -15 -16 -10
1408 0 0 7 15 -7
1409 1 0 -10 15 -5
1410 0 0 12 15 15
1411 1 0 -6 15 -4
1412 0 1 14 -8 -16
1413 1 0 -3 -11 2
1414 0 0 9 7 12
1415 1 1 -9 -15 14
1416 1 1 -14 15 15
1417 1 0 -16 -13 1
1418 1 1 -15 -12 15
1419 0 1 7 1 15
1420 0 1 13 -16 -10
1421 0 0 6 12 -6
1422 0 1 15 -16 -14
1423 0 1 9 15 8
1424 0 0 14 15 -6
1425 1 0 -16 15 -14
1426 0 1 15 -12 12
1427 0 1 -2 13 -11
1428 1 0 -16 -16 15
1429 0 0 -4 -16 -8
1430 0 0 11 15 1
1431 1 1 -16 -3 -16
1432 0 0 5 15 -11
1433 0 1 15 -10 -16
1434 0 0 15 -5 -7
1435 1 0 -7 15 -13
1436 0 0 8 9 15
1437 1 0 -16 -16 -16
1438 1 1 -2 -16 -16
1439 0 1 9 -16 -12
1440 0 0 7 -16 14
1441 0 0 5 15 1
1442 1 0 -14 12 -14
1443 1 1 -12 -1 9
1444 0 0 5 -16 -11
1445 0 1 7 11 15
1446 1 1 -16 15 11
1447 1 0 -4 -16 -13
1448 1 0 -13 15 12
1449 0 0 15 10 13
1450 0 0 14 15 -16
1451 0 1 15 12 9
1452 0 1 1 8 15
1453 1 0 -15 -10 -12
1454 0 1 8 15 -16
1455 1 0 -4 11 15
1456 0 1 15 15 -16
1457 0 0 11 -8 -16
1458 0 0 1 -12 12
1459 1 1 -13 15 15
1460 0 1 15 15 -15
1461 1 0 -9 -16 -16
1462 0 1 12 7 -10
1463 1 1 -16 0 15
1464 1 1 -14 -16 12
1465 1 1 -7 11 15
1466 1 1 -11 -16 -16
1467 1 0 -16 -16 3
1468 0 1 15 -9 -16
1469 0 1 6 -16 15
1470 0 0 3 13 -13
1471 0 1 14 -15 15
1472 1 0 -16 -13 -16
1473 0 1 15 10 5
1474 0 1 15 3 15
1475 1 1 -16 11 8
1476 1 0 -1 14 15
1477 1 1 -13 -16 15
1478 0 0 15 -3 -11
1479 0 0 10 9 8
1480 0 0 15 -12 4
1481 0 1 15 15 15
1482 1 0 -12 -11 -6
1483 1 0 -16 15 14
1484 0 0 15 15 8
1485 0 1 15 7 -8
1486 1 0 -16 -16 -9
1487 1 0 -16 -16 14
1488 0 0 6 -16 15
1489 0 0 15 -16 -6
1490 0 0 11 7 -7
1491 0 1 0 -16 3
1492 0 1 5 8 -16
1493 0 1 15 1 -14
1494 1 1 -10 8 12
1495 1 0 -13 15 -14
1496 0 0 -1 15 -11
1497 0 0 15 -12 -12
1498 1 0 -11 9 13
1499 0 1 15 -15 10
1500 0 1 15 -16 -9
1501 1 0 -13 6 -14
1502 1 0 -16 -16 12
1503 0 0 11 10 -11
1504 1 0 -16 -1 15
1505 1 1 -2 -16 -11
1506 0 0 14 -12 -13
1507 0 1 15 15 -11
1508 1 1 -6 4 15
1509 1 0 -13 4 -13
1510 1 0 -9 1 -16
1511 0 1 15 15 15
1512 0 1 14 10 -16
1513 0 0 15 13 5
1514 0 1 12 9 15
1515 0 1 15 8 -16
1516 0 0 15 15 -11
1517 1 0 -16 -16 15
1518 0 1 15 8 9
1519 1 1 -7 13 -16
1520 1 0 -4 -6 -16
1521 1 0 -8 7 13
1522 0 1 6 13 1
1523 1 1 -2 -16 -11
1524 0 1 15 5 3
1525 1 0 -12 13 15
1526 0 1 14 15 -16
1527 0 0 15 -8 15
1528 0 1 3 -16 15
1529 1 0 -5 14 -2
1530 0 1 11 15 15
1531 0 1 9 8 12
1532 0 1 15 6 -16
1533 1 1 -5 -10 -2
1534 0 0 5 12 15
1535 0 1 11 0 -16
1536 1 1 -16 -16 -16
1537 0 0 6 15 -2
1538 0 1 15 11 2
1539 0 0 12 -10 9
1540 1 1 -13 15 -10
1541 1 1 -10 15 -3
1542 1 1 -13 12 10
1543 0 0 6 15 -16
1544 0 0 9 0 -10
1545 0 1 10 -12 11
1546 0 0 15 -16 15
1547 1 1 -4 -13 -10
1548 0 1 -1 14 -4
1549 0 1 15 -13 7
1550 1 0 -11 -6 -16
1551 1 0 -15 15 -11
1552 1 1 9 14 15
1553 0 0 15 -16 10
1554 0 0 -1 7 6
1555 0 1 15 15 -4
1556 1 0 -16 9 15
1557 0 1 6 -8 13
1558 1 1 -16 -16 -8
1559 1 1 -11 -7 8
1560 1 1 -16 -16 -16
1561 1 1 -1 -16 -16
1562 1 1 -16 0 2
1563 0 0 15 15 -16
1564 0 0 9 15 -15
1565 1 0 -8 14 -16
1566 1 1 -16 4 -16
1567 1 1 -6 -12 15
1568 0 0 15 -6 -15
1569 0 0 -1 15 -16
1570 0 1 -3 -9 15
1571 1 1 -5 -16 -16
1572 0 1 15 7 -16
1573 0 0 11 15 -7
1574 0 1 7 -16 13
1575 0 1 15 -4 -5
1576 1 0 -16 15 9
1577 0 1 15 13 4
1578 0 0 15 11 15
1579 0 0 1 15 -16
1580 0 1 8 15 4
1581 0 0 14 15 -14
1582 0 0 6 15 -16
1583 0 1 10 14 13
1584 0 1 15 7 -6
1585 0 1 13 12 -14
1586 0 0 12 2 -16
1587 0 1 5 15 10
1588 1 0 -4 0 7
1589 0 1 9 15 -13
1590 1 0 -16 14 14
1591 0 0 15 14 -12
1592 0 1 9 -15 -13
1593 1 0 -1 0 15
1594 0 1 15 -3 -11
1595 0 1 15 -6 10
1596 0 0 12 -16 9
1597 1 1 -15 -9 -3
1598 0 1 -3 -11 -16
1599 0 0 15 -16 -8
1600 1 1 -14 -13 15
1601 0 0 14 -10 15
1602 1 1 -13 15 -6
1603 1 0 4 -14 11
1604 1 0 -9 -14 -11
1605 0 1 11 -14 -16
1606 0 1 6 -16 -15
1607 1 0 -14 -16 6
1608 1 1 -15 13 -12
1609 0 1 15 -16 10
1610 1 0 2 8 4
1611 0 1 15 3 -16
1612 0 1 13 -16 -6
1613 1 0 -16 12 -11
1614 1 1 -13 -16 15
1615 1 0 -11 -16 15
1616 1 0 -14 12 6
1617 1 0 -3 15 15
1618 0 1 15 -8 -2
1619 0 1 15 15 -9
1620 1 0 -13 -16 -15
1621 1 1 -13 15 -1
1622 1 0 -9 -16 7
1623 0 0 15 10 8
1624 0 0 5 -16 15
1625 1 0 -13 -11 7
1626 1 1 -13 -16 -4
1627 1 1 -16 -11 -16
1628 0 1 13 -1 14
1629 1 1 -6 -16 15
1630 0 0 -1 -12 -16
1631 0 1 9 15 0
1632 0 0 12 -16 7
1633 0 1 14 15 -8
1634 0 0 5 15 -8
1635 1 0 -14 15 4
1636 1 1 -13 15 15
1637 1 1 -3 -11 -5
1638 1 1 -16 15 15
1639 0 0 4 1 15
1640 1 0 -3 -16 6
1641 1 1 -4 -16 -14
1642 1 1 -6 11 -1
1643 0 1 15 -4 12
1644 0 1 14 -11 0
1645 0 1 0 -11 6
1646 0 1 15 15 1
1647 0 1 10 -10 15
1648 0 1 12 8 -16
1649 0 0 10 15 4
1650 1 0 -16 10 -16
1651 0 1 15 -15 -16
1652 0 0 15 15 15
1653 1 1 -13 -16 -10
1654 0 1 9 -11 15
1655 1 0 -16 -8 10
1656 0 1 15 -9 -6
1657 1 1 -13 15 -15
1658 0 0 15 15 -7
1659 0 0 15 15 -16
1660 1 0 8 -6 -2
1661 1 0 -5 -16 -13
1662 1 1 -16 15 -7
1663 1 1 -13 8 -6
1664 0 1 15 -4 -11
1665 0 0 11 8 15
1666 1 1 -16 -11 -16
1667 0 1 12 -11 15
1668 1 1 -11 -16 -11
1669 1 0 -14 15 15
1670 0 1 -4 -16 15
1671 1 0 -12 4 15
1672 1 0 -9 13 3
1673 0 1 15 -1 15
1674 1 0 -14 -16 -13
1675 0 1 15 14 15
1676 1 0 -16 -11 -2
1677 0 0 15 -16 -16
1678 1 0 -9 -16 -16
1679 0 0 2 -5 -4
1680 0 0 14 -12 -8
1681 0 0 15 14 15
1682 0 0 11 -2 13
1683 1 0 -14 -11 -16
1684 0 0 14 13 -16
1685 1 0 -16 -12 -15
1686 1 0 -9 11 11
1687 1 0 -9 -7 -16
1688 1 0 -8 -13 8
1689 1 0 0 14 8
1690 0 0 9 -16 -11
1691 1 1 -4 9 2
1692 0 0 8 -9 -16
1693 0 0 15 -10 -7
1694 0 0 14 -3 -14
1695 1 1 -13 -16 -5
1696 0 0 11 -16 -15
1697 1 0 -15 10 -16
1698 0 1 12 -7 -12
1699 1 1 -14 -16 3
1700 0 1 5 15 15
1701 0 0 15 -16 -16
1702 0 1 14 15 -8
1703 0 1 15 13 -11
1704 0 0 7 -15 15
1705 0 0 7 -7 13
1706 0 0 15 -13 -16
1707 1 0 -16 -13 -15
1708 0 0 8 -16 -11
1709 1 1 -16 12 -1
1710 1 1 -16 -14 -6
1711 1 1 -8 -16 11
1712 0 1 8 -15 15
1713 0 1 13 -14 -11
1714 0 1 15 4 -1
1715 0 1 -1 -16 -16
1716 0 1 15 15 -15
1717 1 1 -16 -14 3
1718 1 0 -7 15 -16
1719 1 0 -9 2 -9
1720 0 0 15 10 -11
1721 1 0 -1 4 12
1722 0 1 12 9 13
1723 0 1 11 -8 -7
1724 1 0 -11 15 -16
1725 1 0 -16 13 10
1726 0 0 13 -16 -16
1727 0 0 5 8 15
1728 1 1 -12 -10 -16
1729 0 0 15 -13 -1
1730 0 0 6 9 6
1731 1 0 -16 15 -13
1732 1 1 -10 -14 -4
1733 1 0 -16 6 13
1734 0 1 8 15 -16
1735 0 1 15 13 10
1736 1 0 -14 -13 4
1737 0 1 15 15 -14
1738 0 0 8 -9 9
1739 0 0 15 1 -11
1740 1 1 -4 -9 -4
1741 1 0 -3 4 11
1742 1 1 -7 -6 -6
1743 0 0 10 15 -2
1744 0 1 15 -16 -6
1745 0 0 15 6 1
1746 1 1 -6 -5 12
1747 0 1 8 -16 -4
1748 0 1 15 8 -16
1749 1 0 -11 7 -16
1750 1 0 -5 -15 -6
1751 0 1 12 -16 -3
1752 1 1 -11 -15 15
1753 1 0 -16 9 -10
1754 0 0 10 -14 -16
1755 1 1 -16 2 15
1756 1 1 -16 4 -10
1757 0 1 15 -12 -16
1758 1 1 -16 -15 15
1759 0 0 6 15 -12
1760 0 1 14 15 15
1761 1 0 -3 10 -14
1762 0 1 10 -13 15
1763 0 1 13 12 9
1764 1 0 -9 -10 -16
1765 0 1 11 -16 -5
1766 1 1 -5 -4 -16
1767 1 1 -13 5 -16
1768 0 0 6 -16 15
1769 1 0 -4 15 5
1770 1 0 -15 5 -16
1771 0 1 13 -16 15
1772 1 0 -5 -4 -14
1773 1 1 -3 -12 7
1774 1 1 -15 -16 8
1775 1 1 -8 -13 15
1776 0 1 13 9 -10
1777 0 0 15 7 -16
1778 1 1 -16 6 -10
1779 0 1 9 -9 15
1780 0 0 11 13 -13
1781 0 0 7 12 -12
1782 0 1 11 -13 1
1783 0 0 10 -16 11
1784 1 0 -14 8 15
1785 0 0 9 15 15
1786 0 0 15 15 15
1787 0 1 0 6 -10
1788 0 1 14 5 -12
1789 0 0 15 9 -11
1790 0 1 12 13 -2
1791 0 1 10 15 -16
1792 0 1 -4 -6 -8
1793 1 1 -2 -14 5
1794 0 0 15 13 -6
1795 0 0 10 -2 -16
1796 0 0 15 -3 -16
1797 0 0 15 5 15
1798 0 0 10 -14 -16
1799 1 1 -5 15 -16
1800 0 0 12 -13 12
1801 1 0 -11 15 4
1802 0 0 15 -10 -5
1803 1 1 -16 -3 -4
1804 1 1 -11 15 14
1805 0 0 12 -16 -5
1806 1 1 -15 -4 -11
1807 0 0 6 13 15
1808 0 0 15 15 5
1809 1 0 -13 4 -16
1810 0 0 10 -16 -9
1811 0 0 15 7 -15
1812 1 0 -16 -16 13
1813 1 1 -16 -2 -7
1814 1 1 -14 -16 -9
1815 0 0 11 15 -15
1816 1 1 -16 1 -10
1817 0 0 13 15 -16
1818 0 0 8 -16 -12
1819 0 1 4 -16 -16
1820 1 0 -11 12 -16
1821 1 0 -12 -16 -16
1822 0 1 15 4 -9
1823 1 1 -14 15 8
1824 1 1 -4 -16 7
1825 1 0 -14 12 -16
1826 0 1 15 6 -16
1827 1 0 -10 -16 13
1828 1 0 -10 -14 3
1829 0 0 15 -16 -5
1830 1 1 -8 15 14
1831 0 1 15 15 15
1832 1 1 -8 -16 13
1833 1 0 -7 -16 15
1834 0 1 9 -16 11
1835 0 1 15 -13 15
1836 1 0 -11 -16 15
1837 1 1 -8 0 14
1838 1 0 -7 13 -14
1839 0 1 13 -16 -16
1840 0 1 13 15 -8
1841 1 0 -13 -16 15
1842 1 1 -16 8 -9
1843 1 1 2 -16 15
1844 1 1 -8 -16 -6
1845 0 1 15 -8 -16
1846 1 0 -16 10 -16
1847 1 1 -6 -7 2
1848 1 1 -9 -16 -5
1849 1 0 -16 10 12
1850 0 0 15 -15 -13
1851 1 0 -3 10 4
1852 0 0 15 -6 1
1853 1 0 -16 14 -9
1854 1 1 -12 15 9
1855 1 1 -9 14 4
1856 1 1 -8 -8 12
1857 0 1 1 -6 -6
1858 1 1 -8 -15 15
1859 1 0 -16 10 15
1860 0 1 15 -16 -11
1861 1 0 -13 6 14
1862 1 0 -16 15 -16
1863 0 0 14 -10 6
1864 0 1 13 2 -13
1865 1 0 -16 -10 -10
1866 0 0 15 -10 5
1867 1 1 -12 -9 14
1868 0 1 9 -7 -6
1869 1 1 -16 12 7
1870 1 0 -7 -11 13
1871 1 1 -12 -8 -11
1872 0 0 5 -16 1
1873 1 1 -4 15 5
1874 1 0 -16 -13 15
1875 0 0 15 10 -16
1876 0 1 10 -11 14
1877 1 1 -14 -12 5
1878 0 1 15 10 11
1879 1 0 -16 -4 11
1880 0 0 14 -14 -5
1881 1 0 -15 -12 1
1882 0 1 9 -16 15
1883 1 0 -8 15 15
1884 0 1 14 4 -14
1885 0 1 15 15 -8
1886 1 0 -14 -8 -15
1887 1 0 -13 -12 -16
1888 0 0 15 -16 7
1889 1 0 -6 4 -10
1890 1 0 -14 -15 14
1891 1 0 -15 -11 9
1892 1 1 -16 10 15
1893 1 1 -16 11 15
1894 0 0 1 -15 15
1895 1 0 7 -16 -7
1896 1 0 -12 1 -13
1897 1 0 -14 -16 5
1898 1 1 -16 -16 -16
1899 0 1 15 11 12
1900 1 1 -16 -10 10
1901 1 0 -12 4 -16
1902 0 1 12 10 -6
1903 0 0 12 3 15
1904 0 1 15 9 -16
1905 0 1 13 15 15
1906 0 1 15 15 -16
1907 1 1 -11 -16 -11
1908 1 0 -10 -6 -12
1909 0 0 15 -15 -7
1910 0 1 4 -16 -14
1911 0 0 15 4 -16
1912 0 1 14 -12 7
1913 1 0 -16 -12 7
1914 1 0 -2 -16 15
1915 0 1 15 14 -12
1916 1 1 -11 -8 -10
1917 1 1 -16 0 15
1918 1 1 -16 -13 8
1919 0 0 15 0 -14
1920 1 1 -16 6 -4
1921 0 0 15 14 15
1922 0 1 15 -9 -16
1923 1 1 -9 15 14
1924 0 1 15 -13 -14
1925 1 1 -16 6 -16
1926 1 1 -5 7 15
1927 0 1 14 -16 15
1928 0 1 15 15 15
1929 0 1 13 9 -16
1930 1 0 -15 15 -8
1931 0 1 12 -9 1
1932 1 0 -16 -10 -16
1933 1 1 -16 -14 9
1934 0 0 15 15 15
1935 0 1 14 15 -16
1936 1 0 3 6 7
1937 0 0 15 -16 -2
1938 0 1 11 15 -10
1939 1 1 -8 -16 -16
1940 1 1 -15 15 -6
1941 0 0 7 7 4
1942 1 0 -12 -12 11
1943 0 1 15 12 -4
1944 1 0 -16 7 -11
1945 0 0 15 15 4
1946 1 0 -16 13 15
1947 1 0 -16 15 -16
1948 0 0 3 15 -16
1949 0 0 15 -13 -15
1950 1 1 -16 1 -15
1951 0 1 5 -13 8
1952 0 0 15 -6 -16
1953 0 1 15 -16 15
1954 0 0 15 15 -13
1955 1 0 -6 15 -16
1956 0 1 0 15 14
1957 0 0 15 -7 15
1958 0 1 8 -11 -12
1959 0 1 8 -9 -16
1960 0 0 15 15 -16
1961 1 0 -16 15 -6
1962 1 1 -16 -2 -12
1963 1 1 -13 15 15
1964 0 1 9 15 4
1965 1 1 -9 -16 9
1966 0 0 15 15 15
1967 0 1 15 -13 15
1968 0 0 5 14 14
1969 0 0 13 7 -3
1970 1 0 -9 -1 15
1971 1 0 -16 -16 -2
1972 0 1 15 15 15
1973 0 0 4 -8 -15
1974 0 1 13 -15 15
1975 1 0 -9 13 -9
1976 0 1 14 10 8
1977 0 1 15 15 13
1978 0 1 0 15 15
1979 1 1 -7 -10 -13
1980 0 0 15 15 -11
1981 0 1 15 -16 -16
1982 0 0 15 9 -7
1983 0 0 9 11 -16
1984 1 1 -12 15 -10
1985 1 0 -16 15 1
1986 1 1 -16 -10 8
1987 1 1 -12 12 -16
1988 0 1 15 12 -15
1989 0 0 14 15 -13
1990 0 0 15 12 -14
1991 0 0 9 15 11
1992 1 1 -7 -3 15
1993 1 0 -11 -16 15
1994 1 1 -5 15 3
1995 0 1 15 -16 15
1996 1 0 -16 15 15
1997 1 0 -16 3 -13
1998 0 0 9 -16 -13
1999 1 1 -16 -15 9
2000 0 1 15 15 -16
2001 1 1 2 -16 -16
2002 1 0 -16 15 -6
2003 0 1 11 15 12
2004 1 1 -16 -16 -16
2005 0 1 13 15 -14
2006 1 1 -16 8 2
2007 0 0 15 12 -16
2008 0 1 1 -16 15
2009 0 1 10 -11 7
2010 0 0 12 -7 -16
2011 0 1 15 13 -7
2012 0 1 15 -15 -9
2013 1 1 -6 -10 -2
2014 0 0 -5 15 12
2015 0 1 15 8 -6
2016 1 0 -16 -1 -16
2017 1 1 -11 1 -16
2018 1 0 -6 -6 -16
2019 1 0 -9 15 -11
2020 0 1 15 13 -16
2021 1 1 -7 -14 12
2022 0 1 4 15 4
2023 1 1 -10 7 11
2024 0 0 15 3 -1
2025 1 1 -5 2 14
2026 1 0 -7 15 -16
2027 0 1 13 15 -15
2028 0 1 15 -16 -14
2029 1 1 6 3 -16
2030 0 1 15 -16 -16
2031 1 0 -6 -4 12
2032 1 0 -12 15 12
2033 0 1 15 -9 -1
2034 1 1 -6 -11 10
2035 1 0 -11 -10 9
2036 1 0 -2 -11 -13
2037 0 1 15 8 15
2038 1 0 -16 -15 -10
2039 0 1 15 -12 9
2040 0 0 15 12 -9
2041 1 1 -14 14 0
2042 0 1 14 15 15
2043 0 1 4 -2 8
2044 1 0 -16 1 7
2045 0 0 12 -5 -16
2046 0 1 14 -16 12
2047 1 0 -9 12 -16
2048 0 1 15 14 5
2049 0 1 6 15 15
2050 1 1 -16 -7 11
2051 0 0 9 15 15
2052 1 1 -12 11 15
2053 0 0 15 10 -16
2054 1 1 -11 15 -15
2055 1 1 -11 14 -16
2056 1 0 -12 -10 15
2057 0 1 2 -5 -10
2058 0 1 15 4 5
2059 0 0 -3 -12 13
2060 1 0 -16 -16 15
2061 0 0 8 11 12
2062 0 1 11 11 -16
2063 1 0 -16 15 15
2064 1 1 -13 3 7
2065 1 1 -16 -16 -10
2066 0 1 14 -16 9
2067 0 0 7 12 3
2068 0 0 -2 -6 11
2069 0 0 5 8 4
2070 0 0 12 9 8
2071 1 0 -11 15 15
2072 0 0 -2 -16 13
2073 0 0 15 13 15
2074 1 1 -3 -8 -16
2075 1 0 -7 7 11
2076 1 0 -16 -2 -15
2077 0 1 12 8 -14
2078 1 0 -6 15 1
2079 1 0 -13 -16 8
2080 0 1 15 -16 15
2081 1 0 -7 -8 -9
2082 0 1 8 10 -3
2083 0 1 10 -16 -16
2084 0 0 15 15 8
2085 0 0 10 -13 15
2086 0 0 15 15 -14
2087 0 1 8 15 15
2088 1 0 -16 12 -11
2089 1 1 -16 4 9
2090 0 1 2 15 10
2091 1 0 -16 11 -16
2092 0 1 15 -11 -10
2093 1 1 -16 -6 -16
2094 0 0 2 8 15
2095 0 0 7 14 6
2096 0 0 2 -14 -14
2097 1 1 -16 15 10
2098 1 0 -16 15 -3
2099 1 0 -14 15 -12
2100 0 1 15 3 8
2101 1 1 -16 1 -3
2102 0 1 15 -2 -12
2103 0 1 12 11 15
2104 0 1 15 15 14
2105 1 1 -16 15 15
2106 0 1 13 -14 -6
2107 1 0 -2 -16 -4
2108 1 0 -15 -16 6
2109 0 0 9 6 -12
2110 1 0 -16 -16 3
2111 1 0 -11 7 14
2112 0 0 15 12 -12
2113 1 0 -4 -13 -5
2114 1 1 -16 -11 15
2115 0 0 10 -16 7
2116 1 1 -9 11 -9
2117 1 0 -4 -16 13
2118 0 0 15 0 -16
2119 0 1 15 -5 -15
2120 0 0 12 7 15
2121 1 1 -15 -16 -16
2122 0 1 -2 -8 15
2123 0 1 8 15 -3
2124 0 1 15 -7 -16
2125 0 0 15 8 -7
2126 1 0 -16 -10 -14
2127 0 0 2 -7 15
2128 1 0 -16 -7 2
2129 0 1 -1 -6 -16
2130 0 1 11 -5 -14
2131 1 0 -15 -16 10
2132 0 0 15 -16 15
2133 1 0 -16 15 -6
2134 0 1 15 15 15
2135 0 0 13 -7 -16
2136 1 1 -10 -7 11
2137 1 0 -16 -16 -14
2138 0 0 15 -3 -16
2139 1 1 -4 13 15
2140 0 1 14 13 -11
2141 0 1 15 -1 -11
2142 1 0 -16 -10 -16
2143 1 0 -3 -16 -16
2144 0 1 15 -12 -15
2145 1 0 -5 6 -8
2146 1 1 -5 -14 10
2147 1 1 -7 -7 -6
2148 0 0 14 -9 7
2149 1 1 -8 15 15
2150 0 1 15 15 -12
2151 0 0 13 15 -7
2152 0 0 11 11 8
2153 0 1 4 9 12
2154 0 0 15 7 15
2155 1 0 -15 -15 5
2156 0 0 11 6 9
2157 1 0 -4 6 -15
2158 0 1 6 15 -16
2159 1 0 -16 9 -11
2160 1 1 -14 15 15
2161 1 1 -7 -10 -8
2162 1 0 -14 15 15
2163 1 1 -14 -11 12
2164 0 1 2 15 -16
2165 0 1 15 -13 15
2166 1 0 -16 -4 6
2167 1 0 -2 -8 7
2168 1 1 -5 -6 -16
2169 1 0 -16 -14 4
2170 1 0 -14 -11 -8
2171 0 0 -2 4 2
2172 1 1 -13 -8 -14
2173 1 1 -7 15 15
2174 1 0 -14 -16 11
2175 1 1 -16 -16 -9
2176 0 0 14 1 15
2177 0 0 15 -8 -16
2178 1 1 -16 0 -11
2179 0 0 9 -6 15
2180 0 0 -1 -16 10
2181 1 1 -11 -16 11
2182 1 1 -16 15 15
2183 1 1 -9 5 -16
2184 1 1 -16 12 12
2185 0 0 8 9 15
2186 0 1 15 -13 -6
2187 1 1 -10 4 -16
2188 0 1 13 -9 15
2189 1 0 -11 12 -16
2190 1 0 -16 -1 -16
2191 0 0 15 -4 -13
2192 0 1 15 15 -7
2193 0 0 2 15 -14
2194 1 0 -16 10 3
2195 0 1 7 -12 -12
2196 1 1 -16 -9 15
2197 0 0 8 15 1
2198 1 0 -11 -9 -10
2199 1 0 -16 14 -13
2200 1 0 -12 -7 15
2201 0 1 2 12 15
2202 0 1 15 -16 -14
2203 0 0 8 6 -14
2204 1 0 -16 -16 15
2205 0 0 5 -16 -10
2206 1 0 -8 -16 8
2207 0 1 1 -16 -12
2208 1 1 -16 14 12
2209 0 1 7 15 -3
2210 0 0 5 7 3
2211 0 0 0 13 -13
2212 0 0 13 14 8
2213 0 1 12 7 -16
2214 0 0 15 10 -2
2215 1 1 5 -16 -11
2216 0 1 6 14 3
2217 1 1 -16 12 11
2218 1 0 -16 -9 -16
2219 1 0 -4 15 3
2220 1 1 -7 -8 -11
2221 0 1 9 14 15
2222 0 1 9 -6 -13
2223 1 1 -16 -13 -16
2224 1 0 -11 -5 -3
2225 0 0 8 15 -16
2226 1 1 4 -15 -16
2227 1 0 -16 14 -6
2228 1 0 -4 -1 -16
2229 0 0 15 11 14
2230 0 1 15 -14 -1
2231 0 0 9 7 9
2232 1 1 -12 -6 15
2233 0 1 15 -13 15
2234 0 1 4 15 -10
2235 1 0 -16 11 -8
2236 0 1 15 6 -16
2237 0 0 2 -14 -16
2238 0 0 -4 -16 -7
2239 1 1 -15 15 10
2240 1 1 -14 -3 5
2241 0 0 8 2 -16
2242 1 1 -8 15 15
2243 0 1 13 15 10
2244 1 1 -10 15 14
2245 0 1 13 -12 -16
2246 0 1 -1 12 15
2247 0 0 3 15 14
2248 1 1 -3 15 -16
2249 0 0 -6 -6 15
2250 0 1 12 15 15
2251 1 1 -15 -7 -16
2252 1 1 -4 7 15
2253 1 1 -11 -13 -8
2254 0 1 15 4 -8
2255 0 1 15 -16 10
2256 1 0 -16 -16 -10
2257 1 1 -11 -16 15
2258 0 0 13 8 -16
2259 0 0 13 12 -8
2260 0 1 15 -16 4
2261 0 0 15 -9 9
2262 0 0 6 -2 9
2263 1 1 -7 -16 -16
2264 0 0 15 -16 13
2265 1 1 -12 10 15
2266 1 1 -13 -10 -12
2267 0 0 15 9 -3
2268 1 1 -15 15 -16
2269 1 0 -15 -5 -15
2270 0 1 10 -9 15
2271 0 1 15 15 -16
2272 0 0 12 -9 12
2273 1 1 -16 -16 9
2274 0 1 6 15 -16
2275 0 0 15 15 -12
2276 1 1 -16 15 -16
2277 1 1 1 15 13
2278 1 1 -16 -16 15
2279 0 1 15 -16 4
2280 0 0 15 15 15
2281 1 0 -13 8 -12
2282 0 0 15 0 -8
2283 0 0 15 -15 5
2284 1 0 -16 11 15
2285 1 1 -16 15 15
2286 0 0 13 -16 15
2287 0 0 15 15 -5
2288 1 0 -16 -16 -11
2289 0 1 15 -14 7
2290 1 1 -14 -6 -16
2291 1 1 -10 15 -13
2292 1 0 -16 15 -16
2293 0 1 10 0 7
2294 1 0 -16 -13 11
2295 1 0 -12 -16 9
2296 1 0 -3 -9 12
2297 0 1 15 14 -3
2298 1 1 -4 -16 -16
2299 1 1 -16 14 15
2300 0 0 7 15 -16
2301 1 1 -16 -16 11
2302 1 1 -7 -7 12
2303 0 1 15 -16 14
2304 1 0 -9 15 12
2305 0 1 12 15 11
2306 0 1 -1 10 6
2307 1 0 -16 -13 11
2308 1 1 -5 -3 15
2309 1 1 -16 14 15
2310 1 0 -16 14 15
2311 1 1 -8 12 8
2312 1 1 -6 -14 11
2313 1 1 -12 8 -5
2314 1 1 -1 -16 8
2315 1 1 -11 -7 -16
2316 1 0 -16 15 15
2317 1 0 -15 15 -11
2318 1 0 -2 7 15
2319 0 0 15 15 5
2320 0 1 10 -16 7
2321 0 1 14 -6 13
2322 1 1 -16 4 -5
2323 1 0 -8 -16 -6
2324 0 0 15 10 14
2325 1 0 -16 6 -10
2326 0 0 15 15 15
2327 0 1 13 -1 -16
2328 1 0 -8 15 -9
2329 1 0 -12 15 15
2330 1 1 -8 15 10
2331 1 1 -16 -9 -3
2332 0 0 15 -16 -16
2333 1 1 -7 -14 -4
2334 0 1 15 -8 15
2335 0 0 13 -3 1
2336 1 0 -12 -6 -10
2337 1 0 -16 15 -14
2338 1 0 -16 8 14
2339 1 1 -16 9 6
2340 1 1 -15 -13 -16
2341 1 0 -10 9 -6
2342 0 0 -1 15 12
2343 0 1 15 11 10
2344 0 0 10 3 8
2345 0 1 15 13 15
2346 0 1 15 4 15
2347 1 1 -7 -11 -16
2348 1 0 0 -16 -16
2349 1 0 -16 9 12
2350 0 0 3 -16 -12
2351 0 1 15 -8 -16
2352 0 1 8 -8 -7
2353 1 0 -7 -15 13
2354 0 0 8 -16 8
2355 1 0 -6 7 -16
2356 0 0 15 6 -12
2357 1 1 -10 -6 15
2358 1 0 -16 -11 15
2359 1 1 -16 -2 4
2360 1 0 1 4 15
2361 1 0 -14 15 -13
2362 1 1 -16 -9 -12
2363 1 0 -14 15 14
2364 0 1 3 8 -16
2365 0 1 15 5 8
2366 1 1 -4 -16 -10
2367 0 0 8 -9 15
2368 1 0 -10 0 8
2369 1 0 -2 -10 11
2370 1 0 -16 15 -6
2371 0 0 15 15 -13
2372 1 1 -14 -5 12
2373 0 1 9 11 15
2374 1 1 -2 15 7
2375 1 0 -16 -11 11
2376 1 0 0 12 -16
2377 1 1 -11 -4 15
2378 1 1 -10 -3 7
2379 0 0 15 -9 -11
2380 0 0 15 10 10
2381 0 1 6 1 0
2382 0 0 7 -5 -6
2383 0 1 8 7 -16
2384 1 1 -15 -3 7
2385 1 0 -15 15 -2
2386 0 1 15 12 7
2387 1 1 -16 -11 15
2388 1 0 -16 -12 -16
2389 0 0 5 -6 9
2390 0 1 8 -7 -16
2391 1 1 -1 -16 6
2392 0 0 9 -11 8
2393 1 1 -16 15 -16
2394 0 1 14 6 -7
2395 1 1 -11 -13 4
2396 0 0 15 15 -13
2397 0 0 6 -10 -13
2398 1 0 2 -7 -12
2399 0 0 12 15 15
2400 0 1 7 15 4
2401 1 0 -3 10 10
2402 1 0 -16 15 -16
2403 0 0 15 15 -6
2404 1 0 -10 15 -10
2405 1 1 -11 15 -15
2406 1 0 4 -16 -16
2407 0 0 15 -16 -15
2408 0 1 11 6 -10
2409 0 0 5 -16 -14
2410 1 0 -8 -1 -12
2411 0 0 15 13 11
2412 0 0 11 10 -16
2413 1 0 -11 15 13
2414 1 1 -12 6 -6
2415 0 1 12 14 3
2416 0 0 15 -16 15
2417 1 0 -15 11 5
2418 1 0 -14 -1 15
2419 0 1 5 -10 -7
2420 1 0 -3 -10 15
2421 1 1 -9 -16 15
2422 0 0 15 8 13
2423 0 1 15 8 12
2424 0 1 15 -10 8
2425 1 1 -2 8 -14
2426 0 0 2 -15 -9
2427 1 0 -16 12 12
2428 1 0 -16 9 -6
2429 0 1 11 -8 -16
2430 1 0 -13 1 14
2431 0 1 15 15 -15
2432 0 1 15 11 15
2433 0 0 1 -16 6
2434 1 1 -15 2 -12
2435 0 0 15 -12 15
2436 1 0 -12 15 -16
2437 0 1 15 -12 -15
2438 0 0 0 -8 15
2439 1 1 -8 13 -16
2440 0 0 15 15 -16
2441 0 1 15 15 0
2442 0 0 12 15 -16
2443 0 1 15 9 14
2444 0 0 3 15 15
2445 1 0 -4 -9 13
2446 0 1 15 9 -16
2447 0 0 14 -16 8
2448 0 1 15 9 4
2449 1 0 -14 -16 13
2450 1 1 -3 0 12
2451 1 1 -16 -12 9
2452 1 0 -8 -11 13
2453 1 0 -5 11 -16
2454 0 1 12 1 8
2455 0 0 15 -9 -15
2456 1 0 -13 15 -16
2457 1 1 -3 -11 14
2458 0 0 13 15 14
2459 0 0 5 -13 13
2460 1 0 -16 -12 15
2461 0 1 11 11 -14
2462 0 1 11 15 -16
2463 1 1 -4 12 12
2464 1 0 -10 15 1
2465 1 0 -11 -16 -7
2466 1 0 -10 1 -10
2467 0 0 7 -2 15
2468 0 1 15 15 15
2469 0 1 15 15 5
2470 0 0 15 15 -14
2471 0 1 14 6 -6
2472 0 1 14 13 12
2473 1 1 -5 -10 15
2474 0 0 14 13 -8
2475 0 1 10 -13 -16
2476 0 0 6 15 14
2477 1 1 -9 -4 -16
2478 1 1 -10 14 -9
2479 1 0 -15 -16 11
2480 1 1 -16 -2 -9
2481 0 0 15 -12 15
2482 0 1 12 -16 15
2483 0 1 15 15 -16
2484 1 0 -9 13 -11
2485 1 0 -10 -7 11
2486 1 1 -15 15 9
2487 1 0 -12 -16 10
2488 1 1 -16 -7 8
2489 0 0 14 -13 -5
2490 0 0 14 -13 5
2491 1 1 -16 -11 -9
2492 1 0 -16 14 -2
2493 1 0 -16 8 5
2494 0 1 15 -16 15
2495 1 0 -8 -16 13
2496 1 1 -10 -15 4
2497 0 1 2 6 15
2498 1 1 -7 -13 -3
2499 0 0 15 -2 -8
2500 0 0 15 10 15
2501 0 1 -4 -16 10
2502 1 1 -13 0 -15
2503 0 1 15 15 15
2504 1 1 -16 -14 -9
2505 0 0 5 -16 12
2506 1 1 -16 -5 14
2507 1 0 -16 7 15
2508 1 0 0 11 -16
2509 1 1 -16 15 8
2510 0 0 15 4 -16
2511 1 0 -16 11 -16
2512 0 1 7 -4 11
2513 1 1 -11 -16 -16
2514 0 1 14 13 -16
2515 1 0 -16 -8 -15
2516 0 0 15 -7 -16
2517 0 1 9 15 -2
2518 1 0 -16 0 -16
2519 0 0 2 13 -10
2520 0 1 12 -9 -15
2521 1 1 -16 -10 7
2522 1 1 -2 -2 5
2523 0 1 15 -6 14
2524 0 1 15 15 -9
2525 0 1 15 15 3
2526 1 0 -4 11 8
2527 1 1 -7 1 -10
2528 1 0 -15 1 8
2529 0 1 15 -8 15
2530 0 0 0 15 15
2531 1 0 -16 11 -3
2532 0 0 15 8 -16
2533 1 0 -16 -3 -6
2534 1 1 -16 13 -13
2535 0 1 14 15 3
2536 1 0 -1 12 -13
2537 1 1 1 15 15
2538 1 0 -16 -13 -8
2539 1 1 -16 15 15
2540 1 0 -8 -16 -5
2541 1 1 -11 -13 11
2542 0 0 15 -8 -4
2543 1 0 -14 15 -10
2544 1 0 -15 -16 -16
2545 1 0 -16 -1 15
2546 1 1 0 4 15
2547 0 0 15 -8 12
2548 0 1 -4 -16 11
2549 0 0 5 -16 -16
2550 0 0 11 15 15
2551 0 1 11 -15 -8
2552 0 0 7 6 -10
2553 0 0 15 9 15
2554 1 1 -12 15 15
2555 0 0 9 -6 9
2556 0 1 15 15 15
2557 0 1 11 14 11
2558 1 0 -12 0 13
2559 1 1 -16 7 15
2560 1 1 -13 -7 15
2561 1 0 -7 9 2
2562 1 0 -7 -8 -3
2563 0 1 5 2 15
2564 1 1 -16 15 15
2565 0 1 3 15 15
2566 0 1 -2 -14 -13
2567 0 0 15 -2 -16
2568 1 1 0 12 -12
2569 1 1 -12 -16 8
2570 1 0 -16 -2 -16
2571 1 0 -11 8 -1
2572 1 1 -16 10 12
2573 1 1 -11 4 -16
2574 0 0 15 13 12
2575 0 0 11 -12 -12
2576 1 0 -16 15 11
2577 1 1 -16 15 -14
2578 1 1 -16 5 12
2579 1 1 -9 -2 -11
2580 1 0 -4 15 5
2581 1 0 -16 -16 -16
2582 0 1 14 15 -16
2583 0 1 14 -16 -16
2584 1 0 1 -16 8
2585 1 0 -16 -16 11
2586 1 1 -14 -16 1
2587 0 1 0 8 1
2588 0 1 14 15 -16
2589 1 1 -16 15 7
2590 0 1 4 -10 -10
2591 0 1 13 4 -14
2592 0 0 13 12 -12
2593 0 0 11 -10 -13
2594 1 1 -9 15 -15
2595 0 1 15 -16 6
2596 0 0 8 -8 -16
2597 0 1 15 -6 1
2598 0 1 15 15 13
2599 1 1 -9 7 15
2600 0 1 15 8 -16
2601 1 0 -16 7 -13
2602 0 0 4 -16 15
2603 0 0 15 3 -16
2604 0 0 15 13 15
2605 1 1 -11 15 -9
2606 1 1 -16 7 12
2607 0 1 6 11 -12
2608 0 0 12 -16 14
2609 1 0 -16 15 -16
2610 1 1 -11 13 -16
2611 0 0 6 -5 2
2612 0 1 -3 15 -6
2613 0 1 15 11 6
2614 0 1 15 -1 -16
2615 0 1 -4 -15 -11
2616 0 0 14 -16 -16
2617 1 1 -7 -10 15
2618 1 1 -16 -7 -9
2619 1 1 -11 15 -9
2620 1 1 -6 15 8
2621 1 0 0 -16 -9
2622 0 0 6 -16 -15
2623 1 1 -16 -15 15
2624 1 1 -16 15 -13
2625 1 1 3 -1 -15
2626 0 1 7 -7 9
2627 0 0 0 -3 -16
2628 1 1 -16 -4 14
2629 1 1 -13 15 9
2630 1 1 -16 -16 6
2631 1 0 -6 -11 15
2632 1 1 -4 15 15
2633 0 0 15 -16 -16
2634 1 1 -16 12 -16
2635 0 1 10 -16 -16
2636 0 1 11 -15 -8
2637 1 0 -16 15 15
2638 1 1 -16 -9 -16
2639 0 0 15 15 -16
2640 1 0 -12 7 0
2641 0 0 10 15 -4
2642 1 1 -2 15 -12
2643 1 0 -15 15 14
2644 1 0 -16 -11 15
2645 0 0 10 -16 -11
2646 0 0 9 6 -15
2647 0 0 14 -12 -3
2648 1 1 -11 -16 -2
2649 0 1 13 15 15
2650 1 1 -16 -6 4
2651 1 0 -4 1 -13
2652 1 0 -5 -12 12
2653 1 0 -16 -8 14
2654 1 1 -16 15 15
2655 1 1 -14 12 7
2656 0 0 15 -16 11
2657 1 1 -16 -16 5
2658 1 0 -10 -4 -12
2659 1 0 -16 -2 15
2660 0 1 3 12 -12
2661 1 1 -12 -16 15
2662 0 0 12 -16 14
2663 0 1 8 15 -16
2664 0 1 15 -10 -11
2665 0 0 11 12 -13
2666 0 0 15 14 -16
2667 0 1 10 -7 -8
2668 1 1 -16 -6 10
2669 1 1 5 8 4
2670 0 1 13 -9 15
2671 0 0 15 -3 15
2672 1 1 -6 -1 15
2673 0 0 15 -3 -14
2674 1 0 -16 -13 7
2675 0 0 15 -2 6
2676 0 1 15 -1 15
2677 0 1 4 13 -1
2678 0 0 6 -3 15
2679 1 0 -14 -14 -5
2680 1 0 -14 -8 -8
2681 0 1 14 9 14
2682 1 1 -11 -16 -16
2683 0 0 15 -12 12
2684 0 1 9 12 9
2685 0 0 4 -2 15
2686 0 1 13 15 15
2687 1 1 -9 -14 15
2688 1 0 -14 15 8
2689 1 0 -8 -16 -16
2690 0 0 2 15 -16
2691 1 1 -16 15 15
2692 0 0 15 15 13
2693 1 0 -16 15 15
2694 0 1 12 -16 -9
2695 1 1 -16 -16 -16
2696 0 1 15 10 15
2697 0 1 12 11 15
2698 0 1 12 -7 15
2699 0 0 15 -16 9
2700 1 0 -13 15 -16
2701 0 1 7 15 15
2702 1 1 -16 -16 1
2703 1 1 0 -16 4
2704 0 1 10 -16 -16
2705 0 0 12 -11 -13
2706 0 1 5 15 -16
2707 0 1 11 -5 5
2708 0 1 15 15 -9
2709 0 1 15 10 10
2710 0 1 15 -16 -12
2711 1 0 -12 10 -5
2712 1 0 -4 15 3
2713 1 0 -13 1 -9
2714 1 0 0 -16 12
2715 1 1 -11 13 -16
2716 1 0 -3 -16 15
2717 1 1 -8 -16 -9
2718 1 1 -16 15 7
2719 1 1 -16 7 15
2720 0 0 11 -16 -16
2721 1 0 -16 -14 3
2722 0 1 15 15 -16
2723 1 0 -16 -12 -15
2724 0 1 15 -2 -16
2725 0 0 8 15 -10
2726 0 1 14 -16 15
2727 0 0 15 5 10
2728 1 1 -10 -13 -16
2729 1 1 -15 15 -14
2730 1 0 -8 -8 -14
2731 0 1 15 7 15
2732 0 1 15 -8 0
2733 1 1 1 -12 -13
2734 1 0 -12 -14 -16
2735 1 1 -16 -9 11
2736 1 1 -16 -16 -15
2737 1 0 -4 -9 15
2738 0 0 15 7 -16
2739 0 1 15 15 -16
2740 0 1 4 -16 -14
2741 0 1 15 -16 -16
2742 0 1 15 -12 -11
2743 0 0 7 14 15
2744 1 0 -12 9 7
2745 1 1 -6 -2 15
2746 1 0 -16 15 -10
2747 0 0 10 15 15
2748 1 0 -8 -14 12
2749 1 0 0 -16 -15
2750 1 0 -9 3 -6
2751 0 0 15 -16 -1
2752 0 1 15 -4 -3
2753 0 0 15 -12 -16
2754 1 0 -16 -16 6
2755 0 0 8 -16 12
2756 1 0 -14 14 -16
2757 0 0 2 15 15
2758 1 1 -8 -8 -2
2759 0 0 15 15 -11
2760 0 1 15 -16 -11
2761 1 1 -16 3 14
2762 1 1 -12 -16 8
2763 0 1 -1 15 3
2764 0 0 7 7 12
2765 0 1 15 -16 10
2766 0 0 7 -7 -9
2767 0 1 15 -16 -16
2768 1 0 -16 -16 1
2769 1 1 -2 12 -16
2770 0 1 15 -14 15
2771 0 0 5 -16 10
2772 0 0 15 -10 9
2773 0 0 15 9 4
2774 1 0 -11 15 14
2775 0 0 9 11 15
2776 0 1 14 -13 -16
2777 0 0 14 -13 8
2778 0 0 15 -16 -9
2779 0 1 15 14 -12
2780 0 0 15 -16 15
2781 0 1 5 14 -2
2782 1 1 -16 -16 8
2783 1 1 -16 15 -14
2784 0 1 15 9 -16
2785 0 0 7 2 -10
2786 1 1 0 -10 11
2787 1 0 -11 -16 15
2788 0 0 15 -16 11
2789 0 1 0 -16 -12
2790 0 0 7 12 11
2791 1 0 -9 5 -16
2792 0 0 15 9 11
2793 0 0 12 -10 8
2794 1 0 7 15 -16
2795 1 0 -7 15 -9
2796 1 1 -7 11 15
2797 0 1 8 9 -12
2798 0 0 1 -4 14
2799 1 0 -16 8 3
2800 1 1 2 15 -16
2801 0 1 7 -8 -9
2802 0 0 15 15 9
2803 1 0 -11 -16 11
2804 1 0 -7 13 -14
2805 1 0 -16 -16 -2
2806 0 1 0 15 15
2807 0 0 15 -16 14
2808 1 1 -13 -10 -16
2809 1 0 -13 -10 12
2810 0 0 15 8 -12
2811 1 1 -16 -16 -16
2812 1 0 -15 15 10
2813 0 0 15 14 12
2814 1 0 -16 -16 -16
2815 1 0 -9 -5 -12
2816 0 0 12 -16 -16
2817 1 0 -5 15 14
2818 0 0 15 15 -16
2819 1 1 -12 -9 -11
2820 1 1 -14 -10 -16
2821 0 0 9 -6 15
2822 1 0 -13 15 9
2823 1 1 -8 -16 13
2824 0 0 12 9 -4
2825 1 0 -13 -1 15
2826 0 0 1 9 5
2827 0 1 15 0 13
2828 0 1 15 -16 14
2829 0 1 15 -14 -16
2830 1 0 -14 -16 -9
2831 1 1 -16 15 -16
2832 0 0 13 -12 -11
2833 0 1 7 -9 12
2834 1 0 -16 15 15
2835 1 0 -5 -16 5
2836 0 1 15 3 5
2837 0 0 15 -15 15
2838 1 1 -15 -12 15
2839 1 1 -13 -10 -14
2840 0 1 8 15 15
2841 0 0 15 15 15
2842 0 1 3 -8 -8
2843 0 1 12 -15 -14
2844 1 0 -5 11 -14
2845 1 0 -13 -16 -2
2846 0 0 7 15 7
2847 1 1 -13 15 11
2848 1 0 -16 -11 -1
2849 1 0 -16 15 -9
2850 0 1 15 9 15
2851 1 0 -16 -13 -15
2852 0 0 15 13 -10
2853 0 0 10 -16 -9
2854 0 0 11 9 7
2855 1 1 -11 -8 15
2856 1 1 -15 -3 -12
2857 0 1 15 4 13
2858 0 0 10 13 12
2859 1 0 -16 -10 15
2860 1 0 -15 -16 7
2861 0 1 14 -5 -16
2862 1 1 -6 7 -10
2863 0 0 15 5 -16
2864 1 0 -14 -6 -12
2865 0 1 3 0 -3
2866 0 1 15 -10 13
2867 0 1 9 15 2
2868 1 0 -4 -8 -10
2869 0 0 15 -13 15
2870 0 0 12 15 15
2871 1 1 -8 14 8
2872 1 0 -16 -12 -16
2873 0 0 10 -4 10
2874 1 0 -16 -16 15
2875 0 1 10 -9 15
2876 0 0 15 -12 -14
2877 1 0 -16 -13 12
2878 1 1 -16 13 -11
2879 0 0 15 -5 -16
2880 1 1 -7 7 -16
2881 1 0 -16 7 -8
2882 0 1 15 -3 15
2883 0 1 15 15 -8
2884 0 1 -2 15 -16
2885 0 0 15 -6 -14
2886 1 1 -16 15 10
2887 1 1 2 -3 -10
2888 1 1 -8 7 -16
2889 1 1 -4 -16 15
2890 1 0 -14 9 -16
2891 0 0 15 15 -16
2892 0 0 15 15 -14
2893 0 0 15 9 3
2894 1 1 -10 -16 -1
2895 1 0 -13 -12 6
2896 0 0 14 -3 -12
2897 1 1 -16 11 12
2898 0 1 14 14 12
2899 1 1 -16 -12 5
2900 1 1 -11 -16 -3
2901 1 1 -14 15 15
2902 1 0 -7 15 8
2903 1 1 -11 -1 -4
2904 0 0 13 -2 -2
2905 1 1 -8 12 15
2906 0 0 11 -16 10
2907 1 1 -16 4 15
2908 0 0 10 13 -14
2909 1 0 -14 -16 12
2910 1 0 -2 12 0
2911 0 0 10 -4 5
2912 0 0 15 15 -12
2913 1 0 -16 -2 -15
2914 0 0 15 14 15
2915 1 1 -16 15 15
2916 0 1 15 11 -4
2917 0 0 15 -16 -14
2918 1 0 -16 3 10
2919 0 0 8 -16 -16
2920 0 0 15 -7 15
2921 0 1 15 -16 -14
2922 1 0 -2 -16 -13
2923 0 1 11 -10 -6
2924 0 1 7 -16 11
2925 0 1 11 7 10
2926 1 0 -9 10 -5
2927 0 1 15 9 -14
2928 1 1 -2 -3 -11
2929 0 1 3 -16 -13
2930 1 0 -11 -4 10
2931 0 0 8 15 12
2932 1 0 -15 -11 -13
2933 1 0 -12 14 -16
2934 1 0 -14 -16 -16
2935 1 0 -16 -16 -7
2936 1 0 -13 15 -16
2937 0 1 15 -16 -6
2938 1 1 -1 12 -6
2939 0 1 15 -10 -7
2940 0 0 15 -12 10
2941 1 1 -10 15 -16
2942 1 1 -10 -16 7
2943 0 0 15 15 15
2944 1 1 -16 15 -12
2945 1 0 -16 -16 -1
2946 1 0 -10 12 -16
2947 1 1 -6 -16 -16
2948 0 1 15 14 -16
2949 1 0 -1 11 15
2950 1 1 -9 -13 -16
2951 0 1 15 -16 15
2952 0 1 14 15 -2
2953 1 1 3 15 -16
2954 0 1 15 13 7
2955 1 1 -16 12 15
2956 0 0 15 -13 -16
2957 0 1 15 15 -13
2958 1 0 -15 -9 15
2959 1 0 -11 15 15
2960 1 1 -15 -11 10
2961 1 1 -16 -16 4
2962 0 1 15 -16 -16
2963 1 1 -16 11 14
2964 1 1 -3 -16 -12
2965 1 1 -14 -6 -13
2966 0 0 13 -16 -3
2967 1 1 -9 10 14
2968 0 0 5 6 2
2969 0 1 4 15 -13
2970 1 0 -6 -14 15
2971 0 1 8 15 15
2972 0 0 6 -2 15
2973 1 0 -14 -14 -16
2974 0 1 4 3 8
2975 1 1 -16 -16 10
2976 0 0 5 -16 -13
2977 0 0 13 6 15
2978 0 1 15 -16 -3
2979 1 0 -16 -8 -16
2980 0 0 15 15 0
2981 1 0 -16 -12 -8
2982 1 1 -4 15 -6
2983 0 0 5 9 9
2984 0 0 10 8 8
2985 0 0 15 9 -16
2986 1 0 -12 -16 -3
2987 0 1 15 15 4
2988 1 1 -16 14 -7
2989 0 0 15 2 12
2990 1 1 -11 15 14
2991 0 0 9 -14 15
2992 1 0 -10 -16 -5
2993 1 0 -16 -16 -16
2994 0 1 4 6 4
2995 1 1 -13 -16 -16
2996 0 0 5 -3 13
2997 1 0 -16 -14 -16
2998 0 0 15 -9 15
2999 1 0 -2 12 11
3000 0 0 15 13 -14
3001 0 0 15 15 -16
3002 0 0 6 5 -7
3003 1 1 -7 -16 -13
3004 1 1 -11 -16 15
3005 0 1 14 -7 9
3006 0 1 8 -11 15
3007 0 1 1 -2 -16
3008 0 0 15 -16 0
3009 0 0 14 15 7
3010 0 1 6 13 15
3011 1 1 -13 15 -16
3012 1 0 -8 15 -16
3013 0 1 6 15 -16
3014 1 1 -16 6 14
3015 0 1 15 1 1
3016 0 0 15 5 -7
3017 0 0 4 15 1
3018 0 1 15 -16 -11
3019 0 0 9 5 -14
3020 0 1 15 -9 -16
3021 1 0 -13 -16 -16
3022 1 0 -15 15 -6
3023 1 0 1 15 13
3024 0 1 15 -5 14
3025 1 0 -15 -16 15
3026 1 1 -10 -1 14
3027 0 1 15 11 -2
3028 0 1 7 6 -11
3029 1 1 -16 15 15
3030 0 1 15 -16 -15
3031 1 0 -16 -16 15
3032 0 0 10 15 -3
3033 1 1 -14 -13 -1
3034 1 1 3 15 -14
3035 0 1 15 15 -9
3036 1 1 -10 -16 -16
3037 1 0 0 -16 8
3038 1 1 -5 11 -12
3039 0 0 15 -16 -11
3040 0 0 6 -16 15
3041 1 0 -5 15 -6
3042 1 0 -2 -8 8
3043 0 0 6 11 14
3044 1 0 -16 15 -3
3045 1 0 -6 -16 -16
3046 0 0 9 -16 -3
3047 1 0 -16 -7 10
3048 1 1 -15 1 7
3049 0 1 9 -16 -9
3050 0 0 12 -11 -6
3051 1 1 -9 7 -3
3052 0 0 11 11 -16
3053 1 1 -2 -8 15
3054 1 1 -15 -16 -16
3055 1 0 -14 15 15
3056 1 0 -16 13 -7
3057 0 0 15 -13 13
3058 1 0 -3 2 15
3059 1 0 -12 -16 -5
3060 0 1 5 15 14
3061 1 1 -16 -12 10
3062 1 1 -16 5 15
3063 0 1 15 -3 -16
3064 1 0 -13 -16 -16
3065 1 0 -3 -4 15
3066 1 1 -16 15 13
3067 1 1 -16 15 1
3068 1 1 -16 10 9
3069 0 1 11 8 -1
3070 1 0 -2 -2 15
3071 0 0 15 -12 -15
3072 1 0 -5 -16 -6
3073 0 0 15 15 15
3074 0 0 5 15 -16
3075 1 1 -16 5 12
3076 0 0 15 -11 -16
3077 0 1 12 8 13
3078 1 1 -13 -16 1
3079 1 1 -16 1 15
3080 0 1 12 14 -12
3081 1 1 -16 -11 14
3082 0 0 11 4 14
3083 1 0 -16 12 4
3084 1 0 -16 -16 15
3085 1 1 -16 8 -16
3086 0 0 15 13 15
3087 1 1 -16 -16 13
3088 1 1 -16 -16 -6
3089 0 0 15 -9 -16
3090 0 1 15 -9 -12
3091 0 1 15 11 7
3092 1 1 -9 15 15
3093 0 1 9 15 6
3094 1 0 -3 1 6
3095 1 1 -16 15 7
3096 0 1 15 7 15
3097 1 1 -16 15 -3
3098 1 0 -13 15 -15
3099 0 0 15 6 13
3100 1 0 -16 7 -13
3101 0 0 12 -7 15
3102 1 0 -16 -16 15
3103 0 1 11 15 10
3104 1 0 3 -15 -7
3105 1 1 -16 15 -12
3106 1 0 -15 -14 15
3107 1 1 -8 -6 -10
3108 0 0 14 -15 2
3109 1 0 -11 3 14
3110 0 0 15 5 -13
3111 0 0 15 -1 15
3112 0 0 7 3 15
3113 0 0 10 15 -16
3114 0 1 15 12 2
3115 1 1 -15 -16 -4
3116 1 1 -14 -9 14
3117 1 0 -13 12 15
3118 1 0 -16 15 -16
3119 0 0 15 -7 -16
3120 1 1 -6 -8 12
3121 1 0 -12 -12 14
3122 0 0 8 6 15
3123 0 1 15 15 -16
3124 0 1 13 2 -2
3125 1 1 -7 14 5
3126 0 0 5 -6 -8
3127 0 0 13 -15 -16
3128 1 1 1 8 15
3129 0 0 8 15 -5
3130 1 0 -16 -16 6
3131 1 1 -3 -16 -10
3132 1 0 -11 15 13
3133 1 1 -16 10 15
3134 1 1 -16 5 -8
3135 1 1 -12 -16 15
3136 0 0 15 -3 9
3137 1 1 -16 -1 -16
3138 0 1 2 -16 -16
3139 0 0 5 -16 -10
3140 0 0 11 15 -16
3141 1 0 -14 14 15
3142 0 0 5 15 -7
3143 1 0 -15 11 13
3144 1 0 -5 6 15
3145 0 1 11 15 15
3146 1 0 -7 11 -9
3147 1 0 -14 5 15
3148 0 1 14 13 -8
3149 1 0 -12 15 -15
3150 0 1 10 -13 -15
3151 1 0 -11 -16 -9
3152 0 1 15 15 13
3153 0 0 4 15 5
3154 0 0 15 -14 13
3155 1 0 -16 12 15
3156 0 0 15 -5 14
3157 1 1 -12 15 -12
3158 1 0 -16 15 15
3159 1 1 -8 15 2
3160 0 0 15 14 15
3161 0 1 10 -11 8
3162 1 0 -10 15 -11
3163 1 0 -11 15 15
3164 1 1 -15 11 -10
3165 1 0 -16 -16 -15
3166 0 1 11 -11 -16
3167 0 1 9 5 14
3168 1 1 -7 15 8
3169 1 0 -16 -4 -16
3170 0 0 11 -8 11
3171 0 1 11 15 -8
3172 1 1 -16 15 15
3173 0 1 9 15 -16
3174 1 1 -11 11 -3
3175 1 0 -14 14 -16
3176 1 1 -15 -16 15
3177 1 0 -15 5 15
3178 0 1 15 14 -5
3179 1 0 -14 -7 3
3180 0 1 15 15 11
3181 0 0 15 -14 3
3182 0 1 15 15 15
3183 0 1 8 13 15
3184 1 1 -6 7 -7
3185 1 1 -8 12 -1
3186 0 1 15 12 -12
3187 1 0 -13 7 15
3188 1 1 -16 7 15
3189 0 1 15 15 -14
3190 1 0 -15 13 -9
3191 1 0 -3 11 8
3192 1 1 -10 -16 15
3193 1 0 -2 15 9
3194 0 0 15 8 -16
3195 1 0 -16 -16 -16
3196 1 1 -16 -16 13
3197 1 1 -16 13 -11
3198 0 1 9 -7 -16
3199 0 0 8 -11 -12
