# idx_int bit_int post_llr hard
0 0 -24897.73771612 0
1 0 -5505.99492167 0
2 0 -18428.06800239 0
3 0 -24966.42413786 0
4 1 29588.52442297 1
5 1 8489.25786183 1
6 0 -33372.92219190 0
7 1 35346.60811789 1
8 1 15188.87558321 1
9 1 17704.93990703 1
10 1 25550.40942348 1
11 0 -26294.47688736 0
12 0 -12889.58669805 0
13 1 7861.46586508 1
14 1 14745.36870459 1
15 1 22749.67838129 1
16 0 -23437.47300443 0
17 0 -25091.58243186 0
18 0 -31836.70360274 0
19 0 -17826.67338346 0
20 0 -34289.42692201 0
21 1 22465.42193331 1
22 0 -18878.02160996 0
23 0 -26945.43143792 0
24 0 -16574.28479947 0
25 1 20937.02588762 1
26 1 21327.85953431 1
27 1 25236.71566077 1
28 0 -18112.78827196 0
29 1 15414.82737093 1
30 0 -21656.69859737 0
31 0 -12932.07686620 0
32 0 -38037.79975280 0
33 0 -16498.01287101 0
34 1 32922.01861458 1
35 0 -2309.03576078 0
36 1 17952.16183210 1
37 1 29274.40025788 1
38 1 22801.40780707 1
39 0 -20705.53990538 0
40 1 12194.94337152 1
41 0 -25572.08870075 0
42 1 17527.60234256 1
43 0 -3211.76874840 0
44 1 23439.96492572 1
45 0 -31169.52938052 0
46 1 17860.87119815 1
47 0 -16744.51744759 0
48 0 -26237.54055640 0
49 0 -24206.96329702 0
50 1 18246.52366882 1
51 1 27979.56953988 1
52 0 -19942.63590810 0
53 1 15839.28949027 1
54 1 23480.80787305 1
55 0 -25935.85523469 0
56 1 19729.86800030 1
57 0 -23958.14009908 0
58 0 -25489.12809850 0
59 1 17223.34830254 1
60 1 12125.94615029 1
61 1 24711.27938004 1
62 0 -19221.57708797 0
63 0 -20937.69135001 0
64 0 -25091.98404625 0
65 0 -14671.11979317 0
66 0 -31245.37146704 0
67 1 26243.31438035 1
68 0 -14020.21407012 0
69 0 -25456.06091690 0
70 1 27181.85879139 1
71 0 -28155.10527330 0
72 0 -20362.27703867 0
73 1 13617.72136665 1
74 0 -23216.78648729 0
75 1 34530.34142303 1
76 0 -26074.58089091 0
77 0 -29383.00473680 0
78 0 -24645.38525814 0
79 0 -19767.53992793 0
80 0 -20511.32726615 0
81 1 29598.96738619 1
82 1 23773.98204072 1
83 0 -33322.36882469 0
84 0 -13996.48854886 0
85 1 26768.64835268 1
86 0 -19809.62780044 0
87 1 21834.99695760 1
88 0 -23659.03741630 0
89 0 -6496.63298047 0
90 1 24328.97335600 1
91 1 15715.37925580 1
92 0 -33090.97242515 0
93 0 -28875.83185137 0
94 0 -30732.20299107 0
95 0 -5001.19382030 0
96 1 23753.82171761 1
97 0 -4504.69249347 0
98 0 -34940.04480641 0
99 1 11299.03504694 1
100 1 25060.91160281 1
101 1 30450.52664321 1
102 0 -31301.19266195 0
103 0 -17918.80447818 0
104 0 -27877.34635497 0
105 1 30262.92856010 1
106 1 11784.93092201 1
107 1 11355.93385104 1
108 1 24790.58410317 1
109 0 -15405.91875608 0
110 0 -26688.03696882 0
111 0 -29637.06650226 0
112 1 26348.40865837 1
113 0 -31620.87091331 0
114 1 24778.89965024 1
115 0 -22378.02401284 0
116 1 25482.33488771 1
117 0 -20275.96638362 0
118 1 16805.78086126 1
119 1 16570.06455161 1
120 1 14813.63305522 1
121 1 26115.98034175 1
122 0 -21771.16035709 0
123 0 -22976.68842248 0
124 1 19338.45480310 1
125 0 -18454.99289866 0
126 0 -15725.67919150 0
127 0 -10660.33540316 0
128 0 -11638.96099358 0
129 0 -30326.39309531 0
130 0 -19422.19501068 0
131 1 24611.64685068 1
132 1 24538.92082201 1
133 1 15505.06663017 1
134 0 -25062.91777804 0
135 1 26502.09414385 1
136 0 -31285.43190497 0
137 0 -32359.74997722 0
138 0 3012.59154881 1
139 1 30699.19661722 1
140 1 22725.48069198 1
141 0 -23111.89498896 0
142 0 -21261.59907780 0
143 0 -27571.64848242 0
144 1 15113.37429854 1
145 1 30158.42241434 1
146 0 -21118.71090762 0
147 1 16405.50104847 1
148 0 -26568.37558776 0
149 0 -15098.13330583 0
150 0 -32387.09074326 0
151 1 24377.61057672 1
152 0 -12929.45657033 0
153 1 29771.55800625 1
154 1 6162.52511890 1
155 1 25169.94543950 1
156 0 -27343.68912438 0
157 1 19852.87841856 1
158 1 26136.97855025 1
159 1 30602.17384508 1
160 1 35633.49854450 1
161 1 24986.76170869 1
162 0 -17048.77936034 0
163 1 29094.31364695 1
164 0 -24987.44845946 0
165 0 -23657.66053759 0
166 1 34974.90583785 1
167 1 27346.15895148 1
168 1 29629.42177395 1
169 1 23248.10287274 1
170 0 -26943.66492438 0
171 1 20546.42478905 1
172 1 16520.87251858 1
173 1 22566.57665665 1
174 1 13848.76769496 1
175 1 35117.00743025 1
176 1 24899.02630727 1
177 1 26998.42692649 1
178 1 39684.76644189 1
179 0 -5300.81859100 0
180 0 -14933.08503928 0
181 0 -31319.49468119 0
182 0 -21649.14517166 0
183 0 -11121.79810047 0
184 0 -24422.35446776 0
185 0 -22827.79656860 0
186 0 -20004.68390424 0
187 0 -10168.41126361 0
188 0 -24617.37248266 0
189 1 28879.89430443 1
190 0 -2817.03447558 0
191 1 28253.66783164 1
192 0 -26743.68161784 0
193 0 -16836.05630567 0
194 1 34574.48633476 1
195 0 -33646.25475695 0
196 0 -14615.26107558 0
197 0 -24124.38804082 0
198 0 -200.89703096 0
199 0 -34443.89123362 0
200 1 20584.56925416 1
201 1 24902.32505875 1
202 1 23603.11482864 1
203 0 -19337.42931233 0
204 1 26571.82589225 1
205 1 32680.00234681 1
206 0 -32390.82011591 0
207 0 -28013.61006719 0
208 0 -18552.59464524 0
209 1 29290.32486662 1
210 0 -24617.60428234 0
211 1 19788.36214675 1
212 0 -18794.22585674 0
213 0 -19687.05462627 0
214 0 -13179.14131716 0
215 1 28593.56744292 1
216 0 -31561.54457633 0
217 0 -13794.74355106 0
218 0 -21062.17137822 0
219 1 32918.68045589 1
220 1 21988.14279751 1
221 0 -19574.25064134 0
222 0 -26962.18542956 0
223 0 -31622.32739345 0
224 1 23416.63865771 1
225 1 21545.32339323 1
226 1 23071.19131099 1
227 0 -25698.25460423 0
228 0 -22091.58328894 0
229 1 20625.99430182 1
230 1 21652.28058993 1
231 1 -1331.77883172 0
232 1 26771.41639280 1
233 1 24927.18077267 1
234 1 23558.92372443 1
235 0 -17194.10935048 0
236 1 22430.73816373 1
237 1 25640.15422458 1
238 0 -38390.04897578 0
239 1 25289.61934509 1
240 1 35549.48111014 1
241 0 -30998.95880518 0
242 1 35413.58072365 1
243 0 -22040.03346303 0
244 1 36196.68248576 1
245 0 -14777.12701125 0
246 0 -28870.64891377 0
247 0 -21207.47614270 0
248 1 25014.37524752 1
249 1 27903.10801044 1
250 1 17388.87029284 1
251 0 -22194.29569296 0
252 0 -29245.28861881 0
253 0 -27439.60561563 0
254 0 -28130.54089806 0
255 1 30633.65910553 1
256 0 -13054.12896201 0
257 0 -27262.19555841 0
258 0 -24098.38158154 0
259 1 19812.81779962 1
260 1 22990.98173270 1
261 0 -10389.61462051 0
262 1 16657.61495286 1
263 1 24120.24877595 1
264 0 -30350.43824745 0
265 1 18099.35059038 1
266 1 34399.52345510 1
267 0 -26819.38314181 0
268 0 -17352.69654652 0
269 1 31898.50276223 1
270 0 -18560.19230881 0
271 1 27257.72426242 1
272 0 -14862.43561398 0
273 1 17674.25212357 1
274 1 7612.60094637 1
275 1 26832.66318143 1
276 0 -25452.38991892 0
277 0 -7219.15352042 0
278 0 -29344.05182964 0
279 0 -22913.23365229 0
280 1 22786.26569588 1
281 0 -27626.54896842 0
282 1 13509.47180426 1
283 0 -21138.12279011 0
284 0 -16823.80753931 0
285 0 -13185.73643528 0
286 1 31594.17790767 1
287 1 26720.97713071 1
288 1 22229.78012158 1
289 0 -12765.48006025 0
290 1 29588.35630226 1
291 1 9627.22568611 1
292 1 31176.61507634 1
293 1 28672.83898451 1
294 1 23950.91510829 1
295 1 19323.31575561 1
296 0 -20377.73297855 0
297 1 25424.38939962 1
298 0 -25107.88975511 0
299 0 -19259.75407801 0
300 0 -25131.67968203 0
301 0 -21160.12361141 0
302 1 24348.11235959 1
303 1 13993.45478054 1
304 1 36106.12284741 1
305 0 -25018.69540664 0
306 0 -22430.87891516 0
307 1 19857.71764817 1
308 1 24248.89393070 1
309 1 17215.68676234 1
310 1 19982.00849132 1
311 1 25232.18519405 1
312 1 16233.05472251 1
313 0 -24335.02163535 0
314 1 30572.04731437 1
315 1 21551.13169667 1
316 0 -9944.58741507 0
317 1 27836.26505006 1
318 0 -27507.39252786 0
319 0 -19052.76142500 0
320 0 -16811.91944640 0
321 0 -18590.03575299 0
322 0 -31378.55433003 0
323 1 35742.67634946 1
324 1 26024.03039264 1
325 1 17375.61146102 1
326 0 -19616.86570707 0
327 0 -13390.84848589 0
328 0 -13016.52830059 0
329 1 22850.67011183 1
330 0 -36905.66624896 0
331 1 36843.16891928 1
332 1 27418.22384604 1
333 0 -26135.62209027 0
334 1 11218.22189716 1
335 0 -31588.00676993 0
336 0 -23474.40477439 0
337 0 -26614.12446870 0
338 1 12407.35503993 1
339 0 -24159.14016676 0
340 0 -18667.11532303 0
341 0 -30078.95217586 0
342 0 -13775.30448001 0
343 1 16728.65330230 1
344 1 12547.30155665 1
345 1 31734.29432364 1
346 0 -24255.70779055 0
347 1 23284.91754286 1
348 1 21103.78186621 1
349 1 16381.89374156 1
350 0 -37456.16330417 0
351 1 27984.04594045 1
352 1 24888.63517088 1
353 1 37846.55031953 1
354 0 -30488.58643717 0
355 1 27766.31369220 1
356 0 -30294.54781165 0
357 1 18349.45051831 1
358 0 -27208.87072673 0
359 1 33209.97957477 1
360 1 30139.69269430 1
361 1 31682.37325611 1
362 0 -19122.96641974 0
363 0 -25063.21626621 0
364 1 25898.00880827 1
365 0 -34186.97444180 0
366 1 27610.73070843 1
367 1 35188.14205633 1
368 0 -28941.06508461 0
369 0 -39882.24607005 0
370 0 -28339.46547449 0
371 0 -38727.47588792 0
372 1 30860.38460955 1
373 0 -28230.74819651 0
374 1 31231.68270797 1
375 0 -32992.85247037 0
376 1 25054.78947517 1
377 1 20090.07766705 1
378 1 28436.76580964 1
379 1 30952.63352580 1
380 1 21340.12773197 1
381 0 -23759.67951779 0
382 0 -29224.03029033 0
383 1 36578.55002398 1
384 1 18543.00692814 1
385 1 20728.38631711 1
386 0 -2223.14176749 0
387 0 -20434.05548181 0
388 0 -28796.18600464 0
389 0 -27256.57425913 0
390 0 -23100.00707841 0
391 1 27919.20756592 1
392 1 20326.34672093 1
393 1 25898.46532977 1
394 1 26143.59444097 1
395 1 29491.90450238 1
396 0 -29093.09235528 0
397 0 -27889.07702465 0
398 0 -23338.91470846 0
399 1 36378.05665177 1
400 0 -36251.13526404 0
401 1 36472.75464106 1
402 1 15155.73926308 1
403 0 -22250.97881754 0
404 1 17150.58975613 1
405 1 32348.14953175 1
406 0 -24332.34476551 0
407 0 -25514.66903546 0
408 0 -32975.64116342 0
409 1 29895.11395406 1
410 1 22705.76387297 1
411 0 -28613.59245577 0
412 0 -4758.28215985 0
413 1 30384.49062454 1
414 1 17712.31105654 1
415 0 -24486.46353217 0
416 1 23826.57788572 1
417 1 16262.25562563 1
418 0 -35262.53850970 0
419 1 26178.21969308 1
420 1 26132.59282344 1
421 1 24909.99973246 1
422 1 23569.73144214 1
423 0 -33579.81078097 0
424 1 20091.09160669 1
425 1 29006.69709428 1
426 0 -35168.54305843 0
427 1 34466.50607776 1
428 0 -35562.62815410 0
429 0 -34230.94722420 0
430 0 -25203.09834570 0
431 1 11906.10541530 1
432 0 -26775.30001968 0
433 1 31569.57954396 1
434 1 23315.06304071 1
435 1 38570.78669856 1
436 0 -28928.36057132 0
437 0 -28479.37371361 0
438 1 27011.13580473 1
439 0 -28708.48522981 0
440 0 -28024.64597049 0
441 1 20391.43129484 1
442 1 31093.91109276 1
443 0 -9020.95519012 0
444 1 34333.86190966 1
445 0 -22209.32357308 0
446 1 12688.49341398 1
447 0 -27249.99959369 0
448 0 -27284.21690676 0
449 1 25275.53855259 1
450 0 -21525.02486514 0
451 1 32493.26207751 1
452 1 30206.82616932 1
453 1 17094.17102293 1
454 1 22968.75779452 1
455 0 -29568.95021067 0
456 0 -15836.41503949 0
457 1 23893.32372001 1
458 0 -25965.80732873 0
459 0 -15836.23962951 0
460 0 -32418.81434391 0
461 0 -19924.94321129 0
462 1 25989.37005352 1
463 0 -18104.12050163 0
464 1 14995.39601384 1
465 0 -20949.96428775 0
466 0 -24174.47984114 0
467 0 -35383.23304165 0
468 1 19455.55622404 1
469 0 -27977.78732165 0
470 0 -29163.90781771 0
471 1 31254.20361713 1
472 0 -11144.79186184 0
473 0 -12338.60434842 0
474 1 23542.34660436 1
475 0 -22005.33006322 0
476 0 -29844.63416048 0
477 0 -23484.25259698 0
478 0 -37357.78362307 0
479 1 31419.56417705 1
480 1 32439.32148226 1
481 0 -10403.97755852 0
482 1 16224.88315609 1
483 1 31943.42159453 1
484 0 -32817.41978823 0
485 0 -23520.27910093 0
486 1 30738.67664154 1
487 1 31705.51901397 1
488 0 -26329.71804194 0
489 0 -11525.01177667 0
490 0 -21156.22457542 0
491 1 21156.65149126 1
492 0 -23393.56919500 0
493 1 25393.24758661 1
494 0 -32403.87086331 0
495 0 -18010.48519413 0
496 1 34857.77983832 1
497 1 35321.60434624 1
498 1 25250.25220691 1
499 1 24818.15181152 1
500 0 -34141.05285464 0
501 0 -28935.20473000 0
502 1 30516.88016279 1
503 0 -16504.33153004 0
504 1 26095.93427641 1
505 1 17876.31547003 1
506 0 -27690.24770487 0
507 0 -26869.78849338 0
508 1 30185.27067707 1
509 1 25585.28257526 1
510 1 13527.47206665 1
511 0 -23174.13668924 0
512 1 25712.74923274 1
513 1 26122.07348564 1
514 1 24453.43485693 1
515 1 15920.63922790 1
516 1 19670.52206867 1
517 0 -25389.95056146 0
518 1 25068.66288971 1
519 1 17559.44350141 1
520 0 -14263.87852053 0
521 0 -21333.70291751 0
522 0 -27708.74612435 0
523 0 -18251.38997223 0
524 0 -13963.63732667 0
525 0 -9877.35622626 0
526 0 -29748.82282143 0
527 1 37529.29376786 1
528 0 -17433.87382006 0
529 1 28339.41585718 1
530 1 22544.57073741 1
531 1 29652.74662884 1
532 0 -23716.53996222 0
533 0 -11507.75676310 0
534 0 -28729.23498639 0
535 0 -24804.74690302 0
536 0 -17273.54507490 0
537 0 -22000.06779884 0
538 0 -33007.43142152 0
539 1 23395.80819754 1
540 1 22927.81073490 1
541 0 -25797.95833574 0
542 0 -21298.62413929 0
543 1 21097.27314145 1
544 1 9811.75240088 1
545 0 -28409.55445421 0
546 0 -35109.95471194 0
547 0 -25663.94728086 0
548 0 -25165.38073874 0
549 0 -7190.75539137 0
550 0 -32616.93221958 0
551 0 -21559.17841385 0
552 0 -36818.83240827 0
553 1 23153.07437542 1
554 0 -30397.77568302 0
555 1 9566.82100202 1
556 1 19368.58761723 1
557 1 27768.03156907 1
558 1 23173.64794243 1
559 0 -15571.46613828 0
560 1 27528.42347466 1
561 1 32174.36540749 1
562 0 -25206.67570198 0
563 0 -18238.75214269 0
564 0 -17727.67904817 0
565 1 32229.19986673 1
566 0 -21197.56043967 0
567 0 -26805.00378456 0
568 0 -20319.99500293 0
569 0 -15255.34633664 0
570 0 -23869.58617218 0
571 1 30395.98053343 1
572 1 36025.47155782 1
573 1 28072.28513650 1
574 1 26899.46577204 1
575 1 17935.89890510 1
576 1 22736.29405786 1
577 0 -29486.97845779 0
578 0 -26807.56188999 0
579 1 6004.34374014 1
580 1 13205.27878873 1
581 1 17287.75465063 1
582 1 14629.66941603 1
583 0 -28934.21938837 0
584 1 30511.74648168 1
585 1 14480.91751427 1
586 0 -24887.45703594 0
587 0 -11745.93004863 0
588 1 17991.31483148 1
589 1 22374.87575516 1
590 0 -31211.09381470 0
591 1 31283.50338570 1
592 1 27083.11563817 1
593 0 -19646.71795491 0
594 1 17053.59276266 1
595 1 14797.90140963 1
596 0 -32432.15198951 0
597 0 -21111.14335935 0
598 1 12604.32170951 1
599 0 -29073.96575705 0
600 1 34368.78116389 1
601 1 28653.79250196 1
602 0 -19954.32104122 0
603 1 33824.35103927 1
604 0 -18902.15098997 0
605 0 -29390.46262444 0
606 0 -34328.83704814 0
607 1 21331.51717000 1
608 0 -30976.58396527 0
609 0 -20692.38907125 0
610 0 -38296.94271350 0
611 1 23804.69274680 1
612 1 18086.35779250 1
613 0 -20897.51485222 0
614 1 24869.48201712 1
615 0 -13841.76295540 0
616 0 -30487.29985494 0
617 1 24018.90208564 1
618 0 -17803.62429428 0
619 1 26510.83150569 1
620 0 -27219.23979952 0
621 1 26590.56494995 1
622 0 -32393.90674787 0
623 1 12439.42331927 1
624 0 -29167.32770779 0
625 0 -40157.71042722 0
626 0 -29403.12565674 0
627 1 22532.29623433 1
628 1 24537.70516891 1
629 1 29592.24878162 1
630 1 29268.69643192 1
631 0 -37578.27132689 0
632 0 -28662.05871466 0
633 1 25913.55051909 1
634 1 25969.42236440 1
635 0 -29691.58513504 0
636 0 -35384.10075130 0
637 0 -21085.79227863 0
638 0 -33062.53680727 0
639 0 -24962.48376143 0
640 0 -21383.01358223 0
641 0 -22232.81194444 0
642 0 -31330.49390039 0
643 0 -29558.28575048 0
644 1 29444.51682376 1
645 0 -27764.81809122 0
646 0 -21975.11992322 0
647 1 13024.11914052 1
648 0 -16913.02082428 0
649 0 -31147.10001821 0
650 1 19029.11522209 1
651 1 24653.32371217 1
652 0 -32516.61648523 0
653 1 33125.14314054 1
654 0 -18825.17958895 0
655 1 25952.45822237 1
656 0 -32095.96358226 0
657 1 33202.81852544 1
658 1 15741.32889790 1
659 1 33052.39009839 1
660 0 -33300.35093867 0
661 0 -31581.86358277 0
662 1 27866.55798315 1
663 0 -25834.32266714 0
664 1 17924.15847035 1
665 1 34154.22159886 1
666 0 -30768.28446082 0
667 0 -27783.70554657 0
668 1 31168.66572896 1
669 0 -15881.13671026 0
670 0 -25713.76496326 0
671 1 19820.23927823 1
672 0 -13061.17139306 0
673 1 23596.70690895 1
674 0 -18650.81145492 0
675 0 -19680.53177447 0
676 0 -25634.31161707 0
677 1 11066.01675465 1
678 0 -15515.03994409 0
679 0 -15013.76971625 0
680 1 25826.61308368 1
681 0 -27880.96226510 0
682 1 27219.50783796 1
683 0 -15426.01712566 0
684 0 -29700.33959261 0
685 0 -19372.36127300 0
686 0 -21024.65396967 0
687 1 19107.13315067 1
688 0 -32567.45841719 0
689 0 -26785.01425600 0
690 1 20916.83694682 1
691 0 -8746.48820613 0
692 0 -19166.02736415 0
693 0 -33099.89162634 0
694 1 23096.14656213 1
695 0 -24631.73363176 0
696 0 -29254.72204391 0
697 1 22690.52222776 1
698 0 -16523.50244463 0
699 1 15721.36159137 1
700 1 17619.94021323 1
701 1 16216.99585717 1
702 1 33853.02614280 1
703 0 -15925.40249137 0
704 1 23794.83382312 1
705 1 22831.01863905 1
706 0 -7463.12360571 0
707 1 16052.04729130 1
708 0 -26060.63339785 0
709 1 32486.10504161 1
710 0 -9070.29276324 0
711 1 11536.86283850 1
712 0 -36334.57520853 0
713 0 -22028.43823477 0
714 0 -32454.41320555 0
715 1 17923.08894205 1
716 1 15794.07272307 1
717 0 -28227.58199322 0
718 1 5525.23015855 1
719 0 -14975.91734140 0
720 1 22693.03872846 1
721 1 16228.72004634 1
722 0 -29617.02549979 0
723 0 -25333.58922620 0
724 1 33522.72684290 1
725 0 -9673.64493084 0
726 0 -34434.05597074 0
727 1 26041.98771436 1
728 1 20480.54693177 1
729 1 19422.53108248 1
730 0 -19489.04703981 0
731 1 28850.94634977 1
732 1 14445.60995881 1
733 0 -20105.90776663 0
734 1 9494.65532932 1
735 1 20047.48398218 1
736 0 -29315.42703218 0
737 0 -26718.14756013 0
738 1 32458.97128720 1
739 0 -22863.57192706 0
740 1 24111.27671573 1
741 1 16173.22430694 1
742 0 -12670.71494765 0
743 1 20835.72017249 1
744 1 24128.51266609 1
745 0 -24209.60442827 0
746 1 21621.17980936 1
747 0 -27389.80713838 0
748 0 -27903.12933084 0
749 1 16771.56870299 1
750 0 -19969.08878042 0
751 1 12652.78747158 1
752 1 32996.79792476 1
753 0 -16490.84844903 0
754 1 27303.73415198 1
755 1 21659.09194971 1
756 1 29796.85798384 1
757 1 40294.50625301 1
758 0 -29446.69636158 0
759 0 -27718.24418900 0
760 0 -19585.80446932 0
761 0 -37610.30379562 0
762 0 -21352.50662634 0
763 1 20172.75482027 1
764 1 35500.53742388 1
765 1 25974.64509405 1
766 0 -20189.61045178 0
767 1 13882.64961063 1
768 0 -27433.66098678 0
769 1 24219.87416625 1
770 1 17244.80256677 1
771 1 27421.07065650 1
772 0 -29868.28403472 0
773 0 -11032.31372547 0
774 0 -25174.45220588 0
775 0 -28767.60737265 0
776 0 -7571.82387721 0
777 0 -24199.55042164 0
778 0 -13727.51902613 0
779 0 -20498.50119615 0
780 0 -12913.09258419 0
781 0 -9895.62412634 0
782 1 30148.58259356 1
783 0 -30059.67199770 0
784 0 -27841.78923774 0
785 0 -23578.37095627 0
786 1 31659.09699064 1
787 1 27342.07938823 1
788 0 -19188.78389115 0
789 0 -28855.03349447 0
790 1 20174.33376989 1
791 0 -27331.87285634 0
792 1 22413.34062311 1
793 0 -27266.05140324 0
794 0 -22753.64870922 0
795 0 -24594.15351655 0
796 0 -25388.74595252 0
797 0 -23806.85578678 0
798 1 24144.73252078 1
799 0 -22851.23966680 0
800 0 -22081.37962750 0
801 1 31987.33714081 1
802 0 -16987.23762735 0
803 1 31981.28223584 1
804 1 3028.34677559 1
805 0 -28277.78490075 0
806 0 -36609.69883903 0
807 0 -31914.13728489 0
808 1 20925.68054397 1
809 0 -12032.20377870 0
810 0 -34682.65338430 0
811 0 -7818.39798292 0
812 1 37360.52571983 1
813 1 42041.35281010 1
814 1 34317.09687274 1
815 1 22106.57029139 1
816 0 -27065.68492367 0
817 0 -18687.73867111 0
818 1 21484.75631560 1
819 1 23208.92858566 1
820 1 29834.63988511 1
821 1 34232.72176614 1
822 1 26144.03717803 1
823 0 -22793.52854041 0
824 0 -34547.78556726 0
825 1 26721.37910973 1
826 0 -22628.88323439 0
827 1 22825.88430803 1
828 1 26222.84210255 1
829 1 24719.58995868 1
830 1 21172.26519672 1
831 1 24770.50481324 1
832 0 -27593.64787707 0
833 0 -31479.43920605 0
834 0 -29308.64287616 0
835 0 -27205.19886105 0
836 1 14948.04702029 1
837 1 28181.03338947 1
838 1 17644.48294554 1
839 1 17436.84414503 1
840 0 -16793.00191340 0
841 1 26951.25991073 1
842 0 -18631.98788876 0
843 0 -31732.90694206 0
844 1 28355.68238763 1
845 1 15991.59383660 1
846 1 15359.17645795 1
847 0 -15257.13882297 0
848 0 -23088.65018459 0
849 1 30662.80742322 1
850 1 34055.41446573 1
851 1 26173.21600449 1
852 0 -31872.14718182 0
853 0 -25391.72434505 0
854 0 -30255.62871862 0
855 1 28543.07841341 1
856 1 39677.42220074 1
857 1 20290.62638650 1
858 1 19919.65429477 1
859 1 35698.20769776 1
860 0 -30416.66761650 0
861 0 -26057.79755626 0
862 0 -23941.13115667 0
863 1 25932.14907940 1
864 1 200.89703096 1
865 0 -34343.84195795 0
866 0 -22488.98981909 0
867 0 -25149.97576541 0
868 0 -39395.69209105 0
869 1 16947.37649795 1
870 1 22835.69387838 1
871 0 -20178.29897683 0
872 0 -15598.64059834 0
873 0 -31651.50817448 0
874 1 13928.84557958 1
875 1 27889.17111659 1
876 1 32685.89150265 1
877 1 17884.28801315 1
878 1 35090.74078100 1
879 0 -27713.02460297 0
880 1 22109.56460351 1
881 0 -23984.17659341 0
882 0 -29577.88618364 0
883 0 -28306.91749276 0
884 0 -22943.35209880 0
885 1 23989.09882960 1
886 0 -24555.76509886 0
887 1 28947.44047962 1
888 0 -26429.05022999 0
889 1 34752.90710293 1
890 0 -21778.08634188 0
891 0 -32362.46389284 0
892 1 26808.53531936 1
893 1 28323.63457352 1
894 1 27385.99025742 1
895 0 -29606.52393144 0
896 1 22929.90226752 1
897 0 -21853.98986783 0
898 0 -32451.36000041 0
899 1 28389.43780049 1
900 1 19490.22702945 1
901 0 -27687.26136701 0
902 0 -27255.69657785 0
903 0 -28619.94004470 0
904 0 -22824.24144962 0
905 0 -23696.67919830 0
906 0 -15286.22746271 0
907 0 -11464.96899317 0
908 0 -28623.09621971 0
909 0 -17980.51060169 0
910 0 -20854.17291615 0
911 1 24042.80288785 1
912 1 22089.32709627 1
913 1 32283.44751105 1
914 1 25168.11643153 1
915 1 28544.81828070 1
916 1 31918.03334821 1
917 0 -28150.87027035 0
918 1 22289.79541932 1
919 0 -29514.27434644 0
920 0 -30444.87551604 0
921 1 15439.57166269 1
922 0 -9966.01774929 0
923 0 -36421.29697665 0
924 1 27103.03263879 1
925 1 31278.96574331 1
926 1 28764.67476748 1
927 0 -27456.83126153 0
928 1 22832.99946660 1
929 1 20511.12547515 1
930 1 13256.28016222 1
931 1 21006.64713693 1
932 0 -8888.04705113 0
933 0 -10685.48285096 0
934 1 20152.92139554 1
935 1 19796.59596828 1
936 0 -31990.19882197 0
937 0 -15837.67629494 0
938 0 -31853.39652878 0
939 0 -30509.99523668 0
940 0 -22852.40394798 0
941 0 -24207.00035753 0
942 1 29518.22503534 1
943 1 18852.96176330 1
944 1 22782.40248322 1
945 0 -19836.60583639 0
946 0 -17067.40395507 0
947 1 27689.25252313 1
948 1 21075.05166206 1
949 0 -39598.34106563 0
950 1 27726.82406815 1
951 0 -15155.37486862 0
952 0 -25843.85686611 0
953 1 27588.26106211 1
954 1 18106.01593883 1
955 1 22909.09646598 1
956 0 -20080.05942370 0
957 0 -32468.69937586 0
958 1 19732.05295460 1
959 1 30046.39181069 1
960 1 25578.84675282 1
961 0 -30530.46189851 0
962 1 32887.21501796 1
963 0 -21511.84972845 0
964 1 31911.72785647 1
965 1 26490.17170294 1
966 0 -13244.43573185 0
967 1 20800.76315145 1
968 0 -28772.04969534 0
969 1 28511.22813238 1
970 1 18722.49932463 1
971 0 -20294.68197577 0
972 1 19900.01949402 1
973 0 -30507.59583130 0
974 0 -28387.48564732 0
975 0 -36387.87523729 0
976 1 14002.43473742 1
977 0 -26604.84438001 0
978 0 -21450.52116563 0
979 1 17221.55605134 1
980 0 -36327.91326167 0
981 0 -23461.28652657 0
982 1 19980.30058128 1
983 1 16813.55264334 1
984 1 25534.61237000 1
985 1 13032.51042889 1
986 1 25625.33801734 1
987 0 -33337.48142989 0
988 0 -8092.42356572 0
989 1 25597.81406512 1
990 1 28507.25525430 1
991 1 27665.35377838 1
992 0 -21346.76824887 0
993 1 14587.02489244 1
994 0 -28278.11464412 0
995 0 -15923.37439856 0
996 1 24181.63443918 1
997 0 -23826.18824294 0
998 0 -31898.86801259 0
999 1 30235.34816929 1
1000 1 20274.73335024 1
1001 0 -28119.79961104 0
1002 0 -13847.26323228 0
1003 0 -24379.31631476 0
1004 1 13192.15345241 1
1005 1 21385.73198898 1
1006 0 -30390.17967000 0
1007 0 -21862.79486436 0
1008 0 -20753.89834799 0
1009 1 18641.23408284 1
1010 1 28924.87677064 1
1011 0 -15687.42307729 0
1012 0 -25939.67053924 0
1013 0 -21402.03670412 0
1014 0 -34814.41051721 0
1015 1 12465.96554715 1
1016 0 -30059.71390791 0
1017 1 25432.09111747 1
1018 0 -22850.28668599 0
1019 1 28503.38690658 1
1020 0 -20308.12762584 0
1021 0 -24304.95551191 0
1022 0 -25483.22779932 0
1023 1 19591.42689417 1
1024 1 32147.27888606 1
1025 1 31641.10103725 1
1026 1 19881.32201480 1
1027 1 21566.25347289 1
1028 1 21338.27307015 1
1029 1 19022.34127974 1
1030 0 -27974.10452744 0
1031 0 -33602.74104705 0
1032 0 -23376.20583636 0
1033 1 23377.65086055 1
1034 0 -26328.20046746 0
1035 1 24850.31870330 1
1036 0 -27717.56231462 0
1037 1 33934.81990944 1
1038 1 21147.73221314 1
1039 0 -10600.12395152 0
1040 1 20472.83480483 1
1041 0 -20284.00697710 0
1042 1 24271.62415054 1
1043 0 -30588.49412231 0
1044 1 27187.36289086 1
1045 0 -13215.90644836 0
1046 1 28582.51763613 1
1047 0 -27646.01802553 0
1048 0 -15807.47602911 0
1049 0 -28580.49378231 0
1050 1 34088.03194035 1
1051 1 30744.99999838 1
1052 0 -21344.90430273 0
1053 1 15514.66513691 1
1054 1 29487.83484832 1
1055 0 -30427.66249738 0
1056 1 28396.92157422 1
1057 0 -27228.52158175 0
1058 0 -14383.55445059 0
1059 0 -33719.95984611 0
1060 0 -20026.50204405 0
1061 1 39820.17713840 1
1062 0 -21974.81422839 0
1063 1 31052.26311385 1
1064 1 16115.75170477 1
1065 0 -25873.71541977 0
1066 0 -29127.76713993 0
1067 1 26962.91278832 1
1068 1 29335.97097910 1
1069 0 -20527.03423349 0
1070 1 28603.95319926 1
1071 0 -28002.01288523 0
1072 1 29394.57537022 1
1073 1 35244.53132450 1
1074 0 -27543.33772006 0
1075 0 -20027.47649136 0
1076 1 31050.70759694 1
1077 0 -21264.18914974 0
1078 0 -36709.08387282 0
1079 1 27823.76617012 1
1080 1 34685.62260345 1
1081 0 -26420.58124256 0
1082 0 -27783.38537178 0
1083 1 18526.42676200 1
1084 1 24892.78087912 1
1085 1 11286.65668963 1
1086 0 -19913.20006973 0
1087 0 -21283.42911490 0
1088 0 -29648.19750045 0
1089 1 25217.07356214 1
1090 0 -31227.87574574 0
1091 1 32745.73156386 1
1092 1 17397.23275240 1
1093 1 31062.40150620 1
1094 0 -27505.17814554 0
1095 0 -24832.80291421 0
1096 0 -16613.06942074 0
1097 1 29021.53486361 1
1098 0 -19252.23584681 0
1099 1 14393.02708033 1
1100 1 15132.10801335 1
1101 0 -26612.47096307 0
1102 0 -24362.50285611 0
1103 0 -28106.06024414 0
1104 0 -28303.42985624 0
1105 0 -14684.36356059 0
1106 1 21244.20613785 1
1107 1 12076.42470170 1
1108 0 -19911.42890324 0
1109 1 26758.26273577 1
1110 0 -25104.82943105 0
1111 0 -19950.23809197 0
1112 1 12200.95104454 1
1113 0 -15395.99289239 0
1114 0 -29255.17075331 0
1115 1 34536.28560254 1
1116 0 -29189.28710946 0
1117 0 -28600.09207019 0
1118 0 -13309.74641187 0
1119 1 36805.03066931 1
1120 0 -30088.06274557 0
1121 0 -35900.62947158 0
1122 1 31375.18018932 1
1123 1 17108.39688677 1
1124 1 28931.96019568 1
1125 1 30400.06696681 1
1126 1 18351.35005765 1
1127 1 18448.59555632 1
1128 0 -27792.49952580 0
1129 1 19283.27417796 1
1130 0 -32961.29541420 0
1131 1 23142.76744854 1
1132 0 -25752.06280351 0
1133 1 27447.82269213 1
1134 0 -15226.62767169 0
1135 0 -25507.22570109 0
1136 1 27962.72010381 1
1137 1 13672.47906552 1
1138 0 -23220.95907285 0
1139 0 -28357.58983619 0
1140 0 -19903.61460675 0
1141 0 -21939.58887812 0
1142 0 -33445.26404910 0
1143 1 27415.66246087 1
1144 0 -33628.11544924 0
1145 1 32032.97946064 1
1146 1 24332.03699709 1
1147 1 26722.15837907 1
1148 1 24733.71224887 1
1149 0 -24713.33963184 0
1150 1 16927.89993631 1
1151 1 24103.57692171 1
1152 1 15499.91047203 1
1153 0 -29996.15341680 0
1154 1 33350.80396113 1
1155 0 -23822.72867718 0
1156 1 20591.66182649 1
1157 1 27735.72279643 1
1158 0 -34153.46219936 0
1159 1 25725.60391335 1
1160 1 23805.97301516 1
1161 1 25727.55973190 1
1162 0 -29116.66314640 0
1163 1 16307.54540321 1
1164 1 31958.13355422 1
1165 0 -5379.77533587 0
1166 1 20733.48537243 1
1167 0 -21393.34550910 0
1168 1 23975.89674738 1
1169 1 13914.98144899 1
1170 1 16135.37465416 1
1171 0 -24904.60564590 0
1172 0 -30564.88146231 0
1173 0 -15852.61575865 0
1174 1 27508.27791408 1
1175 1 36807.46073925 1
1176 1 33225.32875609 1
1177 0 -21934.75752940 0
1178 0 -20926.42953548 0
1179 0 -31217.00439614 0
1180 0 -33159.26987772 0
1181 0 -6739.21680890 0
1182 0 -25500.69038964 0
1183 1 23731.30161492 1
1184 0 -26414.72100580 0
1185 0 -23548.91248748 0
1186 0 -31785.57307427 0
1187 1 28539.39718665 1
1188 1 16423.42810105 1
1189 0 -22117.26468513 0
1190 1 25294.90756345 1
1191 0 -14883.31540664 0
1192 1 20393.52230341 1
1193 1 13356.91442099 1
1194 1 5102.41084666 1
1195 0 -35426.58412806 0
1196 1 14513.64741807 1
1197 0 -24824.22390731 0
1198 1 24591.71089421 1
1199 0 -29666.53950580 0
1200 0 -21896.31077764 0
1201 0 -15789.31758328 0
1202 1 24565.98697295 1
1203 0 -23139.53119683 0
1204 1 26513.47640470 1
1205 0 -29903.23641294 0
1206 0 -22442.11153471 0
1207 0 -21616.82387605 0
1208 0 -25864.47053522 0
1209 0 -17201.92772105 0
1210 1 27142.76842516 1
1211 1 20722.77979182 1
1212 0 -24047.12553298 0
1213 1 18151.45469002 1
1214 0 -21696.75071738 0
1215 0 -14029.62495942 0
1216 0 -22977.56825476 0
1217 1 33394.09332289 1
1218 1 24952.48858809 1
1219 1 23629.23049953 1
1220 1 23638.01830747 1
1221 0 -32844.07599230 0
1222 1 22866.07017547 1
1223 0 -23265.08405768 0
1224 1 31801.35812462 1
1225 0 -17278.50388889 0
1226 1 25045.48413810 1
1227 0 -20538.20953747 0
1228 0 -26571.57753090 0
1229 0 -27845.08436822 0
1230 1 6794.44949413 1
1231 0 -25431.48864245 0
1232 0 -24592.02744921 0
1233 1 22434.33418747 1
1234 1 20551.78286466 1
1235 1 26502.17277131 1
1236 0 -15999.74395603 0
1237 1 24010.36545854 1
1238 0 -19345.48968786 0
1239 0 -12194.58031557 0
1240 1 16665.12299528 1
1241 0 -19583.78798835 0
1242 0 -21403.75441811 0
1243 0 -18495.36816169 0
1244 1 31248.96549340 1
1245 1 15605.93694404 1
1246 0 -26446.83809924 0
1247 1 26086.04804442 1
1248 0 -5747.67039879 0
1249 1 19668.85924424 1
1250 1 29338.64490201 1
1251 1 33691.30653907 1
1252 0 -22146.61279841 0
1253 1 24313.02876397 1
1254 1 19516.35784797 1
1255 1 34179.57670393 1
1256 1 16953.27813040 1
1257 1 21786.33848809 1
1258 1 26134.04466941 1
1259 0 -22150.83715753 0
1260 0 -24352.28546286 0
1261 0 -18963.02744790 0
1262 0 -19374.71221071 0
1263 1 29863.91049616 1
1264 0 -18909.89501182 0
1265 1 21943.48638513 1
1266 0 -31304.32538739 0
1267 0 -27091.86168671 0
1268 1 25645.06256698 1
1269 1 16500.87601793 1
1270 1 32198.06309552 1
1271 0 -15628.40258594 0
1272 0 -31907.00061343 0
1273 1 26481.80198357 1
1274 1 34843.23114920 1
1275 1 17227.03903122 1
1276 0 -25203.35213565 0
1277 0 -24856.35329167 0
1278 1 30911.33686804 1
1279 1 33332.00918421 1
1280 0 -21555.01737247 0
1281 0 -13677.19233615 0
1282 1 22312.11394658 1
1283 0 -21995.31743901 0
1284 1 17212.21345734 1
1285 1 25856.50794788 1
1286 1 23507.66484454 1
1287 1 24806.54965768 1
1288 0 -24219.94827201 0
1289 0 -24083.01737825 0
1290 0 -24033.27991043 0
1291 0 -24368.30069021 0
1292 1 30605.43359835 1
1293 1 30554.41641518 1
1294 0 -25693.24812886 0
1295 1 21190.94557775 1
1296 1 8137.38296090 1
1297 0 -30320.70654684 0
1298 0 -32186.93808784 0
1299 0 -22562.74135402 0
1300 1 10436.92379876 1
1301 1 7924.04382240 1
1302 1 21060.58959942 1
1303 1 36404.18258991 1
1304 0 -25884.79515344 0
1305 1 25523.49668930 1
1306 0 -23955.20958680 0
1307 0 -21742.57089194 0
1308 1 10540.66732044 1
1309 0 -31379.85479299 0
1310 0 -23281.41095847 0
1311 1 28698.61160175 1
1312 0 -19466.54556297 0
1313 0 -24230.54815284 0
1314 1 20581.80015264 1
1315 1 -10121.62085424 0
1316 0 -27514.98658850 0
1317 0 -22705.44686899 0
1318 1 16932.80432812 1
1319 1 26448.66510661 1
1320 1 23159.24992488 1
1321 1 31385.29224321 1
1322 1 3259.30371032 1
1323 1 29171.40123007 1
1324 1 5402.43582035 1
1325 1 29417.39153790 1
1326 1 32431.18693472 1
1327 1 31114.28581318 1
1328 0 -24481.43837356 0
1329 1 12921.41404271 1
1330 1 24002.16370833 1
1331 0 -20797.52081070 0
1332 1 24760.75420879 1
1333 1 30498.75100339 1
1334 1 24571.24572334 1
1335 1 23315.72118281 1
1336 0 -21571.10163584 0
1337 1 15492.53601501 1
1338 1 29064.79517973 1
1339 0 -26414.07079787 0
1340 1 30227.49575743 1
1341 0 -26022.90651165 0
1342 1 28453.01626830 1
1343 0 -27875.00050184 0
1344 0 -24051.05894322 0
1345 1 20360.40286350 1
1346 1 14946.70118379 1
1347 0 -24529.26104826 0
1348 1 30888.65105991 1
1349 1 28154.20085604 1
1350 0 -30508.18197665 0
1351 0 -31308.50066211 0
1352 0 -36147.01206296 0
1353 1 24351.08744227 1
1354 0 -30141.40980154 0
1355 0 -34482.72436563 0
1356 1 23023.99957440 1
1357 0 -25811.50544390 0
1358 1 28484.57434963 1
1359 1 15853.19938737 1
1360 0 -18565.78432180 0
1361 0 -6696.82141301 0
1362 1 22950.85972062 1
1363 0 -29520.21303909 0
1364 1 18715.57167845 1
1365 0 -25137.46593393 0
1366 0 -16924.24109599 0
1367 1 8247.89230185 1
1368 1 25919.40256799 1
1369 0 -25282.39867259 0
1370 1 11825.40052642 1
1371 1 28480.69658563 1
1372 1 15233.81808805 1
1373 0 -23330.59262098 0
1374 1 18412.31766634 1
1375 0 -19427.61234614 0
1376 0 -33626.91073680 0
1377 1 33863.61823197 1
1378 1 16096.15214223 1
1379 1 37013.88253423 1
1380 0 -34363.40858218 0
1381 1 31275.81064325 1
1382 1 24691.79399414 1
1383 1 33109.29337742 1
1384 0 -13825.66848480 0
1385 1 19507.81583735 1
1386 0 -31294.65708920 0
1387 0 -25859.37152167 0
1388 1 38048.78710990 1
1389 0 -23675.29360261 0
1390 1 27988.85424509 1
1391 0 -29925.11976580 0
1392 0 -11597.05231352 0
1393 1 40572.42864939 1
1394 0 -13209.22444022 0
1395 1 27569.88436930 1
1396 1 24878.18955771 1
1397 1 22284.92579333 1
1398 0 -20690.92677941 0
1399 1 26164.20478558 1
1400 1 25819.13229935 1
1401 1 23345.58394758 1
1402 0 -30016.75297648 0
1403 0 -30708.60614023 0
1404 1 29747.57261833 1
1405 1 25296.29784109 1
1406 1 27123.39385722 1
1407 1 24013.39091888 1
1408 1 31703.74651722 1
1409 1 37028.17818714 1
1410 0 -26426.90131446 0
1411 0 -18064.78525892 0
1412 1 30050.19942776 1
1413 0 -14473.25603195 0
1414 1 27924.11243309 1
1415 1 29395.89320628 1
1416 1 22623.32639090 1
1417 0 -27339.89427621 0
1418 1 14708.45672312 1
1419 0 -22008.63239857 0
1420 0 -20735.59600787 0
1421 0 -22913.44514293 0
1422 1 15532.01487940 1
1423 1 18160.92840463 1
1424 1 30966.84741432 1
1425 0 -20399.31248431 0
1426 0 -12452.08035054 0
1427 0 -22563.05370204 0
1428 1 33893.87796711 1
1429 1 34764.28912742 1
1430 0 -22001.45733287 0
1431 1 28421.31105304 1
1432 0 -31837.41086479 0
1433 0 -23781.40211189 0
1434 1 26612.58761837 1
1435 1 29362.86916801 1
1436 1 15469.69164233 1
1437 0 -23361.47980036 0
1438 0 -25298.50127662 0
1439 1 31622.90150351 1
1440 0 -35094.79497881 0
1441 1 17294.90959419 1
1442 0 -18504.57904212 0
1443 1 26507.47242427 1
1444 1 20942.45745517 1
1445 0 16427.74762160 1
1446 0 -20772.04690174 0
1447 1 34350.86040815 1
1448 1 26507.47367526 1
1449 1 31225.82678897 1
1450 0 -19824.73553273 0
1451 0 -27206.68125813 0
1452 0 -18080.31978706 0
1453 1 21929.61284051 1
1454 0 -30117.11309907 0
1455 0 -28324.16687759 0
1456 1 24122.92814714 1
1457 0 -15599.10584798 0
1458 1 39376.93371448 1
1459 1 22860.97315619 1
1460 0 -28822.04090600 0
1461 0 -30633.92147746 0
1462 0 -16281.18745885 0
1463 1 27853.64801640 1
1464 1 33696.79840241 1
1465 1 32003.56338465 1
1466 1 37680.38777529 1
1467 0 -26072.10159204 0
1468 0 -35489.32292150 0
1469 0 -19767.90400855 0
1470 0 10483.23629101 1
1471 1 18710.24178009 1
1472 0 -34784.48332296 0
1473 1 18216.62273294 1
1474 0 -30997.82558086 0
1475 0 -10438.66974198 0
1476 1 21741.45883436 1
1477 0 -35094.04401623 0
1478 1 30052.35495662 1
1479 1 25853.65174077 1
1480 0 -23343.35428854 0
1481 1 21545.55073288 1
1482 0 -27933.46202563 0
1483 1 15370.30306955 1
1484 0 -27852.25815851 0
1485 1 22555.66068176 1
1486 1 17614.85462422 1
1487 0 -14678.36811630 0
1488 1 27301.96740163 1
1489 1 32515.68919056 1
1490 0 -19443.72367457 0
1491 0 -18793.41158373 0
1492 0 -38993.79800345 0
1493 1 28083.69587392 1
1494 1 23359.15869277 1
1495 0 -26821.65230339 0
1496 1 16962.46303119 1
1497 0 -29317.19509493 0
1498 1 26004.76681406 1
1499 1 17788.44095529 1
1500 1 20336.77092046 1
1501 1 23816.29249562 1
1502 0 -25070.99178880 0
1503 1 34699.11511923 1
1504 0 -15133.03325970 0
1505 1 16767.69932623 1
1506 1 26342.41323883 1
1507 0 -36590.86253376 0
1508 0 -22505.32470399 0
1509 0 -28308.95099291 0
1510 0 -40568.78220343 0
1511 1 20786.99169321 1
1512 0 -25387.28518897 0
1513 0 -5628.16639802 0
1514 1 17073.56372327 1
1515 0 -34242.46782328 0
1516 0 -29393.48129863 0
1517 1 25168.19050873 1
1518 0 -32504.14003217 0
1519 1 15991.43686815 1
1520 1 33559.61726853 1
1521 1 34595.99472344 1
1522 0 -13987.33038862 0
1523 1 28207.19910694 1
1524 0 -21818.93803563 0
1525 1 22321.72410378 1
1526 1 28055.26335684 1
1527 0 -32975.32725593 0
1528 0 -26937.66790354 0
1529 1 15170.05925514 1
1530 1 26511.10970161 1
1531 0 -23853.95226443 0
1532 1 24224.20612480 1
1533 0 -28806.63340971 0
1534 1 26704.06680131 1
1535 0 -18020.77213997 0
1536 1 37608.56323585 1
1537 1 22081.90336991 1
1538 0 -35364.22236994 0
1539 0 -32580.41131562 0
1540 1 28021.14740080 1
1541 0 -25833.89397051 0
1542 1 21963.10167021 1
1543 0 -18782.76560733 0
1544 0 -7528.67345047 0
1545 0 -25805.47582351 0
1546 1 31886.14947258 1
1547 0 -22472.52496104 0
1548 0 -32684.99985516 0
1549 1 33129.13626943 1
1550 0 -27149.77143312 0
1551 0 -33950.61003490 0
1552 1 33196.64509871 1
1553 1 24923.33845435 1
1554 1 27724.17938737 1
1555 0 -28910.08230543 0
1556 1 19893.13709103 1
1557 0 -29975.93823141 0
1558 1 24004.59652720 1
1559 0 -16338.19381418 0
1560 0 -14703.40708158 0
1561 0 -21430.82673631 0
1562 1 26629.51320905 1
1563 0 -32410.28381185 0
1564 0 -29152.77585929 0
1565 1 17072.89079023 1
1566 0 -20814.91917935 0
1567 0 -19020.11883579 0
1568 1 12929.58555084 1
1569 1 30292.84166380 1
1570 0 -31781.00049040 0
1571 0 -21370.63078848 0
1572 1 33829.81178607 1
1573 1 27848.82116501 1
1574 0 -27341.03440796 0
1575 1 24442.22359046 1
1576 0 -27442.06959380 0
1577 0 -18699.85397580 0
1578 0 -15452.41799386 0
1579 1 26690.30493498 1
1580 1 38644.44693606 1
1581 0 -29097.09490838 0
1582 1 24484.14986602 1
1583 0 -26740.06197981 0
1584 1 23232.73430960 1
1585 1 24260.18889142 1
1586 1 26015.17432460 1
1587 1 26879.08920693 1
1588 1 33148.90009762 1
1589 0 -22438.24390207 0
1590 1 25587.04698409 1
1591 0 -29884.84401915 0
1592 1 15031.77238576 1
1593 0 -32603.63901460 0
1594 1 32519.17292646 1
1595 1 18113.83841680 1
1596 0 -28307.64783488 0
1597 0 -11383.82852465 0
1598 1 28542.72631029 1
1599 0 -24717.21354309 0
1600 0 -23750.94302209 0
1601 1 28692.48096785 1
1602 0 -28988.14296038 0
1603 1 21807.12370444 1
1604 1 34167.98821483 1
1605 0 -30457.14168713 0
1606 1 31677.34318091 1
1607 0 -26709.88017290 0
1608 0 -33897.08462686 0
1609 1 35396.19630711 1
1610 0 -27781.12748741 0
1611 1 30501.43668903 1
1612 1 27972.14010867 1
1613 0 -25545.68110930 0
1614 0 -26391.56904673 0
1615 0 -32155.19955206 0
1616 0 -28322.26915367 0
1617 1 21168.33869089 1
1618 1 28884.68076445 1
1619 0 -27105.24203271 0
1620 1 15307.33453242 1
1621 0 -20293.49671213 0
1622 0 -27686.09923377 0
1623 0 -30322.10633897 0
1624 0 -35696.87444287 0
1625 0 -12013.29826213 0
1626 0 -13737.49049487 0
1627 0 -17092.40502335 0
1628 1 22206.21898938 1
1629 1 30966.02183712 1
1630 1 10056.98812178 1
1631 1 27769.34043736 1
1632 0 -33906.73854241 0
1633 0 -25445.88567287 0
1634 1 30875.14279380 1
1635 0 -28623.35634703 0
1636 1 41428.88504354 1
1637 1 33163.71903212 1
1638 1 8581.72785839 1
1639 1 35771.31085105 1
1640 0 -34018.70692191 0
1641 1 17223.06571911 1
1642 1 24115.01741822 1
1643 1 25509.72242128 1
1644 1 25132.30836361 1
1645 0 -29340.75592586 0
1646 1 24438.04522805 1
1647 0 -34297.19682841 0
1648 1 35219.26566205 1
1649 1 18622.80427110 1
1650 0 -26276.95271977 0
1651 1 33939.20361056 1
1652 1 19053.94434286 1
1653 1 15904.74833758 1
1654 1 10642.02101095 1
1655 1 18457.38325341 1
1656 1 28095.99385740 1
1657 1 25456.19493938 1
1658 1 21662.67095343 1
1659 0 -25480.90681471 0
1660 0 -20866.09796615 0
1661 1 36374.38043951 1
1662 0 -37133.01033342 0
1663 1 19978.68733685 1
1664 1 34071.09299763 1
1665 0 -27960.75852674 0
1666 1 20192.86030491 1
1667 0 -24707.60785120 0
1668 0 -30077.42059335 0
1669 0 -30440.21211352 0
1670 1 26228.96424983 1
1671 0 -12708.22473969 0
1672 0 -27554.49769292 0
1673 0 -27157.66201289 0
1674 0 -25160.32034621 0
1675 0 -28913.22317193 0
1676 0 -28047.35217804 0
1677 1 29871.42069456 1
1678 0 -25493.45736604 0
1679 1 26864.80379764 1
1680 0 -19444.45472065 0
1681 1 18125.86898058 1
1682 0 -30124.46492166 0
1683 0 -13847.36795429 0
1684 1 15883.58988298 1
1685 0 -27000.10819852 0
1686 1 17548.55657650 1
1687 0 -17751.73993259 0
1688 0 -28517.45800150 0
1689 1 27596.30413892 1
1690 0 -10727.27610085 0
1691 0 -30271.65246201 0
1692 1 15728.49832883 1
1693 1 23559.69555019 1
1694 1 26601.16890803 1
1695 1 39050.83221166 1
1696 0 -22424.41328196 0
1697 0 -25871.01892614 0
1698 1 11862.52938405 1
1699 1 25864.97619075 1
1700 1 29544.63188040 1
1701 1 18132.07163942 1
1702 0 -30606.04374714 0
1703 0 -20349.25396486 0
1704 1 20116.51822594 1
1705 0 -13749.28711549 0
1706 0 -44009.68714857 0
1707 1 25675.34061678 1
1708 0 -14958.42991297 0
1709 1 27605.96923111 1
1710 0 -19836.55232435 0
1711 0 -28826.46929938 0
1712 0 -15741.19952508 0
1713 0 -17864.11441036 0
1714 0 -21856.33425642 0
1715 1 19139.64237755 1
1716 0 -27110.83552435 0
1717 0 -16049.69663968 0
1718 0 -30448.48460892 0
1719 0 -18832.98016253 0
1720 1 34036.26889709 1
1721 0 -26249.84357058 0
1722 1 21450.68143342 1
1723 0 -28892.08845955 0
1724 1 28808.80361812 1
1725 1 24692.30368320 1
1726 1 15652.00629154 1
1727 1 26492.71434014 1
1728 0 -20488.21607332 0
1729 1 15425.58177998 1
1730 0 -22376.90365267 0
1731 1 11717.07546381 1
1732 0 -35800.05574805 0
1733 1 25278.67090877 1
1734 0 -28582.09299534 0
1735 1 19354.12252671 1
1736 0 -19584.56565090 0
1737 0 -36438.13676919 0
1738 1 29879.19441493 1
1739 1 26769.15518905 1
1740 1 21993.85953373 1
1741 1 25031.94811972 1
1742 1 30105.31912965 1
1743 1 26213.51603313 1
1744 1 29214.27864207 1
1745 1 28055.11192847 1
1746 0 -30413.13134556 0
1747 0 -20136.91047843 0
1748 1 30042.57097928 1
1749 0 -24591.87368280 0
1750 0 -16402.11589339 0
1751 0 -26316.74664245 0
1752 0 -17041.21815857 0
1753 1 36121.81832536 1
1754 1 22593.48878899 1
1755 0 -22551.98040264 0
1756 0 -15908.01141112 0
1757 1 31110.19233337 1
1758 0 -20383.63776659 0
1759 0 -5296.58870654 0
1760 1 16485.60644883 1
1761 1 15752.52680181 1
1762 1 29158.49623955 1
1763 1 28694.27230221 1
1764 1 11867.91273720 1
1765 0 -17437.68606309 0
1766 0 -31800.25784782 0
1767 1 26744.63516655 1
1768 0 -8909.60512415 0
1769 0 -21257.67887794 0
1770 1 33920.83292835 1
1771 1 19369.49271793 1
1772 0 -22336.98605207 0
1773 0 -18945.58308097 0
1774 0 -15267.82852387 0
1775 1 21879.54345063 1
1776 0 -30162.02275036 0
1777 0 -22729.21205229 0
1778 0 -30996.25605693 0
1779 0 -34449.85956778 0
1780 0 -24441.75332092 0
1781 1 35397.29336241 1
1782 1 7999.07708494 1
1783 0 -26280.50811026 0
1784 1 14105.80083644 1
1785 0 -23383.25595152 0
1786 0 -22687.10759726 0
1787 0 -38528.65304812 0
1788 0 -33491.03853768 0
1789 1 10071.35009904 1
1790 1 32741.65378905 1
1791 1 27053.94378614 1
1792 0 -29789.13353994 0
1793 0 -29996.19789742 0
1794 0 -28834.05221106 0
1795 0 -31404.53181978 0
1796 0 -25595.17565293 0
1797 1 27620.24282710 1
1798 1 41320.32557861 1
1799 0 -34283.97511895 0
1800 1 28780.55321224 1
1801 1 26067.15823698 1
1802 1 38272.60141540 1
1803 1 13199.15690281 1
1804 0 -17849.83910794 0
1805 0 -27859.67638152 0
1806 1 27186.29835635 1
1807 0 -31753.22810533 0
1808 1 28170.70699538 1
1809 0 -31001.38752276 0
1810 0 -6369.10978716 0
1811 1 32730.42194017 1
1812 1 31502.90501305 1
1813 1 28793.24603139 1
1814 0 -28829.89604492 0
1815 1 27556.32349003 1
1816 1 21961.22067159 1
1817 1 22537.45036596 1
1818 0 -19824.96152398 0
1819 1 18688.16985714 1
1820 0 -15401.71333929 0
1821 1 24780.84010164 1
1822 0 -31185.56812479 0
1823 1 36720.10740714 1
1824 1 32054.20305689 1
1825 1 17482.20145501 1
1826 0 -11924.44410937 0
1827 0 -21244.04238349 0
1828 1 20701.08067071 1
1829 1 22943.29775894 1
1830 0 -36181.11757507 0
1831 1 26668.02475316 1
1832 0 -31100.25132451 0
1833 0 -28411.03367322 0
1834 0 -21117.59548327 0
1835 1 30905.80352306 1
1836 1 33465.65639821 1
1837 0 -23346.45440830 0
1838 1 11821.95635561 1
1839 1 28783.74648210 1
1840 1 31024.83561224 1
1841 0 -26173.82419118 0
1842 1 19876.23048930 1
1843 0 -20546.83565367 0
1844 0 -13946.99567846 0
1845 1 25798.10543382 1
1846 1 26535.56491597 1
1847 1 30565.91117573 1
1848 1 35739.25424040 1
1849 0 -21823.36919153 0
1850 1 30923.12263409 1
1851 1 20238.38379120 1
1852 1 4968.16577957 1
1853 1 37753.22774692 1
1854 0 -23542.73788997 0
1855 1 23062.36118851 1
1856 1 28856.86130395 1
1857 0 -6437.01682942 0
1858 0 -24906.52932441 0
1859 0 -25906.11964539 0
1860 1 17995.95606100 1
1861 0 -34159.42343209 0
1862 0 -33552.68829891 0
1863 0 -26260.80656858 0
1864 1 30177.51335610 1
1865 0 -34896.66656336 0
1866 0 -27515.15836835 0
1867 0 -23066.64370352 0
1868 0 -28594.43628318 0
1869 1 27926.94740556 1
1870 0 -21031.16608710 0
1871 1 30462.61959431 1
1872 1 22743.28701788 1
1873 1 31390.84975361 1
1874 1 26138.66850362 1
1875 0 -28960.80917676 0
1876 1 21438.69936963 1
1877 0 -33535.97122639 0
1878 1 30782.92527390 1
1879 0 -27680.72840347 0
1880 0 -16755.14468393 0
1881 0 -26990.79815030 0
1882 0 -26863.37949892 0
1883 1 33588.71749095 1
1884 1 31003.05420850 1
1885 0 -33560.86408362 0
1886 1 17980.69250490 1
1887 0 -8136.97386037 0
1888 1 29795.65639422 1
1889 1 25113.00061427 1
1890 1 21441.15704890 1
1891 1 32719.85794825 1
1892 1 33375.50480555 1
1893 1 30122.06533064 1
1894 1 24171.42437362 1
1895 1 36844.19186312 1
1896 0 -36681.22991228 0
1897 1 25686.12069714 1
1898 0 -27530.53685996 0
1899 0 -45168.68073476 0
1900 1 29531.39761449 1
1901 1 16879.01185596 1
1902 1 28446.97941165 1
1903 1 27766.57845147 1
1904 1 23726.40006024 1
1905 1 32441.87479618 1
1906 0 -19221.42127702 0
1907 1 20976.58130895 1
1908 0 -32159.28544037 0
1909 0 -19418.27993892 0
1910 0 -20659.83633042 0
1911 0 -17358.98144849 0
1912 0 -21320.99569757 0
1913 0 -25128.82844436 0
1914 1 15607.83502725 1
1915 1 28205.80717370 1
1916 1 25088.65231041 1
1917 0 -6732.34898053 0
1918 0 -34087.03418645 0
1919 1 37247.28427897 1
1920 1 31970.23112283 1
1921 1 29764.65436427 1
1922 1 29456.74165872 1
1923 1 22844.14719942 1
1924 1 26693.71616039 1
1925 0 -35211.14657697 0
1926 0 -22971.45611802 0
1927 0 -18554.78663547 0
1928 0 -22478.14188213 0
1929 0 -29946.53575302 0
1930 0 -23820.46748054 0
1931 0 -14622.35977623 0
1932 1 23604.18747010 1
1933 0 -26202.51422236 0
1934 0 -29185.50151525 0
1935 0 -38336.52863684 0
1936 1 30124.24434612 1
1937 1 17107.74320000 1
1938 0 -29474.28681460 0
1939 1 29477.90570842 1
1940 1 23878.35905282 1
1941 0 -29500.35370318 0
1942 0 -30070.19162153 0
1943 1 12732.55111037 1
1944 0 -29452.76050433 0
1945 0 -27026.89703944 0
1946 0 -15231.25137263 0
1947 1 23933.46659967 1
1948 1 21598.84355637 1
1949 1 20080.20908291 1
1950 1 23378.06948018 1
1951 0 -22938.30684531 0
1952 0 -23246.01245335 0
1953 0 -24499.06636520 0
1954 0 -24177.35952641 0
1955 1 29401.42169063 1
1956 0 -19474.07353038 0
1957 1 25599.16757124 1
1958 1 20781.95786016 1
1959 0 -26125.91384871 0
1960 0 -25933.21029165 0
1961 0 -25261.28133512 0
1962 0 -26518.60761204 0
1963 0 -21822.35857284 0
1964 1 19457.40431000 1
1965 0 -17249.16449623 0
1966 1 30985.97028077 1
1967 1 22929.83982023 1
1968 0 -19614.73541883 0
1969 0 -11714.64744011 0
1970 1 29979.82295837 1
1971 0 -18647.74981723 0
1972 1 7584.22206125 1
1973 1 14915.75802475 1
1974 1 15152.75849823 1
1975 0 -22801.49904418 0
1976 0 -30790.06894303 0
1977 1 28657.54902195 1
1978 1 24486.20556826 1
1979 0 -33401.80471700 0
1980 1 34057.67817113 1
1981 1 25415.95175587 1
1982 1 16176.80444836 1
1983 0 -33610.94815141 0
1984 0 -12800.57033593 0
1985 1 26148.64656215 1
1986 1 34248.15994187 1
1987 0 -33480.17027003 0
1988 1 14880.16787758 1
1989 1 16768.18009876 1
1990 0 -28860.68696165 0
1991 0 -26213.51645859 0
1992 0 -27622.14021127 0
1993 0 -29775.19470085 0
1994 1 25359.72317425 1
1995 0 -19968.08057179 0
1996 0 -23009.33882470 0
1997 0 -36868.32183142 0
1998 1 30227.04741286 1
1999 1 10544.67249387 1
2000 1 13314.47465766 1
2001 0 -20433.26041170 0
2002 1 22243.15290853 1
2003 0 -20990.14945759 0
2004 1 22542.25420724 1
2005 0 -32962.55356718 0
2006 1 11555.35852574 1
2007 0 -19901.75634090 0
2008 1 29025.39033271 1
2009 0 -17329.22132016 0
2010 0 -26954.41678289 0
2011 1 30400.99236991 1
2012 0 -30286.73503317 0
2013 1 21370.33194602 1
2014 0 -29566.73987804 0
2015 0 -27405.63968926 0
2016 0 -11625.30424290 0
2017 1 38793.35745859 1
2018 1 22389.63598303 1
2019 1 20385.51232494 1
2020 0 -13548.54601089 0
2021 1 23557.17477589 1
2022 1 36859.56023395 1
2023 1 32830.31540132 1
2024 1 30783.47038668 1
2025 1 13354.93315286 1
2026 1 30148.34530768 1
2027 1 31788.11027383 1
2028 0 -20729.72562601 0
2029 1 40160.39443066 1
2030 1 29116.93597132 1
2031 1 22541.71148018 1
2032 1 16884.90523238 1
2033 0 -23216.22819985 0
2034 0 -21694.03179889 0
2035 1 22931.67300053 1
2036 0 -29764.13622960 0
2037 1 31127.76444731 1
2038 1 40384.94275143 1
2039 1 28660.57509756 1
2040 1 15689.55042937 1
2041 1 26599.10779590 1
2042 0 -15444.29847159 0
2043 0 -23258.06695566 0
2044 1 19840.55457749 1
2045 0 -22468.99659975 0
2046 0 -24179.38685396 0
2047 1 27529.79426681 1
2048 0 -32748.73350849 0
2049 1 22338.20368344 1
2050 1 29987.10184672 1
2051 1 24118.15149138 1
2052 1 25737.67822186 1
2053 0 -29680.99905242 0
2054 0 -30323.96637550 0
2055 1 3188.32281296 1
2056 1 19644.95894256 1
2057 0 -22633.01857489 0
2058 1 26257.79462638 1
2059 0 -23556.97756700 0
2060 1 29206.30395665 1
2061 1 25236.27675159 1
2062 1 25367.43529967 1
2063 0 -25241.30903619 0
2064 1 28802.12585230 1
2065 1 22773.37977388 1
2066 1 16727.46488639 1
2067 1 10738.60462219 1
2068 0 -33714.56889466 0
2069 1 22957.92069117 1
2070 1 18795.80381741 1
2071 1 20329.66299889 1
2072 1 34422.54275035 1
2073 1 21899.37856426 1
2074 0 -34458.37841235 0
2075 0 -21478.54247404 0
2076 1 24171.62446969 1
2077 1 31573.84637927 1
2078 1 22562.42159598 1
2079 1 20630.70342104 1
2080 1 23523.34407233 1
2081 0 -19862.98049837 0
2082 0 -26683.71098972 0
2083 1 33886.11705774 1
2084 1 29603.31558560 1
2085 0 -18122.49119137 0
2086 0 -18013.55788532 0
2087 1 17927.47123474 1
2088 1 23972.02942119 1
2089 1 24311.91785417 1
2090 1 26580.35397952 1
2091 0 -24670.26868201 0
2092 0 -26095.23791093 0
2093 0 -20726.84218282 0
2094 0 -21975.45798962 0
2095 0 -24955.26726685 0
2096 0 -29639.08951278 0
2097 1 27516.47216189 1
2098 0 -13747.85185053 0
2099 1 31354.70500188 1
2100 1 33370.46277832 1
2101 0 -31362.75572422 0
2102 0 -21346.86310157 0
2103 1 24240.33984309 1
2104 1 20144.07844416 1
2105 0 -32025.18558162 0
2106 0 -24072.76176412 0
2107 1 14013.20526288 1
2108 1 32261.38363987 1
2109 1 28216.28942314 1
2110 0 -26281.32941913 0
2111 0 -24488.77825457 0
2112 0 -16762.96857201 0
2113 0 -32834.11529079 0
2114 1 19252.08657182 1
2115 1 23956.08048358 1
2116 0 -26259.67459013 0
2117 0 -19252.36864483 0
2118 0 -17853.99389682 0
2119 0 -29372.62456524 0
2120 0 -23468.34555639 0
2121 0 -36273.65106021 0
2122 0 -37064.47898941 0
2123 1 23337.92814344 1
2124 1 39573.71346876 1
2125 1 28550.14262167 1
2126 1 23529.24951849 1
2127 1 29519.52093588 1
2128 1 20186.39948773 1
2129 1 39926.87213632 1
2130 0 -16120.13548584 0
2131 0 -28156.32224030 0
2132 0 -23680.53933283 0
2133 0 -24006.62777167 0
2134 1 29112.55485234 1
2135 1 35432.33318639 1
2136 1 23662.03262699 1
2137 0 -27501.90194337 0
2138 1 20806.75614643 1
2139 0 -21118.69111793 0
2140 1 19872.58536110 1
2141 0 -24361.63180175 0
2142 1 25954.23409372 1
2143 1 23316.82556894 1
2144 0 -34357.08383897 0
2145 0 -23340.10290907 0
2146 1 14902.17064399 1
2147 0 -22560.33988469 0
2148 1 28978.49118365 1
2149 1 30384.22178560 1
2150 1 16338.50780371 1
2151 1 29642.19509986 1
2152 1 25156.12359658 1
2153 1 23795.03589275 1
2154 0 -29898.84287010 0
2155 0 -30038.59099433 0
2156 0 -21034.47742471 0
2157 0 -27570.60362089 0
2158 1 11407.68255790 1
2159 0 -34182.34667673 0
2160 0 -34687.24482514 0
2161 0 -20591.90358820 0
2162 1 25706.48006274 1
2163 1 24521.51303475 1
2164 0 -32637.63222976 0
2165 0 -35357.94475530 0
2166 0 -29230.33740854 0
2167 1 22727.19413152 1
2168 0 -22744.95807895 0
2169 0 -22226.93447437 0
2170 0 -17535.87388956 0
2171 1 26311.59678645 1
2172 0 -27359.57018061 0
2173 0 -23854.62331987 0
2174 0 -12028.28750210 0
2175 0 -27294.78889028 0
2176 1 36723.80844626 1
2177 1 20572.71168224 1
2178 1 26027.74135323 1
2179 1 33056.14044051 1
2180 0 -36428.53029845 0
2181 1 21948.82274704 1
2182 1 33069.87346931 1
2183 0 -30294.60458725 0
2184 1 36503.86019304 1
2185 1 39034.55656121 1
2186 0 -28589.56816520 0
2187 1 31317.22669914 1
2188 0 -29322.69037712 0
2189 0 -24504.72561492 0
2190 0 -32064.74883182 0
2191 0 -21121.88711150 0
2192 1 36850.68952121 1
2193 0 -33469.28021003 0
2194 0 -30110.18042400 0
2195 0 -25752.21009277 0
2196 1 10219.31873130 1
2197 1 33513.94328100 1
2198 0 -28937.12164572 0
2199 0 -33184.87073831 0
2200 0 -26675.97340406 0
2201 0 -32607.46673778 0
2202 0 -27987.48924361 0
2203 0 -12479.00935284 0
2204 1 27068.20510104 1
2205 0 -25324.22800543 0
2206 0 -28510.14249865 0
2207 1 16962.01468315 1
2208 0 -22654.61877334 0
2209 1 34335.29743907 1
2210 0 -12285.79422716 0
2211 1 31175.10188035 1
2212 0 -23761.20712337 0
2213 1 32023.15239101 1
2214 1 26879.46110496 1
2215 0 -44280.02470039 0
2216 1 16623.10239075 1
2217 1 26877.88976802 1
2218 1 23716.46168565 1
2219 1 21282.54763685 1
2220 1 31523.34157137 1
2221 0 -11998.24686242 0
2222 0 -18833.64901967 0
2223 0 -23872.24309705 0
2224 0 -27633.74159997 0
2225 0 -18268.84004656 0
2226 0 -31049.98631107 0
2227 0 -36287.86720277 0
2228 0 -17081.11952087 0
2229 0 -27875.29600472 0
2230 1 33362.33428729 1
2231 1 28524.41858281 1
2232 1 30077.64887912 1
2233 0 -5806.35222746 0
2234 1 15640.03506266 1
2235 1 22543.75683627 1
2236 0 11967.83347079 1
2237 1 21447.77249524 1
2238 1 32712.51671955 1
2239 0 -27966.29978443 0
2240 1 29326.58600300 1
2241 1 24209.59302337 1
2242 0 -19181.55662621 0
2243 1 30745.00204729 1
2244 1 6195.77817255 1
2245 1 28141.41117775 1
2246 0 -29289.75206459 0
2247 0 -34300.31446114 0
2248 0 -29390.09567046 0
2249 0 -4203.80268021 0
2250 0 -30377.67526552 0
2251 0 -17400.54909460 0
2252 1 25065.15778129 1
2253 1 28989.49058469 1
2254 1 27786.78179744 1
2255 1 8368.68737145 1
2256 1 33153.68535158 1
2257 1 39817.18573575 1
2258 1 28368.76313118 1
2259 0 -30978.81882364 0
2260 1 16348.07968816 1
2261 1 20475.61570064 1
2262 1 -9994.26459014 0
2263 1 24841.96319317 1
2264 0 -27589.24276452 0
2265 1 24703.45209011 1
2266 0 -24570.57451425 0
2267 1 30133.06959054 1
2268 0 -34320.43907028 0
2269 0 -29785.27193925 0
2270 0 -22276.15139460 0
2271 0 -26950.78924577 0
2272 0 -31511.95959044 0
2273 0 -22522.61462537 0
2274 0 -33936.98987379 0
2275 1 26566.76105235 1
2276 0 -26517.79907428 0
2277 1 29927.82439128 1
2278 0 -28285.09827467 0
2279 0 -4651.02459787 0
2280 0 -11000.32212195 0
2281 1 15003.27459905 1
2282 1 29406.20702678 1
2283 1 27065.66330382 1
2284 0 -28739.72949192 0
2285 1 25770.52891993 1
2286 0 -33404.43807113 0
2287 1 22826.44637134 1
2288 0 -20937.03976764 0
2289 1 38791.54305050 1
2290 0 -31231.99679710 0
2291 1 27298.43305408 1
2292 0 -28570.84578667 0
2293 1 27631.89806508 1
2294 1 21455.00019508 1
2295 0 -25717.45653229 0
2296 1 29764.11125789 1
2297 0 -26363.13668769 0
2298 0 -20268.55710579 0
2299 0 -25066.80564844 0
2300 0 -31884.13199234 0
2301 0 -33655.38274703 0
2302 1 15684.73259901 1
2303 1 31681.15418453 1
2304 1 22707.36496934 1
2305 0 -24915.72372301 0
2306 0 -36067.28754786 0
2307 0 -34399.99313745 0
2308 0 -28385.90249917 0
2309 0 -15221.96525327 0
2310 1 32879.61089979 1
2311 0 -14175.86927228 0
2312 0 -33712.15578089 0
2313 0 -39595.26765089 0
2314 1 36930.95197469 1
2315 1 18155.90901686 1
2316 0 -28686.09777807 0
2317 0 -18923.00329187 0
2318 0 -34895.77408506 0
2319 1 20834.99995517 1
2320 1 33663.43173832 1
2321 0 -29672.18743622 0
2322 0 -29892.50299315 0
2323 0 -28691.62213289 0
2324 0 -25737.94273816 0
2325 1 29092.73522265 1
2326 1 23662.28863885 1
2327 0 -23874.93867822 0
2328 0 -31727.78718402 0
2329 1 30285.46864049 1
2330 0 -27645.04273243 0
2331 0 -32430.11282091 0
2332 0 -37761.75454292 0
2333 0 -31706.42707411 0
2334 0 -33578.94467833 0
2335 1 31374.50558973 1
2336 0 -14057.74899789 0
2337 0 -27876.94906845 0
2338 1 27472.53383420 1
2339 0 -23274.17851376 0
2340 1 200.89703096 1
2341 0 -27589.37153212 0
2342 1 32953.65510682 1
2343 0 -31229.64909345 0
2344 0 -17812.71657264 0
2345 1 21675.25663506 1
2346 1 23572.45357201 1
2347 0 -7981.09535820 0
2348 0 -28371.44071744 0
2349 1 36513.48355227 1
2350 1 21613.25603543 1
2351 0 -26855.41730349 0
2352 0 -21830.10808840 0
2353 1 23647.25466362 1
2354 1 32548.43845773 1
2355 1 22788.09434797 1
2356 1 28023.60737739 1
2357 1 28027.55098468 1
2358 1 10305.15498578 1
2359 0 -28739.48142326 0
2360 0 -14620.29656491 0
2361 1 28512.92659579 1
2362 1 23560.85838083 1
2363 0 -24913.05998761 0
2364 0 -13881.76416085 0
2365 1 32858.29417196 1
2366 0 -20392.66115682 0
2367 1 30497.59721065 1
2368 0 -32111.09723550 0
2369 0 -24275.26849818 0
2370 1 23125.45109630 1
2371 0 -19568.84797030 0
2372 1 19820.56314858 1
2373 1 17678.54080890 1
2374 1 17859.69360533 1
2375 1 22295.45695341 1
2376 1 30458.69007996 1
2377 0 -9142.89436690 0
2378 0 -26510.85236130 0
2379 0 -26472.33737028 0
2380 0 -30862.48709675 0
2381 0 -38412.01283065 0
2382 1 32456.23985152 1
2383 0 -23975.69529652 0
2384 1 29922.45540303 1
2385 0 -25525.68054781 0
2386 0 -27479.68378225 0
2387 0 -28961.67671354 0
2388 0 -22235.88486592 0
2389 1 30238.36428394 1
2390 1 26466.39996780 1
2391 0 -16142.29552122 0
2392 0 -24194.34284671 0
2393 0 -31869.82534267 0
2394 1 21982.66533359 1
2395 1 34091.28103577 1
2396 1 27209.35500639 1
2397 0 -20719.46175818 0
2398 0 -22534.24696213 0
2399 0 -25725.14617639 0
2400 1 26033.66370107 1
2401 0 -27976.44870506 0
2402 1 31804.48450086 1
2403 1 26512.03340395 1
2404 1 27344.31500509 1
2405 1 31879.71553773 1
2406 1 17397.11753881 1
2407 1 11127.85385648 1
2408 0 -31121.26027876 0
2409 0 -29553.85533916 0
2410 0 -19848.02773284 0
2411 1 32000.97594464 1
2412 0 -20251.28660984 0
2413 0 -16695.15020342 0
2414 1 32249.82819645 1
2415 1 33451.39310089 1
2416 0 -29308.13825687 0
2417 0 -19956.03687839 0
2418 1 14268.12098013 1
2419 0 -18423.25922148 0
2420 0 -27727.39523027 0
2421 0 -16266.70246618 0
2422 1 24894.40152856 1
2423 0 -35359.36750134 0
2424 1 10260.18804668 1
2425 1 26616.10449441 1
2426 1 23879.98756071 1
2427 0 -23733.81247581 0
2428 0 -12523.72330613 0
2429 1 28327.24454560 1
2430 0 -23850.77034580 0
2431 0 -25013.60943486 0
2432 1 7970.56010532 1
2433 1 11449.48951882 1
2434 1 13799.65958699 1
2435 0 -28563.96097104 0
2436 0 -41527.81453450 0
2437 1 20876.36404992 1
2438 1 32714.84470125 1
2439 1 25194.68214610 1
2440 1 29616.14970159 1
2441 0 -30685.81282888 0
2442 0 -23769.85974461 0
2443 0 -29213.20948787 0
2444 1 26366.23901329 1
2445 1 24689.28451214 1
2446 0 -29649.63550538 0
2447 0 -33422.86445791 0
2448 0 -25944.93183937 0
2449 1 13030.69443617 1
2450 0 -33333.78596032 0
2451 0 -14361.50594677 0
2452 0 -22840.95154631 0
2453 1 16814.78303970 1
2454 1 21057.52403582 1
2455 1 21743.15098574 1
2456 0 -21386.65173193 0
2457 1 29292.96864609 1
2458 0 -21732.79898621 0
2459 0 -17477.82487355 0
2460 0 -29668.10905862 0
2461 0 -27733.59045280 0
2462 0 -23157.38948628 0
2463 0 -18181.09296161 0
2464 1 31494.10596053 1
2465 0 -22599.33617475 0
2466 0 -20331.21158947 0
2467 0 -28658.15045689 0
2468 1 23055.21899516 1
2469 1 28957.11685021 1
2470 1 19910.49603878 1
2471 0 -24133.35351498 0
2472 0 -24444.90080380 0
2473 1 28337.62994955 1
2474 1 23448.77944000 1
2475 1 17435.67208036 1
2476 1 14500.31561765 1
2477 0 -29945.23740390 0
2478 1 25602.91660674 1
2479 0 -19653.89371928 0
2480 1 15413.08688260 1
2481 0 -22367.84234955 0
2482 1 22463.37930851 1
2483 1 30450.22736364 1
2484 0 -20027.86408310 0
2485 1 8434.72741757 1
2486 0 -23888.69013410 0
2487 1 27296.41356008 1
2488 0 -23084.70101307 0
2489 0 -31437.77393025 0
2490 0 -36165.26837855 0
2491 0 -26754.86012043 0
2492 0 -18834.84138768 0
2493 1 18938.77942493 1
2494 0 -30411.66163681 0
2495 1 20311.87719387 1
2496 0 -30107.27568104 0
2497 1 29818.98991588 1
2498 0 -37392.10019065 0
2499 1 13693.24218535 1
2500 0 -19651.26781454 0
2501 0 -23227.43910617 0
2502 0 -7750.76534519 0
2503 1 25228.43037394 1
2504 0 -15735.34890576 0
2505 1 22256.17926973 1
2506 0 -14493.64037163 0
2507 0 -26118.80284618 0
2508 1 21264.31406234 1
2509 0 -21137.21883490 0
2510 0 -29333.41309090 0
2511 1 21520.63981795 1
2512 1 30946.36862999 1
2513 0 -27101.91281876 0
2514 1 29950.61800777 1
2515 0 -12541.79759858 0
2516 0 -25617.78463039 0
2517 0 -26775.41780478 0
2518 0 -28247.80843572 0
2519 1 25759.55525083 1
2520 0 -27440.31165907 0
2521 1 25201.05949796 1
2522 1 31119.83623381 1
2523 0 -12020.34992203 0
2524 1 26882.90282505 1
2525 0 -20934.59243644 0
2526 0 -23600.73546002 0
2527 0 -27046.77637735 0
2528 1 20746.71567340 1
2529 0 -33515.21994995 0
2530 0 -27624.02221219 0
2531 0 -24834.82505089 0
2532 0 -33253.80402787 0
2533 0 -31850.12350893 0
2534 1 31485.11768428 1
2535 1 20357.59833363 1
2536 1 14981.48289770 1
2537 0 -22628.55794573 0
2538 0 -26850.80254485 0
2539 1 26899.96385867 1
2540 0 -20685.91099481 0
2541 0 -15826.69365661 0
2542 0 -40824.05615978 0
2543 1 33092.20664482 1
2544 0 -27651.12718154 0
2545 1 10765.80528484 1
2546 0 -21576.64040422 0
2547 1 11116.99256966 1
2548 1 20915.39493332 1
2549 0 -22242.66663254 0
2550 0 -39816.70444110 0
2551 0 -28510.84549075 0
2552 0 -22829.08707324 0
2553 0 -20952.45831117 0
2554 0 -24900.90671421 0
2555 1 27866.04105980 1
2556 0 -19421.48901076 0
2557 1 22051.32928258 1
2558 1 18635.68575523 1
2559 1 31726.42531044 1
2560 0 -30858.97429017 0
2561 0 -30509.94998938 0
2562 1 11127.70837936 1
2563 1 24105.35219187 1
2564 0 -21443.71228001 0
2565 1 29022.95512250 1
2566 0 -29388.15051909 0
2567 0 -31861.86643282 0
2568 1 35860.14717618 1
2569 0 -20775.71539054 0
2570 0 -29098.43522550 0
2571 0 -22993.19296679 0
2572 1 19902.90104894 1
2573 0 -26282.91935410 0
2574 1 26471.47361457 1
2575 1 27502.46955955 1
2576 1 35962.04879720 1
2577 0 -20481.22200435 0
2578 1 18841.61547902 1
2579 1 27608.89677710 1
2580 1 24044.54701577 1
2581 1 30553.64310082 1
2582 1 29176.28795687 1
2583 0 -20424.38525778 0
2584 1 31532.78599937 1
2585 0 -24941.75117624 0
2586 0 -21074.53192609 0
2587 1 21240.01596071 1
2588 1 21882.22260948 1
2589 1 33455.45820152 1
2590 0 -25393.12026491 0
2591 1 28793.91841391 1
2592 1 26391.76934608 1
2593 0 -28758.89281392 0
2594 1 21869.90676842 1
2595 1 31369.98759360 1
2596 1 19632.81846149 1
2597 1 14985.58707620 1
2598 0 -18337.49631178 0
2599 0 -14427.23678006 0
2600 0 -15946.37177278 0
2601 0 -13681.40115522 0
2602 0 -29976.98614106 0
2603 1 24198.54161188 1
2604 0 -27930.54743026 0
2605 0 -18416.09091508 0
2606 0 -12131.78558404 0
2607 0 -21308.84647209 0
2608 0 -24875.95331777 0
2609 0 -18155.78445773 0
2610 1 19662.89207376 1
2611 1 42656.29361915 1
2612 1 25800.51263059 1
2613 1 28967.45124059 1
2614 1 16971.62993099 1
2615 1 23855.91657021 1
2616 1 27201.68805800 1
2617 0 -13639.44377167 0
2618 1 11790.45916385 1
2619 1 27885.26788074 1
2620 0 -31244.39571857 0
2621 1 39595.17165357 1
2622 1 30382.63990933 1
2623 0 -34680.24628712 0
2624 1 20684.60725375 1
2625 0 -27331.35242762 0
2626 1 20639.34376217 1
2627 1 21956.87783553 1
2628 1 29006.70955814 1
2629 0 -19353.61466446 0
2630 0 -21300.48118101 0
2631 1 21123.20053047 1
2632 0 -22212.28168734 0
2633 1 26073.90828976 1
2634 0 -17980.30482146 0
2635 1 29462.25887423 1
2636 1 29485.34636287 1
2637 0 -17754.69725092 0
2638 0 -25435.45634213 0
2639 0 -25897.21740652 0
2640 1 20582.70942507 1
2641 0 -30419.68421483 0
2642 1 38865.34317543 1
2643 1 26740.44200900 1
2644 1 34231.32473321 1
2645 1 19513.90249169 1
2646 1 32232.13135554 1
2647 0 -22886.52783130 0
2648 0 -21402.79653744 0
2649 0 -32547.27643689 0
2650 0 -23823.44513479 0
2651 1 19974.53697232 1
2652 1 18795.52425771 1
2653 0 -36525.14611028 0
2654 1 13285.85025088 1
2655 1 27845.82727880 1
2656 1 27626.58599029 1
2657 0 -22373.15012246 0
2658 1 30363.59487419 1
2659 1 28505.84636930 1
2660 1 26883.88998451 1
2661 0 -22065.02279616 0
2662 1 34332.53398114 1
2663 1 16897.54097609 1
2664 0 -24357.54879223 0
2665 0 -19837.02448508 0
2666 0 -19661.85071398 0
2667 1 24477.32444008 1
2668 0 -30431.44032276 0
2669 1 32764.82914024 1
2670 1 14883.00078100 1
2671 0 -29568.42031295 0
2672 0 -23138.48011669 0
2673 0 -27841.85563960 0
2674 0 -21241.09384829 0
2675 1 21777.95835608 1
2676 0 -10888.30012301 0
2677 1 33992.34361305 1
2678 1 25140.74069636 1
2679 1 26323.38857425 1
2680 1 37399.38847775 1
2681 1 13380.17498306 1
2682 0 -21234.39572084 0
2683 0 -24226.19412789 0
2684 0 -24846.16324988 0
2685 1 14873.51544278 1
2686 1 31778.31784210 1
2687 0 -36547.41969577 0
2688 1 10546.82192453 1
2689 1 22696.72908439 1
2690 0 -27427.58003270 0
2691 0 -29642.39992193 0
2692 0 -17197.46841950 0
2693 0 3993.34227761 1
2694 0 -14076.72195509 0
2695 1 32486.47731895 1
2696 0 -24024.96323699 0
2697 0 -18776.87103661 0
2698 1 32461.43374805 1
2699 0 -34273.15094527 0
2700 1 26064.27455345 1
2701 1 19674.57755229 1
2702 1 13855.00716446 1
2703 0 -26916.40791915 0
2704 0 -24186.94376031 0
2705 1 30891.08844634 1
2706 0 -28591.82112404 0
2707 1 31302.12452570 1
2708 1 28829.17261943 1
2709 1 12617.44318501 1
2710 0 -17981.43567190 0
2711 0 -15651.09426970 0
2712 1 34424.10089603 1
2713 0 -29028.24628157 0
2714 1 26335.31959827 1
2715 0 -18787.55554575 0
2716 0 -27632.29242595 0
2717 0 -31143.62280731 0
2718 1 25833.87788935 1
2719 0 -17901.72385770 0
2720 1 24926.87366565 1
2721 0 -24223.95361766 0
2722 1 29234.28623967 1
2723 0 -15653.86018166 0
2724 0 -29326.58274878 0
2725 0 -26391.94857560 0
2726 1 29656.41819621 1
2727 1 26147.02845066 1
2728 1 36164.25117974 1
2729 0 -18315.30773790 0
2730 0 -20427.98994651 0
2731 0 -23383.20673748 0
2732 1 23935.11828910 1
2733 0 -30281.41506955 0
2734 1 30257.38955725 1
2735 0 -33323.93482157 0
2736 0 -22824.49073789 0
2737 1 23443.35649233 1
2738 1 24083.06543458 1
2739 1 16393.93130657 1
2740 1 12786.24563160 1
2741 0 -8922.63756489 0
2742 0 -13633.50589770 0
2743 1 31903.57870962 1
2744 0 -23393.75832319 0
2745 0 -11979.24746996 0
2746 0 -33472.81382835 0
2747 1 32766.16841226 1
2748 1 11848.51384458 1
2749 1 27538.93957001 1
2750 1 38095.23499900 1
2751 0 -25379.74814218 0
2752 1 25019.72251368 1
2753 1 12586.40172628 1
2754 0 -16110.51996290 0
2755 0 -28177.71755622 0
2756 1 23302.34417430 1
2757 1 21373.20328389 1
2758 1 26240.99453913 1
2759 1 25569.12330198 1
2760 0 -19431.01488832 0
2761 1 30430.33423412 1
2762 1 21425.57437832 1
2763 0 -17146.27550506 0
2764 0 -17058.93442054 0
2765 0 -24368.55275443 0
2766 0 -33576.80619251 0
2767 0 -27639.90762931 0
2768 0 -25049.04752526 0
2769 0 -8894.86137363 0
2770 1 26002.57612357 1
2771 0 -13891.51388245 0
2772 1 36233.90967980 1
2773 0 -19139.76726850 0
2774 1 34722.46080854 1
2775 0 -19056.78278837 0
2776 1 12025.59184228 1
2777 1 27369.74147558 1
2778 0 -23514.05484898 0
2779 1 28485.16036689 1
2780 0 -33601.22394387 0
2781 1 25148.44495777 1
2782 0 -34131.70980981 0
2783 0 -15082.37409979 0
2784 0 -24187.45429282 0
2785 1 23428.81116106 1
2786 1 32305.66239567 1
2787 0 -32845.18591654 0
2788 1 17080.76998156 1
2789 1 29341.71609347 1
2790 0 -17561.45856248 0
2791 0 -27432.18100922 0
2792 1 27518.57129307 1
2793 1 32795.39342611 1
2794 0 -26389.50879641 0
2795 1 28849.56354787 1
2796 0 -19852.73658807 0
2797 0 -30339.47572925 0
2798 1 28944.52013422 1
2799 0 -16006.65814755 0
2800 0 -13349.48520700 0
2801 0 -15382.95839790 0
2802 0 -29688.52755056 0
2803 1 25414.92009678 1
2804 0 -22220.20204758 0
2805 0 -15969.03353331 0
2806 0 -19458.87630959 0
2807 0 -13031.58113984 0
2808 0 -13965.04573788 0
2809 1 23811.50791225 1
2810 0 -34569.57759617 0
2811 0 -23620.15360226 0
2812 0 -27884.14545793 0
2813 0 -21261.86771646 0
2814 1 22269.88878022 1
2815 0 -27476.39323430 0
2816 1 30251.16012659 1
2817 0 -16426.97592518 0
2818 1 16900.87297639 1
2819 1 25884.58761576 1
2820 1 15834.79136142 1
2821 0 -33575.77924152 0
2822 0 -23622.29341375 0
2823 0 -31837.88970930 0
2824 1 18246.52026723 1
2825 0 -28613.01756625 0
2826 0 -23879.48065808 0
2827 1 17623.57687844 1
2828 1 33918.44786923 1
2829 0 -4838.62823095 0
2830 1 32852.68379226 1
2831 0 -23212.77449385 0
2832 0 -15169.13415567 0
2833 1 32087.13974419 1
2834 0 -29368.88479831 0
2835 1 19551.94746024 1
2836 0 -27835.89103155 0
2837 0 -16071.73813314 0
2838 0 -24503.09013070 0
2839 1 30438.49399670 1
2840 1 23747.14497518 1
2841 1 26971.08949102 1
2842 0 -31763.59551266 0
2843 0 -23170.11813330 0
2844 0 -33787.16561024 0
2845 1 29813.83568504 1
2846 1 28089.41906112 1
2847 1 27686.18982159 1
2848 1 30394.58811061 1
2849 0 -30563.26687618 0
2850 0 -22187.34460341 0
2851 1 37016.35432756 1
2852 0 -25883.60691491 0
2853 1 36675.52701848 1
2854 1 33350.16394174 1
2855 1 34619.13197554 1
2856 0 -30305.48928870 0
2857 0 -18294.17888519 0
2858 0 -29643.38879760 0
2859 1 17529.05449637 1
2860 1 14633.45239885 1
2861 1 28521.97872549 1
2862 0 -24286.56051877 0
2863 1 27193.06322147 1
2864 0 -21276.61248089 0
2865 0 -24886.57299928 0
2866 1 19029.31367905 1
2867 0 -3589.71598288 0
2868 1 11540.67350289 1
2869 1 28571.10135475 1
2870 0 -16624.84858210 0
2871 0 -26737.29894390 0
2872 0 -30553.44175793 0
2873 0 -28515.94724192 0
2874 0 -14127.91739671 0
2875 0 -24814.11831474 0
2876 0 -30010.89173350 0
2877 1 30080.26448115 1
2878 1 9183.80590233 1
2879 1 24663.31819050 1
2880 1 33259.86192913 1
2881 1 20687.37715114 1
2882 0 -23587.40158784 0
2883 0 -34695.61061674 0
2884 1 26838.75164625 1
2885 1 37053.51233602 1
2886 1 33399.97502243 1
2887 1 21586.23634110 1
2888 0 -22466.13623864 0
2889 0 -17632.84002160 0
2890 0 -36722.01474217 0
2891 0 -32625.55616087 0
2892 1 9329.65659371 1
2893 0 -12951.61525113 0
2894 1 8957.15570874 1
2895 1 19502.28592735 1
2896 0 -33485.48798935 0
2897 0 -23560.61841561 0
2898 0 -29560.97953732 0
2899 0 -26187.19374509 0
2900 0 -33031.32867684 0
2901 0 -35824.15687073 0
2902 1 29100.38599775 1
2903 1 21157.95126960 1
2904 1 35522.20064750 1
2905 1 28713.78804556 1
2906 1 29667.00489629 1
2907 1 29027.27992366 1
2908 1 32530.14863932 1
2909 0 -25902.74657224 0
2910 0 -35961.28142288 0
2911 0 -25296.75154842 0
2912 0 -14462.97708882 0
2913 0 -34977.07928856 0
2914 0 -25809.81990997 0
2915 0 -35887.36201144 0
2916 0 -32560.33567594 0
2917 0 -35641.36933333 0
2918 1 25810.50189216 1
2919 1 27333.47341957 1
2920 0 -17451.58132665 0
2921 0 -31902.83135109 0
2922 1 26138.14895015 1
2923 0 -22515.46457154 0
2924 1 28581.06301832 1
2925 1 33220.41680951 1
2926 1 22541.45158648 1
2927 1 13240.05085073 1
2928 0 -21435.76748828 0
2929 1 34096.81667447 1
2930 1 14041.59976352 1
2931 0 -25346.20258225 0
2932 0 -25699.67281528 0
2933 1 24272.13963440 1
2934 0 -29210.25065980 0
2935 1 27949.80364481 1
2936 0 -6838.04555085 0
2937 0 -34910.62977739 0
2938 0 -24424.97231677 0
2939 0 -11334.36017381 0
2940 1 28520.51468350 1
2941 0 2817.03447558 1
2942 1 27930.28089739 1
2943 0 -17475.54215671 0
2944 1 22838.33528002 1
2945 1 24358.15586897 1
2946 0 -31929.55056001 0
2947 0 -31494.28082071 0
2948 1 14831.25096168 1
2949 1 22039.80752520 1
2950 1 27823.34757544 1
2951 1 25700.61865989 1
2952 0 -21389.11034814 0
2953 0 -23266.30240792 0
2954 1 15912.41661732 1
2955 0 -17523.44761139 0
2956 0 -19548.12077473 0
2957 0 -20101.32200865 0
2958 1 32376.94282009 1
2959 1 29306.94788787 1
2960 0 -26095.23027783 0
2961 0 -26704.76508211 0
2962 0 -8788.11785553 0
2963 1 25574.53789996 1
2964 0 -22858.18799621 0
2965 0 -32247.57107534 0
2966 0 -23031.72358808 0
2967 1 32649.43248745 1
2968 0 -21082.67076743 0
2969 1 19279.03048885 1
2970 1 26716.25661871 1
2971 1 16708.51949034 1
2972 1 32525.77957199 1
2973 1 29452.47899348 1
2974 1 30303.53122780 1
2975 0 -17071.87596741 0
2976 1 19876.09219354 1
2977 0 -22447.71725284 0
2978 0 -29941.76119486 0
2979 0 -26234.36260789 0
2980 1 18649.77722264 1
2981 1 28550.35332811 1
2982 0 -28655.69924657 0
2983 1 20595.49385099 1
2984 1 32122.91180736 1
2985 0 -30785.57772975 0
2986 0 -27946.68731186 0
2987 1 13717.41327463 1
2988 0 -20383.63926149 0
2989 0 -31225.09547073 0
2990 0 -18823.19541511 0
2991 1 25664.79303023 1
2992 1 35136.34570777 1
2993 0 -25932.56619958 0
2994 1 36672.42148433 1
2995 0 -17054.20955853 0
2996 1 19770.26743806 1
2997 1 21320.91213439 1
2998 1 25449.21687581 1
2999 0 -28813.76021426 0
3000 1 26246.14723128 1
3001 0 -7160.52313778 0
3002 1 33362.89901825 1
3003 1 33880.97964141 1
3004 1 27861.16601446 1
3005 1 16418.24547669 1
3006 0 -32762.17110511 0
3007 1 32965.30220680 1
3008 0 -28606.77533157 0
3009 1 29599.21468591 1
3010 0 -44781.53390041 0
3011 0 -20506.74205480 0
3012 0 -21517.00618605 0
3013 1 26719.22224629 1
3014 1 19625.21204418 1
3015 0 -29288.13719092 0
3016 1 17278.81371459 1
3017 0 -34089.58091005 0
3018 0 -32199.97801965 0
3019 1 23092.39684686 1
3020 0 -26631.58539151 0
3021 1 24768.35031022 1
3022 1 13520.20591901 1
3023 0 -23085.85372506 0
3024 1 19819.61962886 1
3025 0 -26698.87873473 0
3026 0 -28547.41642719 0
3027 1 31674.63388509 1
3028 0 -30003.22657317 0
3029 0 -23830.51466461 0
3030 0 -28667.19961247 0
3031 0 -29498.35207012 0
3032 0 -27074.38980812 0
3033 1 28091.03532031 1
3034 1 30414.30494555 1
3035 0 -22825.02764699 0
3036 1 17138.17254197 1
3037 1 15836.15279614 1
3038 0 -33417.06778222 0
3039 1 -10756.43580452 0
3040 1 13580.71572562 1
3041 0 -24912.96613405 0
3042 1 22594.97933029 1
3043 0 -17282.70138607 0
3044 0 -25748.18707753 0
3045 0 -33537.53092953 0
3046 0 -20590.82943211 0
3047 0 -17950.02568354 0
3048 1 23142.39359651 1
3049 0 -31725.19084880 0
3050 0 -22054.89234365 0
3051 1 32352.92232040 1
3052 1 32009.58502492 1
3053 0 -35180.08411530 0
3054 1 25779.85380981 1
3055 0 -34845.61321323 0
3056 0 -12986.23924285 0
3057 1 28325.19342393 1
3058 1 10341.52967447 1
3059 0 -19695.16586168 0
3060 1 19134.21755911 1
3061 1 26826.02228905 1
3062 0 -17154.55669308 0
3063 0 -28211.37108338 0
3064 1 27587.88008550 1
3065 1 14403.69303588 1
3066 0 -16724.40216895 0
3067 0 -21333.20883474 0
3068 0 -33182.22206320 0
3069 0 -23425.91794973 0
3070 1 22095.58078844 1
3071 0 -31953.24600473 0
3072 1 25218.98860873 1
3073 0 -35455.35343607 0
3074 0 -25705.96979681 0
3075 0 -36980.97344124 0
3076 1 35692.73235339 1
3077 0 -29216.53009730 0
3078 1 18763.94354372 1
3079 0 -33038.16850825 0
3080 1 29746.52559302 1
3081 1 34720.73965971 1
3082 0 -18602.24070692 0
3083 0 -38328.81140551 0
3084 0 -22082.90753323 0
3085 1 33167.22085989 1
3086 0 -27246.87771747 0
3087 1 25890.65214544 1
3088 0 -16427.96587978 0
3089 1 22831.76030837 1
3090 0 -27862.28190951 0
3091 0 -26742.04589027 0
3092 0 -21050.95737256 0
3093 0 -32745.82903408 0
3094 1 14795.63822734 1
3095 0 -17167.64230877 0
3096 1 34270.57467437 1
3097 0 -23741.92947365 0
3098 0 7528.67345047 1
3099 0 -26811.40785236 0
3100 1 32515.43253750 1
3101 0 -27824.38368185 0
3102 1 30635.26687053 1
3103 0 -25987.31181276 0
3104 0 -23634.98889289 0
3105 1 26372.62600299 1
3106 1 27044.60272305 1
3107 1 28492.77142579 1
3108 0 -24748.77535233 0
3109 1 29111.64367811 1
3110 1 17978.37515942 1
3111 0 -27340.86412976 0
3112 1 24960.19381027 1
3113 1 37215.32079162 1
3114 1 24820.50016349 1
3115 1 30069.42598748 1
3116 0 -7048.22771625 0
3117 1 25548.93673149 1
3118 1 31261.30888604 1
3119 1 27498.30517672 1
3120 1 16185.01577011 1
3121 0 -24818.95854032 0
3122 0 -33008.41137815 0
3123 0 -21614.03572258 0
3124 1 29728.74416891 1
3125 1 28025.35514893 1
3126 0 -12880.34809978 0
3127 0 -22467.75398520 0
3128 0 -23028.70844649 0
3129 0 -31568.36000972 0
3130 0 -10739.48499935 0
3131 1 26692.23579559 1
3132 1 33382.56344178 1
3133 1 29275.98047452 1
3134 0 -30870.58813801 0
3135 1 22397.17407446 1
3136 0 -37134.41506549 0
3137 0 -24724.01128807 0
3138 1 29686.21056855 1
3139 1 31896.57004446 1
3140 1 30599.69292175 1
3141 1 21944.00451730 1
3142 0 -17392.25149830 0
3143 1 38340.53168189 1
3144 1 16501.49297757 1
3145 0 -30989.27073248 0
3146 1 25656.37536570 1
3147 1 31761.07094303 1
3148 0 -27032.48309157 0
3149 1 22999.30650094 1
3150 0 -24994.63691078 0
3151 0 -16830.36024776 0
3152 0 -19431.75898985 0
3153 1 14709.68828261 1
3154 0 -23226.44712782 0
3155 0 -33748.82347839 0
3156 1 28856.14661685 1
3157 1 16713.41505918 1
3158 1 28823.78756638 1
3159 1 30312.59462006 1
3160 1 23857.92912989 1
3161 1 25672.15996781 1
3162 0 -23738.23227336 0
3163 0 -15166.92210347 0
3164 1 38179.90505291 1
3165 1 29746.38573683 1
3166 0 -19359.44906883 0
3167 1 29729.37390168 1
3168 0 -34316.17975879 0
3169 1 32989.64227491 1
3170 1 28465.72644505 1
3171 1 18190.85779594 1
3172 0 -22990.64001417 0
3173 1 25169.94965447 1
3174 1 28705.79828075 1
3175 0 -25078.44061117 0
3176 0 -23919.92412686 0
3177 0 -37638.07470379 0
3178 1 34177.90997176 1
3179 1 27369.42056638 1
3180 0 -21875.74323094 0
3181 0 -26264.44407109 0
3182 1 27207.75120745 1
3183 0 -16862.84755085 0
3184 0 -34088.14593795 0
3185 1 32517.97274963 1
3186 0 -14496.43131636 0
3187 0 -20149.51749043 0
3188 1 22573.04254992 1
3189 1 29783.57689620 1
3190 1 20747.86514768 1
3191 0 -15724.23759213 0
3192 1 36185.11956253 1
3193 1 24848.84665354 1
3194 1 26208.14977054 1
3195 1 30884.12042504 1
3196 0 -14942.90519512 0
3197 0 -24238.63145615 0
3198 1 17570.78865714 1
3199 1 6416.45705554 1
