3200 11 111 240
0 1 1 -11 -16 -3
1 1 0 -10 -16 13
2 1 1 -16 15 15
3 1 0 -12 11 15
4 0 0 10 -4 3
5 1 1 -1 -9 0
6 0 0 5 13 0
7 0 1 15 5 13
8 0 1 4 -5 8
9 0 1 15 -8 11
10 1 1 -7 11 -9
11 0 1 13 15 13
12 1 1 -9 -16 -6
13 1 1 -16 2 -1
14 0 1 4 -16 15
15 1 0 -13 14 -13
16 1 0 -8 -6 -16
17 0 1 12 15 4
18 0 0 15 -16 15
19 0 1 15 15 -16
20 0 0 15 12 12
21 0 0 9 -9 -10
22 0 1 14 -16 -14
23 0 1 8 -16 1
24 1 0 -12 -11 15
25 1 0 -16 7 7
26 0 0 1 -14 0
27 0 0 13 -16 -16
28 1 0 5 14 -9
29 0 1 12 15 -8
30 1 0 -16 -13 0
31 0 1 6 15 15
32 1 1 -16 11 -16
33 1 1 -16 -7 -7
34 1 0 -16 11 -14
35 0 0 14 7 -14
36 1 1 -14 -1 -10
37 1 1 -14 -11 12
38 0 1 8 -16 9
39 1 1 -16 15 2
40 0 1 8 15 -16
41 1 1 -1 -6 11
42 1 1 -12 -8 2
43 0 1 12 -16 -6
44 0 0 9 -16 -9
45 0 1 -3 8 15
46 1 0 -16 15 15
47 0 0 10 14 15
48 0 0 15 -11 12
49 0 1 4 -7 -6
50 0 1 15 -16 -16
51 0 0 9 9 -3
52 0 0 12 3 -3
53 0 0 15 -3 11
54 0 0 15 -2 -16
55 0 0 14 -16 12
56 1 1 3 15 -1
57 1 1 -7 10 12
58 0 1 12 -16 -16
59 1 1 -7 -13 -10
60 1 1 -14 -9 5
61 1 0 -8 -4 -5
62 1 1 -16 -5 12
63 0 1 6 15 15
64 1 0 -7 -16 -10
65 1 1 -8 0 -16
66 0 0 1 3 15
67 1 1 -15 -13 -16
68 1 0 -13 -16 -5
69 1 1 -15 -2 -15
70 0 0 9 -15 -8
71 0 0 14 -13 -9
72 0 0 15 -14 4
73 0 0 12 15 -5
74 1 0 -12 10 14
75 0 1 4 10 -11
76 0 0 6 5 -14
77 0 1 0 -16 -15
78 0 0 15 -14 -10
79 1 1 -15 -13 15
80 0 0 10 -16 9
81 1 1 -15 15 -9
82 0 0 8 15 3
83 0 0 4 15 -8
84 0 1 14 15 -4
85 0 0 15 13 6
86 0 1 11 13 -8
87 0 1 15 14 15
88 1 1 -13 -12 -1
89 1 1 -12 -3 -12
90 0 1 10 -13 15
91 1 1 -12 15 12
92 1 1 -16 -3 15
93 1 1 -14 -16 -14
94 1 0 -16 14 -13
95 1 1 -16 15 -11
96 0 0 13 -16 -7
97 1 0 -8 -8 -16
98 0 0 0 3 11
99 1 1 -3 -2 14
100 1 1 -14 9 -13
101 1 0 -8 -13 -10
102 0 0 15 7 11
103 0 1 12 -6 4
104 0 0 11 3 14
105 0 0 7 9 -5
106 1 1 -15 15 15
107 0 1 9 -16 2
108 0 1 10 15 15
109 1 0 -4 0 3
110 0 0 15 -13 -15
111 0 1 11 15 5
112 1 0 -9 15 -5
113 0 0 9 11 -11
114 1 0 8 1 -7
115 0 1 15 -16 -6
116 0 0 4 15 -4
117 0 1 15 13 -1
118 0 0 7 -16 15
119 0 0 13 -16 10
120 1 1 -12 13 -16
121 0 0 15 -4 8
122 1 0 -12 6 1
123 1 0 -7 1 15
124 1 0 -14 12 15
125 1 1 6 7 15
126 0 1 6 -15 2
127 0 1 15 15 -4
128 0 0 13 11 -16
129 1 1 -16 15 -14
130 1 1 -6 13 12
131 0 1 15 13 10
132 0 1 3 -14 15
133 1 0 -16 14 1
134 0 0 15 -16 -11
135 1 1 -14 15 13
136 0 0 15 -16 -16
137 0 1 10 -14 15
138 0 0 10 -9 -10
139 1 1 -14 -16 7
140 0 0 5 -5 -13
141 1 1 -11 14 15
142 1 1 -16 -13 14
143 0 1 5 9 5
144 0 1 4 -9 -12
145 0 1 10 15 14
146 1 1 -10 -16 -5
147 0 1 8 1 -15
148 0 1 7 9 15
149 0 0 3 -16 -10
150 1 1 -12 -16 6
151 1 1 -10 -12 11
152 1 1 -5 -16 2
153 1 1 -7 0 -9
154 1 0 -10 0 -1
155 1 0 -16 -16 15
156 1 0 -10 -2 -10
157 1 0 -7 -7 8
158 0 0 13 15 0
159 1 1 -16 -7 10
160 1 1 -5 -7 -2
161 1 1 -16 -11 -12
162 0 1 -7 8 10
163 1 0 -13 13 7
164 1 0 -16 -4 1
165 0 1 1 -15 -12
166 0 0 15 13 15
167 1 1 -16 1 15
168 0 0 0 15 10
169 0 0 15 -8 -12
170 1 1 -15 6 14
171 0 0 9 -2 -12
172 0 1 14 -16 15
173 1 0 -13 11 -8
174 0 1 8 15 10
175 0 0 15 10 -16
176 1 1 -16 -14 1
177 0 0 11 9 -13
178 1 0 -13 6 -10
179 0 1 15 4 10
180 1 0 -8 15 4
181 1 0 -14 3 12
182 1 1 -1 -3 -12
183 0 0 15 -13 12
184 1 1 -2 -16 12
185 0 0 2 -7 15
186 0 1 9 -16 11
187 1 1 -16 -8 13
188 0 0 15 -4 4
189 1 0 -10 15 -2
190 1 0 0 -15 -8
191 1 1 -16 -6 3
192 0 0 15 -16 6
193 1 1 -15 5 -5
194 1 0 -3 -6 9
195 0 0 13 5 -12
196 1 1 -16 8 -16
197 0 0 15 15 0
198 1 1 -7 11 -8
199 0 0 5 -5 -16
200 0 0 4 0 5
201 1 1 -7 -12 11
202 1 0 -10 1 15
203 0 0 15 10 -13
204 0 0 5 5 -4
205 1 0 -16 -6 5
206 1 0 -11 3 15
207 0 1 15 -10 15
208 0 0 15 -8 15
209 0 1 12 13 0
210 1 0 -16 12 -12
211 0 1 6 12 -16
212 0 1 12 -16 -13
213 0 0 15 -9 15
214 1 1 -8 13 -10
215 1 1 -11 -16 14
216 0 1 14 15 0
217 0 0 5 -11 8
218 0 1 0 15 12
219 0 1 12 14 -16
220 0 1 15 -10 15
221 1 0 -16 8 15
222 1 1 -9 12 -3
223 1 1 -6 15 -14
224 0 1 15 7 5
225 0 1 15 2 6
226 1 1 -16 15 6
227 0 0 15 -7 15
228 1 0 -10 11 -16
229 0 1 14 -14 15
230 0 0 11 -16 1
231 0 0 8 -15 -16
232 1 0 -2 0 -4
233 0 1 3 -10 -3
234 0 0 -3 -13 -9
235 0 0 15 1 -16
236 0 0 15 -3 15
237 1 1 -7 -8 14
238 1 1 -16 -16 -5
239 0 1 10 4 14
240 1 1 -12 -12 -2
241 0 0 -2 -8 4
242 1 1 -16 -4 15
243 1 1 -16 8 -10
244 1 1 -8 15 9
245 0 0 12 -14 15
246 1 0 -16 -16 15
247 1 0 -9 1 4
248 1 1 -13 -16 -11
249 0 1 9 15 -12
250 0 1 8 15 15
251 0 1 9 5 15
252 1 1 -15 15 5
253 1 0 -3 11 15
254 1 0 -5 7 -14
255 0 1 11 15 15
256 0 0 7 -12 -16
257 1 0 -16 7 -14
258 0 0 6 -12 -7
259 1 1 -5 15 -15
260 1 1 -3 6 8
261 0 1 15 -15 14
262 1 1 -3 -12 14
263 0 1 11 3 -10
264 0 1 10 7 15
265 0 1 10 -16 -10
266 0 0 15 -7 9
267 0 1 15 -11 15
268 1 1 -6 -7 -12
269 1 0 -11 12 -16
270 0 0 14 -7 5
271 1 0 -12 11 -7
272 0 0 14 -8 12
273 1 0 -13 14 12
274 1 1 4 15 15
275 0 1 6 -11 15
276 0 1 11 5 -14
277 0 1 12 7 15
278 0 0 13 -16 15
279 1 1 -16 5 -9
280 0 0 10 -6 5
281 0 1 15 -13 15
282 1 1 -16 15 -13
283 0 0 15 13 -2
284 0 1 15 5 -10
285 0 1 15 15 9
286 1 1 -16 -9 8
287 1 0 -16 -6 -16
288 1 0 -8 8 15
289 0 1 7 -12 -9
290 0 0 12 -14 -16
291 0 0 2 0 15
292 0 1 15 15 15
293 0 1 1 -3 -10
294 0 0 15 9 -13
295 1 1 -9 -14 -7
296 1 1 -7 5 7
297 1 0 -4 -9 -13
298 0 0 8 15 -15
299 1 0 -16 15 -2
300 0 0 9 0 12
301 0 0 11 -8 -16
302 1 1 -4 8 0
303 0 0 12 -16 15
304 0 0 11 -10 3
305 1 0 -12 11 -13
306 0 0 11 6 -10
307 0 1 15 15 15
308 1 1 -4 -8 -13
309 1 0 -7 -5 13
310 1 0 -10 15 -14
311 1 1 -15 15 -11
312 0 1 4 -2 -8
313 0 1 11 13 -12
314 0 1 9 13 3
315 0 0 15 -6 8
316 0 1 15 -7 -3
317 1 0 -16 8 -9
318 0 1 15 15 -5
319 1 0 -7 -4 -9
320 0 0 15 15 -5
321 1 0 -14 15 8
322 0 0 15 11 -9
323 0 0 5 -11 11
324 1 0 -10 9 6
325 0 0 7 -10 -4
326 1 0 -10 9 -13
327 0 1 13 -9 3
328 1 1 -2 12 -15
329 0 1 15 -16 -8
330 0 1 -5 -11 15
331 1 0 -16 14 -6
332 1 1 -16 -14 15
333 1 0 -16 -4 -9
334 1 0 -16 15 -13
335 0 1 -6 -14 2
336 1 0 -16 9 2
337 0 1 15 -16 4
338 0 0 3 -8 12
339 0 0 9 -15 -11
340 1 0 -16 -14 3
341 0 0 14 -11 15
342 1 1 -5 9 15
343 0 1 15 14 11
344 0 0 10 15 -4
345 1 1 -16 -16 15
346 0 0 10 15 -16
347 0 1 15 -14 -6
348 1 1 -14 -15 -10
349 0 0 13 12 15
350 1 0 4 -15 12
351 0 1 7 -3 2
352 1 1 -7 -14 15
353 0 1 12 -16 -8
354 0 1 15 -8 6
355 0 1 7 14 -16
356 1 0 -16 15 13
357 1 1 -3 -7 5
358 0 1 4 -11 1
359 1 0 -2 -16 -14
360 1 0 -12 15 10
361 1 1 -16 4 8
362 1 1 -4 -3 -12
363 0 0 11 15 -16
364 1 1 -8 13 -2
365 1 1 -16 15 10
366 1 1 -16 -15 10
367 1 0 -16 15 2
368 0 1 15 4 -16
369 0 0 15 15 9
370 0 1 7 15 -10
371 0 1 14 7 8
372 1 0 -4 -16 15
373 0 1 6 10 -16
374 0 0 15 -9 15
375 1 0 -16 7 -9
376 1 0 -13 -16 15
377 1 0 -6 6 15
378 0 0 5 12 -13
379 1 1 -16 -11 12
380 0 0 6 -16 -7
381 1 0 -9 -16 -7
382 1 0 -3 6 -16
383 1 0 -16 -4 15
384 0 1 2 -2 15
385 0 0 7 15 10
386 0 1 11 3 -6
387 0 1 15 -8 8
388 0 0 11 -2 8
389 1 0 -16 7 -13
390 0 0 12 6 -16
391 0 1 11 15 12
392 1 0 -12 -9 6
393 1 0 -10 -11 9
394 1 0 -11 11 14
395 1 1 -10 15 -13
396 0 1 14 -16 -16
397 0 0 11 6 -14
398 1 0 -8 -12 -16
399 0 0 14 -13 13
400 0 1 15 10 4
401 0 0 15 -16 15
402 1 1 -10 -12 6
403 1 1 -12 -16 9
404 1 0 -6 -9 8
405 1 0 -9 -16 -13
406 0 0 12 15 -8
407 1 1 -16 -10 14
408 1 0 -5 8 5
409 0 1 15 15 -12
410 0 1 9 14 -16
411 1 0 -10 -9 -5
412 0 0 2 15 -4
413 0 1 12 -5 -10
414 0 1 -1 15 15
415 1 1 -7 -16 0
416 0 1 -5 -5 2
417 1 0 -16 1 6
418 0 0 12 -16 -16
419 1 0 -4 7 -16
420 0 1 15 15 8
421 0 0 14 13 15
422 0 1 14 15 7
423 0 1 14 15 -13
424 0 1 7 15 4
425 0 1 3 12 4
426 0 0 8 15 -14
427 1 0 -16 -14 9
428 1 1 -2 -13 -16
429 0 1 5 -12 6
430 1 0 -13 14 15
431 0 1 5 15 -5
432 0 0 15 14 13
433 1 1 -12 -16 11
434 1 1 -16 -12 1
435 1 0 -1 15 -8
436 0 0 15 -16 5
437 1 0 -9 14 -3
438 0 1 4 -6 -1
439 1 0 -13 2 15
440 0 1 14 -9 -15
441 0 1 4 -6 12
442 0 1 12 -3 -5
443 0 1 0 2 -12
444 0 0 13 -16 -5
445 1 1 -8 -6 6
446 1 1 -12 -1 -11
447 0 0 9 11 15
448 1 0 -16 -16 -11
449 0 1 15 -4 -7
450 1 1 -3 -11 -15
451 0 1 13 3 -10
452 0 1 15 -14 -9
453 1 0 -11 -14 15
454 0 0 8 -6 9
455 1 1 -13 7 3
456 1 1 -5 -11 10
457 0 1 15 11 -12
458 0 1 15 -10 6
459 1 0 -10 -16 8
460 0 0 7 12 14
461 0 0 10 6 15
462 0 0 1 -16 15
463 0 1 8 -3 -13
464 1 1 -13 11 -16
465 0 1 -3 2 9
466 1 0 -16 -13 -10
467 1 1 -10 -16 5
468 0 0 15 -5 -16
469 0 1 8 -8 15
470 0 1 10 8 -10
471 0 1 15 -9 8
472 1 0 -15 -10 -4
473 0 0 -1 8 -16
474 0 0 6 10 -10
475 0 0 1 -11 -7
476 1 1 -8 1 -16
477 0 1 15 -16 6
478 0 1 15 -9 13
479 0 0 13 -16 -9
480 0 1 10 15 -8
481 1 0 -14 8 1
482 1 1 -16 -12 -15
483 1 0 -16 13 -6
484 1 1 -12 -10 -12
485 1 0 -16 -10 -7
486 1 0 -2 14 -11
487 1 1 0 5 -3
488 1 1 -16 -4 15
489 0 0 15 15 -4
490 0 0 15 -16 -16
491 0 0 4 -13 -7
492 1 1 -16 15 -12
493 0 0 9 5 -12
494 1 1 -16 -9 15
495 0 0 15 15 14
496 1 1 -15 -4 -6
497 0 1 9 11 -15
498 1 1 -11 10 15
499 1 1 -10 15 13
500 0 1 7 6 15
501 1 1 -6 15 -16
502 1 0 -16 8 -16
503 1 1 -15 5 -16
504 1 1 -3 12 15
505 0 1 11 7 7
506 1 0 -14 -12 -10
507 1 0 -13 -7 0
508 0 1 15 -9 -9
509 1 0 -16 8 -15
510 0 0 4 13 14
511 1 0 -16 -11 -2
512 1 0 -16 -16 12
513 1 0 -11 3 -1
514 1 0 -10 9 0
515 0 1 1 -15 13
516 1 0 -16 -7 -15
517 1 1 -12 -12 0
518 0 0 15 15 -16
519 1 0 -16 -4 -16
520 1 1 -2 1 6
521 0 0 14 11 15
522 1 1 1 -16 -14
523 0 0 9 15 15
524 0 1 15 -16 15
525 1 0 -9 -16 15
526 1 1 -16 -8 -1
527 1 1 -16 -16 15
528 1 0 -9 0 15
529 1 0 -16 -13 -11
530 0 1 13 15 11
531 0 1 15 11 7
532 0 0 15 -13 -12
533 1 0 -2 11 -4
534 0 1 14 -15 -3
535 0 0 15 -16 -10
536 1 1 -16 10 -9
537 0 1 4 7 15
538 1 1 -13 -9 15
539 1 0 -14 -12 -6
540 1 1 -16 10 -1
541 0 0 15 -11 13
542 1 0 -9 8 -8
543 1 1 -4 8 13
544 0 0 10 -14 -10
545 1 1 -11 -16 -10
546 1 1 -16 -14 -13
547 1 0 -2 -15 14
548 0 0 11 15 -2
549 1 1 -16 -5 7
550 1 1 5 8 9
551 1 0 -16 -2 14
552 0 1 15 7 8
553 0 0 15 -7 -16
554 1 1 -7 -16 0
555 0 1 10 10 -11
556 0 1 15 -1 -16
557 1 1 -16 15 -12
558 0 1 15 -15 -8
559 1 1 -14 -8 -10
560 0 1 4 13 -13
561 0 1 7 15 -16
562 0 1 15 -16 -16
563 0 1 -6 -16 -7
564 1 0 -5 15 15
565 1 1 -8 -16 -5
566 0 1 10 7 7
567 1 0 -16 11 15
568 1 1 -15 -6 -16
569 0 1 7 -6 -6
570 0 1 14 7 10
571 1 1 -4 13 3
572 1 1 -8 -2 5
573 0 1 8 -6 -15
574 1 0 -2 -8 -4
575 0 0 7 -5 15
576 1 1 -7 -4 14
577 0 0 13 14 14
578 0 0 15 13 -3
579 0 1 11 6 7
580 0 0 10 15 -7
581 0 1 15 14 12
582 1 1 -16 -14 1
583 1 1 -8 -16 13
584 1 1 -11 7 -16
585 1 0 -10 15 -1
586 1 0 -12 6 15
587 0 0 9 10 -9
588 0 0 14 -7 13
589 1 1 -10 10 -10
590 0 1 15 3 10
591 1 0 -9 13 9
592 1 0 -3 15 13
593 0 1 15 -16 -6
594 1 1 -6 -16 -16
595 0 1 12 3 -1
596 1 1 -8 -14 15
597 1 0 -8 15 -15
598 1 0 -16 -2 0
599 0 1 15 3 -11
600 0 0 15 -4 -16
601 0 1 5 9 -15
602 0 1 12 14 9
603 0 1 7 -14 15
604 0 1 15 -16 8
605 1 1 -6 4 -16
606 1 1 4 -9 15
607 1 0 -4 -16 6
608 1 1 -9 5 -5
609 1 1 0 2 -3
610 0 0 0 -16 -16
611 0 0 15 15 9
612 1 1 -8 1 -15
613 1 1 -16 15 11
614 1 1 -14 -10 10
615 0 0 15 15 -16
616 0 1 9 -5 -15
617 1 1 -8 -10 -4
618 1 1 -16 -16 -6
619 1 0 -16 -9 15
620 0 1 15 14 -3
621 0 0 14 2 -16
622 0 1 9 -11 -11
623 1 0 -16 8 -14
624 1 1 -5 4 13
625 1 0 -9 14 14
626 0 0 8 11 7
627 0 1 15 -2 -16
628 0 1 15 -13 -15
629 0 1 2 -16 9
630 1 0 -6 0 0
631 0 1 15 -16 11
632 0 0 6 -11 -9
633 1 0 -16 -11 -6
634 0 1 4 -8 15
635 0 0 15 -16 9
636 0 1 5 15 -1
637 0 1 10 -16 -16
638 0 1 12 10 11
639 1 1 -14 -9 6
640 0 0 15 -15 -16
641 0 0 15 15 9
642 0 1 -1 -5 -16
643 0 0 15 15 -16
644 1 1 -4 -6 -16
645 0 0 15 -16 -3
646 1 0 -9 -16 -12
647 0 1 15 -3 -4
648 1 0 -3 15 -10
649 0 1 6 15 12
650 1 1 -12 -8 -6
651 1 0 -10 -10 15
652 1 0 -14 7 -3
653 1 0 -16 12 7
654 1 0 -13 15 2
655 1 1 7 -16 15
656 1 1 -12 2 9
657 0 1 15 8 -16
658 0 1 15 15 6
659 0 1 3 5 -16
660 0 0 12 15 9
661 0 0 15 14 0
662 0 0 15 15 15
663 0 1 11 15 -16
664 1 1 -4 -2 8
665 0 1 10 9 2
666 1 1 -2 13 -11
667 0 0 14 10 -8
668 0 1 15 -16 15
669 0 0 13 1 -3
670 0 0 15 -16 3
671 0 1 15 15 -15
672 1 1 -14 15 -16
673 1 0 -11 -16 -16
674 0 1 12 -5 12
675 1 1 -8 -15 -9
676 0 0 15 -10 15
677 0 1 13 -16 15
678 0 0 15 9 7
679 1 1 -13 10 14
680 0 0 13 7 -3
681 1 0 -3 15 15
682 1 1 -11 11 -12
683 1 1 -16 -16 15
684 0 1 15 -16 -14
685 0 1 8 15 2
686 0 0 15 -6 -1
687 0 1 14 11 12
688 1 0 -15 -9 2
689 0 0 7 -14 15
690 0 1 15 10 -13
691 1 1 -15 0 -16
692 1 1 -6 -9 1
693 1 1 -16 14 11
694 1 0 -15 1 -16
695 1 0 0 -4 13
696 1 0 -14 11 15
697 0 0 2 -16 -16
698 0 1 12 -8 11
699 1 0 -12 15 -3
700 1 0 -1 -9 -2
701 1 1 -8 -15 15
702 1 0 -16 13 3
703 0 1 13 -14 -12
704 1 0 -15 10 15
705 1 0 -6 13 -5
706 0 1 15 -9 -7
707 1 0 -11 -9 15
708 0 1 15 13 -16
709 1 1 -16 -16 13
710 0 0 5 1 5
711 0 0 7 11 15
712 0 0 2 3 0
713 0 0 11 10 7
714 1 0 -8 -16 8
715 1 1 -15 13 -3
716 0 0 15 9 15
717 1 0 -14 -9 -14
718 1 0 -5 -16 11
719 0 0 15 -11 9
720 1 0 -6 12 -10
721 0 1 5 15 15
722 1 1 -2 -3 12
723 0 1 13 15 12
724 0 0 15 0 15
725 1 0 -10 -13 -15
726 1 1 -8 -12 5
727 0 0 7 10 -5
728 0 0 13 -3 -14
729 0 1 8 -3 15
730 1 1 -13 15 -13
731 1 0 0 -1 10
732 1 1 -13 13 8
733 1 0 -13 -16 6
734 1 1 -12 11 14
735 0 1 -1 8 -1
736 0 1 9 2 -11
737 0 0 15 11 -10
738 0 1 5 7 -11
739 0 0 11 9 -10
740 1 0 -6 -16 -16
741 1 0 -9 1 13
742 0 1 15 -12 6
743 0 0 12 1 2
744 1 1 -16 -16 9
745 1 1 -16 4 15
746 0 0 12 -6 14
747 0 1 9 -7 12
748 0 0 15 -13 -13
749 0 0 12 6 6
750 1 0 -16 15 13
751 0 0 15 9 -14
752 0 0 5 -16 -11
753 0 1 15 3 15
754 0 0 15 -5 4
755 1 1 -3 -8 -14
756 1 0 -13 9 14
757 1 0 -12 14 -4
758 1 0 -5 15 3
759 0 0 15 13 15
760 0 1 7 -16 8
761 0 1 13 -10 7
762 1 0 -6 15 15
763 1 1 -11 -8 8
764 1 0 -14 -14 -8
765 1 0 -16 15 14
766 1 0 -15 6 11
767 0 1 8 -9 11
768 0 1 9 13 15
769 1 1 -13 -5 -3
770 1 0 -10 15 -3
771 1 1 -16 -10 -8
772 0 1 6 11 10
773 1 1 -5 7 5
774 0 1 9 11 11
775 1 0 -15 11 11
776 0 1 5 -9 12
777 0 0 15 9 -16
778 1 0 -9 -5 14
779 0 1 7 -15 -9
780 0 1 -4 -3 0
781 0 0 13 -4 15
782 1 0 -16 -10 -2
783 1 0 -13 -9 15
784 0 0 9 10 15
785 0 0 15 15 15
786 0 0 12 -16 10
787 1 1 1 9 -12
788 1 1 -10 12 -15
789 1 1 -15 14 1
790 1 0 -15 -3 -1
791 1 1 -13 7 8
792 1 1 -14 -10 1
793 1 1 -16 -11 15
794 1 0 -6 14 13
795 0 0 -7 -6 -16
796 1 0 -6 15 -5
797 0 1 3 -12 8
798 0 0 11 -14 13
799 1 1 -16 15 -16
800 0 1 13 0 -13
801 1 1 -11 -16 11
802 0 1 15 15 12
803 1 1 -9 12 4
804 0 0 15 12 6
805 0 0 14 -16 -12
806 0 1 7 -16 15
807 1 0 -10 8 -16
808 1 1 -16 -10 15
809 0 1 9 12 15
810 0 0 10 -16 -9
811 0 0 4 10 15
812 0 0 -4 15 15
813 0 1 15 -2 9
814 1 1 -13 15 14
815 1 0 -13 13 14
816 0 0 11 -16 -16
817 0 0 12 15 -6
818 1 0 -16 -12 -16
819 1 1 -15 15 -16
820 0 0 15 5 -8
821 1 1 -10 -6 6
822 1 1 -16 -6 -6
823 0 0 11 -7 9
824 0 1 15 -12 0
825 0 0 15 4 5
826 1 0 -1 15 -12
827 0 1 15 4 9
828 0 0 -5 -10 -16
829 0 0 1 -16 -10
830 1 0 -7 11 -10
831 1 1 -16 0 -16
832 0 1 13 -1 15
833 0 1 10 -11 15
834 1 1 -11 -16 15
835 1 1 1 -1 -8
836 1 0 -11 0 -16
837 0 1 11 15 -13
838 1 0 -4 -16 -4
839 1 0 2 15 -10
840 1 0 -15 -12 15
841 0 1 3 -2 8
842 0 0 6 -16 15
843 0 0 14 3 -11
844 1 1 -5 -7 15
845 0 0 6 -11 -8
846 0 1 14 6 13
847 1 0 -14 6 -8
848 0 1 -4 15 15
849 1 0 -11 12 -16
850 0 1 15 -16 8
851 1 1 -7 3 10
852 1 0 -16 -9 -14
853 0 0 10 10 3
854 0 0 11 15 -6
855 1 0 -6 3 -15
856 0 0 10 -16 -16
857 1 0 -16 -15 -16
858 0 1 15 6 -15
859 0 1 5 15 15
860 1 0 -3 15 -16
861 0 0 12 -8 -8
862 0 0 15 15 -9
863 1 1 -16 -1 -7
864 1 0 -6 12 -7
865 1 1 -6 -4 13
866 0 1 15 13 -11
867 1 1 -16 7 -4
868 1 1 -16 -3 14
869 0 1 10 -2 15
870 1 0 -16 -15 0
871 0 1 15 -10 -16
872 1 1 10 15 -16
873 0 0 9 11 9
874 1 0 -12 -16 10
875 1 1 -9 -16 7
876 1 0 2 15 -16
877 1 0 -13 13 15
878 0 0 7 -16 8
879 0 1 15 11 14
880 1 1 -16 -7 13
881 1 1 -12 11 -6
882 0 1 5 7 -2
883 1 1 -13 -13 -12
884 0 1 -1 9 0
885 0 0 5 1 -16
886 1 1 -12 -12 10
887 0 1 10 15 -10
888 0 1 15 15 -5
889 1 1 -9 15 11
890 1 0 -16 13 -6
891 0 0 12 15 -10
892 0 0 15 -6 3
893 0 1 8 -6 -8
894 1 1 -11 8 13
895 1 1 -12 -13 15
896 1 1 -9 -6 4
897 1 0 6 8 5
898 1 0 -16 12 -16
899 0 0 10 -8 -13
900 0 1 15 11 3
901 0 1 15 15 -16
902 1 1 0 2 -12
903 1 1 -8 4 8
904 1 0 -13 -15 -16
905 0 1 15 3 9
906 1 0 -16 -16 5
907 1 1 -15 12 12
908 0 1 4 -16 15
909 1 1 0 13 15
910 1 1 0 4 -10
911 0 0 15 -3 -11
912 1 0 -16 -16 15
913 0 1 15 15 11
914 0 0 15 8 10
915 1 1 -4 10 15
916 0 0 12 -5 -16
917 1 1 -8 0 -6
918 0 0 12 6 2
919 0 1 1 8 -4
920 0 0 15 -5 -14
921 1 0 -16 15 -1
922 1 1 -16 5 6
923 0 0 1 -16 15
924 0 0 10 11 -7
925 1 0 -9 -16 -10
926 0 1 1 -13 11
927 1 1 -16 -13 -5
928 0 0 11 -13 12
929 1 1 -16 13 9
930 0 1 15 10 -8
931 0 0 7 10 -13
932 1 0 -16 -10 -1
933 0 1 14 9 7
934 1 0 -15 15 1
935 0 0 1 11 -16
936 0 1 15 -16 15
937 1 1 -3 4 -6
938 0 0 3 0 -11
939 1 0 -5 11 -2
940 1 1 -5 12 -16
941 1 1 -16 15 15
942 1 1 -16 -7 -16
943 1 0 -11 7 15
944 1 1 -16 -9 15
945 1 1 -16 -16 -16
946 0 0 10 -14 -6
947 0 0 10 -11 14
948 1 1 -9 7 15
949 0 0 7 -16 15
950 1 1 -1 10 4
951 0 1 12 15 14
952 0 0 1 15 11
953 1 0 1 -9 -12
954 0 1 15 8 5
955 0 1 15 -16 15
956 1 0 -11 -7 -14
957 1 1 -11 -10 -1
958 1 1 -11 -12 -10
959 1 1 -12 -6 -7
960 0 0 15 -1 15
961 1 0 -14 -11 15
962 0 0 15 -8 -10
963 1 1 -16 -10 15
964 0 0 15 -16 -6
965 0 0 13 0 -7
966 1 1 -14 -9 9
967 1 0 -16 6 14
968 0 1 12 -1 -5
969 0 1 5 -11 -9
970 1 0 -6 4 -16
971 0 0 0 4 -13
972 0 1 15 15 -16
973 1 1 -16 -3 15
974 1 0 -10 -14 -11
975 0 0 4 -1 -16
976 1 1 -16 7 7
977 0 0 11 -1 15
978 1 1 -16 -6 -9
979 0 1 6 5 -4
980 0 1 9 -16 15
981 0 1 15 15 10
982 0 1 10 14 2
983 0 0 15 -9 1
984 0 1 1 -7 -7
985 0 1 14 -16 10
986 0 0 15 1 4
987 0 1 9 -10 9
988 1 1 1 -11 3
989 1 1 -4 -16 -5
990 1 0 -12 -13 -16
991 0 1 12 9 -16
992 0 1 1 9 15
993 0 1 14 -10 6
994 0 1 14 -12 9
995 1 0 -5 4 9
996 1 1 -8 -8 15
997 1 0 -10 -16 -16
998 1 1 -3 13 -3
999 0 1 15 -16 -6
1000 1 0 -1 14 5
1001 1 0 -14 -4 6
1002 0 1 15 -4 15
1003 0 0 9 9 -11
1004 0 0 9 12 7
1005 1 0 -12 2 15
1006 0 1 15 -11 -2
1007 0 1 9 5 14
1008 0 0 15 9 15
1009 1 0 -14 13 -16
1010 0 1 -8 -12 10
1011 1 0 -14 -13 -16
1012 1 1 -8 -16 13
1013 1 1 -16 -16 7
1014 1 0 -9 -16 -4
1015 1 0 -16 -7 15
1016 0 1 -3 15 -13
1017 0 0 11 11 1
1018 0 0 15 -15 15
1019 1 1 -8 15 5
1020 0 0 15 -8 8
1021 1 0 -8 7 -10
1022 1 0 -15 15 -16
1023 0 1 7 -16 1
1024 0 0 15 15 4
1025 0 1 7 15 -2
1026 1 0 -11 12 15
1027 1 1 -13 11 11
1028 0 0 3 15 15
1029 0 1 15 -16 15
1030 1 1 -6 8 11
1031 0 0 15 -14 5
1032 1 1 -13 14 1
1033 0 0 9 -16 -5
1034 0 0 14 -2 7
1035 0 0 0 -7 15
1036 0 0 2 -1 -12
1037 1 1 -6 8 13
1038 1 1 -13 -16 3
1039 1 0 -3 1 -16
1040 1 1 -16 -13 -6
1041 1 1 -10 -6 -16
1042 0 0 15 -14 9
1043 0 0 12 -16 6
1044 0 1 15 13 6
1045 1 1 -16 15 13
1046 1 1 -16 -11 -12
1047 0 1 15 -5 15
1048 1 1 -16 -12 -16
1049 1 1 -12 13 -5
1050 0 0 5 -10 -13
1051 1 1 -7 7 7
1052 1 1 -3 7 -8
1053 0 0 12 -16 9
1054 0 1 7 -5 8
1055 0 0 13 13 3
1056 1 1 -9 4 13
1057 0 1 15 -16 15
1058 1 1 -12 -8 -12
1059 1 0 -12 -5 -11
1060 1 0 -2 -6 15
1061 0 1 7 9 8
1062 1 0 -16 -16 8
1063 1 1 -12 15 9
1064 1 0 -16 -9 -16
1065 1 1 -16 -16 0
1066 1 1 -2 15 -16
1067 0 0 10 -16 10
1068 1 1 -10 6 -6
1069 0 1 15 -16 15
1070 1 0 -12 15 5
1071 0 0 12 -16 11
1072 0 1 15 0 -7
1073 0 0 15 -15 7
1074 0 1 12 15 5
1075 0 1 -2 -16 -15
1076 1 0 -11 -14 -16
1077 1 0 -16 -14 14
1078 0 0 7 2 -10
1079 1 1 -2 -7 -11
1080 0 0 7 -4 15
1081 0 1 14 8 -16
1082 1 1 -5 15 2
1083 1 1 -11 -16 -13
1084 0 0 15 -6 12
1085 1 0 0 -5 -16
1086 1 1 -13 6 -16
1087 1 0 -16 8 2
1088 0 1 15 -16 -16
1089 1 0 -11 -16 -1
1090 1 1 -16 -7 -5
1091 1 0 -11 -5 -10
1092 1 1 -14 -13 3
1093 1 0 -1 -16 6
1094 0 1 0 15 -11
1095 0 0 15 12 15
1096 0 1 3 -12 6
1097 0 1 13 -16 -12
1098 0 1 15 -9 12
1099 1 0 -15 -16 12
1100 1 0 -4 0 15
1101 1 1 -6 4 -16
1102 1 1 -16 11 -8
1103 1 1 -10 -13 15
1104 1 0 -15 5 -9
1105 0 1 8 9 7
1106 0 1 11 1 15
1107 1 1 -9 -9 4
1108 1 0 -15 -5 10
1109 0 0 15 -16 -14
1110 0 1 15 -16 0
1111 1 1 -1 -8 15
1112 1 0 -6 7 -7
1113 1 1 -3 9 -16
1114 0 0 6 -16 15
1115 0 0 7 15 12
1116 1 1 -4 -7 15
1117 1 1 -6 12 15
1118 0 0 15 11 12
1119 0 1 11 0 12
1120 0 0 7 -3 -16
1121 1 0 -15 -11 13
1122 0 1 12 15 -16
1123 0 0 -2 -6 -3
1124 0 0 12 12 15
1125 0 1 4 9 14
1126 0 0 15 -15 13
1127 1 0 -14 15 -16
1128 0 0 15 -14 -7
1129 1 0 -14 2 -11
1130 0 1 11 -12 -16
1131 0 0 6 -7 -9
1132 0 0 9 -15 -12
1133 1 0 -11 -8 10
1134 0 1 15 -11 15
1135 1 0 -9 7 11
1136 1 1 -3 -11 15
1137 0 1 9 9 11
1138 0 1 15 -16 -2
1139 1 1 -12 -7 15
1140 1 1 -7 -2 1
1141 0 1 9 15 -9
1142 0 1 7 7 13
1143 1 0 -14 15 1
1144 1 1 -3 4 15
1145 0 0 12 14 -16
1146 0 1 10 -16 15
1147 0 1 5 -15 5
1148 1 0 -9 15 -15
1149 0 1 8 6 -16
1150 1 1 -6 -16 -13
1151 0 1 7 14 -10
1152 0 1 13 -4 -9
1153 1 1 -9 -15 -16
1154 0 0 3 15 15
1155 1 0 -13 -13 15
1156 0 1 15 -15 -2
1157 1 0 -12 -6 -11
1158 0 0 15 -11 11
1159 1 1 -16 15 -13
1160 1 0 -14 -12 -16
1161 1 1 -5 -13 -3
1162 1 0 -10 6 -16
1163 1 0 -12 10 -10
1164 1 1 -3 -2 1
1165 1 1 -16 -12 14
1166 0 1 14 -16 12
1167 1 0 -6 1 -14
1168 1 0 -11 12 15
1169 1 0 -16 8 -7
1170 1 0 -16 2 -11
1171 1 1 -14 -16 3
1172 1 0 -4 15 -15
1173 1 1 -16 -11 15
1174 0 1 15 4 6
1175 1 0 -14 15 -16
1176 0 1 7 15 -9
1177 1 0 -13 0 13
1178 0 0 15 -15 3
1179 1 0 -12 -10 -16
1180 0 1 15 9 9
1181 0 0 10 -5 -16
1182 1 0 -13 15 -5
1183 1 0 -9 15 -16
1184 0 1 8 3 -10
1185 1 0 -13 15 -3
1186 1 1 -16 9 14
1187 1 1 -16 -12 -13
1188 0 1 8 -8 -7
1189 1 1 -10 -5 13
1190 0 0 15 -15 -6
1191 1 1 -12 15 7
1192 0 1 7 15 11
1193 1 0 -15 -16 -15
1194 1 0 -16 -11 14
1195 0 1 -2 0 -13
1196 1 0 -16 15 -12
1197 1 0 -6 -15 12
1198 0 1 12 15 11
1199 0 1 5 -10 -12
1200 1 0 -15 -16 0
1201 0 1 11 9 -11
1202 1 0 -16 -13 -16
1203 0 0 15 -5 -11
1204 1 1 -16 -12 -16
1205 1 0 -11 4 -10
1206 1 1 -15 15 15
1207 0 1 15 -12 -12
1208 1 1 -16 -9 -16
1209 1 1 -3 -15 15
1210 0 0 6 15 -16
1211 1 0 2 -8 -10
1212 1 0 -11 8 -12
1213 0 0 15 7 5
1214 1 1 -16 -16 15
1215 0 1 15 0 -16
1216 0 0 15 -16 1
1217 0 0 3 4 8
1218 1 1 -6 -6 9
1219 1 0 -14 -4 5
1220 0 0 11 15 -6
1221 1 0 10 -16 -16
1222 1 0 -9 -16 -4
1223 0 0 9 -12 10
1224 1 0 -16 13 -16
1225 0 1 11 14 -5
1226 1 1 -12 -10 -16
1227 0 1 4 9 -16
1228 1 0 -5 15 11
1229 1 0 -11 -14 11
1230 1 0 -2 9 -7
1231 0 1 -1 10 6
1232 1 0 -12 -14 -1
1233 0 0 5 11 -11
1234 0 0 7 -11 -2
1235 1 1 -16 -8 2
1236 0 0 15 9 -9
1237 1 1 -11 -11 3
1238 1 1 -6 0 8
1239 1 0 -8 -13 4
1240 1 0 -5 -16 -11
1241 1 0 -9 10 15
1242 1 1 -8 9 -4
1243 0 1 12 -16 6
1244 0 0 7 15 9
1245 0 0 15 15 15
1246 0 1 15 0 -11
1247 1 1 -8 15 -16
1248 1 1 -3 13 6
1249 0 0 1 -13 -16
1250 1 0 -16 -13 1
1251 1 1 -12 -16 15
1252 0 1 15 -1 -16
1253 1 0 -16 -6 7
1254 0 0 15 -8 0
1255 1 0 -6 3 15
1256 1 0 -16 15 8
1257 0 0 7 -9 -12
1258 0 0 8 -8 1
1259 1 0 -7 7 -12
1260 1 0 -7 -11 14
1261 1 1 -14 -9 7
1262 0 1 2 -10 -16
1263 0 1 15 -14 15
1264 0 0 15 15 9
1265 0 1 8 0 -11
1266 1 0 -3 -8 11
1267 0 0 15 15 -8
1268 0 0 2 15 9
1269 0 1 15 -6 -11
1270 1 1 -11 13 8
1271 0 0 14 -7 9
1272 0 0 7 -11 11
1273 0 1 2 -7 -14
1274 1 0 -9 -7 11
1275 0 0 15 -11 -5
1276 0 1 11 -16 -16
1277 0 1 14 6 -16
1278 1 0 -16 7 15
1279 0 0 11 15 13
1280 1 1 -16 8 15
1281 1 1 -16 14 7
1282 0 1 13 11 -13
1283 1 0 -15 9 -10
1284 1 0 -7 13 9
1285 0 1 10 -4 15
1286 1 0 -13 3 15
1287 0 0 15 -16 -16
1288 1 1 -9 -14 4
1289 0 0 15 4 -16
1290 1 1 -16 -5 -2
1291 1 1 -15 10 15
1292 1 1 -10 -7 10
1293 0 1 5 15 -11
1294 0 0 8 -12 -11
1295 1 1 -14 -11 -9
1296 1 1 -14 -14 15
1297 0 1 8 12 8
1298 1 1 -9 -13 15
1299 0 0 12 -6 4
1300 0 0 12 1 -14
1301 0 1 15 -8 15
1302 1 1 -4 -15 14
1303 0 1 5 15 5
1304 1 1 -16 -10 3
1305 0 1 4 -14 7
1306 0 0 5 6 12
1307 0 1 12 -16 -1
1308 0 0 6 8 11
1309 1 1 4 -16 15
1310 1 0 -12 12 11
1311 0 1 9 10 15
1312 1 0 -5 -13 -8
1313 1 0 0 3 11
1314 1 1 0 15 -9
1315 0 0 1 -13 -15
1316 0 0 10 -12 12
1317 1 0 -12 15 -9
1318 0 0 0 8 7
1319 1 1 -2 -15 -14
1320 1 1 -1 -4 12
1321 1 0 -13 15 15
1322 1 1 -16 8 13
1323 1 1 -13 -1 -9
1324 1 1 -16 -4 13
1325 1 0 -16 -2 -4
1326 0 0 8 15 -13
1327 1 0 -16 -6 -16
1328 1 1 -12 -11 -11
1329 1 1 -4 5 11
1330 0 0 15 -8 -8
1331 0 0 15 -9 -16
1332 0 1 3 -11 12
1333 1 0 -16 -11 3
1334 0 1 10 -6 -9
1335 0 1 2 -10 -15
1336 1 1 -16 -16 10
1337 0 1 11 -16 15
1338 1 1 -11 5 9
1339 0 1 15 12 -10
1340 1 0 -9 -16 -3
1341 1 0 -9 -16 6
1342 1 0 -14 10 -16
1343 0 0 2 -5 -4
1344 0 0 4 -13 15
1345 0 0 1 -13 -16
1346 1 0 -11 -8 -7
1347 1 0 -16 6 -16
1348 1 1 -13 6 -16
1349 1 1 -8 8 14
1350 1 0 -16 -16 -16
1351 0 1 15 -16 7
1352 1 1 -14 -16 11
1353 1 0 -11 14 -6
1354 1 1 -16 6 -2
1355 1 0 -15 14 7
1356 0 1 15 4 -8
1357 1 1 -16 15 15
1358 1 1 -16 15 -16
1359 0 0 2 8 6
1360 1 0 -3 14 -11
1361 0 0 9 -9 5
1362 0 1 15 15 -7
1363 1 0 -14 -11 -1
1364 1 1 -7 2 -12
1365 0 1 13 3 15
1366 0 0 15 0 -4
1367 1 1 -8 -12 10
1368 1 1 -8 -16 8
1369 1 1 -2 6 15
1370 0 0 8 -9 13
1371 0 1 4 -16 15
1372 0 0 7 -1 -10
1373 0 1 11 15 -5
1374 0 0 15 -14 15
1375 1 0 1 -16 10
1376 0 0 15 15 -16
1377 0 1 15 10 13
1378 1 0 -8 14 -3
1379 1 0 -16 15 -7
1380 1 1 -16 -8 12
1381 0 0 5 -5 4
1382 0 1 7 2 -16
1383 1 1 -8 7 -13
1384 1 1 -16 -6 1
1385 0 0 15 -16 -10
1386 1 1 -10 -11 14
1387 1 0 -6 2 -16
1388 0 0 0 -16 6
1389 0 1 14 -15 15
1390 1 0 -16 1 4
1391 0 1 11 15 -13
1392 0 0 14 13 15
1393 0 1 5 14 14
1394 1 0 1 -7 15
1395 1 0 -13 -12 -11
1396 1 1 3 5 15
1397 0 1 10 -6 12
1398 0 1 15 -14 -7
1399 0 1 3 -5 -16
1400 0 0 14 15 -2
1401 1 0 -8 13 15
1402 1 1 -11 -12 15
1403 0 1 -1 -16 -16
1404 0 1 15 12 11
1405 0 1 8 -16 -5
1406 1 1 -12 -16 -6
1407 1 1 -5 -14 7
1408 1 0 -14 -16 -16
1409 0 0 15 15 -16
1410 0 1 8 6 15
1411 1 1 -4 7 -2
1412 1 1 -7 3 -14
1413 0 0 9 6 -9
1414 1 1 -16 13 7
1415 0 0 3 -16 9
1416 1 0 -16 -16 15
1417 1 0 -11 -12 5
1418 1 0 -10 -10 7
1419 1 0 -13 -16 5
1420 0 0 14 2 12
1421 0 1 8 7 -15
1422 0 1 15 -10 -6
1423 0 0 10 -16 -11
1424 0 1 15 -10 9
1425 0 0 15 14 14
1426 1 1 -16 13 5
1427 0 1 3 13 -12
1428 0 1 11 -9 13
1429 0 0 5 -14 -3
1430 0 0 15 -10 -7
1431 1 0 -16 -7 3
1432 0 1 5 -16 -16
1433 0 0 6 -2 -10
1434 0 1 8 15 11
1435 1 1 -16 15 -11
1436 1 1 -10 -6 -7
1437 1 0 -8 15 -14
1438 0 0 15 1 -15
1439 1 1 -7 -14 -1
1440 0 0 9 15 15
1441 1 1 -10 15 5
1442 1 1 -6 -9 -15
1443 0 0 0 -15 5
1444 0 0 0 12 -11
1445 0 0 7 -16 6
1446 1 0 -13 -16 8
1447 0 1 6 12 12
1448 1 1 -12 -10 5
1449 1 1 -1 9 -14
1450 1 1 -16 -7 10
1451 1 0 -15 -13 15
1452 0 0 15 -12 8
1453 1 1 -14 15 -13
1454 0 1 6 15 -10
1455 0 0 9 13 -16
1456 0 0 2 12 -12
1457 0 0 5 6 -8
1458 0 1 15 15 11
1459 1 1 -12 -16 -11
1460 1 0 -16 -6 -7
1461 1 1 -11 8 -16
1462 1 1 -9 9 9
1463 0 1 14 -7 15
1464 1 1 -14 -14 12
1465 0 0 14 13 15
1466 0 1 14 8 6
1467 1 0 2 15 -16
1468 0 1 10 -2 -16
1469 1 1 -11 -14 -16
1470 0 0 15 3 12
1471 0 1 0 11 -16
1472 0 0 15 -16 -4
1473 0 1 11 -10 -1
1474 1 1 -16 9 15
1475 0 1 11 15 3
1476 1 0 0 -5 -8
1477 1 1 -11 -7 -8
1478 0 0 15 -10 7
1479 1 1 -13 15 -12
1480 0 0 15 6 -9
1481 1 1 -13 -8 -16
1482 1 0 -16 -16 -11
1483 1 0 -16 9 -10
1484 0 0 9 -16 12
1485 0 1 2 -16 13
1486 1 0 -13 7 10
1487 1 0 -3 -10 -14
1488 0 1 3 11 9
1489 1 1 -8 -3 12
1490 1 0 -16 -7 -15
1491 0 0 15 -14 -1
1492 1 1 -16 -7 -16
1493 0 1 15 3 12
1494 0 1 3 -12 -13
1495 0 0 15 15 3
1496 1 1 -16 4 8
1497 1 1 -13 -12 -11
1498 0 1 12 -16 15
1499 1 0 -11 -15 9
1500 1 1 -2 12 -13
1501 1 0 -15 1 15
1502 0 0 8 -6 -6
1503 0 0 9 15 14
1504 0 0 14 8 13
1505 0 0 13 -13 0
1506 1 0 -13 3 -15
1507 1 1 -8 15 8
1508 0 1 10 0 -14
1509 0 0 0 11 7
1510 0 0 15 15 -16
1511 1 1 -16 15 -16
1512 1 1 -12 6 -2
1513 1 1 -16 -16 0
1514 1 1 -8 9 -8
1515 1 0 -13 -16 11
1516 1 0 -16 4 15
1517 1 0 -16 15 -16
1518 0 0 4 -10 -4
1519 1 0 1 9 -8
1520 0 0 15 1 10
1521 0 1 14 -16 14
1522 0 1 15 -16 -3
1523 1 1 -16 -14 9
1524 1 0 0 15 7
1525 1 1 -15 15 -5
1526 0 0 15 2 13
1527 0 0 10 15 -10
1528 1 1 0 -4 -16
1529 0 1 10 -16 -16
1530 0 1 -1 9 -13
1531 1 0 -16 5 11
1532 1 1 -4 -16 -16
1533 0 1 8 -9 15
1534 0 1 15 4 -14
1535 0 0 7 -10 13
1536 1 1 -16 -9 12
1537 1 1 -16 -4 -8
1538 0 0 15 3 -15
1539 1 1 -12 -12 -9
1540 0 1 12 -16 7
1541 0 0 15 2 -16
1542 0 0 15 -14 -8
1543 1 1 -16 3 11
1544 0 0 0 15 11
1545 0 0 15 8 12
1546 1 1 -8 15 -12
1547 1 1 -12 14 -11
1548 1 0 -10 -16 -11
1549 1 1 0 6 13
1550 1 0 -14 -16 15
1551 0 1 4 15 -8
1552 0 1 14 -16 -16
1553 1 0 -12 -8 -5
1554 0 1 2 15 10
1555 0 0 13 2 13
1556 1 0 -10 7 2
1557 0 0 1 -9 10
1558 0 0 15 9 15
1559 1 0 0 -1 0
1560 0 1 9 -16 -11
1561 1 0 -10 -11 15
1562 1 0 -6 12 -12
1563 1 1 -16 14 -15
1564 0 0 11 2 7
1565 0 0 10 14 13
1566 1 0 -5 -4 -9
1567 0 1 8 -5 15
1568 0 1 6 14 2
1569 0 1 9 -16 15
1570 0 0 0 10 14
1571 0 1 12 10 -7
1572 1 1 -10 6 10
1573 0 1 13 -13 -7
1574 0 0 10 15 -13
1575 0 0 15 14 15
1576 0 1 6 -16 3
1577 0 0 12 -2 15
1578 1 0 -2 4 -6
1579 0 0 3 14 -11
1580 1 0 -16 -9 -8
1581 1 0 -7 -8 15
1582 1 0 -16 8 -13
1583 1 0 -11 15 4
1584 0 1 -4 -16 -6
1585 1 0 -10 -13 -10
1586 0 0 14 13 15
1587 1 0 -16 -7 -5
1588 0 0 8 -8 9
1589 0 1 12 2 -6
1590 0 0 14 -16 -7
1591 1 0 -6 -8 2
1592 0 0 11 9 -13
1593 1 1 -15 -14 -16
1594 0 1 15 -16 2
1595 1 0 -3 1 15
1596 1 1 -13 10 -16
1597 1 0 -2 11 -10
1598 0 1 14 -16 -6
1599 1 0 -14 -16 -16
1600 1 1 -2 -11 1
1601 1 1 -13 -10 -16
1602 0 0 15 -2 15
1603 1 0 -7 -16 -12
1604 0 1 -5 -13 -9
1605 0 0 9 9 12
1606 1 0 -9 11 -1
1607 0 0 15 10 -5
1608 1 1 -13 15 6
1609 1 0 -4 12 -4
1610 0 0 2 -1 -16
1611 1 1 -13 15 15
1612 1 0 -7 13 7
1613 1 0 -11 -16 15
1614 0 1 8 -9 -14
1615 0 1 11 15 -5
1616 0 0 13 -16 -11
1617 1 0 -8 -16 -16
1618 0 1 11 10 -12
1619 1 0 -16 -11 -13
1620 1 0 -16 7 -5
1621 0 0 7 14 10
1622 0 1 3 15 12
1623 0 1 15 15 -4
1624 0 0 15 13 -16
1625 0 1 15 8 -7
1626 1 1 -16 -11 -5
1627 0 1 15 5 7
1628 0 1 12 -2 10
1629 1 0 -16 -4 10
1630 0 1 15 11 10
1631 1 0 -16 -16 -6
1632 0 1 6 -16 -6
1633 1 0 -14 -16 15
1634 0 1 15 -8 -16
1635 0 1 11 3 12
1636 1 1 -10 -14 -8
1637 1 1 -15 4 -1
1638 1 0 -7 8 -16
1639 1 1 -9 15 12
1640 0 0 5 15 15
1641 1 0 -15 15 9
1642 0 1 14 -16 -16
1643 0 0 10 6 9
1644 1 0 -13 -7 -5
1645 1 1 -6 15 -16
1646 0 0 15 4 10
1647 1 1 -10 -15 -14
1648 1 1 -15 -12 9
1649 1 0 -16 5 5
1650 0 1 14 -3 -8
1651 0 1 6 -16 -14
1652 1 1 -9 6 3
1653 1 0 -15 -11 -16
1654 1 0 -14 -16 -11
1655 0 0 12 -14 -16
1656 0 0 15 -6 4
1657 1 1 -13 -7 15
1658 0 1 15 -12 -12
1659 0 1 15 -13 15
1660 1 0 -13 1 7
1661 0 1 15 -16 -9
1662 1 1 -3 12 -16
1663 0 1 15 -7 14
1664 1 0 -12 -8 -5
1665 0 1 13 12 15
1666 0 1 11 -16 13
1667 0 1 14 13 15
1668 0 0 13 7 8
1669 1 0 -4 12 -4
1670 1 0 -11 8 -8
1671 1 0 -16 -13 -15
1672 1 0 -10 14 2
1673 0 1 7 4 13
1674 1 0 1 -13 15
1675 1 1 -1 -8 6
1676 0 1 15 -16 15
1677 0 1 8 -12 -8
1678 0 0 14 15 -3
1679 0 1 4 -15 -16
1680 1 1 -10 -16 13
1681 0 0 7 1 -7
1682 1 0 -9 1 -16
1683 1 1 -8 12 15
1684 1 0 -16 -16 8
1685 1 0 -9 -10 11
1686 0 1 15 -13 -5
1687 1 1 -16 0 -16
1688 0 0 6 6 -11
1689 0 0 15 2 -13
1690 1 0 -16 -8 15
1691 0 1 -8 11 -4
1692 1 1 -13 10 -16
1693 1 1 -16 -14 15
1694 0 1 15 -9 -9
1695 0 0 14 13 15
1696 0 0 13 -16 -3
1697 0 1 8 10 1
1698 1 0 -11 -11 15
1699 0 0 3 -10 8
1700 0 0 -1 13 -16
1701 1 0 -10 7 -1
1702 0 1 5 15 11
1703 1 0 -16 3 15
1704 0 0 15 -16 -2
1705 0 0 5 10 15
1706 1 0 -16 -16 0
1707 0 0 13 -16 6
1708 1 0 -16 -3 3
1709 1 1 1 11 -5
1710 1 0 -15 9 15
1711 1 0 -8 12 -16
1712 0 1 10 14 5
1713 1 0 -6 3 15
1714 0 1 15 0 -16
1715 1 1 -16 -12 7
1716 0 1 14 10 3
1717 0 0 15 12 15
1718 0 1 10 -14 14
1719 1 0 -13 15 7
1720 1 0 1 15 -7
1721 0 0 6 -4 -16
1722 0 0 15 3 -16
1723 1 0 -16 -12 11
1724 1 0 -4 0 -7
1725 0 0 14 5 13
1726 1 1 -8 -3 -16
1727 1 1 -12 -11 11
1728 1 1 -13 4 -16
1729 0 1 11 -7 -13
1730 0 0 13 -16 -8
1731 1 1 -12 15 15
1732 1 0 -13 -10 15
1733 1 1 -5 -8 -14
1734 0 1 6 -6 -11
1735 0 0 10 -6 -6
1736 1 1 -16 -13 15
1737 1 1 -12 -3 -10
1738 0 0 8 -15 8
1739 0 0 15 -6 -8
1740 1 1 -13 9 -9
1741 0 0 15 -2 7
1742 1 0 -16 -13 15
1743 0 1 15 15 8
1744 0 0 13 -16 -11
1745 0 1 5 10 -10
1746 0 0 14 -3 9
1747 0 1 10 -9 -13
1748 1 0 -16 15 -9
1749 0 1 15 -15 -8
1750 1 1 5 15 15
1751 1 0 -10 15 -13
1752 1 0 -10 -2 -8
1753 1 1 -9 -11 12
1754 1 0 -16 11 10
1755 0 1 9 11 -4
1756 0 1 12 15 -2
1757 0 1 13 13 15
1758 1 1 -16 -9 13
1759 1 0 -16 -11 -14
1760 1 1 -16 -2 -8
1761 1 1 -2 1 -16
1762 0 1 8 -16 -8
1763 1 0 -3 -11 15
1764 0 0 12 15 12
1765 0 0 15 3 -15
1766 1 1 -7 11 15
1767 1 1 -13 15 6
1768 1 1 -15 -9 6
1769 0 0 9 -16 13
1770 1 1 -7 -6 9
1771 1 0 -5 15 -11
1772 1 1 -16 15 -16
1773 0 0 15 -8 15
1774 0 0 15 14 4
1775 0 0 5 2 -6
1776 0 0 15 -16 -14
1777 0 0 15 -16 -14
1778 1 0 -7 11 15
1779 0 0 7 8 -6
1780 0 1 15 8 -10
1781 0 1 15 10 -16
1782 0 1 7 15 -6
1783 0 0 13 15 7
1784 0 0 15 15 -2
1785 1 0 -9 -11 -8
1786 0 1 14 8 15
1787 0 1 9 8 15
1788 1 0 -9 -16 -15
1789 1 1 -14 -9 -13
1790 0 1 15 9 -9
1791 1 0 -16 -13 4
1792 0 1 15 -9 -5
1793 1 1 -7 -14 8
1794 1 0 -12 10 12
1795 1 1 3 15 -8
1796 1 1 -5 2 -12
1797 0 0 14 8 -16
1798 1 1 -15 15 8
1799 1 0 -7 8 15
1800 0 0 15 11 15
1801 1 1 -6 9 -3
1802 1 1 -12 15 -16
1803 0 1 14 -2 15
1804 1 1 -16 6 15
1805 0 0 4 -16 -10
1806 0 0 10 10 15
1807 0 0 15 7 15
1808 1 1 -14 15 7
1809 1 0 -3 11 6
1810 1 1 5 -7 -13
1811 1 0 -15 11 7
1812 0 1 11 15 -4
1813 1 0 -3 -7 -1
1814 0 1 11 8 -10
1815 1 1 0 0 12
1816 1 0 -12 -16 4
1817 1 1 -14 9 10
1818 0 0 0 -1 -9
1819 0 1 5 7 6
1820 1 0 -13 -9 -16
1821 1 1 -16 -12 10
1822 1 0 -3 4 -12
1823 1 1 -16 2 15
1824 1 0 -6 4 -13
1825 0 0 -6 14 -8
1826 1 0 -5 15 -10
1827 1 1 -16 12 -12
1828 0 0 10 9 -12
1829 0 0 7 -2 -4
1830 1 1 -13 8 -16
1831 1 1 -9 15 0
1832 0 1 8 -14 5
1833 1 0 -10 -11 -4
1834 0 1 13 15 -16
1835 0 1 15 12 -15
1836 1 1 4 11 2
1837 1 0 -12 2 6
1838 1 1 7 -8 -12
1839 0 1 14 -14 10
1840 0 1 7 4 -10
1841 0 1 6 0 -13
1842 0 0 14 15 -8
1843 0 1 11 14 6
1844 1 0 -16 14 8
1845 1 1 -16 15 1
1846 0 1 15 10 -16
1847 1 0 -15 1 -11
1848 1 1 -8 15 11
1849 0 1 15 15 -16
1850 1 0 -14 3 3
1851 0 0 9 -11 -8
1852 1 0 -16 -16 8
1853 0 1 15 15 -16
1854 0 1 11 12 3
1855 0 1 12 -16 2
1856 1 1 -16 15 -7
1857 1 1 0 11 4
1858 1 0 -6 10 -9
1859 0 1 3 2 3
1860 0 1 3 -16 12
1861 0 1 7 -16 12
1862 1 0 -16 2 6
1863 1 1 -16 -16 15
1864 1 0 -14 -10 -16
1865 0 1 11 -15 0
1866 0 0 15 -4 10
1867 1 0 -16 -16 15
1868 1 1 -15 11 15
1869 1 1 -16 -2 10
1870 1 1 -9 11 -10
1871 1 1 -2 -3 12
1872 1 1 -14 15 -16
1873 0 1 12 14 -9
1874 0 1 8 2 8
1875 0 0 15 7 -16
1876 0 1 11 -2 2
1877 1 1 -16 -7 1
1878 0 1 -2 7 11
1879 1 0 -15 -2 15
1880 0 0 8 9 -4
1881 1 0 -16 12 -13
1882 1 1 -7 15 11
1883 0 0 7 3 15
1884 1 0 -11 -3 9
1885 1 1 -13 15 -15
1886 0 0 15 -1 -9
1887 0 1 15 -10 7
1888 1 0 -5 15 9
1889 1 1 -12 15 15
1890 1 1 -16 15 10
1891 0 0 8 13 7
1892 0 0 15 -16 -15
1893 1 1 -16 13 15
1894 1 1 -8 8 6
1895 0 1 1 -6 11
1896 0 0 15 12 8
1897 1 0 -16 -12 -3
1898 0 0 7 -13 -2
1899 1 0 -12 -4 -16
1900 1 1 -11 3 -8
1901 1 0 -9 13 -12
1902 0 0 15 -6 -11
1903 0 0 15 15 4
1904 1 0 -1 -16 -5
1905 1 1 0 -1 -9
1906 1 1 -11 -12 -12
1907 1 0 -16 -4 9
1908 1 0 -3 9 6
1909 0 1 9 -8 9
1910 0 0 13 -13 -11
1911 1 1 -16 14 -16
1912 1 1 -5 -6 -7
1913 1 0 -16 -3 8
1914 1 0 -15 9 15
1915 1 0 -16 15 -10
1916 1 1 -16 11 12
1917 1 1 -12 -7 12
1918 0 1 15 -16 15
1919 1 0 -7 -8 -5
1920 0 0 8 -15 -5
1921 0 1 6 -16 5
1922 1 1 -15 -15 13
1923 1 0 -5 10 -9
1924 0 1 3 -10 -16
1925 1 1 -16 15 -9
1926 0 1 11 -8 -16
1927 1 1 -3 5 -16
1928 1 0 -7 4 15
1929 1 0 -16 15 9
1930 1 0 -16 -16 -7
1931 1 1 -16 14 4
1932 0 0 15 15 0
1933 1 0 -13 -15 -9
1934 1 0 -14 -16 -16
1935 0 0 13 -16 10
1936 1 1 -3 6 12
1937 1 1 -14 -15 -6
1938 0 0 15 4 -12
1939 1 0 -3 13 15
1940 1 1 -16 -9 7
1941 1 1 -16 3 -13
1942 0 1 14 15 10
1943 0 0 15 15 15
1944 0 0 -2 15 15
1945 1 0 -16 -16 7
1946 1 1 -16 -16 -13
1947 1 0 -14 10 12
1948 1 0 -3 15 -4
1949 0 0 -3 -13 15
1950 0 1 15 5 -16
1951 1 1 -9 -7 5
1952 1 0 -13 15 3
1953 1 0 -10 -16 15
1954 0 0 15 1 15
1955 1 1 -14 7 -16
1956 0 1 12 5 -16
1957 0 0 8 -5 -14
1958 0 0 9 -4 -16
1959 0 1 5 1 -13
1960 0 0 9 6 -13
1961 1 1 -11 13 15
1962 1 0 -16 -8 8
1963 1 1 -3 15 -10
1964 0 0 6 15 7
1965 1 0 -10 -14 -12
1966 0 0 7 5 15
1967 1 0 -5 5 14
1968 0 0 4 8 -16
1969 0 0 1 -16 -9
1970 0 1 3 0 9
1971 0 0 6 -16 15
1972 1 1 -16 -5 -12
1973 0 0 13 -9 2
1974 0 1 8 -9 11
1975 1 0 -12 -16 12
1976 1 0 -4 0 -9
1977 1 1 2 14 4
1978 1 0 14 8 -12
1979 0 1 12 14 13
1980 1 0 -15 10 -9
1981 1 0 -10 15 -13
1982 1 0 -2 -11 -8
1983 0 0 15 -9 15
1984 0 1 5 12 6
1985 1 1 -10 13 -13
1986 1 0 -5 -9 -10
1987 1 1 -2 12 -12
1988 0 0 15 6 -7
1989 1 0 -4 -10 -14
1990 1 1 -16 -16 -11
1991 0 0 5 -4 -8
1992 1 0 -6 3 -8
1993 1 0 -4 -14 7
1994 1 0 -16 -16 -4
1995 1 0 -14 15 4
1996 1 1 3 5 -1
1997 0 0 7 -16 -9
1998 1 0 0 -11 3
1999 0 1 15 15 0
2000 0 1 6 1 0
2001 0 0 12 -16 -1
2002 1 1 -6 4 -1
2003 0 0 5 -13 -16
2004 0 0 8 -11 -8
2005 1 1 -9 9 -6
2006 0 1 9 11 5
2007 0 1 -2 10 11
2008 0 1 3 14 4
2009 1 1 -16 -16 -16
2010 1 0 -16 -8 0
2011 1 1 -12 9 -5
2012 0 0 15 -16 -16
2013 0 1 15 -8 0
2014 1 1 -14 10 -4
2015 1 1 -2 -14 -11
2016 1 0 -16 -16 -16
2017 0 0 2 -13 -6
2018 0 1 8 -9 -13
2019 0 0 5 15 -16
2020 1 0 -16 3 -6
2021 1 1 -16 -16 -9
2022 1 1 -6 14 15
2023 0 0 9 14 -7
2024 0 1 14 7 15
2025 0 1 4 8 15
2026 0 1 14 7 15
2027 0 0 9 14 3
2028 0 0 4 14 -9
2029 0 1 15 10 15
2030 0 0 2 11 -12
2031 1 0 -16 -16 -13
2032 1 1 -16 -6 6
2033 1 1 -10 12 -11
2034 1 1 -16 15 -8
2035 1 0 -11 11 0
2036 1 0 -5 -7 -13
2037 1 0 -16 14 0
2038 0 0 13 15 -5
2039 0 0 4 15 0
2040 1 1 4 -6 -9
2041 1 1 2 -6 12
2042 1 0 -11 15 15
2043 1 1 -10 12 2
2044 0 1 8 1 -8
2045 0 0 13 14 -11
2046 1 1 -16 1 5
2047 0 0 5 -11 15
2048 0 0 15 8 15
2049 0 0 12 -16 15
2050 0 0 10 15 15
2051 1 1 -4 -6 -13
2052 1 0 -9 10 13
2053 0 0 15 8 -8
2054 0 1 15 14 -5
2055 1 0 1 -10 9
2056 0 0 11 10 8
2057 0 0 8 -11 -10
2058 1 1 -16 -16 15
2059 0 0 -1 12 0
2060 0 1 11 4 4
2061 0 1 13 -16 1
2062 0 1 7 -7 2
2063 1 0 -16 6 13
2064 1 0 -6 -14 -16
2065 1 0 -9 -6 -16
2066 0 0 15 -8 -16
2067 1 1 -16 12 -1
2068 1 1 -10 -10 -4
2069 0 0 15 12 -8
2070 0 1 14 -3 15
2071 0 0 15 14 -8
2072 1 0 -16 4 -16
2073 1 1 -12 15 15
2074 1 0 -9 -7 13
2075 1 0 -8 -7 12
2076 0 0 15 -5 6
2077 0 1 15 -7 -16
2078 0 1 8 15 -16
2079 1 1 -6 15 9
2080 1 0 -11 0 -6
2081 0 1 15 -15 4
2082 0 1 8 11 15
2083 1 1 -16 2 8
2084 0 0 4 10 -4
2085 1 0 -16 9 -6
2086 1 0 -14 11 0
2087 1 0 -6 -12 -15
2088 1 0 -16 15 13
2089 1 1 -16 -5 9
2090 0 0 9 5 -3
2091 1 1 -16 15 9
2092 1 1 -6 -16 15
2093 1 1 -11 15 -1
2094 0 0 15 13 -8
2095 1 0 -3 -8 10
2096 0 1 15 15 15
2097 0 1 13 -16 -11
2098 1 1 -12 -1 12
2099 1 0 -10 -16 7
2100 1 1 -8 -4 -10
2101 0 1 2 15 0
2102 1 1 -11 -1 8
2103 1 1 -9 2 9
2104 0 1 -1 9 0
2105 1 1 -1 -8 -16
2106 1 1 -16 -9 9
2107 1 1 -16 15 -5
2108 0 0 15 -10 1
2109 0 0 9 -16 -4
2110 0 0 15 -16 15
2111 1 1 -13 -15 -7
2112 1 0 -16 8 -5
2113 0 0 4 -7 9
2114 0 1 15 -13 8
2115 1 1 3 15 0
2116 1 1 -12 -16 10
2117 1 0 -9 -11 15
2118 1 0 -12 10 7
2119 0 0 15 -13 3
2120 0 1 15 -2 -15
2121 1 0 -6 15 4
2122 1 1 -8 -4 10
2123 0 1 15 11 -15
2124 1 0 -5 15 -12
2125 1 0 -14 -6 10
2126 1 1 -12 8 2
2127 1 0 -4 -16 3
2128 0 0 15 15 -11
2129 1 0 -8 8 -13
2130 1 1 -15 -16 15
2131 0 1 7 -16 -9
2132 1 0 -12 -7 11
2133 0 0 14 -4 -16
2134 1 1 -16 11 -16
2135 1 0 -6 -16 1
2136 1 0 -16 -16 6
2137 0 1 15 -16 9
2138 1 0 -16 13 -8
2139 1 0 -16 -16 10
2140 0 1 15 12 -11
2141 0 1 -2 -16 -3
2142 0 1 6 12 -9
2143 1 1 -12 -14 -16
2144 1 1 -8 14 5
2145 0 1 5 15 15
2146 1 1 -10 -12 10
2147 0 0 11 10 15
2148 0 1 15 -5 10
2149 1 0 -7 -16 -14
2150 0 0 14 14 1
2151 0 1 14 15 -13
2152 0 0 12 -6 -11
2153 1 1 -4 14 -11
2154 0 0 13 -8 -11
2155 0 1 9 -13 12
2156 1 0 -9 6 14
2157 1 1 -15 0 -10
2158 0 1 7 8 -9
2159 0 0 9 -11 -15
2160 1 0 -2 -5 -16
2161 0 0 10 10 9
2162 1 1 -12 -16 12
2163 0 1 10 -13 -4
2164 0 1 10 5 8
2165 1 1 -9 14 -7
2166 1 1 -16 -6 -16
2167 1 0 -3 14 -6
2168 0 0 9 11 -16
2169 0 0 8 6 11
2170 0 1 14 15 13
2171 0 1 14 15 -16
2172 1 0 -13 -16 -16
2173 0 1 15 11 -15
2174 1 0 -16 7 -15
2175 1 0 -15 -6 -5
2176 1 1 -5 15 -12
2177 0 1 9 12 4
2178 1 1 -11 -14 2
2179 0 0 15 5 -16
2180 0 1 12 -13 -11
2181 0 0 15 8 9
2182 0 1 -16 14 -14
2183 1 0 -2 15 -5
2184 1 1 -1 10 -16
2185 1 1 -13 -13 7
2186 1 0 6 15 -13
2187 0 0 15 12 -14
2188 1 0 -15 -3 0
2189 1 0 -16 -5 15
2190 0 1 -2 -9 6
2191 0 0 7 -13 10
2192 0 1 15 8 12
2193 0 1 15 -8 14
2194 1 1 -15 -10 -6
2195 1 0 -16 0 -6
2196 0 1 13 7 -11
2197 0 1 5 15 12
2198 1 0 -6 15 -16
2199 1 1 -3 11 15
2200 0 1 -3 15 15
2201 1 0 -16 15 -12
2202 0 0 15 -16 2
2203 0 0 2 15 1
2204 1 0 -16 -16 2
2205 1 1 -10 6 15
2206 1 0 -16 -16 -3
2207 0 0 10 11 -16
2208 1 1 -16 8 15
2209 0 0 13 3 10
2210 0 0 5 -16 -1
2211 1 1 -16 11 -7
2212 0 1 7 -15 -15
2213 0 0 8 -16 -9
2214 1 0 0 3 -16
2215 0 1 15 15 -10
2216 1 0 -4 -16 -5
2217 1 1 -16 -14 15
2218 0 1 9 -6 -13
2219 1 0 -7 11 15
2220 0 0 15 4 -13
2221 1 0 -11 -8 13
2222 1 1 -5 -8 -11
2223 1 1 -6 10 0
2224 0 1 10 0 5
2225 0 0 11 -2 14
2226 0 0 15 -7 -8
2227 1 1 -6 -8 1
2228 0 1 0 -16 -14
2229 0 1 9 -16 -6
2230 1 1 -14 -8 -12
2231 0 1 12 -10 -12
2232 1 0 -16 15 15
2233 0 0 15 5 15
2234 1 1 -14 -15 15
2235 0 0 6 14 -16
2236 0 0 15 -12 11
2237 0 1 13 15 -11
2238 0 0 15 6 -11
2239 0 0 11 -2 -2
2240 1 1 -16 15 13
2241 1 1 -16 3 -16
2242 0 1 15 -13 13
2243 0 0 7 9 7
2244 0 1 12 11 -11
2245 1 0 -15 15 15
2246 0 1 15 -11 13
2247 1 1 -16 -1 -1
2248 1 1 -9 -12 4
2249 0 1 13 11 4
2250 1 1 -16 0 -16
2251 1 1 -10 15 11
2252 0 0 15 9 -16
2253 1 0 -11 -4 -16
2254 1 0 -16 -9 -16
2255 0 1 11 -12 -16
2256 0 0 14 -3 -16
2257 0 0 8 15 -11
2258 1 1 -4 15 -13
2259 0 0 6 15 2
2260 0 1 15 -7 8
2261 0 1 13 -2 -15
2262 0 1 1 -16 -4
2263 1 0 -16 -10 -16
2264 0 1 0 -4 6
2265 1 0 -16 11 8
2266 1 1 -16 -10 -14
2267 1 1 -15 -13 -7
2268 0 0 14 -7 -2
2269 0 0 3 -4 -16
2270 1 1 -3 -5 -14
2271 1 1 -14 -4 8
2272 1 1 -16 15 15
2273 0 0 10 -6 -16
2274 1 0 -6 -15 1
2275 0 1 15 8 -10
2276 1 1 -10 -15 6
2277 1 1 -4 15 -13
2278 1 0 -14 -15 4
2279 1 0 -11 -6 -8
2280 0 0 14 -15 2
2281 0 0 -1 -2 0
2282 0 1 15 3 11
2283 1 0 -15 7 -1
2284 0 1 6 15 -5
2285 1 1 -3 11 -14
2286 0 0 8 -14 15
2287 0 0 8 3 13
2288 0 1 15 9 6
2289 1 1 -16 10 15
2290 0 1 9 -9 -4
2291 1 0 -15 -16 -16
2292 0 0 6 10 15
2293 0 1 15 12 12
2294 0 1 6 -14 -5
2295 1 0 -13 8 -16
2296 1 0 -16 10 14
2297 1 1 -4 13 -2
2298 1 0 -16 -16 15
2299 1 0 -16 12 -13
2300 0 0 15 12 -16
2301 1 0 -7 -16 -1
2302 1 1 -1 -15 -12
2303 0 1 12 -7 15
2304 0 0 13 -14 -15
2305 1 0 -4 -6 -16
2306 1 1 -3 15 4
2307 1 0 -10 13 4
2308 1 0 -14 9 15
2309 1 1 -8 -10 -4
2310 1 1 -16 -2 -5
2311 0 0 10 4 -4
2312 0 0 3 0 -8
2313 1 1 -16 -14 -15
2314 1 0 -1 -13 6
2315 1 1 -16 15 11
2316 1 0 -2 -5 15
2317 0 0 3 -11 15
2318 0 1 15 12 -13
2319 1 1 -11 -16 -9
2320 0 0 8 1 -14
2321 0 1 13 12 15
2322 0 1 15 -14 -1
2323 0 0 0 9 3
2324 0 0 -1 11 -5
2325 1 1 -2 6 -14
2326 0 1 15 -16 -11
2327 1 0 -7 -4 15
2328 1 1 -8 -7 -11
2329 1 1 -16 -6 9
2330 1 1 4 -3 -6
2331 0 1 -1 15 -16
2332 0 0 13 10 1
2333 0 1 15 -11 15
2334 0 0 2 2 11
2335 1 0 -14 11 7
2336 1 0 -5 -5 9
2337 0 1 15 7 -13
2338 1 1 -16 3 5
2339 0 0 13 14 -6
2340 1 1 0 9 15
2341 1 0 -16 14 8
2342 0 0 9 12 5
2343 0 1 15 -12 -16
2344 1 0 -16 12 13
2345 0 1 15 -10 12
2346 1 1 -11 5 -16
2347 1 0 -14 15 -16
2348 1 1 -16 15 -8
2349 1 0 -11 -10 -11
2350 1 0 -16 15 -9
2351 1 0 -14 -15 15
2352 1 1 -5 -11 15
2353 1 1 -13 2 -15
2354 1 0 -16 4 -16
2355 0 0 -4 -16 0
2356 0 1 7 15 5
2357 0 1 14 15 -3
2358 1 0 -1 1 -14
2359 1 1 -16 15 -8
2360 0 0 14 15 -9
2361 0 0 15 -1 -12
2362 0 0 12 -3 14
2363 0 0 -7 -1 -9
2364 0 1 3 -1 -7
2365 1 0 -8 15 8
2366 1 0 -15 -12 15
2367 1 1 -16 11 11
2368 1 0 -12 -13 -13
2369 0 1 -3 12 2
2370 0 1 10 -13 -12
2371 0 1 8 6 -3
2372 0 1 5 -1 -16
2373 1 1 -8 15 -12
2374 1 1 -11 15 -7
2375 0 0 3 2 15
2376 0 1 12 -16 -3
2377 0 1 15 -10 9
2378 1 0 -9 14 15
2379 1 0 2 -16 10
2380 1 0 -13 -16 15
2381 1 0 -9 2 6
2382 1 1 2 15 -16
2383 1 0 -6 11 5
2384 0 0 0 15 -13
2385 0 0 15 -8 7
2386 0 1 10 -5 -16
2387 1 1 -8 4 6
2388 0 0 8 3 5
2389 0 1 15 3 -8
2390 1 1 -12 -1 -7
2391 0 1 11 15 5
2392 1 0 -16 7 -16
2393 0 1 3 15 15
2394 1 1 -8 15 15
2395 0 1 9 -4 10
2396 1 1 -4 -11 -13
2397 1 0 -16 -16 -10
2398 0 0 2 11 15
2399 1 1 -7 -16 -3
2400 1 0 -16 12 14
2401 1 0 -16 -11 -10
2402 0 1 15 10 15
2403 0 1 10 -5 15
2404 1 1 -13 -13 15
2405 1 0 -10 -11 15
2406 1 1 -16 -16 12
2407 0 0 5 9 -16
2408 0 1 11 15 -6
2409 1 0 -4 13 1
2410 0 1 13 -16 -16
2411 1 0 5 -11 -11
2412 0 1 7 11 -11
2413 1 0 -16 -16 -2
2414 1 1 -16 5 12
2415 1 1 -16 -16 -5
2416 0 1 14 15 -7
2417 1 1 -13 -5 9
2418 0 0 7 7 -4
2419 0 1 13 -9 9
2420 0 1 15 -13 4
2421 0 0 15 -14 -16
2422 1 0 -16 0 15
2423 1 1 4 3 -14
2424 0 1 7 -16 15
2425 0 1 4 -6 -2
2426 0 0 15 -12 3
2427 1 1 -9 -16 9
2428 0 1 13 -14 -1
2429 0 1 10 -13 11
2430 1 0 -11 2 15
2431 0 1 12 -4 -13
2432 1 1 -14 0 -9
2433 1 1 -2 -2 15
2434 0 0 11 15 -16
2435 1 1 -13 8 15
2436 0 0 4 6 -2
2437 1 0 -15 15 -16
2438 0 0 6 -13 -6
2439 1 0 -16 -13 13
2440 1 1 -16 -14 13
2441 1 0 -8 -14 14
2442 1 0 -12 -16 -10
2443 1 1 -11 -8 12
2444 0 0 15 5 -13
2445 0 1 9 11 5
2446 1 0 -15 13 -15
2447 0 0 15 -16 -14
2448 0 0 9 5 -5
2449 0 1 2 9 -10
2450 0 1 15 -8 -4
2451 0 0 6 -16 -13
2452 1 0 -6 14 -9
2453 1 1 -7 -16 10
2454 0 1 11 15 -5
2455 1 0 -3 14 6
2456 0 1 4 5 15
2457 0 0 2 -9 8
2458 0 1 11 -10 -7
2459 1 1 -9 15 3
2460 0 1 15 15 -9
2461 1 1 -2 -11 10
2462 1 0 -9 -14 15
2463 1 0 -16 15 8
2464 1 1 -16 12 -8
2465 1 0 -8 7 4
2466 0 1 9 12 3
2467 1 0 -11 -7 6
2468 0 0 7 -1 -13
2469 0 1 4 6 15
2470 1 0 -10 -16 -4
2471 0 0 8 -10 -16
2472 0 1 10 5 0
2473 0 0 15 -5 2
2474 0 1 5 8 -13
2475 1 1 -14 -14 -5
2476 1 0 -10 3 -14
2477 1 1 -16 -10 15
2478 1 1 -16 -15 -13
2479 1 0 -11 12 8
2480 0 0 1 -9 -12
2481 1 0 -16 15 0
2482 1 0 -12 13 9
2483 0 1 8 -7 15
2484 1 1 -16 -14 7
2485 0 0 5 15 11
2486 1 1 -3 -16 6
2487 1 1 -10 -1 6
2488 1 1 -13 -16 -13
2489 0 1 10 5 4
2490 0 1 15 -2 -16
2491 0 0 12 13 14
2492 1 0 6 1 0
2493 0 1 2 -15 4
2494 1 0 -16 -16 15
2495 1 0 -16 8 6
2496 1 1 -13 4 5
2497 1 1 -12 15 15
2498 0 1 13 15 -12
2499 0 0 15 -16 -16
2500 0 0 6 -15 15
2501 1 0 -12 14 0
2502 0 1 7 6 -16
2503 1 1 -4 -16 -9
2504 1 1 -12 -10 -14
2505 0 1 12 -8 -14
2506 0 0 15 -11 12
2507 1 1 -9 -7 -7
2508 0 1 8 -12 7
2509 0 0 15 -11 15
2510 0 1 -1 15 -1
2511 0 0 15 -2 15
2512 0 0 9 15 -4
2513 1 1 -16 -16 -1
2514 0 1 14 -10 -15
2515 0 1 9 13 -10
2516 0 1 4 -16 -12
2517 0 1 8 15 -13
2518 0 1 4 12 -7
2519 0 1 14 -13 -16
2520 1 1 -11 12 -5
2521 0 1 15 -16 -16
2522 0 0 8 -5 9
2523 1 1 -15 9 -11
2524 0 1 10 11 12
2525 1 0 -9 -16 4
2526 1 1 -16 -16 -9
2527 0 0 4 -13 9
2528 0 0 6 -15 -16
2529 1 1 -15 -16 -16
2530 0 1 3 -12 -13
2531 0 0 13 -16 4
2532 1 0 -6 -6 11
2533 1 1 -10 15 1
2534 1 1 -14 15 9
2535 0 0 13 -12 15
2536 1 1 -16 -10 -1
2537 1 1 0 -14 15
2538 1 0 -16 -3 12
2539 0 0 10 10 -6
2540 0 1 15 15 15
2541 0 1 15 -5 1
2542 1 0 -15 5 -16
2543 1 1 2 -5 3
2544 0 0 15 -13 7
2545 1 0 -12 -15 8
2546 0 1 9 2 15
2547 0 0 10 8 -16
2548 1 0 -9 1 15
2549 0 0 15 -9 9
2550 1 1 -9 -11 11
2551 0 1 15 13 4
2552 0 1 15 15 -15
2553 1 0 -4 15 -16
2554 1 1 -16 -6 -16
2555 0 0 9 13 -16
2556 0 0 9 -16 -16
2557 1 1 -16 14 -11
2558 0 0 6 -16 -8
2559 1 1 -10 10 13
2560 1 1 -16 3 -3
2561 0 1 9 -7 -16
2562 1 1 -8 -7 13
2563 1 0 -13 -12 -3
2564 0 0 15 13 -16
2565 0 0 15 14 -15
2566 1 1 -10 9 -10
2567 1 1 -12 9 3
2568 1 0 -13 -16 -15
2569 0 0 12 -16 -6
2570 1 0 -12 -3 -12
2571 0 1 13 -15 -15
2572 1 0 -14 12 -8
2573 1 1 -7 -12 -2
2574 1 1 -7 0 -16
2575 1 1 -16 7 -12
2576 0 0 4 -7 -1
2577 1 0 -16 1 -15
2578 0 0 8 -16 5
2579 1 1 -16 15 13
2580 0 1 10 -13 -16
2581 1 1 -16 0 14
2582 1 0 -4 15 9
2583 0 0 4 -7 8
2584 0 1 15 -4 -16
2585 0 0 13 4 9
2586 1 1 -16 12 14
2587 0 1 15 -7 -15
2588 0 0 15 13 -3
2589 0 0 13 4 12
2590 1 1 -15 7 15
2591 1 0 -16 3 -5
2592 1 1 -11 -11 3
2593 0 0 15 -16 -16
2594 1 1 -14 -16 -14
2595 0 0 9 -11 10
2596 0 1 9 -15 -5
2597 0 1 15 9 15
2598 1 1 -11 15 -13
2599 1 0 -1 2 12
2600 0 0 6 -16 -2
2601 0 0 15 7 11
2602 1 0 -2 15 -3
2603 1 1 -10 -6 15
2604 0 1 15 -4 10
2605 0 1 7 15 -15
2606 1 0 -7 6 -12
2607 0 0 12 14 10
2608 1 0 -16 15 -16
2609 1 0 -7 8 7
2610 0 0 -1 12 0
2611 1 0 -2 11 -6
2612 0 1 11 -5 3
2613 0 0 15 15 -9
2614 0 1 15 15 6
2615 1 0 -16 15 -10
2616 1 0 -16 15 0
2617 1 0 -11 -12 -13
2618 0 0 15 -7 9
2619 0 1 10 15 12
2620 1 0 -12 13 11
2621 1 1 4 2 15
2622 0 0 8 -8 -16
2623 1 0 -7 -12 6
2624 0 1 6 -7 -16
2625 0 0 13 -11 -16
2626 1 1 -5 -4 -8
2627 0 1 13 -5 11
2628 0 0 2 -10 -13
2629 0 0 15 5 -10
2630 1 1 -16 7 15
2631 1 0 7 -13 12
2632 0 0 6 -16 15
2633 0 0 7 7 10
2634 1 1 -9 7 2
2635 0 0 15 14 15
2636 0 1 11 -14 11
2637 0 1 15 -10 -13
2638 0 0 10 -11 -13
2639 0 0 15 14 5
2640 1 0 -7 10 -15
2641 1 0 -9 -15 6
2642 1 1 -11 15 -16
2643 0 1 15 -5 4
2644 1 0 -11 -16 10
2645 0 1 4 -5 -11
2646 1 1 -5 15 -6
2647 0 0 15 10 -1
2648 1 1 -9 -5 8
2649 1 1 -16 15 -7
2650 1 1 3 -16 -12
2651 0 1 7 -12 15
2652 0 1 -3 8 10
2653 0 0 15 -5 -4
2654 1 0 -9 -15 3
2655 0 1 15 15 -16
2656 1 1 -10 -8 10
2657 1 0 -16 10 14
2658 1 0 -7 -10 8
2659 0 1 10 12 -16
2660 0 1 11 -8 -16
2661 1 1 -15 -4 2
2662 1 1 -16 -16 6
2663 1 1 -2 -16 7
2664 1 0 -16 1 13
2665 1 1 -16 -16 5
2666 1 0 -10 -13 -8
2667 0 1 9 15 -10
2668 0 1 15 9 14
2669 0 1 15 -8 -14
2670 1 0 -16 12 6
2671 1 0 -2 15 14
2672 1 0 -16 12 -10
2673 0 0 7 15 -7
2674 1 0 -4 15 -11
2675 0 1 6 -10 -16
2676 0 0 3 6 2
2677 0 0 15 9 -4
2678 0 1 10 -10 -12
2679 0 0 12 -7 -13
2680 0 0 0 -8 -15
2681 0 0 15 11 10
2682 0 1 15 -7 13
2683 1 1 -16 -12 -6
2684 1 0 -3 -6 -8
2685 1 0 -3 -16 10
2686 1 0 -12 -9 -16
2687 0 0 5 8 7
2688 0 0 3 7 9
2689 1 0 -4 8 -14
2690 0 1 6 -16 9
2691 0 1 13 15 -2
2692 0 1 15 10 15
2693 0 0 9 -12 15
2694 1 0 -16 4 -7
2695 1 0 -14 8 -9
2696 0 1 15 -11 13
2697 0 0 8 4 13
2698 1 0 -3 -16 9
2699 0 0 15 -7 15
2700 1 1 -8 -12 -7
2701 0 0 15 -10 6
2702 1 0 -11 15 -9
2703 1 0 -10 -12 15
2704 1 0 -9 -16 15
2705 1 0 -16 15 -5
2706 0 0 15 -16 -7
2707 1 1 1 15 9
2708 1 1 -11 15 -5
2709 0 1 12 -12 1
2710 1 0 -14 -5 -1
2711 0 1 5 13 8
2712 0 0 9 11 10
2713 0 1 0 -16 1
2714 1 1 -4 11 -11
2715 0 0 3 -12 -9
2716 0 0 12 -16 -13
2717 1 1 -7 15 -16
2718 1 1 -13 -14 9
2719 0 0 8 7 -13
2720 0 0 3 -16 -15
2721 1 0 -12 -10 -10
2722 0 1 15 9 -11
2723 1 0 -13 -16 -16
2724 0 1 8 -15 11
2725 0 0 3 13 1
2726 0 1 9 -15 -6
2727 0 1 10 15 -8
2728 1 1 -9 -16 9
2729 1 1 -9 9 5
2730 1 1 -6 -16 4
2731 1 1 -12 -7 -16
2732 0 0 15 -12 -16
2733 0 1 10 4 -2
2734 0 0 8 14 -11
2735 0 0 10 -13 -13
2736 0 1 13 14 -2
2737 1 1 -12 -16 10
2738 1 0 -7 10 -15
2739 0 1 15 15 12
2740 0 0 10 15 -2
2741 1 0 -11 -6 -12
2742 1 1 -5 -16 0
2743 0 0 2 -14 13
2744 0 1 15 -11 1
2745 0 1 15 5 -10
2746 0 1 15 -10 -6
2747 0 1 7 15 15
2748 0 0 15 15 -9
2749 1 1 7 14 -14
2750 0 1 -2 -11 -5
2751 1 1 -14 -16 -13
2752 0 0 10 2 11
2753 1 1 -5 -16 -8
2754 0 1 5 -6 7
2755 1 0 -16 -2 15
2756 0 0 15 7 15
2757 1 0 -7 15 3
2758 1 0 -16 -16 13
2759 1 0 1 -11 6
2760 0 0 11 -12 12
2761 1 0 -8 12 15
2762 0 1 9 8 -16
2763 0 1 -7 9 -13
2764 1 1 -11 -7 3
2765 1 0 -6 -10 1
2766 0 0 15 -16 5
2767 1 0 -16 15 -2
2768 1 1 -6 -16 -15
2769 1 0 -13 -12 -10
2770 0 1 15 -7 11
2771 0 0 15 -16 6
2772 1 0 -16 -15 6
2773 0 0 15 -14 15
2774 0 0 9 -6 11
2775 0 0 7 15 5
2776 1 0 -14 15 13
2777 1 0 -10 -14 15
2778 0 1 9 -16 -16
2779 1 0 0 -16 6
2780 1 1 -7 1 15
2781 0 1 9 -7 -7
2782 0 1 15 -8 5
2783 1 1 -1 7 -8
2784 0 1 -1 12 -9
2785 0 0 10 14 -13
2786 0 1 0 11 15
2787 1 1 3 -16 -7
2788 1 0 -6 -15 10
2789 1 0 -16 2 -14
2790 1 1 1 5 -16
2791 1 1 -16 9 -4
2792 0 1 15 9 -11
2793 1 0 -6 4 11
2794 0 0 10 -16 15
2795 1 0 -9 -9 -10
2796 1 1 -16 -16 14
2797 1 1 -16 -16 8
2798 1 0 -6 -5 -16
2799 0 1 15 13 -10
2800 1 0 -4 -10 10
2801 1 0 -10 15 4
2802 1 1 -5 -16 15
2803 1 0 -7 -16 -4
2804 0 0 12 -14 15
2805 0 0 6 -5 15
2806 0 1 8 15 15
2807 1 0 -16 6 -12
2808 0 1 8 5 -15
2809 1 1 -12 15 -3
2810 0 1 11 -10 -16
2811 1 0 -4 -9 10
2812 0 1 8 6 -3
2813 0 1 15 15 -1
2814 0 0 15 -10 14
2815 1 0 -8 15 15
2816 1 1 -16 4 -10
2817 0 1 13 2 -16
2818 1 0 0 -6 -16
2819 0 1 8 13 15
2820 0 1 7 14 -16
2821 1 1 -11 15 -12
2822 0 0 2 -13 -8
2823 0 1 14 7 15
2824 1 1 -16 -15 -16
2825 0 0 12 -12 12
2826 1 0 -12 -16 -5
2827 1 0 -16 15 1
2828 0 1 12 -11 -16
2829 0 0 6 -12 -16
2830 1 1 -6 4 -10
2831 1 1 -16 -10 15
2832 0 1 14 13 8
2833 1 0 -11 15 -9
2834 0 0 8 15 14
2835 1 0 -13 14 12
2836 1 1 -13 11 9
2837 0 0 15 14 -16
2838 0 1 15 -16 -16
2839 0 0 15 -4 14
2840 0 0 11 -13 15
2841 1 0 -11 -15 -9
2842 0 0 15 -2 -2
2843 0 0 15 -15 -4
2844 0 0 15 9 13
2845 0 1 5 -7 7
2846 0 1 11 7 -10
2847 0 0 13 15 -11
2848 1 1 -8 15 -12
2849 1 1 -14 8 14
2850 1 1 -12 -3 8
2851 0 0 5 -16 -5
2852 0 0 5 10 15
2853 1 1 -13 15 1
2854 0 1 15 15 15
2855 1 0 6 1 6
2856 0 0 -1 -16 -5
2857 0 1 15 5 -5
2858 1 0 -16 -12 14
2859 1 1 -16 9 9
2860 0 0 15 -6 8
2861 0 1 15 14 0
2862 1 0 -8 -4 -2
2863 0 1 15 8 -13
2864 0 0 15 -16 12
2865 1 1 -12 -11 -13
2866 0 1 11 8 10
2867 1 0 -16 -12 15
2868 1 0 -13 1 1
2869 1 1 5 -4 -15
2870 1 1 -4 -8 -2
2871 0 1 5 -4 4
2872 0 1 15 -15 9
2873 1 1 -13 -5 15
2874 0 0 15 -14 15
2875 1 1 -13 8 15
2876 0 1 -4 15 1
2877 0 1 10 15 -16
2878 1 0 -8 -14 -11
2879 1 1 -11 -14 -16
2880 0 0 15 -13 -3
2881 1 0 -14 15 -15
2882 1 0 -10 -15 13
2883 1 0 -16 -10 -13
2884 1 1 6 14 2
2885 0 0 4 -16 4
2886 0 1 4 0 -4
2887 0 1 14 -16 4
2888 1 0 -6 -11 15
2889 1 0 -16 10 10
2890 0 1 15 -2 -10
2891 0 0 13 -12 8
2892 1 1 -15 10 13
2893 0 0 15 9 15
2894 1 1 -16 -16 15
2895 1 1 -8 -13 12
2896 1 0 -12 15 14
2897 0 1 13 -12 15
2898 1 0 -16 15 0
2899 1 0 -13 12 14
2900 1 1 -16 12 -14
2901 0 1 11 14 4
2902 1 0 -5 10 15
2903 1 1 -16 11 -16
2904 1 1 -16 -1 -13
2905 0 1 15 -15 15
2906 0 1 7 6 5
2907 1 1 -6 5 15
2908 1 0 -11 -8 15
2909 0 1 15 6 15
2910 1 0 -5 -12 -2
2911 1 1 -16 9 -3
2912 1 1 -1 4 -2
2913 1 0 -7 13 15
2914 1 1 -16 -16 -10
2915 0 0 11 -7 -16
2916 1 1 -12 -13 -11
2917 1 0 -4 12 -16
2918 0 0 8 -11 -16
2919 1 1 -12 1 -5
2920 0 0 6 -13 -9
2921 0 0 4 -9 -5
2922 1 1 -16 13 -8
2923 0 0 13 15 -8
2924 0 0 14 13 -14
2925 0 0 15 8 15
2926 0 0 11 11 0
2927 1 0 -10 -4 -4
2928 0 1 12 7 -8
2929 0 0 7 -16 4
2930 0 1 15 12 -2
2931 0 1 4 6 15
2932 0 1 3 -13 -7
2933 0 1 15 -4 10
2934 1 1 -8 15 -14
2935 0 1 15 -2 7
2936 0 0 10 5 15
2937 1 1 -16 -7 -7
2938 1 0 -15 -10 11
2939 0 1 15 -4 13
2940 1 1 -8 2 -16
2941 0 0 -9 12 -12
2942 1 0 -16 -16 15
2943 1 1 -16 -6 15
2944 0 0 15 -4 15
2945 1 1 -11 12 -2
2946 1 0 -7 -16 -10
2947 1 0 -6 -7 8
2948 0 0 8 -6 15
2949 1 1 -9 9 15
2950 0 1 9 11 0
2951 1 1 -16 -12 1
2952 0 0 15 0 -8
2953 0 0 15 -9 15
2954 0 0 8 15 -5
2955 0 1 12 10 -2
2956 1 0 -9 13 15
2957 1 1 -6 0 -9
2958 0 1 3 10 4
2959 0 1 13 -6 -11
2960 0 1 15 -16 -16
2961 1 0 -5 15 3
2962 1 1 -16 -12 4
2963 1 1 -11 -9 -13
2964 1 0 -11 10 4
2965 0 1 6 -13 10
2966 0 0 6 -7 15
2967 1 1 -11 8 15
2968 0 0 3 15 -9
2969 1 0 -16 -16 15
2970 0 1 5 9 -2
2971 1 0 -13 3 -12
2972 1 0 -16 -15 13
2973 1 1 -8 13 3
2974 0 0 10 10 15
2975 0 0 15 8 -16
2976 0 0 8 11 -10
2977 1 0 -4 -16 -16
2978 0 0 8 6 7
2979 1 1 -16 15 15
2980 1 0 -11 -14 10
2981 1 1 -10 8 5
2982 1 0 -16 -12 -12
2983 1 0 -8 -12 11
2984 1 0 -16 15 15
2985 0 0 15 -5 -6
2986 1 1 -10 13 -3
2987 0 1 15 -11 4
2988 1 0 -5 8 -12
2989 1 0 -16 10 13
2990 1 0 -13 12 8
2991 1 1 -4 -16 9
2992 0 1 8 -6 13
2993 1 1 -11 -4 -16
2994 1 0 -16 15 -11
2995 1 0 -6 8 -1
2996 1 0 -9 9 -15
2997 1 0 -16 -15 15
2998 0 0 6 -15 15
2999 0 0 10 5 -7
3000 0 0 15 -1 -16
3001 1 1 -16 -11 11
3002 1 0 -16 -6 13
3003 1 0 -2 -3 11
3004 1 1 -9 3 -14
3005 0 0 7 14 14
3006 0 1 13 -6 15
3007 0 0 8 -14 15
3008 0 1 12 -16 15
3009 1 1 -9 7 15
3010 0 1 0 15 -7
3011 0 0 7 15 -13
3012 1 0 -16 -13 -2
3013 0 0 15 4 -15
3014 0 1 0 -3 -12
3015 1 0 -3 -16 7
3016 0 1 3 15 -8
3017 1 0 -16 -10 -16
3018 0 1 0 -9 -11
3019 1 0 -7 -8 0
3020 1 0 -8 15 -8
3021 1 0 -7 6 13
3022 1 1 -16 15 15
3023 0 1 15 15 -16
3024 1 0 -11 12 -16
3025 0 1 6 -8 -16
3026 1 1 -15 -7 15
3027 0 1 9 15 15
3028 0 0 15 0 -9
3029 0 1 15 -16 -13
3030 1 1 -16 15 -16
3031 1 1 1 1 -16
3032 1 1 -8 13 -12
3033 1 0 -13 -15 14
3034 1 0 -5 15 11
3035 0 1 15 9 14
3036 1 1 -16 -16 15
3037 1 1 -5 -16 -9
3038 1 1 -16 15 4
3039 0 0 5 3 13
3040 0 0 15 -13 3
3041 0 1 15 -11 -10
3042 1 0 -9 -16 14
3043 1 1 -16 4 5
3044 0 0 15 -9 12
3045 1 1 -12 15 13
3046 1 0 -16 13 -16
3047 0 1 11 -6 1
3048 0 0 8 12 13
3049 1 0 -16 -12 9
3050 1 1 -11 15 8
3051 1 0 -16 -16 -16
3052 0 1 11 12 -16
3053 0 0 15 -15 15
3054 1 1 -11 -2 -10
3055 1 1 -16 -2 15
3056 1 1 -13 -10 -2
3057 1 0 -9 -13 9
3058 0 0 15 15 -12
3059 1 1 -16 -13 -9
3060 0 0 12 -3 14
3061 1 0 -8 -12 6
3062 1 0 -13 15 -7
3063 0 0 12 -8 -8
3064 1 0 -4 -1 -16
3065 0 0 15 -13 9
3066 1 0 -9 12 -10
3067 1 0 0 15 9
3068 0 0 9 -10 15
3069 0 0 9 14 -9
3070 0 1 15 15 13
3071 0 0 15 0 -11
3072 1 0 -4 15 -7
3073 0 1 9 -14 9
3074 0 0 15 -1 11
3075 0 0 -6 -8 10
3076 1 0 -12 -7 15
3077 1 0 -16 10 2
3078 1 0 -9 11 13
3079 1 1 -10 -2 -8
3080 0 0 14 6 14
3081 1 1 -7 15 3
3082 0 0 15 -9 9
3083 1 0 -10 -5 -16
3084 1 1 -16 -16 15
3085 0 1 5 6 -3
3086 0 0 14 14 -9
3087 0 1 10 -16 -10
3088 1 0 -15 15 3
3089 0 0 14 -16 8
3090 1 0 -10 15 -11
3091 1 1 -12 12 0
3092 0 0 3 -16 -12
3093 1 1 -3 -7 9
3094 0 1 -2 7 15
3095 0 1 15 3 15
3096 0 0 1 -16 11
3097 1 0 -12 3 -6
3098 0 0 9 -6 -11
3099 0 0 15 -11 -16
3100 0 0 13 0 15
3101 0 1 8 11 15
3102 1 1 -1 15 -8
3103 0 0 3 15 -6
3104 1 0 -14 13 15
3105 1 0 -2 12 -8
3106 1 1 -14 -15 -7
3107 1 1 -12 12 -12
3108 1 1 -3 -16 -16
3109 0 0 15 2 7
3110 1 0 -11 8 12
3111 0 0 10 15 -7
3112 1 1 -16 6 6
3113 1 1 -13 11 4
3114 1 0 -14 -9 -10
3115 1 0 -16 15 5
3116 0 0 1 7 3
3117 1 0 -2 -9 -9
3118 0 0 6 15 -5
3119 0 1 6 -16 5
3120 0 1 8 15 -10
3121 1 0 -8 -13 15
3122 1 0 -9 11 -11
3123 0 1 15 15 -16
3124 0 1 11 15 -8
3125 1 1 -11 -7 -12
3126 1 0 -15 -11 15
3127 0 0 15 -7 8
3128 0 0 15 -1 -10
3129 0 0 7 4 -12
3130 1 0 -12 8 -13
3131 0 0 15 9 15
3132 0 1 15 -16 3
3133 0 0 10 -16 12
3134 1 1 -2 13 9
3135 0 1 15 8 -4
3136 1 1 -10 -16 -11
3137 0 0 1 10 -15
3138 0 0 -2 -7 10
3139 1 0 -8 -11 -10
3140 1 1 -10 -15 -11
3141 0 1 7 14 -14
3142 1 1 -16 -12 -14
3143 1 0 -4 15 3
3144 1 0 -15 -14 15
3145 0 0 2 14 -15
3146 1 1 -16 15 4
3147 1 0 -12 -9 -10
3148 0 0 15 -8 -8
3149 1 0 -9 -16 -16
3150 1 0 -13 15 15
3151 0 0 13 -16 -1
3152 1 0 -10 10 8
3153 1 0 -13 7 10
3154 1 1 -7 12 6
3155 0 1 6 11 3
3156 0 1 15 -16 -12
3157 0 0 11 -16 0
3158 1 1 -1 10 -16
3159 0 1 14 2 7
3160 0 0 11 -10 -16
3161 0 0 9 15 -5
3162 1 1 -16 -16 5
3163 1 1 -9 -9 -15
3164 1 0 -16 7 12
3165 0 1 4 -3 15
3166 0 0 8 -12 2
3167 1 0 -16 13 -16
3168 0 1 15 1 15
3169 1 1 -16 -1 15
3170 1 0 1 -3 -12
3171 1 1 -15 10 -16
3172 1 0 -4 9 -7
3173 0 0 7 0 9
3174 1 1 -7 -16 15
3175 1 1 -3 -7 13
3176 1 0 -16 -8 1
3177 1 1 -10 -16 11
3178 0 0 13 15 -16
3179 0 0 15 7 11
3180 1 0 -3 15 10
3181 1 0 -11 4 -4
3182 0 1 15 8 -9
3183 1 1 -12 5 11
3184 0 1 15 -6 11
3185 0 1 5 4 -6
3186 0 0 7 10 -12
3187 1 1 -9 -3 -16
3188 0 1 15 -2 4
3189 0 1 9 15 -1
3190 0 0 -1 15 -14
3191 0 1 1 -16 -4
3192 0 1 15 -12 -4
3193 1 1 -2 9 -13
3194 1 0 -16 -9 10
3195 0 1 15 15 -10
3196 1 1 -14 11 15
3197 1 1 -16 -4 -8
3198 1 0 -16 15 15
3199 1 1 -13 1 15
