# idx_orig bit_orig post_llr hard
0 1 38935.04457639 1
1 1 45459.00446629 1
2 1 18514.93830859 1
3 0 -37959.46565056 0
4 1 38920.54454972 1
5 0 -36100.55093445 0
6 1 35809.08235885 1
7 0 -32306.00666581 0
8 0 -41494.57173414 0
9 1 13499.58795739 1
10 0 -33456.37580710 0
11 0 -38013.31355911 0
12 0 -34818.93533299 0
13 0 -34012.35159424 0
14 0 -33791.83006603 0
15 1 43144.45576074 1
16 1 13153.01558967 1
17 1 33865.28745329 1
18 1 34317.15204691 1
19 0 -30899.76990396 0
20 0 -31092.70809712 0
21 0 -33244.74647004 0
22 0 -43331.36644856 0
23 0 -17522.63759765 0
24 0 -38835.40102830 0
25 1 49219.14795335 1
26 1 29573.32980609 1
27 0 -38410.53136828 0
28 1 38812.48767559 1
29 0 -37894.96324603 0
30 0 -31378.96140765 0
31 0 -42171.29923048 0
32 0 -33382.44504815 0
33 1 34819.43282336 1
34 0 -35638.42479422 0
35 1 29363.17905628 1
36 0 -37518.20011287 0
37 0 -22049.09271269 0
38 0 -36998.65607021 0
39 0 -32771.19800712 0
40 0 -38451.39435743 0
41 1 33482.87570203 1
42 1 28254.67307970 1
43 0 -32965.28900372 0
44 0 -19550.95760068 0
45 1 35165.11674210 1
46 1 37564.37292287 1
47 1 36130.49543638 1
48 0 -35518.28224719 0
49 1 37559.99566107 1
50 1 31980.25148977 1
51 0 -23996.56010293 0
52 0 -30895.94994841 0
53 1 38883.00317962 1
54 1 33009.96142115 1
55 1 30392.68559150 1
56 1 30143.53939630 1
57 0 -32182.24812196 0
58 1 25117.25316831 1
59 1 32838.64202206 1
60 0 -43654.04285427 0
61 0 -34556.41670933 0
62 0 -33019.86760139 0
63 0 -37666.76467252 0
64 1 38057.11629254 1
65 1 26369.30776253 1
66 0 -32287.34469548 0
67 0 -45336.32122361 0
68 1 41364.64928897 1
69 0 -40915.46874358 0
70 1 37973.93290050 1
71 0 -36992.12246442 0
72 1 23547.61245999 1
73 1 41490.80860391 1
74 1 43884.17014724 1
75 0 -39036.73215437 0
76 1 37001.17315263 1
77 1 36656.41984708 1
78 1 34937.72904271 1
79 1 24997.78040050 1
80 1 39021.71822036 1
81 1 36581.41876377 1
82 0 -30263.69291794 0
83 0 -34917.82159132 0
84 1 32959.14569674 1
85 0 -34280.06117458 0
86 1 24978.94402799 1
87 1 35801.96541871 1
88 0 -36151.24803739 0
89 0 -28724.56627921 0
90 0 -37209.78962229 0
91 1 37416.39896419 1
92 0 -35070.10322570 0
93 1 20814.84122293 1
94 0 -33749.29615998 0
95 0 -40970.23550482 0
96 1 29320.00657006 1
97 0 -28482.34067292 0
98 0 -29788.56834365 0
99 0 -31487.09043124 0
100 0 -22225.32672541 0
101 0 -31042.68188490 0
102 1 39447.99506628 1
103 1 38408.64210720 1
104 1 28434.06366151 1
105 1 34388.57755882 1
106 1 41141.24678874 1
107 1 21979.25975552 1
108 0 -37613.15279173 0
109 1 45287.68551213 1
110 1 38820.74727895 1
111 0 -34245.38681089 0
112 0 -33415.40176584 0
113 1 32263.56054745 1
114 0 -27140.33408141 0
115 1 31502.96404565 1
116 1 38510.37435473 1
117 1 31364.98934573 1
118 0 -32866.51583824 0
119 0 -31760.88463361 0
120 0 -34166.60611255 0
121 0 -22243.55613445 0
122 1 34171.02349281 1
123 1 36435.56215379 1
124 1 31470.26069938 1
125 1 31727.69922310 1
126 1 33831.18068947 1
127 0 -34165.91267585 0
128 0 -22798.83580220 0
129 0 -34220.26978306 0
130 0 -34474.63121674 0
131 1 36055.81777985 1
132 0 -32743.26506320 0
133 1 40102.57602577 1
134 1 41045.98115344 1
135 0 -33514.90454773 0
136 0 -35999.45684826 0
137 0 -35170.74879582 0
138 0 -33426.26620276 0
139 0 -38563.40744314 0
140 0 -30255.06640276 0
141 1 35092.71191920 1
142 1 31120.69875948 1
143 1 40114.30179575 1
144 0 -34485.68945995 0
145 0 -33993.60477631 0
146 1 36940.01938502 1
147 0 -29473.91511100 0
148 1 30471.87458946 1
149 1 36048.42219682 1
150 0 -34243.46275426 0
151 0 -40641.40015146 0
152 0 -37811.32894272 0
153 0 -37579.58250026 0
154 0 -33650.61836046 0
155 1 35873.75541219 1
156 1 31915.76905363 1
157 0 -31243.28300441 0
158 1 36032.89651078 1
159 0 -32663.82823970 0
160 0 -34109.07121302 0
161 1 35348.93441920 1
162 1 29355.41597991 1
163 0 -27011.73912702 0
164 1 30581.81238462 1
165 1 37869.27731549 1
166 0 -31958.66154531 0
167 1 34432.06849712 1
168 0 -36542.72887658 0
169 0 -30056.63529603 0
170 1 24242.52369096 1
171 0 -26848.09870091 0
172 0 -35586.71712635 0
173 1 23020.28997153 1
174 1 30045.22224034 1
175 0 -32682.24999087 0
176 1 30155.61752298 1
177 0 -24322.74656372 0
178 0 -29810.86461675 0
179 1 39304.28983738 1
180 1 33678.46378600 1
181 0 -26448.32443810 0
182 0 -24294.65985328 0
183 1 28468.08003966 1
184 1 29602.36633076 1
185 1 28614.10242691 1
186 1 32688.47856980 1
187 1 28498.38564905 1
188 1 26121.42572884 1
189 1 25170.41247113 1
190 0 -21931.54389438 0
191 0 -23415.98486725 0
192 0 -21653.29970037 0
193 1 26076.57018401 1
194 1 22121.55631486 1
195 0 -26149.63344805 0
196 1 41157.74045158 1
197 0 -24519.76147577 0
198 1 19951.65790491 1
199 1 25374.75072882 1
200 0 -38570.90093704 0
201 0 -29012.30046831 0
202 0 -23422.13646053 0
203 0 -28609.39380899 0
204 1 30752.07160127 1
205 1 24693.22627522 1
206 0 -31785.48347411 0
207 1 27063.29531279 1
208 1 27123.16186089 1
209 0 -29356.88949521 0
210 1 29147.89122416 1
211 1 30315.76934677 1
212 1 23603.04639037 1
213 0 -23631.29009935 0
214 0 -26558.33122735 0
215 1 19332.22083079 1
216 1 21061.30763526 1
217 1 26383.26152033 1
218 0 -34570.77771396 0
219 1 16620.98217743 1
220 1 20060.49832341 1
221 0 -25311.08254605 0
222 0 -17334.58915673 0
223 1 20527.18090618 1
224 1 20740.32458692 1
225 1 24136.01955835 1
226 0 -20456.91763657 0
227 0 -25441.44753372 0
228 0 -29404.08119772 0
229 0 -19590.76610338 0
230 1 32003.56091668 1
231 1 27843.02219837 1
232 1 30435.98232021 1
233 0 -27027.10210077 0
234 1 27125.36941411 1
235 0 -33878.49402730 0
236 0 -25925.09209941 0
237 0 -26290.44663217 0
238 1 25967.74775115 1
239 0 -33059.77287814 0
240 1 22445.48462455 1
241 0 -30047.63253827 0
242 1 35187.10029457 1
243 1 27169.80689281 1
244 0 -34219.14002652 0
245 0 -29142.95381021 0
246 0 -26102.65385830 0
247 1 29131.27733790 1
248 0 -24233.85250878 0
249 1 36017.21663973 1
250 0 -28458.08049012 0
251 1 26995.96209724 1
252 1 25963.12460606 1
253 1 25382.69594392 1
254 1 29733.69772830 1
255 0 -29911.42149707 0
256 0 -29597.46605359 0
257 1 26148.27673365 1
258 0 -29885.92237845 0
259 0 -21195.34460708 0
260 1 28223.11608514 1
261 0 -30256.96967609 0
262 1 30409.51772410 1
263 0 -28361.31026255 0
264 1 26659.94088521 1
265 0 -33358.74494754 0
266 0 -23505.05441868 0
267 1 30512.85794630 1
268 1 24471.09403330 1
269 1 30605.31207075 1
270 1 29534.52914080 1
271 0 -34343.58309653 0
272 1 35673.03542909 1
273 0 -32415.51346607 0
274 1 34527.18155573 1
275 1 27740.23929112 1
276 0 -31193.95140414 0
277 0 -26459.39693534 0
278 1 31535.23538473 1
279 1 30460.69332325 1
280 0 -13289.60615869 0
281 0 -34234.66692950 0
282 1 27776.18201455 1
283 1 30440.29483869 1
284 0 -24889.22272117 0
285 0 -23607.57936594 0
286 1 35341.94793152 1
287 1 13809.45885444 1
288 1 35787.27775977 1
289 0 -29927.15924776 0
290 0 -30910.89614491 0
291 0 -23227.34071151 0
292 1 31331.83209910 1
293 1 34436.52364888 1
294 1 21756.26474582 1
295 0 -34703.38929334 0
296 1 25691.52736199 1
297 0 -36086.95785094 0
298 1 30079.71945133 1
299 0 -30841.46266533 0
300 1 38298.41133280 1
301 0 -26669.90404197 0
302 1 31039.55346818 1
303 0 -22487.74881577 0
304 0 -31965.46831499 0
305 0 -30717.06965442 0
306 0 -31383.60121650 0
307 0 -30835.02632250 0
308 1 21126.23956672 1
309 0 -37086.40089226 0
310 0 -20798.01505625 0
311 1 28790.26579673 1
312 1 35325.80259871 1
313 0 -27560.11302922 0
314 1 25400.40943325 1
315 0 -18184.77776270 0
316 1 33991.58234568 1
317 0 -25216.84769203 0
318 0 -32220.81258258 0
319 1 28694.35792673 1
320 0 -30539.74241643 0
321 1 25891.14146923 1
322 1 24882.43066744 1
323 0 -30513.89678088 0
324 0 -21612.88684635 0
325 1 27860.11965915 1
326 0 -30358.93679928 0
327 0 -31960.66464749 0
328 0 -27561.77289285 0
329 0 -28117.76533674 0
330 0 -28753.02454451 0
331 0 -24219.14768548 0
332 1 23955.97961342 1
333 1 27548.55077861 1
334 0 -32497.26533699 0
335 0 -28495.28211434 0
336 0 -26556.06920071 0
337 0 -24979.53499130 0
338 0 -17779.00825939 0
339 1 23079.02044440 1
340 1 29796.65622173 1
341 0 -23568.77826852 0
342 1 27013.11704896 1
343 1 25553.87201199 1
344 0 -29043.65212729 0
345 1 19429.94041452 1
346 0 -25924.67628385 0
347 1 29124.01345869 1
348 1 24873.87856239 1
349 1 34808.59560314 1
350 0 -32565.85488767 0
351 1 33435.55009612 1
352 1 28646.54088541 1
353 0 -31478.71967079 0
354 0 -37491.34700502 0
355 1 31893.33913525 1
356 0 -32388.57580542 0
357 1 23049.52903833 1
358 0 -29456.85185508 0
359 1 14191.88868231 1
360 1 12031.90168929 1
361 1 23204.90402535 1
362 0 -17706.57339606 0
363 1 20044.00164349 1
364 0 -16920.71565417 0
365 1 16859.15943940 1
366 1 7910.18261436 1
367 0 -9928.59870825 0
368 0 -15988.98229994 0
369 0 -10331.91737398 0
370 1 17053.98680484 1
371 0 -19835.91868911 0
372 1 19931.51864084 1
373 0 -12304.57437903 0
374 0 -18340.14415664 0
375 1 23963.60624348 1
376 1 19033.79905641 1
377 1 24772.91728736 1
378 0 -28255.13724911 0
379 1 22390.94288009 1
380 0 -15678.31066752 0
381 1 23896.74477488 1
382 0 -26710.39748750 0
383 0 -23044.98665107 0
384 1 29891.98623722 1
385 0 -25993.73155991 0
386 1 19983.72178294 1
387 1 21123.94521037 1
388 1 27872.18110262 1
389 1 30345.88624676 1
390 0 -23577.76840074 0
391 0 -33342.84272141 0
392 0 -28600.01461266 0
393 1 32088.32407205 1
394 0 -23941.99905265 0
395 0 -23601.35501759 0
396 0 -31502.16887574 0
397 0 -26986.14697631 0
398 0 -31174.55128684 0
399 0 -28618.53423606 0
400 0 -26784.52438196 0
401 0 -23386.25649764 0
402 1 31203.88792207 1
403 0 -28820.83387446 0
404 1 25971.69239474 1
405 1 32018.06652859 1
406 1 27540.79163578 1
407 0 -26576.02422341 0
408 1 21427.84531682 1
409 1 25606.30786856 1
410 1 30706.33420579 1
411 1 25247.95244955 1
412 1 29829.39113678 1
413 0 -33060.06559631 0
414 1 30380.17530599 1
415 0 -23987.24425879 0
416 0 -30427.84284625 0
417 1 30135.79655657 1
418 1 30608.18044859 1
419 0 -30479.15753534 0
420 1 30043.01323151 1
421 0 -36213.91006337 0
422 1 26845.93199471 1
423 1 34547.11576554 1
424 0 -28894.61261334 0
425 1 28781.56592521 1
426 1 44515.93004718 1
427 1 33898.03398154 1
428 1 33223.83969744 1
429 1 22880.39967797 1
430 1 27997.76863062 1
431 0 -27529.49400048 0
432 1 33279.29200642 1
433 0 -30739.54883914 0
434 1 32520.66175339 1
435 1 33997.09747318 1
436 0 -25230.72141218 0
437 1 25861.04166702 1
438 0 -31450.32195574 0
439 1 29767.73768346 1
440 1 29267.90780444 1
441 0 -34555.09406686 0
442 1 33704.52479362 1
443 0 -32311.82642129 0
444 0 -21769.40365275 0
445 0 -24557.02459920 0
446 1 32293.84236956 1
447 1 30406.93034904 1
448 0 -46169.94615034 0
449 1 38509.75222103 1
450 0 -35075.18075316 0
451 1 21869.44436932 1
452 0 -39294.26972898 0
453 1 41171.61799024 1
454 0 -40383.05916398 0
455 1 35753.28379302 1
456 0 -39636.83222443 0
457 0 -38045.58901967 0
458 1 31040.84645290 1
459 0 -39584.80982178 0
460 0 -39658.52717119 0
461 1 32781.91625736 1
462 1 35876.75936758 1
463 1 32551.74720839 1
464 1 28379.17217894 1
465 0 -27649.45047288 0
466 1 27621.72600337 1
467 0 -32799.14556267 0
468 1 29326.02183521 1
469 1 34781.24891617 1
470 0 -28375.08694727 0
471 0 -25952.84008076 0
472 0 -31911.45328849 0
473 0 -32713.33786844 0
474 1 35808.81606952 1
475 1 28840.74485430 1
476 1 39005.42349121 1
477 0 -32163.44924926 0
478 1 33852.48129201 1
479 0 -32043.77133869 0
480 1 33341.72484615 1
481 0 -26722.69253923 0
482 1 35888.64903958 1
483 1 30281.98594398 1
484 0 -32726.38518258 0
485 1 31099.87245351 1
486 0 -32472.77217819 0
487 1 30275.33089619 1
488 0 -22932.73774363 0
489 1 25643.88248011 1
490 1 43365.38743838 1
491 0 -27067.37436205 0
492 1 26741.63114777 1
493 1 31504.06678243 1
494 0 -27756.34950180 0
495 0 -25351.36414768 0
496 1 31580.87096750 1
497 0 -29530.45606112 0
498 1 31583.76733850 1
499 1 22439.04083212 1
500 1 28424.65325470 1
501 1 27885.69872659 1
502 0 -24224.25240560 0
503 1 29085.93231001 1
504 0 -27653.54797591 0
505 0 -28047.06319099 0
506 0 -20987.33411128 0
507 1 25723.56321636 1
508 0 -27533.94628510 0
509 1 25554.81127204 1
510 1 26032.75846596 1
511 0 -33099.23353186 0
512 1 31371.50966831 1
513 1 26505.50291687 1
514 0 -27598.44552246 0
515 0 -31807.22845979 0
516 1 33198.60709268 1
517 1 27144.03833205 1
518 1 30232.66718703 1
519 0 -33796.96232832 0
520 1 21618.92383371 1
521 1 31725.29302525 1
522 0 -30446.24834298 0
523 0 -28597.70490780 0
524 0 -17685.17112900 0
525 0 -23007.35972190 0
526 0 -28556.53428130 0
527 0 -22169.80018277 0
528 1 27543.65827946 1
529 1 27705.81775869 1
530 1 22992.21947840 1
531 1 24511.38309377 1
532 0 -22691.98601092 0
533 0 -21399.44438879 0
534 1 20500.30395747 1
535 0 -19356.00330452 0
536 1 25002.24473740 1
537 1 13918.63491143 1
538 0 -20171.55631299 0
539 0 -29363.76552032 0
540 1 22975.75663579 1
541 0 -20287.45256650 0
542 1 17765.81781256 1
543 0 -18546.24802847 0
544 0 -12154.86110210 0
545 0 -17157.58079591 0
546 1 26437.20951473 1
547 1 21888.65085655 1
548 0 -23558.73143832 0
549 1 22095.74193018 1
550 0 -26500.73677412 0
551 0 -31009.22719232 0
552 0 -27741.54230062 0
553 1 28483.30296254 1
554 1 23264.73957824 1
555 1 26304.03162564 1
556 1 22962.42765143 1
557 1 27345.40619484 1
558 1 22630.91756819 1
559 0 -27205.64979361 0
560 0 -32142.17852247 0
561 1 26881.91612248 1
562 1 28634.83636764 1
563 1 29675.41742626 1
564 1 38018.05788804 1
565 1 22833.17901564 1
566 1 28594.19677708 1
567 1 29659.13677613 1
568 0 -20846.75108800 0
569 0 -23713.04887668 0
570 0 -32167.55779927 0
571 1 23358.04032300 1
572 1 21433.46352099 1
573 1 25156.19966689 1
574 0 -29648.27827656 0
575 0 -24665.88332147 0
576 0 -26052.24921933 0
577 0 -29796.73552475 0
578 1 22230.42955807 1
579 1 23229.54339626 1
580 0 -30812.31677120 0
581 1 30343.68505750 1
582 1 29471.34117153 1
583 1 31356.39909134 1
584 1 36483.86124972 1
585 0 -30276.40269180 0
586 1 27810.88157381 1
587 0 -26354.55518631 0
588 1 32951.95633623 1
589 0 -29708.62195434 0
590 0 -29423.41734568 0
591 1 29676.37226559 1
592 1 30015.90355795 1
593 0 -30875.86533288 0
594 0 -27064.30041468 0
595 0 -33700.20941533 0
596 0 -30412.28952191 0
597 1 31986.55723726 1
598 0 -34731.87097092 0
599 0 -35121.57117853 0
600 0 -28693.57982991 0
601 0 -25434.80071881 0
602 0 -34206.75927525 0
603 0 -28078.46592444 0
604 1 31130.04280678 1
605 1 26221.55927682 1
606 1 30021.52916215 1
607 1 27255.06173229 1
608 0 -25746.69640196 0
609 1 33939.49858044 1
610 1 34481.24285900 1
611 1 32948.17381001 1
612 1 25628.34400780 1
613 0 -28983.50105874 0
614 1 27883.54883562 1
615 0 -39089.48851784 0
616 0 -33561.18668736 0
617 1 29533.54156282 1
618 1 31519.94675792 1
619 1 29534.65525855 1
620 0 -32149.72631656 0
621 1 34732.54200977 1
622 0 -32136.10070373 0
623 0 -30993.46536468 0
624 1 30605.67255429 1
625 0 -31043.21273692 0
626 1 31287.72094240 1
627 0 -36460.80175664 0
628 0 -28733.45166779 0
629 0 -34328.78714062 0
630 0 -31136.92401454 0
631 1 32561.65794061 1
632 1 24927.19588568 1
633 1 26655.31714938 1
634 1 27508.04504076 1
635 0 -25105.04376253 0
636 0 -27529.50726340 0
637 0 -30364.18270503 0
638 0 -24930.08043495 0
639 0 -22244.93338131 0
640 1 25566.54143703 1
641 0 -27592.93228612 0
642 0 -29113.37792295 0
643 1 28815.63758888 1
644 1 30121.78132922 1
645 0 -26693.15926027 0
646 1 32023.74376534 1
647 1 29499.34654347 1
648 1 28499.72008681 1
649 1 31663.77849350 1
650 1 31097.21394232 1
651 0 -31635.75673145 0
652 0 -33352.04379260 0
653 1 24329.66484422 1
654 0 -30733.27084621 0
655 1 31618.85882383 1
656 0 -28966.92045567 0
657 1 36104.28531269 1
658 1 26670.36403292 1
659 1 31521.74945207 1
660 1 21269.98258149 1
661 0 -20324.56889199 0
662 1 33230.04471164 1
663 0 -17817.05257191 0
664 0 -29489.43553311 0
665 1 25246.10896475 1
666 1 27665.87996771 1
667 1 13301.30816148 1
668 1 20441.48275627 1
669 1 25222.68496691 1
670 1 23969.65480096 1
671 0 -29060.18072322 0
672 1 35027.13470090 1
673 0 -31348.43658613 0
674 0 -18459.66037780 0
675 1 30110.26734687 1
676 1 35637.69059556 1
677 0 -25171.68182642 0
678 0 -36228.63667549 0
679 1 29970.47277822 1
680 1 30117.59506152 1
681 1 12784.91802967 1
682 1 24874.20004136 1
683 0 -29426.12064602 0
684 1 19241.30749099 1
685 1 31037.77650052 1
686 1 34810.36466150 1
687 0 -30617.76866142 0
688 0 -12150.36695186 0
689 1 15563.14152518 1
690 1 28356.22681521 1
691 0 -16745.05311346 0
692 1 29117.65938302 1
693 1 23537.25464340 1
694 1 25735.30311340 1
695 0 -10714.11006883 0
696 0 -17830.84845641 0
697 1 30304.32001985 1
698 1 21709.83130074 1
699 1 25206.64031468 1
700 0 -23850.24723068 0
701 0 -29617.11035496 0
702 1 15118.83315572 1
703 1 24092.47247223 1
704 1 32312.98842743 1
705 0 -24415.92383765 0
706 0 -25253.70426307 0
707 0 -33586.80694097 0
708 0 -41016.15086670 0
709 1 22285.31963472 1
710 1 26923.92804018 1
711 1 35225.84761635 1
712 1 31384.08716741 1
713 0 -31195.95295834 0
714 1 36186.59202442 1
715 1 37296.37250270 1
716 0 -19080.34968281 0
717 1 35157.91669597 1
718 0 -36294.95024718 0
719 1 35920.97480181 1
720 0 -42062.41906376 0
721 1 30066.12860512 1
722 1 32405.17484797 1
723 0 -17965.89104421 0
724 0 -28545.92642676 0
725 1 34242.20623131 1
726 1 26438.18454888 1
727 0 -30638.23965157 0
728 0 -31319.12471093 0
729 1 34590.15928687 1
730 0 -22484.76366311 0
731 0 -24114.07478003 0
732 0 -33341.48215663 0
733 1 30117.90537971 1
734 1 30517.08403701 1
735 1 24893.37881786 1
736 1 28282.67590427 1
737 0 -16112.76391644 0
738 0 -34503.81009591 0
739 0 -28326.77225396 0
740 1 23935.49728931 1
741 1 28115.10231875 1
742 1 21186.52455945 1
743 1 23729.19368879 1
744 1 17551.99313715 1
745 0 -23774.63931105 0
746 0 -24913.55305787 0
747 0 -19145.26968557 0
748 0 -22797.82090297 0
749 0 -25150.34870168 0
750 0 -23455.86598750 0
751 0 -20587.39097320 0
752 0 -19649.14847156 0
753 0 -30446.65986887 0
754 1 16287.40382701 1
755 1 25173.12775970 1
756 1 26530.40858326 1
757 0 -25494.14652818 0
758 1 18557.21371461 1
759 1 21677.52251928 1
760 0 -25005.65973582 0
761 0 -23326.11020465 0
762 0 -27770.67856740 0
763 1 26384.55194540 1
764 1 25300.34713639 1
765 0 -23997.18320984 0
766 0 -25025.79608254 0
767 1 39058.29128992 1
768 0 -30464.09314519 0
769 0 -36851.18388907 0
770 0 -30095.57811217 0
771 0 -27902.40265087 0
772 1 28049.23490195 1
773 0 -22270.77557085 0
774 0 -30820.96061358 0
775 0 -23391.14253457 0
776 1 29981.03017489 1
777 0 -27529.20988105 0
778 1 32607.09896061 1
779 1 23910.47918445 1
780 1 27646.77189292 1
781 1 29784.90458406 1
782 0 -21971.00480597 0
783 0 -25753.89172798 0
784 1 28545.12535437 1
785 0 -28833.89885687 0
786 1 25633.48871827 1
787 1 33302.86276476 1
788 1 24362.09147079 1
789 0 -25705.87280675 0
790 0 -25422.04818446 0
791 0 -32924.65798895 0
792 0 -30647.86332510 0
793 0 -25041.07939544 0
794 1 33354.66640178 1
795 1 28371.60440113 1
796 0 -31029.74420542 0
797 0 -27412.82165493 0
798 0 -29786.52701819 0
799 0 -28595.43801692 0
800 1 24406.59025350 1
801 0 -32275.91553796 0
802 0 -30944.94679898 0
803 0 -31728.90891354 0
804 0 -32957.29046088 0
805 0 -31600.07421350 0
806 1 36570.16116094 1
807 0 -29589.42533090 0
808 0 -29350.98624576 0
809 1 27573.51708841 1
810 1 30042.28330484 1
811 0 -32265.36728137 0
812 1 32384.91789272 1
813 1 34985.63918485 1
814 1 34325.41848847 1
815 0 -32095.60707665 0
816 1 26289.57310484 1
817 1 26089.23623379 1
818 0 -31922.35939858 0
819 1 29419.19737135 1
820 0 -35563.92987819 0
821 1 31270.56262279 1
822 1 33076.01245356 1
823 0 -25503.37876818 0
824 1 41234.70013651 1
825 1 21059.01880472 1
826 1 27710.87401855 1
827 1 30333.55181259 1
828 1 20809.60132120 1
829 0 -26931.43686140 0
830 1 28562.33438259 1
831 0 -29377.85954689 0
832 0 -19898.26606338 0
833 0 -21828.98388977 0
834 1 26329.42393249 1
835 1 19467.75472243 1
836 0 -30301.67358408 0
837 1 31756.56514021 1
838 1 34967.73949489 1
839 1 20830.87958974 1
840 0 -29469.26529251 0
841 1 32580.41468455 1
842 0 -27489.89795801 0
843 1 30417.17827173 1
844 0 -30399.10453033 0
845 0 -36460.19795547 0
846 1 26230.21806131 1
847 1 23559.03492853 1
848 1 26112.06228800 1
849 1 34204.04090460 1
850 1 28148.37852527 1
851 0 -28362.93316021 0
852 0 -32942.18320503 0
853 1 28854.15897510 1
854 1 28749.72101708 1
855 1 25293.13519692 1
856 0 -30454.59863251 0
857 0 -34046.25172210 0
858 1 29527.36097534 1
859 0 -36657.03867545 0
860 1 28828.31187839 1
861 0 -31125.13238662 0
862 0 -28613.51674566 0
863 1 32333.05986378 1
864 1 34679.01495689 1
865 0 -33227.14124027 0
866 0 -36009.72972762 0
867 0 -34822.88674364 0
868 1 33395.90276480 1
869 1 32565.94192280 1
870 1 31372.06148718 1
871 0 -32047.34044468 0
872 1 36917.60504187 1
873 1 34909.48048191 1
874 1 34099.46415838 1
875 1 36110.51764084 1
876 0 -29326.31988500 0
877 1 32241.81364951 1
878 0 -32466.44249331 0
879 0 -39288.57123800 0
880 1 31756.97023534 1
881 1 33709.20812574 1
882 1 30860.14645201 1
883 0 -36782.36447006 0
884 1 29033.17457417 1
885 1 36278.76164103 1
886 1 40020.80879026 1
887 0 -31182.41481421 0
888 1 26840.70875554 1
889 1 29022.62003001 1
890 0 -34177.50567082 0
891 0 -26622.44781998 0
892 1 36218.47885472 1
893 0 -31862.86624790 0
894 0 -25680.06060750 0
895 0 -27517.95877028 0
896 0 -28181.68221251 0
897 1 27948.13896556 1
898 1 30220.47317115 1
899 0 -29324.81603508 0
900 0 -31871.74638315 0
901 1 21908.06705749 1
902 0 -35465.54686167 0
903 1 24098.93908789 1
904 1 28792.04506936 1
905 0 -26768.54320657 0
906 0 -26983.84237980 0
907 1 22626.87708453 1
908 0 -25403.29005032 0
909 1 32208.33213101 1
910 1 19675.21252751 1
911 1 23138.03782607 1
912 1 24036.67324146 1
913 0 -30418.12188353 0
914 1 22124.01217932 1
915 0 -29848.97287502 0
916 0 -31798.43611846 0
917 1 27460.88469196 1
918 0 -21588.76096564 0
919 1 34292.18095761 1
920 0 -21079.12285842 0
921 0 -28939.27182352 0
922 0 -30789.99238679 0
923 0 -26037.39307047 0
924 1 18105.58230486 1
925 1 21877.09920990 1
926 1 22622.97516195 1
927 0 -28038.10074503 0
928 1 24690.88356619 1
929 1 23288.26644275 1
930 0 -19187.86715861 0
931 0 -18144.31771640 0
932 1 22421.55378120 1
933 1 22823.28766795 1
934 1 31265.99544324 1
935 0 -29184.45615534 0
936 1 23621.02370069 1
937 0 -19866.43135637 0
938 1 24774.84387850 1
939 1 21460.43867910 1
940 1 28037.13699165 1
941 1 32373.29738042 1
942 1 28301.14451855 1
943 0 -19426.83339601 0
944 1 23453.86187719 1
945 1 29497.28663500 1
946 1 25343.20008860 1
947 1 27869.87730043 1
948 0 -26164.61183143 0
949 0 -28492.50791357 0
950 0 -37384.35476301 0
951 1 30470.29945781 1
952 1 28431.12438029 1
953 0 -19719.96673383 0
954 0 -22205.94152185 0
955 1 30587.68123719 1
956 0 -23978.40681969 0
957 1 27138.32350907 1
958 0 -27392.18063006 0
959 1 28546.26173371 1
960 0 -25515.60645263 0
961 0 -28061.90072195 0
962 1 22467.11865845 1
963 1 28436.84470274 1
964 0 -21827.65253338 0
965 0 -18558.94434570 0
966 1 18164.73106548 1
967 0 -14101.75778840 0
968 1 21951.22058634 1
969 1 13252.24474669 1
970 0 -14613.84024676 0
971 1 13768.88517189 1
972 0 -12318.92672612 0
973 1 11553.92443209 1
974 1 12591.46769802 1
975 0 -16278.55044603 0
976 0 -20987.64452905 0
977 1 13279.07002297 1
978 1 17263.39407911 1
979 0 -23591.96586067 0
980 1 17735.00134776 1
981 1 23122.72541837 1
982 1 26103.20504742 1
983 0 -22968.37657173 0
984 0 -10853.24577478 0
985 0 -22288.22151266 0
986 0 -28521.16802392 0
987 0 -20709.71350916 0
988 0 -29167.84848872 0
989 1 29366.84999975 1
990 1 19201.09840174 1
991 0 -23830.38613019 0
992 1 28430.50438184 1
993 1 37533.35068970 1
994 1 18919.53842709 1
995 1 28728.90257058 1
996 0 -24920.61457424 0
997 1 32345.02608260 1
998 1 24798.16959899 1
999 0 -34093.81313877 0
1000 1 28256.03618757 1
1001 0 -26100.83713954 0
1002 0 -30447.22877316 0
1003 0 -28711.96139596 0
1004 0 -30891.34092687 0
1005 1 36149.33720358 1
1006 1 29467.43859999 1
1007 1 25463.52223214 1
1008 0 -25622.25498129 0
1009 0 -28631.26127442 0
1010 1 24444.82325480 1
1011 0 -29286.46467017 0
1012 0 -21790.47192724 0
1013 1 25890.07679403 1
1014 1 23058.72495669 1
1015 0 -20548.20412544 0
1016 1 31077.49679197 1
1017 1 26293.41458423 1
1018 1 22589.91594227 1
1019 1 18626.85074291 1
1020 1 23570.67486804 1
1021 0 -26710.86103441 0
1022 1 24378.99898698 1
1023 1 28324.41041937 1
1024 1 26453.12203520 1
1025 0 -21849.44483462 0
1026 0 -31538.72515849 0
1027 0 -26802.91720832 0
1028 0 -31901.53909263 0
1029 1 25517.65669222 1
1030 0 -30000.12963345 0
1031 0 -23687.52262669 0
1032 0 -23124.82762317 0
1033 0 -15424.49923741 0
1034 1 31926.85649450 1
1035 1 21556.15750916 1
1036 0 -24574.29230173 0
1037 1 22341.63810594 1
1038 1 20513.72161155 1
1039 0 -22805.71332166 0
1040 1 16793.57247635 1
1041 1 27038.64421593 1
1042 0 -27185.82506162 0
1043 0 -30203.95342517 0
1044 0 -23955.94202455 0
1045 0 -17713.55616763 0
1046 1 18193.01787887 1
1047 0 -24421.57859753 0
1048 1 25047.74706814 1
1049 0 -22357.55913821 0
1050 1 21914.34640150 1
1051 0 -19562.61656579 0
1052 0 -16402.15541793 0
1053 1 22381.87731628 1
1054 0 -26412.77572788 0
1055 0 -28804.47105295 0
1056 1 22328.72724599 1
1057 0 -25259.85110171 0
1058 0 -17413.88929909 0
1059 1 16800.01369681 1
1060 0 -20216.38329729 0
1061 0 -23715.88362176 0
1062 0 -27732.89593947 0
1063 1 21089.36317898 1
1064 1 20171.09561103 1
1065 1 16544.62286089 1
1066 0 -20218.63635568 0
1067 0 -16346.40717533 0
1068 0 -22089.10687305 0
1069 1 23560.32946504 1
1070 0 -24055.94970088 0
1071 1 21991.63816350 1
1072 1 14252.58461865 1
1073 0 -19743.33122054 0
1074 0 -21303.11049573 0
1075 0 -20348.76337021 0
1076 1 30236.31579984 1
1077 1 21745.18625954 1
1078 0 -17850.28387214 0
1079 1 18130.20840201 1
1080 1 14817.41202468 1
1081 0 -19773.17001381 0
1082 0 -20843.43750048 0
1083 0 -19901.59639506 0
1084 1 28401.65714994 1
1085 1 16856.08308471 1
1086 0 -16085.41157222 0
1087 1 16249.35385063 1
1088 0 -13610.53273423 0
1089 0 -14201.25901567 0
1090 0 -19808.33293390 0
1091 1 18666.69585247 1
1092 1 15437.00451914 1
1093 0 -9664.69071907 0
1094 1 13958.99289324 1
1095 1 11232.38172685 1
1096 0 -17293.40023252 0
1097 0 -17121.64012134 0
1098 1 17080.68198001 1
1099 0 -19638.05050595 0
1100 0 -10674.99258574 0
1101 1 17383.85091629 1
1102 0 -17747.32665615 0
1103 0 -18675.38595487 0
1104 0 -22902.09944166 0
1105 0 -21752.26610663 0
1106 0 -20879.06143966 0
1107 0 -17501.38843603 0
1108 1 19408.01837508 1
1109 0 -20859.80239515 0
1110 0 -21147.73990956 0
1111 1 27452.32668889 1
1112 0 -24780.20840984 0
1113 0 -17713.16397832 0
1114 0 -20124.51645555 0
1115 0 -22505.00229265 0
1116 1 22569.79451890 1
1117 0 -20565.32754932 0
1118 1 25145.84007827 1
1119 1 27024.46191843 1
1120 0 -22585.72979539 0
1121 0 -22707.70134574 0
1122 0 -30525.44402820 0
1123 1 32775.69538550 1
1124 0 -28646.03832428 0
1125 1 20129.43227787 1
1126 1 24799.82667075 1
1127 0 -20675.71721226 0
1128 0 -17214.95138788 0
1129 1 21275.96057927 1
1130 1 15649.61086311 1
1131 0 -19550.31219009 0
1132 0 -18916.59172628 0
1133 0 -20238.57641227 0
1134 1 14395.94022549 1
1135 0 -16499.02338326 0
1136 0 -15763.29403431 0
1137 1 12681.64966195 1
1138 1 20994.02440041 1
1139 0 -17953.06394357 0
1140 0 -24164.87902140 0
1141 1 22822.61053551 1
1142 1 15148.17588870 1
1143 0 -25609.83148713 0
1144 1 26812.82392195 1
1145 1 22824.75879275 1
1146 1 28162.20137094 1
1147 1 30150.27566824 1
1148 0 -27671.27678876 0
1149 0 -23516.67598343 0
1150 1 22470.24352745 1
1151 1 24664.80643838 1
1152 0 -33176.10717168 0
1153 0 -25600.31436428 0
1154 1 22681.61562429 1
1155 0 -17315.51222520 0
1156 1 15400.88025791 1
1157 1 19608.05555561 1
1158 1 17617.37648527 1
1159 0 -33200.19860376 0
1160 1 30619.69196422 1
1161 0 -22770.54843398 0
1162 1 23315.07058042 1
1163 1 18376.95784824 1
1164 0 -22465.20260656 0
1165 0 -19042.92869496 0
1166 1 30672.43396734 1
1167 0 -26629.21720272 0
1168 0 -22996.51383781 0
1169 1 20604.07204433 1
1170 1 15359.81220416 1
1171 1 22363.81879012 1
1172 0 -20607.79685275 0
1173 0 -27851.58153566 0
1174 0 -25249.32589036 0
1175 0 -26942.80040326 0
1176 0 -33803.56770765 0
1177 1 26304.31279508 1
1178 1 28940.61867498 1
1179 0 -27861.47802487 0
1180 0 -39363.79191470 0
1181 0 -33800.63267485 0
1182 0 -35084.93173902 0
1183 0 -27559.81817274 0
1184 0 -28576.80266765 0
1185 0 -35227.34284737 0
1186 0 -26022.02110684 0
1187 1 32220.28969905 1
1188 0 -35491.05012838 0
1189 1 27950.01570651 1
1190 0 -23170.32723185 0
1191 1 28452.59324478 1
1192 1 29031.70303115 1
1193 1 29756.38993964 1
1194 1 32606.47853114 1
1195 0 -36968.24007534 0
1196 0 -31808.89950649 0
1197 1 22567.68852520 1
1198 1 28746.30607947 1
1199 0 -23765.12211467 0
1200 0 -21842.56853717 0
1201 1 32765.62130825 1
1202 0 -30617.56669618 0
1203 0 -29422.61560286 0
1204 1 17519.74549392 1
1205 0 -20387.24722144 0
1206 1 16812.61967940 1
1207 1 23281.79624543 1
1208 1 22660.54684232 1
1209 1 26588.48293048 1
1210 1 29942.29483177 1
1211 1 12988.84279722 1
1212 1 18729.25024852 1
1213 1 21708.95115130 1
1214 1 13783.41213434 1
1215 0 -17551.80329211 0
1216 0 -21559.52035556 0
1217 1 21655.32856468 1
1218 0 -15902.08547180 0
1219 0 -20678.86179138 0
1220 1 20810.22237063 1
1221 0 -18358.40412392 0
1222 1 23689.31604951 1
1223 0 -27224.00200347 0
1224 1 21373.58308077 1
1225 1 17079.54197525 1
1226 0 -18768.32731707 0
1227 0 -22285.26165861 0
1228 1 18273.15243221 1
1229 1 20644.33901946 1
1230 1 29359.10809616 1
1231 1 19422.13616757 1
1232 0 -14269.51439912 0
1233 0 -12040.12213972 0
1234 1 22126.24868510 1
1235 1 13628.03254790 1
1236 1 19759.39672487 1
1237 0 -23403.61256569 0
1238 1 18985.75375507 1
1239 0 -12745.47853640 0
1240 1 -7622.47773721 0
1241 1 21655.59988167 1
1242 0 -5523.57871907 0
1243 1 28335.93172192 1
1244 1 19484.85368232 1
1245 0 -21773.54624787 0
1246 0 -5675.72080519 0
1247 1 -4993.47923271 0
1248 1 16221.06175061 1
1249 0 -10624.09464845 0
1250 1 18010.44202963 1
1251 0 -21796.83369501 0
1252 1 22582.82822099 1
1253 0 -17824.23139015 0
1254 0 -15515.55242959 0
1255 1 21684.13968273 1
1256 0 -13448.06177041 0
1257 0 -14642.78636018 0
1258 0 -21283.50045445 0
1259 0 -15721.94646680 0
1260 0 -20653.67224370 0
1261 1 13887.43014165 1
1262 1 20218.14620952 1
1263 1 14638.52685644 1
1264 0 -24246.91697290 0
1265 1 19491.28094683 1
1266 1 21251.43988285 1
1267 0 -16079.59605054 0
1268 1 21890.52794034 1
1269 0 -22711.71167602 0
1270 1 23038.86018663 1
1271 0 -30472.85550411 0
1272 0 -22459.74748658 0
1273 0 -33284.09001814 0
1274 1 12585.05324847 1
1275 0 -22353.60599943 0
1276 0 -16565.56094449 0
1277 0 -18199.10633684 0
1278 1 23634.92827878 1
1279 0 -20666.23645803 0
1280 1 22963.86438764 1
1281 1 15129.14235215 1
1282 0 -17093.65474625 0
1283 0 -21467.36368687 0
1284 0 -24980.21534147 0
1285 1 24363.55648623 1
1286 0 -25840.50759994 0
1287 1 28730.96079041 1
1288 0 -22923.85931849 0
1289 1 27527.08351645 1
1290 0 -24094.16997286 0
1291 1 24580.36079744 1
1292 1 24597.41299303 1
1293 0 -28067.08442854 0
1294 1 27201.39683925 1
1295 1 21045.25773715 1
1296 1 19752.43529873 1
1297 1 22025.68196214 1
1298 1 20606.96472589 1
1299 0 -25495.61443763 0
1300 1 25173.79042825 1
1301 0 -25905.32097765 0
1302 0 -16405.76916075 0
1303 0 -19154.39721104 0
1304 0 -21255.16812823 0
1305 0 -20342.86720424 0
1306 1 25859.44239933 1
1307 0 -34844.78620743 0
1308 1 25457.64724285 1
1309 1 24278.76409717 1
1310 0 -22199.95916849 0
1311 1 27486.78487313 1
1312 0 -22677.59959225 0
1313 1 26589.14881139 1
1314 0 -38745.61229993 0
1315 1 34427.11963339 1
1316 1 28307.31799970 1
1317 0 -25057.53963233 0
1318 0 -25308.13142312 0
1319 0 -30820.10166932 0
1320 0 -25100.08009151 0
1321 0 -30416.59277419 0
1322 1 26894.07583772 1
1323 0 -22693.23684354 0
1324 1 22129.77634405 1
1325 1 16145.21094643 1
1326 1 23923.87371739 1
1327 0 -22833.57444483 0
1328 0 -27073.92359981 0
1329 1 26867.51390969 1
1330 1 21106.25769220 1
1331 0 -21497.24951467 0
1332 1 18884.98801939 1
1333 1 25432.22887530 1
1334 0 -22149.50478399 0
1335 0 -31844.32504472 0
1336 1 25668.76618517 1
1337 1 25598.92665606 1
1338 1 20144.61113207 1
1339 0 -21061.66892455 0
1340 0 -20436.09913408 0
1341 1 20899.49247173 1
1342 0 -28245.92424402 0
1343 0 -25158.04418458 0
1344 0 -19721.64641358 0
1345 0 -19555.32776368 0
1346 1 20713.27703254 1
1347 0 -20251.53874331 0
1348 1 18197.62546528 1
1349 1 28056.28637666 1
1350 1 26764.78723363 1
1351 1 24302.60068152 1
1352 0 -29201.32450296 0
1353 0 -25511.29217465 0
1354 1 26759.66665888 1
1355 0 -21644.16562881 0
1356 0 -32449.54545343 0
1357 1 23280.83555516 1
1358 1 27196.97440327 1
1359 0 -23963.66104876 0
1360 1 22825.45257764 1
1361 0 -18470.39926336 0
1362 0 -19848.39148918 0
1363 0 -27070.01768523 0
1364 1 18945.10495451 1
1365 1 16194.49294408 1
1366 0 -20424.96545765 0
1367 0 -24668.41525227 0
1368 0 -23471.35229216 0
1369 1 23036.99886036 1
1370 1 30840.62024626 1
1371 1 21459.44242725 1
1372 1 17491.79687226 1
1373 1 25804.44248432 1
1374 1 22196.64185252 1
1375 0 -23757.79371139 0
1376 1 24112.16834371 1
1377 0 -24205.58789628 0
1378 1 26511.20676310 1
1379 0 -19452.41751304 0
1380 0 -19502.43037065 0
1381 1 22096.85134743 1
1382 0 -24864.04458790 0
1383 0 -24370.92304827 0
1384 1 23076.09007087 1
1385 0 -19374.01249586 0
1386 1 21712.19689534 1
1387 0 -18371.89268505 0
1388 1 21088.54740251 1
1389 0 -20012.02630392 0
1390 0 -14905.58738893 0
1391 0 -26051.07242435 0
1392 0 -22475.98687257 0
1393 0 -19247.75751679 0
1394 1 18984.40369006 1
1395 0 -14139.29754371 0
1396 0 -15153.64991759 0
1397 1 13582.73381417 1
1398 1 17802.20652935 1
1399 0 -11338.39791247 0
1400 0 -10953.95373758 0
1401 0 -13939.19620320 0
1402 1 10884.90371203 1
1403 1 16795.27512029 1
1404 1 5771.12666573 1
1405 0 -16726.79101034 0
1406 1 19415.88462097 1
1407 0 -19515.66680322 0
1408 0 -14395.04688750 0
1409 0 -12278.76405851 0
1410 0 -12289.05669684 0
1411 0 -4768.04292363 0
1412 0 -21490.06997673 0
1413 0 -10730.55460380 0
1414 0 -13814.49470158 0
1415 1 21078.33178504 1
1416 1 20686.65655652 1
1417 0 -11461.58251779 0
1418 1 4876.31237746 1
1419 0 -22079.90135982 0
1420 1 14992.39730846 1
1421 0 -21058.94218104 0
1422 1 19728.81086349 1
1423 1 19648.93511884 1
1424 1 18532.93649403 1
1425 1 14039.79150823 1
1426 1 23037.28572097 1
1427 0 -18639.72663931 0
1428 1 24346.32606837 1
1429 1 22638.50131356 1
1430 0 -19582.33922205 0
1431 0 -18502.34062399 0
1432 1 16963.47612573 1
1433 0 -26015.40103606 0
1434 0 -27070.26291491 0
1435 0 -23099.72593093 0
1436 1 20293.38814627 1
1437 1 24826.14125791 1
1438 1 22324.78178622 1
1439 0 -21098.55426594 0
1440 1 29377.43994664 1
1441 1 19774.15097538 1
1442 1 26734.40968438 1
1443 1 26390.94006880 1
1444 0 -22134.39221722 0
1445 0 -23962.43841976 0
1446 0 -19214.30271829 0
1447 0 -30542.64730143 0
1448 1 24024.99857398 1
1449 1 28993.09428096 1
1450 0 -29194.97933535 0
1451 1 24849.62050962 1
1452 0 -24033.25080544 0
1453 1 22157.85705509 1
1454 1 33767.01245833 1
1455 1 23500.57847459 1
1456 1 23117.71070007 1
1457 0 -30343.67643225 0
1458 0 -28853.18284816 0
1459 0 -23584.56563821 0
1460 1 26527.43319866 1
1461 1 34202.05789133 1
1462 0 -28090.70718467 0
1463 1 29326.94523761 1
1464 1 29127.81813281 1
1465 0 -37575.33090212 0
1466 0 -28418.09330906 0
1467 0 -23549.45467436 0
1468 0 -28477.18849782 0
1469 1 23700.80144296 1
1470 1 30637.80920226 1
1471 0 -27770.64128386 0
1472 1 22380.86164800 1
1473 1 26112.67092143 1
1474 1 18134.25034745 1
1475 0 -26032.39460580 0
1476 1 23712.74455214 1
1477 1 26670.76917176 1
1478 0 -23828.33033723 0
1479 0 -21713.54412084 0
1480 0 -24841.67962918 0
1481 0 -25223.71965495 0
1482 1 29020.75064185 1
1483 0 -25006.89330361 0
1484 1 23371.39381600 1
1485 1 23429.32882547 1
1486 1 25477.84524311 1
1487 1 23361.56967724 1
1488 0 -21571.78426048 0
1489 0 -27083.55641560 0
1490 1 29513.49572707 1
1491 1 20870.02409539 1
1492 1 23080.20509523 1
1493 0 -30384.74079468 0
1494 0 -34761.44974743 0
1495 1 25609.50942610 1
1496 1 32163.56394766 1
1497 1 34304.93329444 1
1498 1 27195.70487625 1
1499 1 24591.86420463 1
1500 0 -29039.11640953 0
1501 0 -31357.59858233 0
1502 0 -30932.82439007 0
1503 1 35791.58501218 1
1504 0 -33209.02686431 0
1505 1 28474.51354364 1
1506 1 26067.15738129 1
1507 1 30472.63294450 1
1508 1 30635.90888731 1
1509 0 -32348.38528771 0
1510 1 31369.31098459 1
1511 0 -33204.68193294 0
1512 0 -34861.25610050 0
1513 0 -27629.21958525 0
1514 1 27912.41954449 1
1515 1 30242.10331378 1
1516 0 -27688.31480397 0
1517 0 -32943.35082237 0
1518 0 -33116.86796176 0
1519 1 31216.32177082 1
1520 0 -24800.30988673 0
1521 1 29260.30869387 1
1522 0 -27720.94640324 0
1523 0 -26534.91523080 0
1524 1 31901.81996153 1
1525 0 -31745.04656054 0
1526 1 28541.96206492 1
1527 0 -30675.81347464 0
1528 0 -31559.30219900 0
1529 0 -23951.75752275 0
1530 1 25897.88012785 1
1531 0 -34578.73608114 0
1532 1 33467.63606941 1
1533 0 -26726.12535429 0
1534 0 -26781.33226348 0
1535 0 -31516.63049940 0
1536 1 21283.52351326 1
1537 0 -30479.01864610 0
1538 0 -27815.89842066 0
1539 0 -29948.27858503 0
1540 1 22548.91844001 1
1541 1 28577.12082882 1
1542 0 -26597.64588734 0
1543 1 23557.90351786 1
1544 0 -33859.04187686 0
1545 1 28844.30148012 1
1546 0 -30503.46915682 0
1547 1 23964.52666996 1
1548 1 23514.64383345 1
1549 1 21978.70430389 1
1550 0 -26710.14735313 0
1551 1 18655.61658883 1
1552 0 -24874.51667108 0
1553 0 -23896.83649707 0
1554 1 27193.81912789 1
1555 0 -21690.60103877 0
1556 1 20456.34208194 1
1557 0 -27900.77448987 0
1558 1 24246.49109798 1
1559 1 27377.23683668 1
1560 1 22808.24011865 1
1561 0 -25810.34645845 0
1562 1 27118.95241168 1
1563 0 -21582.15723548 0
1564 0 -28190.50192341 0
1565 0 -18771.94039668 0
1566 0 -28563.13792103 0
1567 0 -29778.82487664 0
1568 0 -28098.85863215 0
1569 1 27739.84359787 1
1570 1 23739.38581779 1
1571 1 26410.55151800 1
1572 1 17355.93049296 1
1573 0 -28816.55336634 0
1574 1 36811.78346359 1
1575 1 31047.62375564 1
1576 0 -27926.03923575 0
1577 1 23489.75202166 1
1578 1 28597.62408863 1
1579 0 -27245.15341239 0
1580 0 -32793.06187352 0
1581 0 -32922.09447667 0
1582 1 35151.48508773 1
1583 0 -45245.49265844 0
1584 0 -23388.91056623 0
1585 1 31917.36130829 1
1586 0 -28654.46292474 0
1587 1 34371.24227734 1
1588 0 -27621.03812778 0
1589 1 35692.06984429 1
1590 0 -31828.31371648 0
1591 0 -22750.03179285 0
1592 0 -28746.97326252 0
1593 0 -23052.16692476 0
1594 0 -22986.06246375 0
1595 1 24099.31723718 1
1596 0 -26408.51485703 0
1597 0 -23646.12273952 0
1598 0 -17554.72879438 0
1599 1 31606.92959816 1
1600 1 22138.91373239 1
1601 0 -28289.35559548 0
1602 1 22303.17073125 1
1603 1 22881.25754759 1
1604 0 -26726.51819652 0
1605 0 -19152.13611739 0
1606 0 -23762.58662324 0
1607 0 -21801.57840197 0
1608 1 23787.69170688 1
1609 0 -21591.78692060 0
1610 0 -24086.45626871 0
1611 0 -29421.23201740 0
1612 0 -25268.94038973 0
1613 1 23984.18625458 1
1614 1 25934.02074558 1
1615 1 29181.02618375 1
1616 1 23872.13488817 1
1617 0 -32298.95705515 0
1618 0 -29296.72847403 0
1619 1 30285.46041920 1
1620 0 -27958.48179945 0
1621 1 26733.22247914 1
1622 1 31555.36476057 1
1623 1 24143.36293712 1
1624 1 27429.25182802 1
1625 0 -34523.42881550 0
1626 1 29949.07022805 1
1627 0 -34253.69274365 0
1628 1 28491.56785622 1
1629 1 29951.49898207 1
1630 1 28354.44344909 1
1631 1 27583.92711505 1
1632 0 -30889.64904908 0
1633 0 -26753.22269239 0
1634 0 -36637.83281761 0
1635 1 35383.42411121 1
1636 1 41910.96128809 1
1637 1 28838.41257614 1
1638 1 33023.52633947 1
1639 1 33815.03834945 1
1640 1 32340.89963905 1
1641 0 -35901.49118819 0
1642 0 -40635.54190572 0
1643 1 32943.42818839 1
1644 1 35500.21518793 1
1645 0 -29308.28152091 0
1646 0 -37511.05482339 0
1647 0 -28412.58168339 0
1648 0 -30433.97583867 0
1649 1 29304.93298993 1
1650 1 36470.66944549 1
1651 0 -33893.81656831 0
1652 1 31260.89298267 1
1653 0 -26660.26881752 0
1654 1 29251.12945097 1
1655 1 32387.31467055 1
1656 0 -27684.38061789 0
1657 1 35552.83809651 1
1658 1 32842.43383574 1
1659 1 30654.69761868 1
1660 0 -26150.28583380 0
1661 0 -28729.65920295 0
1662 1 31812.49426452 1
1663 1 31049.25449012 1
1664 1 35538.07234577 1
1665 0 -27196.68203316 0
1666 0 -26639.29112227 0
1667 1 29307.91113877 1
1668 0 -29941.28486714 0
1669 1 31035.80222802 1
1670 0 -31994.02394845 0
1671 1 32685.16375013 1
1672 0 -29898.34402658 0
1673 0 -24882.43859934 0
1674 0 -28139.70530651 0
1675 0 -27050.80431590 0
1676 0 -29119.69159684 0
1677 1 30795.92521533 1
1678 0 -24499.88870535 0
1679 1 24008.95618065 1
1680 1 18661.94019916 1
1681 1 27636.81849342 1
1682 0 -16414.57562598 0
1683 0 -23227.72814566 0
1684 0 -20962.76734067 0
1685 0 -26630.38236676 0
1686 0 -17829.80062036 0
1687 1 25216.00421035 1
1688 1 25539.13906888 1
1689 1 18928.16821829 1
1690 1 20038.82796057 1
1691 0 -19542.46961629 0
1692 0 -27159.31213577 0
1693 1 22628.42856156 1
1694 1 25827.61600942 1
1695 1 25562.10441914 1
1696 0 -21553.99105199 0
1697 1 20225.82325188 1
1698 0 -21798.48664298 0
1699 0 -28584.11415806 0
1700 0 -23878.64122853 0
1701 1 20604.67721769 1
1702 1 18165.96784799 1
1703 1 20354.17711001 1
1704 1 18979.14543224 1
1705 1 23219.08150687 1
1706 1 21880.01358371 1
1707 0 -18535.30227435 0
1708 0 -22369.64424092 0
1709 1 24036.23164261 1
1710 1 25954.52113464 1
1711 0 -26873.36751260 0
1712 0 -25838.38697580 0
1713 1 28059.97759283 1
1714 0 -22295.13477988 0
1715 0 -24040.17552077 0
1716 1 25952.29990233 1
1717 1 26167.86474047 1
1718 1 25624.33251144 1
1719 0 -29077.58738880 0
1720 0 -27429.61236926 0
1721 0 -16946.97550317 0
1722 0 -23980.47759021 0
1723 0 -24142.07170785 0
1724 0 -29082.84159782 0
1725 1 35010.94076324 1
1726 1 25360.01701130 1
1727 0 -14426.41882367 0
1728 1 12076.83027794 1
1729 0 -22404.41573253 0
1730 0 -14325.20191521 0
1731 1 24936.10637677 1
1732 1 25084.04051132 1
1733 1 22890.52297332 1
1734 0 -15220.56990130 0
1735 0 -12935.60575058 0
1736 0 -23337.60444087 0
1737 1 16297.42692891 1
1738 0 -22781.14897058 0
1739 1 24167.04778409 1
1740 1 25082.61694642 1
1741 1 21614.33872836 1
1742 0 -20862.18289835 0
1743 1 19983.28935534 1
1744 0 -24861.29410831 0
1745 1 28558.37205897 1
1746 0 -27769.24809357 0
1747 0 -27504.97220075 0
1748 1 23706.77092489 1
1749 1 22775.23601040 1
1750 1 19398.75412385 1
1751 0 -21057.14952375 0
1752 0 -26103.51156609 0
1753 1 21867.85313166 1
1754 1 27989.91443196 1
1755 0 -24231.21152958 0
1756 0 -19120.41838166 0
1757 1 22564.98418514 1
1758 1 24040.41670018 1
1759 0 -19890.44030832 0
1760 0 -21543.20007277 0
1761 0 -28151.02551910 0
1762 0 -24175.84693597 0
1763 1 19383.58855830 1
1764 0 -26222.89935749 0
1765 1 18841.09716804 1
1766 0 -18063.88958694 0
1767 1 22616.04203075 1
1768 1 29422.18616733 1
1769 0 -27060.35027146 0
1770 0 -25124.72343266 0
1771 0 -27268.70728473 0
1772 0 -24653.53993372 0
1773 0 -23488.38418108 0
1774 0 -35812.83488750 0
1775 1 31389.45407719 1
1776 1 24486.31660538 1
1777 0 -26311.67669049 0
1778 1 24464.32932751 1
1779 0 -26754.63319400 0
1780 1 23829.13252051 1
1781 1 24836.14626816 1
1782 0 -23021.37032021 0
1783 0 -22382.34701224 0
1784 1 26752.17409356 1
1785 1 23509.80955413 1
1786 0 -27068.90525228 0
1787 1 21880.83980143 1
1788 1 26765.35028577 1
1789 0 -21916.58618173 0
1790 0 -23479.16795325 0
1791 0 -29251.56258900 0
1792 1 30535.43984146 1
1793 1 28607.69181790 1
1794 0 -24139.93641012 0
1795 0 -28742.96081147 0
1796 0 -26258.84740641 0
1797 1 27762.94958652 1
1798 0 -28013.69521632 0
1799 1 30879.89021267 1
1800 1 30010.32438561 1
1801 1 26063.17295482 1
1802 0 -29515.58925323 0
1803 1 25477.22299027 1
1804 0 -40485.55122962 0
1805 1 26941.69324159 1
1806 0 -31739.35138407 0
1807 0 -29260.47341699 0
1808 0 -25630.00697590 0
1809 0 -26302.63531928 0
1810 0 -31905.46468020 0
1811 1 28620.51329576 1
1812 1 30808.61138177 1
1813 0 -24101.28387360 0
1814 1 23517.83605667 1
1815 0 -16597.89989504 0
1816 0 -21425.15047484 0
1817 0 -23857.99157171 0
1818 1 23346.93047469 1
1819 0 -25605.05637511 0
1820 0 -22337.40377153 0
1821 0 -20125.26173388 0
1822 0 -21733.07122323 0
1823 0 -21445.51171609 0
1824 0 -26900.55661404 0
1825 1 21473.05277150 1
1826 0 -18498.56656073 0
1827 0 -32165.71904245 0
1828 0 -23807.58670618 0
1829 0 -21887.54140078 0
1830 0 -25485.43745547 0
1831 1 17168.69870754 1
1832 1 21497.73811432 1
1833 0 -20683.95346275 0
1834 0 -25379.96652902 0
1835 0 -18998.34138921 0
1836 1 15371.48480481 1
1837 1 22253.18707955 1
1838 1 21297.72480684 1
1839 1 21945.79505678 1
1840 1 18232.51436344 1
1841 0 -21839.84043216 0
1842 1 18603.71505723 1
1843 1 20519.64551183 1
1844 1 20184.03370822 1
1845 1 20369.22263353 1
1846 1 19443.11546587 1
1847 1 13965.68362799 1
1848 0 -18231.91565508 0
1849 0 -13705.89539050 0
1850 1 9768.77848771 1
1851 0 -14663.87164580 0
1852 0 -18157.60648811 0
1853 0 -13365.94319002 0
1854 1 17556.17817675 1
1855 1 25054.73413969 1
1856 0 -12944.56199785 0
1857 0 -9570.66939854 0
1858 0 -16409.64926786 0
1859 1 20957.43187450 1
1860 0 -12454.48854994 0
1861 0 -21412.97878268 0
1862 1 20087.21448098 1
1863 0 -24536.93076693 0
1864 1 13880.86052968 1
1865 1 24685.31994360 1
1866 1 24743.39382025 1
1867 1 20769.35927792 1
1868 1 22798.05750075 1
1869 1 15434.96848722 1
1870 0 -16852.32634458 0
1871 1 15144.37408123 1
1872 1 21006.74649202 1
1873 1 21542.82542727 1
1874 0 -19289.61748009 0
1875 0 -20552.20328489 0
1876 1 16091.55023666 1
1877 0 -18548.67128722 0
1878 0 -13344.58464244 0
1879 0 -14818.07560712 0
1880 1 18062.04977234 1
1881 1 17377.32320202 1
1882 1 18577.83070611 1
1883 1 11590.24624954 1
1884 1 18564.59532882 1
1885 0 -16998.01668183 0
1886 0 -10025.79558561 0
1887 0 -15010.10227190 0
1888 0 -20315.08566976 0
1889 1 17959.82846573 1
1890 1 12138.37881557 1
1891 0 -18248.72113826 0
1892 1 16014.88575334 1
1893 1 11263.62037274 1
1894 0 -19135.35698255 0
1895 0 -19031.74444051 0
1896 0 -30492.24316223 0
1897 0 -13250.58225120 0
1898 0 -17953.40817485 0
1899 1 18001.81021526 1
1900 0 -13610.84214098 0
1901 0 -18643.63212755 0
1902 0 -23168.57174549 0
1903 0 -17882.62011465 0
1904 1 14226.97632718 1
1905 1 15529.00840013 1
1906 0 -19255.68899740 0
1907 1 18734.06080943 1
1908 1 17563.42097840 1
1909 1 17806.76388931 1
1910 0 -22246.79725188 0
1911 0 -16832.33682621 0
1912 1 19882.34511196 1
1913 1 19573.36923903 1
1914 0 -14363.79410120 0
1915 0 -22210.93897791 0
1916 0 -17668.76558289 0
1917 1 20997.05215054 1
1918 1 13988.64616743 1
1919 0 -13088.75884580 0
1920 1 13703.25158955 1
1921 0 -21682.03424939 0
1922 0 -16161.98185539 0
1923 1 19068.20223256 1
1924 0 -22461.65967177 0
1925 0 -20908.16330387 0
1926 1 16098.08442077 1
1927 0 -16346.01166604 0
1928 0 -16469.95493298 0
1929 1 17111.24308702 1
1930 1 26156.97054706 1
1931 1 16079.83510028 1
1932 1 12708.92194796 1
1933 0 -18673.74863237 0
1934 1 17292.17561715 1
1935 1 16151.94819106 1
1936 1 15412.60098935 1
1937 0 -16620.98373733 0
1938 1 14073.06129926 1
1939 1 24892.30017249 1
1940 1 21541.75423590 1
1941 0 -16900.50961345 0
1942 0 -19255.07267935 0
1943 0 -14910.66577718 0
1944 1 17799.67269382 1
1945 0 -20473.23340699 0
1946 1 17540.06768103 1
1947 0 -19183.57850212 0
1948 1 16493.91001330 1
1949 0 -20340.72502291 0
1950 1 8213.33225280 1
1951 1 17030.55599308 1
1952 1 15034.83979060 1
1953 0 -11657.52226848 0
1954 1 17238.66986810 1
1955 1 12367.76041691 1
1956 1 13067.93868612 1
1957 1 7710.30623407 1
1958 1 14478.94764432 1
1959 0 -15651.90816415 0
1960 0 -12312.52054746 0
1961 1 12854.41436569 1
1962 1 15522.26628686 1
1963 0 -11742.07704190 0
1964 1 7150.51331264 1
1965 0 -16781.63880280 0
1966 0 -15245.57345638 0
1967 1 16688.94432729 1
1968 1 20946.68433613 1
1969 1 19517.80042221 1
1970 0 -12517.80514180 0
1971 0 -17314.96571394 0
1972 0 -16766.08598688 0
1973 0 -21762.01801092 0
1974 0 -11919.55927549 0
1975 0 -18366.90725668 0
1976 1 10483.80040001 1
1977 0 -17125.13534181 0
1978 1 9672.25059984 1
1979 0 -13648.43244131 0
1980 1 15028.11732459 1
1981 0 -21154.39661114 0
1982 1 7959.69295623 1
1983 0 -15396.79654953 0
1984 1 14505.03600982 1
1985 0 -12226.54478903 0
1986 0 -13132.78115993 0
1987 0 -4777.40580318 0
1988 0 -8994.00996112 0
1989 0 2170.77110442 1
1990 1 5690.82504920 1
1991 0 4036.07714695 1
1992 0 -2170.77110442 0
1993 1 7053.98258152 1
1994 1 -3156.52308132 0
1995 1 3156.52308132 1
1996 1 4792.98096105 1
1997 0 2170.77110442 1
1998 1 5235.39473638 1
1999 0 -4614.53366022 0
2000 1 7573.07007052 1
2001 1 7985.67105857 1
2002 0 -9004.93111072 0
2003 1 6918.38534374 1
2004 0 -12393.20204346 0
2005 0 -16644.46194296 0
2006 0 -17151.25847447 0
2007 1 16263.32031510 1
2008 0 -15610.64572595 0
2009 1 16624.77493121 1
2010 0 -12115.19435882 0
2011 1 9328.64105000 1
2012 1 12118.54612788 1
2013 0 -8736.70844717 0
2014 0 -12530.01414254 0
2015 0 -11134.74308763 0
2016 1 4162.70947140 1
2017 0 -11396.42805644 0
2018 0 -7328.53751413 0
2019 1 8091.62298861 1
2020 0 -3002.08300242 0
2021 1 11029.07951462 1
2022 0 -3623.71814470 0
2023 0 -7611.26653758 0
2024 0 -9082.44188487 0
2025 1 6665.23374452 1
2026 0 -3759.46530699 0
2027 0 -12797.00678284 0
2028 1 12169.03772382 1
2029 0 -12041.55870207 0
2030 1 19767.60626843 1
2031 1 11749.58945644 1
2032 0 -12841.25885550 0
2033 0 -5876.45990916 0
2034 1 14876.26116235 1
2035 1 16226.07911927 1
2036 0 -13519.89389338 0
2037 1 9603.46501806 1
2038 0 -12059.76698079 0
2039 0 -9034.79539171 0
2040 0 -15695.00892478 0
2041 1 16513.58360359 1
2042 0 -13094.01029752 0
2043 0 -19652.61629990 0
2044 1 11584.23913257 1
2045 0 -15878.53831377 0
2046 0 -12412.88370561 0
2047 1 11093.66943989 1
2048 0 -14345.89921613 0
2049 1 10948.51876306 1
2050 1 9613.32704564 1
2051 1 10801.34635120 1
2052 0 -14189.57790875 0
2053 0 -8732.14831084 0
2054 1 11803.04434396 1
2055 1 12670.21110173 1
2056 1 11874.90199212 1
2057 0 -10108.49594459 0
2058 1 9885.61414577 1
2059 0 -14992.95922313 0
2060 0 -8490.69211661 0
2061 1 15860.66293076 1
2062 1 10433.54985955 1
2063 0 -9706.20864808 0
2064 1 20310.80313641 1
2065 1 10345.01402360 1
2066 1 10698.98017655 1
2067 0 -9654.48327029 0
2068 0 -13438.80461376 0
2069 0 -9594.57022523 0
2070 0 -14791.08509948 0
2071 0 -19568.38227902 0
2072 1 15571.82068717 1
2073 1 11288.55550901 1
2074 0 -14522.65582857 0
2075 0 -15260.31388954 0
2076 0 -15610.50227173 0
2077 0 -16983.05655907 0
2078 1 17800.31871015 1
2079 0 -16760.43565369 0
2080 0 -11546.82819194 0
2081 0 -13088.35136331 0
2082 0 -22153.02068213 0
2083 0 -8848.68835633 0
2084 1 23318.26069078 1
2085 0 -22654.23969674 0
2086 1 17201.92656849 1
2087 0 -11649.82966193 0
2088 1 16445.30303714 1
2089 0 -27091.99627396 0
2090 1 13149.05466689 1
2091 0 -23327.63896200 0
2092 1 20972.10582748 1
2093 0 -21001.63637597 0
2094 0 -15427.04908619 0
2095 0 -18760.33185240 0
2096 0 -28988.19621528 0
2097 1 14646.79939915 1
2098 0 -24740.61150170 0
2099 0 -21802.37395850 0
2100 1 21947.60196933 1
2101 0 -22520.10860741 0
2102 1 22781.77040643 1
2103 0 -37364.75411766 0
2104 1 22965.62261007 1
2105 0 -31017.77912997 0
2106 1 29686.39073896 1
2107 0 -24524.05746895 0
2108 0 -31260.34155485 0
2109 1 25764.44666593 1
2110 1 28505.07807699 1
2111 0 -26088.35950331 0
2112 1 23196.10711973 1
2113 1 31078.20315484 1
2114 1 20337.99700366 1
2115 0 -30681.56140941 0
2116 1 20476.42893914 1
2117 1 20300.62803899 1
2118 1 21430.74544178 1
2119 0 -17541.53768086 0
2120 1 17027.34545449 1
2121 1 13446.01031663 1
2122 0 -18129.81739182 0
2123 0 -13109.29427955 0
2124 0 -14792.63953014 0
2125 1 16340.06302095 1
2126 0 -14214.47063433 0
2127 1 13474.87173910 1
2128 0 -14150.27374774 0
2129 0 -12463.46036878 0
2130 0 8181.01986651 1
2131 1 10096.58452101 1
2132 1 -5372.24356508 0
2133 1 -5625.35783678 0
2134 0 7757.19224984 1
2135 1 11242.23280626 1
2136 0 -13294.00126892 0
2137 1 14142.80990042 1
2138 0 -13718.72311953 0
2139 0 -12755.73052916 0
2140 1 10910.29962107 1
2141 1 12104.87125835 1
2142 1 -3725.86437481 0
2143 1 8880.91851352 1
2144 0 -15651.34112042 0
2145 1 10009.49695780 1
2146 0 3997.92140234 1
2147 1 -5768.72649152 0
2148 1 13661.87257584 1
2149 0 -4099.79022598 0
2150 1 15223.87686242 1
2151 1 15413.85249919 1
2152 0 -13608.98091720 0
2153 1 12634.09345247 1
2154 1 15242.53343205 1
2155 0 -20371.32660190 0
2156 0 -15800.61364152 0
2157 1 16493.08649854 1
2158 1 14466.99900667 1
2159 0 -17010.74930471 0
2160 1 14039.68201266 1
2161 0 -16910.52345860 0
2162 1 30342.46927601 1
2163 0 -14225.93344090 0
2164 0 -18963.13517750 0
2165 1 18672.73043946 1
2166 1 17737.58068965 1
2167 1 12928.24300327 1
2168 0 -13487.51680209 0
2169 0 -13966.49034528 0
2170 0 -14919.71886799 0
2171 1 18758.61344552 1
2172 0 -20402.56580898 0
2173 1 19779.18849084 1
2174 1 20827.01943508 1
2175 1 19146.73036146 1
2176 0 -20101.51267717 0
2177 1 16336.23060334 1
2178 1 24013.05545402 1
2179 0 -15907.74785810 0
2180 1 16501.45621497 1
2181 0 -24457.80105232 0
2182 0 -14345.01807809 0
2183 0 -14519.72552917 0
2184 0 -16216.79517311 0
2185 0 -16571.31486980 0
2186 0 -16863.91192893 0
2187 0 -16949.49838003 0
2188 0 -19040.26196007 0
2189 0 -10091.62968058 0
2190 0 -19334.52145790 0
2191 1 18568.42997601 1
2192 0 -18710.77478407 0
2193 1 19542.98518506 1
2194 1 19060.26310346 1
2195 0 -17191.22525691 0
2196 1 13440.42266149 1
2197 1 17335.11497223 1
2198 0 -18561.55011845 0
2199 0 -19175.82101085 0
2200 1 20643.17251477 1
2201 0 -19171.49528303 0
2202 0 -22260.75935256 0
2203 1 20461.31637523 1
2204 0 -22956.29972767 0
2205 0 -20040.59946476 0
2206 1 21824.93850981 1
2207 0 -25121.66833815 0
2208 1 30427.62459734 1
2209 0 -19677.11581421 0
2210 1 25737.99726669 1
2211 1 19791.53185273 1
2212 1 21165.15410017 1
2213 1 17693.24965737 1
2214 1 17578.43211126 1
2215 0 -10356.13007159 0
2216 1 22150.14599831 1
2217 1 20655.80811117 1
2218 1 19950.34163643 1
2219 1 36628.37262000 1
2220 0 -20068.67245450 0
2221 1 20230.78464768 1
2222 1 12650.08244656 1
2223 0 -17290.98573922 0
2224 0 -18433.30683239 0
2225 0 -22242.97168182 0
2226 1 18777.20581939 1
2227 0 -16493.35018137 0
2228 0 -18432.91912993 0
2229 0 -17100.78803266 0
2230 1 15539.86226360 1
2231 1 23441.59427346 1
2232 1 25240.68449797 1
2233 0 -27005.97061547 0
2234 1 17842.60647253 1
2235 0 -19445.95919779 0
2236 0 -12004.57118209 0
2237 1 19106.16555465 1
2238 1 21313.51702667 1
2239 0 -23246.48319793 0
2240 1 19611.37682702 1
2241 0 -19956.61354538 0
2242 0 -19836.32726876 0
2243 0 -16453.82746417 0
2244 1 22815.23039751 1
2245 1 28944.22684768 1
2246 1 21864.01745541 1
2247 0 -18251.70349949 0
2248 1 10936.93957086 1
2249 1 21400.22548905 1
2250 0 -6697.67368853 0
2251 1 19771.54706920 1
2252 1 13484.48169547 1
2253 1 17481.37425213 1
2254 1 9110.33387975 1
2255 1 11864.49518567 1
2256 0 -9806.11183537 0
2257 0 -9056.37973634 0
2258 1 9298.69294402 1
2259 1 14978.96373661 1
2260 0 -14497.90035179 0
2261 0 -8463.16910442 0
2262 0 -9833.80068401 0
2263 0 -11738.33509920 0
2264 1 15161.39418053 1
2265 0 -17158.69317921 0
2266 1 17521.04857630 1
2267 1 19067.77173516 1
2268 1 12897.91107156 1
2269 0 -12357.86090608 0
2270 0 -14415.58502925 0
2271 0 -11836.29328820 0
2272 0 -15547.07651095 0
2273 0 -22587.69453819 0
2274 0 -18954.34140318 0
2275 0 -13568.68185848 0
2276 0 -19827.20782253 0
2277 1 18240.15178372 1
2278 0 -26567.49675010 0
2279 0 -25447.63371343 0
2280 0 -21755.27019830 0
2281 0 -21968.95238236 0
2282 0 -27662.11784629 0
2283 1 29063.22951188 1
2284 0 -21970.92314116 0
2285 1 15509.06631792 1
2286 1 23330.99014751 1
2287 1 32420.02848523 1
2288 0 -25727.60364395 0
2289 1 25153.19709747 1
2290 0 -19141.67388938 0
2291 0 -19739.43869161 0
2292 1 17652.41179420 1
2293 1 21375.05699868 1
2294 0 -32230.12967246 0
2295 0 -23836.31189011 0
2296 0 -21448.34238031 0
2297 1 20129.92822767 1
2298 1 21887.48155528 1
2299 0 -20391.48136157 0
2300 1 19955.59082701 1
2301 0 -26711.56115418 0
2302 1 24339.75350779 1
2303 0 -20302.44296432 0
2304 0 -24284.26479005 0
2305 0 -21998.16791587 0
2306 1 19927.42307178 1
2307 0 -23792.77029715 0
2308 1 26470.50585797 1
2309 1 22835.57025625 1
2310 1 21850.71771951 1
2311 1 32110.86491959 1
2312 0 -25710.66511196 0
2313 1 18904.79819116 1
2314 1 24956.38300756 1
2315 0 -29503.26440951 0
2316 0 -22444.92978688 0
2317 0 -25563.13735318 0
2318 1 20924.83078703 1
2319 0 -21484.40237654 0
2320 0 -19933.35969290 0
2321 1 22139.16391209 1
2322 0 -29271.94116965 0
2323 1 25779.33430985 1
2324 1 22948.55084775 1
2325 1 21352.86857808 1
2326 0 -25037.09322267 0
2327 1 18376.67132757 1
2328 1 24002.93705576 1
2329 1 31866.85830661 1
2330 1 30986.06000915 1
2331 1 26180.57953983 1
2332 1 19978.75539419 1
2333 0 -27928.31378578 0
2334 1 23064.70096992 1
2335 0 -24566.09806541 0
2336 1 33367.57135305 1
2337 0 -31045.94902410 0
2338 1 27955.70017556 1
2339 0 -27325.55003113 0
2340 1 30894.36294733 1
2341 0 -23916.37986909 0
2342 0 -26374.88473320 0
2343 1 28465.92481023 1
2344 1 28853.86584122 1
2345 1 21797.27786699 1
2346 1 26089.62654827 1
2347 1 27931.14991555 1
2348 0 -28898.47508933 0
2349 1 25295.49797039 1
2350 1 27283.63553616 1
2351 0 -24547.00776240 0
2352 0 -19244.46873211 0
2353 0 -31013.66595023 0
2354 0 -28467.58878931 0
2355 0 -24170.93434454 0
2356 0 -27263.00217490 0
2357 1 32608.14313452 1
2358 0 -30282.58138884 0
2359 1 30608.84570409 1
2360 1 27373.40418168 1
2361 0 -29710.46248383 0
2362 1 28588.00929037 1
2363 1 25797.49651088 1
2364 0 -28997.79354311 0
2365 0 -21210.80310302 0
2366 0 -24993.71687831 0
2367 1 25600.57307220 1
2368 1 21826.98578822 1
2369 0 -22312.34115627 0
2370 1 25560.39324858 1
2371 1 24038.93994650 1
2372 0 -21287.73693718 0
2373 0 -21181.12438985 0
2374 1 22605.38913623 1
2375 0 -19173.10628007 0
2376 0 -17524.89067982 0
2377 0 -21211.13038529 0
2378 1 22499.83236852 1
2379 0 -21733.71871597 0
2380 0 -20461.88216926 0
2381 1 25472.49523877 1
2382 0 -16274.47606019 0
2383 1 18188.67585480 1
2384 1 21465.34363803 1
2385 0 -24662.05594846 0
2386 1 26138.33705614 1
2387 0 -27300.41314454 0
2388 0 -26753.51757350 0
2389 1 24578.32564181 1
2390 0 -24144.95259749 0
2391 0 -22755.17603713 0
2392 1 32795.39828988 1
2393 1 23527.03314733 1
2394 1 24676.24736420 1
2395 0 -15623.22375344 0
2396 0 -18076.38337801 0
2397 1 13941.54850044 1
2398 0 -15232.16110477 0
2399 1 17530.92438131 1
2400 1 20544.70486204 1
2401 1 18239.75808302 1
2402 0 -13327.95284410 0
2403 0 -10357.55941003 0
2404 0 -14936.51017629 0
2405 1 13677.30055135 1
2406 1 23283.09173193 1
2407 0 -19414.66769503 0
2408 1 19216.54643982 1
2409 1 12032.79300925 1
2410 1 10655.20240705 1
2411 0 -17490.20455138 0
2412 1 16404.23310057 1
2413 0 -24717.68653174 0
2414 0 -22594.52988539 0
2415 0 -21975.87553362 0
2416 0 -17526.66527784 0
2417 1 19052.32053628 1
2418 0 -20190.68364492 0
2419 1 21331.37617803 1
2420 0 -23928.30162283 0
2421 1 18635.22563106 1
2422 1 23335.81631792 1
2423 0 -19332.15205402 0
2424 0 -19986.89032646 0
2425 1 23969.58358842 1
2426 1 16458.75952551 1
2427 0 -18795.02933848 0
2428 0 -16620.59161726 0
2429 1 21543.94607547 1
2430 0 -19564.67453137 0
2431 0 -18837.71171577 0
2432 0 -28612.13122043 0
2433 1 23033.33069092 1
2434 0 -16365.49077464 0
2435 0 -23496.77195304 0
2436 1 19412.71376160 1
2437 1 22173.19796179 1
2438 0 -26514.49848449 0
2439 0 -19906.64222336 0
2440 1 23111.79710417 1
2441 1 24914.60544567 1
2442 1 20805.84504605 1
2443 0 -17708.00466856 0
2444 0 -13051.63629742 0
2445 1 19759.29748053 1
2446 1 13517.75333941 1
2447 0 -15956.61794520 0
2448 1 12158.40148842 1
2449 0 -10437.65758428 0
2450 0 -15757.95877617 0
2451 1 14122.04675146 1
2452 1 21456.01858929 1
2453 1 18698.55952043 1
2454 0 -15683.27074769 0
2455 1 19263.26986025 1
2456 0 -16977.03363902 0
2457 0 -21707.53360658 0
2458 0 -19789.85761662 0
2459 0 -16805.12350153 0
2460 1 18254.75059444 1
2461 0 -21341.25537371 0
2462 0 -17371.31318974 0
2463 0 -14936.27413606 0
2464 1 25734.46597364 1
2465 0 -23447.11767580 0
2466 1 22237.71000797 1
2467 1 24236.67970312 1
2468 1 28770.41648525 1
2469 0 -21789.76278881 0
2470 0 -28296.07785118 0
2471 1 29387.24303661 1
2472 0 -22454.07403006 0
2473 1 24291.97791950 1
2474 1 28335.95084720 1
2475 1 28177.75986788 1
2476 0 -22655.23951696 0
2477 1 24886.13500040 1
2478 1 25451.85488046 1
2479 1 24905.35422774 1
2480 0 -19955.69712622 0
2481 0 -27016.05919820 0
2482 0 -22637.23196980 0
2483 0 -23117.64784166 0
2484 1 21989.38698741 1
2485 1 24183.23651216 1
2486 0 -23916.58061568 0
2487 1 20246.70696910 1
2488 0 -27178.31505062 0
2489 1 19136.78355522 1
2490 1 23733.04784456 1
2491 1 17357.96354471 1
2492 1 24909.62045327 1
2493 1 15543.39434889 1
2494 0 -25074.98788990 0
2495 0 -20954.27853563 0
2496 0 -16904.92070146 0
2497 0 -17744.62090744 0
2498 1 14828.11920277 1
2499 0 -23809.44277501 0
2500 1 18801.39012291 1
2501 0 -16713.41957871 0
2502 0 -17677.98112409 0
2503 1 19947.31784643 1
2504 0 -15673.61340008 0
2505 1 15164.17476302 1
2506 0 -12741.27522056 0
2507 1 17190.20378024 1
2508 1 15273.42322711 1
2509 0 -18105.84204592 0
2510 0 -12715.55452222 0
2511 0 -14224.45441873 0
2512 1 10123.50893687 1
2513 1 14900.59936116 1
2514 1 15281.74428099 1
2515 0 -13324.66712247 0
2516 1 16451.73967679 1
2517 0 -12210.87428855 0
2518 0 -12154.96903257 0
2519 1 10161.63574468 1
2520 0 -11998.84356569 0
2521 0 -19480.53325843 0
2522 1 14282.91710442 1
2523 0 -14616.74189566 0
2524 1 19535.56170658 1
2525 0 -21460.60219990 0
2526 1 11302.15775794 1
2527 1 16615.30368862 1
2528 0 -21616.21704273 0
2529 0 -20397.59136114 0
2530 0 -16653.54985675 0
2531 1 13948.25275764 1
2532 0 -25245.47243267 0
2533 0 -20616.49991687 0
2534 0 -28311.43456651 0
2535 0 -22812.15322268 0
2536 1 20317.57939459 1
2537 1 21777.07962840 1
2538 0 -20843.88827572 0
2539 1 23388.67753724 1
2540 0 -19374.59776311 0
2541 1 22151.14964628 1
2542 1 28294.92657404 1
2543 1 21821.45980547 1
2544 1 24725.31392289 1
2545 0 -20194.10408284 0
2546 1 20892.40127428 1
2547 0 -28592.20298938 0
2548 1 23007.15337591 1
2549 1 30704.67978917 1
2550 1 23952.57453734 1
2551 1 25569.20512384 1
2552 0 -25873.88006093 0
2553 1 28720.95734977 1
2554 0 -29385.28902872 0
2555 1 26909.76987955 1
2556 0 -24562.82452804 0
2557 1 26829.42014602 1
2558 1 29302.49663766 1
2559 0 -23917.56516876 0
2560 1 27048.78542199 1
2561 1 25835.46709690 1
2562 1 26530.85208103 1
2563 1 31702.94369112 1
2564 0 -21463.97741659 0
2565 1 28324.19910473 1
2566 0 -23990.65959229 0
2567 1 29524.77468570 1
2568 0 -17969.06805525 0
2569 0 -25482.09653982 0
2570 0 -21088.14545154 0
2571 0 -24865.70321471 0
2572 0 -19109.30722790 0
2573 1 15836.60390033 1
2574 1 15651.28851588 1
2575 1 20366.92983264 1
2576 1 18237.30954051 1
2577 1 19655.82326003 1
2578 0 -19843.37799449 0
2579 0 -17797.57781997 0
2580 1 16310.01675284 1
2581 0 -16328.56118423 0
2582 0 -15676.60020767 0
2583 1 19273.08707359 1
2584 1 22530.86523819 1
2585 1 18424.36809676 1
2586 0 -23455.63327789 0
2587 0 -19251.74327264 0
2588 1 28448.24199342 1
2589 0 -20748.98908597 0
2590 0 -25779.10594858 0
2591 1 29630.73704927 1
2592 1 21371.67231757 1
2593 0 -23688.39308603 0
2594 0 -20753.36708641 0
2595 0 -26857.53777653 0
2596 1 23278.28245422 1
2597 0 -29806.71141570 0
2598 0 -27094.55610114 0
2599 1 25902.64727968 1
2600 0 -28622.81067061 0
2601 0 -22694.47924776 0
2602 1 27422.79290176 1
2603 0 -18641.21582922 0
2604 1 29690.41555276 1
2605 0 -28033.19589920 0
2606 1 25503.57569056 1
2607 0 -28224.20337898 0
2608 1 22136.21010524 1
2609 1 24982.56695815 1
2610 1 18681.87532839 1
2611 0 -22898.05232928 0
2612 0 -25297.23311633 0
2613 1 19339.55686534 1
2614 1 25192.26491475 1
2615 0 -21509.79521790 0
2616 1 26837.08744289 1
2617 0 -19030.76879625 0
2618 1 22833.59721480 1
2619 0 -25211.56060384 0
2620 0 -23241.21139824 0
2621 0 -26818.72515102 0
2622 1 28099.18502328 1
2623 0 -25676.91163381 0
2624 1 28538.17329391 1
2625 0 -18811.52292685 0
2626 0 -21879.65495548 0
2627 1 15278.22617857 1
2628 0 -22567.21578596 0
2629 0 -19918.77304427 0
2630 0 -29621.62808553 0
2631 1 20232.49709922 1
2632 1 18654.27251543 1
2633 1 25003.03208289 1
2634 1 22248.23113763 1
2635 1 25510.77937477 1
2636 1 19729.30408601 1
2637 1 23730.31569729 1
2638 0 -21263.18239409 0
2639 1 18304.53040099 1
2640 0 -19334.40912315 0
2641 1 26997.75409783 1
2642 0 -30462.80524597 0
2643 1 28265.29451685 1
2644 0 -23237.51119604 0
2645 0 -18124.47663069 0
2646 1 23149.73938380 1
2647 0 -15571.29855923 0
2648 0 -19298.51007977 0
2649 0 -24125.18832276 0
2650 1 19842.04911135 1
2651 0 -17583.73154796 0
2652 1 24379.98525110 1
2653 1 24765.50563372 1
2654 1 15162.92934873 1
2655 1 20658.35865283 1
2656 1 23555.35247855 1
2657 0 -18035.44527345 0
2658 1 18095.70821472 1
2659 0 -21808.62629656 0
2660 0 -28772.14094232 0
2661 0 -17273.64978865 0
2662 1 17996.63758972 1
2663 1 28542.67371842 1
2664 0 -19034.75354785 0
2665 1 21049.12152341 1
2666 1 24962.64317967 1
2667 1 26227.34662273 1
2668 1 23124.63487355 1
2669 0 -21545.84362638 0
2670 1 22371.23377495 1
2671 1 10440.99024625 1
2672 0 -24598.66459709 0
2673 0 -16144.69970275 0
2674 0 -22770.93959550 0
2675 1 18491.63995258 1
2676 1 17350.29471131 1
2677 0 -28170.29850668 0
2678 1 15327.68787563 1
2679 1 26265.73297448 1
2680 0 -20520.35575514 0
2681 0 -25098.31707846 0
2682 1 20395.93554407 1
2683 0 -19546.11737310 0
2684 0 -26395.10880324 0
2685 0 -21862.57439820 0
2686 1 22095.94445301 1
2687 0 -26943.33454606 0
2688 1 28526.02321875 1
2689 1 22534.29052451 1
2690 0 -22881.56990472 0
2691 1 28305.82969129 1
2692 0 -21322.44396702 0
2693 0 -26625.49540142 0
2694 0 -26338.53685340 0
2695 1 19431.43241838 1
2696 1 21502.89997361 1
2697 1 22478.28938639 1
2698 0 -28225.67343583 0
2699 0 -18615.29101922 0
2700 1 25986.76700852 1
2701 0 -21882.69109757 0
2702 1 22190.84933944 1
2703 0 -18371.52845801 0
2704 0 -21495.26261555 0
2705 1 29517.70404584 1
2706 0 -12507.28667521 0
2707 0 -17969.06990612 0
2708 1 19886.14997258 1
2709 1 17637.73432225 1
2710 1 12199.37298699 1
2711 0 -18077.38327708 0
2712 0 -27490.88502802 0
2713 1 12921.73639056 1
2714 1 22190.42577845 1
2715 1 26762.79143115 1
2716 0 -29482.55079227 0
2717 0 -20800.07229674 0
2718 0 -26247.35785502 0
2719 1 26177.45965494 1
2720 0 -19466.34672897 0
2721 0 -22504.63637445 0
2722 1 25241.20496089 1
2723 1 15339.55458617 1
2724 1 17623.16795733 1
2725 0 -17621.16850787 0
2726 1 14487.43601694 1
2727 1 9206.92960865 1
2728 1 12449.61493957 1
2729 0 -16692.37852318 0
2730 1 13567.14509293 1
2731 1 3430.15926042 1
2732 1 -2285.62199562 0
2733 1 13769.74019738 1
2734 0 2358.19538897 1
2735 0 -7088.02907490 0
2736 0 -7563.50384789 0
2737 1 7339.50392812 1
2738 0 -2058.37762767 0
2739 1 -2283.20591220 0
2740 0 -6465.69368123 0
2741 0 2283.20591220 1
2742 1 7219.18657200 1
2743 0 -10075.03939085 0
2744 1 4610.59248258 1
2745 0 -2058.37762767 0
2746 0 -5829.47807617 0
2747 1 10258.62826931 1
2748 0 -4819.37983964 0
2749 0 -15069.33471815 0
2750 1 19247.55873632 1
2751 1 6641.49444381 1
2752 0 -8114.95003410 0
2753 1 15263.07283098 1
2754 1 19046.63625503 1
2755 0 -11329.93412781 0
2756 1 12469.91620623 1
2757 0 -15498.02510647 0
2758 0 -17129.86979001 0
2759 0 -15632.88919151 0
2760 0 -17744.65345521 0
2761 0 -19944.19813274 0
2762 0 -19777.11247330 0
2763 0 -16284.32806178 0
2764 1 24943.62844105 1
2765 1 20343.99035957 1
2766 1 20284.50825772 1
2767 1 18957.35951899 1
2768 0 -19151.42231840 0
2769 0 -19709.66348287 0
2770 0 -16977.53772409 0
2771 1 22797.89600522 1
2772 1 16336.87869422 1
2773 0 -17289.93267421 0
2774 1 11095.75422233 1
2775 0 -15852.69958892 0
2776 1 14843.14903457 1
2777 0 -14087.80767138 0
2778 1 14484.98755432 1
2779 1 14994.88966203 1
2780 1 20509.17120679 1
2781 0 -19183.69879972 0
2782 0 -18983.46049243 0
2783 0 -10409.31757081 0
2784 0 -25708.66718349 0
2785 0 -23638.35937347 0
2786 1 24713.75607499 1
2787 0 -23744.62679315 0
2788 0 -24604.35598695 0
2789 1 21931.71877132 1
2790 1 18693.74472078 1
2791 0 -27964.64714588 0
2792 1 28209.42095264 1
2793 0 -27612.88590341 0
2794 1 20984.53309779 1
2795 0 -25817.88619121 0
2796 1 22020.83930881 1
2797 1 27307.98651684 1
2798 1 26254.98962766 1
2799 1 34193.52394543 1
2800 1 27030.81385651 1
2801 1 22520.70013640 1
2802 0 -25318.20770231 0
2803 0 -22141.67646230 0
2804 0 -20640.80303698 0
2805 0 -24673.40936759 0
2806 1 27103.87712056 1
2807 1 28478.59071434 1
2808 0 -27887.89492157 0
2809 1 36904.27505569 1
2810 1 27126.93253521 1
2811 0 -18997.39220073 0
2812 1 20731.73723600 1
2813 0 -23819.16082799 0
2814 1 19575.16306202 1
2815 1 22371.53586811 1
2816 1 25652.96405907 1
2817 1 25322.96432420 1
2818 1 20221.10265740 1
2819 1 26426.28172311 1
2820 0 -21922.28987299 0
2821 0 -19056.01831644 0
2822 0 -26525.65631379 0
2823 1 30696.94799897 1
2824 0 -25850.33639124 0
2825 1 16973.82374387 1
2826 0 -30664.00436865 0
2827 1 20688.95856498 1
2828 0 -21154.17030294 0
2829 0 -24973.67283980 0
2830 0 -22804.41602433 0
2831 0 -16027.61784059 0
2832 0 -13004.85611141 0
2833 1 24476.20400994 1
2834 1 17334.99963299 1
2835 1 30263.67587211 1
2836 0 -19791.46758341 0
2837 0 -17199.69892307 0
2838 0 -17497.52675227 0
2839 1 14973.55661534 1
2840 1 19682.31464091 1
2841 0 -19263.63896311 0
2842 1 13689.87157796 1
2843 1 18020.04908945 1
2844 1 19319.69967254 1
2845 0 -25242.06383443 0
2846 0 -21550.02499829 0
2847 1 19026.35126045 1
2848 0 -21964.60758284 0
2849 1 9001.22649555 1
2850 1 20133.44261952 1
2851 0 -16949.48435024 0
2852 1 24392.35020531 1
2853 1 18047.60610155 1
2854 0 -23356.96280478 0
2855 1 18455.53940065 1
2856 1 11643.66950934 1
2857 0 -16737.26218603 0
2858 0 -13344.49543242 0
2859 1 19615.53626340 1
2860 1 16006.36091969 1
2861 1 16650.73133484 1
2862 1 22631.24440069 1
2863 1 9418.14633661 1
2864 1 12279.16166309 1
2865 1 17655.16340455 1
2866 0 -17024.94742996 0
2867 1 13191.77105411 1
2868 0 -18259.05004368 0
2869 1 21923.19069251 1
2870 0 -16882.24193838 0
2871 1 12910.23843009 1
2872 0 -16343.60643104 0
2873 1 23749.92764875 1
2874 1 23248.63252363 1
2875 0 -17478.89701290 0
2876 0 -29174.34202199 0
2877 0 -19441.10528074 0
2878 0 -13965.90212903 0
2879 1 19397.00723377 1
2880 0 -23416.96202765 0
2881 1 18358.26057630 1
2882 0 -29142.68703576 0
2883 0 -18504.20297465 0
2884 0 -17308.48038619 0
2885 0 -13617.92847732 0
2886 1 22516.41002109 1
2887 0 -22192.50309813 0
2888 1 15077.16699808 1
2889 0 -18865.69882958 0
2890 1 20000.83732915 1
2891 0 -21412.51165825 0
2892 1 19252.77526162 1
2893 1 25542.38800131 1
2894 0 -22234.39907031 0
2895 0 -24924.04403827 0
2896 0 -27757.66379474 0
2897 0 -29285.31438388 0
2898 1 26611.98127001 1
2899 0 -29951.39730381 0
2900 1 31196.89612954 1
2901 0 -36819.97574133 0
2902 0 -29781.96410836 0
2903 1 33209.68527971 1
2904 0 -32667.91099854 0
2905 1 30875.18540163 1
2906 1 33957.84302154 1
2907 1 32147.12004075 1
2908 0 -27994.50325350 0
2909 1 26162.67744147 1
2910 1 33395.19698362 1
2911 0 -30814.77168205 0
2912 1 28766.87465369 1
2913 0 -21032.90943857 0
2914 0 -26763.90862489 0
2915 1 24325.55176298 1
2916 1 21541.88206998 1
2917 1 29481.78230903 1
2918 0 -21658.43740279 0
2919 1 27242.78400667 1
2920 0 -20631.33430518 0
2921 1 23660.03530337 1
2922 1 25171.09131799 1
2923 1 18334.37082333 1
2924 0 -24878.87345305 0
2925 0 -16494.99176849 0
2926 0 -22490.24688551 0
2927 0 -21455.49174074 0
2928 1 25350.34291562 1
2929 1 24964.51844222 1
2930 1 15967.97081575 1
2931 1 23474.38374274 1
2932 0 -17190.17240866 0
2933 1 21377.41447010 1
2934 1 22991.52513733 1
2935 0 -25525.48681285 0
2936 0 -27407.20327214 0
2937 1 19673.65182765 1
2938 0 -27624.27053652 0
2939 1 25298.18528423 1
2940 1 39814.46422748 1
2941 1 23508.91146725 1
2942 1 31668.65839672 1
2943 0 -26539.38049918 0
2944 1 26286.20160403 1
2945 0 -33025.17279070 0
2946 1 36314.09327946 1
2947 1 28918.33085012 1
2948 0 -36224.17376918 0
2949 1 26091.54679611 1
2950 1 29838.20354162 1
2951 1 24161.74554131 1
2952 1 32545.70763923 1
2953 1 39162.92196338 1
2954 1 28492.53205453 1
2955 1 26642.27395123 1
2956 0 -25591.35355123 0
2957 0 -30004.93347093 0
2958 1 25468.70663632 1
2959 1 34326.11043558 1
2960 0 -30232.13506300 0
2961 0 -31016.88530572 0
2962 0 -25604.63227781 0
2963 1 32411.66691045 1
2964 0 -31683.77957397 0
2965 0 -31575.70167286 0
2966 1 37162.33075775 1
2967 1 26915.73987144 1
2968 1 35135.78889480 1
2969 0 -25744.12104606 0
2970 1 29352.67871382 1
2971 0 -31670.30250728 0
2972 1 26265.03728946 1
2973 0 -30081.23202241 0
2974 1 28957.00518265 1
2975 1 33335.73859317 1
2976 0 -27000.67547244 0
2977 1 28672.78747836 1
2978 0 -29281.25809371 0
2979 0 -28096.75888318 0
2980 0 -29027.34606704 0
2981 0 -32363.94358137 0
2982 0 -28278.78538636 0
2983 0 -28065.29951883 0
2984 1 30965.20912192 1
2985 1 27536.00451193 1
2986 0 -25511.75523997 0
2987 0 -32316.88702833 0
2988 0 -30441.99046333 0
2989 0 -27859.15100613 0
2990 1 29679.34430239 1
2991 1 26336.78377926 1
2992 1 29177.93141957 1
2993 0 -23865.39538146 0
2994 0 -32041.49429536 0
2995 1 30568.48000120 1
2996 0 -27158.66811653 0
2997 1 29310.50972218 1
2998 1 24357.81660306 1
2999 1 27106.10054311 1
3000 1 23261.64427909 1
3001 1 30720.55847126 1
3002 1 27282.59893518 1
3003 1 23393.01765312 1
3004 0 -20470.38264415 0
3005 1 21479.56712489 1
3006 0 -24768.37151038 0
3007 1 29228.50684464 1
3008 0 -24794.90532679 0
3009 0 -23880.63281503 0
3010 0 -22503.40942945 0
3011 0 -18953.24841764 0
3012 0 -16228.14857562 0
3013 1 21516.00275433 1
3014 1 17646.63917755 1
3015 0 -26828.54663871 0
3016 0 -21978.86217746 0
3017 0 -20086.40605928 0
3018 1 17549.38782354 1
3019 0 -16263.60719008 0
3020 1 23634.23246420 1
3021 0 -22525.94329844 0
3022 0 -29319.58209768 0
3023 0 -27503.27413337 0
3024 0 -26006.46578016 0
3025 0 -29369.68375949 0
3026 1 22271.02858109 1
3027 0 -25552.55111287 0
3028 0 -26069.81828419 0
3029 0 -30747.99970197 0
3030 0 -27787.41715447 0
3031 1 34393.61538725 1
3032 0 -22052.12776981 0
3033 0 -20950.22948276 0
3034 1 30085.35048422 1
3035 0 -27439.44109793 0
3036 0 -32332.95317971 0
3037 0 -30269.84228202 0
3038 0 -30620.77137592 0
3039 0 -20636.72278463 0
3040 0 -27516.46216834 0
3041 0 -31271.45006744 0
3042 1 22513.97753257 1
3043 1 32651.15048523 1
3044 1 37737.52591781 1
3045 1 27000.53197321 1
3046 0 -27668.73505625 0
3047 1 29036.97354463 1
3048 0 -27036.12810270 0
3049 1 20792.48229613 1
3050 1 28080.75820081 1
3051 0 -27108.96174650 0
3052 1 23513.80084319 1
3053 1 22351.85005938 1
3054 1 20134.34357571 1
3055 0 -23713.51626585 0
3056 0 -18317.59538527 0
3057 0 -23620.43903639 0
3058 1 26815.32708587 1
3059 0 -26086.72466036 0
3060 0 -28624.76653875 0
3061 0 -30195.24487622 0
3062 1 34122.49266125 1
3063 0 -22769.39585387 0
3064 0 -27539.26367622 0
3065 1 33461.93602259 1
3066 0 -26600.32856414 0
3067 0 -25201.14519923 0
3068 1 30088.61980588 1
3069 1 31177.54387696 1
3070 1 25807.59578588 1
3071 1 32535.83426676 1
3072 0 -28499.64058606 0
3073 0 -26965.90968573 0
3074 1 24626.14768499 1
3075 0 -31657.19538189 0
3076 0 -32513.57068673 0
3077 1 25311.44081141 1
3078 1 32066.32669280 1
3079 1 29091.07852078 1
3080 0 -34532.76189249 0
3081 1 33665.40379451 1
3082 0 -35192.48680556 0
3083 0 -31369.66517924 0
3084 1 27474.96433391 1
3085 0 -36021.30286228 0
3086 1 30615.40635156 1
3087 0 -33937.86147821 0
3088 1 28994.59242334 1
3089 1 30708.20349706 1
3090 0 -27757.49668830 0
3091 0 -26117.74975640 0
3092 0 -36396.49534391 0
3093 0 -29811.98122493 0
3094 1 31412.32568233 1
3095 1 37841.84452748 1
3096 1 28492.29538344 1
3097 0 -25525.77318360 0
3098 0 -28808.12392789 0
3099 0 -37385.14329296 0
3100 1 30693.75475210 1
3101 0 -28844.49696711 0
3102 1 30137.29932283 1
3103 0 -34262.09405912 0
3104 0 -27073.46773187 0
3105 1 23517.50654091 1
3106 0 -35538.69799970 0
3107 1 22342.30139234 1
3108 0 -26128.03224175 0
3109 1 26847.20274658 1
3110 0 -26816.97020087 0
3111 1 20527.88743028 1
3112 1 20956.26272042 1
3113 0 -31126.28511291 0
3114 1 24772.43847885 1
3115 0 -27931.17676156 0
3116 0 -28450.59635909 0
3117 1 26646.20378104 1
3118 1 25817.64874954 1
3119 1 22352.49313161 1
3120 0 -28044.47520331 0
3121 1 26097.42082880 1
3122 0 -22643.65882451 0
3123 1 27014.98354644 1
3124 1 23832.76574653 1
3125 1 27029.68621271 1
3126 0 -23701.82305220 0
3127 0 -28209.88216536 0
3128 0 -28179.49858192 0
3129 1 24338.27961454 1
3130 0 -27689.05683656 0
3131 1 20236.09777154 1
3132 1 26179.72852066 1
3133 0 -20732.74715192 0
3134 1 28868.03827499 1
3135 1 24106.76547586 1
3136 1 21209.38200718 1
3137 0 -25822.77336374 0
3138 0 -21900.75790723 0
3139 1 22184.86866264 1
3140 1 21229.85764420 1
3141 0 -25755.29678540 0
3142 0 -28755.65783305 0
3143 1 18665.83288965 1
3144 1 27057.28024336 1
3145 0 -25947.97387603 0
3146 1 26496.51042350 1
3147 1 24591.15269831 1
3148 0 -26988.36311512 0
3149 0 -24376.83744065 0
3150 0 -23833.63763623 0
3151 1 27117.15974447 1
3152 0 -25829.26939831 0
3153 1 37269.82073166 1
3154 1 31840.28694187 1
3155 0 -36593.18977803 0
3156 1 31722.07444335 1
3157 1 23796.92262364 1
3158 0 -35906.06775747 0
3159 0 -30294.74013809 0
3160 1 31453.51289051 1
3161 1 33777.91538317 1
3162 1 26649.99562428 1
3163 0 -32355.09040588 0
3164 0 -23965.30382292 0
3165 1 27795.81778477 1
3166 0 -21071.30688370 0
3167 1 23566.49314931 1
3168 0 -24472.90394857 0
3169 1 26497.22402509 1
3170 0 -35515.94322344 0
3171 1 23374.76485066 1
3172 0 -25834.96095188 0
3173 1 20902.58335447 1
3174 1 24696.87706839 1
3175 0 -23184.53590561 0
3176 1 29262.33234133 1
3177 0 -25852.58095598 0
3178 0 -22195.14870075 0
3179 1 25455.53875449 1
3180 1 30994.78581240 1
3181 1 28609.99976071 1
3182 0 -27692.41507232 0
3183 0 -31588.33376026 0
3184 0 -27303.62248419 0
3185 1 25080.72488416 1
3186 1 31227.19857586 1
3187 1 27093.25234715 1
3188 0 -37842.94323100 0
3189 1 28622.75096905 1
3190 0 -33236.40202710 0
3191 1 24017.69382738 1
3192 1 24516.00983875 1
3193 1 29235.30194091 1
3194 0 -27252.46299693 0
3195 0 -26672.06407636 0
3196 1 27001.64062304 1
3197 1 -27986.89074122 0
3198 0 -24480.58782763 0
3199 0 -33677.39159124 0
