3200 11 111 240
0 0 0 3 15 9
1 1 0 -12 -5 -4
2 1 0 -5 -9 9
3 1 1 -8 7 -9
4 0 0 4 -16 -1
5 1 0 -8 15 -16
6 0 0 9 1 15
7 0 0 9 -11 14
8 1 0 -15 10 -16
9 1 0 -13 -7 -2
10 1 0 -8 -11 -14
11 0 1 9 -13 -16
12 1 0 -7 15 -10
13 0 1 14 5 8
14 0 0 7 9 13
15 0 0 1 5 11
16 1 1 -16 -16 -16
17 1 0 -10 -12 13
18 0 0 4 -4 -12
19 0 0 10 -12 12
20 0 1 13 4 -2
21 1 1 -12 -4 8
22 0 1 15 13 -12
23 0 0 14 -6 10
24 0 1 14 -6 15
25 1 1 -10 5 -3
26 0 0 14 0 -4
27 0 0 7 11 12
28 0 0 15 4 -12
29 1 1 -16 -14 -8
30 0 0 8 15 8
31 0 0 3 -5 11
32 1 1 5 -7 15
33 1 1 -16 -16 5
34 0 0 10 9 14
35 0 0 6 6 -14
36 0 0 2 -10 -10
37 1 1 2 9 11
38 1 0 -16 15 0
39 0 1 13 -12 -13
40 0 0 8 13 -1
41 0 1 15 8 15
42 1 0 -9 5 8
43 0 0 2 -4 -12
44 0 1 6 10 5
45 0 0 10 15 -2
46 0 0 14 -4 -1
47 1 1 3 15 10
48 0 1 -4 2 -14
49 1 0 -16 7 3
50 0 1 8 -10 15
51 1 0 2 7 15
52 1 1 -15 3 7
53 1 0 -15 3 -8
54 0 1 15 12 0
55 1 0 -14 15 11
56 1 0 -12 8 8
57 1 1 -16 -16 6
58 0 0 13 -9 -6
59 1 1 -5 -8 -10
60 1 0 -9 9 2
61 1 0 -1 15 7
62 1 0 4 7 -9
63 0 1 5 10 14
64 0 1 -2 -16 14
65 1 0 -16 10 -15
66 1 0 -16 15 5
67 1 1 -10 7 -8
68 1 0 -15 -3 -10
69 1 0 -12 2 10
70 0 0 14 12 -15
71 1 0 -15 -14 14
72 0 1 -5 15 -11
73 0 0 3 -12 -7
74 0 1 10 1 -13
75 1 1 -15 0 9
76 1 0 -16 9 2
77 0 0 5 7 -16
78 0 0 11 14 -7
79 1 0 -9 -16 5
80 0 0 13 11 -9
81 1 1 -11 13 -5
82 1 1 -9 -14 -12
83 0 0 15 -8 5
84 0 1 6 7 -12
85 1 1 -11 7 10
86 1 0 -7 -8 3
87 0 0 9 -9 15
88 1 0 -9 -9 15
89 1 0 -1 15 12
90 1 1 3 5 -16
91 1 0 -13 -2 11
92 0 0 15 6 -10
93 0 1 9 -16 -8
94 1 0 -4 15 15
95 0 0 5 -16 15
96 0 0 9 -16 -16
97 1 1 -7 3 0
98 0 1 9 1 8
99 0 1 5 15 7
100 1 0 -13 -6 15
101 0 0 15 11 -14
102 0 0 0 -12 -9
103 1 0 -11 1 -14
104 1 1 -12 -8 -8
105 1 1 -11 -2 2
106 1 1 -9 -16 2
107 1 1 -2 2 13
108 1 1 -8 -9 -5
109 1 1 -16 -4 15
110 1 0 -16 -5 7
111 0 1 15 15 -9
112 0 1 11 15 -6
113 0 0 6 -14 -9
114 1 1 -3 15 15
115 0 0 9 -14 8
116 1 1 -8 12 -8
117 0 1 15 -16 -5
118 0 0 15 -11 -15
119 0 0 11 -12 -6
120 0 1 9 -1 -4
121 0 0 13 -11 -16
122 1 1 -10 -10 -4
123 1 0 -16 -6 1
124 0 0 2 6 15
125 0 0 13 14 8
126 1 1 -7 12 -9
127 1 0 -10 15 15
128 1 0 -16 -8 -4
129 1 0 -16 13 15
130 1 0 -16 -3 13
131 0 0 12 7 -10
132 0 1 15 -10 7
133 0 1 14 10 10
134 1 0 -7 -4 -4
135 1 0 -5 15 13
136 0 1 -3 15 -7
137 0 0 12 10 6
138 1 0 -13 8 10
139 0 1 15 0 14
140 0 1 5 -16 -9
141 1 1 -11 -16 10
142 0 1 4 15 -2
143 0 1 1 9 -13
144 1 1 -3 -11 7
145 0 1 -2 -10 15
146 1 1 -16 -16 11
147 0 0 10 13 7
148 0 0 15 15 -16
149 0 0 15 -2 -3
150 0 1 12 -12 5
151 0 1 10 -13 -9
152 1 0 -16 0 3
153 1 1 -14 12 5
154 1 1 -13 15 -12
155 0 1 2 -6 2
156 0 1 1 -6 -7
157 1 0 -14 -12 0
158 1 0 -11 8 -8
159 0 1 9 4 -1
160 0 1 14 4 -14
161 0 0 13 14 15
162 0 1 14 11 -7
163 1 1 -11 -8 8
164 1 1 -6 -3 -12
165 1 1 -14 11 -7
166 0 1 1 -15 10
167 0 0 10 -2 -16
168 1 1 -16 10 8
169 0 1 12 6 15
170 1 1 -14 -15 6
171 1 1 0 -15 -4
172 1 0 -16 6 -16
173 1 0 -2 5 1
174 1 0 -7 14 -6
175 0 0 15 15 4
176 0 0 8 -4 4
177 1 1 -16 15 1
178 1 0 -5 1 -8
179 1 0 -16 4 9
180 0 1 -2 7 -8
181 1 1 -13 2 4
182 1 0 -16 8 5
183 1 0 -10 -13 15
184 0 0 9 -16 14
185 1 0 -7 -8 -4
186 1 1 -5 9 -13
187 0 1 10 -4 -14
188 1 1 -16 12 12
189 1 1 -11 7 15
190 0 0 8 -2 -11
191 0 1 8 10 -12
192 0 0 9 6 12
193 1 1 -8 11 -1
194 0 1 5 -6 6
195 1 1 -9 -13 -14
196 0 1 13 7 -1
197 1 0 -7 -1 -16
198 1 1 -8 8 15
199 0 1 10 10 -8
200 1 1 -16 -11 -7
201 1 0 -1 -11 6
202 1 1 -16 10 14
203 1 0 -16 15 6
204 1 0 -5 14 13
205 1 0 -10 -3 12
206 0 0 7 -1 15
207 0 1 9 10 -13
208 1 0 -16 12 3
209 0 0 9 12 3
210 0 1 15 -15 -16
211 0 0 6 -13 11
212 0 0 13 -14 -1
213 1 1 -13 -11 5
214 0 0 7 -15 -13
215 1 1 -16 15 -4
216 0 0 8 -2 13
217 1 0 -16 -16 10
218 1 0 -16 -16 -1
219 0 0 11 -6 -11
220 0 1 8 -16 10
221 1 1 -3 -16 -9
222 1 1 -16 11 -16
223 0 1 11 -10 15
224 1 1 -7 15 5
225 0 1 15 -8 15
226 1 1 -16 2 3
227 0 0 13 -16 -13
228 0 1 13 -4 9
229 0 1 11 -7 -6
230 1 1 -3 -8 -5
231 1 0 -14 0 -10
232 0 1 15 -9 -5
233 1 1 -6 10 -9
234 1 0 -12 6 10
235 0 1 2 -8 -16
236 0 0 9 -3 -9
237 0 1 7 10 -6
238 0 1 7 -9 8
239 1 1 -16 5 1
240 1 1 -16 5 11
241 0 0 15 -14 15
242 1 1 -10 -16 15
243 0 1 11 12 11
244 1 1 -12 -16 -5
245 0 1 5 -11 -1
246 1 0 -4 -9 13
247 0 1 12 -3 -4
248 0 1 -5 -7 -8
249 0 0 8 12 -6
250 0 1 15 -13 3
251 0 1 9 9 -9
252 0 0 15 2 12
253 1 0 -2 7 -3
254 1 0 -16 -1 12
255 0 1 4 15 0
256 0 0 15 -16 -16
257 0 0 11 -4 14
258 1 0 -12 8 -16
259 1 1 -16 -9 -16
260 0 1 -5 0 -3
261 1 0 -11 -4 6
262 1 1 -13 -6 -3
263 0 0 9 -13 -3
264 1 1 4 -16 -5
265 1 1 -13 0 10
266 1 0 -15 12 -10
267 1 0 -16 9 -16
268 0 1 4 5 5
269 0 1 8 -9 8
270 1 1 4 9 -3
271 0 0 7 -13 -7
272 1 1 -8 8 13
273 0 0 11 -15 11
274 0 1 9 -10 -11
275 1 0 -16 14 15
276 1 0 -16 2 -5
277 1 1 -3 -11 0
278 0 1 10 -3 -16
279 1 0 -16 2 10
280 0 1 5 15 -2
281 0 1 14 12 0
282 0 1 7 -5 -13
283 0 1 -7 15 -16
284 1 1 -6 -1 2
285 0 1 10 15 7
286 0 1 8 -16 4
287 0 1 10 14 -14
288 1 0 -8 -11 -16
289 0 1 8 -14 -16
290 0 1 6 12 8
291 1 0 -16 12 -16
292 1 0 -8 -12 -9
293 1 0 -5 6 -13
294 1 0 -16 4 9
295 0 0 15 15 -15
296 0 0 15 -4 15
297 1 0 -11 -16 8
298 0 0 6 15 -16
299 0 1 0 5 12
300 0 0 9 -15 0
301 0 1 12 -15 11
302 0 0 5 1 -8
303 1 0 -4 -14 -13
304 0 1 9 -12 15
305 1 1 -16 -8 -16
306 0 1 2 1 2
307 0 0 14 10 -8
308 1 0 -3 -6 -13
309 1 0 -3 -9 -1
310 1 1 -4 13 15
311 1 1 -14 9 -6
312 0 0 7 -1 -5
313 0 0 2 3 7
314 0 1 6 7 3
315 0 0 13 -5 0
316 1 1 -8 13 2
317 0 0 -1 -14 -10
318 1 0 3 14 8
319 1 0 -7 5 10
320 0 0 4 -14 -6
321 0 1 15 12 4
322 0 1 8 15 10
323 1 1 -14 7 9
324 0 0 6 -12 12
325 0 0 7 5 -9
326 0 0 15 6 -6
327 1 1 -14 4 -3
328 1 0 -16 13 15
329 1 1 -16 -11 -9
330 0 0 4 -15 15
331 1 0 -2 -16 -6
332 1 0 -11 9 15
333 1 1 -12 8 -9
334 0 0 7 -16 -13
335 0 0 3 0 6
336 0 0 8 15 -16
337 1 1 -3 8 -14
338 0 0 7 -16 15
339 0 0 9 15 15
340 1 1 -13 -16 1
341 0 0 15 -14 -3
342 0 1 12 15 -11
343 0 0 4 -9 7
344 1 0 -16 -14 3
345 0 0 4 4 -8
346 1 0 -2 -14 -11
347 0 0 8 -7 -10
348 1 1 -2 -10 -16
349 1 1 -16 7 15
350 0 0 15 0 -9
351 0 0 1 2 -7
352 0 1 13 -3 15
353 1 0 -5 -16 9
354 1 1 2 11 -14
355 0 1 4 -16 -16
356 1 1 -10 5 15
357 0 0 15 4 -9
358 0 1 7 -4 8
359 1 0 -16 2 4
360 0 0 15 10 -12
361 1 1 -3 -3 9
362 0 0 15 15 15
363 0 0 13 1 13
364 1 0 -12 -9 6
365 1 0 -4 -16 11
366 1 0 -8 -6 14
367 1 0 -15 -14 2
368 1 1 -16 -3 -4
369 1 1 -8 -2 -5
370 0 1 12 15 12
371 1 0 -7 0 -16
372 0 0 11 -3 -3
373 0 0 15 9 -1
374 0 0 8 -12 0
375 0 1 15 15 10
376 0 1 9 11 -15
377 1 1 -4 11 10
378 1 0 -11 14 12
379 1 0 -8 -7 -5
380 1 1 -7 14 -3
381 0 0 15 12 14
382 1 1 -15 -16 14
383 0 0 12 6 15
384 1 1 -6 15 15
385 1 0 6 -15 -3
386 0 0 1 -2 7
387 0 0 -1 9 15
388 1 0 -4 9 0
389 1 0 -9 -16 -7
390 0 1 15 -16 0
391 0 0 10 13 7
392 1 0 -16 15 15
393 0 1 2 9 -7
394 0 1 10 -10 -12
395 0 0 4 -16 -12
396 1 0 9 15 -9
397 1 0 -16 -16 11
398 1 0 -15 -10 -14
399 1 0 -14 12 2
400 1 0 -4 -10 12
401 0 1 7 -16 5
402 1 1 -10 -8 5
403 1 1 -3 4 -6
404 1 1 -14 -2 15
405 1 0 -13 -11 8
406 0 1 10 11 -12
407 0 0 6 5 3
408 0 1 15 -10 11
409 1 1 -9 7 4
410 1 0 -16 3 -10
411 0 0 3 -16 15
412 1 1 -3 -14 15
413 0 1 14 9 -16
414 0 0 11 9 -16
415 0 0 4 -15 13
416 0 1 11 3 -1
417 1 0 -5 14 10
418 0 0 15 10 -4
419 1 0 -13 -16 -16
420 1 0 0 -16 -10
421 0 0 4 -8 15
422 1 1 -4 14 13
423 0 1 7 15 -6
424 0 1 11 2 7
425 0 0 15 10 13
426 0 0 14 6 10
427 0 0 11 7 8
428 1 0 -16 -16 8
429 0 1 12 9 -12
430 0 1 15 -8 -4
431 1 1 -15 -4 15
432 1 1 -10 -16 -3
433 1 1 -3 -15 15
434 1 1 -8 -11 -16
435 0 0 5 15 -11
436 0 1 8 1 -7
437 1 1 -8 3 6
438 1 1 -16 12 15
439 1 1 6 -7 11
440 1 0 -12 15 10
441 1 0 -8 -6 -16
442 0 0 12 -6 -11
443 1 0 -15 12 -16
444 0 1 15 13 -16
445 0 1 15 -16 9
446 1 1 -16 1 15
447 0 1 10 -16 7
448 1 1 -12 8 -16
449 0 1 12 -11 15
450 0 0 15 -11 13
451 1 0 -4 8 7
452 1 0 -5 -13 15
453 1 0 -5 -15 -4
454 0 0 6 -13 8
455 1 1 -6 8 -16
456 0 1 4 10 -10
457 0 0 12 15 -6
458 0 1 15 10 11
459 1 1 -1 -6 -4
460 1 0 -11 -16 11
461 1 0 -16 11 -12
462 1 1 -15 13 -15
463 0 1 0 -11 -13
464 0 1 15 9 -4
465 1 0 -12 -10 5
466 1 1 -9 4 -8
467 1 1 -16 -12 12
468 0 1 14 15 -9
469 0 1 5 -15 -7
470 0 0 15 11 -4
471 0 0 12 15 -1
472 1 1 2 15 2
473 0 0 10 -13 -13
474 0 0 11 0 -1
475 0 1 4 6 -12
476 1 1 -15 -1 12
477 1 0 -13 5 -16
478 1 0 -7 -15 -8
479 0 0 15 -3 3
480 1 0 -12 -7 7
481 0 1 13 -5 4
482 0 1 10 -11 -11
483 1 1 -12 -8 15
484 0 0 13 -11 12
485 0 1 15 -9 -8
486 1 1 -10 1 -9
487 0 1 4 -12 1
488 0 0 10 2 -16
489 1 0 -1 6 -6
490 0 0 1 -14 -16
491 1 0 -15 15 10
492 0 1 6 12 0
493 0 0 6 15 14
494 1 0 1 -9 -9
495 1 0 2 -13 -10
496 1 1 -16 8 15
497 0 0 11 -6 7
498 0 1 11 -14 -4
499 1 0 -13 3 12
500 0 0 15 15 -16
501 1 0 -4 0 14
502 1 0 -11 1 -2
503 0 0 5 -2 -16
504 0 0 5 -16 -16
505 0 1 14 8 11
506 0 0 2 -15 10
507 1 0 -16 -16 15
508 0 0 15 8 12
509 0 0 8 13 14
510 0 0 13 -8 7
511 1 1 -10 11 -8
512 1 1 -15 15 -1
513 0 1 6 -8 15
514 0 1 0 4 6
515 0 0 10 11 2
516 1 1 -13 4 -16
517 1 1 -8 11 2
518 1 0 -15 -12 14
519 0 0 13 -16 11
520 1 0 -11 -3 -6
521 1 0 -16 15 -8
522 1 0 -14 7 -8
523 1 1 -11 15 -16
524 1 0 -5 -12 -11
525 1 1 2 15 9
526 0 1 15 15 -13
527 1 0 -12 -13 8
528 1 1 -12 -3 13
529 0 1 15 -4 -5
530 0 1 11 -11 2
531 1 0 -14 -12 14
532 0 1 3 -16 -6
533 0 1 9 -16 -16
534 1 1 0 -14 15
535 0 1 15 -6 15
536 0 0 9 -13 -3
537 1 0 -4 -16 9
538 1 1 -6 4 -10
539 1 1 -13 12 12
540 0 1 10 -1 1
541 0 1 7 15 -16
542 0 0 15 7 -11
543 1 0 -13 11 -3
544 0 1 13 -11 -9
545 0 0 -1 15 -14
546 1 1 -5 -14 9
547 1 0 -2 7 12
548 1 1 -9 -16 -16
549 0 1 2 9 -7
550 1 0 -13 10 -5
551 0 1 6 7 0
552 1 0 -3 4 12
553 0 1 12 -5 -11
554 0 0 11 14 5
555 0 1 15 15 10
556 1 1 -11 15 -6
557 0 0 2 -3 -15
558 0 0 15 15 11
559 1 0 -13 -10 -16
560 1 1 -11 11 -4
561 0 0 6 15 15
562 1 1 -16 0 -16
563 0 0 9 -5 4
564 0 1 11 -14 -11
565 1 1 -6 -10 15
566 0 1 15 15 7
567 1 0 -9 -10 -11
568 0 0 14 -11 11
569 0 0 11 6 11
570 0 0 10 -7 -16
571 0 1 15 10 15
572 0 0 13 13 -5
573 0 1 12 -6 14
574 0 1 9 0 13
575 1 0 1 9 -8
576 0 0 15 8 15
577 1 0 -16 -6 15
578 0 0 14 15 -4
579 1 0 -8 15 -5
580 1 1 -12 -16 13
581 1 1 -9 15 -15
582 0 0 9 7 10
583 1 1 -8 -16 14
584 1 1 -8 -14 -3
585 1 0 -9 3 -13
586 1 1 -16 9 -16
587 1 0 -13 15 -11
588 0 1 6 1 11
589 0 0 8 -16 11
590 1 1 -13 6 -3
591 0 0 5 -16 11
592 0 0 11 -13 -16
593 0 1 12 -16 0
594 0 1 7 14 -5
595 1 1 -6 15 -6
596 1 0 -16 -1 13
597 1 1 -4 15 -13
598 1 1 -1 -8 10
599 1 0 -13 0 -3
600 0 0 15 -12 15
601 1 1 -16 9 -8
602 0 0 15 11 15
603 0 1 8 12 1
604 1 0 -16 -11 15
605 1 0 -1 6 -11
606 1 1 -9 5 6
607 1 0 -16 10 -16
608 0 0 0 -14 -15
609 1 0 -13 -13 -12
610 0 1 11 11 -10
611 0 1 3 4 8
612 0 0 15 -14 -5
613 0 1 11 -7 15
614 0 1 15 -11 15
615 1 0 -16 0 1
616 0 0 15 -3 6
617 0 0 15 -11 10
618 0 0 15 6 -11
619 1 1 -16 14 6
620 0 0 12 7 -5
621 0 0 7 -5 -2
622 0 0 6 -5 -6
623 1 1 -16 5 -10
624 1 1 -4 -9 10
625 1 1 -16 -11 -7
626 1 1 -13 12 15
627 1 0 -4 12 1
628 1 0 -12 4 -12
629 0 1 15 8 4
630 1 0 -8 4 -6
631 1 0 -14 8 -4
632 0 1 14 12 -4
633 1 1 -16 15 -6
634 0 1 13 -16 -13
635 0 0 15 11 -3
636 0 1 0 1 1
637 1 1 -14 13 -16
638 0 1 6 -8 -13
639 0 1 15 13 7
640 0 0 15 14 -5
641 0 0 3 0 -1
642 1 0 -9 15 -16
643 0 0 15 -16 2
644 1 0 5 12 -16
645 1 1 -5 15 -7
646 0 1 5 -1 -16
647 0 1 15 15 -10
648 1 1 -7 -11 -11
649 0 1 7 -3 -15
650 1 0 5 -9 9
651 0 1 3 -14 7
652 0 1 14 -7 13
653 0 1 14 11 3
654 1 0 -16 15 5
655 0 0 5 9 -15
656 0 1 11 -1 -11
657 1 1 -7 11 -8
658 1 1 -11 5 -4
659 1 1 -6 15 -9
660 1 1 2 -16 -12
661 1 0 -15 15 4
662 0 0 15 15 4
663 0 0 8 2 -13
664 1 1 -13 -16 4
665 0 0 12 4 -11
666 0 1 4 -16 3
667 0 0 3 15 -7
668 1 1 -12 -12 15
669 1 0 -16 4 -7
670 1 1 -7 -2 14
671 1 0 -8 -10 -16
672 1 0 -9 -8 -9
673 1 0 -10 12 -4
674 0 1 7 -10 -16
675 0 0 6 15 -12
676 0 1 3 8 9
677 1 1 -13 10 -13
678 1 1 -10 15 -16
679 0 0 10 8 -8
680 0 0 15 -11 -15
681 1 1 -13 14 -4
682 1 0 11 11 -11
683 1 0 -13 15 -16
684 1 0 -6 -9 13
685 0 0 11 -10 -15
686 0 1 3 4 -13
687 0 1 3 -13 3
688 0 1 15 15 -16
689 1 1 7 -4 -6
690 0 1 9 -10 -5
691 1 1 -6 -5 -14
692 0 1 11 -8 -10
693 0 0 1 -16 11
694 1 0 -2 -6 15
695 1 1 -9 15 4
696 0 1 12 -1 11
697 1 0 -14 10 12
698 0 1 10 -16 7
699 0 0 15 -4 -5
700 1 0 -10 15 14
701 1 0 -10 -12 7
702 1 0 -10 -16 -5
703 1 1 -7 12 10
704 0 0 15 -14 -1
705 1 1 4 6 10
706 0 1 13 1 5
707 0 1 10 -16 12
708 0 1 15 -4 3
709 0 1 15 15 11
710 1 1 -14 13 -4
711 0 1 8 15 -2
712 1 1 0 11 10
713 0 0 12 -8 -13
714 1 0 -4 -7 -4
715 1 0 -16 -2 -7
716 1 1 -1 -16 -7
717 1 0 -5 -6 -5
718 1 1 -13 -15 9
719 0 1 10 15 -13
720 1 0 -5 -10 14
721 0 0 12 -8 -8
722 1 0 -2 -16 9
723 1 1 0 7 -11
724 1 1 -8 15 7
725 1 1 -11 0 -14
726 0 0 5 15 10
727 1 1 -14 10 15
728 0 1 14 -16 -9
729 0 0 14 3 -9
730 1 0 -16 -5 5
731 1 1 -16 14 -1
732 1 0 -8 9 10
733 1 1 -15 -16 13
734 1 0 -13 7 -8
735 0 1 8 -10 -16
736 0 1 4 -2 -16
737 1 0 -16 10 7
738 1 1 -15 -4 -8
739 1 0 5 -12 -6
740 0 1 9 -16 -16
741 0 1 0 -14 -7
742 0 1 -3 5 10
743 1 1 -15 10 11
744 1 0 2 -10 0
745 0 0 13 -6 -13
746 0 1 5 6 15
747 1 1 -11 15 8
748 1 1 -11 -9 13
749 1 1 -7 14 -8
750 1 0 -11 -16 -16
751 1 0 -15 -11 11
752 1 1 -13 14 7
753 1 0 -16 8 15
754 1 1 -6 4 15
755 0 1 10 6 9
756 0 1 15 -10 -16
757 1 1 -3 13 9
758 1 0 -16 8 11
759 1 1 1 3 -6
760 1 1 -7 -12 -5
761 1 0 -14 10 -15
762 0 1 10 2 15
763 0 1 15 1 -2
764 1 0 -12 -13 10
765 1 1 -16 -14 9
766 0 1 0 -14 -13
767 0 1 15 -9 15
768 0 1 9 14 -16
769 1 0 -6 15 -1
770 1 1 -15 0 13
771 0 0 14 -4 10
772 0 1 7 14 2
773 1 1 -8 9 15
774 0 0 0 4 3
775 1 1 -3 15 15
776 1 0 -15 3 -6
777 1 0 -16 -9 5
778 0 1 15 -15 -16
779 0 1 7 15 15
780 1 0 -3 1 6
781 1 1 5 -16 -15
782 1 0 -16 15 7
783 1 0 -16 -9 -15
784 0 1 15 10 -15
785 0 0 7 -7 8
786 1 1 -10 -9 -9
787 1 0 -16 -16 -13
788 0 1 4 14 -8
789 1 1 -10 -16 11
790 0 1 5 -9 1
791 1 0 -9 -6 -16
792 1 1 -8 15 -9
793 0 1 5 -3 -6
794 1 0 1 7 6
795 1 1 -16 9 -7
796 0 1 15 -6 15
797 0 1 15 -5 -13
798 0 1 15 8 -12
799 1 0 -7 4 -8
800 0 0 13 -11 -8
801 0 1 15 5 -5
802 1 1 1 -10 15
803 0 1 15 -7 2
804 1 1 -16 0 7
805 1 1 -10 13 -11
806 0 1 11 4 9
807 1 0 -15 8 12
808 0 1 15 -10 -16
809 0 1 4 -15 -5
810 1 1 -10 14 12
811 0 1 15 13 1
812 1 1 -3 -16 9
813 1 0 -6 -9 5
814 0 1 15 -8 6
815 1 1 -13 3 8
816 0 0 8 12 12
817 1 1 -8 -13 8
818 1 1 -11 -9 15
819 1 0 -1 4 2
820 0 0 7 -3 -2
821 0 0 10 -10 -1
822 0 1 7 -12 11
823 1 0 -12 0 15
824 1 0 -11 7 6
825 0 1 9 -13 -8
826 1 0 -14 15 10
827 0 1 5 -2 13
828 0 0 11 -4 9
829 0 1 4 -8 7
830 0 0 15 12 -16
831 0 1 12 -3 -14
832 0 1 15 15 -5
833 0 0 13 13 15
834 1 0 -13 7 7
835 1 0 -10 9 -14
836 1 0 -15 -13 -11
837 0 0 7 -6 -16
838 1 0 -4 -15 15
839 1 0 -14 1 -7
840 0 1 9 -10 -4
841 1 1 -14 6 -16
842 0 1 -1 -13 -9
843 1 1 -13 -4 -12
844 1 0 -11 7 1
845 1 1 -16 15 -14
846 1 1 -10 -2 12
847 0 1 15 -2 -11
848 1 0 -16 -9 -12
849 0 0 -4 -9 0
850 1 1 -7 14 -16
851 1 0 -16 -7 10
852 1 1 -12 -2 -13
853 0 1 15 -9 8
854 1 1 -3 15 1
855 1 1 -3 -7 -10
856 0 1 9 11 -1
857 1 0 2 11 -16
858 0 1 13 15 12
859 0 1 7 -9 15
860 0 1 15 -4 5
861 1 0 1 12 15
862 0 1 -6 3 4
863 0 0 9 9 -16
864 0 0 14 15 9
865 0 0 3 11 9
866 1 0 -3 0 -9
867 0 0 12 7 -6
868 0 1 12 -12 15
869 0 0 15 10 8
870 0 1 8 11 -15
871 0 1 15 -16 -6
872 1 1 -16 15 15
873 1 1 -5 -2 8
874 0 0 15 -14 -8
875 0 1 11 15 -16
876 1 0 -13 -11 9
877 1 0 -13 15 7
878 0 1 -2 -5 8
879 1 1 -6 -16 12
880 1 1 -15 2 -16
881 0 1 15 -8 15
882 1 0 -13 -1 15
883 1 0 -9 -12 7
884 0 1 15 -4 -16
885 1 1 -4 12 -12
886 1 0 -5 -4 -4
887 0 0 15 -4 -14
888 1 1 -16 -2 -16
889 0 1 8 -7 0
890 0 0 10 -14 -6
891 1 1 -10 -8 11
892 0 1 15 5 9
893 1 1 -11 9 9
894 1 1 -7 -1 -13
895 0 0 15 5 -10
896 0 0 15 -9 15
897 1 1 -9 -12 11
898 0 1 3 15 -10
899 0 0 7 10 -11
900 0 1 4 -11 -16
901 1 1 -10 11 15
902 0 1 8 -15 11
903 1 0 -16 12 -5
904 0 0 14 -16 15
905 0 1 -1 -16 -9
906 0 0 10 -5 -16
907 1 1 -13 -16 0
908 1 0 -7 6 -9
909 0 0 13 -2 -13
910 0 0 13 -11 12
911 1 0 -11 12 -11
912 1 1 -6 -15 -6
913 1 0 -16 -5 11
914 0 1 12 -10 -16
915 1 1 -2 4 10
916 1 1 -16 -3 -14
917 0 0 9 8 6
918 1 0 -16 10 -5
919 1 1 1 -11 -16
920 0 1 8 -11 -16
921 1 1 -16 -16 -7
922 1 0 -11 12 14
923 1 1 -10 11 -2
924 1 1 -16 12 7
925 0 0 15 6 15
926 0 1 12 -15 -10
927 0 0 6 -14 2
928 1 1 -7 12 9
929 0 0 15 11 1
930 0 0 15 13 -4
931 0 1 12 10 15
932 1 1 -11 -3 15
933 0 1 11 8 12
934 0 0 0 -7 15
935 0 1 15 15 14
936 1 1 -14 -1 13
937 1 1 -16 12 -12
938 0 1 13 7 10
939 1 1 -4 -8 -12
940 1 0 -9 -15 14
941 1 1 -9 15 15
942 0 1 2 -15 -3
943 0 0 3 -2 -10
944 1 0 -8 8 11
945 0 1 15 15 15
946 0 0 4 4 15
947 1 1 -1 -7 7
948 0 0 0 14 -6
949 1 1 -13 11 -6
950 1 1 -11 -14 -13
951 0 1 15 -10 -12
952 1 0 -10 -3 0
953 1 1 -13 8 4
954 1 1 2 13 11
955 0 1 12 -16 -10
956 1 0 -7 0 9
957 1 0 -6 -3 -13
958 0 1 12 15 -16
959 0 1 8 1 -13
960 0 0 9 -16 -1
961 1 1 -11 6 2
962 0 1 14 -8 15
963 0 1 14 -5 -4
964 0 1 3 -8 -1
965 0 1 8 15 12
966 1 0 -11 14 -9
967 0 1 8 -2 6
968 1 1 -6 11 10
969 1 0 0 5 0
970 0 0 9 12 7
971 0 1 15 -7 -7
972 0 0 1 -14 -11
973 0 0 15 -16 15
974 1 0 -3 -13 -7
975 1 1 -11 15 -10
976 0 0 15 -9 12
977 1 0 -8 10 -1
978 1 1 -12 15 1
979 0 1 4 -16 14
980 0 1 10 6 -7
981 1 1 -16 -10 5
982 1 1 4 12 -9
983 1 1 -12 -15 -10
984 0 1 12 8 5
985 1 1 -16 7 11
986 1 1 -12 -15 8
987 1 1 -7 -3 -10
988 1 0 -11 -13 -16
989 1 0 -6 -12 1
990 0 1 15 -16 10
991 0 1 11 -15 -9
992 0 1 15 13 8
993 0 0 7 -16 15
994 0 0 15 12 6
995 1 0 -16 -7 14
996 1 0 -16 0 2
997 1 0 -12 -9 0
998 0 1 10 15 -12
999 1 0 -10 15 14
1000 0 0 4 15 -7
1001 1 0 -4 15 6
1002 1 1 -4 11 -15
1003 0 0 15 4 -5
1004 1 0 -9 14 15
1005 0 0 9 -5 -8
1006 1 0 -6 -11 -5
1007 0 0 9 12 15
1008 1 0 -11 -9 -3
1009 0 1 14 -16 12
1010 0 1 15 15 7
1011 1 1 -10 15 3
1012 0 1 13 15 -5
1013 0 1 14 -9 15
1014 1 1 -12 11 -7
1015 0 1 5 -11 -7
1016 0 1 5 -3 12
1017 1 0 -12 8 -1
1018 1 0 -3 -16 -8
1019 0 1 12 5 15
1020 0 1 12 -11 -16
1021 0 1 15 9 -13
1022 0 0 13 7 -13
1023 0 0 11 -16 -1
1024 1 0 -16 5 5
1025 0 0 15 -8 -15
1026 1 0 -16 -1 4
1027 1 1 3 6 -16
1028 1 1 -11 4 11
1029 0 0 3 8 14
1030 1 1 -6 15 -13
1031 0 1 1 -16 -15
1032 1 0 -15 -9 -16
1033 0 1 12 14 10
1034 1 0 -10 -12 15
1035 0 0 10 -13 -4
1036 1 0 -16 2 8
1037 0 0 15 2 10
1038 1 1 -10 10 -7
1039 0 1 9 10 -16
1040 1 1 -13 -10 1
1041 0 0 11 8 -10
1042 1 0 2 5 -10
1043 1 0 -12 -6 3
1044 0 1 15 -8 -13
1045 1 0 -7 -4 -2
1046 1 0 -16 12 -2
1047 1 0 -11 3 15
1048 0 0 15 -13 -16
1049 1 1 -11 -12 -16
1050 0 1 10 7 -2
1051 1 1 -14 -2 -13
1052 0 1 9 -12 -2
1053 1 0 -12 -6 4
1054 1 1 -10 15 -9
1055 1 0 -8 -1 0
1056 0 1 10 -12 -12
1057 1 1 3 -9 9
1058 0 0 8 9 -5
1059 0 1 9 3 15
1060 0 0 13 -16 -6
1061 0 1 10 -3 15
1062 1 0 -6 15 0
1063 1 0 -5 -10 -4
1064 1 1 -9 -16 11
1065 1 0 -16 14 6
1066 1 1 -14 10 -10
1067 0 0 -1 9 5
1068 1 1 -8 -8 13
1069 1 1 -16 -7 -8
1070 1 0 -13 -4 -8
1071 1 0 -3 -10 15
1072 0 0 15 8 -16
1073 0 0 15 13 14
1074 0 1 2 -12 0
1075 1 1 -10 15 8
1076 1 1 -2 10 -9
1077 0 1 15 -9 -11
1078 0 1 3 -1 8
1079 1 1 -16 -6 7
1080 0 1 15 -6 11
1081 0 1 4 14 -6
1082 1 0 -8 10 -9
1083 1 1 -8 -16 -14
1084 0 1 15 -14 13
1085 0 0 7 11 -14
1086 0 1 15 -12 6
1087 1 0 -9 -16 -16
1088 1 1 -6 -12 9
1089 1 1 -4 -12 11
1090 0 0 7 14 -16
1091 1 0 -12 -2 15
1092 0 1 11 -16 0
1093 0 0 15 -1 -12
1094 0 0 10 -7 10
1095 1 1 -11 -8 3
1096 1 0 -13 -6 15
1097 0 0 11 15 -16
1098 0 1 -4 13 11
1099 1 0 -12 15 0
1100 0 0 12 1 -7
1101 0 1 13 6 8
1102 0 0 6 4 4
1103 0 1 15 -4 -5
1104 1 1 -3 -9 -15
1105 1 0 -12 0 4
1106 1 0 1 15 -10
1107 0 0 15 3 15
1108 0 1 0 -10 15
1109 1 0 -10 8 9
1110 1 1 -2 4 14
1111 0 1 15 -10 15
1112 1 0 -16 -3 8
1113 1 1 -13 -9 15
1114 0 0 13 -8 -12
1115 1 0 -8 -3 15
1116 0 0 11 -9 6
1117 0 1 -3 -3 8
1118 0 1 15 -11 5
1119 1 0 -8 -3 11
1120 0 0 11 11 -13
1121 0 1 8 15 4
1122 0 1 6 -4 15
1123 1 1 -12 5 15
1124 1 1 -14 12 -10
1125 1 0 -9 12 -11
1126 0 1 8 15 -15
1127 0 0 5 -13 -12
1128 0 0 9 -16 -6
1129 1 1 -5 8 0
1130 0 0 7 11 -9
1131 1 1 -11 4 -1
1132 1 0 -6 4 8
1133 1 1 -16 5 -7
1134 1 1 -11 14 -9
1135 1 0 -4 13 -10
1136 1 0 -6 -7 -12
1137 0 1 11 -16 -1
1138 0 0 14 15 -16
1139 0 1 10 -13 11
1140 1 1 -12 -6 -7
1141 1 0 -5 -1 9
1142 0 1 15 0 13
1143 1 0 -16 -16 1
1144 1 1 -14 13 2
1145 1 0 -12 -14 -5
1146 0 1 14 15 -10
1147 0 0 3 -5 9
1148 1 1 2 -4 -5
1149 0 0 10 13 4
1150 1 0 -14 -9 9
1151 1 1 -5 8 14
1152 1 0 -16 -16 12
1153 1 0 -1 -11 -10
1154 1 0 -9 7 -16
1155 0 1 4 -13 11
1156 0 1 5 -5 -12
1157 1 1 -12 15 -9
1158 1 0 -13 -10 -12
1159 0 0 -2 15 -10
1160 1 1 -8 8 -14
1161 0 0 6 15 -13
1162 1 1 -4 12 9
1163 1 1 -6 14 -15
1164 1 0 -4 -11 15
1165 0 1 5 -10 10
1166 1 1 -7 -5 -9
1167 1 0 -9 9 -12
1168 0 1 13 -16 -6
1169 1 1 -1 10 12
1170 0 1 11 -11 9
1171 1 0 -14 6 -16
1172 1 0 0 12 2
1173 0 1 10 -5 -16
1174 1 1 -16 -9 13
1175 1 1 -2 -10 -12
1176 0 0 11 15 15
1177 0 1 15 15 6
1178 0 1 2 -3 -8
1179 0 0 13 -16 -4
1180 0 0 0 -12 15
1181 1 0 -16 -9 6
1182 0 0 15 -14 9
1183 1 0 -15 -2 7
1184 0 0 14 9 -11
1185 1 1 -10 -8 7
1186 1 0 -10 -10 -7
1187 0 0 6 -10 -5
1188 1 0 -16 14 -16
1189 0 0 15 13 7
1190 0 0 7 15 5
1191 0 0 7 10 14
1192 0 1 9 8 -16
1193 0 1 9 10 15
1194 0 0 4 6 5
1195 1 1 -2 -3 -10
1196 0 0 3 5 11
1197 0 1 9 -4 7
1198 1 0 -11 -3 7
1199 1 1 -16 -15 15
1200 1 1 -13 -10 12
1201 1 1 -15 -16 -4
1202 1 1 -16 -5 10
1203 0 1 0 1 2
1204 0 0 12 11 9
1205 0 0 4 -11 -8
1206 1 0 -12 15 4
1207 0 1 15 -10 0
1208 1 0 -7 15 -9
1209 0 0 12 0 15
1210 0 1 -10 -4 15
1211 0 1 14 -4 -4
1212 1 0 -2 -9 -10
1213 0 1 2 -5 0
1214 0 1 1 -16 6
1215 1 1 -12 -12 5
1216 0 0 15 -8 -3
1217 0 0 0 -9 10
1218 0 1 12 6 -16
1219 0 0 14 -13 -13
1220 1 0 -7 -15 15
1221 1 1 -16 -13 12
1222 1 0 -5 -8 10
1223 1 0 -16 -16 -2
1224 1 1 -16 -2 13
1225 1 1 -10 -10 2
1226 0 0 2 4 -9
1227 1 1 -7 -8 1
1228 1 1 -16 15 -16
1229 0 0 6 13 7
1230 1 0 -9 -5 -2
1231 1 0 -16 -9 -10
1232 0 0 10 -10 -8
1233 0 1 10 -11 0
1234 0 0 1 15 15
1235 0 1 1 -16 -7
1236 0 0 14 2 14
1237 1 0 -16 -16 -16
1238 1 0 -11 6 9
1239 0 0 6 9 15
1240 0 0 13 13 -6
1241 0 0 15 15 -11
1242 1 1 -7 -16 8
1243 0 0 15 11 6
1244 0 1 3 -5 -5
1245 0 1 2 7 -16
1246 0 0 11 10 -13
1247 1 0 -12 3 -4
1248 0 1 6 -15 -7
1249 0 0 6 15 0
1250 0 1 9 8 14
1251 0 1 12 -16 3
1252 0 1 15 -11 -14
1253 0 1 15 -12 11
1254 1 0 -13 -2 2
1255 1 1 -14 15 9
1256 0 1 15 -16 1
1257 1 0 -11 6 -4
1258 0 0 15 3 15
1259 0 1 6 -6 -11
1260 0 0 5 -8 -16
1261 0 1 8 13 -7
1262 1 1 -16 7 6
1263 0 0 2 5 -6
1264 1 1 8 -2 12
1265 0 0 11 -10 -16
1266 0 1 11 15 3
1267 0 0 -4 15 -13
1268 1 1 -16 8 15
1269 0 0 15 -16 -15
1270 1 0 -6 -16 -5
1271 1 1 -2 -6 11
1272 0 0 9 9 9
1273 1 0 -16 -16 -2
1274 0 0 11 -16 13
1275 0 0 14 15 15
1276 0 0 5 -14 15
1277 0 0 -6 6 5
1278 0 1 5 15 -16
1279 0 1 9 -5 -8
1280 0 0 8 -16 -6
1281 0 1 6 -5 9
1282 1 0 -16 -10 12
1283 1 0 -15 9 15
1284 0 0 15 -6 -2
1285 0 0 12 -6 10
1286 1 1 -14 10 -13
1287 0 1 13 15 -4
1288 1 1 -7 -10 12
1289 1 1 7 -3 15
1290 0 0 2 -13 -10
1291 0 1 14 -5 -4
1292 0 1 7 15 -15
1293 1 1 -12 8 -15
1294 1 0 -16 -12 14
1295 0 0 15 -15 15
1296 1 1 -7 -7 11
1297 0 1 15 -12 15
1298 1 1 -2 6 -13
1299 1 0 -7 -13 -11
1300 0 0 6 5 9
1301 1 0 -16 6 -15
1302 0 0 -1 4 5
1303 0 0 8 -10 12
1304 1 0 -4 7 -15
1305 1 1 -14 14 13
1306 1 0 -5 1 -4
1307 1 1 -3 -5 12
1308 1 1 -6 11 13
1309 0 0 15 15 -6
1310 1 0 -6 -12 10
1311 1 0 -14 -8 15
1312 1 0 -1 15 -16
1313 1 1 -11 12 6
1314 0 1 6 -7 9
1315 1 1 -16 -11 10
1316 0 1 13 15 -12
1317 0 0 8 8 -16
1318 0 0 12 -8 10
1319 0 0 10 -16 -12
1320 0 0 13 -16 9
1321 0 1 15 14 -16
1322 1 1 -11 14 11
1323 1 1 -6 -11 -16
1324 1 1 -9 13 -10
1325 0 1 9 -2 -6
1326 1 0 -4 -9 -11
1327 1 0 -16 -13 -14
1328 0 0 11 -11 -10
1329 0 1 10 -16 -6
1330 1 0 -9 -5 -10
1331 1 1 0 1 8
1332 1 1 -5 8 -10
1333 1 0 -13 10 12
1334 1 0 -7 -15 -16
1335 0 1 7 -9 -4
1336 0 1 9 7 -6
1337 0 0 8 -7 7
1338 1 1 -7 -2 -1
1339 1 0 -4 -7 0
1340 0 1 15 13 0
1341 1 0 -11 -3 -16
1342 0 0 14 -14 -6
1343 0 0 11 15 2
1344 1 1 -16 15 9
1345 1 0 -6 -16 3
1346 0 0 7 -6 0
1347 1 0 -8 -4 -11
1348 0 1 15 -16 14
1349 1 1 -2 9 -16
1350 1 0 -3 -14 14
1351 0 0 10 15 -12
1352 0 1 9 -11 -16
1353 0 0 8 9 10
1354 1 0 -13 -16 11
1355 0 1 14 -10 10
1356 1 0 -6 -15 -5
1357 0 1 1 -11 -12
1358 1 1 -13 5 -1
1359 1 1 -6 -16 -4
1360 1 1 -9 -8 -16
1361 1 1 -14 14 -7
1362 0 1 8 -11 -16
1363 0 1 3 -9 -16
1364 0 0 2 -14 8
1365 0 1 11 8 -12
1366 0 1 15 -16 5
1367 0 1 15 12 -6
1368 0 0 0 0 15
1369 1 1 -12 15 15
1370 0 0 14 -14 10
1371 1 0 -16 -4 -11
1372 1 0 -7 -1 0
1373 1 0 -14 -16 -6
1374 1 1 -14 0 -12
1375 0 0 8 -1 3
1376 1 1 -6 -3 4
1377 0 1 6 -5 8
1378 1 1 -14 -10 -8
1379 0 0 15 -3 -16
1380 0 1 15 -15 6
1381 1 0 -5 -11 15
1382 1 0 -12 11 15
1383 0 1 9 -1 -10
1384 0 1 13 -16 -14
1385 1 1 -16 4 -1
1386 0 0 13 14 0
1387 0 0 12 8 -8
1388 1 1 -16 -13 15
1389 0 1 4 9 1
1390 1 1 -16 6 -16
1391 0 0 10 6 -16
1392 1 1 -10 15 5
1393 0 0 1 -2 15
1394 1 1 -12 -16 -16
1395 0 1 3 1 -4
1396 0 1 3 -3 4
1397 0 0 10 -16 -15
1398 0 1 6 -9 -3
1399 1 1 -15 4 15
1400 0 1 1 4 14
1401 0 1 8 11 -15
1402 0 0 9 10 -12
1403 1 0 -13 -7 14
1404 0 0 11 -6 -16
1405 0 1 1 -11 -9
1406 0 0 3 4 15
1407 1 1 -9 -8 -9
1408 1 1 -6 9 15
1409 1 1 -10 -15 -9
1410 0 1 -1 15 -14
1411 1 1 -16 7 15
1412 0 1 15 3 4
1413 1 1 -9 2 0
1414 0 1 11 -16 -9
1415 1 1 -3 -1 9
1416 1 0 0 -10 10
1417 0 1 10 14 -9
1418 0 1 15 15 -16
1419 1 1 -10 12 8
1420 0 0 11 -9 -15
1421 0 1 3 5 8
1422 0 1 9 15 15
1423 1 0 -14 6 -16
1424 0 1 5 -5 -4
1425 0 1 15 15 -10
1426 1 0 -16 -2 12
1427 0 0 15 -13 3
1428 0 1 8 15 -3
1429 1 0 -10 -3 -16
1430 0 0 15 -3 10
1431 0 0 15 -16 15
1432 1 0 -7 15 -8
1433 1 1 -16 9 15
1434 0 0 1 -8 -14
1435 0 1 8 11 15
1436 0 0 14 8 0
1437 1 0 -16 -4 -16
1438 1 0 -12 15 1
1439 0 1 11 13 -5
1440 1 1 -12 8 5
1441 1 0 -8 -2 -16
1442 0 0 14 8 2
1443 0 0 0 0 -12
1444 1 1 -8 15 -6
1445 1 1 -13 9 15
1446 1 1 -4 8 5
1447 1 0 -9 -5 -6
1448 0 1 -5 -14 -11
1449 1 1 -16 -13 -15
1450 1 1 -16 15 0
1451 0 1 10 -7 -2
1452 0 0 3 -9 15
1453 0 0 7 -7 15
1454 0 1 0 4 15
1455 1 1 -16 13 6
1456 0 1 10 11 -16
1457 1 0 -1 6 -16
1458 0 0 12 -13 10
1459 0 1 6 10 4
1460 0 0 8 12 6
1461 1 1 -16 9 15
1462 1 1 -12 12 5
1463 0 0 6 14 5
1464 1 1 -6 15 5
1465 0 1 15 -12 7
1466 1 0 -15 -16 7
1467 1 0 -16 -16 -3
1468 1 1 -16 -13 -4
1469 1 0 -8 -11 -16
1470 0 0 4 4 -16
1471 0 0 -12 15 -5
1472 0 0 8 -12 8
1473 0 1 6 3 2
1474 0 0 15 -13 15
1475 1 0 -15 -7 -4
1476 0 0 5 -15 -15
1477 0 0 15 -13 -15
1478 1 1 -15 -3 -8
1479 1 0 -13 11 -13
1480 1 0 -14 2 -16
1481 1 0 -16 15 11
1482 0 0 12 10 -7
1483 0 0 6 -1 9
1484 1 0 -2 11 7
1485 1 0 -8 3 -16
1486 1 1 -7 10 12
1487 1 1 1 -1 7
1488 1 0 -11 15 -11
1489 0 1 11 0 -16
1490 1 1 -16 -15 -10
1491 0 1 7 15 -3
1492 0 1 -4 -2 -15
1493 0 0 8 4 15
1494 0 1 9 0 -3
1495 1 0 7 15 -12
1496 0 0 1 -16 0
1497 0 0 12 10 -14
1498 0 1 13 15 -5
1499 0 0 10 -7 -1
1500 0 1 3 -6 -16
1501 1 1 -8 11 9
1502 1 1 -16 -13 -14
1503 1 1 0 -4 -16
1504 0 0 15 -15 -3
1505 0 0 12 -10 -4
1506 0 1 1 15 -9
1507 1 1 -6 15 12
1508 0 1 15 10 7
1509 0 1 10 -8 3
1510 1 1 -16 14 -7
1511 0 0 14 -16 -16
1512 0 1 15 -13 -10
1513 0 0 12 -5 -16
1514 1 1 -5 -9 3
1515 1 0 -9 15 11
1516 1 0 -13 15 8
1517 1 1 -5 14 -10
1518 0 1 15 3 -5
1519 0 1 15 -11 3
1520 1 0 -16 15 -12
1521 0 0 8 -11 -13
1522 0 0 0 2 -11
1523 0 0 5 -2 7
1524 0 1 15 12 8
1525 1 0 -6 15 7
1526 0 1 15 11 8
1527 0 0 6 -15 -4
1528 1 1 -1 15 -1
1529 0 1 4 -11 -7
1530 1 0 2 12 13
1531 0 1 2 1 -12
1532 0 0 10 -1 -13
1533 0 1 6 -16 -4
1534 0 0 9 6 -9
1535 1 1 2 1 14
1536 0 0 -4 15 13
1537 1 1 -11 9 -16
1538 1 1 -8 13 -8
1539 0 1 15 14 5
1540 1 0 -7 15 -8
1541 1 1 -12 3 15
1542 1 1 -13 -16 15
1543 0 1 14 0 11
1544 1 1 -12 -16 -5
1545 1 1 -4 3 14
1546 1 1 -13 9 -16
1547 0 0 13 -12 14
1548 0 0 5 10 -11
1549 0 1 5 12 -8
1550 1 1 -16 8 -1
1551 0 0 13 -5 12
1552 0 1 15 10 -15
1553 0 0 15 10 -12
1554 0 0 10 -16 13
1555 1 0 -10 15 -11
1556 1 1 0 15 -15
1557 0 0 -3 -11 3
1558 1 0 -6 -6 12
1559 1 1 -5 -16 8
1560 0 0 15 10 -9
1561 0 0 15 5 15
1562 0 1 15 -5 -7
1563 1 1 -10 7 6
1564 0 1 6 -9 -13
1565 1 0 -10 -1 6
1566 0 1 -1 1 4
1567 0 1 15 -16 -9
1568 0 0 0 -16 -14
1569 0 0 5 13 15
1570 0 1 15 -16 8
1571 1 0 -8 -7 15
1572 0 0 11 15 -10
1573 1 0 -3 -8 -5
1574 1 1 -3 15 10
1575 1 0 -11 -5 0
1576 0 0 2 13 15
1577 0 0 -3 -13 0
1578 1 0 -10 -6 4
1579 0 1 14 5 -11
1580 1 1 -8 -12 -7
1581 0 0 7 -13 -6
1582 0 1 15 9 15
1583 0 0 6 -16 11
1584 1 0 -12 -2 15
1585 0 0 15 4 14
1586 1 0 -3 -14 1
1587 1 1 -4 10 -9
1588 0 0 11 10 3
1589 0 1 10 14 15
1590 0 1 7 15 -12
1591 1 1 -14 -3 2
1592 1 0 -9 -13 15
1593 1 1 -8 8 -5
1594 0 0 13 -13 2
1595 0 1 8 -11 15
1596 0 0 11 -4 -1
1597 0 0 4 11 -6
1598 0 1 15 -5 15
1599 0 0 7 3 3
1600 0 0 9 15 -4
1601 0 0 11 -4 -1
1602 0 1 6 -6 -12
1603 0 1 14 -14 1
1604 0 0 14 14 -16
1605 0 1 14 -9 14
1606 1 1 -16 -11 7
1607 1 0 -13 -9 -14
1608 0 1 12 15 -15
1609 1 0 -1 -5 12
1610 1 1 -16 15 -10
1611 1 1 1 -10 2
1612 1 0 -14 -7 10
1613 0 0 7 -15 8
1614 0 1 15 -10 -3
1615 1 0 -6 -13 15
1616 0 0 13 -14 -12
1617 1 0 -1 12 6
1618 1 1 -14 -11 -2
1619 0 1 13 5 4
1620 0 0 1 -16 10
1621 0 0 10 2 15
1622 1 1 -16 -16 -16
1623 1 0 -16 5 7
1624 0 0 8 15 -15
1625 0 1 7 7 -8
1626 1 0 -9 -7 13
1627 0 0 13 15 5
1628 1 0 -16 2 -16
1629 1 0 -11 -13 -15
1630 1 1 -6 12 15
1631 1 1 -7 -3 -14
1632 0 1 12 -1 -16
1633 0 0 8 -3 -8
1634 0 0 3 11 -7
1635 0 0 10 14 12
1636 0 1 8 0 15
1637 1 1 -3 6 -7
1638 1 1 -5 14 6
1639 0 1 4 -6 0
1640 1 1 4 -2 -11
1641 0 1 15 -1 9
1642 0 0 14 14 4
1643 0 1 12 -5 5
1644 0 1 8 -11 5
1645 1 1 -15 13 15
1646 0 0 7 7 15
1647 1 1 -9 -8 8
1648 0 0 6 14 -16
1649 0 1 12 -7 -16
1650 0 0 2 15 7
1651 1 0 -2 -8 -1
1652 0 1 9 -11 0
1653 0 0 12 2 -14
1654 0 1 4 -9 -16
1655 1 0 -10 -15 4
1656 0 1 11 15 -16
1657 1 0 -9 -11 0
1658 1 0 -1 -4 12
1659 0 1 12 15 5
1660 1 1 -11 -7 -9
1661 0 0 4 7 -16
1662 0 0 5 -5 2
1663 0 1 3 15 15
1664 1 1 -4 -9 -12
1665 1 1 -14 9 4
1666 1 0 -15 -13 9
1667 0 0 2 14 -6
1668 0 1 15 -2 -7
1669 0 0 6 14 15
1670 0 0 14 10 -13
1671 0 0 15 -8 11
1672 1 1 -3 13 -16
1673 1 0 -16 12 -11
1674 1 1 -16 14 -12
1675 0 1 15 7 1
1676 1 1 -7 15 15
1677 1 0 -9 8 -16
1678 1 1 -2 -16 -13
1679 0 0 1 -13 15
1680 1 1 0 -7 -1
1681 0 1 10 -10 13
1682 0 0 9 -14 1
1683 1 1 -16 -5 -14
1684 0 1 -2 -9 -7
1685 1 0 -10 15 -14
1686 1 1 -16 -13 14
1687 0 0 7 10 8
1688 1 0 -12 8 9
1689 0 0 5 11 2
1690 1 0 -16 8 9
1691 1 1 -4 2 -10
1692 0 0 6 1 14
1693 1 1 0 11 11
1694 1 0 -9 5 7
1695 0 1 0 15 -4
1696 0 0 8 -7 -12
1697 1 1 -10 15 -8
1698 1 0 -16 7 7
1699 0 1 14 -16 -5
1700 0 1 4 6 1
1701 1 0 -3 -1 13
1702 1 1 -9 6 -11
1703 0 1 4 11 -9
1704 0 0 15 8 -15
1705 1 1 -7 -16 11
1706 0 1 -1 15 -1
1707 1 1 -16 7 -5
1708 0 0 15 12 -4
1709 1 0 -16 11 -14
1710 1 1 -13 11 -13
1711 0 1 6 15 15
1712 0 0 7 1 -8
1713 1 1 2 12 11
1714 1 1 -2 5 13
1715 0 0 14 -12 -16
1716 0 0 15 15 15
1717 1 1 -16 -15 -8
1718 0 0 7 1 -11
1719 0 0 7 9 9
1720 0 1 11 -6 8
1721 0 1 -1 15 -6
1722 1 0 -9 -13 -11
1723 0 1 6 -11 -9
1724 0 0 14 12 -15
1725 0 1 10 -6 8
1726 1 1 -16 -7 1
1727 1 0 -14 -12 7
1728 1 0 -14 -12 -6
1729 0 0 7 5 13
1730 0 1 -1 9 -12
1731 0 0 7 -2 -6
1732 0 0 11 -14 5
1733 1 1 -5 11 15
1734 0 0 4 15 10
1735 0 1 9 7 14
1736 1 0 -8 -11 -13
1737 1 1 -7 -7 -5
1738 1 0 -16 15 8
1739 0 0 15 -5 1
1740 1 1 -3 7 -3
1741 1 0 -9 0 -16
1742 1 0 -16 15 15
1743 0 1 14 15 -10
1744 0 1 12 -8 10
1745 1 0 -14 6 15
1746 1 1 -16 15 -16
1747 0 1 7 -16 -16
1748 1 1 -5 -3 13
1749 1 1 -10 -11 5
1750 1 1 1 -7 1
1751 1 0 -16 7 9
1752 0 1 14 14 3
1753 0 0 15 11 1
1754 0 0 15 -2 14
1755 1 0 -16 3 13
1756 1 1 -16 5 15
1757 0 1 5 6 8
1758 1 0 -4 -2 1
1759 0 0 8 7 -6
1760 1 0 0 -13 -9
1761 0 1 11 -6 14
1762 1 0 -7 -11 9
1763 1 1 -10 15 -2
1764 1 0 -9 10 13
1765 0 0 4 -3 -13
1766 0 1 12 0 -12
1767 1 1 2 -5 -13
1768 0 0 8 -11 6
1769 1 1 -3 -7 -11
1770 0 1 3 1 10
1771 0 0 10 -16 13
1772 1 1 -12 -12 -1
1773 0 0 2 -1 15
1774 1 1 1 14 15
1775 1 0 -16 -15 12
1776 0 1 15 11 8
1777 1 0 -5 2 2
1778 1 1 -14 -11 -16
1779 1 0 -9 11 9
1780 1 1 -4 -6 -14
1781 0 0 13 7 -14
1782 1 0 -16 6 7
1783 0 1 14 15 5
1784 0 1 15 -12 -13
1785 0 1 15 -8 8
1786 1 0 -9 11 14
1787 0 0 9 8 5
1788 1 1 -7 -6 -16
1789 0 1 8 15 -16
1790 1 0 -12 9 -16
1791 1 0 -16 -6 1
1792 1 1 -11 -2 -11
1793 1 1 -4 -8 7
1794 0 1 15 13 15
1795 1 0 -3 13 -10
1796 0 0 -1 14 6
1797 0 0 5 -8 9
1798 1 0 -16 8 -15
1799 1 0 -10 9 -16
1800 1 0 -16 9 -7
1801 0 1 5 8 -6
1802 1 0 -14 0 -6
1803 1 0 1 15 -12
1804 0 1 15 12 -14
1805 0 1 5 -1 15
1806 0 1 12 -5 12
1807 0 0 12 -8 -4
1808 1 0 -16 -7 9
1809 1 1 -9 13 -16
1810 1 0 -15 15 -12
1811 1 1 -4 7 -14
1812 1 0 -5 2 -12
1813 1 1 -16 2 15
1814 0 1 5 7 -16
1815 0 0 3 2 5
1816 0 0 6 6 -4
1817 1 0 -11 -15 11
1818 1 1 -9 -16 -2
1819 0 0 15 -14 -10
1820 0 1 1 -10 -16
1821 0 0 2 5 -13
1822 0 0 14 -10 -6
1823 0 0 15 3 13
1824 1 0 -16 0 -11
1825 0 1 -1 -3 -7
1826 1 1 -5 -11 -9
1827 1 1 -7 11 -16
1828 0 1 8 -8 -16
1829 1 0 -14 14 4
1830 0 0 5 -16 15
1831 1 0 -13 -3 -16
1832 1 1 -13 1 10
1833 0 1 8 -3 11
1834 1 1 -6 -4 6
1835 1 1 -3 -13 -10
1836 1 0 -16 -2 -9
1837 0 0 9 12 14
1838 1 1 -7 -9 15
1839 0 0 13 -14 13
1840 1 1 -14 -16 7
1841 0 1 2 -6 5
1842 1 0 -8 14 8
1843 0 1 14 8 13
1844 0 1 4 -2 0
1845 0 1 12 15 -15
1846 1 1 -8 -4 11
1847 1 1 -8 -10 0
1848 1 1 -10 15 -5
1849 1 0 -16 15 -16
1850 0 0 11 -9 -9
1851 0 1 11 14 -16
1852 1 0 -12 -6 -4
1853 1 1 -1 3 15
1854 0 0 10 15 13
1855 1 1 -11 -8 -16
1856 0 0 15 15 15
1857 0 0 10 -16 -16
1858 0 1 10 15 -14
1859 0 0 5 12 13
1860 1 1 -12 8 -3
1861 1 0 -15 3 -7
1862 0 0 10 0 8
1863 1 1 -15 8 15
1864 0 1 -3 -7 -13
1865 0 0 15 11 -14
1866 0 0 -2 13 11
1867 0 0 1 -12 -16
1868 0 1 7 -5 -13
1869 1 0 -16 15 14
1870 1 0 -9 -16 11
1871 0 0 7 2 -16
1872 1 0 -12 -5 -16
1873 0 0 8 6 -12
1874 0 0 6 -3 10
1875 0 0 9 -15 -16
1876 0 1 14 -16 -14
1877 1 1 -11 -16 -10
1878 0 0 8 -9 15
1879 1 0 -7 15 11
1880 0 0 5 8 -14
1881 0 0 1 15 -9
1882 1 0 -8 -16 -14
1883 0 1 1 15 -11
1884 1 1 -12 9 15
1885 0 1 15 5 -1
1886 1 0 -16 13 -14
1887 0 1 6 -10 -16
1888 1 1 -16 -11 -16
1889 1 1 -14 -6 -16
1890 0 0 6 15 15
1891 0 0 15 15 12
1892 0 1 10 -14 10
1893 1 1 -16 14 14
1894 1 0 -4 4 10
1895 0 0 2 -12 -12
1896 0 0 15 7 -9
1897 1 0 -6 -14 -6
1898 0 1 5 -11 -16
1899 1 0 -10 -9 -6
1900 1 0 -3 -4 -14
1901 0 1 15 -3 -14
1902 1 1 -10 -3 15
1903 0 0 14 -4 -13
1904 1 0 -4 12 -7
1905 0 0 10 -16 -6
1906 0 1 6 -16 -10
1907 1 1 -13 7 14
1908 1 1 -1 3 15
1909 0 1 -5 -1 15
1910 1 0 -11 12 0
1911 1 0 -2 -16 -16
1912 0 1 15 -4 12
1913 0 1 11 11 9
1914 0 1 15 -6 5
1915 1 0 -16 -5 12
1916 1 0 -10 -16 -16
1917 1 1 -12 -3 3
1918 1 0 -15 -16 -3
1919 1 1 -16 -16 4
1920 1 1 -1 -13 4
1921 0 1 13 15 4
1922 1 0 -11 -7 9
1923 0 0 15 -9 -4
1924 1 1 -16 0 15
1925 0 0 11 -16 -3
1926 0 1 15 -6 15
1927 0 1 3 15 15
1928 1 1 4 7 8
1929 1 1 -13 -1 -10
1930 0 0 2 -6 -10
1931 0 1 10 9 -12
1932 1 0 -15 14 -6
1933 1 1 -8 -5 6
1934 0 1 8 -9 -16
1935 1 0 -12 -16 12
1936 0 1 0 -9 2
1937 0 0 15 -4 5
1938 0 1 2 15 15
1939 0 1 11 -16 4
1940 0 1 10 -1 -9
1941 1 0 -16 -16 -7
1942 1 1 -10 15 4
1943 0 1 10 15 1
1944 1 0 -11 -7 -9
1945 0 1 8 6 13
1946 1 0 -10 13 -5
1947 1 1 -7 -12 8
1948 0 1 3 -6 2
1949 0 1 12 2 15
1950 0 0 7 -4 8
1951 0 0 15 14 -14
1952 1 0 -8 -16 -1
1953 0 0 7 -9 -11
1954 1 0 -16 -16 7
1955 1 1 -10 9 12
1956 1 0 -16 15 6
1957 0 0 8 -4 -16
1958 0 0 7 8 -7
1959 1 1 -10 -13 15
1960 0 0 15 -12 0
1961 1 1 -16 -9 -16
1962 0 0 14 -16 8
1963 0 1 12 -12 8
1964 1 0 -12 -3 7
1965 1 0 -6 8 -8
1966 1 1 -16 9 13
1967 0 0 14 -16 -12
1968 0 1 14 2 1
1969 0 1 5 9 13
1970 0 0 15 -6 -3
1971 0 0 9 0 13
1972 1 0 -8 12 11
1973 0 0 15 15 -8
1974 0 0 2 11 -13
1975 0 1 -8 12 9
1976 1 1 -6 -7 -16
1977 0 1 14 14 -9
1978 0 0 15 -5 -13
1979 1 0 -15 -9 -2
1980 0 0 10 15 15
1981 0 0 15 8 -3
1982 0 0 2 -7 13
1983 0 0 5 -12 11
1984 0 0 4 -16 -14
1985 0 1 1 15 14
1986 1 1 0 15 15
1987 1 1 4 -12 9
1988 1 0 3 15 13
1989 1 0 -16 -15 -3
1990 1 1 -4 -7 15
1991 1 1 -15 7 15
1992 0 1 15 -10 -6
1993 1 0 -12 15 8
1994 1 1 -9 15 4
1995 1 0 -12 7 -12
1996 1 0 -9 -12 1
1997 0 0 8 -2 7
1998 1 0 -16 -16 -13
1999 1 0 -6 15 -6
2000 1 1 -6 6 6
2001 1 0 -13 9 12
2002 1 1 -6 -11 -5
2003 0 0 14 -16 15
2004 1 0 -15 -10 -5
2005 0 0 8 -11 15
2006 1 0 -16 14 6
2007 0 1 9 15 0
2008 1 0 -14 -10 2
2009 0 1 4 9 -16
2010 0 1 1 -16 -11
2011 0 0 6 13 15
2012 0 0 2 15 8
2013 1 0 -7 15 -15
2014 0 0 -9 -11 -10
2015 1 0 -16 -7 3
2016 1 0 -11 -7 15
2017 1 0 -7 -16 -7
2018 1 0 -7 -4 15
2019 1 1 -16 -12 -13
2020 1 0 -8 -13 -12
2021 0 0 11 15 2
2022 0 0 0 15 -16
2023 1 0 -11 5 15
2024 0 1 11 -4 -12
2025 1 0 -13 -9 -11
2026 1 1 -16 -16 -8
2027 0 1 11 5 13
2028 0 0 6 3 -10
2029 1 0 -16 9 -15
2030 0 1 5 -10 15
2031 1 0 -1 -11 15
2032 1 1 -16 -16 -10
2033 1 1 -6 -8 -12
2034 0 0 15 15 -7
2035 0 1 8 5 6
2036 0 0 5 -16 15
2037 0 0 14 -7 -1
2038 0 1 12 -8 -7
2039 0 0 9 8 12
2040 1 1 -15 7 15
2041 0 1 5 15 -16
2042 1 1 -11 15 15
2043 1 1 -9 6 -6
2044 1 0 -3 -11 3
2045 1 1 -13 10 15
2046 1 1 1 -16 -16
2047 0 1 13 14 8
2048 1 0 -6 10 15
2049 1 0 -10 -3 8
2050 0 0 13 -9 15
2051 0 1 3 13 -9
2052 0 1 4 -11 -15
2053 0 0 15 8 -11
2054 1 1 -16 -16 15
2055 0 0 10 -13 15
2056 1 0 -14 -10 7
2057 0 0 9 -13 15
2058 0 0 15 -14 9
2059 0 0 -1 14 -2
2060 0 0 -3 -14 12
2061 1 1 -16 -15 -9
2062 0 0 9 6 6
2063 0 1 8 3 13
2064 1 0 -10 15 15
2065 0 1 11 -5 13
2066 1 1 -12 -11 15
2067 0 0 15 3 13
2068 0 0 13 4 -16
2069 1 1 -9 15 9
2070 0 0 15 -12 -12
2071 1 1 -16 -11 12
2072 1 1 -16 -7 15
2073 1 1 -13 -15 15
2074 0 1 9 15 -16
2075 0 0 11 9 -3
2076 1 0 -16 9 9
2077 0 0 12 -4 -4
2078 1 0 -3 -11 14
2079 1 1 -8 -10 -12
2080 0 1 12 15 9
2081 1 0 -8 -2 11
2082 0 0 11 -13 14
2083 1 1 -1 -9 -7
2084 0 0 4 -4 11
2085 1 0 -14 6 -3
2086 0 1 15 -2 -9
2087 1 1 -5 -10 -16
2088 0 0 8 15 4
2089 1 0 -5 6 11
2090 1 0 -15 -16 -16
2091 0 1 3 -15 9
2092 0 1 3 1 15
2093 1 1 -7 8 10
2094 1 0 -16 -9 7
2095 1 1 -8 3 12
2096 1 0 -8 -4 -4
2097 0 1 13 14 -5
2098 0 0 6 3 10
2099 1 0 -11 -2 6
2100 1 1 2 0 7
2101 1 1 -10 -15 0
2102 1 1 -11 -16 -5
2103 1 1 -14 -16 -3
2104 1 1 -4 -15 -16
2105 1 1 -9 2 -10
2106 1 0 2 -13 -2
2107 0 1 9 15 14
2108 1 1 -6 -11 -16
2109 1 1 -6 15 -8
2110 1 1 -13 -16 -6
2111 0 1 10 11 2
2112 1 0 -8 12 -5
2113 1 0 -16 -6 14
2114 0 1 8 -16 -14
2115 1 1 -9 -5 7
2116 0 1 15 -9 -14
2117 0 0 11 -1 15
2118 0 1 10 10 15
2119 0 1 15 1 -9
2120 1 0 -12 -4 -16
2121 0 1 15 2 -13
2122 1 0 -3 -8 -1
2123 0 0 15 -14 -4
2124 1 1 -8 -16 -16
2125 0 0 14 -12 -10
2126 0 1 12 -16 15
2127 1 1 -12 -13 -12
2128 1 0 -16 5 10
2129 1 0 -7 8 -7
2130 0 1 15 -8 -13
2131 0 1 9 15 -11
2132 0 1 -1 7 -11
2133 1 0 -13 13 15
2134 0 1 8 -6 -4
2135 1 1 -11 -11 15
2136 1 1 -8 -13 -6
2137 0 1 7 3 -12
2138 0 1 7 7 7
2139 1 0 -13 3 -8
2140 1 0 -8 7 -16
2141 0 1 11 1 9
2142 1 1 -10 4 -5
2143 0 1 1 -8 -12
2144 1 1 0 -13 9
2145 1 0 -8 -10 -9
2146 1 1 -7 -4 15
2147 0 1 4 11 3
2148 0 1 3 1 11
2149 0 1 9 -14 -5
2150 0 0 15 -3 -14
2151 1 0 -2 15 -1
2152 1 1 -16 -6 10
2153 0 1 15 13 -13
2154 0 1 -3 -11 15
2155 0 0 15 15 -16
2156 0 0 13 14 15
2157 0 1 5 -9 -16
2158 1 0 2 8 11
2159 0 0 9 -15 -16
2160 1 1 -14 15 -7
2161 0 0 7 -16 15
2162 1 0 2 10 8
2163 0 1 12 -16 4
2164 0 1 8 -16 15
2165 0 0 15 4 12
2166 1 0 -15 -16 -11
2167 0 1 13 -16 14
2168 1 1 -11 5 15
2169 0 1 15 11 10
2170 1 0 -12 -10 2
2171 0 1 10 15 2
2172 1 1 -16 7 15
2173 0 1 15 15 4
2174 1 1 -13 5 7
2175 1 0 -6 3 15
2176 1 1 -10 -11 -16
2177 1 1 -16 15 -16
2178 0 0 1 6 -7
2179 1 1 -14 -11 -1
2180 0 0 0 14 12
2181 0 0 5 -16 9
2182 0 1 15 6 3
2183 1 1 -3 -16 -14
2184 0 0 10 -12 -14
2185 1 1 -9 -16 11
2186 0 1 15 -13 -12
2187 0 1 13 -12 -5
2188 0 0 10 11 -16
2189 1 0 -16 15 0
2190 1 1 -12 -16 -4
2191 0 0 -2 -11 -9
2192 1 0 -7 -14 -12
2193 0 1 15 -5 1
2194 1 0 -8 15 -9
2195 0 0 15 7 -7
2196 0 0 15 1 3
2197 0 1 15 12 14
2198 0 1 12 14 -16
2199 0 1 -6 -2 10
2200 0 0 9 15 7
2201 0 0 8 15 9
2202 0 0 15 12 -4
2203 1 1 -8 3 -16
2204 0 0 13 15 11
2205 1 0 -16 13 -12
2206 1 0 -16 -12 15
2207 0 1 -5 -9 -16
2208 0 0 7 15 -11
2209 0 0 15 -13 3
2210 1 0 4 -16 -3
2211 0 0 15 12 7
2212 1 0 -15 -12 12
2213 1 1 -14 9 15
2214 1 0 -16 -6 -8
2215 1 0 -16 -16 1
2216 0 0 14 -16 10
2217 0 1 8 0 11
2218 1 1 -10 -9 1
2219 0 0 7 -16 12
2220 1 0 -4 14 -12
2221 0 1 -1 15 14
2222 1 1 -16 -12 1
2223 1 1 -8 -14 14
2224 1 1 -5 11 -12
2225 1 0 -11 12 -14
2226 0 0 7 -10 10
2227 0 0 10 11 -16
2228 0 0 13 -3 -3
2229 1 0 -13 8 13
2230 0 0 11 3 -8
2231 1 1 -5 -7 0
2232 1 1 -8 -16 9
2233 0 0 13 13 -12
2234 1 0 -16 -6 15
2235 1 0 -16 13 15
2236 0 0 -1 12 -12
2237 1 0 -16 -13 -11
2238 1 0 -16 -16 -4
2239 0 0 13 -5 13
2240 1 1 -16 1 12
2241 1 1 -8 -2 -16
2242 1 1 -15 -11 12
2243 0 0 13 -13 1
2244 0 0 15 -14 8
2245 1 1 -15 -7 -10
2246 0 1 9 -16 -16
2247 0 0 0 -16 -13
2248 0 0 11 14 -2
2249 0 1 11 -16 -7
2250 1 1 -16 -13 15
2251 1 1 -16 -4 13
2252 0 1 -4 15 12
2253 1 1 -16 -15 -7
2254 0 0 15 -14 -4
2255 0 1 12 -2 -13
2256 1 0 -8 15 -9
2257 0 0 14 12 -15
2258 1 1 -12 7 -12
2259 0 0 8 -4 -16
2260 0 0 15 9 -6
2261 0 1 15 15 -11
2262 0 1 12 -2 13
2263 0 0 4 -12 -16
2264 1 0 -13 15 -16
2265 0 1 11 9 9
2266 1 1 1 -12 -16
2267 0 1 15 6 -3
2268 1 0 -4 6 -11
2269 0 0 1 15 -11
2270 0 1 9 -9 -8
2271 1 1 -8 15 12
2272 0 1 10 -5 13
2273 0 0 9 -8 -9
2274 1 0 -10 6 14
2275 1 0 -16 -16 6
2276 1 1 -14 4 -3
2277 0 0 14 -16 -11
2278 1 1 -5 4 -6
2279 0 1 15 15 -15
2280 1 0 -7 -1 15
2281 0 1 15 10 -16
2282 0 1 11 -2 13
2283 0 0 13 11 9
2284 0 0 15 6 3
2285 1 0 -16 8 15
2286 0 1 -3 -16 -16
2287 1 1 -14 -7 -9
2288 0 1 11 15 7
2289 0 0 15 8 -11
2290 1 1 -4 0 15
2291 1 1 -7 6 11
2292 0 0 4 9 -13
2293 0 1 12 0 -15
2294 1 0 -12 11 4
2295 0 1 15 -16 -4
2296 1 1 -9 10 13
2297 0 0 10 -3 15
2298 1 1 -16 14 -11
2299 1 1 -16 10 -13
2300 0 0 -6 -10 -16
2301 0 0 -1 9 2
2302 1 0 -14 -1 12
2303 0 1 0 -2 15
2304 0 1 4 11 -10
2305 1 0 -12 15 -2
2306 1 1 -16 -14 -9
2307 0 1 15 -11 6
2308 1 0 -10 -14 -9
2309 0 1 9 -16 15
2310 0 0 -5 -8 -10
2311 0 1 1 7 13
2312 1 0 -13 8 -11
2313 1 0 -5 -11 -13
2314 1 1 -7 5 6
2315 0 1 6 11 -7
2316 0 0 13 15 6
2317 1 0 -9 -16 -7
2318 1 1 -16 -10 4
2319 1 0 -9 15 10
2320 0 1 5 -10 -5
2321 0 0 15 -14 -14
2322 0 1 15 -14 -7
2323 1 1 -5 -16 5
2324 1 1 -13 12 12
2325 0 0 14 -11 -3
2326 1 0 1 8 8
2327 0 1 10 -13 -16
2328 0 0 13 -16 -13
2329 0 1 15 -16 -10
2330 1 1 -9 -3 15
2331 0 0 9 -10 -16
2332 1 1 -6 15 3
2333 0 0 10 5 -11
2334 0 0 11 6 -14
2335 1 0 -10 -10 -4
2336 1 0 -14 -2 14
2337 0 1 15 -5 15
2338 1 0 -2 -2 0
2339 0 1 14 14 12
2340 1 0 -2 -13 -14
2341 1 1 -16 -12 -15
2342 1 1 -10 14 -16
2343 1 0 -14 15 14
2344 0 0 15 -13 12
2345 0 1 15 15 1
2346 1 1 -11 -8 13
2347 1 1 -9 5 -6
2348 0 0 10 2 -7
2349 0 1 8 0 -9
2350 0 0 11 9 -16
2351 1 1 -16 -16 12
2352 0 0 11 11 12
2353 1 0 -16 11 5
2354 0 1 10 1 1
2355 0 0 15 -13 14
2356 1 0 -11 7 -16
2357 0 0 -6 -2 -1
2358 0 0 8 -9 6
2359 0 1 1 -16 8
2360 1 0 -5 5 -10
2361 1 1 -8 15 -7
2362 1 0 -10 10 6
2363 0 0 15 -12 2
2364 0 1 4 10 8
2365 0 1 -3 15 8
2366 0 0 13 -16 12
2367 1 1 -11 13 7
2368 0 1 15 -13 7
2369 0 1 12 -8 -3
2370 1 0 -5 14 -16
2371 1 0 -5 -10 3
2372 1 0 -3 -9 -13
2373 0 1 14 -5 -15
2374 0 1 7 -8 -7
2375 1 0 -3 -16 10
2376 1 1 -16 12 -3
2377 1 0 -10 9 -16
2378 1 1 1 13 -9
2379 1 0 -8 -9 -7
2380 1 1 7 12 -4
2381 0 0 15 4 15
2382 1 0 3 -10 15
2383 1 0 -9 -2 10
2384 1 1 -12 15 -8
2385 1 1 -5 14 -16
2386 0 1 15 -15 2
2387 1 1 -5 -2 12
2388 1 0 -16 -13 -4
2389 1 0 -13 -8 15
2390 0 0 8 6 15
2391 0 0 13 -2 -7
2392 0 0 13 -13 -14
2393 1 1 0 15 6
2394 1 0 -11 8 9
2395 1 1 -5 -1 -7
2396 0 1 12 13 -11
2397 0 1 -4 -4 15
2398 1 1 -8 9 15
2399 0 0 15 -9 -9
2400 0 0 14 -9 15
2401 0 1 2 -3 -12
2402 0 0 11 15 -16
2403 1 0 -16 13 15
2404 1 1 -16 -12 3
2405 0 0 -3 -3 12
2406 0 0 7 0 -6
2407 1 1 -16 10 15
2408 0 0 4 11 -2
2409 0 0 13 -7 -10
2410 0 1 11 -8 6
2411 1 0 -14 1 15
2412 1 0 -14 -16 7
2413 1 0 1 1 6
2414 1 1 -9 15 2
2415 0 0 14 -5 15
2416 1 1 -14 7 13
2417 1 1 -16 14 -16
2418 1 0 -6 7 -16
2419 0 0 12 15 7
2420 0 1 13 6 10
2421 1 1 -9 15 -12
2422 0 1 5 -4 5
2423 1 1 -5 3 0
2424 1 0 -8 14 15
2425 1 1 -16 8 -3
2426 1 0 -13 4 5
2427 1 1 -16 2 13
2428 0 1 10 5 15
2429 1 0 -12 -13 15
2430 0 1 1 4 9
2431 1 0 -16 4 -3
2432 0 1 3 15 1
2433 1 0 -12 12 -2
2434 0 0 15 -3 14
2435 1 0 -10 -12 -3
2436 0 0 15 14 -2
2437 1 0 -10 -13 -12
2438 1 1 -13 9 -12
2439 1 0 -9 -7 -6
2440 1 1 0 -11 12
2441 0 0 3 -16 -7
2442 1 0 -16 6 9
2443 1 1 -13 -14 -12
2444 1 0 -13 -7 9
2445 0 0 12 -6 -14
2446 1 1 -6 14 -9
2447 0 1 15 15 -16
2448 0 0 13 13 14
2449 1 1 0 -2 -11
2450 1 1 -16 -16 11
2451 0 0 7 -6 0
2452 0 1 15 -12 -3
2453 1 1 -7 -14 -8
2454 1 0 -3 15 -6
2455 0 1 1 -8 9
2456 1 0 -16 15 9
2457 0 1 15 -13 -15
2458 1 1 6 9 -6
2459 0 0 10 -11 1
2460 0 0 3 -15 -15
2461 0 1 11 -8 -4
2462 0 1 14 9 15
2463 1 1 -16 13 6
2464 1 1 -16 -1 15
2465 0 1 -1 -12 -11
2466 0 0 7 1 7
2467 1 0 -2 2 2
2468 0 1 9 11 6
2469 1 1 -14 7 -4
2470 0 0 15 -16 -14
2471 1 0 -16 -9 13
2472 0 0 15 13 -9
2473 1 0 -6 -10 12
2474 0 0 1 -7 15
2475 0 0 10 15 -2
2476 0 1 15 -1 9
2477 0 1 15 9 13
2478 0 1 14 3 13
2479 0 0 15 -16 15
2480 0 0 10 -16 -9
2481 0 1 4 -8 6
2482 0 1 5 15 1
2483 0 1 8 -1 15
2484 1 1 -16 -16 -5
2485 0 0 15 12 -7
2486 0 0 7 5 15
2487 0 0 11 -10 -12
2488 0 1 6 -7 -14
2489 0 0 10 -16 12
2490 0 1 9 12 -15
2491 1 1 -15 5 14
2492 1 0 -1 4 14
2493 1 1 -15 10 -5
2494 0 0 12 13 10
2495 0 1 -2 6 14
2496 1 1 -16 -4 -11
2497 1 0 -3 -13 -14
2498 0 0 15 -16 15
2499 0 1 7 -16 15
2500 0 0 6 10 5
2501 1 1 -9 6 15
2502 1 0 -7 -15 -16
2503 1 1 -9 14 -5
2504 0 0 13 14 12
2505 0 0 12 10 9
2506 1 1 7 -11 13
2507 1 0 -16 -2 -5
2508 1 1 -16 14 -16
2509 0 0 5 -13 9
2510 1 1 -10 7 -14
2511 1 0 -7 0 -12
2512 1 0 -14 15 10
2513 1 1 -14 -8 8
2514 1 1 -7 5 -8
2515 1 1 -9 -10 15
2516 0 1 14 15 -7
2517 0 1 15 -16 -7
2518 1 0 -13 -6 -2
2519 1 1 -9 -9 15
2520 0 0 15 15 5
2521 0 0 15 15 7
2522 1 1 -9 12 -16
2523 1 0 -6 0 15
2524 1 1 -8 -10 1
2525 0 1 15 2 -5
2526 0 1 5 12 15
2527 1 1 -14 13 -16
2528 0 0 5 4 13
2529 0 0 6 -6 -10
2530 1 0 -16 15 12
2531 0 1 15 -12 -7
2532 0 0 5 -9 -16
2533 0 0 8 -2 12
2534 1 0 -9 -12 -9
2535 1 0 -16 13 15
2536 0 0 9 -5 8
2537 0 0 -4 -16 -6
2538 1 0 -16 14 -16
2539 0 0 2 11 2
2540 1 1 -14 -16 -12
2541 1 1 -16 -2 10
2542 1 0 -11 15 -16
2543 0 1 14 -11 15
2544 0 0 15 -8 7
2545 0 1 15 -11 15
2546 0 0 11 10 -13
2547 0 0 13 -16 -16
2548 1 0 -15 -16 -7
2549 0 0 13 11 9
2550 1 0 -9 -10 -5
2551 0 0 8 -1 14
2552 1 1 -12 -10 -8
2553 0 1 -9 -16 15
2554 1 0 -10 11 15
2555 1 0 -9 -16 12
2556 1 1 -5 -15 -16
2557 1 0 -7 11 7
2558 0 0 9 0 -13
2559 0 0 5 -7 8
2560 1 1 -2 -7 -12
2561 1 0 -15 -14 -8
2562 1 0 -8 -6 15
2563 0 1 9 -2 1
2564 1 0 -3 15 11
2565 0 1 6 4 15
2566 1 1 1 -14 15
2567 1 0 -11 -11 15
2568 1 1 -6 4 15
2569 0 1 5 1 15
2570 0 0 5 -12 9
2571 1 0 -8 8 1
2572 1 1 -7 -16 15
2573 1 1 -16 -8 7
2574 0 1 4 -10 13
2575 0 1 0 -6 -8
2576 1 0 -12 -6 -10
2577 1 0 -9 15 10
2578 0 1 2 -7 7
2579 1 1 -11 6 -16
2580 1 1 -11 15 6
2581 1 0 -16 3 5
2582 0 0 -3 6 15
2583 0 1 3 -14 -16
2584 1 1 -4 4 -15
2585 0 0 15 -1 -12
2586 1 1 -7 15 -5
2587 1 0 -16 15 8
2588 1 0 -16 11 14
2589 1 0 -15 -9 11
2590 0 0 12 -10 8
2591 1 0 -12 -12 8
2592 1 0 -16 3 15
2593 1 0 -2 15 10
2594 1 1 -12 11 -14
2595 1 0 -13 -10 -4
2596 1 0 -4 14 -16
2597 0 1 14 5 -6
2598 0 1 15 2 -6
2599 0 0 9 15 15
2600 0 0 -1 10 10
2601 0 0 9 15 -7
2602 1 1 -14 -6 6
2603 1 1 -16 3 12
2604 1 0 -16 5 -7
2605 0 0 -4 -4 15
2606 1 0 -4 13 13
2607 1 1 -15 -2 8
2608 1 1 -1 9 15
2609 0 0 15 10 13
2610 1 1 -16 15 12
2611 1 1 -11 15 15
2612 0 0 13 9 13
2613 1 0 -6 15 -8
2614 0 0 10 -15 -6
2615 0 0 1 15 -13
2616 1 1 -7 -9 -6
2617 1 1 -16 15 12
2618 1 0 -15 -9 -11
2619 0 1 15 11 5
2620 1 0 -1 15 -4
2621 0 0 -1 4 -6
2622 1 1 -12 8 11
2623 1 1 -16 9 -9
2624 1 0 -9 -9 14
2625 0 1 4 -16 12
2626 1 0 -2 -9 13
2627 1 1 -16 4 10
2628 1 1 -13 7 14
2629 1 0 -16 10 14
2630 0 1 9 3 9
2631 1 0 -1 15 -16
2632 0 0 10 -2 15
2633 1 0 -4 -15 9
2634 0 0 9 12 -8
2635 1 1 -15 -3 14
2636 0 0 15 -15 -16
2637 1 1 2 -14 5
2638 0 0 9 -9 -7
2639 1 0 -16 15 -8
2640 1 1 -16 -1 10
2641 0 0 15 12 -2
2642 0 0 15 2 0
2643 1 1 -5 -16 -3
2644 0 0 8 15 4
2645 1 1 -6 -16 -3
2646 0 1 9 -16 -14
2647 1 0 -8 -9 -14
2648 1 0 -5 15 8
2649 0 1 12 -6 -1
2650 0 1 1 -12 -8
2651 1 0 -13 15 -12
2652 1 0 -14 -6 15
2653 1 0 -4 -12 -9
2654 0 0 9 -15 9
2655 0 1 15 -5 -16
2656 1 0 -12 -16 -14
2657 0 0 12 -14 15
2658 0 0 5 -12 -1
2659 1 1 -15 -3 -12
2660 1 0 -4 7 15
2661 0 0 15 -1 15
2662 0 1 8 -16 7
2663 0 1 3 -4 15
2664 1 1 -3 -10 -3
2665 0 0 15 -16 -15
2666 0 0 10 -16 10
2667 1 1 -11 -15 15
2668 0 0 8 0 10
2669 0 1 15 -7 6
2670 0 0 10 15 -3
2671 0 0 12 -16 15
2672 0 0 4 12 15
2673 0 0 5 7 -14
2674 0 0 15 -5 -16
2675 1 0 -3 3 -15
2676 0 1 14 -9 -12
2677 1 1 -16 13 14
2678 1 0 -9 2 -9
2679 1 1 -16 8 12
2680 0 1 -1 12 8
2681 1 1 -16 4 15
2682 0 1 3 -9 -15
2683 0 0 15 6 -5
2684 0 0 -3 -1 10
2685 0 0 15 -15 -10
2686 0 0 15 -13 15
2687 0 0 15 -8 0
2688 0 1 12 12 15
2689 0 1 15 -9 12
2690 1 0 0 -14 15
2691 1 1 -15 -7 5
2692 0 0 14 12 -13
2693 0 0 11 10 6
2694 0 0 6 -16 15
2695 0 1 8 -4 12
2696 1 1 -6 15 15
2697 1 1 -10 -13 -16
2698 1 1 -8 -12 15
2699 1 1 -2 4 -1
2700 1 1 -16 10 -13
2701 0 0 15 -16 -14
2702 1 1 -7 -12 15
2703 1 0 -7 -15 11
2704 1 0 -8 -16 14
2705 1 0 -6 -9 15
2706 0 0 9 6 14
2707 0 0 15 8 9
2708 1 0 -13 15 15
2709 1 0 0 8 15
2710 0 1 11 15 -12
2711 1 1 -16 8 -10
2712 1 0 -14 13 -12
2713 0 1 11 -2 11
2714 0 0 14 -12 2
2715 1 1 -12 11 -9
2716 1 0 -11 2 9
2717 0 0 12 -9 1
2718 0 0 6 9 6
2719 1 0 -12 -12 15
2720 0 0 1 -16 -16
2721 1 0 -11 -12 -8
2722 0 1 15 -13 -1
2723 1 0 -2 6 15
2724 0 0 5 7 5
2725 0 0 8 -1 6
2726 0 1 14 9 -15
2727 0 1 15 7 -6
2728 0 0 5 14 -16
2729 0 0 -2 15 -11
2730 0 1 13 6 -5
2731 0 1 14 13 8
2732 1 1 -10 -16 15
2733 0 0 12 4 -12
2734 1 1 -12 12 -13
2735 0 1 1 11 -9
2736 0 0 3 -1 -3
2737 1 0 -4 9 11
2738 0 0 10 -2 -2
2739 1 0 -8 15 -14
2740 1 0 -7 14 10
2741 1 1 -16 15 -12
2742 0 1 7 15 15
2743 1 1 -4 4 15
2744 1 1 -14 8 1
2745 1 0 -13 -11 0
2746 1 0 -12 10 -14
2747 1 0 -6 1 -8
2748 0 1 6 15 13
2749 0 0 15 -16 8
2750 1 0 -16 -5 14
2751 1 0 -11 -4 4
2752 0 0 14 4 -3
2753 1 1 -12 -3 -16
2754 1 1 -10 14 -9
2755 0 0 5 12 -15
2756 1 1 -16 4 0
2757 1 1 -9 -7 -13
2758 0 0 5 -12 15
2759 1 0 -3 4 -8
2760 0 1 15 14 -16
2761 1 1 -16 -10 -16
2762 0 0 13 8 7
2763 0 0 6 -16 11
2764 1 1 -15 -11 15
2765 0 1 8 15 8
2766 1 1 -2 -14 -11
2767 0 0 7 -5 -11
2768 0 1 15 7 -8
2769 0 1 12 -16 15
2770 1 1 -16 -2 11
2771 0 0 14 12 -8
2772 1 1 -16 -8 -10
2773 0 0 15 6 6
2774 1 1 -10 -16 -2
2775 1 0 -12 11 -13
2776 0 0 8 -6 14
2777 0 0 5 -16 -11
2778 1 0 -11 13 -5
2779 1 0 -4 -10 12
2780 1 0 -13 -11 4
2781 1 0 -8 10 -16
2782 1 1 -14 15 7
2783 1 1 -16 15 -9
2784 1 1 -12 -9 -13
2785 0 1 9 -13 9
2786 0 0 11 10 -11
2787 0 0 15 -16 -16
2788 1 1 -5 -16 3
2789 1 0 -1 -13 14
2790 1 0 -14 -12 5
2791 1 1 -11 -10 -8
2792 0 1 15 3 -8
2793 0 0 5 15 -15
2794 1 0 -13 12 -10
2795 1 1 -12 8 -6
2796 0 1 13 4 12
2797 1 0 -16 11 -4
2798 0 0 7 -2 -11
2799 1 0 -7 -16 -3
2800 0 1 2 15 -16
2801 0 1 9 6 4
2802 0 0 15 -14 -8
2803 0 0 10 -10 -8
2804 1 1 -10 10 15
2805 1 0 -7 -11 8
2806 1 1 -16 -9 -10
2807 0 0 15 -4 0
2808 1 1 -11 6 5
2809 1 0 -5 -6 4
2810 1 1 -2 -7 15
2811 1 1 -16 15 13
2812 0 0 12 -16 7
2813 1 0 -5 15 -3
2814 0 0 15 -3 -10
2815 0 1 15 -16 15
2816 0 0 9 -4 15
2817 0 1 2 15 -6
2818 0 1 6 -16 -16
2819 0 0 14 10 -11
2820 0 1 13 6 3
2821 1 1 -6 12 -14
2822 1 0 -16 12 15
2823 1 0 -16 -6 -16
2824 1 0 -8 14 4
2825 1 1 0 -14 -12
2826 0 1 11 13 0
2827 1 0 -5 11 8
2828 0 0 6 3 13
2829 0 1 11 -8 -9
2830 1 0 -9 8 14
2831 1 0 -15 15 -5
2832 1 0 -13 7 15
2833 1 1 -6 -3 -6
2834 0 0 6 -12 -7
2835 0 0 11 15 4
2836 0 1 5 -8 11
2837 1 1 -7 2 -13
2838 1 1 -15 -13 7
2839 0 1 1 15 -3
2840 1 1 -16 -11 -10
2841 1 1 -4 10 0
2842 0 1 13 15 11
2843 0 0 12 6 -8
2844 1 0 -16 -16 4
2845 0 1 8 11 -14
2846 0 0 15 -4 -9
2847 0 0 -1 15 0
2848 0 1 0 1 15
2849 0 1 1 -14 -8
2850 0 1 15 -9 6
2851 0 0 15 -3 14
2852 1 1 3 -12 -2
2853 1 1 7 11 -6
2854 0 1 15 -4 14
2855 1 0 -16 9 -9
2856 1 0 -9 12 -4
2857 1 0 -6 15 -13
2858 0 0 15 7 9
2859 1 1 -11 12 15
2860 1 1 -14 8 -10
2861 1 1 -16 -4 10
2862 0 1 -4 -12 -4
2863 0 0 5 15 15
2864 1 0 0 13 -1
2865 0 1 4 15 -16
2866 1 1 0 7 -12
2867 1 1 -11 14 -3
2868 0 1 2 13 -9
2869 1 1 1 9 -12
2870 1 1 -3 15 -8
2871 1 0 -13 -14 11
2872 1 0 -11 15 3
2873 1 1 -13 -15 8
2874 0 1 5 -4 13
2875 0 0 9 -7 11
2876 1 1 -14 -16 5
2877 1 1 -14 -12 15
2878 1 0 0 -5 15
2879 1 1 -2 -9 15
2880 0 0 15 5 -4
2881 1 0 -11 0 8
2882 0 0 5 -14 9
2883 1 0 -1 -16 -5
2884 0 1 13 -2 14
2885 0 0 15 -12 -16
2886 1 1 -7 -10 15
2887 1 1 -16 12 10
2888 1 0 -1 10 -2
2889 1 1 -14 15 -11
2890 1 0 -9 -15 15
2891 0 1 13 -13 -16
2892 1 0 -12 -3 -9
2893 0 0 11 -11 11
2894 1 0 -13 15 -4
2895 1 0 -14 -13 9
2896 0 1 15 7 -2
2897 0 1 13 -15 13
2898 0 0 15 12 15
2899 0 1 15 12 -3
2900 0 1 0 -8 -4
2901 1 1 -16 11 15
2902 0 1 14 -9 7
2903 0 0 13 -16 -16
2904 1 1 -5 -1 0
2905 0 0 14 14 -1
2906 0 1 15 15 -15
2907 0 1 14 15 5
2908 1 0 -2 -16 11
2909 0 1 7 -2 -8
2910 1 0 4 11 1
2911 0 0 14 10 -13
2912 1 1 -14 13 -8
2913 0 0 15 -5 14
2914 0 0 15 1 7
2915 1 0 -15 -7 -11
2916 0 0 8 -16 -14
2917 1 1 -13 -13 9
2918 0 1 7 -13 -16
2919 1 1 -14 9 1
2920 1 0 -15 -16 -14
2921 1 1 -8 -16 1
2922 1 1 -16 13 -8
2923 0 1 13 -16 -7
2924 0 1 8 -14 7
2925 0 1 15 -8 8
2926 0 1 15 13 6
2927 0 1 6 -9 -7
2928 0 0 5 12 -16
2929 0 0 1 -1 15
2930 1 0 -16 10 -16
2931 0 0 6 -16 15
2932 1 1 -8 -14 -10
2933 1 1 -16 -10 14
2934 0 1 14 5 -1
2935 1 1 -12 -12 -16
2936 1 0 -8 15 -14
2937 0 1 8 8 15
2938 1 1 -13 3 -6
2939 1 1 1 -5 -14
2940 1 1 -16 9 4
2941 0 1 7 -16 15
2942 1 0 -10 12 -13
2943 0 1 5 -12 3
2944 1 1 -7 15 -16
2945 0 0 9 -5 7
2946 0 0 6 -13 6
2947 0 1 11 -10 15
2948 1 1 -5 -9 11
2949 1 0 -16 12 5
2950 1 0 -8 14 -11
2951 1 0 -6 15 -16
2952 0 0 15 4 2
2953 0 0 10 -16 12
2954 1 1 -6 12 15
2955 0 0 6 -16 7
2956 0 1 3 -6 14
2957 0 1 8 -5 7
2958 0 0 5 8 7
2959 0 0 3 -16 -10
2960 1 1 -12 -12 3
2961 1 1 -3 7 9
2962 0 0 14 15 -16
2963 1 0 -6 -11 7
2964 0 0 -4 -16 15
2965 0 0 5 8 -11
2966 0 0 3 -12 -8
2967 1 1 -3 -10 13
2968 0 0 15 11 15
2969 1 0 -8 -11 15
2970 0 0 11 -3 10
2971 1 0 -16 -7 7
2972 0 1 12 -14 -10
2973 1 0 -16 6 6
2974 1 1 -14 -16 13
2975 1 0 -3 -5 8
2976 1 1 -14 -5 15
2977 0 1 -2 -10 15
2978 0 1 10 -16 -6
2979 0 0 14 -11 -9
2980 0 0 6 7 5
2981 0 0 2 -16 -1
2982 0 1 13 10 0
2983 1 0 -11 -9 15
2984 1 1 -16 8 -13
2985 1 0 -8 -1 -15
2986 0 1 13 8 -16
2987 1 0 -7 1 -16
2988 0 0 1 1 -16
2989 1 0 -6 5 15
2990 1 0 -9 10 -2
2991 1 0 -16 -15 15
2992 0 1 10 -13 -10
2993 1 0 -15 -12 -2
2994 1 1 -16 13 -16
2995 1 0 2 10 -15
2996 0 1 9 -16 5
2997 0 0 4 11 9
2998 0 0 6 6 15
2999 1 1 -16 9 -13
3000 1 1 -3 7 -5
3001 0 0 5 4 -12
3002 1 1 -16 10 -3
3003 1 0 -8 1 14
3004 1 0 -16 -16 4
3005 1 0 -14 4 15
3006 1 0 4 -14 12
3007 1 1 -5 -3 -9
3008 1 1 -15 -4 -3
3009 1 0 -15 7 1
3010 0 1 14 -4 9
3011 0 0 11 10 9
3012 0 0 7 -4 13
3013 0 0 10 -15 5
3014 0 1 10 -9 -11
3015 0 0 0 -14 15
3016 1 1 -7 -16 12
3017 0 1 0 -11 -16
3018 1 0 -16 7 -10
3019 0 0 15 15 10
3020 1 0 -1 -15 -14
3021 0 0 14 14 8
3022 0 1 15 -5 -11
3023 1 1 -16 -10 11
3024 0 0 15 11 9
3025 0 0 15 4 -6
3026 1 0 -8 7 10
3027 0 0 10 -1 11
3028 1 0 -1 -9 8
3029 0 1 15 6 -16
3030 0 0 15 8 -1
3031 1 1 -12 7 -2
3032 0 0 15 -16 -4
3033 0 1 4 15 15
3034 1 0 -16 -16 -13
3035 0 0 13 -12 8
3036 1 0 -15 -13 -1
3037 1 1 -16 11 12
3038 0 0 10 -16 -12
3039 1 0 -13 12 13
3040 1 1 -13 14 -14
3041 0 1 14 -4 15
3042 0 1 15 10 5
3043 1 1 -5 -16 -16
3044 1 1 -13 15 4
3045 1 0 -5 -14 -15
3046 0 0 9 15 -4
3047 0 0 12 -10 -9
3048 1 1 -3 -8 -7
3049 1 1 -9 -13 2
3050 0 1 0 7 -3
3051 1 1 -3 -16 15
3052 1 0 -2 11 9
3053 1 0 -13 -9 -9
3054 1 0 -12 -6 -16
3055 0 1 7 -16 -1
3056 1 0 -16 7 13
3057 0 1 2 7 -8
3058 1 1 -16 -16 7
3059 1 0 -14 0 -16
3060 0 1 11 2 15
3061 1 0 -14 4 0
3062 0 0 3 9 6
3063 1 0 -10 -2 7
3064 0 1 1 15 -16
3065 1 1 -5 15 -10
3066 1 0 -16 -10 -4
3067 1 1 -2 -1 14
3068 1 0 -13 -16 9
3069 1 0 -7 -7 12
3070 1 0 -16 3 15
3071 1 0 -14 5 15
3072 1 1 -5 -3 -9
3073 0 0 0 -3 6
3074 0 1 15 -13 15
3075 0 0 14 -16 9
3076 1 1 -7 12 5
3077 0 1 14 15 15
3078 1 1 -2 -10 -12
3079 1 1 -6 -12 9
3080 1 0 -15 4 7
3081 0 1 11 -12 -3
3082 1 0 -16 -2 11
3083 1 0 -4 11 -8
3084 0 0 9 -9 15
3085 0 0 8 12 13
3086 1 0 -4 -12 -3
3087 0 1 9 -9 8
3088 0 0 7 7 -9
3089 0 0 15 -6 -5
3090 1 1 -16 -16 13
3091 1 1 -11 -11 -1
3092 1 1 -8 -10 -16
3093 1 1 -14 -3 7
3094 1 0 -13 -2 -8
3095 0 0 12 9 -2
3096 0 0 8 11 -12
3097 1 1 -10 1 -16
3098 0 1 -2 -8 8
3099 0 1 15 9 15
3100 1 0 -16 -8 -14
3101 0 0 9 -14 15
3102 0 0 4 15 9
3103 0 0 15 -11 -10
3104 1 1 -4 -9 12
3105 1 1 -9 -10 14
3106 0 0 6 3 -16
3107 0 1 15 5 -16
3108 1 0 -1 8 14
3109 0 1 6 -7 -16
3110 1 0 -1 -16 -16
3111 1 0 -15 -16 5
3112 0 0 15 6 -4
3113 0 1 4 13 -15
3114 0 1 9 -1 -6
3115 0 0 7 -9 8
3116 1 1 -13 13 -4
3117 0 0 14 12 -9
3118 1 0 -16 -5 10
3119 1 0 2 -6 -8
3120 0 1 8 -11 -13
3121 0 1 15 -11 -14
3122 1 1 -11 -7 -13
3123 1 0 -7 7 8
3124 0 0 15 -15 1
3125 1 0 -5 9 -12
3126 1 0 1 15 -6
3127 0 0 14 -7 -12
3128 0 1 15 12 -16
3129 1 1 -13 -13 4
3130 0 1 11 -16 11
3131 0 0 15 11 -16
3132 1 0 -11 -2 -2
3133 0 1 -6 5 -11
3134 1 0 -16 -7 -16
3135 1 0 0 9 13
3136 1 1 -14 -9 15
3137 1 0 -16 15 5
3138 1 1 0 -7 11
3139 1 1 -16 -7 11
3140 1 1 -11 13 -7
3141 1 1 -12 11 5
3142 0 1 14 -16 -12
3143 1 0 -4 -16 14
3144 1 1 -13 -12 11
3145 1 0 -9 -10 14
3146 0 0 11 6 -14
3147 1 1 -4 -16 -5
3148 1 1 -12 13 11
3149 0 0 15 3 -13
3150 1 1 -12 -11 -16
3151 1 1 -11 -8 -9
3152 0 1 11 -14 -5
3153 0 0 -3 -8 15
3154 1 0 -16 -16 11
3155 0 0 6 -4 -11
3156 0 0 11 -8 -1
3157 1 1 -8 -6 7
3158 0 1 5 -14 -16
3159 1 1 -7 0 -5
3160 0 0 6 11 -10
3161 0 0 6 4 -11
3162 1 0 -7 -16 9
3163 1 0 -9 -14 -4
3164 0 1 15 -6 -16
3165 0 1 8 -10 -11
3166 0 1 7 15 -16
3167 1 1 -2 4 -12
3168 1 0 -7 -14 15
3169 1 1 -1 10 0
3170 0 0 4 10 -10
3171 0 1 15 0 -7
3172 0 1 9 15 8
3173 1 0 -7 -10 -12
3174 0 1 12 3 15
3175 1 1 -12 13 15
3176 0 0 11 15 -4
3177 0 0 12 -16 1
3178 1 0 -6 6 15
3179 1 1 -16 12 12
3180 1 0 -7 15 -16
3181 1 1 -1 -7 -16
3182 1 1 -13 15 -11
3183 0 0 10 13 15
3184 0 1 5 5 -15
3185 0 1 10 6 4
3186 1 0 -15 -16 3
3187 0 1 10 14 -6
3188 1 1 -3 11 -16
3189 1 0 -11 6 -16
3190 0 0 10 -14 -6
3191 1 0 1 -6 15
3192 0 1 14 -5 9
3193 0 0 15 -14 13
3194 1 1 -15 -10 12
3195 1 1 -16 15 4
3196 1 0 -3 15 14
3197 1 1 -16 0 6
3198 0 1 8 8 9
3199 1 1 -16 -2 -11
