# idx_orig final_llr seen
0 -64 1
1 63 1
2 63 1
3 63 1
4 -64 1
5 63 1
6 -64 1
7 -64 1
8 63 1
9 63 1
10 63 1
11 -64 1
12 63 1
13 -64 1
14 -64 1
15 -64 1
16 63 1
17 63 1
18 -64 1
19 -64 1
20 -64 1
21 63 1
22 -64 1
23 -64 1
24 -64 1
25 63 1
26 -64 1
27 -64 1
28 -64 1
29 63 1
30 -64 1
31 -64 1
32 63 1
33 63 1
34 -64 1
35 -64 1
36 -64 1
37 63 1
38 63 1
39 -64 1
40 -64 1
41 -64 1
42 63 1
43 -64 1
44 -64 1
45 -64 1
46 -64 1
47 63 1
48 -64 1
49 63 1
50 -64 1
51 63 1
52 63 1
53 63 1
54 -64 1
55 63 1
56 63 1
57 63 1
58 -64 1
59 63 1
60 63 1
61 63 1
62 63 1
63 -64 1
64 -64 1
65 63 1
66 63 1
67 63 1
68 63 1
69 63 1
70 -64 1
71 63 1
72 -64 1
73 -64 1
74 -64 1
75 63 1
76 63 1
77 -64 1
78 -64 1
79 63 1
80 -64 1
81 63 1
82 63 1
83 -64 1
84 -64 1
85 63 1
86 63 1
87 -64 1
88 63 1
89 63 1
90 63 1
91 63 1
92 -64 1
93 -64 1
94 63 1
95 -64 1
96 -64 1
97 63 1
98 -64 1
99 -64 1
100 63 1
101 -64 1
102 -64 1
103 63 1
104 63 1
105 63 1
106 63 1
107 63 1
108 63 1
109 63 1
110 63 1
111 -64 1
112 -64 1
113 -64 1
114 63 1
115 -64 1
116 63 1
117 -64 1
118 -64 1
119 -64 1
120 -64 1
121 -64 1
122 63 1
123 63 1
124 -64 1
125 -64 1
126 63 1
127 63 1
128 63 1
129 63 1
130 63 1
131 -64 1
132 -64 1
133 -64 1
134 63 1
135 63 1
136 -64 1
137 -64 1
138 -46 1
139 -64 1
140 -64 1
141 63 1
142 -64 1
143 -64 1
144 63 1
145 46 1
146 63 1
147 -64 1
148 -64 1
149 -64 1
150 -64 1
151 -64 1
152 63 1
153 63 1
154 63 1
155 -64 1
156 -64 1
157 63 1
158 63 1
159 -64 1
160 -64 1
161 -64 1
162 -64 1
163 63 1
164 63 1
165 63 1
166 -64 1
167 -64 1
168 63 1
169 -64 1
170 63 1
171 63 1
172 63 1
173 63 1
174 63 1
175 -64 1
176 -64 1
177 63 1
178 63 1
179 63 1
180 -64 1
181 63 1
182 63 1
183 63 1
184 -64 1
185 63 1
186 63 1
187 -64 1
188 63 1
189 63 1
190 -64 1
191 -64 1
192 -64 1
193 63 1
194 -64 1
195 63 1
196 -64 1
197 63 1
198 63 1
199 -64 1
200 63 1
201 63 1
202 63 1
203 63 1
204 63 1
205 63 1
206 -64 1
207 -64 1
208 63 1
209 -64 1
210 -64 1
211 -64 1
212 -64 1
213 63 1
214 -64 1
215 63 1
216 -64 1
217 63 1
218 63 1
219 -64 1
220 -64 1
221 63 1
222 63 1
223 -64 1
224 63 1
225 -64 1
226 63 1
227 -64 1
228 -64 1
229 -64 1
230 63 1
231 63 1
232 -64 1
233 63 1
234 63 1
235 -64 1
236 -64 1
237 -64 1
238 -64 1
239 63 1
240 63 1
241 -64 1
242 63 1
243 -64 1
244 63 1
245 -64 1
246 63 1
247 -64 1
248 -64 1
249 -64 1
250 -64 1
251 -64 1
252 -64 1
253 63 1
254 63 1
255 -64 1
256 -64 1
257 -64 1
258 63 1
259 63 1
260 -64 1
261 63 1
262 63 1
263 -64 1
264 63 1
265 63 1
266 63 1
267 63 1
268 -64 1
269 -64 1
270 63 1
271 -64 1
272 63 1
273 -64 1
274 -64 1
275 63 1
276 63 1
277 63 1
278 -64 1
279 63 1
280 -64 1
281 -64 1
282 -64 1
283 -64 1
284 63 1
285 -64 1
286 -64 1
287 -64 1
288 63 1
289 -64 1
290 -64 1
291 63 1
292 63 1
293 63 1
294 63 1
295 -64 1
296 -64 1
297 63 1
298 -64 1
299 -64 1
300 -64 1
301 -64 1
302 -64 1
303 63 1
304 -64 1
305 63 1
306 -64 1
307 -64 1
308 63 1
309 63 1
310 63 1
311 63 1
312 -64 1
313 -64 1
314 -64 1
315 -64 1
316 63 1
317 -64 1
318 63 1
319 63 1
320 -64 1
321 -64 1
322 -64 1
323 63 1
324 -64 1
325 -64 1
326 -64 1
327 63 1
328 63 1
329 63 1
330 -64 1
331 63 1
332 63 1
333 63 1
334 -64 1
335 -64 1
336 -64 1
337 63 1
338 -64 1
339 -64 1
340 63 1
341 -64 1
342 -64 1
343 -64 1
344 63 1
345 -64 1
346 63 1
347 -64 1
348 63 1
349 63 1
350 -64 1
351 -64 1
352 -64 1
353 63 1
354 63 1
355 -64 1
356 63 1
357 -64 1
358 -64 1
359 63 1
360 -64 1
361 63 1
362 -64 1
363 -64 1
364 63 1
365 63 1
366 63 1
367 63 1
368 63 1
369 63 1
370 -64 1
371 63 1
372 -64 1
373 -64 1
374 -64 1
375 -64 1
376 -64 1
377 63 1
378 63 1
379 63 1
380 63 1
381 -64 1
382 63 1
383 -64 1
384 63 1
385 63 1
386 -64 1
387 -64 1
388 63 1
389 63 1
390 -64 1
391 -64 1
392 63 1
393 -64 1
394 -64 1
395 -64 1
396 63 1
397 63 1
398 63 1
399 63 1
400 63 1
401 -64 1
402 63 1
403 63 1
404 63 1
405 63 1
406 -64 1
407 -64 1
408 -64 1
409 63 1
410 63 1
411 -64 1
412 63 1
413 -64 1
414 -64 1
415 -64 1
416 -64 1
417 63 1
418 -64 1
419 63 1
420 63 1
421 -64 1
422 63 1
423 -64 1
424 -64 1
425 -64 1
426 -64 1
427 -64 1
428 63 1
429 -64 1
430 -64 1
431 63 1
432 63 1
433 63 1
434 63 1
435 -64 1
436 -64 1
437 63 1
438 63 1
439 63 1
440 63 1
441 63 1
442 -64 1
443 63 1
444 -64 1
445 -64 1
446 63 1
447 -64 1
448 63 1
449 -64 1
450 -64 1
451 63 1
452 63 1
453 63 1
454 -64 1
455 63 1
456 -64 1
457 -64 1
458 -64 1
459 63 1
460 63 1
461 63 1
462 63 1
463 -64 1
464 -64 1
465 63 1
466 63 1
467 63 1
468 -64 1
469 -64 1
470 -64 1
471 -64 1
472 63 1
473 -64 1
474 -64 1
475 -64 1
476 63 1
477 63 1
478 63 1
479 -64 1
480 63 1
481 -64 1
482 -64 1
483 63 1
484 -64 1
485 -64 1
486 63 1
487 -64 1
488 -64 1
489 63 1
490 -64 1
491 63 1
492 -64 1
493 -64 1
494 63 1
495 63 1
496 63 1
497 -64 1
498 -64 1
499 63 1
500 -64 1
501 63 1
502 63 1
503 -64 1
504 -64 1
505 -64 1
506 -64 1
507 63 1
508 -64 1
509 -64 1
510 -64 1
511 63 1
512 63 1
513 -64 1
514 -64 1
515 -64 1
516 63 1
517 63 1
518 63 1
519 -64 1
520 63 1
521 63 1
522 63 1
523 63 1
524 63 1
525 63 1
526 -64 1
527 63 1
528 63 1
529 -64 1
530 -64 1
531 63 1
532 -64 1
533 -64 1
534 63 1
535 -64 1
536 -64 1
537 63 1
538 63 1
539 63 1
540 -64 1
541 -64 1
542 -64 1
543 63 1
544 -64 1
545 -64 1
546 63 1
547 63 1
548 63 1
549 -64 1
550 63 1
551 -64 1
552 63 1
553 -64 1
554 -64 1
555 -64 1
556 63 1
557 -64 1
558 -64 1
559 63 1
560 63 1
561 -64 1
562 63 1
563 -64 1
564 -64 1
565 63 1
566 -64 1
567 63 1
568 -64 1
569 -64 1
570 -64 1
571 -64 1
572 -64 1
573 -64 1
574 -64 1
575 63 1
576 -64 1
577 63 1
578 -64 1
579 63 1
580 63 1
581 63 1
582 -64 1
583 63 1
584 63 1
585 63 1
586 63 1
587 63 1
588 -64 1
589 -64 1
590 63 1
591 -64 1
592 -64 1
593 -64 1
594 -64 1
595 63 1
596 63 1
597 63 1
598 63 1
599 63 1
600 -64 1
601 63 1
602 -64 1
603 -64 1
604 63 1
605 63 1
606 63 1
607 63 1
608 -64 1
609 63 1
610 -64 1
611 -64 1
612 -64 1
613 -64 1
614 -64 1
615 63 1
616 -64 1
617 -64 1
618 -64 1
619 63 1
620 -64 1
621 -64 1
622 -64 1
623 63 1
624 63 1
625 63 1
626 63 1
627 63 1
628 63 1
629 -64 1
630 63 1
631 63 1
632 -64 1
633 63 1
634 -64 1
635 -64 1
636 -64 1
637 63 1
638 -64 1
639 -64 1
640 -64 1
641 -64 1
642 63 1
643 -64 1
644 63 1
645 63 1
646 -64 1
647 -64 1
648 63 1
649 -64 1
650 63 1
651 -64 1
652 -64 1
653 -64 1
654 63 1
655 -64 1
656 -64 1
657 63 1
658 63 1
659 63 1
660 63 1
661 63 1
662 -64 1
663 -64 1
664 63 1
665 -64 1
666 -64 1
667 -64 1
668 63 1
669 63 1
670 63 1
671 63 1
672 63 1
673 63 1
674 -64 1
675 -64 1
676 -64 1
677 63 1
678 63 1
679 -64 1
680 -64 1
681 63 1
682 63 1
683 63 1
684 63 1
685 -64 1
686 -64 1
687 -64 1
688 -64 1
689 63 1
690 -64 1
691 63 1
692 -64 1
693 -64 1
694 63 1
695 63 1
696 -64 1
697 63 1
698 -64 1
699 -64 1
700 63 1
701 63 1
702 63 1
703 63 1
704 -64 1
705 63 1
706 -64 1
707 -64 1
708 -64 1
709 -64 1
710 63 1
711 -64 1
712 63 1
713 -64 1
714 63 1
715 63 1
716 63 1
717 63 1
718 63 1
719 -64 1
720 63 1
721 -64 1
722 63 1
723 63 1
724 63 1
725 63 1
726 -64 1
727 63 1
728 -64 1
729 -64 1
730 59 1
731 63 1
732 63 1
733 63 1
734 63 1
735 -64 1
736 -64 1
737 59 1
738 63 1
739 63 1
740 -64 1
741 -64 1
742 -64 1
743 63 1
744 63 1
745 -64 1
746 -64 1
747 63 1
748 63 1
749 63 1
750 63 1
751 63 1
752 63 1
753 63 1
754 63 1
755 -64 1
756 -64 1
757 63 1
758 63 1
759 63 1
760 63 1
761 63 1
762 -64 1
763 -64 1
764 63 1
765 63 1
766 -64 1
767 -64 1
768 -64 1
769 63 1
770 63 1
771 -64 1
772 -64 1
773 63 1
774 -64 1
775 63 1
776 63 1
777 63 1
778 -64 1
779 -64 1
780 63 1
781 63 1
782 63 1
783 63 1
784 -64 1
785 -64 1
786 63 1
787 63 1
788 -64 1
789 63 1
790 -64 1
791 63 1
792 63 1
793 -64 1
794 63 1
795 63 1
796 -64 1
797 -64 1
798 -64 1
799 63 1
800 -64 1
801 -64 1
802 63 1
803 -64 1
804 63 1
805 63 1
806 -64 1
807 63 1
808 -64 1
809 -64 1
810 63 1
811 -64 1
812 63 1
813 63 1
814 -64 1
815 63 1
816 -64 1
817 63 1
818 63 1
819 63 1
820 -64 1
821 -64 1
822 -64 1
823 63 1
824 63 1
825 -64 1
826 63 1
827 -64 1
828 -64 1
829 -64 1
830 -64 1
831 -64 1
832 -64 1
833 -64 1
834 63 1
835 63 1
836 63 1
837 -64 1
838 63 1
839 63 1
840 -64 1
841 63 1
842 -64 1
843 63 1
844 63 1
845 63 1
846 63 1
847 -64 1
848 63 1
849 -64 1
850 63 1
851 63 1
852 63 1
853 -64 1
854 63 1
855 63 1
856 -64 1
857 63 1
858 -64 1
859 -64 1
860 -64 1
861 63 1
862 -64 1
863 -64 1
864 -64 1
865 -64 1
866 63 1
867 -64 1
868 -64 1
869 -64 1
870 -64 1
871 -64 1
872 63 1
873 63 1
874 -64 1
875 -64 1
876 63 1
877 63 1
878 -64 1
879 63 1
880 63 1
881 -64 1
882 63 1
883 63 1
884 -64 1
885 63 1
886 63 1
887 -64 1
888 63 1
889 -64 1
890 -64 1
891 63 1
892 -64 1
893 63 1
894 63 1
895 -64 1
896 -64 1
897 63 1
898 -64 1
899 -64 1
900 -64 1
901 63 1
902 -64 1
903 63 1
904 -64 1
905 -64 1
906 -64 1
907 63 1
908 63 1
909 -64 1
910 -64 1
911 63 1
912 63 1
913 63 1
914 -64 1
915 63 1
916 63 1
917 -64 1
918 63 1
919 63 1
920 -64 1
921 63 1
922 63 1
923 63 1
924 63 1
925 -64 1
926 -64 1
927 -64 1
928 63 1
929 -64 1
930 -64 1
931 -64 1
932 63 1
933 -64 1
934 -64 1
935 -64 1
936 63 1
937 63 1
938 -64 1
939 63 1
940 63 1
941 63 1
942 -64 1
943 -64 1
944 63 1
945 -64 1
946 -64 1
947 63 1
948 -64 1
949 63 1
950 63 1
951 -64 1
952 63 1
953 63 1
954 63 1
955 -64 1
956 63 1
957 63 1
958 -64 1
959 -64 1
960 -64 1
961 63 1
962 -64 1
963 -64 1
964 -64 1
965 -64 1
966 63 1
967 -64 1
968 63 1
969 63 1
970 -64 1
971 -64 1
972 -64 1
973 -64 1
974 63 1
975 63 1
976 -64 1
977 63 1
978 63 1
979 -64 1
980 -64 1
981 63 1
982 63 1
983 63 1
984 -64 1
985 63 1
986 63 1
987 63 1
988 63 1
989 63 1
990 -64 1
991 -64 1
992 -64 1
993 -64 1
994 -64 1
995 63 1
996 63 1
997 63 1
998 -64 1
999 63 1
1000 -64 1
1001 63 1
1002 63 1
1003 -64 1
1004 63 1
1005 -64 1
1006 63 1
1007 -64 1
1008 63 1
1009 -64 1
1010 -64 1
1011 63 1
1012 -64 1
1013 -64 1
1014 63 1
1015 -64 1
1016 -64 1
1017 63 1
1018 63 1
1019 -64 1
1020 -64 1
1021 -64 1
1022 -64 1
1023 -64 1
1024 63 1
1025 -64 1
1026 63 1
1027 63 1
1028 63 1
1029 -64 1
1030 63 1
1031 -64 1
1032 63 1
1033 -64 1
1034 63 1
1035 -64 1
1036 63 1
1037 -64 1
1038 63 1
1039 -64 1
1040 63 1
1041 -64 1
1042 63 1
1043 63 1
1044 -64 1
1045 63 1
1046 63 1
1047 63 1
1048 -64 1
1049 63 1
1050 -64 1
1051 63 1
1052 -64 1
1053 63 1
1054 63 1
1055 63 1
1056 -64 1
1057 63 1
1058 -64 1
1059 -64 1
1060 -64 1
1061 -64 1
1062 63 1
1063 63 1
1064 63 1
1065 63 1
1066 63 1
1067 -64 1
1068 63 1
1069 63 1
1070 63 1
1071 63 1
1072 -64 1
1073 -64 1
1074 -64 1
1075 63 1
1076 63 1
1077 -64 1
1078 -64 1
1079 63 1
1080 -64 1
1081 -64 1
1082 63 1
1083 63 1
1084 -64 1
1085 -64 1
1086 -64 1
1087 63 1
1088 63 1
1089 63 1
1090 -64 1
1091 63 1
1092 -64 1
1093 -64 1
1094 -64 1
1095 63 1
1096 63 1
1097 -64 1
1098 -64 1
1099 63 1
1100 63 1
1101 -64 1
1102 63 1
1103 -64 1
1104 63 1
1105 59 1
1106 -64 1
1107 -64 1
1108 -64 1
1109 63 1
1110 63 1
1111 -64 1
1112 59 1
1113 63 1
1114 -64 1
1115 63 1
1116 -64 1
1117 -64 1
1118 -64 1
1119 63 1
1120 -64 1
1121 -64 1
1122 -64 1
1123 63 1
1124 63 1
1125 63 1
1126 -64 1
1127 -64 1
1128 -64 1
1129 63 1
1130 -64 1
1131 63 1
1132 63 1
1133 63 1
1134 63 1
1135 63 1
1136 63 1
1137 -64 1
1138 -64 1
1139 -64 1
1140 63 1
1141 63 1
1142 -64 1
1143 63 1
1144 63 1
1145 63 1
1146 -64 1
1147 -64 1
1148 63 1
1149 -64 1
1150 63 1
1151 63 1
1152 63 1
1153 63 1
1154 63 1
1155 -64 1
1156 -64 1
1157 63 1
1158 63 1
1159 -64 1
1160 63 1
1161 -64 1
1162 63 1
1163 63 1
1164 63 1
1165 -64 1
1166 63 1
1167 63 1
1168 -64 1
1169 63 1
1170 -64 1
1171 63 1
1172 63 1
1173 -64 1
1174 63 1
1175 63 1
1176 -64 1
1177 -64 1
1178 -64 1
1179 -64 1
1180 -64 1
1181 63 1
1182 -64 1
1183 63 1
1184 -64 1
1185 63 1
1186 63 1
1187 -64 1
1188 63 1
1189 -64 1
1190 -64 1
1191 -64 1
1192 -64 1
1193 -64 1
1194 -64 1
1195 63 1
1196 -64 1
1197 -64 1
1198 63 1
1199 63 1
1200 63 1
1201 63 1
1202 63 1
1203 -64 1
1204 -64 1
1205 -64 1
1206 63 1
1207 -64 1
1208 63 1
1209 63 1
1210 63 1
1211 -64 1
1212 -64 1
1213 -64 1
1214 -64 1
1215 63 1
1216 -64 1
1217 -64 1
1218 -64 1
1219 -64 1
1220 63 1
1221 63 1
1222 63 1
1223 63 1
1224 63 1
1225 63 1
1226 -64 1
1227 63 1
1228 63 1
1229 -64 1
1230 63 1
1231 63 1
1232 -64 1
1233 -64 1
1234 -64 1
1235 -64 1
1236 -64 1
1237 63 1
1238 63 1
1239 -64 1
1240 -64 1
1241 -64 1
1242 63 1
1243 -64 1
1244 -64 1
1245 -64 1
1246 -64 1
1247 63 1
1248 -64 1
1249 -64 1
1250 -64 1
1251 -64 1
1252 -64 1
1253 -64 1
1254 63 1
1255 63 1
1256 -64 1
1257 63 1
1258 -64 1
1259 -64 1
1260 -64 1
1261 -64 1
1262 63 1
1263 -64 1
1264 63 1
1265 -64 1
1266 -64 1
1267 -64 1
1268 63 1
1269 -64 1
1270 63 1
1271 63 1
1272 -64 1
1273 63 1
1274 -64 1
1275 -64 1
1276 -64 1
1277 -64 1
1278 -64 1
1279 -64 1
1280 -64 1
1281 -64 1
1282 63 1
1283 63 1
1284 -64 1
1285 -64 1
1286 63 1
1287 -64 1
1288 63 1
1289 63 1
1290 -64 1
1291 -64 1
1292 -64 1
1293 63 1
1294 63 1
1295 -64 1
1296 63 1
1297 -64 1
1298 63 1
1299 63 1
1300 -64 1
1301 63 1
1302 -64 1
1303 -64 1
1304 63 1
1305 63 1
1306 63 1
1307 63 1
1308 63 1
1309 -64 1
1310 63 1
1311 63 1
1312 63 1
1313 63 1
1314 -64 1
1315 63 1
1316 -64 1
1317 -64 1
1318 -64 1
1319 -64 1
1320 -64 1
1321 -64 1
1322 63 1
1323 63 1
1324 63 1
1325 -64 1
1326 63 1
1327 63 1
1328 -64 1
1329 -64 1
1330 63 1
1331 63 1
1332 63 1
1333 63 1
1334 63 1
1335 -64 1
1336 -64 1
1337 -64 1
1338 63 1
1339 63 1
1340 -64 1
1341 63 1
1342 -64 1
1343 -64 1
1344 63 1
1345 63 1
1346 -64 1
1347 63 1
1348 -64 1
1349 63 1
1350 63 1
1351 -64 1
1352 -64 1
1353 -64 1
1354 63 1
1355 -64 1
1356 63 1
1357 -64 1
1358 63 1
1359 63 1
1360 63 1
1361 63 1
1362 -64 1
1363 -64 1
1364 -64 1
1365 -64 1
1366 -64 1
1367 -64 1
1368 -64 1
1369 63 1
1370 -64 1
1371 63 1
1372 63 1
1373 63 1
1374 63 1
1375 -64 1
1376 63 1
1377 -64 1
1378 63 1
1379 -64 1
1380 -64 1
1381 63 1
1382 63 1
1383 -64 1
1384 -64 1
1385 63 1
1386 -64 1
1387 -64 1
1388 63 1
1389 -64 1
1390 63 1
1391 -64 1
1392 63 1
1393 -64 1
1394 63 1
1395 -64 1
1396 -64 1
1397 -64 1
1398 -64 1
1399 63 1
1400 -64 1
1401 -64 1
1402 -64 1
1403 63 1
1404 -64 1
1405 -64 1
1406 -64 1
1407 63 1
1408 63 1
1409 63 1
1410 -64 1
1411 63 1
1412 -64 1
1413 63 1
1414 -64 1
1415 63 1
1416 63 1
1417 -64 1
1418 -64 1
1419 63 1
1420 -64 1
1421 -64 1
1422 -64 1
1423 63 1
1424 -64 1
1425 -64 1
1426 63 1
1427 -64 1
1428 -64 1
1429 63 1
1430 -64 1
1431 -64 1
1432 63 1
1433 63 1
1434 -64 1
1435 -64 1
1436 -64 1
1437 60 1
1438 63 1
1439 -64 1
1440 63 1
1441 63 1
1442 -64 1
1443 -64 1
1444 60 1
1445 63 1
1446 63 1
1447 63 1
1448 -64 1
1449 63 1
1450 63 1
1451 -64 1
1452 -64 1
1453 -64 1
1454 -64 1
1455 63 1
1456 -64 1
1457 63 1
1458 -64 1
1459 -64 1
1460 -64 1
1461 63 1
1462 63 1
1463 -64 1
1464 63 1
1465 -64 1
1466 63 1
1467 63 1
1468 63 1
1469 63 1
1470 -64 1
1471 -64 1
1472 -64 1
1473 -64 1
1474 -64 1
1475 63 1
1476 -64 1
1477 -64 1
1478 63 1
1479 63 1
1480 63 1
1481 63 1
1482 -64 1
1483 -64 1
1484 63 1
1485 63 1
1486 63 1
1487 63 1
1488 63 1
1489 -64 1
1490 63 1
1491 -64 1
1492 63 1
1493 63 1
1494 -64 1
1495 -64 1
1496 -64 1
1497 -64 1
1498 -64 1
1499 -64 1
1500 -64 1
1501 63 1
1502 63 1
1503 63 1
1504 -64 1
1505 -64 1
1506 -64 1
1507 63 1
1508 -64 1
1509 -64 1
1510 63 1
1511 -64 1
1512 -64 1
1513 -64 1
1514 63 1
1515 63 1
1516 63 1
1517 63 1
1518 -64 1
1519 -64 1
1520 63 1
1521 -64 1
1522 -64 1
1523 -64 1
1524 -64 1
1525 63 1
1526 -64 1
1527 -64 1
1528 63 1
1529 -64 1
1530 63 1
1531 -64 1
1532 -64 1
1533 -64 1
1534 -64 1
1535 63 1
1536 -64 1
1537 63 1
1538 63 1
1539 -64 1
1540 63 1
1541 63 1
1542 63 1
1543 -64 1
1544 63 1
1545 63 1
1546 63 1
1547 -64 1
1548 -64 1
1549 -64 1
1550 63 1
1551 -64 1
1552 -64 1
1553 -64 1
1554 -64 1
1555 63 1
1556 63 1
1557 -64 1
1558 63 1
1559 63 1
1560 -64 1
1561 -64 1
1562 -64 1
1563 63 1
1564 -64 1
1565 63 1
1566 -64 1
1567 -64 1
1568 -64 1
1569 -64 1
1570 -64 1
1571 63 1
1572 -64 1
1573 63 1
1574 63 1
1575 63 1
1576 -64 1
1577 -64 1
1578 63 1
1579 -64 1
1580 63 1
1581 -64 1
1582 -64 1
1583 -64 1
1584 63 1
1585 -64 1
1586 63 1
1587 63 1
1588 -64 1
1589 -64 1
1590 -64 1
1591 63 1
1592 63 1
1593 63 1
1594 -64 1
1595 -64 1
1596 -64 1
1597 -64 1
1598 -64 1
1599 -64 1
1600 -64 1
1601 -64 1
1602 -64 1
1603 -64 1
1604 -64 1
1605 -64 1
1606 63 1
1607 63 1
1608 -64 1
1609 63 1
1610 63 1
1611 63 1
1612 63 1
1613 -64 1
1614 -64 1
1615 63 1
1616 -64 1
1617 63 1
1618 63 1
1619 -64 1
1620 -64 1
1621 -64 1
1622 63 1
1623 63 1
1624 -64 1
1625 -64 1
1626 63 1
1627 -64 1
1628 63 1
1629 63 1
1630 63 1
1631 63 1
1632 -64 1
1633 -64 1
1634 -64 1
1635 -64 1
1636 -64 1
1637 63 1
1638 63 1
1639 -64 1
1640 63 1
1641 -64 1
1642 -64 1
1643 -64 1
1644 -64 1
1645 63 1
1646 -64 1
1647 63 1
1648 -64 1
1649 -64 1
1650 -64 1
1651 63 1
1652 -64 1
1653 -64 1
1654 -64 1
1655 63 1
1656 -64 1
1657 63 1
1658 63 1
1659 -64 1
1660 63 1
1661 -64 1
1662 -64 1
1663 -64 1
1664 63 1
1665 63 1
1666 63 1
1667 -64 1
1668 -64 1
1669 -64 1
1670 -64 1
1671 -64 1
1672 63 1
1673 63 1
1674 63 1
1675 -64 1
1676 63 1
1677 63 1
1678 63 1
1679 -64 1
1680 63 1
1681 -64 1
1682 -64 1
1683 63 1
1684 -64 1
1685 63 1
1686 63 1
1687 -64 1
1688 63 1
1689 -64 1
1690 63 1
1691 63 1
1692 -64 1
1693 63 1
1694 63 1
1695 -64 1
1696 -64 1
1697 63 1
1698 63 1
1699 -64 1
1700 -64 1
1701 63 1
1702 63 1
1703 -64 1
1704 -64 1
1705 63 1
1706 -64 1
1707 63 1
1708 -64 1
1709 63 1
1710 63 1
1711 -64 1
1712 -64 1
1713 63 1
1714 63 1
1715 -64 1
1716 -64 1
1717 63 1
1718 -64 1
1719 -64 1
1720 -64 1
1721 -64 1
1722 63 1
1723 -64 1
1724 -64 1
1725 -64 1
1726 63 1
1727 63 1
1728 63 1
1729 -64 1
1730 -64 1
1731 -64 1
1732 -64 1
1733 63 1
1734 -64 1
1735 -64 1
1736 63 1
1737 63 1
1738 63 1
1739 -64 1
1740 63 1
1741 63 1
1742 63 1
1743 -64 1
1744 -64 1
1745 63 1
1746 63 1
1747 -64 1
1748 63 1
1749 63 1
1750 63 1
1751 63 1
1752 -64 1
1753 -64 1
1754 -64 1
1755 63 1
1756 63 1
1757 -64 1
1758 63 1
1759 -64 1
1760 63 1
1761 -64 1
1762 63 1
1763 63 1
1764 63 1
1765 -64 1
1766 -64 1
1767 63 1
1768 -64 1
1769 63 1
1770 -64 1
1771 -64 1
1772 63 1
1773 -64 1
1774 63 1
1775 63 1
1776 -64 1
1777 63 1
1778 63 1
1779 63 1
1780 63 1
1781 -64 1
1782 63 1
1783 -64 1
1784 -64 1
1785 -64 1
1786 63 1
1787 -64 1
1788 63 1
1789 -64 1
1790 63 1
1791 63 1
1792 63 1
1793 63 1
1794 -64 1
1795 63 1
1796 -64 1
1797 -64 1
1798 63 1
1799 63 1
1800 63 1
1801 -64 1
1802 63 1
1803 63 1
1804 -64 1
1805 -64 1
1806 -64 1
1807 -64 1
1808 63 1
1809 63 1
1810 63 1
1811 63 1
1812 63 1
1813 63 1
1814 -64 1
1815 -64 1
1816 -64 1
1817 63 1
1818 63 1
1819 -64 1
1820 -64 1
1821 -64 1
1822 -64 1
1823 -64 1
1824 63 1
1825 -64 1
1826 63 1
1827 63 1
1828 -64 1
1829 63 1
1830 -64 1
1831 63 1
1832 63 1
1833 -64 1
1834 63 1
1835 63 1
1836 63 1
1837 -64 1
1838 63 1
1839 -64 1
1840 63 1
1841 -64 1
1842 63 1
1843 -64 1
1844 -64 1
1845 -64 1
1846 63 1
1847 63 1
1848 63 1
1849 63 1
1850 -64 1
1851 -64 1
1852 63 1
1853 63 1
1854 -64 1
1855 63 1
1856 -64 1
1857 -64 1
1858 -64 1
1859 -64 1
1860 63 1
1861 63 1
1862 -64 1
1863 63 1
1864 -64 1
1865 -64 1
1866 -64 1
1867 -64 1
1868 -64 1
1869 63 1
1870 63 1
1871 -64 1
1872 63 1
1873 -64 1
1874 -64 1
1875 -64 1
1876 -64 1
1877 63 1
1878 -64 1
1879 63 1
1880 -64 1
1881 -64 1
1882 63 1
1883 -64 1
1884 63 1
1885 -64 1
1886 63 1
1887 -64 1
1888 63 1
1889 63 1
1890 -64 1
1891 -64 1
1892 -64 1
1893 63 1
1894 63 1
1895 -64 1
1896 -64 1
1897 63 1
1898 -64 1
1899 63 1
1900 63 1
1901 -64 1
1902 63 1
1903 -64 1
1904 63 1
1905 -64 1
1906 -64 1
1907 63 1
1908 63 1
1909 -64 1
1910 63 1
1911 63 1
1912 -64 1
1913 -64 1
1914 -64 1
1915 63 1
1916 63 1
1917 63 1
1918 63 1
1919 63 1
1920 63 1
1921 -64 1
1922 63 1
1923 -64 1
1924 63 1
1925 -64 1
1926 -64 1
1927 -64 1
1928 63 1
1929 63 1
1930 -64 1
1931 -64 1
1932 63 1
1933 63 1
1934 -64 1
1935 63 1
1936 -64 1
1937 -64 1
1938 -64 1
1939 -64 1
1940 -64 1
1941 63 1
1942 63 1
1943 -64 1
1944 63 1
1945 -64 1
1946 63 1
1947 63 1
1948 -64 1
1949 -64 1
1950 -64 1
1951 -64 1
1952 63 1
1953 -64 1
1954 63 1
1955 63 1
1956 63 1
1957 -64 1
1958 -64 1
1959 63 1
1960 -64 1
1961 63 1
1962 -64 1
1963 -64 1
1964 63 1
1965 63 1
1966 63 1
1967 -64 1
1968 -64 1
1969 -64 1
1970 -64 1
1971 -64 1
1972 63 1
1973 -64 1
1974 -64 1
1975 -64 1
1976 63 1
1977 -64 1
1978 -64 1
1979 63 1
1980 -64 1
1981 -64 1
1982 -64 1
1983 -64 1
1984 -64 1
1985 -64 1
1986 63 1
1987 63 1
1988 63 1
1989 63 1
1990 63 1
1991 63 1
1992 -64 1
1993 63 1
1994 63 1
1995 63 1
1996 63 1
1997 -64 1
1998 63 1
1999 63 1
2000 63 1
2001 63 1
2002 63 1
2003 -64 1
2004 63 1
2005 -64 1
2006 63 1
2007 -64 1
2008 63 1
2009 -64 1
2010 -64 1
2011 -64 1
2012 -64 1
2013 63 1
2014 -64 1
2015 63 1
2016 63 1
2017 63 1
2018 63 1
2019 63 1
2020 63 1
2021 -64 1
2022 -64 1
2023 63 1
2024 -64 1
2025 63 1
2026 63 1
2027 -64 1
2028 -64 1
2029 63 1
2030 -64 1
2031 63 1
2032 63 1
2033 63 1
2034 -64 1
2035 -64 1
2036 -64 1
2037 -64 1
2038 -64 1
2039 -64 1
2040 63 1
2041 -64 1
2042 63 1
2043 63 1
2044 63 1
2045 63 1
2046 63 1
2047 -64 1
2048 63 1
2049 63 1
2050 -64 1
2051 -64 1
2052 -64 1
2053 -64 1
2054 63 1
2055 -64 1
2056 63 1
2057 -64 1
2058 -64 1
2059 -64 1
2060 -64 1
2061 63 1
2062 -64 1
2063 -64 1
2064 63 1
2065 -64 1
2066 63 1
2067 -64 1
2068 -64 1
2069 63 1
2070 -64 1
2071 63 1
2072 63 1
2073 63 1
2074 -64 1
2075 -64 1
2076 63 1
2077 -64 1
2078 63 1
2079 63 1
2080 -64 1
2081 63 1
2082 -64 1
2083 63 1
2084 -64 1
2085 63 1
2086 -64 1
2087 63 1
2088 -64 1
2089 63 1
2090 63 1
2091 -64 1
2092 -64 1
2093 63 1
2094 63 1
2095 63 1
2096 63 1
2097 -64 1
2098 -64 1
2099 63 1
2100 63 1
2101 63 1
2102 63 1
2103 63 1
2104 63 1
2105 63 1
2106 63 1
2107 -64 1
2108 63 1
2109 63 1
2110 63 1
2111 -64 1
2112 63 1
2113 63 1
2114 -64 1
2115 63 1
2116 -64 1
2117 -64 1
2118 -64 1
2119 -64 1
2120 63 1
2121 -64 1
2122 63 1
2123 -64 1
2124 63 1
2125 -64 1
2126 -64 1
2127 63 1
2128 63 1
2129 63 1
2130 -64 1
2131 -64 1
2132 -64 1
2133 63 1
2134 -64 1
2135 63 1
2136 63 1
2137 -64 1
2138 -64 1
2139 63 1
2140 63 1
2141 -64 1
2142 63 1
2143 -64 1
2144 63 1
2145 63 1
2146 63 1
2147 -64 1
2148 -64 1
2149 -64 1
2150 -64 1
2151 63 1
2152 63 1
2153 -64 1
2154 -64 1
2155 -64 1
2156 -64 1
2157 -64 1
2158 63 1
2159 -64 1
2160 63 1
2161 -64 1
2162 63 1
2163 -64 1
2164 -64 1
2165 -64 1
2166 63 1
2167 -64 1
2168 63 1
2169 -64 1
2170 63 1
2171 -64 1
2172 63 1
2173 -64 1
2174 63 1
2175 63 1
2176 63 1
2177 63 1
2178 -64 1
2179 63 1
2180 -64 1
2181 -64 1
2182 -64 1
2183 63 1
2184 -64 1
2185 63 1
2186 -64 1
2187 -64 1
2188 -64 1
2189 63 1
2190 63 1
2191 -64 1
2192 63 1
2193 -64 1
2194 63 1
2195 -64 1
2196 -64 1
2197 -64 1
2198 -64 1
2199 -64 1
2200 -64 1
2201 -64 1
2202 -64 1
2203 63 1
2204 -64 1
2205 63 1
2206 63 1
2207 -64 1
2208 -64 1
2209 -64 1
2210 63 1
2211 -64 1
2212 63 1
2213 63 1
2214 63 1
2215 63 1
2216 -64 1
2217 -64 1
2218 63 1
2219 -64 1
2220 63 1
2221 -64 1
2222 63 1
2223 63 1
2224 63 1
2225 63 1
2226 -64 1
2227 -64 1
2228 -64 1
2229 63 1
2230 -64 1
2231 63 1
2232 63 1
2233 -64 1
2234 63 1
2235 63 1
2236 -64 1
2237 63 1
2238 63 1
2239 -64 1
2240 63 1
2241 63 1
2242 63 1
2243 -64 1
2244 -64 1
2245 63 1
2246 -64 1
2247 -64 1
2248 -64 1
2249 -64 1
2250 63 1
2251 63 1
2252 -64 1
2253 63 1
2254 -64 1
2255 -64 1
2256 63 1
2257 -64 1
2258 63 1
2259 -64 1
2260 -64 1
2261 -64 1
2262 -64 1
2263 -64 1
2264 63 1
2265 -64 1
2266 63 1
2267 -64 1
2268 63 1
2269 -64 1
2270 -64 1
2271 63 1
2272 -64 1
2273 -64 1
2274 63 1
2275 63 1
2276 63 1
2277 -64 1
2278 63 1
2279 -64 1
2280 63 1
2281 -64 1
2282 -64 1
2283 -64 1
2284 -64 1
2285 63 1
2286 -64 1
2287 63 1
2288 -64 1
2289 -64 1
2290 63 1
2291 63 1
2292 -64 1
2293 -64 1
2294 63 1
2295 -64 1
2296 63 1
2297 -64 1
2298 63 1
2299 63 1
2300 -64 1
2301 -64 1
2302 63 1
2303 -64 1
2304 -64 1
2305 63 1
2306 63 1
2307 -64 1
2308 63 1
2309 -64 1
2310 -64 1
2311 -64 1
2312 63 1
2313 63 1
2314 63 1
2315 -64 1
2316 -64 1
2317 63 1
2318 63 1
2319 63 1
2320 -64 1
2321 -64 1
2322 -64 1
2323 63 1
2324 63 1
2325 -64 1
2326 63 1
2327 -64 1
2328 -64 1
2329 -64 1
2330 63 1
2331 -64 1
2332 63 1
2333 -64 1
2334 -64 1
2335 63 1
2336 63 1
2337 -64 1
2338 63 1
2339 -64 1
2340 63 1
2341 63 1
2342 63 1
2343 63 1
2344 -64 1
2345 -64 1
2346 63 1
2347 63 1
2348 -64 1
2349 -64 1
2350 -64 1
2351 63 1
2352 -64 1
2353 63 1
2354 -64 1
2355 -64 1
2356 63 1
2357 -64 1
2358 -64 1
2359 -64 1
2360 63 1
2361 63 1
2362 63 1
2363 -64 1
2364 -64 1
2365 -64 1
2366 -64 1
2367 63 1
2368 -64 1
2369 -64 1
2370 63 1
2371 63 1
2372 63 1
2373 -64 1
2374 -64 1
2375 63 1
2376 63 1
2377 63 1
2378 63 1
2379 63 1
2380 63 1
2381 -64 1
2382 63 1
2383 63 1
2384 63 1
2385 63 1
2386 -64 1
2387 63 1
2388 63 1
2389 63 1
2390 -64 1
2391 -64 1
2392 -64 1
2393 63 1
2394 63 1
2395 63 1
2396 -64 1
2397 -64 1
2398 63 1
2399 -64 1
2400 -64 1
2401 -64 1
2402 -64 1
2403 63 1
2404 63 1
2405 -64 1
2406 -64 1
2407 63 1
2408 -64 1
2409 -64 1
2410 -64 1
2411 63 1
2412 63 1
2413 63 1
2414 63 1
2415 -64 1
2416 63 1
2417 63 1
2418 63 1
2419 -64 1
2420 -64 1
2421 63 1
2422 -64 1
2423 63 1
2424 63 1
2425 63 1
2426 63 1
2427 63 1
2428 -64 1
2429 63 1
2430 -64 1
2431 63 1
2432 -64 1
2433 63 1
2434 -64 1
2435 63 1
2436 -64 1
2437 63 1
2438 63 1
2439 63 1
2440 63 1
2441 -64 1
2442 63 1
2443 63 1
2444 63 1
2445 -64 1
2446 63 1
2447 -64 1
2448 -64 1
2449 63 1
2450 63 1
2451 -64 1
2452 -64 1
2453 63 1
2454 63 1
2455 -64 1
2456 63 1
2457 -64 1
2458 63 1
2459 -64 1
2460 -64 1
2461 -64 1
2462 -64 1
2463 63 1
2464 63 1
2465 -64 1
2466 -64 1
2467 63 1
2468 -64 1
2469 63 1
2470 -64 1
2471 63 1
2472 -64 1
2473 63 1
2474 -64 1
2475 -64 1
2476 -64 1
2477 -64 1
2478 -64 1
2479 -64 1
2480 -64 1
2481 -64 1
2482 -64 1
2483 -64 1
2484 63 1
2485 -64 1
2486 -64 1
2487 -64 1
2488 -64 1
2489 -64 1
2490 -64 1
2491 63 1
2492 63 1
2493 63 1
2494 -64 1
2495 -64 1
2496 63 1
2497 63 1
2498 -64 1
2499 -64 1
2500 -64 1
2501 63 1
2502 63 1
2503 63 1
2504 -64 1
2505 -64 1
2506 63 1
2507 63 1
2508 63 1
2509 -64 1
2510 63 1
2511 63 1
2512 63 1
2513 63 1
2514 63 1
2515 63 1
2516 -64 1
2517 -64 1
2518 63 1
2519 63 1
2520 -64 1
2521 -64 1
2522 63 1
2523 63 1
2524 63 1
2525 -64 1
2526 -64 1
2527 63 1
2528 -64 1
2529 -64 1
2530 63 1
2531 -64 1
2532 -64 1
2533 -64 1
2534 63 1
2535 63 1
2536 -64 1
2537 -64 1
2538 63 1
2539 -64 1
2540 63 1
2541 63 1
2542 63 1
2543 -64 1
2544 -64 1
2545 -64 1
2546 -64 1
2547 -64 1
2548 63 1
2549 -64 1
2550 63 1
2551 -64 1
2552 63 1
2553 -64 1
2554 63 1
2555 63 1
2556 63 1
2557 63 1
2558 -64 1
2559 -64 1
2560 63 1
2561 63 1
2562 63 1
2563 -64 1
2564 63 1
2565 -64 1
2566 63 1
2567 63 1
2568 63 1
2569 -64 1
2570 -64 1
2571 63 1
2572 63 1
2573 63 1
2574 -64 1
2575 -64 1
2576 63 1
2577 63 1
2578 -64 1
2579 63 1
2580 63 1
2581 63 1
2582 -64 1
2583 -64 1
2584 63 1
2585 -64 1
2586 63 1
2587 63 1
2588 63 1
2589 63 1
2590 -64 1
2591 63 1
2592 63 1
2593 63 1
2594 63 1
2595 63 1
2596 63 1
2597 -64 1
2598 -64 1
2599 -64 1
2600 -64 1
2601 -64 1
2602 63 1
2603 63 1
2604 63 1
2605 -64 1
2606 63 1
2607 63 1
2608 63 1
2609 -64 1
2610 63 1
2611 63 1
2612 -64 1
2613 63 1
2614 -64 1
2615 -64 1
2616 63 1
2617 63 1
2618 63 1
2619 -64 1
2620 63 1
2621 -64 1
2622 63 1
2623 63 1
2624 63 1
2625 -64 1
2626 63 1
2627 63 1
2628 63 1
2629 63 1
2630 -64 1
2631 63 1
2632 -64 1
2633 63 1
2634 -64 1
2635 63 1
2636 -64 1
2637 63 1
2638 -64 1
2639 63 1
2640 63 1
2641 -64 1
2642 -64 1
2643 63 1
2644 -64 1
2645 63 1
2646 -64 1
2647 63 1
2648 63 1
2649 -64 1
2650 -64 1
2651 63 1
2652 63 1
2653 63 1
2654 -64 1
2655 -64 1
2656 63 1
2657 -64 1
2658 -64 1
2659 63 1
2660 63 1
2661 -64 1
2662 -64 1
2663 -64 1
2664 63 1
2665 -64 1
2666 -64 1
2667 63 1
2668 -64 1
2669 -64 1
2670 -64 1
2671 -64 1
2672 -64 1
2673 -64 1
2674 -64 1
2675 63 1
2676 -64 1
2677 63 1
2678 63 1
2679 63 1
2680 -64 1
2681 63 1
2682 -64 1
2683 -64 1
2684 -64 1
2685 -64 1
2686 -64 1
2687 -64 1
2688 -64 1
2689 -64 1
2690 63 1
2691 63 1
2692 -64 1
2693 -64 1
2694 -64 1
2695 -64 1
2696 63 1
2697 63 1
2698 63 1
2699 63 1
2700 63 1
2701 -64 1
2702 63 1
2703 63 1
2704 63 1
2705 63 1
2706 -64 1
2707 -64 1
2708 63 1
2709 63 1
2710 -64 1
2711 63 1
2712 63 1
2713 -64 1
2714 -64 1
2715 63 1
2716 63 1
2717 -64 1
2718 -64 1
2719 63 1
2720 -64 1
2721 63 1
2722 -64 1
2723 63 1
2724 -64 1
2725 -64 1
2726 -64 1
2727 -64 1
2728 -64 1
2729 -64 1
2730 -64 1
2731 -64 1
2732 63 1
2733 -64 1
2734 63 1
2735 -64 1
2736 -64 1
2737 63 1
2738 -64 1
2739 63 1
2740 63 1
2741 63 1
2742 -64 1
2743 63 1
2744 63 1
2745 63 1
2746 63 1
2747 63 1
2748 -64 1
2749 -64 1
2750 63 1
2751 63 1
2752 -64 1
2753 63 1
2754 63 1
2755 -64 1
2756 63 1
2757 63 1
2758 -64 1
2759 63 1
2760 -64 1
2761 63 1
2762 -64 1
2763 -64 1
2764 63 1
2765 -64 1
2766 63 1
2767 -64 1
2768 -64 1
2769 -64 1
2770 63 1
2771 -64 1
2772 63 1
2773 -64 1
2774 63 1
2775 63 1
2776 -64 1
2777 -64 1
2778 63 1
2779 63 1
2780 63 1
2781 63 1
2782 63 1
2783 63 1
2784 63 1
2785 -64 1
2786 -64 1
2787 -64 1
2788 63 1
2789 63 1
2790 63 1
2791 63 1
2792 -64 1
2793 -64 1
2794 63 1
2795 63 1
2796 -64 1
2797 63 1
2798 -64 1
2799 63 1
2800 -64 1
2801 -64 1
2802 -64 1
2803 -64 1
2804 63 1
2805 63 1
2806 63 1
2807 -64 1
2808 63 1
2809 63 1
2810 63 1
2811 63 1
2812 -64 1
2813 63 1
2814 -64 1
2815 -64 1
2816 -64 1
2817 -64 1
2818 -64 1
2819 -64 1
2820 -64 1
2821 63 1
2822 63 1
2823 63 1
2824 63 1
2825 63 1
2826 -64 1
2827 63 1
2828 -64 1
2829 -64 1
2830 63 1
2831 63 1
2832 63 1
2833 63 1
2834 -64 1
2835 -64 1
2836 -64 1
2837 63 1
2838 63 1
2839 -64 1
2840 63 1
2841 63 1
2842 -64 1
2843 -64 1
2844 63 1
2845 -64 1
2846 -64 1
2847 -64 1
2848 -64 1
2849 -64 1
2850 -64 1
2851 -64 1
2852 63 1
2853 63 1
2854 -64 1
2855 63 1
2856 63 1
2857 63 1
2858 -64 1
2859 63 1
2860 63 1
2861 63 1
2862 -64 1
2863 -64 1
2864 63 1
2865 -64 1
2866 63 1
2867 63 1
2868 -64 1
2869 63 1
2870 63 1
2871 63 1
2872 63 1
2873 63 1
2874 -64 1
2875 -64 1
2876 63 1
2877 63 1
2878 63 1
2879 63 1
2880 -64 1
2881 63 1
2882 -64 1
2883 63 1
2884 -64 1
2885 -64 1
2886 63 1
2887 63 1
2888 63 1
2889 63 1
2890 63 1
2891 -64 1
2892 63 1
2893 -64 1
2894 63 1
2895 63 1
2896 -64 1
2897 -64 1
2898 -64 1
2899 -64 1
2900 -64 1
2901 63 1
2902 -64 1
2903 -64 1
2904 63 1
2905 -64 1
2906 -64 1
2907 -64 1
2908 63 1
2909 -64 1
2910 63 1
2911 -64 1
2912 63 1
2913 -64 1
2914 -64 1
2915 63 1
2916 -64 1
2917 63 1
2918 -64 1
2919 63 1
2920 63 1
2921 63 1
2922 63 1
2923 -64 1
2924 -64 1
2925 -64 1
2926 -64 1
2927 -64 1
2928 -64 1
2929 -64 1
2930 63 1
2931 -64 1
2932 63 1
2933 63 1
2934 -64 1
2935 63 1
2936 63 1
2937 -64 1
2938 63 1
2939 63 1
2940 63 1
2941 -64 1
2942 63 1
2943 -64 1
2944 63 1
2945 -64 1
2946 -64 1
2947 -64 1
2948 63 1
2949 63 1
2950 63 1
2951 63 1
2952 -64 1
2953 -64 1
2954 63 1
2955 -64 1
2956 -64 1
2957 -64 1
2958 -64 1
2959 -64 1
2960 63 1
2961 63 1
2962 -64 1
2963 63 1
2964 -64 1
2965 -64 1
2966 -64 1
2967 63 1
2968 -64 1
2969 63 1
2970 -64 1
2971 63 1
2972 -64 1
2973 63 1
2974 63 1
2975 63 1
2976 63 1
2977 -64 1
2978 -64 1
2979 -64 1
2980 -64 1
2981 -64 1
2982 -64 1
2983 63 1
2984 63 1
2985 63 1
2986 -64 1
2987 63 1
2988 -64 1
2989 63 1
2990 63 1
2991 63 1
2992 -64 1
2993 63 1
2994 63 1
2995 63 1
2996 -64 1
2997 -64 1
2998 -64 1
2999 63 1
3000 63 1
3001 -64 1
3002 63 1
3003 63 1
3004 63 1
3005 63 1
3006 63 1
3007 63 1
3008 63 1
3009 63 1
3010 -64 1
3011 -64 1
3012 -64 1
3013 -64 1
3014 -64 1
3015 -64 1
3016 63 1
3017 -64 1
3018 63 1
3019 -64 1
3020 63 1
3021 -64 1
3022 -64 1
3023 63 1
3024 -64 1
3025 -64 1
3026 63 1
3027 -64 1
3028 63 1
3029 -64 1
3030 -64 1
3031 63 1
3032 -64 1
3033 -64 1
3034 63 1
3035 -64 1
3036 63 1
3037 63 1
3038 -64 1
3039 63 1
3040 63 1
3041 -64 1
3042 -64 1
3043 63 1
3044 63 1
3045 63 1
3046 -64 1
3047 -64 1
3048 63 1
3049 63 1
3050 -64 1
3051 63 1
3052 63 1
3053 63 1
3054 63 1
3055 -64 1
3056 63 1
3057 -64 1
3058 63 1
3059 63 1
3060 -64 1
3061 63 1
3062 -64 1
3063 63 1
3064 -64 1
3065 63 1
3066 63 1
3067 63 1
3068 63 1
3069 63 1
3070 63 1
3071 63 1
3072 63 1
3073 -64 1
3074 -64 1
3075 -64 1
3076 63 1
3077 -64 1
3078 63 1
3079 63 1
3080 63 1
3081 -64 1
3082 63 1
3083 63 1
3084 -64 1
3085 -64 1
3086 63 1
3087 -64 1
3088 -64 1
3089 -64 1
3090 63 1
3091 63 1
3092 63 1
3093 63 1
3094 63 1
3095 -64 1
3096 -64 1
3097 63 1
3098 -64 1
3099 -64 1
3100 63 1
3101 -64 1
3102 -64 1
3103 -64 1
3104 63 1
3105 63 1
3106 -64 1
3107 -64 1
3108 63 1
3109 -64 1
3110 63 1
3111 63 1
3112 -64 1
3113 -64 1
3114 -64 1
3115 -64 1
3116 63 1
3117 -64 1
3118 63 1
3119 63 1
3120 -64 1
3121 -64 1
3122 63 1
3123 63 1
3124 -64 1
3125 63 1
3126 63 1
3127 -64 1
3128 -64 1
3129 63 1
3130 -64 1
3131 -64 1
3132 63 1
3133 -64 1
3134 63 1
3135 63 1
3136 63 1
3137 63 1
3138 63 1
3139 63 1
3140 63 1
3141 63 1
3142 -64 1
3143 63 1
3144 63 1
3145 63 1
3146 -64 1
3147 63 1
3148 63 1
3149 -64 1
3150 63 1
3151 63 1
3152 -64 1
3153 -64 1
3154 63 1
3155 -64 1
3156 -64 1
3157 63 1
3158 -64 1
3159 63 1
3160 -64 1
3161 -64 1
3162 63 1
3163 63 1
3164 -64 1
3165 -64 1
3166 -64 1
3167 63 1
3168 63 1
3169 63 1
3170 -64 1
3171 -64 1
3172 -64 1
3173 63 1
3174 -64 1
3175 63 1
3176 -64 1
3177 -64 1
3178 63 1
3179 63 1
3180 63 1
3181 63 1
3182 63 1
3183 -64 1
3184 -64 1
3185 -64 1
3186 63 1
3187 -64 1
3188 63 1
3189 63 1
3190 -64 1
3191 63 1
3192 -64 1
3193 -64 1
3194 63 1
3195 63 1
3196 63 1
3197 63 1
3198 63 1
3199 63 1
