# idx_orig bit_orig post_llr_q hard
0 1 63 1
1 0 -64 0
2 0 -64 0
3 1 63 1
4 0 -64 0
5 0 -64 0
6 1 63 1
7 1 63 1
8 0 -64 0
9 0 -64 0
10 1 63 1
11 1 63 1
12 0 -64 0
13 1 63 1
14 0 -64 0
15 0 -64 0
16 1 63 1
17 1 63 1
18 1 63 1
19 0 -64 0
20 0 -64 0
21 0 -64 0
22 1 63 1
23 0 -64 0
24 0 -64 0
25 0 -64 0
26 1 63 1
27 1 63 1
28 1 63 1
29 1 63 1
30 1 63 1
31 0 -64 0
32 1 63 1
33 1 63 1
34 1 63 1
35 1 63 1
36 1 63 1
37 1 63 1
38 1 63 1
39 1 63 1
40 0 -64 0
41 0 -64 0
42 1 63 1
43 0 -64 0
44 1 63 1
45 1 63 1
46 0 -64 0
47 0 -64 0
48 0 -64 0
49 1 63 1
50 1 63 1
51 0 -64 0
52 0 -64 0
53 0 -64 0
54 0 -64 0
55 0 -64 0
56 0 -64 0
57 1 63 1
58 1 63 1
59 0 -64 0
60 0 -64 0
61 1 63 1
62 0 -64 0
63 1 63 1
64 0 -64 0
65 1 63 1
66 1 63 1
67 0 -64 0
68 0 -64 0
69 0 -64 0
70 0 -64 0
71 1 63 1
72 1 63 1
73 1 63 1
74 1 63 1
75 1 63 1
76 1 63 1
77 0 -64 0
78 0 -64 0
79 1 63 1
80 1 63 1
81 0 -64 0
82 1 63 1
83 0 -64 0
84 0 -64 0
85 0 -64 0
86 1 63 1
87 1 63 1
88 1 63 1
89 1 63 1
90 0 -64 0
91 1 63 1
92 0 -64 0
93 0 -64 0
94 1 63 1
95 0 -64 0
96 0 -64 0
97 0 -64 0
98 1 63 1
99 1 63 1
100 0 -64 0
101 1 63 1
102 1 63 1
103 0 -64 0
104 1 63 1
105 1 63 1
106 1 61 1
107 0 -64 0
108 0 -64 0
109 1 63 1
110 0 -64 0
111 0 -64 0
112 1 63 1
113 1 61 1
114 0 -64 0
115 0 -64 0
116 1 63 1
117 0 -64 0
118 0 -64 0
119 0 -64 0
120 0 -64 0
121 0 -64 0
122 1 63 1
123 1 63 1
124 0 -64 0
125 0 -64 0
126 0 -64 0
127 0 -64 0
128 1 63 1
129 1 63 1
130 0 -64 0
131 0 -64 0
132 0 -64 0
133 0 -64 0
134 0 -64 0
135 0 -64 0
136 1 63 1
137 1 63 1
138 1 63 1
139 1 63 1
140 0 -64 0
141 0 -64 0
142 1 63 1
143 0 -64 0
144 0 -64 0
145 0 -64 0
146 0 -64 0
147 1 63 1
148 1 63 1
149 0 -64 0
150 1 63 1
151 0 -64 0
152 1 63 1
153 1 63 1
154 1 63 1
155 0 -64 0
156 1 63 1
157 0 -64 0
158 0 -64 0
159 1 63 1
160 1 63 1
161 1 63 1
162 1 63 1
163 1 63 1
164 0 -64 0
165 0 -64 0
166 1 63 1
167 0 -64 0
168 0 -64 0
169 1 63 1
170 0 -64 0
171 1 63 1
172 0 -64 0
173 1 63 1
174 1 63 1
175 0 -64 0
176 0 -64 0
177 0 -64 0
178 1 63 1
179 1 63 1
180 1 63 1
181 0 -64 0
182 0 -64 0
183 1 63 1
184 1 63 1
185 0 -64 0
186 1 63 1
187 0 -64 0
188 1 63 1
189 0 -64 0
190 0 -64 0
191 0 -64 0
192 0 -64 0
193 0 -64 0
194 1 63 1
195 0 -64 0
196 1 63 1
197 1 63 1
198 0 -64 0
199 1 63 1
200 1 63 1
201 0 -64 0
202 0 -64 0
203 1 63 1
204 0 -64 0
205 1 63 1
206 0 -64 0
207 1 63 1
208 1 63 1
209 0 -64 0
210 0 -64 0
211 1 63 1
212 0 -64 0
213 1 63 1
214 0 -64 0
215 1 63 1
216 1 63 1
217 1 63 1
218 1 63 1
219 0 -64 0
220 0 -64 0
221 0 -64 0
222 1 63 1
223 0 -64 0
224 1 63 1
225 1 63 1
226 0 -64 0
227 1 63 1
228 1 63 1
229 1 63 1
230 1 63 1
231 1 63 1
232 0 -64 0
233 1 63 1
234 0 -64 0
235 1 63 1
236 0 -64 0
237 0 -64 0
238 1 63 1
239 0 -64 0
240 0 -64 0
241 0 -64 0
242 0 -64 0
243 0 -64 0
244 0 -64 0
245 0 -64 0
246 0 -64 0
247 1 63 1
248 0 -64 0
249 0 -64 0
250 1 63 1
251 1 63 1
252 0 -64 0
253 1 63 1
254 0 -64 0
255 1 63 1
256 0 -64 0
257 0 -64 0
258 1 63 1
259 0 -64 0
260 1 63 1
261 1 63 1
262 1 63 1
263 0 -64 0
264 1 63 1
265 1 63 1
266 0 -64 0
267 1 63 1
268 1 63 1
269 0 -64 0
270 0 -64 0
271 0 -64 0
272 0 -64 0
273 1 63 1
274 1 63 1
275 0 -64 0
276 1 63 1
277 1 63 1
278 1 63 1
279 1 63 1
280 0 -64 0
281 1 63 1
282 0 -64 0
283 1 63 1
284 0 -64 0
285 0 -64 0
286 1 63 1
287 0 -64 0
288 0 -64 0
289 0 -64 0
290 0 -64 0
291 0 -64 0
292 0 -64 0
293 0 -64 0
294 0 -64 0
295 1 63 1
296 1 63 1
297 0 -64 0
298 1 63 1
299 0 -64 0
300 1 63 1
301 1 63 1
302 1 63 1
303 1 63 1
304 1 63 1
305 0 -64 0
306 0 -64 0
307 0 -64 0
308 1 63 1
309 1 63 1
310 0 -64 0
311 0 -64 0
312 0 -64 0
313 1 63 1
314 1 63 1
315 0 -64 0
316 0 -64 0
317 1 63 1
318 1 63 1
319 0 -64 0
320 0 -64 0
321 1 63 1
322 1 63 1
323 1 63 1
324 1 63 1
325 1 63 1
326 1 63 1
327 0 -64 0
328 1 63 1
329 0 -64 0
330 1 63 1
331 1 63 1
332 0 -64 0
333 0 -64 0
334 1 63 1
335 0 -64 0
336 1 63 1
337 0 -64 0
338 1 63 1
339 0 -64 0
340 1 63 1
341 0 -64 0
342 1 63 1
343 0 -64 0
344 0 -64 0
345 0 -64 0
346 0 -64 0
347 1 63 1
348 1 63 1
349 1 63 1
350 1 63 1
351 1 63 1
352 1 63 1
353 0 -64 0
354 1 63 1
355 1 63 1
356 0 -64 0
357 1 63 1
358 1 63 1
359 1 63 1
360 1 63 1
361 1 63 1
362 1 63 1
363 0 -64 0
364 0 -64 0
365 0 -64 0
366 0 -64 0
367 0 -64 0
368 1 63 1
369 0 -64 0
370 0 -64 0
371 0 -64 0
372 0 -64 0
373 0 -64 0
374 1 63 1
375 0 -64 0
376 1 63 1
377 0 -64 0
378 0 -64 0
379 0 -64 0
380 1 63 1
381 1 63 1
382 1 63 1
383 1 63 1
384 0 -64 0
385 0 -64 0
386 0 -64 0
387 0 -64 0
388 1 63 1
389 0 -64 0
390 1 63 1
391 1 63 1
392 0 -64 0
393 1 63 1
394 1 63 1
395 1 63 1
396 0 -60 0
397 1 58 1
398 0 -53 0
399 1 50 1
400 0 -38 0
401 0 -52 0
402 0 -64 0
403 0 -36 0
404 1 43 1
405 1 53 1
406 0 -44 0
407 1 62 1
408 1 63 1
409 1 63 1
410 0 -64 0
411 0 -64 0
412 0 -64 0
413 0 -64 0
414 0 -64 0
415 0 -64 0
416 0 -64 0
417 1 63 1
418 1 63 1
419 1 63 1
420 1 63 1
421 1 63 1
422 1 63 1
423 1 63 1
424 0 -64 0
425 0 -64 0
426 0 -64 0
427 0 -64 0
428 1 63 1
429 1 63 1
430 1 63 1
431 0 -64 0
432 1 63 1
433 1 63 1
434 1 63 1
435 0 -64 0
436 1 63 1
437 1 63 1
438 1 63 1
439 1 63 1
440 1 63 1
441 0 -64 0
442 0 -64 0
443 0 -64 0
444 1 63 1
445 1 63 1
446 1 63 1
447 0 -64 0
448 1 63 1
449 0 -64 0
450 1 63 1
451 0 -64 0
452 1 63 1
453 1 63 1
454 0 -64 0
455 1 63 1
456 0 -64 0
457 0 -64 0
458 0 -64 0
459 0 -64 0
460 0 -64 0
461 1 63 1
462 0 -64 0
463 0 -64 0
464 0 -64 0
465 1 63 1
466 1 63 1
467 1 63 1
468 0 -64 0
469 0 -64 0
470 1 63 1
471 1 63 1
472 1 63 1
473 0 -64 0
474 1 63 1
475 1 63 1
476 0 -64 0
477 1 63 1
478 1 63 1
479 0 -64 0
480 0 -64 0
481 1 63 1
482 0 -64 0
483 0 -64 0
484 0 -58 0
485 0 -64 0
486 1 63 1
487 0 -64 0
488 1 63 1
489 1 63 1
490 0 -64 0
491 0 -58 0
492 1 63 1
493 1 63 1
494 1 63 1
495 0 -64 0
496 1 63 1
497 1 63 1
498 1 63 1
499 1 63 1
500 0 -64 0
501 0 -64 0
502 1 63 1
503 0 -64 0
504 0 -64 0
505 1 63 1
506 1 63 1
507 1 63 1
508 0 -64 0
509 0 -64 0
510 0 -64 0
511 0 -64 0
512 0 -64 0
513 0 -64 0
514 0 -64 0
515 1 63 1
516 1 63 1
517 0 -64 0
518 0 -64 0
519 1 63 1
520 1 63 1
521 0 -64 0
522 0 -64 0
523 1 63 1
524 0 -64 0
525 1 63 1
526 1 63 1
527 1 63 1
528 0 -64 0
529 0 -64 0
530 0 -64 0
531 1 63 1
532 1 63 1
533 0 -64 0
534 0 -64 0
535 0 -64 0
536 0 -64 0
537 0 -64 0
538 0 -64 0
539 1 63 1
540 0 -64 0
541 1 63 1
542 1 63 1
543 1 63 1
544 0 -64 0
545 0 -64 0
546 1 63 1
547 0 -64 0
548 0 -64 0
549 1 63 1
550 0 -64 0
551 0 -64 0
552 1 63 1
553 0 -64 0
554 0 -64 0
555 0 -64 0
556 0 -64 0
557 1 63 1
558 1 63 1
559 0 -64 0
560 1 63 1
561 1 63 1
562 1 63 1
563 1 63 1
564 1 63 1
565 1 63 1
566 1 63 1
567 0 -64 0
568 0 -64 0
569 0 -64 0
570 0 -64 0
571 1 63 1
572 0 -64 0
573 0 -64 0
574 0 -64 0
575 1 63 1
576 1 63 1
577 0 -64 0
578 0 -64 0
579 1 63 1
580 1 63 1
581 0 -64 0
582 0 -64 0
583 1 63 1
584 1 63 1
585 0 -64 0
586 0 -64 0
587 0 -64 0
588 0 -64 0
589 1 63 1
590 1 63 1
591 1 63 1
592 1 63 1
593 1 63 1
594 0 -64 0
595 0 -64 0
596 0 -64 0
597 1 63 1
598 0 -64 0
599 1 63 1
600 0 -64 0
601 0 -64 0
602 1 63 1
603 0 -64 0
604 1 63 1
605 0 -64 0
606 0 -64 0
607 0 -64 0
608 1 63 1
609 0 -64 0
610 0 -64 0
611 1 63 1
612 1 63 1
613 0 -64 0
614 0 -64 0
615 0 -64 0
616 0 -64 0
617 1 63 1
618 0 -64 0
619 1 63 1
620 0 -64 0
621 0 -64 0
622 0 -64 0
623 0 -64 0
624 1 63 1
625 0 -64 0
626 0 -64 0
627 0 -64 0
628 0 -64 0
629 0 -64 0
630 1 63 1
631 0 -64 0
632 0 -64 0
633 0 -64 0
634 0 -64 0
635 1 63 1
636 1 63 1
637 0 -64 0
638 1 63 1
639 1 63 1
640 1 63 1
641 1 63 1
642 1 63 1
643 1 63 1
644 0 -64 0
645 1 63 1
646 0 -64 0
647 0 -64 0
648 0 -64 0
649 0 -64 0
650 0 -64 0
651 0 -64 0
652 1 63 1
653 1 63 1
654 0 -64 0
655 0 -64 0
656 0 -64 0
657 1 63 1
658 0 -64 0
659 1 63 1
660 0 -64 0
661 0 -64 0
662 1 63 1
663 0 -64 0
664 1 63 1
665 1 63 1
666 0 -64 0
667 0 -64 0
668 1 63 1
669 1 63 1
670 1 63 1
671 1 63 1
672 0 -64 0
673 0 -64 0
674 0 -64 0
675 0 -64 0
676 0 -64 0
677 0 -64 0
678 0 -64 0
679 0 -64 0
680 0 -64 0
681 1 63 1
682 1 63 1
683 1 63 1
684 0 -64 0
685 1 63 1
686 0 -64 0
687 0 -64 0
688 0 -64 0
689 1 63 1
690 1 63 1
691 1 63 1
692 0 -64 0
693 1 63 1
694 1 63 1
695 1 63 1
696 1 63 1
697 1 63 1
698 1 63 1
699 0 -64 0
700 0 -64 0
701 0 -64 0
702 0 -64 0
703 1 63 1
704 1 63 1
705 0 -64 0
706 0 -64 0
707 0 -64 0
708 0 -64 0
709 1 63 1
710 0 -64 0
711 0 -64 0
712 0 -64 0
713 1 63 1
714 1 63 1
715 1 63 1
716 1 63 1
717 1 63 1
718 1 63 1
719 1 63 1
720 0 -64 0
721 0 -64 0
722 1 63 1
723 0 -64 0
724 1 63 1
725 0 -64 0
726 0 -64 0
727 0 -64 0
728 0 -64 0
729 1 63 1
730 1 63 1
731 1 63 1
732 0 -64 0
733 1 63 1
734 0 -64 0
735 0 -64 0
736 1 63 1
737 1 63 1
738 0 -64 0
739 1 63 1
740 1 63 1
741 1 63 1
742 0 -64 0
743 1 63 1
744 0 -64 0
745 0 -64 0
746 0 -64 0
747 0 -64 0
748 1 63 1
749 0 -64 0
750 1 63 1
751 0 -64 0
752 0 -64 0
753 1 63 1
754 1 63 1
755 1 63 1
756 1 63 1
757 1 63 1
758 1 63 1
759 0 -64 0
760 0 -64 0
761 1 63 1
762 0 -64 0
763 1 63 1
764 1 63 1
765 0 -64 0
766 0 -64 0
767 1 63 1
768 1 63 1
769 0 -64 0
770 0 -64 0
771 0 -64 0
772 1 63 1
773 1 63 1
774 0 -64 0
775 1 63 1
776 0 -64 0
777 1 63 1
778 1 63 1
779 1 63 1
780 0 -64 0
781 0 -64 0
782 0 -64 0
783 0 -64 0
784 0 -64 0
785 1 63 1
786 0 -64 0
787 0 -64 0
788 1 63 1
789 1 63 1
790 0 -64 0
791 1 63 1
792 0 -64 0
793 1 63 1
794 1 63 1
795 0 -51 0
796 0 -62 0
797 0 -60 0
798 1 54 1
799 0 -47 0
800 1 38 1
801 1 44 1
802 1 63 1
803 0 -55 0
804 0 -49 0
805 1 63 1
806 1 63 1
807 0 -64 0
808 1 63 1
809 0 -64 0
810 1 63 1
811 1 63 1
812 1 63 1
813 0 -64 0
814 1 63 1
815 1 63 1
816 1 63 1
817 1 63 1
818 1 63 1
819 0 -64 0
820 1 63 1
821 1 63 1
822 1 63 1
823 1 63 1
824 0 -64 0
825 1 63 1
826 0 -64 0
827 0 -64 0
828 1 63 1
829 1 63 1
830 1 63 1
831 0 -64 0
832 0 -64 0
833 0 -64 0
834 0 -64 0
835 0 -64 0
836 0 -64 0
837 0 -64 0
838 1 63 1
839 1 63 1
840 0 -64 0
841 0 -64 0
842 0 -64 0
843 0 -64 0
844 0 -64 0
845 0 -64 0
846 1 63 1
847 0 -64 0
848 0 -64 0
849 0 -64 0
850 1 63 1
851 0 -64 0
852 0 -64 0
853 0 -64 0
854 1 63 1
855 0 -64 0
856 0 -64 0
857 0 -64 0
858 0 -64 0
859 0 -64 0
860 1 63 1
861 1 63 1
862 1 63 1
863 0 -64 0
864 1 63 1
865 1 63 1
866 0 -64 0
867 1 63 1
868 1 63 1
869 1 63 1
870 1 63 1
871 0 -64 0
872 1 63 1
873 0 -64 0
874 0 -64 0
875 0 -64 0
876 1 63 1
877 1 63 1
878 0 -64 0
879 0 -64 0
880 1 63 1
881 0 -64 0
882 0 -64 0
883 1 63 1
884 0 -64 0
885 0 -64 0
886 0 -64 0
887 0 -64 0
888 0 -64 0
889 0 -64 0
890 1 63 1
891 1 63 1
892 0 -64 0
893 1 63 1
894 0 -64 0
895 1 63 1
896 1 63 1
897 1 63 1
898 1 63 1
899 0 -64 0
900 1 63 1
901 0 -64 0
902 0 -64 0
903 0 -64 0
904 1 63 1
905 1 63 1
906 1 63 1
907 1 63 1
908 1 63 1
909 0 -64 0
910 0 -64 0
911 0 -64 0
912 0 -64 0
913 1 63 1
914 1 63 1
915 0 -64 0
916 1 63 1
917 1 63 1
918 1 63 1
919 1 63 1
920 0 -64 0
921 0 -64 0
922 0 -64 0
923 0 -64 0
924 1 63 1
925 1 63 1
926 1 63 1
927 1 63 1
928 1 63 1
929 0 -64 0
930 1 63 1
931 1 63 1
932 0 -64 0
933 1 63 1
934 1 63 1
935 0 -64 0
936 1 63 1
937 0 -64 0
938 0 -64 0
939 0 -64 0
940 1 63 1
941 1 63 1
942 0 -64 0
943 1 63 1
944 1 63 1
945 0 -64 0
946 1 63 1
947 0 -64 0
948 1 63 1
949 1 63 1
950 1 63 1
951 1 63 1
952 1 63 1
953 0 -64 0
954 0 -64 0
955 1 63 1
956 1 63 1
957 0 -64 0
958 0 -64 0
959 1 63 1
960 0 -64 0
961 0 -64 0
962 1 63 1
963 0 -64 0
964 1 63 1
965 0 -64 0
966 1 63 1
967 0 -64 0
968 0 -64 0
969 1 63 1
970 1 63 1
971 1 63 1
972 1 63 1
973 0 -64 0
974 0 -64 0
975 0 -64 0
976 0 -64 0
977 1 63 1
978 0 -64 0
979 1 63 1
980 0 -64 0
981 1 63 1
982 1 63 1
983 0 -64 0
984 1 63 1
985 1 63 1
986 0 -64 0
987 1 63 1
988 1 63 1
989 0 -64 0
990 1 63 1
991 0 -64 0
992 1 63 1
993 1 63 1
994 0 -64 0
995 1 63 1
996 0 -64 0
997 0 -64 0
998 0 -64 0
999 1 63 1
1000 0 -64 0
1001 1 63 1
1002 1 63 1
1003 1 63 1
1004 0 -64 0
1005 1 63 1
1006 0 -64 0
1007 0 -64 0
1008 0 -64 0
1009 1 63 1
1010 0 -64 0
1011 0 -64 0
1012 0 -64 0
1013 0 -64 0
1014 0 -64 0
1015 0 -64 0
1016 1 63 1
1017 0 -64 0
1018 1 63 1
1019 1 63 1
1020 1 63 1
1021 1 63 1
1022 1 63 1
1023 0 -64 0
1024 1 63 1
1025 0 -64 0
1026 0 -64 0
1027 0 -64 0
1028 0 -64 0
1029 1 63 1
1030 0 -64 0
1031 0 -64 0
1032 1 63 1
1033 1 63 1
1034 0 -64 0
1035 1 63 1
1036 0 -64 0
1037 0 -64 0
1038 1 63 1
1039 1 63 1
1040 1 63 1
1041 1 63 1
1042 1 63 1
1043 1 63 1
1044 0 -64 0
1045 1 63 1
1046 1 63 1
1047 0 -64 0
1048 1 63 1
1049 0 -64 0
1050 0 -64 0
1051 1 63 1
1052 0 -64 0
1053 0 -64 0
1054 0 -64 0
1055 1 63 1
1056 0 -64 0
1057 0 -64 0
1058 0 -64 0
1059 1 63 1
1060 0 -64 0
1061 0 -64 0
1062 0 -64 0
1063 0 -64 0
1064 0 -64 0
1065 1 63 1
1066 0 -64 0
1067 0 -64 0
1068 0 -64 0
1069 1 63 1
1070 0 -64 0
1071 0 -64 0
1072 1 63 1
1073 1 63 1
1074 0 -64 0
1075 1 63 1
1076 1 63 1
1077 1 63 1
1078 1 63 1
1079 0 -64 0
1080 0 -64 0
1081 1 63 1
1082 1 63 1
1083 1 63 1
1084 0 -64 0
1085 0 -64 0
1086 1 63 1
1087 1 63 1
1088 1 63 1
1089 1 63 1
1090 0 -64 0
1091 1 63 1
1092 1 63 1
1093 1 63 1
1094 1 63 1
1095 0 -64 0
1096 0 -64 0
1097 0 -64 0
1098 0 -64 0
1099 0 -64 0
1100 1 63 1
1101 0 -64 0
1102 1 63 1
1103 0 -64 0
1104 1 63 1
1105 1 63 1
1106 1 63 1
1107 0 -64 0
1108 0 -64 0
1109 1 63 1
1110 0 -64 0
1111 0 -64 0
1112 1 63 1
1113 1 63 1
1114 0 -64 0
1115 0 -64 0
1116 1 63 1
1117 1 63 1
1118 0 -64 0
1119 0 -64 0
1120 1 63 1
1121 0 -64 0
1122 0 -64 0
1123 1 63 1
1124 0 -64 0
1125 1 63 1
1126 1 63 1
1127 0 -64 0
1128 0 -64 0
1129 0 -64 0
1130 1 63 1
1131 1 63 1
1132 0 -64 0
1133 1 63 1
1134 0 -64 0
1135 1 63 1
1136 0 -64 0
1137 1 63 1
1138 1 63 1
1139 0 -64 0
1140 1 63 1
1141 1 63 1
1142 1 63 1
1143 0 -64 0
1144 0 -64 0
1145 0 -64 0
1146 0 -64 0
1147 1 63 1
1148 0 -64 0
1149 1 63 1
1150 0 -64 0
1151 0 -64 0
1152 1 63 1
1153 1 63 1
1154 1 63 1
1155 1 63 1
1156 1 63 1
1157 0 -64 0
1158 1 63 1
1159 0 -64 0
1160 0 -64 0
1161 0 -64 0
1162 0 -64 0
1163 0 -64 0
1164 1 63 1
1165 1 63 1
1166 0 -64 0
1167 1 63 1
1168 0 -64 0
1169 0 -64 0
1170 0 -64 0
1171 1 63 1
1172 0 -64 0
1173 0 -64 0
1174 0 -64 0
1175 0 -64 0
1176 1 63 1
1177 0 -64 0
1178 0 -64 0
1179 1 63 1
1180 0 -64 0
1181 1 63 1
1182 1 63 1
1183 1 63 1
1184 0 -64 0
1185 0 -64 0
1186 0 -64 0
1187 0 -64 0
1188 0 -64 0
1189 1 63 1
1190 0 -64 0
1191 0 -64 0
1192 0 -64 0
1193 1 63 1
1194 0 -55 0
1195 0 -51 0
1196 1 60 1
1197 0 -64 0
1198 1 49 1
1199 1 52 1
1200 0 -37 0
1201 0 -38 0
1202 0 -60 0
1203 1 63 1
1204 0 -54 0
1205 0 -56 0
1206 0 -64 0
1207 0 -64 0
1208 0 -64 0
1209 1 63 1
1210 0 -64 0
1211 0 -64 0
1212 1 63 1
1213 0 -64 0
1214 1 63 1
1215 1 63 1
1216 1 63 1
1217 0 -64 0
1218 0 -64 0
1219 1 63 1
1220 1 63 1
1221 1 63 1
1222 1 63 1
1223 1 63 1
1224 1 63 1
1225 0 -64 0
1226 1 63 1
1227 1 63 1
1228 0 -64 0
1229 0 -64 0
1230 0 -64 0
1231 1 63 1
1232 1 63 1
1233 0 -64 0
1234 0 -64 0
1235 0 -64 0
1236 1 63 1
1237 1 63 1
1238 0 -64 0
1239 1 63 1
1240 0 -64 0
1241 1 63 1
1242 0 -64 0
1243 0 -64 0
1244 1 63 1
1245 1 63 1
1246 0 -64 0
1247 1 63 1
1248 1 63 1
1249 0 -64 0
1250 0 -64 0
1251 0 -64 0
1252 0 -64 0
1253 1 63 1
1254 1 63 1
1255 1 63 1
1256 0 -64 0
1257 1 63 1
1258 0 -64 0
1259 0 -64 0
1260 0 -64 0
1261 0 -64 0
1262 0 -64 0
1263 1 63 1
1264 1 63 1
1265 1 63 1
1266 1 63 1
1267 0 -64 0
1268 1 63 1
1269 1 63 1
1270 1 63 1
1271 1 63 1
1272 0 -64 0
1273 0 -64 0
1274 1 63 1
1275 0 -64 0
1276 1 63 1
1277 0 -64 0
1278 0 -64 0
1279 1 63 1
1280 1 63 1
1281 0 -64 0
1282 1 63 1
1283 1 63 1
1284 0 -64 0
1285 0 -64 0
1286 1 63 1
1287 0 -64 0
1288 1 63 1
1289 1 63 1
1290 1 63 1
1291 1 63 1
1292 1 63 1
1293 1 63 1
1294 0 -64 0
1295 0 -64 0
1296 1 63 1
1297 0 -64 0
1298 1 63 1
1299 0 -64 0
1300 1 63 1
1301 0 -64 0
1302 1 63 1
1303 0 -64 0
1304 1 63 1
1305 0 -64 0
1306 0 -64 0
1307 1 63 1
1308 0 -64 0
1309 0 -64 0
1310 1 63 1
1311 0 -64 0
1312 0 -64 0
1313 1 63 1
1314 1 63 1
1315 0 -64 0
1316 1 63 1
1317 0 -64 0
1318 0 -64 0
1319 0 -64 0
1320 0 -64 0
1321 0 -64 0
1322 0 -64 0
1323 0 -64 0
1324 1 63 1
1325 1 63 1
1326 0 -64 0
1327 0 -64 0
1328 1 63 1
1329 1 63 1
1330 0 -64 0
1331 1 63 1
1332 1 63 1
1333 1 63 1
1334 1 63 1
1335 1 63 1
1336 0 -64 0
1337 1 63 1
1338 1 63 1
1339 0 -64 0
1340 0 -64 0
1341 0 -64 0
1342 0 -64 0
1343 1 63 1
1344 1 63 1
1345 1 63 1
1346 0 -64 0
1347 0 -64 0
1348 0 -64 0
1349 1 63 1
1350 0 -64 0
1351 0 -64 0
1352 1 63 1
1353 1 63 1
1354 0 -64 0
1355 1 63 1
1356 0 -64 0
1357 0 -64 0
1358 1 63 1
1359 1 63 1
1360 1 63 1
1361 1 63 1
1362 0 -64 0
1363 0 -64 0
1364 0 -64 0
1365 0 -64 0
1366 0 -64 0
1367 1 63 1
1368 0 -64 0
1369 1 63 1
1370 1 63 1
1371 1 63 1
1372 0 -64 0
1373 0 -64 0
1374 1 63 1
1375 1 63 1
1376 1 63 1
1377 0 -64 0
1378 0 -64 0
1379 0 -64 0
1380 1 63 1
1381 0 -64 0
1382 0 -64 0
1383 1 63 1
1384 0 -64 0
1385 1 63 1
1386 1 63 1
1387 1 63 1
1388 1 63 1
1389 1 63 1
1390 0 -64 0
1391 0 -64 0
1392 0 -64 0
1393 1 63 1
1394 0 -64 0
1395 0 -63 0
1396 0 -64 0
1397 1 63 1
1398 1 63 1
1399 1 63 1
1400 1 63 1
1401 0 -64 0
1402 1 63 1
1403 1 63 1
1404 0 -64 0
1405 0 -64 0
1406 1 63 1
1407 1 63 1
1408 1 63 1
1409 1 63 1
1410 1 63 1
1411 0 -64 0
1412 1 63 1
1413 0 -64 0
1414 1 63 1
1415 1 63 1
1416 1 63 1
1417 0 -64 0
1418 0 -64 0
1419 0 -64 0
1420 0 -64 0
1421 0 -64 0
1422 0 -64 0
1423 1 63 1
1424 1 63 1
1425 1 63 1
1426 1 63 1
1427 0 -64 0
1428 0 -64 0
1429 1 63 1
1430 1 63 1
1431 0 -64 0
1432 0 -64 0
1433 0 -64 0
1434 1 63 1
1435 1 63 1
1436 0 -64 0
1437 1 63 1
1438 0 -64 0
1439 1 63 1
1440 0 -64 0
1441 1 63 1
1442 0 -64 0
1443 0 -64 0
1444 0 -64 0
1445 1 63 1
1446 1 63 1
1447 1 63 1
1448 0 -64 0
1449 0 -64 0
1450 0 -64 0
1451 1 63 1
1452 1 63 1
1453 0 -64 0
1454 0 -64 0
1455 1 63 1
1456 0 -64 0
1457 0 -64 0
1458 1 63 1
1459 0 -64 0
1460 1 63 1
1461 1 63 1
1462 0 -64 0
1463 1 63 1
1464 0 -64 0
1465 1 63 1
1466 0 -64 0
1467 0 -64 0
1468 1 63 1
1469 0 -64 0
1470 0 -64 0
1471 0 -64 0
1472 0 -64 0
1473 0 -64 0
1474 0 -64 0
1475 0 -64 0
1476 0 -64 0
1477 1 63 1
1478 1 63 1
1479 0 -64 0
1480 0 -64 0
1481 0 -64 0
1482 1 63 1
1483 1 63 1
1484 1 63 1
1485 0 -64 0
1486 1 63 1
1487 1 63 1
1488 1 63 1
1489 0 -64 0
1490 0 -64 0
1491 0 -64 0
1492 1 63 1
1493 1 63 1
1494 0 -64 0
1495 1 63 1
1496 1 63 1
1497 1 63 1
1498 1 63 1
1499 0 -64 0
1500 0 -64 0
1501 1 63 1
1502 1 63 1
1503 0 -64 0
1504 0 -64 0
1505 0 -64 0
1506 0 -64 0
1507 0 -64 0
1508 0 -64 0
1509 0 -64 0
1510 0 -64 0
1511 1 63 1
1512 0 -64 0
1513 1 63 1
1514 0 -64 0
1515 1 63 1
1516 1 63 1
1517 0 -64 0
1518 1 63 1
1519 0 -64 0
1520 0 -64 0
1521 1 63 1
1522 1 63 1
1523 0 -64 0
1524 0 -64 0
1525 0 -64 0
1526 0 -64 0
1527 0 -64 0
1528 0 -64 0
1529 0 -64 0
1530 0 -64 0
1531 1 63 1
1532 1 63 1
1533 0 -64 0
1534 0 -64 0
1535 0 -64 0
1536 1 63 1
1537 1 63 1
1538 1 63 1
1539 0 -64 0
1540 1 63 1
1541 1 63 1
1542 1 63 1
1543 1 63 1
1544 0 -64 0
1545 0 -64 0
1546 0 -64 0
1547 1 63 1
1548 0 -64 0
1549 0 -64 0
1550 1 63 1
1551 0 -64 0
1552 1 63 1
1553 0 -64 0
1554 0 -64 0
1555 1 63 1
1556 0 -64 0
1557 1 63 1
1558 1 63 1
1559 0 -64 0
1560 1 63 1
1561 1 63 1
1562 0 -64 0
1563 1 63 1
1564 1 63 1
1565 0 -64 0
1566 1 63 1
1567 1 63 1
1568 0 -64 0
1569 1 63 1
1570 1 63 1
1571 1 63 1
1572 1 63 1
1573 0 -64 0
1574 0 -64 0
1575 0 -64 0
1576 0 -64 0
1577 0 -64 0
1578 1 63 1
1579 0 -64 0
1580 0 -64 0
1581 1 63 1
1582 1 63 1
1583 1 63 1
1584 1 63 1
1585 1 63 1
1586 1 63 1
1587 0 -64 0
1588 0 -64 0
1589 1 63 1
1590 1 63 1
1591 0 -64 0
1592 1 63 1
1593 0 -64 0
1594 0 -64 0
1595 0 -51 0
1596 0 -57 0
1597 0 -60 0
1598 1 49 1
1599 1 55 1
1600 0 -38 0
1601 0 -9 0
1602 1 35 1
1603 0 -34 0
1604 0 -54 0
1605 1 39 1
1606 0 -45 0
1607 0 -59 0
1608 1 56 1
1609 1 62 1
1610 0 -51 0
1611 0 -64 0
1612 1 63 1
1613 1 63 1
1614 0 -64 0
1615 0 -64 0
1616 1 63 1
1617 0 -64 0
1618 0 -64 0
1619 1 63 1
1620 1 63 1
1621 0 -64 0
1622 0 -64 0
1623 1 63 1
1624 1 63 1
1625 1 63 1
1626 0 -64 0
1627 0 -64 0
1628 1 63 1
1629 1 63 1
1630 1 63 1
1631 0 -64 0
1632 0 -64 0
1633 0 -64 0
1634 0 -64 0
1635 0 -64 0
1636 1 63 1
1637 0 -64 0
1638 1 63 1
1639 0 -64 0
1640 1 63 1
1641 1 63 1
1642 1 63 1
1643 0 -64 0
1644 1 63 1
1645 0 -64 0
1646 0 -64 0
1647 1 63 1
1648 0 -64 0
1649 1 63 1
1650 0 -64 0
1651 0 -64 0
1652 0 -64 0
1653 1 63 1
1654 1 63 1
1655 0 -64 0
1656 0 -64 0
1657 1 63 1
1658 0 -64 0
1659 0 -64 0
1660 1 63 1
1661 0 -64 0
1662 1 63 1
1663 1 63 1
1664 1 63 1
1665 1 63 1
1666 0 -64 0
1667 1 63 1
1668 0 -64 0
1669 0 -64 0
1670 0 -64 0
1671 1 63 1
1672 1 63 1
1673 1 63 1
1674 1 63 1
1675 1 63 1
1676 0 -64 0
1677 0 -64 0
1678 0 -64 0
1679 1 63 1
1680 0 -64 0
1681 0 -64 0
1682 1 63 1
1683 0 -64 0
1684 1 63 1
1685 0 -64 0
1686 0 -64 0
1687 1 63 1
1688 1 63 1
1689 0 -64 0
1690 0 -64 0
1691 0 -64 0
1692 1 63 1
1693 0 -64 0
1694 0 -64 0
1695 1 63 1
1696 0 -64 0
1697 0 -64 0
1698 0 -64 0
1699 1 63 1
1700 0 -64 0
1701 1 63 1
1702 0 -64 0
1703 1 63 1
1704 0 -64 0
1705 1 63 1
1706 1 63 1
1707 0 -64 0
1708 0 -64 0
1709 1 63 1
1710 1 63 1
1711 1 63 1
1712 1 63 1
1713 1 63 1
1714 1 63 1
1715 1 63 1
1716 1 63 1
1717 1 63 1
1718 0 -64 0
1719 0 -64 0
1720 1 63 1
1721 1 63 1
1722 0 -64 0
1723 1 63 1
1724 1 63 1
1725 1 63 1
1726 0 -64 0
1727 1 63 1
1728 1 63 1
1729 0 -64 0
1730 0 -64 0
1731 1 63 1
1732 1 63 1
1733 1 63 1
1734 1 63 1
1735 1 63 1
1736 0 -64 0
1737 1 63 1
1738 1 63 1
1739 0 -64 0
1740 0 -64 0
1741 1 63 1
1742 0 -64 0
1743 0 -64 0
1744 0 -64 0
1745 1 63 1
1746 0 -64 0
1747 0 -64 0
1748 1 63 1
1749 1 63 1
1750 1 63 1
1751 1 63 1
1752 1 63 1
1753 1 63 1
1754 0 -64 0
1755 1 63 1
1756 0 -64 0
1757 1 63 1
1758 1 63 1
1759 1 63 1
1760 1 63 1
1761 1 63 1
1762 1 63 1
1763 0 -64 0
1764 0 -64 0
1765 0 -64 0
1766 0 -64 0
1767 1 63 1
1768 1 63 1
1769 0 -64 0
1770 1 63 1
1771 1 63 1
1772 1 63 1
1773 1 63 1
1774 1 63 1
1775 1 63 1
1776 0 -64 0
1777 0 -64 0
1778 1 63 1
1779 1 63 1
1780 1 63 1
1781 0 -64 0
1782 1 63 1
1783 0 -64 0
1784 0 -64 0
1785 1 63 1
1786 1 63 1
1787 0 -64 0
1788 0 -64 0
1789 1 63 1
1790 1 63 1
1791 1 63 1
1792 0 -64 0
1793 1 63 1
1794 1 63 1
1795 1 63 1
1796 0 -64 0
1797 0 -64 0
1798 0 -64 0
1799 0 -64 0
1800 0 -64 0
1801 0 -64 0
1802 0 -64 0
1803 0 -64 0
1804 1 63 1
1805 0 -64 0
1806 0 -64 0
1807 1 63 1
1808 0 -64 0
1809 1 63 1
1810 0 -64 0
1811 1 63 1
1812 1 63 1
1813 1 63 1
1814 0 -64 0
1815 0 -64 0
1816 0 -64 0
1817 1 63 1
1818 1 63 1
1819 0 -64 0
1820 1 63 1
1821 0 -64 0
1822 1 63 1
1823 0 -64 0
1824 0 -64 0
1825 0 -64 0
1826 1 63 1
1827 1 63 1
1828 0 -64 0
1829 0 -64 0
1830 1 63 1
1831 0 -64 0
1832 0 -64 0
1833 0 -64 0
1834 0 -64 0
1835 1 63 1
1836 1 63 1
1837 1 63 1
1838 1 63 1
1839 0 -64 0
1840 1 63 1
1841 1 63 1
1842 1 63 1
1843 0 -64 0
1844 1 63 1
1845 0 -64 0
1846 0 -64 0
1847 0 -64 0
1848 1 63 1
1849 0 -64 0
1850 1 63 1
1851 1 63 1
1852 1 63 1
1853 1 63 1
1854 0 -64 0
1855 0 -64 0
1856 0 -64 0
1857 0 -64 0
1858 1 63 1
1859 1 63 1
1860 1 63 1
1861 1 63 1
1862 1 63 1
1863 1 63 1
1864 1 63 1
1865 1 63 1
1866 1 63 1
1867 0 -64 0
1868 1 63 1
1869 0 -64 0
1870 0 -64 0
1871 1 63 1
1872 0 -64 0
1873 0 -64 0
1874 1 63 1
1875 1 63 1
1876 0 -64 0
1877 1 63 1
1878 0 -64 0
1879 1 63 1
1880 1 63 1
1881 1 63 1
1882 1 63 1
1883 1 63 1
1884 1 60 1
1885 1 63 1
1886 0 -64 0
1887 0 -64 0
1888 1 63 1
1889 0 -64 0
1890 1 63 1
1891 0 -60 0
1892 1 63 1
1893 1 63 1
1894 0 -64 0
1895 1 63 1
1896 1 63 1
1897 0 -64 0
1898 1 63 1
1899 0 -64 0
1900 1 63 1
1901 1 63 1
1902 0 -64 0
1903 1 63 1
1904 0 -64 0
1905 1 63 1
1906 0 -64 0
1907 0 -64 0
1908 0 -64 0
1909 1 63 1
1910 0 -64 0
1911 1 63 1
1912 1 63 1
1913 1 63 1
1914 0 -64 0
1915 0 -64 0
1916 1 63 1
1917 0 -64 0
1918 0 -64 0
1919 0 -64 0
1920 1 63 1
1921 0 -64 0
1922 0 -64 0
1923 1 63 1
1924 1 63 1
1925 0 -64 0
1926 0 -64 0
1927 0 -64 0
1928 0 -64 0
1929 1 63 1
1930 0 -64 0
1931 0 -64 0
1932 0 -64 0
1933 1 63 1
1934 1 63 1
1935 1 63 1
1936 0 -64 0
1937 1 63 1
1938 1 63 1
1939 0 -64 0
1940 0 -64 0
1941 0 -64 0
1942 1 63 1
1943 1 63 1
1944 1 63 1
1945 1 63 1
1946 0 -64 0
1947 0 -64 0
1948 1 63 1
1949 1 63 1
1950 0 -64 0
1951 1 63 1
1952 0 -64 0
1953 0 -64 0
1954 0 -64 0
1955 0 -64 0
1956 0 -64 0
1957 1 63 1
1958 1 63 1
1959 1 63 1
1960 1 63 1
1961 1 63 1
1962 0 -64 0
1963 0 -64 0
1964 1 63 1
1965 1 63 1
1966 0 -64 0
1967 1 63 1
1968 0 -64 0
1969 1 63 1
1970 0 -64 0
1971 1 63 1
1972 0 -64 0
1973 1 63 1
1974 0 -64 0
1975 0 -64 0
1976 0 -64 0
1977 1 63 1
1978 1 63 1
1979 1 63 1
1980 0 -64 0
1981 1 63 1
1982 1 63 1
1983 0 -64 0
1984 1 63 1
1985 0 -64 0
1986 1 55 1
1987 0 -64 0
1988 0 -64 0
1989 0 -64 0
1990 0 -36 0
1991 1 63 1
1992 1 49 1
1993 0 -51 0
1994 0 -33 0
1995 0 -45 0
1996 0 -43 0
1997 0 -28 0
1998 1 33 1
1999 1 -18 0
2000 1 40 1
2001 1 3 1
2002 1 54 1
2003 1 56 1
2004 1 63 1
2005 0 -52 0
2006 0 -57 0
2007 0 -57 0
2008 0 -64 0
2009 1 63 1
2010 1 63 1
2011 0 -64 0
2012 1 63 1
2013 1 63 1
2014 1 63 1
2015 0 -64 0
2016 1 63 1
2017 1 63 1
2018 1 63 1
2019 0 -64 0
2020 0 -64 0
2021 0 -64 0
2022 1 63 1
2023 1 63 1
2024 1 63 1
2025 0 -64 0
2026 1 63 1
2027 1 63 1
2028 1 63 1
2029 0 -64 0
2030 1 63 1
2031 0 -64 0
2032 0 -64 0
2033 0 -64 0
2034 1 63 1
2035 1 63 1
2036 0 -64 0
2037 1 63 1
2038 0 -64 0
2039 1 63 1
2040 0 -64 0
2041 0 -64 0
2042 1 63 1
2043 1 63 1
2044 1 63 1
2045 1 63 1
2046 1 63 1
2047 1 63 1
2048 1 63 1
2049 0 -64 0
2050 0 -64 0
2051 0 -64 0
2052 1 63 1
2053 1 63 1
2054 1 63 1
2055 0 -64 0
2056 1 63 1
2057 1 63 1
2058 0 -64 0
2059 0 -64 0
2060 0 -64 0
2061 0 -64 0
2062 1 63 1
2063 1 63 1
2064 1 63 1
2065 0 -64 0
2066 0 -64 0
2067 1 63 1
2068 1 63 1
2069 1 63 1
2070 1 63 1
2071 1 63 1
2072 0 -64 0
2073 0 -64 0
2074 1 63 1
2075 1 63 1
2076 1 63 1
2077 1 63 1
2078 0 -64 0
2079 0 -64 0
2080 0 -64 0
2081 1 63 1
2082 1 63 1
2083 0 -64 0
2084 0 -64 0
2085 1 63 1
2086 1 63 1
2087 0 -64 0
2088 0 -64 0
2089 1 63 1
2090 1 63 1
2091 0 -64 0
2092 0 -64 0
2093 0 -64 0
2094 0 -64 0
2095 0 -64 0
2096 0 -64 0
2097 0 -64 0
2098 1 63 1
2099 0 -64 0
2100 0 -64 0
2101 0 -64 0
2102 0 -64 0
2103 1 63 1
2104 1 63 1
2105 0 -64 0
2106 1 63 1
2107 0 -64 0
2108 1 63 1
2109 1 63 1
2110 1 63 1
2111 1 63 1
2112 1 63 1
2113 0 -64 0
2114 1 63 1
2115 1 63 1
2116 1 63 1
2117 0 -64 0
2118 1 63 1
2119 0 -64 0
2120 1 63 1
2121 1 63 1
2122 1 63 1
2123 0 -64 0
2124 1 63 1
2125 0 -64 0
2126 0 -64 0
2127 0 -64 0
2128 0 -64 0
2129 0 -64 0
2130 0 -64 0
2131 0 -64 0
2132 0 -64 0
2133 0 -64 0
2134 0 -64 0
2135 1 63 1
2136 0 -64 0
2137 1 63 1
2138 1 63 1
2139 0 -64 0
2140 0 -64 0
2141 1 63 1
2142 1 63 1
2143 0 -64 0
2144 1 63 1
2145 1 63 1
2146 0 -64 0
2147 0 -64 0
2148 0 -64 0
2149 1 63 1
2150 0 -64 0
2151 1 63 1
2152 0 -64 0
2153 1 63 1
2154 0 -64 0
2155 1 63 1
2156 1 63 1
2157 1 63 1
2158 1 63 1
2159 0 -64 0
2160 1 63 1
2161 1 63 1
2162 0 -64 0
2163 1 63 1
2164 0 -64 0
2165 0 -64 0
2166 1 63 1
2167 1 63 1
2168 0 -64 0
2169 0 -64 0
2170 1 63 1
2171 0 -64 0
2172 1 63 1
2173 1 63 1
2174 0 -64 0
2175 0 -64 0
2176 1 63 1
2177 1 63 1
2178 0 -64 0
2179 1 63 1
2180 1 63 1
2181 0 -64 0
2182 1 63 1
2183 0 -64 0
2184 1 63 1
2185 1 63 1
2186 1 63 1
2187 1 63 1
2188 1 63 1
2189 0 -64 0
2190 0 -64 0
2191 0 -64 0
2192 1 63 1
2193 0 -64 0
2194 1 63 1
2195 1 63 1
2196 0 -64 0
2197 1 63 1
2198 0 -64 0
2199 1 63 1
2200 1 63 1
2201 1 63 1
2202 0 -64 0
2203 0 -64 0
2204 0 -64 0
2205 0 -64 0
2206 0 -64 0
2207 1 63 1
2208 1 63 1
2209 1 63 1
2210 1 63 1
2211 0 -64 0
2212 1 63 1
2213 1 63 1
2214 0 -64 0
2215 0 -64 0
2216 0 -64 0
2217 1 63 1
2218 0 -64 0
2219 1 63 1
2220 0 -64 0
2221 1 63 1
2222 1 63 1
2223 0 -64 0
2224 1 63 1
2225 0 -64 0
2226 1 63 1
2227 1 63 1
2228 0 -64 0
2229 1 63 1
2230 0 -64 0
2231 1 63 1
2232 1 63 1
2233 0 -64 0
2234 1 63 1
2235 0 -64 0
2236 1 63 1
2237 0 -64 0
2238 1 63 1
2239 0 -64 0
2240 1 63 1
2241 1 63 1
2242 0 -64 0
2243 1 63 1
2244 0 -64 0
2245 1 63 1
2246 0 -64 0
2247 1 63 1
2248 1 63 1
2249 0 -64 0
2250 1 63 1
2251 0 -64 0
2252 0 -64 0
2253 0 -64 0
2254 0 -64 0
2255 0 -64 0
2256 0 -64 0
2257 1 63 1
2258 0 -64 0
2259 1 63 1
2260 0 -64 0
2261 1 63 1
2262 0 -64 0
2263 1 63 1
2264 1 63 1
2265 0 -64 0
2266 0 -64 0
2267 0 -64 0
2268 1 63 1
2269 1 63 1
2270 1 63 1
2271 0 -64 0
2272 0 -64 0
2273 0 -64 0
2274 0 -64 0
2275 1 63 1
2276 0 -64 0
2277 1 63 1
2278 1 63 1
2279 1 63 1
2280 0 -64 0
2281 0 -64 0
2282 1 63 1
2283 1 63 1
2284 0 -64 0
2285 0 -64 0
2286 1 63 1
2287 0 -64 0
2288 1 63 1
2289 1 63 1
2290 1 63 1
2291 1 63 1
2292 0 -64 0
2293 0 -64 0
2294 1 63 1
2295 1 63 1
2296 0 -64 0
2297 0 -64 0
2298 0 -64 0
2299 1 63 1
2300 1 63 1
2301 0 -64 0
2302 0 -64 0
2303 1 63 1
2304 1 63 1
2305 0 -64 0
2306 0 -64 0
2307 1 63 1
2308 1 63 1
2309 0 -64 0
2310 1 63 1
2311 0 -64 0
2312 0 -64 0
2313 0 -64 0
2314 0 -64 0
2315 1 63 1
2316 1 63 1
2317 1 63 1
2318 0 -64 0
2319 1 63 1
2320 0 -64 0
2321 0 -64 0
2322 0 -64 0
2323 0 -64 0
2324 1 63 1
2325 0 -64 0
2326 1 63 1
2327 0 -64 0
2328 0 -64 0
2329 1 63 1
2330 0 -64 0
2331 0 -64 0
2332 0 -64 0
2333 0 -64 0
2334 0 -64 0
2335 0 -64 0
2336 0 -64 0
2337 1 63 1
2338 1 63 1
2339 1 63 1
2340 0 -64 0
2341 0 -64 0
2342 0 -64 0
2343 0 -64 0
2344 0 -64 0
2345 0 -64 0
2346 1 63 1
2347 1 63 1
2348 0 -64 0
2349 1 63 1
2350 1 63 1
2351 0 -64 0
2352 0 -64 0
2353 0 -64 0
2354 0 -64 0
2355 0 -64 0
2356 1 63 1
2357 0 -64 0
2358 1 63 1
2359 0 -64 0
2360 1 63 1
2361 0 -64 0
2362 1 63 1
2363 0 -64 0
2364 1 63 1
2365 1 63 1
2366 1 63 1
2367 0 -64 0
2368 1 63 1
2369 0 -64 0
2370 1 63 1
2371 1 63 1
2372 1 63 1
2373 0 -64 0
2374 1 63 1
2375 1 63 1
2376 1 63 1
2377 0 -64 0
2378 1 63 1
2379 0 -64 0
2380 1 63 1
2381 1 63 1
2382 1 63 1
2383 1 63 1
2384 0 -64 0
2385 1 63 1
2386 1 63 1
2387 1 63 1
2388 1 63 1
2389 1 63 1
2390 1 63 1
2391 1 63 1
2392 1 63 1
2393 1 59 1
2394 1 34 1
2395 1 54 1
2396 1 45 1
2397 0 -54 0
2398 1 38 1
2399 1 -21 0
2400 1 37 1
2401 1 45 1
2402 0 -58 0
2403 1 51 1
2404 1 -28 0
2405 0 -55 0
2406 1 63 1
2407 0 -59 0
2408 0 -64 0
2409 1 63 1
2410 1 63 1
2411 1 57 1
2412 1 63 1
2413 0 -64 0
2414 1 63 1
2415 0 -64 0
2416 0 -64 0
2417 0 -64 0
2418 1 63 1
2419 1 63 1
2420 1 63 1
2421 1 63 1
2422 1 63 1
2423 0 -64 0
2424 0 -64 0
2425 1 63 1
2426 0 -64 0
2427 0 -64 0
2428 0 -64 0
2429 0 -64 0
2430 1 63 1
2431 0 -64 0
2432 0 -64 0
2433 0 -64 0
2434 0 -64 0
2435 1 63 1
2436 1 63 1
2437 0 -64 0
2438 0 -64 0
2439 0 -64 0
2440 0 -64 0
2441 0 -64 0
2442 1 63 1
2443 1 63 1
2444 1 63 1
2445 1 63 1
2446 1 63 1
2447 0 -64 0
2448 0 -64 0
2449 0 -64 0
2450 0 -64 0
2451 1 63 1
2452 0 -64 0
2453 0 -64 0
2454 1 63 1
2455 0 -64 0
2456 1 63 1
2457 0 -64 0
2458 1 63 1
2459 0 -64 0
2460 0 -64 0
2461 0 -64 0
2462 1 63 1
2463 0 -64 0
2464 0 -64 0
2465 1 63 1
2466 0 -64 0
2467 0 -64 0
2468 1 63 1
2469 0 -64 0
2470 1 63 1
2471 1 63 1
2472 1 63 1
2473 1 63 1
2474 0 -64 0
2475 0 -64 0
2476 0 -64 0
2477 1 63 1
2478 1 63 1
2479 0 -64 0
2480 0 -64 0
2481 1 63 1
2482 0 -64 0
2483 0 -64 0
2484 0 -64 0
2485 1 63 1
2486 1 63 1
2487 0 -64 0
2488 1 63 1
2489 0 -64 0
2490 1 63 1
2491 1 63 1
2492 1 63 1
2493 1 63 1
2494 0 -64 0
2495 0 -64 0
2496 1 63 1
2497 0 -64 0
2498 0 -64 0
2499 0 -64 0
2500 0 -64 0
2501 0 -64 0
2502 0 -64 0
2503 1 63 1
2504 1 63 1
2505 1 63 1
2506 0 -64 0
2507 1 63 1
2508 0 -64 0
2509 1 63 1
2510 1 63 1
2511 0 -64 0
2512 1 63 1
2513 1 63 1
2514 1 63 1
2515 1 63 1
2516 0 -64 0
2517 1 63 1
2518 1 63 1
2519 0 -64 0
2520 0 -64 0
2521 0 -64 0
2522 1 63 1
2523 0 -64 0
2524 1 63 1
2525 1 63 1
2526 1 63 1
2527 0 -64 0
2528 0 -64 0
2529 0 -64 0
2530 0 -64 0
2531 1 63 1
2532 0 -64 0
2533 0 -64 0
2534 0 -64 0
2535 0 -64 0
2536 1 63 1
2537 0 -64 0
2538 0 -64 0
2539 1 63 1
2540 0 -64 0
2541 0 -64 0
2542 0 -64 0
2543 1 63 1
2544 0 -64 0
2545 1 63 1
2546 1 63 1
2547 1 63 1
2548 0 -64 0
2549 1 63 1
2550 1 63 1
2551 0 -64 0
2552 0 -64 0
2553 1 63 1
2554 1 63 1
2555 1 63 1
2556 0 -64 0
2557 0 -64 0
2558 0 -64 0
2559 1 63 1
2560 1 63 1
2561 1 63 1
2562 0 -64 0
2563 1 63 1
2564 0 -64 0
2565 0 -64 0
2566 0 -64 0
2567 1 63 1
2568 1 63 1
2569 0 -64 0
2570 0 -64 0
2571 0 -64 0
2572 0 -64 0
2573 1 63 1
2574 0 -64 0
2575 1 63 1
2576 0 -64 0
2577 0 -64 0
2578 0 -64 0
2579 1 63 1
2580 1 63 1
2581 0 -64 0
2582 0 -64 0
2583 1 63 1
2584 0 -64 0
2585 0 -64 0
2586 1 63 1
2587 0 -64 0
2588 1 63 1
2589 1 63 1
2590 1 63 1
2591 1 63 1
2592 1 63 1
2593 1 63 1
2594 1 63 1
2595 0 -64 0
2596 0 -64 0
2597 1 63 1
2598 0 -64 0
2599 0 -64 0
2600 0 -64 0
2601 1 63 1
2602 1 63 1
2603 1 63 1
2604 0 -64 0
2605 0 -64 0
2606 1 63 1
2607 0 -64 0
2608 1 63 1
2609 1 63 1
2610 1 63 1
2611 1 63 1
2612 1 63 1
2613 0 -64 0
2614 1 63 1
2615 0 -64 0
2616 1 63 1
2617 0 -64 0
2618 0 -64 0
2619 1 63 1
2620 0 -64 0
2621 0 -64 0
2622 1 63 1
2623 0 -64 0
2624 0 -64 0
2625 1 63 1
2626 1 63 1
2627 1 63 1
2628 1 63 1
2629 1 63 1
2630 1 63 1
2631 1 63 1
2632 1 63 1
2633 1 63 1
2634 0 -64 0
2635 1 63 1
2636 0 -64 0
2637 1 63 1
2638 1 63 1
2639 1 63 1
2640 0 -64 0
2641 0 -64 0
2642 1 63 1
2643 1 63 1
2644 0 -64 0
2645 1 63 1
2646 0 -64 0
2647 1 63 1
2648 1 63 1
2649 1 63 1
2650 1 63 1
2651 1 63 1
2652 0 -64 0
2653 0 -64 0
2654 1 63 1
2655 0 -64 0
2656 1 63 1
2657 0 -64 0
2658 0 -64 0
2659 1 63 1
2660 1 63 1
2661 0 -64 0
2662 1 63 1
2663 0 -64 0
2664 1 63 1
2665 0 -64 0
2666 1 63 1
2667 0 -64 0
2668 0 -64 0
2669 1 63 1
2670 0 -64 0
2671 1 63 1
2672 0 -64 0
2673 1 63 1
2674 0 -64 0
2675 0 -64 0
2676 1 63 1
2677 0 -64 0
2678 1 63 1
2679 0 -64 0
2680 0 -64 0
2681 1 63 1
2682 0 -64 0
2683 0 -64 0
2684 1 63 1
2685 0 -64 0
2686 1 63 1
2687 1 63 1
2688 0 -64 0
2689 1 63 1
2690 1 63 1
2691 1 63 1
2692 0 -64 0
2693 1 63 1
2694 0 -64 0
2695 0 -64 0
2696 1 63 1
2697 1 63 1
2698 0 -64 0
2699 0 -64 0
2700 0 -64 0
2701 1 63 1
2702 1 63 1
2703 1 63 1
2704 1 63 1
2705 0 -64 0
2706 1 63 1
2707 1 63 1
2708 0 -64 0
2709 0 -64 0
2710 0 -64 0
2711 1 63 1
2712 1 63 1
2713 1 63 1
2714 1 63 1
2715 0 -64 0
2716 0 -64 0
2717 1 63 1
2718 1 63 1
2719 1 63 1
2720 1 63 1
2721 0 -64 0
2722 1 63 1
2723 0 -64 0
2724 1 63 1
2725 0 -64 0
2726 1 63 1
2727 0 -64 0
2728 0 -64 0
2729 0 -64 0
2730 0 -64 0
2731 1 63 1
2732 0 -64 0
2733 0 -64 0
2734 1 63 1
2735 1 63 1
2736 1 63 1
2737 1 63 1
2738 0 -64 0
2739 0 -64 0
2740 0 -64 0
2741 0 -64 0
2742 1 63 1
2743 0 -64 0
2744 1 63 1
2745 0 -64 0
2746 0 -64 0
2747 1 63 1
2748 0 -64 0
2749 1 63 1
2750 1 63 1
2751 0 -64 0
2752 1 63 1
2753 0 -64 0
2754 1 63 1
2755 0 -64 0
2756 0 -64 0
2757 1 63 1
2758 0 -64 0
2759 1 63 1
2760 1 63 1
2761 1 63 1
2762 1 63 1
2763 0 -64 0
2764 1 63 1
2765 0 -64 0
2766 1 63 1
2767 0 -64 0
2768 0 -64 0
2769 1 63 1
2770 0 -64 0
2771 0 -64 0
2772 0 -64 0
2773 1 63 1
2774 0 -64 0
2775 0 -64 0
2776 0 -64 0
2777 1 63 1
2778 1 63 1
2779 1 63 1
2780 1 63 1
2781 0 -64 0
2782 1 63 1
2783 0 -64 0
2784 1 63 1
2785 0 -64 0
2786 1 63 1
2787 1 63 1
2788 0 -64 0
2789 1 63 1
2790 0 -64 0
2791 0 -64 0
2792 0 -64 0
2793 0 -61 0
2794 1 54 1
2795 0 -60 0
2796 1 55 1
2797 1 51 1
2798 0 -42 0
2799 1 43 1
2800 1 39 1
2801 1 50 1
2802 1 57 1
2803 1 63 1
2804 1 39 1
2805 1 52 1
2806 1 63 1
2807 0 -64 0
2808 1 63 1
2809 1 63 1
2810 0 -64 0
2811 1 63 1
2812 0 -64 0
2813 1 63 1
2814 0 -64 0
2815 1 63 1
2816 1 63 1
2817 1 63 1
2818 0 -64 0
2819 1 63 1
2820 0 -64 0
2821 1 63 1
2822 0 -64 0
2823 1 63 1
2824 0 -64 0
2825 0 -64 0
2826 1 63 1
2827 0 -64 0
2828 1 63 1
2829 0 -64 0
2830 1 63 1
2831 1 63 1
2832 1 63 1
2833 0 -64 0
2834 0 63 1
2835 0 -64 0
2836 1 -64 0
2837 1 63 1
2838 1 -64 0
2839 0 -64 0
2840 1 63 1
2841 1 63 1
2842 1 63 1
2843 1 63 1
2844 1 -64 0
2845 0 -64 0
2846 0 -64 0
2847 1 63 1
2848 1 63 1
2849 1 63 1
2850 0 -64 0
2851 1 63 1
2852 0 -64 0
2853 0 -64 0
2854 1 63 1
2855 0 -64 0
2856 1 63 1
2857 1 63 1
2858 1 63 1
2859 1 63 1
2860 0 -64 0
2861 1 63 1
2862 1 63 1
2863 0 -64 0
2864 0 -64 0
2865 1 63 1
2866 0 -64 0
2867 0 -64 0
2868 0 -64 0
2869 1 63 1
2870 0 -64 0
2871 1 63 1
2872 0 -64 0
2873 1 63 1
2874 0 -64 0
2875 1 63 1
2876 1 63 1
2877 1 63 1
2878 1 63 1
2879 0 -64 0
2880 0 -64 0
2881 0 -64 0
2882 1 63 1
2883 0 -64 0
2884 0 -64 0
2885 1 63 1
2886 0 -64 0
2887 0 -64 0
2888 1 63 1
2889 0 -64 0
2890 1 63 1
2891 1 63 1
2892 0 -64 0
2893 1 63 1
2894 1 63 1
2895 0 -64 0
2896 1 63 1
2897 0 -64 0
2898 0 -64 0
2899 0 -64 0
2900 0 -64 0
2901 1 63 1
2902 0 -64 0
2903 1 63 1
2904 1 63 1
2905 1 63 1
2906 0 -64 0
2907 1 63 1
2908 0 -64 0
2909 0 -64 0
2910 0 -64 0
2911 1 63 1
2912 1 63 1
2913 0 -64 0
2914 0 -64 0
2915 0 -64 0
2916 1 63 1
2917 0 -64 0
2918 0 -64 0
2919 0 -64 0
2920 0 -64 0
2921 0 -64 0
2922 0 -64 0
2923 0 -64 0
2924 1 63 1
2925 1 63 1
2926 0 -64 0
2927 1 63 1
2928 1 63 1
2929 1 63 1
2930 1 63 1
2931 0 -64 0
2932 0 -64 0
2933 1 63 1
2934 1 63 1
2935 1 63 1
2936 1 63 1
2937 1 63 1
2938 1 63 1
2939 0 -64 0
2940 1 63 1
2941 0 -64 0
2942 0 -64 0
2943 1 63 1
2944 0 -64 0
2945 1 63 1
2946 1 63 1
2947 1 63 1
2948 0 -64 0
2949 0 -64 0
2950 0 -64 0
2951 0 -64 0
2952 1 63 1
2953 1 63 1
2954 1 63 1
2955 0 -64 0
2956 0 -64 0
2957 0 -64 0
2958 1 63 1
2959 0 -64 0
2960 0 -64 0
2961 0 -64 0
2962 1 63 1
2963 1 63 1
2964 1 63 1
2965 1 63 1
2966 0 -64 0
2967 0 -64 0
2968 0 -64 0
2969 1 63 1
2970 1 63 1
2971 1 63 1
2972 0 -64 0
2973 1 63 1
2974 1 63 1
2975 1 63 1
2976 1 63 1
2977 0 -64 0
2978 1 63 1
2979 0 -64 0
2980 1 63 1
2981 1 63 1
2982 1 63 1
2983 1 63 1
2984 1 63 1
2985 0 -64 0
2986 1 63 1
2987 0 -64 0
2988 1 63 1
2989 1 63 1
2990 1 63 1
2991 0 -64 0
2992 1 63 1
2993 1 63 1
2994 1 63 1
2995 1 63 1
2996 1 63 1
2997 1 63 1
2998 0 -64 0
2999 0 -64 0
3000 1 63 1
3001 0 -64 0
3002 0 -64 0
3003 0 -64 0
3004 1 63 1
3005 1 63 1
3006 1 63 1
3007 0 -64 0
3008 1 63 1
3009 0 -64 0
3010 1 63 1
3011 0 -64 0
3012 0 -64 0
3013 0 -64 0
3014 1 63 1
3015 0 -64 0
3016 1 63 1
3017 1 63 1
3018 1 63 1
3019 0 -64 0
3020 1 63 1
3021 0 -64 0
3022 1 63 1
3023 1 63 1
3024 0 -64 0
3025 1 63 1
3026 1 63 1
3027 0 -64 0
3028 1 63 1
3029 0 -64 0
3030 1 63 1
3031 1 63 1
3032 0 -64 0
3033 0 -64 0
3034 1 63 1
3035 1 63 1
3036 0 -64 0
3037 1 63 1
3038 1 63 1
3039 0 -64 0
3040 0 -64 0
3041 1 63 1
3042 0 -64 0
3043 1 63 1
3044 1 63 1
3045 0 -64 0
3046 1 63 1
3047 0 -64 0
3048 1 63 1
3049 1 63 1
3050 0 -64 0
3051 1 63 1
3052 0 -64 0
3053 1 63 1
3054 0 -64 0
3055 0 -64 0
3056 1 63 1
3057 1 63 1
3058 1 63 1
3059 1 63 1
3060 0 -64 0
3061 0 -64 0
3062 1 63 1
3063 0 -64 0
3064 0 -64 0
3065 0 -64 0
3066 1 63 1
3067 1 63 1
3068 0 -64 0
3069 1 63 1
3070 0 -64 0
3071 1 63 1
3072 1 63 1
3073 0 -64 0
3074 1 63 1
3075 0 -64 0
3076 0 -64 0
3077 1 63 1
3078 1 63 1
3079 1 63 1
3080 1 63 1
3081 1 63 1
3082 1 63 1
3083 1 63 1
3084 1 63 1
3085 0 -64 0
3086 0 -64 0
3087 1 63 1
3088 0 -64 0
3089 1 63 1
3090 1 63 1
3091 1 63 1
3092 0 -64 0
3093 0 -64 0
3094 1 63 1
3095 1 63 1
3096 0 -64 0
3097 1 63 1
3098 0 -64 0
3099 1 63 1
3100 1 63 1
3101 1 63 1
3102 1 63 1
3103 0 -64 0
3104 1 63 1
3105 0 -64 0
3106 0 -64 0
3107 1 63 1
3108 1 63 1
3109 0 -64 0
3110 1 63 1
3111 0 -59 0
3112 0 -64 0
3113 1 63 1
3114 0 -64 0
3115 0 -64 0
3116 1 63 1
3117 1 63 1
3118 1 59 1
3119 0 -64 0
3120 1 63 1
3121 1 63 1
3122 0 -64 0
3123 0 -64 0
3124 0 -64 0
3125 0 -64 0
3126 0 -64 0
3127 1 63 1
3128 0 -64 0
3129 1 63 1
3130 1 63 1
3131 1 63 1
3132 0 -64 0
3133 1 63 1
3134 0 -64 0
3135 0 -64 0
3136 0 -64 0
3137 1 63 1
3138 0 -64 0
3139 0 -64 0
3140 1 63 1
3141 0 -64 0
3142 1 63 1
3143 0 -64 0
3144 0 -64 0
3145 0 -64 0
3146 1 63 1
3147 1 63 1
3148 0 -64 0
3149 1 63 1
3150 0 -64 0
3151 1 63 1
3152 1 63 1
3153 1 63 1
3154 1 63 1
3155 0 -64 0
3156 0 -64 0
3157 1 63 1
3158 0 -64 0
3159 1 63 1
3160 0 -64 0
3161 0 -64 0
3162 1 63 1
3163 1 63 1
3164 1 63 1
3165 1 63 1
3166 0 -64 0
3167 1 63 1
3168 0 -64 0
3169 0 -64 0
3170 1 63 1
3171 0 -64 0
3172 1 63 1
3173 0 -64 0
3174 0 -64 0
3175 0 -64 0
3176 1 63 1
3177 1 63 1
3178 1 63 1
3179 0 -64 0
3180 1 63 1
3181 0 -64 0
3182 0 -64 0
3183 1 63 1
3184 1 63 1
3185 1 63 1
3186 0 -64 0
3187 1 63 1
3188 1 63 1
3189 1 61 1
3190 0 -64 0
3191 0 -64 0
3192 0 -64 0
3193 0 -64 0
3194 0 -64 0
3195 0 -64 0
3196 0 -64 0
3197 1 63 1
3198 1 -64 0
3199 0 -64 0
