# idx_orig bit_orig post_llr_q hard
0 1 63 1
1 0 -64 0
2 0 -64 0
3 0 -64 0
4 1 63 1
5 1 63 1
6 1 63 1
7 1 63 1
8 1 63 1
9 1 63 1
10 1 63 1
11 0 -64 0
12 1 63 1
13 1 63 1
14 0 -64 0
15 1 63 1
16 0 -64 0
17 0 -64 0
18 1 63 1
19 1 63 1
20 0 -64 0
21 0 -64 0
22 0 -64 0
23 0 -64 0
24 0 -64 0
25 0 -64 0
26 0 -64 0
27 1 63 1
28 1 63 1
29 1 63 1
30 0 -64 0
31 0 -64 0
32 1 63 1
33 1 63 1
34 1 63 1
35 1 63 1
36 0 -64 0
37 1 63 1
38 0 -64 0
39 0 -64 0
40 1 63 1
41 1 63 1
42 1 63 1
43 0 -64 0
44 1 63 1
45 1 63 1
46 1 63 1
47 0 -64 0
48 0 -64 0
49 1 63 1
50 1 63 1
51 1 63 1
52 0 -64 0
53 1 63 1
54 1 63 1
55 0 -64 0
56 1 63 1
57 0 -64 0
58 0 -64 0
59 0 -64 0
60 0 -64 0
61 0 -64 0
62 0 -64 0
63 1 63 1
64 1 63 1
65 1 63 1
66 0 -64 0
67 0 -64 0
68 1 63 1
69 1 63 1
70 0 -64 0
71 0 -64 0
72 0 -64 0
73 0 -64 0
74 0 -64 0
75 1 63 1
76 0 -64 0
77 1 63 1
78 1 63 1
79 0 -64 0
80 0 -64 0
81 0 -64 0
82 1 63 1
83 0 -64 0
84 1 63 1
85 0 -64 0
86 0 -64 0
87 0 -64 0
88 1 63 1
89 0 -64 0
90 1 63 1
91 0 -64 0
92 0 -64 0
93 1 63 1
94 1 63 1
95 0 -64 0
96 0 -64 0
97 0 -64 0
98 1 63 1
99 0 -64 0
100 1 63 1
101 0 -64 0
102 0 -64 0
103 1 63 1
104 0 -64 0
105 1 63 1
106 1 63 1
107 0 -64 0
108 1 63 1
109 1 63 1
110 0 -64 0
111 1 63 1
112 0 -64 0
113 1 63 1
114 0 -64 0
115 1 63 1
116 1 63 1
117 1 63 1
118 0 -64 0
119 0 -64 0
120 0 -64 0
121 1 63 1
122 0 -64 0
123 1 63 1
124 0 -64 0
125 1 63 1
126 0 -64 0
127 0 -64 0
128 1 63 1
129 1 63 1
130 1 63 1
131 1 63 1
132 1 63 1
133 1 63 1
134 1 63 1
135 1 63 1
136 0 -64 0
137 1 63 1
138 1 63 1
139 0 -64 0
140 0 -64 0
141 1 63 1
142 0 -64 0
143 1 63 1
144 1 63 1
145 1 63 1
146 0 -64 0
147 0 -64 0
148 0 -64 0
149 1 63 1
150 0 -64 0
151 1 63 1
152 0 -64 0
153 0 -64 0
154 0 -64 0
155 1 63 1
156 1 63 1
157 0 -64 0
158 1 63 1
159 0 -64 0
160 0 -64 0
161 1 63 1
162 1 63 1
163 0 -64 0
164 1 63 1
165 0 -64 0
166 1 63 1
167 1 63 1
168 1 63 1
169 1 63 1
170 0 -64 0
171 0 -64 0
172 1 63 1
173 1 63 1
174 0 -64 0
175 1 63 1
176 1 63 1
177 1 63 1
178 1 63 1
179 0 -64 0
180 0 -64 0
181 1 63 1
182 0 -64 0
183 0 -64 0
184 0 -64 0
185 1 63 1
186 0 -64 0
187 1 63 1
188 1 63 1
189 1 63 1
190 1 63 1
191 1 63 1
192 1 63 1
193 1 63 1
194 0 -64 0
195 0 -64 0
196 0 -64 0
197 1 63 1
198 0 -64 0
199 1 63 1
200 0 -64 0
201 0 -64 0
202 1 63 1
203 0 -64 0
204 0 -64 0
205 1 63 1
206 0 -64 0
207 0 -64 0
208 1 63 1
209 0 -64 0
210 1 63 1
211 1 63 1
212 1 63 1
213 1 63 1
214 0 -64 0
215 1 63 1
216 0 -64 0
217 0 -64 0
218 0 -64 0
219 0 -64 0
220 0 -64 0
221 1 63 1
222 1 63 1
223 1 63 1
224 1 63 1
225 0 -64 0
226 1 63 1
227 1 63 1
228 0 -64 0
229 1 63 1
230 0 -64 0
231 0 -64 0
232 0 -64 0
233 0 -64 0
234 0 -64 0
235 1 63 1
236 0 -64 0
237 0 -64 0
238 1 63 1
239 0 -64 0
240 0 -64 0
241 0 -64 0
242 1 63 1
243 0 -64 0
244 1 63 1
245 1 63 1
246 0 -64 0
247 1 63 1
248 0 -64 0
249 1 63 1
250 1 63 1
251 0 -64 0
252 1 63 1
253 0 -64 0
254 1 63 1
255 0 -64 0
256 0 -64 0
257 1 63 1
258 0 -64 0
259 1 63 1
260 0 -64 0
261 1 63 1
262 1 63 1
263 1 63 1
264 1 63 1
265 0 -64 0
266 0 -64 0
267 0 -64 0
268 1 63 1
269 0 -64 0
270 0 -64 0
271 0 -64 0
272 0 -64 0
273 1 63 1
274 0 -64 0
275 0 -64 0
276 0 -64 0
277 0 -64 0
278 0 -64 0
279 1 63 1
280 1 63 1
281 1 63 1
282 0 -64 0
283 0 -64 0
284 0 -64 0
285 1 63 1
286 0 -64 0
287 0 -64 0
288 1 63 1
289 1 63 1
290 1 63 1
291 1 63 1
292 1 63 1
293 0 -64 0
294 1 63 1
295 1 63 1
296 1 63 1
297 1 63 1
298 1 63 1
299 0 -64 0
300 1 63 1
301 1 63 1
302 0 -64 0
303 1 63 1
304 1 63 1
305 0 -64 0
306 0 -64 0
307 1 63 1
308 0 -64 0
309 1 63 1
310 0 -64 0
311 1 63 1
312 0 -64 0
313 1 63 1
314 0 -64 0
315 0 -64 0
316 1 63 1
317 0 -64 0
318 0 -64 0
319 1 63 1
320 0 -64 0
321 1 63 1
322 0 -64 0
323 0 -64 0
324 1 63 1
325 1 63 1
326 0 -64 0
327 1 63 1
328 0 -64 0
329 1 63 1
330 0 -64 0
331 1 63 1
332 0 -64 0
333 1 63 1
334 1 63 1
335 1 63 1
336 1 63 1
337 0 -64 0
338 0 -64 0
339 1 63 1
340 1 63 1
341 0 -64 0
342 0 -64 0
343 1 63 1
344 1 63 1
345 1 63 1
346 1 63 1
347 1 63 1
348 1 63 1
349 0 -64 0
350 1 63 1
351 0 -64 0
352 1 63 1
353 0 -64 0
354 0 -64 0
355 0 -64 0
356 1 63 1
357 1 63 1
358 1 63 1
359 1 63 1
360 0 -64 0
361 0 -64 0
362 1 63 1
363 1 63 1
364 0 -64 0
365 0 -64 0
366 0 -64 0
367 0 -64 0
368 0 -64 0
369 1 63 1
370 0 -64 0
371 0 -64 0
372 1 63 1
373 0 -64 0
374 0 -64 0
375 1 63 1
376 1 63 1
377 0 -64 0
378 1 63 1
379 1 63 1
380 0 -64 0
381 1 63 1
382 0 -64 0
383 0 -64 0
384 0 -64 0
385 1 63 1
386 0 -64 0
387 0 -64 0
388 0 -64 0
389 1 63 1
390 0 -64 0
391 1 63 1
392 1 63 1
393 1 63 1
394 0 -64 0
395 1 63 1
396 1 56 1
397 1 60 1
398 1 32 1
399 1 58 1
400 0 -39 0
401 1 51 1
402 1 53 1
403 0 -35 0
404 1 47 1
405 1 63 1
406 0 -63 0
407 1 59 1
408 1 63 1
409 1 63 1
410 1 63 1
411 0 -64 0
412 1 63 1
413 0 -64 0
414 1 63 1
415 0 -64 0
416 1 63 1
417 1 63 1
418 1 63 1
419 1 63 1
420 0 -64 0
421 0 -64 0
422 1 63 1
423 1 63 1
424 0 -64 0
425 0 -64 0
426 0 -64 0
427 0 -64 0
428 0 -64 0
429 0 -64 0
430 1 63 1
431 1 63 1
432 1 63 1
433 0 -64 0
434 0 -64 0
435 0 -64 0
436 1 63 1
437 0 -64 0
438 1 63 1
439 0 -64 0
440 0 -64 0
441 1 63 1
442 0 -64 0
443 0 -64 0
444 1 63 1
445 1 63 1
446 1 63 1
447 0 -64 0
448 0 -64 0
449 1 63 1
450 0 -64 0
451 1 63 1
452 0 -64 0
453 1 63 1
454 0 -64 0
455 0 -64 0
456 0 -64 0
457 1 63 1
458 0 -64 0
459 1 63 1
460 0 -64 0
461 0 -64 0
462 0 -64 0
463 0 -64 0
464 1 63 1
465 0 -64 0
466 0 -64 0
467 0 -64 0
468 1 63 1
469 1 63 1
470 1 63 1
471 0 -64 0
472 0 -64 0
473 1 63 1
474 0 -64 0
475 1 63 1
476 1 63 1
477 0 -64 0
478 0 -64 0
479 0 -64 0
480 1 63 1
481 0 -64 0
482 0 -64 0
483 0 -64 0
484 0 -64 0
485 0 -64 0
486 1 63 1
487 0 -64 0
488 0 -64 0
489 0 -64 0
490 1 63 1
491 0 -64 0
492 1 63 1
493 0 -64 0
494 1 63 1
495 0 -64 0
496 0 -64 0
497 1 63 1
498 1 63 1
499 1 63 1
500 1 63 1
501 1 63 1
502 1 63 1
503 0 -64 0
504 0 -64 0
505 1 63 1
506 1 63 1
507 1 63 1
508 0 -64 0
509 0 -64 0
510 1 63 1
511 1 63 1
512 1 63 1
513 0 -64 0
514 0 -64 0
515 1 63 1
516 0 -64 0
517 0 -64 0
518 1 63 1
519 0 -64 0
520 1 63 1
521 0 -64 0
522 1 63 1
523 1 63 1
524 0 -64 0
525 0 -64 0
526 0 -64 0
527 1 63 1
528 1 63 1
529 1 63 1
530 1 63 1
531 1 63 1
532 0 -64 0
533 0 -64 0
534 1 63 1
535 0 -64 0
536 1 63 1
537 0 -64 0
538 1 63 1
539 0 -64 0
540 1 63 1
541 0 -64 0
542 0 -64 0
543 1 63 1
544 1 63 1
545 0 -64 0
546 1 63 1
547 0 -64 0
548 1 63 1
549 1 63 1
550 0 -64 0
551 0 -64 0
552 0 -64 0
553 1 63 1
554 0 -64 0
555 1 63 1
556 0 -64 0
557 0 -64 0
558 1 63 1
559 0 -64 0
560 0 -64 0
561 1 63 1
562 0 -64 0
563 0 -64 0
564 1 63 1
565 1 63 1
566 1 63 1
567 1 63 1
568 1 63 1
569 1 63 1
570 1 63 1
571 0 -64 0
572 1 63 1
573 1 63 1
574 1 63 1
575 0 -64 0
576 1 63 1
577 1 63 1
578 1 63 1
579 0 -64 0
580 1 63 1
581 1 63 1
582 0 -64 0
583 0 -64 0
584 0 -64 0
585 0 -64 0
586 1 63 1
587 1 63 1
588 0 -64 0
589 0 -64 0
590 0 -64 0
591 1 63 1
592 1 63 1
593 1 63 1
594 0 -64 0
595 1 63 1
596 1 63 1
597 1 63 1
598 0 -64 0
599 1 63 1
600 0 -64 0
601 0 -64 0
602 1 63 1
603 1 63 1
604 0 -64 0
605 1 63 1
606 1 63 1
607 0 -64 0
608 0 -64 0
609 0 -64 0
610 0 -64 0
611 0 -64 0
612 0 -64 0
613 1 63 1
614 0 -64 0
615 0 -64 0
616 1 63 1
617 1 63 1
618 0 -64 0
619 0 -64 0
620 1 63 1
621 0 -64 0
622 0 -64 0
623 0 -64 0
624 0 -64 0
625 1 63 1
626 0 -64 0
627 0 -64 0
628 1 63 1
629 0 -64 0
630 1 63 1
631 1 63 1
632 0 -64 0
633 0 -64 0
634 1 63 1
635 1 63 1
636 1 63 1
637 1 63 1
638 1 63 1
639 1 63 1
640 1 63 1
641 0 -64 0
642 0 -64 0
643 1 63 1
644 0 -64 0
645 0 -64 0
646 0 -64 0
647 0 -64 0
648 1 63 1
649 0 -64 0
650 1 63 1
651 1 63 1
652 0 -64 0
653 0 -64 0
654 0 -64 0
655 1 63 1
656 1 63 1
657 1 63 1
658 0 -64 0
659 0 -64 0
660 0 -64 0
661 1 63 1
662 0 -64 0
663 1 63 1
664 0 -64 0
665 0 -64 0
666 0 -64 0
667 0 -64 0
668 1 63 1
669 1 63 1
670 1 63 1
671 1 63 1
672 0 -64 0
673 1 63 1
674 0 -64 0
675 0 -64 0
676 1 63 1
677 0 -64 0
678 0 -64 0
679 1 63 1
680 0 -64 0
681 0 -64 0
682 1 63 1
683 1 63 1
684 0 -64 0
685 1 63 1
686 0 -64 0
687 1 63 1
688 1 63 1
689 1 63 1
690 1 63 1
691 0 -64 0
692 1 63 1
693 0 -64 0
694 0 -64 0
695 1 63 1
696 1 63 1
697 1 63 1
698 1 63 1
699 1 63 1
700 1 63 1
701 1 63 1
702 0 -64 0
703 1 63 1
704 1 63 1
705 1 63 1
706 1 63 1
707 1 63 1
708 1 63 1
709 0 -64 0
710 0 -64 0
711 0 -64 0
712 1 63 1
713 0 -64 0
714 1 63 1
715 0 -64 0
716 1 63 1
717 0 -64 0
718 0 -64 0
719 1 63 1
720 1 63 1
721 0 -64 0
722 0 -64 0
723 1 63 1
724 1 63 1
725 0 -64 0
726 0 -64 0
727 1 63 1
728 0 -64 0
729 0 -64 0
730 1 63 1
731 1 63 1
732 0 -64 0
733 0 -64 0
734 1 63 1
735 1 63 1
736 0 -64 0
737 1 63 1
738 0 -64 0
739 0 -64 0
740 0 -64 0
741 1 63 1
742 1 63 1
743 1 63 1
744 1 63 1
745 0 -64 0
746 1 63 1
747 0 -64 0
748 0 -64 0
749 0 -64 0
750 0 -64 0
751 1 63 1
752 0 -64 0
753 0 -64 0
754 1 63 1
755 0 -64 0
756 0 -64 0
757 1 63 1
758 0 -64 0
759 0 -64 0
760 0 -64 0
761 1 63 1
762 1 63 1
763 0 -64 0
764 1 63 1
765 0 -64 0
766 0 -64 0
767 0 -64 0
768 1 63 1
769 0 -64 0
770 0 -64 0
771 1 63 1
772 1 63 1
773 0 -64 0
774 1 63 1
775 0 -64 0
776 1 63 1
777 1 63 1
778 0 -64 0
779 0 -64 0
780 0 -64 0
781 0 -64 0
782 1 63 1
783 1 63 1
784 1 63 1
785 1 63 1
786 1 63 1
787 0 -64 0
788 0 -64 0
789 0 -64 0
790 0 -64 0
791 0 -64 0
792 1 63 1
793 1 63 1
794 0 -64 0
795 0 -64 0
796 0 -45 0
797 0 -59 0
798 0 -47 0
799 0 -21 0
800 1 39 1
801 1 34 1
802 1 44 1
803 1 47 1
804 0 -64 0
805 1 63 1
806 0 -60 0
807 0 -61 0
808 0 -64 0
809 1 63 1
810 0 -64 0
811 1 63 1
812 1 63 1
813 0 -64 0
814 0 -64 0
815 0 -64 0
816 1 63 1
817 1 63 1
818 1 63 1
819 0 -64 0
820 1 63 1
821 1 63 1
822 0 -64 0
823 0 -64 0
824 0 -64 0
825 1 63 1
826 1 63 1
827 0 -64 0
828 1 63 1
829 0 -64 0
830 1 63 1
831 0 -64 0
832 1 63 1
833 0 -64 0
834 1 63 1
835 1 63 1
836 0 -64 0
837 0 -64 0
838 0 -64 0
839 1 63 1
840 0 -64 0
841 1 63 1
842 1 63 1
843 0 -64 0
844 1 63 1
845 0 -64 0
846 1 63 1
847 1 63 1
848 1 63 1
849 0 -64 0
850 1 63 1
851 1 63 1
852 1 63 1
853 1 63 1
854 0 -64 0
855 0 -64 0
856 1 63 1
857 1 63 1
858 1 63 1
859 0 -64 0
860 0 -64 0
861 1 63 1
862 1 63 1
863 0 -64 0
864 1 63 1
865 0 -64 0
866 0 -64 0
867 0 -64 0
868 1 63 1
869 1 63 1
870 1 63 1
871 1 63 1
872 0 -64 0
873 0 -64 0
874 0 -64 0
875 0 -64 0
876 0 -64 0
877 1 63 1
878 0 -64 0
879 1 63 1
880 0 -64 0
881 1 63 1
882 0 -64 0
883 1 63 1
884 0 -64 0
885 1 63 1
886 1 63 1
887 0 -64 0
888 0 -64 0
889 0 -64 0
890 1 63 1
891 1 63 1
892 1 63 1
893 1 63 1
894 1 63 1
895 0 -64 0
896 1 63 1
897 0 -64 0
898 1 63 1
899 1 63 1
900 0 -64 0
901 1 63 1
902 0 -64 0
903 0 -64 0
904 0 -64 0
905 0 -64 0
906 1 63 1
907 1 63 1
908 0 -64 0
909 1 63 1
910 0 -64 0
911 1 63 1
912 1 63 1
913 0 -64 0
914 0 -64 0
915 0 -64 0
916 1 63 1
917 1 63 1
918 0 -64 0
919 0 -64 0
920 0 -64 0
921 1 63 1
922 1 63 1
923 0 -64 0
924 1 63 1
925 1 63 1
926 1 63 1
927 0 -64 0
928 1 63 1
929 0 -64 0
930 1 63 1
931 1 63 1
932 1 63 1
933 1 63 1
934 0 -64 0
935 1 63 1
936 1 63 1
937 0 -64 0
938 1 63 1
939 1 63 1
940 0 -64 0
941 1 63 1
942 0 -64 0
943 1 63 1
944 1 63 1
945 1 63 1
946 1 63 1
947 0 -64 0
948 1 63 1
949 1 63 1
950 0 -64 0
951 1 63 1
952 1 63 1
953 1 63 1
954 0 -64 0
955 1 63 1
956 0 -64 0
957 1 63 1
958 1 63 1
959 1 63 1
960 1 63 1
961 1 63 1
962 0 -64 0
963 1 63 1
964 1 63 1
965 0 -64 0
966 1 63 1
967 1 63 1
968 1 63 1
969 0 -64 0
970 1 63 1
971 0 -64 0
972 1 63 1
973 1 63 1
974 0 -64 0
975 0 -64 0
976 0 -64 0
977 0 -64 0
978 1 63 1
979 1 63 1
980 1 63 1
981 1 63 1
982 1 63 1
983 0 -64 0
984 1 63 1
985 0 -64 0
986 0 -64 0
987 0 -64 0
988 0 -64 0
989 1 63 1
990 0 -64 0
991 0 -64 0
992 1 63 1
993 0 -64 0
994 1 63 1
995 0 -64 0
996 1 63 1
997 0 -64 0
998 0 -64 0
999 1 63 1
1000 0 -64 0
1001 0 -64 0
1002 0 -64 0
1003 1 63 1
1004 0 -64 0
1005 1 63 1
1006 1 63 1
1007 1 63 1
1008 0 -64 0
1009 0 -64 0
1010 0 -64 0
1011 1 63 1
1012 1 63 1
1013 0 -64 0
1014 0 -64 0
1015 1 63 1
1016 1 63 1
1017 0 -64 0
1018 0 -64 0
1019 1 63 1
1020 1 63 1
1021 0 -64 0
1022 0 -64 0
1023 1 63 1
1024 0 -64 0
1025 0 -64 0
1026 1 63 1
1027 1 63 1
1028 0 -64 0
1029 1 63 1
1030 1 63 1
1031 0 -64 0
1032 1 63 1
1033 0 -64 0
1034 0 -64 0
1035 1 63 1
1036 1 63 1
1037 1 63 1
1038 1 63 1
1039 0 -64 0
1040 1 63 1
1041 1 63 1
1042 1 63 1
1043 1 63 1
1044 1 63 1
1045 0 -64 0
1046 0 -64 0
1047 1 63 1
1048 0 -64 0
1049 1 63 1
1050 1 63 1
1051 1 63 1
1052 0 -64 0
1053 0 -64 0
1054 0 -64 0
1055 0 -64 0
1056 1 63 1
1057 1 63 1
1058 1 63 1
1059 1 63 1
1060 1 63 1
1061 0 -64 0
1062 1 63 1
1063 0 -64 0
1064 0 -64 0
1065 1 63 1
1066 1 63 1
1067 1 63 1
1068 0 -64 0
1069 1 63 1
1070 1 63 1
1071 0 -64 0
1072 1 63 1
1073 1 63 1
1074 1 63 1
1075 0 -64 0
1076 0 -64 0
1077 0 -64 0
1078 1 63 1
1079 1 63 1
1080 0 -64 0
1081 1 63 1
1082 0 -64 0
1083 0 -64 0
1084 0 -64 0
1085 1 63 1
1086 0 -64 0
1087 0 -64 0
1088 1 63 1
1089 1 63 1
1090 0 -64 0
1091 0 -64 0
1092 0 -64 0
1093 0 -64 0
1094 1 63 1
1095 0 -64 0
1096 1 63 1
1097 0 -64 0
1098 0 -64 0
1099 1 63 1
1100 1 63 1
1101 0 -64 0
1102 1 63 1
1103 1 63 1
1104 1 63 1
1105 1 63 1
1106 1 63 1
1107 0 -64 0
1108 0 -64 0
1109 0 -64 0
1110 0 -64 0
1111 1 63 1
1112 0 -64 0
1113 0 -64 0
1114 1 63 1
1115 1 63 1
1116 0 -64 0
1117 1 63 1
1118 1 63 1
1119 1 63 1
1120 1 63 1
1121 1 63 1
1122 0 -64 0
1123 0 -64 0
1124 1 63 1
1125 0 -64 0
1126 1 63 1
1127 0 -64 0
1128 0 -64 0
1129 0 -64 0
1130 0 -64 0
1131 1 63 1
1132 0 -64 0
1133 1 63 1
1134 0 -64 0
1135 0 -64 0
1136 0 -64 0
1137 0 -64 0
1138 1 63 1
1139 0 -64 0
1140 1 63 1
1141 0 -64 0
1142 0 -64 0
1143 0 -64 0
1144 0 -64 0
1145 1 63 1
1146 1 63 1
1147 1 63 1
1148 1 63 1
1149 0 -64 0
1150 0 -64 0
1151 1 63 1
1152 0 -64 0
1153 1 63 1
1154 1 63 1
1155 1 63 1
1156 1 63 1
1157 0 -64 0
1158 1 63 1
1159 1 63 1
1160 0 -64 0
1161 1 63 1
1162 0 -64 0
1163 0 -64 0
1164 0 -64 0
1165 1 63 1
1166 1 63 1
1167 1 63 1
1168 1 63 1
1169 0 -64 0
1170 0 -64 0
1171 1 63 1
1172 0 -64 0
1173 1 63 1
1174 0 -64 0
1175 0 -64 0
1176 1 63 1
1177 0 -64 0
1178 0 -64 0
1179 0 -64 0
1180 0 -64 0
1181 1 63 1
1182 0 -64 0
1183 0 -64 0
1184 0 -64 0
1185 0 -64 0
1186 1 63 1
1187 1 63 1
1188 0 -64 0
1189 0 -64 0
1190 1 63 1
1191 1 63 1
1192 0 -64 0
1193 0 -64 0
1194 1 63 1
1195 0 -63 0
1196 0 -60 0
1197 0 -61 0
1198 0 -43 0
1199 1 54 1
1200 0 -38 0
1201 0 32 1
1202 1 58 1
1203 0 -60 0
1204 1 56 1
1205 0 -52 0
1206 0 -64 0
1207 0 -64 0
1208 0 -64 0
1209 0 -64 0
1210 0 -64 0
1211 1 63 1
1212 1 63 1
1213 1 63 1
1214 0 -64 0
1215 1 63 1
1216 0 -64 0
1217 0 -64 0
1218 1 63 1
1219 1 63 1
1220 0 -64 0
1221 1 63 1
1222 1 63 1
1223 0 -64 0
1224 0 -64 0
1225 1 63 1
1226 0 -64 0
1227 1 63 1
1228 1 63 1
1229 1 63 1
1230 1 63 1
1231 0 -64 0
1232 0 -64 0
1233 0 -64 0
1234 0 -64 0
1235 1 63 1
1236 0 -64 0
1237 1 63 1
1238 0 -64 0
1239 1 63 1
1240 1 63 1
1241 0 -64 0
1242 1 63 1
1243 0 -64 0
1244 0 -64 0
1245 1 63 1
1246 1 63 1
1247 0 -64 0
1248 0 -64 0
1249 0 -64 0
1250 0 -64 0
1251 1 63 1
1252 0 -64 0
1253 0 -64 0
1254 0 -64 0
1255 1 63 1
1256 1 63 1
1257 1 63 1
1258 1 63 1
1259 1 63 1
1260 1 63 1
1261 0 -64 0
1262 1 63 1
1263 1 63 1
1264 1 63 1
1265 0 -64 0
1266 0 -64 0
1267 1 63 1
1268 1 63 1
1269 0 -64 0
1270 1 63 1
1271 0 -64 0
1272 1 63 1
1273 1 63 1
1274 1 63 1
1275 0 -64 0
1276 1 63 1
1277 0 -64 0
1278 1 63 1
1279 0 -64 0
1280 1 63 1
1281 0 -64 0
1282 0 -64 0
1283 1 63 1
1284 1 63 1
1285 1 63 1
1286 0 -64 0
1287 0 -64 0
1288 1 63 1
1289 1 63 1
1290 0 -64 0
1291 0 -64 0
1292 0 -64 0
1293 1 63 1
1294 1 63 1
1295 1 63 1
1296 1 63 1
1297 1 63 1
1298 0 -64 0
1299 0 -64 0
1300 1 63 1
1301 0 -64 0
1302 0 -64 0
1303 1 63 1
1304 1 63 1
1305 0 -64 0
1306 1 63 1
1307 0 -64 0
1308 0 -64 0
1309 1 63 1
1310 1 63 1
1311 1 63 1
1312 0 -64 0
1313 0 -64 0
1314 1 63 1
1315 0 -64 0
1316 1 63 1
1317 1 63 1
1318 1 63 1
1319 1 63 1
1320 0 -64 0
1321 1 63 1
1322 1 63 1
1323 0 -64 0
1324 1 63 1
1325 0 -64 0
1326 1 63 1
1327 0 -64 0
1328 1 63 1
1329 0 -64 0
1330 0 -64 0
1331 0 -64 0
1332 0 -64 0
1333 1 63 1
1334 0 -64 0
1335 1 63 1
1336 1 63 1
1337 0 -64 0
1338 1 63 1
1339 0 -64 0
1340 1 63 1
1341 0 -64 0
1342 1 63 1
1343 0 -64 0
1344 0 -64 0
1345 1 63 1
1346 1 63 1
1347 0 -64 0
1348 1 63 1
1349 1 63 1
1350 1 63 1
1351 0 -64 0
1352 0 -64 0
1353 0 -64 0
1354 1 63 1
1355 1 63 1
1356 1 63 1
1357 1 63 1
1358 1 63 1
1359 1 63 1
1360 0 -64 0
1361 1 63 1
1362 0 -64 0
1363 0 -64 0
1364 0 -64 0
1365 0 -64 0
1366 0 -64 0
1367 1 63 1
1368 1 63 1
1369 1 63 1
1370 1 63 1
1371 1 63 1
1372 1 63 1
1373 1 63 1
1374 0 -64 0
1375 1 63 1
1376 0 -64 0
1377 0 -64 0
1378 0 -64 0
1379 0 -64 0
1380 0 -64 0
1381 1 63 1
1382 1 63 1
1383 0 -64 0
1384 1 63 1
1385 0 -64 0
1386 1 63 1
1387 0 -64 0
1388 1 63 1
1389 1 63 1
1390 0 -64 0
1391 0 -64 0
1392 1 63 1
1393 1 63 1
1394 0 -64 0
1395 1 63 1
1396 0 -64 0
1397 0 -64 0
1398 0 -64 0
1399 1 63 1
1400 1 63 1
1401 1 63 1
1402 0 -64 0
1403 0 -64 0
1404 0 -64 0
1405 0 -64 0
1406 0 -64 0
1407 0 -64 0
1408 0 -64 0
1409 0 -64 0
1410 1 63 1
1411 0 -64 0
1412 0 -64 0
1413 0 -64 0
1414 1 63 1
1415 0 -64 0
1416 1 63 1
1417 1 63 1
1418 1 63 1
1419 0 -64 0
1420 1 63 1
1421 0 -64 0
1422 0 -64 0
1423 1 63 1
1424 1 63 1
1425 1 63 1
1426 0 -64 0
1427 1 63 1
1428 0 -64 0
1429 1 63 1
1430 0 -64 0
1431 0 -64 0
1432 0 -64 0
1433 1 63 1
1434 0 -64 0
1435 0 -64 0
1436 1 63 1
1437 0 -64 0
1438 1 63 1
1439 0 -64 0
1440 1 63 1
1441 0 -64 0
1442 0 -64 0
1443 1 63 1
1444 0 -64 0
1445 0 -64 0
1446 0 -64 0
1447 0 -64 0
1448 1 63 1
1449 1 63 1
1450 1 63 1
1451 0 -64 0
1452 0 -64 0
1453 1 63 1
1454 0 -64 0
1455 1 63 1
1456 0 -64 0
1457 1 63 1
1458 1 63 1
1459 0 -64 0
1460 1 63 1
1461 1 63 1
1462 0 -64 0
1463 0 -64 0
1464 0 -64 0
1465 1 63 1
1466 1 63 1
1467 0 -64 0
1468 1 63 1
1469 1 63 1
1470 1 63 1
1471 1 63 1
1472 1 63 1
1473 1 63 1
1474 1 63 1
1475 0 -64 0
1476 1 63 1
1477 0 -64 0
1478 0 -64 0
1479 0 -64 0
1480 0 -64 0
1481 1 63 1
1482 1 63 1
1483 1 63 1
1484 1 63 1
1485 1 63 1
1486 1 63 1
1487 1 63 1
1488 1 63 1
1489 0 -64 0
1490 1 63 1
1491 0 -64 0
1492 1 63 1
1493 1 63 1
1494 1 63 1
1495 0 -64 0
1496 1 63 1
1497 0 -64 0
1498 0 -64 0
1499 1 63 1
1500 1 63 1
1501 0 -64 0
1502 1 63 1
1503 1 63 1
1504 1 63 1
1505 1 63 1
1506 1 63 1
1507 1 63 1
1508 0 -64 0
1509 0 -64 0
1510 0 -64 0
1511 1 63 1
1512 0 -64 0
1513 0 -64 0
1514 0 -64 0
1515 1 63 1
1516 1 63 1
1517 1 63 1
1518 1 63 1
1519 0 -64 0
1520 0 -64 0
1521 0 -64 0
1522 1 63 1
1523 1 63 1
1524 1 63 1
1525 0 -64 0
1526 0 -64 0
1527 0 -64 0
1528 1 63 1
1529 0 -64 0
1530 1 63 1
1531 0 -64 0
1532 1 63 1
1533 0 -64 0
1534 1 63 1
1535 0 -64 0
1536 1 63 1
1537 1 63 1
1538 1 63 1
1539 1 63 1
1540 1 63 1
1541 0 -64 0
1542 1 63 1
1543 1 63 1
1544 1 63 1
1545 0 -64 0
1546 1 63 1
1547 1 63 1
1548 0 -64 0
1549 0 -64 0
1550 0 -64 0
1551 1 63 1
1552 0 -64 0
1553 0 -64 0
1554 0 -64 0
1555 1 63 1
1556 0 -64 0
1557 1 63 1
1558 1 63 1
1559 0 -64 0
1560 0 -64 0
1561 0 -64 0
1562 1 63 1
1563 0 -64 0
1564 0 -64 0
1565 0 -64 0
1566 1 63 1
1567 1 63 1
1568 1 63 1
1569 0 -64 0
1570 1 63 1
1571 0 -64 0
1572 0 -64 0
1573 0 -64 0
1574 1 63 1
1575 0 -64 0
1576 0 -64 0
1577 1 63 1
1578 0 -64 0
1579 1 63 1
1580 1 63 1
1581 1 63 1
1582 0 -64 0
1583 0 -64 0
1584 0 -64 0
1585 1 63 1
1586 1 63 1
1587 1 63 1
1588 0 -64 0
1589 1 63 1
1590 1 63 1
1591 0 -64 0
1592 0 -64 0
1593 0 -64 0
1594 0 -63 0
1595 0 -64 0
1596 0 -55 0
1597 1 58 1
1598 1 41 1
1599 1 40 1
1600 0 -38 0
1601 1 41 1
1602 1 41 1
1603 1 54 1
1604 0 -62 0
1605 0 -50 0
1606 1 59 1
1607 0 -64 0
1608 1 63 1
1609 0 -61 0
1610 1 63 1
1611 0 -64 0
1612 1 63 1
1613 0 -64 0
1614 1 63 1
1615 0 -64 0
1616 1 63 1
1617 0 -64 0
1618 0 -64 0
1619 0 -64 0
1620 0 -64 0
1621 0 -64 0
1622 1 63 1
1623 0 -64 0
1624 1 63 1
1625 0 -64 0
1626 0 -64 0
1627 0 -64 0
1628 0 -64 0
1629 0 -64 0
1630 0 -64 0
1631 1 63 1
1632 1 63 1
1633 0 -64 0
1634 1 63 1
1635 1 63 1
1636 0 -64 0
1637 0 -64 0
1638 1 63 1
1639 1 63 1
1640 1 63 1
1641 1 63 1
1642 0 -64 0
1643 1 63 1
1644 0 -64 0
1645 0 -64 0
1646 1 63 1
1647 1 63 1
1648 1 63 1
1649 1 63 1
1650 1 63 1
1651 0 -64 0
1652 1 63 1
1653 1 63 1
1654 0 -64 0
1655 0 -64 0
1656 1 63 1
1657 1 63 1
1658 1 63 1
1659 1 63 1
1660 0 -64 0
1661 0 -64 0
1662 0 -64 0
1663 1 63 1
1664 0 -64 0
1665 0 -64 0
1666 0 -64 0
1667 1 63 1
1668 1 63 1
1669 1 63 1
1670 0 -64 0
1671 1 63 1
1672 1 63 1
1673 1 63 1
1674 1 63 1
1675 1 63 1
1676 0 -64 0
1677 0 -64 0
1678 0 -64 0
1679 1 63 1
1680 1 63 1
1681 1 63 1
1682 0 -64 0
1683 0 -64 0
1684 1 63 1
1685 0 -64 0
1686 0 -64 0
1687 1 63 1
1688 1 63 1
1689 1 63 1
1690 1 63 1
1691 1 63 1
1692 1 63 1
1693 1 63 1
1694 1 63 1
1695 0 -64 0
1696 1 63 1
1697 0 -64 0
1698 0 -64 0
1699 1 63 1
1700 0 -64 0
1701 1 63 1
1702 0 -64 0
1703 0 -64 0
1704 1 63 1
1705 0 -64 0
1706 0 -64 0
1707 1 63 1
1708 1 63 1
1709 0 -64 0
1710 1 63 1
1711 1 63 1
1712 0 -64 0
1713 0 -64 0
1714 1 63 1
1715 0 -64 0
1716 0 -64 0
1717 1 63 1
1718 1 63 1
1719 0 -64 0
1720 1 63 1
1721 1 63 1
1722 1 63 1
1723 0 -64 0
1724 1 63 1
1725 1 63 1
1726 0 -64 0
1727 0 -64 0
1728 0 -64 0
1729 0 -64 0
1730 0 -64 0
1731 0 -64 0
1732 1 63 1
1733 1 63 1
1734 1 63 1
1735 1 63 1
1736 1 63 1
1737 0 -64 0
1738 1 63 1
1739 1 63 1
1740 0 -64 0
1741 0 -64 0
1742 0 -64 0
1743 1 63 1
1744 1 63 1
1745 1 63 1
1746 1 63 1
1747 1 63 1
1748 1 63 1
1749 0 -64 0
1750 0 -64 0
1751 1 63 1
1752 0 -64 0
1753 1 63 1
1754 1 63 1
1755 0 -64 0
1756 0 -64 0
1757 0 -64 0
1758 0 -64 0
1759 0 -64 0
1760 1 63 1
1761 0 -64 0
1762 1 63 1
1763 1 63 1
1764 0 -64 0
1765 1 63 1
1766 0 -64 0
1767 0 -64 0
1768 0 -64 0
1769 1 63 1
1770 0 -64 0
1771 1 63 1
1772 1 63 1
1773 0 -64 0
1774 0 -64 0
1775 0 -64 0
1776 0 -64 0
1777 1 63 1
1778 1 63 1
1779 0 -64 0
1780 0 -64 0
1781 0 -64 0
1782 1 63 1
1783 1 63 1
1784 0 -64 0
1785 1 63 1
1786 0 -64 0
1787 1 63 1
1788 0 -64 0
1789 0 -64 0
1790 0 -64 0
1791 0 -64 0
1792 0 -64 0
1793 0 -64 0
1794 1 63 1
1795 0 -64 0
1796 0 -64 0
1797 1 63 1
1798 1 63 1
1799 0 -64 0
1800 1 63 1
1801 1 63 1
1802 1 63 1
1803 1 63 1
1804 0 -64 0
1805 1 63 1
1806 1 63 1
1807 0 -64 0
1808 0 -64 0
1809 1 63 1
1810 0 -64 0
1811 0 -64 0
1812 0 -64 0
1813 0 -64 0
1814 1 63 1
1815 0 -64 0
1816 1 63 1
1817 0 -64 0
1818 0 -64 0
1819 0 -64 0
1820 1 63 1
1821 1 63 1
1822 0 -64 0
1823 1 63 1
1824 1 63 1
1825 0 -64 0
1826 1 63 1
1827 1 63 1
1828 1 63 1
1829 1 63 1
1830 0 -64 0
1831 1 63 1
1832 0 -64 0
1833 1 63 1
1834 0 -64 0
1835 1 63 1
1836 0 -64 0
1837 0 -64 0
1838 0 -64 0
1839 1 63 1
1840 1 63 1
1841 0 -64 0
1842 0 -64 0
1843 0 -64 0
1844 0 -64 0
1845 1 63 1
1846 0 -64 0
1847 1 63 1
1848 0 -64 0
1849 0 -64 0
1850 0 -64 0
1851 0 -64 0
1852 0 -64 0
1853 0 -64 0
1854 1 63 1
1855 1 63 1
1856 0 -64 0
1857 1 63 1
1858 1 63 1
1859 1 63 1
1860 0 -64 0
1861 1 63 1
1862 1 63 1
1863 1 63 1
1864 0 -64 0
1865 1 63 1
1866 1 63 1
1867 1 63 1
1868 1 63 1
1869 0 -64 0
1870 1 63 1
1871 0 -64 0
1872 0 -64 0
1873 0 -64 0
1874 0 -64 0
1875 1 63 1
1876 1 63 1
1877 1 63 1
1878 0 -64 0
1879 1 63 1
1880 0 -64 0
1881 0 -64 0
1882 1 63 1
1883 1 63 1
1884 0 -64 0
1885 0 -64 0
1886 0 -64 0
1887 0 -64 0
1888 0 -64 0
1889 0 -64 0
1890 0 -64 0
1891 0 -64 0
1892 1 63 1
1893 0 -64 0
1894 1 63 1
1895 0 -64 0
1896 1 63 1
1897 0 -64 0
1898 1 63 1
1899 0 -64 0
1900 1 63 1
1901 0 -64 0
1902 1 63 1
1903 0 -64 0
1904 1 63 1
1905 0 -64 0
1906 0 -64 0
1907 1 63 1
1908 1 63 1
1909 1 63 1
1910 1 63 1
1911 0 -64 0
1912 1 63 1
1913 1 63 1
1914 1 63 1
1915 1 63 1
1916 0 -64 0
1917 1 63 1
1918 0 -64 0
1919 1 63 1
1920 1 63 1
1921 0 -64 0
1922 0 -64 0
1923 0 -64 0
1924 0 -64 0
1925 0 -64 0
1926 1 63 1
1927 1 63 1
1928 0 -64 0
1929 1 63 1
1930 1 63 1
1931 1 63 1
1932 1 63 1
1933 1 63 1
1934 1 63 1
1935 1 63 1
1936 1 63 1
1937 0 -64 0
1938 0 -64 0
1939 0 -64 0
1940 1 63 1
1941 0 -64 0
1942 1 63 1
1943 1 63 1
1944 1 63 1
1945 0 -64 0
1946 0 -64 0
1947 1 63 1
1948 1 63 1
1949 0 -64 0
1950 0 -64 0
1951 0 -64 0
1952 0 -64 0
1953 0 -64 0
1954 0 -64 0
1955 0 -64 0
1956 1 63 1
1957 1 63 1
1958 0 -64 0
1959 1 63 1
1960 1 63 1
1961 1 63 1
1962 1 63 1
1963 0 -64 0
1964 1 63 1
1965 1 63 1
1966 1 63 1
1967 0 -64 0
1968 1 63 1
1969 0 -64 0
1970 0 -64 0
1971 0 -64 0
1972 1 63 1
1973 1 63 1
1974 0 -64 0
1975 0 -64 0
1976 0 -64 0
1977 0 -64 0
1978 0 -64 0
1979 1 63 1
1980 0 -64 0
1981 0 -64 0
1982 0 -64 0
1983 0 -64 0
1984 0 -64 0
1985 0 -64 0
1986 0 -64 0
1987 0 -64 0
1988 1 63 1
1989 0 -64 0
1990 0 -64 0
1991 1 63 1
1992 1 63 1
1993 1 63 1
1994 0 -64 0
1995 1 47 1
1996 0 -60 0
1997 1 63 1
1998 0 28 1
1999 1 49 1
2000 0 -40 0
2001 1 52 1
2002 0 -58 0
2003 0 -43 0
2004 0 -58 0
2005 1 63 1
2006 1 57 1
2007 1 63 1
2008 0 -64 0
2009 1 63 1
2010 1 63 1
2011 0 -64 0
2012 0 -64 0
2013 1 63 1
2014 1 63 1
2015 1 63 1
2016 1 63 1
2017 1 63 1
2018 1 63 1
2019 1 63 1
2020 1 63 1
2021 1 63 1
2022 1 63 1
2023 0 -64 0
2024 1 63 1
2025 0 -64 0
2026 0 -64 0
2027 1 63 1
2028 0 -64 0
2029 0 -64 0
2030 1 63 1
2031 1 63 1
2032 0 -64 0
2033 0 -64 0
2034 1 63 1
2035 0 -64 0
2036 1 63 1
2037 0 -64 0
2038 1 63 1
2039 0 -64 0
2040 1 63 1
2041 1 63 1
2042 1 63 1
2043 1 63 1
2044 1 63 1
2045 0 -64 0
2046 0 -64 0
2047 1 63 1
2048 0 -64 0
2049 1 63 1
2050 1 63 1
2051 0 -64 0
2052 1 63 1
2053 0 -64 0
2054 0 -64 0
2055 0 -64 0
2056 1 63 1
2057 0 -64 0
2058 0 -64 0
2059 0 -64 0
2060 0 -64 0
2061 1 63 1
2062 0 -64 0
2063 1 63 1
2064 0 -64 0
2065 1 63 1
2066 1 63 1
2067 1 63 1
2068 1 63 1
2069 0 -64 0
2070 0 -64 0
2071 0 -64 0
2072 0 -64 0
2073 0 -64 0
2074 0 -64 0
2075 1 63 1
2076 0 -64 0
2077 0 -64 0
2078 0 -64 0
2079 0 -64 0
2080 0 -64 0
2081 1 63 1
2082 1 63 1
2083 0 -64 0
2084 0 -64 0
2085 1 63 1
2086 0 -64 0
2087 1 63 1
2088 0 -64 0
2089 1 63 1
2090 0 -64 0
2091 1 63 1
2092 1 63 1
2093 0 -64 0
2094 0 -64 0
2095 0 -64 0
2096 0 -64 0
2097 1 63 1
2098 0 -64 0
2099 1 63 1
2100 1 63 1
2101 1 63 1
2102 1 63 1
2103 1 63 1
2104 1 63 1
2105 0 -64 0
2106 1 63 1
2107 1 63 1
2108 1 63 1
2109 0 -64 0
2110 1 63 1
2111 1 63 1
2112 0 -64 0
2113 0 -64 0
2114 0 -64 0
2115 0 -64 0
2116 1 63 1
2117 1 63 1
2118 1 63 1
2119 1 63 1
2120 1 63 1
2121 0 -64 0
2122 0 -64 0
2123 0 -64 0
2124 0 -64 0
2125 0 -64 0
2126 1 63 1
2127 1 63 1
2128 0 -64 0
2129 0 -64 0
2130 0 -64 0
2131 0 -64 0
2132 0 -64 0
2133 1 63 1
2134 0 -64 0
2135 0 -64 0
2136 1 63 1
2137 1 63 1
2138 1 63 1
2139 1 63 1
2140 0 -64 0
2141 0 -64 0
2142 0 -64 0
2143 0 -64 0
2144 1 63 1
2145 1 63 1
2146 1 63 1
2147 0 -64 0
2148 0 -64 0
2149 1 63 1
2150 0 -64 0
2151 0 -64 0
2152 0 -64 0
2153 1 63 1
2154 1 63 1
2155 0 -64 0
2156 1 63 1
2157 1 63 1
2158 0 -64 0
2159 0 -64 0
2160 0 -64 0
2161 1 63 1
2162 1 63 1
2163 0 -64 0
2164 1 63 1
2165 1 63 1
2166 0 -64 0
2167 0 -64 0
2168 1 63 1
2169 1 63 1
2170 0 -64 0
2171 0 -64 0
2172 1 63 1
2173 1 63 1
2174 0 -64 0
2175 0 -64 0
2176 1 63 1
2177 1 63 1
2178 1 63 1
2179 1 63 1
2180 1 63 1
2181 1 63 1
2182 1 63 1
2183 1 63 1
2184 0 -64 0
2185 0 -64 0
2186 0 -64 0
2187 1 -64 0
2188 1 -64 0
2189 0 -64 0
2190 1 -64 0
2191 0 -64 0
2192 1 63 1
2193 1 63 1
2194 1 63 1
2195 1 63 1
2196 1 63 1
2197 0 -64 0
2198 1 63 1
2199 0 -64 0
2200 1 63 1
2201 1 63 1
2202 0 -64 0
2203 1 63 1
2204 0 -64 0
2205 0 -64 0
2206 1 63 1
2207 0 -64 0
2208 0 -64 0
2209 0 -64 0
2210 0 -64 0
2211 1 63 1
2212 0 -64 0
2213 0 -64 0
2214 0 -64 0
2215 0 -64 0
2216 1 63 1
2217 1 63 1
2218 1 63 1
2219 0 -64 0
2220 0 -64 0
2221 1 63 1
2222 0 -64 0
2223 0 -64 0
2224 0 -64 0
2225 0 -64 0
2226 0 -64 0
2227 1 63 1
2228 0 -64 0
2229 0 -64 0
2230 0 -64 0
2231 1 63 1
2232 1 63 1
2233 0 -64 0
2234 1 63 1
2235 1 63 1
2236 0 -64 0
2237 1 63 1
2238 0 -64 0
2239 0 -64 0
2240 0 -64 0
2241 0 -64 0
2242 1 63 1
2243 1 63 1
2244 0 -64 0
2245 1 63 1
2246 1 63 1
2247 1 63 1
2248 1 63 1
2249 0 -64 0
2250 0 -64 0
2251 0 -64 0
2252 0 -64 0
2253 1 63 1
2254 0 -64 0
2255 1 63 1
2256 0 -64 0
2257 1 63 1
2258 1 63 1
2259 1 63 1
2260 1 63 1
2261 1 63 1
2262 0 -64 0
2263 0 -64 0
2264 1 63 1
2265 1 63 1
2266 1 63 1
2267 1 63 1
2268 0 -64 0
2269 1 63 1
2270 0 -64 0
2271 1 63 1
2272 0 -64 0
2273 0 -64 0
2274 0 -64 0
2275 1 63 1
2276 1 63 1
2277 1 63 1
2278 1 63 1
2279 1 63 1
2280 1 63 1
2281 1 63 1
2282 0 -64 0
2283 1 63 1
2284 0 -64 0
2285 1 63 1
2286 0 -64 0
2287 1 63 1
2288 0 -64 0
2289 0 -64 0
2290 1 63 1
2291 1 63 1
2292 1 63 1
2293 1 63 1
2294 0 -64 0
2295 1 63 1
2296 1 63 1
2297 0 -64 0
2298 1 63 1
2299 0 -64 0
2300 1 63 1
2301 1 63 1
2302 0 -64 0
2303 1 63 1
2304 1 63 1
2305 0 -64 0
2306 1 63 1
2307 1 63 1
2308 1 63 1
2309 1 63 1
2310 0 -64 0
2311 1 63 1
2312 1 63 1
2313 1 63 1
2314 0 -64 0
2315 0 -64 0
2316 0 -64 0
2317 0 -64 0
2318 1 63 1
2319 1 63 1
2320 1 63 1
2321 0 -64 0
2322 0 -64 0
2323 1 63 1
2324 1 63 1
2325 1 63 1
2326 0 -64 0
2327 0 -64 0
2328 0 -64 0
2329 0 -64 0
2330 1 63 1
2331 1 63 1
2332 0 -64 0
2333 0 -64 0
2334 1 63 1
2335 0 -64 0
2336 1 63 1
2337 0 -64 0
2338 1 63 1
2339 0 -64 0
2340 1 63 1
2341 0 -64 0
2342 1 63 1
2343 1 63 1
2344 1 63 1
2345 1 63 1
2346 0 -64 0
2347 1 63 1
2348 1 63 1
2349 0 -64 0
2350 0 -64 0
2351 0 -64 0
2352 1 63 1
2353 0 -64 0
2354 1 63 1
2355 1 63 1
2356 1 63 1
2357 1 63 1
2358 1 63 1
2359 1 63 1
2360 0 -64 0
2361 1 63 1
2362 0 -64 0
2363 0 -64 0
2364 0 -64 0
2365 0 -64 0
2366 0 -64 0
2367 0 -64 0
2368 1 63 1
2369 1 63 1
2370 0 -64 0
2371 0 -64 0
2372 1 63 1
2373 1 63 1
2374 1 63 1
2375 0 -64 0
2376 0 -64 0
2377 1 63 1
2378 1 63 1
2379 1 63 1
2380 1 63 1
2381 1 63 1
2382 0 -64 0
2383 0 -64 0
2384 1 63 1
2385 1 63 1
2386 1 63 1
2387 1 63 1
2388 0 -64 0
2389 1 63 1
2390 0 -64 0
2391 0 -64 0
2392 1 63 1
2393 0 -64 0
2394 0 -62 0
2395 1 44 1
2396 0 -64 0
2397 1 63 1
2398 1 56 1
2399 0 -52 0
2400 0 -39 0
2401 1 47 1
2402 0 -55 0
2403 1 63 1
2404 1 58 1
2405 0 -64 0
2406 1 44 1
2407 0 -64 0
2408 0 -64 0
2409 0 -64 0
2410 0 -64 0
2411 0 -64 0
2412 1 63 1
2413 1 63 1
2414 0 -64 0
2415 1 63 1
2416 0 -64 0
2417 0 -64 0
2418 1 63 1
2419 1 63 1
2420 1 63 1
2421 0 -64 0
2422 0 -64 0
2423 1 63 1
2424 0 -64 0
2425 1 63 1
2426 1 63 1
2427 1 63 1
2428 1 63 1
2429 0 -64 0
2430 1 63 1
2431 0 -64 0
2432 1 63 1
2433 1 63 1
2434 0 -64 0
2435 1 63 1
2436 1 63 1
2437 0 -64 0
2438 0 -64 0
2439 1 63 1
2440 0 -64 0
2441 1 63 1
2442 0 -64 0
2443 1 63 1
2444 0 -64 0
2445 0 -64 0
2446 1 63 1
2447 0 -64 0
2448 1 63 1
2449 0 -64 0
2450 1 63 1
2451 0 -64 0
2452 1 63 1
2453 1 63 1
2454 1 63 1
2455 1 63 1
2456 1 63 1
2457 0 -64 0
2458 1 63 1
2459 1 63 1
2460 1 63 1
2461 1 63 1
2462 1 63 1
2463 0 -64 0
2464 1 63 1
2465 0 -64 0
2466 0 -64 0
2467 1 63 1
2468 1 63 1
2469 0 -64 0
2470 1 63 1
2471 0 -64 0
2472 1 63 1
2473 0 -64 0
2474 0 -64 0
2475 0 -64 0
2476 0 -64 0
2477 0 -64 0
2478 1 63 1
2479 1 63 1
2480 1 63 1
2481 0 -64 0
2482 0 -64 0
2483 0 -64 0
2484 1 63 1
2485 1 63 1
2486 0 -64 0
2487 0 -64 0
2488 1 63 1
2489 0 -64 0
2490 0 -64 0
2491 0 -64 0
2492 1 63 1
2493 1 63 1
2494 0 -64 0
2495 0 -64 0
2496 0 -64 0
2497 1 63 1
2498 0 -64 0
2499 1 63 1
2500 0 -64 0
2501 1 63 1
2502 1 63 1
2503 0 -64 0
2504 1 63 1
2505 1 63 1
2506 1 63 1
2507 1 63 1
2508 0 -64 0
2509 0 -64 0
2510 1 63 1
2511 0 -64 0
2512 1 63 1
2513 0 -64 0
2514 1 63 1
2515 0 -64 0
2516 0 -64 0
2517 1 63 1
2518 1 63 1
2519 0 -64 0
2520 1 63 1
2521 0 -64 0
2522 0 -64 0
2523 1 63 1
2524 1 63 1
2525 0 -64 0
2526 1 63 1
2527 0 -64 0
2528 0 -64 0
2529 1 63 1
2530 1 63 1
2531 0 -64 0
2532 0 -64 0
2533 1 63 1
2534 1 63 1
2535 1 63 1
2536 1 63 1
2537 1 63 1
2538 0 -64 0
2539 0 -64 0
2540 0 -64 0
2541 0 -64 0
2542 0 -64 0
2543 0 -64 0
2544 1 63 1
2545 1 63 1
2546 1 63 1
2547 0 -64 0
2548 1 63 1
2549 1 63 1
2550 1 63 1
2551 1 63 1
2552 1 63 1
2553 1 63 1
2554 0 -64 0
2555 0 -64 0
2556 0 -64 0
2557 0 -64 0
2558 0 -64 0
2559 1 63 1
2560 0 -64 0
2561 1 63 1
2562 1 63 1
2563 1 63 1
2564 0 -64 0
2565 1 63 1
2566 0 -64 0
2567 1 63 1
2568 1 63 1
2569 1 63 1
2570 0 -64 0
2571 0 -64 0
2572 0 -64 0
2573 0 -64 0
2574 1 63 1
2575 1 63 1
2576 0 -64 0
2577 0 -64 0
2578 0 -64 0
2579 1 63 1
2580 0 -64 0
2581 1 63 1
2582 0 -64 0
2583 1 63 1
2584 1 63 1
2585 0 -64 0
2586 0 -64 0
2587 0 -64 0
2588 0 -64 0
2589 1 63 1
2590 0 -64 0
2591 0 -64 0
2592 1 63 1
2593 0 -64 0
2594 1 63 1
2595 0 -64 0
2596 0 -64 0
2597 1 63 1
2598 0 -64 0
2599 1 63 1
2600 0 -64 0
2601 0 -64 0
2602 0 -64 0
2603 0 -64 0
2604 0 -64 0
2605 0 -64 0
2606 1 63 1
2607 0 -64 0
2608 0 -64 0
2609 0 -64 0
2610 1 63 1
2611 0 -64 0
2612 1 63 1
2613 0 -64 0
2614 0 -64 0
2615 0 -64 0
2616 1 63 1
2617 0 -64 0
2618 0 -64 0
2619 1 63 1
2620 0 -64 0
2621 0 -64 0
2622 0 -64 0
2623 0 -64 0
2624 1 63 1
2625 0 -64 0
2626 1 63 1
2627 0 -64 0
2628 0 -64 0
2629 1 63 1
2630 1 63 1
2631 1 63 1
2632 0 -64 0
2633 0 -64 0
2634 1 63 1
2635 0 -64 0
2636 0 -64 0
2637 0 -64 0
2638 1 63 1
2639 1 63 1
2640 1 63 1
2641 1 63 1
2642 1 63 1
2643 0 -64 0
2644 1 63 1
2645 0 -64 0
2646 0 -64 0
2647 1 63 1
2648 1 63 1
2649 1 63 1
2650 0 -64 0
2651 1 63 1
2652 1 63 1
2653 0 -64 0
2654 1 63 1
2655 1 63 1
2656 1 63 1
2657 1 63 1
2658 1 63 1
2659 0 -64 0
2660 1 63 1
2661 1 63 1
2662 0 -64 0
2663 1 63 1
2664 0 -64 0
2665 0 -64 0
2666 1 63 1
2667 0 -64 0
2668 0 -64 0
2669 0 -64 0
2670 0 -64 0
2671 0 -64 0
2672 1 63 1
2673 0 -64 0
2674 1 63 1
2675 0 -64 0
2676 1 63 1
2677 1 63 1
2678 1 63 1
2679 1 63 1
2680 0 -64 0
2681 0 -64 0
2682 1 63 1
2683 0 -64 0
2684 1 63 1
2685 1 63 1
2686 1 63 1
2687 1 63 1
2688 1 63 1
2689 1 63 1
2690 0 -64 0
2691 0 -64 0
2692 1 63 1
2693 1 63 1
2694 1 63 1
2695 1 63 1
2696 1 63 1
2697 0 -64 0
2698 1 63 1
2699 0 -64 0
2700 1 63 1
2701 0 -64 0
2702 0 -64 0
2703 1 63 1
2704 0 -64 0
2705 1 63 1
2706 1 63 1
2707 1 63 1
2708 0 -64 0
2709 0 -64 0
2710 0 -64 0
2711 1 63 1
2712 1 63 1
2713 1 63 1
2714 0 -64 0
2715 1 63 1
2716 1 63 1
2717 1 63 1
2718 0 -64 0
2719 0 -64 0
2720 1 63 1
2721 0 -64 0
2722 0 -64 0
2723 1 63 1
2724 0 -64 0
2725 1 63 1
2726 0 -64 0
2727 1 63 1
2728 0 -64 0
2729 1 63 1
2730 0 -64 0
2731 0 -64 0
2732 0 -64 0
2733 0 -64 0
2734 1 63 1
2735 1 63 1
2736 0 -64 0
2737 1 63 1
2738 1 63 1
2739 1 63 1
2740 0 -64 0
2741 1 63 1
2742 0 -64 0
2743 0 -64 0
2744 0 -64 0
2745 0 -64 0
2746 1 63 1
2747 0 -64 0
2748 1 63 1
2749 0 -64 0
2750 0 -64 0
2751 1 63 1
2752 1 63 1
2753 1 63 1
2754 0 -64 0
2755 1 63 1
2756 1 63 1
2757 0 -64 0
2758 1 63 1
2759 0 -64 0
2760 1 63 1
2761 1 63 1
2762 0 -64 0
2763 1 63 1
2764 0 -64 0
2765 1 63 1
2766 1 63 1
2767 1 63 1
2768 0 -64 0
2769 0 -64 0
2770 1 63 1
2771 1 63 1
2772 1 63 1
2773 0 -64 0
2774 0 -64 0
2775 0 -64 0
2776 1 63 1
2777 0 -64 0
2778 0 -64 0
2779 0 -64 0
2780 0 -64 0
2781 0 -64 0
2782 1 63 1
2783 1 63 1
2784 0 -64 0
2785 1 63 1
2786 1 63 1
2787 1 63 1
2788 0 -64 0
2789 1 63 1
2790 1 63 1
2791 1 63 1
2792 1 63 1
2793 1 63 1
2794 1 63 1
2795 0 -53 0
2796 1 42 1
2797 1 63 1
2798 0 -30 0
2799 1 55 1
2800 0 -38 0
2801 1 36 1
2802 0 -54 0
2803 1 46 1
2804 0 -54 0
2805 0 -64 0
2806 0 -64 0
2807 1 63 1
2808 0 -64 0
2809 1 63 1
2810 0 -64 0
2811 1 63 1
2812 0 -64 0
2813 0 -64 0
2814 0 -64 0
2815 1 63 1
2816 1 63 1
2817 1 63 1
2818 0 -64 0
2819 0 -64 0
2820 1 63 1
2821 1 63 1
2822 1 63 1
2823 1 63 1
2824 1 63 1
2825 1 63 1
2826 1 63 1
2827 0 -64 0
2828 0 -64 0
2829 0 -64 0
2830 1 63 1
2831 0 -64 0
2832 0 -64 0
2833 0 -64 0
2834 1 63 1
2835 1 63 1
2836 1 63 1
2837 0 -64 0
2838 0 -64 0
2839 1 63 1
2840 1 63 1
2841 0 -64 0
2842 1 63 1
2843 0 -64 0
2844 0 -64 0
2845 1 63 1
2846 1 63 1
2847 1 63 1
2848 0 -64 0
2849 1 63 1
2850 1 63 1
2851 1 63 1
2852 1 63 1
2853 0 -64 0
2854 1 63 1
2855 1 63 1
2856 0 -64 0
2857 1 63 1
2858 1 63 1
2859 1 63 1
2860 0 -64 0
2861 1 63 1
2862 0 -64 0
2863 0 -64 0
2864 1 63 1
2865 0 -64 0
2866 1 63 1
2867 1 63 1
2868 1 63 1
2869 0 -64 0
2870 0 -64 0
2871 1 63 1
2872 0 -64 0
2873 0 -64 0
2874 1 63 1
2875 1 63 1
2876 1 63 1
2877 0 -64 0
2878 0 -64 0
2879 1 63 1
2880 0 -64 0
2881 0 -64 0
2882 0 -64 0
2883 0 -64 0
2884 1 63 1
2885 0 -64 0
2886 0 -64 0
2887 0 -64 0
2888 0 -64 0
2889 0 -64 0
2890 0 -64 0
2891 1 63 1
2892 1 63 1
2893 1 63 1
2894 0 -64 0
2895 0 -64 0
2896 0 -64 0
2897 0 -64 0
2898 0 -64 0
2899 1 63 1
2900 0 -64 0
2901 1 63 1
2902 0 -64 0
2903 1 63 1
2904 1 63 1
2905 0 -64 0
2906 0 -64 0
2907 1 63 1
2908 1 63 1
2909 0 -64 0
2910 0 -64 0
2911 1 63 1
2912 1 63 1
2913 1 63 1
2914 1 63 1
2915 1 63 1
2916 0 -64 0
2917 1 63 1
2918 0 -64 0
2919 0 -64 0
2920 0 -64 0
2921 1 63 1
2922 0 -64 0
2923 1 63 1
2924 1 63 1
2925 0 -64 0
2926 0 -64 0
2927 0 -64 0
2928 1 63 1
2929 1 63 1
2930 1 63 1
2931 1 63 1
2932 0 -64 0
2933 1 63 1
2934 1 63 1
2935 0 -64 0
2936 0 -64 0
2937 1 63 1
2938 1 63 1
2939 0 -64 0
2940 0 -64 0
2941 1 63 1
2942 1 63 1
2943 1 63 1
2944 0 -64 0
2945 0 -64 0
2946 1 63 1
2947 1 63 1
2948 0 -64 0
2949 1 63 1
2950 0 -64 0
2951 0 -64 0
2952 1 63 1
2953 1 63 1
2954 0 -64 0
2955 1 63 1
2956 0 -64 0
2957 1 63 1
2958 1 63 1
2959 1 63 1
2960 1 63 1
2961 1 63 1
2962 0 -64 0
2963 1 63 1
2964 1 63 1
2965 1 63 1
2966 1 63 1
2967 1 63 1
2968 0 -64 0
2969 1 63 1
2970 1 63 1
2971 0 -64 0
2972 0 -64 0
2973 0 -64 0
2974 0 -64 0
2975 1 63 1
2976 0 -64 0
2977 1 63 1
2978 1 63 1
2979 0 -64 0
2980 0 -64 0
2981 0 -64 0
2982 1 63 1
2983 1 63 1
2984 0 -64 0
2985 1 63 1
2986 0 -64 0
2987 1 63 1
2988 1 63 1
2989 1 63 1
2990 1 63 1
2991 1 63 1
2992 0 -64 0
2993 0 -64 0
2994 1 63 1
2995 0 -64 0
2996 0 -64 0
2997 1 63 1
2998 0 -64 0
2999 0 -64 0
3000 0 -64 0
3001 1 63 1
3002 1 63 1
3003 1 63 1
3004 1 63 1
3005 1 63 1
3006 0 -64 0
3007 0 -64 0
3008 0 -64 0
3009 1 63 1
3010 1 63 1
3011 1 63 1
3012 1 63 1
3013 0 -64 0
3014 0 -64 0
3015 1 63 1
3016 1 63 1
3017 1 63 1
3018 0 -64 0
3019 0 -64 0
3020 1 63 1
3021 1 63 1
3022 1 63 1
3023 1 63 1
3024 1 63 1
3025 1 63 1
3026 0 -64 0
3027 1 63 1
3028 0 -64 0
3029 1 63 1
3030 0 -64 0
3031 1 63 1
3032 1 63 1
3033 0 -64 0
3034 0 -64 0
3035 0 -64 0
3036 1 63 1
3037 1 63 1
3038 1 63 1
3039 1 63 1
3040 1 63 1
3041 1 63 1
3042 1 63 1
3043 0 -64 0
3044 1 63 1
3045 0 -64 0
3046 1 63 1
3047 0 -64 0
3048 1 63 1
3049 1 63 1
3050 1 63 1
3051 0 -64 0
3052 0 -64 0
3053 1 63 1
3054 1 63 1
3055 1 63 1
3056 0 -64 0
3057 0 -64 0
3058 0 -64 0
3059 0 -64 0
3060 0 -64 0
3061 1 63 1
3062 1 63 1
3063 1 63 1
3064 0 -64 0
3065 1 63 1
3066 1 63 1
3067 0 -64 0
3068 1 63 1
3069 0 -64 0
3070 0 -64 0
3071 0 -64 0
3072 1 63 1
3073 1 63 1
3074 1 63 1
3075 0 -64 0
3076 0 -64 0
3077 1 63 1
3078 1 63 1
3079 0 -64 0
3080 0 -64 0
3081 1 63 1
3082 1 63 1
3083 1 63 1
3084 0 -64 0
3085 0 -64 0
3086 1 63 1
3087 1 63 1
3088 0 -64 0
3089 1 63 1
3090 0 -64 0
3091 0 -64 0
3092 1 63 1
3093 0 -64 0
3094 0 -64 0
3095 1 63 1
3096 0 -64 0
3097 0 -64 0
3098 1 63 1
3099 0 -64 0
3100 0 -64 0
3101 0 -64 0
3102 0 -64 0
3103 0 -64 0
3104 0 -64 0
3105 1 63 1
3106 0 -64 0
3107 1 63 1
3108 1 63 1
3109 1 63 1
3110 1 63 1
3111 0 -64 0
3112 1 63 1
3113 0 -64 0
3114 1 63 1
3115 1 63 1
3116 1 63 1
3117 0 -64 0
3118 0 -64 0
3119 1 63 1
3120 0 -64 0
3121 1 63 1
3122 1 63 1
3123 1 63 1
3124 0 -64 0
3125 1 63 1
3126 1 63 1
3127 0 -64 0
3128 0 -64 0
3129 1 63 1
3130 1 63 1
3131 1 63 1
3132 0 -64 0
3133 0 -64 0
3134 0 -64 0
3135 1 63 1
3136 1 63 1
3137 0 -64 0
3138 0 -64 0
3139 1 63 1
3140 0 -64 0
3141 1 63 1
3142 0 -64 0
3143 0 -64 0
3144 0 -64 0
3145 0 -64 0
3146 1 63 1
3147 1 63 1
3148 0 -64 0
3149 1 63 1
3150 1 63 1
3151 0 -64 0
3152 1 63 1
3153 0 -64 0
3154 1 63 1
3155 0 -64 0
3156 0 -64 0
3157 0 -64 0
3158 0 -64 0
3159 1 63 1
3160 1 63 1
3161 0 -64 0
3162 1 63 1
3163 1 63 1
3164 0 -64 0
3165 0 -64 0
3166 0 -64 0
3167 1 63 1
3168 1 63 1
3169 0 -64 0
3170 0 -64 0
3171 0 -64 0
3172 1 63 1
3173 0 -64 0
3174 0 -64 0
3175 1 63 1
3176 1 63 1
3177 1 63 1
3178 1 63 1
3179 1 63 1
3180 0 -64 0
3181 1 63 1
3182 0 -64 0
3183 1 63 1
3184 0 -64 0
3185 1 63 1
3186 0 -64 0
3187 0 -64 0
3188 1 63 1
3189 0 -64 0
3190 1 63 1
3191 1 63 1
3192 1 63 1
3193 0 -64 0
3194 0 -64 0
3195 1 63 1
3196 0 63 1
3197 0 -64 0
3198 1 63 1
3199 1 63 1
