# idx_orig bit_orig post_llr hard
0 0 -91370.19100926 0
1 0 -94904.66892436 0
2 1 78956.96362357 1
3 1 83781.04419859 1
4 0 -104699.25451858 0
5 0 -108782.34537923 0
6 1 130512.35559229 1
7 1 95632.10345497 1
8 0 -79267.14485683 0
9 1 80080.81686739 1
10 0 -84328.15197201 0
11 1 120641.42937751 1
12 1 104080.77634989 1
13 0 -152658.24677916 0
14 0 -106193.78180119 0
15 0 -103704.19742459 0
16 0 -111030.12580046 0
17 1 75687.80331188 1
18 0 -72336.32952064 0
19 0 -102183.45254417 0
20 0 -127938.17305351 0
21 0 -101747.47446836 0
22 0 -94919.02204045 0
23 0 -116028.46569507 0
24 0 -82530.64339999 0
25 1 133843.83834172 1
26 1 96456.33728216 1
27 0 -107193.15291654 0
28 0 -80233.12325216 0
29 0 -82108.18461808 0
30 0 -82448.24649532 0
31 1 90650.19044058 1
32 0 -111356.27139967 0
33 1 110405.17005397 1
34 0 -115816.65254356 0
35 1 93704.77256758 1
36 1 110330.87787642 1
37 0 -87348.71573112 0
38 0 -78434.76403456 0
39 1 99652.81486743 1
40 1 97390.94771497 1
41 0 -112792.55202393 0
42 0 -95560.12896499 0
43 1 102950.71665165 1
44 1 116227.15206394 1
45 1 94991.22919697 1
46 1 108571.42553721 1
47 1 92164.43131597 1
48 1 96762.03239588 1
49 0 -89131.70640856 0
50 0 -93909.56723744 0
51 0 -121106.03408030 0
52 0 -98140.83387218 0
53 0 -119271.40491028 0
54 0 -118466.57939147 0
55 0 -112712.71825543 0
56 0 -84881.05704025 0
57 1 93736.47535467 1
58 1 110537.36158356 1
59 1 72184.01714000 1
60 1 94458.24353180 1
61 1 110521.41617940 1
62 0 -110454.02576624 0
63 1 90648.27973523 1
64 1 116168.05076853 1
65 1 119286.74105576 1
66 1 75354.74049692 1
67 1 135237.66717148 1
68 0 -106641.10242187 0
69 0 -121042.16110823 0
70 0 -97151.40312726 0
71 0 -115304.23057163 0
72 0 -117703.07824936 0
73 1 59996.25978734 1
74 1 131808.63349615 1
75 1 106993.56148279 1
76 1 108660.51935077 1
77 0 -111570.73066554 0
78 0 -104842.59482170 0
79 1 105129.58866415 1
80 1 80379.23814989 1
81 1 118758.80503017 1
82 1 96313.07155287 1
83 1 113695.79272761 1
84 1 107135.72208743 1
85 0 -97995.76878891 0
86 0 -91752.47879715 0
87 0 -90059.63753661 0
88 1 124139.10200494 1
89 0 -99456.76576726 0
90 0 -102689.09802576 0
91 0 -102638.66524016 0
92 0 -112707.15078583 0
93 0 -89412.90125972 0
94 0 -82868.96270265 0
95 0 -105875.60257770 0
96 1 84006.28901846 1
97 1 105995.33423067 1
98 0 -108528.75919603 0
99 0 -98296.20236780 0
100 1 88083.33403374 1
101 1 68391.30381625 1
102 0 -121496.23803734 0
103 0 -83770.51370541 0
104 1 93908.77182431 1
105 1 87588.39693357 1
106 0 -95477.76500216 0
107 0 -107758.52990288 0
108 0 -74472.47425652 0
109 1 126225.76301094 1
110 1 91018.38643576 1
111 0 -87887.21934490 0
112 0 -104582.23717564 0
113 0 -89585.00350002 0
114 1 107357.34905806 1
115 1 62504.34309294 1
116 0 -122431.09086951 0
117 0 -105934.39729027 0
118 0 -118198.47436635 0
119 0 -93397.33549132 0
120 1 102281.05356269 1
121 1 87032.83525822 1
122 0 -90400.07592742 0
123 1 119325.89410677 1
124 0 -107328.99733645 0
125 1 96577.90452243 1
126 1 99442.88492379 1
127 0 -82192.21908858 0
128 1 94611.27265013 1
129 0 -87851.51397504 0
130 1 117550.35375156 1
131 0 -83728.99641428 0
132 0 -119818.23560147 0
133 0 -100712.86031974 0
134 1 101851.87112890 1
135 1 77865.77236197 1
136 0 -87001.28525875 0
137 0 -116133.39592910 0
138 1 108592.80156769 1
139 0 -109725.52523168 0
140 1 94276.71621579 1
141 0 -83076.04002648 0
142 0 -108938.91452805 0
143 1 83105.75382142 1
144 0 -115644.82079852 0
145 0 -81650.57203810 0
146 0 -109682.81597281 0
147 0 -91505.94589789 0
148 0 -104789.43615008 0
149 0 -106790.69061336 0
150 0 -84053.25214352 0
151 1 98755.93592514 1
152 1 95150.60702769 1
153 1 118481.23842291 1
154 1 102792.57267105 1
155 0 -80539.77985226 0
156 1 102457.23814405 1
157 0 -84450.55398329 0
158 1 117598.58959911 1
159 1 95230.95144917 1
160 0 -115544.95996975 0
161 0 -89958.80260614 0
162 0 -96327.30959417 0
163 1 98502.17567105 1
164 0 -69067.89314498 0
165 1 118597.97237918 1
166 1 96762.07492635 1
167 1 121849.99223191 1
168 0 -98149.61816376 0
169 1 94807.46452916 1
170 1 101616.77154372 1
171 0 -79799.98487826 0
172 1 116005.61122246 1
173 0 -100535.02739340 0
174 0 -123128.02440440 0
175 1 98980.78048196 1
176 1 86110.21092932 1
177 0 -111618.93007811 0
178 0 -85191.75350312 0
179 0 -127167.48392100 0
180 0 -96009.03396896 0
181 1 116578.26629587 1
182 0 -94497.17552147 0
183 0 -84948.12130925 0
184 0 -97774.42855958 0
185 0 -77360.05623982 0
186 0 -129781.69801089 0
187 0 -97423.55175250 0
188 0 -134995.67828127 0
189 1 100186.73396088 1
190 1 103492.51390313 1
191 1 114936.31768356 1
192 0 -62654.42125168 0
193 0 -129935.35075605 0
194 0 -82787.69040548 0
195 1 115138.03426915 1
196 0 -108064.21474173 0
197 1 126485.12007552 1
198 1 107326.05035469 1
199 0 -102622.56855184 0
200 0 -132171.30339957 0
201 1 102443.85171339 1
202 0 -75668.83144802 0
203 0 -88703.07493661 0
204 0 -72463.22929560 0
205 1 101951.27599478 1
206 0 -74160.73177803 0
207 1 129186.76668174 1
208 0 -95219.45493960 0
209 1 130549.02407119 1
210 1 86660.50261705 1
211 0 -88446.03496668 0
212 1 84424.51608076 1
213 1 73456.50294374 1
214 0 -103932.92700728 0
215 1 91381.51015621 1
216 0 -119680.94001642 0
217 0 -86524.61516066 0
218 1 80185.62339368 1
219 0 -102446.05321808 0
220 1 70821.80230867 1
221 0 -114997.16766070 0
222 1 75529.04521849 1
223 1 110308.96644907 1
224 0 -68148.00982145 0
225 1 81725.23666980 1
226 0 -90348.82211002 0
227 1 60719.06014168 1
228 1 95664.10829656 1
229 1 91205.17590559 1
230 1 138752.50800081 1
231 1 80529.71691925 1
232 1 65083.88930171 1
233 1 87906.18408402 1
234 1 48739.84775011 1
235 0 -105026.83709787 0
236 1 80095.87665644 1
237 1 107697.88002796 1
238 0 -70744.17758755 0
239 1 78234.86075473 1
240 1 95930.99311923 1
241 1 75443.98455554 1
242 0 -105663.69715745 0
243 1 91185.44707679 1
244 0 -114342.78800346 0
245 0 -89410.28575176 0
246 1 101660.06357398 1
247 0 -70451.45294242 0
248 1 40733.38673433 1
249 1 92503.20234035 1
250 1 94079.01292361 1
251 1 111062.78552980 1
252 0 -91253.66153025 0
253 0 -88989.65254143 0
254 0 -80409.88428488 0
255 1 76774.35274703 1
256 0 -97955.64343076 0
257 1 47512.85642457 1
258 1 94668.21085310 1
259 1 56441.42375044 1
260 1 59162.00728815 1
261 1 82342.91583701 1
262 1 58210.63922715 1
263 0 -103284.82100334 0
264 0 -84303.19911408 0
265 1 109556.52133848 1
266 1 88451.04919992 1
267 1 82584.26104772 1
268 0 -74961.51067986 0
269 0 -60623.57398640 0
270 0 -111215.76092407 0
271 0 -98962.94891079 0
272 1 122732.52499934 1
273 0 -90585.42915643 0
274 1 102064.15203628 1
275 0 -98243.75469297 0
276 1 58454.14899919 1
277 1 107768.14422692 1
278 0 -81281.75786041 0
279 0 -104132.64866772 0
280 1 69768.28332279 1
281 1 97122.72244619 1
282 1 98767.11273057 1
283 0 -61399.63423040 0
284 0 -110435.77107534 0
285 1 77133.80390143 1
286 0 -98966.16486382 0
287 0 -75459.61862898 0
288 0 -92217.34407415 0
289 0 -82299.74849385 0
290 0 -40733.38673433 0
291 1 125852.55272496 1
292 0 -87229.72957523 0
293 1 116281.36845771 1
294 0 -97211.06895016 0
295 1 112659.94531680 1
296 1 77302.43935771 1
297 0 -89057.59958027 0
298 0 -117031.48209733 0
299 1 91655.71120785 1
300 1 114019.66919155 1
301 0 -103481.67564109 0
302 0 -103737.99273142 0
303 0 -78549.61119274 0
304 1 91450.08148366 1
305 0 -127238.25462624 0
306 0 -82015.39938710 0
307 0 -120035.13358734 0
308 0 -92987.67289799 0
309 1 101040.06947696 1
310 0 -86872.63668544 0
311 0 -82943.30885029 0
312 0 -117420.62576195 0
313 1 69771.43739346 1
314 0 -124556.32753618 0
315 1 108538.31161594 1
316 1 91644.52232816 1
317 0 -102783.84213848 0
318 1 89435.59429595 1
319 0 -113244.38319071 0
320 1 74982.93896355 1
321 1 127137.89847295 1
322 0 -94759.75064147 0
323 0 -86974.93427805 0
324 0 -101749.60910626 0
325 1 81802.41393443 1
326 0 -98669.25830742 0
327 1 85241.88460818 1
328 0 -119484.20845904 0
329 0 -96711.31321983 0
330 0 -92587.36675632 0
331 1 98405.32804560 1
332 0 -89436.77714546 0
333 0 -94383.07271509 0
334 0 -97186.90890306 0
335 0 -107910.44634879 0
336 0 -97609.39105902 0
337 0 -103911.69310945 0
338 0 -99092.29942102 0
339 1 94593.05054009 1
340 1 113470.36550085 1
341 0 -72998.94869590 0
342 1 115350.29749971 1
343 1 98855.86310004 1
344 1 104755.07288844 1
345 0 -80787.40942964 0
346 0 -80218.34523559 0
347 1 120149.25785694 1
348 0 -90492.20220624 0
349 0 -116734.81860338 0
350 0 -90435.93447173 0
351 1 50026.64156169 1
352 1 106143.95873769 1
353 0 -74954.05377417 0
354 0 -115623.22625802 0
355 0 -86320.29360862 0
356 1 114438.89143663 1
357 1 96722.05811369 1
358 0 -100063.21190371 0
359 0 -103325.53604975 0
360 0 -74791.22516812 0
361 1 102371.29900688 1
362 0 -97375.10678806 0
363 0 -127436.33414105 0
364 0 -85625.37975066 0
365 1 94694.04714845 1
366 0 -109381.96348288 0
367 1 78524.29304047 1
368 1 109684.12002617 1
369 1 89905.93742445 1
370 0 -125025.91134867 0
371 1 81527.60181309 1
372 1 118156.50570560 1
373 1 103613.83172132 1
374 1 87596.13950808 1
375 0 -95981.07712180 0
376 0 -98717.41509971 0
377 1 128178.59186566 1
378 1 97891.48913040 1
379 1 96891.27568450 1
380 1 106069.63674497 1
381 1 73690.90078378 1
382 1 114594.20796956 1
383 0 -95404.73313473 0
384 0 -132892.61426312 0
385 1 89743.91995765 1
386 0 -103653.03196293 0
387 0 -106622.58471808 0
388 0 -83497.40830507 0
389 0 -103312.76631423 0
390 1 85918.95485412 1
391 1 112120.06051553 1
392 0 -96484.88299250 0
393 0 -90833.89377162 0
394 0 -86774.88405047 0
395 0 -73535.40785329 0
396 0 -100534.90600605 0
397 0 -83770.00471674 0
398 0 -119939.24967767 0
399 0 -91802.94995655 0
400 0 -84500.74547818 0
401 1 91031.65743612 1
402 0 -75503.60753891 0
403 1 79623.35643096 1
404 1 89035.98149356 1
405 0 -105092.90372539 0
406 0 -91485.36835142 0
407 0 -83233.77627900 0
408 0 -96671.91071837 0
409 0 -80799.22994801 0
410 1 105071.95019131 1
411 1 79383.75120010 1
412 0 -101697.47976494 0
413 1 88344.53517721 1
414 1 69548.81545348 1
415 0 -91650.11309505 0
416 1 81113.40775168 1
417 0 -102890.03749888 0
418 1 103797.31854280 1
419 1 117161.52125042 1
420 0 -104589.55423325 0
421 1 99555.03313856 1
422 0 -88173.57620685 0
423 1 86950.61196202 1
424 1 89368.84435001 1
425 1 87163.23460209 1
426 1 127921.41475989 1
427 1 94113.98463827 1
428 0 -98754.26597682 0
429 1 114122.64659441 1
430 0 -72471.11427380 0
431 0 -104584.53921687 0
432 0 -89649.81107338 0
433 1 121978.62412960 1
434 1 70514.43294938 1
435 1 95913.53466680 1
436 0 -107681.18858873 0
437 0 -71554.68578294 0
438 0 -107487.98076249 0
439 0 -102283.57537912 0
440 0 -122131.68159173 0
441 0 -92637.96095472 0
442 1 81822.71752720 1
443 0 -115187.97518397 0
444 0 -73886.51480037 0
445 0 -116991.75975311 0
446 0 -93428.50782174 0
447 1 117321.62716367 1
448 0 -94043.13534519 0
449 1 84883.11110247 1
450 1 113466.60872053 1
451 1 86134.39071153 1
452 1 97033.19263113 1
453 1 100110.28738619 1
454 1 109729.12429108 1
455 0 -106442.61593418 0
456 0 -81943.84900125 0
457 1 115463.15480266 1
458 1 93215.92189277 1
459 0 -115063.82098744 0
460 1 131488.94876228 1
461 1 123378.87084385 1
462 1 86720.12592776 1
463 1 101115.15652496 1
464 1 94648.42083601 1
465 1 90769.58591409 1
466 1 102767.18809402 1
467 0 -81783.95492513 0
468 1 98657.78968628 1
469 0 -84253.14099694 0
470 1 92092.19366400 1
471 0 -107076.20262705 0
472 1 85459.36633081 1
473 1 123453.41774508 1
474 1 94646.89074395 1
475 1 119106.77630142 1
476 0 -102737.97058288 0
477 1 74473.70470890 1
478 0 -113909.18431850 0
479 1 75912.41735864 1
480 1 112902.69692216 1
481 0 -92649.33015468 0
482 1 113617.40424194 1
483 0 -109144.01566987 0
484 0 -98908.37229416 0
485 0 -121110.68676578 0
486 0 -78354.02206324 0
487 0 -89197.58202033 0
488 0 -87525.97468279 0
489 1 96277.44884794 1
490 1 103495.36515039 1
491 0 -99125.96289475 0
492 0 -99764.25054514 0
493 1 89397.81884870 1
494 0 -106136.27623929 0
495 0 -99284.14355965 0
496 0 -114538.33630888 0
497 0 -80486.68456372 0
498 0 -80968.25180754 0
499 1 89160.60980415 1
500 0 -78908.91700581 0
501 0 -112537.13983194 0
502 1 85239.94650416 1
503 0 -119520.65755795 0
504 0 -99585.71062195 0
505 0 -97503.78753381 0
506 0 -89966.11098558 0
507 1 77623.39276359 1
508 1 98113.16286661 1
509 1 74058.24461017 1
510 0 -104313.04544739 0
511 1 102226.87521943 1
512 1 100015.87294006 1
513 0 -106542.39728510 0
514 0 -97960.09253600 0
515 0 -122701.85378164 0
516 1 63858.49872213 1
517 0 -104107.93448903 0
518 0 -103805.62570988 0
519 0 -85327.33527001 0
520 0 -66256.93656689 0
521 1 94790.34828695 1
522 1 103793.36697642 1
523 0 -77634.11302711 0
524 0 -128050.33689856 0
525 1 108895.94153073 1
526 1 80661.91813748 1
527 1 117273.53337709 1
528 0 -89946.43073003 0
529 1 112600.85188620 1
530 0 -79689.23782888 0
531 1 125388.04951834 1
532 1 106238.92912849 1
533 0 -49919.90064365 0
534 0 -108087.48081377 0
535 1 87840.54079689 1
536 0 -109015.24434420 0
537 1 87574.91061994 1
538 1 116764.52280955 1
539 1 99432.72067807 1
540 0 -87641.58925471 0
541 1 98221.11584311 1
542 1 83765.65322567 1
543 1 108151.28177746 1
544 0 -87912.65282248 0
545 1 99404.18213570 1
546 0 -83427.63655693 0
547 1 98323.37905187 1
548 0 -107433.92409863 0
549 0 -72985.05776560 0
550 1 102030.65789216 1
551 1 83808.78159098 1
552 0 -124767.28160977 0
553 0 -84509.65212011 0
554 1 98221.78876063 1
555 1 94695.95058690 1
556 1 68140.78062538 1
557 0 -126491.08918614 0
558 0 -99377.54520340 0
559 1 122702.91495038 1
560 0 -95207.98005146 0
561 1 97794.12558875 1
562 1 118701.97985128 1
563 1 77389.20351467 1
564 1 129819.45118477 1
565 1 89447.49345596 1
566 1 133794.55963395 1
567 1 112570.56441478 1
568 0 -99057.76195046 0
569 1 114393.45808006 1
570 0 -86138.53910705 0
571 1 113765.06440217 1
572 1 95189.36409427 1
573 1 117164.62301850 1
574 0 -108940.00302218 0
575 0 -79068.58100333 0
576 1 104322.62081898 1
577 0 -83161.04770080 0
578 0 -126758.44900883 0
579 1 87162.24849259 1
580 0 -105381.32073994 0
581 0 -91452.09254342 0
582 0 -101322.64888062 0
583 0 -103899.08598401 0
584 0 -85943.72041837 0
585 1 98634.47992771 1
586 0 -95812.44491239 0
587 1 108083.35937549 1
588 1 103537.15789434 1
589 1 93639.01838396 1
590 0 -96036.37962020 0
591 0 -70354.64654021 0
592 0 -115300.78675683 0
593 0 -90206.51583902 0
594 0 -95311.87475558 0
595 1 84870.88617549 1
596 1 93239.36791742 1
597 1 98090.94090437 1
598 1 91721.75756253 1
599 0 -121208.40543440 0
600 1 103321.78130424 1
601 0 -102577.35545964 0
602 0 -117508.98807601 0
603 0 -102542.16552268 0
604 1 98748.53201196 1
605 0 -78665.51991960 0
606 1 119781.35687157 1
607 0 -96237.03737940 0
608 0 -112375.57865008 0
609 1 104632.19376123 1
610 1 95392.71710138 1
611 1 87256.43756592 1
612 1 92577.58229276 1
613 0 -124307.72682164 0
614 1 100624.32650851 1
615 1 114238.66519034 1
616 1 116911.48215534 1
617 0 -99347.11129193 0
618 0 -102818.56847239 0
619 1 94136.06386156 1
620 0 -125752.06612263 0
621 0 -100323.08754694 0
622 1 128295.28273765 1
623 0 -113931.54988145 0
624 1 78772.53169501 1
625 0 -107752.58724235 0
626 0 -95190.95438833 0
627 1 121601.88551739 1
628 1 94481.28146017 1
629 1 112749.44435084 1
630 0 -107288.60700399 0
631 0 -87945.13928247 0
632 0 -89347.12243802 0
633 1 91168.30177493 1
634 1 115685.81830809 1
635 1 90337.06309445 1
636 1 113496.19604639 1
637 0 -119241.46284889 0
638 0 -96046.62909333 0
639 0 -117036.29232999 0
640 1 96183.31947255 1
641 0 -121318.78742156 0
642 1 88579.66190366 1
643 0 -125244.41024016 0
644 0 -94061.33341575 0
645 1 106087.63398248 1
646 0 -113244.16299555 0
647 1 81757.81186458 1
648 0 -138623.38586231 0
649 0 -94470.51955840 0
650 1 121004.49418170 1
651 1 108582.65019415 1
652 1 83620.40495290 1
653 1 115249.36551864 1
654 0 -57572.41440928 0
655 0 -131689.05133988 0
656 0 -105982.43401632 0
657 0 -130672.30014933 0
658 0 -108963.77664121 0
659 0 -113982.75114982 0
660 1 106885.78223252 1
661 1 92368.84697059 1
662 1 128806.65983694 1
663 1 81664.18115603 1
664 0 -97926.70124975 0
665 0 -110815.66409726 0
666 1 96527.28669534 1
667 0 -111883.05558112 0
668 0 -109693.15081462 0
669 1 138964.72856259 1
670 0 -89105.74473155 0
671 1 116033.97383376 1
672 0 -104943.83483088 0
673 1 101039.23213527 1
674 0 -94183.45200948 0
675 1 82479.67933388 1
676 0 -125278.06440744 0
677 1 97805.32339264 1
678 1 117100.49708196 1
679 0 -130640.85025120 0
680 0 -104346.26289546 0
681 1 118776.68016170 1
682 1 84950.59945674 1
683 0 -134177.16143083 0
684 1 88294.87944405 1
685 0 -129498.14564235 0
686 0 -153521.08264110 0
687 0 -102440.88174366 0
688 1 95655.71720411 1
689 1 90649.43273796 1
690 1 145004.18672114 1
691 1 92239.94200695 1
692 1 104006.86516805 1
693 0 -110246.19497367 0
694 0 -84293.50983549 0
695 1 100549.27874251 1
696 1 91947.46367773 1
697 0 -107973.46573674 0
698 1 73040.51533587 1
699 0 -109945.96092686 0
700 1 107799.61913371 1
701 1 97425.58731843 1
702 0 -102939.56235208 0
703 1 101012.01382470 1
704 1 112498.50073443 1
705 1 96146.18438374 1
706 1 131930.83185373 1
707 0 -97359.69199579 0
708 1 99148.15848463 1
709 0 -73860.05114129 0
710 0 -102097.08804681 0
711 0 -118644.18952311 0
712 0 -92807.69766912 0
713 0 -123171.51494330 0
714 1 106847.33607607 1
715 1 106646.85574341 1
716 1 79171.19625068 1
717 0 -106398.18789810 0
718 0 -100325.97307532 0
719 1 100501.46214179 1
720 0 -110051.07019939 0
721 0 -105820.25609899 0
722 0 -90151.19914365 0
723 1 84718.56170793 1
724 1 91082.94851636 1
725 1 103065.91309062 1
726 0 -87959.40404096 0
727 0 -97363.73867786 0
728 1 92114.39151160 1
729 1 87765.93076820 1
730 0 -91620.84317611 0
731 0 -94197.06808247 0
732 1 98799.12534248 1
733 1 85964.61824685 1
734 1 107740.57940532 1
735 1 99281.74781625 1
736 1 81895.29874377 1
737 0 -85679.94840980 0
738 1 101765.26958517 1
739 0 -95228.11192945 0
740 0 -80727.24971006 0
741 1 105804.31854456 1
742 1 116308.09711274 1
743 1 96992.62887002 1
744 1 104343.70516479 1
745 1 129229.96729529 1
746 0 -93250.31935561 0
747 0 -88969.67106940 0
748 1 121528.74066596 1
749 1 105202.66340345 1
750 1 53885.36923370 1
751 1 115812.75779838 1
752 0 -112463.38145627 0
753 1 108088.22504573 1
754 1 108355.50073933 1
755 0 -138237.42362839 0
756 0 -103042.71686309 0
757 0 -99825.41567055 0
758 1 106625.34582121 1
759 0 -113035.99464760 0
760 1 113480.93758625 1
761 1 109739.24566845 1
762 1 121310.04611766 1
763 1 98874.85605141 1
764 1 106767.15290039 1
765 1 107305.50127154 1
766 1 98382.22824155 1
767 1 124068.10784069 1
768 0 -91038.57077630 0
769 0 -118404.93591260 0
770 1 103492.56811947 1
771 1 120113.93317913 1
772 0 -97353.50269835 0
773 1 94009.98184956 1
774 0 -129377.85466560 0
775 0 -96489.09228425 0
776 1 114143.44800555 1
777 1 116739.94459376 1
778 0 -115498.92939226 0
779 0 -90562.24938881 0
780 1 86623.73596431 1
781 1 124687.79998617 1
782 1 94211.02137921 1
783 0 -109931.85264366 0
784 1 125392.24762680 1
785 1 112798.77643711 1
786 1 88646.55817124 1
787 1 106091.26622356 1
788 1 127449.78241294 1
789 0 -90148.66494656 0
790 0 -113256.42270159 0
791 1 102279.92416622 1
792 0 -110438.16803308 0
793 1 90943.40082845 1
794 1 104253.27064613 1
795 1 117588.12879785 1
796 0 -81367.67002897 0
797 1 116028.10281849 1
798 1 110419.53147631 1
799 0 -110606.91993510 0
800 0 -113907.46610944 0
801 1 68580.34940331 1
802 1 128443.56746741 1
803 1 78600.38013170 1
804 1 113972.85381029 1
805 1 68240.55666436 1
806 0 -100415.33945279 0
807 0 -107916.03260047 0
808 0 -92012.14817137 0
809 1 130790.15460137 1
810 0 -73728.20430476 0
811 1 118875.72939299 1
812 1 108713.98035252 1
813 0 -104163.57442627 0
814 1 109456.72153776 1
815 0 -90902.31581277 0
816 1 120107.69693524 1
817 1 82893.62031612 1
818 1 115082.65434783 1
819 1 111485.31809537 1
820 1 105206.79656669 1
821 1 104222.85645048 1
822 0 -94583.72395520 0
823 1 123484.06420358 1
824 1 114298.92605362 1
825 0 -103625.18225152 0
826 0 -107501.77292330 0
827 1 99173.30675201 1
828 1 107436.55662811 1
829 1 93058.06996887 1
830 1 127058.54377341 1
831 1 70734.80795465 1
832 0 -124826.87463116 0
833 1 104432.67784641 1
834 0 -100623.40326681 0
835 0 -96924.71046443 0
836 0 -97275.57727624 0
837 1 120733.95112524 1
838 0 -83655.91517964 0
839 0 -118165.06295380 0
840 1 106679.50598624 1
841 1 89611.58893059 1
842 0 -106382.91018652 0
843 1 93115.49292296 1
844 1 122837.68874881 1
845 0 -83924.03719176 0
846 1 122827.86174486 1
847 0 -107036.60889812 0
848 1 110849.52112203 1
849 0 -122772.35087702 0
850 0 -110380.75044685 0
851 1 125940.08381769 1
852 1 93192.05183786 1
853 1 123103.52111353 1
854 0 -91705.14184872 0
855 0 -104800.76776621 0
856 0 -113574.36489109 0
857 0 -104801.33954949 0
858 0 -134828.66104537 0
859 0 -93937.17178800 0
860 0 -128077.74094034 0
861 0 -119270.07119596 0
862 1 99030.07783818 1
863 1 121381.98529181 1
864 1 106348.00719649 1
865 1 130801.20728742 1
866 1 99815.06151948 1
867 1 129827.42961826 1
868 0 -123451.53860761 0
869 0 -114718.17663791 0
870 0 -124831.53602121 0
871 1 104329.29262834 1
872 0 -120987.34563075 0
873 1 91338.73767211 1
874 0 -109072.61330608 0
875 1 121738.83069532 1
876 1 118351.81324134 1
877 1 116366.49649221 1
878 1 117609.58985562 1
879 0 -130215.18097714 0
880 0 -96554.39414990 0
881 1 123154.52988311 1
882 1 101563.85024691 1
883 0 -105724.33862609 0
884 0 -83633.27305602 0
885 0 -103650.85228745 0
886 0 -131184.00796886 0
887 0 -102368.08781812 0
888 1 124552.09524060 1
889 1 117477.76737283 1
890 1 108206.54952945 1
891 1 118069.31868477 1
892 1 100167.36561695 1
893 0 -128346.99431901 0
894 0 -81419.23428239 0
895 1 110725.93641211 1
896 1 120920.15276910 1
897 0 -115079.83146376 0
898 0 -114767.60674316 0
899 1 93943.58859503 1
900 1 130447.09701377 1
901 0 -95077.29525424 0
902 1 97627.22358803 1
903 0 -118563.72753079 0
904 0 -96997.68276749 0
905 0 -110908.30413667 0
906 0 -94129.88952544 0
907 0 -106255.39101830 0
908 0 -76962.98936147 0
909 0 -100968.98029758 0
910 1 121424.67770960 1
911 1 108242.56923425 1
912 0 -94338.79564832 0
913 0 -101918.40493033 0
914 0 -103923.50647276 0
915 1 90562.64040298 1
916 0 -147600.15215296 0
917 1 114360.42498232 1
918 0 -97596.91785173 0
919 0 -91758.06388036 0
920 0 -113911.90422247 0
921 0 -118209.42303090 0
922 0 -105109.60983097 0
923 1 119521.48217655 1
924 0 -107417.64212765 0
925 1 115568.51610590 1
926 0 -107431.40076426 0
927 1 83045.13224972 1
928 0 -111540.12672464 0
929 0 -78866.31476343 0
930 1 129011.60943870 1
931 1 123265.44607077 1
932 0 -106462.26259594 0
933 0 -120783.81093666 0
934 1 102847.50102355 1
935 1 122328.50203172 1
936 1 95687.57042549 1
937 0 -106141.54352945 0
938 0 -118887.71586896 0
939 0 -95467.26817419 0
940 1 104514.08680368 1
941 0 -97735.98237913 0
942 1 119367.71000555 1
943 0 -94535.78242234 0
944 0 -112103.31539245 0
945 0 -115162.12382703 0
946 1 83207.09287376 1
947 1 79859.44413882 1
948 1 78127.82402214 1
949 1 104358.26583284 1
950 1 78764.16515572 1
951 0 -114014.67441380 0
952 1 106429.41083959 1
953 1 109628.62610685 1
954 0 -90839.86881203 0
955 0 -93341.97100537 0
956 0 -120726.38826089 0
957 0 -67997.99828720 0
958 0 -102464.74689662 0
959 1 103876.60921910 1
960 1 96850.82984559 1
961 0 -100067.77254144 0
962 1 101506.36559095 1
963 0 -128492.17694132 0
964 1 84532.62659332 1
965 1 120794.43608573 1
966 1 107014.80633988 1
967 1 92340.53395439 1
968 0 -107520.64682767 0
969 0 -87297.72072287 0
970 0 -105439.35681561 0
971 1 82622.74133258 1
972 1 117068.66227097 1
973 0 -114185.51879491 0
974 1 109953.73869694 1
975 0 -120028.63575904 0
976 0 -61795.44474501 0
977 0 -110514.16234390 0
978 0 -75502.71964617 0
979 1 133630.10153697 1
980 1 124257.30402549 1
981 0 -104759.77024942 0
982 1 94299.53496508 1
983 1 75298.77829700 1
984 0 -120431.95610900 0
985 1 88473.72886310 1
986 0 -102607.60809220 0
987 0 -117985.65561209 0
988 1 96669.02403079 1
989 1 104554.05412150 1
990 1 81731.31795467 1
991 0 -114336.19974900 0
992 1 82179.29801656 1
993 0 -121282.98994306 0
994 0 -114841.70223046 0
995 1 93076.96883806 1
996 1 88708.56833255 1
997 0 -94047.20819571 0
998 1 110514.08207801 1
999 1 81054.45421029 1
1000 0 -107236.54243921 0
1001 1 96804.44565804 1
1002 0 -98237.44368063 0
1003 1 90346.01174564 1
1004 0 -101915.60730087 0
1005 1 120187.04584323 1
1006 0 -71619.29107877 0
1007 1 123702.57043085 1
1008 1 123481.08702640 1
1009 0 -99113.91073092 0
1010 1 94022.78901807 1
1011 0 -93123.71949448 0
1012 1 132350.05349390 1
1013 1 77219.95458357 1
1014 1 136388.30015825 1
1015 0 -115738.75388635 0
1016 1 109636.23049793 1
1017 1 112214.97462612 1
1018 1 108173.95167442 1
1019 1 135898.63386903 1
1020 1 95699.68928016 1
1021 1 118140.61133883 1
1022 1 132807.20472910 1
1023 1 101151.33835181 1
1024 0 -111054.23886066 0
1025 1 77768.47521560 1
1026 1 135265.68092188 1
1027 1 87664.06856537 1
1028 0 -114347.01800324 0
1029 0 -126503.49705329 0
1030 1 104851.90798306 1
1031 0 -92433.75143250 0
1032 1 95458.52542822 1
1033 0 -121709.33566894 0
1034 0 -88265.78610365 0
1035 0 -100930.90334335 0
1036 0 -116027.50731859 0
1037 1 97396.44774245 1
1038 0 -105615.46164201 0
1039 0 -93087.42886945 0
1040 1 115769.42231662 1
1041 1 64358.47872088 1
1042 1 116596.68514147 1
1043 1 109749.49711098 1
1044 0 -100880.99652642 0
1045 0 -92631.78150502 0
1046 0 -106437.59508826 0
1047 0 -129607.61000593 0
1048 0 -81764.01983557 0
1049 1 117282.91953919 1
1050 0 -123528.70833445 0
1051 0 -86934.22091050 0
1052 0 -113204.20885094 0
1053 0 -99474.59402836 0
1054 0 -159103.69747512 0
1055 0 -72922.21109631 0
1056 1 128804.61693835 1
1057 0 -119747.72567088 0
1058 1 98981.44813184 1
1059 0 -117073.98023208 0
1060 0 -110028.02938965 0
1061 1 112083.98229312 1
1062 1 94099.19114308 1
1063 0 -125571.57296656 0
1064 1 119302.41301740 1
1065 0 -77205.27097936 0
1066 1 113858.42242575 1
1067 1 107436.21969048 1
1068 1 122220.96484787 1
1069 0 -83063.61033550 0
1070 0 -111966.47669908 0
1071 0 -113410.07232200 0
1072 1 92125.03836252 1
1073 0 -101031.06696525 0
1074 1 101673.08827524 1
1075 1 103298.76329765 1
1076 1 70591.95413996 1
1077 1 121595.07234903 1
1078 0 -98986.89669605 0
1079 0 -87814.27723545 0
1080 1 95225.88455818 1
1081 0 -92117.90070110 0
1082 1 105909.62833707 1
1083 1 81609.91886666 1
1084 1 102536.32197393 1
1085 1 96048.11624314 1
1086 0 -85934.84011080 0
1087 0 -97057.88292646 0
1088 0 -89158.72969428 0
1089 1 105678.99535069 1
1090 0 -67573.21930825 0
1091 1 113886.39682501 1
1092 0 -90786.93494625 0
1093 1 97503.64368312 1
1094 1 99691.46718714 1
1095 0 -103081.62549681 0
1096 0 -122998.72983916 0
1097 1 79670.06577600 1
1098 1 122917.30123478 1
1099 1 115061.67923047 1
1100 1 104076.99727150 1
1101 0 -108322.28780244 0
1102 0 -85498.51407065 0
1103 0 -119279.91789457 0
1104 0 -63973.20647011 0
1105 0 -122365.62955744 0
1106 0 -118720.93887086 0
1107 1 82921.97929844 1
1108 1 120763.49487331 1
1109 1 138575.50708787 1
1110 0 -128726.01451378 0
1111 0 -91200.29069968 0
1112 1 106108.42263981 1
1113 1 117837.11454896 1
1114 1 52916.16014807 1
1115 0 -113616.13751580 0
1116 0 -109601.10524133 0
1117 1 139067.88636203 1
1118 0 -81396.97543508 0
1119 0 -138617.22473067 0
1120 1 114470.74075680 1
1121 0 -104658.63787433 0
1122 0 -104492.00218364 0
1123 0 -110073.32633796 0
1124 1 109565.95835070 1
1125 1 77848.02013219 1
1126 0 -127184.64539416 0
1127 0 -125746.54062673 0
1128 1 111113.77330135 1
1129 0 -115178.19149227 0
1130 0 -99940.12950617 0
1131 0 -113224.03526378 0
1132 1 63155.46160864 1
1133 1 125146.72884824 1
1134 1 102822.99877079 1
1135 1 113637.14938130 1
1136 1 109195.05985841 1
1137 0 -102626.06921510 0
1138 1 113347.75324111 1
1139 0 -77654.62605381 0
1140 0 -124320.19534901 0
1141 1 109908.36817738 1
1142 1 94261.39253896 1
1143 0 -104846.33493891 0
1144 0 -85265.18885028 0
1145 1 119273.40638823 1
1146 1 106201.29965628 1
1147 0 -132400.44588193 0
1148 1 98868.34734521 1
1149 1 101501.02156582 1
1150 1 119330.92330685 1
1151 1 98278.76164027 1
1152 0 -126242.78344515 0
1153 0 -80635.48851117 0
1154 0 -124190.30030860 0
1155 0 -118739.71917025 0
1156 0 -104304.05189422 0
1157 0 -85595.32159688 0
1158 1 78330.70798211 1
1159 0 -105909.66494059 0
1160 0 -72807.96999301 0
1161 0 -119188.37454066 0
1162 1 100512.13900701 1
1163 1 94861.52880290 1
1164 0 -91452.38675960 0
1165 1 88700.58491707 1
1166 1 116468.12575600 1
1167 1 49218.88775568 1
1168 0 -112307.82541243 0
1169 1 80318.52107419 1
1170 0 -101221.83660275 0
1171 1 108601.83000188 1
1172 0 -88113.79392609 0
1173 1 115502.65155034 1
1174 1 69475.21033478 1
1175 0 -122420.88825635 0
1176 1 113613.12212020 1
1177 0 -101532.37036624 0
1178 0 -84540.69560508 0
1179 1 83752.45820090 1
1180 1 118709.44421767 1
1181 0 -73467.39257869 0
1182 1 110056.70775354 1
1183 1 102128.99957242 1
1184 1 105520.92278894 1
1185 0 -107766.84032255 0
1186 0 -74524.50725673 0
1187 1 101845.51510933 1
1188 1 63736.81622066 1
1189 0 -100544.73616508 0
1190 1 103587.79571769 1
1191 0 -106985.16897587 0
1192 1 107903.50265718 1
1193 0 -67648.23780208 0
1194 1 114345.27559837 1
1195 1 75217.62246086 1
1196 1 104413.45580176 1
1197 0 -89163.49777415 0
1198 0 -111791.46541794 0
1199 1 82167.32057802 1
1200 1 69136.84701238 1
1201 1 145966.95836564 1
1202 0 -66797.88569838 0
1203 0 -94186.08982151 0
1204 1 105327.56320058 1
1205 0 -113028.11286081 0
1206 0 -48935.09263452 0
1207 1 62854.79647649 1
1208 0 -102041.53041203 0
1209 0 -40693.43377931 0
1210 0 -105651.33550660 0
1211 0 -106031.45672611 0
1212 0 -75022.72233448 0
1213 1 68855.53891373 1
1214 0 -73351.47161050 0
1215 0 -110805.34323105 0
1216 1 35993.17463111 1
1217 1 106271.24644861 1
1218 1 96235.50991684 1
1219 1 92858.53925743 1
1220 1 88451.19294226 1
1221 0 -89946.47453050 0
1222 0 -101378.51805245 0
1223 1 42885.25739593 1
1224 1 115536.56961495 1
1225 1 109043.37368882 1
1226 1 89612.00435170 1
1227 1 98669.51964754 1
1228 1 98113.22293737 1
1229 0 -104744.13201197 0
1230 1 53818.16870807 1
1231 1 121204.05182367 1
1232 1 110389.92921510 1
1233 1 80253.62515149 1
1234 0 -99313.54531465 0
1235 0 -89755.53913484 0
1236 1 94978.07551302 1
1237 1 62497.74846173 1
1238 0 -123171.37537005 0
1239 1 103317.69244744 1
1240 1 75644.13343960 1
1241 1 89788.55217229 1
1242 0 -95577.99454132 0
1243 1 98481.21582348 1
1244 0 -73504.49543003 0
1245 1 120137.29311524 1
1246 0 -109815.31636298 0
1247 1 100571.12905898 1
1248 0 -112568.68001241 0
1249 0 -87257.75356354 0
1250 0 -114883.33458792 0
1251 0 -66274.94036419 0
1252 1 127095.82803794 1
1253 0 -113929.98507803 0
1254 1 102990.48436893 1
1255 1 84637.98871221 1
1256 0 -84140.86707774 0
1257 0 -119201.45773627 0
1258 0 -53443.10149979 0
1259 1 126548.70927416 1
1260 1 100229.13222048 1
1261 1 70092.58450346 1
1262 0 -98812.05866265 0
1263 1 93394.10776846 1
1264 0 -122777.21083824 0
1265 1 35993.17463111 1
1266 1 104895.01977591 1
1267 0 -109834.51048860 0
1268 1 83771.63574565 1
1269 0 -99963.33514821 0
1270 0 -83238.26822397 0
1271 1 107889.79460464 1
1272 0 -57091.29000599 0
1273 1 99888.32410240 1
1274 0 -92576.78178619 0
1275 1 74791.28678811 1
1276 0 -93721.23215358 0
1277 0 -87127.10770085 0
1278 0 -115437.55526717 0
1279 0 -54501.37668632 0
1280 1 114037.33824380 1
1281 1 83333.22014765 1
1282 1 98841.67288450 1
1283 1 100007.47274524 1
1284 1 126349.54422615 1
1285 1 107351.35230558 1
1286 1 84103.12848289 1
1287 0 -109832.92075702 0
1288 1 103718.78843404 1
1289 1 106972.27367179 1
1290 0 -111441.02471584 0
1291 1 95510.39395034 1
1292 1 139739.91779121 1
1293 1 84910.31071340 1
1294 1 113534.64385674 1
1295 1 95689.63459641 1
1296 0 -95992.13357103 0
1297 1 109558.67707697 1
1298 0 -103146.29682062 0
1299 0 -121474.13522765 0
1300 0 -72726.23166676 0
1301 0 -96646.66329425 0
1302 1 103416.33251836 1
1303 0 -96793.70637070 0
1304 0 -102588.00355882 0
1305 1 79027.05703986 1
1306 1 114388.61369894 1
1307 1 80876.83044756 1
1308 1 102797.05131663 1
1309 1 101032.14842729 1
1310 0 -96923.36158207 0
1311 1 92839.31750279 1
1312 1 81516.84533854 1
1313 1 105124.39559215 1
1314 0 -75106.55440298 0
1315 0 -105607.19649251 0
1316 1 94738.96624134 1
1317 0 -94847.30754944 0
1318 0 -99277.77756261 0
1319 0 -78716.31202969 0
1320 0 -111043.53255852 0
1321 0 -69021.58081372 0
1322 0 -90524.29425634 0
1323 1 92604.80500500 1
1324 0 -82708.49055143 0
1325 1 99060.17318425 1
1326 1 94931.63835484 1
1327 1 116490.20973796 1
1328 0 -82596.41817620 0
1329 0 -112137.19687996 0
1330 0 -104158.12934223 0
1331 0 -101009.82082664 0
1332 0 -97820.99598244 0
1333 1 91184.13479876 1
1334 0 -102248.86861530 0
1335 0 -86848.30558781 0
1336 0 -112664.11666184 0
1337 1 110203.30891963 1
1338 0 -111814.24631517 0
1339 1 114119.19916595 1
1340 0 -96434.58855994 0
1341 1 131035.79941780 1
1342 1 66871.35992138 1
1343 1 120901.95333570 1
1344 0 -58658.34548215 0
1345 1 104398.73868014 1
1346 1 108765.55749357 1
1347 0 -97267.22611390 0
1348 0 -118218.50690853 0
1349 0 -88153.20613387 0
1350 1 114957.62364134 1
1351 1 112883.95668132 1
1352 1 91187.30357666 1
1353 0 -106789.23056901 0
1354 1 77361.74548884 1
1355 1 131198.07644374 1
1356 1 89210.62419252 1
1357 0 -105658.85199353 0
1358 0 -110585.37218190 0
1359 1 94178.72838204 1
1360 1 105188.59553388 1
1361 0 -93526.00121708 0
1362 1 111735.99154763 1
1363 0 -85530.66387355 0
1364 1 100722.60612784 1
1365 0 -114927.45955788 0
1366 1 98596.60696982 1
1367 0 -82600.16909712 0
1368 1 88103.85049166 1
1369 0 -106687.30334302 0
1370 1 84508.97611808 1
1371 0 -112580.99226898 0
1372 0 -91159.87352016 0
1373 1 95336.76044774 1
1374 1 84991.59150549 1
1375 0 -98358.51814730 0
1376 0 -147341.24441642 0
1377 1 70848.86314808 1
1378 0 -101594.72453649 0
1379 0 -88296.69769964 0
1380 1 107959.59738554 1
1381 0 -105280.73326103 0
1382 1 101726.04414657 1
1383 1 167692.45794449 1
1384 1 81268.54831856 1
1385 0 -119922.00703204 0
1386 0 -107385.69293945 0
1387 1 82071.20066341 1
1388 0 -85000.93013706 0
1389 0 -98331.34895065 0
1390 0 -136336.67900347 0
1391 1 91751.27862002 1
1392 1 119661.49142285 1
1393 1 127585.69824075 1
1394 0 -99017.34090530 0
1395 0 -96555.38172287 0
1396 1 108468.83158474 1
1397 0 -118797.41895294 0
1398 1 79276.54272704 1
1399 0 -101789.51784314 0
1400 1 122757.35744710 1
1401 1 101478.57392276 1
1402 1 106337.88616989 1
1403 0 -101943.78089287 0
1404 0 -122129.84625131 0
1405 0 -83425.73572684 0
1406 0 -113049.69174368 0
1407 1 96120.01258057 1
1408 1 86550.28474762 1
1409 1 86001.55078622 1
1410 1 81890.89024830 1
1411 1 126445.88973747 1
1412 1 91915.83059334 1
1413 0 -128676.25419743 0
1414 0 -123909.51474919 0
1415 1 108473.94602326 1
1416 0 -114715.05854201 0
1417 1 86697.03206277 1
1418 0 -119639.32390508 0
1419 0 -73003.28580508 0
1420 1 108623.99821582 1
1421 0 -108103.39339119 0
1422 1 107867.07375025 1
1423 0 -100863.57666840 0
1424 1 111641.91965213 1
1425 0 -123470.91860792 0
1426 0 -64762.32638359 0
1427 1 101114.92070638 1
1428 1 107934.13333811 1
1429 1 91890.17388440 1
1430 0 -85526.01157661 0
1431 1 108130.80661687 1
1432 0 -123449.13536273 0
1433 1 69467.95219543 1
1434 1 114467.57773820 1
1435 1 124840.21838837 1
1436 1 57784.48568592 1
1437 1 102494.79247960 1
1438 1 102569.27621809 1
1439 0 -131428.85797010 0
1440 1 90560.35133764 1
1441 1 119106.96492992 1
1442 1 82033.57626464 1
1443 1 73956.35321090 1
1444 1 108673.33272686 1
1445 1 119156.43085436 1
1446 0 -108939.46381632 0
1447 1 79534.05246199 1
1448 1 110458.03348928 1
1449 0 -119254.25147013 0
1450 1 84846.00649742 1
1451 1 104886.72071672 1
1452 0 -103164.59418373 0
1453 1 119348.71837970 1
1454 1 75624.29883340 1
1455 0 -101888.92900916 0
1456 0 -95992.22305957 0
1457 0 -92961.04861149 0
1458 1 99392.57577180 1
1459 0 -100785.96646210 0
1460 0 -105670.51104794 0
1461 0 -60460.67423562 0
1462 1 109113.88911445 1
1463 0 -97262.28090076 0
1464 0 -100174.53734435 0
1465 1 88140.31530559 1
1466 0 -86255.15351471 0
1467 0 -112001.40221584 0
1468 0 -86274.37938996 0
1469 1 103634.40817580 1
1470 1 122744.53359045 1
1471 0 -76117.37770589 0
1472 0 -87216.02797326 0
1473 1 89882.76944830 1
1474 0 -117086.53655332 0
1475 0 -74847.77731977 0
1476 0 -97403.09572572 0
1477 1 109375.53627461 1
1478 1 78273.54439051 1
1479 1 88139.25564114 1
1480 0 -100263.02387599 0
1481 1 101865.55686343 1
1482 1 88586.15686609 1
1483 1 92487.83392226 1
1484 0 -107842.20099969 0
1485 1 61405.19432925 1
1486 0 -94695.08270194 0
1487 0 -107672.08962124 0
1488 0 -95750.16353382 0
1489 1 88832.72395683 1
1490 1 99382.95219510 1
1491 1 92940.06367573 1
1492 0 -90980.95661507 0
1493 1 97942.41397499 1
1494 1 117037.74391987 1
1495 0 -108040.11457878 0
1496 0 -93804.76255945 0
1497 0 -98135.93503677 0
1498 0 -122523.06612077 0
1499 0 -53175.32005437 0
1500 0 -93190.74478785 0
1501 0 -88544.23479758 0
1502 1 129814.86785372 1
1503 0 -87747.83867910 0
1504 0 -113231.42428974 0
1505 0 -107949.47817480 0
1506 1 86932.42462411 1
1507 1 97273.23630555 1
1508 0 -108019.00861288 0
1509 1 125212.66101681 1
1510 1 94114.44394605 1
1511 0 -97206.76907224 0
1512 1 127727.10175879 1
1513 0 -84898.39842538 0
1514 1 115637.38192896 1
1515 1 91451.31248223 1
1516 1 132794.24608437 1
1517 0 -93012.96689557 0
1518 0 -107680.46151471 0
1519 0 -123693.74655374 0
1520 1 96826.37878111 1
1521 1 93450.65375396 1
1522 1 117806.52188850 1
1523 0 -134146.39129745 0
1524 1 100492.37922610 1
1525 0 -99837.42065549 0
1526 1 119398.05610350 1
1527 0 -109490.57728221 0
1528 1 106155.21132312 1
1529 0 -116228.08384707 0
1530 1 129840.46301502 1
1531 1 100299.47963448 1
1532 1 114520.39429612 1
1533 1 128706.24998898 1
1534 1 99040.33139197 1
1535 1 97355.14230401 1
1536 0 -110714.29895090 0
1537 1 149939.95643468 1
1538 0 -98576.78106820 0
1539 0 -123374.57958539 0
1540 1 118839.54015581 1
1541 1 90830.02176805 1
1542 1 96589.90525104 1
1543 0 -111877.53071125 0
1544 0 -124486.04519089 0
1545 0 -90956.54412629 0
1546 1 111232.28351113 1
1547 0 -120053.31211525 0
1548 1 99574.78036485 1
1549 0 -100618.09726179 0
1550 0 -106019.05021324 0
1551 0 -132232.11238554 0
1552 0 -78872.71991548 0
1553 1 106375.97455063 1
1554 0 -115369.54378078 0
1555 1 101293.21234984 1
1556 1 92717.02163468 1
1557 0 -105736.26448317 0
1558 1 140083.60436396 1
1559 0 -89519.71692079 0
1560 0 -122404.87961929 0
1561 1 117545.68209064 1
1562 1 81331.84371534 1
1563 1 90445.42546082 1
1564 1 87905.92656957 1
1565 0 -127244.69580884 0
1566 1 91007.37216769 1
1567 0 -148664.40015883 0
1568 0 -132678.68518343 0
1569 1 118540.03404985 1
1570 1 95997.36736505 1
1571 0 -106875.61512244 0
1572 0 -108510.18240301 0
1573 1 96667.19969471 1
1574 1 116667.99331785 1
1575 1 114713.41751210 1
1576 1 89684.11392175 1
1577 1 111358.03471708 1
1578 0 -96468.57437070 0
1579 0 -139286.94233485 0
1580 0 -84303.67950967 0
1581 0 -102893.45097801 0
1582 1 101594.87077615 1
1583 0 -95598.00124516 0
1584 0 -67355.44881640 0
1585 0 -90119.54637050 0
1586 1 125526.27311539 1
1587 1 87207.11434748 1
1588 0 -104996.83892147 0
1589 0 -109627.28002609 0
1590 0 -84599.70473010 0
1591 0 -59131.60545477 0
1592 1 85650.35655467 1
1593 0 -121572.90716069 0
1594 1 72770.99887762 1
1595 1 114881.18398284 1
1596 0 -109117.29524513 0
1597 0 -87512.36273782 0
1598 1 85359.38116047 1
1599 1 104119.30710166 1
1600 1 128728.99883321 1
1601 0 -89287.63152652 0
1602 1 104426.72726420 1
1603 0 -113301.33063283 0
1604 1 78973.47439957 1
1605 0 -95770.62669274 0
1606 1 113074.63994816 1
1607 0 -119760.15638183 0
1608 1 76369.35839731 1
1609 0 -105861.13021945 0
1610 1 127631.50103076 1
1611 0 -97715.17608226 0
1612 1 94258.41721970 1
1613 0 -108808.83461007 0
1614 0 -118356.67523259 0
1615 0 -90229.58972590 0
1616 0 -117364.96577836 0
1617 0 -104136.94353466 0
1618 0 -75674.36990206 0
1619 0 -82471.72797459 0
1620 0 -93185.21427502 0
1621 0 -127851.35838732 0
1622 1 86033.69437556 1
1623 0 -120112.56710130 0
1624 1 122512.97237951 1
1625 1 101946.13111235 1
1626 1 100548.17470108 1
1627 0 -62537.64056780 0
1628 1 118233.58981362 1
1629 1 42777.82115808 1
1630 0 -122836.70694242 0
1631 0 -125621.71246864 0
1632 1 98951.41533745 1
1633 0 -94168.48865947 0
1634 1 100848.94008182 1
1635 0 -132747.07951059 0
1636 0 -77211.48308261 0
1637 1 116767.71195498 1
1638 1 116368.91184090 1
1639 1 96998.29585728 1
1640 0 -91351.10701520 0
1641 0 -107014.81305668 0
1642 0 -136878.85634142 0
1643 0 -63467.24826941 0
1644 0 -132882.35088457 0
1645 0 -133691.21970162 0
1646 1 110561.38462212 1
1647 0 -98959.06598961 0
1648 1 106818.31113690 1
1649 0 -118674.69828904 0
1650 1 82736.44223764 1
1651 0 -125195.88963069 0
1652 1 126026.58056878 1
1653 1 96799.42960140 1
1654 0 -115640.35444038 0
1655 1 100342.93509113 1
1656 1 108587.44596735 1
1657 1 88368.46550376 1
1658 0 -117500.07980422 0
1659 0 -111910.56660456 0
1660 1 87495.91538914 1
1661 0 -137362.15111365 0
1662 0 -108372.16142357 0
1663 1 111932.41138141 1
1664 1 94945.84912063 1
1665 0 -135148.23953762 0
1666 0 -131522.05933351 0
1667 1 84501.24998681 1
1668 0 -114750.52048789 0
1669 1 103318.50671279 1
1670 0 -126967.22936757 0
1671 0 -103174.22690930 0
1672 1 111071.12786630 1
1673 1 100519.21545023 1
1674 1 94795.25143611 1
1675 1 114881.00441133 1
1676 1 93198.18634311 1
1677 0 -109001.73163999 0
1678 1 92262.95926782 1
1679 1 102896.52432102 1
1680 0 -103897.62137066 0
1681 1 104580.98453966 1
1682 1 107991.68525526 1
1683 1 94830.42944894 1
1684 1 114199.09395237 1
1685 1 102685.75100356 1
1686 0 -100583.05878633 0
1687 1 115593.68630343 1
1688 0 -101192.24949139 0
1689 0 -97373.04186218 0
1690 1 109931.04066063 1
1691 0 -112538.96582646 0
1692 1 97813.11934584 1
1693 1 96372.62500620 1
1694 0 -123119.61476747 0
1695 1 99860.24404259 1
1696 1 89940.89534033 1
1697 1 122958.10897284 1
1698 0 -120002.15493806 0
1699 0 -94482.22900036 0
1700 0 -112572.34918743 0
1701 0 -114614.21620868 0
1702 0 -101678.20725393 0
1703 1 93145.21746364 1
1704 0 -125000.11388871 0
1705 1 124112.97147451 1
1706 1 96962.66600353 1
1707 0 -120183.19052527 0
1708 0 -113190.51812160 0
1709 1 111653.99323133 1
1710 1 103663.90775439 1
1711 0 -102194.29120727 0
1712 1 117503.51002791 1
1713 1 98024.66790498 1
1714 1 109206.77396545 1
1715 0 -88469.67401229 0
1716 1 97601.97924648 1
1717 0 -108783.66613063 0
1718 1 118317.53869454 1
1719 0 -113505.54083385 0
1720 0 -88719.51465596 0
1721 1 66068.64862954 1
1722 1 114413.49776462 1
1723 1 99278.23295896 1
1724 1 106457.91301426 1
1725 1 111814.25666857 1
1726 1 106142.66281103 1
1727 0 -91788.34306082 0
1728 1 106921.31129561 1
1729 0 -114174.23331280 0
1730 0 -91396.62159249 0
1731 1 99963.29754438 1
1732 1 120270.05981431 1
1733 0 -118617.31651547 0
1734 1 94154.29259135 1
1735 1 101538.17950151 1
1736 0 -120970.13395311 0
1737 1 98097.82522862 1
1738 0 -115429.34983639 0
1739 0 -121549.67382310 0
1740 0 -126254.77008903 0
1741 1 81535.87850117 1
1742 0 -122936.81270189 0
1743 0 -124356.22482631 0
1744 1 118156.94545370 1
1745 0 -100254.26866488 0
1746 1 121489.74945925 1
1747 0 -130633.63830488 0
1748 1 99435.26927577 1
1749 0 -120198.82058616 0
1750 1 129225.40784547 1
1751 0 -97526.52727897 0
1752 1 117401.82236291 1
1753 0 -125992.66428499 0
1754 0 -128617.03209577 0
1755 1 88174.55401243 1
1756 1 113825.42807620 1
1757 0 -130088.59130193 0
1758 1 110343.69242073 1
1759 1 105131.89778996 1
1760 1 108760.74237508 1
1761 1 121511.81977876 1
1762 0 -92361.39631071 0
1763 0 -112283.33074161 0
1764 1 131438.81179098 1
1765 1 103919.19456455 1
1766 0 -114922.52963776 0
1767 1 125867.70376845 1
1768 1 127241.02254404 1
1769 0 -103480.46431965 0
1770 0 -111134.70988464 0
1771 1 120493.90895621 1
1772 0 -102725.84724149 0
1773 1 82798.97127524 1
1774 0 -117267.49104776 0
1775 1 115514.16808061 1
1776 0 -101005.57826509 0
1777 0 -117259.73428331 0
1778 0 -121917.68012620 0
1779 1 98547.94377597 1
1780 1 113088.51063278 1
1781 1 117712.43945784 1
1782 1 106288.80194853 1
1783 0 -98742.07142620 0
1784 1 113286.97901061 1
1785 0 -111850.78730871 0
1786 0 -99152.50262371 0
1787 0 -119114.74135518 0
1788 0 -126006.00067287 0
1789 0 -121843.51699405 0
1790 1 101330.53169723 1
1791 0 -118879.16976003 0
1792 1 104062.11639280 1
1793 1 99784.42699385 1
1794 1 96900.27769774 1
1795 1 119429.07058708 1
1796 0 -119609.89146614 0
1797 1 98909.65148580 1
1798 1 124079.58550584 1
1799 1 128855.85708177 1
1800 1 106908.26187681 1
1801 0 -120041.69733322 0
1802 1 96889.14210239 1
1803 0 -116910.71197820 0
1804 0 -99681.94248558 0
1805 1 114011.22419975 1
1806 1 116425.74231155 1
1807 0 -95072.66532391 0
1808 1 108395.51367257 1
1809 1 112759.73916446 1
1810 0 -102253.14070325 0
1811 0 -91557.04473504 0
1812 1 101444.01456552 1
1813 0 -118270.43231120 0
1814 1 81354.38361987 1
1815 1 122853.18715713 1
1816 1 124300.46895160 1
1817 0 -93550.99478234 0
1818 1 91681.01252408 1
1819 0 -108454.97601666 0
1820 1 125635.34328585 1
1821 1 98544.80069101 1
1822 0 -101821.53344635 0
1823 1 116034.81349008 1
1824 1 92350.06402308 1
1825 1 102374.14608822 1
1826 1 112751.18414656 1
1827 1 119044.55053200 1
1828 0 -81381.92132844 0
1829 1 111244.27260841 1
1830 0 -123484.68832889 0
1831 0 -116982.38244677 0
1832 1 87854.99387690 1
1833 1 109638.09133039 1
1834 1 100206.60618650 1
1835 0 -93498.11862564 0
1836 0 -134403.14473994 0
1837 0 -94998.06194236 0
1838 0 -103761.29615274 0
1839 1 79980.16432293 1
1840 1 121963.21190472 1
1841 0 -121889.00942429 0
1842 0 -93280.40281522 0
1843 0 -146567.56181420 0
1844 0 -102749.30583351 0
1845 0 -116014.34874681 0
1846 0 -88392.58309013 0
1847 1 91064.93007671 1
1848 0 -94045.61542892 0
1849 1 81301.90242399 1
1850 0 -109856.23536808 0
1851 1 101351.35680148 1
1852 0 -108145.99940269 0
1853 0 -104098.66895550 0
1854 0 -99757.75476990 0
1855 0 -113608.33208931 0
1856 0 -103296.92719172 0
1857 0 -89535.64195475 0
1858 0 -97019.88708864 0
1859 0 -97209.44352806 0
1860 1 85947.58071485 1
1861 1 113677.99450982 1
1862 0 -114921.59575159 0
1863 1 92622.15692085 1
1864 0 -91098.13050192 0
1865 1 110680.94654261 1
1866 1 95917.01938538 1
1867 1 66010.10414334 1
1868 0 -93928.22380058 0
1869 1 91988.61113753 1
1870 1 77592.47198203 1
1871 1 98264.27907303 1
1872 1 108597.06021369 1
1873 1 108406.79503401 1
1874 0 -79502.86359059 0
1875 0 -101467.60943967 0
1876 0 -97189.41243655 0
1877 1 76463.21661820 1
1878 1 89892.06153552 1
1879 1 95790.24876623 1
1880 1 104956.33189451 1
1881 0 -93525.21388693 0
1882 1 107203.00098678 1
1883 1 106360.49283195 1
1884 0 -97479.22104197 0
1885 0 -105647.56393498 0
1886 1 95249.56375570 1
1887 0 -104544.05312842 0
1888 0 -92858.93449222 0
1889 1 98393.74400037 1
1890 1 99193.57353524 1
1891 1 104714.45376735 1
1892 0 -106181.11258725 0
1893 1 103247.29421191 1
1894 1 121198.45748185 1
1895 0 -91507.28942688 0
1896 0 -120747.06742063 0
1897 1 123743.76742767 1
1898 0 -89927.89566247 0
1899 1 112076.12213702 1
1900 1 101709.17751511 1
1901 0 -127167.55094765 0
1902 0 -100488.87665480 0
1903 1 80371.66811660 1
1904 1 116024.77637302 1
1905 0 -88447.65340562 0
1906 1 97214.99132421 1
1907 1 105051.49188341 1
1908 0 -126727.74745333 0
1909 1 95676.17728542 1
1910 0 -107147.13456109 0
1911 1 108826.86309509 1
1912 1 91322.27847952 1
1913 1 109019.75927064 1
1914 0 -113312.40588397 0
1915 1 102595.08422107 1
1916 1 84730.10804543 1
1917 1 121098.59427554 1
1918 1 122257.53936514 1
1919 0 -92873.23556328 0
1920 0 -102950.36268991 0
1921 1 101815.64113113 1
1922 0 -117347.88089796 0
1923 0 -85182.19110439 0
1924 0 -128289.05419175 0
1925 0 -108907.97500429 0
1926 0 -75304.63111198 0
1927 1 107177.63859432 1
1928 1 111609.30775594 1
1929 1 118271.81855128 1
1930 1 105447.29803280 1
1931 1 112210.71024947 1
1932 1 114563.81198603 1
1933 0 -81461.79137391 0
1934 0 -107387.35608613 0
1935 1 94812.33123811 1
1936 0 -113638.28773587 0
1937 0 -104893.18288850 0
1938 0 -126278.68289064 0
1939 0 -121436.99521297 0
1940 1 87254.18355570 1
1941 1 88598.76879630 1
1942 1 108855.99183454 1
1943 1 118636.39694255 1
1944 1 100316.84413830 1
1945 1 110009.36921684 1
1946 0 -117531.79435233 0
1947 0 -90095.69964708 0
1948 0 -115248.85767414 0
1949 1 93967.20281571 1
1950 1 111351.69427877 1
1951 0 -77972.33997550 0
1952 0 -117704.06315008 0
1953 0 -114354.70231971 0
1954 0 -86680.56923616 0
1955 0 -90437.45291966 0
1956 0 -94903.31861697 0
1957 0 -85054.15805913 0
1958 1 95225.52075386 1
1959 1 117089.09838949 1
1960 0 -120595.53664069 0
1961 1 68696.97221718 1
1962 0 -111336.27553458 0
1963 1 93750.57598727 1
1964 0 -116346.24243157 0
1965 1 82308.76072451 1
1966 0 -114476.88231805 0
1967 0 -116193.08123980 0
1968 1 87515.91880023 1
1969 1 108382.42885164 1
1970 1 110722.32127551 1
1971 0 -110776.44582411 0
1972 1 105930.23203615 1
1973 0 -125371.81684358 0
1974 1 139146.37075155 1
1975 0 -79982.92051336 0
1976 0 -111706.12226174 0
1977 0 -116802.31283837 0
1978 1 115384.31597467 1
1979 1 94153.45590045 1
1980 1 126846.93822435 1
1981 1 111677.89944203 1
1982 1 104882.28717495 1
1983 0 -111337.24879784 0
1984 0 -120303.84539879 0
1985 1 132620.19875716 1
1986 0 -94823.72302446 0
1987 0 -125952.16059347 0
1988 1 116340.80836298 1
1989 0 -93147.07119871 0
1990 1 76328.22941548 1
1991 1 113224.73677706 1
1992 1 106241.59858711 1
1993 0 -77978.10515202 0
1994 0 -116240.10052975 0
1995 1 114436.43912579 1
1996 0 -81429.67960050 0
1997 0 -100372.18447471 0
1998 0 -116646.29335091 0
1999 0 -121458.46122767 0
2000 1 76492.53062757 1
2001 1 109320.33624907 1
2002 0 -127222.79850295 0
2003 0 -84760.74176684 0
2004 0 -93152.14958397 0
2005 1 113872.15464470 1
2006 0 -126257.84537603 0
2007 0 -91722.61676614 0
2008 1 107429.55085678 1
2009 0 -126921.37832598 0
2010 0 -82854.67956469 0
2011 1 107767.08567443 1
2012 0 -109636.95423296 0
2013 0 -129648.15060629 0
2014 1 90391.77607436 1
2015 1 110377.56565221 1
2016 1 130211.75464342 1
2017 1 87055.06031715 1
2018 0 -111558.77648316 0
2019 1 109198.72380211 1
2020 0 -129560.57929683 0
2021 1 98846.14734114 1
2022 0 -98002.41633021 0
2023 1 125821.88209243 1
2024 1 66073.11834210 1
2025 1 109740.16399335 1
2026 1 112402.28869094 1
2027 0 -151125.67725672 0
2028 0 -98075.78869008 0
2029 1 126573.41492619 1
2030 1 123177.91979990 1
2031 1 66371.46766277 1
2032 0 -88463.11771278 0
2033 1 99302.37197798 1
2034 0 -117190.37202105 0
2035 1 87640.30003762 1
2036 1 112207.36059989 1
2037 1 127306.32073185 1
2038 1 59585.72492811 1
2039 0 -115865.94379518 0
2040 1 99064.93922259 1
2041 0 -113723.20888161 0
2042 1 83711.42108760 1
2043 1 124043.64203320 1
2044 0 -110720.84903661 0
2045 0 -71146.30274427 0
2046 0 -110749.67427473 0
2047 1 120072.72446370 1
2048 1 132571.71365121 1
2049 1 107585.35469897 1
2050 0 -128406.58067625 0
2051 0 -133027.65575973 0
2052 0 -69964.74354953 0
2053 0 -115830.13883994 0
2054 0 -102115.08724031 0
2055 0 -130000.49800213 0
2056 1 99780.80489481 1
2057 0 -125220.79644429 0
2058 0 -110298.05945869 0
2059 0 -85673.75144730 0
2060 1 119291.24850331 1
2061 0 -104472.49473730 0
2062 0 -115818.13745852 0
2063 0 -97678.11192729 0
2064 1 130197.99415347 1
2065 1 117803.76899723 1
2066 0 -94660.49794892 0
2067 0 -112402.96575431 0
2068 1 86348.75270111 1
2069 0 -123026.69233582 0
2070 1 113622.17635219 1
2071 0 -120596.16085289 0
2072 0 -115150.23177048 0
2073 1 84863.27143806 1
2074 1 115921.05585964 1
2075 0 -112871.42299187 0
2076 1 125799.28916693 1
2077 1 87595.93819660 1
2078 0 -100294.42217881 0
2079 1 97712.38596713 1
2080 1 71271.07295682 1
2081 0 -127098.62500962 0
2082 1 110149.03318544 1
2083 1 122789.68269244 1
2084 1 103706.28281612 1
2085 0 -124704.03649474 0
2086 0 -130123.89997200 0
2087 0 -46146.71804095 0
2088 0 -99552.48701391 0
2089 0 -113750.20448439 0
2090 1 119717.85578815 1
2091 0 -97511.42782275 0
2092 0 -109283.62243415 0
2093 0 -105318.95036496 0
2094 1 59816.29445416 1
2095 1 107718.81937510 1
2096 1 94956.96224990 1
2097 0 -111474.47992062 0
2098 0 -83144.29094032 0
2099 1 101494.36635017 1
2100 0 -98600.85512945 0
2101 1 77554.69933668 1
2102 0 -116963.73171240 0
2103 0 -115767.36415271 0
2104 1 128620.03276303 1
2105 1 98508.46398057 1
2106 0 -106457.10879968 0
2107 1 108173.47814817 1
2108 0 -72242.35843424 0
2109 1 107054.84386921 1
2110 1 100413.50002614 1
2111 0 -127078.35237704 0
2112 0 -100602.55551379 0
2113 1 108557.38669360 1
2114 1 122473.19197336 1
2115 1 124007.05121120 1
2116 1 99339.82560740 1
2117 0 -98629.62158592 0
2118 1 118042.38129271 1
2119 0 -85974.52829108 0
2120 0 -94623.48398667 0
2121 1 131702.84764380 1
2122 0 -86322.78866121 0
2123 1 92700.92046265 1
2124 1 102380.55601977 1
2125 0 -129211.99419499 0
2126 0 -92248.40015147 0
2127 1 106563.83511673 1
2128 0 -110553.50972420 0
2129 0 -78623.44214869 0
2130 0 -102163.07912620 0
2131 0 -116666.59047325 0
2132 1 122094.31556203 1
2133 0 -77762.57944098 0
2134 0 -115136.34103268 0
2135 0 -119402.97998124 0
2136 1 68336.92455898 1
2137 0 -107643.85814043 0
2138 1 105827.09470550 1
2139 0 -108588.97842492 0
2140 1 86418.52437104 1
2141 0 -121373.43679027 0
2142 0 -105262.39345592 0
2143 0 -69025.46816469 0
2144 1 118051.19938242 1
2145 1 107704.99306735 1
2146 1 103400.49485862 1
2147 0 -86852.86009491 0
2148 0 -112765.53456881 0
2149 0 -96843.15233501 0
2150 1 75774.78284120 1
2151 0 -112682.42126340 0
2152 1 106948.15356285 1
2153 0 -109986.50767921 0
2154 0 -100083.54699861 0
2155 0 -100957.17199379 0
2156 0 -107488.20285964 0
2157 0 -94074.25744501 0
2158 1 120681.81171728 1
2159 0 -110221.06122372 0
2160 1 122058.18884766 1
2161 0 -95123.40336903 0
2162 0 -120212.46216506 0
2163 0 -95424.78723834 0
2164 0 -85780.85948978 0
2165 1 103068.68566459 1
2166 0 -111260.08246386 0
2167 1 122214.79692991 1
2168 0 -107435.50851352 0
2169 0 -109302.43170381 0
2170 0 -107015.90585978 0
2171 0 -63198.34346516 0
2172 1 110003.17371310 1
2173 1 111885.63863622 1
2174 1 117152.82147323 1
2175 0 -71989.12982488 0
2176 0 -100767.48452885 0
2177 1 112616.59669134 1
2178 0 -85789.46801193 0
2179 1 110023.21545763 1
2180 0 -116321.10303185 0
2181 0 -120605.68378894 0
2182 0 -99498.82510450 0
2183 0 -104522.62563475 0
2184 1 112373.19612856 1
2185 1 76245.22711065 1
2186 1 108359.63433802 1
2187 0 -110080.98961682 0
2188 1 105572.22109630 1
2189 0 -97576.97046101 0
2190 1 99887.34107243 1
2191 0 -101630.84644963 0
2192 0 -67011.32209498 0
2193 1 107805.13604608 1
2194 1 108883.06923288 1
2195 1 95313.65985272 1
2196 0 -96799.52430133 0
2197 1 98495.99125351 1
2198 1 115393.94202519 1
2199 0 -72380.37853250 0
2200 1 109581.38616383 1
2201 1 91321.68789438 1
2202 1 101958.82954514 1
2203 1 103872.60591840 1
2204 1 111107.13639003 1
2205 1 103181.56849444 1
2206 0 -79205.17896313 0
2207 0 -123118.44648943 0
2208 0 -126573.78382197 0
2209 0 -124019.02575258 0
2210 1 98397.44900696 1
2211 1 92152.65062452 1
2212 0 -128048.66151709 0
2213 0 -77488.16594806 0
2214 1 109541.18379485 1
2215 0 -93067.82268544 0
2216 1 107445.21414257 1
2217 1 95888.44265721 1
2218 0 -110279.46675650 0
2219 0 -125886.15546462 0
2220 1 46146.71804095 1
2221 1 106531.27071962 1
2222 1 93955.60572025 1
2223 1 111199.83270429 1
2224 1 106727.49980019 1
2225 1 101042.50724778 1
2226 1 123827.94982317 1
2227 1 92135.51148549 1
2228 0 -118576.92541481 0
2229 1 107081.58583543 1
2230 1 121378.06961979 1
2231 1 98196.62359123 1
2232 0 -112364.16078960 0
2233 1 126033.93742444 1
2234 1 73559.14857085 1
2235 1 99392.07304460 1
2236 0 -106070.07236647 0
2237 0 -118963.90897646 0
2238 1 94111.78568599 1
2239 1 110107.65273429 1
2240 1 125031.28481254 1
2241 0 -78404.32260246 0
2242 0 -93473.38032674 0
2243 1 107718.88999144 1
2244 0 -110515.28261296 0
2245 1 109263.62960199 1
2246 1 110499.02580197 1
2247 0 -135458.12441722 0
2248 1 93808.72736452 1
2249 0 -118092.25198267 0
2250 1 118157.50339093 1
2251 1 141284.13355229 1
2252 0 -84403.56363689 0
2253 1 122399.65362454 1
2254 1 120397.99812437 1
2255 1 102514.34306762 1
2256 1 122490.50755233 1
2257 0 -134307.11807852 0
2258 1 141279.01644758 1
2259 0 -106945.91186903 0
2260 0 -130427.13074536 0
2261 0 -137167.03531127 0
2262 0 -76296.78956857 0
2263 1 119049.46225906 1
2264 1 122718.26023730 1
2265 1 136886.31405596 1
2266 1 113505.45364617 1
2267 0 -126933.11098876 0
2268 0 -120737.06858441 0
2269 1 96719.97445634 1
2270 0 -116331.76182360 0
2271 0 -125293.88484724 0
2272 1 125146.24162715 1
2273 0 -115578.20211772 0
2274 1 111180.85168327 1
2275 1 136467.37829168 1
2276 0 -99703.05852678 0
2277 1 103885.90173855 1
2278 1 113251.39169824 1
2279 0 -121059.62878377 0
2280 1 112109.72591455 1
2281 1 130215.07142058 1
2282 0 -113896.39150696 0
2283 0 -108589.05171295 0
2284 1 99045.68246656 1
2285 1 109652.82884740 1
2286 1 130767.21758820 1
2287 0 -100915.53947239 0
2288 1 104004.06455683 1
2289 1 118287.04467878 1
2290 1 107842.78916248 1
2291 1 110590.42763326 1
2292 1 102705.07629161 1
2293 1 129348.41049015 1
2294 1 109702.04085283 1
2295 0 -119369.34768350 0
2296 0 -135408.79821805 0
2297 1 90937.87825375 1
2298 1 91154.11438228 1
2299 1 102600.43419557 1
2300 0 -138382.84214203 0
2301 1 114994.94799187 1
2302 0 -126399.87642405 0
2303 0 -130733.65379476 0
2304 0 -96440.16059918 0
2305 0 -120609.26179930 0
2306 1 121527.73717589 1
2307 1 108979.68434038 1
2308 0 -82687.06072937 0
2309 1 107239.22225984 1
2310 1 110279.94535584 1
2311 0 -111474.96098827 0
2312 1 108113.36439445 1
2313 1 135868.73419243 1
2314 1 125879.50865577 1
2315 0 -106928.86629965 0
2316 0 -123791.05706946 0
2317 1 107042.34351943 1
2318 1 90904.25756024 1
2319 1 93742.34603310 1
2320 1 125174.11834533 1
2321 1 117910.61153530 1
2322 1 94111.97291777 1
2323 0 -125641.64440028 0
2324 0 -119292.36483950 0
2325 1 94264.18616693 1
2326 1 102526.57485873 1
2327 1 102733.44369229 1
2328 0 -102561.21902429 0
2329 1 77653.45904996 1
2330 0 -112469.03002925 0
2331 1 133616.80108966 1
2332 0 -102925.50880617 0
2333 0 -120808.49520070 0
2334 0 -126010.04224709 0
2335 1 127721.24146810 1
2336 0 -88112.06266053 0
2337 0 -124322.03994157 0
2338 1 124516.49537456 1
2339 0 -88640.77021483 0
2340 1 109781.55748544 1
2341 0 -120142.55866539 0
2342 0 -138983.18558081 0
2343 0 -91635.63979548 0
2344 0 -126728.72527874 0
2345 1 138785.84300747 1
2346 0 -87126.68282840 0
2347 1 103249.73215337 1
2348 0 -116721.92550893 0
2349 0 -118764.13879462 0
2350 1 80636.31961387 1
2351 1 124387.97598954 1
2352 0 -132555.59142856 0
2353 1 79997.76315948 1
2354 0 -104463.75795550 0
2355 0 -120167.77164892 0
2356 0 -140619.70643831 0
2357 1 91185.33275380 1
2358 0 -122106.59382483 0
2359 0 -120092.31287396 0
2360 0 -80382.16986157 0
2361 1 108842.53485052 1
2362 0 -112207.38152382 0
2363 0 -146182.06193433 0
2364 0 -86706.40913952 0
2365 0 -116649.71233985 0
2366 1 105359.33704269 1
2367 0 -84713.83184986 0
2368 1 104231.84212360 1
2369 0 -106855.81363072 0
2370 1 120052.75619492 1
2371 1 76316.41649026 1
2372 1 119128.40307668 1
2373 1 113598.46631404 1
2374 0 -98235.47171968 0
2375 1 86633.88351227 1
2376 0 -105917.96514474 0
2377 1 132280.80722384 1
2378 0 -102260.64136352 0
2379 1 115565.60560306 1
2380 1 117166.67170761 1
2381 0 -75108.59961340 0
2382 1 114280.36627525 1
2383 0 -102095.35778519 0
2384 0 -132136.93945164 0
2385 1 83866.24525946 1
2386 1 125497.00111446 1
2387 0 -139184.85696924 0
2388 1 99897.40437404 1
2389 1 109703.17933489 1
2390 0 -120617.64465070 0
2391 1 119004.91459288 1
2392 0 -107528.53670278 0
2393 1 107281.02082915 1
2394 0 -138236.12629877 0
2395 1 83226.28740580 1
2396 0 -108020.14315956 0
2397 0 -123376.91087932 0
2398 1 133344.03166226 1
2399 0 -105213.85318240 0
2400 0 -111907.08509123 0
2401 0 -114368.77928945 0
2402 0 -99616.48215084 0
2403 0 -113968.60003531 0
2404 0 -124062.95933720 0
2405 1 110875.29680150 1
2406 0 -105961.97655325 0
2407 0 -125961.36842513 0
2408 0 -133991.72884671 0
2409 1 105040.17078199 1
2410 1 122535.30328707 1
2411 0 -98960.18278128 0
2412 1 128692.39060287 1
2413 1 99428.31790237 1
2414 0 -125613.71339070 0
2415 1 119921.70295997 1
2416 0 -97030.19681767 0
2417 1 125480.51551129 1
2418 1 120978.06712125 1
2419 0 -135041.95662304 0
2420 0 -107911.67578611 0
2421 0 -108627.49814894 0
2422 1 117717.37556284 1
2423 0 -95387.87422881 0
2424 1 127351.30810523 1
2425 1 110824.23484356 1
2426 1 132561.75173276 1
2427 1 101677.64519559 1
2428 1 121206.32915084 1
2429 1 127767.08707770 1
2430 1 99317.69221211 1
2431 0 -97092.39892722 0
2432 0 -114492.99058954 0
2433 1 132042.10383275 1
2434 0 -114720.37228558 0
2435 0 -108511.52546488 0
2436 0 -131628.89853883 0
2437 1 95580.78932074 1
2438 1 114152.96263358 1
2439 1 112859.99665760 1
2440 0 -133176.99127424 0
2441 1 109640.61894913 1
2442 1 119846.04780713 1
2443 1 126337.27240454 1
2444 0 -93402.67756641 0
2445 1 109295.11179574 1
2446 1 93971.78814295 1
2447 1 131422.60431479 1
2448 0 -103746.00533259 0
2449 0 -119409.63270092 0
2450 0 -131418.23144991 0
2451 0 -97835.34102763 0
2452 1 91813.01037033 1
2453 1 119906.75541365 1
2454 0 -130815.39538430 0
2455 0 -109264.80228760 0
2456 0 -105611.81863547 0
2457 0 -130921.92335586 0
2458 1 93631.66993775 1
2459 1 112643.27123757 1
2460 0 -119373.40926482 0
2461 1 131072.40346661 1
2462 1 109430.91672284 1
2463 0 -110886.88846749 0
2464 0 -124563.63342074 0
2465 0 -93598.32616995 0
2466 0 -113980.01917519 0
2467 1 118834.61283567 1
2468 1 117656.73374170 1
2469 0 -109578.85843497 0
2470 0 -110512.20665897 0
2471 1 122342.70343221 1
2472 0 -86717.42889967 0
2473 0 -111082.25892879 0
2474 0 -109210.39344751 0
2475 1 127988.08271369 1
2476 0 -116302.40555981 0
2477 0 -107964.55981356 0
2478 1 124900.20803963 1
2479 1 85785.31264059 1
2480 1 105001.50186043 1
2481 1 117834.45570839 1
2482 0 -110294.06728502 0
2483 0 -118946.89382747 0
2484 0 -93470.84586475 0
2485 0 -136944.96840009 0
2486 0 -115185.41799228 0
2487 0 -133707.75226839 0
2488 0 -119695.07606575 0
2489 0 -150352.00261234 0
2490 0 -114537.07196780 0
2491 0 -114691.03645132 0
2492 1 108558.34116679 1
2493 0 -92388.61052804 0
2494 1 112705.78483830 1
2495 0 -104003.84044745 0
2496 0 -127196.98224503 0
2497 1 113344.42096076 1
2498 1 83761.49071258 1
2499 0 -124672.73045953 0
2500 0 -101964.65933436 0
2501 0 -110411.56192429 0
2502 0 -100838.85826493 0
2503 1 128823.03218254 1
2504 0 -90430.14574023 0
2505 0 -78665.40400272 0
2506 1 119143.88567387 1
2507 1 109634.01835019 1
2508 1 109010.75024013 1
2509 1 121018.76194078 1
2510 0 -125499.52524217 0
2511 1 99949.53803345 1
2512 0 -94004.44176119 0
2513 0 -131746.13674173 0
2514 1 95265.39100604 1
2515 0 -110019.72792762 0
2516 1 123033.13805959 1
2517 1 133441.85480170 1
2518 0 -86965.11933366 0
2519 1 120340.27267265 1
2520 1 141590.14400150 1
2521 0 -100679.25533294 0
2522 1 98800.50511401 1
2523 1 113778.78069963 1
2524 1 143760.92713569 1
2525 0 -104398.17893977 0
2526 0 -123084.23233729 0
2527 0 -122785.35964525 0
2528 0 -68187.16491087 0
2529 0 -99866.00900294 0
2530 0 -121301.38286746 0
2531 1 129620.15801976 1
2532 0 -103344.42644352 0
2533 0 -99459.94049014 0
2534 0 -126741.61020848 0
2535 0 -96105.27704168 0
2536 0 -105491.32543656 0
2537 0 -88431.44151901 0
2538 1 109498.57806395 1
2539 0 -76482.06154550 0
2540 0 -91786.15122804 0
2541 1 135923.70855378 1
2542 0 -79524.47399031 0
2543 1 104733.28918319 1
2544 0 -98042.47295832 0
2545 0 -131169.94370944 0
2546 0 -96477.50765982 0
2547 0 -110234.24928496 0
2548 0 -117278.29149721 0
2549 0 -79834.70998932 0
2550 1 104676.90828517 1
2551 1 101632.85539179 1
2552 1 131061.42580495 1
2553 1 90680.06216386 1
2554 1 115155.22011032 1
2555 0 -129580.16419061 0
2556 1 72832.48274582 1
2557 0 -98333.66225593 0
2558 0 -90852.48694509 0
2559 1 120679.14411501 1
2560 0 -83072.54206659 0
2561 1 108231.59741550 1
2562 0 -125525.26437825 0
2563 0 -76917.11105005 0
2564 1 115003.22508472 1
2565 1 114902.61657710 1
2566 0 -119964.28129354 0
2567 0 -84579.55307470 0
2568 1 95761.85768103 1
2569 1 115094.43355061 1
2570 1 84097.06194773 1
2571 1 97061.93499980 1
2572 0 -120772.59781337 0
2573 1 113197.17932256 1
2574 1 112476.85515104 1
2575 1 150154.56933749 1
2576 0 -115483.72351114 0
2577 1 85548.10002732 1
2578 1 113062.63420924 1
2579 1 108109.95474206 1
2580 1 118654.35127396 1
2581 1 117935.60884941 1
2582 0 -131971.85225576 0
2583 1 119470.67972608 1
2584 1 77840.23289871 1
2585 1 127342.38102702 1
2586 0 -116655.44586591 0
2587 0 -131060.81034675 0
2588 0 -100376.19942491 0
2589 1 120448.85654342 1
2590 1 121661.63905420 1
2591 1 105419.16679620 1
2592 1 100917.01268985 1
2593 0 -101352.45582710 0
2594 1 119362.52582884 1
2595 1 104836.59308172 1
2596 1 100235.60928463 1
2597 0 -123187.16977910 0
2598 0 -94065.14013112 0
2599 1 95071.74083301 1
2600 0 -105789.95437582 0
2601 0 -125075.16364506 0
2602 0 -100551.20527308 0
2603 0 -101276.02012563 0
2604 1 131321.54508015 1
2605 1 94035.77163356 1
2606 1 90032.24839922 1
2607 0 -109476.39101121 0
2608 1 120116.09484013 1
2609 1 98842.82449141 1
2610 1 103472.21085589 1
2611 0 -132110.46878978 0
2612 0 -106832.34786772 0
2613 0 -91728.32239020 0
2614 0 -116851.33003587 0
2615 1 122528.55585975 1
2616 1 104892.62262702 1
2617 0 -120877.82085206 0
2618 1 141523.12513750 1
2619 1 96351.35388398 1
2620 0 -102100.78476197 0
2621 1 107819.53342019 1
2622 1 123475.95873925 1
2623 1 87130.42451081 1
2624 1 122563.08024451 1
2625 1 118998.90939006 1
2626 0 -85434.86106813 0
2627 1 108255.93808569 1
2628 1 117448.44277451 1
2629 1 117591.36642719 1
2630 0 -103623.61861133 0
2631 0 -90330.57836555 0
2632 1 123517.77267049 1
2633 1 90535.72409012 1
2634 1 100781.55376658 1
2635 0 -66620.58588931 0
2636 0 -117363.32740333 0
2637 1 108119.75610384 1
2638 0 -112556.89514979 0
2639 0 -133215.50777007 0
2640 0 -90100.14867548 0
2641 1 95961.87041356 1
2642 0 -109058.82499702 0
2643 0 -109280.78826188 0
2644 1 106721.92501741 1
2645 0 -105760.08808508 0
2646 1 126689.18056720 1
2647 1 94053.62509722 1
2648 1 93243.23034073 1
2649 1 108816.66761483 1
2650 0 -119190.36544859 0
2651 1 88654.19151279 1
2652 0 -153483.68984112 0
2653 0 -121875.24938642 0
2654 1 89174.79311226 1
2655 0 -79417.15260762 0
2656 0 -117642.24988687 0
2657 1 116274.26921650 1
2658 1 101616.62866133 1
2659 0 -117548.30405937 0
2660 0 -120357.92138602 0
2661 1 76862.83453878 1
2662 0 -98673.27893985 0
2663 0 -114373.46499983 0
2664 0 -122967.65051597 0
2665 1 95343.54931543 1
2666 0 -122997.83577809 0
2667 0 -124684.69135493 0
2668 1 102709.68270112 1
2669 0 -82571.76618487 0
2670 0 -113766.50981837 0
2671 1 93774.56922725 1
2672 0 -114027.35798054 0
2673 0 -109133.53312657 0
2674 1 110643.70606100 1
2675 0 -82200.32997401 0
2676 0 -62133.16253363 0
2677 0 -106295.33117382 0
2678 0 -100149.00641398 0
2679 0 -105562.08214433 0
2680 1 118964.36995316 1
2681 1 113060.22496297 1
2682 0 -71629.44366624 0
2683 0 -91446.98653924 0
2684 0 -107033.88438996 0
2685 1 106725.50601236 1
2686 1 96459.56413518 1
2687 1 122957.98088394 1
2688 0 -124691.64435955 0
2689 0 -98584.59499088 0
2690 1 90765.78113636 1
2691 0 -108933.77815168 0
2692 1 110322.15079053 1
2693 1 103127.58352185 1
2694 0 -109224.98761815 0
2695 1 123710.21260017 1
2696 1 96952.74361603 1
2697 1 102793.93352336 1
2698 1 149384.23882436 1
2699 1 119414.93592578 1
2700 1 92724.54006521 1
2701 1 112741.61053886 1
2702 1 114314.90999322 1
2703 0 -95413.62227113 0
2704 0 -83359.96942596 0
2705 0 -120601.27287340 0
2706 0 -113718.08423651 0
2707 0 -93677.81371241 0
2708 0 -123440.24886985 0
2709 1 130874.97795242 1
2710 0 -91929.59158158 0
2711 0 -99475.21120173 0
2712 1 86328.13514122 1
2713 0 -116953.92860882 0
2714 1 80939.27312544 1
2715 0 -130076.47564519 0
2716 0 -134475.92559861 0
2717 1 99323.77552564 1
2718 0 -112370.64290404 0
2719 1 120983.55694175 1
2720 1 129232.76554860 1
2721 1 109707.57903803 1
2722 0 -107327.21602978 0
2723 0 -133578.17646452 0
2724 0 -100659.55662739 0
2725 1 103191.97563716 1
2726 0 -113196.82053076 0
2727 1 121297.71282498 1
2728 0 -78653.49515324 0
2729 0 -119354.62011633 0
2730 1 123177.83745532 1
2731 1 104951.32781743 1
2732 0 -80721.86060848 0
2733 1 109025.77271117 1
2734 0 -107886.99021889 0
2735 0 -103552.80313702 0
2736 1 111046.79492975 1
2737 0 -101697.42643205 0
2738 1 90752.63632227 1
2739 1 67650.41562658 1
2740 1 104877.86094670 1
2741 1 114484.20948694 1
2742 1 90864.77259459 1
2743 1 115157.79470141 1
2744 0 -101905.69692757 0
2745 1 96662.73492169 1
2746 1 109663.33450774 1
2747 1 95726.59997450 1
2748 1 97660.07167375 1
2749 0 -88344.82339649 0
2750 1 115642.46989166 1
2751 0 -111637.08212697 0
2752 1 80017.49694340 1
2753 1 82580.17860775 1
2754 1 101474.04382465 1
2755 1 121081.74750227 1
2756 1 105112.83494670 1
2757 0 -93738.17154188 0
2758 0 -81737.90972011 0
2759 1 74442.88323408 1
2760 0 -106482.19666326 0
2761 1 96340.10365934 1
2762 0 -109921.16154157 0
2763 1 105593.13078097 1
2764 0 -104881.39183596 0
2765 0 -113570.90729072 0
2766 0 -89862.70360626 0
2767 1 88623.28303801 1
2768 0 -82265.19484865 0
2769 0 -104274.99299352 0
2770 1 86371.55671538 1
2771 1 117644.72132918 1
2772 0 -114748.64502261 0
2773 0 -100698.06406222 0
2774 0 -114574.98617020 0
2775 0 -114867.31973594 0
2776 0 -120460.74346493 0
2777 0 -73919.72642141 0
2778 1 103893.02731339 1
2779 0 -111485.68183859 0
2780 1 102570.17631443 1
2781 0 -113494.66215477 0
2782 0 -112490.50566666 0
2783 1 131036.58188379 1
2784 1 92884.47910514 1
2785 1 121705.22593413 1
2786 1 116783.44457953 1
2787 1 84018.51920949 1
2788 0 -95404.45467378 0
2789 1 90760.86026143 1
2790 0 -100656.50872038 0
2791 1 96206.23261461 1
2792 0 -115267.53890983 0
2793 1 134833.01258661 1
2794 0 -103063.12798186 0
2795 0 -110520.48287600 0
2796 0 -97478.59817641 0
2797 0 -104308.84204203 0
2798 0 -79864.77767137 0
2799 0 -93803.14354522 0
2800 1 108285.57318491 1
2801 1 92854.64010711 1
2802 1 114462.39563406 1
2803 1 111057.09751310 1
2804 0 -121932.77965264 0
2805 1 102234.32871155 1
2806 0 -92206.06863801 0
2807 1 142274.85895677 1
2808 1 95447.58885699 1
2809 1 123013.47858937 1
2810 0 -98369.99863791 0
2811 0 -133260.84629446 0
2812 0 -102719.55366818 0
2813 0 -92908.24659566 0
2814 1 100958.81439228 1
2815 1 95399.20589102 1
2816 1 109754.20470712 1
2817 0 -112102.99020864 0
2818 0 -124787.39393766 0
2819 1 99326.30340203 1
2820 1 111119.83087268 1
2821 0 -131765.43758892 0
2822 1 92391.30414202 1
2823 1 114639.64947498 1
2824 0 -104784.43338306 0
2825 0 -122311.34197082 0
2826 1 95144.65490101 1
2827 1 113469.73312229 1
2828 0 -123306.97325278 0
2829 0 -89115.51828824 0
2830 1 93310.50789383 1
2831 1 76069.62002160 1
2832 0 -134205.84258413 0
2833 1 93676.19677272 1
2834 0 -120830.56308424 0
2835 1 113705.23290822 1
2836 0 -85743.06920534 0
2837 0 -103351.39174439 0
2838 0 -97310.86664123 0
2839 0 -120368.19028401 0
2840 0 -88099.95355961 0
2841 1 112501.71502905 1
2842 0 -131509.96372656 0
2843 1 83197.83266185 1
2844 1 104670.25432396 1
2845 0 -81342.36260901 0
2846 0 -121858.05283732 0
2847 0 -99671.16872205 0
2848 0 -122313.31217043 0
2849 0 -136406.30316762 0
2850 1 101331.94530954 1
2851 1 93852.77072280 1
2852 1 110158.94305135 1
2853 1 114431.97470147 1
2854 1 108042.44658299 1
2855 1 103470.27022951 1
2856 0 -125517.82530976 0
2857 0 -101108.35302466 0
2858 0 -116817.86489874 0
2859 1 114230.15020163 1
2860 1 125054.41843798 1
2861 0 -90721.64262574 0
2862 0 -121383.54734048 0
2863 0 -124957.22864938 0
2864 0 -97769.16919710 0
2865 1 101053.19143530 1
2866 0 -112425.89164113 0
2867 1 127975.58103194 1
2868 0 -107616.70364965 0
2869 0 -102616.95798674 0
2870 1 121976.98386828 1
2871 1 79555.73534121 1
2872 1 118553.58609145 1
2873 0 -108107.73135714 0
2874 0 -138571.69884070 0
2875 0 -93700.04516406 0
2876 0 -121008.42308693 0
2877 1 123538.34844629 1
2878 0 -98692.60731681 0
2879 0 -119910.50206242 0
2880 1 123531.09185343 1
2881 0 -130347.80958928 0
2882 0 -146607.10506040 0
2883 0 -119141.75464816 0
2884 0 -139515.72479822 0
2885 1 87464.96808030 1
2886 0 -125804.57943939 0
2887 0 -119319.04778940 0
2888 1 156225.20501521 1
2889 1 115332.22714785 1
2890 1 125757.31905595 1
2891 1 112360.90381101 1
2892 0 -91852.68340790 0
2893 1 118497.29547937 1
2894 0 -123601.24866386 0
2895 1 130044.76584332 1
2896 0 -103420.01431404 0
2897 0 -125921.77090160 0
2898 0 -119701.73928733 0
2899 0 -90390.40864727 0
2900 1 122045.16128981 1
2901 1 112922.32478803 1
2902 0 -143338.45770167 0
2903 1 105299.15660324 1
2904 0 -110600.77806436 0
2905 0 -109801.90162868 0
2906 1 54823.53359572 1
2907 0 -110446.01519112 0
2908 1 101638.93316262 1
2909 1 140315.93934835 1
2910 1 109972.42741069 1
2911 1 112806.32024694 1
2912 1 90869.64261289 1
2913 1 86305.23544420 1
2914 0 -107012.01743758 0
2915 1 106798.90634898 1
2916 1 132172.99572566 1
2917 0 -107673.44205971 0
2918 0 -106122.84764907 0
2919 1 120106.49305919 1
2920 1 83369.43597093 1
2921 0 -110292.63595410 0
2922 1 105223.86377600 1
2923 1 129178.43661482 1
2924 1 93674.98036639 1
2925 0 -109486.43840270 0
2926 1 127000.39444605 1
2927 1 86640.33129879 1
2928 0 -143995.79686157 0
2929 1 111622.83819007 1
2930 1 131583.11969000 1
2931 1 110846.01547245 1
2932 0 -91374.26225831 0
2933 1 123467.83244190 1
2934 1 80720.82750334 1
2935 0 -126170.11627769 0
2936 0 -111784.10708863 0
2937 0 -123405.79522215 0
2938 0 -115148.94629407 0
2939 0 -130293.67263433 0
2940 1 136547.36632424 1
2941 0 -98886.51640991 0
2942 0 -79180.50463868 0
2943 1 113424.02967316 1
2944 0 -118410.32128001 0
2945 1 113450.32090969 1
2946 0 -100611.65821102 0
2947 0 -131509.13141360 0
2948 1 99886.54765486 1
2949 1 126268.56873477 1
2950 0 -114182.66513522 0
2951 0 -136606.66342621 0
2952 1 91796.74359180 1
2953 0 -110579.02196594 0
2954 0 -108905.64894459 0
2955 1 88853.03789802 1
2956 0 -106852.69041653 0
2957 1 114968.66531832 1
2958 0 -110035.93907531 0
2959 0 -117361.52577446 0
2960 1 109579.65740654 1
2961 1 92258.35101108 1
2962 1 79149.67781547 1
2963 1 103341.04204784 1
2964 0 -93738.98180488 0
2965 1 129288.87266028 1
2966 1 119513.63224309 1
2967 1 108039.30622886 1
2968 1 119774.88299002 1
2969 0 -97310.67679577 0
2970 0 -90540.27263065 0
2971 1 106942.93065760 1
2972 1 113576.49693401 1
2973 1 103583.42642772 1
2974 0 -82628.80095343 0
2975 0 -108543.47194145 0
2976 0 -88942.41726298 0
2977 0 -90204.08109358 0
2978 1 84731.23317009 1
2979 1 118559.54009464 1
2980 1 99938.64970990 1
2981 0 -93289.87945166 0
2982 1 110034.64734529 1
2983 0 -93810.97121130 0
2984 1 101292.87369738 1
2985 0 -99987.12865950 0
2986 0 -137163.22220894 0
2987 0 -94276.07289549 0
2988 1 66093.80665860 1
2989 0 -105815.08676665 0
2990 0 -102667.25997651 0
2991 0 -121600.97924481 0
2992 0 -109453.56969899 0
2993 1 130267.19034608 1
2994 1 99459.62870592 1
2995 1 112131.83504939 1
2996 0 -123323.69311270 0
2997 0 -69202.02875153 0
2998 0 -87782.19963579 0
2999 0 -71923.08925145 0
3000 1 122187.62771328 1
3001 0 -115450.69719652 0
3002 1 107743.81448373 1
3003 1 123231.44964070 1
3004 0 -99765.05071294 0
3005 1 111852.74054302 1
3006 1 114517.88558894 1
3007 0 -143540.97768581 0
3008 0 -103872.97451770 0
3009 1 106878.82476683 1
3010 0 -130080.36569852 0
3011 0 -98809.38408463 0
3012 1 114212.74486255 1
3013 0 -95878.34307741 0
3014 1 147529.47274608 1
3015 0 -110206.04276226 0
3016 0 -100192.49547098 0
3017 1 111319.59995978 1
3018 0 -87720.77074742 0
3019 1 98868.68000270 1
3020 1 104077.13969294 1
3021 0 -141531.05519077 0
3022 0 -107280.08443303 0
3023 0 -102249.70354137 0
3024 1 130774.18770901 1
3025 0 -92245.01689224 0
3026 0 -85136.90377712 0
3027 1 102226.90674067 1
3028 1 127821.31084203 1
3029 1 88836.69200875 1
3030 1 75555.16549831 1
3031 0 -149777.99653192 0
3032 0 -88414.09598349 0
3033 1 84987.19686505 1
3034 0 -116565.78050805 0
3035 1 154363.11673722 1
3036 1 85886.05356299 1
3037 1 88725.53212633 1
3038 1 128155.03631727 1
3039 1 93441.62048693 1
3040 1 82764.00560157 1
3041 0 -133019.43364886 0
3042 0 -142769.62464067 0
3043 0 -96227.62856324 0
3044 1 118252.50911715 1
3045 1 141561.12046045 1
3046 1 89103.55830516 1
3047 0 -108356.04268416 0
3048 1 119334.55638591 1
3049 0 -142712.58909026 0
3050 1 96356.57607151 1
3051 1 121263.09980977 1
3052 0 -123586.86265162 0
3053 1 82985.74446686 1
3054 1 113979.45149358 1
3055 1 123915.00229773 1
3056 1 116728.40344186 1
3057 0 -98498.38633330 0
3058 1 111943.79435695 1
3059 0 -117222.96147454 0
3060 0 -92471.12391744 0
3061 0 -118728.82071923 0
3062 0 -126227.31980300 0
3063 1 116111.56848570 1
3064 1 118325.08977451 1
3065 1 122553.92748898 1
3066 1 114776.69406310 1
3067 0 -105747.81623186 0
3068 0 -124273.13998611 0
3069 0 -127871.79644977 0
3070 1 122888.90856803 1
3071 1 103915.61262359 1
3072 1 127378.52445391 1
3073 1 110144.16004609 1
3074 1 111693.95732575 1
3075 1 109986.68268080 1
3076 1 123624.78937648 1
3077 0 -137904.05873124 0
3078 1 106445.57087477 1
3079 1 120529.77272620 1
3080 0 -125529.20200244 0
3081 1 102412.82138008 1
3082 1 122943.07702034 1
3083 0 -127500.81097097 0
3084 1 141306.65264110 1
3085 1 97030.39552032 1
3086 1 115707.62344653 1
3087 0 -117948.69951195 0
3088 0 -118049.37566917 0
3089 0 -117858.73169162 0
3090 1 114948.97407215 1
3091 0 -93975.17484376 0
3092 1 110407.99705057 1
3093 1 109996.59532440 1
3094 0 -114241.61122999 0
3095 1 111102.77132886 1
3096 1 116660.73192439 1
3097 1 127397.38387435 1
3098 0 -137051.06608442 0
3099 0 -115416.33601906 0
3100 1 109977.13562856 1
3101 1 114109.59033345 1
3102 0 -117511.89818237 0
3103 0 -115695.59896414 0
3104 1 120130.50881316 1
3105 0 -131074.30643430 0
3106 0 -115638.94062335 0
3107 1 115028.19069383 1
3108 0 -126781.46461131 0
3109 0 -119741.94881076 0
3110 0 -122235.56693036 0
3111 0 -109998.54970282 0
3112 1 175034.64989947 1
3113 0 -105100.73373323 0
3114 0 -126777.63425949 0
3115 1 99928.83828636 1
3116 0 -112574.93417464 0
3117 1 120855.38330893 1
3118 0 -110946.17814673 0
3119 0 -142491.43144171 0
3120 0 -103819.24476134 0
3121 1 99952.86650334 1
3122 0 -115059.10225044 0
3123 0 -112659.85084993 0
3124 1 130205.74292935 1
3125 0 -95336.20022665 0
3126 0 -136826.68752933 0
3127 1 107090.73690547 1
3128 0 -114475.40128983 0
3129 1 116595.90784559 1
3130 0 -110025.93978635 0
3131 1 111691.68908780 1
3132 0 -108740.36529565 0
3133 1 138664.99800194 1
3134 1 95710.14555292 1
3135 1 103855.81416013 1
3136 0 -119558.51037310 0
3137 0 -105497.41070272 0
3138 0 -115373.33476408 0
3139 1 110488.52280064 1
3140 0 -129990.21133148 0
3141 1 99444.07328897 1
3142 0 -104733.35052704 0
3143 1 103816.79822965 1
3144 1 93554.20117190 1
3145 0 -107514.04281543 0
3146 1 96657.99122368 1
3147 0 -132950.14071958 0
3148 1 97104.01256094 1
3149 1 100935.67657683 1
3150 0 -109357.33679628 0
3151 0 -88976.97642024 0
3152 1 101557.94677820 1
3153 1 96296.59589319 1
3154 0 -113902.55155615 0
3155 0 -87839.08193120 0
3156 0 -104274.73758928 0
3157 1 113264.45223257 1
3158 0 -126910.04234341 0
3159 1 116826.23246022 1
3160 0 -112053.53746061 0
3161 0 -126884.90826380 0
3162 1 88598.11894598 1
3163 0 -111690.19210634 0
3164 0 -102750.05262506 0
3165 0 -108149.08979092 0
3166 1 107322.49213348 1
3167 0 -115034.21426450 0
3168 0 -123187.95940014 0
3169 1 109122.67087636 1
3170 0 -115584.32821792 0
3171 1 120550.27585868 1
3172 1 57737.20971286 1
3173 0 -124349.91857680 0
3174 1 88994.58598554 1
3175 0 -125466.59482570 0
3176 0 -103201.95323006 0
3177 0 -113433.84692023 0
3178 0 -129963.27126193 0
3179 1 105006.49141236 1
3180 1 113928.07246332 1
3181 0 -103000.56194958 0
3182 1 112513.04764058 1
3183 1 109200.10914034 1
3184 0 -105233.88956883 0
3185 1 123321.83287149 1
3186 1 104911.71525866 1
3187 0 -109156.73727197 0
3188 1 97728.09804539 1
3189 1 121363.67235027 1
3190 1 95951.05330280 1
3191 0 -121895.55276768 0
3192 1 111190.62278435 1
3193 0 -106312.31465969 0
3194 0 -99332.97684891 0
3195 1 110855.03798784 1
3196 0 -125225.23541431 0
3197 0 75693.19031122 1
3198 1 115381.29022447 1
3199 0 -122105.77397087 0
