# idx_orig bit_orig post_llr_q hard
0 0 -64 0
1 0 -64 0
2 1 63 1
3 1 63 1
4 0 -64 0
5 0 -64 0
6 1 63 1
7 1 63 1
8 0 -64 0
9 1 63 1
10 0 -64 0
11 1 63 1
12 1 63 1
13 0 -64 0
14 0 -64 0
15 0 -64 0
16 0 -64 0
17 1 63 1
18 0 -64 0
19 0 -64 0
20 0 -64 0
21 0 -64 0
22 0 -64 0
23 0 -64 0
24 0 -64 0
25 1 63 1
26 1 63 1
27 0 -64 0
28 0 -64 0
29 0 -64 0
30 0 -64 0
31 1 63 1
32 0 -64 0
33 1 63 1
34 0 -64 0
35 1 63 1
36 1 63 1
37 0 -64 0
38 0 -64 0
39 1 63 1
40 1 63 1
41 0 -64 0
42 0 -64 0
43 1 63 1
44 1 63 1
45 1 63 1
46 1 63 1
47 1 63 1
48 1 63 1
49 0 -64 0
50 0 -64 0
51 0 -64 0
52 0 -64 0
53 0 -64 0
54 0 -64 0
55 0 -64 0
56 0 -64 0
57 1 63 1
58 1 63 1
59 1 63 1
60 1 63 1
61 1 63 1
62 0 -64 0
63 1 63 1
64 1 63 1
65 1 63 1
66 1 63 1
67 1 63 1
68 0 -64 0
69 0 -64 0
70 0 -64 0
71 0 -64 0
72 0 -64 0
73 1 63 1
74 1 63 1
75 1 63 1
76 1 63 1
77 0 -64 0
78 0 -64 0
79 1 63 1
80 1 63 1
81 1 63 1
82 1 63 1
83 1 63 1
84 1 63 1
85 0 -64 0
86 0 -64 0
87 0 -64 0
88 1 63 1
89 0 -64 0
90 0 -64 0
91 0 -64 0
92 0 -64 0
93 0 -64 0
94 0 -64 0
95 0 -64 0
96 1 63 1
97 1 63 1
98 0 -64 0
99 0 -64 0
100 1 63 1
101 1 63 1
102 0 -64 0
103 0 -64 0
104 1 63 1
105 1 63 1
106 0 -64 0
107 0 -64 0
108 0 -64 0
109 1 63 1
110 1 63 1
111 0 -64 0
112 0 -64 0
113 0 -64 0
114 1 63 1
115 1 63 1
116 0 -64 0
117 0 -64 0
118 0 -64 0
119 0 -64 0
120 1 63 1
121 1 63 1
122 0 -64 0
123 1 63 1
124 0 -64 0
125 1 63 1
126 1 63 1
127 0 -64 0
128 1 63 1
129 0 -64 0
130 1 63 1
131 0 -64 0
132 0 -64 0
133 0 -64 0
134 1 63 1
135 1 63 1
136 0 -64 0
137 0 -64 0
138 1 63 1
139 0 -64 0
140 1 63 1
141 0 -64 0
142 0 -64 0
143 1 63 1
144 0 -64 0
145 0 -64 0
146 0 -64 0
147 0 -64 0
148 0 -64 0
149 0 -64 0
150 0 -64 0
151 1 63 1
152 1 63 1
153 1 63 1
154 1 63 1
155 0 -64 0
156 1 63 1
157 0 -64 0
158 1 63 1
159 1 63 1
160 0 -64 0
161 0 -64 0
162 0 -64 0
163 1 63 1
164 0 -64 0
165 1 63 1
166 1 63 1
167 1 63 1
168 0 -64 0
169 1 63 1
170 1 63 1
171 0 -64 0
172 1 63 1
173 0 -64 0
174 0 -64 0
175 1 63 1
176 1 63 1
177 0 -64 0
178 0 -64 0
179 0 -64 0
180 0 -64 0
181 1 63 1
182 0 -64 0
183 0 -64 0
184 0 -64 0
185 0 -64 0
186 0 -64 0
187 0 -64 0
188 0 -64 0
189 1 63 1
190 1 63 1
191 1 63 1
192 0 -64 0
193 0 -64 0
194 0 -64 0
195 1 63 1
196 0 -64 0
197 1 63 1
198 1 63 1
199 0 -64 0
200 0 -64 0
201 1 63 1
202 0 -64 0
203 0 -64 0
204 0 -64 0
205 1 63 1
206 0 -64 0
207 1 63 1
208 0 -64 0
209 1 63 1
210 1 63 1
211 0 -64 0
212 1 63 1
213 1 63 1
214 0 -64 0
215 1 63 1
216 0 -64 0
217 0 -64 0
218 1 63 1
219 0 -64 0
220 1 63 1
221 0 -64 0
222 1 63 1
223 1 63 1
224 0 -64 0
225 1 63 1
226 0 -64 0
227 1 63 1
228 1 63 1
229 1 63 1
230 1 63 1
231 1 63 1
232 1 63 1
233 1 63 1
234 1 63 1
235 0 -64 0
236 1 63 1
237 1 63 1
238 0 -64 0
239 1 63 1
240 1 63 1
241 1 63 1
242 0 -64 0
243 1 63 1
244 0 -64 0
245 0 -64 0
246 1 63 1
247 0 -64 0
248 1 63 1
249 1 63 1
250 1 63 1
251 1 63 1
252 0 -64 0
253 0 -64 0
254 0 -64 0
255 1 63 1
256 0 -64 0
257 1 63 1
258 1 63 1
259 1 63 1
260 1 63 1
261 1 63 1
262 1 63 1
263 0 -64 0
264 0 -64 0
265 1 63 1
266 1 63 1
267 1 63 1
268 0 -64 0
269 0 -64 0
270 0 -64 0
271 0 -64 0
272 1 63 1
273 0 -64 0
274 1 63 1
275 0 -64 0
276 1 63 1
277 1 63 1
278 0 -64 0
279 0 -64 0
280 1 63 1
281 1 63 1
282 1 63 1
283 0 -64 0
284 0 -64 0
285 1 63 1
286 0 -64 0
287 0 -64 0
288 0 -64 0
289 0 -64 0
290 0 -64 0
291 1 63 1
292 0 -64 0
293 1 63 1
294 0 -64 0
295 1 63 1
296 1 63 1
297 0 -64 0
298 0 -64 0
299 1 63 1
300 1 63 1
301 0 -64 0
302 0 -64 0
303 0 -64 0
304 1 63 1
305 0 -64 0
306 0 -64 0
307 0 -64 0
308 0 -64 0
309 1 63 1
310 0 -64 0
311 0 -64 0
312 0 -64 0
313 1 63 1
314 0 -64 0
315 1 63 1
316 1 63 1
317 0 -64 0
318 1 63 1
319 0 -64 0
320 1 63 1
321 1 63 1
322 0 -64 0
323 0 -64 0
324 0 -64 0
325 1 63 1
326 0 -64 0
327 1 63 1
328 0 -64 0
329 0 -64 0
330 0 -64 0
331 1 63 1
332 0 -64 0
333 0 -64 0
334 0 -64 0
335 0 -64 0
336 0 -64 0
337 0 -64 0
338 0 -64 0
339 1 63 1
340 1 63 1
341 0 -64 0
342 1 63 1
343 1 63 1
344 1 63 1
345 0 -64 0
346 0 -64 0
347 1 63 1
348 0 -64 0
349 0 -64 0
350 0 -64 0
351 1 63 1
352 1 63 1
353 0 -64 0
354 0 -64 0
355 0 -64 0
356 1 63 1
357 1 63 1
358 0 -64 0
359 0 -64 0
360 0 -64 0
361 1 63 1
362 0 -64 0
363 0 -64 0
364 0 -64 0
365 1 63 1
366 0 -64 0
367 1 63 1
368 1 63 1
369 1 63 1
370 0 -64 0
371 1 63 1
372 1 63 1
373 1 63 1
374 1 63 1
375 0 -64 0
376 0 -64 0
377 1 63 1
378 1 63 1
379 1 63 1
380 1 63 1
381 1 63 1
382 1 63 1
383 0 -64 0
384 0 -64 0
385 1 63 1
386 0 -64 0
387 0 -64 0
388 0 -64 0
389 0 -64 0
390 1 63 1
391 1 63 1
392 0 -64 0
393 0 -64 0
394 0 -64 0
395 0 -51 0
396 0 -61 0
397 0 -42 0
398 0 -43 0
399 0 -42 0
400 0 -39 0
401 1 58 1
402 0 -64 0
403 1 63 1
404 1 47 1
405 0 -64 0
406 0 -64 0
407 0 -64 0
408 0 -64 0
409 0 -64 0
410 1 63 1
411 1 63 1
412 0 -64 0
413 1 63 1
414 1 63 1
415 0 -64 0
416 1 63 1
417 0 -64 0
418 1 63 1
419 1 63 1
420 0 -64 0
421 1 63 1
422 0 -64 0
423 1 63 1
424 1 63 1
425 1 63 1
426 1 63 1
427 1 63 1
428 0 -64 0
429 1 63 1
430 0 -64 0
431 0 -64 0
432 0 -64 0
433 1 63 1
434 1 63 1
435 1 63 1
436 0 -64 0
437 0 -64 0
438 0 -64 0
439 0 -64 0
440 0 -64 0
441 0 -64 0
442 1 63 1
443 0 -64 0
444 0 -64 0
445 0 -64 0
446 0 -64 0
447 1 63 1
448 0 -64 0
449 1 63 1
450 1 63 1
451 1 63 1
452 1 63 1
453 1 63 1
454 1 63 1
455 0 -64 0
456 0 -64 0
457 1 63 1
458 1 63 1
459 0 -64 0
460 1 63 1
461 1 63 1
462 1 63 1
463 1 63 1
464 1 63 1
465 1 63 1
466 1 63 1
467 0 -64 0
468 1 63 1
469 0 -64 0
470 1 63 1
471 0 -64 0
472 1 63 1
473 1 63 1
474 1 63 1
475 1 63 1
476 0 -64 0
477 1 63 1
478 0 -64 0
479 1 63 1
480 1 63 1
481 0 -64 0
482 1 63 1
483 0 -64 0
484 0 -64 0
485 0 -64 0
486 0 -64 0
487 0 -64 0
488 0 -64 0
489 1 63 1
490 1 63 1
491 0 -64 0
492 0 -64 0
493 1 63 1
494 0 -64 0
495 0 -64 0
496 0 -64 0
497 0 -64 0
498 0 -64 0
499 1 63 1
500 0 -64 0
501 0 -64 0
502 1 63 1
503 0 -64 0
504 0 -64 0
505 0 -64 0
506 0 -64 0
507 1 63 1
508 1 63 1
509 1 63 1
510 0 -64 0
511 1 63 1
512 1 63 1
513 0 -64 0
514 0 -64 0
515 0 -64 0
516 1 63 1
517 0 -64 0
518 0 -64 0
519 0 -64 0
520 0 -64 0
521 1 63 1
522 1 63 1
523 0 -64 0
524 0 -64 0
525 1 63 1
526 1 63 1
527 1 63 1
528 0 -64 0
529 1 63 1
530 0 -64 0
531 1 63 1
532 1 63 1
533 0 -64 0
534 0 -64 0
535 1 63 1
536 0 -64 0
537 1 63 1
538 1 63 1
539 1 63 1
540 0 -64 0
541 1 63 1
542 1 63 1
543 1 63 1
544 0 -64 0
545 1 63 1
546 0 -64 0
547 1 63 1
548 0 -64 0
549 0 -64 0
550 1 63 1
551 1 63 1
552 0 -64 0
553 0 -64 0
554 1 63 1
555 1 63 1
556 1 63 1
557 0 -64 0
558 0 -64 0
559 1 63 1
560 0 -64 0
561 1 63 1
562 1 63 1
563 1 63 1
564 1 63 1
565 1 63 1
566 1 63 1
567 1 63 1
568 0 -64 0
569 1 63 1
570 0 -64 0
571 1 63 1
572 1 63 1
573 1 63 1
574 0 -64 0
575 0 -64 0
576 1 63 1
577 0 -64 0
578 0 -64 0
579 1 63 1
580 0 -64 0
581 0 -64 0
582 0 -64 0
583 0 -64 0
584 0 -64 0
585 1 63 1
586 0 -64 0
587 1 63 1
588 1 63 1
589 1 63 1
590 0 -64 0
591 0 -64 0
592 0 -64 0
593 0 -64 0
594 0 -64 0
595 1 63 1
596 1 63 1
597 1 63 1
598 1 63 1
599 0 -64 0
600 1 63 1
601 0 -64 0
602 0 -64 0
603 0 -64 0
604 1 63 1
605 0 -64 0
606 1 63 1
607 0 -64 0
608 0 -64 0
609 1 63 1
610 1 63 1
611 1 63 1
612 1 63 1
613 0 -64 0
614 1 63 1
615 1 63 1
616 1 63 1
617 0 -64 0
618 0 -64 0
619 1 63 1
620 0 -64 0
621 0 -64 0
622 1 63 1
623 0 -64 0
624 1 63 1
625 0 -64 0
626 0 -64 0
627 1 63 1
628 1 63 1
629 1 63 1
630 0 -64 0
631 0 -64 0
632 0 -64 0
633 1 63 1
634 1 63 1
635 1 63 1
636 1 63 1
637 0 -64 0
638 0 -64 0
639 0 -64 0
640 1 63 1
641 0 -64 0
642 1 63 1
643 0 -64 0
644 0 -64 0
645 1 63 1
646 0 -64 0
647 1 63 1
648 0 -64 0
649 0 -64 0
650 1 63 1
651 1 63 1
652 1 63 1
653 1 63 1
654 0 -64 0
655 0 -64 0
656 0 -64 0
657 0 -64 0
658 0 -64 0
659 0 -64 0
660 1 63 1
661 1 63 1
662 1 63 1
663 1 63 1
664 0 -64 0
665 0 -64 0
666 1 63 1
667 0 -64 0
668 0 -64 0
669 1 63 1
670 0 -64 0
671 1 63 1
672 0 -64 0
673 1 63 1
674 0 -64 0
675 1 63 1
676 0 -64 0
677 1 63 1
678 1 63 1
679 0 -64 0
680 0 -64 0
681 1 63 1
682 1 63 1
683 0 -64 0
684 1 63 1
685 0 -64 0
686 0 -64 0
687 0 -64 0
688 1 63 1
689 1 63 1
690 1 63 1
691 1 63 1
692 1 63 1
693 0 -64 0
694 0 -64 0
695 1 63 1
696 1 63 1
697 0 -64 0
698 1 63 1
699 0 -64 0
700 1 63 1
701 1 63 1
702 0 -64 0
703 1 63 1
704 1 63 1
705 1 63 1
706 1 63 1
707 0 -64 0
708 1 63 1
709 0 -64 0
710 0 -64 0
711 0 -64 0
712 0 -64 0
713 0 -64 0
714 1 63 1
715 1 63 1
716 1 63 1
717 0 -64 0
718 0 -64 0
719 1 63 1
720 0 -64 0
721 0 -64 0
722 0 -64 0
723 1 63 1
724 1 63 1
725 1 63 1
726 0 -64 0
727 0 -64 0
728 1 63 1
729 1 63 1
730 0 -64 0
731 0 -64 0
732 1 63 1
733 1 63 1
734 1 63 1
735 1 63 1
736 1 63 1
737 0 -64 0
738 1 63 1
739 0 -64 0
740 0 -64 0
741 1 63 1
742 1 63 1
743 1 63 1
744 1 63 1
745 1 63 1
746 0 -64 0
747 0 -64 0
748 1 63 1
749 1 63 1
750 1 63 1
751 1 63 1
752 0 -64 0
753 1 63 1
754 1 63 1
755 0 -64 0
756 0 -64 0
757 0 -64 0
758 1 63 1
759 0 -64 0
760 1 63 1
761 1 63 1
762 1 63 1
763 1 63 1
764 1 63 1
765 1 63 1
766 1 63 1
767 1 63 1
768 0 -64 0
769 0 -64 0
770 1 63 1
771 1 63 1
772 0 -64 0
773 1 63 1
774 0 -64 0
775 0 -64 0
776 1 63 1
777 1 63 1
778 0 -64 0
779 0 -64 0
780 1 63 1
781 1 63 1
782 1 63 1
783 0 -64 0
784 1 63 1
785 1 63 1
786 1 63 1
787 1 63 1
788 1 63 1
789 0 -64 0
790 0 -64 0
791 1 58 1
792 0 -64 0
793 1 63 1
794 1 63 1
795 1 59 1
796 0 -52 0
797 1 63 1
798 1 50 1
799 0 -44 0
800 0 -38 0
801 1 61 1
802 1 46 1
803 1 50 1
804 1 63 1
805 1 62 1
806 0 -49 0
807 0 -64 0
808 0 -64 0
809 1 63 1
810 0 -64 0
811 1 63 1
812 1 63 1
813 0 -64 0
814 1 63 1
815 0 -64 0
816 1 63 1
817 1 63 1
818 1 63 1
819 1 63 1
820 1 63 1
821 1 63 1
822 0 -64 0
823 1 63 1
824 1 63 1
825 0 -64 0
826 0 -64 0
827 1 63 1
828 1 63 1
829 1 63 1
830 1 63 1
831 1 63 1
832 0 -64 0
833 1 63 1
834 0 -64 0
835 0 -64 0
836 0 -64 0
837 1 63 1
838 0 -64 0
839 0 -64 0
840 1 63 1
841 1 63 1
842 0 -64 0
843 1 63 1
844 1 63 1
845 0 -64 0
846 1 63 1
847 0 -64 0
848 1 63 1
849 0 -64 0
850 0 -64 0
851 1 63 1
852 1 63 1
853 1 63 1
854 0 -64 0
855 0 -64 0
856 0 -64 0
857 0 -64 0
858 0 -64 0
859 0 -64 0
860 0 -64 0
861 0 -64 0
862 1 63 1
863 1 63 1
864 1 63 1
865 1 63 1
866 1 63 1
867 1 63 1
868 0 -64 0
869 0 -64 0
870 0 -64 0
871 1 63 1
872 0 -64 0
873 1 63 1
874 0 -64 0
875 1 63 1
876 1 63 1
877 1 63 1
878 1 63 1
879 0 -64 0
880 0 -64 0
881 1 63 1
882 1 63 1
883 0 -64 0
884 0 -64 0
885 0 -64 0
886 0 -64 0
887 0 -64 0
888 1 63 1
889 1 63 1
890 1 63 1
891 1 63 1
892 1 63 1
893 0 -64 0
894 0 -64 0
895 1 63 1
896 1 63 1
897 0 -64 0
898 0 -64 0
899 1 63 1
900 1 63 1
901 0 -64 0
902 1 63 1
903 0 -64 0
904 0 -64 0
905 0 -64 0
906 0 -64 0
907 0 -64 0
908 0 -64 0
909 0 -64 0
910 1 63 1
911 1 63 1
912 0 -64 0
913 0 -64 0
914 0 -64 0
915 1 63 1
916 0 -64 0
917 1 63 1
918 0 -64 0
919 0 -64 0
920 0 -64 0
921 0 -64 0
922 0 -64 0
923 1 63 1
924 0 -64 0
925 1 63 1
926 0 -64 0
927 1 63 1
928 0 -64 0
929 0 -64 0
930 1 63 1
931 1 63 1
932 0 -64 0
933 0 -64 0
934 1 63 1
935 1 63 1
936 1 63 1
937 0 -64 0
938 0 -64 0
939 0 -64 0
940 1 63 1
941 0 -64 0
942 1 63 1
943 0 -64 0
944 0 -64 0
945 0 -64 0
946 1 63 1
947 1 63 1
948 1 63 1
949 1 63 1
950 1 63 1
951 0 -64 0
952 1 63 1
953 1 63 1
954 0 -64 0
955 0 -64 0
956 0 -64 0
957 0 -64 0
958 0 -64 0
959 1 63 1
960 1 63 1
961 0 -64 0
962 1 63 1
963 0 -64 0
964 1 63 1
965 1 63 1
966 1 63 1
967 1 63 1
968 0 -64 0
969 0 -64 0
970 0 -64 0
971 1 63 1
972 1 63 1
973 0 -64 0
974 1 63 1
975 0 -64 0
976 0 -64 0
977 0 -64 0
978 0 -64 0
979 1 63 1
980 1 63 1
981 0 -64 0
982 1 63 1
983 1 63 1
984 0 -64 0
985 1 63 1
986 0 -64 0
987 0 -64 0
988 1 63 1
989 1 63 1
990 1 63 1
991 0 -64 0
992 1 63 1
993 0 -64 0
994 0 -64 0
995 1 63 1
996 1 63 1
997 0 -64 0
998 1 63 1
999 1 63 1
1000 0 -64 0
1001 1 63 1
1002 0 -64 0
1003 1 63 1
1004 0 -64 0
1005 1 63 1
1006 0 -64 0
1007 1 63 1
1008 1 63 1
1009 0 -64 0
1010 1 63 1
1011 0 -64 0
1012 1 63 1
1013 1 63 1
1014 1 63 1
1015 0 -64 0
1016 1 63 1
1017 1 63 1
1018 1 63 1
1019 1 63 1
1020 1 63 1
1021 1 63 1
1022 1 63 1
1023 1 63 1
1024 0 -64 0
1025 1 63 1
1026 1 63 1
1027 1 63 1
1028 0 -64 0
1029 0 -64 0
1030 1 63 1
1031 0 -64 0
1032 1 63 1
1033 0 -64 0
1034 0 -64 0
1035 0 -64 0
1036 0 -64 0
1037 1 63 1
1038 0 -64 0
1039 0 -64 0
1040 1 63 1
1041 1 63 1
1042 1 63 1
1043 1 63 1
1044 0 -64 0
1045 0 -64 0
1046 0 -64 0
1047 0 -64 0
1048 0 -64 0
1049 1 63 1
1050 0 -64 0
1051 0 -64 0
1052 0 -64 0
1053 0 -64 0
1054 0 -64 0
1055 0 -64 0
1056 1 63 1
1057 0 -64 0
1058 1 63 1
1059 0 -64 0
1060 0 -64 0
1061 1 63 1
1062 1 63 1
1063 0 -64 0
1064 1 63 1
1065 0 -64 0
1066 1 63 1
1067 1 63 1
1068 1 63 1
1069 0 -64 0
1070 0 -64 0
1071 0 -64 0
1072 1 63 1
1073 0 -64 0
1074 1 63 1
1075 1 63 1
1076 1 63 1
1077 1 63 1
1078 0 -64 0
1079 0 -64 0
1080 1 63 1
1081 0 -64 0
1082 1 63 1
1083 1 63 1
1084 1 63 1
1085 1 63 1
1086 0 -64 0
1087 0 -64 0
1088 0 -64 0
1089 1 63 1
1090 0 -64 0
1091 1 63 1
1092 0 -64 0
1093 1 63 1
1094 1 63 1
1095 0 -64 0
1096 0 -64 0
1097 1 63 1
1098 1 63 1
1099 1 63 1
1100 1 63 1
1101 0 -64 0
1102 0 -64 0
1103 0 -64 0
1104 0 -64 0
1105 0 -64 0
1106 0 -64 0
1107 1 63 1
1108 1 63 1
1109 1 63 1
1110 0 -64 0
1111 0 -64 0
1112 1 63 1
1113 1 63 1
1114 1 63 1
1115 0 -64 0
1116 0 -64 0
1117 1 63 1
1118 0 -64 0
1119 0 -64 0
1120 1 63 1
1121 0 -64 0
1122 0 -64 0
1123 0 -64 0
1124 1 63 1
1125 1 63 1
1126 0 -64 0
1127 0 -64 0
1128 1 63 1
1129 0 -64 0
1130 0 -64 0
1131 0 -64 0
1132 1 63 1
1133 1 63 1
1134 1 63 1
1135 1 63 1
1136 1 63 1
1137 0 -64 0
1138 1 63 1
1139 0 -64 0
1140 0 -64 0
1141 1 63 1
1142 1 63 1
1143 0 -64 0
1144 0 -64 0
1145 1 63 1
1146 1 63 1
1147 0 -64 0
1148 1 63 1
1149 1 63 1
1150 1 63 1
1151 1 63 1
1152 0 -64 0
1153 0 -64 0
1154 0 -64 0
1155 0 -64 0
1156 0 -64 0
1157 0 -64 0
1158 1 63 1
1159 0 -64 0
1160 0 -64 0
1161 0 -64 0
1162 1 63 1
1163 1 63 1
1164 0 -64 0
1165 1 63 1
1166 1 63 1
1167 1 63 1
1168 0 -64 0
1169 1 63 1
1170 0 -64 0
1171 1 63 1
1172 0 -64 0
1173 1 63 1
1174 1 63 1
1175 0 -64 0
1176 1 63 1
1177 0 -64 0
1178 0 -64 0
1179 1 63 1
1180 1 63 1
1181 0 -64 0
1182 1 63 1
1183 1 63 1
1184 1 63 1
1185 0 -64 0
1186 0 -64 0
1187 1 63 1
1188 1 63 1
1189 0 -64 0
1190 1 63 1
1191 0 -64 0
1192 1 63 1
1193 0 -64 0
1194 1 63 1
1195 1 57 1
1196 1 63 1
1197 0 -59 0
1198 0 -55 0
1199 1 40 1
1200 1 37 1
1201 1 55 1
1202 0 -54 0
1203 0 -46 0
1204 1 53 1
1205 0 -64 0
1206 0 -45 0
1207 1 63 1
1208 0 -64 0
1209 0 -64 0
1210 0 -64 0
1211 0 -64 0
1212 0 -64 0
1213 1 63 1
1214 0 -64 0
1215 0 -64 0
1216 1 63 1
1217 1 63 1
1218 1 63 1
1219 1 63 1
1220 1 63 1
1221 0 -64 0
1222 0 -64 0
1223 1 63 1
1224 1 63 1
1225 1 63 1
1226 1 63 1
1227 1 63 1
1228 1 63 1
1229 0 -64 0
1230 1 63 1
1231 1 63 1
1232 1 63 1
1233 1 63 1
1234 0 -64 0
1235 0 -64 0
1236 1 63 1
1237 1 63 1
1238 0 -64 0
1239 1 63 1
1240 1 63 1
1241 1 63 1
1242 0 -64 0
1243 1 63 1
1244 0 -64 0
1245 1 63 1
1246 0 -64 0
1247 1 63 1
1248 0 -64 0
1249 0 -64 0
1250 0 -64 0
1251 0 -64 0
1252 1 63 1
1253 0 -64 0
1254 1 63 1
1255 1 63 1
1256 0 -64 0
1257 0 -64 0
1258 0 -64 0
1259 1 63 1
1260 1 63 1
1261 1 63 1
1262 0 -64 0
1263 1 63 1
1264 0 -64 0
1265 1 63 1
1266 1 63 1
1267 0 -64 0
1268 1 63 1
1269 0 -64 0
1270 0 -64 0
1271 1 63 1
1272 0 -64 0
1273 1 63 1
1274 0 -64 0
1275 1 63 1
1276 0 -64 0
1277 0 -64 0
1278 0 -64 0
1279 0 -64 0
1280 1 63 1
1281 1 63 1
1282 1 63 1
1283 1 63 1
1284 1 63 1
1285 1 63 1
1286 1 63 1
1287 0 -64 0
1288 1 63 1
1289 1 63 1
1290 0 -64 0
1291 1 63 1
1292 1 63 1
1293 1 63 1
1294 1 63 1
1295 1 63 1
1296 0 -64 0
1297 1 63 1
1298 0 -64 0
1299 0 -64 0
1300 0 -64 0
1301 0 -64 0
1302 1 63 1
1303 0 -64 0
1304 0 -64 0
1305 1 63 1
1306 1 63 1
1307 1 63 1
1308 1 63 1
1309 1 63 1
1310 0 -64 0
1311 1 63 1
1312 1 63 1
1313 1 63 1
1314 0 -64 0
1315 0 -64 0
1316 1 63 1
1317 0 -64 0
1318 0 -64 0
1319 0 -64 0
1320 0 -64 0
1321 0 -64 0
1322 0 -64 0
1323 1 63 1
1324 0 -64 0
1325 1 63 1
1326 1 63 1
1327 1 63 1
1328 0 -64 0
1329 0 -64 0
1330 0 -64 0
1331 0 -64 0
1332 0 -64 0
1333 1 63 1
1334 0 -64 0
1335 0 -64 0
1336 0 -64 0
1337 1 63 1
1338 0 -64 0
1339 1 63 1
1340 0 -64 0
1341 1 63 1
1342 1 63 1
1343 1 63 1
1344 0 -64 0
1345 1 63 1
1346 1 63 1
1347 0 -64 0
1348 0 -64 0
1349 0 -64 0
1350 1 63 1
1351 1 63 1
1352 1 63 1
1353 0 -64 0
1354 1 63 1
1355 1 63 1
1356 1 63 1
1357 0 -64 0
1358 0 -64 0
1359 1 63 1
1360 1 63 1
1361 0 -64 0
1362 1 63 1
1363 0 -64 0
1364 1 63 1
1365 0 -64 0
1366 1 63 1
1367 0 -64 0
1368 1 63 1
1369 0 -64 0
1370 1 63 1
1371 0 -64 0
1372 0 -64 0
1373 1 63 1
1374 1 63 1
1375 0 -64 0
1376 0 -64 0
1377 1 63 1
1378 0 -64 0
1379 0 -64 0
1380 1 63 1
1381 0 -64 0
1382 1 63 1
1383 1 63 1
1384 1 63 1
1385 0 -64 0
1386 0 -64 0
1387 1 63 1
1388 0 -64 0
1389 0 -64 0
1390 0 -64 0
1391 1 63 1
1392 1 63 1
1393 1 63 1
1394 0 -64 0
1395 0 -64 0
1396 1 63 1
1397 0 -64 0
1398 1 63 1
1399 0 -64 0
1400 1 63 1
1401 1 63 1
1402 1 63 1
1403 0 -64 0
1404 0 -64 0
1405 0 -64 0
1406 0 -64 0
1407 1 63 1
1408 1 63 1
1409 1 63 1
1410 1 63 1
1411 1 63 1
1412 1 63 1
1413 0 -64 0
1414 0 -64 0
1415 1 63 1
1416 0 -64 0
1417 1 63 1
1418 0 -64 0
1419 0 -64 0
1420 1 63 1
1421 0 -64 0
1422 1 63 1
1423 0 -64 0
1424 1 63 1
1425 0 -64 0
1426 0 -64 0
1427 1 63 1
1428 1 63 1
1429 1 63 1
1430 0 -64 0
1431 1 63 1
1432 0 -64 0
1433 1 63 1
1434 1 63 1
1435 1 63 1
1436 1 63 1
1437 1 63 1
1438 1 63 1
1439 0 -64 0
1440 1 63 1
1441 1 63 1
1442 1 63 1
1443 1 63 1
1444 1 63 1
1445 1 63 1
1446 0 -64 0
1447 1 63 1
1448 1 63 1
1449 0 -64 0
1450 1 63 1
1451 1 63 1
1452 0 -64 0
1453 1 63 1
1454 1 63 1
1455 0 -64 0
1456 0 -64 0
1457 0 -64 0
1458 1 63 1
1459 0 -64 0
1460 0 -64 0
1461 0 -64 0
1462 1 63 1
1463 0 -64 0
1464 0 -64 0
1465 1 63 1
1466 0 -64 0
1467 0 -64 0
1468 0 -64 0
1469 1 63 1
1470 1 63 1
1471 0 -64 0
1472 0 -64 0
1473 1 63 1
1474 0 -64 0
1475 0 -64 0
1476 0 -64 0
1477 1 63 1
1478 1 63 1
1479 1 63 1
1480 0 -64 0
1481 1 63 1
1482 1 63 1
1483 1 63 1
1484 0 -64 0
1485 1 63 1
1486 0 -64 0
1487 0 -64 0
1488 0 -64 0
1489 1 63 1
1490 1 63 1
1491 1 63 1
1492 0 -64 0
1493 1 63 1
1494 1 63 1
1495 0 -64 0
1496 0 -64 0
1497 0 -64 0
1498 0 -64 0
1499 0 -64 0
1500 0 -64 0
1501 0 -64 0
1502 1 63 1
1503 0 -64 0
1504 0 -64 0
1505 0 -64 0
1506 1 63 1
1507 1 63 1
1508 0 -64 0
1509 1 63 1
1510 1 63 1
1511 0 -64 0
1512 1 63 1
1513 0 -64 0
1514 1 63 1
1515 1 63 1
1516 1 63 1
1517 0 -64 0
1518 0 -64 0
1519 0 -64 0
1520 1 63 1
1521 1 63 1
1522 1 63 1
1523 0 -64 0
1524 1 63 1
1525 0 -64 0
1526 1 63 1
1527 0 -64 0
1528 1 63 1
1529 0 -64 0
1530 1 63 1
1531 1 63 1
1532 1 63 1
1533 1 63 1
1534 1 63 1
1535 1 63 1
1536 0 -64 0
1537 1 63 1
1538 0 -64 0
1539 0 -64 0
1540 1 63 1
1541 1 63 1
1542 1 63 1
1543 0 -64 0
1544 0 -64 0
1545 0 -64 0
1546 1 63 1
1547 0 -64 0
1548 1 63 1
1549 0 -64 0
1550 0 -64 0
1551 0 -64 0
1552 0 -64 0
1553 1 63 1
1554 0 -64 0
1555 1 63 1
1556 1 63 1
1557 0 -64 0
1558 1 63 1
1559 0 -64 0
1560 0 -64 0
1561 1 63 1
1562 1 63 1
1563 1 63 1
1564 1 63 1
1565 0 -64 0
1566 1 63 1
1567 0 -64 0
1568 0 -64 0
1569 1 63 1
1570 1 63 1
1571 0 -64 0
1572 0 -64 0
1573 1 63 1
1574 1 63 1
1575 1 63 1
1576 1 63 1
1577 1 63 1
1578 0 -64 0
1579 0 -64 0
1580 0 -64 0
1581 0 -64 0
1582 1 63 1
1583 0 -64 0
1584 0 -64 0
1585 0 -64 0
1586 1 63 1
1587 1 63 1
1588 0 -64 0
1589 0 -64 0
1590 0 -64 0
1591 0 -64 0
1592 1 63 1
1593 0 -64 0
1594 1 63 1
1595 1 61 1
1596 0 -60 0
1597 0 -64 0
1598 1 42 1
1599 1 44 1
1600 1 37 1
1601 0 -37 0
1602 1 47 1
1603 0 -50 0
1604 1 60 1
1605 0 -64 0
1606 1 63 1
1607 0 -64 0
1608 1 63 1
1609 0 -64 0
1610 1 63 1
1611 0 -64 0
1612 1 63 1
1613 0 -64 0
1614 0 -64 0
1615 0 -64 0
1616 0 -64 0
1617 0 -64 0
1618 0 -64 0
1619 0 -64 0
1620 0 -64 0
1621 0 -64 0
1622 1 63 1
1623 0 -64 0
1624 1 63 1
1625 1 63 1
1626 1 63 1
1627 0 -64 0
1628 1 63 1
1629 1 63 1
1630 0 -64 0
1631 0 -64 0
1632 1 63 1
1633 0 -64 0
1634 1 63 1
1635 0 -64 0
1636 0 -64 0
1637 1 63 1
1638 1 63 1
1639 1 63 1
1640 0 -64 0
1641 0 -64 0
1642 0 -64 0
1643 0 -64 0
1644 0 -64 0
1645 0 -64 0
1646 1 63 1
1647 0 -64 0
1648 1 63 1
1649 0 -64 0
1650 1 63 1
1651 0 -64 0
1652 1 63 1
1653 1 63 1
1654 0 -64 0
1655 1 63 1
1656 1 63 1
1657 1 63 1
1658 0 -64 0
1659 0 -64 0
1660 1 63 1
1661 0 -64 0
1662 0 -64 0
1663 1 63 1
1664 1 63 1
1665 0 -64 0
1666 0 -64 0
1667 1 63 1
1668 0 -64 0
1669 1 63 1
1670 0 -64 0
1671 0 -64 0
1672 1 63 1
1673 1 63 1
1674 1 63 1
1675 1 63 1
1676 1 63 1
1677 0 -64 0
1678 1 63 1
1679 1 63 1
1680 0 -64 0
1681 1 63 1
1682 1 63 1
1683 1 63 1
1684 1 63 1
1685 1 63 1
1686 0 -64 0
1687 1 63 1
1688 0 -64 0
1689 0 -64 0
1690 1 63 1
1691 0 -64 0
1692 1 63 1
1693 1 63 1
1694 0 -64 0
1695 1 63 1
1696 1 63 1
1697 1 63 1
1698 0 -64 0
1699 0 -64 0
1700 0 -64 0
1701 0 -64 0
1702 0 -64 0
1703 1 63 1
1704 0 -64 0
1705 1 63 1
1706 1 63 1
1707 0 -64 0
1708 0 -64 0
1709 1 63 1
1710 1 63 1
1711 0 -64 0
1712 1 63 1
1713 1 63 1
1714 1 63 1
1715 0 -64 0
1716 1 63 1
1717 0 -64 0
1718 1 63 1
1719 0 -64 0
1720 0 -64 0
1721 1 63 1
1722 1 63 1
1723 1 63 1
1724 1 63 1
1725 1 63 1
1726 1 63 1
1727 0 -64 0
1728 1 63 1
1729 0 -64 0
1730 0 -64 0
1731 1 63 1
1732 1 63 1
1733 0 -64 0
1734 1 63 1
1735 1 63 1
1736 0 -64 0
1737 1 63 1
1738 0 -64 0
1739 0 -64 0
1740 0 -64 0
1741 1 63 1
1742 0 -64 0
1743 0 -64 0
1744 1 63 1
1745 0 -64 0
1746 1 63 1
1747 0 -64 0
1748 1 63 1
1749 0 -64 0
1750 1 63 1
1751 0 -64 0
1752 1 63 1
1753 0 -64 0
1754 0 -64 0
1755 1 63 1
1756 1 63 1
1757 0 -64 0
1758 1 63 1
1759 1 63 1
1760 1 63 1
1761 1 63 1
1762 0 -64 0
1763 0 -64 0
1764 1 63 1
1765 1 63 1
1766 0 -64 0
1767 1 63 1
1768 1 63 1
1769 0 -64 0
1770 0 -64 0
1771 1 63 1
1772 0 -64 0
1773 1 63 1
1774 0 -64 0
1775 1 63 1
1776 0 -64 0
1777 0 -64 0
1778 0 -64 0
1779 1 63 1
1780 1 63 1
1781 1 63 1
1782 1 63 1
1783 0 -64 0
1784 1 63 1
1785 0 -64 0
1786 0 -64 0
1787 0 -64 0
1788 0 -64 0
1789 0 -64 0
1790 1 63 1
1791 0 -64 0
1792 1 63 1
1793 1 63 1
1794 1 63 1
1795 1 63 1
1796 0 -64 0
1797 1 63 1
1798 1 63 1
1799 1 63 1
1800 1 63 1
1801 0 -64 0
1802 1 63 1
1803 0 -64 0
1804 0 -64 0
1805 1 63 1
1806 1 63 1
1807 0 -64 0
1808 1 63 1
1809 1 63 1
1810 0 -64 0
1811 0 -64 0
1812 1 63 1
1813 0 -64 0
1814 1 63 1
1815 1 63 1
1816 1 63 1
1817 0 -64 0
1818 1 63 1
1819 0 -64 0
1820 1 63 1
1821 1 63 1
1822 0 -64 0
1823 1 63 1
1824 1 63 1
1825 1 63 1
1826 1 63 1
1827 1 63 1
1828 0 -64 0
1829 1 63 1
1830 0 -64 0
1831 0 -64 0
1832 1 63 1
1833 1 63 1
1834 1 63 1
1835 0 -64 0
1836 0 -64 0
1837 0 -64 0
1838 0 -64 0
1839 1 63 1
1840 1 63 1
1841 0 -64 0
1842 0 -64 0
1843 0 -64 0
1844 0 -64 0
1845 0 -64 0
1846 0 -64 0
1847 1 63 1
1848 0 -64 0
1849 1 63 1
1850 0 -64 0
1851 1 63 1
1852 0 -64 0
1853 0 -64 0
1854 0 -64 0
1855 0 -64 0
1856 0 -64 0
1857 0 -64 0
1858 0 -64 0
1859 0 -64 0
1860 1 63 1
1861 1 63 1
1862 0 -64 0
1863 1 63 1
1864 0 -64 0
1865 1 63 1
1866 1 63 1
1867 1 63 1
1868 0 -64 0
1869 1 63 1
1870 1 63 1
1871 1 63 1
1872 1 63 1
1873 1 63 1
1874 0 -64 0
1875 0 -64 0
1876 0 -64 0
1877 1 63 1
1878 1 63 1
1879 1 63 1
1880 1 63 1
1881 0 -64 0
1882 1 63 1
1883 1 63 1
1884 0 -64 0
1885 0 -64 0
1886 1 63 1
1887 0 -64 0
1888 0 -64 0
1889 1 63 1
1890 1 63 1
1891 1 63 1
1892 0 -64 0
1893 1 63 1
1894 1 63 1
1895 0 -64 0
1896 0 -64 0
1897 1 63 1
1898 0 -64 0
1899 1 63 1
1900 1 63 1
1901 0 -64 0
1902 0 -64 0
1903 1 63 1
1904 1 63 1
1905 0 -64 0
1906 1 63 1
1907 1 63 1
1908 0 -64 0
1909 1 63 1
1910 0 -64 0
1911 1 63 1
1912 1 63 1
1913 1 63 1
1914 0 -64 0
1915 1 63 1
1916 1 63 1
1917 1 63 1
1918 1 63 1
1919 0 -64 0
1920 0 -64 0
1921 1 63 1
1922 0 -64 0
1923 0 -64 0
1924 0 -64 0
1925 0 -64 0
1926 0 -64 0
1927 1 63 1
1928 1 63 1
1929 1 63 1
1930 1 63 1
1931 1 63 1
1932 1 63 1
1933 0 -64 0
1934 0 -64 0
1935 1 63 1
1936 0 -64 0
1937 0 -64 0
1938 0 -64 0
1939 0 -64 0
1940 1 63 1
1941 1 63 1
1942 1 63 1
1943 1 63 1
1944 1 63 1
1945 1 63 1
1946 0 -64 0
1947 0 -64 0
1948 0 -64 0
1949 1 63 1
1950 1 63 1
1951 0 -64 0
1952 0 -64 0
1953 0 -64 0
1954 0 -64 0
1955 0 -64 0
1956 0 -64 0
1957 0 -64 0
1958 1 63 1
1959 1 63 1
1960 0 -64 0
1961 1 63 1
1962 0 -64 0
1963 1 63 1
1964 0 -64 0
1965 1 63 1
1966 0 -64 0
1967 0 -64 0
1968 1 63 1
1969 1 63 1
1970 1 63 1
1971 0 -64 0
1972 1 63 1
1973 0 -64 0
1974 1 63 1
1975 0 -64 0
1976 0 -64 0
1977 0 -64 0
1978 1 63 1
1979 1 63 1
1980 1 63 1
1981 1 63 1
1982 1 63 1
1983 0 -64 0
1984 0 -64 0
1985 1 63 1
1986 0 -64 0
1987 0 -64 0
1988 1 63 1
1989 0 -64 0
1990 1 63 1
1991 1 63 1
1992 1 63 1
1993 0 -64 0
1994 0 -64 0
1995 1 62 1
1996 0 -39 0
1997 0 -63 0
1998 0 19 1
1999 0 -56 0
2000 1 0 0
2001 1 47 1
2002 0 -60 0
2003 0 -64 0
2004 0 -60 0
2005 1 63 1
2006 0 -64 0
2007 0 -64 0
2008 1 63 1
2009 0 -64 0
2010 0 -64 0
2011 1 63 1
2012 0 -64 0
2013 0 -64 0
2014 1 63 1
2015 1 63 1
2016 1 63 1
2017 1 63 1
2018 0 -64 0
2019 1 63 1
2020 0 -64 0
2021 1 63 1
2022 0 -64 0
2023 1 63 1
2024 1 63 1
2025 1 63 1
2026 1 63 1
2027 0 -64 0
2028 0 -64 0
2029 1 63 1
2030 1 63 1
2031 1 63 1
2032 0 -64 0
2033 1 63 1
2034 0 -64 0
2035 1 63 1
2036 1 63 1
2037 1 63 1
2038 1 63 1
2039 0 -64 0
2040 1 63 1
2041 0 -64 0
2042 1 63 1
2043 1 63 1
2044 0 -64 0
2045 0 -64 0
2046 0 -64 0
2047 1 63 1
2048 1 63 1
2049 1 63 1
2050 0 -64 0
2051 0 -64 0
2052 0 -64 0
2053 0 -64 0
2054 0 -64 0
2055 0 -64 0
2056 1 63 1
2057 0 -64 0
2058 0 -64 0
2059 0 -64 0
2060 1 63 1
2061 0 -64 0
2062 0 -64 0
2063 0 -64 0
2064 1 63 1
2065 1 63 1
2066 0 -64 0
2067 0 -64 0
2068 1 63 1
2069 0 -64 0
2070 1 63 1
2071 0 -64 0
2072 0 -64 0
2073 1 63 1
2074 1 63 1
2075 0 -64 0
2076 1 63 1
2077 1 63 1
2078 0 -64 0
2079 1 63 1
2080 1 63 1
2081 0 -64 0
2082 1 63 1
2083 1 63 1
2084 1 63 1
2085 0 -64 0
2086 0 -64 0
2087 0 -64 0
2088 0 -64 0
2089 0 -64 0
2090 1 63 1
2091 0 -64 0
2092 0 -64 0
2093 0 -64 0
2094 1 63 1
2095 1 63 1
2096 1 63 1
2097 0 -64 0
2098 0 -64 0
2099 1 63 1
2100 0 -64 0
2101 1 63 1
2102 0 -64 0
2103 0 -64 0
2104 1 63 1
2105 1 63 1
2106 0 -64 0
2107 1 63 1
2108 0 -64 0
2109 1 63 1
2110 1 63 1
2111 0 -64 0
2112 0 -64 0
2113 1 63 1
2114 1 63 1
2115 1 63 1
2116 1 63 1
2117 0 -64 0
2118 1 63 1
2119 0 -64 0
2120 0 -64 0
2121 1 63 1
2122 0 -64 0
2123 1 63 1
2124 1 63 1
2125 0 -64 0
2126 0 -64 0
2127 1 63 1
2128 0 -64 0
2129 0 -64 0
2130 0 -64 0
2131 0 -64 0
2132 1 63 1
2133 0 -64 0
2134 0 -64 0
2135 0 -64 0
2136 1 63 1
2137 0 -64 0
2138 1 63 1
2139 0 -64 0
2140 1 63 1
2141 0 -64 0
2142 0 -64 0
2143 0 -64 0
2144 1 63 1
2145 1 63 1
2146 1 63 1
2147 0 -64 0
2148 0 -64 0
2149 0 -64 0
2150 1 63 1
2151 0 -64 0
2152 1 63 1
2153 0 -64 0
2154 0 -64 0
2155 0 -64 0
2156 0 -64 0
2157 0 -64 0
2158 1 63 1
2159 0 -64 0
2160 1 63 1
2161 0 -64 0
2162 0 -64 0
2163 0 -64 0
2164 0 -64 0
2165 1 63 1
2166 0 -64 0
2167 1 63 1
2168 0 -64 0
2169 0 -64 0
2170 0 -64 0
2171 0 -64 0
2172 1 63 1
2173 1 63 1
2174 1 63 1
2175 0 -64 0
2176 0 -64 0
2177 1 63 1
2178 0 -64 0
2179 1 63 1
2180 0 -64 0
2181 0 -64 0
2182 0 -64 0
2183 0 -64 0
2184 1 63 1
2185 1 63 1
2186 1 63 1
2187 0 -64 0
2188 1 63 1
2189 0 -64 0
2190 1 63 1
2191 0 -64 0
2192 0 -64 0
2193 1 63 1
2194 1 63 1
2195 1 63 1
2196 0 -64 0
2197 1 63 1
2198 1 63 1
2199 0 -64 0
2200 1 63 1
2201 1 63 1
2202 1 63 1
2203 1 63 1
2204 1 63 1
2205 1 63 1
2206 0 -64 0
2207 0 -64 0
2208 0 -64 0
2209 0 -64 0
2210 1 63 1
2211 1 63 1
2212 0 -64 0
2213 0 -64 0
2214 1 63 1
2215 0 -64 0
2216 1 63 1
2217 1 63 1
2218 0 -64 0
2219 0 -64 0
2220 1 63 1
2221 1 63 1
2222 1 63 1
2223 1 63 1
2224 1 63 1
2225 1 63 1
2226 1 63 1
2227 1 63 1
2228 0 -64 0
2229 1 63 1
2230 1 63 1
2231 1 63 1
2232 0 -64 0
2233 1 63 1
2234 1 63 1
2235 1 63 1
2236 0 -64 0
2237 0 -64 0
2238 1 63 1
2239 1 63 1
2240 1 63 1
2241 0 -64 0
2242 0 -64 0
2243 1 63 1
2244 0 -64 0
2245 1 63 1
2246 1 63 1
2247 0 -64 0
2248 1 63 1
2249 0 -64 0
2250 1 63 1
2251 1 63 1
2252 0 -64 0
2253 1 63 1
2254 1 63 1
2255 1 63 1
2256 1 63 1
2257 0 -64 0
2258 1 63 1
2259 0 -64 0
2260 0 -64 0
2261 0 -64 0
2262 0 -64 0
2263 1 63 1
2264 1 63 1
2265 1 63 1
2266 1 63 1
2267 0 -64 0
2268 0 -64 0
2269 1 63 1
2270 0 -64 0
2271 0 -64 0
2272 1 63 1
2273 0 -64 0
2274 1 63 1
2275 1 63 1
2276 0 -64 0
2277 1 63 1
2278 1 63 1
2279 0 -64 0
2280 1 63 1
2281 1 63 1
2282 0 -64 0
2283 0 -64 0
2284 1 63 1
2285 1 63 1
2286 1 63 1
2287 0 -64 0
2288 1 63 1
2289 1 63 1
2290 1 63 1
2291 1 63 1
2292 1 63 1
2293 1 63 1
2294 1 63 1
2295 0 -64 0
2296 0 -64 0
2297 1 63 1
2298 1 63 1
2299 1 63 1
2300 0 -64 0
2301 1 63 1
2302 0 -64 0
2303 0 -64 0
2304 0 -64 0
2305 0 -64 0
2306 1 63 1
2307 1 63 1
2308 0 -64 0
2309 1 63 1
2310 1 63 1
2311 0 -64 0
2312 1 63 1
2313 1 63 1
2314 1 63 1
2315 0 -64 0
2316 0 -64 0
2317 1 63 1
2318 1 63 1
2319 1 63 1
2320 1 63 1
2321 1 63 1
2322 1 63 1
2323 0 -64 0
2324 0 -64 0
2325 1 63 1
2326 1 63 1
2327 1 63 1
2328 0 -64 0
2329 1 63 1
2330 0 -64 0
2331 1 63 1
2332 0 -64 0
2333 0 -64 0
2334 0 -64 0
2335 1 63 1
2336 0 -64 0
2337 0 -64 0
2338 1 63 1
2339 0 -64 0
2340 1 63 1
2341 0 -64 0
2342 0 -64 0
2343 0 -64 0
2344 0 -64 0
2345 1 63 1
2346 0 -64 0
2347 1 63 1
2348 0 -64 0
2349 0 -64 0
2350 1 63 1
2351 1 63 1
2352 0 -64 0
2353 1 63 1
2354 0 -64 0
2355 0 -64 0
2356 0 -64 0
2357 1 63 1
2358 0 -64 0
2359 0 -64 0
2360 0 -64 0
2361 1 63 1
2362 0 -64 0
2363 0 -64 0
2364 0 -64 0
2365 0 -64 0
2366 1 63 1
2367 0 -64 0
2368 1 63 1
2369 0 -64 0
2370 1 63 1
2371 1 63 1
2372 1 63 1
2373 1 63 1
2374 0 -64 0
2375 1 63 1
2376 0 -64 0
2377 1 63 1
2378 0 -64 0
2379 1 63 1
2380 1 63 1
2381 0 -64 0
2382 1 63 1
2383 0 -64 0
2384 0 -64 0
2385 1 63 1
2386 1 63 1
2387 0 -64 0
2388 1 63 1
2389 1 63 1
2390 0 -64 0
2391 1 63 1
2392 0 -64 0
2393 1 63 1
2394 0 -64 0
2395 1 60 1
2396 0 -58 0
2397 0 -64 0
2398 1 47 1
2399 0 -52 0
2400 0 -39 0
2401 0 -42 0
2402 0 -45 0
2403 0 -64 0
2404 0 -60 0
2405 1 51 1
2406 0 -56 0
2407 0 -64 0
2408 0 -64 0
2409 1 63 1
2410 1 63 1
2411 0 -64 0
2412 1 63 1
2413 1 63 1
2414 0 -64 0
2415 1 63 1
2416 0 -64 0
2417 1 63 1
2418 1 63 1
2419 0 -64 0
2420 0 -64 0
2421 0 -64 0
2422 1 63 1
2423 0 -64 0
2424 1 63 1
2425 1 63 1
2426 1 63 1
2427 1 63 1
2428 1 63 1
2429 1 63 1
2430 1 63 1
2431 0 -64 0
2432 0 -64 0
2433 1 63 1
2434 0 -64 0
2435 0 -64 0
2436 0 -64 0
2437 1 63 1
2438 1 63 1
2439 1 63 1
2440 0 -64 0
2441 1 63 1
2442 1 63 1
2443 1 63 1
2444 0 -64 0
2445 1 63 1
2446 1 63 1
2447 1 63 1
2448 0 -64 0
2449 0 -64 0
2450 0 -64 0
2451 0 -64 0
2452 1 63 1
2453 1 63 1
2454 0 -64 0
2455 0 -64 0
2456 0 -64 0
2457 0 -64 0
2458 1 63 1
2459 1 63 1
2460 0 -64 0
2461 1 63 1
2462 1 63 1
2463 0 -64 0
2464 0 -64 0
2465 0 -64 0
2466 0 -64 0
2467 1 63 1
2468 1 63 1
2469 0 -64 0
2470 0 -64 0
2471 1 63 1
2472 0 -64 0
2473 0 -64 0
2474 0 -64 0
2475 1 63 1
2476 0 -64 0
2477 0 -64 0
2478 1 63 1
2479 1 63 1
2480 1 63 1
2481 1 63 1
2482 0 -64 0
2483 0 -64 0
2484 0 -64 0
2485 0 -64 0
2486 0 -64 0
2487 0 -64 0
2488 0 -64 0
2489 0 -64 0
2490 0 -64 0
2491 0 -64 0
2492 1 63 1
2493 0 -64 0
2494 1 63 1
2495 0 -64 0
2496 0 -64 0
2497 1 63 1
2498 1 63 1
2499 0 -64 0
2500 0 -64 0
2501 0 -64 0
2502 0 -64 0
2503 1 63 1
2504 0 -64 0
2505 0 -64 0
2506 1 63 1
2507 1 63 1
2508 1 63 1
2509 1 63 1
2510 0 -64 0
2511 1 63 1
2512 0 -64 0
2513 0 -64 0
2514 1 63 1
2515 0 -64 0
2516 1 63 1
2517 1 63 1
2518 0 -64 0
2519 1 63 1
2520 1 63 1
2521 0 -64 0
2522 1 63 1
2523 1 63 1
2524 1 63 1
2525 0 -64 0
2526 0 -64 0
2527 0 -64 0
2528 0 -64 0
2529 0 -64 0
2530 0 -64 0
2531 1 63 1
2532 0 -64 0
2533 0 -64 0
2534 0 -64 0
2535 0 -64 0
2536 0 -64 0
2537 0 -64 0
2538 1 63 1
2539 0 -64 0
2540 0 -64 0
2541 1 63 1
2542 0 -64 0
2543 1 63 1
2544 0 -64 0
2545 0 -64 0
2546 0 -64 0
2547 0 -64 0
2548 0 -64 0
2549 0 -64 0
2550 1 63 1
2551 1 63 1
2552 1 63 1
2553 1 63 1
2554 1 63 1
2555 0 -64 0
2556 1 63 1
2557 0 -64 0
2558 0 -64 0
2559 1 63 1
2560 0 -64 0
2561 1 63 1
2562 0 -64 0
2563 0 -64 0
2564 1 63 1
2565 1 63 1
2566 0 -64 0
2567 0 -64 0
2568 1 63 1
2569 1 63 1
2570 1 63 1
2571 1 63 1
2572 0 -64 0
2573 1 63 1
2574 1 63 1
2575 1 63 1
2576 0 -64 0
2577 1 63 1
2578 1 63 1
2579 1 63 1
2580 1 63 1
2581 1 63 1
2582 0 -64 0
2583 1 63 1
2584 1 63 1
2585 1 63 1
2586 0 -64 0
2587 0 -64 0
2588 0 -64 0
2589 1 63 1
2590 1 63 1
2591 1 63 1
2592 1 63 1
2593 0 -64 0
2594 1 63 1
2595 1 63 1
2596 1 63 1
2597 0 -64 0
2598 0 -64 0
2599 1 63 1
2600 0 -64 0
2601 0 -64 0
2602 0 -64 0
2603 0 -64 0
2604 1 63 1
2605 1 63 1
2606 1 63 1
2607 0 -64 0
2608 1 63 1
2609 1 63 1
2610 1 63 1
2611 0 -64 0
2612 0 -64 0
2613 0 -64 0
2614 0 -64 0
2615 1 63 1
2616 1 63 1
2617 0 -64 0
2618 1 63 1
2619 1 63 1
2620 0 -64 0
2621 1 63 1
2622 1 63 1
2623 1 63 1
2624 1 63 1
2625 1 63 1
2626 0 -64 0
2627 1 63 1
2628 1 63 1
2629 1 63 1
2630 0 -64 0
2631 0 -64 0
2632 1 63 1
2633 1 63 1
2634 1 63 1
2635 0 -64 0
2636 0 -64 0
2637 1 63 1
2638 0 -64 0
2639 0 -64 0
2640 0 -64 0
2641 1 63 1
2642 0 -64 0
2643 0 -64 0
2644 1 63 1
2645 0 -64 0
2646 1 63 1
2647 1 63 1
2648 1 63 1
2649 1 63 1
2650 0 -64 0
2651 1 63 1
2652 0 -64 0
2653 0 -64 0
2654 1 63 1
2655 0 -64 0
2656 0 -64 0
2657 1 63 1
2658 1 63 1
2659 0 -64 0
2660 0 -64 0
2661 1 63 1
2662 0 -64 0
2663 0 -64 0
2664 0 -64 0
2665 1 63 1
2666 0 -64 0
2667 0 -64 0
2668 1 63 1
2669 0 -64 0
2670 0 -64 0
2671 1 63 1
2672 0 -64 0
2673 0 -64 0
2674 1 63 1
2675 0 -64 0
2676 0 -64 0
2677 0 -64 0
2678 0 -64 0
2679 0 -64 0
2680 1 63 1
2681 1 63 1
2682 0 -64 0
2683 0 -64 0
2684 0 -64 0
2685 1 63 1
2686 1 63 1
2687 1 63 1
2688 0 -64 0
2689 0 -64 0
2690 1 63 1
2691 0 -64 0
2692 1 63 1
2693 1 63 1
2694 0 -64 0
2695 1 63 1
2696 1 63 1
2697 1 63 1
2698 1 63 1
2699 1 63 1
2700 1 63 1
2701 1 63 1
2702 1 63 1
2703 0 -64 0
2704 0 -64 0
2705 0 -64 0
2706 0 -64 0
2707 0 -64 0
2708 0 -64 0
2709 1 63 1
2710 0 -64 0
2711 0 -64 0
2712 1 63 1
2713 0 -64 0
2714 1 63 1
2715 0 -64 0
2716 0 -64 0
2717 1 63 1
2718 0 -64 0
2719 1 63 1
2720 1 63 1
2721 1 63 1
2722 0 -64 0
2723 0 -64 0
2724 0 -64 0
2725 1 63 1
2726 0 -64 0
2727 1 63 1
2728 0 -64 0
2729 0 -64 0
2730 1 63 1
2731 1 63 1
2732 0 -64 0
2733 1 63 1
2734 0 -64 0
2735 0 -64 0
2736 1 63 1
2737 0 -64 0
2738 1 63 1
2739 1 63 1
2740 1 63 1
2741 1 63 1
2742 1 63 1
2743 1 63 1
2744 0 -64 0
2745 1 63 1
2746 1 63 1
2747 1 63 1
2748 1 63 1
2749 0 -64 0
2750 1 63 1
2751 0 -64 0
2752 1 63 1
2753 1 63 1
2754 1 63 1
2755 1 63 1
2756 1 63 1
2757 0 -64 0
2758 0 -64 0
2759 1 63 1
2760 0 -64 0
2761 1 63 1
2762 0 -64 0
2763 1 63 1
2764 0 -64 0
2765 0 -64 0
2766 0 -64 0
2767 1 63 1
2768 0 -64 0
2769 0 -64 0
2770 1 63 1
2771 1 63 1
2772 0 -64 0
2773 0 -64 0
2774 0 -64 0
2775 0 -64 0
2776 0 -64 0
2777 0 -64 0
2778 1 63 1
2779 0 -64 0
2780 1 63 1
2781 0 -64 0
2782 0 -64 0
2783 1 63 1
2784 1 63 1
2785 1 63 1
2786 1 63 1
2787 1 63 1
2788 0 -64 0
2789 1 63 1
2790 0 -64 0
2791 1 63 1
2792 0 -64 0
2793 1 54 1
2794 0 -64 0
2795 0 -58 0
2796 0 -51 0
2797 0 -62 0
2798 0 36 1
2799 0 -43 0
2800 1 37 1
2801 1 42 1
2802 1 63 1
2803 1 58 1
2804 0 -64 0
2805 1 63 1
2806 0 -64 0
2807 1 63 1
2808 1 63 1
2809 1 63 1
2810 0 -64 0
2811 0 -64 0
2812 0 -64 0
2813 0 -64 0
2814 1 63 1
2815 1 63 1
2816 1 63 1
2817 0 -64 0
2818 0 -64 0
2819 1 63 1
2820 1 63 1
2821 0 -64 0
2822 1 63 1
2823 1 63 1
2824 0 -64 0
2825 0 -64 0
2826 1 63 1
2827 1 63 1
2828 0 -64 0
2829 0 -64 0
2830 1 63 1
2831 1 63 1
2832 0 -64 0
2833 1 63 1
2834 0 -64 0
2835 1 63 1
2836 0 -64 0
2837 0 -64 0
2838 0 -64 0
2839 0 -64 0
2840 0 -64 0
2841 1 63 1
2842 0 -64 0
2843 1 63 1
2844 1 63 1
2845 0 -64 0
2846 0 -64 0
2847 0 -64 0
2848 0 -64 0
2849 0 -64 0
2850 1 63 1
2851 1 63 1
2852 1 63 1
2853 1 63 1
2854 1 63 1
2855 1 63 1
2856 0 -64 0
2857 0 -64 0
2858 0 -64 0
2859 1 63 1
2860 1 63 1
2861 0 -64 0
2862 0 -64 0
2863 0 -64 0
2864 0 -64 0
2865 1 63 1
2866 0 -64 0
2867 1 63 1
2868 0 -64 0
2869 0 -64 0
2870 1 63 1
2871 1 63 1
2872 1 63 1
2873 0 -64 0
2874 0 -64 0
2875 0 -64 0
2876 0 -64 0
2877 1 63 1
2878 0 -64 0
2879 0 -64 0
2880 1 63 1
2881 0 -64 0
2882 0 -64 0
2883 0 -64 0
2884 0 -64 0
2885 1 63 1
2886 0 -64 0
2887 0 -64 0
2888 1 63 1
2889 1 63 1
2890 1 63 1
2891 1 63 1
2892 0 -64 0
2893 1 63 1
2894 0 -64 0
2895 1 63 1
2896 0 -64 0
2897 0 -64 0
2898 0 -64 0
2899 0 -64 0
2900 1 63 1
2901 1 63 1
2902 0 -64 0
2903 1 63 1
2904 0 -64 0
2905 0 -64 0
2906 1 63 1
2907 0 -64 0
2908 1 63 1
2909 1 63 1
2910 1 63 1
2911 1 63 1
2912 1 63 1
2913 1 63 1
2914 0 -64 0
2915 1 63 1
2916 1 63 1
2917 0 -64 0
2918 0 -64 0
2919 1 63 1
2920 1 63 1
2921 0 -64 0
2922 1 63 1
2923 1 63 1
2924 1 63 1
2925 0 -64 0
2926 1 63 1
2927 1 63 1
2928 0 -64 0
2929 1 63 1
2930 1 63 1
2931 1 63 1
2932 0 -64 0
2933 1 63 1
2934 1 63 1
2935 0 -64 0
2936 0 -64 0
2937 0 -64 0
2938 0 -64 0
2939 0 -64 0
2940 1 63 1
2941 0 -64 0
2942 0 -64 0
2943 1 63 1
2944 0 -64 0
2945 1 63 1
2946 0 -64 0
2947 0 -64 0
2948 1 63 1
2949 1 63 1
2950 0 -64 0
2951 0 -64 0
2952 1 63 1
2953 0 -64 0
2954 0 -64 0
2955 1 63 1
2956 0 -64 0
2957 1 63 1
2958 0 -64 0
2959 0 -64 0
2960 1 63 1
2961 1 63 1
2962 1 63 1
2963 1 63 1
2964 0 -64 0
2965 1 63 1
2966 1 63 1
2967 1 63 1
2968 1 63 1
2969 0 -64 0
2970 0 -64 0
2971 1 63 1
2972 1 63 1
2973 1 63 1
2974 0 -64 0
2975 0 -64 0
2976 0 -64 0
2977 0 -64 0
2978 1 63 1
2979 1 63 1
2980 1 63 1
2981 0 -64 0
2982 1 63 1
2983 0 -64 0
2984 1 63 1
2985 0 -64 0
2986 0 -64 0
2987 0 -64 0
2988 1 63 1
2989 0 -64 0
2990 0 -64 0
2991 0 -64 0
2992 0 -64 0
2993 1 63 1
2994 1 63 1
2995 1 63 1
2996 0 -64 0
2997 0 -64 0
2998 0 -64 0
2999 0 -64 0
3000 1 63 1
3001 0 -64 0
3002 1 63 1
3003 1 63 1
3004 0 -64 0
3005 1 63 1
3006 1 63 1
3007 0 -64 0
3008 0 -64 0
3009 1 63 1
3010 0 -64 0
3011 0 -64 0
3012 1 63 1
3013 0 -64 0
3014 1 63 1
3015 0 -64 0
3016 0 -64 0
3017 1 63 1
3018 0 -64 0
3019 1 63 1
3020 1 63 1
3021 0 -64 0
3022 0 -64 0
3023 0 -64 0
3024 1 63 1
3025 0 -64 0
3026 0 -64 0
3027 1 63 1
3028 1 63 1
3029 1 63 1
3030 1 63 1
3031 0 -64 0
3032 0 -64 0
3033 1 63 1
3034 0 -64 0
3035 1 63 1
3036 1 63 1
3037 1 63 1
3038 1 63 1
3039 1 63 1
3040 1 63 1
3041 0 -64 0
3042 0 -64 0
3043 0 -64 0
3044 1 63 1
3045 1 63 1
3046 1 63 1
3047 0 -64 0
3048 1 63 1
3049 0 -64 0
3050 1 63 1
3051 1 63 1
3052 0 -64 0
3053 1 63 1
3054 1 63 1
3055 1 63 1
3056 1 63 1
3057 0 -64 0
3058 1 63 1
3059 0 -64 0
3060 0 -64 0
3061 0 -64 0
3062 0 -64 0
3063 1 63 1
3064 1 63 1
3065 1 63 1
3066 1 63 1
3067 0 -64 0
3068 0 -64 0
3069 0 -64 0
3070 1 63 1
3071 1 63 1
3072 1 63 1
3073 1 63 1
3074 1 63 1
3075 1 63 1
3076 1 63 1
3077 0 -64 0
3078 1 63 1
3079 1 63 1
3080 0 -64 0
3081 1 63 1
3082 1 63 1
3083 0 -64 0
3084 1 63 1
3085 1 63 1
3086 1 63 1
3087 0 -64 0
3088 0 -64 0
3089 0 -64 0
3090 1 63 1
3091 0 -64 0
3092 1 63 1
3093 1 63 1
3094 0 -64 0
3095 1 63 1
3096 1 63 1
3097 1 63 1
3098 0 -64 0
3099 0 -64 0
3100 1 63 1
3101 1 63 1
3102 0 -64 0
3103 0 -64 0
3104 1 63 1
3105 0 -64 0
3106 0 -64 0
3107 1 63 1
3108 0 -64 0
3109 0 -64 0
3110 0 -64 0
3111 0 -64 0
3112 1 63 1
3113 0 -64 0
3114 0 -64 0
3115 1 63 1
3116 0 -64 0
3117 1 63 1
3118 0 -64 0
3119 0 -64 0
3120 0 -64 0
3121 1 63 1
3122 0 -64 0
3123 0 -64 0
3124 1 63 1
3125 0 -64 0
3126 0 -64 0
3127 1 63 1
3128 0 -64 0
3129 1 63 1
3130 0 -64 0
3131 1 63 1
3132 0 -64 0
3133 1 63 1
3134 1 63 1
3135 1 63 1
3136 0 -64 0
3137 0 -64 0
3138 0 -64 0
3139 1 63 1
3140 0 -64 0
3141 1 63 1
3142 0 -64 0
3143 1 63 1
3144 1 63 1
3145 0 -64 0
3146 1 63 1
3147 0 -64 0
3148 1 63 1
3149 1 63 1
3150 0 -64 0
3151 0 -64 0
3152 1 63 1
3153 1 63 1
3154 0 -64 0
3155 0 -64 0
3156 0 -64 0
3157 1 63 1
3158 0 -64 0
3159 1 63 1
3160 0 -64 0
3161 0 -64 0
3162 1 63 1
3163 0 -64 0
3164 0 -64 0
3165 0 -64 0
3166 1 63 1
3167 0 -64 0
3168 0 -64 0
3169 1 63 1
3170 0 -64 0
3171 1 63 1
3172 1 63 1
3173 0 -64 0
3174 1 63 1
3175 0 -64 0
3176 0 -64 0
3177 0 -64 0
3178 0 -64 0
3179 1 63 1
3180 1 63 1
3181 0 -64 0
3182 1 63 1
3183 1 63 1
3184 0 -64 0
3185 1 63 1
3186 1 63 1
3187 0 -64 0
3188 1 63 1
3189 1 63 1
3190 1 63 1
3191 0 -64 0
3192 1 63 1
3193 0 -64 0
3194 0 -64 0
3195 1 63 1
3196 0 -64 0
3197 0 63 1
3198 1 63 1
3199 0 -64 0
