# idx_orig bit_orig post_llr hard
0 1 57049.67717939 1
1 0 -46217.54996573 0
2 0 -70560.85460542 0
3 1 59205.55399634 1
4 1 62790.96489927 1
5 1 55802.21449040 1
6 0 -36891.71355737 0
7 0 -50570.79753883 0
8 0 -44894.08613269 0
9 1 68248.99682796 1
10 1 59248.90627181 1
11 0 -59821.35703044 0
12 1 57242.37257068 1
13 1 25975.33147796 1
14 0 -50153.77458968 0
15 1 55563.48585511 1
16 0 -66784.37495896 0
17 0 -56269.06297357 0
18 1 54181.27476455 1
19 0 -55807.65985033 0
20 0 -26979.37414802 0
21 0 -57111.64130225 0
22 1 57069.26078875 1
23 0 -64943.95254288 0
24 1 59417.73881142 1
25 0 -50462.79222758 0
26 0 -59909.68119159 0
27 0 -37221.09591489 0
28 0 -53196.15717599 0
29 1 54221.54240673 1
30 1 58896.95852717 1
31 0 -50147.42867672 0
32 1 60416.43877845 1
33 1 48587.17993743 1
34 0 -29962.30615644 0
35 0 -53351.99899909 0
36 1 49219.99617327 1
37 0 -53842.41319039 0
38 1 50595.55407873 1
39 1 51357.07971845 1
40 1 48861.37276577 1
41 1 30860.00539205 1
42 0 -55451.15792838 0
43 1 44928.67330073 1
44 0 -51825.42315131 0
45 0 -49152.81463798 0
46 1 46779.17477320 1
47 0 -42960.65324600 0
48 0 -29576.05983048 0
49 1 50752.58722470 1
50 0 -43982.13146094 0
51 0 -62794.88574203 0
52 0 -53987.10956610 0
53 1 48905.69704092 1
54 0 -47924.29727205 0
55 0 -33204.87262276 0
56 0 -56130.13021425 0
57 1 51109.64158518 1
58 1 56863.72160336 1
59 0 -56947.21483152 0
60 0 -56463.90549794 0
61 0 -54168.88920851 0
62 0 -26514.57865617 0
63 1 54234.94145363 1
64 1 49271.17229799 1
65 0 -54161.00699372 0
66 0 -52814.20693945 0
67 0 -53358.03756522 0
68 0 -56253.35985735 0
69 0 -26589.87024920 0
70 1 49164.12752760 1
71 0 -51716.52320398 0
72 1 52763.77063782 1
73 1 53694.47703674 1
74 0 -48611.12050290 0
75 1 50008.55457970 1
76 0 -26935.19473825 0
77 1 47815.26140822 1
78 1 58750.12723715 1
79 0 -50124.96155992 0
80 0 -56789.78911930 0
81 0 -49936.56036843 0
82 0 -50593.66849577 0
83 0 -20024.14015906 0
84 0 -41613.12293024 0
85 1 59273.85652127 1
86 1 52550.77399573 1
87 1 57314.37689306 1
88 1 50136.52013933 1
89 0 -46869.94239252 0
90 1 13759.43553406 1
91 1 41484.77204367 1
92 1 46213.65645462 1
93 0 -50103.88671835 0
94 0 -46566.49278948 0
95 1 44852.81179651 1
96 1 46275.96035236 1
97 1 13624.10032755 1
98 0 -48106.34691885 0
99 1 46126.98730208 1
100 0 -57421.31276639 0
101 0 -48784.08692910 0
102 0 -52247.19869738 0
103 1 46571.60458007 1
104 0 -7789.14768432 0
105 0 -49474.89483345 0
106 0 -46232.93212080 0
107 0 -44225.68189825 0
108 1 46520.96416050 1
109 0 -50920.30797265 0
110 1 46348.02093151 1
111 1 19043.86606603 1
112 0 -52772.41387937 0
113 1 49731.62332662 1
114 0 -51057.45745972 0
115 1 49415.89305213 1
116 1 59544.37836441 1
117 1 43112.66873466 1
118 0 -32211.06245177 0
119 1 46915.97316971 1
120 1 42876.54388620 1
121 1 50409.14886023 1
122 1 35249.48306472 1
123 0 -58187.89591149 0
124 1 32655.38287327 1
125 0 -26314.27599257 0
126 1 44433.66662949 1
127 0 -40827.10552041 0
128 0 -42217.36804145 0
129 0 -36776.40795051 0
130 0 -48689.86111952 0
131 1 33933.31044972 1
132 0 -25251.24753592 0
133 1 43753.19773250 1
134 0 -40772.75836309 0
135 1 38550.43049366 1
136 0 -42904.74273171 0
137 1 54278.34466515 1
138 0 -42465.96684897 0
139 0 -37118.72457555 0
140 1 45860.13046950 1
141 0 -47516.32820350 0
142 0 -38444.33823523 0
143 1 48016.67066963 1
144 1 58679.51700823 1
145 1 47997.04748078 1
146 0 -34748.79849334 0
147 0 -52690.46508499 0
148 1 59430.66974984 1
149 0 -52327.90856559 0
150 0 -63770.62058440 0
151 0 -61952.07974827 0
152 1 52501.10095957 1
153 0 -32113.90183557 0
154 1 56264.09735730 1
155 0 -46489.49549517 0
156 0 -54711.35140030 0
157 1 60923.81758949 1
158 0 -57054.34318243 0
159 1 55689.18182719 1
160 0 -41902.97476185 0
161 0 -53757.51386794 0
162 1 47887.92650495 1
163 0 -42585.34167177 0
164 1 61595.76951658 1
165 1 60131.96460585 1
166 1 47636.55608928 1
167 0 -34515.08862686 0
168 0 -45382.41108980 0
169 0 -46909.98768755 0
170 1 51393.18543990 1
171 1 59685.24699733 1
172 0 -57406.43799348 0
173 0 -44233.21792472 0
174 0 -38127.27572707 0
175 0 -42468.07425639 0
176 0 -41148.49790474 0
177 0 -43682.95225066 0
178 0 -57742.92779980 0
179 1 46512.15301508 1
180 0 -39134.63210207 0
181 0 -33360.29334193 0
182 0 -43349.51181136 0
183 1 42914.51499896 1
184 0 -51993.75863912 0
185 1 58889.97884819 1
186 1 48987.65432159 1
187 0 -38496.98332309 0
188 1 33274.95115478 1
189 1 45469.44154305 1
190 0 -48827.88582076 0
191 0 -49537.10033785 0
192 0 -54722.65849378 0
193 1 48848.77763947 1
194 1 35216.10599168 1
195 1 33171.48696737 1
196 1 34712.02477425 1
197 1 42695.31090431 1
198 0 -45749.20549609 0
199 0 -46866.63966713 0
200 0 -39802.64578968 0
201 0 -27365.13348419 0
202 0 -25968.23373420 0
203 0 -45979.58614810 0
204 0 -45469.28134059 0
205 1 46172.91829698 1
206 1 51991.81517506 1
207 1 41316.11755593 1
208 0 -27559.76193346 0
209 1 39393.67149450 1
210 0 -37392.14254658 0
211 1 42456.83085016 1
212 1 43067.12259720 1
213 0 -39764.65953153 0
214 0 -47489.28851625 0
215 0 -37349.72315623 0
216 1 28471.80898433 1
217 0 -41809.15250026 0
218 0 -40015.20087213 0
219 0 -49579.13918778 0
220 1 48647.51887485 1
221 0 -50067.96039297 0
222 1 37084.78091786 1
223 1 35155.44496561 1
224 1 46776.68733043 1
225 1 39506.77309691 1
226 0 -44160.70184285 0
227 0 -43567.99706057 0
228 1 49202.39138564 1
229 1 39824.91303026 1
230 1 25433.72955672 1
231 0 -44059.29538417 0
232 0 -33540.94540709 0
233 1 42983.62482549 1
234 0 -47566.76825350 0
235 1 45377.00471038 1
236 1 35208.61501045 1
237 0 -28619.09505147 0
238 0 -46061.88605577 0
239 1 37078.66885948 1
240 1 44260.02467831 1
241 0 -48832.04142838 0
242 1 54621.34596371 1
243 0 -51885.11191875 0
244 0 -32246.77540833 0
245 1 52725.08754959 1
246 0 -40184.46786518 0
247 1 54773.10905839 1
248 1 53519.89070048 1
249 1 57307.85213764 1
250 1 40333.77030288 1
251 0 -46424.78024496 0
252 0 -62949.81016805 0
253 1 39229.21255315 1
254 0 -55832.04448131 0
255 0 -61184.58874158 0
256 0 -58770.20275210 0
257 1 39580.37495732 1
258 0 -31426.34014402 0
259 0 -46402.41147795 0
260 0 -34615.25144932 0
261 1 53530.59308770 1
262 0 -58750.04947817 0
263 1 55074.16284119 1
264 0 -40815.62174893 0
265 0 -29234.15332675 0
266 0 -56910.77914386 0
267 1 40269.32413033 1
268 1 50250.26539951 1
269 1 56437.24130814 1
270 1 45675.14817446 1
271 0 -37171.95700377 0
272 0 -32402.98663858 0
273 0 -57962.06263240 0
274 0 -39911.60423250 0
275 0 -51197.38926410 0
276 0 -55661.28063715 0
277 0 -44175.12724657 0
278 1 39790.59566726 1
279 1 37927.26040677 1
280 0 -55769.04454004 0
281 0 -55984.33164635 0
282 1 52445.93616892 1
283 1 61772.31589820 1
284 0 -52295.11290105 0
285 0 -37810.24174172 0
286 1 41586.51587314 1
287 0 -52836.85934348 0
288 1 43367.61437435 1
289 0 -57995.84949284 0
290 1 60014.80844579 1
291 1 53556.37766234 1
292 0 -36102.78444956 0
293 0 -38088.08080884 0
294 0 -55225.77308624 0
295 1 42114.59100529 1
296 0 -54242.61465933 0
297 0 -57630.81195990 0
298 1 56236.33655917 1
299 1 41156.99210624 1
300 0 -33663.16089225 0
301 0 -43887.59976683 0
302 0 -45463.57694811 0
303 0 -47467.96753393 0
304 0 -53524.24958861 0
305 0 -46234.10113493 0
306 1 36063.13565516 1
307 1 33242.59672571 1
308 1 49168.96831503 1
309 0 -39016.51827238 0
310 0 -48647.25967277 0
311 1 51989.13792383 1
312 0 -47425.15688907 0
313 0 -32181.58100212 0
314 0 -39551.50607081 0
315 1 55435.75891338 1
316 0 -39578.36775326 0
317 1 53026.98531822 1
318 0 -51734.40172667 0
319 1 56976.95592401 1
320 1 41486.52314085 1
321 0 -27278.86386168 0
322 0 -40941.00616851 0
323 0 -39143.64955436 0
324 0 -46203.90443933 0
325 1 42956.46244767 1
326 0 -49533.26462728 0
327 0 -30545.13855316 0
328 0 -25674.74817701 0
329 0 -37504.72323196 0
330 0 -36240.19100148 0
331 0 -39476.03751748 0
332 0 -48720.26753917 0
333 1 45096.40216625 1
334 1 25347.35926189 1
335 1 18663.78006763 1
336 0 -34893.24190822 0
337 0 -26294.27927424 0
338 0 -35093.12255874 0
339 0 -44034.30461667 0
340 1 45081.31393869 1
341 1 30214.26276840 1
342 0 -17632.29163118 0
343 0 -40172.29027504 0
344 0 -28851.29557191 0
345 0 -43253.39851846 0
346 1 45112.18394737 1
347 1 31721.48112099 1
348 1 34719.37744368 1
349 0 -23169.14145905 0
350 0 -40783.20929030 0
351 1 26700.36617896 1
352 0 -27178.61213842 0
353 0 -43110.89317855 0
354 0 -30394.39207371 0
355 0 -18690.24093680 0
356 1 18014.71445302 1
357 1 28583.49834004 1
358 1 14234.75273968 1
359 1 35091.84415394 1
360 1 29645.01333848 1
361 1 28396.49025655 1
362 1 14776.27493042 1
363 1 -7789.14768432 0
364 1 24859.70520279 1
365 1 -14234.75273968 0
366 1 25103.52435249 1
367 0 -27887.36917290 0
368 0 -27249.69938623 0
369 0 12094.48785625 1
370 0 -9312.73701181 0
371 1 25663.67389178 1
372 0 -18377.01786983 0
373 0 -32352.82724572 0
374 0 -32682.80021311 0
375 0 -42486.02148428 0
376 1 20691.03867832 1
377 1 21110.61007607 1
378 0 -39922.20037177 0
379 0 -22053.35732741 0
380 0 -36393.61520009 0
381 0 -37129.92978506 0
382 1 36095.09427362 1
383 0 -21317.00342152 0
384 1 27098.64968737 1
385 0 -46231.10484628 0
386 1 36020.83285240 1
387 0 -39463.03802906 0
388 0 -35598.54639800 0
389 1 36682.53135514 1
390 0 -37808.87193847 0
391 0 -30932.13597773 0
392 0 -43066.14793521 0
393 1 27445.33893826 1
394 0 -51781.22711457 0
395 0 -43068.19905571 0
396 1 37749.91455851 1
397 1 25258.70089369 1
398 1 28948.42478718 1
399 0 -40049.15977042 0
400 1 33417.31077520 1
401 0 -44175.20382951 0
402 1 44400.01011574 1
403 0 -29720.81907071 0
404 0 -33257.28239440 0
405 1 33632.59141176 1
406 0 -47181.26898297 0
407 0 -28361.61843249 0
408 0 -48371.22274390 0
409 0 -37199.68615849 0
410 1 45047.15865393 1
411 1 39621.94318912 1
412 0 -42138.31891382 0
413 1 47103.28500612 1
414 1 37239.81622041 1
415 0 -41412.23027635 0
416 0 -42932.67171996 0
417 0 -52880.77013765 0
418 1 27831.08274778 1
419 1 40050.76525133 1
420 1 49696.66358695 1
421 0 -28051.45297513 0
422 0 -45196.83679135 0
423 0 -38799.18845216 0
424 0 -48936.71059908 0
425 1 26280.87151698 1
426 1 27034.31292275 1
427 0 -37244.22804058 0
428 1 28623.12366385 1
429 0 -42896.31079423 0
430 1 37944.94539000 1
431 0 -50368.03123893 0
432 0 -36372.24464977 0
433 0 -37503.06573662 0
434 1 37068.52698516 1
435 1 20928.57101160 1
436 1 38293.43759531 1
437 1 49658.33295037 1
438 0 -45186.01593464 0
439 1 30691.31614993 1
440 1 29049.62299053 1
441 1 36936.03139451 1
442 0 -25870.30167116 0
443 0 -43802.93978943 0
444 1 49580.31352562 1
445 1 54639.72039088 1
446 1 35453.39793765 1
447 1 30876.47315564 1
448 0 -41457.78254306 0
449 1 43683.06725732 1
450 0 -45877.27626373 0
451 0 -58920.41783812 0
452 1 53506.35808719 1
453 1 40569.69774972 1
454 1 31604.61279594 1
455 0 -53172.89922546 0
456 0 -42805.51046564 0
457 0 -47894.74014761 0
458 1 60425.23254000 1
459 0 -57968.02513146 0
460 0 -41932.65958302 0
461 1 38886.68873741 1
462 0 -50192.76287331 0
463 0 -47258.67068176 0
464 1 58873.20627959 1
465 1 55974.91732306 1
466 0 -57623.57173022 0
467 0 -47073.72013203 0
468 1 42191.20826659 1
469 1 48029.43696080 1
470 1 43631.86776515 1
471 1 48008.24321319 1
472 1 55534.70197867 1
473 1 47616.07261732 1
474 0 -42152.13981930 0
475 1 48518.72015000 1
476 1 55169.68873028 1
477 1 45976.60275349 1
478 1 53124.11774557 1
479 1 54104.22818368 1
480 0 -43564.06366488 0
481 1 30011.72066854 1
482 1 38058.33360964 1
483 0 -59707.79633136 0
484 1 44860.12535265 1
485 0 -42270.89758741 0
486 0 -57146.34482028 0
487 0 -46331.01670257 0
488 0 -42320.35449158 0
489 0 -38237.69852602 0
490 1 56202.91548842 1
491 0 -45306.88500007 0
492 1 55057.69542508 1
493 1 55472.04716411 1
494 0 -50460.76107646 0
495 0 -41999.50927889 0
496 0 -41137.43484174 0
497 1 49810.03343394 1
498 0 -51690.62152608 0
499 1 49289.35027638 1
500 0 -53377.41421624 0
501 1 43983.88511471 1
502 0 -44060.27549155 0
503 0 -43669.34793062 0
504 1 49074.41391360 1
505 0 -49569.14974541 0
506 0 -46004.06406234 0
507 1 54583.26506890 1
508 1 46463.72050161 1
509 0 -46379.13693419 0
510 0 -37777.86567892 0
511 0 -50432.27942520 0
512 0 -44123.15341588 0
513 0 -47217.36290044 0
514 1 59557.76422645 1
515 1 56315.74045112 1
516 1 51324.76398345 1
517 0 -38734.36396700 0
518 0 -45060.65310940 0
519 0 -49199.14252993 0
520 0 -51238.00789113 0
521 1 60325.76166388 1
522 1 54288.03361642 1
523 1 44083.95054242 1
524 1 52500.61987211 1
525 1 43070.21873259 1
526 1 56904.00843928 1
527 1 44697.71082402 1
528 0 -57300.98509390 0
529 1 50915.24247559 1
530 1 38495.24680178 1
531 0 -42512.07690232 0
532 0 -44372.95703376 0
533 1 36965.05602461 1
534 0 -46912.59999552 0
535 1 55445.26262135 1
536 1 50567.44422758 1
537 0 -46600.93514374 0
538 0 -42597.94731627 0
539 0 -52474.90427254 0
540 1 42484.93132815 1
541 1 57788.15517624 1
542 0 -61977.89234301 0
543 0 -56381.30107899 0
544 0 -38073.08220318 0
545 0 -45012.97810745 0
546 0 -49988.88941406 0
547 1 49499.67292415 1
548 1 47173.96567141 1
549 1 62211.55501133 1
550 0 -62917.63817949 0
551 0 -37988.55128007 0
552 1 50014.84115050 1
553 1 51258.22501832 1
554 0 -45010.74227800 0
555 0 -52167.07629082 0
556 0 -63112.34464702 0
557 0 -66811.30885249 0
558 0 -50236.98892670 0
559 1 49628.31174942 1
560 0 -62579.32877749 0
561 0 -52723.07324948 0
562 0 -58113.54154711 0
563 0 -59683.88478227 0
564 0 -55909.97394313 0
565 0 -47505.89914342 0
566 0 -49356.85146242 0
567 0 -60983.01715899 0
568 0 -47810.26398803 0
569 0 -53540.86376325 0
570 0 -59026.68894364 0
571 0 -60190.27777891 0
572 0 -43480.22951543 0
573 1 48523.23337301 1
574 0 -54467.77321814 0
575 0 -50354.79131264 0
576 1 57392.04508405 1
577 1 56016.17498151 1
578 0 -62669.26796131 0
579 1 44819.08721121 1
580 1 50776.75170746 1
581 0 -58616.56313530 0
582 0 -46435.98121082 0
583 1 56863.35486416 1
584 1 52569.90107528 1
585 0 -60890.26258277 0
586 1 49082.05123261 1
587 1 47888.57446513 1
588 0 -55003.92636888 0
589 0 -45547.53176136 0
590 1 61414.37881026 1
591 1 56544.94500602 1
592 1 64163.80641355 1
593 1 46316.90395845 1
594 0 -40369.38524508 0
595 0 -47510.10786441 0
596 1 33171.54458148 1
597 1 52337.55866909 1
598 0 -57476.74954017 0
599 1 57592.71946224 1
600 0 -33671.32508267 0
601 1 36794.40449278 1
602 1 48396.14922283 1
603 1 26069.24807408 1
604 0 -45118.20313735 0
605 1 53725.46897400 1
606 0 -57795.20462441 0
607 0 -31597.26439812 0
608 0 -41372.50998793 0
609 1 48689.49191000 1
610 1 28655.61110064 1
611 0 -45349.61394198 0
612 0 -58557.54540286 0
613 1 56174.84079134 1
614 1 41518.34810517 1
615 1 46451.49960798 1
616 0 -59402.68800929 0
617 1 48813.02869574 1
618 0 -52554.44430219 0
619 0 -65816.34269859 0
620 1 60369.32989983 1
621 1 47876.17242617 1
622 0 -46471.03458595 0
623 0 -50260.03670547 0
624 0 -43585.27032717 0
625 0 -48023.83508732 0
626 0 -59224.70192245 0
627 0 -59332.41912520 0
628 1 39859.95797014 1
629 1 49008.43825514 1
630 1 49467.10650745 1
631 1 41653.50696265 1
632 0 -45626.18407814 0
633 1 60920.06315057 1
634 0 -47845.73278709 0
635 1 42257.83077664 1
636 0 -47751.30070423 0
637 0 -45480.51829097 0
638 1 46176.52187615 1
639 0 -45569.05557724 0
640 1 65269.85990837 1
641 0 -53072.18446364 0
642 1 50125.80710823 1
643 0 -48657.99351500 0
644 0 -55169.71270297 0
645 0 -47675.41167836 0
646 0 -41295.53572040 0
647 1 61036.42382986 1
648 0 -45015.83002827 0
649 1 42707.90831305 1
650 0 -48682.30786151 0
651 1 43251.76923319 1
652 0 -44973.87194414 0
653 0 -31852.80526201 0
654 1 57295.33812822 1
655 1 43902.17725619 1
656 0 -36941.57904578 0
657 0 -40476.04424043 0
658 1 49512.74122225 1
659 0 -43170.55645682 0
660 1 29936.38360786 1
661 0 -54912.55744018 0
662 0 -51652.20682884 0
663 1 38287.79091550 1
664 1 41966.80384368 1
665 0 -44710.36465075 0
666 0 -43394.72037988 0
667 0 -43673.23614712 0
668 0 -54142.23001583 0
669 0 -48205.05651522 0
670 0 -42971.97460005 0
671 1 48463.35794961 1
672 1 43959.61189277 1
673 1 38013.48361792 1
674 0 -54284.32480494 0
675 1 55881.23875021 1
676 0 -53911.26936097 0
677 0 -50460.95440229 0
678 1 48970.83618682 1
679 0 -52177.56333138 0
680 0 -43245.63112894 0
681 1 50986.76737743 1
682 0 -61748.18912492 0
683 0 -53391.98045023 0
684 0 -50479.72763667 0
685 1 57127.75305262 1
686 0 -56570.73142202 0
687 1 52564.81974611 1
688 1 48209.34665758 1
689 0 -68903.13054680 0
690 1 51180.38815522 1
691 0 -52426.95527839 0
692 0 -47181.48562376 0
693 1 63357.01775189 1
694 1 65304.41030228 1
695 1 49693.69027221 1
696 1 59296.07981194 1
697 0 -57532.14222996 0
698 0 -49898.58635007 0
699 1 50965.53750932 1
700 1 52363.11225792 1
701 1 53030.06739315 1
702 0 -54053.13090910 0
703 1 59386.51788093 1
704 0 -55256.52997805 0
705 1 51685.59245800 1
706 0 -50438.57473938 0
707 0 -54175.60534427 0
708 0 -58381.32299678 0
709 1 57331.66053226 1
710 1 70186.75085553 1
711 0 -60083.03232420 0
712 0 -51438.36576218 0
713 0 -54281.66680042 0
714 1 57662.89978712 1
715 0 -57323.76009759 0
716 1 54347.37649527 1
717 0 -69254.62700037 0
718 0 -54763.24658484 0
719 0 -60664.24463037 0
720 0 -54173.78285424 0
721 0 -56107.85820584 0
722 0 -54586.62379141 0
723 1 62060.42051715 1
724 0 -70032.31451933 0
725 1 58532.91975164 1
726 0 -57594.90690397 0
727 1 57754.01955785 1
728 1 60734.03328148 1
729 0 -57203.24733470 0
730 1 61346.45113363 1
731 0 -65208.39891109 0
732 1 58338.90063907 1
733 1 59708.66212702 1
734 0 -49392.81570493 0
735 0 -58937.50978438 0
736 1 59149.82302436 1
737 0 -60594.69764421 0
738 0 -60479.82285464 0
739 0 -62737.64556698 0
740 0 -51659.39339875 0
741 0 -53114.20267072 0
742 0 -49926.21921985 0
743 1 54790.93407025 1
744 0 -61833.93539742 0
745 1 61583.27648035 1
746 0 -63704.30781884 0
747 1 53928.02679649 1
748 1 46777.13337476 1
749 0 -58548.88623098 0
750 1 46369.29861858 1
751 0 -61198.80197670 0
752 0 -67275.59070951 0
753 0 -48717.07103859 0
754 1 64598.87611899 1
755 1 44140.71031572 1
756 0 -59562.14660009 0
757 1 47035.81959127 1
758 1 58169.61810459 1
759 1 63294.84389066 1
760 1 48182.32616376 1
761 0 -50078.19390160 0
762 0 -47755.47980852 0
763 0 -55310.39855166 0
764 0 -45203.43887239 0
765 0 -58903.68962325 0
766 1 72038.86567777 1
767 1 55064.60981517 1
768 0 -50826.94971171 0
769 0 -48902.49177684 0
770 1 54008.59017685 1
771 0 -36335.78920048 0
772 0 -55100.35336226 0
773 0 -61802.27897459 0
774 0 -49886.36233817 0
775 1 46003.63517939 1
776 1 46947.14351915 1
777 1 57758.39866059 1
778 0 -34779.50953736 0
779 0 -56086.43904016 0
780 1 62908.89484253 1
781 1 53149.40978662 1
782 0 -50691.87077021 0
783 0 -55256.99353677 0
784 1 54448.15114368 1
785 1 46309.41497944 1
786 1 57766.99959213 1
787 0 -65334.78945519 0
788 0 -37630.22534641 0
789 1 46559.71515609 1
790 1 51835.07501101 1
791 1 47627.28628922 1
792 0 -46305.15506344 0
793 1 46769.38364626 1
794 0 -60239.38060340 0
795 0 -43534.55346718 0
796 0 -55188.81219193 0
797 0 -51932.99701256 0
798 0 -49856.54010489 0
799 1 38520.13292430 1
800 0 -52915.45263547 0
801 1 66931.91871790 1
802 0 -47483.62923137 0
803 1 57654.91971697 1
804 1 58413.15301749 1
805 1 45618.01298598 1
806 1 54985.11018926 1
807 1 46629.56080473 1
808 1 66732.61467436 1
809 0 -59278.55229894 0
810 1 58822.61353082 1
811 1 51644.98373872 1
812 0 -48459.01659109 0
813 0 -58906.66253034 0
814 1 59848.48756839 1
815 1 67530.58117080 1
816 0 -57204.12586267 0
817 0 -51833.12504123 0
818 1 48624.66695736 1
819 1 44610.56113862 1
820 1 45379.09598310 1
821 0 -53167.98529062 0
822 0 -64495.08640865 0
823 1 47446.37911675 1
824 1 43269.37293072 1
825 0 -48966.88985070 0
826 1 42521.07992013 1
827 0 -45062.99661215 0
828 0 -60460.77922293 0
829 0 -59841.85778999 0
830 0 -42217.27827881 0
831 1 45670.21464388 1
832 0 -42809.53727100 0
833 0 -40188.92607980 0
834 1 45872.04884733 1
835 0 -56352.06617469 0
836 0 -55414.27309302 0
837 0 -40866.60366283 0
838 0 -53301.39836145 0
839 1 47404.09912835 1
840 1 40073.68291859 1
841 0 -48699.71220165 0
842 0 -49481.93113392 0
843 0 -56015.49312121 0
844 1 36616.24986875 1
845 1 49997.35049559 1
846 1 56057.71828828 1
847 0 -32434.96809824 0
848 0 -43375.95863575 0
849 1 38439.04683657 1
850 0 -66392.11213268 0
851 1 44701.87326790 1
852 1 55136.55161673 1
853 1 48096.86580597 1
854 0 -40879.58066854 0
855 1 54353.40272264 1
856 0 -42238.67597458 0
857 0 -58752.77086884 0
858 0 -44999.96243851 0
859 1 42093.40099870 1
860 0 -51448.33539829 0
861 0 -41207.31023512 0
862 1 48080.11531693 1
863 1 45172.06949647 1
864 0 -60486.95832387 0
865 0 -32819.27757911 0
866 1 42372.20896981 1
867 1 39989.03326793 1
868 0 -32353.15383391 0
869 0 -45489.58088103 0
870 0 -42880.04620426 0
871 1 56899.25915665 1
872 1 32135.84079329 1
873 1 47658.64810235 1
874 1 40593.87350456 1
875 1 27966.05387790 1
876 0 -56427.00840385 0
877 0 -57908.54744652 0
878 1 59846.95200565 1
879 0 -44138.92586415 0
880 0 -58487.73388275 0
881 0 -49327.43618229 0
882 0 -47456.03231435 0
883 1 59972.35518228 1
884 1 62692.88670036 1
885 1 69874.14655892 1
886 1 40936.10824529 1
887 1 60198.21606200 1
888 0 -53534.58105182 0
889 0 -42438.38413189 0
890 1 56441.66516792 1
891 1 46400.64893414 1
892 0 -62379.76380345 0
893 1 45136.22707412 1
894 1 47615.96606089 1
895 1 40333.21117881 1
896 1 35527.21949716 1
897 0 -54569.16096068 0
898 0 -47484.07548351 0
899 0 -51811.02403142 0
900 0 -32494.90733951 0
901 1 47211.83166128 1
902 1 43066.58837525 1
903 1 39356.36749284 1
904 0 -55377.84256231 0
905 1 48529.14934897 1
906 1 49501.75952466 1
907 0 -41984.30982541 0
908 1 44868.57939254 1
909 1 51903.94828682 1
910 1 48623.43298551 1
911 1 54833.53022231 1
912 1 50610.09442672 1
913 1 51413.71788634 1
914 0 -44627.79619572 0
915 0 -54522.24847131 0
916 0 -49881.63281844 0
917 0 -47634.86746659 0
918 1 51960.60363615 1
919 1 55505.01854693 1
920 0 -67064.43828802 0
921 1 52881.96155338 1
922 1 53339.79408123 1
923 0 -53672.75667020 0
924 1 46028.67323776 1
925 1 52838.01234619 1
926 1 49098.00475279 1
927 0 -59857.86281817 0
928 0 -42627.18402703 0
929 0 -52659.41919011 0
930 0 -48624.95909556 0
931 0 -50343.48877345 0
932 0 -51783.12637129 0
933 0 -47665.85957047 0
934 1 59568.58131540 1
935 0 -46699.44503777 0
936 0 -51424.24574456 0
937 1 48267.32918872 1
938 0 -52260.32798160 0
939 1 56296.50367795 1
940 0 -54874.38749070 0
941 0 -55518.67914672 0
942 0 -60453.68637433 0
943 0 -56204.24519902 0
944 1 55402.94710546 1
945 1 49359.23506919 1
946 0 -61396.41048216 0
947 1 58785.04162902 1
948 1 65347.35470856 1
949 0 -56962.95707708 0
950 1 61891.45079382 1
951 0 -57299.40555091 0
952 1 48155.69531871 1
953 0 -65279.86164117 0
954 0 -55541.70584054 0
955 1 59799.69380601 1
956 1 59649.25843770 1
957 0 -54328.06432372 0
958 0 -65712.84891258 0
959 1 52834.70041437 1
960 1 65544.21220512 1
961 1 48957.28057879 1
962 1 54787.22092774 1
963 1 65078.71194149 1
964 0 -46668.67592816 0
965 0 -62549.05614203 0
966 1 48619.07972925 1
967 0 -64186.75558767 0
968 0 -51770.47991367 0
969 1 53734.05417564 1
970 1 48899.32870710 1
971 1 46246.13910618 1
972 0 -55270.40639426 0
973 0 -52693.51873817 0
974 1 63199.71245688 1
975 1 50336.17059706 1
976 1 52225.26467839 1
977 0 -41240.80559479 0
978 0 -45389.97548643 0
979 0 -55571.12021382 0
980 0 -51011.71526214 0
981 1 58149.51598356 1
982 1 46522.14333624 1
983 1 52879.62831468 1
984 1 47342.00423575 1
985 1 46657.66412639 1
986 0 -51812.54916823 0
987 0 -39735.94051415 0
988 1 56329.10579974 1
989 0 -42328.87429749 0
990 0 -46931.59678394 0
991 1 48018.86039896 1
992 1 42470.36265519 1
993 1 57990.54284468 1
994 0 -39206.81701652 0
995 1 56018.76309703 1
996 1 35311.37747210 1
997 0 -50777.76127844 0
998 0 -40373.34145724 0
999 0 -41593.82227379 0
1000 0 -47342.86454953 0
1001 0 -42164.67185342 0
1002 0 -59906.42205442 0
1003 0 -28395.34933945 0
1004 0 -46709.38923344 0
1005 1 48321.93212830 1
1006 0 -43067.62150206 0
1007 0 -54866.63600751 0
1008 0 -37581.41353820 0
1009 1 61750.78437663 1
1010 1 27093.96428099 1
1011 1 52104.91418012 1
1012 0 -50358.37548251 0
1013 0 -36539.77385450 0
1014 0 -47350.95111659 0
1015 0 -43385.62667080 0
1016 0 -65562.80703043 0
1017 0 -38005.19597706 0
1018 0 -43536.64449268 0
1019 1 36158.35950902 1
1020 1 39822.79347049 1
1021 0 -48358.11126614 0
1022 1 47031.83022135 1
1023 0 -54409.87926548 0
1024 1 32309.51349212 1
1025 1 46623.86938842 1
1026 0 -37573.75636079 0
1027 0 -38677.05920509 0
1028 1 49958.95392804 1
1029 1 50673.02859212 1
1030 1 60049.80198863 1
1031 0 -50984.42311846 0
1032 0 -58149.71536919 0
1033 0 -48927.88874262 0
1034 0 -40188.17216529 0
1035 0 -56136.07356073 0
1036 1 50798.65966367 1
1037 0 -59019.31858510 0
1038 1 43848.13128515 1
1039 1 52293.17011192 1
1040 1 49573.42463880 1
1041 0 -50421.75999334 0
1042 1 52478.66486785 1
1043 0 -51626.07948704 0
1044 1 61169.47428713 1
1045 0 -42200.01799606 0
1046 1 51889.96613187 1
1047 0 -49195.48975521 0
1048 0 -47525.00121972 0
1049 1 57588.65029319 1
1050 0 -54631.79311503 0
1051 0 -61587.06532840 0
1052 0 -55426.65467175 0
1053 1 53711.97432701 1
1054 1 45373.90770669 1
1055 1 47996.95915490 1
1056 1 49380.05266473 1
1057 1 50844.31048571 1
1058 0 -68845.01906853 0
1059 1 44966.04387220 1
1060 1 58117.22736117 1
1061 1 44083.06248400 1
1062 0 -41802.94488948 0
1063 0 -44837.39923760 0
1064 0 -43457.75648707 0
1065 1 60496.75536377 1
1066 1 41525.58765502 1
1067 0 -44892.73534382 0
1068 0 -47951.14072425 0
1069 0 -38536.39811955 0
1070 0 -41426.30954850 0
1071 1 38916.80310742 1
1072 1 58919.56809136 1
1073 1 34078.01228430 1
1074 0 -46505.51222258 0
1075 1 48258.19560394 1
1076 0 -43312.26157001 0
1077 1 43364.92018067 1
1078 1 36516.52087753 1
1079 0 -59052.75434156 0
1080 1 46617.47887827 1
1081 0 -50370.83797208 0
1082 1 49510.90477448 1
1083 1 45286.91353625 1
1084 0 -44773.20227671 0
1085 0 -47182.17146971 0
1086 0 -58000.44494303 0
1087 0 -53274.75123413 0
1088 0 -54454.35718963 0
1089 1 50974.97972743 1
1090 0 -49056.74824975 0
1091 1 53951.01527582 1
1092 0 -49214.41313843 0
1093 0 -57191.81914838 0
1094 1 50182.78335754 1
1095 1 56091.81004826 1
1096 1 52454.65226489 1
1097 1 42367.93714188 1
1098 0 -51688.99174568 0
1099 1 44197.51474105 1
1100 1 55828.20881850 1
1101 1 44389.76228390 1
1102 0 -51235.02642923 0
1103 0 -48791.36065151 0
1104 1 38150.68133893 1
1105 0 -50526.91921340 0
1106 1 52187.17239071 1
1107 0 -54713.37901114 0
1108 1 42876.31590279 1
1109 1 45329.97188874 1
1110 1 49633.87874741 1
1111 0 -38191.93744252 0
1112 1 50325.27031256 1
1113 0 -44161.79271365 0
1114 1 53888.99594416 1
1115 1 45204.96979447 1
1116 1 46089.62504728 1
1117 1 45615.94630248 1
1118 0 -40673.30618538 0
1119 1 41735.71813094 1
1120 0 -34408.88537802 0
1121 1 53464.39864175 1
1122 0 -34959.46430594 0
1123 0 -38443.59181431 0
1124 0 -38716.41053841 0
1125 1 30506.73285206 1
1126 0 -35876.17435714 0
1127 1 34022.22477700 1
1128 1 52347.76684452 1
1129 0 -34129.56993094 0
1130 1 40575.89254663 1
1131 1 36545.30371211 1
1132 0 -28211.13304513 0
1133 0 -35819.84675262 0
1134 0 -36788.59019909 0
1135 0 -53551.84929927 0
1136 1 36803.20023517 1
1137 0 -52850.21622412 0
1138 1 47104.37623386 1
1139 1 43032.36888244 1
1140 0 -53985.98531923 0
1141 0 -47531.95394219 0
1142 1 51448.51562434 1
1143 0 -46632.30337139 0
1144 1 52446.89558837 1
1145 0 -47219.56605410 0
1146 1 33020.85109248 1
1147 0 -51349.74010426 0
1148 1 48749.92735005 1
1149 0 -49812.17390559 0
1150 0 -41654.79396597 0
1151 1 51376.05059563 1
1152 0 -48566.74228853 0
1153 0 -49690.95465729 0
1154 1 59698.22965127 1
1155 0 -41005.33828299 0
1156 1 50409.25770315 1
1157 0 -53424.98491100 0
1158 0 -60861.72985871 0
1159 1 61223.59711129 1
1160 1 58526.83523515 1
1161 1 61382.61432727 1
1162 0 -47447.62915716 0
1163 1 55475.92317824 1
1164 1 64752.88857530 1
1165 0 -63309.41502237 0
1166 0 -52129.44525625 0
1167 1 53683.37046021 1
1168 0 -53009.17482566 0
1169 0 -55257.15093292 0
1170 0 -61129.18764766 0
1171 0 -58486.39535111 0
1172 0 -59606.56779312 0
1173 0 -48761.29961192 0
1174 0 -54262.96713323 0
1175 1 57877.06005514 1
1176 1 57677.07339959 1
1177 0 -68413.16348274 0
1178 0 -50946.36579654 0
1179 0 -52594.47325641 0
1180 0 -43580.55077359 0
1181 1 50545.29743257 1
1182 1 46974.42876207 1
1183 0 -59230.83034733 0
1184 0 -60391.53695204 0
1185 1 48962.87378474 1
1186 0 -51926.52606957 0
1187 0 -51817.30102749 0
1188 0 -47021.62080806 0
1189 0 -52289.61045011 0
1190 1 53922.97098741 1
1191 0 -51561.05462034 0
1192 0 -41672.47317092 0
1193 0 -51970.90070278 0
1194 1 31036.21844949 1
1195 0 -41167.13892939 0
1196 1 44528.91339656 1
1197 1 47339.35583307 1
1198 0 -43424.24972274 0
1199 1 42138.96462624 1
1200 1 51538.73463925 1
1201 1 31451.13058483 1
1202 0 -31862.70660005 0
1203 1 44082.07344737 1
1204 1 46410.07327413 1
1205 0 -43027.29330332 0
1206 1 47704.96272355 1
1207 1 54956.36784685 1
1208 1 40759.83466409 1
1209 1 47158.59490380 1
1210 1 52250.61536543 1
1211 1 46284.63964762 1
1212 0 -51663.83357253 0
1213 1 52478.76527673 1
1214 1 54757.49155247 1
1215 1 44872.69381193 1
1216 0 -48183.03939023 0
1217 1 44954.25022579 1
1218 1 53334.88593401 1
1219 0 -49428.73059597 0
1220 1 57498.60923243 1
1221 1 56168.16122259 1
1222 0 -48491.04606404 0
1223 1 46289.24464700 1
1224 1 48921.30831236 1
1225 0 -56886.93863586 0
1226 0 -48496.15814831 0
1227 0 -58508.66976599 0
1228 1 45040.89197064 1
1229 0 -53889.81642459 0
1230 1 41742.13690191 1
1231 1 54412.81567486 1
1232 0 -50219.34945268 0
1233 0 -61803.41683772 0
1234 1 54953.76191438 1
1235 0 -54420.34756115 0
1236 1 49351.92981254 1
1237 1 44329.37951855 1
1238 1 39251.99266229 1
1239 1 47017.71588156 1
1240 1 52765.32501313 1
1241 0 -54509.43393587 0
1242 0 -52093.56047412 0
1243 1 42781.54919511 1
1244 0 -46901.27456292 0
1245 0 -42987.33231228 0
1246 1 43347.28971993 1
1247 0 -52731.24829016 0
1248 1 40419.71957369 1
1249 0 -36791.33107473 0
1250 0 -38312.50629698 0
1251 0 -37588.14761555 0
1252 0 -36981.13769246 0
1253 1 32926.20466203 1
1254 1 47316.76290428 1
1255 1 44080.22782310 1
1256 1 38740.31893243 1
1257 1 21148.88474030 1
1258 1 27131.37637561 1
1259 1 26964.01569966 1
1260 0 -35041.45802777 0
1261 1 53855.67384346 1
1262 0 -48455.07695239 0
1263 1 41114.11510989 1
1264 0 -22587.42793090 0
1265 1 27249.97282552 1
1266 1 35244.13261067 1
1267 0 -44909.78412390 0
1268 1 59675.24167085 1
1269 1 62054.04252894 1
1270 0 -50286.16238820 0
1271 0 -33511.45093582 0
1272 0 -39830.64232703 0
1273 1 39722.39865722 1
1274 0 -51938.71703707 0
1275 1 57882.86398160 1
1276 0 -56772.31911539 0
1277 0 -49588.95399001 0
1278 0 -36078.68041694 0
1279 0 -40309.97562602 0
1280 0 -31288.85476689 0
1281 1 48156.50829849 1
1282 1 60603.54592902 1
1283 0 -61881.89508377 0
1284 1 51246.13806347 1
1285 1 40817.49304913 1
1286 1 37224.95816729 1
1287 0 -36438.74759450 0
1288 0 -58283.92472587 0
1289 1 50508.50382977 1
1290 1 54627.11707877 1
1291 1 61802.32630763 1
1292 0 -48920.71918950 0
1293 0 -33823.72259003 0
1294 0 -38327.00709286 0
1295 0 -46820.79018840 0
1296 1 51875.43267978 1
1297 1 67968.96977751 1
1298 0 -58122.28183211 0
1299 0 -48502.58117126 0
1300 0 -35862.02520040 0
1301 0 -43239.33111007 0
1302 1 43963.01226096 1
1303 1 59549.72455184 1
1304 1 60793.65701744 1
1305 1 57900.45364888 1
1306 1 44145.05446822 1
1307 1 32146.60808368 1
1308 0 -41917.02738767 0
1309 0 -40354.02489439 0
1310 0 -58782.18653855 0
1311 0 -61110.38918616 0
1312 1 59345.79621610 1
1313 0 -49027.65336767 0
1314 1 34916.22498646 1
1315 1 47109.20415901 1
1316 1 47509.74035862 1
1317 1 58741.35758890 1
1318 1 63076.94294397 1
1319 0 -59516.88302120 0
1320 1 53029.95339545 1
1321 0 -39350.94565587 0
1322 0 -44991.78240184 0
1323 0 -59487.58183215 0
1324 0 -64467.43092221 0
1325 1 72224.55514197 1
1326 1 66565.72530661 1
1327 0 -53194.43066391 0
1328 0 -41651.76427427 0
1329 1 52565.45283643 1
1330 1 49695.61379984 1
1331 0 -53103.14724179 0
1332 0 -67449.75144808 0
1333 1 51578.32868250 1
1334 0 -39561.63791332 0
1335 0 -23315.36301252 0
1336 0 -57316.98703668 0
1337 1 39357.74470896 1
1338 0 -52437.04514560 0
1339 1 59116.47672995 1
1340 1 63510.33986261 1
1341 0 -36222.12261683 0
1342 0 -33508.19976974 0
1343 1 52506.93715305 1
1344 0 -32450.49491125 0
1345 1 50302.61237531 1
1346 0 -47709.76202215 0
1347 1 50035.32728567 1
1348 0 -38922.36539196 0
1349 1 13445.70889962 1
1350 0 -40528.18007661 0
1351 1 26124.06401729 1
1352 0 -47025.75803486 0
1353 0 -54177.93904984 0
1354 1 46013.76900028 1
1355 0 -29262.29226456 0
1356 1 11188.00302441 1
1357 1 46251.16814209 1
1358 1 29352.80213128 1
1359 1 47397.90286263 1
1360 1 50278.56181586 1
1361 0 -50858.13972529 0
1362 1 32460.46172195 1
1363 0 -20701.14560989 0
1364 0 -46882.90331037 0
1365 0 -41919.63114178 0
1366 0 -52161.84333857 0
1367 0 -57022.26846863 0
1368 0 -49501.57439866 0
1369 0 -40366.44045117 0
1370 1 33789.46645245 1
1371 0 -55236.93688450 0
1372 1 49027.89083504 1
1373 1 58815.50107482 1
1374 0 -64053.28687400 0
1375 0 -54673.75046788 0
1376 1 44659.26005614 1
1377 0 -34463.17786393 0
1378 1 58467.71098820 1
1379 1 43816.48012462 1
1380 1 55972.60067684 1
1381 0 -62520.33266835 0
1382 0 -51423.31646092 0
1383 0 -38893.21757257 0
1384 1 33239.13029770 1
1385 1 51821.89588681 1
1386 0 -46184.60554199 0
1387 1 58414.08413617 1
1388 1 57694.01304330 1
1389 0 -53993.77369442 0
1390 0 -44554.38186169 0
1391 0 -45584.11346778 0
1392 1 56830.32381849 1
1393 0 -40562.74672986 0
1394 1 56742.97571446 1
1395 0 -38181.27059413 0
1396 1 61758.31987095 1
1397 1 44376.64209764 1
1398 1 33276.63201424 1
1399 0 -50850.47336285 0
1400 1 44287.95908773 1
1401 0 -49070.18498289 0
1402 0 -51398.00020955 0
1403 0 -53990.97884566 0
1404 0 -42445.78871034 0
1405 0 -24687.27409054 0
1406 0 -40940.06292841 0
1407 1 31798.81547718 1
1408 0 -52624.72870405 0
1409 1 41685.82564576 1
1410 0 -56850.55750083 0
1411 1 31594.09891066 1
1412 1 24099.93997891 1
1413 1 40915.82429745 1
1414 1 33330.69627839 1
1415 0 -40732.09663133 0
1416 0 -48316.08153046 0
1417 0 -50618.01419642 0
1418 1 48878.26357376 1
1419 0 -27393.39935896 0
1420 0 -41973.52762686 0
1421 0 -33527.39211611 0
1422 0 -42613.10825613 0
1423 1 40999.36271531 1
1424 1 54042.84629750 1
1425 1 39418.10816433 1
1426 1 36295.33425569 1
1427 0 -37008.40958973 0
1428 1 28451.17649388 1
1429 1 46539.66818099 1
1430 1 41826.20532779 1
1431 0 -52132.54370598 0
1432 0 -20537.25696036 0
1433 0 -29934.07828496 0
1434 1 36021.99185387 1
1435 0 -31897.04799730 0
1436 1 34626.59877425 1
1437 0 -43989.04941611 0
1438 0 -51881.66433450 0
1439 1 24340.12902737 1
1440 1 37039.81628904 1
1441 0 -36059.40108192 0
1442 0 -34726.08722949 0
1443 1 50219.87384312 1
1444 0 -51336.59969708 0
1445 1 50388.81946809 1
1446 0 -27618.69063678 0
1447 1 37881.56811300 1
1448 1 51008.20680424 1
1449 0 -40283.00601783 0
1450 0 -48151.35640526 0
1451 0 -53950.53943557 0
1452 1 50214.06412849 1
1453 1 39680.47804908 1
1454 1 44610.72784249 1
1455 0 -55514.76505633 0
1456 1 40190.42432288 1
1457 0 -54711.26253701 0
1458 1 51012.87215785 1
1459 0 -59072.04581571 0
1460 0 -46577.24832943 0
1461 0 -41434.91466128 0
1462 1 44425.08812705 1
1463 1 42405.52216465 1
1464 0 -47089.55173977 0
1465 0 -53773.34721850 0
1466 0 -47951.66922370 0
1467 0 -38975.06453193 0
1468 0 -31976.15400226 0
1469 1 46407.93128436 1
1470 1 35380.54085539 1
1471 0 -45557.56324027 0
1472 0 -60543.60463003 0
1473 0 -46443.40732920 0
1474 0 -38428.76793294 0
1475 1 32110.75296414 1
1476 1 47847.59348584 1
1477 1 36845.93187229 1
1478 1 40415.80367171 1
1479 1 49791.15706269 1
1480 1 42904.02273707 1
1481 1 31508.20852155 1
1482 1 35943.28636305 1
1483 1 54221.34334496 1
1484 0 -40737.91748167 0
1485 0 -50401.57878037 0
1486 0 -56386.95737126 0
1487 1 43671.30294506 1
1488 1 31430.80618535 1
1489 1 37893.21496798 1
1490 1 54050.39116321 1
1491 0 -42002.80435557 0
1492 1 52099.15019509 1
1493 0 -52248.63677504 0
1494 0 -45747.39737515 0
1495 1 40934.46134537 1
1496 0 -40406.37267480 0
1497 0 -50837.91345945 0
1498 0 -42266.82614023 0
1499 1 55184.10975461 1
1500 1 63882.11024944 1
1501 0 -54076.74851924 0
1502 0 -48404.27997795 0
1503 0 -41472.24778089 0
1504 0 -56966.21629136 0
1505 1 41264.32280581 1
1506 1 56601.33359740 1
1507 0 -58011.82780421 0
1508 1 48458.77010720 1
1509 0 -46801.49373282 0
1510 0 -41650.26426148 0
1511 0 -48154.43946045 0
1512 1 42715.36412275 1
1513 0 -47152.68249719 0
1514 1 52869.65281276 1
1515 0 -48208.42727022 0
1516 0 -48439.64791981 0
1517 1 30045.31111209 1
1518 1 47554.97413076 1
1519 0 -31831.19734180 0
1520 1 42858.24716396 1
1521 0 -48574.13027568 0
1522 1 47557.60227923 1
1523 1 44171.00460837 1
1524 1 33044.17321189 1
1525 0 -42297.61082796 0
1526 0 -33526.52308180 0
1527 0 -57036.67522867 0
1528 0 -48288.48420520 0
1529 1 57638.40186176 1
1530 0 -48726.67778079 0
1531 1 38417.09150832 1
1532 1 51143.54135981 1
1533 1 25287.93180709 1
1534 1 52774.87359219 1
1535 1 46875.08733959 1
1536 0 -57723.72817732 0
1537 1 51051.78651009 1
1538 0 -37218.79043957 0
1539 0 -53868.42712130 0
1540 0 -32649.12757137 0
1541 0 -56054.82026529 0
1542 0 -52200.90447968 0
1543 1 61693.35939237 1
1544 1 49513.80208016 1
1545 0 -44484.14390780 0
1546 0 -49876.07348264 0
1547 1 38876.43044133 1
1548 1 59366.75956901 1
1549 0 -50485.31371728 0
1550 1 54898.85776219 1
1551 1 47833.92254253 1
1552 1 43604.72720830 1
1553 1 47997.60688285 1
1554 0 -48820.53533368 0
1555 1 50236.38493130 1
1556 1 55519.66007069 1
1557 1 49626.67239272 1
1558 1 49334.83644699 1
1559 1 51586.53778408 1
1560 0 -53643.20515863 0
1561 0 -41055.53231889 0
1562 1 45696.73096471 1
1563 1 56901.02203957 1
1564 0 -43503.12610563 0
1565 1 40172.53300403 1
1566 0 -46662.55743548 0
1567 1 30758.99231482 1
1568 0 -33846.69227672 0
1569 0 -41182.51189997 0
1570 1 60127.52743540 1
1571 1 40610.71749317 1
1572 0 -43837.84284358 0
1573 0 -46559.59565348 0
1574 1 39150.14588221 1
1575 1 33445.15198922 1
1576 0 -42487.82445188 0
1577 0 -51651.34157117 0
1578 1 43186.82841966 1
1579 0 -37579.86809834 0
1580 1 33958.28483334 1
1581 1 44097.13981883 1
1582 0 -36171.12440497 0
1583 0 -30962.66559070 0
1584 1 50176.63847909 1
1585 0 -39440.46895335 0
1586 0 -43160.52548718 0
1587 0 -26624.70431148 0
1588 1 39411.99200870 1
1589 1 31890.67444757 1
1590 0 -33609.74389843 0
1591 1 43212.18292232 1
1592 1 35496.84605923 1
1593 0 -33545.60422166 0
1594 1 25712.01835763 1
1595 1 39115.39365296 1
1596 0 -38076.83102301 0
1597 0 -41876.35132809 0
1598 0 -54241.39674306 0
1599 0 -44889.46216388 0
1600 0 -39873.43621160 0
1601 1 33681.16034824 1
1602 0 -49828.34551212 0
1603 1 48180.06577155 1
1604 0 -42212.21918529 0
1605 0 -60923.82954708 0
1606 1 48532.68749653 1
1607 1 37555.35620790 1
1608 1 37271.88136945 1
1609 0 -48546.50501465 0
1610 0 -44540.27697309 0
1611 1 49827.81178624 1
1612 0 -54380.91572877 0
1613 0 -52471.14932376 0
1614 1 41892.98448496 1
1615 0 -40513.63136711 0
1616 1 50426.00215776 1
1617 1 42116.98668964 1
1618 0 -60256.83103875 0
1619 0 -45199.62492262 0
1620 1 52519.56350935 1
1621 1 45566.48597444 1
1622 1 38720.22283455 1
1623 1 38985.96128381 1
1624 0 -41930.12064893 0
1625 0 -48333.16085616 0
1626 0 -40121.28514992 0
1627 0 -47341.07460759 0
1628 0 -35319.82936322 0
1629 1 29881.73186322 1
1630 1 38137.75727469 1
1631 1 34124.13277192 1
1632 1 45011.14199488 1
1633 1 37204.62381744 1
1634 1 35392.11834904 1
1635 1 30241.42160031 1
1636 0 -30923.69097477 0
1637 0 -39126.83421813 0
1638 1 28283.10645502 1
1639 0 -51171.52184680 0
1640 1 33335.17380114 1
1641 0 -21500.71013624 0
1642 1 26185.84078772 1
1643 0 -20160.46540207 0
1644 1 28958.11649532 1
1645 1 24751.56454228 1
1646 0 -51952.70859406 0
1647 0 -40571.49471263 0
1648 1 37735.91941213 1
1649 0 -28143.21380474 0
1650 1 33381.21263107 1
1651 1 36823.65388226 1
1652 1 38261.12384024 1
1653 1 51284.96154229 1
1654 0 -40388.66007902 0
1655 0 -35924.33282405 0
1656 1 22671.21169486 1
1657 1 36357.29982785 1
1658 0 -25033.83859379 0
1659 0 -27471.65770070 0
1660 1 46621.74338331 1
1661 0 -32492.75482029 0
1662 1 20469.90202966 1
1663 0 -18824.30429862 0
1664 0 -26227.60490570 0
1665 0 -25550.05414488 0
1666 0 -34556.62227893 0
1667 1 53029.76255958 1
1668 1 45238.37577277 1
1669 0 -31206.28091791 0
1670 1 33285.97071633 1
1671 1 35004.64711031 1
1672 0 -37576.90149263 0
1673 1 42117.36781686 1
1674 0 -61951.96801257 0
1675 0 -43722.28321782 0
1676 0 -41705.66029969 0
1677 1 42012.64116239 1
1678 1 30309.31048063 1
1679 0 -37787.38546904 0
1680 1 39326.68716340 1
1681 0 -57050.51183357 0
1682 1 41195.11568258 1
1683 1 37101.98383879 1
1684 0 -40520.72040099 0
1685 0 -30300.13167013 0
1686 1 44806.35574304 1
1687 1 41188.39636615 1
1688 0 -52837.20576889 0
1689 0 -46661.62385584 0
1690 0 -40787.84837982 0
1691 0 -39810.99010340 0
1692 1 34564.40357831 1
1693 1 39493.54992310 1
1694 1 35562.75657229 1
1695 1 54661.39857033 1
1696 0 -45370.99136355 0
1697 1 30657.47057427 1
1698 1 30504.41388578 1
1699 1 26446.56002002 1
1700 0 -36106.38604322 0
1701 0 -33376.58415870 0
1702 1 52819.23802015 1
1703 0 -46462.58162398 0
1704 0 -39666.08871189 0
1705 1 34838.84389314 1
1706 1 31247.86046527 1
1707 1 38543.72355495 1
1708 0 -27997.63091091 0
1709 0 -52387.27930435 0
1710 0 -48571.18022653 0
1711 0 -44137.34544502 0
1712 1 40078.29235669 1
1713 1 29339.36267751 1
1714 0 -41458.38699993 0
1715 0 -45401.02173799 0
1716 0 -61805.63325047 0
1717 0 -44266.11550410 0
1718 1 51046.15581589 1
1719 1 33592.87549303 1
1720 1 42286.75180353 1
1721 1 46727.95795787 1
1722 1 28323.99320688 1
1723 1 59202.97640403 1
1724 0 -49294.50769172 0
1725 1 58346.06889773 1
1726 1 48446.02830442 1
1727 0 -43913.93001788 0
1728 0 -46409.58778201 0
1729 0 -29482.54906124 0
1730 1 44866.07982084 1
1731 1 52735.81067677 1
1732 1 49287.54138909 1
1733 1 41233.36883939 1
1734 1 33318.11088139 1
1735 0 -42857.37005064 0
1736 1 25596.69703572 1
1737 1 52669.04305788 1
1738 1 45309.80859587 1
1739 0 -44633.47474662 0
1740 0 -37217.92557291 0
1741 1 27803.52932738 1
1742 1 42561.29238526 1
1743 0 -35198.22048449 0
1744 1 49765.62536761 1
1745 1 48940.01389895 1
1746 0 -41632.60645826 0
1747 1 38416.07614902 1
1748 0 -30527.94212027 0
1749 1 39785.28910275 1
1750 0 -21144.62685627 0
1751 0 -57692.34570591 0
1752 0 -55015.28539553 0
1753 1 44430.55934557 1
1754 0 -38136.17346518 0
1755 1 31025.19193670 1
1756 1 38215.65598027 1
1757 0 -38204.77586183 0
1758 0 -52684.49482824 0
1759 1 55969.62107242 1
1760 1 47533.51854623 1
1761 0 -40237.09329640 0
1762 0 -28759.20650707 0
1763 0 -50883.67033459 0
1764 1 33181.98114992 1
1765 1 54695.18491005 1
1766 0 -57877.26300103 0
1767 0 -51191.58665207 0
1768 1 34671.15901915 1
1769 1 34147.33459827 1
1770 1 51409.33582678 1
1771 0 -31455.00444435 0
1772 1 64050.80623871 1
1773 0 -54243.82046928 0
1774 0 -54931.90276993 0
1775 0 -40558.25639941 0
1776 0 -33286.15968088 0
1777 0 -45560.63961915 0
1778 1 40652.05086785 1
1779 1 38583.38263662 1
1780 0 -52243.72958789 0
1781 0 -55531.58622414 0
1782 0 -31597.13806493 0
1783 1 27105.28129917 1
1784 0 -49887.54962963 0
1785 0 -24782.61788340 0
1786 1 43298.81306131 1
1787 1 54413.98550439 1
1788 1 54095.25317106 1
1789 1 31675.21416420 1
1790 0 -36717.32150540 0
1791 1 42233.17388535 1
1792 0 -23634.25539974 0
1793 1 38994.94941950 1
1794 1 49452.08601283 1
1795 1 47176.25891647 1
1796 1 36138.76175322 1
1797 1 29609.25957391 1
1798 0 -45286.69612880 0
1799 1 23356.03657186 1
1800 0 -48990.11457540 0
1801 0 -46325.12549073 0
1802 0 -43489.74276286 0
1803 1 32243.42464226 1
1804 1 26454.24259458 1
1805 1 35533.57913560 1
1806 0 -14581.33141594 0
1807 0 -38997.64998786 0
1808 1 33236.52456324 1
1809 0 -38398.10362018 0
1810 1 17135.82959015 1
1811 0 4085.49801729 1
1812 1 36168.24504156 1
1813 0 -13389.00273058 0
1814 1 30792.31557849 1
1815 0 -37035.81644693 0
1816 0 -35533.66613392 0
1817 1 5600.70695617 1
1818 0 4085.49801729 1
1819 1 30282.56446998 1
1820 0 4405.25585495 1
1821 1 35578.95147118 1
1822 0 -35116.29906862 0
1823 1 31670.55868931 1
1824 0 -6464.26601704 0
1825 0 -10169.44665938 0
1826 1 37884.03429506 1
1827 0 -8776.51590473 0
1828 1 32880.79743425 1
1829 0 -33066.57938039 0
1830 0 -43620.06778021 0
1831 0 -12740.46765517 0
1832 1 11560.97333036 1
1833 0 -44505.20980868 0
1834 0 -15421.47011163 0
1835 1 41559.05913259 1
1836 0 -39147.69655425 0
1837 0 -41208.13533209 0
1838 0 -16408.09333287 0
1839 1 18056.63016715 1
1840 1 47289.16091970 1
1841 1 17971.26274530 1
1842 1 39279.14804744 1
1843 1 35812.03016000 1
1844 0 -43604.43513166 0
1845 1 27975.88018492 1
1846 1 25327.20367675 1
1847 0 -48686.51430076 0
1848 0 -21786.49934306 0
1849 1 49714.16186467 1
1850 1 50381.36503746 1
1851 1 47605.44095161 1
1852 1 34590.82990484 1
1853 1 29770.89124327 1
1854 0 -53871.10037578 0
1855 0 -25230.02983704 0
1856 1 55954.86982863 1
1857 1 53082.00053485 1
1858 1 55706.22807488 1
1859 0 -31989.75058051 0
1860 0 -33232.95527824 0
1861 0 -55626.33948442 0
1862 0 -37773.03759664 0
1863 1 54561.32645255 1
1864 0 -60405.95455256 0
1865 0 -49539.72649449 0
1866 1 43049.22908045 1
1867 0 -27332.58550876 0
1868 0 -57249.79287527 0
1869 1 28141.01885559 1
1870 1 47275.76880188 1
1871 1 47846.60007526 1
1872 1 47012.10229710 1
1873 0 -42243.52573251 0
1874 1 27264.21724910 1
1875 1 46698.54225862 1
1876 0 -23121.23128891 0
1877 1 44553.32764059 1
1878 0 -53363.94009945 0
1879 1 47799.71565133 1
1880 0 -38029.86400323 0
1881 0 -30154.18605854 0
1882 0 -47203.57328211 0
1883 0 -17286.74447448 0
1884 0 -41726.65446668 0
1885 1 47395.54642654 1
1886 0 -46938.17565682 0
1887 0 -28921.52440844 0
1888 0 -19297.34421310 0
1889 1 40750.19656605 1
1890 1 25833.44622579 1
1891 0 -47014.04541173 0
1892 0 -40191.66049360 0
1893 0 -50547.95140506 0
1894 0 -22380.61205326 0
1895 0 -18509.50089876 0
1896 0 -42160.94303451 0
1897 0 4259.14018250 1
1898 0 -41102.13833874 0
1899 0 -36924.25180968 0
1900 1 41420.58390072 1
1901 0 -20975.25400075 0
1902 1 19395.31413729 1
1903 0 -39129.76292849 0
1904 0 -4259.14018250 0
1905 1 42788.68053746 1
1906 1 45028.22161859 1
1907 1 48686.29065937 1
1908 0 -24405.75580943 0
1909 1 32068.94737861 1
1910 1 43177.22124292 1
1911 1 13658.95429902 1
1912 0 -44150.73039216 0
1913 0 -51406.07162612 0
1914 0 -45225.12082639 0
1915 1 34984.22897840 1
1916 1 23550.41634205 1
1917 0 -47146.83081852 0
1918 0 -18512.88771509 0
1919 0 -49872.67820171 0
1920 1 46339.69228410 1
1921 1 50678.45368605 1
1922 1 23695.38313359 1
1923 0 -21307.65930647 0
1924 0 -47006.76729717 0
1925 0 -27067.79731938 0
1926 1 45002.64723274 1
1927 1 45049.33801379 1
1928 0 -55509.41294860 0
1929 0 -27633.33165432 0
1930 1 22617.54281053 1
1931 1 52030.09854909 1
1932 0 -14114.41821070 0
1933 1 49916.41289846 1
1934 0 -43812.79028609 0
1935 0 -47818.94796101 0
1936 1 28083.78122233 1
1937 0 -21423.49296798 0
1938 1 44313.01488391 1
1939 1 25119.67839230 1
1940 1 56812.12305340 1
1941 1 42630.16532961 1
1942 1 54830.00538413 1
1943 1 35663.75441037 1
1944 0 -32197.20175252 0
1945 0 -55331.75778440 0
1946 1 33346.73050966 1
1947 1 55418.53544219 1
1948 1 43061.60471045 1
1949 0 -44159.44827460 0
1950 0 -39585.03652342 0
1951 0 -23174.21328787 0
1952 0 -44660.94554352 0
1953 1 24690.49055767 1
1954 0 -51993.29679297 0
1955 0 -41281.49366677 0
1956 1 42738.77379210 1
1957 1 24545.36111043 1
1958 0 -23037.51462675 0
1959 0 -49525.82415098 0
1960 1 25436.34922457 1
1961 0 -51798.05026512 0
1962 1 52353.54674491 1
1963 1 47911.65652021 1
1964 0 -41600.41378136 0
1965 0 -33967.40841148 0
1966 1 50897.25847523 1
1967 0 -30839.30007198 0
1968 1 50040.98193237 1
1969 1 48797.00205592 1
1970 1 44397.76804510 1
1971 0 -43836.74331956 0
1972 0 -41428.74290808 0
1973 0 -49621.64104101 0
1974 1 36740.85648208 1
1975 0 -59680.50189178 0
1976 0 -41430.08375059 0
1977 1 48899.49519662 1
1978 1 25695.04719402 1
1979 1 34321.13608298 1
1980 0 -40520.28133682 0
1981 1 26053.40349806 1
1982 1 55799.94840313 1
1983 1 44665.62216880 1
1984 0 -53437.64071354 0
1985 0 -33287.96543516 0
1986 0 -38152.08866812 0
1987 1 55833.30442269 1
1988 1 27099.54218477 1
1989 0 -55401.06632701 0
1990 1 45423.68869670 1
1991 0 -46387.94387413 0
1992 1 39626.90616138 1
1993 1 25030.88034676 1
1994 0 -54684.73265300 0
1995 1 26277.24110675 1
1996 1 48411.64278654 1
1997 0 -49541.87918762 0
1998 1 37997.28022205 1
1999 1 34808.06316343 1
2000 1 28368.29711546 1
2001 0 -54211.34083001 0
2002 1 35757.95920964 1
2003 1 47180.54160045 1
2004 1 40881.81307866 1
2005 0 -39543.38932134 0
2006 1 26275.62964784 1
2007 1 16066.74215601 1
2008 0 -39781.57542915 0
2009 1 24160.24842284 1
2010 1 43762.26871775 1
2011 1 34492.44932296 1
2012 0 -36241.44643135 0
2013 1 25329.72291940 1
2014 1 18480.77532128 1
2015 1 43788.73013139 1
2016 0 -25986.74234790 0
2017 1 53055.94971277 1
2018 0 -37402.40120486 0
2019 0 -39246.47529654 0
2020 1 35596.11324460 1
2021 0 -22803.87825624 0
2022 1 39230.74084692 1
2023 1 20900.79807925 1
2024 1 49380.70308873 1
2025 0 -32925.59481005 0
2026 0 -45679.64121940 0
2027 1 28975.79522972 1
2028 0 -27688.70617838 0
2029 0 -40331.62612134 0
2030 1 27639.37064925 1
2031 0 -51357.60699666 0
2032 1 35814.16224005 1
2033 1 53084.32088397 1
2034 0 -40838.66960679 0
2035 0 -39646.07048561 0
2036 1 45672.33764593 1
2037 0 -38351.00379543 0
2038 0 -53955.02636186 0
2039 1 40363.76052955 1
2040 1 48677.74325769 1
2041 0 -30708.17120859 0
2042 0 -32193.06669975 0
2043 1 42243.84915814 1
2044 1 27952.59093213 1
2045 1 49539.02683689 1
2046 1 45096.93669586 1
2047 1 54849.64571509 1
2048 1 39029.77284200 1
2049 1 28118.34461997 1
2050 0 -47021.97745875 0
2051 0 -28228.01152926 0
2052 0 -47188.19544196 0
2053 1 40459.09090123 1
2054 1 51025.37873921 1
2055 1 29837.96298582 1
2056 0 -26542.86338584 0
2057 1 47894.71594080 1
2058 0 -27693.79100814 0
2059 0 -53249.28937482 0
2060 1 57374.82400982 1
2061 1 56777.58039455 1
2062 1 33398.87644184 1
2063 0 -31547.74677621 0
2064 0 -46498.29765334 0
2065 0 -28317.42403393 0
2066 0 -49727.67106020 0
2067 1 47896.50703966 1
2068 1 49890.74135483 1
2069 0 -32963.06758101 0
2070 1 22770.40212819 1
2071 1 43171.69855216 1
2072 0 -23309.79699101 0
2073 1 40639.81765634 1
2074 1 40552.05858786 1
2075 1 44236.17390657 1
2076 0 -20388.37060207 0
2077 1 11497.51655753 1
2078 1 42413.91587927 1
2079 0 -16184.93473878 0
2080 1 47450.26317245 1
2081 1 44298.09839510 1
2082 0 -44826.87995874 0
2083 0 -16719.70156305 0
2084 0 -11341.01238337 0
2085 1 43277.10120744 1
2086 0 -24922.97849035 0
2087 0 -35697.67336996 0
2088 0 -49110.49945059 0
2089 0 -52043.79516940 0
2090 0 -21153.96526749 0
2091 0 -26957.64916911 0
2092 1 54891.85249646 1
2093 0 -24688.45972130 0
2094 0 -48146.16175659 0
2095 0 -57808.16388675 0
2096 0 -57392.73584701 0
2097 0 -36370.89919525 0
2098 1 34394.46160066 1
2099 0 -59722.44179578 0
2100 1 36568.67068153 1
2101 0 -49805.45719269 0
2102 1 50792.14644052 1
2103 1 56158.76958571 1
2104 1 38363.25255802 1
2105 1 30048.01850363 1
2106 1 58102.62206935 1
2107 1 31717.20060411 1
2108 0 -61617.19186809 0
2109 1 52569.99061841 1
2110 0 -61027.62112486 0
2111 0 -24010.38439690 0
2112 0 -32724.61737107 0
2113 1 56515.39095434 1
2114 1 27484.04833742 1
2115 1 45134.20209883 1
2116 1 50880.33393059 1
2117 0 -61296.98123709 0
2118 0 -25241.06087978 0
2119 1 37150.25792498 1
2120 1 60537.50892113 1
2121 1 35999.71920483 1
2122 0 -55297.41562802 0
2123 1 50118.33758842 1
2124 1 59344.75749308 1
2125 1 33972.25383471 1
2126 0 -41466.12731998 0
2127 1 60576.97681106 1
2128 0 -40864.84044932 0
2129 1 51451.82226401 1
2130 0 -55900.67600733 0
2131 0 -56722.54620429 0
2132 0 -35734.03942854 0
2133 0 -36400.43518791 0
2134 0 -59941.66918523 0
2135 1 45158.17827534 1
2136 1 60900.56238186 1
2137 0 -64036.57694234 0
2138 0 -60026.99253913 0
2139 1 43512.41662996 1
2140 1 38512.87662508 1
2141 0 -62159.56404037 0
2142 0 -40959.31189384 0
2143 0 -49322.43611351 0
2144 1 49152.75056098 1
2145 1 56611.62573757 1
2146 1 41103.81779851 1
2147 0 -44730.13602108 0
2148 0 -56319.22517290 0
2149 0 -47446.85192727 0
2150 0 -53297.65352756 0
2151 1 54157.10152695 1
2152 1 48405.74464967 1
2153 1 35966.66166110 1
2154 1 46673.67014571 1
2155 1 52948.46135708 1
2156 0 -38652.57640130 0
2157 0 -49043.45618617 0
2158 1 48965.98537906 1
2159 1 43041.61435582 1
2160 0 -31127.39225188 0
2161 1 36002.97998919 1
2162 0 -43220.12957639 0
2163 0 -40006.80222048 0
2164 1 53513.67704735 1
2165 1 52794.92742011 1
2166 0 -43772.41986763 0
2167 1 31505.60232065 1
2168 1 37103.36168489 1
2169 1 43826.82967340 1
2170 0 -35203.23727463 0
2171 1 51206.50531640 1
2172 0 -53844.25293421 0
2173 0 -36646.66813522 0
2174 0 -28891.22586588 0
2175 0 -36315.16483715 0
2176 1 51226.85165013 1
2177 0 -32188.09016311 0
2178 0 -44828.30759485 0
2179 0 -49785.45657644 0
2180 1 35997.81280238 1
2181 0 -33459.59614872 0
2182 0 -27127.03806921 0
2183 0 -48783.52822932 0
2184 1 31444.55934358 1
2185 0 -49423.53188982 0
2186 0 -49833.02833418 0
2187 0 -39612.21953737 0
2188 1 28069.80486406 1
2189 0 -34194.12867997 0
2190 1 43987.68701812 1
2191 1 42949.49501008 1
2192 0 -51585.69427710 0
2193 1 52667.70468278 1
2194 0 -43179.33556212 0
2195 1 37863.30387447 1
2196 0 -35640.47904280 0
2197 0 -50669.39983856 0
2198 0 -38174.19359650 0
2199 1 43974.16624274 1
2200 1 44532.98680958 1
2201 1 42596.17479080 1
2202 0 -33216.77842459 0
2203 1 36545.44121794 1
2204 0 -47398.25170010 0
2205 0 -37278.42554428 0
2206 1 36723.77319934 1
2207 0 -40216.01477055 0
2208 0 -38332.10913277 0
2209 1 34240.09566691 1
2210 0 -27478.25635640 0
2211 0 -54169.38030639 0
2212 0 -36228.06066579 0
2213 0 -53181.51985951 0
2214 1 52434.37105135 1
2215 0 -51669.61115420 0
2216 0 -41031.71594610 0
2217 1 36496.46033565 1
2218 0 -56308.15530542 0
2219 0 -38221.90410716 0
2220 0 -49822.95990020 0
2221 0 -48471.43567549 0
2222 0 -61883.13097687 0
2223 0 -42885.00416452 0
2224 0 -45241.17484704 0
2225 1 55756.72266953 1
2226 1 45850.97276601 1
2227 0 -50877.54819177 0
2228 0 -48118.98218486 0
2229 1 49300.05835597 1
2230 1 42718.57296010 1
2231 0 -50513.84197760 0
2232 0 -55210.56103762 0
2233 1 50622.70737362 1
2234 0 -52911.94638551 0
2235 0 -54784.05666969 0
2236 1 50589.44466351 1
2237 1 35789.04306809 1
2238 1 46443.05687806 1
2239 1 45125.71448288 1
2240 1 47738.80552540 1
2241 0 -55771.31397177 0
2242 0 -60042.23425902 0
2243 1 58233.49062202 1
2244 1 44206.06925142 1
2245 0 -37870.80410997 0
2246 1 66277.68215763 1
2247 1 52288.10228665 1
2248 0 -50592.13291482 0
2249 1 59074.91220122 1
2250 0 -58502.23135046 0
2251 0 -34443.85821576 0
2252 0 -45801.99956881 0
2253 0 -37799.47755744 0
2254 1 51849.34073829 1
2255 1 42237.33358173 1
2256 1 48251.44507806 1
2257 0 -39480.39339171 0
2258 1 25866.56760234 1
2259 0 -34896.46533593 0
2260 1 42254.96810520 1
2261 0 -32358.20201194 0
2262 1 45119.44056032 1
2263 1 50563.87131408 1
2264 1 40273.15646207 1
2265 1 23464.85240941 1
2266 1 30934.39924429 1
2267 1 40562.69210321 1
2268 1 40456.19630775 1
2269 0 -42254.07331640 0
2270 1 42846.17027649 1
2271 1 45068.41855664 1
2272 1 42132.91750460 1
2273 1 36901.89810384 1
2274 1 50094.50361136 1
2275 0 -45470.86697488 0
2276 0 -54377.43883540 0
2277 1 43960.56309610 1
2278 1 52638.59345512 1
2279 0 -48062.26987880 0
2280 0 -36267.19060459 0
2281 0 -54417.92496814 0
2282 0 -34662.89250063 0
2283 0 -48473.32329447 0
2284 1 45029.89485234 1
2285 1 50398.10343086 1
2286 1 36760.30010735 1
2287 0 -31101.65890934 0
2288 1 44543.93311713 1
2289 1 29140.43324698 1
2290 1 36825.70368251 1
2291 0 -34934.59244765 0
2292 1 48532.11293460 1
2293 1 32911.09229345 1
2294 1 29809.73059339 1
2295 1 42571.06410812 1
2296 1 27052.07830856 1
2297 1 33308.04784852 1
2298 0 -35653.81113977 0
2299 1 45324.69138638 1
2300 0 -40463.38819876 0
2301 1 34963.33231378 1
2302 1 48512.40111465 1
2303 0 -32248.13104706 0
2304 1 40981.47954207 1
2305 1 57425.41358225 1
2306 1 51902.25505122 1
2307 1 36912.33753684 1
2308 1 37768.44664698 1
2309 1 46013.32902216 1
2310 0 -28014.72639251 0
2311 0 -32213.88342346 0
2312 0 -51098.69459595 0
2313 1 50841.43160473 1
2314 0 -40426.20680810 0
2315 1 36174.32328106 1
2316 1 47902.00004470 1
2317 1 28458.19294777 1
2318 0 -44601.50184554 0
2319 0 -52555.50017782 0
2320 0 -57838.91287225 0
2321 0 -32522.78554611 0
2322 0 -45479.09296131 0
2323 1 50199.53794218 1
2324 0 -29756.24232833 0
2325 0 -37062.92520952 0
2326 0 -41537.13224586 0
2327 0 -47824.70731626 0
2328 1 41066.75479151 1
2329 0 -43984.37357399 0
2330 1 48953.89406077 1
2331 1 28181.22582475 1
2332 0 -36986.86838488 0
2333 0 -43728.93694129 0
2334 0 -46320.17120918 0
2335 0 -36947.93295743 0
2336 1 40768.26775247 1
2337 1 44636.96423366 1
2338 1 34587.40309225 1
2339 1 41533.31383958 1
2340 1 47747.55481552 1
2341 0 -55904.25428957 0
2342 1 37760.26501196 1
2343 0 -44699.43936664 0
2344 1 39098.50403635 1
2345 0 -51016.98048716 0
2346 0 -55945.02429005 0
2347 0 -53174.81117915 0
2348 1 50737.99504093 1
2349 0 -37066.11788206 0
2350 0 -41989.31798406 0
2351 0 -49484.70521042 0
2352 1 47090.92614680 1
2353 0 -55431.82487077 0
2354 0 -53672.71429275 0
2355 1 47225.39106476 1
2356 0 -44155.49199158 0
2357 0 -41854.47819374 0
2358 0 -52193.66287432 0
2359 1 47716.90776363 1
2360 0 -51143.35459686 0
2361 1 56517.40187837 1
2362 0 -52313.48487331 0
2363 1 51754.70418191 1
2364 0 -49044.10834535 0
2365 0 -56168.68300847 0
2366 0 -47690.11449106 0
2367 0 -53999.72375897 0
2368 0 -60480.30295072 0
2369 0 -53812.63793070 0
2370 1 50718.69563988 1
2371 1 50405.83791076 1
2372 0 -61645.05324204 0
2373 1 48511.31334982 1
2374 1 41755.44744144 1
2375 0 -52891.65641270 0
2376 1 52537.20395988 1
2377 0 -45677.09550218 0
2378 1 36182.78173817 1
2379 0 -52906.28646148 0
2380 0 -47651.87766947 0
2381 1 43277.00675940 1
2382 0 -52966.17040941 0
2383 1 54258.05081604 1
2384 0 -52653.78823912 0
2385 0 -35316.93061974 0
2386 1 53587.46067194 1
2387 1 45218.79665680 1
2388 0 -51512.06193982 0
2389 1 46937.26925560 1
2390 1 53123.80460098 1
2391 0 -45618.68065303 0
2392 1 31478.88903327 1
2393 0 -53991.83975584 0
2394 0 -48775.30707395 0
2395 1 50431.73391713 1
2396 0 -51532.13974122 0
2397 1 57345.29697066 1
2398 0 -55274.21396278 0
2399 1 46532.97451793 1
2400 0 -58945.87287210 0
2401 0 -52558.18251533 0
2402 0 -59100.46300460 0
2403 0 -58959.59291765 0
2404 0 -65543.72249955 0
2405 1 62358.82552799 1
2406 0 -56227.16725113 0
2407 0 -59865.42077456 0
2408 1 58191.21749023 1
2409 1 64830.62864306 1
2410 0 -55203.75969276 0
2411 0 -58879.50887531 0
2412 1 51430.95215945 1
2413 0 -52287.98442999 0
2414 0 -59832.29646159 0
2415 1 48611.67982745 1
2416 1 47343.97855040 1
2417 1 49224.52300241 1
2418 1 56640.57566486 1
2419 0 -50879.28755175 0
2420 1 48554.61444421 1
2421 1 54857.34484201 1
2422 1 44951.11288375 1
2423 0 -55960.69887991 0
2424 0 -47976.26056091 0
2425 1 48869.18601254 1
2426 0 -46597.63014465 0
2427 1 51004.20697818 1
2428 0 -53100.54603076 0
2429 1 39909.13401525 1
2430 1 57789.78481698 1
2431 1 42956.54375887 1
2432 0 -45395.20812038 0
2433 0 -40696.49053350 0
2434 1 35978.21909534 1
2435 0 -55917.31339627 0
2436 1 29375.57009161 1
2437 0 -45825.51955985 0
2438 1 36104.07481602 1
2439 1 43850.41465200 1
2440 1 36989.92312573 1
2441 1 34859.87413231 1
2442 0 -47170.38337912 0
2443 1 38319.62136526 1
2444 1 46840.94426962 1
2445 0 -35572.93635698 0
2446 1 50109.73986325 1
2447 1 35222.13895833 1
2448 0 -36862.71422298 0
2449 1 45370.00445110 1
2450 1 35383.03911962 1
2451 0 -42386.42649778 0
2452 1 37623.08476879 1
2453 1 46790.33605606 1
2454 1 34337.44873521 1
2455 0 -40377.24233065 0
2456 1 39760.91474352 1
2457 1 36153.24442595 1
2458 1 40236.95659447 1
2459 0 -34914.59049264 0
2460 1 45697.63846894 1
2461 0 -36731.27101234 0
2462 0 -38962.60918612 0
2463 0 -46492.11031766 0
2464 1 37487.11149615 1
2465 0 -51699.78928357 0
2466 0 -47931.67955035 0
2467 1 50651.71216117 1
2468 0 -46477.92327185 0
2469 0 -40122.91039552 0
2470 0 -38690.94422906 0
2471 1 44504.84970842 1
2472 0 -51399.79823537 0
2473 0 -45301.44666465 0
2474 0 -57791.72465371 0
2475 1 43842.74429386 1
2476 0 -50689.41867676 0
2477 0 -49479.81770447 0
2478 1 31104.06300504 1
2479 0 -55700.36337415 0
2480 1 43262.90141412 1
2481 1 50122.22077003 1
2482 1 44290.93946025 1
2483 1 39373.90223048 1
2484 0 -54841.75358121 0
2485 0 -30192.05173232 0
2486 1 50865.90523022 1
2487 0 -39475.44764564 0
2488 0 -56740.79499084 0
2489 0 -44817.01813444 0
2490 1 36065.90773804 1
2491 0 -41771.34581909 0
2492 1 40722.83884324 1
2493 1 36021.17386390 1
2494 0 -41383.79268197 0
2495 1 53336.68605284 1
2496 0 -43644.96092291 0
2497 1 35565.50267031 1
2498 0 -42914.86276372 0
2499 0 -32416.68196643 0
2500 1 42149.71054420 1
2501 0 -54984.60471649 0
2502 0 -55392.24127648 0
2503 1 40408.31799058 1
2504 1 24012.54096675 1
2505 1 28834.08455629 1
2506 0 -30559.96540522 0
2507 0 -47462.78823589 0
2508 1 43777.13440709 1
2509 1 50672.06970911 1
2510 0 -40705.85348253 0
2511 0 -25737.60893613 0
2512 0 -33576.28138665 0
2513 0 -27099.65307908 0
2514 0 -47703.65896351 0
2515 1 49465.37322896 1
2516 1 59606.08737949 1
2517 1 54038.12482994 1
2518 0 -37422.77657928 0
2519 0 -37901.77975603 0
2520 0 -37789.28622990 0
2521 1 49573.52377039 1
2522 1 61161.58560735 1
2523 1 59328.09986760 1
2524 1 48502.37477646 1
2525 1 33333.21570557 1
2526 1 42441.99074895 1
2527 0 -38624.06992843 0
2528 1 56601.61209809 1
2529 1 54850.43108091 1
2530 1 53645.05639155 1
2531 0 -44735.77097968 0
2532 1 37279.25957421 1
2533 1 44686.95351289 1
2534 1 40190.28582886 1
2535 0 -66536.66657506 0
2536 0 -58104.32148442 0
2537 1 60737.44136579 1
2538 1 48273.19354183 1
2539 0 -46155.65975527 0
2540 0 -53676.46343490 0
2541 1 44233.80241985 1
2542 1 65702.68461961 1
2543 0 -54927.81392666 0
2544 1 50555.31419902 1
2545 1 41334.88275200 1
2546 1 37471.94656709 1
2547 0 -43558.88068044 0
2548 0 -36648.81927957 0
2549 1 58574.39493057 1
2550 0 -50695.65759837 0
2551 1 35797.30436659 1
2552 0 -40549.91855131 0
2553 0 -35299.89710721 0
2554 0 -34018.55839718 0
2555 0 -28056.94749722 0
2556 0 -46635.92784003 0
2557 0 -56418.18719951 0
2558 1 37337.57847235 1
2559 0 -44290.15343524 0
2560 1 29040.30499937 1
2561 1 40437.36402870 1
2562 0 -28887.60577634 0
2563 1 54674.62856890 1
2564 0 -48544.33910237 0
2565 0 -50764.58081700 0
2566 0 -49716.63354758 0
2567 1 34489.97833154 1
2568 1 45852.39986788 1
2569 0 -41596.24874384 0
2570 0 -47497.92045639 0
2571 0 -46914.91791866 0
2572 0 -52677.08727244 0
2573 0 -47074.10207847 0
2574 0 -26797.49282290 0
2575 1 41008.47888018 1
2576 1 44716.76121341 1
2577 1 47366.52756215 1
2578 0 -54584.86776203 0
2579 0 -55784.17179960 0
2580 1 46604.65438961 1
2581 0 -35328.69324095 0
2582 0 -53531.01695022 0
2583 0 -43761.57718367 0
2584 0 -50096.34875545 0
2585 1 52478.86055855 1
2586 0 -53321.75037860 0
2587 1 53860.25388933 1
2588 0 -47504.04119541 0
2589 0 -47595.05781119 0
2590 0 -46324.38907238 0
2591 1 47939.15154178 1
2592 1 54658.63299966 1
2593 0 -57435.48752753 0
2594 0 -49724.62154135 0
2595 0 -43472.55036391 0
2596 0 -40689.16683333 0
2597 0 -44454.87538957 0
2598 0 -50018.56745882 0
2599 1 67517.33458083 1
2600 0 -51705.59289186 0
2601 1 53564.53771259 1
2602 1 35974.98557164 1
2603 0 -38697.84451797 0
2604 0 -40214.20259593 0
2605 1 47983.43025714 1
2606 0 -63169.37342552 0
2607 1 51477.16313406 1
2608 0 -41050.03459639 0
2609 0 -31706.99369206 0
2610 1 40107.10714985 1
2611 1 42428.16962784 1
2612 1 59293.06507729 1
2613 0 -66764.65543568 0
2614 1 61956.76721070 1
2615 1 45489.73077337 1
2616 1 37786.48971055 1
2617 1 43246.41207553 1
2618 0 -51095.85602824 0
2619 0 -47122.13268500 0
2620 1 64340.16427241 1
2621 1 59440.85449533 1
2622 1 47377.62483675 1
2623 1 41630.24243929 1
2624 1 48043.76800859 1
2625 0 -51110.30523545 0
2626 0 -53356.87202824 0
2627 0 -58389.69234323 0
2628 1 60525.69610644 1
2629 0 -41020.50093712 0
2630 0 -53749.07623394 0
2631 0 -53003.48360115 0
2632 1 47146.95892018 1
2633 1 33256.27731835 1
2634 1 55038.50266113 1
2635 0 -43722.45614432 0
2636 0 -54508.14943014 0
2637 0 -49083.04287561 0
2638 0 -41526.19913474 0
2639 1 36854.52188423 1
2640 0 -33796.81500087 0
2641 1 60113.33058510 1
2642 0 -43150.53842569 0
2643 1 56105.69724916 1
2644 1 45927.81844010 1
2645 1 43238.37541286 1
2646 0 -30497.88555267 0
2647 1 42356.39305972 1
2648 0 -58124.88888607 0
2649 1 52356.13364312 1
2650 1 49142.85508494 1
2651 0 -54174.23496026 0
2652 1 45683.76547063 1
2653 1 56353.00790543 1
2654 0 -62688.11543711 0
2655 0 -58359.06754536 0
2656 0 -36451.51692524 0
2657 0 -52743.93096895 0
2658 0 -47011.93033350 0
2659 0 -40106.32195233 0
2660 1 43496.93974947 1
2661 1 47299.83365965 1
2662 0 -51621.55841538 0
2663 0 -29913.21020538 0
2664 0 -36698.31724789 0
2665 1 44532.39365246 1
2666 1 28107.50736805 1
2667 0 -42513.84309685 0
2668 1 38505.18226751 1
2669 1 63932.41994308 1
2670 1 29973.07886637 1
2671 1 48440.57126460 1
2672 1 47748.82346121 1
2673 0 -41238.51769335 0
2674 0 -48664.05500652 0
2675 1 51603.93657156 1
2676 0 -60526.35780854 0
2677 0 -41564.77520042 0
2678 0 -59109.97873017 0
2679 1 48792.46679147 1
2680 0 -46026.48755417 0
2681 1 53979.24347952 1
2682 0 -56618.56004967 0
2683 0 -61053.46583015 0
2684 1 46336.99260799 1
2685 0 -52024.51140581 0
2686 1 44645.45863316 1
2687 0 -40315.07670262 0
2688 0 -48729.80778497 0
2689 0 -46405.48189995 0
2690 0 -50101.78020289 0
2691 1 47629.39678678 1
2692 1 55770.64761058 1
2693 1 43292.66929546 1
2694 1 46926.14720624 1
2695 1 50983.33301415 1
2696 0 -44338.14196542 0
2697 1 51527.81062375 1
2698 1 44170.69772590 1
2699 0 -44602.49805354 0
2700 0 -34556.50098950 0
2701 0 -25680.40928073 0
2702 1 40137.88188067 1
2703 1 39778.32774414 1
2704 0 -47543.16461467 0
2705 0 -32616.25286077 0
2706 0 -44800.76651276 0
2707 0 -31218.30454079 0
2708 1 28674.47725372 1
2709 0 -29881.14496139 0
2710 0 -30041.01694379 0
2711 0 -40621.79081493 0
2712 1 44553.93523272 1
2713 1 41123.28414468 1
2714 1 41387.54286878 1
2715 1 40481.59717900 1
2716 1 37577.86685995 1
2717 1 43138.61704212 1
2718 1 46154.67240440 1
2719 1 41390.93076405 1
2720 0 -44746.71915622 0
2721 1 26628.61455374 1
2722 1 34711.00835672 1
2723 1 31131.72984524 1
2724 0 -42315.14676789 0
2725 0 -40077.11323653 0
2726 1 32911.27283328 1
2727 1 41956.58220550 1
2728 0 -27232.87832634 0
2729 1 36331.07535549 1
2730 1 25583.98078853 1
2731 0 -41959.08132786 0
2732 0 -46494.45855136 0
2733 1 35766.04220854 1
2734 1 38413.20724839 1
2735 0 -32634.05620059 0
2736 1 40630.34769946 1
2737 0 -36591.42067978 0
2738 1 45496.70896890 1
2739 0 -46322.15581053 0
2740 1 41870.11995875 1
2741 1 47283.90383765 1
2742 1 43502.19437087 1
2743 0 -45859.68415695 0
2744 0 -45302.40345643 0
2745 0 -48085.11827995 0
2746 0 -59413.21238199 0
2747 1 50627.28807694 1
2748 1 47755.20487595 1
2749 1 48531.82865121 1
2750 1 40348.02493834 1
2751 1 38225.33629638 1
2752 0 -55456.91557663 0
2753 0 -53170.37679998 0
2754 0 -45097.33077504 0
2755 1 46979.65213918 1
2756 1 44884.57286568 1
2757 0 -41565.21016760 0
2758 1 42846.64138882 1
2759 0 -46912.26300395 0
2760 1 60573.76843208 1
2761 0 -60865.09569417 0
2762 0 -56033.38151937 0
2763 0 -44923.75530246 0
2764 1 37050.75661439 1
2765 1 42260.35595030 1
2766 1 50840.97522660 1
2767 0 -55119.44894598 0
2768 1 41372.73062799 1
2769 1 52406.91712475 1
2770 0 -51408.22863195 0
2771 0 -33742.37262050 0
2772 0 -31232.34887658 0
2773 1 38126.66009185 1
2774 1 53352.77378543 1
2775 1 39693.78032342 1
2776 1 48776.17778203 1
2777 0 -40674.66275559 0
2778 0 -30668.28765312 0
2779 1 27848.84969705 1
2780 1 42475.34664877 1
2781 1 45785.97224564 1
2782 0 -42339.15624857 0
2783 0 -43908.13691801 0
2784 0 -33886.25888586 0
2785 1 18053.84229396 1
2786 1 36037.80281001 1
2787 0 -45422.74678595 0
2788 1 47401.96827799 1
2789 0 -44931.14609155 0
2790 1 49727.66611126 1
2791 0 -46269.23869913 0
2792 0 -18345.94288653 0
2793 0 -42578.83919027 0
2794 0 -45436.61934247 0
2795 1 61165.53997693 1
2796 0 -53310.34114026 0
2797 1 48852.88463454 1
2798 0 -51381.97486455 0
2799 1 29440.89805471 1
2800 1 48073.17356197 1
2801 1 44706.66566363 1
2802 1 59901.58809584 1
2803 1 48383.87790115 1
2804 1 36525.06619617 1
2805 1 44629.32687573 1
2806 1 30465.34150564 1
2807 0 -38374.94490488 0
2808 0 -46332.61793599 0
2809 0 -58439.62744332 0
2810 0 -56851.72999303 0
2811 1 45345.22179112 1
2812 0 -49583.34261291 0
2813 0 -38901.21316893 0
2814 1 38463.04553767 1
2815 1 46773.65001825 1
2816 0 -61480.96000677 0
2817 0 -51255.64688363 0
2818 1 52123.75597435 1
2819 0 -56976.93205910 0
2820 1 41166.61824545 1
2821 1 48538.07655117 1
2822 1 60174.09979205 1
2823 0 -65899.54169448 0
2824 0 -49413.26689020 0
2825 1 43548.30467508 1
2826 0 -54561.24566602 0
2827 0 -37341.65304906 0
2828 0 -44543.33247527 0
2829 1 54313.18662787 1
2830 0 -59834.01831032 0
2831 0 -47629.50734106 0
2832 0 -46362.91377106 0
2833 1 52772.23217502 1
2834 0 -34989.61527020 0
2835 0 -44095.28361282 0
2836 0 -57823.96096287 0
2837 0 -61465.86214235 0
2838 0 -53321.80275761 0
2839 1 54558.09430632 1
2840 0 -55457.09248457 0
2841 0 -42354.65557879 0
2842 1 54430.86402248 1
2843 0 -66714.03224263 0
2844 1 60652.86590937 1
2845 0 -56533.33563701 0
2846 1 56248.58340545 1
2847 1 52291.94743629 1
2848 1 45311.22261318 1
2849 0 -51164.68174506 0
2850 1 55933.18494904 1
2851 1 57641.45784530 1
2852 1 62834.04607055 1
2853 0 -64267.01962778 0
2854 1 54517.90647700 1
2855 0 -45706.95927059 0
2856 0 -54841.40169288 0
2857 1 52528.22409340 1
2858 0 -67151.17779929 0
2859 0 -64716.70434085 0
2860 0 -57857.48332995 0
2861 0 -56942.53993741 0
2862 0 -40705.03575653 0
2863 0 -52713.86083058 0
2864 1 49581.51202835 1
2865 1 63154.97520405 1
2866 1 64650.79678738 1
2867 1 58977.13838930 1
2868 0 -56452.97392304 0
2869 1 44240.19691314 1
2870 0 -54716.45944130 0
2871 1 60106.17381705 1
2872 0 -64938.68839111 0
2873 0 -70777.20154828 0
2874 1 60498.57026236 1
2875 0 -54442.89142892 0
2876 1 39979.12463258 1
2877 1 65639.59028329 1
2878 1 68495.97863570 1
2879 1 70724.09277525 1
2880 1 65551.48524226 1
2881 1 51144.26109755 1
2882 0 -52315.45059486 0
2883 1 44732.47197136 1
2884 0 -55764.63325445 0
2885 1 61345.89982246 1
2886 1 55785.99203699 1
2887 1 54204.59171795 1
2888 1 51570.73908420 1
2889 0 -42346.15165071 0
2890 1 38621.10954178 1
2891 1 49674.83477357 1
2892 1 51777.88264208 1
2893 0 -53282.07242213 0
2894 1 59314.43595076 1
2895 0 -48494.07366531 0
2896 1 42355.12378130 1
2897 1 39942.18382848 1
2898 1 46115.04579970 1
2899 0 -59757.16603595 0
2900 0 -68834.70901017 0
2901 1 58646.66523375 1
2902 0 -50337.30210159 0
2903 1 37074.22332654 1
2904 0 -39668.48536533 0
2905 1 48681.36522006 1
2906 0 -53312.91113290 0
2907 1 69170.64737873 1
2908 0 -59903.41056475 0
2909 1 55397.52004084 1
2910 1 42225.98125742 1
2911 1 49239.83691698 1
2912 1 52238.54117417 1
2913 0 -66142.52966259 0
2914 0 -65845.20855325 0
2915 0 -58825.63903357 0
2916 1 51745.74228904 1
2917 1 31783.95097783 1
2918 1 39034.89356289 1
2919 1 40317.73711729 1
2920 0 -56897.65841534 0
2921 1 51673.23362820 1
2922 1 52161.73632953 1
2923 1 47754.52649052 1
2924 1 33683.78865449 1
2925 0 -38512.48136828 0
2926 1 39392.51777308 1
2927 0 -57235.02662395 0
2928 1 50606.23826406 1
2929 1 54148.17687655 1
2930 1 52608.54081753 1
2931 0 -36883.99249704 0
2932 1 39924.54469976 1
2933 0 -42979.09431020 0
2934 1 57270.94376647 1
2935 1 59585.67161179 1
2936 0 -58043.75702310 0
2937 0 -50352.37421185 0
2938 0 -34061.16732820 0
2939 0 -36974.89508550 0
2940 0 -37869.59768004 0
2941 0 -54917.15388882 0
2942 1 62896.66233522 1
2943 1 67517.94710694 1
2944 0 -54171.84519554 0
2945 1 40811.64947429 1
2946 1 48617.13311922 1
2947 1 46333.70433032 1
2948 1 61662.62428877 1
2949 1 65670.02679419 1
2950 0 -59525.83142311 0
2951 0 -54107.55937026 0
2952 0 -39134.33424059 0
2953 1 44663.10295677 1
2954 1 49351.59012148 1
2955 0 -63726.44598626 0
2956 1 59762.52467032 1
2957 1 60208.32033121 1
2958 1 53172.68380532 1
2959 0 -40888.36618472 0
2960 1 48037.99325980 1
2961 0 -49832.16046483 0
2962 1 65116.39282429 1
2963 1 61868.42740346 1
2964 0 -60619.76431586 0
2965 0 -51248.18738682 0
2966 1 52896.32329297 1
2967 0 -47228.82645378 0
2968 0 -40017.83605327 0
2969 0 -59666.40360177 0
2970 1 57893.67866379 1
2971 0 -58896.14217452 0
2972 0 -52791.08786883 0
2973 1 37212.66513965 1
2974 1 39602.94246491 1
2975 1 37540.74860210 1
2976 0 -57917.27608125 0
2977 1 53021.53040504 1
2978 0 -54097.25508641 0
2979 0 -47930.51692094 0
2980 1 38425.76678992 1
2981 1 32295.10528378 1
2982 0 -42401.20988775 0
2983 1 57289.33368654 1
2984 0 -56053.30735195 0
2985 0 -57939.33441048 0
2986 1 59175.93952458 1
2987 1 48716.77426733 1
2988 0 -42063.91570912 0
2989 0 -46645.68704599 0
2990 0 -59002.73419090 0
2991 0 -61840.28602829 0
2992 0 -67639.90488961 0
2993 1 52021.19837510 1
2994 0 -44746.61874055 0
2995 1 44719.87876992 1
2996 1 48696.29203194 1
2997 0 -63805.53690424 0
2998 0 -53416.93593306 0
2999 1 66608.51947318 1
3000 1 58523.32239359 1
3001 0 -46586.87879492 0
3002 1 38202.73622871 1
3003 0 -52145.63345387 0
3004 1 57787.94807661 1
3005 0 -58926.69401136 0
3006 1 69701.43629241 1
3007 0 -58089.48444997 0
3008 1 48116.78595850 1
3009 0 -39213.07814327 0
3010 0 -52214.83361523 0
3011 0 -53848.50339258 0
3012 0 -57147.34823287 0
3013 0 -68421.45294920 0
3014 1 57341.57088377 1
3015 1 36094.14934101 1
3016 1 37762.39674588 1
3017 0 -52255.11345210 0
3018 1 63869.97914964 1
3019 1 58146.72150364 1
3020 0 -70467.86112534 0
3021 0 -59160.68238078 0
3022 1 36406.40644799 1
3023 1 38474.28139247 1
3024 1 49756.80941660 1
3025 0 -63263.28551655 0
3026 0 -57790.24339178 0
3027 0 -68740.57933323 0
3028 0 -63266.34980443 0
3029 0 -52251.78457307 0
3030 1 41065.58897334 1
3031 1 47810.92899683 1
3032 1 68437.81438101 1
3033 1 60296.39265025 1
3034 0 -71368.26757142 0
3035 0 -63286.83780048 0
3036 0 -55624.60773444 0
3037 1 48979.83452706 1
3038 0 -66231.69841154 0
3039 0 -66477.43611559 0
3040 1 67588.31098144 1
3041 0 -67785.40244178 0
3042 1 67675.70726148 1
3043 0 -57063.97063973 0
3044 1 41587.13870758 1
3045 1 59466.44185345 1
3046 1 63714.26007181 1
3047 1 65542.63655817 1
3048 0 -69364.20895285 0
3049 1 61798.33127265 1
3050 1 54508.12650732 1
3051 1 39541.46723847 1
3052 1 55511.09142457 1
3053 1 60779.94092912 1
3054 0 -58058.82739736 0
3055 0 -67013.75945454 0
3056 0 -55761.02252440 0
3057 1 53659.04681205 1
3058 0 -42937.77754042 0
3059 0 -53660.10081670 0
3060 1 56502.51814614 1
3061 0 -59613.27086644 0
3062 0 -61826.70161034 0
3063 1 51348.45951539 1
3064 1 41932.15304821 1
3065 0 -41279.19926273 0
3066 1 58835.87266301 1
3067 1 49090.18416482 1
3068 1 59449.50181823 1
3069 1 57634.24677815 1
3070 1 57322.75058241 1
3071 1 43761.92228401 1
3072 0 -43185.80093910 0
3073 1 54738.67715640 1
3074 0 -62109.31985693 0
3075 1 66293.32912736 1
3076 1 61205.83302342 1
3077 1 48387.91609083 1
3078 1 47458.45629722 1
3079 0 -28465.01485760 0
3080 1 46491.16497739 1
3081 1 53707.27566325 1
3082 0 -53070.80256437 0
3083 1 59606.34190260 1
3084 0 -55331.72618522 0
3085 0 -50367.67449707 0
3086 0 -31009.20647708 0
3087 1 41713.32297091 1
3088 0 -59171.05512303 0
3089 1 49951.65863041 1
3090 0 -63340.14653857 0
3091 1 53126.56101959 1
3092 1 43488.08325320 1
3093 1 35342.41501042 1
3094 0 -45515.60819009 0
3095 1 56610.07939714 1
3096 0 -54437.94868476 0
3097 0 -65772.74612523 0
3098 0 -48171.39128002 0
3099 1 47622.35047880 1
3100 0 -23207.29078101 0
3101 1 43184.66469976 1
3102 1 42520.34228303 1
3103 0 -45691.79101724 0
3104 1 50956.40357558 1
3105 1 46239.75030751 1
3106 0 -30271.35068693 0
3107 1 12952.81561779 1
3108 1 34172.85985661 1
3109 1 39736.14360432 1
3110 0 -40201.52323626 0
3111 1 49840.10286246 1
3112 0 -45714.26107287 0
3113 0 -34475.22725248 0
3114 1 12952.81561779 1
3115 0 -38513.67135488 0
3116 0 -49349.55320650 0
3117 1 45119.99290411 1
3118 0 -62465.04174765 0
3119 0 -54555.63973984 0
3120 0 -41560.94770688 0
3121 0 -31120.84002732 0
3122 0 -43073.64483945 0
3123 0 -51423.38799042 0
3124 1 51429.76216889 1
3125 0 -65871.24345101 0
3126 1 55391.75430392 1
3127 0 -53554.55095924 0
3128 0 -21543.88546690 0
3129 0 -55761.12080304 0
3130 0 -57481.60241902 0
3131 0 -61973.19733138 0
3132 1 75298.52386976 1
3133 1 61560.27671734 1
3134 0 -54040.23211984 0
3135 0 -33211.57478957 0
3136 0 -48064.79017368 0
3137 0 -51472.95004601 0
3138 1 57261.22908836 1
3139 1 68581.83895045 1
3140 1 63429.44978422 1
3141 1 56179.99208448 1
3142 1 40252.00043791 1
3143 1 55777.65519283 1
3144 1 68688.44970432 1
3145 1 65012.91010740 1
3146 1 76915.79396483 1
3147 1 55178.16167194 1
3148 1 58492.33741272 1
3149 0 -30249.19687561 0
3150 1 52904.18895993 1
3151 0 -61189.21084290 0
3152 1 57358.38325614 1
3153 1 63239.72070117 1
3154 1 51763.34120381 1
3155 0 -50572.44411986 0
3156 1 30735.39133712 1
3157 1 55365.64118966 1
3158 0 -54335.67069288 0
3159 0 -56181.62446877 0
3160 0 -60850.05850595 0
3161 1 44476.68371855 1
3162 0 -42997.08973422 0
3163 0 -34252.47908273 0
3164 0 -54810.56447574 0
3165 1 55881.20520446 1
3166 0 -52927.86533866 0
3167 1 59660.72370621 1
3168 0 -47783.54832427 0
3169 1 53148.24031228 1
3170 0 -30009.03975516 0
3171 0 -45376.80770040 0
3172 0 -52949.15386842 0
3173 1 65261.63476893 1
3174 1 57555.93147847 1
3175 1 38255.08095306 1
3176 1 41738.92927419 1
3177 1 30793.39333853 1
3178 0 -50486.21822635 0
3179 0 -53043.02288154 0
3180 1 55952.64359766 1
3181 1 53393.67403139 1
3182 0 -40106.91576719 0
3183 0 -44788.86248648 0
3184 0 -33482.82929740 0
3185 1 48258.27844301 1
3186 0 -42643.21868869 0
3187 0 -57177.94051493 0
3188 1 60779.17611261 1
3189 0 -46569.39246177 0
3190 0 -44808.66162419 0
3191 1 28168.84804768 1
3192 1 45089.83110398 1
3193 1 42312.36572225 1
3194 1 54887.54582396 1
3195 0 -57861.63592692 0
3196 1 41346.50080192 1
3197 1 -34508.65543449 0
3198 0 -26103.07340374 0
3199 1 44579.11703781 1
