# idx_orig bit_orig post_llr_q hard
0 1 63 1
1 0 -64 0
2 0 -64 0
3 1 63 1
4 1 63 1
5 1 63 1
6 0 -64 0
7 0 -64 0
8 0 -64 0
9 1 63 1
10 1 63 1
11 0 -64 0
12 1 63 1
13 1 63 1
14 0 -64 0
15 1 63 1
16 0 -64 0
17 0 -64 0
18 1 63 1
19 0 -64 0
20 0 -64 0
21 0 -64 0
22 1 63 1
23 0 -64 0
24 1 63 1
25 0 -64 0
26 0 -64 0
27 0 -64 0
28 0 -64 0
29 1 63 1
30 1 63 1
31 0 -64 0
32 1 63 1
33 1 63 1
34 0 -64 0
35 0 -64 0
36 1 63 1
37 0 -64 0
38 1 63 1
39 1 63 1
40 1 63 1
41 1 63 1
42 0 -64 0
43 1 63 1
44 0 -64 0
45 0 -64 0
46 1 63 1
47 0 -64 0
48 0 -64 0
49 1 63 1
50 0 -64 0
51 0 -64 0
52 0 -64 0
53 1 63 1
54 0 -64 0
55 0 -64 0
56 0 -64 0
57 1 63 1
58 1 63 1
59 0 -64 0
60 0 -64 0
61 0 -64 0
62 0 -64 0
63 1 63 1
64 1 63 1
65 0 -64 0
66 0 -64 0
67 0 -64 0
68 0 -64 0
69 0 -64 0
70 1 63 1
71 0 -64 0
72 1 63 1
73 1 63 1
74 0 -64 0
75 1 63 1
76 0 -64 0
77 1 63 1
78 1 63 1
79 0 -64 0
80 0 -64 0
81 0 -64 0
82 0 -64 0
83 0 -64 0
84 0 -64 0
85 1 63 1
86 1 63 1
87 1 63 1
88 1 63 1
89 0 -64 0
90 1 63 1
91 1 63 1
92 1 63 1
93 0 -64 0
94 0 -64 0
95 1 63 1
96 1 63 1
97 1 63 1
98 0 -64 0
99 1 63 1
100 0 -64 0
101 0 -64 0
102 0 -64 0
103 1 63 1
104 0 -64 0
105 0 -64 0
106 0 -64 0
107 0 -64 0
108 1 63 1
109 0 -64 0
110 1 63 1
111 1 63 1
112 0 -64 0
113 1 63 1
114 0 -64 0
115 1 63 1
116 1 63 1
117 1 63 1
118 0 -64 0
119 1 63 1
120 1 63 1
121 1 63 1
122 1 63 1
123 0 -64 0
124 1 63 1
125 0 -64 0
126 1 63 1
127 0 -64 0
128 0 -64 0
129 0 -64 0
130 0 -64 0
131 1 63 1
132 0 -64 0
133 1 63 1
134 0 -64 0
135 1 63 1
136 0 -64 0
137 1 63 1
138 0 -64 0
139 0 -64 0
140 1 63 1
141 0 -64 0
142 0 -64 0
143 1 63 1
144 1 63 1
145 1 63 1
146 0 -64 0
147 0 -64 0
148 1 63 1
149 0 -64 0
150 0 -64 0
151 0 -64 0
152 1 63 1
153 0 -64 0
154 1 63 1
155 0 -64 0
156 0 -64 0
157 1 63 1
158 0 -64 0
159 1 63 1
160 0 -64 0
161 0 -64 0
162 1 63 1
163 0 -64 0
164 1 63 1
165 1 63 1
166 1 63 1
167 0 -64 0
168 0 -64 0
169 0 -64 0
170 1 63 1
171 1 63 1
172 0 -64 0
173 0 -64 0
174 0 -64 0
175 0 -64 0
176 0 -64 0
177 0 -64 0
178 0 -64 0
179 1 63 1
180 0 -64 0
181 0 -64 0
182 0 -64 0
183 1 63 1
184 0 -64 0
185 1 63 1
186 1 63 1
187 0 -64 0
188 1 63 1
189 1 63 1
190 0 -64 0
191 0 -64 0
192 0 -64 0
193 1 63 1
194 1 63 1
195 1 63 1
196 1 63 1
197 1 63 1
198 0 -64 0
199 0 -64 0
200 0 -64 0
201 0 -64 0
202 0 -64 0
203 0 -64 0
204 0 -64 0
205 1 63 1
206 1 63 1
207 1 63 1
208 0 -64 0
209 1 63 1
210 0 -64 0
211 1 63 1
212 1 63 1
213 0 -64 0
214 0 -64 0
215 0 -64 0
216 1 63 1
217 0 -64 0
218 0 -64 0
219 0 -64 0
220 1 63 1
221 0 -64 0
222 1 63 1
223 1 63 1
224 1 63 1
225 1 63 1
226 0 -64 0
227 0 -64 0
228 1 63 1
229 1 63 1
230 1 63 1
231 0 -64 0
232 0 -64 0
233 1 63 1
234 0 -64 0
235 1 63 1
236 1 63 1
237 0 -64 0
238 0 -64 0
239 1 63 1
240 1 63 1
241 0 -64 0
242 1 63 1
243 0 -64 0
244 0 -64 0
245 1 63 1
246 0 -64 0
247 1 63 1
248 1 63 1
249 1 63 1
250 1 63 1
251 0 -64 0
252 0 -64 0
253 1 63 1
254 0 -64 0
255 0 -64 0
256 0 -64 0
257 1 63 1
258 0 -64 0
259 0 -64 0
260 0 -64 0
261 1 63 1
262 0 -64 0
263 1 63 1
264 0 -64 0
265 0 -64 0
266 0 -64 0
267 1 63 1
268 1 63 1
269 1 63 1
270 1 63 1
271 0 -64 0
272 0 -64 0
273 0 -64 0
274 0 -64 0
275 0 -64 0
276 0 -64 0
277 0 -64 0
278 1 63 1
279 1 63 1
280 0 -64 0
281 0 -64 0
282 1 63 1
283 1 63 1
284 0 -64 0
285 0 -64 0
286 1 63 1
287 0 -64 0
288 1 63 1
289 0 -64 0
290 1 63 1
291 1 63 1
292 0 -64 0
293 0 -64 0
294 0 -64 0
295 1 63 1
296 0 -64 0
297 0 -64 0
298 1 63 1
299 1 63 1
300 0 -64 0
301 0 -64 0
302 0 -64 0
303 0 -64 0
304 0 -64 0
305 0 -64 0
306 1 63 1
307 1 63 1
308 1 63 1
309 0 -64 0
310 0 -64 0
311 1 63 1
312 0 -64 0
313 0 -64 0
314 0 -64 0
315 1 63 1
316 0 -64 0
317 1 63 1
318 0 -64 0
319 1 63 1
320 1 63 1
321 0 -64 0
322 0 -64 0
323 0 -64 0
324 0 -64 0
325 1 63 1
326 0 -64 0
327 0 -64 0
328 0 -64 0
329 0 -64 0
330 0 -64 0
331 0 -64 0
332 0 -64 0
333 1 63 1
334 1 63 1
335 1 63 1
336 0 -64 0
337 0 -64 0
338 0 -64 0
339 0 -64 0
340 1 63 1
341 1 63 1
342 0 -64 0
343 0 -64 0
344 0 -64 0
345 0 -64 0
346 1 63 1
347 1 63 1
348 1 63 1
349 0 -64 0
350 0 -64 0
351 1 63 1
352 0 -64 0
353 0 -64 0
354 0 -64 0
355 0 -64 0
356 1 63 1
357 1 63 1
358 1 63 1
359 1 63 1
360 1 63 1
361 1 63 1
362 1 63 1
363 1 63 1
364 1 63 1
365 1 63 1
366 1 63 1
367 0 -64 0
368 0 -64 0
369 0 -64 0
370 0 -64 0
371 1 63 1
372 0 -64 0
373 0 -64 0
374 0 -64 0
375 0 -64 0
376 1 63 1
377 1 63 1
378 0 -64 0
379 0 -64 0
380 0 -64 0
381 0 -64 0
382 1 63 1
383 0 -64 0
384 1 63 1
385 0 -64 0
386 1 63 1
387 0 -64 0
388 0 -64 0
389 1 63 1
390 0 -64 0
391 0 -64 0
392 0 -64 0
393 1 63 1
394 0 -64 0
395 0 -62 0
396 1 47 1
397 1 62 1
398 1 49 1
399 0 -54 0
400 1 37 1
401 0 -49 0
402 1 59 1
403 0 -38 0
404 0 -58 0
405 1 63 1
406 0 -64 0
407 0 -64 0
408 0 -64 0
409 0 -64 0
410 1 63 1
411 1 63 1
412 0 -64 0
413 1 63 1
414 1 63 1
415 0 -64 0
416 0 -64 0
417 0 -64 0
418 1 63 1
419 1 63 1
420 1 63 1
421 0 -64 0
422 0 -64 0
423 0 -64 0
424 0 -64 0
425 1 63 1
426 1 63 1
427 0 -64 0
428 1 63 1
429 0 -64 0
430 1 63 1
431 0 -64 0
432 0 -64 0
433 0 -64 0
434 1 63 1
435 1 63 1
436 1 63 1
437 1 63 1
438 0 -64 0
439 1 63 1
440 1 63 1
441 1 63 1
442 0 -64 0
443 0 -64 0
444 1 63 1
445 1 63 1
446 1 63 1
447 1 63 1
448 0 -64 0
449 1 63 1
450 0 -64 0
451 0 -64 0
452 1 63 1
453 1 63 1
454 1 63 1
455 0 -64 0
456 0 -64 0
457 0 -64 0
458 1 63 1
459 0 -64 0
460 0 -64 0
461 1 63 1
462 0 -64 0
463 0 -64 0
464 1 63 1
465 1 63 1
466 0 -64 0
467 0 -64 0
468 1 63 1
469 1 63 1
470 1 63 1
471 1 63 1
472 1 63 1
473 1 63 1
474 0 -64 0
475 1 63 1
476 1 63 1
477 1 63 1
478 1 63 1
479 1 63 1
480 0 -64 0
481 1 63 1
482 1 63 1
483 0 -64 0
484 1 63 1
485 0 -64 0
486 0 -64 0
487 0 -64 0
488 0 -64 0
489 0 -64 0
490 1 63 1
491 0 -64 0
492 1 63 1
493 1 63 1
494 0 -64 0
495 0 -64 0
496 0 -64 0
497 1 63 1
498 0 -64 0
499 1 63 1
500 0 -64 0
501 1 63 1
502 0 -64 0
503 0 -64 0
504 1 63 1
505 0 -64 0
506 0 -64 0
507 1 63 1
508 1 63 1
509 0 -64 0
510 0 -64 0
511 0 -64 0
512 0 -64 0
513 0 -64 0
514 1 63 1
515 1 63 1
516 1 63 1
517 0 -64 0
518 0 -64 0
519 0 -64 0
520 0 -64 0
521 1 63 1
522 1 63 1
523 1 63 1
524 1 63 1
525 1 63 1
526 1 63 1
527 1 63 1
528 0 -64 0
529 1 63 1
530 1 63 1
531 0 -64 0
532 0 -64 0
533 1 63 1
534 0 -64 0
535 1 63 1
536 1 63 1
537 0 -64 0
538 0 -64 0
539 0 -64 0
540 1 63 1
541 1 63 1
542 0 -64 0
543 0 -64 0
544 0 -64 0
545 0 -64 0
546 0 -64 0
547 1 63 1
548 1 63 1
549 1 63 1
550 0 -64 0
551 0 -64 0
552 1 63 1
553 1 63 1
554 0 -64 0
555 0 -64 0
556 0 -64 0
557 0 -64 0
558 0 -64 0
559 1 63 1
560 0 -64 0
561 0 -64 0
562 0 -64 0
563 0 -64 0
564 0 -64 0
565 0 -64 0
566 0 -64 0
567 0 -64 0
568 0 -64 0
569 0 -64 0
570 0 -64 0
571 0 -64 0
572 0 -64 0
573 1 63 1
574 0 -64 0
575 0 -64 0
576 1 63 1
577 1 63 1
578 0 -64 0
579 1 63 1
580 1 63 1
581 0 -64 0
582 0 -64 0
583 1 63 1
584 1 63 1
585 0 -64 0
586 1 63 1
587 1 63 1
588 0 -64 0
589 0 -64 0
590 1 63 1
591 1 63 1
592 1 63 1
593 1 63 1
594 0 -64 0
595 0 -64 0
596 1 63 1
597 1 63 1
598 0 -64 0
599 1 63 1
600 0 -64 0
601 1 63 1
602 1 63 1
603 1 63 1
604 0 -64 0
605 1 63 1
606 0 -64 0
607 0 -64 0
608 0 -64 0
609 1 63 1
610 1 63 1
611 0 -64 0
612 0 -64 0
613 1 63 1
614 1 63 1
615 1 63 1
616 0 -64 0
617 1 63 1
618 0 -64 0
619 0 -64 0
620 1 63 1
621 1 63 1
622 0 -64 0
623 0 -64 0
624 0 -64 0
625 0 -64 0
626 0 -64 0
627 0 -64 0
628 1 63 1
629 1 63 1
630 1 63 1
631 1 63 1
632 0 -64 0
633 1 63 1
634 0 -64 0
635 1 63 1
636 0 -64 0
637 0 -64 0
638 1 63 1
639 0 -64 0
640 1 63 1
641 0 -64 0
642 1 63 1
643 0 -64 0
644 0 -64 0
645 0 -64 0
646 0 -64 0
647 1 63 1
648 0 -64 0
649 1 63 1
650 0 -64 0
651 1 63 1
652 0 -64 0
653 0 -64 0
654 1 63 1
655 1 63 1
656 0 -64 0
657 0 -64 0
658 1 63 1
659 0 -64 0
660 1 63 1
661 0 -64 0
662 0 -64 0
663 1 63 1
664 1 63 1
665 0 -64 0
666 0 -64 0
667 0 -64 0
668 0 -64 0
669 0 -64 0
670 0 -64 0
671 1 63 1
672 1 63 1
673 1 63 1
674 0 -64 0
675 1 63 1
676 0 -64 0
677 0 -64 0
678 1 63 1
679 0 -64 0
680 0 -64 0
681 1 63 1
682 0 -64 0
683 0 -64 0
684 0 -64 0
685 1 63 1
686 0 -64 0
687 1 63 1
688 1 63 1
689 0 -64 0
690 1 63 1
691 0 -64 0
692 0 -64 0
693 1 63 1
694 1 63 1
695 1 63 1
696 1 63 1
697 0 -64 0
698 0 -64 0
699 1 63 1
700 1 63 1
701 1 63 1
702 0 -64 0
703 1 63 1
704 0 -64 0
705 1 63 1
706 0 -64 0
707 0 -64 0
708 0 -64 0
709 1 63 1
710 1 63 1
711 0 -64 0
712 0 -64 0
713 0 -64 0
714 1 63 1
715 0 -64 0
716 1 63 1
717 0 -64 0
718 0 -64 0
719 0 -64 0
720 0 -64 0
721 0 -64 0
722 0 -64 0
723 1 63 1
724 0 -64 0
725 1 63 1
726 0 -64 0
727 1 63 1
728 1 63 1
729 0 -64 0
730 1 63 1
731 0 -64 0
732 1 63 1
733 1 63 1
734 0 -64 0
735 0 -64 0
736 1 63 1
737 0 -64 0
738 0 -64 0
739 0 -64 0
740 0 -64 0
741 0 -64 0
742 0 -64 0
743 1 63 1
744 0 -64 0
745 1 63 1
746 0 -64 0
747 1 63 1
748 1 63 1
749 0 -64 0
750 1 63 1
751 0 -64 0
752 0 -64 0
753 0 -64 0
754 1 63 1
755 1 63 1
756 0 -64 0
757 1 63 1
758 1 63 1
759 1 63 1
760 1 63 1
761 0 -64 0
762 0 -64 0
763 0 -64 0
764 0 -64 0
765 0 -64 0
766 1 63 1
767 1 63 1
768 0 -64 0
769 0 -64 0
770 1 63 1
771 0 -64 0
772 0 -64 0
773 0 -64 0
774 0 -64 0
775 1 63 1
776 1 63 1
777 1 63 1
778 0 -64 0
779 0 -64 0
780 1 63 1
781 1 63 1
782 0 -64 0
783 0 -64 0
784 1 63 1
785 1 63 1
786 1 63 1
787 0 -64 0
788 0 -64 0
789 1 63 1
790 1 63 1
791 1 63 1
792 0 -64 0
793 1 63 1
794 0 -64 0
795 0 -48 0
796 0 -54 0
797 0 -58 0
798 0 -42 0
799 1 41 1
800 0 -40 0
801 1 42 1
802 0 -60 0
803 1 63 1
804 1 63 1
805 1 63 1
806 1 63 1
807 1 63 1
808 1 63 1
809 0 -64 0
810 1 63 1
811 1 63 1
812 0 -64 0
813 0 -64 0
814 1 63 1
815 1 63 1
816 0 -64 0
817 0 -64 0
818 1 63 1
819 1 63 1
820 1 63 1
821 0 -64 0
822 0 -64 0
823 1 63 1
824 1 63 1
825 0 -64 0
826 1 63 1
827 0 -64 0
828 0 -64 0
829 0 -64 0
830 0 -64 0
831 1 63 1
832 0 -64 0
833 0 -64 0
834 1 63 1
835 0 -64 0
836 0 -64 0
837 0 -64 0
838 0 -64 0
839 1 63 1
840 1 63 1
841 0 -64 0
842 0 -64 0
843 0 -64 0
844 1 63 1
845 1 63 1
846 1 63 1
847 0 -64 0
848 0 -64 0
849 1 63 1
850 0 -64 0
851 1 63 1
852 1 63 1
853 1 63 1
854 0 -64 0
855 1 63 1
856 0 -64 0
857 0 -64 0
858 0 -64 0
859 1 63 1
860 0 -64 0
861 0 -64 0
862 1 63 1
863 1 63 1
864 0 -64 0
865 0 -64 0
866 1 63 1
867 1 63 1
868 0 -64 0
869 0 -64 0
870 0 -64 0
871 1 63 1
872 1 63 1
873 1 63 1
874 1 63 1
875 1 63 1
876 0 -64 0
877 0 -64 0
878 1 63 1
879 0 -64 0
880 0 -64 0
881 0 -64 0
882 0 -64 0
883 1 63 1
884 1 63 1
885 1 63 1
886 1 63 1
887 1 63 1
888 0 -64 0
889 0 -64 0
890 1 63 1
891 1 63 1
892 0 -64 0
893 1 63 1
894 1 63 1
895 1 63 1
896 1 63 1
897 0 -64 0
898 0 -64 0
899 0 -64 0
900 0 -64 0
901 1 63 1
902 1 63 1
903 1 63 1
904 0 -64 0
905 1 63 1
906 1 63 1
907 0 -64 0
908 1 63 1
909 1 63 1
910 1 63 1
911 1 63 1
912 1 63 1
913 1 63 1
914 0 -64 0
915 0 -64 0
916 0 -64 0
917 0 -64 0
918 1 63 1
919 1 63 1
920 0 -64 0
921 1 63 1
922 1 63 1
923 0 -64 0
924 1 63 1
925 1 63 1
926 1 63 1
927 0 -64 0
928 0 -64 0
929 0 -64 0
930 0 -64 0
931 0 -64 0
932 0 -64 0
933 0 -64 0
934 1 63 1
935 0 -64 0
936 0 -64 0
937 1 63 1
938 0 -64 0
939 1 63 1
940 0 -64 0
941 0 -64 0
942 0 -64 0
943 0 -64 0
944 1 63 1
945 1 63 1
946 0 -64 0
947 1 63 1
948 1 63 1
949 0 -64 0
950 1 63 1
951 0 -64 0
952 1 63 1
953 0 -64 0
954 0 -64 0
955 1 63 1
956 1 63 1
957 0 -64 0
958 0 -64 0
959 1 63 1
960 1 63 1
961 1 63 1
962 1 63 1
963 1 63 1
964 0 -64 0
965 0 -64 0
966 1 63 1
967 0 -64 0
968 0 -64 0
969 1 63 1
970 1 63 1
971 1 63 1
972 0 -64 0
973 0 -64 0
974 1 63 1
975 1 63 1
976 1 63 1
977 0 -64 0
978 0 -64 0
979 0 -64 0
980 0 -64 0
981 1 63 1
982 1 63 1
983 1 63 1
984 1 63 1
985 1 63 1
986 0 -64 0
987 0 -64 0
988 1 63 1
989 0 -64 0
990 0 -64 0
991 1 63 1
992 1 63 1
993 1 63 1
994 0 -64 0
995 1 63 1
996 1 63 1
997 0 -64 0
998 0 -64 0
999 0 -64 0
1000 0 -64 0
1001 0 -64 0
1002 0 -64 0
1003 0 -64 0
1004 0 -64 0
1005 1 63 1
1006 0 -64 0
1007 0 -64 0
1008 0 -64 0
1009 1 63 1
1010 1 63 1
1011 1 63 1
1012 0 -64 0
1013 0 -64 0
1014 0 -64 0
1015 0 -64 0
1016 0 -64 0
1017 0 -64 0
1018 0 -64 0
1019 1 63 1
1020 1 63 1
1021 0 -64 0
1022 1 63 1
1023 0 -64 0
1024 1 63 1
1025 1 63 1
1026 0 -64 0
1027 0 -64 0
1028 1 63 1
1029 1 63 1
1030 1 63 1
1031 0 -64 0
1032 0 -64 0
1033 0 -64 0
1034 0 -64 0
1035 0 -64 0
1036 1 63 1
1037 0 -64 0
1038 1 63 1
1039 1 63 1
1040 1 63 1
1041 0 -64 0
1042 1 63 1
1043 0 -64 0
1044 1 63 1
1045 0 -64 0
1046 1 63 1
1047 0 -64 0
1048 0 -64 0
1049 1 63 1
1050 0 -64 0
1051 0 -64 0
1052 0 -64 0
1053 1 63 1
1054 1 63 1
1055 1 63 1
1056 1 63 1
1057 1 63 1
1058 0 -64 0
1059 1 63 1
1060 1 63 1
1061 1 63 1
1062 0 -64 0
1063 0 -64 0
1064 0 -64 0
1065 1 63 1
1066 1 63 1
1067 0 -64 0
1068 0 -64 0
1069 0 -64 0
1070 0 -64 0
1071 1 63 1
1072 1 63 1
1073 1 63 1
1074 0 -64 0
1075 1 63 1
1076 0 -64 0
1077 1 63 1
1078 1 63 1
1079 0 -64 0
1080 1 63 1
1081 0 -64 0
1082 1 63 1
1083 1 63 1
1084 0 -64 0
1085 0 -64 0
1086 0 -64 0
1087 0 -64 0
1088 0 -64 0
1089 1 63 1
1090 0 -64 0
1091 1 63 1
1092 0 -64 0
1093 0 -64 0
1094 1 63 1
1095 1 63 1
1096 1 63 1
1097 1 63 1
1098 0 -64 0
1099 1 63 1
1100 1 63 1
1101 1 63 1
1102 0 -64 0
1103 0 -64 0
1104 1 63 1
1105 0 -64 0
1106 1 63 1
1107 0 -64 0
1108 1 63 1
1109 1 63 1
1110 1 63 1
1111 0 -64 0
1112 1 63 1
1113 0 -64 0
1114 1 63 1
1115 1 63 1
1116 1 63 1
1117 1 63 1
1118 0 -64 0
1119 1 63 1
1120 0 -64 0
1121 1 63 1
1122 0 -63 0
1123 0 -64 0
1124 0 -64 0
1125 1 63 1
1126 0 -64 0
1127 1 63 1
1128 1 63 1
1129 0 -63 0
1130 1 63 1
1131 1 63 1
1132 0 -64 0
1133 0 -64 0
1134 0 -64 0
1135 0 -64 0
1136 1 63 1
1137 0 -64 0
1138 1 63 1
1139 1 63 1
1140 0 -64 0
1141 0 -64 0
1142 1 63 1
1143 0 -64 0
1144 1 63 1
1145 0 -64 0
1146 1 63 1
1147 0 -64 0
1148 1 63 1
1149 0 -64 0
1150 0 -64 0
1151 1 63 1
1152 0 -64 0
1153 0 -64 0
1154 1 63 1
1155 0 -64 0
1156 1 63 1
1157 0 -64 0
1158 0 -64 0
1159 1 63 1
1160 1 63 1
1161 1 63 1
1162 0 -64 0
1163 1 63 1
1164 1 63 1
1165 0 -64 0
1166 0 -64 0
1167 1 63 1
1168 0 -64 0
1169 0 -64 0
1170 0 -64 0
1171 0 -64 0
1172 0 -64 0
1173 0 -64 0
1174 0 -64 0
1175 1 63 1
1176 1 63 1
1177 0 -64 0
1178 0 -64 0
1179 0 -64 0
1180 0 -64 0
1181 1 63 1
1182 1 63 1
1183 0 -64 0
1184 0 -64 0
1185 1 63 1
1186 0 -64 0
1187 0 -64 0
1188 0 -64 0
1189 0 -63 0
1190 1 63 1
1191 0 -64 0
1192 0 -64 0
1193 0 -64 0
1194 1 -30 0
1195 0 -23 0
1196 1 37 1
1197 1 58 1
1198 0 -39 0
1199 1 -52 0
1200 1 39 1
1201 1 43 1
1202 0 -51 0
1203 1 63 1
1204 1 52 1
1205 0 -53 0
1206 1 63 1
1207 1 63 1
1208 1 63 1
1209 1 63 1
1210 1 63 1
1211 1 63 1
1212 0 -64 0
1213 1 63 1
1214 1 63 1
1215 1 63 1
1216 0 -64 0
1217 1 63 1
1218 1 63 1
1219 0 -64 0
1220 1 63 1
1221 1 63 1
1222 0 -64 0
1223 1 63 1
1224 1 63 1
1225 0 -64 0
1226 0 -64 0
1227 0 -64 0
1228 1 63 1
1229 0 -64 0
1230 1 63 1
1231 1 63 1
1232 0 -64 0
1233 0 -64 0
1234 1 63 1
1235 0 -64 0
1236 1 63 1
1237 1 63 1
1238 1 63 1
1239 1 63 1
1240 1 63 1
1241 0 -64 0
1242 0 -64 0
1243 1 63 1
1244 0 -64 0
1245 0 -64 0
1246 1 63 1
1247 0 -64 0
1248 1 63 1
1249 0 -64 0
1250 0 -64 0
1251 0 -64 0
1252 0 -64 0
1253 1 63 1
1254 1 63 1
1255 1 63 1
1256 1 63 1
1257 1 63 1
1258 1 63 1
1259 1 63 1
1260 0 -64 0
1261 1 63 1
1262 0 -64 0
1263 1 63 1
1264 0 -64 0
1265 1 63 1
1266 1 63 1
1267 0 -64 0
1268 1 63 1
1269 1 63 1
1270 0 -64 0
1271 0 -64 0
1272 0 -64 0
1273 1 63 1
1274 0 -64 0
1275 1 63 1
1276 0 -64 0
1277 0 -64 0
1278 0 -64 0
1279 0 -64 0
1280 0 -64 0
1281 1 63 1
1282 1 63 1
1283 0 -64 0
1284 1 63 1
1285 1 63 1
1286 1 63 1
1287 0 -64 0
1288 0 -64 0
1289 1 63 1
1290 1 63 1
1291 1 63 1
1292 0 -64 0
1293 0 -64 0
1294 0 -64 0
1295 0 -64 0
1296 1 63 1
1297 1 63 1
1298 0 -64 0
1299 0 -64 0
1300 0 -64 0
1301 0 -64 0
1302 1 63 1
1303 1 63 1
1304 1 63 1
1305 1 63 1
1306 1 63 1
1307 1 63 1
1308 0 -64 0
1309 0 -64 0
1310 0 -64 0
1311 0 -64 0
1312 1 63 1
1313 0 -64 0
1314 1 63 1
1315 1 63 1
1316 1 63 1
1317 1 63 1
1318 1 63 1
1319 0 -64 0
1320 1 63 1
1321 0 -64 0
1322 0 -64 0
1323 0 -64 0
1324 0 -64 0
1325 1 63 1
1326 1 63 1
1327 0 -64 0
1328 0 -64 0
1329 1 63 1
1330 1 63 1
1331 0 -64 0
1332 0 -64 0
1333 1 63 1
1334 0 -64 0
1335 0 -64 0
1336 0 -64 0
1337 1 63 1
1338 0 -64 0
1339 1 63 1
1340 1 63 1
1341 0 -64 0
1342 0 -64 0
1343 1 63 1
1344 0 -64 0
1345 1 63 1
1346 0 -64 0
1347 1 63 1
1348 0 -64 0
1349 1 63 1
1350 0 -64 0
1351 1 63 1
1352 0 -64 0
1353 0 -64 0
1354 1 63 1
1355 0 -64 0
1356 1 63 1
1357 1 63 1
1358 1 63 1
1359 1 63 1
1360 1 63 1
1361 0 -64 0
1362 1 63 1
1363 0 -64 0
1364 0 -64 0
1365 0 -64 0
1366 0 -64 0
1367 0 -64 0
1368 0 -64 0
1369 0 -64 0
1370 1 63 1
1371 0 -64 0
1372 1 63 1
1373 1 63 1
1374 0 -64 0
1375 0 -64 0
1376 1 63 1
1377 0 -64 0
1378 1 63 1
1379 1 63 1
1380 1 63 1
1381 0 -64 0
1382 0 -64 0
1383 0 -64 0
1384 1 63 1
1385 1 63 1
1386 0 -64 0
1387 1 63 1
1388 1 63 1
1389 0 -64 0
1390 0 -64 0
1391 0 -64 0
1392 1 63 1
1393 0 -64 0
1394 1 63 1
1395 0 -64 0
1396 1 63 1
1397 1 63 1
1398 1 63 1
1399 0 -64 0
1400 1 63 1
1401 0 -64 0
1402 0 -64 0
1403 0 -64 0
1404 0 -64 0
1405 0 -64 0
1406 0 -64 0
1407 1 63 1
1408 0 -64 0
1409 1 63 1
1410 0 -64 0
1411 1 63 1
1412 1 63 1
1413 1 63 1
1414 1 63 1
1415 0 -64 0
1416 0 -64 0
1417 0 -64 0
1418 1 63 1
1419 0 -64 0
1420 0 -64 0
1421 0 -64 0
1422 0 -64 0
1423 1 63 1
1424 1 63 1
1425 1 63 1
1426 1 63 1
1427 0 -64 0
1428 1 63 1
1429 1 63 1
1430 1 63 1
1431 0 -64 0
1432 0 -64 0
1433 0 -64 0
1434 1 63 1
1435 0 -64 0
1436 1 63 1
1437 0 -64 0
1438 0 -64 0
1439 1 63 1
1440 1 63 1
1441 0 -64 0
1442 0 -64 0
1443 1 63 1
1444 0 -64 0
1445 1 63 1
1446 0 -64 0
1447 1 63 1
1448 1 63 1
1449 0 -64 0
1450 0 -64 0
1451 0 -64 0
1452 1 63 1
1453 1 63 1
1454 1 63 1
1455 0 -64 0
1456 1 63 1
1457 0 -64 0
1458 1 63 1
1459 0 -64 0
1460 0 -64 0
1461 0 -64 0
1462 1 63 1
1463 1 63 1
1464 0 -64 0
1465 0 -64 0
1466 0 -64 0
1467 0 -64 0
1468 0 -64 0
1469 1 63 1
1470 1 63 1
1471 0 -64 0
1472 0 -64 0
1473 0 -64 0
1474 0 -64 0
1475 1 63 1
1476 1 63 1
1477 1 63 1
1478 1 63 1
1479 1 63 1
1480 1 63 1
1481 1 63 1
1482 1 63 1
1483 1 63 1
1484 0 -64 0
1485 0 -64 0
1486 0 -64 0
1487 1 63 1
1488 1 63 1
1489 1 63 1
1490 1 63 1
1491 0 -64 0
1492 1 63 1
1493 0 -64 0
1494 0 -64 0
1495 1 63 1
1496 0 -64 0
1497 0 -64 0
1498 0 -64 0
1499 1 63 1
1500 1 63 1
1501 0 -64 0
1502 0 -64 0
1503 0 -64 0
1504 0 -64 0
1505 1 63 1
1506 1 63 1
1507 0 -64 0
1508 1 63 1
1509 0 -64 0
1510 0 -64 0
1511 0 -64 0
1512 1 63 1
1513 0 -64 0
1514 1 63 1
1515 0 -64 0
1516 0 -64 0
1517 1 63 1
1518 1 63 1
1519 0 -64 0
1520 1 63 1
1521 0 -64 0
1522 1 63 1
1523 1 63 1
1524 1 63 1
1525 0 -64 0
1526 0 -64 0
1527 0 -64 0
1528 0 -64 0
1529 1 63 1
1530 0 -64 0
1531 1 63 1
1532 1 63 1
1533 1 63 1
1534 1 63 1
1535 1 63 1
1536 0 -64 0
1537 1 63 1
1538 0 -64 0
1539 0 -64 0
1540 0 -64 0
1541 0 -64 0
1542 0 -64 0
1543 1 63 1
1544 1 63 1
1545 0 -64 0
1546 0 -64 0
1547 1 63 1
1548 1 63 1
1549 0 -64 0
1550 1 63 1
1551 1 63 1
1552 1 63 1
1553 1 63 1
1554 0 -64 0
1555 1 63 1
1556 1 63 1
1557 1 63 1
1558 1 63 1
1559 1 63 1
1560 0 -64 0
1561 0 -64 0
1562 1 63 1
1563 1 63 1
1564 0 -64 0
1565 1 63 1
1566 0 -64 0
1567 1 63 1
1568 0 -64 0
1569 0 -64 0
1570 1 63 1
1571 1 63 1
1572 0 -64 0
1573 0 -64 0
1574 1 63 1
1575 1 63 1
1576 0 -64 0
1577 0 -64 0
1578 1 63 1
1579 0 -64 0
1580 1 63 1
1581 1 63 1
1582 0 -64 0
1583 0 -64 0
1584 1 63 1
1585 0 -64 0
1586 0 -64 0
1587 0 -64 0
1588 1 63 1
1589 1 63 1
1590 0 -64 0
1591 1 63 1
1592 1 63 1
1593 0 -64 0
1594 1 63 1
1595 1 63 1
1596 0 -64 0
1597 0 -63 0
1598 0 -50 0
1599 0 -53 0
1600 0 -36 0
1601 1 52 1
1602 0 -59 0
1603 1 50 1
1604 0 -63 0
1605 0 -64 0
1606 1 63 1
1607 1 63 1
1608 1 63 1
1609 0 -64 0
1610 0 -64 0
1611 1 63 1
1612 0 -64 0
1613 0 -64 0
1614 1 63 1
1615 0 -64 0
1616 1 63 1
1617 1 63 1
1618 0 -64 0
1619 0 -64 0
1620 1 63 1
1621 1 63 1
1622 1 63 1
1623 1 63 1
1624 0 -64 0
1625 0 -64 0
1626 0 -64 0
1627 0 -64 0
1628 0 -64 0
1629 1 63 1
1630 1 63 1
1631 1 63 1
1632 1 63 1
1633 1 63 1
1634 1 63 1
1635 1 63 1
1636 0 -64 0
1637 0 -64 0
1638 1 63 1
1639 0 -64 0
1640 1 63 1
1641 0 -64 0
1642 1 63 1
1643 0 -64 0
1644 1 63 1
1645 1 63 1
1646 0 -64 0
1647 0 -64 0
1648 1 63 1
1649 0 -64 0
1650 1 63 1
1651 1 63 1
1652 1 63 1
1653 1 63 1
1654 0 -64 0
1655 0 -64 0
1656 1 63 1
1657 1 63 1
1658 0 -64 0
1659 0 -64 0
1660 1 63 1
1661 0 -64 0
1662 1 63 1
1663 0 -64 0
1664 0 -64 0
1665 0 -64 0
1666 0 -64 0
1667 1 63 1
1668 1 63 1
1669 0 -64 0
1670 1 63 1
1671 1 63 1
1672 0 -64 0
1673 1 63 1
1674 0 -64 0
1675 0 -64 0
1676 0 -64 0
1677 1 63 1
1678 1 63 1
1679 0 -64 0
1680 1 63 1
1681 0 -64 0
1682 1 63 1
1683 1 63 1
1684 0 -64 0
1685 0 -64 0
1686 1 63 1
1687 1 63 1
1688 0 -64 0
1689 0 -64 0
1690 0 -64 0
1691 0 -64 0
1692 1 63 1
1693 1 63 1
1694 1 63 1
1695 1 63 1
1696 0 -64 0
1697 1 63 1
1698 1 63 1
1699 1 63 1
1700 0 -64 0
1701 0 -64 0
1702 1 63 1
1703 0 -64 0
1704 0 -64 0
1705 1 63 1
1706 1 63 1
1707 1 63 1
1708 0 -64 0
1709 0 -64 0
1710 0 -64 0
1711 0 -64 0
1712 1 63 1
1713 1 63 1
1714 0 -64 0
1715 0 -64 0
1716 0 -64 0
1717 0 -64 0
1718 1 63 1
1719 1 63 1
1720 1 63 1
1721 1 63 1
1722 1 63 1
1723 1 63 1
1724 0 -64 0
1725 1 63 1
1726 1 63 1
1727 0 -64 0
1728 0 -64 0
1729 0 -64 0
1730 1 63 1
1731 1 63 1
1732 1 63 1
1733 1 63 1
1734 1 63 1
1735 0 -64 0
1736 1 63 1
1737 1 63 1
1738 1 63 1
1739 0 -64 0
1740 0 -64 0
1741 1 63 1
1742 1 63 1
1743 0 -64 0
1744 1 63 1
1745 1 63 1
1746 0 -64 0
1747 1 63 1
1748 0 -64 0
1749 1 63 1
1750 0 -64 0
1751 0 -64 0
1752 0 -64 0
1753 1 63 1
1754 0 -64 0
1755 1 63 1
1756 1 63 1
1757 0 -64 0
1758 0 -64 0
1759 1 63 1
1760 1 63 1
1761 0 -64 0
1762 0 -64 0
1763 0 -64 0
1764 1 63 1
1765 1 63 1
1766 0 -64 0
1767 0 -64 0
1768 1 63 1
1769 1 63 1
1770 1 63 1
1771 0 -64 0
1772 1 63 1
1773 0 -64 0
1774 0 -64 0
1775 0 -64 0
1776 0 -64 0
1777 0 -64 0
1778 1 63 1
1779 1 63 1
1780 0 -64 0
1781 0 -64 0
1782 0 -64 0
1783 1 63 1
1784 0 -64 0
1785 0 -64 0
1786 1 63 1
1787 1 63 1
1788 1 63 1
1789 1 63 1
1790 0 -64 0
1791 1 63 1
1792 0 -64 0
1793 1 63 1
1794 1 63 1
1795 1 63 1
1796 1 63 1
1797 1 63 1
1798 0 -64 0
1799 1 63 1
1800 0 -64 0
1801 0 -64 0
1802 0 -64 0
1803 1 63 1
1804 1 63 1
1805 1 63 1
1806 0 -64 0
1807 0 -64 0
1808 1 63 1
1809 0 -64 0
1810 1 63 1
1811 0 -64 0
1812 1 63 1
1813 0 -64 0
1814 1 63 1
1815 0 -64 0
1816 0 -64 0
1817 1 19 1
1818 0 63 1
1819 1 63 1
1820 0 63 1
1821 1 63 1
1822 0 -64 0
1823 1 63 1
1824 0 19 1
1825 0 -64 0
1826 1 63 1
1827 0 -64 0
1828 1 63 1
1829 0 -64 0
1830 0 -64 0
1831 0 -57 0
1832 1 63 1
1833 0 -64 0
1834 0 -64 0
1835 1 63 1
1836 0 -64 0
1837 0 -64 0
1838 0 -64 0
1839 1 63 1
1840 1 63 1
1841 1 63 1
1842 1 63 1
1843 1 63 1
1844 0 -64 0
1845 1 63 1
1846 1 63 1
1847 0 -64 0
1848 0 -64 0
1849 1 63 1
1850 1 63 1
1851 1 63 1
1852 1 63 1
1853 1 63 1
1854 0 -64 0
1855 0 -64 0
1856 1 63 1
1857 1 63 1
1858 1 63 1
1859 0 -64 0
1860 0 -64 0
1861 0 -64 0
1862 0 -64 0
1863 1 63 1
1864 0 -64 0
1865 0 -64 0
1866 1 63 1
1867 0 -64 0
1868 0 -64 0
1869 1 63 1
1870 1 63 1
1871 1 63 1
1872 1 63 1
1873 0 -64 0
1874 1 63 1
1875 1 63 1
1876 0 -64 0
1877 1 63 1
1878 0 -64 0
1879 1 63 1
1880 0 -64 0
1881 0 -64 0
1882 0 -64 0
1883 0 -64 0
1884 0 -64 0
1885 1 63 1
1886 0 -64 0
1887 0 -64 0
1888 0 -64 0
1889 1 63 1
1890 1 63 1
1891 0 -64 0
1892 0 -64 0
1893 0 -64 0
1894 0 -64 0
1895 0 -64 0
1896 0 -64 0
1897 0 -64 0
1898 0 -64 0
1899 0 -64 0
1900 1 63 1
1901 0 -64 0
1902 1 63 1
1903 0 -64 0
1904 0 -64 0
1905 1 63 1
1906 1 63 1
1907 1 63 1
1908 0 -64 0
1909 1 63 1
1910 1 63 1
1911 1 63 1
1912 0 -64 0
1913 0 -64 0
1914 0 -64 0
1915 1 63 1
1916 1 63 1
1917 0 -64 0
1918 0 -64 0
1919 0 -64 0
1920 1 63 1
1921 1 63 1
1922 1 63 1
1923 0 -64 0
1924 0 -64 0
1925 0 -64 0
1926 1 63 1
1927 1 63 1
1928 0 -64 0
1929 0 -64 0
1930 1 63 1
1931 1 63 1
1932 0 -64 0
1933 1 63 1
1934 0 -64 0
1935 0 -64 0
1936 1 63 1
1937 0 -64 0
1938 1 63 1
1939 1 63 1
1940 1 63 1
1941 1 63 1
1942 1 63 1
1943 1 63 1
1944 0 -64 0
1945 0 -64 0
1946 1 63 1
1947 1 63 1
1948 1 63 1
1949 0 -64 0
1950 0 -64 0
1951 0 -64 0
1952 0 -64 0
1953 1 63 1
1954 0 -64 0
1955 0 -64 0
1956 1 63 1
1957 1 63 1
1958 0 -64 0
1959 0 -64 0
1960 1 63 1
1961 0 -64 0
1962 1 63 1
1963 1 63 1
1964 0 -64 0
1965 0 -64 0
1966 1 63 1
1967 0 -64 0
1968 1 63 1
1969 1 63 1
1970 1 63 1
1971 0 -64 0
1972 0 -64 0
1973 0 -64 0
1974 1 63 1
1975 0 -64 0
1976 0 -64 0
1977 1 63 1
1978 1 63 1
1979 1 63 1
1980 0 -64 0
1981 1 63 1
1982 1 63 1
1983 1 63 1
1984 0 -64 0
1985 0 -64 0
1986 0 -64 0
1987 1 63 1
1988 1 55 1
1989 0 -64 0
1990 1 63 1
1991 0 -64 0
1992 1 63 1
1993 1 63 1
1994 0 -64 0
1995 1 44 1
1996 1 63 1
1997 0 -57 0
1998 1 49 1
1999 1 53 1
2000 1 0 0
2001 0 -52 0
2002 1 46 1
2003 1 -15 0
2004 1 48 1
2005 0 -64 0
2006 1 63 1
2007 1 63 1
2008 0 -64 0
2009 1 63 1
2010 1 63 1
2011 1 63 1
2012 0 -64 0
2013 1 63 1
2014 1 63 1
2015 1 63 1
2016 0 -64 0
2017 1 63 1
2018 0 -64 0
2019 0 -64 0
2020 1 63 1
2021 0 -64 0
2022 1 63 1
2023 1 63 1
2024 1 63 1
2025 0 -64 0
2026 0 -64 0
2027 1 63 1
2028 0 -64 0
2029 0 -64 0
2030 1 63 1
2031 0 -64 0
2032 1 63 1
2033 1 63 1
2034 0 -64 0
2035 0 -64 0
2036 1 63 1
2037 0 -64 0
2038 0 -64 0
2039 1 63 1
2040 1 63 1
2041 0 -64 0
2042 0 -64 0
2043 1 63 1
2044 1 63 1
2045 1 63 1
2046 1 63 1
2047 1 63 1
2048 1 63 1
2049 1 63 1
2050 0 -64 0
2051 0 -64 0
2052 0 -64 0
2053 1 63 1
2054 1 63 1
2055 1 63 1
2056 0 -64 0
2057 1 63 1
2058 0 -64 0
2059 0 -64 0
2060 1 63 1
2061 1 63 1
2062 1 63 1
2063 0 -64 0
2064 0 -64 0
2065 0 -64 0
2066 0 -64 0
2067 1 63 1
2068 1 63 1
2069 0 -64 0
2070 1 63 1
2071 1 63 1
2072 0 -64 0
2073 1 63 1
2074 1 63 1
2075 1 63 1
2076 0 -64 0
2077 1 63 1
2078 1 63 1
2079 0 63 1
2080 1 63 1
2081 1 63 1
2082 0 -64 0
2083 0 63 1
2084 0 63 1
2085 1 63 1
2086 0 -64 0
2087 0 -64 0
2088 0 -64 0
2089 0 -64 0
2090 0 -64 0
2091 0 -64 0
2092 1 63 1
2093 0 -64 0
2094 0 -64 0
2095 0 -64 0
2096 0 -64 0
2097 0 -64 0
2098 1 63 1
2099 0 -64 0
2100 1 63 1
2101 0 -64 0
2102 1 63 1
2103 1 63 1
2104 1 63 1
2105 1 63 1
2106 1 63 1
2107 1 63 1
2108 0 -64 0
2109 1 63 1
2110 0 -64 0
2111 0 -64 0
2112 0 -64 0
2113 1 63 1
2114 1 63 1
2115 1 63 1
2116 1 63 1
2117 0 -64 0
2118 0 -64 0
2119 1 63 1
2120 1 63 1
2121 1 63 1
2122 0 -64 0
2123 1 63 1
2124 1 63 1
2125 1 63 1
2126 0 -64 0
2127 1 63 1
2128 0 -64 0
2129 1 63 1
2130 0 -64 0
2131 0 -64 0
2132 0 -64 0
2133 0 -64 0
2134 0 -64 0
2135 1 63 1
2136 1 63 1
2137 0 -64 0
2138 0 -64 0
2139 1 63 1
2140 1 63 1
2141 0 -64 0
2142 0 -64 0
2143 0 -64 0
2144 1 63 1
2145 1 63 1
2146 1 63 1
2147 0 -64 0
2148 0 -64 0
2149 0 -64 0
2150 0 -64 0
2151 1 63 1
2152 1 63 1
2153 1 63 1
2154 1 63 1
2155 1 63 1
2156 0 -64 0
2157 0 -64 0
2158 1 63 1
2159 1 63 1
2160 0 -64 0
2161 1 63 1
2162 0 -64 0
2163 0 -64 0
2164 1 63 1
2165 1 63 1
2166 0 -64 0
2167 1 63 1
2168 1 63 1
2169 1 63 1
2170 0 -64 0
2171 1 63 1
2172 0 -64 0
2173 0 -64 0
2174 0 -64 0
2175 0 -64 0
2176 1 63 1
2177 0 -64 0
2178 0 -64 0
2179 0 -64 0
2180 1 63 1
2181 0 -64 0
2182 0 -64 0
2183 0 -64 0
2184 1 63 1
2185 0 -64 0
2186 0 -64 0
2187 0 -64 0
2188 1 63 1
2189 0 -64 0
2190 1 63 1
2191 1 63 1
2192 0 -64 0
2193 1 63 1
2194 0 -64 0
2195 1 63 1
2196 0 -64 0
2197 0 -64 0
2198 0 -64 0
2199 1 63 1
2200 1 63 1
2201 1 63 1
2202 0 -64 0
2203 1 63 1
2204 0 -64 0
2205 0 -64 0
2206 1 63 1
2207 0 -64 0
2208 0 -64 0
2209 1 63 1
2210 0 -64 0
2211 0 -64 0
2212 0 -64 0
2213 0 -64 0
2214 1 63 1
2215 0 -64 0
2216 0 -64 0
2217 1 63 1
2218 0 -64 0
2219 0 -64 0
2220 0 -64 0
2221 0 -64 0
2222 0 -64 0
2223 0 -64 0
2224 0 -64 0
2225 1 63 1
2226 1 63 1
2227 0 -64 0
2228 0 -64 0
2229 1 63 1
2230 1 63 1
2231 0 -64 0
2232 0 -64 0
2233 1 63 1
2234 0 -64 0
2235 0 -64 0
2236 1 63 1
2237 1 63 1
2238 1 63 1
2239 1 63 1
2240 1 63 1
2241 0 -64 0
2242 0 -64 0
2243 1 63 1
2244 1 63 1
2245 0 -64 0
2246 1 63 1
2247 1 63 1
2248 0 -64 0
2249 1 63 1
2250 0 -64 0
2251 0 -64 0
2252 0 -64 0
2253 0 -64 0
2254 1 63 1
2255 1 63 1
2256 1 63 1
2257 0 -64 0
2258 1 63 1
2259 0 -64 0
2260 1 63 1
2261 0 -64 0
2262 1 63 1
2263 1 63 1
2264 1 63 1
2265 1 63 1
2266 1 63 1
2267 1 63 1
2268 1 63 1
2269 0 -64 0
2270 1 63 1
2271 1 63 1
2272 1 63 1
2273 1 63 1
2274 1 63 1
2275 0 -64 0
2276 0 -64 0
2277 1 63 1
2278 1 63 1
2279 0 -64 0
2280 0 -64 0
2281 0 -64 0
2282 0 -64 0
2283 0 -64 0
2284 1 63 1
2285 1 63 1
2286 1 63 1
2287 0 -64 0
2288 1 63 1
2289 1 63 1
2290 1 63 1
2291 0 -64 0
2292 1 63 1
2293 1 63 1
2294 1 63 1
2295 1 63 1
2296 1 63 1
2297 1 63 1
2298 0 -64 0
2299 1 63 1
2300 0 -64 0
2301 1 63 1
2302 1 63 1
2303 0 -64 0
2304 1 63 1
2305 1 63 1
2306 1 63 1
2307 1 63 1
2308 1 63 1
2309 1 63 1
2310 0 -64 0
2311 0 -64 0
2312 0 -64 0
2313 1 63 1
2314 0 -64 0
2315 1 63 1
2316 1 63 1
2317 1 63 1
2318 0 -64 0
2319 0 -64 0
2320 0 -64 0
2321 0 -64 0
2322 0 -64 0
2323 1 63 1
2324 0 -64 0
2325 0 -64 0
2326 0 -64 0
2327 0 -64 0
2328 1 63 1
2329 0 -64 0
2330 1 63 1
2331 1 63 1
2332 0 -64 0
2333 0 -64 0
2334 0 -64 0
2335 0 -64 0
2336 1 63 1
2337 1 63 1
2338 1 63 1
2339 1 63 1
2340 1 63 1
2341 0 -64 0
2342 1 63 1
2343 0 -64 0
2344 1 63 1
2345 0 -64 0
2346 0 -64 0
2347 0 -64 0
2348 1 63 1
2349 0 -64 0
2350 0 -64 0
2351 0 -64 0
2352 1 63 1
2353 0 -64 0
2354 0 -64 0
2355 1 63 1
2356 0 -64 0
2357 0 -64 0
2358 0 -64 0
2359 1 63 1
2360 0 -64 0
2361 1 63 1
2362 0 -64 0
2363 1 63 1
2364 0 -64 0
2365 0 -64 0
2366 0 -64 0
2367 0 -64 0
2368 0 -64 0
2369 0 -64 0
2370 1 63 1
2371 1 63 1
2372 0 -64 0
2373 1 63 1
2374 1 63 1
2375 0 -64 0
2376 1 63 1
2377 0 -64 0
2378 1 63 1
2379 0 -64 0
2380 0 -64 0
2381 1 63 1
2382 0 -64 0
2383 1 63 1
2384 0 -64 0
2385 0 -64 0
2386 1 63 1
2387 1 63 1
2388 0 -64 0
2389 1 63 1
2390 1 63 1
2391 0 -64 0
2392 1 63 1
2393 0 -64 0
2394 0 -64 0
2395 1 63 1
2396 0 -64 0
2397 1 57 1
2398 0 -54 0
2399 1 48 1
2400 0 -38 0
2401 0 -53 0
2402 0 -64 0
2403 0 -64 0
2404 0 -64 0
2405 1 63 1
2406 0 -64 0
2407 0 -64 0
2408 1 63 1
2409 1 63 1
2410 0 -64 0
2411 0 -64 0
2412 1 63 1
2413 0 -64 0
2414 0 -64 0
2415 1 63 1
2416 1 63 1
2417 1 63 1
2418 1 63 1
2419 0 -64 0
2420 1 63 1
2421 1 63 1
2422 1 63 1
2423 0 -64 0
2424 0 -64 0
2425 1 63 1
2426 0 -64 0
2427 1 63 1
2428 0 -64 0
2429 1 63 1
2430 1 63 1
2431 1 63 1
2432 0 -64 0
2433 0 -64 0
2434 1 63 1
2435 0 -64 0
2436 1 63 1
2437 0 -64 0
2438 1 63 1
2439 1 63 1
2440 1 63 1
2441 1 63 1
2442 0 -64 0
2443 1 63 1
2444 1 63 1
2445 0 -64 0
2446 1 63 1
2447 1 63 1
2448 0 -64 0
2449 1 63 1
2450 1 63 1
2451 0 -64 0
2452 1 63 1
2453 1 63 1
2454 1 63 1
2455 0 -64 0
2456 1 63 1
2457 1 63 1
2458 1 63 1
2459 0 -64 0
2460 1 63 1
2461 0 -64 0
2462 0 -64 0
2463 0 -64 0
2464 1 63 1
2465 0 -64 0
2466 0 -64 0
2467 1 63 1
2468 0 -64 0
2469 0 -64 0
2470 0 -64 0
2471 1 63 1
2472 0 -64 0
2473 0 -64 0
2474 0 -64 0
2475 1 63 1
2476 0 -64 0
2477 0 -64 0
2478 1 63 1
2479 0 -64 0
2480 1 63 1
2481 1 63 1
2482 1 63 1
2483 1 63 1
2484 0 -64 0
2485 0 -64 0
2486 1 63 1
2487 0 -64 0
2488 0 -64 0
2489 0 -64 0
2490 1 63 1
2491 0 -64 0
2492 1 63 1
2493 1 63 1
2494 0 -64 0
2495 1 63 1
2496 0 -64 0
2497 1 63 1
2498 0 -64 0
2499 0 -64 0
2500 1 63 1
2501 0 -64 0
2502 0 -64 0
2503 1 63 1
2504 1 63 1
2505 1 63 1
2506 0 -64 0
2507 0 -64 0
2508 1 63 1
2509 1 63 1
2510 0 -64 0
2511 0 -64 0
2512 0 -64 0
2513 0 -64 0
2514 0 -64 0
2515 1 63 1
2516 1 63 1
2517 1 63 1
2518 0 -64 0
2519 0 -64 0
2520 0 -64 0
2521 1 63 1
2522 1 63 1
2523 1 63 1
2524 1 63 1
2525 1 63 1
2526 1 63 1
2527 0 -64 0
2528 1 63 1
2529 1 63 1
2530 1 63 1
2531 0 -64 0
2532 1 63 1
2533 1 63 1
2534 1 63 1
2535 0 -64 0
2536 0 -64 0
2537 1 63 1
2538 1 63 1
2539 0 -64 0
2540 0 -64 0
2541 1 63 1
2542 1 63 1
2543 0 -64 0
2544 1 63 1
2545 1 63 1
2546 1 63 1
2547 0 -64 0
2548 0 -64 0
2549 1 63 1
2550 0 -64 0
2551 1 63 1
2552 0 -64 0
2553 0 -64 0
2554 0 -64 0
2555 0 -64 0
2556 0 -64 0
2557 0 -64 0
2558 1 63 1
2559 0 -64 0
2560 1 63 1
2561 1 63 1
2562 0 -64 0
2563 1 63 1
2564 0 -64 0
2565 0 -64 0
2566 0 -64 0
2567 1 63 1
2568 1 63 1
2569 0 -64 0
2570 0 -64 0
2571 0 -64 0
2572 0 -64 0
2573 0 -64 0
2574 0 -64 0
2575 1 63 1
2576 1 63 1
2577 1 63 1
2578 0 -64 0
2579 0 -64 0
2580 1 63 1
2581 0 -64 0
2582 0 -64 0
2583 0 -64 0
2584 0 -64 0
2585 1 63 1
2586 0 -64 0
2587 1 63 1
2588 0 -64 0
2589 0 -64 0
2590 0 -64 0
2591 1 63 1
2592 1 63 1
2593 0 -64 0
2594 0 -64 0
2595 0 -64 0
2596 0 -64 0
2597 0 -64 0
2598 0 -64 0
2599 1 63 1
2600 0 -64 0
2601 1 63 1
2602 1 63 1
2603 0 -64 0
2604 0 -64 0
2605 1 63 1
2606 0 -64 0
2607 1 63 1
2608 0 -64 0
2609 0 -64 0
2610 1 63 1
2611 1 63 1
2612 1 63 1
2613 0 -64 0
2614 1 63 1
2615 1 63 1
2616 1 63 1
2617 1 63 1
2618 0 -64 0
2619 0 -64 0
2620 1 63 1
2621 1 63 1
2622 1 63 1
2623 1 63 1
2624 1 63 1
2625 0 -64 0
2626 0 -64 0
2627 0 -64 0
2628 1 63 1
2629 0 -64 0
2630 0 -64 0
2631 0 -64 0
2632 1 63 1
2633 1 63 1
2634 1 63 1
2635 0 -64 0
2636 0 -64 0
2637 0 -64 0
2638 0 -64 0
2639 1 63 1
2640 0 -64 0
2641 1 63 1
2642 0 -64 0
2643 1 63 1
2644 1 63 1
2645 1 63 1
2646 0 -64 0
2647 1 63 1
2648 0 -64 0
2649 1 63 1
2650 1 63 1
2651 0 -64 0
2652 1 63 1
2653 1 63 1
2654 0 -64 0
2655 0 -64 0
2656 0 -64 0
2657 0 -64 0
2658 0 -64 0
2659 0 -64 0
2660 1 63 1
2661 1 63 1
2662 0 -64 0
2663 0 -64 0
2664 0 -64 0
2665 1 63 1
2666 1 63 1
2667 0 -64 0
2668 1 63 1
2669 1 63 1
2670 1 63 1
2671 1 63 1
2672 1 63 1
2673 0 -64 0
2674 0 -64 0
2675 1 63 1
2676 0 -64 0
2677 0 -64 0
2678 0 -64 0
2679 1 63 1
2680 0 -64 0
2681 1 63 1
2682 0 -64 0
2683 0 -64 0
2684 1 63 1
2685 0 -64 0
2686 1 63 1
2687 0 -64 0
2688 0 -64 0
2689 0 -64 0
2690 0 -64 0
2691 1 63 1
2692 1 63 1
2693 1 63 1
2694 1 63 1
2695 1 63 1
2696 0 -64 0
2697 1 63 1
2698 1 63 1
2699 0 -64 0
2700 0 -64 0
2701 0 -64 0
2702 1 63 1
2703 1 63 1
2704 0 -64 0
2705 0 -64 0
2706 0 -64 0
2707 0 -64 0
2708 1 63 1
2709 0 -64 0
2710 0 -64 0
2711 0 -64 0
2712 1 63 1
2713 1 63 1
2714 1 63 1
2715 1 63 1
2716 1 63 1
2717 1 63 1
2718 1 63 1
2719 1 63 1
2720 0 -64 0
2721 1 63 1
2722 1 63 1
2723 1 63 1
2724 0 -64 0
2725 0 -64 0
2726 1 63 1
2727 1 63 1
2728 0 -64 0
2729 1 63 1
2730 1 63 1
2731 0 -64 0
2732 0 -64 0
2733 1 63 1
2734 1 63 1
2735 0 -64 0
2736 1 63 1
2737 0 -64 0
2738 1 63 1
2739 0 -64 0
2740 1 63 1
2741 1 63 1
2742 1 63 1
2743 0 -64 0
2744 0 -64 0
2745 0 -64 0
2746 0 -64 0
2747 1 63 1
2748 1 63 1
2749 1 63 1
2750 1 63 1
2751 1 63 1
2752 0 -64 0
2753 0 -64 0
2754 0 -64 0
2755 1 63 1
2756 1 63 1
2757 0 -64 0
2758 1 63 1
2759 0 -64 0
2760 1 63 1
2761 0 -64 0
2762 0 -64 0
2763 0 -64 0
2764 1 63 1
2765 1 63 1
2766 1 63 1
2767 0 -64 0
2768 1 63 1
2769 1 63 1
2770 0 -64 0
2771 0 -64 0
2772 0 -64 0
2773 1 63 1
2774 1 63 1
2775 1 63 1
2776 1 63 1
2777 0 -64 0
2778 0 -64 0
2779 1 63 1
2780 1 63 1
2781 1 63 1
2782 0 -64 0
2783 0 -64 0
2784 0 -64 0
2785 1 63 1
2786 1 63 1
2787 0 -64 0
2788 1 63 1
2789 0 -64 0
2790 1 63 1
2791 0 -64 0
2792 0 -64 0
2793 0 -64 0
2794 0 -64 0
2795 1 61 1
2796 0 -49 0
2797 1 63 1
2798 0 -36 0
2799 1 52 1
2800 1 39 1
2801 1 34 1
2802 1 48 1
2803 1 55 1
2804 1 49 1
2805 1 58 1
2806 1 44 1
2807 0 -64 0
2808 0 -64 0
2809 0 -64 0
2810 0 -64 0
2811 1 63 1
2812 0 -64 0
2813 0 -64 0
2814 1 63 1
2815 1 63 1
2816 0 -64 0
2817 0 -64 0
2818 1 63 1
2819 0 -64 0
2820 1 63 1
2821 1 63 1
2822 1 63 1
2823 0 -64 0
2824 0 -64 0
2825 1 63 1
2826 0 -64 0
2827 0 -64 0
2828 0 -64 0
2829 1 63 1
2830 0 -64 0
2831 0 -64 0
2832 0 -64 0
2833 1 63 1
2834 0 -64 0
2835 0 -64 0
2836 0 -64 0
2837 0 -64 0
2838 0 -64 0
2839 1 63 1
2840 0 -64 0
2841 0 -64 0
2842 1 63 1
2843 0 -64 0
2844 1 63 1
2845 0 -64 0
2846 1 63 1
2847 1 63 1
2848 1 63 1
2849 0 -64 0
2850 1 63 1
2851 1 63 1
2852 1 63 1
2853 0 -64 0
2854 1 63 1
2855 0 -64 0
2856 0 -64 0
2857 1 63 1
2858 0 -64 0
2859 0 -64 0
2860 0 -64 0
2861 0 -64 0
2862 0 -64 0
2863 0 -64 0
2864 1 63 1
2865 1 63 1
2866 1 63 1
2867 1 63 1
2868 0 -64 0
2869 1 63 1
2870 0 -64 0
2871 1 63 1
2872 0 -64 0
2873 0 -64 0
2874 1 63 1
2875 0 -64 0
2876 1 63 1
2877 1 63 1
2878 1 63 1
2879 1 63 1
2880 1 63 1
2881 1 63 1
2882 0 -64 0
2883 1 63 1
2884 0 -64 0
2885 1 63 1
2886 1 63 1
2887 1 63 1
2888 1 63 1
2889 0 -64 0
2890 1 63 1
2891 1 63 1
2892 1 63 1
2893 0 -64 0
2894 1 63 1
2895 0 -64 0
2896 1 63 1
2897 1 63 1
2898 1 63 1
2899 0 -64 0
2900 0 -64 0
2901 1 63 1
2902 0 -64 0
2903 1 63 1
2904 0 -64 0
2905 1 63 1
2906 0 -64 0
2907 1 63 1
2908 0 -64 0
2909 1 63 1
2910 1 63 1
2911 1 63 1
2912 1 63 1
2913 0 -64 0
2914 0 -64 0
2915 0 -64 0
2916 1 63 1
2917 1 63 1
2918 1 63 1
2919 1 63 1
2920 0 -64 0
2921 1 63 1
2922 1 63 1
2923 1 63 1
2924 1 63 1
2925 0 -64 0
2926 1 63 1
2927 0 -64 0
2928 1 63 1
2929 1 63 1
2930 1 63 1
2931 0 -64 0
2932 1 63 1
2933 0 -64 0
2934 1 63 1
2935 1 63 1
2936 0 -64 0
2937 0 -64 0
2938 0 -64 0
2939 0 -64 0
2940 0 -64 0
2941 0 -64 0
2942 1 63 1
2943 1 63 1
2944 0 -64 0
2945 1 63 1
2946 1 63 1
2947 1 63 1
2948 1 63 1
2949 1 63 1
2950 0 -64 0
2951 0 -64 0
2952 0 -64 0
2953 1 63 1
2954 1 63 1
2955 0 -64 0
2956 1 63 1
2957 1 63 1
2958 1 63 1
2959 0 -64 0
2960 1 63 1
2961 0 -64 0
2962 1 63 1
2963 1 63 1
2964 0 -64 0
2965 0 -64 0
2966 1 63 1
2967 0 -64 0
2968 0 -64 0
2969 0 -64 0
2970 1 63 1
2971 0 -64 0
2972 0 -64 0
2973 1 63 1
2974 1 63 1
2975 1 63 1
2976 0 -64 0
2977 1 63 1
2978 0 -64 0
2979 0 -64 0
2980 1 63 1
2981 1 63 1
2982 0 -64 0
2983 1 63 1
2984 0 -64 0
2985 0 -64 0
2986 1 63 1
2987 1 63 1
2988 0 -64 0
2989 0 -64 0
2990 0 -64 0
2991 0 -64 0
2992 0 -64 0
2993 1 63 1
2994 0 -64 0
2995 1 63 1
2996 1 63 1
2997 0 -64 0
2998 0 -64 0
2999 1 63 1
3000 1 63 1
3001 0 -64 0
3002 1 63 1
3003 0 -64 0
3004 1 63 1
3005 0 -64 0
3006 1 63 1
3007 0 -64 0
3008 1 63 1
3009 0 -64 0
3010 0 -64 0
3011 0 -64 0
3012 0 -64 0
3013 0 -64 0
3014 1 63 1
3015 1 63 1
3016 1 63 1
3017 0 -64 0
3018 1 63 1
3019 1 63 1
3020 0 -64 0
3021 0 -64 0
3022 1 63 1
3023 1 63 1
3024 1 63 1
3025 0 -64 0
3026 0 -64 0
3027 0 -64 0
3028 0 -64 0
3029 0 -64 0
3030 1 63 1
3031 1 63 1
3032 1 63 1
3033 1 63 1
3034 0 -64 0
3035 0 -64 0
3036 0 -64 0
3037 1 63 1
3038 0 -64 0
3039 0 -64 0
3040 1 63 1
3041 0 -64 0
3042 1 63 1
3043 0 -64 0
3044 1 63 1
3045 1 63 1
3046 1 63 1
3047 1 63 1
3048 0 -64 0
3049 1 63 1
3050 1 63 1
3051 1 63 1
3052 1 63 1
3053 1 63 1
3054 0 -64 0
3055 0 -64 0
3056 0 -64 0
3057 1 63 1
3058 0 -64 0
3059 0 -64 0
3060 1 63 1
3061 0 -64 0
3062 0 -64 0
3063 1 63 1
3064 1 63 1
3065 0 -64 0
3066 1 63 1
3067 1 63 1
3068 1 63 1
3069 1 63 1
3070 1 63 1
3071 1 63 1
3072 0 -64 0
3073 1 63 1
3074 0 -64 0
3075 1 63 1
3076 1 63 1
3077 1 63 1
3078 1 63 1
3079 0 -64 0
3080 1 63 1
3081 1 63 1
3082 0 -64 0
3083 1 63 1
3084 0 -64 0
3085 0 -64 0
3086 0 -64 0
3087 1 63 1
3088 0 -64 0
3089 1 63 1
3090 0 -64 0
3091 1 63 1
3092 1 63 1
3093 1 63 1
3094 0 -64 0
3095 1 63 1
3096 0 -64 0
3097 0 -64 0
3098 0 -64 0
3099 1 63 1
3100 0 -64 0
3101 1 63 1
3102 1 63 1
3103 0 -64 0
3104 1 63 1
3105 1 63 1
3106 0 -64 0
3107 1 63 1
3108 1 63 1
3109 1 63 1
3110 0 -64 0
3111 1 63 1
3112 0 -64 0
3113 0 -64 0
3114 1 63 1
3115 0 -64 0
3116 0 -64 0
3117 1 63 1
3118 0 -64 0
3119 0 -64 0
3120 0 -64 0
3121 0 -64 0
3122 0 -64 0
3123 0 -64 0
3124 1 63 1
3125 0 -64 0
3126 1 63 1
3127 0 -64 0
3128 0 -64 0
3129 0 -64 0
3130 0 -64 0
3131 0 -64 0
3132 1 63 1
3133 1 63 1
3134 0 -64 0
3135 0 -64 0
3136 0 -64 0
3137 0 -64 0
3138 1 63 1
3139 1 63 1
3140 1 63 1
3141 1 63 1
3142 1 63 1
3143 1 63 1
3144 1 63 1
3145 1 63 1
3146 1 63 1
3147 1 63 1
3148 1 63 1
3149 0 -64 0
3150 1 63 1
3151 0 -64 0
3152 1 63 1
3153 1 63 1
3154 1 63 1
3155 0 -64 0
3156 1 63 1
3157 1 63 1
3158 0 -64 0
3159 0 -64 0
3160 0 -64 0
3161 1 63 1
3162 0 -64 0
3163 0 -64 0
3164 0 -64 0
3165 1 63 1
3166 0 -64 0
3167 1 63 1
3168 0 -64 0
3169 1 63 1
3170 0 -64 0
3171 0 -64 0
3172 0 -64 0
3173 1 63 1
3174 1 63 1
3175 1 63 1
3176 1 63 1
3177 1 63 1
3178 0 -64 0
3179 0 -64 0
3180 1 63 1
3181 1 63 1
3182 0 -64 0
3183 0 -64 0
3184 0 -64 0
3185 1 63 1
3186 0 -64 0
3187 0 -64 0
3188 1 63 1
3189 0 -64 0
3190 0 -64 0
3191 1 63 1
3192 1 63 1
3193 1 63 1
3194 1 63 1
3195 0 -64 0
3196 1 63 1
3197 1 -64 0
3198 0 -64 0
3199 1 63 1
