3200 11 111 240
0 0 0 7 11 6
1 1 1 -12 -4 -7
2 1 1 7 -16 -14
3 0 0 15 -16 -13
4 0 1 13 -7 13
5 1 1 -16 -10 -4
6 0 1 15 -14 -11
7 1 0 -9 14 -16
8 1 1 -3 -15 15
9 0 1 7 13 -16
10 0 0 15 -9 0
11 1 0 -16 -1 -16
12 0 1 3 15 -12
13 0 1 8 6 -16
14 0 1 15 -10 -11
15 1 1 -16 8 -14
16 1 0 -13 11 8
17 1 0 -15 15 8
18 1 1 -11 -12 8
19 1 0 -16 -8 -15
20 0 1 14 13 -11
21 1 0 -12 -16 15
22 0 0 14 15 12
23 1 0 -3 15 -16
24 1 0 -2 -14 -9
25 1 1 0 11 12
26 0 1 7 -2 2
27 1 1 -16 -15 -15
28 1 1 6 -11 2
29 0 0 7 -7 -11
30 1 0 -4 4 -7
31 1 1 -14 -16 3
32 0 1 13 13 -8
33 1 0 -6 12 10
34 1 0 1 -12 -4
35 1 0 -12 15 5
36 0 1 3 9 -13
37 1 1 -8 -8 10
38 1 1 -10 -6 -16
39 1 1 -5 11 -5
40 0 1 15 -6 15
41 0 1 15 -10 11
42 1 0 -8 11 -16
43 1 0 -16 -8 4
44 1 0 0 2 11
45 1 1 -11 15 14
46 1 1 -10 6 9
47 0 1 15 -14 -15
48 1 0 -14 -12 -15
49 0 1 10 15 -12
50 1 0 -16 -7 -16
51 1 1 -4 -1 15
52 0 1 1 4 -11
53 0 0 14 9 3
54 1 1 -16 -11 8
55 0 1 4 13 -1
56 0 1 9 -7 11
57 1 0 -16 4 14
58 1 0 -12 3 12
59 0 0 15 -10 15
60 0 1 15 -9 -10
61 0 0 14 -12 11
62 1 1 -7 15 15
63 0 1 6 -8 -7
64 1 0 -7 15 -12
65 1 0 -3 14 6
66 1 0 -6 8 -16
67 1 1 -16 -8 -15
68 1 0 -14 15 15
69 0 1 15 15 -16
70 1 1 -8 -16 9
71 1 1 -8 -13 -14
72 0 0 8 -10 11
73 1 1 -9 8 1
74 0 0 15 7 8
75 1 1 -15 -11 8
76 1 1 -14 -15 11
77 1 0 -16 6 0
78 0 1 3 -14 2
79 0 1 0 -16 6
80 1 1 -14 0 -6
81 0 1 6 12 9
82 0 0 14 15 14
83 1 1 -4 -16 -16
84 1 1 -9 -14 -8
85 0 1 15 -3 15
86 0 0 10 -16 -11
87 1 1 -11 -13 13
88 0 1 15 -16 15
89 0 0 -2 -4 -7
90 0 0 15 7 12
91 1 1 -14 12 -9
92 0 0 10 7 -7
93 0 0 11 -6 11
94 0 1 7 -11 12
95 0 0 15 -16 15
96 1 1 -4 2 6
97 1 1 -5 10 3
98 1 0 -13 9 10
99 0 0 13 -3 -12
100 0 0 14 15 -16
101 0 1 12 8 15
102 0 0 15 -13 14
103 1 0 -7 11 6
104 0 1 6 -5 -9
105 0 1 11 -4 -12
106 0 0 15 -2 -11
107 0 1 9 9 11
108 1 1 -15 15 -16
109 1 1 -4 -7 -5
110 0 0 15 -16 -15
111 1 1 -14 -16 2
112 0 1 15 -16 -16
113 0 0 15 2 15
114 1 1 1 -10 6
115 0 1 -3 -7 -5
116 1 0 -13 11 -13
117 1 0 -5 -10 12
118 1 0 -9 -11 -16
119 0 0 14 -5 -4
120 0 1 15 -16 -13
121 0 1 3 15 13
122 1 1 -13 8 -13
123 1 1 -16 -12 -12
124 1 1 0 15 6
125 0 0 12 14 -13
126 0 0 5 15 -16
127 1 0 -14 -16 -15
128 1 1 -12 -9 -13
129 1 1 -9 2 15
130 0 1 14 -8 13
131 1 1 -11 0 13
132 1 0 -10 11 -7
133 0 0 0 -6 -15
134 1 1 -15 -16 10
135 1 1 -1 -8 15
136 1 1 -16 -12 4
137 0 1 13 11 -10
138 1 0 -8 -5 -16
139 0 1 3 -4 -10
140 1 0 -15 -8 -16
141 0 1 15 -16 7
142 0 0 9 -8 5
143 0 1 5 3 -1
144 0 1 -1 -8 -12
145 0 1 9 8 3
146 0 0 14 9 -11
147 0 1 8 -16 15
148 1 1 -11 8 15
149 1 0 -16 9 -10
150 0 0 -3 -14 11
151 1 1 -11 -14 -8
152 1 1 -6 -11 4
153 0 0 8 5 15
154 1 1 -14 -13 -16
155 1 0 -16 5 -3
156 0 1 6 9 10
157 0 1 15 5 -16
158 1 0 -16 -11 -12
159 1 0 -7 -16 15
160 1 1 -8 15 11
161 1 1 -4 11 -13
162 1 0 -14 13 -13
163 1 1 -9 -10 -3
164 0 1 4 -12 6
165 0 1 1 15 13
166 0 1 0 -4 8
167 0 1 11 15 -8
168 0 0 12 2 3
169 1 0 -16 12 14
170 0 1 -3 -5 13
171 0 1 11 14 -11
172 1 0 -9 -5 -16
173 0 0 8 -16 9
174 1 0 -11 -8 -2
175 0 1 15 -15 -16
176 0 1 3 -16 -4
177 0 0 12 7 8
178 1 1 -16 15 -4
179 1 1 -13 -4 7
180 0 0 7 -5 2
181 1 1 -6 -4 -11
182 1 0 -16 12 8
183 1 1 -5 8 15
184 1 0 -7 15 15
185 1 1 -13 -16 2
186 0 0 10 -12 4
187 0 0 15 15 15
188 1 1 -16 15 -8
189 1 1 0 -16 9
190 1 0 -16 11 15
191 1 1 -16 -16 -10
192 0 1 5 0 -15
193 0 0 15 -9 -9
194 0 1 5 0 12
195 0 0 11 1 6
196 0 1 5 -10 -13
197 1 0 -8 12 15
198 0 1 6 -16 15
199 0 1 15 -4 -6
200 1 0 -14 15 3
201 1 1 -11 -8 -13
202 0 1 9 9 13
203 0 0 8 -13 -10
204 1 1 -16 -16 15
205 0 1 2 6 4
206 0 1 1 14 8
207 0 0 -2 -16 15
208 0 1 -2 -16 14
209 1 1 -16 11 6
210 1 1 -7 -6 -11
211 0 1 9 15 10
212 0 0 -2 -7 1
213 1 0 -16 -5 14
214 0 0 12 15 12
215 1 0 -8 -7 15
216 0 0 5 -7 15
217 1 0 -16 -16 15
218 0 1 14 -16 -7
219 1 0 -5 8 15
220 1 0 -14 -7 -7
221 0 0 6 0 12
222 1 1 -16 9 -2
223 1 0 -5 -12 -16
224 1 0 -15 2 4
225 0 1 3 8 5
226 0 1 -1 15 -11
227 1 1 -12 -14 5
228 0 0 8 15 1
229 1 0 -7 8 15
230 0 0 11 8 10
231 1 0 -1 15 11
232 1 1 -7 15 -8
233 1 1 -16 -13 -16
234 0 0 6 -11 -6
235 0 0 6 13 -1
236 1 0 -4 3 10
237 1 0 -8 -10 -13
238 0 0 0 -4 10
239 0 1 15 1 -12
240 1 0 -9 9 -14
241 0 0 9 13 15
242 1 0 -11 -3 -12
243 0 1 14 -6 -6
244 0 1 8 15 -4
245 0 0 12 15 14
246 0 0 11 -13 11
247 0 0 7 -16 -8
248 1 1 -10 15 15
249 1 0 -4 -13 -14
250 0 0 15 9 -4
251 1 1 -9 -1 5
252 1 0 -12 2 15
253 1 1 -16 10 -8
254 0 1 15 5 -16
255 1 1 -16 -16 15
256 1 1 -11 -10 -1
257 0 0 8 -7 -16
258 1 0 -7 12 9
259 0 1 10 14 -2
260 1 0 -3 -6 -8
261 0 0 10 6 11
262 1 1 -16 15 6
263 1 1 -16 -9 -6
264 0 1 7 -16 15
265 1 1 -9 -5 -4
266 1 0 -13 -6 2
267 1 1 -13 1 15
268 0 0 8 -15 10
269 1 0 -16 1 -16
270 0 0 5 15 -16
271 1 1 -16 -5 -8
272 1 1 -14 6 -8
273 1 0 -8 -11 -2
274 0 0 5 4 -16
275 1 1 -12 15 -15
276 0 1 10 8 -11
277 1 1 -16 14 2
278 0 0 9 -12 15
279 1 0 -10 -4 10
280 1 0 -15 -16 1
281 0 1 7 13 11
282 1 1 -14 -16 4
283 1 0 -15 4 -13
284 0 0 7 7 8
285 0 1 7 12 -16
286 1 1 11 -16 12
287 1 1 -13 -7 -16
288 1 0 -8 15 10
289 0 1 15 -12 7
290 0 0 15 -6 4
291 1 0 -16 15 -12
292 0 1 15 4 15
293 0 0 15 15 -16
294 0 1 8 11 6
295 0 0 0 15 -13
296 0 0 10 -2 -11
297 0 0 8 1 -16
298 0 1 1 15 -11
299 0 0 15 10 -11
300 1 0 -13 -16 -16
301 1 0 -16 -13 0
302 1 1 -14 3 15
303 0 0 11 0 15
304 1 0 -15 8 -16
305 0 1 11 -13 15
306 1 1 -10 5 10
307 1 0 -10 -1 -6
308 0 0 7 -8 3
309 0 1 12 15 -6
310 0 1 13 14 15
311 1 1 -3 7 -16
312 0 0 2 -16 13
313 1 1 -3 -8 9
314 0 0 2 15 15
315 0 1 15 8 6
316 1 1 -2 12 15
317 0 0 15 -10 15
318 0 1 15 15 8
319 1 1 -16 -8 1
320 0 0 7 -16 6
321 0 0 -1 15 -12
322 1 1 -6 6 14
323 0 0 15 15 -15
324 0 1 8 -16 14
325 0 1 15 -9 15
326 0 0 15 -7 -3
327 1 1 -14 -16 -11
328 0 1 7 -16 -8
329 1 0 -16 1 4
330 1 0 -4 -16 9
331 0 0 7 7 -3
332 0 1 11 -4 5
333 1 0 0 -7 -4
334 0 0 10 15 -1
335 1 1 -13 -9 7
336 0 0 14 -13 14
337 0 1 15 -5 -9
338 1 0 -2 8 3
339 1 1 -3 -16 14
340 0 1 11 -6 -16
341 0 1 2 9 10
342 1 1 -7 11 2
343 0 0 14 8 15
344 0 0 15 -4 -11
345 0 0 15 -11 10
346 0 0 6 -16 10
347 0 1 14 14 6
348 1 0 -16 6 -9
349 1 1 -9 -16 0
350 1 1 -15 0 -8
351 1 0 -7 -11 -4
352 0 0 2 6 3
353 1 1 -16 8 15
354 1 1 -16 -10 7
355 0 0 13 -10 11
356 1 1 -3 -10 15
357 0 0 15 -16 -13
358 0 0 7 0 15
359 0 0 4 12 10
360 0 0 15 -10 -16
361 1 0 -12 -5 -14
362 1 1 -16 -16 8
363 0 0 15 10 -3
364 1 0 -16 -13 13
365 1 0 -16 15 7
366 1 1 -10 -5 -8
367 0 0 3 10 13
368 1 1 0 15 10
369 1 0 -6 -8 15
370 1 1 -11 7 8
371 0 1 -6 2 8
372 0 0 6 15 12
373 0 1 12 13 9
374 1 1 -10 -16 10
375 1 0 -16 -1 9
376 0 1 1 -12 6
377 1 0 -11 15 -2
378 0 1 15 7 -5
379 0 0 15 9 13
380 0 0 3 14 12
381 1 0 -12 -6 -16
382 1 0 -9 -16 -3
383 1 0 -9 8 -6
384 1 0 8 9 15
385 0 0 12 -7 -4
386 0 1 14 15 -6
387 1 0 -8 -16 -3
388 0 0 11 -2 9
389 0 0 14 7 -15
390 0 0 7 -9 -7
391 0 0 8 11 -2
392 0 1 4 15 -11
393 0 0 14 -14 -9
394 0 0 10 -13 -2
395 0 0 15 -5 13
396 0 0 15 7 -15
397 1 0 1 15 12
398 0 1 12 -2 -11
399 1 0 -9 15 -14
400 0 1 8 -9 -10
401 0 1 15 7 7
402 0 0 6 5 -12
403 1 0 -14 -1 -16
404 1 0 -5 10 -16
405 1 0 -7 -12 15
406 0 1 2 -15 4
407 1 1 -8 -16 -8
408 0 0 12 4 -16
409 1 1 -6 15 -7
410 0 0 -1 5 0
411 0 0 -5 9 -4
412 0 0 15 14 0
413 1 0 -8 -16 -15
414 1 0 -14 -8 8
415 0 0 14 -13 10
416 0 0 15 -3 -10
417 1 0 -16 -16 -6
418 0 1 10 -13 15
419 1 0 -11 8 9
420 0 0 5 10 8
421 0 1 6 5 -1
422 1 0 -16 -16 12
423 0 0 15 14 -16
424 0 0 12 -4 15
425 0 1 15 9 -16
426 0 1 6 11 7
427 1 1 -16 -3 -14
428 1 0 -6 7 15
429 1 1 -2 -14 -8
430 0 0 10 6 -2
431 0 0 11 5 -8
432 0 1 13 -15 13
433 1 0 -8 -16 0
434 1 0 -4 1 -13
435 0 1 15 10 15
436 0 0 15 9 15
437 0 0 6 -16 15
438 0 0 4 -9 15
439 0 1 15 6 -4
440 0 0 10 11 4
441 0 1 14 -8 12
442 0 1 9 15 -5
443 0 0 -3 15 -4
444 1 0 -3 15 13
445 1 1 -7 12 5
446 1 1 -8 -16 -16
447 0 0 10 -4 2
448 1 0 -8 -2 12
449 1 1 1 10 11
450 1 1 -16 0 -7
451 1 0 -16 9 -3
452 1 0 -4 -16 15
453 1 1 -10 4 15
454 1 0 -10 -12 15
455 1 1 3 -12 7
456 1 0 -9 3 -16
457 0 0 10 -1 15
458 0 0 15 0 1
459 1 1 -14 9 12
460 0 0 13 15 -7
461 0 0 15 13 10
462 0 0 15 8 9
463 0 1 15 14 7
464 0 1 7 15 9
465 0 1 15 11 -10
466 1 1 -13 -8 9
467 0 0 15 6 7
468 1 1 -16 12 -5
469 1 1 -8 0 -16
470 1 0 0 6 -1
471 0 1 3 -2 11
472 0 0 0 14 5
473 1 1 -12 -14 -14
474 0 1 15 15 -16
475 1 0 -14 7 -8
476 0 1 4 5 6
477 0 0 9 -6 14
478 1 0 -12 10 9
479 1 1 -5 6 -10
480 0 0 -2 -16 15
481 1 1 0 -4 10
482 0 1 15 5 -4
483 0 0 14 15 -13
484 0 0 9 -7 15
485 0 1 7 2 6
486 0 0 15 -15 14
487 1 1 -16 -7 15
488 0 0 9 -9 -8
489 0 0 13 -6 15
490 0 1 12 10 -3
491 0 0 8 -10 -8
492 0 1 13 12 -15
493 1 1 -2 -16 3
494 0 1 -2 -1 11
495 0 0 -6 7 -9
496 1 0 -16 7 14
497 0 0 6 6 2
498 1 1 -4 6 5
499 1 0 -16 11 0
500 1 1 -16 -7 -1
501 0 0 10 -8 14
502 1 0 -5 -12 13
503 1 0 -6 12 -8
504 0 0 15 -16 -6
505 1 0 -3 11 -14
506 0 0 7 -2 10
507 1 0 -13 15 -10
508 0 1 15 -5 -11
509 0 0 2 -7 9
510 1 0 -12 5 13
511 1 0 -16 -12 -14
512 0 1 2 2 9
513 1 0 -9 7 -7
514 1 0 -12 -12 -13
515 0 0 4 -9 -12
516 1 1 -16 -1 -3
517 0 0 5 -13 -12
518 1 1 -10 -4 10
519 0 1 6 10 -10
520 1 0 -8 -12 4
521 1 0 -16 -14 -11
522 1 1 -14 4 7
523 1 0 -16 5 5
524 0 1 15 -9 -11
525 1 1 2 -10 6
526 0 0 15 9 15
527 0 1 15 8 -8
528 0 1 12 -16 -6
529 0 1 7 -7 9
530 1 0 -3 8 -5
531 0 0 10 7 4
532 1 1 -15 -10 15
533 0 1 0 5 -13
534 1 1 -11 2 -4
535 0 1 13 -2 4
536 0 1 8 -11 4
537 0 1 11 -13 15
538 1 1 -4 7 -12
539 1 1 -15 2 3
540 0 0 11 13 4
541 0 1 0 -11 -7
542 1 1 -1 -2 -5
543 0 0 -7 9 -5
544 0 1 9 2 6
545 0 1 12 -6 -12
546 1 0 -13 15 8
547 0 1 3 -9 11
548 0 0 2 -16 11
549 0 0 15 2 -9
550 0 0 -1 -1 -4
551 1 1 -5 10 15
552 0 1 14 15 -15
553 0 0 13 -11 11
554 0 1 13 -16 1
555 1 1 -11 15 5
556 1 1 -8 -10 6
557 0 0 11 12 6
558 1 1 -11 0 -15
559 0 0 -4 15 7
560 1 1 -7 15 15
561 0 0 15 -16 11
562 1 1 -15 -6 5
563 0 0 15 13 -16
564 0 1 15 15 -10
565 0 0 10 -8 8
566 0 0 5 -16 15
567 1 1 0 13 11
568 1 0 -16 -9 -16
569 1 0 -15 -7 15
570 0 0 12 -16 9
571 0 1 9 -13 5
572 1 1 -5 -10 12
573 1 0 -7 -2 15
574 0 1 6 -16 12
575 0 1 6 4 6
576 0 0 4 -16 -1
577 0 1 15 12 5
578 1 1 2 15 15
579 1 0 -9 -16 14
580 0 0 15 -5 -10
581 0 0 15 15 -14
582 0 1 2 -16 -6
583 0 1 8 15 -15
584 1 1 -5 -10 -14
585 0 0 13 5 -1
586 0 0 11 13 -12
587 1 1 -4 12 -3
588 1 0 -14 -7 -9
589 0 1 13 -16 15
590 0 0 7 9 11
591 0 0 8 -5 11
592 0 0 10 15 6
593 0 1 4 14 -13
594 1 0 -16 5 9
595 0 0 3 -4 -16
596 1 0 -13 -3 15
597 0 0 13 12 7
598 0 1 0 9 14
599 0 1 6 -13 15
600 0 0 12 -16 10
601 1 1 -10 15 14
602 0 0 5 7 -16
603 0 1 7 9 -15
604 1 0 -11 -9 8
605 0 0 9 6 7
606 0 0 6 -7 -8
607 1 1 -7 -6 15
608 1 0 -9 -16 2
609 1 1 -16 -16 4
610 0 0 3 7 -7
611 0 0 14 8 -16
612 0 0 9 -16 -9
613 1 1 -3 0 -8
614 0 0 -2 -12 -8
615 0 0 13 -7 -2
616 1 0 -7 2 14
617 1 0 -3 -14 -4
618 1 1 -11 -16 -15
619 0 0 15 -16 -2
620 1 0 -7 8 15
621 1 1 -14 -16 7
622 0 1 13 15 9
623 0 0 7 -5 9
624 1 0 -10 -3 -16
625 1 1 -6 -9 13
626 1 1 -16 -6 15
627 0 0 15 5 -14
628 0 0 8 8 3
629 1 0 -7 4 7
630 0 0 5 -13 -14
631 0 0 15 12 -13
632 1 1 -12 -16 0
633 1 0 -8 15 14
634 1 0 1 -14 11
635 1 0 -15 -14 3
636 1 0 2 5 12
637 1 1 -16 15 -15
638 0 0 2 -8 15
639 1 0 -5 -11 -6
640 1 1 -11 -4 -16
641 0 1 6 15 -16
642 0 0 4 9 11
643 0 1 5 -12 -3
644 1 0 -7 7 -13
645 0 1 4 -10 3
646 0 0 8 -9 12
647 0 1 12 -9 9
648 1 0 -11 -11 15
649 0 1 12 -6 -7
650 0 0 15 -5 15
651 0 1 11 9 15
652 0 0 5 -16 6
653 0 1 -2 14 15
654 0 1 12 6 4
655 0 0 12 -15 13
656 0 0 4 -9 -16
657 1 0 -14 3 0
658 1 0 -12 -10 -16
659 0 1 13 4 -13
660 0 0 4 -1 -16
661 1 1 -5 -9 15
662 0 0 15 3 7
663 1 0 -6 -7 8
664 0 1 12 -16 -15
665 0 0 8 12 15
666 0 1 7 -14 3
667 1 0 3 -16 10
668 0 1 11 3 8
669 0 1 8 6 15
670 1 1 -16 15 -14
671 0 1 10 -4 6
672 0 0 6 2 15
673 0 0 11 -5 15
674 0 0 15 -16 10
675 0 0 4 -13 -4
676 1 1 -16 1 7
677 0 1 15 11 -16
678 1 1 -16 -12 11
679 1 0 -10 -16 -10
680 1 1 -8 14 14
681 0 0 12 3 -16
682 0 1 15 -16 1
683 0 1 8 -7 5
684 0 1 11 13 7
685 0 0 13 -6 -7
686 0 0 3 12 -16
687 0 0 12 0 -9
688 0 0 6 -9 -15
689 0 1 -4 -7 -11
690 0 0 15 -1 -15
691 1 0 -10 -10 -14
692 1 0 -14 12 15
693 0 1 15 -10 15
694 0 0 15 -12 8
695 1 1 -10 8 15
696 1 1 -16 -8 12
697 0 1 11 5 -10
698 1 1 -14 13 6
699 0 0 15 0 7
700 0 1 7 -5 -15
701 0 0 3 -16 15
702 1 1 -9 3 2
703 0 0 2 12 9
704 1 1 -4 -2 2
705 0 1 8 5 15
706 0 0 7 -16 14
707 0 1 13 15 13
708 0 1 15 13 11
709 0 1 14 -15 -6
710 0 0 9 3 -5
711 1 0 -14 9 11
712 1 0 -1 -3 -5
713 0 1 6 3 -16
714 1 1 -14 7 -16
715 1 0 -5 -13 15
716 0 1 15 -13 -3
717 0 0 2 15 -7
718 0 1 8 0 -11
719 0 0 4 15 -8
720 1 1 -4 -2 15
721 1 1 -7 15 1
722 0 0 2 13 5
723 0 0 8 8 -11
724 1 0 -9 -1 13
725 0 1 0 15 -2
726 0 1 9 -6 1
727 0 1 12 10 -4
728 0 0 11 8 15
729 0 1 12 -12 -4
730 0 0 13 -16 14
731 0 1 9 -16 13
732 1 0 -7 -9 -10
733 1 0 -5 9 8
734 1 1 -14 9 -16
735 0 1 15 -15 10
736 0 1 14 5 -5
737 0 1 5 15 8
738 0 0 12 -16 -14
739 1 0 -2 13 -16
740 1 1 -10 15 -16
741 1 1 -10 12 4
742 0 1 8 13 8
743 0 0 14 -2 -11
744 1 1 -16 12 -12
745 1 0 2 3 1
746 0 1 15 -2 -11
747 0 1 4 4 -3
748 0 1 15 15 2
749 0 1 4 -10 -7
750 0 1 9 -11 13
751 0 0 15 -5 -12
752 1 1 0 -10 8
753 0 1 2 -16 15
754 0 1 13 -13 4
755 1 0 -4 -16 -2
756 1 1 -16 -2 15
757 1 1 -15 14 4
758 1 1 -15 10 12
759 0 1 -1 15 5
760 1 0 -16 5 13
761 0 0 15 3 3
762 0 0 4 15 -1
763 1 1 -9 -14 -16
764 0 0 10 -3 15
765 1 0 7 -6 -16
766 0 1 9 -13 -7
767 1 0 -10 15 6
768 1 0 -16 -15 15
769 0 0 15 8 -16
770 0 1 -1 -15 8
771 0 1 1 7 4
772 1 0 -11 -1 -1
773 1 0 -12 11 1
774 1 0 -5 -8 14
775 0 0 6 2 -16
776 1 0 -11 0 -3
777 0 1 3 6 12
778 1 1 -15 15 -9
779 0 0 13 -6 15
780 0 0 7 14 -10
781 1 0 -12 -4 9
782 0 0 8 -16 15
783 1 0 -16 -16 -14
784 1 0 -16 10 -10
785 1 1 -15 15 9
786 0 0 8 -9 15
787 1 1 -16 -16 -9
788 0 1 14 9 -16
789 0 0 10 15 -14
790 1 0 -11 2 -16
791 1 1 -11 4 -8
792 0 0 9 15 -10
793 0 0 10 -16 -12
794 0 1 15 -11 -13
795 1 0 -4 15 -3
796 0 1 15 9 15
797 0 1 4 -2 -16
798 0 1 13 15 -9
799 0 1 -1 12 13
800 1 1 -12 2 10
801 0 0 15 0 -2
802 0 1 15 -13 -9
803 0 0 15 13 12
804 1 0 -3 -7 4
805 0 0 13 -3 -11
806 0 1 15 12 12
807 1 1 -15 15 2
808 0 1 0 15 15
809 1 0 -13 6 8
810 1 0 -12 15 -12
811 1 1 -6 -9 15
812 1 1 -16 4 5
813 0 1 6 9 13
814 1 1 -9 -15 -13
815 1 0 -7 -10 -15
816 1 1 -14 12 -11
817 1 0 -16 -7 -13
818 1 0 -5 15 -10
819 1 1 -14 -16 -3
820 1 1 -9 15 2
821 1 1 -4 -16 8
822 0 1 12 10 -1
823 0 0 14 -11 7
824 1 0 -9 -16 -8
825 1 1 -16 -13 4
826 0 1 -1 13 6
827 0 1 6 9 5
828 0 1 15 -12 -16
829 0 0 14 -10 -13
830 0 0 14 -8 11
831 1 1 -16 -16 15
832 1 0 -6 14 8
833 1 1 -16 14 7
834 0 1 14 -16 15
835 1 1 -6 3 -15
836 0 1 15 8 9
837 0 0 15 9 5
838 0 1 15 -11 1
839 1 1 -13 13 -13
840 0 0 14 -16 -10
841 0 1 14 -10 15
842 0 1 7 -14 -14
843 0 1 8 10 -11
844 1 1 -13 5 5
845 0 0 2 8 4
846 1 0 -12 15 -13
847 0 0 15 -7 -9
848 1 0 -6 -1 15
849 1 1 -13 -15 9
850 1 1 -12 -10 -11
851 1 0 -1 -2 1
852 0 1 7 15 4
853 0 0 0 13 -12
854 0 1 6 1 9
855 0 1 -1 -9 -8
856 1 0 -16 9 15
857 1 0 -16 -7 -2
858 1 0 -2 -12 14
859 0 1 15 -11 3
860 1 1 -12 1 10
861 0 1 9 14 -4
862 1 0 -9 -8 15
863 0 1 0 15 15
864 1 0 -10 15 6
865 0 1 8 11 15
866 1 1 -13 0 8
867 0 0 9 -11 3
868 1 1 -16 -10 12
869 0 0 15 13 -15
870 0 0 3 15 15
871 1 0 2 7 2
872 0 1 10 -16 15
873 1 0 -16 -5 -9
874 0 1 9 12 -5
875 0 0 14 11 11
876 0 0 6 -10 14
877 0 1 15 -12 -2
878 0 1 15 -10 15
879 1 1 -3 -16 -1
880 0 0 -1 -4 -15
881 1 1 -15 1 -13
882 0 0 15 6 -16
883 0 1 -3 5 14
884 1 1 1 -6 -6
885 1 0 -8 -7 10
886 0 0 -1 -1 -13
887 1 1 -16 11 -15
888 0 1 14 11 -6
889 0 0 6 5 15
890 1 1 -6 -16 -6
891 1 1 3 -5 7
892 1 0 -12 5 6
893 1 0 1 1 7
894 0 1 15 -5 -6
895 1 1 -10 -6 -10
896 0 0 5 6 -11
897 0 0 7 -3 1
898 1 1 -16 10 2
899 1 0 -1 7 -16
900 1 0 -16 -11 -15
901 1 0 -13 15 9
902 0 0 15 15 -1
903 0 0 11 11 6
904 1 1 -14 -5 -16
905 1 0 -16 -6 0
906 1 0 -6 4 8
907 1 0 -6 15 -16
908 0 1 12 -1 8
909 1 0 -5 -16 5
910 1 1 -6 -3 1
911 0 1 1 4 15
912 1 0 -2 -15 15
913 0 0 6 -16 -6
914 0 1 10 14 -9
915 1 1 -13 -3 -16
916 0 0 14 15 -2
917 0 0 5 -16 -16
918 1 0 -8 15 2
919 1 1 -6 15 9
920 0 1 11 -16 -6
921 0 1 8 7 13
922 0 0 15 9 13
923 0 0 15 -16 3
924 0 1 5 -2 -16
925 0 1 3 -13 -16
926 1 0 -4 -14 -4
927 1 1 -1 1 15
928 0 0 7 -13 7
929 0 1 15 -16 -11
930 0 0 14 -9 15
931 0 0 8 15 -8
932 1 0 2 7 15
933 1 1 -7 -13 -16
934 1 0 -14 3 -16
935 1 1 -14 -14 -16
936 1 0 -7 -16 -7
937 0 1 12 -4 10
938 1 0 -12 15 -1
939 1 0 -16 -5 10
940 0 0 9 15 9
941 1 1 1 15 -10
942 0 1 0 15 -11
943 0 1 2 -6 7
944 1 1 -6 14 15
945 1 1 -8 15 12
946 1 0 -9 15 5
947 0 0 15 9 -12
948 1 0 -16 15 -7
949 0 0 14 -4 -12
950 0 1 10 9 -16
951 1 1 -16 6 6
952 0 0 6 -10 -7
953 0 1 13 11 13
954 0 1 5 -13 -4
955 1 1 -7 -16 15
956 1 1 -4 -14 -16
957 1 0 -14 -16 -9
958 0 0 11 7 4
959 1 1 -12 -16 9
960 0 0 15 -16 15
961 1 1 -16 -16 3
962 0 0 5 -10 1
963 0 1 12 -10 -6
964 1 1 -16 -3 -9
965 0 1 5 -16 -16
966 0 0 1 -15 3
967 1 0 -4 -2 10
968 0 0 10 -16 -13
969 1 0 -12 15 -10
970 1 1 -10 -14 15
971 1 0 -14 -2 15
972 1 0 -8 15 5
973 1 0 -6 15 15
974 0 0 8 -11 14
975 1 1 -14 -6 -10
976 1 0 -11 -7 2
977 1 1 -16 -12 5
978 1 0 -12 -4 4
979 1 1 -13 -6 7
980 0 1 6 1 11
981 1 0 -15 -8 14
982 1 1 -16 6 15
983 0 1 15 -3 9
984 0 1 11 7 -11
985 1 1 -14 -6 15
986 0 0 -1 10 6
987 0 0 11 -7 15
988 1 0 -14 -3 9
989 1 1 -11 -7 -16
990 0 1 4 10 -14
991 1 1 -16 -11 13
992 1 0 -4 11 -16
993 1 1 0 -5 15
994 0 0 15 0 -15
995 1 1 1 5 1
996 0 0 8 6 -4
997 1 0 -16 15 -10
998 0 1 7 -13 11
999 0 1 9 11 -9
1000 1 0 -16 -6 15
1001 1 0 -3 5 -9
1002 1 1 -16 -13 -14
1003 0 0 7 8 5
1004 0 1 15 -7 -10
1005 1 0 -4 -16 -8
1006 1 0 -8 -12 13
1007 0 1 7 12 -4
1008 0 1 12 9 -13
1009 0 0 15 -4 -9
1010 0 0 6 -6 15
1011 0 0 13 -8 -8
1012 1 1 -6 -16 -14
1013 1 0 -10 -1 12
1014 1 0 -16 15 12
1015 0 1 15 -13 8
1016 1 0 -15 -12 -10
1017 0 0 12 -3 8
1018 1 1 1 1 -5
1019 1 0 -13 10 -16
1020 0 0 10 15 15
1021 1 0 -9 -5 -15
1022 1 0 -5 6 3
1023 0 1 15 0 -16
1024 1 1 -10 4 15
1025 1 0 -9 -8 9
1026 0 1 14 8 -13
1027 1 1 -16 15 -16
1028 1 1 -12 -16 8
1029 0 1 8 -7 7
1030 0 0 11 10 -14
1031 1 1 -3 11 -14
1032 1 0 -3 0 15
1033 1 1 -5 -5 -5
1034 1 0 -10 -12 -2
1035 0 0 12 15 2
1036 0 0 -2 -8 -16
1037 0 0 7 10 10
1038 0 1 15 9 -12
1039 1 1 0 0 6
1040 0 1 15 -16 -6
1041 1 0 -14 -9 2
1042 0 0 -1 15 -16
1043 1 1 -9 -13 -2
1044 0 0 11 -13 12
1045 0 0 9 15 11
1046 1 1 -16 15 -2
1047 0 1 15 13 9
1048 1 0 -9 5 10
1049 0 1 15 -10 14
1050 1 1 -13 -9 15
1051 0 1 9 0 0
1052 0 1 1 11 4
1053 1 0 -15 10 4
1054 0 0 6 6 15
1055 1 1 -14 -12 -16
1056 0 1 8 9 2
1057 0 1 15 15 10
1058 1 1 -16 11 11
1059 1 1 -6 4 15
1060 0 1 3 15 -12
1061 0 1 8 -16 15
1062 0 0 3 -15 10
1063 1 1 -16 9 -8
1064 1 0 -14 -6 4
1065 0 1 10 1 12
1066 0 0 15 -9 15
1067 1 1 -15 -16 5
1068 1 1 -16 -12 10
1069 0 1 10 9 -7
1070 1 1 -10 -13 7
1071 0 1 15 -13 -13
1072 0 1 15 13 -5
1073 0 1 15 -8 7
1074 0 1 15 -1 11
1075 0 1 4 15 10
1076 1 0 -15 8 5
1077 0 0 15 -16 -6
1078 0 1 15 15 15
1079 1 1 -16 -16 7
1080 0 1 15 -5 8
1081 1 0 -10 -5 15
1082 0 0 8 -16 -1
1083 0 1 7 -16 5
1084 1 0 -11 -6 -16
1085 0 0 11 -16 -7
1086 0 0 11 -8 -5
1087 1 1 -4 -12 -10
1088 0 0 7 -13 -16
1089 1 0 -10 10 -4
1090 0 0 8 -2 7
1091 0 0 6 9 -6
1092 0 0 14 10 7
1093 0 0 15 14 -6
1094 0 1 10 9 15
1095 1 1 -1 -9 -3
1096 1 1 -4 -5 -4
1097 1 0 -16 15 6
1098 0 0 6 -16 13
1099 1 1 -16 13 12
1100 1 1 -9 8 -2
1101 0 1 15 -11 9
1102 0 1 2 3 -4
1103 0 0 2 15 5
1104 0 0 6 -1 -12
1105 1 0 -16 15 15
1106 0 0 15 -14 6
1107 0 1 5 0 8
1108 1 0 1 15 -15
1109 1 0 -16 -16 6
1110 1 0 -11 -15 5
1111 1 0 -16 9 -15
1112 1 0 5 13 -5
1113 0 0 15 -13 -10
1114 1 0 -16 -13 15
1115 1 1 0 3 4
1116 0 0 1 15 13
1117 0 0 2 7 -13
1118 1 1 -4 15 -5
1119 0 1 6 -9 15
1120 0 0 5 9 -2
1121 1 1 -4 -7 0
1122 0 1 6 -16 -16
1123 1 1 -9 -16 -16
1124 0 1 6 -14 -2
1125 0 1 14 -12 2
1126 1 1 -6 -11 -4
1127 0 0 15 -4 15
1128 1 0 -16 15 15
1129 1 0 -15 -16 -9
1130 0 1 15 7 9
1131 1 1 -16 15 7
1132 1 0 -8 -10 -12
1133 0 0 15 -15 -1
1134 1 1 -10 -4 0
1135 0 1 5 -13 15
1136 1 1 -1 7 -16
1137 0 0 7 15 12
1138 1 0 -5 -11 -10
1139 0 0 -2 15 7
1140 1 0 -13 5 15
1141 0 1 5 3 6
1142 1 0 -7 15 -16
1143 0 1 6 -12 -15
1144 1 1 -12 -16 -8
1145 1 0 1 -7 1
1146 1 0 -9 -12 15
1147 1 0 -12 -11 -3
1148 1 1 -6 -11 15
1149 1 0 -10 -10 -8
1150 0 0 8 6 -15
1151 0 1 8 6 10
1152 1 0 -15 15 6
1153 0 1 15 -16 -11
1154 0 0 6 10 15
1155 0 0 10 7 -16
1156 1 1 -5 13 -15
1157 1 1 -16 7 -16
1158 0 1 15 9 -5
1159 1 0 -9 15 10
1160 0 1 15 -16 -13
1161 1 1 -11 -16 4
1162 1 0 -16 -12 8
1163 1 0 -8 2 15
1164 0 1 15 14 -8
1165 0 1 11 4 -9
1166 0 1 12 -16 12
1167 1 0 -7 15 -16
1168 0 0 11 -11 -8
1169 1 1 0 10 -4
1170 0 0 15 -6 11
1171 1 1 -14 4 -5
1172 1 1 -7 15 -7
1173 1 1 -6 4 10
1174 0 0 10 13 -10
1175 0 0 3 -13 -16
1176 0 1 12 -5 10
1177 0 0 11 5 14
1178 1 1 -6 -11 -5
1179 1 1 -16 6 0
1180 0 1 8 -8 9
1181 0 1 13 -12 14
1182 1 0 -5 15 -9
1183 0 1 15 2 -2
1184 1 1 -12 3 -8
1185 1 1 -14 -6 -16
1186 0 1 10 -7 -16
1187 1 1 -11 8 -8
1188 1 1 -9 -7 -13
1189 1 1 -4 -9 -16
1190 1 0 -16 4 14
1191 1 1 -9 14 -12
1192 0 0 6 -16 -4
1193 1 1 -3 -9 -6
1194 0 1 15 9 12
1195 0 0 9 -1 5
1196 0 1 15 -4 11
1197 0 0 9 -14 -5
1198 1 1 -7 11 15
1199 1 1 -11 -14 15
1200 1 0 -3 -16 -10
1201 1 1 -8 15 -16
1202 0 0 -3 -13 15
1203 1 1 -16 1 -4
1204 1 1 -14 -8 10
1205 1 0 -16 15 10
1206 0 1 15 15 0
1207 1 0 -16 15 5
1208 0 0 10 -13 -11
1209 0 1 10 15 -16
1210 0 0 13 15 7
1211 1 0 -6 15 8
1212 0 1 12 -10 15
1213 1 1 -16 -10 6
1214 1 0 -8 -14 14
1215 0 1 8 3 5
1216 1 1 -16 1 15
1217 1 1 -9 -8 -11
1218 1 0 -7 -11 -9
1219 1 1 -13 -5 -11
1220 0 0 6 -16 -16
1221 1 0 -8 4 -5
1222 0 1 12 0 -3
1223 1 1 -7 -10 14
1224 0 1 1 12 1
1225 1 0 -14 4 -9
1226 0 0 9 1 9
1227 0 1 2 -8 -16
1228 1 1 -13 6 13
1229 0 1 12 -7 -16
1230 0 1 2 5 -13
1231 1 1 -16 4 15
1232 1 1 -15 -5 13
1233 1 0 5 -6 -10
1234 1 0 -9 3 4
1235 0 1 3 -15 -16
1236 0 1 15 -16 10
1237 1 1 -3 15 -10
1238 0 1 7 13 -3
1239 1 1 -14 -16 4
1240 1 0 -6 -16 -11
1241 1 0 -16 8 -11
1242 1 0 -10 5 -1
1243 1 0 -6 8 13
1244 0 0 15 15 -7
1245 1 0 -3 7 12
1246 0 1 12 -13 -1
1247 1 0 -12 -7 -16
1248 1 1 -14 -10 -13
1249 0 1 12 0 8
1250 0 0 12 15 -16
1251 0 0 9 -3 -4
1252 1 1 -7 15 3
1253 0 0 15 -14 15
1254 0 1 9 -11 -10
1255 0 1 3 2 -12
1256 0 1 7 15 12
1257 0 1 15 0 9
1258 0 1 2 7 10
1259 1 1 -16 -15 -10
1260 1 0 -11 14 -11
1261 1 1 -14 -16 -9
1262 1 1 -10 -14 11
1263 1 0 -15 8 -12
1264 0 0 5 -14 -11
1265 1 1 -14 15 -1
1266 1 1 -16 15 -16
1267 1 0 -16 8 7
1268 1 0 -7 -9 -8
1269 1 0 -16 9 9
1270 1 0 -9 -14 12
1271 0 1 5 15 15
1272 1 1 -13 2 2
1273 1 0 -16 -13 10
1274 0 1 9 -16 -4
1275 0 0 11 -4 -6
1276 1 0 -3 9 13
1277 0 1 7 8 -1
1278 1 0 -12 -3 -10
1279 1 0 -3 8 11
1280 1 1 -15 -15 11
1281 1 1 -16 12 -15
1282 1 1 -5 -11 15
1283 1 1 -3 -7 -7
1284 1 0 -9 1 -9
1285 0 0 2 -7 -2
1286 1 0 -3 15 13
1287 0 0 11 -16 7
1288 1 1 -15 13 7
1289 1 1 -14 15 15
1290 0 1 15 0 -11
1291 0 0 11 10 -8
1292 0 1 5 10 -16
1293 1 1 -7 12 8
1294 1 0 -13 15 -16
1295 1 1 -8 -8 15
1296 0 1 13 -16 15
1297 0 0 10 11 -14
1298 1 0 -12 0 15
1299 0 1 0 2 -16
1300 0 1 9 -8 9
1301 0 0 0 -11 15
1302 1 1 -10 15 4
1303 1 0 -11 -5 1
1304 0 0 15 7 -3
1305 1 1 -16 13 -12
1306 1 0 -16 -8 15
1307 1 1 -16 9 0
1308 0 0 15 15 -8
1309 0 0 -1 8 15
1310 0 0 9 7 -12
1311 1 1 -16 -5 0
1312 1 1 -12 -6 -14
1313 0 0 6 1 12
1314 0 0 12 -10 15
1315 0 0 -2 -1 -16
1316 1 1 -15 5 13
1317 0 1 5 9 -5
1318 1 1 -5 15 14
1319 1 0 -14 12 7
1320 1 0 -5 -16 -7
1321 1 1 2 0 12
1322 0 1 8 4 15
1323 1 1 -9 -11 3
1324 0 1 15 15 -1
1325 1 1 -16 2 11
1326 1 1 -5 -16 -16
1327 0 1 10 -14 -11
1328 1 0 -16 -16 0
1329 1 0 -14 15 -12
1330 0 1 -1 -10 -16
1331 0 1 10 -3 6
1332 0 0 9 -10 -16
1333 1 1 -8 -16 9
1334 1 0 -10 15 -5
1335 0 0 11 -16 -12
1336 0 1 12 -5 9
1337 1 0 -4 9 8
1338 1 1 -5 -9 -2
1339 1 0 -7 -9 10
1340 1 1 -3 15 5
1341 1 0 -6 15 15
1342 1 0 -12 15 -2
1343 0 1 9 14 3
1344 0 0 4 3 -5
1345 1 0 -8 9 -2
1346 0 0 1 -9 -12
1347 0 0 10 -8 5
1348 1 1 -16 15 11
1349 0 1 15 7 -8
1350 1 1 -16 -4 15
1351 0 1 3 14 -16
1352 0 0 15 -11 9
1353 1 0 -10 -16 -7
1354 0 0 8 13 6
1355 1 1 -16 -10 -16
1356 1 1 -15 5 15
1357 0 1 6 9 -12
1358 1 1 -10 -6 4
1359 1 0 -8 -10 -7
1360 1 1 -13 7 9
1361 0 0 -4 -11 15
1362 0 1 -3 -8 -5
1363 0 1 15 -16 -16
1364 1 1 -15 0 12
1365 0 1 8 -11 12
1366 0 1 -1 -15 12
1367 1 0 4 -11 15
1368 1 0 -6 8 -16
1369 1 1 -14 15 6
1370 0 1 13 -12 11
1371 0 0 15 7 -16
1372 1 1 -2 -2 -8
1373 0 0 15 -8 13
1374 1 0 -7 -4 15
1375 0 1 9 -1 6
1376 1 1 -14 14 6
1377 0 1 12 15 -16
1378 0 0 -9 10 -7
1379 0 1 4 6 -13
1380 0 0 15 13 -11
1381 1 1 -16 -11 6
1382 0 0 13 15 15
1383 0 0 11 -9 13
1384 0 0 0 0 12
1385 1 1 -9 -16 -13
1386 0 0 14 -13 11
1387 1 1 -12 -16 15
1388 1 1 -3 15 -5
1389 0 1 6 -7 4
1390 0 1 10 -14 -6
1391 0 1 13 -10 -8
1392 0 1 13 12 3
1393 0 1 -2 -11 -3
1394 0 1 14 5 12
1395 1 0 -16 -10 -3
1396 1 0 -3 5 -8
1397 1 1 -8 -14 15
1398 0 1 11 13 13
1399 0 0 11 -12 -14
1400 1 1 -16 -5 -10
1401 0 0 11 15 12
1402 1 1 -16 -4 -10
1403 1 0 -15 6 -7
1404 1 0 -4 -7 7
1405 1 1 -15 -8 10
1406 1 1 0 15 -14
1407 1 1 -16 14 5
1408 0 0 5 -7 9
1409 0 1 9 4 -16
1410 1 0 -9 -13 15
1411 0 0 8 -12 -10
1412 1 1 -13 -14 -9
1413 0 0 9 -16 15
1414 1 1 -5 15 -3
1415 1 1 -14 -16 8
1416 0 1 4 15 -10
1417 1 1 -11 8 -16
1418 0 1 6 15 10
1419 0 0 15 -3 -12
1420 1 1 -15 15 -1
1421 1 1 -5 7 15
1422 0 0 3 -16 -8
1423 0 0 11 14 4
1424 1 1 -15 -16 -15
1425 0 1 13 -14 15
1426 1 0 -3 0 9
1427 0 0 11 -4 6
1428 0 1 -2 -14 -13
1429 0 0 10 15 15
1430 1 1 -16 6 8
1431 0 0 14 -2 15
1432 1 1 -5 1 9
1433 0 1 -1 -8 8
1434 0 1 9 15 -3
1435 0 0 3 10 -8
1436 1 0 -5 15 15
1437 1 1 -11 11 -3
1438 1 1 -16 -12 -11
1439 1 0 -5 2 -12
1440 1 0 2 -7 0
1441 1 1 -6 -16 14
1442 1 1 -10 9 -10
1443 1 1 -4 11 15
1444 0 0 8 -16 14
1445 0 1 15 7 -11
1446 0 0 11 5 9
1447 1 0 -6 7 -8
1448 1 0 -11 14 5
1449 1 1 -6 -9 -13
1450 1 0 -1 4 -15
1451 0 0 2 4 6
1452 1 1 -10 -13 8
1453 1 0 -16 -5 15
1454 1 1 -16 14 1
1455 1 1 -16 -1 15
1456 1 0 -13 5 7
1457 0 0 1 8 1
1458 1 1 -15 14 5
1459 0 1 14 -12 5
1460 1 0 -14 -15 -12
1461 0 1 15 11 -3
1462 0 1 2 8 -16
1463 1 1 -9 6 -15
1464 1 1 -12 -6 -9
1465 0 1 14 2 -8
1466 1 1 -15 15 -7
1467 1 1 -10 14 -12
1468 1 1 -10 -1 -5
1469 0 0 9 -10 15
1470 0 0 15 4 8
1471 1 0 -1 12 -8
1472 1 1 -3 -9 4
1473 0 0 14 -11 -13
1474 1 1 -16 -10 11
1475 0 0 4 -11 -9
1476 0 1 15 -16 14
1477 0 1 13 4 15
1478 0 1 11 -3 -5
1479 1 0 0 -14 15
1480 1 0 -16 -9 0
1481 1 0 -7 -10 -5
1482 1 0 -4 -8 -7
1483 1 0 -10 -12 12
1484 0 0 8 6 -9
1485 1 0 -1 -16 7
1486 0 0 15 -9 15
1487 0 1 8 15 8
1488 0 1 15 -7 0
1489 0 1 9 15 -13
1490 1 0 -14 -16 -16
1491 0 0 15 -13 9
1492 0 0 15 14 -6
1493 0 1 3 -3 3
1494 1 1 -7 -7 -6
1495 0 1 7 8 -12
1496 0 0 15 15 15
1497 1 1 -5 13 -15
1498 1 0 -2 15 -1
1499 1 1 -14 -16 -15
1500 0 0 15 -8 -16
1501 0 1 0 2 15
1502 1 1 -8 0 -5
1503 0 1 6 8 -16
1504 0 1 10 -13 5
1505 1 1 -13 -2 10
1506 1 0 -13 5 -7
1507 0 1 9 -10 -10
1508 0 1 15 9 -5
1509 0 1 15 13 -16
1510 0 0 11 -11 10
1511 0 0 11 -15 9
1512 1 0 -5 4 -8
1513 0 1 6 15 9
1514 0 0 3 2 -8
1515 0 0 2 15 -5
1516 0 1 11 11 15
1517 0 0 6 15 8
1518 1 0 -16 -16 5
1519 0 1 12 3 -6
1520 0 1 11 -2 -7
1521 1 1 -9 12 15
1522 1 1 -2 -3 15
1523 1 1 -5 -16 4
1524 1 1 -13 2 -8
1525 1 1 -16 -8 15
1526 1 1 -16 -16 -5
1527 1 1 -12 -11 -15
1528 1 0 -3 -16 -9
1529 0 0 9 2 -16
1530 0 0 3 15 10
1531 1 0 -5 8 -7
1532 0 1 15 -4 -5
1533 1 1 -5 -13 -14
1534 0 0 15 15 5
1535 0 0 -1 11 3
1536 0 0 10 -3 -7
1537 1 0 -14 15 -15
1538 0 0 15 -12 -7
1539 0 0 13 -16 12
1540 1 1 -10 8 15
1541 1 1 -6 -7 -2
1542 0 1 11 8 10
1543 1 1 -2 15 -10
1544 1 0 -16 -10 8
1545 1 0 -16 15 -4
1546 1 1 -12 1 -4
1547 0 0 9 6 10
1548 0 1 13 0 -4
1549 1 0 -13 -8 -11
1550 1 1 -16 -16 7
1551 1 0 -10 -15 -16
1552 0 1 7 7 11
1553 0 1 12 15 -4
1554 0 1 15 -16 -7
1555 0 1 12 -16 9
1556 1 1 -9 15 8
1557 1 1 -16 -15 15
1558 1 0 -8 -12 -2
1559 0 0 3 -16 -12
1560 0 0 7 -6 -16
1561 0 1 -2 12 12
1562 1 0 -16 14 15
1563 0 0 3 4 -2
1564 0 0 15 -8 15
1565 0 0 10 -6 15
1566 0 1 13 -16 -15
1567 1 1 -10 -12 -13
1568 0 1 15 -13 14
1569 0 1 9 -12 15
1570 0 0 15 2 -5
1571 0 0 14 9 3
1572 0 0 15 6 8
1573 0 1 13 5 15
1574 0 0 15 -15 -8
1575 1 0 -15 8 4
1576 1 1 -5 13 -16
1577 0 1 11 -16 9
1578 0 1 11 7 -6
1579 1 0 -8 -6 3
1580 0 1 15 -5 15
1581 0 0 8 -2 13
1582 1 1 -10 15 15
1583 0 0 2 5 -4
1584 0 0 8 -5 4
1585 1 1 -3 11 -16
1586 0 0 4 -16 -12
1587 0 1 5 -7 -5
1588 1 1 -1 11 15
1589 0 0 8 11 -14
1590 1 0 -5 10 -14
1591 1 0 -15 -16 -15
1592 0 0 4 -2 8
1593 0 1 2 -4 5
1594 1 1 -8 -10 -14
1595 1 0 -13 15 -11
1596 1 0 -11 12 2
1597 0 1 11 -16 12
1598 1 1 -10 -13 -2
1599 1 1 -16 -3 13
1600 1 1 1 -7 -13
1601 0 0 4 0 6
1602 1 1 -11 -6 15
1603 0 1 15 -14 -8
1604 1 0 -8 -15 -16
1605 1 1 -7 12 -7
1606 1 1 -7 15 8
1607 0 1 10 2 10
1608 0 0 13 6 4
1609 1 0 2 -9 6
1610 0 1 5 -2 -15
1611 1 1 -16 -14 15
1612 1 0 -14 -2 5
1613 1 1 -1 8 -7
1614 0 1 13 -5 -16
1615 0 1 0 5 7
1616 1 1 -12 -9 14
1617 0 0 14 -11 -16
1618 1 1 -16 -13 -7
1619 1 0 -12 10 1
1620 0 1 15 -8 -10
1621 1 1 -9 5 15
1622 1 0 -9 15 9
1623 1 0 -2 12 13
1624 1 1 -7 -13 -5
1625 0 0 11 -16 15
1626 0 0 13 0 -3
1627 0 0 11 -13 5
1628 1 1 -6 1 -5
1629 0 0 0 12 -9
1630 0 0 2 8 15
1631 1 0 -5 5 -15
1632 1 1 -7 9 -16
1633 0 0 11 15 5
1634 1 1 -11 10 -6
1635 0 0 13 -13 -16
1636 1 1 -11 -12 -16
1637 0 1 7 15 7
1638 1 0 -3 -6 -15
1639 0 0 15 -8 -5
1640 0 1 10 15 14
1641 1 0 -15 7 15
1642 1 0 -12 -16 14
1643 0 0 10 -10 14
1644 1 1 -5 -12 -7
1645 0 0 15 1 15
1646 0 1 15 -5 10
1647 1 1 0 -4 -16
1648 0 1 11 -3 15
1649 0 1 14 -4 -11
1650 1 0 -8 -12 1
1651 0 0 6 2 -8
1652 0 0 8 -7 14
1653 1 1 -8 4 -7
1654 0 0 11 -14 -9
1655 1 1 -16 6 -5
1656 1 1 -8 -4 15
1657 0 1 13 12 15
1658 1 0 -15 5 -8
1659 1 0 -16 -16 12
1660 0 0 14 -16 8
1661 0 0 4 12 -9
1662 1 1 -6 13 7
1663 0 0 15 3 -16
1664 0 0 7 -15 -13
1665 1 1 -12 15 11
1666 0 0 15 -14 7
1667 1 0 -15 11 15
1668 1 1 -11 -5 -3
1669 0 0 11 -15 4
1670 0 0 13 15 0
1671 1 0 -6 -16 11
1672 1 0 -16 15 15
1673 0 1 9 11 9
1674 1 0 -2 -13 -10
1675 0 1 6 4 7
1676 0 1 8 -12 -15
1677 0 1 15 10 -5
1678 0 1 5 15 -11
1679 1 0 -11 10 11
1680 0 0 15 -4 4
1681 0 1 9 15 10
1682 1 0 -16 -6 0
1683 1 0 -9 15 15
1684 1 0 0 -8 15
1685 1 0 -11 -14 -11
1686 0 0 15 -6 -10
1687 0 1 15 -11 6
1688 0 1 15 15 -7
1689 0 1 9 -16 -2
1690 1 0 -4 -10 -9
1691 1 1 -16 -16 15
1692 0 0 0 15 12
1693 0 1 6 15 1
1694 0 1 9 -8 0
1695 0 0 12 -15 -11
1696 1 1 -6 8 15
1697 0 1 12 12 -12
1698 0 0 8 5 0
1699 1 0 -8 -9 -9
1700 1 1 -14 -9 -16
1701 1 1 -16 3 -6
1702 1 0 3 9 12
1703 1 0 -9 7 7
1704 1 0 -11 -13 -16
1705 1 0 -11 6 -9
1706 1 1 -10 -4 12
1707 1 1 -12 2 3
1708 0 1 15 -16 -5
1709 0 0 5 -6 -14
1710 0 1 8 15 1
1711 0 0 5 -13 -1
1712 1 0 -7 -16 6
1713 0 0 9 13 15
1714 0 0 10 3 1
1715 0 0 10 -16 4
1716 1 1 -13 11 -16
1717 0 0 -5 -6 10
1718 0 0 9 -16 -2
1719 0 1 7 -7 -10
1720 1 0 0 -13 10
1721 1 1 -12 10 1
1722 0 0 15 -16 -4
1723 0 0 15 -3 6
1724 0 0 15 -6 -3
1725 0 0 11 10 11
1726 1 1 -16 15 -3
1727 1 0 -16 5 -2
1728 0 1 11 -14 -16
1729 1 1 -10 -12 13
1730 0 0 1 -16 -14
1731 0 1 11 -9 11
1732 0 0 6 11 -16
1733 0 1 11 -10 15
1734 0 1 8 15 12
1735 0 1 15 15 8
1736 1 0 -8 -2 15
1737 0 1 13 -10 12
1738 0 0 11 2 -13
1739 0 1 12 15 -6
1740 0 1 15 -12 -11
1741 1 0 -15 7 13
1742 1 1 -16 6 -4
1743 1 1 -6 5 6
1744 0 1 15 12 -13
1745 0 1 8 -14 -16
1746 1 1 -6 8 2
1747 0 0 15 -10 -8
1748 1 1 -14 11 15
1749 0 1 9 -16 15
1750 1 0 -7 5 -7
1751 1 1 -11 2 -6
1752 0 1 15 -13 -1
1753 1 1 -9 -15 -16
1754 0 0 13 9 -5
1755 1 0 -12 -13 8
1756 1 1 -16 15 9
1757 1 1 -7 -3 14
1758 0 1 9 8 -10
1759 1 0 -9 14 -14
1760 1 1 -16 -6 4
1761 1 1 -9 7 -4
1762 0 1 13 7 15
1763 0 0 1 15 -9
1764 0 0 15 -7 7
1765 1 0 -4 -16 14
1766 1 0 -13 -16 -6
1767 0 0 10 -14 -16
1768 0 0 12 -15 -9
1769 1 0 -15 -15 -1
1770 0 0 15 -10 -13
1771 1 1 -16 15 -9
1772 0 0 15 12 11
1773 1 0 -9 5 9
1774 0 0 5 13 -11
1775 1 0 -16 15 -16
1776 0 0 14 5 -12
1777 0 0 13 -3 0
1778 0 1 8 -7 15
1779 1 0 -16 -1 10
1780 0 1 15 15 13
1781 0 1 14 9 6
1782 0 1 8 15 -6
1783 0 0 0 -2 -2
1784 1 0 -9 -3 5
1785 1 1 -9 -5 -3
1786 0 0 5 -16 15
1787 0 0 15 -8 -11
1788 1 1 -1 -5 10
1789 0 1 13 -16 5
1790 0 1 12 -5 15
1791 1 0 -4 -11 4
1792 1 0 -15 12 -2
1793 1 0 -3 8 -10
1794 0 1 15 -13 1
1795 1 1 -13 -10 -3
1796 0 1 6 15 -8
1797 1 1 1 -3 5
1798 0 1 11 1 8
1799 1 0 -16 -13 -16
1800 1 1 -6 7 0
1801 0 1 9 -1 -10
1802 0 1 15 -12 -11
1803 1 0 -6 14 10
1804 1 0 -5 -6 15
1805 1 0 -16 0 -12
1806 1 0 -12 12 -7
1807 1 0 -10 14 -9
1808 1 0 -16 12 15
1809 1 1 -16 -9 -1
1810 1 1 -8 10 2
1811 1 1 -8 -1 15
1812 0 0 3 1 4
1813 1 1 -16 15 -7
1814 0 1 11 9 -3
1815 0 0 12 -16 -12
1816 0 1 14 2 12
1817 1 0 -13 13 11
1818 1 0 -10 -16 10
1819 0 0 15 3 9
1820 0 0 8 4 15
1821 0 0 2 2 12
1822 0 1 9 14 -15
1823 1 0 -14 9 10
1824 0 0 12 -13 -14
1825 1 0 -15 -8 4
1826 1 0 -12 -16 8
1827 1 0 -13 1 -7
1828 1 0 -15 2 -12
1829 1 1 -3 -15 4
1830 0 1 15 8 -7
1831 0 0 10 11 15
1832 1 1 -16 6 15
1833 0 0 15 -13 5
1834 1 1 -16 -16 4
1835 0 1 12 6 5
1836 1 0 -2 -16 -2
1837 0 1 10 -16 11
1838 1 1 -7 -15 12
1839 0 0 12 -3 6
1840 1 0 -16 15 1
1841 0 0 11 10 -16
1842 0 0 8 3 -16
1843 1 0 -12 -10 0
1844 1 0 -8 -9 -13
1845 0 1 15 -11 -16
1846 1 1 1 6 -10
1847 1 0 -16 -16 4
1848 0 1 2 15 -16
1849 0 1 6 -6 2
1850 0 0 2 12 10
1851 1 1 -5 -13 4
1852 0 1 8 -12 -11
1853 0 1 9 5 10
1854 1 1 -16 6 10
1855 1 0 -7 -8 -7
1856 0 0 3 -16 -1
1857 0 1 15 10 -16
1858 1 0 -9 15 -12
1859 0 0 15 11 -1
1860 0 0 0 -13 -9
1861 0 1 11 -16 1
1862 1 1 -14 15 -8
1863 1 0 -12 -16 11
1864 0 0 15 15 11
1865 0 0 10 -13 -8
1866 0 0 7 10 -11
1867 1 1 -6 -2 12
1868 0 0 -3 -15 15
1869 0 1 15 4 -15
1870 0 0 15 -16 10
1871 1 0 -16 -12 -10
1872 0 1 10 7 -1
1873 0 0 -4 4 6
1874 0 0 7 -15 8
1875 1 1 -3 1 9
1876 0 0 6 -10 -9
1877 1 0 -12 15 15
1878 0 0 11 -11 7
1879 1 1 -1 6 -1
1880 1 1 3 11 15
1881 0 1 8 -16 -7
1882 0 1 1 11 13
1883 0 1 5 -1 -2
1884 1 0 -6 15 15
1885 0 1 7 -11 6
1886 1 0 -16 0 15
1887 0 1 13 -2 13
1888 1 0 -12 -16 -15
1889 0 1 -1 -14 -7
1890 1 1 -10 -16 -14
1891 0 0 12 -9 10
1892 1 1 -2 9 -9
1893 1 0 -14 -6 -12
1894 0 0 15 4 9
1895 0 1 7 -7 8
1896 0 0 9 14 13
1897 0 1 11 14 11
1898 1 0 5 6 -16
1899 1 0 -14 7 2
1900 1 0 -15 0 11
1901 0 1 15 -15 -1
1902 0 0 3 12 -16
1903 0 0 15 -7 14
1904 1 1 -7 -5 -12
1905 0 0 13 14 -14
1906 0 0 14 15 -1
1907 0 1 10 -8 15
1908 0 1 15 -11 -14
1909 0 1 11 -16 13
1910 0 0 10 12 1
1911 0 1 13 12 -16
1912 0 0 9 15 15
1913 1 1 -9 -16 10
1914 0 0 0 -10 1
1915 1 0 -16 -5 -16
1916 1 1 -4 12 15
1917 0 0 15 -6 -7
1918 1 1 -16 14 0
1919 1 1 -5 0 12
1920 0 0 15 -6 -16
1921 1 0 -4 -8 4
1922 0 1 15 10 -10
1923 1 1 -16 -16 13
1924 0 1 0 -8 -11
1925 1 1 5 -10 -9
1926 1 0 -16 15 -11
1927 1 0 -15 15 -14
1928 1 1 -5 6 4
1929 0 1 11 8 14
1930 0 1 8 -10 10
1931 1 1 -6 8 7
1932 1 1 -12 9 -15
1933 0 1 7 -7 11
1934 1 1 -15 -8 -11
1935 1 0 -16 -9 14
1936 1 1 -5 -5 14
1937 1 1 -10 -15 -14
1938 0 0 4 6 -7
1939 0 0 15 9 14
1940 0 0 4 -9 -16
1941 0 0 8 -10 6
1942 0 0 9 -16 5
1943 0 1 15 11 7
1944 0 0 5 -8 -7
1945 1 1 -16 -10 -4
1946 1 0 3 -11 6
1947 0 0 15 15 12
1948 0 1 14 7 15
1949 0 0 9 1 -6
1950 1 1 -13 5 -11
1951 0 0 6 -11 13
1952 0 1 5 -1 -7
1953 1 0 -11 5 0
1954 1 0 -9 -10 11
1955 1 0 -11 -14 -3
1956 1 0 -7 -2 12
1957 1 0 -15 15 15
1958 1 1 -10 14 15
1959 0 0 15 7 -12
1960 1 1 -13 8 -14
1961 0 1 7 -5 -16
1962 0 1 15 15 -16
1963 1 1 -8 -11 -6
1964 0 0 0 -16 -4
1965 1 0 -14 -15 10
1966 1 0 -16 11 -16
1967 0 1 12 -13 15
1968 1 0 -16 8 -8
1969 0 1 7 -15 15
1970 1 0 -3 5 2
1971 1 1 -14 8 3
1972 1 0 -6 7 -6
1973 1 0 -12 -13 -16
1974 0 0 15 -11 -12
1975 1 1 -2 -5 -16
1976 0 0 15 -7 -12
1977 0 1 2 -13 0
1978 1 0 -2 0 14
1979 1 0 -16 8 5
1980 1 1 -16 15 -7
1981 1 1 -8 1 -3
1982 0 1 14 10 15
1983 1 0 -15 15 -7
1984 1 1 -9 1 8
1985 0 0 15 11 -16
1986 1 1 -6 3 3
1987 1 0 -4 5 -6
1988 1 1 -7 -1 5
1989 0 1 8 -8 13
1990 0 1 7 -1 9
1991 0 0 15 -7 4
1992 0 0 15 3 -16
1993 1 0 -3 -11 -5
1994 1 0 -15 15 -12
1995 0 0 13 15 15
1996 0 1 -2 7 15
1997 0 1 10 4 -3
1998 1 0 -9 -2 -11
1999 1 1 -3 -8 -16
2000 0 1 -1 0 15
2001 0 1 12 -16 12
2002 0 1 7 15 7
2003 1 1 -16 12 -16
2004 0 1 10 13 9
2005 1 1 -14 8 -15
2006 1 1 -14 13 -10
2007 1 0 -14 -3 4
2008 0 1 5 -6 12
2009 0 0 1 15 10
2010 0 0 6 -9 1
2011 1 1 -7 -16 -16
2012 1 1 -16 -2 -11
2013 1 0 -4 -9 -16
2014 1 0 -15 -5 -14
2015 1 1 -12 -12 -4
2016 0 0 1 12 -9
2017 1 0 -13 -15 -7
2018 0 0 4 -16 14
2019 1 1 -16 -15 11
2020 0 1 10 -16 1
2021 0 0 9 -5 -16
2022 1 1 0 -9 -14
2023 0 1 15 -16 3
2024 0 0 7 -16 -6
2025 0 1 15 15 7
2026 1 0 -16 3 -9
2027 1 0 -5 -5 -1
2028 0 1 10 -10 5
2029 1 0 3 -10 14
2030 1 0 -13 15 -2
2031 1 0 -11 8 15
2032 1 1 -6 15 -12
2033 1 0 -7 -6 11
2034 1 1 -6 15 9
2035 0 1 14 6 -16
2036 1 1 -9 -6 15
2037 1 1 -14 -16 -7
2038 1 0 -11 8 10
2039 0 1 15 -16 6
2040 1 1 -1 7 -10
2041 0 1 9 -14 6
2042 0 1 15 1 -16
2043 1 0 -11 12 14
2044 1 0 -8 -5 -7
2045 0 0 5 7 9
2046 0 0 15 -16 11
2047 0 0 15 4 -16
2048 0 1 4 14 8
2049 1 1 -9 9 7
2050 1 1 -7 12 13
2051 0 0 6 13 4
2052 1 1 -1 15 15
2053 0 1 6 -2 2
2054 0 0 5 11 6
2055 0 1 15 14 15
2056 1 1 -16 15 3
2057 1 1 -16 1 -16
2058 0 0 3 4 -6
2059 0 0 13 -16 3
2060 0 1 8 2 -6
2061 1 1 -12 15 -9
2062 0 0 11 0 -10
2063 0 0 15 15 10
2064 0 1 15 13 9
2065 1 0 -9 -9 15
2066 1 0 -16 -3 -14
2067 0 0 5 -2 -5
2068 0 0 13 -16 -3
2069 0 1 6 4 -12
2070 0 1 9 -13 4
2071 0 0 7 11 -14
2072 0 0 9 13 -2
2073 0 1 15 -8 10
2074 1 0 -1 15 2
2075 1 0 -15 15 15
2076 1 1 -5 15 -15
2077 1 0 -16 -16 15
2078 0 1 -1 -9 13
2079 1 1 -5 -16 -9
2080 0 0 1 -11 -16
2081 0 1 15 -9 0
2082 1 1 -16 -4 6
2083 0 1 3 -16 6
2084 0 0 9 -3 -5
2085 0 1 15 15 -10
2086 0 0 4 -7 -2
2087 0 1 -2 11 -15
2088 0 0 6 4 -10
2089 1 0 -9 8 -3
2090 0 0 7 -5 -3
2091 1 0 -16 -16 15
2092 0 1 15 3 -16
2093 0 0 15 15 -15
2094 1 0 3 1 5
2095 1 0 -6 15 -15
2096 0 0 9 15 12
2097 0 0 15 -2 8
2098 1 0 -6 3 -3
2099 0 1 0 -5 10
2100 1 1 -7 10 10
2101 1 0 -7 12 -9
2102 1 0 -1 12 1
2103 0 1 6 15 -10
2104 1 1 0 15 0
2105 1 0 -10 6 1
2106 1 1 -7 -16 -16
2107 1 0 -13 1 7
2108 1 1 -14 -10 12
2109 1 1 -2 -16 -2
2110 0 0 15 -16 -3
2111 1 1 -13 9 -2
2112 0 0 13 6 -10
2113 1 0 -7 -9 -9
2114 0 0 4 -2 -4
2115 0 1 11 -14 15
2116 1 1 -3 -7 5
2117 0 0 3 15 -2
2118 1 0 -4 -6 6
2119 1 0 -15 3 -15
2120 0 1 10 9 -12
2121 0 0 13 9 14
2122 0 1 6 5 -1
2123 1 1 -5 -12 12
2124 1 0 -7 -5 7
2125 1 1 -4 13 -7
2126 0 1 9 -2 -8
2127 0 0 15 -9 -2
2128 0 1 10 -16 15
2129 1 0 2 -13 5
2130 0 0 14 -13 15
2131 1 0 -13 15 8
2132 1 0 -5 -9 7
2133 0 1 15 12 -7
2134 0 1 7 -16 -2
2135 0 1 15 4 15
2136 0 1 15 11 15
2137 1 1 -16 11 10
2138 1 0 -14 3 15
2139 1 0 -2 -16 3
2140 1 1 -16 11 7
2141 0 0 -2 2 0
2142 0 0 10 10 -16
2143 1 1 -16 -5 12
2144 0 0 8 9 13
2145 0 1 2 -12 -10
2146 0 1 9 13 -11
2147 0 0 15 15 -15
2148 1 1 -2 15 15
2149 0 1 3 -14 -13
2150 0 0 13 15 10
2151 0 0 15 5 0
2152 0 1 15 -10 -1
2153 0 0 15 -16 15
2154 1 1 -8 15 -9
2155 0 1 15 8 6
2156 0 0 5 15 6
2157 1 0 1 -7 15
2158 0 1 13 10 -6
2159 0 1 3 -6 7
2160 1 0 -10 -1 -10
2161 1 1 -9 -2 8
2162 1 0 -10 -11 7
2163 0 1 12 6 -5
2164 0 1 15 9 -16
2165 0 0 14 -15 0
2166 0 0 8 -1 -6
2167 1 1 7 10 -4
2168 1 1 -16 -12 8
2169 0 0 13 15 -15
2170 0 0 10 -9 -5
2171 1 1 -15 -10 8
2172 0 1 2 10 -3
2173 1 1 -4 -9 -6
2174 0 1 15 -15 8
2175 1 1 -9 -4 15
2176 0 0 15 -7 -9
2177 0 1 6 -13 -16
2178 0 1 5 11 0
2179 0 1 8 -4 -2
2180 1 1 -1 -11 -3
2181 0 0 14 10 2
2182 1 0 -1 0 12
2183 1 1 -10 2 1
2184 0 0 13 9 -7
2185 1 0 -7 -1 -5
2186 0 0 2 9 5
2187 1 0 -5 10 -9
2188 0 1 4 7 8
2189 1 1 -11 15 8
2190 0 1 9 -14 8
2191 1 0 -14 -4 12
2192 1 0 -3 -15 -4
2193 0 1 6 6 -2
2194 1 0 -13 -16 -8
2195 0 1 12 -3 15
2196 1 0 -16 -5 2
2197 1 1 -5 15 11
2198 0 0 15 4 -9
2199 0 1 4 -8 4
2200 0 1 15 -16 5
2201 0 0 9 13 1
2202 1 1 -2 15 -15
2203 0 0 9 10 15
2204 0 0 7 -10 11
2205 0 0 15 -12 -13
2206 1 0 -10 9 -16
2207 1 0 -14 -16 -8
2208 0 1 15 15 -6
2209 1 1 -10 11 11
2210 0 1 10 15 13
2211 0 0 0 -2 -4
2212 0 0 -1 -7 0
2213 0 1 14 -11 -10
2214 0 1 5 8 15
2215 1 0 -16 0 15
2216 0 0 6 11 15
2217 1 1 -16 9 -3
2218 1 1 -16 9 2
2219 0 1 2 6 12
2220 1 0 -6 12 -16
2221 1 0 -7 2 -8
2222 0 0 7 7 -14
2223 0 0 9 2 7
2224 1 0 -16 5 -12
2225 1 0 -11 5 5
2226 1 1 -11 4 -9
2227 0 0 11 -11 -3
2228 1 0 -6 15 15
2229 1 1 -12 3 7
2230 1 0 -7 -16 6
2231 0 1 4 7 0
2232 0 1 15 3 13
2233 1 0 -16 15 15
2234 1 0 -16 -10 -16
2235 1 0 -6 15 -15
2236 0 0 13 5 -16
2237 0 0 13 5 13
2238 0 1 15 15 11
2239 1 0 -14 -11 8
2240 0 0 11 9 -16
2241 1 0 -2 15 -16
2242 0 1 15 15 12
2243 0 1 2 -8 -12
2244 0 1 11 -3 -11
2245 0 1 12 -16 15
2246 0 1 13 0 7
2247 0 0 15 3 -11
2248 0 0 3 15 10
2249 1 1 -9 -13 -9
2250 0 1 13 -3 1
2251 0 0 15 14 6
2252 0 0 8 -11 0
2253 1 1 -8 -14 -9
2254 0 1 -9 15 -12
2255 0 0 15 7 -15
2256 0 1 10 -16 6
2257 1 0 0 7 15
2258 1 1 -10 -1 -14
2259 1 0 3 0 12
2260 0 1 5 15 11
2261 0 1 6 -7 -6
2262 0 1 8 -14 5
2263 1 0 -12 4 15
2264 1 0 -11 -16 13
2265 0 1 13 6 -14
2266 1 0 -16 8 9
2267 0 1 15 4 13
2268 0 0 11 -11 15
2269 0 0 15 -16 -4
2270 1 0 -16 15 -16
2271 0 1 5 15 0
2272 1 0 -10 -6 9
2273 1 0 -1 6 2
2274 1 1 -6 15 -10
2275 0 1 13 2 6
2276 1 0 -10 6 0
2277 1 1 -4 15 2
2278 1 1 -5 15 -6
2279 0 1 2 12 -10
2280 0 1 8 -15 15
2281 0 0 10 -12 -9
2282 0 0 15 -16 -3
2283 1 0 -10 -7 -15
2284 1 1 -13 10 2
2285 1 0 -3 15 -2
2286 0 0 6 -15 0
2287 1 1 0 -14 -16
2288 1 0 -16 -7 -13
2289 0 0 13 13 -16
2290 1 1 -10 -4 -16
2291 1 1 -6 9 5
2292 0 1 5 13 15
2293 0 0 11 11 -8
2294 1 0 -10 -15 8
2295 0 1 13 2 -13
2296 1 1 -2 9 15
2297 0 0 15 4 8
2298 0 1 15 -13 -13
2299 0 1 5 -13 -11
2300 0 1 11 2 15
2301 0 1 15 12 0
2302 1 0 -5 14 -9
2303 1 1 -14 -8 -16
2304 1 1 -6 12 -8
2305 1 1 -11 -16 10
2306 0 1 5 15 -14
2307 0 0 13 0 7
2308 1 0 -4 -1 -9
2309 0 1 0 9 8
2310 0 0 15 8 -16
2311 1 0 -13 15 14
2312 1 0 -13 11 15
2313 1 1 -12 -16 15
2314 1 1 -10 10 15
2315 0 0 11 0 10
2316 1 1 -8 -8 10
2317 1 0 -11 -5 -16
2318 1 1 -13 6 -11
2319 1 0 -12 12 10
2320 1 0 -16 8 13
2321 1 1 -1 -16 3
2322 1 1 -8 10 15
2323 1 0 -9 -11 14
2324 0 0 2 8 -10
2325 0 0 13 -8 -16
2326 1 0 -15 -12 -11
2327 0 0 12 11 8
2328 0 0 4 15 -12
2329 1 0 -2 5 1
2330 0 0 2 -12 6
2331 0 1 14 15 -6
2332 1 0 -9 -5 -5
2333 1 1 0 15 -13
2334 0 0 9 6 7
2335 0 1 6 15 -14
2336 1 0 -4 -11 -11
2337 1 0 -5 2 15
2338 1 1 -16 6 -6
2339 0 0 9 -12 7
2340 0 0 1 3 -8
2341 1 1 -16 4 3
2342 0 0 10 8 -8
2343 1 1 -15 -5 4
2344 0 1 8 11 11
2345 1 1 -12 -2 15
2346 1 0 -12 -9 13
2347 0 1 11 -16 12
2348 1 0 -7 -9 -16
2349 0 1 -6 -14 -11
2350 0 1 14 -15 -11
2351 1 0 2 -11 6
2352 1 1 -6 14 -4
2353 1 0 -16 5 -3
2354 0 1 12 -11 -5
2355 0 1 5 14 15
2356 0 1 15 7 9
2357 0 1 5 -6 3
2358 1 0 -2 15 15
2359 0 1 15 -16 15
2360 1 0 -6 5 -9
2361 0 1 7 1 -10
2362 1 0 0 15 10
2363 0 0 14 -15 10
2364 0 1 6 -16 -3
2365 0 0 15 -16 -6
2366 1 0 -16 -16 13
2367 0 0 9 -16 15
2368 1 0 -16 13 -12
2369 0 0 10 1 -6
2370 1 1 -10 -15 11
2371 0 1 15 10 -16
2372 0 1 7 -12 -15
2373 1 0 -16 -4 -11
2374 1 1 -9 -2 15
2375 1 1 -3 -7 -16
2376 0 0 8 2 15
2377 0 1 4 4 1
2378 1 1 -9 10 -3
2379 1 0 -6 8 -3
2380 1 0 -16 -11 1
2381 1 1 -7 10 12
2382 1 0 -7 1 9
2383 1 0 -15 -14 -7
2384 0 0 15 -10 -11
2385 1 1 -11 9 10
2386 0 0 15 15 7
2387 1 0 -16 -12 6
2388 1 0 1 -16 15
2389 1 0 -1 1 7
2390 0 0 7 -12 2
2391 0 0 15 -3 4
2392 0 0 -5 -3 9
2393 0 1 3 12 -13
2394 1 1 -9 10 -11
2395 1 1 0 -7 -1
2396 0 0 6 -4 -15
2397 0 0 15 12 -10
2398 0 0 13 -6 1
2399 0 0 5 15 5
2400 1 1 -10 -9 8
2401 0 0 -4 -7 15
2402 0 0 15 15 -10
2403 1 0 -2 15 -11
2404 1 1 -7 -16 15
2405 0 1 5 -13 -7
2406 1 0 -3 -4 11
2407 0 0 3 -7 -16
2408 1 1 -13 15 -12
2409 0 0 9 13 5
2410 0 0 8 2 15
2411 1 0 -9 -6 -8
2412 0 0 14 15 -6
2413 0 1 8 0 0
2414 0 0 -9 10 12
2415 1 1 -13 -16 -8
2416 0 1 15 -12 -16
2417 1 1 -14 -14 6
2418 1 1 -10 9 15
2419 1 1 -7 7 -3
2420 0 0 11 -10 15
2421 0 0 12 15 -14
2422 0 1 15 10 11
2423 1 1 -9 7 15
2424 0 1 11 -13 10
2425 0 1 15 0 -9
2426 1 0 -16 -9 -16
2427 1 1 -16 12 -16
2428 1 1 -6 -14 7
2429 1 1 -13 -2 3
2430 0 0 14 -5 -15
2431 1 1 -3 14 -14
2432 0 0 11 11 11
2433 0 1 13 5 -8
2434 0 1 15 14 15
2435 1 0 -14 -2 15
2436 0 0 8 15 15
2437 0 1 -4 -2 -2
2438 1 1 -13 -16 -8
2439 0 0 5 10 -13
2440 1 1 -14 -16 14
2441 0 0 10 0 15
2442 1 0 -5 -13 10
2443 0 1 7 -12 -6
2444 1 0 -4 3 0
2445 1 0 -5 -16 -14
2446 0 1 15 12 -16
2447 0 0 11 -9 15
2448 1 1 -16 -9 2
2449 1 0 -8 -16 -14
2450 1 1 -13 -14 -3
2451 1 1 -12 -13 15
2452 0 1 11 11 15
2453 1 0 -12 -15 -12
2454 0 0 9 -8 6
2455 0 0 4 14 12
2456 1 0 -8 15 -12
2457 0 1 15 14 11
2458 0 0 15 -16 -14
2459 1 1 -4 13 15
2460 1 0 -16 10 -8
2461 0 0 7 -16 -8
2462 1 0 -14 -6 -7
2463 0 1 9 10 -13
2464 1 0 0 -16 -14
2465 1 0 -13 15 -8
2466 0 0 8 15 15
2467 1 0 -15 -6 -9
2468 1 0 3 -12 11
2469 1 0 -10 1 11
2470 0 0 15 -11 -4
2471 1 0 -7 12 -6
2472 0 0 4 -15 -13
2473 1 1 -8 11 -16
2474 0 0 15 -8 -4
2475 1 0 -9 15 -10
2476 1 0 -16 2 -4
2477 1 0 2 9 -3
2478 0 1 6 6 -10
2479 1 1 -6 11 -11
2480 1 1 1 6 1
2481 1 0 -14 -7 15
2482 1 1 -1 5 -10
2483 1 0 -13 -16 1
2484 0 0 2 8 7
2485 0 0 6 -16 -2
2486 0 1 14 15 -16
2487 0 0 15 12 13
2488 0 0 15 2 6
2489 1 1 -8 14 6
2490 0 1 4 -8 12
2491 1 1 -5 9 -11
2492 1 1 -7 9 13
2493 0 0 10 -11 13
2494 0 0 13 13 9
2495 1 1 -16 -7 -11
2496 0 0 13 -1 15
2497 0 1 12 4 10
2498 0 0 6 -16 7
2499 0 1 11 11 7
2500 1 0 -13 -15 -13
2501 1 0 -8 0 15
2502 0 1 9 15 -16
2503 0 0 -1 11 -7
2504 0 1 3 1 -16
2505 1 0 -11 -8 -12
2506 1 1 2 -12 0
2507 0 1 14 -12 -13
2508 0 0 15 -9 9
2509 0 1 3 15 15
2510 1 1 -9 13 -10
2511 1 0 -15 -15 -11
2512 1 0 -16 6 7
2513 0 1 2 3 -3
2514 1 0 -4 -16 9
2515 1 1 -11 -6 8
2516 1 0 -16 6 -6
2517 1 0 -9 15 15
2518 1 0 -16 13 1
2519 1 1 3 3 13
2520 0 1 9 -10 15
2521 0 1 11 9 -11
2522 1 0 -7 11 -16
2523 1 1 -4 -7 -4
2524 1 1 -2 -3 15
2525 1 0 -14 -5 -7
2526 1 0 -10 -4 -3
2527 0 0 15 -5 -15
2528 0 0 12 -13 11
2529 1 1 -15 -16 14
2530 0 0 3 -7 10
2531 1 0 -16 12 -14
2532 0 1 11 15 3
2533 0 0 13 -4 -16
2534 1 0 -8 -10 -16
2535 1 1 -14 -8 0
2536 1 0 -7 15 13
2537 1 1 -9 10 -16
2538 1 0 11 4 5
2539 1 1 -7 -16 3
2540 1 0 -8 8 9
2541 0 1 12 15 6
2542 1 1 -16 -8 10
2543 1 0 -9 -13 12
2544 1 1 -4 15 5
2545 1 0 -16 8 -15
2546 1 1 -11 3 -16
2547 0 1 15 15 -16
2548 0 1 5 -13 -16
2549 1 1 -16 12 -5
2550 0 0 15 -11 -1
2551 0 0 6 -2 15
2552 0 1 6 -16 9
2553 1 0 -8 -3 -8
2554 1 1 1 11 -9
2555 0 1 15 -7 -11
2556 0 0 15 -8 15
2557 1 1 -8 10 -12
2558 1 1 -9 3 15
2559 1 0 -9 -11 11
2560 0 0 9 -16 8
2561 0 1 12 -3 -11
2562 0 1 10 11 -16
2563 1 0 -7 14 -5
2564 0 1 6 13 15
2565 1 1 -15 15 -11
2566 1 1 -11 15 -9
2567 1 0 -7 -1 -2
2568 0 1 1 -3 13
2569 1 0 -13 -8 -6
2570 0 0 12 -1 15
2571 0 1 12 -11 -15
2572 0 0 15 15 14
2573 0 0 15 -15 -7
2574 0 1 14 6 -10
2575 0 1 15 8 -7
2576 0 0 9 -12 11
2577 1 0 -6 13 15
2578 0 1 5 -13 11
2579 0 0 15 -1 -16
2580 1 0 -16 15 15
2581 0 1 4 11 -1
2582 1 0 -16 -7 -16
2583 0 1 4 5 -9
2584 1 0 -16 4 -9
2585 1 0 -12 -16 -7
2586 0 1 15 -15 -16
2587 1 0 -16 -4 -12
2588 0 1 14 -14 11
2589 1 0 -12 11 11
2590 1 0 -8 -11 15
2591 0 0 12 9 15
2592 1 1 -11 15 -4
2593 1 1 -4 -10 -9
2594 0 0 9 6 -6
2595 0 0 15 4 -11
2596 1 0 -16 11 8
2597 0 1 9 15 9
2598 0 1 4 -2 4
2599 0 0 6 -4 -6
2600 0 0 -3 -1 15
2601 1 1 -9 -16 4
2602 1 0 -7 4 13
2603 0 1 12 3 0
2604 0 1 10 -6 14
2605 1 1 -4 12 -4
2606 0 1 15 -1 9
2607 0 0 6 15 11
2608 1 1 -16 -8 -10
2609 1 0 -16 -9 9
2610 1 0 -10 7 -16
2611 1 1 -14 6 -4
2612 1 0 -8 -5 1
2613 0 0 4 14 15
2614 0 0 15 -16 -6
2615 1 0 -9 15 -12
2616 0 0 3 -8 -13
2617 1 1 -3 8 -10
2618 1 0 -8 4 -6
2619 0 0 10 -14 -6
2620 0 0 8 1 9
2621 1 1 -16 -8 0
2622 0 0 12 -16 12
2623 0 1 3 15 15
2624 0 1 15 -13 5
2625 1 1 -9 -3 -8
2626 0 1 8 4 11
2627 0 1 10 2 -6
2628 1 0 -16 2 13
2629 1 0 -11 -2 -5
2630 0 0 7 5 6
2631 1 1 -8 15 -13
2632 0 0 15 -8 -15
2633 1 1 -10 -16 -12
2634 0 0 12 11 -16
2635 1 1 -4 -12 6
2636 1 1 -16 8 -15
2637 1 0 -6 -7 6
2638 0 0 4 7 -3
2639 1 0 -6 7 15
2640 0 1 14 4 -13
2641 1 1 -16 4 13
2642 0 0 10 -8 6
2643 1 0 -7 -10 10
2644 0 1 9 15 -9
2645 1 0 -11 -9 11
2646 0 1 15 -9 2
2647 1 0 4 -12 15
2648 1 0 4 5 -11
2649 0 1 3 -9 15
2650 1 1 -16 15 7
2651 0 0 12 -16 -12
2652 0 0 11 -13 7
2653 0 0 13 -16 2
2654 1 0 -9 -1 -16
2655 1 1 -12 10 13
2656 1 0 -11 7 -8
2657 1 1 -5 4 14
2658 1 1 -10 -16 12
2659 0 1 5 -10 10
2660 1 1 4 -10 -8
2661 1 1 -11 3 11
2662 0 0 7 -11 0
2663 0 0 14 -8 15
2664 0 0 15 -14 12
2665 0 0 9 11 15
2666 0 0 15 -10 15
2667 0 0 15 11 3
2668 0 1 13 13 -8
2669 1 0 -16 15 3
2670 0 1 2 -16 10
2671 1 1 -7 -2 -13
2672 0 0 13 12 -8
2673 0 1 11 12 -12
2674 1 1 -11 9 15
2675 1 1 -10 11 15
2676 1 1 -5 -14 8
2677 0 1 13 -15 -2
2678 0 1 4 10 5
2679 1 0 -15 10 8
2680 0 0 13 6 10
2681 1 1 -16 15 -14
2682 0 0 8 5 15
2683 0 1 8 12 15
2684 0 1 15 4 -9
2685 1 1 -7 15 -5
2686 1 0 -13 15 4
2687 1 1 -11 -8 -8
2688 1 1 -5 15 9
2689 0 0 15 15 -13
2690 1 1 -12 -14 15
2691 1 1 -14 -13 -10
2692 1 1 -10 14 -12
2693 1 1 -10 7 9
2694 1 0 -14 11 -14
2695 0 1 15 5 13
2696 1 1 -9 2 15
2697 1 0 -13 4 -9
2698 0 0 15 15 13
2699 1 1 -16 6 -6
2700 1 1 -9 1 13
2701 1 1 -16 -5 -16
2702 1 0 -10 15 14
2703 1 0 -5 1 -11
2704 0 1 5 6 -16
2705 0 0 15 -8 10
2706 1 1 0 -3 -3
2707 1 0 -16 -15 -11
2708 1 1 -11 -7 -5
2709 0 0 15 10 -8
2710 0 0 9 9 3
2711 1 1 -10 2 -14
2712 1 0 -16 5 -8
2713 1 0 -3 -11 -15
2714 1 1 -7 9 -14
2715 1 0 -16 -9 -11
2716 1 1 -15 -4 8
2717 1 0 -10 3 2
2718 1 1 -16 8 -16
2719 0 0 9 -1 0
2720 0 0 14 15 -10
2721 1 1 -7 -9 -12
2722 0 1 15 -12 -7
2723 1 1 -7 -5 -16
2724 0 0 6 -5 12
2725 0 0 7 -16 7
2726 0 0 4 8 -6
2727 1 1 -15 1 15
2728 1 1 -14 -9 15
2729 1 0 -14 -6 -11
2730 0 0 15 7 15
2731 1 0 -8 -16 5
2732 1 0 -14 -8 -8
2733 1 1 -4 2 7
2734 1 0 -14 13 -6
2735 1 1 -10 7 11
2736 0 0 1 -2 -8
2737 0 0 15 -5 -14
2738 1 0 -13 9 -13
2739 1 1 1 11 -10
2740 0 1 14 -3 9
2741 0 0 7 5 -8
2742 1 0 2 -8 5
2743 0 1 15 -9 4
2744 0 0 11 15 4
2745 1 0 -12 14 9
2746 0 1 15 13 -7
2747 1 1 -9 10 -10
2748 0 0 12 -6 -10
2749 0 0 12 14 1
2750 0 0 -11 1 1
2751 0 0 12 -12 -10
2752 1 1 1 13 -9
2753 1 0 -10 15 15
2754 1 1 -5 15 -16
2755 0 1 15 0 8
2756 0 0 10 -16 6
2757 1 0 -7 5 12
2758 1 0 -15 7 1
2759 0 1 13 -4 -12
2760 0 1 9 14 -6
2761 1 1 -12 -5 10
2762 0 1 14 -4 15
2763 1 1 -16 -8 15
2764 1 0 -5 15 15
2765 1 1 1 8 15
2766 1 1 -16 13 13
2767 1 0 -14 -7 15
2768 0 1 8 -16 12
2769 0 1 13 5 7
2770 0 0 9 -15 9
2771 0 1 15 8 15
2772 1 1 -10 -9 14
2773 0 1 15 -16 -7
2774 0 1 10 -3 11
2775 0 0 15 -13 15
2776 1 1 -16 0 -7
2777 0 1 8 15 -16
2778 1 1 -13 -5 8
2779 1 0 -16 12 -11
2780 0 0 7 6 -14
2781 0 0 -6 15 -3
2782 1 0 -2 -15 7
2783 0 0 11 4 -11
2784 0 1 7 -8 -14
2785 1 0 -16 -15 15
2786 0 0 15 4 4
2787 0 0 2 6 -3
2788 0 1 15 -6 9
2789 1 0 -11 15 -14
2790 1 1 -4 4 15
2791 1 1 -6 8 10
2792 0 0 7 13 -10
2793 0 0 15 -4 10
2794 0 0 12 -11 8
2795 1 1 -7 8 -3
2796 0 1 13 15 -5
2797 0 0 8 14 -3
2798 1 1 -5 -16 2
2799 0 0 15 15 -6
2800 1 0 -13 5 15
2801 0 0 5 12 9
2802 1 1 -15 3 1
2803 1 0 -6 9 9
2804 0 0 11 10 8
2805 1 1 -5 1 -16
2806 1 0 -3 14 -14
2807 1 0 -6 -7 10
2808 1 1 -7 15 5
2809 0 0 11 12 3
2810 0 1 15 7 0
2811 1 0 0 -8 -10
2812 0 0 15 13 15
2813 0 0 9 -11 15
2814 0 0 2 11 2
2815 1 1 -1 -11 4
2816 1 1 -15 14 10
2817 1 1 -12 -16 15
2818 0 1 5 15 -10
2819 0 0 15 -16 -12
2820 0 0 3 12 15
2821 1 1 -16 -13 9
2822 1 0 -16 -1 11
2823 0 1 6 6 15
2824 1 0 -13 7 -13
2825 0 0 15 9 4
2826 1 1 -16 12 -4
2827 1 0 -6 -14 -4
2828 1 1 -13 15 -6
2829 1 0 -14 4 -5
2830 0 0 -1 5 -8
2831 1 1 -16 10 -14
2832 1 0 -10 -1 -13
2833 0 0 15 -10 0
2834 1 0 -7 -13 11
2835 1 0 -8 15 -16
2836 0 1 1 -11 -15
2837 1 1 -16 13 -6
2838 0 1 9 -9 -11
2839 0 1 15 -8 -7
2840 1 0 -1 15 7
2841 1 0 -10 -15 -1
2842 1 1 -11 -11 12
2843 1 1 -13 9 8
2844 1 0 -3 -5 6
2845 0 1 15 -1 2
2846 1 0 -16 -16 -11
2847 1 0 -16 -14 15
2848 0 1 15 10 -16
2849 1 1 -13 -12 12
2850 0 0 10 -16 3
2851 1 1 -2 -5 -3
2852 0 1 8 -16 -13
2853 0 1 5 -15 14
2854 1 1 -4 -5 15
2855 0 0 10 -16 -16
2856 0 1 9 0 -16
2857 1 0 -16 -13 -2
2858 0 0 -7 -16 8
2859 0 0 13 -4 -9
2860 0 0 6 9 -8
2861 1 0 -2 13 -2
2862 0 0 11 12 9
2863 1 1 -16 10 9
2864 0 0 3 -10 5
2865 1 1 -3 -16 -4
2866 0 1 9 14 15
2867 0 1 14 15 -14
2868 1 0 -16 -2 -6
2869 1 1 -16 15 -7
2870 0 0 6 5 -6
2871 1 0 -12 15 -11
2872 0 0 4 -12 13
2873 1 1 1 -5 15
2874 1 0 -12 -6 14
2875 1 1 -13 -16 15
2876 0 1 13 12 15
2877 1 0 -7 -16 13
2878 0 0 8 -7 -12
2879 1 0 -10 -15 -7
2880 1 1 -6 15 15
2881 1 1 2 15 -11
2882 0 1 7 -10 -11
2883 0 1 11 8 15
2884 0 0 15 12 -8
2885 0 1 5 -9 10
2886 0 0 15 -10 -13
2887 1 1 -4 12 13
2888 1 0 -2 -16 -16
2889 1 1 -7 -5 15
2890 0 0 11 6 -16
2891 1 0 4 12 -6
2892 1 0 -8 -5 -10
2893 0 1 14 15 -11
2894 0 0 1 -7 -10
2895 1 1 -16 -12 12
2896 0 0 0 8 13
2897 1 0 -8 -15 15
2898 0 0 5 -16 11
2899 1 1 -8 -5 -10
2900 0 1 7 -15 -16
2901 0 0 6 -16 -6
2902 1 0 -16 -11 3
2903 1 1 -16 15 -4
2904 0 1 11 -5 15
2905 0 0 7 -15 -11
2906 1 1 -13 12 15
2907 1 0 -9 -16 -3
2908 1 1 -7 -16 12
2909 1 1 -4 5 11
2910 0 1 9 -4 8
2911 1 1 -4 -3 -16
2912 1 1 -16 12 15
2913 0 1 12 -16 1
2914 0 0 9 15 12
2915 0 0 0 2 -11
2916 0 0 15 -12 7
2917 0 1 11 -5 -16
2918 0 1 15 -13 2
2919 0 0 13 9 -6
2920 1 0 -8 8 4
2921 0 0 0 -1 3
2922 0 1 5 -16 -16
2923 1 1 -9 13 -16
2924 1 0 -10 15 -3
2925 1 0 -14 5 -9
2926 1 1 -16 -16 -12
2927 0 1 15 -15 15
2928 1 0 -6 -5 -6
2929 0 0 6 -15 -4
2930 0 0 13 1 -16
2931 0 1 6 14 -15
2932 0 1 10 -15 15
2933 1 1 -16 -5 7
2934 1 0 -11 -14 1
2935 1 1 -16 -9 -14
2936 1 1 -6 -13 -11
2937 0 0 6 12 15
2938 1 1 -7 -16 -7
2939 1 0 -16 7 -6
2940 0 1 15 9 -10
2941 0 1 9 15 10
2942 0 0 13 7 -15
2943 1 0 -16 -16 -8
2944 0 1 9 12 15
2945 1 0 -16 12 6
2946 1 1 -6 -3 -13
2947 0 1 15 -11 -15
2948 1 1 -16 -5 12
2949 0 1 7 -12 12
2950 1 1 -16 6 14
2951 1 0 -11 -6 15
2952 1 1 -10 -2 11
2953 0 0 14 -16 -16
2954 1 1 -16 8 -6
2955 0 1 15 5 -6
2956 1 0 -16 -16 10
2957 0 1 15 9 -7
2958 1 0 -4 13 -16
2959 0 0 9 14 6
2960 0 1 15 -11 14
2961 1 1 -16 8 -12
2962 0 0 15 -4 -6
2963 0 1 -2 -3 -2
2964 1 1 -3 10 -3
2965 0 0 15 13 -16
2966 0 0 9 14 -5
2967 1 0 -16 -9 -4
2968 0 1 13 15 -16
2969 0 0 4 -13 -9
2970 1 0 -9 -13 -15
2971 1 0 -9 -16 8
2972 1 0 -16 -16 -3
2973 1 1 -11 -1 -6
2974 1 1 -9 -12 -11
2975 1 0 -2 -16 8
2976 1 1 -15 -8 -3
2977 0 0 12 11 -8
2978 1 1 -16 -6 -14
2979 0 0 -2 -10 -5
2980 1 0 -10 -5 -9
2981 1 1 -3 15 -13
2982 1 1 0 13 8
2983 1 1 -7 15 9
2984 1 1 2 -14 12
2985 1 0 -5 10 14
2986 1 0 -14 -16 -13
2987 1 0 -7 -11 -13
2988 1 0 -8 15 -8
2989 1 1 -14 9 2
2990 1 0 -9 12 -2
2991 0 1 14 4 10
2992 0 0 11 -9 10
2993 0 0 10 -1 9
2994 1 0 -14 10 13
2995 0 1 11 10 -9
2996 0 0 10 14 3
2997 1 1 -11 -15 6
2998 1 1 -11 -7 -5
2999 0 1 10 -15 2
3000 0 1 3 -12 -16
3001 1 1 -5 -1 -11
3002 0 0 15 -16 -12
3003 1 1 -4 10 10
3004 1 1 -15 -13 -14
3005 0 0 15 14 2
3006 0 0 0 1 5
3007 0 0 15 9 8
3008 0 1 4 13 -7
3009 0 1 15 -9 15
3010 0 0 9 -10 15
3011 1 0 -15 0 10
3012 1 1 -14 -7 -13
3013 1 0 -13 -10 3
3014 1 0 -10 15 -16
3015 0 0 6 -5 11
3016 0 0 0 -16 3
3017 0 0 15 -16 -8
3018 0 0 8 7 -16
3019 0 1 10 -2 15
3020 0 0 10 5 5
3021 1 0 -3 -16 5
3022 0 0 11 -16 -6
3023 0 0 14 13 1
3024 1 1 -15 2 -4
3025 1 0 -12 -10 11
3026 0 0 15 0 -16
3027 1 1 -8 -14 -9
3028 1 0 -8 15 13
3029 0 1 11 -2 -16
3030 0 0 15 -16 -9
3031 1 0 -4 12 15
3032 1 1 -16 -3 11
3033 1 0 -16 -16 0
3034 0 1 5 -16 11
3035 1 0 -5 9 -9
3036 1 1 -9 -5 -1
3037 1 1 0 -16 -12
3038 0 0 0 -11 15
3039 1 0 -4 11 5
3040 0 1 15 8 12
3041 0 1 15 13 10
3042 1 0 -11 1 13
3043 1 1 -16 -12 8
3044 1 1 -9 10 1
3045 1 1 6 15 -8
3046 1 1 -16 7 15
3047 0 0 9 5 -1
3048 0 0 15 -8 15
3049 1 1 -16 0 -7
3050 0 0 -1 -8 12
3051 0 0 15 -13 -16
3052 1 1 -14 14 -2
3053 1 1 -2 -15 -16
3054 1 1 -13 -16 -14
3055 0 0 12 -7 11
3056 0 0 11 -16 10
3057 1 1 -5 -16 7
3058 0 1 14 -11 9
3059 1 0 0 9 4
3060 0 0 13 9 -9
3061 1 1 -7 -5 9
3062 1 1 -5 -12 15
3063 0 0 15 -13 -9
3064 0 1 15 -12 -13
3065 1 0 -5 -16 3
3066 0 0 14 -4 6
3067 1 1 -15 5 15
3068 0 0 13 13 -11
3069 1 1 -2 -10 -5
3070 0 0 11 3 12
3071 1 1 -12 12 -10
3072 0 1 15 0 6
3073 0 0 8 -16 10
3074 1 0 -8 6 11
3075 1 0 -13 6 15
3076 1 0 -11 9 11
3077 1 1 -6 -7 -16
3078 1 0 -1 2 15
3079 1 0 -4 -16 -16
3080 0 0 10 15 15
3081 0 1 8 -2 1
3082 0 0 15 4 -16
3083 0 1 5 15 -11
3084 1 0 -6 1 1
3085 1 1 3 15 13
3086 0 0 15 4 15
3087 0 1 14 -9 -16
3088 1 1 -5 6 -3
3089 1 0 -1 15 -16
3090 0 0 14 -8 -9
3091 1 1 -9 -2 -16
3092 1 1 -3 -6 7
3093 1 0 -16 -9 -10
3094 1 0 -16 -5 4
3095 1 1 -16 -14 5
3096 0 0 9 -1 8
3097 0 1 15 15 0
3098 0 1 5 -16 -10
3099 0 1 14 -16 6
3100 1 1 -16 5 2
3101 1 0 -13 -16 -3
3102 1 0 -9 -6 14
3103 0 1 15 -2 -4
3104 0 0 13 -8 -14
3105 1 1 -8 -16 -16
3106 0 1 15 -14 11
3107 1 1 0 9 11
3108 1 0 -10 -12 -5
3109 1 1 -4 -4 -16
3110 1 0 -5 11 -3
3111 1 1 -3 5 -7
3112 1 0 -14 13 -16
3113 0 0 5 15 15
3114 0 1 9 -11 6
3115 0 0 9 0 8
3116 0 0 2 -9 -6
3117 1 0 -13 -11 -10
3118 1 1 -10 15 2
3119 1 1 -16 15 -16
3120 1 1 -16 15 -13
3121 0 0 14 3 -14
3122 1 0 -9 11 -10
3123 0 0 15 -9 15
3124 0 1 6 15 14
3125 1 0 -16 -12 15
3126 0 0 12 -8 0
3127 0 0 5 2 1
3128 0 0 15 -5 -13
3129 1 0 -8 -16 0
3130 1 0 -4 -16 -6
3131 1 0 -13 -7 1
3132 1 1 -16 -13 -9
3133 1 1 -12 -8 2
3134 1 0 -16 -8 7
3135 1 0 -11 -12 14
3136 0 0 15 15 0
3137 0 1 3 11 -16
3138 1 1 -10 15 -12
3139 1 1 -16 7 12
3140 1 0 -5 -9 -8
3141 1 1 -5 14 9
3142 1 0 -16 -2 -12
3143 0 1 15 2 5
3144 1 1 -7 8 15
3145 1 1 -6 -1 15
3146 1 0 -16 0 15
3147 0 0 15 8 14
3148 1 1 -11 -3 11
3149 1 1 -9 -9 11
3150 1 1 -10 15 11
3151 1 1 -16 15 -16
3152 1 0 -16 15 -14
3153 1 0 -15 -12 -3
3154 1 0 -5 4 -16
3155 1 1 -9 -10 -10
3156 0 0 10 15 15
3157 0 1 8 1 -4
3158 0 0 9 11 -16
3159 1 1 -10 -11 -16
3160 1 1 -12 11 2
3161 1 1 -16 0 13
3162 0 1 1 15 15
3163 0 0 15 -9 8
3164 0 1 4 9 15
3165 0 0 2 12 -11
3166 0 0 0 -16 15
3167 0 0 10 -15 12
3168 0 0 9 -16 -5
3169 0 0 12 3 -9
3170 0 0 5 -3 -4
3171 1 0 -16 -4 15
3172 0 0 15 8 -13
3173 1 0 -10 -8 4
3174 1 1 -11 9 -5
3175 1 1 -15 2 7
3176 1 0 -6 -6 1
3177 1 1 0 7 -16
3178 0 0 12 -1 14
3179 0 1 15 -16 12
3180 1 0 -9 12 2
3181 0 0 -3 9 -16
3182 0 1 13 11 11
3183 1 1 -11 -12 15
3184 1 0 -7 -9 -9
3185 0 0 8 -13 12
3186 0 0 14 4 9
3187 0 0 10 8 -4
3188 1 1 -16 3 15
3189 1 0 -7 -13 0
3190 0 0 15 -15 -8
3191 0 0 6 8 -7
3192 0 1 3 -7 -16
3193 0 0 5 6 -16
3194 0 0 15 14 -14
3195 1 0 -9 2 3
3196 1 0 -9 15 -15
3197 1 1 -3 -6 -8
3198 1 0 -5 4 14
3199 0 1 15 11 -3
