# idx_int bit_int post_llr_q hard
0 0 -64 0
1 1 63 1
2 1 63 1
3 0 -64 0
4 1 63 1
5 1 63 1
6 1 63 1
7 0 -64 0
8 1 63 1
9 1 63 1
10 0 -64 0
11 0 -64 0
12 1 63 1
13 1 53 1
14 1 63 1
15 1 63 1
16 0 -64 0
17 0 -64 0
18 1 63 1
19 0 -64 0
20 1 63 1
21 0 -64 0
22 0 -64 0
23 0 -64 0
24 0 -64 0
25 1 63 1
26 1 63 1
27 1 63 1
28 1 63 1
29 0 -64 0
30 0 -64 0
31 1 63 1
32 1 63 1
33 0 -64 0
34 0 -64 0
35 0 -64 0
36 1 63 1
37 1 63 1
38 1 63 1
39 1 63 1
40 1 63 1
41 1 63 1
42 0 -64 0
43 0 -64 0
44 0 -64 0
45 1 63 1
46 1 63 1
47 1 63 1
48 0 -64 0
49 1 63 1
50 0 -64 0
51 1 63 1
52 1 63 1
53 0 -64 0
54 1 63 1
55 1 63 1
56 1 63 1
57 0 -64 0
58 0 -64 0
59 0 -64 0
60 1 63 1
61 0 -64 0
62 1 63 1
63 1 63 1
64 0 -64 0
65 0 -64 0
66 0 -64 0
67 1 63 1
68 0 -64 0
69 1 63 1
70 1 63 1
71 1 63 1
72 0 -64 0
73 1 63 1
74 0 -64 0
75 1 63 1
76 1 63 1
77 0 -64 0
78 1 63 1
79 1 63 1
80 1 63 1
81 1 63 1
82 0 -64 0
83 1 63 1
84 1 63 1
85 1 63 1
86 0 -64 0
87 1 63 1
88 1 63 1
89 0 -64 0
90 0 -64 0
91 1 63 1
92 0 -64 0
93 0 -64 0
94 1 63 1
95 0 -64 0
96 1 63 1
97 1 63 1
98 0 -64 0
99 0 -64 0
100 0 -64 0
101 1 63 1
102 0 -64 0
103 0 -64 0
104 1 63 1
105 1 63 1
106 0 -60 0
107 1 63 1
108 1 63 1
109 1 63 1
110 0 -64 0
111 1 63 1
112 1 63 1
113 0 -64 0
114 1 63 1
115 1 63 1
116 0 -64 0
117 0 -64 0
118 0 -64 0
119 0 -64 0
120 1 63 1
121 1 63 1
122 1 63 1
123 1 63 1
124 1 60 1
125 0 -64 0
126 0 -64 0
127 0 -64 0
128 1 63 1
129 1 63 1
130 1 63 1
131 1 63 1
132 0 -64 0
133 0 -64 0
134 1 63 1
135 1 63 1
136 1 63 1
137 1 63 1
138 0 -64 0
139 1 63 1
140 0 -64 0
141 1 63 1
142 0 -64 0
143 1 63 1
144 1 63 1
145 1 63 1
146 0 -64 0
147 1 63 1
148 1 63 1
149 0 -64 0
150 0 -64 0
151 1 63 1
152 1 63 1
153 0 -64 0
154 1 63 1
155 0 -54 0
156 1 63 1
157 1 63 1
158 0 -64 0
159 0 -64 0
160 1 63 1
161 1 63 1
162 0 -64 0
163 1 63 1
164 1 63 1
165 1 63 1
166 1 63 1
167 1 63 1
168 0 -64 0
169 0 -64 0
170 1 63 1
171 1 63 1
172 0 -64 0
173 0 -64 0
174 0 -64 0
175 1 63 1
176 1 63 1
177 0 -64 0
178 1 63 1
179 1 63 1
180 0 -64 0
181 1 63 1
182 0 -64 0
183 1 63 1
184 0 -64 0
185 1 63 1
186 0 -64 0
187 0 -64 0
188 1 63 1
189 1 63 1
190 0 -64 0
191 1 63 1
192 1 63 1
193 0 -64 0
194 1 63 1
195 0 -64 0
196 1 63 1
197 0 -64 0
198 1 63 1
199 1 63 1
200 0 -64 0
201 1 63 1
202 1 63 1
203 0 -64 0
204 1 63 1
205 1 63 1
206 1 63 1
207 0 -64 0
208 1 63 1
209 1 63 1
210 1 63 1
211 1 63 1
212 0 -64 0
213 0 -64 0
214 0 -64 0
215 0 -64 0
216 0 -64 0
217 0 -64 0
218 1 63 1
219 0 -64 0
220 0 -64 0
221 0 -64 0
222 1 63 1
223 0 -64 0
224 0 -64 0
225 1 63 1
226 1 63 1
227 1 63 1
228 0 -64 0
229 0 -64 0
230 0 -64 0
231 0 -64 0
232 1 63 1
233 1 63 1
234 0 -64 0
235 0 -64 0
236 0 -64 0
237 0 -64 0
238 0 -64 0
239 1 63 1
240 0 -64 0
241 0 -64 0
242 0 -64 0
243 1 63 1
244 1 63 1
245 0 -53 0
246 0 -64 0
247 0 -64 0
248 1 63 1
249 0 -64 0
250 0 -64 0
251 1 63 1
252 0 -64 0
253 1 63 1
254 1 63 1
255 1 63 1
256 1 63 1
257 0 -64 0
258 0 -59 0
259 1 63 1
260 0 -64 0
261 0 -64 0
262 1 63 1
263 1 63 1
264 1 63 1
265 1 63 1
266 0 -64 0
267 1 63 1
268 0 -64 0
269 0 -64 0
270 0 -64 0
271 1 63 1
272 1 63 1
273 0 -64 0
274 0 -64 0
275 1 63 1
276 1 63 1
277 1 63 1
278 0 -64 0
279 0 -64 0
280 0 -64 0
281 1 63 1
282 1 63 1
283 0 -64 0
284 0 -64 0
285 1 63 1
286 1 63 1
287 1 63 1
288 0 -64 0
289 1 63 1
290 0 -64 0
291 0 -64 0
292 1 63 1
293 0 -64 0
294 1 63 1
295 0 -64 0
296 0 -64 0
297 0 -64 0
298 1 63 1
299 0 -64 0
300 0 -64 0
301 0 -64 0
302 1 63 1
303 0 -64 0
304 0 -64 0
305 1 63 1
306 1 63 1
307 0 -64 0
308 0 -64 0
309 1 63 1
310 1 63 1
311 1 63 1
312 0 -58 0
313 1 63 1
314 0 -64 0
315 1 63 1
316 1 63 1
317 0 -64 0
318 1 63 1
319 1 63 1
320 0 -64 0
321 0 -64 0
322 1 63 1
323 0 -64 0
324 1 63 1
325 1 63 1
326 0 -64 0
327 1 63 1
328 1 63 1
329 0 -64 0
330 0 -64 0
331 0 -64 0
332 1 63 1
333 0 -64 0
334 0 -64 0
335 1 63 1
336 0 -64 0
337 1 63 1
338 0 -64 0
339 1 63 1
340 1 63 1
341 1 63 1
342 1 63 1
343 0 -64 0
344 0 -64 0
345 0 -64 0
346 0 -64 0
347 1 63 1
348 0 -64 0
349 1 63 1
350 1 63 1
351 0 -44 0
352 0 -64 0
353 1 63 1
354 1 63 1
355 0 -64 0
356 1 63 1
357 0 -64 0
358 0 -64 0
359 0 -64 0
360 0 -64 0
361 0 -64 0
362 1 63 1
363 0 -64 0
364 0 -64 0
365 0 -64 0
366 1 63 1
367 0 -64 0
368 1 63 1
369 0 -56 0
370 1 63 1
371 1 63 1
372 0 -64 0
373 1 63 1
374 1 63 1
375 0 -64 0
376 1 63 1
377 0 -64 0
378 1 63 1
379 0 -64 0
380 0 -64 0
381 0 -64 0
382 0 -64 0
383 0 -64 0
384 0 -64 0
385 0 -64 0
386 1 63 1
387 0 -64 0
388 0 -64 0
389 0 -64 0
390 0 -64 0
391 0 -64 0
392 1 63 1
393 0 -64 0
394 0 -64 0
395 0 -64 0
396 0 -64 0
397 0 -64 0
398 1 63 1
399 0 -64 0
400 1 38 1
401 1 63 1
402 0 -64 0
403 0 -64 0
404 0 -64 0
405 0 -64 0
406 1 63 1
407 1 63 1
408 0 -64 0
409 1 63 1
410 0 -64 0
411 0 -64 0
412 0 -64 0
413 0 -64 0
414 0 -64 0
415 0 -64 0
416 0 -64 0
417 0 -64 0
418 1 63 1
419 0 -64 0
420 0 -64 0
421 1 63 1
422 0 -64 0
423 0 -64 0
424 0 -64 0
425 1 63 1
426 1 63 1
427 1 63 1
428 0 -64 0
429 1 63 1
430 0 -64 0
431 0 -64 0
432 1 63 1
433 0 -64 0
434 0 -64 0
435 1 63 1
436 0 -64 0
437 0 -64 0
438 0 -64 0
439 1 63 1
440 0 -64 0
441 1 63 1
442 1 63 1
443 0 -64 0
444 0 -64 0
445 1 63 1
446 1 63 1
447 0 -64 0
448 0 -64 0
449 1 63 1
450 1 63 1
451 0 -64 0
452 0 -64 0
453 1 63 1
454 0 -64 0
455 1 63 1
456 0 -64 0
457 0 -64 0
458 0 -64 0
459 1 63 1
460 0 -64 0
461 0 -64 0
462 0 -64 0
463 1 63 1
464 1 63 1
465 1 63 1
466 1 63 1
467 0 -64 0
468 1 63 1
469 1 63 1
470 0 -64 0
471 1 63 1
472 0 -64 0
473 1 63 1
474 1 63 1
475 0 -64 0
476 1 63 1
477 0 -64 0
478 0 -64 0
479 1 63 1
480 0 -64 0
481 1 63 1
482 1 63 1
483 0 -64 0
484 0 -64 0
485 1 63 1
486 0 -64 0
487 1 63 1
488 0 -64 0
489 0 -64 0
490 1 63 1
491 0 -64 0
492 1 63 1
493 1 63 1
494 1 63 1
495 0 -64 0
496 0 -64 0
497 0 -64 0
498 1 63 1
499 0 -64 0
500 1 63 1
501 0 -64 0
502 0 -64 0
503 0 -64 0
504 0 -64 0
505 0 -64 0
506 0 -38 0
507 0 -64 0
508 1 63 1
509 0 -64 0
510 0 -64 0
511 0 -64 0
512 1 63 1
513 0 -64 0
514 0 -64 0
515 0 -64 0
516 1 63 1
517 0 -64 0
518 1 63 1
519 1 63 1
520 0 -64 0
521 0 -64 0
522 1 63 1
523 0 -64 0
524 1 57 1
525 1 63 1
526 0 -64 0
527 1 63 1
528 1 63 1
529 1 63 1
530 0 -64 0
531 0 -64 0
532 1 63 1
533 1 63 1
534 1 63 1
535 1 63 1
536 1 63 1
537 1 63 1
538 1 63 1
539 1 63 1
540 0 -64 0
541 1 63 1
542 1 63 1
543 0 -64 0
544 1 63 1
545 1 63 1
546 0 -64 0
547 1 63 1
548 0 -64 0
549 0 -64 0
550 0 -64 0
551 1 63 1
552 1 63 1
553 0 -64 0
554 1 63 1
555 1 57 1
556 1 63 1
557 0 -64 0
558 1 63 1
559 0 -64 0
560 1 63 1
561 0 -64 0
562 1 63 1
563 0 -64 0
564 1 63 1
565 0 -64 0
566 0 -64 0
567 1 63 1
568 0 -64 0
569 0 -64 0
570 0 -64 0
571 1 63 1
572 1 63 1
573 0 -64 0
574 1 63 1
575 1 63 1
576 0 -64 0
577 1 63 1
578 1 63 1
579 0 -64 0
580 0 -64 0
581 0 -64 0
582 1 63 1
583 1 63 1
584 1 63 1
585 0 -64 0
586 0 -64 0
587 1 63 1
588 0 -64 0
589 1 63 1
590 0 -64 0
591 0 -64 0
592 0 -64 0
593 1 63 1
594 0 -64 0
595 0 -64 0
596 0 -63 0
597 0 -64 0
598 1 63 1
599 1 63 1
600 0 -64 0
601 1 63 1
602 0 -64 0
603 1 63 1
604 0 -64 0
605 0 -64 0
606 0 -64 0
607 1 63 1
608 0 -64 0
609 1 63 1
610 0 -64 0
611 0 -64 0
612 0 -64 0
613 1 63 1
614 0 -64 0
615 0 -64 0
616 0 -64 0
617 0 -64 0
618 1 63 1
619 0 -64 0
620 0 -64 0
621 1 63 1
622 1 61 1
623 0 -64 0
624 0 -64 0
625 1 63 1
626 1 63 1
627 0 -64 0
628 0 -64 0
629 0 -64 0
630 0 -64 0
631 0 -64 0
632 1 63 1
633 0 -64 0
634 0 -64 0
635 0 -64 0
636 0 -64 0
637 1 63 1
638 0 -64 0
639 0 -64 0
640 1 63 1
641 1 63 1
642 0 -64 0
643 1 63 1
644 0 -64 0
645 1 53 1
646 0 -64 0
647 1 63 1
648 0 -64 0
649 1 63 1
650 0 -64 0
651 1 63 1
652 0 -64 0
653 1 63 1
654 1 63 1
655 0 -64 0
656 0 -64 0
657 0 -64 0
658 0 9 1
659 1 63 1
660 0 -64 0
661 1 63 1
662 0 -64 0
663 0 -64 0
664 1 63 1
665 0 -64 0
666 1 63 1
667 0 -64 0
668 1 63 1
669 1 63 1
670 1 63 1
671 1 63 1
672 0 -64 0
673 0 -64 0
674 0 -64 0
675 0 -64 0
676 1 63 1
677 1 63 1
678 1 63 1
679 0 -64 0
680 1 63 1
681 0 -64 0
682 1 63 1
683 1 63 1
684 1 63 1
685 0 -64 0
686 0 -64 0
687 0 -64 0
688 0 -64 0
689 1 63 1
690 0 -64 0
691 0 -64 0
692 0 -64 0
693 1 63 1
694 0 -64 0
695 1 63 1
696 1 63 1
697 1 63 1
698 1 63 1
699 0 -64 0
700 1 63 1
701 0 -64 0
702 1 63 1
703 0 -64 0
704 1 63 1
705 1 63 1
706 0 -64 0
707 1 63 1
708 1 63 1
709 1 63 1
710 0 -64 0
711 0 -64 0
712 0 -64 0
713 1 63 1
714 1 63 1
715 0 -64 0
716 1 63 1
717 0 -64 0
718 1 63 1
719 0 -64 0
720 1 63 1
721 1 63 1
722 0 -64 0
723 0 -64 0
724 0 -64 0
725 1 63 1
726 1 63 1
727 1 63 1
728 0 -64 0
729 1 63 1
730 0 -64 0
731 1 63 1
732 0 -64 0
733 0 -64 0
734 1 63 1
735 1 63 1
736 1 63 1
737 1 63 1
738 0 -64 0
739 0 -64 0
740 1 63 1
741 1 63 1
742 1 63 1
743 0 -64 0
744 1 63 1
745 0 -64 0
746 1 63 1
747 1 63 1
748 1 63 1
749 1 63 1
750 1 63 1
751 0 -55 0
752 1 63 1
753 1 63 1
754 1 63 1
755 0 -64 0
756 1 63 1
757 1 63 1
758 1 63 1
759 1 63 1
760 0 -64 0
761 0 -64 0
762 0 -64 0
763 1 63 1
764 0 -64 0
765 0 -64 0
766 1 63 1
767 0 -64 0
768 0 -64 0
769 0 -48 0
770 1 63 1
771 1 63 1
772 0 -64 0
773 0 -64 0
774 0 -64 0
775 0 -64 0
776 0 -64 0
777 1 63 1
778 1 63 1
779 0 -64 0
780 0 -64 0
781 0 -64 0
782 0 -64 0
783 0 -64 0
784 0 -64 0
785 1 63 1
786 0 -64 0
787 1 63 1
788 1 63 1
789 0 -64 0
790 0 -64 0
791 1 63 1
792 0 -64 0
793 0 -64 0
794 1 63 1
795 0 -64 0
796 1 63 1
797 1 63 1
798 1 63 1
799 1 63 1
800 1 39 1
801 0 -64 0
802 1 63 1
803 0 -64 0
804 0 -64 0
805 0 -64 0
806 1 63 1
807 1 63 1
808 1 63 1
809 0 -64 0
810 0 -64 0
811 1 63 1
812 1 63 1
813 1 52 1
814 1 63 1
815 0 -64 0
816 1 63 1
817 0 -64 0
818 0 -64 0
819 1 63 1
820 1 63 1
821 1 63 1
822 1 63 1
823 0 -64 0
824 0 -64 0
825 1 63 1
826 1 63 1
827 1 63 1
828 1 63 1
829 0 -64 0
830 0 -64 0
831 1 63 1
832 0 -64 0
833 1 63 1
834 1 63 1
835 1 63 1
836 1 63 1
837 0 -64 0
838 1 63 1
839 1 63 1
840 0 -64 0
841 1 63 1
842 1 63 1
843 1 63 1
844 1 63 1
845 0 -64 0
846 0 -64 0
847 0 -64 0
848 0 -64 0
849 1 63 1
850 1 63 1
851 0 -64 0
852 1 63 1
853 0 -64 0
854 1 63 1
855 1 63 1
856 0 -64 0
857 0 -64 0
858 0 -64 0
859 1 63 1
860 1 63 1
861 1 63 1
862 0 -64 0
863 1 63 1
864 0 -64 0
865 1 63 1
866 1 63 1
867 0 -64 0
868 1 63 1
869 0 -64 0
870 0 -64 0
871 0 -64 0
872 1 63 1
873 0 -64 0
874 1 63 1
875 0 -64 0
876 0 -64 0
877 1 63 1
878 1 63 1
879 1 63 1
880 0 -64 0
881 1 63 1
882 0 -64 0
883 1 63 1
884 1 63 1
885 0 -64 0
886 0 -64 0
887 1 63 1
888 1 63 1
889 0 -64 0
890 1 63 1
891 1 63 1
892 0 -64 0
893 0 -64 0
894 1 63 1
895 1 63 1
896 0 -64 0
897 0 -64 0
898 1 63 1
899 0 -64 0
900 0 -64 0
901 0 -64 0
902 0 -64 0
903 0 -64 0
904 1 63 1
905 0 -64 0
906 0 -62 0
907 0 -64 0
908 1 63 1
909 0 -64 0
910 1 63 1
911 1 63 1
912 0 -64 0
913 0 -64 0
914 1 63 1
915 1 63 1
916 0 -64 0
917 0 -64 0
918 0 -64 0
919 1 63 1
920 1 63 1
921 1 63 1
922 0 -64 0
923 0 -64 0
924 1 61 1
925 1 63 1
926 0 -64 0
927 1 63 1
928 0 -64 0
929 1 63 1
930 0 -64 0
931 0 -64 0
932 0 -64 0
933 1 63 1
934 0 -64 0
935 1 63 1
936 0 -64 0
937 1 63 1
938 0 -64 0
939 0 -64 0
940 0 -64 0
941 1 63 1
942 1 63 1
943 1 62 1
944 1 63 1
945 1 63 1
946 0 -64 0
947 0 -64 0
948 0 -64 0
949 0 -64 0
950 1 63 1
951 1 63 1
952 0 -64 0
953 1 63 1
954 1 63 1
955 1 63 1
956 1 63 1
957 0 -64 0
958 0 -64 0
959 1 63 1
960 0 -64 0
961 1 63 1
962 0 -64 0
963 1 63 1
964 1 63 1
965 1 63 1
966 0 -64 0
967 0 -64 0
968 0 -64 0
969 0 -64 0
970 1 63 1
971 0 -64 0
972 0 -64 0
973 0 -64 0
974 0 -64 0
975 1 63 1
976 0 -64 0
977 1 63 1
978 0 -64 0
979 1 63 1
980 1 63 1
981 0 -64 0
982 1 63 1
983 1 63 1
984 1 63 1
985 1 63 1
986 0 -64 0
987 0 -64 0
988 0 -64 0
989 1 63 1
990 1 63 1
991 1 63 1
992 0 -64 0
993 1 63 1
994 0 -64 0
995 1 63 1
996 0 -47 0
997 0 -64 0
998 1 63 1
999 1 63 1
1000 0 -64 0
1001 0 -64 0
1002 1 63 1
1003 0 -64 0
1004 1 63 1
1005 0 -64 0
1006 0 -64 0
1007 1 63 1
1008 1 63 1
1009 0 -64 0
1010 0 -64 0
1011 0 -64 0
1012 1 63 1
1013 0 -64 0
1014 0 -64 0
1015 1 63 1
1016 0 -64 0
1017 0 -64 0
1018 1 63 1
1019 0 -64 0
1020 0 -64 0
1021 0 -64 0
1022 0 19 1
1023 1 63 1
1024 1 63 1
1025 0 -64 0
1026 1 63 1
1027 1 63 1
1028 1 63 1
1029 1 63 1
1030 0 -64 0
1031 1 63 1
1032 0 -64 0
1033 1 63 1
1034 0 -64 0
1035 0 -64 0
1036 0 -64 0
1037 0 -64 0
1038 1 63 1
1039 1 63 1
1040 1 63 1
1041 0 -64 0
1042 0 -64 0
1043 1 63 1
1044 0 -64 0
1045 0 -61 0
1046 1 63 1
1047 1 63 1
1048 0 -64 0
1049 1 63 1
1050 1 63 1
1051 1 63 1
1052 1 63 1
1053 0 -64 0
1054 0 -64 0
1055 1 63 1
1056 1 63 1
1057 1 63 1
1058 1 63 1
1059 1 63 1
1060 1 63 1
1061 1 63 1
1062 0 -64 0
1063 1 63 1
1064 0 -64 0
1065 1 63 1
1066 0 -64 0
1067 1 63 1
1068 1 63 1
1069 1 63 1
1070 1 63 1
1071 1 63 1
1072 1 63 1
1073 1 63 1
1074 1 63 1
1075 1 63 1
1076 0 -64 0
1077 0 -64 0
1078 1 63 1
1079 1 62 1
1080 1 63 1
1081 0 -64 0
1082 0 -64 0
1083 1 63 1
1084 0 -64 0
1085 0 -64 0
1086 0 -64 0
1087 1 63 1
1088 0 -64 0
1089 0 -64 0
1090 0 -64 0
1091 0 -64 0
1092 0 -64 0
1093 0 -64 0
1094 1 63 1
1095 1 63 1
1096 1 63 1
1097 0 -64 0
1098 0 -64 0
1099 1 63 1
1100 1 63 1
1101 1 63 1
1102 1 63 1
1103 0 -64 0
1104 0 -64 0
1105 0 -64 0
1106 0 -64 0
1107 1 63 1
1108 0 -64 0
1109 0 -64 0
1110 0 -64 0
1111 0 -64 0
1112 0 -64 0
1113 0 -64 0
1114 0 -64 0
1115 1 63 1
1116 0 -64 0
1117 0 -64 0
1118 1 63 1
1119 1 63 1
1120 0 -64 0
1121 1 63 1
1122 1 63 1
1123 1 63 1
1124 1 63 1
1125 1 63 1
1126 1 63 1
1127 0 -64 0
1128 0 -64 0
1129 0 -64 0
1130 1 63 1
1131 1 63 1
1132 0 -64 0
1133 0 -64 0
1134 1 63 1
1135 1 63 1
1136 1 63 1
1137 0 -64 0
1138 0 -64 0
1139 0 -64 0
1140 0 -64 0
1141 1 63 1
1142 0 -64 0
1143 1 63 1
1144 1 63 1
1145 0 -64 0
1146 0 -64 0
1147 0 -64 0
1148 1 63 1
1149 0 -64 0
1150 0 -64 0
1151 1 63 1
1152 0 -64 0
1153 1 63 1
1154 0 -64 0
1155 0 -64 0
1156 1 63 1
1157 1 63 1
1158 1 63 1
1159 0 -64 0
1160 1 63 1
1161 1 63 1
1162 0 -64 0
1163 0 -64 0
1164 1 63 1
1165 1 63 1
1166 1 63 1
1167 0 -64 0
1168 0 -64 0
1169 1 43 1
1170 0 -64 0
1171 1 63 1
1172 1 63 1
1173 1 63 1
1174 0 -64 0
1175 0 -64 0
1176 1 63 1
1177 0 -64 0
1178 1 63 1
1179 1 63 1
1180 1 63 1
1181 1 63 1
1182 0 -64 0
1183 1 63 1
1184 1 63 1
1185 1 63 1
1186 1 63 1
1187 1 63 1
1188 1 63 1
1189 1 63 1
1190 0 -64 0
1191 1 63 1
1192 0 -64 0
1193 1 63 1
1194 1 63 1
1195 0 -64 0
1196 1 63 1
1197 0 -64 0
1198 1 63 1
1199 1 63 1
1200 0 1 1
1201 1 63 1
1202 0 -64 0
1203 1 63 1
1204 1 63 1
1205 0 -64 0
1206 1 63 1
1207 0 -64 0
1208 0 -64 0
1209 1 63 1
1210 0 -64 0
1211 0 -64 0
1212 1 63 1
1213 1 38 1
1214 0 -64 0
1215 1 63 1
1216 1 63 1
1217 1 63 1
1218 0 -64 0
1219 1 63 1
1220 0 -64 0
1221 0 -64 0
1222 1 63 1
1223 1 63 1
1224 1 63 1
1225 0 -64 0
1226 0 -64 0
1227 1 63 1
1228 1 63 1
1229 1 63 1
1230 1 63 1
1231 1 63 1
1232 1 63 1
1233 0 -64 0
1234 0 -64 0
1235 1 63 1
1236 1 63 1
1237 1 63 1
1238 1 63 1
1239 1 63 1
1240 0 -64 0
1241 0 -64 0
1242 0 -64 0
1243 0 -64 0
1244 0 -64 0
1245 0 -64 0
1246 1 63 1
1247 0 -64 0
1248 1 63 1
1249 1 63 1
1250 0 -64 0
1251 0 -64 0
1252 1 63 1
1253 0 -64 0
1254 1 63 1
1255 1 63 1
1256 1 63 1
1257 1 63 1
1258 1 63 1
1259 1 63 1
1260 0 -64 0
1261 1 63 1
1262 1 63 1
1263 0 -64 0
1264 0 -64 0
1265 1 63 1
1266 1 63 1
1267 0 -53 0
1268 0 -64 0
1269 0 -64 0
1270 0 -64 0
1271 1 63 1
1272 1 63 1
1273 0 -64 0
1274 1 63 1
1275 0 -64 0
1276 0 -64 0
1277 1 63 1
1278 0 -64 0
1279 0 -64 0
1280 1 63 1
1281 1 63 1
1282 1 63 1
1283 1 63 1
1284 0 -64 0
1285 0 -64 0
1286 0 -64 0
1287 0 -64 0
1288 1 63 1
1289 1 63 1
1290 1 63 1
1291 0 -64 0
1292 1 63 1
1293 1 63 1
1294 0 -64 0
1295 1 63 1
1296 1 63 1
1297 0 -64 0
1298 0 -64 0
1299 1 63 1
1300 1 63 1
1301 0 -64 0
1302 1 63 1
1303 0 -64 0
1304 0 -64 0
1305 1 63 1
1306 0 -64 0
1307 1 63 1
1308 0 -64 0
1309 0 -64 0
1310 0 -64 0
1311 1 63 1
1312 1 63 1
1313 0 -64 0
1314 0 -64 0
1315 0 -63 0
1316 1 63 1
1317 1 63 1
1318 1 63 1
1319 0 -64 0
1320 0 -64 0
1321 1 63 1
1322 1 63 1
1323 1 63 1
1324 1 41 1
1325 1 63 1
1326 1 63 1
1327 1 63 1
1328 0 -64 0
1329 0 -64 0
1330 1 63 1
1331 1 63 1
1332 0 -64 0
1333 1 63 1
1334 0 -64 0
1335 0 -64 0
1336 1 63 1
1337 0 -64 0
1338 1 63 1
1339 0 -64 0
1340 1 63 1
1341 0 -64 0
1342 0 -64 0
1343 1 63 1
1344 0 -64 0
1345 0 -64 0
1346 0 -64 0
1347 0 -64 0
1348 1 63 1
1349 1 63 1
1350 1 63 1
1351 1 63 1
1352 0 -64 0
1353 0 -64 0
1354 0 -64 0
1355 1 61 1
1356 1 63 1
1357 1 63 1
1358 1 63 1
1359 0 -64 0
1360 1 63 1
1361 0 -64 0
1362 1 63 1
1363 1 63 1
1364 1 63 1
1365 1 63 1
1366 1 63 1
1367 0 -64 0
1368 0 -64 0
1369 1 63 1
1370 1 63 1
1371 0 -64 0
1372 1 63 1
1373 0 -64 0
1374 0 -64 0
1375 1 63 1
1376 1 63 1
1377 1 63 1
1378 0 -64 0
1379 1 63 1
1380 0 -64 0
1381 1 63 1
1382 0 -64 0
1383 0 -64 0
1384 0 -64 0
1385 1 63 1
1386 0 -64 0
1387 1 63 1
1388 1 63 1
1389 1 63 1
1390 1 63 1
1391 1 63 1
1392 1 63 1
1393 1 63 1
1394 1 63 1
1395 0 -64 0
1396 0 -38 0
1397 1 63 1
1398 1 63 1
1399 0 -64 0
1400 1 63 1
1401 0 -64 0
1402 1 63 1
1403 0 -64 0
1404 0 -64 0
1405 1 63 1
1406 1 63 1
1407 1 63 1
1408 0 -64 0
1409 1 63 1
1410 0 -64 0
1411 0 -64 0
1412 1 63 1
1413 0 -64 0
1414 1 60 1
1415 1 63 1
1416 1 63 1
1417 1 63 1
1418 1 63 1
1419 0 -64 0
1420 1 63 1
1421 1 63 1
1422 0 -54 0
1423 0 -64 0
1424 1 63 1
1425 1 63 1
1426 0 -64 0
1427 0 -64 0
1428 1 63 1
1429 0 -64 0
1430 1 63 1
1431 0 -64 0
1432 1 63 1
1433 1 63 1
1434 1 63 1
1435 0 -64 0
1436 0 -64 0
1437 1 63 1
1438 1 63 1
1439 0 -64 0
1440 0 -64 0
1441 1 63 1
1442 1 63 1
1443 1 63 1
1444 0 -64 0
1445 1 63 1
1446 0 -64 0
1447 0 -64 0
1448 0 -64 0
1449 1 63 1
1450 0 -64 0
1451 0 -64 0
1452 1 63 1
1453 0 -64 0
1454 1 63 1
1455 1 63 1
1456 0 -64 0
1457 0 -64 0
1458 1 52 1
1459 1 63 1
1460 0 -64 0
1461 1 63 1
1462 1 63 1
1463 1 63 1
1464 1 63 1
1465 1 63 1
1466 1 63 1
1467 1 63 1
1468 1 63 1
1469 0 -64 0
1470 0 -64 0
1471 0 -64 0
1472 1 63 1
1473 0 -64 0
1474 1 63 1
1475 0 -64 0
1476 1 63 1
1477 1 63 1
1478 1 63 1
1479 0 -64 0
1480 0 -64 0
1481 0 -64 0
1482 0 -64 0
1483 0 -64 0
1484 0 -64 0
1485 0 -64 0
1486 0 -64 0
1487 1 63 1
1488 1 63 1
1489 1 63 1
1490 0 -64 0
1491 0 -64 0
1492 0 -64 0
1493 1 63 1
1494 1 63 1
1495 1 63 1
1496 0 -64 0
1497 1 63 1
1498 0 -64 0
1499 1 63 1
1500 0 -64 0
1501 1 63 1
1502 1 63 1
1503 1 63 1
1504 1 63 1
1505 1 63 1
1506 0 -64 0
1507 1 63 1
1508 1 63 1
1509 1 63 1
1510 0 -64 0
1511 0 -64 0
1512 0 -64 0
1513 1 63 1
1514 0 -64 0
1515 0 -64 0
1516 1 63 1
1517 0 -64 0
1518 0 -64 0
1519 1 63 1
1520 1 63 1
1521 1 63 1
1522 1 63 1
1523 1 63 1
1524 1 63 1
1525 1 63 1
1526 1 63 1
1527 1 63 1
1528 0 -64 0
1529 0 -64 0
1530 0 -64 0
1531 0 -64 0
1532 1 63 1
1533 1 63 1
1534 0 -64 0
1535 0 -64 0
1536 0 -64 0
1537 0 -64 0
1538 0 -64 0
1539 0 -64 0
1540 1 63 1
1541 1 63 1
1542 1 63 1
1543 1 63 1
1544 0 -64 0
1545 0 -64 0
1546 1 63 1
1547 0 -64 0
1548 1 63 1
1549 0 -64 0
1550 1 63 1
1551 0 -41 0
1552 1 63 1
1553 1 63 1
1554 1 63 1
1555 1 63 1
1556 1 63 1
1557 1 63 1
1558 0 -64 0
1559 0 -64 0
1560 0 -64 0
1561 1 63 1
1562 0 -64 0
1563 0 -64 0
1564 0 -64 0
1565 0 -64 0
1566 1 63 1
1567 1 63 1
1568 1 63 1
1569 1 37 1
1570 0 -64 0
1571 0 -64 0
1572 0 -64 0
1573 1 63 1
1574 0 -64 0
1575 0 -64 0
1576 1 63 1
1577 1 63 1
1578 1 63 1
1579 0 -64 0
1580 1 63 1
1581 0 -64 0
1582 1 63 1
1583 0 -64 0
1584 0 -64 0
1585 1 63 1
1586 0 -64 0
1587 1 63 1
1588 1 63 1
1589 0 -64 0
1590 0 -64 0
1591 0 -64 0
1592 0 -64 0
1593 1 63 1
1594 1 63 1
1595 0 -64 0
1596 0 -64 0
1597 1 63 1
1598 1 63 1
1599 1 63 1
1600 1 -23 0
1601 0 -64 0
1602 1 63 1
1603 1 63 1
1604 0 -64 0
1605 1 63 1
1606 1 63 1
1607 1 63 1
1608 0 -64 0
1609 0 -64 0
1610 1 63 1
1611 1 63 1
1612 0 -64 0
1613 1 63 1
1614 1 63 1
1615 1 63 1
1616 1 63 1
1617 0 -64 0
1618 1 63 1
1619 0 -64 0
1620 1 63 1
1621 1 63 1
1622 0 -64 0
1623 0 -64 0
1624 1 63 1
1625 0 -64 0
1626 0 -64 0
1627 0 -64 0
1628 1 63 1
1629 0 -64 0
1630 0 -64 0
1631 0 -64 0
1632 1 63 1
1633 0 -64 0
1634 1 63 1
1635 0 -64 0
1636 1 63 1
1637 1 63 1
1638 0 -64 0
1639 0 -64 0
1640 1 63 1
1641 0 -64 0
1642 0 -64 0
1643 0 -64 0
1644 1 63 1
1645 0 -64 0
1646 1 63 1
1647 1 63 1
1648 1 63 1
1649 1 63 1
1650 0 -64 0
1651 0 -64 0
1652 0 -64 0
1653 1 63 1
1654 0 -64 0
1655 1 63 1
1656 1 63 1
1657 1 63 1
1658 0 -64 0
1659 0 -64 0
1660 0 -64 0
1661 0 -64 0
1662 1 63 1
1663 0 -64 0
1664 0 -64 0
1665 1 63 1
1666 0 -64 0
1667 0 -54 0
1668 1 63 1
1669 0 -64 0
1670 0 -64 0
1671 0 -64 0
1672 0 -64 0
1673 1 63 1
1674 0 -64 0
1675 1 63 1
1676 1 63 1
1677 1 63 1
1678 1 63 1
1679 0 -64 0
1680 0 -64 0
1681 1 63 1
1682 0 -64 0
1683 0 -64 0
1684 0 -64 0
1685 0 -64 0
1686 0 -64 0
1687 1 63 1
1688 1 63 1
1689 1 63 1
1690 0 -64 0
1691 1 63 1
1692 0 -63 0
1693 1 63 1
1694 1 63 1
1695 0 -64 0
1696 1 63 1
1697 1 63 1
1698 0 -64 0
1699 0 -64 0
1700 1 63 1
1701 1 63 1
1702 0 -64 0
1703 0 -64 0
1704 0 -64 0
1705 0 -64 0
1706 1 58 1
1707 1 63 1
1708 1 63 1
1709 0 -64 0
1710 1 63 1
1711 0 -64 0
1712 0 -64 0
1713 0 -64 0
1714 0 -64 0
1715 0 -64 0
1716 1 63 1
1717 0 -64 0
1718 0 -64 0
1719 1 63 1
1720 0 -64 0
1721 1 63 1
1722 0 -64 0
1723 0 -64 0
1724 0 -64 0
1725 0 -64 0
1726 1 63 1
1727 0 -64 0
1728 1 63 1
1729 1 63 1
1730 0 -64 0
1731 1 63 1
1732 0 -64 0
1733 1 63 1
1734 1 63 1
1735 1 63 1
1736 0 -64 0
1737 1 63 1
1738 0 -64 0
1739 1 63 1
1740 1 63 1
1741 0 -64 0
1742 1 63 1
1743 1 63 1
1744 1 63 1
1745 1 63 1
1746 1 63 1
1747 0 -64 0
1748 1 63 1
1749 1 63 1
1750 0 -64 0
1751 1 63 1
1752 1 63 1
1753 1 63 1
1754 0 -64 0
1755 0 -64 0
1756 1 63 1
1757 1 63 1
1758 1 63 1
1759 0 -64 0
1760 1 63 1
1761 1 63 1
1762 1 63 1
1763 0 -64 0
1764 0 -64 0
1765 0 -64 0
1766 0 -64 0
1767 0 -64 0
1768 0 -64 0
1769 0 -64 0
1770 0 -64 0
1771 1 63 1
1772 0 -64 0
1773 0 -64 0
1774 0 -64 0
1775 0 -64 0
1776 0 -64 0
1777 0 -64 0
1778 1 63 1
1779 0 -64 0
1780 1 63 1
1781 1 63 1
1782 1 63 1
1783 0 -64 0
1784 0 -64 0
1785 1 63 1
1786 0 -64 0
1787 0 -64 0
1788 1 63 1
1789 1 63 1
1790 1 63 1
1791 0 -64 0
1792 0 -64 0
1793 0 -64 0
1794 1 63 1
1795 1 63 1
1796 1 62 1
1797 1 63 1
1798 1 63 1
1799 0 -64 0
1800 1 63 1
1801 1 63 1
1802 1 63 1
1803 0 -64 0
1804 0 -64 0
1805 0 -64 0
1806 0 -64 0
1807 0 -64 0
1808 0 -64 0
1809 1 63 1
1810 1 63 1
1811 1 63 1
1812 0 -64 0
1813 1 63 1
1814 1 63 1
1815 0 -64 0
1816 1 63 1
1817 0 -64 0
1818 0 -64 0
1819 0 -64 0
1820 0 -64 0
1821 0 -64 0
1822 1 40 1
1823 0 -64 0
1824 0 -64 0
1825 0 -64 0
1826 0 -64 0
1827 0 -64 0
1828 0 -64 0
1829 1 63 1
1830 1 63 1
1831 0 -64 0
1832 1 63 1
1833 0 -64 0
1834 1 63 1
1835 1 63 1
1836 0 -64 0
1837 1 63 1
1838 1 63 1
1839 0 -64 0
1840 0 -64 0
1841 0 -64 0
1842 0 -64 0
1843 0 -64 0
1844 0 -64 0
1845 1 59 1
1846 1 63 1
1847 0 -64 0
1848 1 63 1
1849 1 63 1
1850 0 -64 0
1851 1 63 1
1852 1 63 1
1853 1 63 1
1854 1 63 1
1855 0 -64 0
1856 0 -64 0
1857 1 63 1
1858 0 -46 0
1859 0 -64 0
1860 0 -64 0
1861 1 63 1
1862 1 63 1
1863 0 -64 0
1864 0 -64 0
1865 0 -64 0
1866 0 -64 0
1867 1 63 1
1868 0 -64 0
1869 1 63 1
1870 0 -64 0
1871 0 -64 0
1872 1 63 1
1873 0 -64 0
1874 0 -64 0
1875 1 63 1
1876 0 -64 0
1877 0 -64 0
1878 0 -64 0
1879 1 63 1
1880 1 63 1
1881 1 63 1
1882 1 63 1
1883 1 63 1
1884 0 -64 0
1885 1 63 1
1886 0 -64 0
1887 1 63 1
1888 0 -64 0
1889 1 63 1
1890 1 63 1
1891 0 -64 0
1892 1 63 1
1893 0 -64 0
1894 0 -64 0
1895 1 63 1
1896 0 -64 0
1897 1 63 1
1898 0 -64 0
1899 0 -64 0
1900 0 -64 0
1901 1 63 1
1902 0 -64 0
1903 0 -64 0
1904 1 63 1
1905 0 -64 0
1906 0 -64 0
1907 1 63 1
1908 1 63 1
1909 1 63 1
1910 0 -64 0
1911 1 63 1
1912 0 -64 0
1913 1 63 1
1914 0 -64 0
1915 0 -64 0
1916 1 63 1
1917 0 -64 0
1918 1 63 1
1919 1 63 1
1920 0 -64 0
1921 0 -64 0
1922 1 63 1
1923 1 63 1
1924 1 63 1
1925 1 63 1
1926 0 -64 0
1927 0 -64 0
1928 1 63 1
1929 1 63 1
1930 1 63 1
1931 1 63 1
1932 1 63 1
1933 1 63 1
1934 1 63 1
1935 0 -64 0
1936 1 63 1
1937 1 63 1
1938 0 -64 0
1939 0 -64 0
1940 0 -64 0
1941 0 -64 0
1942 0 -64 0
1943 1 63 1
1944 0 -64 0
1945 1 63 1
1946 0 -64 0
1947 0 -64 0
1948 1 63 1
1949 0 -64 0
1950 1 63 1
1951 0 45 1
1952 1 63 1
1953 0 -64 0
1954 0 -64 0
1955 0 -64 0
1956 0 -64 0
1957 0 -64 0
1958 1 63 1
1959 0 -64 0
1960 1 63 1
1961 1 63 1
1962 1 63 1
1963 1 63 1
1964 0 -64 0
1965 0 -64 0
1966 0 -64 0
1967 1 63 1
1968 0 -64 0
1969 1 57 1
1970 0 -64 0
1971 1 63 1
1972 0 -64 0
1973 0 -64 0
1974 0 -64 0
1975 1 63 1
1976 0 -64 0
1977 1 63 1
1978 0 -64 0
1979 0 -64 0
1980 1 63 1
1981 1 63 1
1982 1 63 1
1983 0 -64 0
1984 1 63 1
1985 0 -64 0
1986 1 63 1
1987 0 -64 0
1988 1 63 1
1989 1 63 1
1990 1 63 1
1991 0 -64 0
1992 0 -64 0
1993 0 -64 0
1994 0 -64 0
1995 0 -64 0
1996 1 63 1
1997 1 63 1
1998 0 -64 0
1999 1 63 1
2000 1 35 1
2001 1 63 1
2002 1 63 1
2003 1 63 1
2004 1 63 1
2005 1 63 1
2006 1 63 1
2007 0 -64 0
2008 1 63 1
2009 0 -64 0
2010 0 -64 0
2011 1 63 1
2012 1 63 1
2013 0 -45 0
2014 0 -64 0
2015 1 63 1
2016 0 -64 0
2017 0 -64 0
2018 0 -64 0
2019 1 63 1
2020 1 63 1
2021 0 -64 0
2022 1 63 1
2023 1 63 1
2024 0 -64 0
2025 1 63 1
2026 0 -64 0
2027 0 -64 0
2028 1 63 1
2029 0 -64 0
2030 0 -64 0
2031 0 -64 0
2032 1 63 1
2033 0 -64 0
2034 1 63 1
2035 1 63 1
2036 1 63 1
2037 1 63 1
2038 0 -64 0
2039 1 63 1
2040 1 63 1
2041 1 63 1
2042 1 63 1
2043 0 -64 0
2044 0 -64 0
2045 0 -64 0
2046 0 -64 0
2047 0 -64 0
2048 1 63 1
2049 1 63 1
2050 1 63 1
2051 0 -64 0
2052 1 63 1
2053 1 63 1
2054 0 -64 0
2055 1 63 1
2056 1 63 1
2057 1 63 1
2058 0 -64 0
2059 0 -64 0
2060 1 63 1
2061 1 63 1
2062 0 -64 0
2063 0 -64 0
2064 1 63 1
2065 0 -64 0
2066 0 -64 0
2067 0 -64 0
2068 0 -64 0
2069 1 63 1
2070 1 63 1
2071 0 -64 0
2072 0 -64 0
2073 1 63 1
2074 0 -64 0
2075 0 -64 0
2076 1 63 1
2077 0 -64 0
2078 1 63 1
2079 1 63 1
2080 0 -64 0
2081 1 63 1
2082 1 63 1
2083 1 63 1
2084 0 -64 0
2085 1 63 1
2086 0 -64 0
2087 1 63 1
2088 0 -64 0
2089 0 -64 0
2090 0 -64 0
2091 0 -64 0
2092 1 63 1
2093 0 -64 0
2094 0 -64 0
2095 0 -64 0
2096 0 -64 0
2097 0 -64 0
2098 0 -64 0
2099 1 63 1
2100 1 63 1
2101 0 -64 0
2102 0 -64 0
2103 1 63 1
2104 1 63 1
2105 0 -64 0
2106 1 57 1
2107 0 -64 0
2108 1 63 1
2109 1 63 1
2110 0 -64 0
2111 1 63 1
2112 0 -64 0
2113 0 -64 0
2114 0 -64 0
2115 1 63 1
2116 1 63 1
2117 0 -64 0
2118 0 -64 0
2119 0 -64 0
2120 1 63 1
2121 0 -64 0
2122 1 63 1
2123 1 63 1
2124 0 -49 0
2125 1 63 1
2126 1 63 1
2127 0 -64 0
2128 1 63 1
2129 0 -64 0
2130 0 -64 0
2131 0 -64 0
2132 0 -64 0
2133 1 63 1
2134 1 63 1
2135 1 63 1
2136 1 63 1
2137 1 63 1
2138 0 -64 0
2139 0 -64 0
2140 1 63 1
2141 0 -64 0
2142 0 -64 0
2143 1 63 1
2144 0 -64 0
2145 1 63 1
2146 1 63 1
2147 0 -64 0
2148 1 63 1
2149 1 63 1
2150 0 -64 0
2151 0 -64 0
2152 1 63 1
2153 0 -64 0
2154 1 63 1
2155 1 63 1
2156 0 -64 0
2157 0 -64 0
2158 1 63 1
2159 1 63 1
2160 0 -64 0
2161 1 63 1
2162 0 -64 0
2163 1 63 1
2164 1 63 1
2165 0 -64 0
2166 0 -64 0
2167 1 63 1
2168 1 63 1
2169 0 -64 0
2170 0 -64 0
2171 1 63 1
2172 1 63 1
2173 1 63 1
2174 1 63 1
2175 1 63 1
2176 0 -64 0
2177 1 63 1
2178 1 63 1
2179 1 63 1
2180 1 63 1
2181 0 -64 0
2182 0 -64 0
2183 1 63 1
2184 0 -64 0
2185 0 -64 0
2186 0 -64 0
2187 0 -64 0
2188 1 63 1
2189 1 63 1
2190 1 63 1
2191 0 -64 0
2192 0 -64 0
2193 1 63 1
2194 0 -64 0
2195 1 63 1
2196 0 -56 0
2197 1 63 1
2198 0 -64 0
2199 1 63 1
2200 1 63 1
2201 0 -64 0
2202 1 63 1
2203 0 -64 0
2204 0 -64 0
2205 0 -64 0
2206 0 -64 0
2207 0 -64 0
2208 1 63 1
2209 1 63 1
2210 1 63 1
2211 0 -64 0
2212 0 -64 0
2213 1 63 1
2214 1 63 1
2215 0 -64 0
2216 0 -64 0
2217 1 63 1
2218 1 63 1
2219 1 63 1
2220 0 -64 0
2221 0 -64 0
2222 0 -59 0
2223 0 -64 0
2224 0 -64 0
2225 0 -64 0
2226 1 63 1
2227 0 -64 0
2228 0 -64 0
2229 1 63 1
2230 0 -64 0
2231 1 63 1
2232 1 63 1
2233 0 -64 0
2234 0 -64 0
2235 0 -64 0
2236 0 -64 0
2237 0 -64 0
2238 1 63 1
2239 0 -64 0
2240 0 -64 0
2241 0 -64 0
2242 1 63 1
2243 1 63 1
2244 1 63 1
2245 1 51 1
2246 1 63 1
2247 0 -64 0
2248 0 -64 0
2249 1 63 1
2250 1 63 1
2251 0 -64 0
2252 0 -64 0
2253 1 63 1
2254 1 63 1
2255 0 -64 0
2256 1 63 1
2257 0 -64 0
2258 1 43 1
2259 0 -64 0
2260 1 63 1
2261 1 63 1
2262 1 63 1
2263 0 -64 0
2264 0 -64 0
2265 1 63 1
2266 0 -64 0
2267 1 63 1
2268 0 -64 0
2269 0 -64 0
2270 0 -64 0
2271 1 63 1
2272 0 -64 0
2273 0 -64 0
2274 1 63 1
2275 1 63 1
2276 0 -64 0
2277 1 63 1
2278 1 63 1
2279 1 63 1
2280 1 63 1
2281 0 -64 0
2282 0 -64 0
2283 0 -64 0
2284 1 63 1
2285 0 -64 0
2286 0 -64 0
2287 1 63 1
2288 0 -64 0
2289 0 -64 0
2290 1 63 1
2291 1 63 1
2292 1 63 1
2293 0 -64 0
2294 0 -64 0
2295 1 63 1
2296 1 63 1
2297 0 -64 0
2298 1 63 1
2299 1 63 1
2300 1 63 1
2301 1 63 1
2302 0 -64 0
2303 1 63 1
2304 1 63 1
2305 1 63 1
2306 1 63 1
2307 0 -64 0
2308 0 -64 0
2309 1 63 1
2310 0 -64 0
2311 0 -64 0
2312 0 -64 0
2313 1 63 1
2314 1 63 1
2315 0 -64 0
2316 1 63 1
2317 0 -64 0
2318 1 63 1
2319 0 -64 0
2320 0 -64 0
2321 1 63 1
2322 1 63 1
2323 0 -64 0
2324 0 -64 0
2325 0 -64 0
2326 0 -62 0
2327 0 -64 0
2328 0 -64 0
2329 0 -64 0
2330 0 -64 0
2331 1 63 1
2332 0 -64 0
2333 1 63 1
2334 0 -64 0
2335 1 63 1
2336 0 -64 0
2337 0 -64 0
2338 1 63 1
2339 0 -64 0
2340 0 -64 0
2341 1 63 1
2342 0 -64 0
2343 1 63 1
2344 1 63 1
2345 1 63 1
2346 0 -64 0
2347 1 63 1
2348 0 -64 0
2349 1 63 1
2350 1 63 1
2351 0 -32 0
2352 1 63 1
2353 0 -64 0
2354 1 63 1
2355 1 63 1
2356 1 63 1
2357 1 63 1
2358 0 -64 0
2359 1 63 1
2360 0 -64 0
2361 1 63 1
2362 0 -64 0
2363 0 -64 0
2364 1 63 1
2365 0 -64 0
2366 0 -64 0
2367 0 -64 0
2368 0 -64 0
2369 0 45 1
2370 1 63 1
2371 1 63 1
2372 1 63 1
2373 0 -64 0
2374 1 63 1
2375 1 63 1
2376 0 -64 0
2377 1 63 1
2378 1 63 1
2379 0 -64 0
2380 0 -64 0
2381 1 63 1
2382 0 -64 0
2383 0 -64 0
2384 0 -64 0
2385 1 63 1
2386 0 -64 0
2387 0 -64 0
2388 0 -64 0
2389 0 -64 0
2390 0 -64 0
2391 0 -64 0
2392 0 -64 0
2393 1 63 1
2394 1 63 1
2395 1 63 1
2396 0 -64 0
2397 0 -64 0
2398 0 -64 0
2399 0 -64 0
2400 1 39 1
2401 0 -64 0
2402 0 -64 0
2403 0 -64 0
2404 1 63 1
2405 1 63 1
2406 0 -64 0
2407 0 -64 0
2408 1 63 1
2409 0 -64 0
2410 0 -64 0
2411 0 -64 0
2412 0 -64 0
2413 1 63 1
2414 0 -64 0
2415 1 63 1
2416 1 63 1
2417 1 63 1
2418 1 63 1
2419 1 63 1
2420 0 -64 0
2421 0 -64 0
2422 1 63 1
2423 1 63 1
2424 1 63 1
2425 1 63 1
2426 0 -64 0
2427 1 63 1
2428 1 63 1
2429 1 63 1
2430 0 -64 0
2431 1 63 1
2432 0 -64 0
2433 1 63 1
2434 1 63 1
2435 0 -64 0
2436 0 -64 0
2437 1 63 1
2438 1 63 1
2439 0 -64 0
2440 1 63 1
2441 0 -64 0
2442 0 -64 0
2443 1 63 1
2444 0 -64 0
2445 0 -64 0
2446 1 63 1
2447 0 -64 0
2448 1 63 1
2449 0 -64 0
2450 1 63 1
2451 1 63 1
2452 1 63 1
2453 0 -64 0
2454 0 -64 0
2455 0 -64 0
2456 0 -64 0
2457 1 63 1
2458 0 -64 0
2459 1 63 1
2460 0 -64 0
2461 0 -64 0
2462 0 -64 0
2463 1 63 1
2464 0 -64 0
2465 0 -64 0
2466 0 -64 0
2467 0 42 1
2468 0 -64 0
2469 0 -64 0
2470 0 -64 0
2471 0 -64 0
2472 0 -64 0
2473 1 63 1
2474 0 -64 0
2475 0 -64 0
2476 0 -64 0
2477 0 -64 0
2478 1 63 1
2479 1 63 1
2480 1 63 1
2481 0 -64 0
2482 1 63 1
2483 0 -64 0
2484 0 -64 0
2485 0 -64 0
2486 1 63 1
2487 0 -64 0
2488 0 -64 0
2489 1 63 1
2490 1 63 1
2491 1 63 1
2492 1 63 1
2493 0 -64 0
2494 0 -64 0
2495 1 63 1
2496 0 -64 0
2497 1 63 1
2498 0 -64 0
2499 1 63 1
2500 0 -64 0
2501 0 -64 0
2502 1 63 1
2503 0 -64 0
2504 1 63 1
2505 0 -64 0
2506 1 63 1
2507 1 63 1
2508 0 -64 0
2509 1 63 1
2510 1 63 1
2511 0 -64 0
2512 0 -64 0
2513 1 63 1
2514 0 -64 0
2515 1 63 1
2516 0 -64 0
2517 0 -64 0
2518 0 -64 0
2519 1 63 1
2520 1 63 1
2521 1 63 1
2522 0 -64 0
2523 1 63 1
2524 1 63 1
2525 0 -64 0
2526 0 -64 0
2527 0 -64 0
2528 0 -64 0
2529 1 63 1
2530 0 -64 0
2531 0 -64 0
2532 1 63 1
2533 0 -64 0
2534 0 -64 0
2535 1 63 1
2536 0 -64 0
2537 1 63 1
2538 0 -64 0
2539 1 63 1
2540 0 -64 0
2541 1 63 1
2542 1 63 1
2543 0 -64 0
2544 1 63 1
2545 0 -64 0
2546 1 63 1
2547 1 63 1
2548 1 63 1
2549 1 63 1
2550 0 -64 0
2551 0 -64 0
2552 1 63 1
2553 0 -64 0
2554 1 63 1
2555 1 63 1
2556 0 -64 0
2557 1 63 1
2558 1 63 1
2559 0 -64 0
2560 0 -64 0
2561 1 63 1
2562 1 63 1
2563 0 -64 0
2564 1 63 1
2565 1 63 1
2566 1 63 1
2567 0 -64 0
2568 1 63 1
2569 0 -64 0
2570 0 -64 0
2571 1 63 1
2572 0 -64 0
2573 0 -64 0
2574 1 63 1
2575 1 63 1
2576 0 -64 0
2577 0 -64 0
2578 1 63 1
2579 0 -64 0
2580 0 -64 0
2581 1 63 1
2582 0 -64 0
2583 1 63 1
2584 0 -64 0
2585 0 -64 0
2586 1 63 1
2587 0 -64 0
2588 1 63 1
2589 0 -64 0
2590 0 -64 0
2591 0 -64 0
2592 1 63 1
2593 1 63 1
2594 0 -64 0
2595 0 -64 0
2596 0 -64 0
2597 1 63 1
2598 1 63 1
2599 0 -64 0
2600 0 -64 0
2601 1 63 1
2602 0 -64 0
2603 1 63 1
2604 1 63 1
2605 1 63 1
2606 1 63 1
2607 0 -64 0
2608 1 63 1
2609 0 -64 0
2610 0 -64 0
2611 1 63 1
2612 0 -64 0
2613 0 -64 0
2614 0 -64 0
2615 0 -64 0
2616 0 -64 0
2617 1 63 1
2618 0 -64 0
2619 0 -64 0
2620 0 -64 0
2621 1 63 1
2622 0 -38 0
2623 1 63 1
2624 1 63 1
2625 1 63 1
2626 1 63 1
2627 1 63 1
2628 0 -64 0
2629 0 -64 0
2630 0 -64 0
2631 1 63 1
2632 0 -64 0
2633 1 63 1
2634 0 -64 0
2635 1 63 1
2636 1 63 1
2637 0 -64 0
2638 0 -64 0
2639 0 -64 0
2640 1 63 1
2641 1 63 1
2642 0 -64 0
2643 0 -64 0
2644 1 63 1
2645 0 -63 0
2646 1 63 1
2647 0 -64 0
2648 0 -64 0
2649 1 63 1
2650 1 63 1
2651 0 -64 0
2652 0 -64 0
2653 0 -64 0
2654 0 -64 0
2655 1 63 1
2656 0 -64 0
2657 1 63 1
2658 1 54 1
2659 1 63 1
2660 1 63 1
2661 1 63 1
2662 0 -64 0
2663 0 -64 0
2664 0 -64 0
2665 0 -64 0
2666 0 -64 0
2667 0 -64 0
2668 1 63 1
2669 0 -64 0
2670 1 63 1
2671 1 63 1
2672 0 -64 0
2673 1 63 1
2674 1 63 1
2675 1 63 1
2676 1 63 1
2677 1 63 1
2678 1 63 1
2679 0 -64 0
2680 0 -64 0
2681 1 63 1
2682 0 -64 0
2683 1 63 1
2684 1 63 1
2685 1 63 1
2686 0 -64 0
2687 1 63 1
2688 1 63 1
2689 0 -64 0
2690 1 63 1
2691 1 63 1
2692 1 63 1
2693 1 63 1
2694 0 -64 0
2695 1 63 1
2696 1 63 1
2697 0 -64 0
2698 0 -64 0
2699 1 63 1
2700 1 63 1
2701 1 63 1
2702 0 -64 0
2703 0 -64 0
2704 1 63 1
2705 0 -64 0
2706 1 63 1
2707 0 -64 0
2708 1 63 1
2709 0 -64 0
2710 0 -64 0
2711 1 63 1
2712 0 -64 0
2713 0 -64 0
2714 1 63 1
2715 0 -64 0
2716 1 63 1
2717 0 -64 0
2718 1 63 1
2719 0 -64 0
2720 0 -64 0
2721 1 63 1
2722 1 63 1
2723 1 63 1
2724 0 -64 0
2725 0 -64 0
2726 0 -64 0
2727 1 63 1
2728 1 63 1
2729 0 -64 0
2730 0 -64 0
2731 0 -64 0
2732 0 -64 0
2733 1 63 1
2734 0 -64 0
2735 1 63 1
2736 0 -64 0
2737 0 -64 0
2738 0 -64 0
2739 1 63 1
2740 1 63 1
2741 0 -64 0
2742 0 -64 0
2743 1 63 1
2744 0 -64 0
2745 0 -64 0
2746 1 63 1
2747 1 63 1
2748 0 -64 0
2749 0 -64 0
2750 0 -64 0
2751 0 -42 0
2752 1 63 1
2753 0 -64 0
2754 1 63 1
2755 1 63 1
2756 0 -64 0
2757 0 -64 0
2758 0 -64 0
2759 1 63 1
2760 1 63 1
2761 1 63 1
2762 1 63 1
2763 1 63 1
2764 0 -64 0
2765 1 63 1
2766 1 63 1
2767 0 -64 0
2768 1 63 1
2769 1 49 1
2770 0 -64 0
2771 1 63 1
2772 1 63 1
2773 1 63 1
2774 1 63 1
2775 0 -63 0
2776 1 63 1
2777 1 63 1
2778 1 63 1
2779 0 -64 0
2780 0 -64 0
2781 0 -64 0
2782 0 -64 0
2783 0 -64 0
2784 1 63 1
2785 0 -64 0
2786 0 -64 0
2787 0 -64 0
2788 1 63 1
2789 0 -64 0
2790 1 63 1
2791 1 63 1
2792 0 -64 0
2793 0 -64 0
2794 0 -64 0
2795 1 63 1
2796 1 63 1
2797 0 -64 0
2798 1 63 1
2799 0 -64 0
2800 0 -39 0
2801 0 -64 0
2802 1 63 1
2803 0 -64 0
2804 0 -64 0
2805 1 63 1
2806 0 -64 0
2807 0 -64 0
2808 1 63 1
2809 0 -64 0
2810 1 63 1
2811 0 -64 0
2812 0 -64 0
2813 0 -48 0
2814 0 -64 0
2815 1 63 1
2816 1 63 1
2817 1 63 1
2818 1 63 1
2819 0 -64 0
2820 0 -64 0
2821 1 63 1
2822 0 -64 0
2823 1 63 1
2824 0 -64 0
2825 0 -64 0
2826 1 63 1
2827 0 -64 0
2828 1 63 1
2829 0 -64 0
2830 0 -64 0
2831 1 63 1
2832 0 -64 0
2833 0 -64 0
2834 0 -64 0
2835 0 -64 0
2836 1 63 1
2837 1 63 1
2838 1 63 1
2839 1 63 1
2840 0 -64 0
2841 0 -64 0
2842 1 63 1
2843 1 63 1
2844 0 -64 0
2845 1 63 1
2846 0 -64 0
2847 0 -64 0
2848 1 63 1
2849 1 63 1
2850 0 -64 0
2851 1 63 1
2852 1 63 1
2853 1 63 1
2854 1 63 1
2855 0 -64 0
2856 1 63 1
2857 0 -64 0
2858 0 -64 0
2859 0 -64 0
2860 0 -64 0
2861 0 -64 0
2862 0 -64 0
2863 1 63 1
2864 0 -64 0
2865 1 63 1
2866 1 63 1
2867 1 61 1
2868 0 -64 0
2869 1 63 1
2870 0 -64 0
2871 0 -64 0
2872 0 -64 0
2873 1 63 1
2874 0 -64 0
2875 1 63 1
2876 1 63 1
2877 0 -64 0
2878 0 -64 0
2879 0 -64 0
2880 1 63 1
2881 1 63 1
2882 1 63 1
2883 1 63 1
2884 0 -64 0
2885 1 63 1
2886 0 -64 0
2887 1 63 1
2888 0 -64 0
2889 1 63 1
2890 0 -64 0
2891 0 -64 0
2892 0 -64 0
2893 1 63 1
2894 0 -64 0
2895 1 63 1
2896 0 -64 0
2897 0 -64 0
2898 0 -64 0
2899 1 63 1
2900 1 63 1
2901 0 -64 0
2902 0 -64 0
2903 1 63 1
2904 1 63 1
2905 0 -64 0
2906 1 59 1
2907 0 -64 0
2908 1 63 1
2909 1 63 1
2910 1 63 1
2911 1 63 1
2912 1 63 1
2913 1 63 1
2914 0 -64 0
2915 0 -64 0
2916 0 -64 0
2917 1 63 1
2918 1 63 1
2919 0 -64 0
2920 0 -64 0
2921 0 -64 0
2922 1 63 1
2923 1 63 1
2924 0 -64 0
2925 0 -64 0
2926 1 63 1
2927 1 63 1
2928 0 -64 0
2929 0 -64 0
2930 0 -64 0
2931 1 63 1
2932 1 63 1
2933 1 63 1
2934 0 -64 0
2935 1 63 1
2936 1 63 1
2937 0 -64 0
2938 1 63 1
2939 0 -64 0
2940 1 63 1
2941 1 63 1
2942 0 -64 0
2943 0 -64 0
2944 1 63 1
2945 0 -64 0
2946 1 63 1
2947 1 63 1
2948 1 63 1
2949 1 63 1
2950 1 63 1
2951 0 -64 0
2952 1 63 1
2953 0 -64 0
2954 1 63 1
2955 1 45 1
2956 0 -64 0
2957 1 63 1
2958 0 -64 0
2959 0 -64 0
2960 1 63 1
2961 1 63 1
2962 0 -64 0
2963 1 63 1
2964 1 63 1
2965 0 -64 0
2966 0 -64 0
2967 0 -64 0
2968 1 63 1
2969 0 -64 0
2970 0 -64 0
2971 0 -64 0
2972 0 -64 0
2973 1 63 1
2974 1 63 1
2975 0 -64 0
2976 1 63 1
2977 0 -64 0
2978 1 63 1
2979 0 -64 0
2980 0 -64 0
2981 1 63 1
2982 1 63 1
2983 1 63 1
2984 1 63 1
2985 0 -64 0
2986 0 -64 0
2987 0 -64 0
2988 0 -64 0
2989 1 63 1
2990 0 -64 0
2991 1 63 1
2992 0 -64 0
2993 0 -64 0
2994 0 -64 0
2995 1 63 1
2996 0 -50 0
2997 1 63 1
2998 1 63 1
2999 1 63 1
3000 1 63 1
3001 1 63 1
3002 0 -64 0
3003 1 63 1
3004 1 63 1
3005 0 -64 0
3006 0 -64 0
3007 0 -64 0
3008 1 63 1
3009 1 63 1
3010 0 -64 0
3011 0 -64 0
3012 1 63 1
3013 0 -64 0
3014 0 -64 0
3015 0 -64 0
3016 0 -64 0
3017 0 -64 0
3018 0 -64 0
3019 1 63 1
3020 0 -64 0
3021 0 -64 0
3022 0 -53 0
3023 0 -64 0
3024 1 63 1
3025 0 -64 0
3026 0 -64 0
3027 1 63 1
3028 0 -64 0
3029 1 63 1
3030 0 -64 0
3031 0 -64 0
3032 1 63 1
3033 0 -64 0
3034 1 63 1
3035 0 -64 0
3036 1 63 1
3037 1 63 1
3038 0 -64 0
3039 0 -64 0
3040 1 63 1
3041 1 63 1
3042 0 -64 0
3043 1 63 1
3044 1 63 1
3045 1 63 1
3046 1 63 1
3047 0 -64 0
3048 0 -64 0
3049 1 63 1
3050 0 -64 0
3051 0 -64 0
3052 1 63 1
3053 1 63 1
3054 1 63 1
3055 0 -64 0
3056 0 -64 0
3057 1 63 1
3058 1 50 1
3059 0 -64 0
3060 0 -64 0
3061 1 63 1
3062 1 63 1
3063 0 -64 0
3064 1 63 1
3065 0 -64 0
3066 0 -64 0
3067 1 63 1
3068 0 -64 0
3069 1 63 1
3070 0 -64 0
3071 1 63 1
3072 1 63 1
3073 0 -64 0
3074 0 -64 0
3075 0 -64 0
3076 0 -64 0
3077 1 63 1
3078 0 -64 0
3079 0 -64 0
3080 0 -64 0
3081 1 63 1
3082 0 -64 0
3083 1 63 1
3084 0 -64 0
3085 1 63 1
3086 0 -64 0
3087 1 63 1
3088 1 63 1
3089 0 -64 0
3090 0 -64 0
3091 1 63 1
3092 1 63 1
3093 0 -64 0
3094 0 -64 0
3095 1 63 1
3096 0 -64 0
3097 1 63 1
3098 1 63 1
3099 1 63 1
3100 1 63 1
3101 0 -64 0
3102 0 -64 0
3103 1 63 1
3104 0 -64 0
3105 1 63 1
3106 1 63 1
3107 1 63 1
3108 0 -64 0
3109 1 63 1
3110 0 -64 0
3111 1 63 1
3112 0 -64 0
3113 0 -64 0
3114 1 63 1
3115 0 -64 0
3116 0 -64 0
3117 0 -64 0
3118 1 63 1
3119 1 63 1
3120 1 63 1
3121 0 -64 0
3122 0 -64 0
3123 0 -64 0
3124 1 63 1
3125 0 -64 0
3126 0 -64 0
3127 0 -64 0
3128 0 -64 0
3129 0 -64 0
3130 0 -64 0
3131 0 -64 0
3132 1 63 1
3133 1 63 1
3134 0 -64 0
3135 0 -64 0
3136 0 -64 0
3137 1 63 1
3138 1 63 1
3139 1 63 1
3140 0 -64 0
3141 1 63 1
3142 0 -64 0
3143 1 63 1
3144 1 63 1
3145 1 63 1
3146 0 -64 0
3147 0 -64 0
3148 1 63 1
3149 1 63 1
3150 1 63 1
3151 1 53 1
3152 0 -63 0
3153 0 -64 0
3154 0 -64 0
3155 1 63 1
3156 0 -64 0
3157 1 63 1
3158 0 -64 0
3159 1 63 1
3160 1 63 1
3161 1 63 1
3162 1 63 1
3163 0 -64 0
3164 1 63 1
3165 0 -64 0
3166 0 -64 0
3167 0 -64 0
3168 0 -64 0
3169 0 -64 0
3170 0 -64 0
3171 0 -64 0
3172 0 -64 0
3173 0 -64 0
3174 1 63 1
3175 1 63 1
3176 0 -64 0
3177 1 59 1
3178 0 -64 0
3179 1 63 1
3180 0 -64 0
3181 0 -64 0
3182 1 63 1
3183 1 63 1
3184 0 -64 0
3185 0 -64 0
3186 0 -64 0
3187 0 -64 0
3188 1 63 1
3189 0 -64 0
3190 0 -64 0
3191 0 -64 0
3192 1 63 1
3193 0 -64 0
3194 0 -64 0
3195 0 -64 0
3196 0 -64 0
3197 1 63 1
3198 0 -64 0
3199 1 63 1
