# idx_int bit_int post_llr_q hard
0 1 63 1
1 1 63 1
2 0 -64 0
3 1 63 1
4 0 -64 0
5 0 -64 0
6 0 -64 0
7 0 -64 0
8 0 -64 0
9 1 63 1
10 0 -64 0
11 0 -64 0
12 0 -64 0
13 1 47 1
14 0 -64 0
15 0 -64 0
16 1 63 1
17 0 -64 0
18 1 63 1
19 0 -64 0
20 0 -64 0
21 0 -64 0
22 1 63 1
23 1 63 1
24 1 63 1
25 1 63 1
26 1 63 1
27 1 63 1
28 0 -64 0
29 0 -64 0
30 0 -64 0
31 1 63 1
32 1 63 1
33 1 63 1
34 0 -64 0
35 1 63 1
36 0 -64 0
37 1 63 1
38 0 -64 0
39 0 -64 0
40 1 63 1
41 1 63 1
42 1 63 1
43 0 -64 0
44 0 -64 0
45 1 63 1
46 1 63 1
47 1 63 1
48 1 63 1
49 1 63 1
50 0 -64 0
51 1 63 1
52 1 63 1
53 1 63 1
54 0 -64 0
55 0 -64 0
56 1 63 1
57 0 -64 0
58 0 -64 0
59 0 -64 0
60 1 63 1
61 0 -64 0
62 1 63 1
63 1 63 1
64 0 -64 0
65 1 63 1
66 1 63 1
67 0 -64 0
68 0 -64 0
69 1 63 1
70 0 -64 0
71 0 -64 0
72 1 63 1
73 1 63 1
74 1 63 1
75 0 -64 0
76 0 -64 0
77 1 63 1
78 0 -64 0
79 1 63 1
80 0 -64 0
81 1 63 1
82 1 63 1
83 1 63 1
84 0 -64 0
85 1 63 1
86 0 -64 0
87 1 63 1
88 1 63 1
89 0 -64 0
90 0 -64 0
91 1 63 1
92 0 -64 0
93 0 -64 0
94 0 -64 0
95 0 -64 0
96 0 -64 0
97 1 63 1
98 0 -64 0
99 0 -64 0
100 1 63 1
101 1 63 1
102 0 -64 0
103 1 50 1
104 0 -64 0
105 0 -64 0
106 0 -64 0
107 1 63 1
108 1 63 1
109 1 63 1
110 1 63 1
111 1 63 1
112 0 -64 0
113 0 -64 0
114 1 63 1
115 1 63 1
116 0 -64 0
117 1 63 1
118 1 63 1
119 1 63 1
120 1 63 1
121 1 63 1
122 1 63 1
123 1 63 1
124 0 -58 0
125 1 63 1
126 0 -64 0
127 1 63 1
128 1 63 1
129 0 -64 0
130 0 -64 0
131 1 63 1
132 1 63 1
133 1 63 1
134 0 -64 0
135 0 -64 0
136 0 -64 0
137 0 -64 0
138 0 -64 0
139 0 -64 0
140 0 -64 0
141 0 -64 0
142 1 63 1
143 1 63 1
144 0 -64 0
145 0 -64 0
146 0 -64 0
147 0 -64 0
148 1 63 1
149 1 63 1
150 0 -64 0
151 0 -64 0
152 0 -64 0
153 1 63 1
154 0 -64 0
155 1 58 1
156 1 63 1
157 1 63 1
158 0 -64 0
159 1 63 1
160 0 -64 0
161 1 63 1
162 1 63 1
163 1 63 1
164 0 -64 0
165 1 63 1
166 0 -64 0
167 0 -64 0
168 0 -64 0
169 1 63 1
170 1 63 1
171 0 -64 0
172 0 -64 0
173 0 -64 0
174 0 -64 0
175 0 -64 0
176 0 -64 0
177 1 63 1
178 0 -64 0
179 1 63 1
180 0 -64 0
181 1 63 1
182 0 -64 0
183 0 -64 0
184 0 -64 0
185 1 63 1
186 1 63 1
187 0 -64 0
188 1 63 1
189 1 63 1
190 1 63 1
191 1 63 1
192 1 63 1
193 0 -64 0
194 0 -64 0
195 1 63 1
196 1 63 1
197 1 63 1
198 1 63 1
199 0 -64 0
200 1 63 1
201 1 63 1
202 1 63 1
203 0 -64 0
204 0 -64 0
205 0 -64 0
206 1 52 1
207 0 -64 0
208 1 63 1
209 1 63 1
210 1 63 1
211 1 63 1
212 1 63 1
213 1 63 1
214 1 63 1
215 1 63 1
216 1 63 1
217 0 -64 0
218 0 -64 0
219 1 63 1
220 1 63 1
221 1 63 1
222 0 -64 0
223 1 63 1
224 1 63 1
225 0 -64 0
226 0 -64 0
227 1 63 1
228 1 63 1
229 1 63 1
230 1 63 1
231 1 63 1
232 1 63 1
233 1 63 1
234 0 -64 0
235 1 63 1
236 0 -64 0
237 0 -64 0
238 0 -64 0
239 0 -64 0
240 1 63 1
241 0 -64 0
242 0 -64 0
243 0 -64 0
244 1 63 1
245 0 -44 0
246 0 -64 0
247 1 63 1
248 1 63 1
249 1 63 1
250 1 63 1
251 1 63 1
252 1 63 1
253 1 63 1
254 1 63 1
255 1 63 1
256 1 63 1
257 1 63 1
258 0 -34 0
259 1 63 1
260 1 63 1
261 1 63 1
262 0 -64 0
263 0 -64 0
264 0 -64 0
265 1 63 1
266 0 -64 0
267 1 63 1
268 1 63 1
269 1 63 1
270 0 -64 0
271 0 -64 0
272 0 -64 0
273 1 63 1
274 0 -64 0
275 1 63 1
276 1 63 1
277 0 -64 0
278 0 -64 0
279 1 63 1
280 1 63 1
281 1 63 1
282 1 63 1
283 1 63 1
284 0 -64 0
285 1 63 1
286 1 63 1
287 1 63 1
288 0 -64 0
289 1 63 1
290 0 -64 0
291 1 63 1
292 1 63 1
293 0 -64 0
294 0 -64 0
295 1 63 1
296 1 63 1
297 1 63 1
298 1 63 1
299 0 -64 0
300 0 -64 0
301 1 63 1
302 0 -64 0
303 1 63 1
304 1 63 1
305 1 63 1
306 1 63 1
307 0 -64 0
308 1 63 1
309 1 63 1
310 0 -64 0
311 1 63 1
312 0 -64 0
313 1 63 1
314 0 -64 0
315 1 63 1
316 1 63 1
317 0 -64 0
318 1 63 1
319 0 -64 0
320 1 63 1
321 1 63 1
322 0 -64 0
323 1 63 1
324 1 63 1
325 1 63 1
326 1 63 1
327 1 63 1
328 0 -64 0
329 1 63 1
330 1 63 1
331 1 63 1
332 1 63 1
333 0 -64 0
334 0 -64 0
335 1 63 1
336 1 63 1
337 1 63 1
338 1 63 1
339 1 63 1
340 1 63 1
341 0 -64 0
342 1 63 1
343 1 63 1
344 1 63 1
345 1 63 1
346 1 63 1
347 1 63 1
348 1 63 1
349 1 63 1
350 0 -64 0
351 1 31 1
352 0 -64 0
353 0 -64 0
354 0 -64 0
355 1 63 1
356 1 63 1
357 0 -64 0
358 0 -64 0
359 0 -64 0
360 0 -64 0
361 1 63 1
362 0 -64 0
363 0 -64 0
364 0 -64 0
365 0 -64 0
366 0 -64 0
367 1 63 1
368 1 63 1
369 1 60 1
370 0 -64 0
371 0 -64 0
372 0 -64 0
373 1 63 1
374 1 63 1
375 1 63 1
376 0 -64 0
377 0 -64 0
378 1 63 1
379 0 -64 0
380 0 -64 0
381 1 63 1
382 1 63 1
383 1 63 1
384 0 -64 0
385 1 63 1
386 0 -64 0
387 1 63 1
388 1 63 1
389 1 63 1
390 1 63 1
391 1 63 1
392 1 63 1
393 1 63 1
394 1 63 1
395 1 63 1
396 0 -64 0
397 0 -64 0
398 1 63 1
399 0 -64 0
400 0 -23 0
401 0 -64 0
402 0 -64 0
403 1 63 1
404 1 63 1
405 1 63 1
406 1 63 1
407 1 63 1
408 1 63 1
409 0 -64 0
410 0 -64 0
411 0 -64 0
412 0 -64 0
413 1 63 1
414 1 63 1
415 1 63 1
416 1 63 1
417 0 -64 0
418 0 -64 0
419 0 -64 0
420 1 63 1
421 1 63 1
422 1 63 1
423 0 -64 0
424 0 -64 0
425 0 -64 0
426 0 -64 0
427 1 63 1
428 1 63 1
429 1 63 1
430 0 -64 0
431 0 -64 0
432 1 63 1
433 1 63 1
434 1 63 1
435 1 63 1
436 1 63 1
437 0 -64 0
438 1 63 1
439 0 -64 0
440 0 -64 0
441 0 -64 0
442 1 63 1
443 1 63 1
444 1 63 1
445 0 -64 0
446 1 63 1
447 1 63 1
448 1 63 1
449 0 -64 0
450 0 -64 0
451 1 63 1
452 1 63 1
453 0 -64 0
454 1 63 1
455 1 63 1
456 1 63 1
457 0 -64 0
458 1 63 1
459 1 63 1
460 1 63 1
461 1 63 1
462 0 -64 0
463 1 63 1
464 1 63 1
465 0 -64 0
466 1 63 1
467 1 60 1
468 0 -64 0
469 1 63 1
470 0 -64 0
471 0 -64 0
472 0 -64 0
473 0 -64 0
474 1 63 1
475 1 63 1
476 1 63 1
477 1 63 1
478 0 -64 0
479 1 63 1
480 0 -64 0
481 1 63 1
482 1 63 1
483 1 63 1
484 0 -64 0
485 0 -64 0
486 0 -64 0
487 0 -64 0
488 0 -64 0
489 1 63 1
490 1 63 1
491 1 63 1
492 0 -64 0
493 1 63 1
494 1 63 1
495 1 63 1
496 0 -64 0
497 1 63 1
498 0 -64 0
499 0 -64 0
500 1 63 1
501 1 63 1
502 0 -64 0
503 0 -64 0
504 0 -64 0
505 1 63 1
506 1 63 1
507 1 63 1
508 0 -64 0
509 1 63 1
510 1 63 1
511 0 -64 0
512 0 -64 0
513 0 -64 0
514 1 63 1
515 0 -64 0
516 1 63 1
517 0 -64 0
518 1 63 1
519 0 -64 0
520 1 63 1
521 1 63 1
522 1 63 1
523 1 63 1
524 0 -54 0
525 0 -64 0
526 0 -64 0
527 0 -64 0
528 0 -64 0
529 1 63 1
530 1 63 1
531 0 -64 0
532 1 63 1
533 1 63 1
534 1 63 1
535 0 -64 0
536 1 63 1
537 0 -64 0
538 0 -64 0
539 0 -64 0
540 1 63 1
541 0 -64 0
542 0 -64 0
543 0 -64 0
544 0 -64 0
545 1 63 1
546 1 63 1
547 1 63 1
548 0 -64 0
549 1 63 1
550 0 -64 0
551 0 -64 0
552 0 -64 0
553 0 -64 0
554 1 63 1
555 1 63 1
556 1 63 1
557 0 -64 0
558 0 -64 0
559 1 63 1
560 0 -64 0
561 1 63 1
562 0 -64 0
563 0 -64 0
564 1 63 1
565 1 63 1
566 0 -64 0
567 1 63 1
568 1 63 1
569 0 -64 0
570 0 -64 0
571 1 63 1
572 0 -64 0
573 0 -64 0
574 1 63 1
575 0 -64 0
576 0 -64 0
577 0 -64 0
578 1 63 1
579 0 -64 0
580 0 -64 0
581 0 -64 0
582 0 -64 0
583 0 -64 0
584 0 -64 0
585 1 63 1
586 0 -64 0
587 0 -64 0
588 0 -64 0
589 1 63 1
590 0 -64 0
591 0 -64 0
592 1 63 1
593 1 63 1
594 1 63 1
595 0 -64 0
596 1 59 1
597 1 63 1
598 1 63 1
599 0 -64 0
600 1 63 1
601 1 63 1
602 0 -64 0
603 0 -64 0
604 0 -64 0
605 1 63 1
606 1 63 1
607 0 -64 0
608 1 63 1
609 1 63 1
610 0 -64 0
611 0 -64 0
612 1 63 1
613 1 63 1
614 1 63 1
615 1 63 1
616 0 -64 0
617 1 63 1
618 1 63 1
619 0 -64 0
620 0 -64 0
621 0 -64 0
622 1 57 1
623 0 -64 0
624 0 -64 0
625 0 -64 0
626 0 -64 0
627 0 -64 0
628 1 63 1
629 1 63 1
630 1 63 1
631 1 63 1
632 1 63 1
633 1 63 1
634 1 63 1
635 1 63 1
636 1 63 1
637 1 63 1
638 0 -64 0
639 1 63 1
640 0 -64 0
641 1 63 1
642 0 -64 0
643 1 63 1
644 0 -64 0
645 1 63 1
646 1 63 1
647 0 -64 0
648 1 63 1
649 1 63 1
650 0 -64 0
651 0 -64 0
652 1 63 1
653 0 -64 0
654 1 63 1
655 1 63 1
656 1 63 1
657 1 63 1
658 1 -32 0
659 0 -64 0
660 1 63 1
661 0 -64 0
662 1 63 1
663 1 63 1
664 1 63 1
665 1 63 1
666 0 -64 0
667 1 63 1
668 0 -64 0
669 0 -64 0
670 0 -64 0
671 0 -64 0
672 0 -64 0
673 0 -64 0
674 1 63 1
675 1 63 1
676 1 63 1
677 1 63 1
678 1 63 1
679 0 -64 0
680 1 63 1
681 0 -64 0
682 1 63 1
683 1 63 1
684 1 63 1
685 0 -64 0
686 1 63 1
687 1 63 1
688 1 63 1
689 1 63 1
690 1 63 1
691 1 63 1
692 0 -64 0
693 1 63 1
694 1 63 1
695 1 63 1
696 1 63 1
697 0 -64 0
698 0 -64 0
699 1 63 1
700 1 63 1
701 0 -64 0
702 1 63 1
703 0 -64 0
704 1 63 1
705 0 -64 0
706 0 -64 0
707 0 -64 0
708 0 -64 0
709 0 -64 0
710 1 63 1
711 1 63 1
712 0 -64 0
713 0 -64 0
714 1 63 1
715 0 -64 0
716 0 -64 0
717 1 63 1
718 0 -64 0
719 0 -64 0
720 0 -64 0
721 0 -64 0
722 0 -64 0
723 1 63 1
724 1 63 1
725 0 -64 0
726 0 -64 0
727 1 63 1
728 0 -64 0
729 1 63 1
730 1 63 1
731 1 63 1
732 0 -64 0
733 1 63 1
734 0 -64 0
735 0 -64 0
736 0 -64 0
737 1 63 1
738 0 -64 0
739 0 -64 0
740 0 -64 0
741 0 -64 0
742 0 -64 0
743 1 63 1
744 0 -64 0
745 0 -64 0
746 0 -64 0
747 0 -64 0
748 1 63 1
749 1 63 1
750 1 63 1
751 1 55 1
752 1 63 1
753 1 63 1
754 1 63 1
755 0 -64 0
756 0 -64 0
757 0 -64 0
758 1 63 1
759 1 63 1
760 1 63 1
761 1 63 1
762 0 -64 0
763 1 63 1
764 0 -64 0
765 1 63 1
766 0 -64 0
767 1 63 1
768 0 -64 0
769 1 53 1
770 0 -64 0
771 1 63 1
772 0 -64 0
773 1 63 1
774 0 -64 0
775 1 63 1
776 0 -64 0
777 0 -64 0
778 1 63 1
779 0 -64 0
780 0 -64 0
781 0 -64 0
782 1 63 1
783 1 63 1
784 1 63 1
785 0 -64 0
786 1 63 1
787 0 -64 0
788 0 -64 0
789 0 -64 0
790 1 63 1
791 0 -64 0
792 0 -64 0
793 0 -64 0
794 1 63 1
795 1 63 1
796 1 63 1
797 0 -64 0
798 0 -64 0
799 1 63 1
800 0 -38 0
801 1 63 1
802 1 63 1
803 0 -64 0
804 0 -64 0
805 1 63 1
806 1 63 1
807 0 -64 0
808 1 63 1
809 0 -64 0
810 0 -64 0
811 1 63 1
812 1 63 1
813 0 -64 0
814 1 63 1
815 0 -64 0
816 0 -64 0
817 1 63 1
818 1 63 1
819 1 63 1
820 0 -64 0
821 1 63 1
822 0 -64 0
823 1 63 1
824 1 63 1
825 1 63 1
826 1 63 1
827 0 -64 0
828 0 -64 0
829 1 63 1
830 1 63 1
831 0 -64 0
832 0 -64 0
833 0 -64 0
834 0 -64 0
835 1 63 1
836 0 -64 0
837 1 63 1
838 0 -64 0
839 1 63 1
840 1 63 1
841 0 -61 0
842 1 63 1
843 1 63 1
844 1 63 1
845 1 63 1
846 0 -64 0
847 0 -64 0
848 1 63 1
849 1 63 1
850 0 -64 0
851 0 -64 0
852 1 63 1
853 1 63 1
854 1 63 1
855 0 -64 0
856 1 63 1
857 0 -64 0
858 1 63 1
859 0 -64 0
860 0 -64 0
861 1 63 1
862 1 63 1
863 0 -64 0
864 1 63 1
865 0 -64 0
866 1 63 1
867 1 -42 0
868 1 63 1
869 0 -64 0
870 0 -64 0
871 1 63 1
872 0 -64 0
873 0 -64 0
874 1 63 1
875 0 -64 0
876 1 63 1
877 1 63 1
878 0 -64 0
879 1 63 1
880 0 -64 0
881 0 -64 0
882 0 -64 0
883 0 -64 0
884 0 -64 0
885 1 63 1
886 1 63 1
887 0 -64 0
888 1 63 1
889 0 -64 0
890 1 63 1
891 0 -64 0
892 0 -64 0
893 0 -64 0
894 1 63 1
895 0 -64 0
896 0 -64 0
897 1 63 1
898 1 63 1
899 1 63 1
900 1 63 1
901 1 63 1
902 0 -64 0
903 0 -64 0
904 1 63 1
905 1 63 1
906 1 58 1
907 1 63 1
908 1 63 1
909 0 -64 0
910 0 -64 0
911 0 -64 0
912 0 -64 0
913 0 -64 0
914 0 -64 0
915 1 63 1
916 1 63 1
917 0 -64 0
918 0 -64 0
919 1 63 1
920 0 -64 0
921 1 63 1
922 1 63 1
923 1 63 1
924 0 -55 0
925 0 -64 0
926 1 63 1
927 1 63 1
928 1 63 1
929 1 63 1
930 0 -64 0
931 1 63 1
932 0 -64 0
933 1 63 1
934 1 63 1
935 0 -64 0
936 0 -64 0
937 0 -64 0
938 1 63 1
939 1 63 1
940 0 -64 0
941 0 -64 0
942 0 -64 0
943 1 63 1
944 1 63 1
945 1 63 1
946 1 63 1
947 1 63 1
948 1 63 1
949 1 63 1
950 0 -64 0
951 0 -64 0
952 0 -64 0
953 1 63 1
954 1 63 1
955 1 63 1
956 1 63 1
957 0 -64 0
958 0 -64 0
959 1 63 1
960 1 63 1
961 0 -64 0
962 0 -64 0
963 1 63 1
964 1 63 1
965 1 63 1
966 0 -64 0
967 0 -64 0
968 1 63 1
969 0 -64 0
970 1 63 1
971 0 -64 0
972 0 -64 0
973 1 63 1
974 1 63 1
975 1 63 1
976 0 -64 0
977 0 -64 0
978 1 63 1
979 1 63 1
980 0 -64 0
981 1 63 1
982 1 63 1
983 0 -64 0
984 1 63 1
985 0 -64 0
986 0 -64 0
987 1 63 1
988 1 63 1
989 0 -64 0
990 1 63 1
991 0 -64 0
992 1 63 1
993 1 63 1
994 0 -64 0
995 0 -64 0
996 1 58 1
997 0 -64 0
998 0 -64 0
999 1 63 1
1000 0 -64 0
1001 0 -64 0
1002 0 -64 0
1003 1 63 1
1004 0 -64 0
1005 0 -64 0
1006 1 63 1
1007 0 -64 0
1008 1 63 1
1009 1 63 1
1010 1 63 1
1011 0 -64 0
1012 0 -64 0
1013 0 -64 0
1014 0 -64 0
1015 0 -64 0
1016 1 63 1
1017 0 -64 0
1018 1 63 1
1019 1 63 1
1020 0 -64 0
1021 1 63 1
1022 0 -43 0
1023 0 -64 0
1024 1 63 1
1025 0 -64 0
1026 1 63 1
1027 0 -64 0
1028 1 63 1
1029 1 63 1
1030 0 -64 0
1031 0 -64 0
1032 1 63 1
1033 1 63 1
1034 0 -64 0
1035 1 63 1
1036 0 -64 0
1037 0 -64 0
1038 0 -64 0
1039 1 63 1
1040 0 -64 0
1041 0 -64 0
1042 1 63 1
1043 0 -64 0
1044 0 -64 0
1045 0 -64 0
1046 0 -64 0
1047 1 63 1
1048 0 -64 0
1049 0 -64 0
1050 0 -64 0
1051 1 63 1
1052 1 63 1
1053 0 -64 0
1054 0 -64 0
1055 0 -64 0
1056 1 63 1
1057 1 63 1
1058 1 63 1
1059 1 63 1
1060 0 -64 0
1061 0 -64 0
1062 0 -64 0
1063 1 63 1
1064 0 -64 0
1065 0 -64 0
1066 1 63 1
1067 0 -64 0
1068 0 -64 0
1069 0 -64 0
1070 0 -64 0
1071 1 63 1
1072 0 -64 0
1073 1 63 1
1074 1 63 1
1075 0 -64 0
1076 0 -64 0
1077 0 -64 0
1078 1 63 1
1079 1 63 1
1080 0 -64 0
1081 1 63 1
1082 1 63 1
1083 0 -64 0
1084 1 63 1
1085 0 -64 0
1086 1 63 1
1087 1 63 1
1088 0 -64 0
1089 0 -64 0
1090 1 63 1
1091 1 63 1
1092 1 63 1
1093 1 63 1
1094 0 -64 0
1095 0 -64 0
1096 0 -64 0
1097 0 -64 0
1098 0 -64 0
1099 1 63 1
1100 0 -64 0
1101 1 63 1
1102 1 63 1
1103 0 -64 0
1104 0 -64 0
1105 0 -64 0
1106 0 -64 0
1107 1 63 1
1108 1 63 1
1109 0 -64 0
1110 1 63 1
1111 0 -64 0
1112 1 60 1
1113 0 -64 0
1114 1 63 1
1115 1 63 1
1116 1 63 1
1117 0 -64 0
1118 1 63 1
1119 0 -64 0
1120 0 -64 0
1121 0 -64 0
1122 1 63 1
1123 0 -64 0
1124 1 63 1
1125 1 63 1
1126 1 63 1
1127 0 -64 0
1128 1 63 1
1129 1 63 1
1130 0 -64 0
1131 1 63 1
1132 1 63 1
1133 0 -64 0
1134 0 -64 0
1135 0 -64 0
1136 0 -64 0
1137 1 63 1
1138 0 -64 0
1139 0 -64 0
1140 1 63 1
1141 1 63 1
1142 0 -64 0
1143 1 63 1
1144 0 -64 0
1145 0 -64 0
1146 0 -64 0
1147 0 -64 0
1148 1 63 1
1149 1 63 1
1150 0 -64 0
1151 1 63 1
1152 0 -64 0
1153 1 63 1
1154 1 63 1
1155 1 63 1
1156 1 63 1
1157 1 63 1
1158 0 -64 0
1159 0 -64 0
1160 1 63 1
1161 1 63 1
1162 0 -64 0
1163 0 -64 0
1164 0 -64 0
1165 0 -64 0
1166 1 63 1
1167 1 63 1
1168 0 -64 0
1169 0 -39 0
1170 0 -64 0
1171 1 63 1
1172 1 63 1
1173 1 63 1
1174 1 63 1
1175 1 63 1
1176 1 63 1
1177 1 63 1
1178 1 63 1
1179 1 63 1
1180 1 63 1
1181 0 -64 0
1182 0 -64 0
1183 1 63 1
1184 0 -64 0
1185 0 -64 0
1186 1 63 1
1187 0 -64 0
1188 0 -64 0
1189 1 63 1
1190 0 -64 0
1191 1 63 1
1192 1 63 1
1193 1 63 1
1194 0 -64 0
1195 1 63 1
1196 1 63 1
1197 0 -64 0
1198 1 63 1
1199 0 -64 0
1200 0 -35 0
1201 1 63 1
1202 0 -64 0
1203 0 -64 0
1204 0 -64 0
1205 0 -64 0
1206 0 -64 0
1207 1 63 1
1208 1 63 1
1209 0 -64 0
1210 0 -64 0
1211 0 -64 0
1212 0 -64 0
1213 0 -44 0
1214 1 63 1
1215 0 -64 0
1216 1 63 1
1217 0 -64 0
1218 0 -64 0
1219 1 63 1
1220 1 63 1
1221 0 -64 0
1222 1 63 1
1223 1 63 1
1224 1 63 1
1225 0 -64 0
1226 1 63 1
1227 1 63 1
1228 1 63 1
1229 0 -64 0
1230 1 63 1
1231 0 -64 0
1232 0 -64 0
1233 0 -64 0
1234 1 63 1
1235 0 -64 0
1236 0 -64 0
1237 1 63 1
1238 0 -64 0
1239 0 -64 0
1240 0 -64 0
1241 1 63 1
1242 0 -64 0
1243 1 63 1
1244 1 63 1
1245 0 -64 0
1246 0 -64 0
1247 0 -64 0
1248 1 63 1
1249 0 -64 0
1250 0 -64 0
1251 0 -64 0
1252 0 -64 0
1253 0 -64 0
1254 1 63 1
1255 1 63 1
1256 0 -64 0
1257 1 63 1
1258 0 -64 0
1259 1 63 1
1260 1 63 1
1261 0 -64 0
1262 0 -64 0
1263 0 -64 0
1264 1 63 1
1265 0 -64 0
1266 0 -64 0
1267 0 -48 0
1268 1 63 1
1269 1 63 1
1270 1 63 1
1271 0 -64 0
1272 0 -64 0
1273 1 63 1
1274 1 63 1
1275 1 63 1
1276 0 -64 0
1277 1 63 1
1278 1 63 1
1279 0 -64 0
1280 1 63 1
1281 0 -64 0
1282 1 63 1
1283 1 63 1
1284 0 -64 0
1285 1 63 1
1286 1 63 1
1287 0 -64 0
1288 0 -64 0
1289 1 63 1
1290 1 63 1
1291 0 -64 0
1292 0 -64 0
1293 1 63 1
1294 0 -64 0
1295 0 -64 0
1296 1 63 1
1297 1 63 1
1298 0 -64 0
1299 0 -64 0
1300 1 63 1
1301 0 -64 0
1302 0 -64 0
1303 0 -60 0
1304 1 63 1
1305 0 -64 0
1306 1 63 1
1307 0 -64 0
1308 1 63 1
1309 1 63 1
1310 1 63 1
1311 0 -64 0
1312 0 -64 0
1313 0 -64 0
1314 1 63 1
1315 1 63 1
1316 1 63 1
1317 1 63 1
1318 1 63 1
1319 1 63 1
1320 0 -64 0
1321 1 63 1
1322 0 -64 0
1323 0 -64 0
1324 0 -57 0
1325 0 -64 0
1326 0 -64 0
1327 0 -64 0
1328 0 -64 0
1329 0 -64 0
1330 1 63 1
1331 0 -64 0
1332 0 -64 0
1333 0 -64 0
1334 1 63 1
1335 0 -64 0
1336 0 -64 0
1337 0 -64 0
1338 0 -64 0
1339 1 63 1
1340 1 63 1
1341 1 63 1
1342 1 63 1
1343 1 63 1
1344 1 63 1
1345 0 -64 0
1346 1 63 1
1347 1 63 1
1348 1 63 1
1349 0 -64 0
1350 1 63 1
1351 0 -64 0
1352 0 -64 0
1353 1 63 1
1354 0 -64 0
1355 1 54 1
1356 1 63 1
1357 1 63 1
1358 1 63 1
1359 1 63 1
1360 1 63 1
1361 1 63 1
1362 1 63 1
1363 0 -64 0
1364 1 63 1
1365 0 -64 0
1366 1 63 1
1367 0 -64 0
1368 0 -64 0
1369 0 -64 0
1370 0 -64 0
1371 1 63 1
1372 0 -64 0
1373 0 -64 0
1374 1 63 1
1375 0 -64 0
1376 1 63 1
1377 1 63 1
1378 1 63 1
1379 0 -64 0
1380 1 63 1
1381 0 -64 0
1382 1 63 1
1383 1 63 1
1384 0 -64 0
1385 0 -64 0
1386 0 -64 0
1387 0 -64 0
1388 1 63 1
1389 1 63 1
1390 1 63 1
1391 1 63 1
1392 1 63 1
1393 0 -64 0
1394 1 63 1
1395 0 -64 0
1396 1 63 1
1397 1 63 1
1398 0 -64 0
1399 0 -64 0
1400 0 -64 0
1401 0 -64 0
1402 1 63 1
1403 1 63 1
1404 0 -64 0
1405 0 -64 0
1406 1 63 1
1407 0 -64 0
1408 0 -64 0
1409 0 -64 0
1410 1 63 1
1411 1 63 1
1412 0 -64 0
1413 0 -64 0
1414 1 63 1
1415 0 -64 0
1416 0 -64 0
1417 0 -64 0
1418 0 -64 0
1419 1 63 1
1420 0 -64 0
1421 1 63 1
1422 0 -51 0
1423 1 63 1
1424 1 63 1
1425 0 -64 0
1426 1 63 1
1427 1 63 1
1428 0 -64 0
1429 0 -64 0
1430 0 -64 0
1431 1 63 1
1432 0 -64 0
1433 0 -64 0
1434 0 -64 0
1435 1 63 1
1436 0 -64 0
1437 0 -64 0
1438 1 63 1
1439 1 63 1
1440 0 -64 0
1441 0 -64 0
1442 0 -64 0
1443 1 63 1
1444 0 -64 0
1445 0 -64 0
1446 1 63 1
1447 0 -64 0
1448 0 -64 0
1449 0 -64 0
1450 0 -64 0
1451 1 63 1
1452 1 63 1
1453 1 63 1
1454 0 -64 0
1455 1 63 1
1456 0 -64 0
1457 0 -64 0
1458 1 47 1
1459 1 63 1
1460 1 63 1
1461 1 63 1
1462 0 -64 0
1463 0 -64 0
1464 0 -64 0
1465 0 -64 0
1466 0 -64 0
1467 0 -64 0
1468 0 -64 0
1469 1 63 1
1470 1 63 1
1471 0 -64 0
1472 1 63 1
1473 0 -64 0
1474 1 63 1
1475 0 -64 0
1476 1 63 1
1477 0 -64 0
1478 0 -64 0
1479 1 63 1
1480 1 63 1
1481 0 -64 0
1482 0 -64 0
1483 0 -64 0
1484 1 63 1
1485 0 -64 0
1486 1 63 1
1487 0 -64 0
1488 0 -64 0
1489 0 -64 0
1490 0 -64 0
1491 0 -64 0
1492 1 63 1
1493 0 -64 0
1494 1 63 1
1495 1 63 1
1496 1 63 1
1497 1 63 1
1498 0 -64 0
1499 1 63 1
1500 0 -64 0
1501 0 -64 0
1502 1 63 1
1503 0 -64 0
1504 0 -64 0
1505 0 -64 0
1506 0 -64 0
1507 0 -64 0
1508 1 63 1
1509 0 -64 0
1510 1 63 1
1511 1 63 1
1512 1 63 1
1513 1 63 1
1514 0 -64 0
1515 1 63 1
1516 1 63 1
1517 1 63 1
1518 0 -64 0
1519 0 -64 0
1520 0 -64 0
1521 0 -64 0
1522 0 -64 0
1523 0 -64 0
1524 1 63 1
1525 1 63 1
1526 0 -64 0
1527 1 63 1
1528 0 -64 0
1529 0 -64 0
1530 1 63 1
1531 0 -64 0
1532 1 63 1
1533 0 -64 0
1534 1 63 1
1535 1 63 1
1536 0 -64 0
1537 1 63 1
1538 0 -64 0
1539 0 -64 0
1540 1 63 1
1541 1 63 1
1542 0 -64 0
1543 0 -64 0
1544 0 -64 0
1545 1 63 1
1546 0 -64 0
1547 1 63 1
1548 1 63 1
1549 0 -64 0
1550 0 -64 0
1551 1 42 1
1552 1 63 1
1553 1 63 1
1554 0 -64 0
1555 1 63 1
1556 1 63 1
1557 1 63 1
1558 1 63 1
1559 1 63 1
1560 1 63 1
1561 1 63 1
1562 0 -64 0
1563 0 -64 0
1564 1 63 1
1565 1 63 1
1566 1 63 1
1567 0 -64 0
1568 0 -64 0
1569 0 -49 0
1570 1 63 1
1571 1 63 1
1572 1 63 1
1573 0 -64 0
1574 0 -64 0
1575 0 -64 0
1576 0 -64 0
1577 1 63 1
1578 0 -64 0
1579 1 63 1
1580 0 -64 0
1581 0 -64 0
1582 0 -64 0
1583 1 63 1
1584 0 -64 0
1585 1 63 1
1586 1 63 1
1587 1 63 1
1588 1 63 1
1589 0 -64 0
1590 1 63 1
1591 0 -64 0
1592 0 -64 0
1593 1 63 1
1594 0 -64 0
1595 1 63 1
1596 1 63 1
1597 1 63 1
1598 1 63 1
1599 1 63 1
1600 0 -39 0
1601 1 63 1
1602 0 -64 0
1603 0 -64 0
1604 0 -64 0
1605 0 -64 0
1606 1 63 1
1607 0 -64 0
1608 0 -64 0
1609 0 -64 0
1610 0 -64 0
1611 0 -64 0
1612 1 63 1
1613 0 -50 0
1614 1 63 1
1615 0 -64 0
1616 0 -64 0
1617 1 63 1
1618 1 63 1
1619 0 -64 0
1620 1 63 1
1621 1 63 1
1622 0 -64 0
1623 0 -64 0
1624 1 63 1
1625 0 -64 0
1626 1 63 1
1627 1 63 1
1628 1 63 1
1629 0 -64 0
1630 1 63 1
1631 1 63 1
1632 1 63 1
1633 0 -64 0
1634 0 -64 0
1635 1 63 1
1636 0 -64 0
1637 1 63 1
1638 1 63 1
1639 1 63 1
1640 0 -64 0
1641 0 -64 0
1642 0 -64 0
1643 0 -64 0
1644 0 -64 0
1645 1 63 1
1646 1 63 1
1647 0 -64 0
1648 0 -64 0
1649 1 63 1
1650 1 63 1
1651 0 -64 0
1652 0 -64 0
1653 0 -64 0
1654 1 63 1
1655 0 -64 0
1656 1 63 1
1657 1 63 1
1658 1 63 1
1659 0 -64 0
1660 1 63 1
1661 1 63 1
1662 0 -64 0
1663 1 63 1
1664 0 -64 0
1665 0 -64 0
1666 0 -64 0
1667 1 63 1
1668 1 63 1
1669 1 63 1
1670 0 -64 0
1671 1 63 1
1672 1 63 1
1673 1 63 1
1674 0 -64 0
1675 0 -64 0
1676 1 63 1
1677 0 -64 0
1678 1 63 1
1679 1 63 1
1680 1 63 1
1681 1 63 1
1682 1 63 1
1683 0 -64 0
1684 1 63 1
1685 1 63 1
1686 1 63 1
1687 1 63 1
1688 0 -64 0
1689 0 -64 0
1690 1 63 1
1691 0 -64 0
1692 0 -64 0
1693 0 -64 0
1694 0 -64 0
1695 0 -64 0
1696 1 63 1
1697 0 -64 0
1698 1 63 1
1699 1 63 1
1700 0 -64 0
1701 1 63 1
1702 1 63 1
1703 1 63 1
1704 1 63 1
1705 1 63 1
1706 1 63 1
1707 1 63 1
1708 0 -64 0
1709 1 63 1
1710 1 63 1
1711 0 -64 0
1712 0 -64 0
1713 1 63 1
1714 1 63 1
1715 1 63 1
1716 0 -64 0
1717 1 63 1
1718 0 -64 0
1719 1 63 1
1720 1 63 1
1721 0 -64 0
1722 1 63 1
1723 0 -64 0
1724 1 63 1
1725 0 -64 0
1726 1 63 1
1727 1 63 1
1728 0 -64 0
1729 0 -64 0
1730 1 63 1
1731 0 -64 0
1732 0 -64 0
1733 1 63 1
1734 0 -64 0
1735 1 63 1
1736 1 63 1
1737 1 63 1
1738 0 -64 0
1739 1 63 1
1740 1 63 1
1741 1 63 1
1742 0 -64 0
1743 1 63 1
1744 1 63 1
1745 1 63 1
1746 1 63 1
1747 0 -64 0
1748 0 -64 0
1749 1 63 1
1750 0 -64 0
1751 1 63 1
1752 0 -64 0
1753 1 63 1
1754 1 63 1
1755 0 -48 0
1756 0 -64 0
1757 0 -64 0
1758 1 63 1
1759 1 63 1
1760 0 -64 0
1761 1 63 1
1762 1 63 1
1763 0 -64 0
1764 1 63 1
1765 0 -64 0
1766 0 -64 0
1767 0 -64 0
1768 0 -64 0
1769 0 -64 0
1770 1 63 1
1771 0 -64 0
1772 0 -64 0
1773 1 63 1
1774 0 -64 0
1775 0 -64 0
1776 0 -64 0
1777 1 63 1
1778 1 63 1
1779 1 63 1
1780 1 -64 0
1781 0 -64 0
1782 0 -64 0
1783 0 -64 0
1784 1 63 1
1785 1 63 1
1786 1 63 1
1787 1 63 1
1788 1 63 1
1789 1 63 1
1790 0 -64 0
1791 0 -64 0
1792 0 -64 0
1793 0 -64 0
1794 1 63 1
1795 0 -64 0
1796 0 -37 0
1797 1 63 1
1798 0 -64 0
1799 1 63 1
1800 1 63 1
1801 0 -64 0
1802 1 63 1
1803 1 63 1
1804 1 63 1
1805 1 63 1
1806 0 -64 0
1807 1 63 1
1808 1 63 1
1809 1 63 1
1810 0 -64 0
1811 0 -64 0
1812 0 -64 0
1813 0 -64 0
1814 0 -57 0
1815 0 -64 0
1816 1 63 1
1817 1 63 1
1818 1 63 1
1819 0 -64 0
1820 1 63 1
1821 1 63 1
1822 0 -47 0
1823 0 -64 0
1824 0 -64 0
1825 1 63 1
1826 0 -64 0
1827 0 -64 0
1828 0 -64 0
1829 1 63 1
1830 1 63 1
1831 0 -64 0
1832 0 -64 0
1833 1 63 1
1834 1 63 1
1835 0 -64 0
1836 0 -64 0
1837 0 -64 0
1838 0 -64 0
1839 1 63 1
1840 0 -64 0
1841 1 63 1
1842 1 63 1
1843 0 -64 0
1844 1 63 1
1845 1 58 1
1846 1 63 1
1847 1 63 1
1848 0 -64 0
1849 1 63 1
1850 1 63 1
1851 0 -64 0
1852 1 63 1
1853 1 63 1
1854 0 -64 0
1855 0 -64 0
1856 0 -64 0
1857 0 -64 0
1858 0 42 1
1859 0 -64 0
1860 1 63 1
1861 0 -64 0
1862 0 -64 0
1863 1 63 1
1864 1 63 1
1865 0 -64 0
1866 1 63 1
1867 0 -64 0
1868 0 -64 0
1869 1 63 1
1870 1 63 1
1871 1 63 1
1872 1 63 1
1873 0 -64 0
1874 0 -64 0
1875 1 63 1
1876 1 63 1
1877 0 -64 0
1878 1 63 1
1879 1 63 1
1880 1 63 1
1881 1 63 1
1882 0 -64 0
1883 0 -64 0
1884 1 63 1
1885 0 -64 0
1886 0 -64 0
1887 0 -64 0
1888 1 63 1
1889 0 -64 0
1890 0 -64 0
1891 0 -64 0
1892 1 63 1
1893 1 63 1
1894 1 63 1
1895 0 -64 0
1896 1 63 1
1897 0 -64 0
1898 0 -64 0
1899 0 -64 0
1900 1 63 1
1901 0 -64 0
1902 0 -64 0
1903 1 63 1
1904 0 -64 0
1905 0 -64 0
1906 1 63 1
1907 0 -64 0
1908 0 -64 0
1909 1 63 1
1910 0 -64 0
1911 1 63 1
1912 1 63 1
1913 0 -64 0
1914 0 -64 0
1915 1 63 1
1916 0 -64 0
1917 1 63 1
1918 0 -64 0
1919 0 -64 0
1920 0 -64 0
1921 1 63 1
1922 1 63 1
1923 1 63 1
1924 1 63 1
1925 0 -64 0
1926 0 -64 0
1927 1 63 1
1928 0 -64 0
1929 1 63 1
1930 1 63 1
1931 1 63 1
1932 0 -64 0
1933 0 -64 0
1934 0 -64 0
1935 0 -64 0
1936 0 -64 0
1937 1 63 1
1938 1 63 1
1939 1 63 1
1940 0 -64 0
1941 1 63 1
1942 1 63 1
1943 1 63 1
1944 1 63 1
1945 0 -64 0
1946 1 63 1
1947 0 -64 0
1948 0 -64 0
1949 0 -64 0
1950 1 63 1
1951 1 -31 0
1952 0 -64 0
1953 0 -64 0
1954 0 -64 0
1955 0 -64 0
1956 0 -64 0
1957 1 63 1
1958 0 -64 0
1959 1 63 1
1960 1 63 1
1961 1 63 1
1962 1 63 1
1963 1 63 1
1964 1 63 1
1965 1 63 1
1966 0 -64 0
1967 0 -64 0
1968 1 63 1
1969 0 -40 0
1970 1 63 1
1971 1 63 1
1972 1 63 1
1973 0 -64 0
1974 1 63 1
1975 0 -64 0
1976 0 -64 0
1977 1 57 1
1978 0 -64 0
1979 0 -64 0
1980 1 63 1
1981 1 63 1
1982 0 -64 0
1983 0 -64 0
1984 0 -64 0
1985 0 -64 0
1986 1 63 1
1987 1 63 1
1988 0 -64 0
1989 1 63 1
1990 1 63 1
1991 1 63 1
1992 0 -64 0
1993 0 -64 0
1994 1 63 1
1995 0 -64 0
1996 0 -64 0
1997 1 63 1
1998 0 -64 0
1999 1 63 1
2000 0 -39 0
2001 1 63 1
2002 1 -64 0
2003 0 -64 0
2004 0 -64 0
2005 1 63 1
2006 0 -64 0
2007 1 63 1
2008 0 -64 0
2009 0 -64 0
2010 0 -64 0
2011 0 -64 0
2012 1 63 1
2013 1 58 1
2014 0 -64 0
2015 1 63 1
2016 1 63 1
2017 1 63 1
2018 1 63 1
2019 1 63 1
2020 1 63 1
2021 1 63 1
2022 1 63 1
2023 1 63 1
2024 0 -64 0
2025 0 -64 0
2026 1 63 1
2027 1 63 1
2028 1 63 1
2029 0 -64 0
2030 1 63 1
2031 1 63 1
2032 1 63 1
2033 0 -64 0
2034 1 63 1
2035 1 63 1
2036 0 -64 0
2037 0 -64 0
2038 0 -64 0
2039 0 -64 0
2040 1 63 1
2041 0 -64 0
2042 1 63 1
2043 1 63 1
2044 0 -64 0
2045 1 63 1
2046 1 63 1
2047 1 63 1
2048 1 63 1
2049 1 63 1
2050 0 -64 0
2051 1 63 1
2052 0 -64 0
2053 0 -64 0
2054 1 63 1
2055 0 -64 0
2056 0 -64 0
2057 1 63 1
2058 0 -64 0
2059 0 -64 0
2060 0 -64 0
2061 0 -64 0
2062 0 -64 0
2063 1 63 1
2064 0 -64 0
2065 0 -64 0
2066 1 63 1
2067 0 -37 0
2068 1 63 1
2069 0 -52 0
2070 1 63 1
2071 0 -64 0
2072 1 63 1
2073 0 -64 0
2074 0 -64 0
2075 1 63 1
2076 0 -64 0
2077 0 -64 0
2078 1 63 1
2079 0 -64 0
2080 1 63 1
2081 1 63 1
2082 1 63 1
2083 0 -64 0
2084 0 -64 0
2085 1 63 1
2086 1 63 1
2087 1 63 1
2088 1 63 1
2089 0 -64 0
2090 1 63 1
2091 0 -64 0
2092 0 -64 0
2093 0 -64 0
2094 1 63 1
2095 0 -64 0
2096 1 63 1
2097 1 63 1
2098 1 63 1
2099 0 -64 0
2100 1 63 1
2101 0 -64 0
2102 1 63 1
2103 0 -64 0
2104 0 -64 0
2105 0 -64 0
2106 1 63 1
2107 0 -64 0
2108 0 -64 0
2109 0 -64 0
2110 1 63 1
2111 0 -64 0
2112 0 -64 0
2113 0 -64 0
2114 0 -64 0
2115 0 -64 0
2116 1 63 1
2117 1 63 1
2118 1 63 1
2119 1 63 1
2120 0 -64 0
2121 1 63 1
2122 1 63 1
2123 0 -64 0
2124 0 -64 0
2125 0 -64 0
2126 0 -64 0
2127 0 -64 0
2128 0 -64 0
2129 1 63 1
2130 0 -64 0
2131 1 63 1
2132 0 -64 0
2133 1 63 1
2134 0 -64 0
2135 0 -64 0
2136 0 -64 0
2137 0 -64 0
2138 0 -64 0
2139 1 -64 0
2140 0 -64 0
2141 0 -64 0
2142 1 63 1
2143 0 -64 0
2144 1 63 1
2145 1 63 1
2146 0 -64 0
2147 0 -64 0
2148 1 63 1
2149 0 -64 0
2150 0 -64 0
2151 1 63 1
2152 1 63 1
2153 1 63 1
2154 0 -64 0
2155 0 -62 0
2156 0 -64 0
2157 0 -64 0
2158 1 63 1
2159 0 -64 0
2160 1 63 1
2161 1 63 1
2162 1 63 1
2163 0 -64 0
2164 0 -64 0
2165 0 -64 0
2166 1 63 1
2167 0 -64 0
2168 1 63 1
2169 1 63 1
2170 1 63 1
2171 1 63 1
2172 0 -64 0
2173 0 -64 0
2174 1 63 1
2175 0 -64 0
2176 0 -64 0
2177 0 -64 0
2178 1 63 1
2179 0 -64 0
2180 0 -64 0
2181 1 63 1
2182 1 63 1
2183 1 63 1
2184 1 63 1
2185 0 -64 0
2186 1 63 1
2187 0 -64 0
2188 1 63 1
2189 0 -64 0
2190 1 63 1
2191 0 -64 0
2192 1 63 1
2193 0 -64 0
2194 0 -64 0
2195 0 -64 0
2196 1 42 1
2197 0 -64 0
2198 0 -64 0
2199 1 63 1
2200 1 63 1
2201 0 -64 0
2202 0 -64 0
2203 0 -64 0
2204 0 -64 0
2205 1 63 1
2206 1 63 1
2207 0 -64 0
2208 1 63 1
2209 1 63 1
2210 0 -64 0
2211 0 -64 0
2212 1 63 1
2213 0 -64 0
2214 0 -52 0
2215 1 63 1
2216 0 -64 0
2217 0 -64 0
2218 1 63 1
2219 0 -64 0
2220 1 63 1
2221 0 -64 0
2222 0 -58 0
2223 0 -64 0
2224 1 63 1
2225 1 63 1
2226 1 63 1
2227 1 63 1
2228 0 -64 0
2229 0 -64 0
2230 0 -64 0
2231 0 -64 0
2232 0 -64 0
2233 1 63 1
2234 0 -64 0
2235 1 63 1
2236 1 63 1
2237 1 63 1
2238 0 -64 0
2239 1 63 1
2240 1 63 1
2241 1 63 1
2242 1 63 1
2243 1 63 1
2244 1 63 1
2245 1 49 1
2246 1 63 1
2247 1 63 1
2248 1 63 1
2249 1 63 1
2250 1 63 1
2251 0 -64 0
2252 0 -64 0
2253 1 63 1
2254 1 63 1
2255 1 63 1
2256 1 63 1
2257 0 -64 0
2258 0 -44 0
2259 1 63 1
2260 0 -64 0
2261 1 63 1
2262 0 -64 0
2263 1 63 1
2264 0 -64 0
2265 0 -64 0
2266 0 -64 0
2267 1 63 1
2268 1 63 1
2269 1 63 1
2270 1 63 1
2271 1 63 1
2272 1 63 1
2273 1 63 1
2274 1 63 1
2275 0 -64 0
2276 1 63 1
2277 1 63 1
2278 0 -64 0
2279 0 -64 0
2280 1 63 1
2281 0 -64 0
2282 1 63 1
2283 1 63 1
2284 0 -64 0
2285 0 -64 0
2286 0 -64 0
2287 1 63 1
2288 1 63 1
2289 0 -64 0
2290 0 -64 0
2291 1 63 1
2292 1 63 1
2293 0 -64 0
2294 1 -64 0
2295 1 63 1
2296 0 -64 0
2297 1 63 1
2298 0 -64 0
2299 0 -64 0
2300 0 -64 0
2301 1 63 1
2302 0 -64 0
2303 0 -64 0
2304 0 -64 0
2305 1 63 1
2306 0 -64 0
2307 1 63 1
2308 1 63 1
2309 0 -64 0
2310 0 -64 0
2311 1 63 1
2312 0 -64 0
2313 0 -64 0
2314 1 63 1
2315 0 -64 0
2316 0 -64 0
2317 0 -64 0
2318 1 63 1
2319 0 -64 0
2320 0 -64 0
2321 0 -64 0
2322 1 63 1
2323 0 -64 0
2324 1 63 1
2325 0 -64 0
2326 0 -64 0
2327 1 63 1
2328 1 63 1
2329 1 63 1
2330 1 63 1
2331 1 63 1
2332 0 -64 0
2333 1 63 1
2334 0 -64 0
2335 1 63 1
2336 1 63 1
2337 1 63 1
2338 0 -64 0
2339 0 -64 0
2340 1 63 1
2341 1 63 1
2342 1 63 1
2343 0 -64 0
2344 0 -64 0
2345 0 -64 0
2346 0 -64 0
2347 0 -64 0
2348 0 -64 0
2349 1 63 1
2350 0 -64 0
2351 0 -49 0
2352 0 -64 0
2353 0 -64 0
2354 0 -64 0
2355 0 -64 0
2356 1 63 1
2357 0 -64 0
2358 1 63 1
2359 0 -64 0
2360 1 63 1
2361 1 63 1
2362 1 63 1
2363 1 63 1
2364 0 -64 0
2365 0 -64 0
2366 1 63 1
2367 0 -64 0
2368 1 63 1
2369 1 -30 0
2370 0 -64 0
2371 1 63 1
2372 0 -64 0
2373 0 -64 0
2374 0 -64 0
2375 0 -64 0
2376 1 63 1
2377 0 -64 0
2378 0 -64 0
2379 0 -64 0
2380 1 63 1
2381 0 -64 0
2382 1 63 1
2383 0 -64 0
2384 1 63 1
2385 1 63 1
2386 1 63 1
2387 0 -64 0
2388 1 63 1
2389 0 -64 0
2390 0 -64 0
2391 1 63 1
2392 1 63 1
2393 0 -64 0
2394 0 -64 0
2395 0 -64 0
2396 1 63 1
2397 0 -64 0
2398 1 63 1
2399 0 -64 0
2400 1 39 1
2401 0 -64 0
2402 0 -64 0
2403 0 -64 0
2404 1 63 1
2405 1 63 1
2406 1 63 1
2407 0 -64 0
2408 0 -64 0
2409 1 63 1
2410 0 -64 0
2411 0 -64 0
2412 0 -64 0
2413 1 61 1
2414 0 -64 0
2415 1 63 1
2416 1 63 1
2417 1 63 1
2418 0 -64 0
2419 1 63 1
2420 0 -64 0
2421 1 63 1
2422 1 63 1
2423 0 -64 0
2424 1 63 1
2425 0 -64 0
2426 0 -64 0
2427 1 63 1
2428 0 -64 0
2429 0 -64 0
2430 1 63 1
2431 0 -64 0
2432 0 -64 0
2433 1 63 1
2434 1 63 1
2435 0 -64 0
2436 1 63 1
2437 0 -64 0
2438 0 -64 0
2439 1 63 1
2440 0 -64 0
2441 1 63 1
2442 0 -64 0
2443 1 63 1
2444 0 -64 0
2445 0 -64 0
2446 0 -64 0
2447 0 -64 0
2448 1 63 1
2449 1 63 1
2450 1 63 1
2451 0 -64 0
2452 1 63 1
2453 1 63 1
2454 1 63 1
2455 1 63 1
2456 0 -64 0
2457 0 -64 0
2458 0 -64 0
2459 1 63 1
2460 1 63 1
2461 0 -64 0
2462 1 63 1
2463 0 -64 0
2464 0 -64 0
2465 1 63 1
2466 1 63 1
2467 0 -47 0
2468 0 -64 0
2469 1 63 1
2470 1 63 1
2471 1 63 1
2472 1 63 1
2473 0 -64 0
2474 0 -64 0
2475 1 63 1
2476 0 -64 0
2477 1 63 1
2478 0 -64 0
2479 1 63 1
2480 1 63 1
2481 0 -64 0
2482 1 63 1
2483 0 -64 0
2484 0 -64 0
2485 0 -64 0
2486 0 -64 0
2487 0 -64 0
2488 0 -64 0
2489 1 63 1
2490 0 -64 0
2491 0 -64 0
2492 0 -64 0
2493 0 -64 0
2494 1 63 1
2495 1 63 1
2496 1 63 1
2497 0 -64 0
2498 1 63 1
2499 1 63 1
2500 0 -64 0
2501 1 63 1
2502 1 63 1
2503 1 63 1
2504 0 -64 0
2505 0 -64 0
2506 0 -64 0
2507 0 -64 0
2508 1 63 1
2509 1 63 1
2510 0 -64 0
2511 1 63 1
2512 1 63 1
2513 1 63 1
2514 1 63 1
2515 1 63 1
2516 0 -64 0
2517 1 63 1
2518 1 63 1
2519 1 63 1
2520 1 63 1
2521 1 63 1
2522 0 -64 0
2523 0 -64 0
2524 0 -49 0
2525 1 63 1
2526 0 -64 0
2527 1 63 1
2528 1 63 1
2529 1 63 1
2530 1 63 1
2531 0 -64 0
2532 1 63 1
2533 0 -64 0
2534 1 63 1
2535 0 -64 0
2536 0 -64 0
2537 0 -64 0
2538 0 -64 0
2539 0 -64 0
2540 1 63 1
2541 1 63 1
2542 0 -64 0
2543 1 63 1
2544 0 -64 0
2545 1 63 1
2546 1 63 1
2547 0 -64 0
2548 0 -64 0
2549 0 -64 0
2550 0 -64 0
2551 0 -64 0
2552 0 -64 0
2553 1 63 1
2554 1 63 1
2555 1 53 1
2556 1 63 1
2557 1 63 1
2558 0 -64 0
2559 1 63 1
2560 0 -64 0
2561 1 63 1
2562 1 63 1
2563 1 63 1
2564 1 63 1
2565 0 -64 0
2566 0 -64 0
2567 1 63 1
2568 0 -64 0
2569 0 -64 0
2570 1 63 1
2571 1 63 1
2572 1 63 1
2573 0 -64 0
2574 0 -64 0
2575 1 63 1
2576 1 63 1
2577 1 63 1
2578 1 63 1
2579 1 63 1
2580 1 63 1
2581 0 -64 0
2582 0 -64 0
2583 0 63 1
2584 0 -64 0
2585 1 63 1
2586 1 63 1
2587 0 -64 0
2588 1 63 1
2589 1 63 1
2590 1 63 1
2591 1 63 1
2592 1 63 1
2593 0 -64 0
2594 0 -64 0
2595 1 63 1
2596 0 -42 0
2597 1 63 1
2598 0 -64 0
2599 0 -64 0
2600 1 63 1
2601 0 -64 0
2602 1 63 1
2603 0 -64 0
2604 1 63 1
2605 0 -64 0
2606 1 63 1
2607 1 63 1
2608 1 63 1
2609 0 -64 0
2610 1 63 1
2611 1 63 1
2612 1 63 1
2613 1 63 1
2614 0 -50 0
2615 1 63 1
2616 0 -64 0
2617 0 -64 0
2618 0 -64 0
2619 1 63 1
2620 1 63 1
2621 1 63 1
2622 0 -7 0
2623 0 -64 0
2624 1 63 1
2625 0 -64 0
2626 0 -64 0
2627 1 63 1
2628 1 63 1
2629 0 -64 0
2630 0 -64 0
2631 0 -64 0
2632 0 -64 0
2633 1 63 1
2634 0 -64 0
2635 0 -64 0
2636 1 63 1
2637 0 -64 0
2638 0 -64 0
2639 1 63 1
2640 1 63 1
2641 0 -64 0
2642 0 -64 0
2643 1 63 1
2644 0 -64 0
2645 1 63 1
2646 1 63 1
2647 0 -64 0
2648 0 -64 0
2649 1 63 1
2650 0 -64 0
2651 0 -64 0
2652 0 -64 0
2653 0 -64 0
2654 1 63 1
2655 0 -64 0
2656 1 63 1
2657 1 63 1
2658 0 -46 0
2659 1 63 1
2660 0 -64 0
2661 1 63 1
2662 1 63 1
2663 1 63 1
2664 1 63 1
2665 1 63 1
2666 0 -64 0
2667 1 63 1
2668 1 63 1
2669 1 63 1
2670 1 63 1
2671 1 63 1
2672 0 -64 0
2673 1 63 1
2674 0 -64 0
2675 0 -64 0
2676 1 63 1
2677 1 63 1
2678 0 -64 0
2679 0 -64 0
2680 0 -64 0
2681 1 63 1
2682 0 -64 0
2683 1 63 1
2684 0 -64 0
2685 1 63 1
2686 0 -64 0
2687 1 63 1
2688 0 -64 0
2689 1 63 1
2690 0 -64 0
2691 1 63 1
2692 1 63 1
2693 1 63 1
2694 1 63 1
2695 0 -64 0
2696 0 -64 0
2697 1 63 1
2698 1 63 1
2699 1 63 1
2700 0 -64 0
2701 1 63 1
2702 0 -64 0
2703 1 63 1
2704 1 63 1
2705 1 63 1
2706 0 -64 0
2707 1 63 1
2708 1 63 1
2709 0 -64 0
2710 0 -64 0
2711 1 63 1
2712 0 -64 0
2713 0 -64 0
2714 1 63 1
2715 0 -64 0
2716 1 63 1
2717 1 63 1
2718 0 -64 0
2719 1 63 1
2720 1 63 1
2721 0 -64 0
2722 1 63 1
2723 1 63 1
2724 1 63 1
2725 1 63 1
2726 0 -64 0
2727 0 -64 0
2728 1 63 1
2729 0 -64 0
2730 1 63 1
2731 1 63 1
2732 1 63 1
2733 1 63 1
2734 0 -64 0
2735 1 63 1
2736 1 63 1
2737 1 63 1
2738 0 -64 0
2739 0 -64 0
2740 0 -64 0
2741 1 63 1
2742 1 63 1
2743 0 -64 0
2744 0 -64 0
2745 0 -64 0
2746 0 -64 0
2747 0 -64 0
2748 0 -64 0
2749 1 63 1
2750 0 -64 0
2751 0 -35 0
2752 1 63 1
2753 1 63 1
2754 1 63 1
2755 0 -64 0
2756 1 63 1
2757 1 63 1
2758 0 -64 0
2759 0 -64 0
2760 1 63 1
2761 1 63 1
2762 1 63 1
2763 0 -64 0
2764 0 -64 0
2765 0 -64 0
2766 0 -64 0
2767 0 -64 0
2768 1 63 1
2769 0 -40 0
2770 1 63 1
2771 0 -64 0
2772 0 -64 0
2773 1 63 1
2774 1 63 1
2775 0 -64 0
2776 0 -64 0
2777 1 63 1
2778 1 63 1
2779 1 63 1
2780 1 63 1
2781 0 -64 0
2782 1 63 1
2783 0 -64 0
2784 1 63 1
2785 1 63 1
2786 1 63 1
2787 1 63 1
2788 1 63 1
2789 1 63 1
2790 0 -64 0
2791 1 63 1
2792 0 -64 0
2793 1 63 1
2794 0 -64 0
2795 0 -64 0
2796 1 63 1
2797 0 -64 0
2798 0 -64 0
2799 0 -64 0
2800 0 -40 0
2801 1 63 1
2802 0 -64 0
2803 1 63 1
2804 0 -64 0
2805 0 -64 0
2806 1 63 1
2807 1 63 1
2808 1 63 1
2809 1 63 1
2810 1 63 1
2811 0 -64 0
2812 0 -64 0
2813 0 -35 0
2814 1 63 1
2815 1 63 1
2816 0 -64 0
2817 0 -64 0
2818 0 -64 0
2819 0 -64 0
2820 0 -64 0
2821 1 63 1
2822 1 63 1
2823 0 -64 0
2824 0 -64 0
2825 1 63 1
2826 1 63 1
2827 0 -64 0
2828 1 63 1
2829 1 63 1
2830 0 -64 0
2831 0 -64 0
2832 0 -64 0
2833 1 63 1
2834 0 -64 0
2835 0 -64 0
2836 0 -64 0
2837 0 -64 0
2838 1 63 1
2839 0 -64 0
2840 0 -64 0
2841 1 63 1
2842 0 -64 0
2843 1 63 1
2844 0 -64 0
2845 0 -64 0
2846 0 -64 0
2847 1 63 1
2848 0 -64 0
2849 1 63 1
2850 1 63 1
2851 0 -64 0
2852 1 63 1
2853 1 63 1
2854 0 -64 0
2855 0 -64 0
2856 0 -64 0
2857 0 -64 0
2858 1 63 1
2859 0 -64 0
2860 1 63 1
2861 0 -64 0
2862 0 -64 0
2863 0 -64 0
2864 0 -64 0
2865 1 63 1
2866 0 -64 0
2867 1 55 1
2868 0 -64 0
2869 0 -64 0
2870 0 -64 0
2871 0 -64 0
2872 0 -64 0
2873 1 63 1
2874 1 63 1
2875 1 63 1
2876 0 -64 0
2877 0 -64 0
2878 0 -64 0
2879 1 63 1
2880 1 63 1
2881 1 63 1
2882 1 63 1
2883 0 -64 0
2884 0 -64 0
2885 1 63 1
2886 0 -64 0
2887 1 63 1
2888 1 63 1
2889 1 63 1
2890 1 42 1
2891 1 63 1
2892 0 -64 0
2893 1 63 1
2894 1 63 1
2895 0 -64 0
2896 0 -64 0
2897 1 63 1
2898 1 63 1
2899 0 -64 0
2900 1 63 1
2901 0 -64 0
2902 0 -64 0
2903 0 -64 0
2904 1 63 1
2905 1 63 1
2906 0 -64 0
2907 1 63 1
2908 0 -64 0
2909 1 63 1
2910 0 -64 0
2911 0 -64 0
2912 1 63 1
2913 0 -64 0
2914 1 63 1
2915 1 63 1
2916 0 -64 0
2917 0 -64 0
2918 0 -64 0
2919 0 -64 0
2920 0 -64 0
2921 0 -64 0
2922 1 63 1
2923 1 63 1
2924 1 56 1
2925 0 -64 0
2926 0 -64 0
2927 0 -64 0
2928 1 63 1
2929 1 63 1
2930 0 -64 0
2931 1 63 1
2932 1 63 1
2933 1 63 1
2934 1 63 1
2935 0 -64 0
2936 0 -64 0
2937 1 63 1
2938 0 -64 0
2939 0 -64 0
2940 0 -64 0
2941 0 -64 0
2942 1 63 1
2943 0 -64 0
2944 1 63 1
2945 0 -64 0
2946 1 63 1
2947 0 -64 0
2948 0 -64 0
2949 0 -64 0
2950 1 63 1
2951 0 -64 0
2952 1 63 1
2953 1 63 1
2954 0 -64 0
2955 1 57 1
2956 0 -64 0
2957 1 63 1
2958 0 -64 0
2959 0 -64 0
2960 1 63 1
2961 0 -64 0
2962 0 -64 0
2963 1 63 1
2964 1 63 1
2965 0 -64 0
2966 1 63 1
2967 0 -64 0
2968 1 63 1
2969 0 -64 0
2970 0 -64 0
2971 1 63 1
2972 1 63 1
2973 1 63 1
2974 1 63 1
2975 0 -64 0
2976 0 -64 0
2977 1 63 1
2978 1 63 1
2979 0 -64 0
2980 1 63 1
2981 1 63 1
2982 1 63 1
2983 0 -64 0
2984 0 -64 0
2985 0 -64 0
2986 1 63 1
2987 1 63 1
2988 1 63 1
2989 1 63 1
2990 0 -64 0
2991 1 63 1
2992 0 -64 0
2993 1 63 1
2994 0 -64 0
2995 1 63 1
2996 0 -56 0
2997 0 -64 0
2998 1 63 1
2999 0 -64 0
3000 0 -64 0
3001 1 63 1
3002 1 63 1
3003 1 63 1
3004 0 -64 0
3005 0 -64 0
3006 0 -64 0
3007 1 63 1
3008 0 -64 0
3009 1 63 1
3010 1 63 1
3011 1 63 1
3012 1 63 1
3013 0 -64 0
3014 1 48 1
3015 1 63 1
3016 1 63 1
3017 0 -64 0
3018 0 -64 0
3019 0 -64 0
3020 0 -64 0
3021 0 -64 0
3022 0 -60 0
3023 1 63 1
3024 0 -64 0
3025 1 63 1
3026 0 -64 0
3027 1 63 1
3028 0 -64 0
3029 0 -64 0
3030 1 63 1
3031 0 -64 0
3032 1 63 1
3033 0 -64 0
3034 1 63 1
3035 0 -64 0
3036 0 -64 0
3037 1 63 1
3038 0 -64 0
3039 0 -64 0
3040 1 63 1
3041 1 63 1
3042 1 63 1
3043 0 -64 0
3044 1 63 1
3045 0 -58 0
3046 1 63 1
3047 1 63 1
3048 0 -64 0
3049 1 63 1
3050 0 -64 0
3051 0 -64 0
3052 0 -64 0
3053 1 63 1
3054 1 63 1
3055 1 63 1
3056 1 63 1
3057 0 -64 0
3058 1 39 1
3059 1 63 1
3060 0 -64 0
3061 1 63 1
3062 1 63 1
3063 0 -64 0
3064 1 63 1
3065 0 -64 0
3066 1 63 1
3067 1 63 1
3068 1 63 1
3069 0 -64 0
3070 0 -64 0
3071 0 -64 0
3072 1 63 1
3073 0 -64 0
3074 1 63 1
3075 1 63 1
3076 1 63 1
3077 0 -64 0
3078 1 63 1
3079 0 -64 0
3080 1 63 1
3081 0 -64 0
3082 0 -64 0
3083 0 -64 0
3084 0 -64 0
3085 1 63 1
3086 1 -64 0
3087 0 -64 0
3088 0 -64 0
3089 0 -64 0
3090 0 -64 0
3091 0 -64 0
3092 1 63 1
3093 0 -64 0
3094 1 63 1
3095 0 -64 0
3096 0 -64 0
3097 0 -64 0
3098 1 63 1
3099 0 -64 0
3100 0 -64 0
3101 0 -64 0
3102 1 63 1
3103 1 63 1
3104 1 63 1
3105 1 63 1
3106 0 -64 0
3107 0 -64 0
3108 0 -64 0
3109 0 -64 0
3110 0 -64 0
3111 1 63 1
3112 0 63 1
3113 0 -64 0
3114 0 -64 0
3115 0 -64 0
3116 0 -64 0
3117 1 63 1
3118 1 63 1
3119 0 -64 0
3120 1 63 1
3121 1 63 1
3122 0 -64 0
3123 1 63 1
3124 1 63 1
3125 1 63 1
3126 1 63 1
3127 1 63 1
3128 1 63 1
3129 1 63 1
3130 1 63 1
3131 0 -64 0
3132 0 -64 0
3133 1 63 1
3134 0 -64 0
3135 1 63 1
3136 0 -64 0
3137 0 -64 0
3138 0 -64 0
3139 1 63 1
3140 0 -64 0
3141 0 -64 0
3142 0 -64 0
3143 0 -64 0
3144 0 -64 0
3145 1 63 1
3146 1 63 1
3147 1 63 1
3148 0 -64 0
3149 0 -64 0
3150 0 -64 0
3151 1 40 1
3152 1 63 1
3153 0 -64 0
3154 1 63 1
3155 0 -64 0
3156 0 -64 0
3157 0 -64 0
3158 0 -64 0
3159 1 63 1
3160 1 63 1
3161 1 63 1
3162 1 63 1
3163 0 -64 0
3164 1 63 1
3165 1 63 1
3166 1 63 1
3167 1 63 1
3168 1 63 1
3169 1 -64 0
3170 1 63 1
3171 1 63 1
3172 1 63 1
3173 1 63 1
3174 0 -64 0
3175 0 -64 0
3176 0 -64 0
3177 0 -64 0
3178 1 63 1
3179 1 63 1
3180 0 -64 0
3181 0 -64 0
3182 0 -64 0
3183 1 63 1
3184 0 -64 0
3185 0 -64 0
3186 0 -64 0
3187 1 63 1
3188 1 63 1
3189 0 -64 0
3190 0 -64 0
3191 0 -64 0
3192 0 -64 0
3193 1 63 1
3194 0 -64 0
3195 1 63 1
3196 0 -64 0
3197 1 63 1
3198 1 63 1
3199 0 -64 0
