# idx_orig final_llr seen
0 -64 1
1 63 1
2 -64 1
3 63 1
4 63 1
5 63 1
6 -64 1
7 63 1
8 -64 1
9 63 1
10 -64 1
11 -64 1
12 63 1
13 -64 1
14 -64 1
15 -64 1
16 -64 1
17 63 1
18 -64 1
19 -64 1
20 63 1
21 63 1
22 -64 1
23 63 1
24 63 1
25 -64 1
26 -64 1
27 63 1
28 63 1
29 63 1
30 -64 1
31 63 1
32 63 1
33 63 1
34 -64 1
35 63 1
36 63 1
37 -64 1
38 -64 1
39 -64 1
40 63 1
41 -64 1
42 -64 1
43 63 1
44 -64 1
45 -64 1
46 -64 1
47 -64 1
48 -64 1
49 -64 1
50 63 1
51 63 1
52 63 1
53 63 1
54 63 1
55 -64 1
56 -64 1
57 -64 1
58 63 1
59 63 1
60 63 1
61 -64 1
62 63 1
63 63 1
64 -64 1
65 -64 1
66 -64 1
67 63 1
68 -64 1
69 -64 1
70 63 1
71 63 1
72 63 1
73 -64 1
74 63 1
75 -64 1
76 -64 1
77 63 1
78 63 1
79 63 1
80 63 1
81 63 1
82 63 1
83 -64 1
84 63 1
85 -64 1
86 -64 1
87 -64 1
88 63 1
89 -64 1
90 -64 1
91 63 1
92 63 1
93 63 1
94 63 1
95 63 1
96 -64 1
97 -64 1
98 63 1
99 -64 1
100 63 1
101 63 1
102 63 1
103 -64 1
104 -64 1
105 63 1
106 -64 1
107 -64 1
108 63 1
109 63 1
110 63 1
111 -64 1
112 -64 1
113 63 1
114 -64 1
115 -64 1
116 63 1
117 -64 1
118 -64 1
119 -64 1
120 -64 1
121 -64 1
122 -64 1
123 -64 1
124 63 1
125 -64 1
126 -64 1
127 -64 1
128 63 1
129 63 1
130 63 1
131 -64 1
132 63 1
133 -64 1
134 63 1
135 63 1
136 -64 1
137 -64 1
138 63 1
139 63 1
140 63 1
141 -64 1
142 -64 1
143 63 1
144 -64 1
145 -64 1
146 63 1
147 -64 1
148 -64 1
149 63 1
150 63 1
151 63 1
152 -64 1
153 63 1
154 63 1
155 63 1
156 -64 1
157 -64 1
158 63 1
159 63 1
160 63 1
161 -64 1
162 63 1
163 -64 1
164 -64 1
165 -64 1
166 -64 1
167 63 1
168 63 1
169 -64 1
170 -64 1
171 -64 1
172 -64 1
173 -64 1
174 -64 1
175 -64 1
176 63 1
177 -64 1
178 63 1
179 63 1
180 -64 1
181 -64 1
182 -64 1
183 63 1
184 -64 1
185 63 1
186 -64 1
187 63 1
188 63 1
189 63 1
190 63 1
191 63 1
192 -64 1
193 -64 1
194 63 1
195 63 1
196 -64 1
197 -64 1
198 63 1
199 63 1
200 63 1
201 -64 1
202 -64 1
203 -64 1
204 -64 1
205 63 1
206 63 1
207 -64 1
208 -64 1
209 -64 1
210 -64 1
211 -64 1
212 -64 1
213 -64 1
214 -64 1
215 63 1
216 63 1
217 63 1
218 63 1
219 63 1
220 -64 1
221 63 1
222 -64 1
223 63 1
224 63 1
225 -64 1
226 -64 1
227 -64 1
228 -64 1
229 63 1
230 -64 1
231 63 1
232 -64 1
233 63 1
234 63 1
235 63 1
236 -64 1
237 63 1
238 -64 1
239 63 1
240 63 1
241 -64 1
242 -64 1
243 63 1
244 -64 1
245 -64 1
246 63 1
247 63 1
248 63 1
249 63 1
250 63 1
251 63 1
252 63 1
253 -64 1
254 -64 1
255 63 1
256 -64 1
257 -64 1
258 -64 1
259 63 1
260 63 1
261 63 1
262 63 1
263 -64 1
264 63 1
265 63 1
266 -64 1
267 -64 1
268 -64 1
269 63 1
270 63 1
271 63 1
272 -64 1
273 -64 1
274 63 1
275 -64 1
276 63 1
277 -64 1
278 63 1
279 -64 1
280 -64 1
281 -64 1
282 -64 1
283 -64 1
284 63 1
285 -64 1
286 63 1
287 -64 1
288 -64 1
289 -64 1
290 -64 1
291 -64 1
292 -64 1
293 -64 1
294 63 1
295 -64 1
296 63 1
297 63 1
298 63 1
299 63 1
300 63 1
301 -64 1
302 -64 1
303 -64 1
304 63 1
305 63 1
306 -64 1
307 63 1
308 -64 1
309 -64 1
310 -64 1
311 -64 1
312 -64 1
313 -64 1
314 63 1
315 -64 1
316 63 1
317 -64 1
318 63 1
319 -64 1
320 -64 1
321 63 1
322 -64 1
323 -64 1
324 63 1
325 63 1
326 -64 1
327 -64 1
328 -64 1
329 -64 1
330 -64 1
331 -64 1
332 63 1
333 -64 1
334 -64 1
335 -64 1
336 -64 1
337 -64 1
338 -64 1
339 -64 1
340 -64 1
341 63 1
342 63 1
343 -64 1
344 63 1
345 63 1
346 -64 1
347 -64 1
348 -64 1
349 63 1
350 -64 1
351 -64 1
352 -64 1
353 -64 1
354 -64 1
355 63 1
356 -64 1
357 -64 1
358 63 1
359 63 1
360 -64 1
361 -64 1
362 63 1
363 63 1
364 -64 1
365 -64 1
366 63 1
367 63 1
368 -64 1
369 -64 1
370 63 1
371 -64 1
372 63 1
373 63 1
374 63 1
375 63 1
376 -64 1
377 63 1
378 63 1
379 -64 1
380 63 1
381 63 1
382 -64 1
383 63 1
384 63 1
385 -64 1
386 63 1
387 63 1
388 46 1
389 63 1
390 -46 1
391 -64 1
392 -64 1
393 -53 1
394 -51 1
395 4 1
396 63 1
397 39 1
398 55 1
399 42 1
400 -23 1
401 42 1
402 59 1
403 36 1
404 41 1
405 63 1
406 -61 1
407 -52 1
408 -64 1
409 -64 1
410 -64 1
411 -64 1
412 -64 1
413 -64 1
414 63 1
415 -64 1
416 -64 1
417 -64 1
418 63 1
419 63 1
420 -64 1
421 63 1
422 -64 1
423 -64 1
424 63 1
425 -64 1
426 -64 1
427 63 1
428 -64 1
429 -64 1
430 63 1
431 -64 1
432 -64 1
433 63 1
434 -64 1
435 63 1
436 -64 1
437 -64 1
438 -64 1
439 -64 1
440 -64 1
441 -64 1
442 -64 1
443 63 1
444 -64 1
445 -64 1
446 63 1
447 63 1
448 -64 1
449 -64 1
450 63 1
451 63 1
452 -64 1
453 63 1
454 63 1
455 63 1
456 63 1
457 -64 1
458 63 1
459 -64 1
460 63 1
461 -64 1
462 63 1
463 63 1
464 63 1
465 63 1
466 63 1
467 -64 1
468 -64 1
469 63 1
470 63 1
471 -64 1
472 63 1
473 63 1
474 -64 1
475 63 1
476 -64 1
477 -64 1
478 63 1
479 63 1
480 63 1
481 -64 1
482 63 1
483 63 1
484 -64 1
485 -64 1
486 -64 1
487 63 1
488 -64 1
489 -64 1
490 63 1
491 -64 1
492 -64 1
493 -64 1
494 -64 1
495 63 1
496 63 1
497 -64 1
498 63 1
499 -64 1
500 63 1
501 -64 1
502 63 1
503 -64 1
504 63 1
505 63 1
506 63 1
507 63 1
508 -64 1
509 63 1
510 -64 1
511 63 1
512 63 1
513 63 1
514 63 1
515 63 1
516 -64 1
517 -64 1
518 -64 1
519 -64 1
520 63 1
521 -64 1
522 -64 1
523 -64 1
524 -64 1
525 -64 1
526 -64 1
527 -64 1
528 -64 1
529 -64 1
530 63 1
531 -64 1
532 -64 1
533 -64 1
534 63 1
535 63 1
536 63 1
537 63 1
538 -64 1
539 -64 1
540 63 1
541 63 1
542 63 1
543 63 1
544 63 1
545 -64 1
546 63 1
547 -64 1
548 63 1
549 63 1
550 63 1
551 -64 1
552 -64 1
553 63 1
554 63 1
555 -64 1
556 63 1
557 -64 1
558 63 1
559 63 1
560 -64 1
561 63 1
562 63 1
563 -64 1
564 -64 1
565 63 1
566 -64 1
567 -64 1
568 -64 1
569 63 1
570 63 1
571 63 1
572 -64 1
573 -64 1
574 -64 1
575 63 1
576 63 1
577 -64 1
578 -64 1
579 63 1
580 63 1
581 -64 1
582 -64 1
583 -64 1
584 63 1
585 63 1
586 63 1
587 63 1
588 63 1
589 -64 1
590 -64 1
591 -64 1
592 -64 1
593 63 1
594 63 1
595 63 1
596 -64 1
597 63 1
598 -64 1
599 -64 1
600 -64 1
601 -64 1
602 -64 1
603 63 1
604 63 1
605 63 1
606 -64 1
607 63 1
608 63 1
609 63 1
610 63 1
611 63 1
612 63 1
613 -64 1
614 63 1
615 63 1
616 63 1
617 -64 1
618 63 1
619 -64 1
620 63 1
621 -64 1
622 63 1
623 -64 1
624 63 1
625 63 1
626 63 1
627 -64 1
628 63 1
629 63 1
630 -64 1
631 63 1
632 -64 1
633 -64 1
634 63 1
635 -64 1
636 63 1
637 63 1
638 63 1
639 -64 1
640 -64 1
641 63 1
642 -64 1
643 63 1
644 -64 1
645 63 1
646 -64 1
647 -64 1
648 -64 1
649 63 1
650 -64 1
651 63 1
652 63 1
653 -64 1
654 63 1
655 -64 1
656 -64 1
657 63 1
658 63 1
659 -64 1
660 63 1
661 -64 1
662 -64 1
663 63 1
664 -64 1
665 -64 1
666 -64 1
667 63 1
668 63 1
669 -64 1
670 63 1
671 -64 1
672 -64 1
673 -64 1
674 -64 1
675 -64 1
676 63 1
677 63 1
678 -64 1
679 -64 1
680 -64 1
681 -64 1
682 -64 1
683 63 1
684 63 1
685 63 1
686 -64 1
687 -64 1
688 -64 1
689 63 1
690 -64 1
691 -64 1
692 -64 1
693 63 1
694 63 1
695 63 1
696 -64 1
697 63 1
698 63 1
699 63 1
700 63 1
701 63 1
702 63 1
703 -64 1
704 63 1
705 63 1
706 -64 1
707 -64 1
708 -64 1
709 63 1
710 -64 1
711 -64 1
712 63 1
713 -64 1
714 -64 1
715 -64 1
716 63 1
717 -64 1
718 -64 1
719 63 1
720 63 1
721 -64 1
722 -64 1
723 -64 1
724 63 1
725 63 1
726 63 1
727 -64 1
728 63 1
729 -64 1
730 -64 1
731 63 1
732 -64 1
733 -64 1
734 -64 1
735 63 1
736 -64 1
737 63 1
738 63 1
739 63 1
740 63 1
741 63 1
742 63 1
743 -64 1
744 63 1
745 -64 1
746 -64 1
747 -64 1
748 -64 1
749 -64 1
750 63 1
751 -64 1
752 -64 1
753 -64 1
754 -64 1
755 -64 1
756 63 1
757 -64 1
758 63 1
759 63 1
760 63 1
761 -64 1
762 63 1
763 63 1
764 63 1
765 63 1
766 -64 1
767 -64 1
768 -64 1
769 -64 1
770 -64 1
771 63 1
772 -64 1
773 63 1
774 -64 1
775 -64 1
776 63 1
777 -64 1
778 -64 1
779 -64 1
780 -64 1
781 -64 1
782 63 1
783 -64 1
784 63 1
785 -64 1
786 63 1
787 -64 1
788 -64 1
789 63 1
790 -64 1
791 63 1
792 -60 1
793 -60 1
794 45 1
795 -62 1
796 38 1
797 -41 1
798 -42 1
799 24 1
800 39 1
801 56 1
802 63 1
803 -64 1
804 52 1
805 61 1
806 -54 1
807 63 1
808 63 1
809 -64 1
810 63 1
811 63 1
812 -64 1
813 -64 1
814 -64 1
815 -64 1
816 -64 1
817 -64 1
818 63 1
819 -64 1
820 -64 1
821 -64 1
822 63 1
823 -64 1
824 63 1
825 63 1
826 63 1
827 -64 1
828 -64 1
829 63 1
830 -64 1
831 -64 1
832 63 1
833 -64 1
834 63 1
835 -64 1
836 -64 1
837 -64 1
838 63 1
839 63 1
840 -64 1
841 -64 1
842 63 1
843 -64 1
844 -64 1
845 63 1
846 -64 1
847 -64 1
848 -64 1
849 63 1
850 -64 1
851 -64 1
852 -64 1
853 -64 1
854 -64 1
855 -64 1
856 -64 1
857 63 1
858 63 1
859 -64 1
860 63 1
861 63 1
862 -64 1
863 -64 1
864 -64 1
865 -64 1
866 -64 1
867 63 1
868 63 1
869 -64 1
870 -64 1
871 63 1
872 63 1
873 -64 1
874 63 1
875 63 1
876 63 1
877 -64 1
878 63 1
879 63 1
880 -64 1
881 -64 1
882 63 1
883 -64 1
884 63 1
885 63 1
886 -64 1
887 63 1
888 -64 1
889 63 1
890 -64 1
891 -64 1
892 -64 1
893 63 1
894 63 1
895 -64 1
896 63 1
897 63 1
898 -64 1
899 -64 1
900 63 1
901 63 1
902 -64 1
903 -64 1
904 63 1
905 63 1
906 63 1
907 -64 1
908 63 1
909 -64 1
910 -64 1
911 -64 1
912 63 1
913 63 1
914 63 1
915 -64 1
916 -64 1
917 63 1
918 -64 1
919 -64 1
920 -64 1
921 -64 1
922 -64 1
923 63 1
924 63 1
925 -64 1
926 63 1
927 63 1
928 63 1
929 -64 1
930 63 1
931 -64 1
932 -64 1
933 -64 1
934 -64 1
935 -64 1
936 63 1
937 -64 1
938 63 1
939 -64 1
940 63 1
941 -64 1
942 63 1
943 63 1
944 63 1
945 63 1
946 63 1
947 63 1
948 -64 1
949 -64 1
950 -64 1
951 -64 1
952 -64 1
953 -64 1
954 -64 1
955 63 1
956 63 1
957 63 1
958 63 1
959 63 1
960 63 1
961 -64 1
962 -64 1
963 -64 1
964 -64 1
965 63 1
966 -64 1
967 -64 1
968 -64 1
969 -64 1
970 63 1
971 -64 1
972 -64 1
973 -64 1
974 63 1
975 -64 1
976 63 1
977 -64 1
978 63 1
979 63 1
980 -64 1
981 63 1
982 63 1
983 63 1
984 63 1
985 63 1
986 63 1
987 63 1
988 63 1
989 63 1
990 -64 1
991 -64 1
992 -64 1
993 -64 1
994 63 1
995 -64 1
996 63 1
997 63 1
998 -64 1
999 -64 1
1000 -64 1
1001 63 1
1002 63 1
1003 63 1
1004 63 1
1005 -64 1
1006 -64 1
1007 -64 1
1008 63 1
1009 63 1
1010 -64 1
1011 63 1
1012 63 1
1013 63 1
1014 -64 1
1015 -64 1
1016 63 1
1017 63 1
1018 -64 1
1019 -64 1
1020 63 1
1021 -64 1
1022 -64 1
1023 -64 1
1024 63 1
1025 -64 1
1026 -64 1
1027 -64 1
1028 -64 1
1029 63 1
1030 -64 1
1031 -64 1
1032 -64 1
1033 63 1
1034 -64 1
1035 -64 1
1036 -64 1
1037 63 1
1038 -64 1
1039 63 1
1040 63 1
1041 -64 1
1042 63 1
1043 63 1
1044 63 1
1045 -64 1
1046 63 1
1047 -64 1
1048 -64 1
1049 63 1
1050 -64 1
1051 -64 1
1052 63 1
1053 63 1
1054 -64 1
1055 63 1
1056 63 1
1057 -64 1
1058 -64 1
1059 63 1
1060 -64 1
1061 -64 1
1062 -64 1
1063 -64 1
1064 63 1
1065 63 1
1066 -64 1
1067 63 1
1068 63 1
1069 63 1
1070 -64 1
1071 -64 1
1072 63 1
1073 -64 1
1074 -64 1
1075 63 1
1076 -64 1
1077 -64 1
1078 -64 1
1079 63 1
1080 -64 1
1081 63 1
1082 -64 1
1083 63 1
1084 63 1
1085 -64 1
1086 63 1
1087 -64 1
1088 -64 1
1089 63 1
1090 -64 1
1091 -64 1
1092 -64 1
1093 -64 1
1094 -64 1
1095 -64 1
1096 -64 1
1097 -64 1
1098 63 1
1099 -64 1
1100 -64 1
1101 63 1
1102 -64 1
1103 63 1
1104 -64 1
1105 -64 1
1106 63 1
1107 -64 1
1108 -64 1
1109 63 1
1110 -64 1
1111 63 1
1112 -64 1
1113 -64 1
1114 -64 1
1115 63 1
1116 -64 1
1117 -64 1
1118 -64 1
1119 63 1
1120 63 1
1121 63 1
1122 63 1
1123 63 1
1124 63 1
1125 -64 1
1126 -64 1
1127 -64 1
1128 -64 1
1129 -64 1
1130 63 1
1131 -64 1
1132 -64 1
1133 63 1
1134 63 1
1135 63 1
1136 63 1
1137 -64 1
1138 63 1
1139 63 1
1140 63 1
1141 -64 1
1142 -64 1
1143 63 1
1144 -64 1
1145 63 1
1146 -64 1
1147 -64 1
1148 -64 1
1149 63 1
1150 -64 1
1151 -64 1
1152 63 1
1153 63 1
1154 63 1
1155 -64 1
1156 -64 1
1157 63 1
1158 -64 1
1159 63 1
1160 -64 1
1161 -64 1
1162 63 1
1163 -64 1
1164 -64 1
1165 63 1
1166 63 1
1167 -64 1
1168 -64 1
1169 63 1
1170 -64 1
1171 -64 1
1172 -64 1
1173 -64 1
1174 63 1
1175 -64 1
1176 -64 1
1177 -64 1
1178 63 1
1179 63 1
1180 63 1
1181 63 1
1182 -64 1
1183 -64 1
1184 -64 1
1185 63 1
1186 -64 1
1187 63 1
1188 63 1
1189 -61 1
1190 -64 1
1191 63 1
1192 50 1
1193 57 1
1194 61 1
1195 -61 1
1196 21 1
1197 54 1
1198 -12 1
1199 34 1
1200 -35 1
1201 -50 1
1202 -59 1
1203 -59 1
1204 -57 1
1205 -64 1
1206 51 1
1207 -64 1
1208 -64 1
1209 63 1
1210 63 1
1211 -64 1
1212 63 1
1213 63 1
1214 63 1
1215 -64 1
1216 -64 1
1217 -64 1
1218 63 1
1219 63 1
1220 -64 1
1221 63 1
1222 -64 1
1223 -64 1
1224 -64 1
1225 -64 1
1226 63 1
1227 -64 1
1228 63 1
1229 63 1
1230 -64 1
1231 63 1
1232 -64 1
1233 63 1
1234 -64 1
1235 63 1
1236 63 1
1237 63 1
1238 -64 1
1239 63 1
1240 63 1
1241 -64 1
1242 63 1
1243 63 1
1244 63 1
1245 -64 1
1246 63 1
1247 -64 1
1248 -64 1
1249 -64 1
1250 63 1
1251 63 1
1252 63 1
1253 -64 1
1254 -64 1
1255 63 1
1256 -64 1
1257 -64 1
1258 63 1
1259 -64 1
1260 63 1
1261 63 1
1262 63 1
1263 -64 1
1264 -64 1
1265 63 1
1266 63 1
1267 -64 1
1268 -64 1
1269 63 1
1270 -64 1
1271 -64 1
1272 63 1
1273 -64 1
1274 63 1
1275 -64 1
1276 63 1
1277 -64 1
1278 63 1
1279 63 1
1280 -64 1
1281 -64 1
1282 -64 1
1283 63 1
1284 63 1
1285 63 1
1286 -64 1
1287 63 1
1288 63 1
1289 -64 1
1290 63 1
1291 -64 1
1292 63 1
1293 -64 1
1294 63 1
1295 63 1
1296 63 1
1297 63 1
1298 63 1
1299 63 1
1300 -64 1
1301 -64 1
1302 -64 1
1303 -64 1
1304 63 1
1305 63 1
1306 63 1
1307 -64 1
1308 63 1
1309 -64 1
1310 -64 1
1311 -64 1
1312 -64 1
1313 -64 1
1314 -64 1
1315 63 1
1316 -64 1
1317 63 1
1318 63 1
1319 -64 1
1320 -64 1
1321 63 1
1322 -64 1
1323 63 1
1324 63 1
1325 63 1
1326 -64 1
1327 63 1
1328 63 1
1329 63 1
1330 -64 1
1331 -64 1
1332 -64 1
1333 -64 1
1334 -64 1
1335 -64 1
1336 -64 1
1337 -64 1
1338 -64 1
1339 -64 1
1340 63 1
1341 -64 1
1342 63 1
1343 -64 1
1344 -64 1
1345 63 1
1346 63 1
1347 -64 1
1348 63 1
1349 63 1
1350 -64 1
1351 -64 1
1352 -64 1
1353 63 1
1354 63 1
1355 -64 1
1356 63 1
1357 63 1
1358 63 1
1359 63 1
1360 63 1
1361 -64 1
1362 63 1
1363 -64 1
1364 -64 1
1365 -64 1
1366 -64 1
1367 -64 1
1368 63 1
1369 -64 1
1370 63 1
1371 -64 1
1372 63 1
1373 63 1
1374 63 1
1375 63 1
1376 63 1
1377 63 1
1378 -64 1
1379 63 1
1380 -64 1
1381 63 1
1382 63 1
1383 63 1
1384 -64 1
1385 -64 1
1386 -64 1
1387 63 1
1388 63 1
1389 -64 1
1390 63 1
1391 -64 1
1392 63 1
1393 -64 1
1394 63 1
1395 -64 1
1396 -64 1
1397 -64 1
1398 -64 1
1399 -64 1
1400 63 1
1401 63 1
1402 63 1
1403 63 1
1404 63 1
1405 -64 1
1406 63 1
1407 63 1
1408 -64 1
1409 63 1
1410 -64 1
1411 -64 1
1412 63 1
1413 -64 1
1414 63 1
1415 63 1
1416 -64 1
1417 63 1
1418 63 1
1419 -64 1
1420 63 1
1421 -64 1
1422 63 1
1423 63 1
1424 -64 1
1425 63 1
1426 63 1
1427 -64 1
1428 -64 1
1429 -64 1
1430 -64 1
1431 63 1
1432 63 1
1433 63 1
1434 63 1
1435 63 1
1436 63 1
1437 63 1
1438 -64 1
1439 63 1
1440 63 1
1441 63 1
1442 -64 1
1443 -64 1
1444 -64 1
1445 -64 1
1446 63 1
1447 -64 1
1448 63 1
1449 63 1
1450 63 1
1451 -64 1
1452 -64 1
1453 63 1
1454 -64 1
1455 -64 1
1456 63 1
1457 63 1
1458 63 1
1459 63 1
1460 63 1
1461 -64 1
1462 63 1
1463 63 1
1464 63 1
1465 -64 1
1466 63 1
1467 63 1
1468 63 1
1469 -64 1
1470 63 1
1471 -64 1
1472 -64 1
1473 -64 1
1474 63 1
1475 -64 1
1476 -64 1
1477 63 1
1478 63 1
1479 -64 1
1480 63 1
1481 63 1
1482 63 1
1483 63 1
1484 -64 1
1485 63 1
1486 -64 1
1487 63 1
1488 -64 1
1489 -64 1
1490 -64 1
1491 63 1
1492 -64 1
1493 -64 1
1494 -64 1
1495 -64 1
1496 -64 1
1497 63 1
1498 -64 1
1499 -64 1
1500 63 1
1501 63 1
1502 -64 1
1503 63 1
1504 63 1
1505 -64 1
1506 63 1
1507 63 1
1508 -64 1
1509 63 1
1510 63 1
1511 -64 1
1512 -64 1
1513 -64 1
1514 -64 1
1515 63 1
1516 -64 1
1517 -64 1
1518 63 1
1519 63 1
1520 63 1
1521 63 1
1522 -64 1
1523 -64 1
1524 63 1
1525 63 1
1526 -64 1
1527 63 1
1528 -64 1
1529 -64 1
1530 63 1
1531 63 1
1532 63 1
1533 63 1
1534 -64 1
1535 63 1
1536 63 1
1537 63 1
1538 -64 1
1539 -64 1
1540 63 1
1541 -64 1
1542 63 1
1543 63 1
1544 63 1
1545 -64 1
1546 63 1
1547 -64 1
1548 63 1
1549 63 1
1550 -64 1
1551 -64 1
1552 -64 1
1553 63 1
1554 -64 1
1555 -64 1
1556 63 1
1557 63 1
1558 63 1
1559 63 1
1560 63 1
1561 63 1
1562 63 1
1563 -64 1
1564 63 1
1565 -64 1
1566 63 1
1567 -64 1
1568 63 1
1569 -64 1
1570 63 1
1571 -64 1
1572 63 1
1573 -64 1
1574 63 1
1575 63 1
1576 63 1
1577 -64 1
1578 63 1
1579 -64 1
1580 63 1
1581 63 1
1582 -64 1
1583 -64 1
1584 -64 1
1585 -64 1
1586 -64 1
1587 -64 1
1588 -64 1
1589 -64 1
1590 -64 1
1591 -64 1
1592 -64 1
1593 63 1
1594 63 1
1595 -38 1
1596 -64 1
1597 -47 1
1598 61 1
1599 38 1
1600 -38 1
1601 -44 1
1602 -55 1
1603 58 1
1604 55 1
1605 63 1
1606 63 1
1607 -64 1
1608 -64 1
1609 63 1
1610 -64 1
1611 63 1
1612 -64 1
1613 63 1
1614 63 1
1615 63 1
1616 -64 1
1617 63 1
1618 -64 1
1619 63 1
1620 -64 1
1621 63 1
1622 -64 1
1623 63 1
1624 -64 1
1625 63 1
1626 -64 1
1627 -64 1
1628 63 1
1629 63 1
1630 -64 1
1631 -64 1
1632 -64 1
1633 63 1
1634 -64 1
1635 63 1
1636 63 1
1637 63 1
1638 -64 1
1639 63 1
1640 63 1
1641 -64 1
1642 -64 1
1643 63 1
1644 63 1
1645 63 1
1646 -64 1
1647 -64 1
1648 63 1
1649 63 1
1650 -64 1
1651 -64 1
1652 63 1
1653 -64 1
1654 63 1
1655 63 1
1656 63 1
1657 -64 1
1658 63 1
1659 63 1
1660 63 1
1661 -64 1
1662 -64 1
1663 -64 1
1664 63 1
1665 -64 1
1666 -64 1
1667 -64 1
1668 63 1
1669 -64 1
1670 63 1
1671 63 1
1672 63 1
1673 -64 1
1674 63 1
1675 63 1
1676 63 1
1677 63 1
1678 -64 1
1679 63 1
1680 63 1
1681 63 1
1682 -64 1
1683 63 1
1684 -64 1
1685 63 1
1686 -64 1
1687 63 1
1688 63 1
1689 63 1
1690 -64 1
1691 -64 1
1692 -64 1
1693 63 1
1694 63 1
1695 63 1
1696 63 1
1697 63 1
1698 63 1
1699 -64 1
1700 63 1
1701 63 1
1702 -64 1
1703 -64 1
1704 -64 1
1705 63 1
1706 -64 1
1707 63 1
1708 -64 1
1709 63 1
1710 63 1
1711 63 1
1712 -64 1
1713 -64 1
1714 63 1
1715 -64 1
1716 -64 1
1717 63 1
1718 63 1
1719 63 1
1720 -64 1
1721 -64 1
1722 63 1
1723 -64 1
1724 63 1
1725 -64 1
1726 63 1
1727 -64 1
1728 -64 1
1729 -64 1
1730 -64 1
1731 63 1
1732 -64 1
1733 -64 1
1734 63 1
1735 -64 1
1736 -64 1
1737 -64 1
1738 -64 1
1739 63 1
1740 -64 1
1741 63 1
1742 63 1
1743 63 1
1744 -64 1
1745 -64 1
1746 -64 1
1747 -64 1
1748 63 1
1749 63 1
1750 -64 1
1751 63 1
1752 -64 1
1753 63 1
1754 -64 1
1755 -64 1
1756 -64 1
1757 -64 1
1758 63 1
1759 -64 1
1760 63 1
1761 63 1
1762 -64 1
1763 63 1
1764 63 1
1765 63 1
1766 63 1
1767 -64 1
1768 -64 1
1769 63 1
1770 63 1
1771 63 1
1772 -64 1
1773 -64 1
1774 63 1
1775 -64 1
1776 63 1
1777 -64 1
1778 -64 1
1779 63 1
1780 -64 1
1781 63 1
1782 -64 1
1783 63 1
1784 -64 1
1785 63 1
1786 63 1
1787 63 1
1788 63 1
1789 -64 1
1790 63 1
1791 -64 1
1792 63 1
1793 63 1
1794 -64 1
1795 63 1
1796 -64 1
1797 -64 1
1798 -64 1
1799 -64 1
1800 63 1
1801 -64 1
1802 -64 1
1803 63 1
1804 63 1
1805 63 1
1806 -64 1
1807 -64 1
1808 -64 1
1809 -64 1
1810 -64 1
1811 63 1
1812 63 1
1813 63 1
1814 -64 1
1815 -64 1
1816 -64 1
1817 63 1
1818 63 1
1819 -64 1
1820 63 1
1821 -64 1
1822 -64 1
1823 -64 1
1824 -64 1
1825 -64 1
1826 63 1
1827 -64 1
1828 63 1
1829 -64 1
1830 63 1
1831 -64 1
1832 -64 1
1833 63 1
1834 63 1
1835 63 1
1836 -64 1
1837 63 1
1838 63 1
1839 -64 1
1840 63 1
1841 63 1
1842 -64 1
1843 -64 1
1844 63 1
1845 63 1
1846 63 1
1847 63 1
1848 -64 1
1849 -64 1
1850 -64 1
1851 63 1
1852 -64 1
1853 63 1
1854 -64 1
1855 63 1
1856 63 1
1857 63 1
1858 63 1
1859 63 1
1860 -64 1
1861 -64 1
1862 -64 1
1863 63 1
1864 -64 1
1865 63 1
1866 -64 1
1867 63 1
1868 63 1
1869 -64 1
1870 63 1
1871 -64 1
1872 63 1
1873 -64 1
1874 -64 1
1875 63 1
1876 63 1
1877 -64 1
1878 63 1
1879 -64 1
1880 63 1
1881 63 1
1882 -64 1
1883 63 1
1884 63 1
1885 -64 1
1886 63 1
1887 -64 1
1888 63 1
1889 63 1
1890 63 1
1891 -64 1
1892 -64 1
1893 63 1
1894 63 1
1895 63 1
1896 63 1
1897 63 1
1898 -64 1
1899 63 1
1900 -64 1
1901 63 1
1902 -64 1
1903 -64 1
1904 63 1
1905 63 1
1906 -64 1
1907 -64 1
1908 -64 1
1909 -64 1
1910 -64 1
1911 63 1
1912 -64 1
1913 -64 1
1914 63 1
1915 -64 1
1916 -64 1
1917 -64 1
1918 -64 1
1919 63 1
1920 63 1
1921 -64 1
1922 63 1
1923 -64 1
1924 63 1
1925 -64 1
1926 63 1
1927 -64 1
1928 -64 1
1929 63 1
1930 -64 1
1931 63 1
1932 -64 1
1933 -64 1
1934 63 1
1935 -64 1
1936 63 1
1937 -64 1
1938 63 1
1939 -64 1
1940 -64 1
1941 -64 1
1942 -64 1
1943 63 1
1944 -64 1
1945 63 1
1946 -64 1
1947 -64 1
1948 -64 1
1949 63 1
1950 63 1
1951 63 1
1952 -64 1
1953 63 1
1954 63 1
1955 63 1
1956 -64 1
1957 63 1
1958 -64 1
1959 -64 1
1960 63 1
1961 -64 1
1962 -64 1
1963 -64 1
1964 63 1
1965 63 1
1966 -64 1
1967 63 1
1968 63 1
1969 -64 1
1970 63 1
1971 63 1
1972 63 1
1973 -64 1
1974 -64 1
1975 63 1
1976 63 1
1977 -64 1
1978 63 1
1979 63 1
1980 -64 1
1981 63 1
1982 63 1
1983 -64 1
1984 63 1
1985 63 1
1986 63 1
1987 63 1
1988 63 1
1989 -64 1
1990 63 1
1991 63 1
1992 55 1
1993 63 1
1994 -40 1
1995 54 1
1996 57 1
1997 -47 1
1998 48 1
1999 -30 1
2000 -39 1
2001 -42 1
2002 55 1
2003 -48 1
2004 43 1
2005 -53 1
2006 -51 1
2007 -64 1
2008 63 1
2009 -60 1
2010 63 1
2011 -64 1
2012 -64 1
2013 63 1
2014 -64 1
2015 -64 1
2016 63 1
2017 63 1
2018 63 1
2019 63 1
2020 63 1
2021 63 1
2022 63 1
2023 63 1
2024 -64 1
2025 63 1
2026 63 1
2027 63 1
2028 -64 1
2029 -64 1
2030 63 1
2031 -64 1
2032 63 1
2033 -64 1
2034 63 1
2035 -64 1
2036 63 1
2037 -64 1
2038 -64 1
2039 -64 1
2040 63 1
2041 63 1
2042 63 1
2043 63 1
2044 63 1
2045 -64 1
2046 -64 1
2047 63 1
2048 63 1
2049 63 1
2050 -64 1
2051 -64 1
2052 63 1
2053 -64 1
2054 -64 1
2055 63 1
2056 63 1
2057 -64 1
2058 -64 1
2059 63 1
2060 -64 1
2061 63 1
2062 -64 1
2063 63 1
2064 -64 1
2065 63 1
2066 -64 1
2067 63 1
2068 -64 1
2069 -64 1
2070 -64 1
2071 -64 1
2072 63 1
2073 63 1
2074 -64 1
2075 -64 1
2076 -64 1
2077 -64 1
2078 -64 1
2079 63 1
2080 63 1
2081 63 1
2082 63 1
2083 63 1
2084 63 1
2085 63 1
2086 -64 1
2087 -64 1
2088 -64 1
2089 63 1
2090 63 1
2091 -64 1
2092 63 1
2093 -64 1
2094 63 1
2095 -64 1
2096 -64 1
2097 -64 1
2098 63 1
2099 63 1
2100 63 1
2101 63 1
2102 63 1
2103 63 1
2104 63 1
2105 -64 1
2106 -64 1
2107 63 1
2108 -64 1
2109 63 1
2110 -64 1
2111 63 1
2112 -64 1
2113 -64 1
2114 -64 1
2115 63 1
2116 63 1
2117 -64 1
2118 -64 1
2119 63 1
2120 63 1
2121 -64 1
2122 -64 1
2123 -64 1
2124 63 1
2125 63 1
2126 -64 1
2127 -64 1
2128 -64 1
2129 -64 1
2130 63 1
2131 -64 1
2132 63 1
2133 63 1
2134 -64 1
2135 63 1
2136 -64 1
2137 -64 1
2138 63 1
2139 63 1
2140 63 1
2141 63 1
2142 63 1
2143 -64 1
2144 63 1
2145 63 1
2146 -64 1
2147 63 1
2148 63 1
2149 63 1
2150 63 1
2151 63 1
2152 63 1
2153 -64 1
2154 63 1
2155 -64 1
2156 63 1
2157 63 1
2158 63 1
2159 63 1
2160 -64 1
2161 63 1
2162 63 1
2163 63 1
2164 -64 1
2165 63 1
2166 -64 1
2167 -64 1
2168 -64 1
2169 63 1
2170 63 1
2171 63 1
2172 63 1
2173 -64 1
2174 63 1
2175 63 1
2176 63 1
2177 63 1
2178 -64 1
2179 63 1
2180 63 1
2181 63 1
2182 -64 1
2183 -64 1
2184 63 1
2185 63 1
2186 -64 1
2187 -64 1
2188 63 1
2189 63 1
2190 -64 1
2191 -64 1
2192 63 1
2193 63 1
2194 -64 1
2195 63 1
2196 63 1
2197 63 1
2198 63 1
2199 63 1
2200 63 1
2201 63 1
2202 63 1
2203 -64 1
2204 -64 1
2205 63 1
2206 -64 1
2207 -64 1
2208 -64 1
2209 63 1
2210 -64 1
2211 63 1
2212 -64 1
2213 -64 1
2214 63 1
2215 63 1
2216 -64 1
2217 63 1
2218 -64 1
2219 63 1
2220 -64 1
2221 -64 1
2222 63 1
2223 63 1
2224 63 1
2225 -64 1
2226 63 1
2227 -64 1
2228 -64 1
2229 -64 1
2230 -64 1
2231 -64 1
2232 -64 1
2233 63 1
2234 63 1
2235 -64 1
2236 -64 1
2237 -64 1
2238 -64 1
2239 63 1
2240 63 1
2241 63 1
2242 -64 1
2243 -64 1
2244 63 1
2245 63 1
2246 -64 1
2247 63 1
2248 -64 1
2249 -64 1
2250 -64 1
2251 -64 1
2252 63 1
2253 63 1
2254 63 1
2255 63 1
2256 63 1
2257 63 1
2258 -64 1
2259 -64 1
2260 -64 1
2261 63 1
2262 -64 1
2263 -64 1
2264 63 1
2265 -64 1
2266 -64 1
2267 63 1
2268 -64 1
2269 -64 1
2270 63 1
2271 63 1
2272 63 1
2273 63 1
2274 63 1
2275 63 1
2276 -64 1
2277 63 1
2278 63 1
2279 63 1
2280 63 1
2281 63 1
2282 63 1
2283 -64 1
2284 63 1
2285 63 1
2286 63 1
2287 63 1
2288 -64 1
2289 63 1
2290 63 1
2291 -64 1
2292 63 1
2293 -64 1
2294 63 1
2295 -64 1
2296 -64 1
2297 -64 1
2298 -64 1
2299 63 1
2300 -64 1
2301 63 1
2302 63 1
2303 -64 1
2304 63 1
2305 63 1
2306 -64 1
2307 63 1
2308 -64 1
2309 -64 1
2310 63 1
2311 63 1
2312 -64 1
2313 -64 1
2314 63 1
2315 -64 1
2316 -64 1
2317 63 1
2318 63 1
2319 63 1
2320 63 1
2321 -64 1
2322 63 1
2323 -64 1
2324 63 1
2325 63 1
2326 -64 1
2327 63 1
2328 -64 1
2329 63 1
2330 -64 1
2331 63 1
2332 -64 1
2333 63 1
2334 63 1
2335 63 1
2336 -64 1
2337 63 1
2338 63 1
2339 63 1
2340 63 1
2341 -64 1
2342 -64 1
2343 63 1
2344 -64 1
2345 -64 1
2346 63 1
2347 -64 1
2348 63 1
2349 -64 1
2350 -64 1
2351 -64 1
2352 63 1
2353 -64 1
2354 63 1
2355 63 1
2356 -64 1
2357 63 1
2358 -64 1
2359 -64 1
2360 -64 1
2361 63 1
2362 -64 1
2363 63 1
2364 63 1
2365 63 1
2366 -64 1
2367 -64 1
2368 -64 1
2369 -64 1
2370 -64 1
2371 -64 1
2372 63 1
2373 -64 1
2374 63 1
2375 63 1
2376 -64 1
2377 63 1
2378 -64 1
2379 -64 1
2380 -64 1
2381 -64 1
2382 63 1
2383 -64 1
2384 63 1
2385 -64 1
2386 -64 1
2387 -64 1
2388 -64 1
2389 -64 1
2390 -64 1
2391 -64 1
2392 63 1
2393 -54 1
2394 63 1
2395 61 1
2396 47 1
2397 -63 1
2398 -37 1
2399 42 1
2400 -40 1
2401 -19 1
2402 -35 1
2403 63 1
2404 55 1
2405 14 1
2406 -44 1
2407 49 1
2408 -60 1
2409 -62 1
2410 -64 1
2411 -64 1
2412 -55 1
2413 -64 1
2414 63 1
2415 63 1
2416 -64 1
2417 63 1
2418 63 1
2419 -64 1
2420 -64 1
2421 -64 1
2422 63 1
2423 63 1
2424 -64 1
2425 -64 1
2426 63 1
2427 63 1
2428 63 1
2429 63 1
2430 63 1
2431 -64 1
2432 63 1
2433 -64 1
2434 63 1
2435 -64 1
2436 -64 1
2437 63 1
2438 -64 1
2439 -64 1
2440 63 1
2441 -64 1
2442 63 1
2443 63 1
2444 -64 1
2445 -64 1
2446 -64 1
2447 63 1
2448 -64 1
2449 63 1
2450 -64 1
2451 63 1
2452 63 1
2453 -64 1
2454 -64 1
2455 63 1
2456 63 1
2457 63 1
2458 -64 1
2459 63 1
2460 -64 1
2461 63 1
2462 63 1
2463 63 1
2464 -64 1
2465 -64 1
2466 -64 1
2467 -64 1
2468 -64 1
2469 63 1
2470 -64 1
2471 -64 1
2472 -64 1
2473 63 1
2474 63 1
2475 63 1
2476 -64 1
2477 63 1
2478 -64 1
2479 -64 1
2480 -64 1
2481 -64 1
2482 63 1
2483 63 1
2484 -64 1
2485 63 1
2486 -64 1
2487 -64 1
2488 -64 1
2489 63 1
2490 63 1
2491 63 1
2492 63 1
2493 -64 1
2494 -64 1
2495 -64 1
2496 -64 1
2497 63 1
2498 63 1
2499 -64 1
2500 -64 1
2501 -64 1
2502 63 1
2503 -64 1
2504 -64 1
2505 -64 1
2506 -64 1
2507 -64 1
2508 63 1
2509 -64 1
2510 -64 1
2511 -64 1
2512 -64 1
2513 -64 1
2514 -64 1
2515 -64 1
2516 -64 1
2517 -64 1
2518 -64 1
2519 -64 1
2520 63 1
2521 -64 1
2522 63 1
2523 63 1
2524 -64 1
2525 63 1
2526 63 1
2527 -64 1
2528 63 1
2529 -64 1
2530 -64 1
2531 63 1
2532 63 1
2533 -64 1
2534 63 1
2535 -64 1
2536 -64 1
2537 -64 1
2538 -64 1
2539 63 1
2540 -64 1
2541 -64 1
2542 -64 1
2543 -64 1
2544 63 1
2545 63 1
2546 63 1
2547 63 1
2548 63 1
2549 63 1
2550 -64 1
2551 -64 1
2552 -64 1
2553 63 1
2554 63 1
2555 -64 1
2556 63 1
2557 63 1
2558 -64 1
2559 -64 1
2560 -64 1
2561 -64 1
2562 -64 1
2563 63 1
2564 63 1
2565 63 1
2566 -64 1
2567 -64 1
2568 -64 1
2569 63 1
2570 -64 1
2571 63 1
2572 -64 1
2573 63 1
2574 -64 1
2575 -64 1
2576 -64 1
2577 -64 1
2578 -64 1
2579 63 1
2580 63 1
2581 -64 1
2582 63 1
2583 -64 1
2584 -64 1
2585 63 1
2586 63 1
2587 63 1
2588 -64 1
2589 -64 1
2590 -64 1
2591 63 1
2592 -64 1
2593 63 1
2594 -64 1
2595 -64 1
2596 -64 1
2597 -64 1
2598 63 1
2599 -64 1
2600 63 1
2601 -64 1
2602 63 1
2603 -64 1
2604 -64 1
2605 -64 1
2606 -64 1
2607 63 1
2608 -64 1
2609 -64 1
2610 -64 1
2611 -64 1
2612 63 1
2613 -64 1
2614 63 1
2615 -64 1
2616 63 1
2617 63 1
2618 -64 1
2619 63 1
2620 63 1
2621 63 1
2622 63 1
2623 -64 1
2624 -64 1
2625 63 1
2626 63 1
2627 -64 1
2628 -64 1
2629 -64 1
2630 -64 1
2631 -64 1
2632 -64 1
2633 63 1
2634 63 1
2635 63 1
2636 -64 1
2637 63 1
2638 -64 1
2639 -64 1
2640 63 1
2641 63 1
2642 63 1
2643 63 1
2644 63 1
2645 63 1
2646 63 1
2647 -64 1
2648 63 1
2649 63 1
2650 63 1
2651 -64 1
2652 -64 1
2653 63 1
2654 -64 1
2655 -64 1
2656 63 1
2657 -64 1
2658 -64 1
2659 63 1
2660 -64 1
2661 63 1
2662 -64 1
2663 63 1
2664 63 1
2665 63 1
2666 -64 1
2667 -64 1
2668 -64 1
2669 -64 1
2670 63 1
2671 63 1
2672 63 1
2673 -64 1
2674 -64 1
2675 63 1
2676 -64 1
2677 63 1
2678 -64 1
2679 -64 1
2680 63 1
2681 -64 1
2682 -64 1
2683 63 1
2684 63 1
2685 -64 1
2686 -64 1
2687 -64 1
2688 -64 1
2689 63 1
2690 63 1
2691 -64 1
2692 -64 1
2693 63 1
2694 63 1
2695 63 1
2696 63 1
2697 63 1
2698 63 1
2699 63 1
2700 63 1
2701 63 1
2702 -64 1
2703 -64 1
2704 -64 1
2705 -64 1
2706 -64 1
2707 63 1
2708 63 1
2709 63 1
2710 63 1
2711 63 1
2712 63 1
2713 63 1
2714 -64 1
2715 63 1
2716 -64 1
2717 63 1
2718 63 1
2719 63 1
2720 -64 1
2721 -64 1
2722 63 1
2723 -64 1
2724 -64 1
2725 -64 1
2726 63 1
2727 63 1
2728 -64 1
2729 -64 1
2730 63 1
2731 63 1
2732 -64 1
2733 -64 1
2734 63 1
2735 63 1
2736 -64 1
2737 -64 1
2738 63 1
2739 -64 1
2740 63 1
2741 -64 1
2742 -64 1
2743 63 1
2744 63 1
2745 -64 1
2746 -64 1
2747 -64 1
2748 -64 1
2749 63 1
2750 63 1
2751 63 1
2752 -64 1
2753 -64 1
2754 63 1
2755 -64 1
2756 -64 1
2757 -64 1
2758 -64 1
2759 63 1
2760 -64 1
2761 63 1
2762 63 1
2763 -64 1
2764 -64 1
2765 -64 1
2766 -64 1
2767 63 1
2768 -64 1
2769 63 1
2770 -64 1
2771 63 1
2772 -64 1
2773 63 1
2774 63 1
2775 -64 1
2776 -64 1
2777 63 1
2778 63 1
2779 63 1
2780 -64 1
2781 -64 1
2782 -64 1
2783 -64 1
2784 -64 1
2785 63 1
2786 63 1
2787 -64 1
2788 63 1
2789 63 1
2790 -64 1
2791 63 1
2792 63 1
2793 63 1
2794 -60 1
2795 59 1
2796 -64 1
2797 -59 1
2798 54 1
2799 -45 1
2800 -34 1
2801 -43 1
2802 -56 1
2803 61 1
2804 46 1
2805 -40 1
2806 -57 1
2807 -52 1
2808 63 1
2809 -64 1
2810 -64 1
2811 63 1
2812 -64 1
2813 63 1
2814 63 1
2815 -64 1
2816 63 1
2817 -64 1
2818 -64 1
2819 63 1
2820 -64 1
2821 63 1
2822 -64 1
2823 63 1
2824 -64 1
2825 -64 1
2826 -64 1
2827 63 1
2828 63 1
2829 63 1
2830 63 1
2831 63 1
2832 63 1
2833 63 1
2834 63 1
2835 63 1
2836 63 1
2837 63 1
2838 63 1
2839 63 1
2840 -64 1
2841 -64 1
2842 -64 1
2843 -64 1
2844 -64 1
2845 63 1
2846 -64 1
2847 63 1
2848 -64 1
2849 63 1
2850 63 1
2851 -64 1
2852 63 1
2853 -64 1
2854 63 1
2855 -64 1
2856 63 1
2857 63 1
2858 -64 1
2859 63 1
2860 -64 1
2861 63 1
2862 -64 1
2863 63 1
2864 63 1
2865 -64 1
2866 63 1
2867 63 1
2868 63 1
2869 63 1
2870 63 1
2871 63 1
2872 -64 1
2873 -64 1
2874 63 1
2875 63 1
2876 63 1
2877 -64 1
2878 63 1
2879 -64 1
2880 63 1
2881 63 1
2882 63 1
2883 -64 1
2884 63 1
2885 -64 1
2886 63 1
2887 63 1
2888 63 1
2889 -64 1
2890 63 1
2891 -64 1
2892 -64 1
2893 63 1
2894 63 1
2895 63 1
2896 -64 1
2897 63 1
2898 63 1
2899 63 1
2900 63 1
2901 63 1
2902 -64 1
2903 -64 1
2904 63 1
2905 63 1
2906 -64 1
2907 -64 1
2908 -64 1
2909 63 1
2910 -64 1
2911 -64 1
2912 -64 1
2913 63 1
2914 63 1
2915 63 1
2916 -64 1
2917 -64 1
2918 63 1
2919 63 1
2920 -64 1
2921 63 1
2922 -64 1
2923 63 1
2924 63 1
2925 -64 1
2926 -64 1
2927 63 1
2928 -64 1
2929 63 1
2930 63 1
2931 -64 1
2932 63 1
2933 -64 1
2934 -64 1
2935 63 1
2936 -64 1
2937 63 1
2938 -64 1
2939 63 1
2940 63 1
2941 63 1
2942 -64 1
2943 63 1
2944 63 1
2945 -64 1
2946 -64 1
2947 -64 1
2948 63 1
2949 63 1
2950 63 1
2951 63 1
2952 -64 1
2953 -64 1
2954 63 1
2955 63 1
2956 63 1
2957 -64 1
2958 -64 1
2959 63 1
2960 -64 1
2961 -64 1
2962 63 1
2963 -64 1
2964 -64 1
2965 63 1
2966 63 1
2967 -64 1
2968 -64 1
2969 63 1
2970 63 1
2971 -64 1
2972 63 1
2973 63 1
2974 -64 1
2975 -64 1
2976 -64 1
2977 63 1
2978 63 1
2979 -64 1
2980 -64 1
2981 -64 1
2982 -64 1
2983 -64 1
2984 63 1
2985 63 1
2986 -64 1
2987 63 1
2988 -64 1
2989 63 1
2990 -64 1
2991 -64 1
2992 63 1
2993 -64 1
2994 63 1
2995 -64 1
2996 -64 1
2997 -64 1
2998 63 1
2999 63 1
3000 63 1
3001 -64 1
3002 63 1
3003 -64 1
3004 63 1
3005 -64 1
3006 63 1
3007 -64 1
3008 -64 1
3009 63 1
3010 -64 1
3011 -64 1
3012 63 1
3013 -64 1
3014 63 1
3015 63 1
3016 63 1
3017 63 1
3018 -64 1
3019 63 1
3020 -64 1
3021 -64 1
3022 63 1
3023 63 1
3024 63 1
3025 63 1
3026 -64 1
3027 -64 1
3028 63 1
3029 -64 1
3030 -64 1
3031 63 1
3032 -64 1
3033 -64 1
3034 -64 1
3035 63 1
3036 63 1
3037 -64 1
3038 -64 1
3039 63 1
3040 -64 1
3041 63 1
3042 -64 1
3043 63 1
3044 63 1
3045 63 1
3046 -64 1
3047 63 1
3048 -64 1
3049 -64 1
3050 -64 1
3051 -64 1
3052 63 1
3053 -64 1
3054 -64 1
3055 63 1
3056 -64 1
3057 63 1
3058 -64 1
3059 -64 1
3060 -64 1
3061 63 1
3062 63 1
3063 -64 1
3064 63 1
3065 63 1
3066 -64 1
3067 63 1
3068 63 1
3069 63 1
3070 -64 1
3071 -64 1
3072 -64 1
3073 63 1
3074 -64 1
3075 63 1
3076 -64 1
3077 63 1
3078 -64 1
3079 -64 1
3080 63 1
3081 -64 1
3082 63 1
3083 -64 1
3084 63 1
3085 63 1
3086 63 1
3087 63 1
3088 63 1
3089 -64 1
3090 -64 1
3091 -64 1
3092 63 1
3093 63 1
3094 63 1
3095 -64 1
3096 -64 1
3097 63 1
3098 63 1
3099 -63 1
3100 63 1
3101 63 1
3102 63 1
3103 -64 1
3104 63 1
3105 63 1
3106 -64 1
3107 -64 1
3108 63 1
3109 -64 1
3110 -64 1
3111 63 1
3112 -64 1
3113 -64 1
3114 63 1
3115 -64 1
3116 63 1
3117 63 1
3118 -64 1
3119 -64 1
3120 63 1
3121 63 1
3122 63 1
3123 63 1
3124 63 1
3125 -64 1
3126 63 1
3127 63 1
3128 -64 1
3129 -64 1
3130 -64 1
3131 63 1
3132 63 1
3133 -64 1
3134 -64 1
3135 -64 1
3136 -64 1
3137 63 1
3138 63 1
3139 -64 1
3140 63 1
3141 -64 1
3142 -64 1
3143 63 1
3144 63 1
3145 -64 1
3146 63 1
3147 -64 1
3148 -64 1
3149 -64 1
3150 63 1
3151 63 1
3152 63 1
3153 63 1
3154 63 1
3155 63 1
3156 -64 1
3157 63 1
3158 -64 1
3159 -64 1
3160 -64 1
3161 -64 1
3162 63 1
3163 63 1
3164 -64 1
3165 -64 1
3166 -64 1
3167 63 1
3168 63 1
3169 63 1
3170 63 1
3171 63 1
3172 -64 1
3173 63 1
3174 63 1
3175 63 1
3176 63 1
3177 -64 1
3178 63 1
3179 -64 1
3180 -64 1
3181 -64 1
3182 63 1
3183 63 1
3184 -64 1
3185 -64 1
3186 -64 1
3187 63 1
3188 -64 1
3189 -64 1
3190 63 1
3191 63 1
3192 -64 1
3193 -64 1
3194 63 1
3195 -64 1
3196 63 1
3197 63 1
3198 63 1
3199 63 1
