# idx_int bit_int post_llr_q hard
0 1 63 1
1 1 63 1
2 0 -64 0
3 0 -64 0
4 1 63 1
5 0 -64 0
6 1 63 1
7 1 63 1
8 1 63 1
9 0 -64 0
10 1 63 1
11 0 -64 0
12 0 -64 0
13 1 63 1
14 1 63 1
15 0 -64 0
16 1 63 1
17 1 63 1
18 1 63 1
19 1 63 1
20 0 -64 0
21 0 -64 0
22 0 -64 0
23 0 -64 0
24 1 63 1
25 0 -64 0
26 0 -64 0
27 1 63 1
28 0 -64 0
29 1 63 1
30 1 63 1
31 0 -64 0
32 1 63 1
33 0 -64 0
34 0 -64 0
35 1 63 1
36 1 63 1
37 0 -64 0
38 1 63 1
39 0 -64 0
40 0 -64 0
41 0 -64 0
42 1 63 1
43 0 -64 0
44 1 63 1
45 0 -64 0
46 1 63 1
47 0 -64 0
48 1 63 1
49 0 -64 0
50 0 -64 0
51 1 63 1
52 0 -64 0
53 0 -64 0
54 0 -44 0
55 0 -64 0
56 1 63 1
57 1 63 1
58 1 63 1
59 0 -64 0
60 0 -64 0
61 0 -64 0
62 1 63 1
63 1 63 1
64 0 -64 0
65 1 63 1
66 0 -64 0
67 0 -64 0
68 0 -64 0
69 0 -64 0
70 0 -64 0
71 1 63 1
72 1 63 1
73 0 -64 0
74 0 -64 0
75 0 -64 0
76 1 63 1
77 1 63 1
78 1 63 1
79 0 -64 0
80 1 63 1
81 0 -64 0
82 0 -64 0
83 0 -64 0
84 1 63 1
85 0 -64 0
86 1 63 1
87 0 -64 0
88 0 -64 0
89 0 -64 0
90 1 63 1
91 0 -64 0
92 1 63 1
93 1 63 1
94 1 63 1
95 1 63 1
96 0 -64 0
97 0 -64 0
98 0 -64 0
99 1 63 1
100 0 -64 0
101 0 -64 0
102 0 -64 0
103 0 -64 0
104 0 -64 0
105 1 63 1
106 1 63 1
107 0 -64 0
108 0 -64 0
109 1 63 1
110 1 63 1
111 1 63 1
112 0 -64 0
113 0 -64 0
114 0 -64 0
115 1 63 1
116 0 -64 0
117 0 -64 0
118 0 -64 0
119 1 63 1
120 1 63 1
121 1 63 1
122 0 -64 0
123 0 -64 0
124 0 -64 0
125 0 -64 0
126 0 -64 0
127 0 -64 0
128 0 -64 0
129 1 63 1
130 1 63 1
131 0 -64 0
132 0 -64 0
133 1 63 1
134 1 63 1
135 1 63 1
136 1 63 1
137 0 -64 0
138 0 -64 0
139 0 -64 0
140 0 -64 0
141 1 63 1
142 0 -64 0
143 1 63 1
144 1 63 1
145 0 -64 0
146 0 -64 0
147 0 -64 0
148 1 63 1
149 1 63 1
150 1 63 1
151 0 -64 0
152 1 63 1
153 0 -64 0
154 1 63 1
155 0 -64 0
156 0 -64 0
157 0 -64 0
158 1 63 1
159 0 -64 0
160 1 63 1
161 0 -64 0
162 1 63 1
163 1 63 1
164 1 63 1
165 1 63 1
166 1 63 1
167 0 -64 0
168 1 63 1
169 1 63 1
170 1 63 1
171 1 63 1
172 1 63 1
173 0 -64 0
174 0 -64 0
175 0 -64 0
176 0 -64 0
177 1 63 1
178 0 -64 0
179 0 -64 0
180 0 -64 0
181 1 63 1
182 1 63 1
183 1 63 1
184 1 63 1
185 1 63 1
186 0 -64 0
187 0 -64 0
188 1 63 1
189 1 63 1
190 1 63 1
191 0 -64 0
192 1 63 1
193 0 -64 0
194 0 -64 0
195 1 63 1
196 1 63 1
197 0 -64 0
198 1 63 1
199 1 63 1
200 1 63 1
201 1 63 1
202 1 63 1
203 1 63 1
204 1 63 1
205 1 63 1
206 0 -64 0
207 0 -64 0
208 1 63 1
209 1 63 1
210 0 -64 0
211 0 -64 0
212 1 63 1
213 0 -64 0
214 0 -64 0
215 1 63 1
216 1 63 1
217 1 63 1
218 0 -64 0
219 0 -64 0
220 0 -64 0
221 1 63 1
222 1 63 1
223 1 63 1
224 1 63 1
225 1 63 1
226 1 63 1
227 1 63 1
228 0 -64 0
229 1 63 1
230 0 -64 0
231 0 -64 0
232 1 63 1
233 0 -64 0
234 1 63 1
235 1 63 1
236 1 63 1
237 0 -64 0
238 1 35 1
239 0 -64 0
240 1 63 1
241 1 63 1
242 0 -64 0
243 1 63 1
244 1 63 1
245 1 63 1
246 1 63 1
247 1 63 1
248 1 63 1
249 0 -64 0
250 1 63 1
251 0 -64 0
252 1 63 1
253 1 63 1
254 0 -64 0
255 1 63 1
256 1 63 1
257 1 63 1
258 1 63 1
259 0 -64 0
260 0 -64 0
261 1 63 1
262 0 -64 0
263 0 -64 0
264 0 -64 0
265 0 -64 0
266 1 63 1
267 1 63 1
268 0 -64 0
269 1 63 1
270 1 63 1
271 0 -64 0
272 1 63 1
273 1 63 1
274 0 -64 0
275 1 63 1
276 1 63 1
277 0 -64 0
278 1 63 1
279 1 63 1
280 0 -64 0
281 0 -64 0
282 0 -64 0
283 1 63 1
284 0 -64 0
285 1 63 1
286 1 63 1
287 0 -64 0
288 1 63 1
289 1 63 1
290 1 63 1
291 1 63 1
292 1 39 1
293 1 63 1
294 1 63 1
295 0 -64 0
296 0 -64 0
297 0 -64 0
298 0 -64 0
299 0 -64 0
300 0 -64 0
301 0 -64 0
302 1 63 1
303 1 63 1
304 1 63 1
305 1 63 1
306 0 -64 0
307 1 63 1
308 1 63 1
309 1 63 1
310 0 -64 0
311 1 63 1
312 0 -64 0
313 1 63 1
314 1 63 1
315 1 63 1
316 0 -64 0
317 1 63 1
318 0 -64 0
319 0 -64 0
320 0 -64 0
321 0 -64 0
322 1 63 1
323 1 63 1
324 1 63 1
325 1 63 1
326 1 63 1
327 1 63 1
328 0 -64 0
329 0 -64 0
330 0 -64 0
331 1 63 1
332 1 63 1
333 0 -64 0
334 1 63 1
335 0 -64 0
336 0 -64 0
337 0 -64 0
338 1 63 1
339 1 63 1
340 1 63 1
341 1 63 1
342 0 -64 0
343 1 63 1
344 1 63 1
345 0 -64 0
346 1 63 1
347 0 -64 0
348 1 63 1
349 0 -64 0
350 1 63 1
351 0 -64 0
352 1 63 1
353 1 63 1
354 1 63 1
355 0 -64 0
356 1 63 1
357 1 63 1
358 1 63 1
359 0 -64 0
360 0 -64 0
361 0 -64 0
362 1 63 1
363 1 63 1
364 1 63 1
365 0 -64 0
366 0 -64 0
367 0 -64 0
368 0 -64 0
369 1 63 1
370 1 63 1
371 1 63 1
372 1 63 1
373 1 63 1
374 0 -64 0
375 0 -64 0
376 1 63 1
377 1 63 1
378 1 63 1
379 0 -64 0
380 1 63 1
381 1 63 1
382 1 63 1
383 0 -64 0
384 0 -64 0
385 1 63 1
386 1 63 1
387 1 63 1
388 1 63 1
389 0 -64 0
390 0 -64 0
391 1 63 1
392 0 -64 0
393 0 -64 0
394 0 -64 0
395 0 -64 0
396 0 -64 0
397 1 63 1
398 0 -64 0
399 0 -64 0
400 0 -64 0
401 0 -64 0
402 0 -64 0
403 0 -64 0
404 1 63 1
405 1 63 1
406 1 63 1
407 1 51 1
408 0 -64 0
409 0 -64 0
410 1 63 1
411 1 63 1
412 0 -64 0
413 1 63 1
414 1 63 1
415 0 -64 0
416 0 -64 0
417 0 -64 0
418 0 -64 0
419 1 63 1
420 1 63 1
421 0 -64 0
422 1 63 1
423 0 -64 0
424 0 -64 0
425 1 63 1
426 1 63 1
427 0 -64 0
428 0 -64 0
429 0 -64 0
430 1 63 1
431 0 -64 0
432 0 -64 0
433 1 63 1
434 1 63 1
435 1 63 1
436 0 -64 0
437 1 63 1
438 1 63 1
439 0 -64 0
440 1 63 1
441 1 63 1
442 1 63 1
443 1 63 1
444 1 63 1
445 0 -64 0
446 0 -64 0
447 1 63 1
448 0 -64 0
449 1 63 1
450 1 63 1
451 1 63 1
452 1 63 1
453 0 -64 0
454 0 -64 0
455 0 -64 0
456 0 -64 0
457 0 -64 0
458 0 -64 0
459 1 63 1
460 1 63 1
461 1 63 1
462 1 63 1
463 1 63 1
464 1 63 1
465 1 63 1
466 0 -64 0
467 0 -64 0
468 1 63 1
469 0 -64 0
470 0 -64 0
471 1 63 1
472 0 -64 0
473 1 63 1
474 1 63 1
475 1 63 1
476 1 63 1
477 1 63 1
478 1 63 1
479 1 63 1
480 1 63 1
481 1 63 1
482 0 -64 0
483 0 -64 0
484 0 -64 0
485 0 -64 0
486 0 -64 0
487 1 63 1
488 0 -64 0
489 1 63 1
490 1 63 1
491 0 -64 0
492 0 -64 0
493 1 63 1
494 0 -64 0
495 0 -64 0
496 1 63 1
497 1 63 1
498 1 63 1
499 1 63 1
500 1 63 1
501 1 63 1
502 1 63 1
503 1 63 1
504 1 63 1
505 1 63 1
506 0 -64 0
507 0 -64 0
508 1 63 1
509 1 63 1
510 0 -64 0
511 1 63 1
512 1 63 1
513 1 63 1
514 0 -64 0
515 0 -64 0
516 0 -64 0
517 0 -64 0
518 1 63 1
519 1 63 1
520 1 63 1
521 0 -64 0
522 1 63 1
523 1 63 1
524 0 -64 0
525 1 63 1
526 1 63 1
527 1 63 1
528 1 63 1
529 0 -64 0
530 0 -64 0
531 0 -64 0
532 0 -64 0
533 0 -64 0
534 0 -64 0
535 1 63 1
536 0 -64 0
537 0 -64 0
538 1 63 1
539 1 63 1
540 0 -64 0
541 1 63 1
542 1 63 1
543 1 63 1
544 1 63 1
545 0 -64 0
546 0 -64 0
547 0 -64 0
548 0 -64 0
549 1 63 1
550 1 63 1
551 1 63 1
552 1 63 1
553 0 63 1
554 0 -64 0
555 0 -64 0
556 0 -64 0
557 1 63 1
558 1 63 1
559 0 -64 0
560 0 -64 0
561 1 63 1
562 1 63 1
563 0 -64 0
564 0 -64 0
565 0 -64 0
566 0 -64 0
567 1 63 1
568 1 63 1
569 0 -64 0
570 1 63 1
571 0 -64 0
572 1 63 1
573 1 63 1
574 0 -64 0
575 0 -64 0
576 1 63 1
577 0 -64 0
578 0 -64 0
579 0 -64 0
580 0 -64 0
581 0 -64 0
582 1 63 1
583 1 63 1
584 1 63 1
585 1 63 1
586 0 -64 0
587 0 -64 0
588 0 -64 0
589 0 -64 0
590 1 63 1
591 0 -64 0
592 0 -64 0
593 0 -64 0
594 0 -64 0
595 0 -64 0
596 1 63 1
597 1 63 1
598 1 63 1
599 0 -64 0
600 1 63 1
601 0 -64 0
602 0 -64 0
603 1 63 1
604 0 -64 0
605 0 -64 0
606 1 63 1
607 1 63 1
608 0 -64 0
609 1 63 1
610 0 -64 0
611 0 -64 0
612 1 63 1
613 1 63 1
614 1 63 1
615 0 -64 0
616 1 63 1
617 1 63 1
618 1 63 1
619 1 63 1
620 1 63 1
621 1 63 1
622 0 -64 0
623 1 63 1
624 1 63 1
625 1 63 1
626 0 -64 0
627 0 -64 0
628 0 -64 0
629 1 63 1
630 1 63 1
631 0 -64 0
632 1 63 1
633 1 63 1
634 1 63 1
635 0 -64 0
636 1 63 1
637 1 63 1
638 0 -64 0
639 0 -64 0
640 0 -64 0
641 1 63 1
642 0 -64 0
643 1 63 1
644 0 -64 0
645 0 -64 0
646 0 -64 0
647 0 -64 0
648 1 63 1
649 0 -64 0
650 0 -64 0
651 1 63 1
652 0 -64 0
653 1 63 1
654 0 -64 0
655 0 -64 0
656 0 -64 0
657 1 63 1
658 1 63 1
659 1 63 1
660 0 -64 0
661 1 63 1
662 1 63 1
663 1 63 1
664 1 63 1
665 0 -64 0
666 1 63 1
667 1 63 1
668 0 -64 0
669 1 63 1
670 0 -64 0
671 1 63 1
672 0 -64 0
673 0 -64 0
674 0 -64 0
675 1 63 1
676 1 63 1
677 0 -64 0
678 1 63 1
679 1 63 1
680 0 -64 0
681 1 63 1
682 1 63 1
683 0 -64 0
684 0 -64 0
685 0 -64 0
686 1 63 1
687 1 63 1
688 0 -64 0
689 1 63 1
690 1 63 1
691 0 -64 0
692 1 63 1
693 1 63 1
694 1 63 1
695 1 63 1
696 0 -64 0
697 1 63 1
698 0 -64 0
699 0 -50 0
700 0 -64 0
701 1 63 1
702 0 -64 0
703 1 63 1
704 1 63 1
705 1 63 1
706 1 63 1
707 0 -64 0
708 0 -64 0
709 1 63 1
710 0 -64 0
711 1 63 1
712 0 -64 0
713 1 63 1
714 1 53 1
715 0 -64 0
716 0 -64 0
717 0 -64 0
718 0 -64 0
719 1 63 1
720 1 63 1
721 0 -64 0
722 1 63 1
723 0 -64 0
724 1 63 1
725 0 -64 0
726 0 -64 0
727 1 63 1
728 0 -64 0
729 1 63 1
730 1 63 1
731 0 -64 0
732 0 -64 0
733 0 -64 0
734 1 63 1
735 0 -64 0
736 1 63 1
737 0 -64 0
738 1 63 1
739 1 63 1
740 0 -64 0
741 0 -64 0
742 0 -64 0
743 0 -64 0
744 1 63 1
745 0 -64 0
746 1 63 1
747 1 63 1
748 1 63 1
749 1 63 1
750 1 63 1
751 1 63 1
752 0 -64 0
753 1 63 1
754 1 63 1
755 0 -64 0
756 1 63 1
757 0 -64 0
758 1 63 1
759 1 63 1
760 1 63 1
761 0 -64 0
762 1 63 1
763 1 63 1
764 0 -64 0
765 0 -64 0
766 0 -64 0
767 0 -64 0
768 1 40 1
769 1 63 1
770 0 -64 0
771 1 63 1
772 0 -64 0
773 0 -64 0
774 1 63 1
775 1 63 1
776 0 -64 0
777 1 63 1
778 0 -64 0
779 0 -64 0
780 0 -64 0
781 1 63 1
782 0 -64 0
783 1 63 1
784 0 -64 0
785 0 -64 0
786 0 -64 0
787 1 63 1
788 1 63 1
789 0 -64 0
790 0 -64 0
791 0 -64 0
792 0 -64 0
793 1 63 1
794 0 -64 0
795 1 63 1
796 1 63 1
797 1 63 1
798 1 63 1
799 0 -64 0
800 0 -64 0
801 1 63 1
802 0 -64 0
803 0 -64 0
804 1 63 1
805 0 -64 0
806 1 63 1
807 0 -64 0
808 1 63 1
809 0 -64 0
810 0 -64 0
811 1 63 1
812 1 63 1
813 0 -64 0
814 0 -64 0
815 1 63 1
816 0 -64 0
817 0 -64 0
818 0 -64 0
819 0 -64 0
820 0 -64 0
821 0 -64 0
822 1 63 1
823 1 63 1
824 0 -64 0
825 0 -64 0
826 1 63 1
827 0 -64 0
828 0 -64 0
829 1 63 1
830 1 63 1
831 0 -64 0
832 0 -64 0
833 0 -64 0
834 0 -64 0
835 1 63 1
836 1 63 1
837 0 -64 0
838 1 63 1
839 0 -64 0
840 0 -64 0
841 0 -64 0
842 1 63 1
843 0 -64 0
844 0 -64 0
845 1 62 1
846 1 63 1
847 0 -64 0
848 0 -64 0
849 0 -64 0
850 0 -64 0
851 0 -64 0
852 0 -64 0
853 0 -64 0
854 0 -64 0
855 1 63 1
856 0 -64 0
857 0 -64 0
858 0 -64 0
859 0 -64 0
860 0 -64 0
861 0 -64 0
862 1 63 1
863 0 -64 0
864 0 -64 0
865 0 -64 0
866 1 63 1
867 0 -64 0
868 0 -64 0
869 1 63 1
870 1 63 1
871 0 -64 0
872 1 63 1
873 0 -64 0
874 1 63 1
875 1 63 1
876 0 -63 0
877 0 -64 0
878 0 -64 0
879 0 -64 0
880 0 -64 0
881 1 63 1
882 1 63 1
883 0 -64 0
884 0 -64 0
885 0 -64 0
886 1 63 1
887 0 -64 0
888 1 63 1
889 1 63 1
890 1 63 1
891 1 63 1
892 0 -64 0
893 0 -64 0
894 1 63 1
895 1 63 1
896 0 -64 0
897 0 -64 0
898 0 -64 0
899 1 63 1
900 1 63 1
901 1 63 1
902 0 -64 0
903 1 63 1
904 1 63 1
905 0 -64 0
906 0 -64 0
907 0 -64 0
908 1 63 1
909 1 63 1
910 1 63 1
911 1 63 1
912 0 -64 0
913 1 63 1
914 1 63 1
915 1 63 1
916 0 -64 0
917 1 63 1
918 0 -64 0
919 0 -64 0
920 1 63 1
921 1 63 1
922 0 -64 0
923 1 63 1
924 0 -64 0
925 0 -64 0
926 1 63 1
927 0 -64 0
928 1 63 1
929 1 63 1
930 0 -64 0
931 1 63 1
932 1 63 1
933 1 63 1
934 0 -64 0
935 0 -64 0
936 0 -64 0
937 0 -64 0
938 0 -64 0
939 0 -64 0
940 1 63 1
941 1 63 1
942 1 63 1
943 1 63 1
944 1 63 1
945 1 63 1
946 1 63 1
947 1 63 1
948 1 63 1
949 1 63 1
950 0 -64 0
951 1 63 1
952 0 -64 0
953 1 63 1
954 0 -64 0
955 1 63 1
956 1 63 1
957 0 -64 0
958 1 63 1
959 1 63 1
960 1 63 1
961 1 63 1
962 0 -64 0
963 0 -64 0
964 0 -64 0
965 0 -64 0
966 1 63 1
967 0 -64 0
968 0 -64 0
969 1 63 1
970 1 63 1
971 1 63 1
972 1 63 1
973 1 63 1
974 0 -64 0
975 0 -64 0
976 0 -64 0
977 0 -64 0
978 1 63 1
979 1 63 1
980 0 -64 0
981 0 -64 0
982 0 -64 0
983 1 63 1
984 0 -64 0
985 1 63 1
986 1 63 1
987 0 -64 0
988 0 -64 0
989 1 63 1
990 1 63 1
991 0 -64 0
992 1 63 1
993 1 63 1
994 0 -64 0
995 0 -64 0
996 1 63 1
997 1 63 1
998 0 -64 0
999 1 63 1
1000 1 63 1
1001 1 63 1
1002 1 63 1
1003 1 63 1
1004 1 63 1
1005 1 63 1
1006 1 47 1
1007 0 -64 0
1008 0 -64 0
1009 0 -64 0
1010 0 -64 0
1011 1 63 1
1012 0 -64 0
1013 0 -64 0
1014 0 -64 0
1015 0 -64 0
1016 1 63 1
1017 1 63 1
1018 0 -64 0
1019 0 -64 0
1020 0 -64 0
1021 1 63 1
1022 1 63 1
1023 1 63 1
1024 0 -64 0
1025 1 63 1
1026 1 63 1
1027 1 63 1
1028 1 63 1
1029 0 -64 0
1030 1 63 1
1031 1 63 1
1032 1 63 1
1033 0 -64 0
1034 0 -64 0
1035 1 63 1
1036 1 63 1
1037 1 63 1
1038 1 63 1
1039 1 63 1
1040 0 -64 0
1041 0 -64 0
1042 1 63 1
1043 1 63 1
1044 0 -64 0
1045 0 -64 0
1046 0 -64 0
1047 1 63 1
1048 1 63 1
1049 1 63 1
1050 1 63 1
1051 1 63 1
1052 0 -64 0
1053 0 -64 0
1054 1 63 1
1055 0 -64 0
1056 1 63 1
1057 0 -64 0
1058 1 63 1
1059 1 63 1
1060 0 -55 0
1061 1 63 1
1062 1 63 1
1063 0 -64 0
1064 0 -64 0
1065 0 -64 0
1066 1 63 1
1067 0 -64 0
1068 0 -64 0
1069 1 63 1
1070 0 -64 0
1071 1 63 1
1072 1 63 1
1073 1 63 1
1074 0 -64 0
1075 1 63 1
1076 0 -64 0
1077 0 -64 0
1078 0 -64 0
1079 1 63 1
1080 1 63 1
1081 0 -64 0
1082 1 63 1
1083 0 -64 0
1084 1 63 1
1085 0 -64 0
1086 0 -64 0
1087 0 -64 0
1088 0 -64 0
1089 1 63 1
1090 0 -64 0
1091 1 63 1
1092 0 -64 0
1093 1 63 1
1094 0 -64 0
1095 1 63 1
1096 0 -64 0
1097 0 -64 0
1098 1 63 1
1099 1 63 1
1100 1 63 1
1101 0 -64 0
1102 0 -64 0
1103 1 63 1
1104 0 -64 0
1105 0 -64 0
1106 0 -64 0
1107 0 -64 0
1108 1 63 1
1109 0 -64 0
1110 0 -64 0
1111 0 -64 0
1112 1 63 1
1113 0 -64 0
1114 1 63 1
1115 1 63 1
1116 0 -64 0
1117 1 63 1
1118 1 63 1
1119 1 63 1
1120 0 -64 0
1121 0 -64 0
1122 1 63 1
1123 0 -64 0
1124 0 -64 0
1125 1 63 1
1126 0 -64 0
1127 1 63 1
1128 1 63 1
1129 0 -64 0
1130 0 -64 0
1131 0 -64 0
1132 0 -64 0
1133 1 63 1
1134 1 63 1
1135 0 -64 0
1136 1 63 1
1137 0 -64 0
1138 1 63 1
1139 0 -64 0
1140 1 63 1
1141 1 63 1
1142 0 -64 0
1143 0 -64 0
1144 1 63 1
1145 0 -64 0
1146 0 -64 0
1147 0 -64 0
1148 1 63 1
1149 1 63 1
1150 1 63 1
1151 1 63 1
1152 1 63 1
1153 0 -64 0
1154 0 -64 0
1155 1 63 1
1156 1 63 1
1157 1 63 1
1158 0 -64 0
1159 0 -64 0
1160 1 63 1
1161 1 63 1
1162 1 63 1
1163 0 -64 0
1164 0 -64 0
1165 1 63 1
1166 1 63 1
1167 0 -64 0
1168 1 63 1
1169 0 -64 0
1170 1 63 1
1171 1 63 1
1172 0 -64 0
1173 0 -64 0
1174 0 -64 0
1175 1 44 1
1176 0 -64 0
1177 0 -64 0
1178 1 63 1
1179 0 -64 0
1180 0 -64 0
1181 0 -64 0
1182 0 -64 0
1183 1 63 1
1184 1 63 1
1185 1 63 1
1186 1 63 1
1187 1 63 1
1188 1 63 1
1189 1 63 1
1190 1 63 1
1191 0 -64 0
1192 0 -64 0
1193 0 -64 0
1194 1 63 1
1195 0 -64 0
1196 0 -64 0
1197 1 63 1
1198 1 63 1
1199 0 -64 0
1200 1 63 1
1201 1 63 1
1202 1 63 1
1203 1 63 1
1204 0 -64 0
1205 1 63 1
1206 1 63 1
1207 1 63 1
1208 0 -64 0
1209 1 63 1
1210 0 -64 0
1211 1 63 1
1212 0 -64 0
1213 0 -64 0
1214 0 -64 0
1215 1 63 1
1216 0 -64 0
1217 0 -64 0
1218 1 63 1
1219 1 63 1
1220 1 63 1
1221 0 -64 0
1222 1 63 1
1223 1 63 1
1224 0 -64 0
1225 0 -64 0
1226 1 63 1
1227 0 -64 0
1228 1 63 1
1229 0 -64 0
1230 0 -64 0
1231 1 63 1
1232 1 63 1
1233 0 -64 0
1234 0 -64 0
1235 0 -64 0
1236 1 63 1
1237 1 63 1
1238 0 -64 0
1239 1 63 1
1240 1 63 1
1241 0 -64 0
1242 1 63 1
1243 1 63 1
1244 0 -54 0
1245 1 63 1
1246 1 63 1
1247 1 63 1
1248 1 63 1
1249 0 -64 0
1250 0 -64 0
1251 0 -64 0
1252 1 63 1
1253 1 63 1
1254 1 63 1
1255 1 63 1
1256 0 -64 0
1257 1 63 1
1258 0 -64 0
1259 0 -64 0
1260 0 -64 0
1261 1 63 1
1262 0 -64 0
1263 1 63 1
1264 0 -64 0
1265 0 -64 0
1266 1 63 1
1267 0 -64 0
1268 0 -64 0
1269 1 63 1
1270 1 63 1
1271 0 -64 0
1272 0 -64 0
1273 1 63 1
1274 0 -64 0
1275 0 -64 0
1276 1 63 1
1277 0 -64 0
1278 0 -64 0
1279 1 63 1
1280 1 63 1
1281 0 -64 0
1282 1 63 1
1283 1 63 1
1284 1 63 1
1285 0 -64 0
1286 1 63 1
1287 1 63 1
1288 0 -64 0
1289 1 63 1
1290 0 -64 0
1291 1 63 1
1292 1 63 1
1293 0 -64 0
1294 0 -64 0
1295 1 63 1
1296 0 -64 0
1297 1 63 1
1298 0 -51 0
1299 0 -64 0
1300 0 -64 0
1301 0 -64 0
1302 0 -64 0
1303 0 -64 0
1304 0 -64 0
1305 1 63 1
1306 1 63 1
1307 0 -64 0
1308 0 -64 0
1309 0 -64 0
1310 1 63 1
1311 0 -64 0
1312 1 63 1
1313 0 -64 0
1314 1 63 1
1315 1 63 1
1316 0 -64 0
1317 1 63 1
1318 0 -64 0
1319 1 63 1
1320 0 -64 0
1321 1 49 1
1322 0 -64 0
1323 1 63 1
1324 1 63 1
1325 1 63 1
1326 1 63 1
1327 0 -64 0
1328 1 63 1
1329 0 -64 0
1330 0 -64 0
1331 1 63 1
1332 1 63 1
1333 0 -64 0
1334 0 -64 0
1335 0 -64 0
1336 0 -64 0
1337 0 -64 0
1338 0 -64 0
1339 0 -64 0
1340 1 63 1
1341 0 -64 0
1342 1 63 1
1343 1 63 1
1344 0 -64 0
1345 1 63 1
1346 1 63 1
1347 1 63 1
1348 0 -64 0
1349 1 63 1
1350 0 -64 0
1351 0 -64 0
1352 1 63 1
1353 0 -64 0
1354 0 -64 0
1355 1 63 1
1356 0 -64 0
1357 0 -64 0
1358 0 -64 0
1359 1 63 1
1360 1 63 1
1361 1 63 1
1362 1 63 1
1363 1 63 1
1364 0 -64 0
1365 0 -64 0
1366 0 -64 0
1367 1 63 1
1368 1 63 1
1369 0 -64 0
1370 1 63 1
1371 0 -64 0
1372 0 -64 0
1373 0 -64 0
1374 0 -64 0
1375 1 63 1
1376 0 -64 0
1377 1 63 1
1378 1 63 1
1379 1 63 1
1380 0 -64 0
1381 1 63 1
1382 1 63 1
1383 1 63 1
1384 0 -64 0
1385 0 -64 0
1386 0 -64 0
1387 0 -64 0
1388 1 63 1
1389 0 -64 0
1390 1 63 1
1391 0 -64 0
1392 1 63 1
1393 1 63 1
1394 0 -64 0
1395 0 -64 0
1396 1 63 1
1397 0 -64 0
1398 0 -64 0
1399 0 -64 0
1400 1 63 1
1401 1 63 1
1402 1 63 1
1403 0 -64 0
1404 0 -64 0
1405 1 63 1
1406 1 63 1
1407 1 63 1
1408 1 63 1
1409 1 63 1
1410 0 -64 0
1411 0 -64 0
1412 0 -64 0
1413 0 -64 0
1414 0 -64 0
1415 0 -64 0
1416 1 63 1
1417 1 63 1
1418 0 -64 0
1419 0 -64 0
1420 0 -64 0
1421 0 -64 0
1422 0 -64 0
1423 0 -64 0
1424 0 -64 0
1425 1 63 1
1426 1 63 1
1427 0 -64 0
1428 1 63 1
1429 0 -64 0
1430 0 -64 0
1431 0 -64 0
1432 1 63 1
1433 1 63 1
1434 0 -64 0
1435 0 -64 0
1436 1 63 1
1437 1 63 1
1438 0 -64 0
1439 0 -64 0
1440 0 -64 0
1441 0 -64 0
1442 0 -64 0
1443 1 63 1
1444 0 -64 0
1445 0 -64 0
1446 1 63 1
1447 0 -64 0
1448 1 63 1
1449 1 63 1
1450 1 63 1
1451 0 -64 0
1452 0 -64 0
1453 0 -64 0
1454 1 63 1
1455 0 -64 0
1456 1 63 1
1457 1 63 1
1458 0 -64 0
1459 1 63 1
1460 1 63 1
1461 0 -64 0
1462 1 63 1
1463 0 -64 0
1464 1 63 1
1465 1 63 1
1466 0 -64 0
1467 1 56 1
1468 0 -64 0
1469 1 63 1
1470 0 -64 0
1471 1 63 1
1472 1 63 1
1473 1 63 1
1474 0 -64 0
1475 0 -64 0
1476 0 -64 0
1477 0 -64 0
1478 0 -64 0
1479 1 63 1
1480 1 63 1
1481 1 63 1
1482 0 -57 0
1483 0 -64 0
1484 1 63 1
1485 0 -64 0
1486 1 63 1
1487 0 -64 0
1488 0 -64 0
1489 1 63 1
1490 0 -64 0
1491 1 63 1
1492 1 63 1
1493 0 -64 0
1494 1 63 1
1495 1 63 1
1496 0 -64 0
1497 1 63 1
1498 0 -64 0
1499 1 63 1
1500 1 63 1
1501 0 -64 0
1502 1 63 1
1503 1 63 1
1504 1 63 1
1505 0 -56 0
1506 1 63 1
1507 0 -64 0
1508 0 -64 0
1509 0 -64 0
1510 1 63 1
1511 0 -64 0
1512 1 63 1
1513 1 63 1
1514 0 -64 0
1515 0 -64 0
1516 0 -64 0
1517 1 63 1
1518 1 63 1
1519 0 -64 0
1520 1 63 1
1521 1 63 1
1522 0 -64 0
1523 0 -64 0
1524 0 -64 0
1525 0 -64 0
1526 1 63 1
1527 0 -64 0
1528 1 63 1
1529 0 -64 0
1530 0 -64 0
1531 1 63 1
1532 1 63 1
1533 1 63 1
1534 0 -64 0
1535 0 -64 0
1536 1 39 1
1537 0 -64 0
1538 0 -64 0
1539 0 -64 0
1540 1 63 1
1541 0 -64 0
1542 1 63 1
1543 1 63 1
1544 0 -64 0
1545 1 63 1
1546 0 -64 0
1547 0 -64 0
1548 0 -64 0
1549 1 63 1
1550 1 63 1
1551 0 -64 0
1552 1 63 1
1553 1 63 1
1554 1 63 1
1555 1 63 1
1556 1 63 1
1557 1 63 1
1558 1 63 1
1559 1 63 1
1560 0 -64 0
1561 0 -64 0
1562 1 63 1
1563 1 63 1
1564 0 -64 0
1565 0 -64 0
1566 0 -64 0
1567 1 63 1
1568 0 -64 0
1569 1 63 1
1570 1 63 1
1571 0 -64 0
1572 0 -64 0
1573 1 63 1
1574 0 -64 0
1575 0 -64 0
1576 1 63 1
1577 0 -64 0
1578 0 -64 0
1579 1 63 1
1580 1 63 1
1581 1 63 1
1582 0 -64 0
1583 1 63 1
1584 0 -64 0
1585 0 -64 0
1586 1 63 1
1587 0 -64 0
1588 1 63 1
1589 0 -64 0
1590 0 -64 0
1591 1 63 1
1592 1 63 1
1593 1 63 1
1594 0 -64 0
1595 0 -64 0
1596 1 63 1
1597 0 -64 0
1598 0 -64 0
1599 0 -64 0
1600 1 63 1
1601 0 -64 0
1602 1 63 1
1603 0 -64 0
1604 0 -64 0
1605 0 -64 0
1606 1 63 1
1607 1 63 1
1608 0 -64 0
1609 1 63 1
1610 0 -64 0
1611 1 63 1
1612 0 -64 0
1613 0 -62 0
1614 0 -64 0
1615 1 63 1
1616 1 63 1
1617 0 -64 0
1618 1 63 1
1619 1 63 1
1620 1 63 1
1621 1 63 1
1622 0 -64 0
1623 1 63 1
1624 0 -64 0
1625 0 -64 0
1626 1 63 1
1627 1 63 1
1628 0 -64 0
1629 0 -64 0
1630 1 63 1
1631 0 -64 0
1632 0 -64 0
1633 0 -64 0
1634 1 63 1
1635 1 63 1
1636 0 -64 0
1637 0 -64 0
1638 1 63 1
1639 0 -64 0
1640 0 -64 0
1641 0 -64 0
1642 1 63 1
1643 0 -64 0
1644 0 -64 0
1645 1 63 1
1646 0 -64 0
1647 0 -64 0
1648 0 -64 0
1649 0 -64 0
1650 1 63 1
1651 1 63 1
1652 1 63 1
1653 0 -64 0
1654 0 -64 0
1655 1 63 1
1656 1 63 1
1657 1 63 1
1658 0 -64 0
1659 0 -64 0
1660 0 -64 0
1661 0 -64 0
1662 0 -64 0
1663 0 -64 0
1664 0 -64 0
1665 1 63 1
1666 0 -64 0
1667 0 -64 0
1668 0 -64 0
1669 1 63 1
1670 0 -64 0
1671 0 -64 0
1672 1 63 1
1673 1 63 1
1674 0 -64 0
1675 0 -64 0
1676 0 -64 0
1677 1 63 1
1678 0 -64 0
1679 0 -64 0
1680 1 63 1
1681 0 -64 0
1682 0 -64 0
1683 0 -64 0
1684 0 -64 0
1685 1 63 1
1686 0 -64 0
1687 1 63 1
1688 0 -64 0
1689 0 -64 0
1690 1 63 1
1691 0 -64 0
1692 1 63 1
1693 1 63 1
1694 0 -64 0
1695 0 -64 0
1696 0 -64 0
1697 1 63 1
1698 0 -64 0
1699 0 -64 0
1700 0 -64 0
1701 1 63 1
1702 0 -64 0
1703 0 -64 0
1704 0 -64 0
1705 0 -64 0
1706 0 -64 0
1707 0 -64 0
1708 1 63 1
1709 0 -64 0
1710 1 63 1
1711 0 -64 0
1712 0 -64 0
1713 0 -64 0
1714 0 -64 0
1715 1 63 1
1716 1 63 1
1717 1 63 1
1718 0 -64 0
1719 1 63 1
1720 1 63 1
1721 0 -64 0
1722 0 -64 0
1723 0 -64 0
1724 0 -64 0
1725 0 -64 0
1726 0 -64 0
1727 1 63 1
1728 0 -64 0
1729 0 -64 0
1730 1 63 1
1731 0 -64 0
1732 1 63 1
1733 0 -64 0
1734 1 63 1
1735 0 -64 0
1736 1 63 1
1737 1 63 1
1738 0 -64 0
1739 1 63 1
1740 0 -64 0
1741 0 -64 0
1742 0 -64 0
1743 0 -64 0
1744 1 63 1
1745 0 -64 0
1746 1 63 1
1747 0 -64 0
1748 0 -64 0
1749 1 63 1
1750 0 -64 0
1751 0 -64 0
1752 1 63 1
1753 1 63 1
1754 0 -64 0
1755 1 63 1
1756 1 63 1
1757 1 63 1
1758 1 63 1
1759 0 -64 0
1760 0 -64 0
1761 0 -64 0
1762 0 -64 0
1763 0 -64 0
1764 1 63 1
1765 0 -64 0
1766 1 63 1
1767 1 63 1
1768 1 63 1
1769 1 63 1
1770 0 -64 0
1771 1 63 1
1772 1 63 1
1773 1 63 1
1774 1 47 1
1775 0 -64 0
1776 0 -64 0
1777 1 63 1
1778 0 -64 0
1779 0 -64 0
1780 0 -64 0
1781 1 63 1
1782 0 -64 0
1783 1 63 1
1784 0 -64 0
1785 1 63 1
1786 0 -64 0
1787 1 63 1
1788 1 63 1
1789 0 -64 0
1790 1 63 1
1791 0 -64 0
1792 0 -64 0
1793 1 63 1
1794 1 63 1
1795 0 -64 0
1796 1 63 1
1797 0 -45 0
1798 1 63 1
1799 1 63 1
1800 0 -64 0
1801 0 -64 0
1802 1 63 1
1803 0 -64 0
1804 0 -64 0
1805 1 63 1
1806 1 63 1
1807 0 -64 0
1808 1 63 1
1809 0 -64 0
1810 1 63 1
1811 1 63 1
1812 1 63 1
1813 0 -64 0
1814 1 63 1
1815 1 63 1
1816 1 63 1
1817 0 -64 0
1818 1 63 1
1819 1 63 1
1820 1 63 1
1821 0 -64 0
1822 1 63 1
1823 1 63 1
1824 0 -64 0
1825 1 63 1
1826 1 63 1
1827 0 -64 0
1828 0 -64 0
1829 1 63 1
1830 1 63 1
1831 1 63 1
1832 1 63 1
1833 1 63 1
1834 1 63 1
1835 0 -64 0
1836 0 -64 0
1837 1 63 1
1838 1 63 1
1839 1 63 1
1840 0 -64 0
1841 1 63 1
1842 1 63 1
1843 1 63 1
1844 1 63 1
1845 0 -64 0
1846 1 63 1
1847 0 -64 0
1848 0 -64 0
1849 1 63 1
1850 1 63 1
1851 1 63 1
1852 1 63 1
1853 0 -64 0
1854 1 63 1
1855 1 63 1
1856 0 -64 0
1857 1 63 1
1858 0 -64 0
1859 1 63 1
1860 0 -64 0
1861 1 63 1
1862 1 63 1
1863 0 -64 0
1864 0 -64 0
1865 1 63 1
1866 1 63 1
1867 0 -64 0
1868 1 63 1
1869 0 -64 0
1870 0 -64 0
1871 1 63 1
1872 1 63 1
1873 0 -64 0
1874 1 63 1
1875 1 63 1
1876 1 63 1
1877 0 -64 0
1878 1 63 1
1879 1 63 1
1880 0 -64 0
1881 1 63 1
1882 1 63 1
1883 1 63 1
1884 0 -64 0
1885 0 -64 0
1886 0 -64 0
1887 0 -64 0
1888 1 63 1
1889 0 -64 0
1890 1 63 1
1891 0 -64 0
1892 0 -64 0
1893 1 63 1
1894 0 -64 0
1895 1 63 1
1896 0 -64 0
1897 0 -64 0
1898 1 63 1
1899 0 -64 0
1900 0 -64 0
1901 1 63 1
1902 1 63 1
1903 0 -64 0
1904 1 63 1
1905 1 39 1
1906 1 63 1
1907 1 63 1
1908 0 -64 0
1909 1 63 1
1910 0 -64 0
1911 0 -64 0
1912 1 63 1
1913 0 -64 0
1914 0 -64 0
1915 0 -64 0
1916 1 63 1
1917 1 63 1
1918 0 -64 0
1919 0 -64 0
1920 1 63 1
1921 0 -64 0
1922 1 63 1
1923 0 -64 0
1924 0 -64 0
1925 1 63 1
1926 0 -64 0
1927 0 -64 0
1928 0 -64 0
1929 1 63 1
1930 1 63 1
1931 1 63 1
1932 0 -64 0
1933 1 63 1
1934 1 63 1
1935 0 -64 0
1936 1 63 1
1937 1 63 1
1938 1 63 1
1939 1 63 1
1940 0 -64 0
1941 1 63 1
1942 1 63 1
1943 1 44 1
1944 1 63 1
1945 1 63 1
1946 1 63 1
1947 1 63 1
1948 1 63 1
1949 0 -64 0
1950 1 63 1
1951 0 -64 0
1952 0 -64 0
1953 1 63 1
1954 1 63 1
1955 1 63 1
1956 0 -64 0
1957 1 63 1
1958 0 -64 0
1959 0 -64 0
1960 1 63 1
1961 0 -64 0
1962 1 63 1
1963 0 -64 0
1964 1 63 1
1965 1 63 1
1966 0 -64 0
1967 0 -64 0
1968 0 -64 0
1969 1 63 1
1970 1 63 1
1971 0 -64 0
1972 1 63 1
1973 1 63 1
1974 0 -64 0
1975 0 -64 0
1976 0 -64 0
1977 0 -64 0
1978 0 -64 0
1979 1 63 1
1980 0 -64 0
1981 1 63 1
1982 1 63 1
1983 0 -64 0
1984 1 63 1
1985 0 -64 0
1986 0 -64 0
1987 1 63 1
1988 0 -64 0
1989 1 63 1
1990 0 -64 0
1991 1 63 1
1992 0 -64 0
1993 1 63 1
1994 0 -64 0
1995 1 63 1
1996 0 -64 0
1997 1 63 1
1998 1 63 1
1999 1 63 1
2000 0 -64 0
2001 1 63 1
2002 1 63 1
2003 0 -64 0
2004 1 63 1
2005 0 -64 0
2006 0 -64 0
2007 0 -64 0
2008 0 -64 0
2009 0 -64 0
2010 0 -64 0
2011 0 -64 0
2012 0 -64 0
2013 1 63 1
2014 0 -64 0
2015 1 63 1
2016 1 63 1
2017 0 -64 0
2018 0 -64 0
2019 1 63 1
2020 1 63 1
2021 0 -64 0
2022 1 63 1
2023 0 -64 0
2024 1 63 1
2025 0 -64 0
2026 1 63 1
2027 1 63 1
2028 1 63 1
2029 0 -64 0
2030 0 -64 0
2031 0 -64 0
2032 1 63 1
2033 0 -64 0
2034 0 -64 0
2035 0 -64 0
2036 1 63 1
2037 1 63 1
2038 1 63 1
2039 1 63 1
2040 0 -64 0
2041 1 63 1
2042 1 63 1
2043 0 -64 0
2044 0 -64 0
2045 1 63 1
2046 1 63 1
2047 0 -64 0
2048 0 -64 0
2049 0 -64 0
2050 1 63 1
2051 1 63 1
2052 0 -64 0
2053 1 63 1
2054 0 -64 0
2055 1 63 1
2056 1 63 1
2057 1 63 1
2058 1 63 1
2059 1 63 1
2060 1 63 1
2061 1 63 1
2062 0 -64 0
2063 1 63 1
2064 1 63 1
2065 0 -64 0
2066 0 19 1
2067 0 -64 0
2068 0 -64 0
2069 1 63 1
2070 1 63 1
2071 0 -64 0
2072 0 -64 0
2073 1 63 1
2074 1 63 1
2075 0 -64 0
2076 1 63 1
2077 0 -64 0
2078 0 -64 0
2079 0 -64 0
2080 1 63 1
2081 0 -64 0
2082 1 63 1
2083 0 -64 0
2084 1 63 1
2085 0 -64 0
2086 1 63 1
2087 0 -64 0
2088 1 63 1
2089 0 -51 0
2090 0 -64 0
2091 0 -64 0
2092 0 -64 0
2093 1 63 1
2094 1 63 1
2095 1 63 1
2096 1 63 1
2097 1 63 1
2098 1 63 1
2099 0 -64 0
2100 1 63 1
2101 0 -64 0
2102 0 -64 0
2103 1 63 1
2104 0 -64 0
2105 1 63 1
2106 0 -64 0
2107 1 63 1
2108 0 -64 0
2109 0 -64 0
2110 1 63 1
2111 0 -64 0
2112 1 63 1
2113 1 63 1
2114 1 63 1
2115 0 -64 0
2116 1 63 1
2117 0 -64 0
2118 1 63 1
2119 0 -64 0
2120 1 44 1
2121 0 -64 0
2122 0 -64 0
2123 1 63 1
2124 0 -64 0
2125 1 63 1
2126 1 63 1
2127 1 63 1
2128 0 -64 0
2129 0 -64 0
2130 0 -64 0
2131 0 -64 0
2132 1 63 1
2133 0 -64 0
2134 1 63 1
2135 1 63 1
2136 1 63 1
2137 1 63 1
2138 0 -64 0
2139 0 -64 0
2140 0 -64 0
2141 1 63 1
2142 0 -64 0
2143 0 -64 0
2144 1 63 1
2145 0 -64 0
2146 0 -64 0
2147 0 -64 0
2148 1 63 1
2149 0 -64 0
2150 0 -64 0
2151 1 63 1
2152 1 63 1
2153 1 63 1
2154 0 -64 0
2155 1 63 1
2156 0 -64 0
2157 1 63 1
2158 1 63 1
2159 0 -64 0
2160 0 -64 0
2161 0 -64 0
2162 0 -64 0
2163 0 -64 0
2164 0 -64 0
2165 1 63 1
2166 1 63 1
2167 0 -64 0
2168 0 -64 0
2169 1 63 1
2170 0 -64 0
2171 1 63 1
2172 1 63 1
2173 0 -64 0
2174 0 -64 0
2175 1 63 1
2176 0 -64 0
2177 0 -64 0
2178 0 -64 0
2179 1 63 1
2180 1 63 1
2181 0 -64 0
2182 1 63 1
2183 1 63 1
2184 1 63 1
2185 0 -64 0
2186 1 63 1
2187 0 -64 0
2188 0 -64 0
2189 0 -64 0
2190 0 -64 0
2191 0 -64 0
2192 0 -64 0
2193 0 -64 0
2194 1 63 1
2195 0 -64 0
2196 0 -64 0
2197 0 -64 0
2198 1 63 1
2199 1 63 1
2200 1 63 1
2201 1 63 1
2202 0 -64 0
2203 1 63 1
2204 0 -64 0
2205 1 63 1
2206 1 63 1
2207 0 -64 0
2208 0 -64 0
2209 1 63 1
2210 1 63 1
2211 1 63 1
2212 1 63 1
2213 1 63 1
2214 1 63 1
2215 1 63 1
2216 0 -64 0
2217 1 63 1
2218 1 63 1
2219 1 63 1
2220 1 63 1
2221 1 63 1
2222 1 63 1
2223 1 63 1
2224 0 -64 0
2225 0 -64 0
2226 1 63 1
2227 0 -64 0
2228 0 -64 0
2229 0 -64 0
2230 1 63 1
2231 1 63 1
2232 1 63 1
2233 1 63 1
2234 1 63 1
2235 0 -64 0
2236 0 -64 0
2237 0 -64 0
2238 0 -64 0
2239 1 63 1
2240 1 63 1
2241 0 -64 0
2242 0 -64 0
2243 1 63 1
2244 1 63 1
2245 1 63 1
2246 0 -64 0
2247 1 63 1
2248 0 -64 0
2249 1 63 1
2250 0 -64 0
2251 0 -64 0
2252 0 -64 0
2253 1 63 1
2254 0 -64 0
2255 1 63 1
2256 0 -64 0
2257 0 -64 0
2258 0 -64 0
2259 0 -64 0
2260 0 -64 0
2261 1 63 1
2262 0 -64 0
2263 0 -64 0
2264 0 -64 0
2265 1 63 1
2266 0 -64 0
2267 0 -64 0
2268 0 -64 0
2269 1 63 1
2270 0 -64 0
2271 1 63 1
2272 1 63 1
2273 0 -64 0
2274 0 -64 0
2275 0 -64 0
2276 0 -64 0
2277 0 -64 0
2278 1 63 1
2279 0 -64 0
2280 0 -64 0
2281 0 -64 0
2282 1 63 1
2283 0 -64 0
2284 0 -64 0
2285 1 63 1
2286 1 63 1
2287 1 63 1
2288 1 63 1
2289 0 -64 0
2290 0 -64 0
2291 0 -64 0
2292 0 -64 0
2293 1 63 1
2294 0 -64 0
2295 1 63 1
2296 1 63 1
2297 0 -64 0
2298 0 -64 0
2299 0 -64 0
2300 1 63 1
2301 1 63 1
2302 0 -64 0
2303 0 -64 0
2304 0 -39 0
2305 1 63 1
2306 0 -64 0
2307 1 63 1
2308 0 -64 0
2309 0 -64 0
2310 1 63 1
2311 1 63 1
2312 1 63 1
2313 0 -64 0
2314 1 63 1
2315 0 -64 0
2316 1 63 1
2317 1 63 1
2318 0 -64 0
2319 1 63 1
2320 1 63 1
2321 0 -64 0
2322 1 63 1
2323 0 -64 0
2324 1 63 1
2325 1 63 1
2326 0 -64 0
2327 1 63 1
2328 1 63 1
2329 0 -64 0
2330 0 -64 0
2331 0 -64 0
2332 0 -64 0
2333 1 63 1
2334 0 -64 0
2335 1 63 1
2336 0 -64 0
2337 1 63 1
2338 1 63 1
2339 1 63 1
2340 0 -64 0
2341 1 63 1
2342 0 -64 0
2343 0 -64 0
2344 0 -64 0
2345 0 -64 0
2346 1 63 1
2347 0 -64 0
2348 0 -64 0
2349 0 -64 0
2350 1 63 1
2351 0 -64 0
2352 1 63 1
2353 0 -64 0
2354 0 -64 0
2355 0 -64 0
2356 1 63 1
2357 0 -64 0
2358 1 63 1
2359 1 63 1
2360 1 63 1
2361 0 -64 0
2362 1 63 1
2363 0 -64 0
2364 1 63 1
2365 0 -64 0
2366 1 63 1
2367 1 63 1
2368 0 -64 0
2369 0 -64 0
2370 0 -64 0
2371 0 -64 0
2372 0 -64 0
2373 1 63 1
2374 0 -64 0
2375 0 -64 0
2376 1 63 1
2377 0 -64 0
2378 1 63 1
2379 0 -64 0
2380 0 -64 0
2381 0 -62 0
2382 0 -64 0
2383 0 -64 0
2384 1 63 1
2385 1 63 1
2386 1 63 1
2387 0 -64 0
2388 1 63 1
2389 0 -64 0
2390 0 -64 0
2391 0 -64 0
2392 1 63 1
2393 0 -64 0
2394 1 63 1
2395 0 -64 0
2396 1 63 1
2397 1 63 1
2398 1 63 1
2399 0 -64 0
2400 0 -64 0
2401 0 -64 0
2402 0 -64 0
2403 1 63 1
2404 0 -64 0
2405 0 -64 0
2406 0 -64 0
2407 1 63 1
2408 0 -64 0
2409 1 63 1
2410 1 63 1
2411 0 -64 0
2412 0 -64 0
2413 1 63 1
2414 1 63 1
2415 0 -64 0
2416 1 63 1
2417 0 -64 0
2418 1 63 1
2419 0 -64 0
2420 0 -64 0
2421 1 63 1
2422 1 63 1
2423 0 -64 0
2424 0 -64 0
2425 0 -64 0
2426 0 -64 0
2427 1 63 1
2428 0 -64 0
2429 0 -64 0
2430 1 63 1
2431 1 63 1
2432 0 -64 0
2433 1 63 1
2434 0 -64 0
2435 0 -64 0
2436 0 -64 0
2437 0 -64 0
2438 1 63 1
2439 1 63 1
2440 0 -64 0
2441 0 -64 0
2442 1 63 1
2443 0 -64 0
2444 0 -64 0
2445 0 -64 0
2446 1 63 1
2447 1 63 1
2448 1 63 1
2449 1 63 1
2450 1 63 1
2451 0 -64 0
2452 0 -64 0
2453 1 63 1
2454 1 63 1
2455 1 63 1
2456 0 -64 0
2457 1 63 1
2458 0 -64 0
2459 1 63 1
2460 1 63 1
2461 0 -64 0
2462 1 63 1
2463 1 63 1
2464 1 63 1
2465 1 63 1
2466 0 -64 0
2467 1 63 1
2468 0 -64 0
2469 1 63 1
2470 1 63 1
2471 1 63 1
2472 1 63 1
2473 1 63 1
2474 1 63 1
2475 0 -64 0
2476 0 -64 0
2477 0 -64 0
2478 0 -64 0
2479 1 63 1
2480 0 -64 0
2481 1 63 1
2482 1 63 1
2483 0 -64 0
2484 0 -64 0
2485 1 63 1
2486 1 63 1
2487 0 -64 0
2488 0 -64 0
2489 1 63 1
2490 1 63 1
2491 1 63 1
2492 0 -64 0
2493 0 -64 0
2494 1 63 1
2495 0 -64 0
2496 0 -64 0
2497 1 63 1
2498 0 -64 0
2499 0 -64 0
2500 1 63 1
2501 1 63 1
2502 0 -64 0
2503 0 -64 0
2504 0 -64 0
2505 1 63 1
2506 0 -64 0
2507 0 -64 0
2508 1 63 1
2509 1 63 1
2510 1 63 1
2511 1 63 1
2512 0 -64 0
2513 1 63 1
2514 1 63 1
2515 0 -64 0
2516 1 63 1
2517 1 63 1
2518 0 -64 0
2519 0 -64 0
2520 0 -64 0
2521 1 63 1
2522 1 63 1
2523 0 -64 0
2524 0 -64 0
2525 0 -64 0
2526 1 63 1
2527 1 63 1
2528 0 -64 0
2529 0 -64 0
2530 1 63 1
2531 1 63 1
2532 1 63 1
2533 1 63 1
2534 1 63 1
2535 1 63 1
2536 1 63 1
2537 1 63 1
2538 0 -64 0
2539 0 -64 0
2540 1 63 1
2541 0 -64 0
2542 1 56 1
2543 1 63 1
2544 1 63 1
2545 0 -64 0
2546 0 -64 0
2547 1 63 1
2548 1 63 1
2549 0 -64 0
2550 1 63 1
2551 1 63 1
2552 0 -64 0
2553 0 -64 0
2554 1 63 1
2555 0 -64 0
2556 1 63 1
2557 0 -64 0
2558 0 -64 0
2559 1 63 1
2560 1 63 1
2561 0 -64 0
2562 1 63 1
2563 1 63 1
2564 1 63 1
2565 1 55 1
2566 0 -64 0
2567 0 -64 0
2568 1 63 1
2569 0 -64 0
2570 0 -64 0
2571 0 -64 0
2572 0 -64 0
2573 0 -64 0
2574 1 63 1
2575 1 63 1
2576 0 -64 0
2577 1 63 1
2578 1 63 1
2579 0 -64 0
2580 1 63 1
2581 1 63 1
2582 0 -64 0
2583 1 63 1
2584 0 -64 0
2585 0 -64 0
2586 0 -64 0
2587 0 -64 0
2588 0 -64 0
2589 1 63 1
2590 0 -64 0
2591 0 -64 0
2592 0 -64 0
2593 1 63 1
2594 1 63 1
2595 1 63 1
2596 1 47 1
2597 0 -64 0
2598 1 63 1
2599 0 -64 0
2600 0 -64 0
2601 1 63 1
2602 0 -64 0
2603 1 63 1
2604 0 -64 0
2605 1 63 1
2606 0 -64 0
2607 1 63 1
2608 0 -64 0
2609 1 63 1
2610 1 63 1
2611 1 63 1
2612 0 -64 0
2613 0 -64 0
2614 1 63 1
2615 0 -64 0
2616 1 63 1
2617 0 -64 0
2618 1 63 1
2619 0 -64 0
2620 0 -64 0
2621 1 63 1
2622 0 -64 0
2623 0 -64 0
2624 1 63 1
2625 0 -64 0
2626 0 -64 0
2627 0 -64 0
2628 0 -64 0
2629 0 -64 0
2630 1 63 1
2631 1 63 1
2632 1 63 1
2633 1 63 1
2634 0 -64 0
2635 1 63 1
2636 1 63 1
2637 1 63 1
2638 0 -64 0
2639 1 63 1
2640 1 63 1
2641 1 63 1
2642 1 63 1
2643 0 -64 0
2644 0 -64 0
2645 0 -64 0
2646 1 63 1
2647 0 -64 0
2648 1 63 1
2649 0 -64 0
2650 0 -64 0
2651 0 -64 0
2652 0 -64 0
2653 0 -64 0
2654 1 63 1
2655 1 63 1
2656 0 -64 0
2657 0 -64 0
2658 1 63 1
2659 1 63 1
2660 0 -64 0
2661 0 -64 0
2662 0 -64 0
2663 0 -64 0
2664 0 -64 0
2665 1 63 1
2666 0 -64 0
2667 0 -64 0
2668 1 63 1
2669 1 63 1
2670 0 -64 0
2671 0 -64 0
2672 1 63 1
2673 0 -64 0
2674 0 -64 0
2675 0 -64 0
2676 0 -64 0
2677 1 63 1
2678 0 -64 0
2679 0 -64 0
2680 1 63 1
2681 0 -64 0
2682 1 63 1
2683 1 63 1
2684 0 -64 0
2685 1 63 1
2686 0 -64 0
2687 1 63 1
2688 1 63 1
2689 1 63 1
2690 0 -64 0
2691 0 -64 0
2692 0 -64 0
2693 0 -64 0
2694 0 -64 0
2695 1 63 1
2696 0 -64 0
2697 0 -64 0
2698 0 -64 0
2699 1 63 1
2700 0 -64 0
2701 1 63 1
2702 0 -64 0
2703 1 63 1
2704 1 63 1
2705 1 63 1
2706 1 63 1
2707 0 -64 0
2708 0 -64 0
2709 1 63 1
2710 0 -64 0
2711 1 44 1
2712 0 -64 0
2713 1 63 1
2714 0 -64 0
2715 0 -64 0
2716 1 63 1
2717 1 63 1
2718 1 63 1
2719 0 -64 0
2720 0 -64 0
2721 1 63 1
2722 0 -64 0
2723 0 -64 0
2724 0 -64 0
2725 0 -64 0
2726 1 63 1
2727 0 -64 0
2728 1 63 1
2729 0 -64 0
2730 1 63 1
2731 1 63 1
2732 0 -64 0
2733 0 -64 0
2734 0 -63 0
2735 0 -64 0
2736 0 -64 0
2737 1 63 1
2738 0 -64 0
2739 0 -64 0
2740 1 63 1
2741 1 63 1
2742 1 63 1
2743 1 63 1
2744 1 63 1
2745 1 63 1
2746 0 -64 0
2747 0 -64 0
2748 0 -64 0
2749 1 63 1
2750 0 -64 0
2751 0 -64 0
2752 0 -64 0
2753 0 -64 0
2754 1 63 1
2755 1 63 1
2756 0 -64 0
2757 0 -64 0
2758 1 63 1
2759 1 63 1
2760 1 63 1
2761 0 -64 0
2762 0 -64 0
2763 1 63 1
2764 0 -64 0
2765 0 -64 0
2766 1 63 1
2767 0 -64 0
2768 0 -64 0
2769 1 63 1
2770 0 -64 0
2771 0 -64 0
2772 0 -64 0
2773 1 63 1
2774 1 63 1
2775 1 63 1
2776 0 -64 0
2777 0 -64 0
2778 0 -64 0
2779 1 63 1
2780 0 -64 0
2781 1 63 1
2782 1 63 1
2783 1 63 1
2784 1 63 1
2785 0 -64 0
2786 0 -64 0
2787 1 63 1
2788 0 -64 0
2789 0 -64 0
2790 0 -64 0
2791 1 63 1
2792 0 -64 0
2793 1 63 1
2794 0 -64 0
2795 1 63 1
2796 0 -64 0
2797 0 -64 0
2798 0 -64 0
2799 1 63 1
2800 0 -64 0
2801 1 63 1
2802 1 63 1
2803 0 -64 0
2804 1 63 1
2805 1 63 1
2806 1 63 1
2807 0 -64 0
2808 0 -64 0
2809 0 -64 0
2810 0 -64 0
2811 1 63 1
2812 1 63 1
2813 1 63 1
2814 0 -64 0
2815 1 63 1
2816 0 -64 0
2817 1 63 1
2818 1 63 1
2819 1 63 1
2820 0 -64 0
2821 0 -64 0
2822 0 -64 0
2823 0 -64 0
2824 0 -64 0
2825 1 63 1
2826 0 -64 0
2827 0 -64 0
2828 0 -64 0
2829 1 63 1
2830 0 -64 0
2831 1 63 1
2832 0 -64 0
2833 1 63 1
2834 0 -48 0
2835 0 -64 0
2836 0 -64 0
2837 1 63 1
2838 1 63 1
2839 0 -64 0
2840 1 63 1
2841 0 -64 0
2842 1 63 1
2843 1 63 1
2844 1 63 1
2845 1 63 1
2846 1 63 1
2847 0 -64 0
2848 0 -64 0
2849 1 63 1
2850 1 63 1
2851 0 -64 0
2852 1 63 1
2853 1 63 1
2854 1 63 1
2855 0 -64 0
2856 0 -64 0
2857 1 48 1
2858 1 63 1
2859 0 -64 0
2860 1 63 1
2861 0 -64 0
2862 1 63 1
2863 1 63 1
2864 1 63 1
2865 0 -64 0
2866 1 63 1
2867 1 63 1
2868 0 -64 0
2869 1 63 1
2870 0 -64 0
2871 0 -64 0
2872 1 63 1
2873 1 63 1
2874 1 63 1
2875 1 63 1
2876 0 -64 0
2877 1 63 1
2878 0 -64 0
2879 1 63 1
2880 0 -64 0
2881 1 63 1
2882 0 -64 0
2883 0 -64 0
2884 0 -64 0
2885 0 -64 0
2886 0 -64 0
2887 0 -64 0
2888 1 63 1
2889 0 -64 0
2890 1 63 1
2891 1 63 1
2892 0 -64 0
2893 1 63 1
2894 1 63 1
2895 1 63 1
2896 0 -64 0
2897 1 63 1
2898 0 -64 0
2899 1 63 1
2900 1 63 1
2901 1 63 1
2902 0 -64 0
2903 0 -64 0
2904 0 -64 0
2905 1 63 1
2906 1 63 1
2907 1 63 1
2908 1 63 1
2909 0 -64 0
2910 0 -64 0
2911 0 -64 0
2912 1 63 1
2913 0 -64 0
2914 0 -64 0
2915 0 -64 0
2916 0 -64 0
2917 1 63 1
2918 0 -64 0
2919 1 63 1
2920 1 63 1
2921 1 63 1
2922 1 63 1
2923 0 -64 0
2924 1 63 1
2925 1 63 1
2926 1 63 1
2927 0 -64 0
2928 1 63 1
2929 1 63 1
2930 1 63 1
2931 1 63 1
2932 1 63 1
2933 1 63 1
2934 0 -64 0
2935 1 63 1
2936 1 63 1
2937 1 63 1
2938 0 -64 0
2939 1 63 1
2940 1 63 1
2941 0 -64 0
2942 1 63 1
2943 1 63 1
2944 1 63 1
2945 1 63 1
2946 0 -64 0
2947 0 -64 0
2948 1 63 1
2949 0 -64 0
2950 1 63 1
2951 0 -64 0
2952 0 -64 0
2953 1 63 1
2954 1 63 1
2955 0 -64 0
2956 0 -64 0
2957 0 -64 0
2958 1 63 1
2959 0 -64 0
2960 1 63 1
2961 1 63 1
2962 1 63 1
2963 0 -64 0
2964 0 -64 0
2965 1 63 1
2966 1 63 1
2967 1 63 1
2968 0 -64 0
2969 0 -64 0
2970 1 63 1
2971 1 63 1
2972 1 63 1
2973 1 63 1
2974 0 -64 0
2975 1 63 1
2976 0 -64 0
2977 1 63 1
2978 1 63 1
2979 1 63 1
2980 0 -64 0
2981 0 -64 0
2982 1 63 1
2983 1 63 1
2984 0 -64 0
2985 1 63 1
2986 1 63 1
2987 1 63 1
2988 0 -64 0
2989 1 63 1
2990 1 63 1
2991 1 63 1
2992 1 63 1
2993 1 63 1
2994 1 63 1
2995 1 63 1
2996 0 -64 0
2997 1 63 1
2998 1 63 1
2999 1 63 1
3000 1 63 1
3001 0 -64 0
3002 1 63 1
3003 0 -53 0
3004 1 63 1
3005 0 -64 0
3006 0 -64 0
3007 1 63 1
3008 0 -64 0
3009 1 63 1
3010 0 -64 0
3011 0 -64 0
3012 1 63 1
3013 1 63 1
3014 0 -64 0
3015 1 63 1
3016 0 -64 0
3017 0 -64 0
3018 1 63 1
3019 1 63 1
3020 1 63 1
3021 0 -64 0
3022 1 63 1
3023 0 -64 0
3024 0 -64 0
3025 0 -64 0
3026 0 -64 0
3027 0 -64 0
3028 0 -64 0
3029 0 -64 0
3030 1 63 1
3031 0 -64 0
3032 1 63 1
3033 0 -64 0
3034 0 -64 0
3035 1 63 1
3036 0 -64 0
3037 1 63 1
3038 0 -64 0
3039 0 -64 0
3040 0 -64 0
3041 1 63 1
3042 1 63 1
3043 1 63 1
3044 0 -64 0
3045 0 -64 0
3046 1 63 1
3047 0 -64 0
3048 1 63 1
3049 0 -64 0
3050 1 63 1
3051 0 -64 0
3052 1 63 1
3053 0 -64 0
3054 0 -64 0
3055 0 -64 0
3056 1 63 1
3057 1 63 1
3058 0 -64 0
3059 0 -64 0
3060 0 -64 0
3061 1 63 1
3062 0 -64 0
3063 0 -64 0
3064 0 -64 0
3065 1 63 1
3066 1 63 1
3067 1 63 1
3068 0 -64 0
3069 1 63 1
3070 0 -64 0
3071 0 -64 0
3072 0 -39 0
3073 1 63 1
3074 1 63 1
3075 0 -64 0
3076 1 63 1
3077 1 63 1
3078 1 63 1
3079 1 63 1
3080 1 63 1
3081 1 63 1
3082 1 63 1
3083 0 -64 0
3084 1 63 1
3085 1 63 1
3086 0 -64 0
3087 1 63 1
3088 1 63 1
3089 0 -64 0
3090 1 63 1
3091 0 -64 0
3092 0 -64 0
3093 0 -64 0
3094 1 63 1
3095 0 -64 0
3096 1 63 1
3097 0 -64 0
3098 0 -64 0
3099 1 63 1
3100 0 -64 0
3101 1 63 1
3102 0 -64 0
3103 1 63 1
3104 0 -64 0
3105 0 -64 0
3106 0 -64 0
3107 0 -64 0
3108 1 63 1
3109 0 -64 0
3110 1 63 1
3111 1 63 1
3112 1 63 1
3113 1 63 1
3114 1 63 1
3115 1 63 1
3116 1 63 1
3117 0 -64 0
3118 0 -64 0
3119 0 -64 0
3120 0 -64 0
3121 0 -64 0
3122 1 63 1
3123 0 -64 0
3124 0 -64 0
3125 0 -64 0
3126 1 54 1
3127 0 -64 0
3128 0 -64 0
3129 1 63 1
3130 1 63 1
3131 1 63 1
3132 1 63 1
3133 0 -64 0
3134 1 63 1
3135 0 -64 0
3136 0 -64 0
3137 0 -64 0
3138 1 63 1
3139 0 -64 0
3140 0 -64 0
3141 0 -64 0
3142 0 -64 0
3143 1 63 1
3144 1 63 1
3145 0 -64 0
3146 1 63 1
3147 0 -64 0
3148 1 63 1
3149 0 -64 0
3150 0 -64 0
3151 0 -64 0
3152 0 -64 0
3153 0 -64 0
3154 1 63 1
3155 1 63 1
3156 1 63 1
3157 1 63 1
3158 0 -64 0
3159 0 -64 0
3160 1 63 1
3161 1 63 1
3162 0 -64 0
3163 0 -64 0
3164 1 63 1
3165 1 63 1
3166 0 -64 0
3167 0 -64 0
3168 1 63 1
3169 1 63 1
3170 1 63 1
3171 1 63 1
3172 1 63 1
3173 0 -64 0
3174 1 63 1
3175 1 63 1
3176 1 63 1
3177 1 63 1
3178 0 -64 0
3179 1 63 1
3180 0 -64 0
3181 0 -64 0
3182 1 63 1
3183 1 63 1
3184 0 -64 0
3185 0 -64 0
3186 1 63 1
3187 0 -64 0
3188 1 63 1
3189 0 -64 0
3190 0 -64 0
3191 0 -64 0
3192 0 -64 0
3193 1 63 1
3194 1 63 1
3195 1 63 1
3196 0 -64 0
3197 0 -64 0
3198 0 -64 0
3199 1 63 1
3200 1 63 1
3201 0 -64 0
3202 1 63 1
3203 0 -64 0
3204 1 63 1
3205 0 -64 0
3206 1 63 1
3207 1 63 1
3208 1 63 1
3209 1 63 1
3210 1 63 1
3211 0 -64 0
3212 1 63 1
3213 1 63 1
3214 1 63 1
3215 1 63 1
3216 1 63 1
3217 0 -64 0
3218 1 63 1
3219 1 63 1
3220 1 63 1
3221 0 -64 0
3222 1 63 1
3223 1 63 1
3224 0 -64 0
3225 1 63 1
3226 1 63 1
3227 1 63 1
3228 1 63 1
3229 1 63 1
3230 1 63 1
3231 0 -64 0
3232 1 63 1
3233 0 -64 0
3234 0 -64 0
3235 1 63 1
3236 1 63 1
3237 0 -64 0
3238 1 63 1
3239 0 -64 0
3240 1 63 1
3241 1 63 1
3242 0 -64 0
3243 0 -64 0
3244 0 -64 0
3245 0 -64 0
3246 0 -64 0
3247 0 -64 0
3248 0 -64 0
3249 0 -64 0
3250 1 63 1
3251 1 63 1
3252 0 -64 0
3253 0 -64 0
3254 0 -64 0
3255 1 63 1
3256 0 -64 0
3257 1 63 1
3258 1 63 1
3259 1 63 1
3260 0 -64 0
3261 1 63 1
3262 0 -64 0
3263 0 -64 0
3264 0 -64 0
3265 1 63 1
3266 1 63 1
3267 1 63 1
3268 1 63 1
3269 1 63 1
3270 0 -64 0
3271 1 63 1
3272 1 63 1
3273 0 -64 0
3274 0 -64 0
3275 1 63 1
3276 0 -64 0
3277 0 -64 0
3278 0 -64 0
3279 1 63 1
3280 1 63 1
3281 1 63 1
3282 0 -64 0
3283 1 63 1
3284 0 -64 0
3285 0 -64 0
3286 1 63 1
3287 0 -64 0
3288 0 -64 0
3289 0 -64 0
3290 1 63 1
3291 1 63 1
3292 1 63 1
3293 1 63 1
3294 0 -64 0
3295 1 60 1
3296 0 -64 0
3297 0 -64 0
3298 0 -64 0
3299 1 63 1
3300 0 -64 0
3301 1 63 1
3302 0 -64 0
3303 0 -64 0
3304 0 -64 0
3305 0 -64 0
3306 1 63 1
3307 0 -64 0
3308 0 -64 0
3309 1 63 1
3310 0 -64 0
3311 0 -64 0
3312 1 63 1
3313 0 -64 0
3314 0 -64 0
3315 0 -64 0
3316 1 63 1
3317 1 63 1
3318 1 63 1
3319 1 63 1
3320 0 -64 0
3321 0 -64 0
3322 1 63 1
3323 1 63 1
3324 0 -64 0
3325 0 -64 0
3326 0 -64 0
3327 1 63 1
3328 0 -64 0
3329 0 -64 0
3330 1 63 1
3331 0 -64 0
3332 0 -64 0
3333 0 -55 0
3334 0 -64 0
3335 1 63 1
3336 1 63 1
3337 0 -64 0
3338 0 -64 0
3339 0 -64 0
3340 1 63 1
3341 0 -64 0
3342 0 -64 0
3343 0 -64 0
3344 0 -64 0
3345 1 63 1
3346 1 63 1
3347 1 63 1
3348 1 63 1
3349 0 -64 0
3350 1 63 1
3351 0 -64 0
3352 1 63 1
3353 0 -64 0
3354 0 -64 0
3355 1 63 1
3356 1 63 1
3357 1 63 1
3358 1 63 1
3359 0 -64 0
3360 1 63 1
3361 1 63 1
3362 0 -64 0
3363 1 63 1
3364 0 -59 0
3365 0 -64 0
3366 0 -64 0
3367 1 63 1
3368 1 63 1
3369 1 63 1
3370 1 63 1
3371 0 -64 0
3372 1 63 1
3373 0 -64 0
3374 1 63 1
3375 1 63 1
3376 0 -64 0
3377 1 63 1
3378 0 -64 0
3379 1 63 1
3380 1 63 1
3381 0 -64 0
3382 0 -64 0
3383 0 -64 0
3384 0 -64 0
3385 1 63 1
3386 1 63 1
3387 0 -64 0
3388 0 -64 0
3389 1 63 1
3390 0 -64 0
3391 1 63 1
3392 1 63 1
3393 1 63 1
3394 1 63 1
3395 0 -64 0
3396 1 63 1
3397 0 -64 0
3398 1 63 1
3399 0 -64 0
3400 1 63 1
3401 1 63 1
3402 0 -64 0
3403 1 63 1
3404 0 -64 0
3405 1 63 1
3406 1 63 1
3407 1 63 1
3408 0 -64 0
3409 0 -64 0
3410 1 63 1
3411 0 -64 0
3412 0 -64 0
3413 0 -64 0
3414 1 63 1
3415 0 -64 0
3416 0 -64 0
3417 1 63 1
3418 1 63 1
3419 1 63 1
3420 1 63 1
3421 0 -64 0
3422 0 -64 0
3423 0 -64 0
3424 0 -64 0
3425 1 63 1
3426 0 -64 0
3427 0 -64 0
3428 1 63 1
3429 1 63 1
3430 0 -64 0
3431 0 -64 0
3432 1 63 1
3433 1 63 1
3434 0 -64 0
3435 0 -64 0
3436 0 -64 0
3437 0 -64 0
3438 1 63 1
3439 0 -64 0
3440 0 -64 0
3441 0 -64 0
3442 1 63 1
3443 0 -64 0
3444 0 -64 0
3445 1 63 1
3446 1 63 1
3447 0 -64 0
3448 0 -64 0
3449 1 63 1
3450 1 63 1
3451 0 -64 0
3452 0 -64 0
3453 1 63 1
3454 0 -64 0
3455 0 -64 0
3456 0 -64 0
3457 1 63 1
3458 0 -64 0
3459 0 -64 0
3460 1 63 1
3461 1 63 1
3462 0 -64 0
3463 0 -64 0
3464 1 63 1
3465 0 -64 0
3466 0 -64 0
3467 1 63 1
3468 0 -64 0
3469 1 63 1
3470 0 -64 0
3471 0 -64 0
3472 1 63 1
3473 0 -64 0
3474 1 63 1
3475 0 -64 0
3476 0 -64 0
3477 0 -64 0
3478 0 -64 0
3479 1 50 1
3480 0 -64 0
3481 1 63 1
3482 1 63 1
3483 1 63 1
3484 1 63 1
3485 0 -64 0
3486 1 63 1
3487 0 -64 0
3488 1 63 1
3489 1 63 1
3490 1 63 1
3491 0 -64 0
3492 1 63 1
3493 0 -64 0
3494 1 63 1
3495 0 -64 0
3496 0 -64 0
3497 1 63 1
3498 0 -64 0
3499 0 -64 0
3500 0 -64 0
3501 0 -64 0
3502 1 63 1
3503 0 -64 0
3504 0 -64 0
3505 1 63 1
3506 0 -64 0
3507 1 63 1
3508 1 63 1
3509 1 63 1
3510 1 63 1
3511 1 63 1
3512 0 -64 0
3513 0 -64 0
3514 1 63 1
3515 1 63 1
3516 1 63 1
3517 0 -64 0
3518 1 63 1
3519 0 -64 0
3520 1 63 1
3521 0 -64 0
3522 1 63 1
3523 1 63 1
3524 1 63 1
3525 1 63 1
3526 1 63 1
3527 1 63 1
3528 0 -64 0
3529 0 -64 0
3530 0 -64 0
3531 0 -64 0
3532 1 63 1
3533 1 63 1
3534 1 63 1
3535 1 63 1
3536 1 63 1
3537 0 -64 0
3538 0 -64 0
3539 0 -64 0
3540 1 63 1
3541 0 -64 0
3542 0 -64 0
3543 1 63 1
3544 0 -64 0
3545 0 -64 0
3546 0 -64 0
3547 0 -64 0
3548 1 63 1
3549 0 -64 0
3550 1 63 1
3551 0 -64 0
3552 1 63 1
3553 1 63 1
3554 1 63 1
3555 0 -64 0
3556 1 63 1
3557 1 63 1
3558 0 -64 0
3559 1 63 1
3560 1 63 1
3561 0 -64 0
3562 0 -64 0
3563 0 -64 0
3564 1 63 1
3565 0 -64 0
3566 1 63 1
3567 0 -64 0
3568 1 63 1
3569 0 -64 0
3570 1 63 1
3571 1 63 1
3572 0 -64 0
3573 1 63 1
3574 0 -64 0
3575 0 -64 0
3576 0 -64 0
3577 1 63 1
3578 1 63 1
3579 1 63 1
3580 1 63 1
3581 1 63 1
3582 1 63 1
3583 0 -64 0
3584 0 -64 0
3585 0 -64 0
3586 0 -64 0
3587 0 -64 0
3588 0 -64 0
3589 1 63 1
3590 1 63 1
3591 0 -64 0
3592 0 -64 0
3593 1 63 1
3594 0 -64 0
3595 1 63 1
3596 0 -64 0
3597 0 -64 0
3598 0 -64 0
3599 1 63 1
3600 1 63 1
3601 0 -64 0
3602 0 -46 0
3603 1 63 1
3604 1 63 1
3605 1 63 1
3606 0 -64 0
3607 0 -64 0
3608 0 -64 0
3609 0 -64 0
3610 0 -64 0
3611 0 -64 0
3612 0 -64 0
3613 0 -64 0
3614 1 63 1
3615 0 -64 0
3616 0 -64 0
3617 0 -64 0
3618 1 63 1
3619 1 63 1
3620 1 63 1
3621 0 -64 0
3622 1 63 1
3623 0 -64 0
3624 0 -64 0
3625 0 -42 0
3626 0 -64 0
3627 1 63 1
3628 1 63 1
3629 0 -64 0
3630 0 -64 0
3631 0 -64 0
3632 0 -64 0
3633 1 63 1
3634 0 -64 0
3635 1 63 1
3636 1 63 1
3637 1 63 1
3638 0 -64 0
3639 0 -64 0
3640 0 -64 0
3641 0 -64 0
3642 1 63 1
3643 0 -64 0
3644 0 -64 0
3645 0 -64 0
3646 0 -64 0
3647 1 63 1
3648 1 63 1
3649 0 -64 0
3650 1 63 1
3651 1 63 1
3652 0 -64 0
3653 1 63 1
3654 1 63 1
3655 1 63 1
3656 1 63 1
3657 1 63 1
3658 1 63 1
3659 1 63 1
3660 0 -64 0
3661 1 63 1
3662 1 63 1
3663 1 63 1
3664 1 63 1
3665 0 -64 0
3666 0 -64 0
3667 0 -64 0
3668 1 63 1
3669 1 63 1
3670 1 63 1
3671 0 -64 0
3672 1 63 1
3673 0 -64 0
3674 0 -64 0
3675 0 -64 0
3676 0 -64 0
3677 0 -64 0
3678 0 -64 0
3679 0 -64 0
3680 1 63 1
3681 1 63 1
3682 1 63 1
3683 0 -64 0
3684 0 -64 0
3685 1 63 1
3686 0 -64 0
3687 0 -64 0
3688 1 63 1
3689 1 63 1
3690 1 63 1
3691 0 -64 0
3692 0 -64 0
3693 1 63 1
3694 0 -64 0
3695 1 63 1
3696 0 -64 0
3697 1 63 1
3698 1 63 1
3699 1 63 1
3700 0 -64 0
3701 0 -64 0
3702 1 63 1
3703 0 -64 0
3704 0 -64 0
3705 0 -64 0
3706 1 63 1
3707 0 -64 0
3708 0 -64 0
3709 1 63 1
3710 1 63 1
3711 1 63 1
3712 1 63 1
3713 1 63 1
3714 0 -64 0
3715 0 -64 0
3716 0 -64 0
3717 0 -64 0
3718 0 -64 0
3719 0 -64 0
3720 0 -64 0
3721 0 -64 0
3722 0 -64 0
3723 1 63 1
3724 1 63 1
3725 0 -64 0
3726 0 -64 0
3727 0 -64 0
3728 1 63 1
3729 1 63 1
3730 1 63 1
3731 0 -64 0
3732 1 63 1
3733 1 63 1
3734 0 -64 0
3735 1 63 1
3736 0 -64 0
3737 0 -64 0
3738 1 63 1
3739 1 63 1
3740 1 63 1
3741 0 -64 0
3742 1 63 1
3743 1 63 1
3744 0 -64 0
3745 1 63 1
3746 1 63 1
3747 0 -64 0
3748 1 63 1
3749 0 -64 0
3750 1 63 1
3751 1 63 1
3752 1 63 1
3753 1 63 1
3754 0 -64 0
3755 1 63 1
3756 0 -64 0
3757 0 -64 0
3758 0 -64 0
3759 1 63 1
3760 0 -64 0
3761 1 63 1
3762 1 63 1
3763 0 -64 0
3764 1 63 1
3765 1 63 1
3766 0 -64 0
3767 1 63 1
3768 1 63 1
3769 0 -64 0
3770 1 63 1
3771 1 43 1
3772 0 -64 0
3773 0 -64 0
3774 0 -64 0
3775 1 63 1
3776 0 -64 0
3777 1 63 1
3778 1 63 1
3779 0 -64 0
3780 0 -64 0
3781 1 63 1
3782 0 -64 0
3783 0 -64 0
3784 0 -64 0
3785 1 63 1
3786 1 46 1
3787 0 -64 0
3788 1 63 1
3789 1 63 1
3790 1 63 1
3791 0 -64 0
3792 1 63 1
3793 1 63 1
3794 1 63 1
3795 1 63 1
3796 0 -64 0
3797 0 -64 0
3798 1 63 1
3799 0 -64 0
3800 1 63 1
3801 0 -64 0
3802 0 -64 0
3803 1 63 1
3804 0 -64 0
3805 0 -64 0
3806 0 -64 0
3807 1 63 1
3808 0 -64 0
3809 1 63 1
3810 0 -64 0
3811 0 -64 0
3812 1 63 1
3813 1 63 1
3814 0 -64 0
3815 0 -64 0
3816 1 63 1
3817 1 63 1
3818 0 -64 0
3819 0 -64 0
3820 0 -64 0
3821 0 -64 0
3822 1 63 1
3823 1 63 1
3824 1 63 1
3825 1 63 1
3826 0 -64 0
3827 1 63 1
3828 0 -64 0
3829 0 -64 0
3830 0 -64 0
3831 1 63 1
3832 1 63 1
3833 0 -64 0
3834 1 63 1
3835 1 63 1
3836 0 -64 0
3837 0 -64 0
3838 0 -64 0
3839 0 -64 0
3840 1 37 1
3841 0 -64 0
3842 0 -64 0
3843 1 63 1
3844 0 -64 0
3845 1 63 1
3846 1 63 1
3847 1 63 1
3848 1 63 1
3849 1 63 1
3850 0 -64 0
3851 0 -64 0
3852 1 63 1
3853 0 -64 0
3854 1 63 1
3855 0 -64 0
3856 0 -64 0
3857 1 63 1
3858 1 63 1
3859 1 63 1
3860 1 63 1
3861 1 63 1
3862 1 63 1
3863 1 63 1
3864 0 -64 0
3865 0 -64 0
3866 1 63 1
3867 0 -64 0
3868 1 63 1
3869 1 63 1
3870 1 63 1
3871 0 -64 0
3872 0 -64 0
3873 1 63 1
3874 0 -64 0
3875 0 -64 0
3876 0 -64 0
3877 1 63 1
3878 0 -64 0
3879 1 63 1
3880 0 -64 0
3881 0 -64 0
3882 0 -64 0
3883 1 63 1
3884 0 -64 0
3885 0 -64 0
3886 0 -64 0
3887 0 -64 0
3888 0 -64 0
3889 1 63 1
3890 0 -64 0
3891 0 -64 0
3892 1 63 1
3893 0 -64 0
3894 1 63 1
3895 0 -64 0
3896 0 -64 0
3897 0 -64 0
3898 1 63 1
3899 0 -64 0
3900 0 -64 0
3901 0 -64 0
3902 1 63 1
3903 0 -64 0
3904 1 63 1
3905 0 -64 0
3906 1 63 1
3907 1 63 1
3908 0 -64 0
3909 0 -64 0
3910 0 -64 0
3911 1 63 1
3912 0 -64 0
3913 0 -64 0
3914 1 63 1
3915 1 63 1
3916 0 -64 0
3917 0 -48 0
3918 1 63 1
3919 0 -64 0
3920 1 63 1
3921 1 63 1
3922 1 63 1
3923 0 -64 0
3924 0 -64 0
3925 0 -64 0
3926 1 63 1
3927 1 63 1
3928 1 63 1
3929 1 63 1
3930 1 63 1
3931 1 63 1
3932 1 63 1
3933 1 63 1
3934 0 -64 0
3935 0 -64 0
3936 1 63 1
3937 1 63 1
3938 0 -64 0
3939 1 63 1
3940 1 63 1
3941 0 -64 0
3942 0 -64 0
3943 0 -64 0
3944 1 63 1
3945 0 -64 0
3946 0 -64 0
3947 0 -64 0
3948 0 -64 0
3949 1 63 1
3950 0 -64 0
3951 1 63 1
3952 1 63 1
3953 1 63 1
3954 0 -64 0
3955 1 58 1
3956 1 63 1
3957 1 63 1
3958 1 63 1
3959 1 63 1
3960 1 63 1
3961 1 63 1
3962 1 63 1
3963 1 63 1
3964 1 63 1
3965 0 -64 0
3966 1 63 1
3967 0 -64 0
3968 0 -64 0
3969 0 -64 0
3970 0 -64 0
3971 1 63 1
3972 0 -64 0
3973 0 -64 0
3974 0 -64 0
3975 1 63 1
3976 0 -64 0
3977 0 -64 0
3978 0 -64 0
3979 0 -64 0
3980 1 63 1
3981 1 63 1
3982 1 63 1
3983 1 63 1
3984 1 63 1
3985 0 -64 0
3986 1 63 1
3987 0 -64 0
3988 0 -64 0
3989 0 -64 0
3990 0 -64 0
3991 0 -64 0
3992 0 -64 0
3993 0 -64 0
3994 1 63 1
3995 0 -64 0
3996 0 -64 0
3997 1 63 1
3998 1 63 1
3999 0 -64 0
4000 1 63 1
4001 1 63 1
4002 1 63 1
4003 0 -64 0
4004 1 63 1
4005 1 63 1
4006 1 63 1
4007 0 -64 0
4008 1 63 1
4009 0 -64 0
4010 1 63 1
4011 0 -64 0
4012 0 -64 0
4013 1 63 1
4014 0 -64 0
4015 1 63 1
4016 0 -64 0
4017 1 63 1
4018 0 -64 0
4019 0 -64 0
4020 0 -64 0
4021 0 -64 0
4022 0 -64 0
4023 0 -64 0
4024 0 -64 0
4025 1 63 1
4026 0 -64 0
4027 1 63 1
4028 1 63 1
4029 0 -64 0
4030 1 63 1
4031 0 -64 0
4032 0 -64 0
4033 1 63 1
4034 0 -64 0
4035 0 -64 0
4036 0 -64 0
4037 0 -64 0
4038 0 -64 0
4039 1 63 1
4040 1 63 1
4041 1 63 1
4042 1 63 1
4043 0 -64 0
4044 0 -64 0
4045 1 63 1
4046 1 63 1
4047 1 63 1
4048 1 63 1
4049 1 63 1
4050 1 63 1
4051 1 63 1
4052 1 63 1
4053 0 -64 0
4054 0 -64 0
4055 0 -64 0
4056 1 63 1
4057 1 63 1
4058 0 -64 0
4059 0 -64 0
4060 1 63 1
4061 0 -64 0
4062 0 -64 0
4063 1 63 1
4064 1 63 1
4065 0 -64 0
4066 0 -64 0
4067 1 63 1
4068 0 -64 0
4069 1 63 1
4070 0 -64 0
4071 1 63 1
4072 0 -64 0
4073 1 63 1
4074 0 -64 0
4075 0 -64 0
4076 0 -64 0
4077 1 63 1
4078 0 -54 0
4079 0 -64 0
4080 1 63 1
4081 0 -64 0
4082 0 -64 0
4083 1 63 1
4084 0 -64 0
4085 0 -64 0
4086 1 63 1
4087 1 63 1
4088 1 63 1
4089 0 -64 0
4090 1 63 1
4091 0 -64 0
4092 0 -64 0
4093 0 -64 0
4094 1 63 1
4095 0 -64 0
4096 0 -64 0
4097 0 -64 0
4098 1 63 1
4099 1 63 1
4100 1 63 1
4101 0 -50 0
4102 0 -64 0
4103 0 -64 0
4104 0 -64 0
4105 0 -64 0
4106 1 63 1
4107 0 -64 0
4108 1 63 1
4109 1 63 1
4110 0 -64 0
4111 1 63 1
4112 1 63 1
4113 0 -64 0
4114 1 63 1
4115 1 63 1
4116 1 63 1
4117 0 -64 0
4118 1 63 1
4119 1 63 1
4120 0 -64 0
4121 1 63 1
4122 1 63 1
4123 0 -64 0
4124 1 63 1
4125 1 63 1
4126 0 -64 0
4127 0 -64 0
4128 0 -64 0
4129 1 63 1
4130 0 -64 0
4131 1 63 1
4132 0 -7 0
4133 0 -64 0
4134 0 -64 0
4135 1 63 1
4136 0 -64 0
4137 0 -64 0
4138 0 -64 0
4139 1 63 1
4140 0 -64 0
4141 0 -64 0
4142 0 -64 0
4143 1 63 1
4144 0 -64 0
4145 0 -64 0
4146 1 63 1
4147 1 63 1
4148 0 -64 0
4149 0 -64 0
4150 0 -64 0
4151 0 -64 0
4152 1 63 1
4153 1 63 1
4154 1 63 1
4155 1 63 1
4156 0 -64 0
4157 0 -64 0
4158 0 -64 0
4159 1 63 1
4160 1 63 1
4161 0 -64 0
4162 1 63 1
4163 1 63 1
4164 1 63 1
4165 0 -64 0
4166 1 63 1
4167 1 63 1
4168 0 -64 0
4169 0 -64 0
4170 1 63 1
4171 1 63 1
4172 0 -64 0
4173 1 63 1
4174 1 63 1
4175 1 63 1
4176 1 63 1
4177 0 -64 0
4178 0 -64 0
4179 1 63 1
4180 0 -64 0
4181 0 -64 0
4182 1 63 1
4183 1 63 1
4184 1 63 1
4185 1 63 1
4186 0 -64 0
4187 1 63 1
4188 0 -64 0
4189 1 63 1
4190 1 63 1
4191 1 63 1
4192 1 63 1
4193 1 63 1
4194 0 -64 0
4195 1 63 1
4196 1 63 1
4197 0 -64 0
4198 1 63 1
4199 1 63 1
4200 1 63 1
4201 1 63 1
4202 1 63 1
4203 0 -64 0
4204 1 63 1
4205 0 -64 0
4206 0 -64 0
4207 0 -64 0
4208 1 63 1
4209 1 63 1
4210 0 -64 0
4211 0 -64 0
4212 1 63 1
4213 0 -64 0
4214 0 -64 0
4215 1 63 1
4216 0 -64 0
4217 1 63 1
4218 1 63 1
4219 0 -64 0
4220 1 63 1
4221 0 -64 0
4222 0 -64 0
4223 0 -64 0
4224 0 -64 0
4225 0 -64 0
4226 0 -64 0
4227 1 63 1
4228 0 -64 0
4229 1 63 1
4230 1 63 1
4231 1 63 1
4232 1 63 1
4233 1 63 1
4234 0 -64 0
4235 1 63 1
4236 1 63 1
4237 1 63 1
4238 0 -64 0
4239 1 63 1
4240 0 -64 0
4241 0 -64 0
4242 1 63 1
4243 0 -64 0
4244 1 63 1
4245 1 63 1
4246 1 63 1
4247 1 45 1
4248 1 63 1
4249 0 -64 0
4250 1 63 1
4251 0 -64 0
4252 0 -64 0
4253 1 63 1
4254 1 63 1
4255 0 -64 0
4256 0 -64 0
4257 1 63 1
4258 1 63 1
4259 0 -64 0
4260 0 -64 0
4261 0 -64 0
4262 1 63 1
4263 1 63 1
4264 0 -64 0
4265 0 -64 0
4266 0 -64 0
4267 0 -64 0
4268 0 -64 0
4269 0 -64 0
4270 0 -64 0
4271 0 -64 0
4272 0 -64 0
4273 1 63 1
4274 0 -64 0
4275 1 63 1
4276 0 -64 0
4277 1 63 1
4278 0 -64 0
4279 0 -64 0
4280 0 -64 0
4281 1 63 1
4282 1 63 1
4283 0 -64 0
4284 1 63 1
4285 0 -64 0
4286 0 -64 0
4287 0 -64 0
4288 0 -64 0
4289 1 63 1
4290 1 63 1
4291 1 63 1
4292 1 63 1
4293 1 63 1
4294 0 -64 0
4295 1 63 1
4296 0 -64 0
4297 1 63 1
4298 1 63 1
4299 0 -64 0
4300 0 -64 0
4301 1 63 1
4302 1 63 1
4303 1 63 1
4304 0 -64 0
4305 1 63 1
4306 0 -64 0
4307 1 63 1
4308 1 63 1
4309 1 63 1
4310 1 63 1
4311 0 -64 0
4312 0 -64 0
4313 1 63 1
4314 0 -64 0
4315 1 63 1
4316 1 63 1
4317 1 63 1
4318 1 63 1
4319 0 -64 0
4320 0 -64 0
4321 1 63 1
4322 0 -64 0
4323 0 -64 0
4324 1 63 1
4325 1 63 1
4326 0 -64 0
4327 0 -64 0
4328 0 -64 0
4329 0 -64 0
4330 0 -64 0
4331 1 63 1
4332 1 63 1
4333 0 -64 0
4334 1 63 1
4335 1 63 1
4336 0 -64 0
4337 0 -64 0
4338 1 63 1
4339 1 63 1
4340 0 -64 0
4341 0 -64 0
4342 1 63 1
4343 0 -64 0
4344 1 63 1
4345 1 63 1
4346 0 -64 0
4347 1 63 1
4348 1 63 1
4349 0 -64 0
4350 1 63 1
4351 0 -64 0
4352 0 -64 0
4353 1 63 1
4354 0 -64 0
4355 0 -64 0
4356 0 -64 0
4357 0 -64 0
4358 0 -64 0
4359 0 -64 0
4360 1 63 1
4361 0 -64 0
4362 0 -64 0
4363 0 -64 0
4364 1 63 1
4365 1 63 1
4366 0 -64 0
4367 0 -64 0
4368 1 63 1
4369 0 -64 0
4370 1 39 1
4371 0 -64 0
4372 1 63 1
4373 1 63 1
4374 1 63 1
4375 0 -64 0
4376 1 63 1
4377 0 -64 0
4378 0 -64 0
4379 0 -64 0
4380 0 -64 0
4381 1 63 1
4382 1 63 1
4383 1 63 1
4384 1 63 1
4385 0 -64 0
4386 0 -64 0
4387 1 63 1
4388 0 -64 0
4389 0 -64 0
4390 1 63 1
4391 0 -64 0
4392 1 63 1
4393 1 30 1
4394 0 -64 0
4395 0 -64 0
4396 1 63 1
4397 1 63 1
4398 0 -64 0
4399 0 -64 0
4400 1 63 1
4401 0 -64 0
4402 1 63 1
4403 1 63 1
4404 0 -64 0
4405 0 -64 0
4406 0 -64 0
4407 1 63 1
4408 1 63 1
4409 0 -64 0
4410 1 63 1
4411 0 -64 0
4412 1 63 1
4413 0 -64 0
4414 1 63 1
4415 1 63 1
4416 1 63 1
4417 1 63 1
4418 0 -64 0
4419 0 -64 0
4420 1 63 1
4421 0 -64 0
4422 0 -64 0
4423 0 -64 0
4424 1 63 1
4425 1 63 1
4426 1 63 1
4427 1 63 1
4428 0 -64 0
4429 1 63 1
4430 0 -64 0
4431 0 -64 0
4432 0 -64 0
4433 1 63 1
4434 1 63 1
4435 1 63 1
4436 1 63 1
4437 0 -64 0
4438 1 63 1
4439 0 -64 0
4440 1 63 1
4441 1 63 1
4442 0 -64 0
4443 0 -64 0
4444 0 -64 0
4445 0 -64 0
4446 1 63 1
4447 1 63 1
4448 0 -64 0
4449 0 -64 0
4450 0 -64 0
4451 1 63 1
4452 1 63 1
4453 0 -64 0
4454 1 63 1
4455 0 -64 0
4456 1 63 1
4457 1 63 1
4458 1 63 1
4459 1 63 1
4460 1 63 1
4461 0 -64 0
4462 1 63 1
4463 0 -64 0
4464 1 63 1
4465 0 -64 0
4466 1 63 1
4467 1 63 1
4468 1 63 1
4469 0 -64 0
4470 0 -64 0
4471 1 63 1
4472 0 -64 0
4473 0 -64 0
4474 0 -64 0
4475 1 63 1
4476 1 63 1
4477 0 -64 0
4478 0 -64 0
4479 0 -64 0
4480 1 63 1
4481 1 63 1
4482 0 -64 0
4483 0 -64 0
4484 1 63 1
4485 0 -64 0
4486 0 -64 0
4487 0 -64 0
4488 1 63 1
4489 0 -64 0
4490 1 63 1
4491 1 63 1
4492 1 63 1
4493 0 -64 0
4494 1 63 1
4495 0 -64 0
4496 1 63 1
4497 1 63 1
4498 0 -64 0
4499 1 63 1
4500 1 63 1
4501 1 51 1
4502 0 -64 0
4503 0 -64 0
4504 1 63 1
4505 1 63 1
4506 1 63 1
4507 0 -64 0
4508 1 63 1
4509 1 63 1
4510 0 -64 0
4511 1 63 1
4512 0 -64 0
4513 1 63 1
4514 0 -64 0
4515 0 -64 0
4516 1 63 1
4517 1 63 1
4518 0 -64 0
4519 0 -64 0
4520 1 63 1
4521 0 -64 0
4522 0 -64 0
4523 0 -64 0
4524 1 63 1
4525 1 63 1
4526 1 63 1
4527 0 -64 0
4528 1 63 1
4529 0 -64 0
4530 0 -64 0
4531 1 63 1
4532 0 -64 0
4533 1 63 1
4534 0 -64 0
4535 1 63 1
4536 1 63 1
4537 1 63 1
4538 0 -64 0
4539 1 63 1
4540 0 -64 0
4541 0 -64 0
4542 0 -64 0
4543 0 -64 0
4544 1 63 1
4545 1 63 1
4546 1 63 1
4547 0 -64 0
4548 1 63 1
4549 1 63 1
4550 1 63 1
4551 1 63 1
4552 1 63 1
4553 1 63 1
4554 1 58 1
4555 0 -64 0
4556 1 63 1
4557 1 63 1
4558 0 -64 0
4559 1 63 1
4560 0 -64 0
4561 0 -64 0
4562 0 -64 0
4563 1 63 1
4564 1 63 1
4565 1 63 1
4566 0 -64 0
4567 1 63 1
4568 0 -64 0
4569 0 -64 0
4570 0 -64 0
4571 1 63 1
4572 1 63 1
4573 1 63 1
4574 1 63 1
4575 1 63 1
4576 0 -64 0
4577 1 63 1
4578 1 63 1
4579 1 63 1
4580 0 -64 0
4581 0 -64 0
4582 0 -64 0
4583 1 63 1
4584 0 -64 0
4585 1 63 1
4586 0 -64 0
4587 0 -64 0
4588 0 -64 0
4589 0 -64 0
4590 0 -64 0
4591 1 63 1
4592 1 63 1
4593 1 63 1
4594 0 -64 0
4595 1 63 1
4596 1 63 1
4597 1 63 1
4598 1 63 1
4599 1 63 1
4600 0 -64 0
4601 1 63 1
4602 1 63 1
4603 1 63 1
4604 0 -64 0
4605 0 -64 0
4606 0 -64 0
4607 0 -64 0
4608 1 -39 0
4609 1 63 1
4610 1 63 1
4611 0 -64 0
4612 0 -64 0
4613 1 63 1
4614 0 -64 0
4615 0 -64 0
4616 1 63 1
4617 0 -64 0
4618 0 -64 0
4619 1 63 1
4620 0 -64 0
4621 0 -64 0
4622 0 -64 0
4623 1 63 1
4624 0 -64 0
4625 1 63 1
4626 0 -64 0
4627 0 -64 0
4628 0 -64 0
4629 0 -64 0
4630 0 -64 0
4631 1 63 1
4632 1 63 1
4633 1 63 1
4634 1 63 1
4635 0 -64 0
4636 1 63 1
4637 0 -64 0
4638 1 63 1
4639 1 63 1
4640 0 -64 0
4641 1 63 1
4642 0 -64 0
4643 0 -64 0
4644 0 -64 0
4645 0 -64 0
4646 1 63 1
4647 1 63 1
4648 0 -64 0
4649 1 63 1
4650 1 63 1
4651 1 63 1
4652 1 63 1
4653 0 -64 0
4654 1 63 1
4655 0 -64 0
4656 0 -64 0
4657 1 63 1
4658 1 63 1
4659 1 63 1
4660 0 -64 0
4661 1 63 1
4662 0 -56 0
4663 1 63 1
4664 1 63 1
4665 1 63 1
4666 0 -64 0
4667 1 63 1
4668 0 -64 0
4669 1 63 1
4670 1 63 1
4671 1 63 1
4672 0 -64 0
4673 1 63 1
4674 1 63 1
4675 0 -64 0
4676 1 63 1
4677 1 63 1
4678 0 -64 0
4679 1 63 1
4680 0 -64 0
4681 1 63 1
4682 0 -64 0
4683 0 -64 0
4684 1 63 1
4685 0 -45 0
4686 1 63 1
4687 0 -64 0
4688 1 63 1
4689 0 -64 0
4690 1 63 1
4691 1 63 1
4692 1 63 1
4693 0 -64 0
4694 1 63 1
4695 0 -64 0
4696 1 63 1
4697 0 -64 0
4698 1 63 1
4699 1 63 1
4700 1 63 1
4701 1 63 1
4702 1 63 1
4703 0 -64 0
4704 1 63 1
4705 0 -64 0
4706 0 -64 0
4707 1 63 1
4708 0 -64 0
4709 0 -64 0
4710 1 63 1
4711 0 -64 0
4712 1 63 1
4713 0 -64 0
4714 0 -64 0
4715 0 -64 0
4716 0 -64 0
4717 1 63 1
4718 0 -64 0
4719 0 -64 0
4720 1 63 1
4721 0 -64 0
4722 0 -64 0
4723 1 59 1
4724 0 -64 0
4725 1 63 1
4726 0 -64 0
4727 0 -64 0
4728 0 -64 0
4729 0 -64 0
4730 0 -64 0
4731 1 63 1
4732 1 63 1
4733 1 63 1
4734 1 63 1
4735 1 63 1
4736 0 -64 0
4737 1 63 1
4738 1 63 1
4739 1 63 1
4740 0 -64 0
4741 1 63 1
4742 0 -64 0
4743 0 -64 0
4744 0 -64 0
4745 1 63 1
4746 0 -64 0
4747 0 -64 0
4748 1 63 1
4749 1 63 1
4750 1 63 1
4751 1 63 1
4752 1 63 1
4753 1 63 1
4754 0 -64 0
4755 1 63 1
4756 0 -64 0
4757 1 63 1
4758 1 63 1
4759 1 63 1
4760 1 63 1
4761 1 63 1
4762 1 63 1
4763 1 63 1
4764 0 -64 0
4765 1 63 1
4766 1 63 1
4767 0 -64 0
4768 0 -64 0
4769 1 63 1
4770 1 63 1
4771 1 63 1
4772 1 63 1
4773 1 63 1
4774 0 -64 0
4775 0 -64 0
4776 0 -64 0
4777 0 -64 0
4778 1 63 1
4779 0 -64 0
4780 0 -64 0
4781 1 63 1
4782 0 -64 0
4783 1 63 1
4784 1 63 1
4785 0 -64 0
4786 1 63 1
4787 1 63 1
4788 1 63 1
4789 1 63 1
4790 1 63 1
4791 1 63 1
4792 1 63 1
4793 0 -64 0
4794 0 -64 0
4795 0 -64 0
4796 0 -64 0
4797 1 63 1
4798 1 63 1
4799 1 63 1
4800 1 63 1
4801 0 -64 0
4802 1 63 1
4803 1 63 1
4804 1 63 1
4805 1 63 1
4806 0 -64 0
4807 0 -64 0
4808 1 63 1
4809 1 63 1
4810 0 -64 0
4811 1 63 1
4812 1 63 1
4813 0 -64 0
4814 1 63 1
4815 0 -64 0
4816 1 63 1
4817 1 63 1
4818 0 -64 0
4819 0 -64 0
4820 1 63 1
4821 0 -64 0
4822 0 -64 0
4823 0 -64 0
4824 1 63 1
4825 1 63 1
4826 1 63 1
4827 1 63 1
4828 1 63 1
4829 0 -64 0
4830 1 63 1
4831 0 -64 0
4832 0 -64 0
4833 1 63 1
4834 1 63 1
4835 1 63 1
4836 1 63 1
4837 1 63 1
4838 0 -64 0
4839 0 -64 0
4840 1 63 1
4841 1 63 1
4842 1 63 1
4843 0 -64 0
4844 1 63 1
4845 0 -64 0
4846 0 -48 0
4847 0 -64 0
4848 0 -64 0
4849 1 63 1
4850 0 -64 0
4851 0 -64 0
4852 1 63 1
4853 1 63 1
4854 1 63 1
4855 0 -64 0
4856 1 63 1
4857 1 63 1
4858 0 -64 0
4859 0 -64 0
4860 0 -64 0
4861 1 63 1
4862 1 63 1
4863 0 -64 0
4864 1 63 1
4865 0 -64 0
4866 1 63 1
4867 1 63 1
4868 1 63 1
4869 1 63 1
4870 0 -64 0
4871 1 63 1
4872 1 63 1
4873 1 63 1
4874 0 -64 0
4875 0 -64 0
4876 1 63 1
4877 1 63 1
4878 0 -64 0
4879 0 -64 0
4880 1 63 1
4881 0 -64 0
4882 1 63 1
4883 0 -64 0
4884 1 63 1
4885 0 -64 0
4886 1 63 1
4887 1 63 1
4888 0 -64 0
4889 1 63 1
4890 0 -64 0
4891 0 -64 0
4892 1 63 1
4893 1 63 1
4894 1 63 1
4895 1 63 1
4896 0 -64 0
4897 1 63 1
4898 0 -64 0
4899 1 63 1
4900 1 63 1
4901 1 63 1
4902 0 -64 0
4903 0 -64 0
4904 1 63 1
4905 1 63 1
4906 1 63 1
4907 1 63 1
4908 0 -64 0
4909 1 63 1
4910 0 -64 0
4911 1 63 1
4912 1 63 1
4913 0 -64 0
4914 0 -64 0
4915 1 63 1
4916 0 -64 0
4917 0 -64 0
4918 1 63 1
4919 1 63 1
4920 1 63 1
4921 0 -64 0
4922 1 63 1
4923 0 -64 0
4924 0 -64 0
4925 0 -64 0
4926 0 -64 0
4927 0 -64 0
4928 0 -64 0
4929 0 -64 0
4930 0 -64 0
4931 1 63 1
4932 0 -64 0
4933 0 -64 0
4934 1 63 1
4935 1 63 1
4936 1 63 1
4937 1 63 1
4938 1 63 1
4939 0 -64 0
4940 0 -64 0
4941 0 -64 0
4942 0 -64 0
4943 0 -64 0
4944 1 63 1
4945 1 63 1
4946 0 -64 0
4947 1 63 1
4948 1 63 1
4949 0 -64 0
4950 0 -64 0
4951 0 -64 0
4952 0 -64 0
4953 0 -64 0
4954 1 63 1
4955 0 -64 0
4956 1 63 1
4957 0 -64 0
4958 1 63 1
4959 1 63 1
4960 1 63 1
4961 1 63 1
4962 0 -64 0
4963 0 -64 0
4964 0 -64 0
4965 1 63 1
4966 1 63 1
4967 1 63 1
4968 0 -64 0
4969 1 63 1
4970 1 63 1
4971 1 63 1
4972 0 -64 0
4973 1 63 1
4974 1 63 1
4975 0 -64 0
4976 0 -64 0
4977 0 -64 0
4978 1 63 1
4979 1 63 1
4980 1 63 1
4981 1 63 1
4982 0 -64 0
4983 1 63 1
4984 1 63 1
4985 1 63 1
4986 0 -64 0
4987 1 63 1
4988 1 63 1
4989 1 63 1
4990 0 -64 0
4991 0 -64 0
4992 1 63 1
4993 0 -64 0
4994 0 -64 0
4995 1 63 1
4996 0 -64 0
4997 1 63 1
4998 0 -64 0
4999 0 -64 0
5000 1 63 1
5001 0 -64 0
5002 1 63 1
5003 1 63 1
5004 1 63 1
5005 0 -64 0
5006 0 -64 0
5007 1 63 1
5008 0 -64 0
5009 0 -64 0
5010 1 63 1
5011 0 -64 0
5012 1 63 1
5013 1 63 1
5014 1 63 1
5015 1 63 1
5016 0 -64 0
5017 1 63 1
5018 1 63 1
5019 0 -64 0
5020 1 63 1
5021 0 -64 0
5022 1 63 1
5023 0 -64 0
5024 0 -64 0
5025 1 63 1
5026 0 -64 0
5027 1 63 1
5028 1 63 1
5029 1 63 1
5030 1 63 1
5031 1 63 1
5032 0 -64 0
5033 0 -64 0
5034 0 -64 0
5035 0 -64 0
5036 1 63 1
5037 1 63 1
5038 0 -64 0
5039 1 63 1
5040 0 -64 0
5041 1 63 1
5042 1 63 1
5043 1 63 1
5044 1 63 1
5045 1 63 1
5046 0 -64 0
5047 0 -64 0
5048 0 -64 0
5049 0 -64 0
5050 0 -64 0
5051 1 63 1
5052 0 -64 0
5053 1 63 1
5054 1 63 1
5055 0 -64 0
5056 1 63 1
5057 1 63 1
5058 0 -64 0
5059 0 -64 0
5060 0 -64 0
5061 0 -64 0
5062 0 -64 0
5063 1 63 1
5064 1 63 1
5065 1 63 1
5066 1 63 1
5067 0 -64 0
5068 0 -64 0
5069 1 63 1
5070 1 63 1
5071 0 -64 0
5072 0 -64 0
5073 0 -64 0
5074 1 63 1
5075 1 63 1
5076 0 -64 0
5077 0 -64 0
5078 0 -64 0
5079 0 -64 0
5080 0 -64 0
5081 0 -64 0
5082 0 -64 0
5083 0 -64 0
5084 1 57 1
5085 1 63 1
5086 1 63 1
5087 0 -64 0
5088 0 -64 0
5089 0 -64 0
5090 1 63 1
5091 1 63 1
5092 0 -64 0
5093 1 63 1
5094 0 -64 0
5095 0 -64 0
5096 0 -64 0
5097 0 -64 0
5098 1 63 1
5099 1 63 1
5100 0 -64 0
5101 0 -64 0
5102 0 -64 0
5103 0 -64 0
5104 1 63 1
5105 1 63 1
5106 0 -64 0
5107 0 -64 0
5108 0 -64 0
5109 1 63 1
5110 1 63 1
5111 1 63 1
5112 0 -64 0
5113 1 63 1
5114 1 63 1
5115 0 -64 0
5116 0 -64 0
5117 1 63 1
5118 1 63 1
5119 1 63 1
5120 0 -64 0
5121 1 63 1
5122 1 63 1
5123 1 63 1
5124 1 63 1
5125 1 63 1
5126 1 63 1
5127 1 63 1
5128 0 -64 0
5129 1 63 1
5130 0 -64 0
5131 1 63 1
5132 0 -64 0
5133 1 63 1
5134 1 63 1
5135 0 -64 0
5136 1 63 1
5137 0 -64 0
5138 1 44 1
5139 0 -64 0
5140 0 -64 0
5141 1 63 1
5142 0 -64 0
5143 0 -64 0
5144 1 63 1
5145 1 63 1
5146 1 63 1
5147 1 63 1
5148 1 63 1
5149 0 -64 0
5150 0 -64 0
5151 0 -64 0
5152 1 63 1
5153 0 -64 0
5154 0 -64 0
5155 1 63 1
5156 0 -64 0
5157 1 63 1
5158 1 63 1
5159 1 63 1
5160 0 -64 0
5161 1 44 1
5162 0 -64 0
5163 0 -64 0
5164 0 -64 0
5165 0 -64 0
5166 0 -64 0
5167 0 -64 0
5168 0 -64 0
5169 1 63 1
5170 0 -64 0
5171 1 63 1
5172 0 -64 0
5173 1 63 1
5174 0 -64 0
5175 0 -64 0
5176 0 -64 0
5177 0 -64 0
5178 0 -64 0
5179 1 63 1
5180 1 63 1
5181 0 -64 0
5182 0 -64 0
5183 0 -64 0
5184 0 -64 0
5185 1 63 1
5186 1 63 1
5187 1 63 1
5188 1 63 1
5189 0 -64 0
5190 1 63 1
5191 1 63 1
5192 0 -64 0
5193 0 -64 0
5194 1 63 1
5195 0 -64 0
5196 0 -64 0
5197 0 -64 0
5198 0 -64 0
5199 1 63 1
5200 0 -64 0
5201 1 63 1
5202 1 63 1
5203 1 63 1
5204 0 -64 0
5205 0 -64 0
5206 0 -64 0
5207 0 -64 0
5208 1 63 1
5209 0 -64 0
5210 0 -64 0
5211 1 63 1
5212 0 -64 0
5213 0 -64 0
5214 1 63 1
5215 1 63 1
5216 0 -64 0
5217 0 -64 0
5218 1 63 1
5219 0 -64 0
5220 0 -64 0
5221 1 63 1
5222 1 63 1
5223 1 63 1
5224 1 63 1
5225 0 -64 0
5226 1 63 1
5227 0 -64 0
5228 1 63 1
5229 1 63 1
5230 1 63 1
5231 1 63 1
5232 0 -64 0
5233 0 -64 0
5234 0 -64 0
5235 1 63 1
5236 1 63 1
5237 1 63 1
5238 1 63 1
5239 0 -64 0
5240 1 63 1
5241 0 -64 0
5242 1 63 1
5243 0 -64 0
5244 0 -64 0
5245 1 63 1
5246 0 -64 0
5247 0 -64 0
5248 1 63 1
5249 1 63 1
5250 1 63 1
5251 0 -64 0
5252 0 -64 0
5253 1 63 1
5254 1 63 1
5255 0 -64 0
5256 1 63 1
5257 0 -64 0
5258 0 -64 0
5259 1 63 1
5260 1 63 1
5261 0 -64 0
5262 1 63 1
5263 0 -64 0
5264 0 -64 0
5265 1 63 1
5266 1 63 1
5267 0 -64 0
5268 1 63 1
5269 1 63 1
5270 1 63 1
5271 0 -64 0
5272 0 -64 0
5273 0 -64 0
5274 0 -64 0
5275 0 -64 0
5276 0 -64 0
5277 0 -64 0
5278 0 -64 0
5279 0 -64 0
5280 1 63 1
5281 0 -64 0
5282 1 63 1
5283 0 -64 0
5284 1 63 1
5285 1 63 1
5286 1 63 1
5287 1 63 1
5288 0 -64 0
5289 1 63 1
5290 1 63 1
5291 0 -64 0
5292 1 63 1
5293 0 -64 0
5294 0 -64 0
5295 1 63 1
5296 0 -64 0
5297 0 -64 0
5298 0 -64 0
5299 0 -64 0
5300 1 63 1
5301 1 63 1
5302 0 -64 0
5303 1 63 1
5304 1 63 1
5305 1 63 1
5306 0 -64 0
5307 1 54 1
5308 1 63 1
5309 1 63 1
5310 0 -64 0
5311 0 -64 0
5312 1 63 1
5313 1 63 1
5314 0 -64 0
5315 0 -64 0
5316 0 -64 0
5317 0 -64 0
5318 0 -64 0
5319 0 -64 0
5320 0 -64 0
5321 0 -64 0
5322 1 54 1
5323 0 -64 0
5324 0 -64 0
5325 0 -64 0
5326 1 63 1
5327 1 63 1
5328 1 63 1
5329 1 63 1
5330 1 63 1
5331 0 -64 0
5332 0 -64 0
5333 0 -64 0
5334 1 63 1
5335 1 63 1
5336 0 -64 0
5337 1 63 1
5338 0 -64 0
5339 1 63 1
5340 0 -64 0
5341 1 63 1
5342 1 63 1
5343 0 -64 0
5344 0 -64 0
5345 1 49 1
5346 1 63 1
5347 0 -64 0
5348 1 63 1
5349 1 63 1
5350 1 63 1
5351 0 -64 0
5352 0 -64 0
5353 1 63 1
5354 1 63 1
5355 1 63 1
5356 1 63 1
5357 0 -64 0
5358 1 63 1
5359 1 63 1
5360 0 -64 0
5361 0 -64 0
5362 0 -64 0
5363 1 63 1
5364 0 -64 0
5365 0 -64 0
5366 1 63 1
5367 1 63 1
5368 0 -64 0
5369 0 -64 0
5370 0 -64 0
5371 1 63 1
5372 0 -64 0
5373 0 -64 0
5374 0 -64 0
5375 1 63 1
5376 0 -38 0
5377 0 -64 0
5378 1 63 1
5379 1 63 1
5380 1 63 1
5381 0 -64 0
5382 1 63 1
5383 0 -64 0
5384 1 63 1
5385 0 -64 0
5386 0 -64 0
5387 0 -64 0
5388 1 63 1
5389 1 63 1
5390 0 -64 0
5391 0 -63 0
5392 1 63 1
5393 0 -64 0
5394 1 63 1
5395 1 63 1
5396 0 -64 0
5397 0 -64 0
5398 1 63 1
5399 0 -64 0
5400 0 -64 0
5401 0 -64 0
5402 1 63 1
5403 1 63 1
5404 0 -64 0
5405 0 -64 0
5406 0 -64 0
5407 0 -64 0
5408 1 63 1
5409 0 -64 0
5410 0 -64 0
5411 0 -64 0
5412 0 -64 0
5413 1 63 1
5414 0 -64 0
5415 0 -64 0
5416 0 -64 0
5417 0 -64 0
5418 0 -64 0
5419 0 -64 0
5420 0 -64 0
5421 0 -64 0
5422 1 63 1
5423 0 -64 0
5424 1 63 1
5425 1 63 1
5426 0 -64 0
5427 0 -64 0
5428 0 -64 0
5429 1 63 1
5430 0 -64 0
5431 1 63 1
5432 1 63 1
5433 0 -64 0
5434 0 -64 0
5435 1 63 1
5436 1 63 1
5437 0 -64 0
5438 1 63 1
5439 1 63 1
5440 0 -64 0
5441 1 63 1
5442 0 -64 0
5443 0 -64 0
5444 0 -64 0
5445 1 63 1
5446 0 -64 0
5447 0 -64 0
5448 0 -64 0
5449 1 63 1
5450 1 63 1
5451 1 63 1
5452 1 63 1
5453 1 63 1
5454 1 63 1
5455 1 63 1
5456 0 -64 0
5457 1 63 1
5458 0 -64 0
5459 1 63 1
5460 0 -64 0
5461 0 -64 0
5462 0 -64 0
5463 1 63 1
5464 1 63 1
5465 0 -64 0
5466 1 63 1
5467 0 -64 0
5468 1 63 1
5469 0 -64 0
5470 0 -64 0
5471 1 63 1
5472 0 -64 0
5473 1 63 1
5474 0 -64 0
5475 0 -64 0
5476 0 -64 0
5477 1 63 1
5478 0 -64 0
5479 0 -64 0
5480 0 -64 0
5481 1 63 1
5482 0 -64 0
5483 1 63 1
5484 1 63 1
5485 1 63 1
5486 0 -64 0
5487 0 -64 0
5488 1 63 1
5489 0 -64 0
5490 0 -64 0
5491 0 -63 0
5492 0 -64 0
5493 1 63 1
5494 1 63 1
5495 1 63 1
5496 1 63 1
5497 1 63 1
5498 1 63 1
5499 1 63 1
5500 0 -64 0
5501 1 63 1
5502 1 63 1
5503 1 63 1
5504 0 -64 0
5505 1 63 1
5506 0 -64 0
5507 0 -64 0
5508 0 -64 0
5509 1 63 1
5510 0 -64 0
5511 1 63 1
5512 0 -64 0
5513 0 -64 0
5514 1 63 1
5515 0 -64 0
5516 0 -64 0
5517 1 63 1
5518 0 -64 0
5519 0 -64 0
5520 0 -64 0
5521 0 -64 0
5522 1 63 1
5523 1 63 1
5524 1 63 1
5525 0 -64 0
5526 0 -64 0
5527 0 -64 0
5528 1 63 1
5529 0 -64 0
5530 1 63 1
5531 0 -64 0
5532 0 -64 0
5533 1 63 1
5534 0 -64 0
5535 0 -64 0
5536 1 63 1
5537 0 -64 0
5538 0 -64 0
5539 0 -64 0
5540 0 -64 0
5541 0 -64 0
5542 1 63 1
5543 1 63 1
5544 1 63 1
5545 0 -64 0
5546 1 63 1
5547 1 63 1
5548 0 -64 0
5549 1 63 1
5550 1 63 1
5551 1 63 1
5552 0 -64 0
5553 0 -64 0
5554 0 -64 0
5555 0 -64 0
5556 1 63 1
5557 1 63 1
5558 0 -64 0
5559 1 63 1
5560 0 -64 0
5561 1 63 1
5562 0 -64 0
5563 1 63 1
5564 1 63 1
5565 0 -64 0
5566 0 -64 0
5567 0 -64 0
5568 1 63 1
5569 1 63 1
5570 1 63 1
5571 0 -64 0
5572 1 63 1
5573 1 63 1
5574 0 -64 0
5575 1 63 1
5576 1 63 1
5577 1 63 1
5578 0 -64 0
5579 1 63 1
5580 0 -64 0
5581 0 -64 0
5582 0 -64 0
5583 1 63 1
5584 1 63 1
5585 1 63 1
5586 0 -64 0
5587 0 -64 0
5588 1 63 1
5589 0 -64 0
5590 1 63 1
5591 0 -64 0
5592 0 -64 0
5593 0 -64 0
5594 1 63 1
5595 1 63 1
5596 0 -64 0
5597 0 -64 0
5598 0 -64 0
5599 0 -64 0
5600 0 -64 0
5601 0 -64 0
5602 1 63 1
5603 1 63 1
5604 1 63 1
5605 0 -64 0
5606 1 63 1
5607 1 63 1
5608 1 63 1
5609 1 63 1
5610 1 63 1
5611 1 63 1
5612 0 -64 0
5613 0 -64 0
5614 0 -54 0
5615 0 -64 0
5616 0 -64 0
5617 1 63 1
5618 1 63 1
5619 0 -64 0
5620 0 -64 0
5621 1 63 1
5622 1 63 1
5623 1 63 1
5624 1 63 1
5625 0 -64 0
5626 1 63 1
5627 0 -64 0
5628 1 63 1
5629 0 -64 0
5630 1 63 1
5631 1 63 1
5632 1 63 1
5633 0 -64 0
5634 1 63 1
5635 1 63 1
5636 1 63 1
5637 1 59 1
5638 0 -64 0
5639 1 63 1
5640 1 63 1
5641 1 63 1
5642 1 63 1
5643 0 -64 0
5644 0 -64 0
5645 1 63 1
5646 0 -64 0
5647 0 -64 0
5648 1 63 1
5649 1 63 1
5650 0 -64 0
5651 1 63 1
5652 0 -64 0
5653 1 63 1
5654 0 -64 0
5655 0 -64 0
5656 0 -64 0
5657 0 -64 0
5658 1 63 1
5659 1 63 1
5660 1 63 1
5661 0 -64 0
5662 0 -64 0
5663 0 -64 0
5664 1 63 1
5665 1 63 1
5666 0 -64 0
5667 1 63 1
5668 1 45 1
5669 1 63 1
5670 0 -64 0
5671 0 -64 0
5672 0 -64 0
5673 1 63 1
5674 0 -64 0
5675 0 -64 0
5676 0 -64 0
5677 0 -64 0
5678 1 63 1
5679 0 -64 0
5680 0 -64 0
5681 0 -64 0
5682 1 63 1
5683 0 -64 0
5684 1 63 1
5685 0 -64 0
5686 0 -64 0
5687 0 -64 0
5688 0 -64 0
5689 0 -64 0
5690 1 63 1
5691 0 -64 0
5692 1 63 1
5693 1 63 1
5694 0 -64 0
5695 1 63 1
5696 0 -64 0
5697 1 63 1
5698 1 63 1
5699 1 63 1
5700 0 -64 0
5701 1 63 1
5702 1 63 1
5703 1 63 1
5704 0 -64 0
5705 1 63 1
5706 0 -64 0
5707 1 63 1
5708 0 -64 0
5709 1 63 1
5710 1 63 1
5711 1 63 1
5712 1 63 1
5713 1 63 1
5714 1 63 1
5715 0 -64 0
5716 0 -64 0
5717 0 -64 0
5718 1 63 1
5719 0 -64 0
5720 1 63 1
5721 1 63 1
5722 1 63 1
5723 1 63 1
5724 0 -64 0
5725 1 63 1
5726 1 63 1
5727 0 -64 0
5728 1 63 1
5729 1 63 1
5730 1 63 1
5731 0 -64 0
5732 1 63 1
5733 0 -64 0
5734 1 63 1
5735 0 -64 0
5736 1 63 1
5737 1 63 1
5738 1 63 1
5739 1 63 1
5740 0 -64 0
5741 0 -64 0
5742 0 -64 0
5743 1 63 1
5744 0 -64 0
5745 0 -64 0
5746 0 -64 0
5747 0 -64 0
5748 0 -64 0
5749 0 -64 0
5750 0 -64 0
5751 0 -64 0
5752 1 63 1
5753 0 -64 0
5754 0 -64 0
5755 0 -64 0
5756 0 -64 0
5757 1 63 1
5758 0 -64 0
5759 0 -64 0
5760 1 63 1
5761 0 -64 0
5762 0 -64 0
5763 0 -64 0
5764 0 -64 0
5765 0 -64 0
5766 0 -64 0
5767 0 -64 0
5768 1 63 1
5769 0 -64 0
5770 1 63 1
5771 0 -64 0
5772 0 -64 0
5773 0 -64 0
5774 0 -64 0
5775 0 -64 0
5776 0 -64 0
5777 1 63 1
5778 0 -64 0
5779 0 -64 0
5780 1 63 1
5781 0 -64 0
5782 0 -64 0
5783 0 -49 0
5784 0 -64 0
5785 0 -64 0
5786 1 63 1
5787 1 63 1
5788 0 -64 0
5789 1 63 1
5790 1 63 1
5791 0 -64 0
5792 1 63 1
5793 0 -64 0
5794 1 63 1
5795 1 63 1
5796 1 63 1
5797 0 -64 0
5798 1 63 1
5799 0 -64 0
5800 1 63 1
5801 1 63 1
5802 1 63 1
5803 1 63 1
5804 0 -64 0
5805 0 -64 0
5806 0 -64 0
5807 0 -64 0
5808 1 63 1
5809 0 -64 0
5810 1 63 1
5811 0 -64 0
5812 0 -64 0
5813 0 -64 0
5814 0 -64 0
5815 1 63 1
5816 1 63 1
5817 0 -64 0
5818 1 63 1
5819 1 63 1
5820 1 63 1
5821 0 -64 0
5822 0 -64 0
5823 1 63 1
5824 0 -64 0
5825 0 -64 0
5826 1 63 1
5827 1 63 1
5828 0 -64 0
5829 0 -64 0
5830 1 63 1
5831 1 63 1
5832 0 -64 0
5833 0 -64 0
5834 0 -64 0
5835 0 -64 0
5836 0 -64 0
5837 0 -64 0
5838 1 63 1
5839 1 63 1
5840 1 63 1
5841 1 63 1
5842 1 63 1
5843 1 63 1
5844 1 63 1
5845 1 63 1
5846 0 -64 0
5847 1 63 1
5848 1 63 1
5849 1 63 1
5850 1 63 1
5851 0 -64 0
5852 0 -48 0
5853 0 -64 0
5854 0 -64 0
5855 0 -64 0
5856 1 63 1
5857 1 63 1
5858 0 -64 0
5859 1 63 1
5860 1 63 1
5861 1 63 1
5862 1 63 1
5863 1 63 1
5864 0 -64 0
5865 1 63 1
5866 1 63 1
5867 0 -64 0
5868 0 -64 0
5869 1 63 1
5870 1 63 1
5871 0 -64 0
5872 0 -64 0
5873 1 63 1
5874 1 63 1
5875 1 63 1
5876 0 -64 0
5877 1 63 1
5878 0 -64 0
5879 1 63 1
5880 1 63 1
5881 1 63 1
5882 0 -64 0
5883 0 -64 0
5884 0 -64 0
5885 1 63 1
5886 0 -64 0
5887 1 63 1
5888 0 -64 0
5889 1 63 1
5890 0 -64 0
5891 1 63 1
5892 0 -64 0
5893 0 -64 0
5894 1 63 1
5895 1 63 1
5896 0 -64 0
5897 1 63 1
5898 1 63 1
5899 1 63 1
5900 1 63 1
5901 1 63 1
5902 0 -64 0
5903 0 -64 0
5904 0 -64 0
5905 0 -64 0
5906 1 -4 0
5907 1 63 1
5908 1 63 1
5909 0 -64 0
5910 0 -64 0
5911 0 -64 0
5912 1 63 1
5913 0 -64 0
5914 1 63 1
5915 1 63 1
5916 0 -64 0
5917 0 -64 0
5918 0 -64 0
5919 0 -64 0
5920 0 -64 0
5921 1 63 1
5922 1 63 1
5923 0 -64 0
5924 1 63 1
5925 1 63 1
5926 0 -64 0
5927 1 63 1
5928 1 63 1
5929 0 -40 0
5930 0 -64 0
5931 0 -64 0
5932 1 63 1
5933 0 -64 0
5934 1 63 1
5935 0 -64 0
5936 1 63 1
5937 0 -64 0
5938 0 -64 0
5939 0 -64 0
5940 1 63 1
5941 0 -64 0
5942 1 63 1
5943 1 63 1
5944 0 -64 0
5945 0 -64 0
5946 0 -64 0
5947 1 63 1
5948 1 63 1
5949 1 63 1
5950 1 63 1
5951 1 63 1
5952 0 -64 0
5953 1 63 1
5954 1 63 1
5955 0 -64 0
5956 1 63 1
5957 0 -64 0
5958 0 -64 0
5959 0 -64 0
5960 1 63 1
5961 0 -64 0
5962 0 -64 0
5963 0 -64 0
5964 0 -64 0
5965 0 -64 0
5966 0 -64 0
5967 1 63 1
5968 1 63 1
5969 0 -64 0
5970 0 -64 0
5971 1 63 1
5972 1 63 1
5973 1 63 1
5974 0 -64 0
5975 0 -64 0
5976 1 63 1
5977 1 63 1
5978 1 63 1
5979 0 -64 0
5980 1 63 1
5981 0 -64 0
5982 0 -64 0
5983 1 63 1
5984 0 -64 0
5985 0 -64 0
5986 0 -64 0
5987 0 -64 0
5988 0 -64 0
5989 1 63 1
5990 0 -64 0
5991 1 63 1
5992 1 63 1
5993 1 63 1
5994 1 63 1
5995 0 -64 0
5996 0 -64 0
5997 0 -64 0
5998 1 63 1
5999 0 -64 0
6000 0 -64 0
6001 0 -64 0
6002 0 -64 0
6003 1 63 1
6004 1 63 1
6005 0 -64 0
6006 0 -64 0
6007 1 63 1
6008 0 -64 0
6009 0 -64 0
6010 1 63 1
6011 0 -64 0
6012 1 63 1
6013 0 -64 0
6014 0 -64 0
6015 1 63 1
6016 1 63 1
6017 0 -64 0
6018 1 63 1
6019 0 -64 0
6020 0 -64 0
6021 0 -64 0
6022 1 63 1
6023 1 63 1
6024 0 -64 0
6025 1 63 1
6026 0 -64 0
6027 0 -64 0
6028 0 -64 0
6029 0 -64 0
6030 1 63 1
6031 1 63 1
6032 1 63 1
6033 0 -64 0
6034 0 -64 0
6035 1 63 1
6036 1 63 1
6037 0 -64 0
6038 0 -64 0
6039 0 -64 0
6040 1 63 1
6041 1 63 1
6042 0 -64 0
6043 0 -64 0
6044 1 63 1
6045 0 -64 0
6046 1 63 1
6047 1 63 1
6048 0 -64 0
6049 0 -64 0
6050 0 -64 0
6051 0 -64 0
6052 0 -64 0
6053 0 -64 0
6054 0 -64 0
6055 1 63 1
6056 0 -64 0
6057 0 -64 0
6058 0 -64 0
6059 1 63 1
6060 0 -64 0
6061 1 63 1
6062 1 63 1
6063 1 63 1
6064 1 63 1
6065 0 -64 0
6066 0 -64 0
6067 1 63 1
6068 1 63 1
6069 0 -64 0
6070 1 63 1
6071 1 63 1
6072 1 63 1
6073 0 -64 0
6074 0 -64 0
6075 1 63 1
6076 0 -64 0
6077 1 63 1
6078 1 63 1
6079 0 -64 0
6080 1 63 1
6081 1 63 1
6082 0 -64 0
6083 1 63 1
6084 1 63 1
6085 1 63 1
6086 1 63 1
6087 0 -64 0
6088 0 -64 0
6089 1 63 1
6090 0 -44 0
6091 1 63 1
6092 0 -64 0
6093 1 63 1
6094 0 -64 0
6095 1 63 1
6096 0 -64 0
6097 0 -64 0
6098 1 63 1
6099 0 -64 0
6100 0 -64 0
6101 0 -64 0
6102 1 63 1
6103 1 63 1
6104 1 63 1
6105 1 63 1
6106 0 -64 0
6107 1 63 1
6108 0 -64 0
6109 0 -64 0
6110 1 63 1
6111 0 -64 0
6112 1 63 1
6113 1 63 1
6114 0 -64 0
6115 0 -64 0
6116 1 63 1
6117 0 -64 0
6118 1 63 1
6119 0 -64 0
6120 0 -64 0
6121 0 -64 0
6122 1 63 1
6123 1 63 1
6124 1 63 1
6125 0 -64 0
6126 1 63 1
6127 1 63 1
6128 1 63 1
6129 0 -64 0
6130 0 -64 0
6131 1 63 1
6132 1 63 1
6133 0 -64 0
6134 1 63 1
6135 1 63 1
6136 1 63 1
6137 0 -64 0
6138 0 -64 0
6139 1 63 1
6140 1 63 1
6141 0 -64 0
6142 1 63 1
6143 1 63 1
