# idx_orig bit_orig post_llr_q hard
0 1 63 1
1 1 63 1
2 0 -64 0
3 0 -64 0
4 1 63 1
5 0 -64 0
6 1 63 1
7 1 63 1
8 0 -64 0
9 1 63 1
10 1 63 1
11 1 63 1
12 1 63 1
13 0 -64 0
14 0 -64 0
15 1 63 1
16 0 -64 0
17 1 63 1
18 0 -64 0
19 1 63 1
20 1 63 1
21 1 63 1
22 1 63 1
23 0 -64 0
24 1 63 1
25 1 63 1
26 0 -64 0
27 0 -64 0
28 1 63 1
29 1 63 1
30 1 63 1
31 0 -64 0
32 0 -64 0
33 0 -64 0
34 0 -64 0
35 1 63 1
36 0 -64 0
37 1 63 1
38 1 63 1
39 0 -64 0
40 0 -64 0
41 0 -64 0
42 0 -64 0
43 1 63 1
44 1 63 1
45 0 -64 0
46 1 63 1
47 1 63 1
48 1 63 1
49 1 63 1
50 1 63 1
51 1 63 1
52 1 63 1
53 1 63 1
54 1 63 1
55 0 -64 0
56 1 63 1
57 0 -64 0
58 0 -64 0
59 0 -64 0
60 0 -64 0
61 0 -64 0
62 1 63 1
63 0 -64 0
64 1 63 1
65 1 63 1
66 0 -64 0
67 1 63 1
68 0 -64 0
69 0 -64 0
70 1 63 1
71 0 -64 0
72 1 63 1
73 1 63 1
74 0 -64 0
75 1 63 1
76 0 -64 0
77 0 -64 0
78 0 -64 0
79 1 63 1
80 1 63 1
81 1 63 1
82 1 63 1
83 0 -64 0
84 0 -64 0
85 0 -64 0
86 1 63 1
87 0 -64 0
88 0 -64 0
89 1 63 1
90 1 63 1
91 1 63 1
92 0 -64 0
93 1 63 1
94 1 63 1
95 0 -64 0
96 1 63 1
97 0 -64 0
98 1 63 1
99 1 63 1
100 0 -64 0
101 1 63 1
102 0 -64 0
103 1 63 1
104 1 63 1
105 0 -64 0
106 1 63 1
107 1 63 1
108 0 -64 0
109 1 63 1
110 0 -64 0
111 1 63 1
112 1 63 1
113 1 63 1
114 0 -64 0
115 1 63 1
116 0 -64 0
117 0 -64 0
118 1 63 1
119 1 63 1
120 0 -64 0
121 0 -64 0
122 0 -64 0
123 1 63 1
124 0 -64 0
125 1 63 1
126 1 63 1
127 1 63 1
128 1 63 1
129 1 63 1
130 1 63 1
131 0 -64 0
132 0 -64 0
133 1 63 1
134 0 -64 0
135 1 63 1
136 1 63 1
137 0 -64 0
138 1 63 1
139 0 -64 0
140 0 -64 0
141 0 -64 0
142 0 -64 0
143 0 -64 0
144 0 -64 0
145 0 -64 0
146 1 63 1
147 1 63 1
148 0 -64 0
149 0 -64 0
150 0 -64 0
151 1 63 1
152 0 -64 0
153 1 63 1
154 0 -64 0
155 0 -64 0
156 0 -64 0
157 1 63 1
158 1 63 1
159 1 63 1
160 0 -64 0
161 1 63 1
162 1 63 1
163 0 -64 0
164 0 -64 0
165 1 63 1
166 0 -64 0
167 1 63 1
168 1 63 1
169 0 -64 0
170 0 -64 0
171 0 -64 0
172 0 -64 0
173 0 -64 0
174 0 -64 0
175 1 63 1
176 1 63 1
177 1 63 1
178 0 -64 0
179 0 -64 0
180 0 -64 0
181 0 -64 0
182 0 -64 0
183 1 63 1
184 1 63 1
185 1 63 1
186 1 63 1
187 0 -64 0
188 1 63 1
189 1 63 1
190 0 -64 0
191 1 63 1
192 1 63 1
193 0 -64 0
194 0 -64 0
195 1 63 1
196 0 -64 0
197 0 -64 0
198 0 -64 0
199 1 63 1
200 1 63 1
201 1 63 1
202 0 -64 0
203 0 -64 0
204 1 63 1
205 0 -64 0
206 1 63 1
207 1 63 1
208 0 -64 0
209 1 63 1
210 1 63 1
211 1 63 1
212 0 -64 0
213 1 63 1
214 0 -64 0
215 1 63 1
216 0 -64 0
217 1 63 1
218 0 -64 0
219 1 63 1
220 1 63 1
221 0 -64 0
222 1 63 1
223 1 63 1
224 1 63 1
225 1 63 1
226 0 -64 0
227 0 -64 0
228 1 63 1
229 0 -64 0
230 1 63 1
231 1 63 1
232 0 -64 0
233 0 -64 0
234 1 63 1
235 1 63 1
236 0 -64 0
237 1 63 1
238 0 -64 0
239 1 63 1
240 0 -64 0
241 0 -64 0
242 0 -64 0
243 1 63 1
244 1 63 1
245 1 63 1
246 1 63 1
247 0 -64 0
248 0 -64 0
249 1 63 1
250 0 -64 0
251 1 63 1
252 0 -64 0
253 1 63 1
254 0 -64 0
255 0 -64 0
256 0 -64 0
257 1 63 1
258 0 -64 0
259 0 -64 0
260 1 63 1
261 0 -64 0
262 0 -64 0
263 1 63 1
264 1 63 1
265 1 63 1
266 1 63 1
267 1 63 1
268 0 -64 0
269 1 63 1
270 1 63 1
271 1 63 1
272 1 63 1
273 1 63 1
274 0 -64 0
275 1 63 1
276 0 -64 0
277 1 63 1
278 0 -64 0
279 0 -64 0
280 0 -64 0
281 1 63 1
282 1 63 1
283 1 63 1
284 0 -64 0
285 1 63 1
286 0 -64 0
287 0 -64 0
288 1 63 1
289 0 -64 0
290 0 -64 0
291 0 -64 0
292 0 -64 0
293 1 63 1
294 1 63 1
295 0 -64 0
296 0 -64 0
297 1 63 1
298 1 63 1
299 0 -64 0
300 1 63 1
301 0 -64 0
302 0 -64 0
303 0 -64 0
304 1 63 1
305 0 -64 0
306 0 -64 0
307 1 63 1
308 0 -64 0
309 1 63 1
310 1 63 1
311 1 63 1
312 0 -64 0
313 0 -64 0
314 1 63 1
315 1 63 1
316 1 63 1
317 0 -64 0
318 1 63 1
319 1 63 1
320 0 -64 0
321 0 -64 0
322 1 63 1
323 1 63 1
324 0 -64 0
325 0 -64 0
326 0 -64 0
327 0 -64 0
328 1 63 1
329 1 63 1
330 1 63 1
331 0 -64 0
332 1 63 1
333 0 -64 0
334 0 -64 0
335 0 -64 0
336 1 63 1
337 1 63 1
338 1 63 1
339 0 -64 0
340 1 63 1
341 0 -64 0
342 1 63 1
343 1 63 1
344 1 63 1
345 1 63 1
346 0 -64 0
347 0 -64 0
348 0 -64 0
349 0 -64 0
350 0 -64 0
351 1 63 1
352 0 -64 0
353 0 -64 0
354 0 -64 0
355 0 -64 0
356 0 -64 0
357 1 63 1
358 1 63 1
359 1 63 1
360 1 63 1
361 0 -64 0
362 0 -64 0
363 1 63 1
364 0 -64 0
365 0 -64 0
366 0 -64 0
367 0 -64 0
368 0 -64 0
369 0 -64 0
370 1 63 1
371 0 -64 0
372 1 63 1
373 0 -64 0
374 1 63 1
375 0 -64 0
376 1 63 1
377 1 63 1
378 1 63 1
379 0 -64 0
380 0 -64 0
381 0 -64 0
382 1 63 1
383 1 63 1
384 1 63 1
385 1 63 1
386 1 63 1
387 0 -64 0
388 0 -64 0
389 1 63 1
390 0 -64 0
391 0 -64 0
392 0 -64 0
393 1 63 1
394 0 -64 0
395 0 -64 0
396 1 63 1
397 0 -64 0
398 1 63 1
399 1 63 1
400 1 63 1
401 0 -64 0
402 1 63 1
403 1 63 1
404 0 -64 0
405 0 -64 0
406 0 -64 0
407 0 -64 0
408 0 -64 0
409 1 63 1
410 0 -64 0
411 0 -64 0
412 0 -64 0
413 1 63 1
414 1 63 1
415 0 -64 0
416 1 63 1
417 1 63 1
418 1 63 1
419 1 63 1
420 0 -64 0
421 0 -64 0
422 1 63 1
423 0 -64 0
424 1 63 1
425 0 -64 0
426 1 63 1
427 0 -64 0
428 0 -64 0
429 0 -64 0
430 0 -64 0
431 0 -64 0
432 1 63 1
433 1 63 1
434 1 63 1
435 0 -64 0
436 0 -64 0
437 0 -64 0
438 0 -64 0
439 1 63 1
440 0 -64 0
441 0 -64 0
442 0 -64 0
443 1 63 1
444 0 -64 0
445 0 -64 0
446 1 63 1
447 0 -64 0
448 1 63 1
449 0 -64 0
450 1 63 1
451 0 -64 0
452 0 -64 0
453 1 63 1
454 0 -64 0
455 1 63 1
456 0 -64 0
457 1 63 1
458 0 -64 0
459 1 63 1
460 0 -64 0
461 0 -64 0
462 1 63 1
463 1 63 1
464 1 63 1
465 1 63 1
466 1 63 1
467 1 63 1
468 0 -64 0
469 0 -64 0
470 1 63 1
471 1 63 1
472 0 -64 0
473 1 63 1
474 1 63 1
475 1 63 1
476 0 -64 0
477 1 63 1
478 0 -64 0
479 0 -64 0
480 0 -64 0
481 1 63 1
482 1 63 1
483 1 63 1
484 1 63 1
485 0 -64 0
486 1 63 1
487 1 63 1
488 1 63 1
489 0 -64 0
490 0 -64 0
491 0 -64 0
492 1 63 1
493 1 63 1
494 1 63 1
495 1 63 1
496 0 -64 0
497 0 -64 0
498 1 63 1
499 1 63 1
500 0 -64 0
501 0 -64 0
502 0 -64 0
503 0 -64 0
504 1 63 1
505 0 -64 0
506 0 -64 0
507 1 63 1
508 0 -64 0
509 1 63 1
510 1 63 1
511 0 -64 0
512 1 63 1
513 0 -64 0
514 0 -64 0
515 0 -64 0
516 0 -64 0
517 1 63 1
518 0 -64 0
519 0 -64 0
520 0 -64 0
521 1 63 1
522 1 63 1
523 0 -64 0
524 1 63 1
525 1 63 1
526 0 -64 0
527 1 63 1
528 1 63 1
529 0 -64 0
530 1 63 1
531 1 63 1
532 1 63 1
533 0 -64 0
534 0 -64 0
535 0 -64 0
536 0 -64 0
537 1 63 1
538 1 63 1
539 0 -64 0
540 0 -64 0
541 1 63 1
542 0 -64 0
543 1 63 1
544 0 -64 0
545 0 -64 0
546 1 63 1
547 1 63 1
548 0 -64 0
549 1 63 1
550 1 63 1
551 0 -64 0
552 0 -64 0
553 0 -64 0
554 1 63 1
555 1 63 1
556 0 -64 0
557 1 63 1
558 1 63 1
559 0 -64 0
560 0 -64 0
561 1 63 1
562 1 63 1
563 0 -64 0
564 0 -64 0
565 1 63 1
566 1 63 1
567 1 63 1
568 0 -64 0
569 0 -64 0
570 0 -64 0
571 1 63 1
572 1 63 1
573 1 63 1
574 0 -64 0
575 1 63 1
576 1 63 1
577 0 -64 0
578 0 -64 0
579 1 63 1
580 0 -64 0
581 1 63 1
582 0 -64 0
583 0 -64 0
584 1 63 1
585 1 63 1
586 1 63 1
587 0 -64 0
588 1 63 1
589 1 63 1
590 1 63 1
591 1 63 1
592 1 63 1
593 0 -64 0
594 0 -64 0
595 0 -64 0
596 1 63 1
597 0 -64 0
598 0 -64 0
599 1 63 1
600 0 -64 0
601 1 63 1
602 1 63 1
603 1 63 1
604 1 63 1
605 1 63 1
606 0 -64 0
607 0 -64 0
608 0 -64 0
609 0 -64 0
610 1 63 1
611 0 -64 0
612 1 63 1
613 1 63 1
614 1 63 1
615 0 -64 0
616 1 63 1
617 1 63 1
618 0 -64 0
619 0 -64 0
620 1 63 1
621 1 63 1
622 0 -64 0
623 0 -64 0
624 1 63 1
625 1 63 1
626 0 -64 0
627 1 63 1
628 1 63 1
629 0 -64 0
630 1 63 1
631 1 63 1
632 0 -64 0
633 0 -64 0
634 0 -64 0
635 0 -64 0
636 1 63 1
637 0 -64 0
638 1 63 1
639 1 63 1
640 0 -64 0
641 0 -64 0
642 0 -64 0
643 1 63 1
644 0 -64 0
645 0 -64 0
646 1 63 1
647 0 -64 0
648 0 -64 0
649 1 63 1
650 1 63 1
651 0 -64 0
652 0 -64 0
653 0 -64 0
654 1 63 1
655 1 63 1
656 0 -64 0
657 1 63 1
658 1 63 1
659 0 -64 0
660 0 -64 0
661 0 -64 0
662 1 63 1
663 1 63 1
664 0 -64 0
665 1 63 1
666 0 -64 0
667 0 -64 0
668 0 -64 0
669 1 63 1
670 0 -64 0
671 0 -64 0
672 0 -64 0
673 1 63 1
674 1 63 1
675 1 63 1
676 1 63 1
677 1 63 1
678 1 63 1
679 1 63 1
680 0 -64 0
681 1 63 1
682 1 63 1
683 0 -64 0
684 0 -64 0
685 1 63 1
686 1 63 1
687 0 -64 0
688 0 -64 0
689 0 -64 0
690 0 -64 0
691 0 -64 0
692 0 -64 0
693 0 -64 0
694 1 63 1
695 1 63 1
696 1 63 1
697 1 63 1
698 0 -64 0
699 1 63 1
700 0 -64 0
701 1 63 1
702 1 63 1
703 1 63 1
704 1 63 1
705 1 63 1
706 0 -64 0
707 0 -64 0
708 1 63 1
709 1 63 1
710 0 -64 0
711 1 63 1
712 0 -64 0
713 0 -64 0
714 0 -64 0
715 1 63 1
716 1 63 1
717 1 63 1
718 1 63 1
719 1 63 1
720 0 -64 0
721 1 63 1
722 1 63 1
723 1 63 1
724 1 63 1
725 0 -64 0
726 0 -64 0
727 0 -64 0
728 1 63 1
729 1 63 1
730 0 -64 0
731 1 63 1
732 1 63 1
733 1 63 1
734 1 63 1
735 0 -64 0
736 0 -64 0
737 0 -64 0
738 0 -64 0
739 0 -64 0
740 0 -64 0
741 0 -64 0
742 0 -64 0
743 1 63 1
744 0 -64 0
745 0 -64 0
746 1 63 1
747 1 63 1
748 1 63 1
749 1 63 1
750 0 -64 0
751 1 63 1
752 0 -64 0
753 0 -64 0
754 1 63 1
755 1 51 1
756 0 -64 0
757 0 -64 0
758 1 63 1
759 1 39 1
760 1 63 1
761 1 60 1
762 0 -44 0
763 0 -62 0
764 0 -7 0
765 1 54 1
766 1 -4 0
767 0 -40 0
768 0 -38 0
769 1 45 1
770 1 56 1
771 1 63 1
772 1 63 1
773 1 63 1
774 0 -64 0
775 1 63 1
776 1 63 1
777 1 63 1
778 1 63 1
779 0 -64 0
780 0 -64 0
781 0 -64 0
782 1 63 1
783 0 -64 0
784 1 63 1
785 1 63 1
786 0 -64 0
787 1 63 1
788 0 -64 0
789 1 63 1
790 1 63 1
791 1 63 1
792 0 -64 0
793 1 63 1
794 1 63 1
795 0 -64 0
796 1 63 1
797 1 63 1
798 1 63 1
799 1 63 1
800 0 -64 0
801 0 -64 0
802 0 -64 0
803 1 63 1
804 0 -64 0
805 0 -64 0
806 0 -64 0
807 1 63 1
808 0 -64 0
809 1 63 1
810 0 -64 0
811 0 -64 0
812 0 -64 0
813 0 -64 0
814 0 -64 0
815 1 63 1
816 1 63 1
817 0 -64 0
818 0 -64 0
819 1 63 1
820 1 63 1
821 1 63 1
822 0 -64 0
823 1 63 1
824 0 -64 0
825 0 -64 0
826 1 63 1
827 0 -64 0
828 1 63 1
829 0 -64 0
830 0 -64 0
831 1 63 1
832 1 63 1
833 0 -64 0
834 0 -64 0
835 0 -64 0
836 1 63 1
837 0 -64 0
838 0 -64 0
839 0 -64 0
840 1 63 1
841 1 63 1
842 1 63 1
843 1 63 1
844 1 63 1
845 0 -64 0
846 0 -64 0
847 1 63 1
848 0 -64 0
849 1 63 1
850 1 63 1
851 1 63 1
852 1 63 1
853 0 -64 0
854 1 63 1
855 0 -64 0
856 0 -64 0
857 1 63 1
858 1 63 1
859 1 63 1
860 1 63 1
861 0 -64 0
862 1 63 1
863 1 63 1
864 0 -64 0
865 0 -64 0
866 0 -64 0
867 0 -64 0
868 0 -64 0
869 1 63 1
870 0 -64 0
871 1 63 1
872 1 63 1
873 1 63 1
874 1 63 1
875 0 -64 0
876 1 63 1
877 1 63 1
878 0 -64 0
879 0 -64 0
880 0 -64 0
881 1 63 1
882 0 -64 0
883 0 -64 0
884 0 -64 0
885 1 63 1
886 0 -64 0
887 1 63 1
888 1 63 1
889 1 63 1
890 1 63 1
891 0 -64 0
892 1 63 1
893 1 63 1
894 1 63 1
895 0 -64 0
896 0 -64 0
897 1 63 1
898 0 -64 0
899 0 -64 0
900 1 63 1
901 0 -64 0
902 1 63 1
903 1 63 1
904 1 63 1
905 1 63 1
906 1 63 1
907 0 -64 0
908 1 63 1
909 0 -64 0
910 0 -64 0
911 1 63 1
912 0 -64 0
913 0 -64 0
914 1 63 1
915 1 63 1
916 0 -64 0
917 0 -64 0
918 0 -64 0
919 1 63 1
920 0 -64 0
921 0 -64 0
922 1 63 1
923 1 63 1
924 0 -64 0
925 1 63 1
926 1 63 1
927 0 -64 0
928 0 -64 0
929 0 -64 0
930 0 -64 0
931 1 63 1
932 0 -64 0
933 0 -64 0
934 1 63 1
935 1 63 1
936 0 -64 0
937 0 -64 0
938 0 -64 0
939 1 63 1
940 0 -64 0
941 0 -64 0
942 1 63 1
943 0 -64 0
944 1 63 1
945 0 -64 0
946 1 63 1
947 1 63 1
948 0 -64 0
949 0 -64 0
950 1 63 1
951 1 63 1
952 1 63 1
953 1 63 1
954 0 -64 0
955 1 63 1
956 0 -64 0
957 1 63 1
958 0 -64 0
959 1 63 1
960 1 63 1
961 0 -64 0
962 0 -64 0
963 1 63 1
964 1 63 1
965 1 63 1
966 1 63 1
967 0 -64 0
968 0 -64 0
969 0 -64 0
970 0 -64 0
971 0 -64 0
972 1 63 1
973 1 63 1
974 0 -64 0
975 1 63 1
976 0 -64 0
977 0 -64 0
978 1 63 1
979 1 63 1
980 0 -64 0
981 1 63 1
982 1 63 1
983 0 -64 0
984 0 -64 0
985 1 63 1
986 1 63 1
987 0 -64 0
988 0 -64 0
989 1 63 1
990 1 63 1
991 1 63 1
992 1 63 1
993 1 63 1
994 0 -64 0
995 1 63 1
996 1 63 1
997 0 -64 0
998 0 -64 0
999 1 63 1
1000 0 -64 0
1001 0 -64 0
1002 1 63 1
1003 1 63 1
1004 1 63 1
1005 0 -64 0
1006 0 -64 0
1007 0 -64 0
1008 1 63 1
1009 0 -64 0
1010 0 -64 0
1011 1 63 1
1012 1 63 1
1013 1 63 1
1014 0 -64 0
1015 0 -64 0
1016 0 -64 0
1017 0 -64 0
1018 1 63 1
1019 1 63 1
1020 0 -64 0
1021 1 63 1
1022 0 -64 0
1023 1 63 1
1024 0 -64 0
1025 0 -64 0
1026 1 63 1
1027 0 -64 0
1028 1 63 1
1029 1 63 1
1030 0 -64 0
1031 1 63 1
1032 1 63 1
1033 0 -64 0
1034 0 -64 0
1035 0 -64 0
1036 0 -64 0
1037 1 63 1
1038 0 -64 0
1039 1 63 1
1040 1 63 1
1041 1 63 1
1042 1 63 1
1043 1 63 1
1044 0 -64 0
1045 0 -64 0
1046 1 63 1
1047 1 63 1
1048 1 63 1
1049 1 63 1
1050 0 -64 0
1051 0 -64 0
1052 1 63 1
1053 0 -64 0
1054 0 -64 0
1055 0 -64 0
1056 1 63 1
1057 1 63 1
1058 0 -64 0
1059 1 63 1
1060 1 63 1
1061 0 -64 0
1062 1 63 1
1063 0 -64 0
1064 1 63 1
1065 1 63 1
1066 1 63 1
1067 1 63 1
1068 1 63 1
1069 1 63 1
1070 0 -64 0
1071 0 -64 0
1072 1 63 1
1073 1 63 1
1074 0 -64 0
1075 0 -64 0
1076 1 63 1
1077 0 -64 0
1078 1 63 1
1079 0 -64 0
1080 1 63 1
1081 1 63 1
1082 1 63 1
1083 0 -64 0
1084 1 63 1
1085 0 -64 0
1086 1 63 1
1087 1 63 1
1088 0 -64 0
1089 1 63 1
1090 0 -64 0
1091 0 -64 0
1092 0 -64 0
1093 1 63 1
1094 0 -64 0
1095 1 63 1
1096 0 -64 0
1097 0 -64 0
1098 0 -64 0
1099 1 63 1
1100 0 -64 0
1101 0 -64 0
1102 1 63 1
1103 1 63 1
1104 1 63 1
1105 1 63 1
1106 0 -64 0
1107 0 -64 0
1108 0 -64 0
1109 1 63 1
1110 0 -64 0
1111 0 -64 0
1112 1 63 1
1113 1 63 1
1114 0 -64 0
1115 1 63 1
1116 1 63 1
1117 1 63 1
1118 1 63 1
1119 1 63 1
1120 0 -64 0
1121 0 -64 0
1122 0 -64 0
1123 1 63 1
1124 0 -64 0
1125 0 -64 0
1126 0 -64 0
1127 1 63 1
1128 1 63 1
1129 0 -64 0
1130 0 -64 0
1131 1 63 1
1132 1 63 1
1133 1 63 1
1134 1 63 1
1135 0 -64 0
1136 1 63 1
1137 1 63 1
1138 0 -64 0
1139 0 -64 0
1140 0 -64 0
1141 1 63 1
1142 0 -64 0
1143 1 63 1
1144 0 -64 0
1145 1 63 1
1146 1 63 1
1147 1 63 1
1148 1 63 1
1149 1 63 1
1150 1 63 1
1151 1 63 1
1152 1 63 1
1153 0 -64 0
1154 1 63 1
1155 0 -64 0
1156 1 63 1
1157 0 -64 0
1158 1 63 1
1159 1 63 1
1160 0 -64 0
1161 0 -64 0
1162 0 -64 0
1163 1 63 1
1164 0 -64 0
1165 1 63 1
1166 1 63 1
1167 0 -64 0
1168 0 -64 0
1169 1 63 1
1170 0 -64 0
1171 1 63 1
1172 0 -64 0
1173 1 63 1
1174 1 63 1
1175 0 -64 0
1176 1 63 1
1177 1 63 1
1178 1 63 1
1179 0 -64 0
1180 1 63 1
1181 1 63 1
1182 0 -64 0
1183 0 -64 0
1184 1 63 1
1185 1 63 1
1186 1 63 1
1187 1 63 1
1188 0 -64 0
1189 0 -64 0
1190 0 -64 0
1191 0 -64 0
1192 1 63 1
1193 1 63 1
1194 1 63 1
1195 0 -64 0
1196 1 63 1
1197 0 -64 0
1198 1 63 1
1199 1 63 1
1200 0 -64 0
1201 0 -64 0
1202 0 -64 0
1203 1 63 1
1204 0 -64 0
1205 0 -64 0
1206 0 -64 0
1207 0 -64 0
1208 0 -64 0
1209 0 -64 0
1210 0 -64 0
1211 1 63 1
1212 1 63 1
1213 1 63 1
1214 1 63 1
1215 0 -64 0
1216 1 63 1
1217 0 -64 0
1218 1 63 1
1219 0 -64 0
1220 0 -64 0
1221 1 63 1
1222 1 63 1
1223 1 63 1
1224 0 -64 0
1225 1 63 1
1226 1 63 1
1227 1 63 1
1228 0 -64 0
1229 0 -64 0
1230 1 63 1
1231 1 63 1
1232 0 -64 0
1233 1 63 1
1234 0 -64 0
1235 1 63 1
1236 0 -64 0
1237 1 63 1
1238 1 63 1
1239 1 63 1
1240 0 -64 0
1241 1 63 1
1242 1 63 1
1243 0 -64 0
1244 1 63 1
1245 0 -64 0
1246 1 63 1
1247 1 63 1
1248 1 63 1
1249 1 63 1
1250 0 -64 0
1251 0 -64 0
1252 0 -64 0
1253 1 63 1
1254 0 -64 0
1255 0 -64 0
1256 0 -64 0
1257 0 -64 0
1258 0 -64 0
1259 0 -64 0
1260 1 63 1
1261 1 63 1
1262 0 -64 0
1263 0 -64 0
1264 1 63 1
1265 1 63 1
1266 0 -64 0
1267 0 -64 0
1268 1 63 1
1269 1 63 1
1270 1 63 1
1271 1 63 1
1272 0 -64 0
1273 1 63 1
1274 0 -64 0
1275 0 -64 0
1276 1 63 1
1277 0 -64 0
1278 1 63 1
1279 0 -64 0
1280 1 63 1
1281 1 63 1
1282 0 -64 0
1283 0 -64 0
1284 0 -64 0
1285 0 -64 0
1286 0 -64 0
1287 0 -64 0
1288 0 -64 0
1289 0 -64 0
1290 0 -64 0
1291 0 -64 0
1292 0 -64 0
1293 0 -64 0
1294 0 -64 0
1295 0 -64 0
1296 0 -64 0
1297 1 63 1
1298 1 63 1
1299 0 -64 0
1300 1 63 1
1301 0 -64 0
1302 1 63 1
1303 1 63 1
1304 1 63 1
1305 1 63 1
1306 1 63 1
1307 0 -64 0
1308 1 63 1
1309 1 63 1
1310 0 -64 0
1311 1 63 1
1312 0 -64 0
1313 0 -64 0
1314 1 63 1
1315 1 63 1
1316 0 -64 0
1317 0 -64 0
1318 1 63 1
1319 1 63 1
1320 1 63 1
1321 0 -64 0
1322 1 63 1
1323 1 63 1
1324 0 -64 0
1325 0 -64 0
1326 1 63 1
1327 1 63 1
1328 1 63 1
1329 0 -64 0
1330 1 63 1
1331 0 -64 0
1332 0 -64 0
1333 0 -64 0
1334 0 -64 0
1335 0 -64 0
1336 0 -64 0
1337 0 -64 0
1338 0 -64 0
1339 0 -64 0
1340 0 -64 0
1341 0 -64 0
1342 1 63 1
1343 0 -64 0
1344 1 63 1
1345 0 -64 0
1346 1 63 1
1347 0 -64 0
1348 1 63 1
1349 1 63 1
1350 1 63 1
1351 1 63 1
1352 1 63 1
1353 0 -64 0
1354 0 -64 0
1355 1 63 1
1356 0 -64 0
1357 1 63 1
1358 1 63 1
1359 0 -64 0
1360 0 -64 0
1361 0 -64 0
1362 0 -64 0
1363 0 -64 0
1364 1 63 1
1365 1 63 1
1366 1 63 1
1367 0 -64 0
1368 0 -64 0
1369 0 -64 0
1370 0 -64 0
1371 1 63 1
1372 0 -64 0
1373 1 63 1
1374 0 -64 0
1375 1 63 1
1376 1 63 1
1377 0 -64 0
1378 1 63 1
1379 1 63 1
1380 1 63 1
1381 0 -64 0
1382 1 63 1
1383 1 63 1
1384 0 -64 0
1385 1 63 1
1386 1 63 1
1387 0 -64 0
1388 1 63 1
1389 0 -64 0
1390 0 -64 0
1391 1 63 1
1392 0 -64 0
1393 0 -64 0
1394 1 63 1
1395 0 -64 0
1396 1 63 1
1397 1 63 1
1398 1 63 1
1399 0 -64 0
1400 0 -64 0
1401 0 -64 0
1402 1 63 1
1403 0 -64 0
1404 1 63 1
1405 0 -64 0
1406 1 63 1
1407 1 63 1
1408 0 -64 0
1409 1 63 1
1410 1 63 1
1411 0 -64 0
1412 1 63 1
1413 1 63 1
1414 0 -64 0
1415 0 -64 0
1416 1 63 1
1417 0 -64 0
1418 0 -64 0
1419 1 63 1
1420 0 -64 0
1421 0 -64 0
1422 1 63 1
1423 1 63 1
1424 1 63 1
1425 1 63 1
1426 0 -64 0
1427 1 63 1
1428 1 63 1
1429 1 63 1
1430 1 63 1
1431 1 63 1
1432 0 -64 0
1433 1 63 1
1434 1 63 1
1435 0 -64 0
1436 0 -64 0
1437 1 63 1
1438 0 -64 0
1439 1 63 1
1440 0 -64 0
1441 0 -64 0
1442 0 -64 0
1443 1 63 1
1444 0 -64 0
1445 0 -64 0
1446 1 63 1
1447 0 -64 0
1448 0 -64 0
1449 1 63 1
1450 1 63 1
1451 1 63 1
1452 0 -64 0
1453 0 -64 0
1454 1 63 1
1455 1 63 1
1456 0 -64 0
1457 0 -64 0
1458 0 -64 0
1459 1 63 1
1460 0 -64 0
1461 0 -64 0
1462 1 63 1
1463 0 -64 0
1464 0 -64 0
1465 0 -64 0
1466 1 63 1
1467 1 63 1
1468 0 -64 0
1469 1 63 1
1470 0 -64 0
1471 1 63 1
1472 0 -64 0
1473 0 -64 0
1474 1 63 1
1475 0 -64 0
1476 0 -64 0
1477 0 -64 0
1478 1 63 1
1479 1 63 1
1480 0 -64 0
1481 0 -64 0
1482 0 -64 0
1483 1 63 1
1484 1 63 1
1485 1 63 1
1486 0 -64 0
1487 0 -64 0
1488 0 -64 0
1489 1 63 1
1490 0 -64 0
1491 0 -64 0
1492 0 -64 0
1493 0 -64 0
1494 0 -64 0
1495 0 -64 0
1496 0 -64 0
1497 0 -64 0
1498 0 -64 0
1499 1 63 1
1500 0 -64 0
1501 0 -64 0
1502 0 -64 0
1503 0 -64 0
1504 0 -64 0
1505 1 63 1
1506 0 -64 0
1507 1 63 1
1508 0 -64 0
1509 0 -64 0
1510 0 -64 0
1511 0 -64 0
1512 1 63 1
1513 1 63 1
1514 0 -64 0
1515 0 -64 0
1516 0 -64 0
1517 1 63 1
1518 1 63 1
1519 1 63 1
1520 0 -64 0
1521 0 -64 0
1522 1 63 1
1523 1 63 1
1524 0 -64 0
1525 0 -64 0
1526 0 -64 0
1527 0 -64 0
1528 0 -64 0
1529 1 63 1
1530 0 -64 0
1531 0 -62 0
1532 0 -59 0
1533 1 63 1
1534 1 44 1
1535 1 44 1
1536 1 -39 0
1537 1 50 1
1538 1 47 1
1539 1 59 1
1540 0 -64 0
1541 0 -63 0
1542 0 -57 0
1543 1 63 1
1544 0 -64 0
1545 0 -64 0
1546 1 63 1
1547 0 -64 0
1548 0 -64 0
1549 0 -64 0
1550 0 -64 0
1551 1 63 1
1552 0 -64 0
1553 0 -64 0
1554 1 63 1
1555 0 -64 0
1556 0 -64 0
1557 0 -64 0
1558 1 63 1
1559 1 63 1
1560 0 -64 0
1561 0 -64 0
1562 1 63 1
1563 0 -64 0
1564 1 63 1
1565 1 63 1
1566 1 63 1
1567 1 63 1
1568 1 63 1
1569 0 -64 0
1570 0 -64 0
1571 1 63 1
1572 1 63 1
1573 1 63 1
1574 1 63 1
1575 1 63 1
1576 0 -64 0
1577 1 63 1
1578 0 -64 0
1579 0 -64 0
1580 1 63 1
1581 0 -64 0
1582 1 63 1
1583 0 -64 0
1584 0 -64 0
1585 0 -64 0
1586 1 63 1
1587 0 -64 0
1588 0 -64 0
1589 0 -64 0
1590 1 63 1
1591 1 63 1
1592 1 63 1
1593 0 -64 0
1594 1 63 1
1595 1 63 1
1596 1 63 1
1597 0 -64 0
1598 0 -64 0
1599 1 63 1
1600 1 63 1
1601 0 -64 0
1602 0 -64 0
1603 0 -64 0
1604 0 -64 0
1605 0 -64 0
1606 1 63 1
1607 1 63 1
1608 1 63 1
1609 0 -64 0
1610 1 63 1
1611 1 63 1
1612 1 63 1
1613 1 63 1
1614 0 -64 0
1615 0 -64 0
1616 1 63 1
1617 1 63 1
1618 0 -64 0
1619 1 63 1
1620 1 63 1
1621 0 -64 0
1622 0 -64 0
1623 1 63 1
1624 0 -64 0
1625 0 -64 0
1626 0 -64 0
1627 1 63 1
1628 1 63 1
1629 0 -64 0
1630 0 -64 0
1631 1 63 1
1632 0 -64 0
1633 0 -64 0
1634 1 63 1
1635 1 63 1
1636 1 63 1
1637 0 -64 0
1638 1 63 1
1639 0 -64 0
1640 1 63 1
1641 0 -64 0
1642 1 63 1
1643 0 -64 0
1644 1 63 1
1645 1 63 1
1646 0 -64 0
1647 1 63 1
1648 0 -64 0
1649 0 -64 0
1650 0 -64 0
1651 0 -64 0
1652 1 63 1
1653 1 63 1
1654 1 63 1
1655 0 -64 0
1656 0 -64 0
1657 1 63 1
1658 1 63 1
1659 1 63 1
1660 1 63 1
1661 0 -64 0
1662 1 63 1
1663 0 -64 0
1664 1 63 1
1665 1 63 1
1666 0 -64 0
1667 0 -64 0
1668 0 -64 0
1669 0 -64 0
1670 1 63 1
1671 0 -64 0
1672 0 -64 0
1673 1 63 1
1674 1 63 1
1675 1 63 1
1676 0 -64 0
1677 0 -64 0
1678 0 -64 0
1679 0 -64 0
1680 1 63 1
1681 1 63 1
1682 1 63 1
1683 0 -64 0
1684 1 63 1
1685 1 63 1
1686 1 63 1
1687 0 -64 0
1688 1 63 1
1689 0 -64 0
1690 0 -64 0
1691 1 63 1
1692 0 -64 0
1693 1 63 1
1694 0 -64 0
1695 0 -64 0
1696 0 -64 0
1697 1 63 1
1698 0 -64 0
1699 0 -64 0
1700 0 -64 0
1701 0 -64 0
1702 0 -64 0
1703 0 -64 0
1704 1 63 1
1705 1 63 1
1706 0 -64 0
1707 1 63 1
1708 1 63 1
1709 0 -64 0
1710 1 63 1
1711 0 -64 0
1712 1 63 1
1713 1 63 1
1714 0 -64 0
1715 0 -64 0
1716 1 63 1
1717 1 63 1
1718 0 -64 0
1719 0 -64 0
1720 1 63 1
1721 0 -64 0
1722 1 63 1
1723 0 -64 0
1724 0 -64 0
1725 1 63 1
1726 1 63 1
1727 1 63 1
1728 0 -64 0
1729 0 -64 0
1730 1 63 1
1731 0 -64 0
1732 0 -64 0
1733 0 -64 0
1734 1 63 1
1735 0 -64 0
1736 1 63 1
1737 1 63 1
1738 1 63 1
1739 0 -64 0
1740 1 63 1
1741 0 -64 0
1742 0 -64 0
1743 1 63 1
1744 0 -64 0
1745 1 63 1
1746 1 63 1
1747 0 -64 0
1748 0 -64 0
1749 1 63 1
1750 0 -64 0
1751 0 -64 0
1752 1 63 1
1753 0 -64 0
1754 0 -64 0
1755 1 63 1
1756 0 -64 0
1757 1 63 1
1758 0 -64 0
1759 0 -64 0
1760 1 63 1
1761 1 63 1
1762 1 63 1
1763 1 63 1
1764 0 -64 0
1765 0 -64 0
1766 0 -64 0
1767 1 63 1
1768 1 63 1
1769 0 -64 0
1770 1 63 1
1771 0 -64 0
1772 0 -64 0
1773 0 -64 0
1774 0 -64 0
1775 0 -64 0
1776 0 -64 0
1777 1 63 1
1778 0 -64 0
1779 0 -64 0
1780 0 -64 0
1781 0 -64 0
1782 1 63 1
1783 1 63 1
1784 1 63 1
1785 1 63 1
1786 0 -64 0
1787 0 -64 0
1788 1 63 1
1789 0 -64 0
1790 1 63 1
1791 1 63 1
1792 0 -64 0
1793 1 63 1
1794 1 63 1
1795 0 -64 0
1796 0 -64 0
1797 1 63 1
1798 1 63 1
1799 0 -64 0
1800 1 63 1
1801 1 63 1
1802 1 63 1
1803 1 63 1
1804 0 -64 0
1805 0 -64 0
1806 0 -64 0
1807 0 -64 0
1808 0 -64 0
1809 1 63 1
1810 1 63 1
1811 1 63 1
1812 0 -64 0
1813 0 -64 0
1814 1 63 1
1815 0 -64 0
1816 0 -64 0
1817 0 -64 0
1818 1 63 1
1819 0 -64 0
1820 0 -64 0
1821 1 63 1
1822 0 -64 0
1823 0 -64 0
1824 1 63 1
1825 0 -64 0
1826 1 63 1
1827 0 -64 0
1828 1 63 1
1829 1 63 1
1830 0 -64 0
1831 1 63 1
1832 1 63 1
1833 1 63 1
1834 0 -64 0
1835 0 -64 0
1836 0 -64 0
1837 0 -64 0
1838 1 63 1
1839 0 -64 0
1840 0 -64 0
1841 1 63 1
1842 0 -64 0
1843 0 -64 0
1844 0 -64 0
1845 1 63 1
1846 1 63 1
1847 0 -64 0
1848 0 -64 0
1849 1 63 1
1850 1 63 1
1851 1 63 1
1852 0 -64 0
1853 0 -64 0
1854 0 -64 0
1855 0 -64 0
1856 0 -64 0
1857 0 -64 0
1858 1 63 1
1859 1 63 1
1860 0 -64 0
1861 0 -64 0
1862 0 -64 0
1863 1 63 1
1864 1 63 1
1865 0 -64 0
1866 0 -64 0
1867 1 63 1
1868 0 -64 0
1869 0 -64 0
1870 1 63 1
1871 1 63 1
1872 0 -64 0
1873 0 -64 0
1874 1 63 1
1875 0 -64 0
1876 0 -64 0
1877 1 63 1
1878 0 -64 0
1879 1 63 1
1880 0 -64 0
1881 1 63 1
1882 1 63 1
1883 1 63 1
1884 1 63 1
1885 1 63 1
1886 0 -64 0
1887 1 63 1
1888 1 63 1
1889 1 63 1
1890 0 -64 0
1891 1 63 1
1892 0 -64 0
1893 0 -64 0
1894 1 63 1
1895 0 -64 0
1896 0 -64 0
1897 0 -64 0
1898 0 -64 0
1899 1 63 1
1900 0 -64 0
1901 0 -64 0
1902 1 63 1
1903 0 -64 0
1904 1 63 1
1905 1 63 1
1906 1 63 1
1907 0 -64 0
1908 0 -64 0
1909 0 -64 0
1910 0 -64 0
1911 1 63 1
1912 1 63 1
1913 1 63 1
1914 0 -64 0
1915 1 63 1
1916 0 -64 0
1917 0 -64 0
1918 0 -64 0
1919 0 -64 0
1920 1 63 1
1921 0 -64 0
1922 1 63 1
1923 0 -64 0
1924 1 63 1
1925 0 -64 0
1926 1 63 1
1927 1 63 1
1928 1 63 1
1929 0 -64 0
1930 1 63 1
1931 0 -64 0
1932 1 63 1
1933 1 63 1
1934 0 -64 0
1935 0 -64 0
1936 1 63 1
1937 0 -64 0
1938 0 -64 0
1939 0 -64 0
1940 0 -64 0
1941 1 63 1
1942 1 63 1
1943 1 63 1
1944 1 63 1
1945 1 63 1
1946 0 -64 0
1947 1 63 1
1948 0 -64 0
1949 0 -64 0
1950 0 -64 0
1951 0 -64 0
1952 1 63 1
1953 1 63 1
1954 1 63 1
1955 1 63 1
1956 1 63 1
1957 1 63 1
1958 1 63 1
1959 1 63 1
1960 1 63 1
1961 1 63 1
1962 0 -64 0
1963 1 63 1
1964 1 63 1
1965 1 63 1
1966 0 -64 0
1967 1 63 1
1968 1 63 1
1969 0 -64 0
1970 1 63 1
1971 1 63 1
1972 1 63 1
1973 0 -64 0
1974 1 63 1
1975 0 -64 0
1976 1 63 1
1977 1 63 1
1978 1 63 1
1979 0 -64 0
1980 0 -64 0
1981 0 -64 0
1982 1 63 1
1983 1 63 1
1984 1 63 1
1985 1 63 1
1986 1 63 1
1987 1 63 1
1988 1 63 1
1989 1 63 1
1990 1 63 1
1991 0 -64 0
1992 0 -64 0
1993 1 63 1
1994 1 63 1
1995 1 63 1
1996 1 63 1
1997 1 63 1
1998 0 -64 0
1999 0 -64 0
2000 1 63 1
2001 0 -64 0
2002 1 63 1
2003 1 63 1
2004 0 -64 0
2005 0 -64 0
2006 0 -64 0
2007 1 63 1
2008 1 63 1
2009 0 -64 0
2010 0 -64 0
2011 0 -64 0
2012 1 63 1
2013 0 -64 0
2014 0 -64 0
2015 0 -64 0
2016 1 63 1
2017 1 63 1
2018 0 -64 0
2019 1 63 1
2020 0 -64 0
2021 1 63 1
2022 1 63 1
2023 0 -64 0
2024 1 63 1
2025 1 63 1
2026 1 63 1
2027 1 63 1
2028 0 -64 0
2029 1 63 1
2030 1 63 1
2031 1 63 1
2032 0 -64 0
2033 0 -64 0
2034 1 63 1
2035 0 -64 0
2036 0 -64 0
2037 0 -64 0
2038 0 -64 0
2039 1 63 1
2040 0 -64 0
2041 1 63 1
2042 1 63 1
2043 0 -64 0
2044 1 63 1
2045 1 63 1
2046 0 -64 0
2047 1 63 1
2048 0 -64 0
2049 1 63 1
2050 0 -64 0
2051 1 63 1
2052 0 -64 0
2053 1 63 1
2054 1 63 1
2055 0 -64 0
2056 0 -64 0
2057 0 -64 0
2058 1 63 1
2059 0 -64 0
2060 0 -64 0
2061 0 -64 0
2062 0 -64 0
2063 0 -64 0
2064 1 63 1
2065 1 63 1
2066 1 63 1
2067 0 -64 0
2068 1 63 1
2069 1 63 1
2070 0 -64 0
2071 1 63 1
2072 0 -64 0
2073 1 63 1
2074 0 -64 0
2075 1 63 1
2076 0 -64 0
2077 0 -64 0
2078 0 -64 0
2079 0 -64 0
2080 0 -64 0
2081 0 -64 0
2082 1 63 1
2083 0 -64 0
2084 0 -64 0
2085 0 -64 0
2086 1 63 1
2087 0 -64 0
2088 0 -64 0
2089 1 63 1
2090 0 -64 0
2091 1 63 1
2092 0 -64 0
2093 1 63 1
2094 1 63 1
2095 1 63 1
2096 0 -64 0
2097 1 63 1
2098 1 63 1
2099 0 -64 0
2100 0 -64 0
2101 0 -64 0
2102 0 -64 0
2103 1 63 1
2104 1 63 1
2105 0 -64 0
2106 1 63 1
2107 0 -64 0
2108 1 63 1
2109 1 63 1
2110 1 63 1
2111 0 -64 0
2112 1 63 1
2113 0 -64 0
2114 0 -63 0
2115 0 -64 0
2116 1 63 1
2117 1 63 1
2118 1 63 1
2119 1 63 1
2120 1 63 1
2121 0 -63 0
2122 1 63 1
2123 0 -64 0
2124 1 63 1
2125 0 -64 0
2126 0 -64 0
2127 1 63 1
2128 1 63 1
2129 1 63 1
2130 0 -64 0
2131 0 -64 0
2132 0 -64 0
2133 1 63 1
2134 0 -64 0
2135 0 -64 0
2136 1 63 1
2137 1 63 1
2138 0 -64 0
2139 0 -64 0
2140 0 -64 0
2141 0 -64 0
2142 1 63 1
2143 1 63 1
2144 1 63 1
2145 1 63 1
2146 0 -64 0
2147 0 -64 0
2148 0 -64 0
2149 1 63 1
2150 1 63 1
2151 1 63 1
2152 1 63 1
2153 0 -64 0
2154 0 -64 0
2155 1 63 1
2156 0 -64 0
2157 0 -64 0
2158 1 63 1
2159 0 -64 0
2160 1 63 1
2161 0 -64 0
2162 0 -64 0
2163 0 -64 0
2164 1 63 1
2165 0 -64 0
2166 0 -64 0
2167 0 -64 0
2168 1 63 1
2169 1 63 1
2170 0 -64 0
2171 1 63 1
2172 1 63 1
2173 0 -64 0
2174 1 63 1
2175 1 63 1
2176 0 -64 0
2177 0 -64 0
2178 0 -64 0
2179 1 63 1
2180 0 -64 0
2181 0 -64 0
2182 1 63 1
2183 1 63 1
2184 0 -64 0
2185 1 63 1
2186 1 63 1
2187 1 63 1
2188 0 -64 0
2189 1 63 1
2190 1 63 1
2191 0 -64 0
2192 0 -64 0
2193 0 -64 0
2194 0 -64 0
2195 0 -64 0
2196 0 -64 0
2197 0 -64 0
2198 0 -64 0
2199 0 -64 0
2200 0 -64 0
2201 0 -64 0
2202 0 -64 0
2203 0 -64 0
2204 1 63 1
2205 0 -64 0
2206 0 -64 0
2207 0 -64 0
2208 1 63 1
2209 0 -64 0
2210 0 -64 0
2211 0 -64 0
2212 0 -64 0
2213 0 -64 0
2214 0 -64 0
2215 0 -64 0
2216 0 -64 0
2217 0 -64 0
2218 0 -64 0
2219 0 -64 0
2220 0 -64 0
2221 0 -64 0
2222 0 -64 0
2223 1 63 1
2224 1 63 1
2225 0 -64 0
2226 0 -64 0
2227 0 -64 0
2228 1 63 1
2229 1 63 1
2230 1 63 1
2231 1 63 1
2232 0 -64 0
2233 0 -64 0
2234 0 -64 0
2235 1 63 1
2236 0 -64 0
2237 0 -64 0
2238 0 -64 0
2239 1 63 1
2240 0 -64 0
2241 1 63 1
2242 1 63 1
2243 0 -64 0
2244 0 -64 0
2245 1 63 1
2246 0 -64 0
2247 1 63 1
2248 0 -64 0
2249 0 -64 0
2250 1 63 1
2251 0 -64 0
2252 0 -64 0
2253 0 -64 0
2254 1 63 1
2255 1 63 1
2256 1 63 1
2257 1 63 1
2258 0 -64 0
2259 1 63 1
2260 0 -64 0
2261 1 63 1
2262 1 63 1
2263 1 63 1
2264 1 63 1
2265 0 -64 0
2266 0 -64 0
2267 0 -64 0
2268 0 -64 0
2269 1 63 1
2270 1 63 1
2271 1 63 1
2272 1 63 1
2273 0 -64 0
2274 0 -64 0
2275 1 63 1
2276 1 63 1
2277 1 63 1
2278 1 63 1
2279 1 63 1
2280 0 -64 0
2281 0 -64 0
2282 1 63 1
2283 1 63 1
2284 1 63 1
2285 0 -64 0
2286 0 -64 0
2287 1 63 1
2288 0 -64 0
2289 0 -64 0
2290 0 -64 0
2291 1 63 1
2292 0 -64 0
2293 1 63 1
2294 1 63 1
2295 1 63 1
2296 1 63 1
2297 0 -64 0
2298 0 -56 0
2299 1 62 1
2300 1 47 1
2301 1 43 1
2302 1 39 1
2303 1 30 1
2304 1 37 1
2305 1 44 1
2306 1 47 1
2307 1 63 1
2308 0 -64 0
2309 1 59 1
2310 1 53 1
2311 0 -64 0
2312 0 -64 0
2313 1 63 1
2314 1 63 1
2315 1 63 1
2316 1 63 1
2317 0 -64 0
2318 1 63 1
2319 0 -64 0
2320 1 63 1
2321 0 -64 0
2322 0 -64 0
2323 1 63 1
2324 0 -64 0
2325 0 -64 0
2326 1 63 1
2327 0 -64 0
2328 1 63 1
2329 0 -64 0
2330 0 -64 0
2331 0 -64 0
2332 0 -64 0
2333 0 -64 0
2334 0 -64 0
2335 1 63 1
2336 1 63 1
2337 0 -64 0
2338 1 63 1
2339 1 63 1
2340 1 63 1
2341 0 -64 0
2342 0 -64 0
2343 1 63 1
2344 1 63 1
2345 0 -64 0
2346 0 -64 0
2347 1 63 1
2348 1 63 1
2349 0 -64 0
2350 1 63 1
2351 1 63 1
2352 0 -64 0
2353 0 -64 0
2354 0 -64 0
2355 0 -64 0
2356 1 63 1
2357 1 63 1
2358 0 -64 0
2359 1 63 1
2360 0 -64 0
2361 0 -64 0
2362 1 63 1
2363 1 63 1
2364 0 -64 0
2365 0 -64 0
2366 1 63 1
2367 1 63 1
2368 1 63 1
2369 1 63 1
2370 0 -64 0
2371 0 -64 0
2372 1 63 1
2373 1 63 1
2374 1 63 1
2375 1 63 1
2376 0 -64 0
2377 0 -64 0
2378 1 63 1
2379 0 -64 0
2380 1 63 1
2381 1 63 1
2382 1 63 1
2383 0 -64 0
2384 0 -64 0
2385 0 -64 0
2386 1 63 1
2387 0 -64 0
2388 1 63 1
2389 1 63 1
2390 0 -64 0
2391 1 63 1
2392 1 63 1
2393 1 63 1
2394 1 63 1
2395 0 -64 0
2396 1 63 1
2397 1 63 1
2398 0 -64 0
2399 0 -64 0
2400 0 -64 0
2401 0 -64 0
2402 0 -64 0
2403 1 63 1
2404 1 63 1
2405 1 63 1
2406 1 63 1
2407 1 63 1
2408 1 63 1
2409 1 63 1
2410 1 63 1
2411 0 -64 0
2412 0 -64 0
2413 1 63 1
2414 1 63 1
2415 0 -64 0
2416 1 63 1
2417 1 63 1
2418 1 63 1
2419 0 -64 0
2420 1 63 1
2421 0 -64 0
2422 1 63 1
2423 0 -64 0
2424 0 -64 0
2425 0 -64 0
2426 1 63 1
2427 1 63 1
2428 0 -64 0
2429 0 -64 0
2430 1 63 1
2431 0 -64 0
2432 0 -64 0
2433 0 -64 0
2434 0 -64 0
2435 1 63 1
2436 1 63 1
2437 0 -64 0
2438 1 63 1
2439 0 -64 0
2440 1 63 1
2441 1 63 1
2442 1 63 1
2443 1 63 1
2444 1 63 1
2445 0 -64 0
2446 0 -64 0
2447 0 -64 0
2448 0 -64 0
2449 0 -64 0
2450 1 63 1
2451 1 63 1
2452 1 63 1
2453 0 -64 0
2454 1 63 1
2455 0 -64 0
2456 0 -64 0
2457 1 63 1
2458 1 63 1
2459 0 -64 0
2460 1 63 1
2461 0 -64 0
2462 1 63 1
2463 0 -64 0
2464 0 -64 0
2465 1 63 1
2466 0 -64 0
2467 1 63 1
2468 0 -64 0
2469 0 -64 0
2470 0 -64 0
2471 1 63 1
2472 0 -64 0
2473 0 -64 0
2474 0 -64 0
2475 1 63 1
2476 1 63 1
2477 0 -64 0
2478 0 -64 0
2479 0 -64 0
2480 1 63 1
2481 1 63 1
2482 0 -64 0
2483 1 63 1
2484 0 -64 0
2485 1 63 1
2486 1 63 1
2487 0 -64 0
2488 0 -64 0
2489 0 -64 0
2490 0 -64 0
2491 0 -64 0
2492 0 -64 0
2493 0 -64 0
2494 1 63 1
2495 1 63 1
2496 1 63 1
2497 1 63 1
2498 1 63 1
2499 0 -64 0
2500 0 -64 0
2501 1 63 1
2502 0 -64 0
2503 0 -64 0
2504 1 63 1
2505 0 -64 0
2506 1 63 1
2507 1 63 1
2508 1 63 1
2509 0 -64 0
2510 0 -64 0
2511 0 -64 0
2512 1 63 1
2513 0 -64 0
2514 1 63 1
2515 1 63 1
2516 1 63 1
2517 1 63 1
2518 1 63 1
2519 1 63 1
2520 0 -64 0
2521 0 -64 0
2522 1 63 1
2523 1 63 1
2524 1 63 1
2525 0 -64 0
2526 0 -64 0
2527 0 -64 0
2528 0 -64 0
2529 1 63 1
2530 0 -64 0
2531 0 -64 0
2532 0 -64 0
2533 1 63 1
2534 0 -64 0
2535 1 63 1
2536 0 -64 0
2537 1 63 1
2538 0 -64 0
2539 0 -64 0
2540 1 63 1
2541 1 63 1
2542 1 63 1
2543 1 63 1
2544 1 63 1
2545 1 63 1
2546 0 -64 0
2547 1 63 1
2548 1 63 1
2549 1 63 1
2550 1 63 1
2551 0 -64 0
2552 0 -64 0
2553 1 63 1
2554 0 -64 0
2555 0 -64 0
2556 0 -64 0
2557 1 63 1
2558 1 63 1
2559 0 -64 0
2560 0 -64 0
2561 1 63 1
2562 1 63 1
2563 1 63 1
2564 1 63 1
2565 1 63 1
2566 0 -64 0
2567 0 -64 0
2568 1 63 1
2569 1 63 1
2570 1 63 1
2571 0 -64 0
2572 0 -64 0
2573 0 -64 0
2574 0 -64 0
2575 1 63 1
2576 1 63 1
2577 0 -64 0
2578 1 63 1
2579 1 63 1
2580 0 -64 0
2581 1 63 1
2582 0 -64 0
2583 1 63 1
2584 1 63 1
2585 0 -64 0
2586 1 63 1
2587 1 63 1
2588 1 63 1
2589 0 -64 0
2590 0 -64 0
2591 0 -64 0
2592 1 63 1
2593 1 63 1
2594 0 -64 0
2595 0 -64 0
2596 1 63 1
2597 0 -64 0
2598 0 -64 0
2599 0 -64 0
2600 1 63 1
2601 1 63 1
2602 0 -64 0
2603 0 -64 0
2604 1 63 1
2605 0 -64 0
2606 0 -64 0
2607 0 -64 0
2608 1 63 1
2609 0 -64 0
2610 0 -64 0
2611 0 -64 0
2612 1 63 1
2613 0 -64 0
2614 0 -64 0
2615 0 -64 0
2616 1 63 1
2617 1 63 1
2618 0 -64 0
2619 1 63 1
2620 1 63 1
2621 1 63 1
2622 0 -64 0
2623 1 63 1
2624 1 63 1
2625 1 63 1
2626 1 63 1
2627 1 63 1
2628 1 63 1
2629 0 -64 0
2630 1 63 1
2631 1 63 1
2632 0 -64 0
2633 0 -64 0
2634 1 63 1
2635 0 -64 0
2636 0 -64 0
2637 1 63 1
2638 0 -64 0
2639 0 -64 0
2640 0 -64 0
2641 1 63 1
2642 1 63 1
2643 0 -64 0
2644 1 63 1
2645 0 -64 0
2646 1 63 1
2647 0 -64 0
2648 0 -64 0
2649 0 -64 0
2650 0 -64 0
2651 1 63 1
2652 0 -64 0
2653 0 -64 0
2654 1 63 1
2655 0 -64 0
2656 0 -64 0
2657 1 63 1
2658 1 63 1
2659 0 -64 0
2660 0 -64 0
2661 1 63 1
2662 1 63 1
2663 0 -64 0
2664 1 63 1
2665 1 63 1
2666 0 -64 0
2667 0 -64 0
2668 1 63 1
2669 0 -64 0
2670 1 63 1
2671 0 -64 0
2672 1 63 1
2673 0 -64 0
2674 1 63 1
2675 1 63 1
2676 0 -64 0
2677 0 -64 0
2678 0 -64 0
2679 1 63 1
2680 0 -64 0
2681 1 63 1
2682 1 63 1
2683 1 63 1
2684 1 63 1
2685 1 63 1
2686 1 63 1
2687 0 -64 0
2688 0 -64 0
2689 0 -64 0
2690 0 -64 0
2691 0 -64 0
2692 1 63 1
2693 0 -64 0
2694 0 -64 0
2695 1 63 1
2696 0 -64 0
2697 0 -64 0
2698 1 63 1
2699 0 -64 0
2700 1 63 1
2701 1 63 1
2702 0 -64 0
2703 0 -64 0
2704 0 -64 0
2705 0 -64 0
2706 1 63 1
2707 1 63 1
2708 1 63 1
2709 1 63 1
2710 1 63 1
2711 0 -64 0
2712 0 -64 0
2713 0 -64 0
2714 1 63 1
2715 1 63 1
2716 1 63 1
2717 0 -64 0
2718 0 -64 0
2719 1 63 1
2720 1 63 1
2721 0 -64 0
2722 0 -64 0
2723 1 63 1
2724 1 63 1
2725 1 63 1
2726 1 63 1
2727 0 -64 0
2728 0 -64 0
2729 1 63 1
2730 1 63 1
2731 1 63 1
2732 0 -64 0
2733 0 -64 0
2734 1 63 1
2735 1 63 1
2736 0 -64 0
2737 1 63 1
2738 1 63 1
2739 0 -64 0
2740 0 -64 0
2741 1 63 1
2742 0 -64 0
2743 0 -64 0
2744 0 -64 0
2745 0 -64 0
2746 0 -64 0
2747 0 -64 0
2748 1 63 1
2749 1 63 1
2750 1 63 1
2751 1 63 1
2752 0 -64 0
2753 1 63 1
2754 0 -64 0
2755 0 -64 0
2756 0 -64 0
2757 0 -64 0
2758 0 -64 0
2759 1 63 1
2760 0 -64 0
2761 0 -64 0
2762 1 63 1
2763 0 -64 0
2764 1 63 1
2765 0 -64 0
2766 1 63 1
2767 1 63 1
2768 0 -64 0
2769 1 63 1
2770 1 63 1
2771 1 63 1
2772 1 63 1
2773 0 -64 0
2774 1 63 1
2775 0 -64 0
2776 0 -64 0
2777 0 -64 0
2778 0 -64 0
2779 1 63 1
2780 1 63 1
2781 1 63 1
2782 0 -64 0
2783 0 -64 0
2784 1 63 1
2785 1 63 1
2786 0 -64 0
2787 1 63 1
2788 0 -64 0
2789 0 -64 0
2790 0 -64 0
2791 0 -64 0
2792 0 -64 0
2793 0 -64 0
2794 0 -64 0
2795 1 63 1
2796 0 -64 0
2797 1 63 1
2798 0 -64 0
2799 0 -64 0
2800 1 63 1
2801 0 -64 0
2802 0 -64 0
2803 1 63 1
2804 1 63 1
2805 1 63 1
2806 1 63 1
2807 0 -64 0
2808 0 -64 0
2809 1 63 1
2810 0 -64 0
2811 0 -64 0
2812 1 63 1
2813 1 63 1
2814 1 63 1
2815 0 -64 0
2816 0 -64 0
2817 1 63 1
2818 0 -64 0
2819 0 -64 0
2820 1 63 1
2821 0 -64 0
2822 1 63 1
2823 0 -64 0
2824 1 63 1
2825 0 -64 0
2826 1 63 1
2827 0 -64 0
2828 0 -64 0
2829 0 -64 0
2830 0 -64 0
2831 0 -64 0
2832 0 -64 0
2833 0 -64 0
2834 0 -64 0
2835 0 -64 0
2836 1 63 1
2837 0 -64 0
2838 0 -64 0
2839 0 -64 0
2840 1 63 1
2841 0 -64 0
2842 1 63 1
2843 0 -64 0
2844 0 -64 0
2845 1 63 1
2846 0 -64 0
2847 1 63 1
2848 1 63 1
2849 1 63 1
2850 1 63 1
2851 0 -64 0
2852 1 63 1
2853 1 63 1
2854 1 63 1
2855 1 63 1
2856 0 -64 0
2857 1 63 1
2858 0 -64 0
2859 0 -64 0
2860 0 -64 0
2861 0 -64 0
2862 1 63 1
2863 1 63 1
2864 1 63 1
2865 1 63 1
2866 1 63 1
2867 0 -64 0
2868 0 -64 0
2869 0 -64 0
2870 1 63 1
2871 0 -64 0
2872 1 63 1
2873 0 -64 0
2874 1 63 1
2875 1 63 1
2876 1 63 1
2877 1 63 1
2878 1 63 1
2879 1 63 1
2880 1 63 1
2881 0 -64 0
2882 0 -64 0
2883 0 -64 0
2884 1 63 1
2885 0 -64 0
2886 0 -64 0
2887 0 -64 0
2888 0 -64 0
2889 1 63 1
2890 1 63 1
2891 1 63 1
2892 1 63 1
2893 0 -64 0
2894 1 63 1
2895 0 -64 0
2896 0 -64 0
2897 1 63 1
2898 1 63 1
2899 0 -64 0
2900 0 -64 0
2901 1 63 1
2902 0 -64 0
2903 0 -64 0
2904 1 63 1
2905 0 -64 0
2906 1 63 1
2907 0 -64 0
2908 1 63 1
2909 0 -64 0
2910 1 63 1
2911 0 -64 0
2912 1 63 1
2913 0 -64 0
2914 0 -64 0
2915 0 -64 0
2916 1 63 1
2917 1 63 1
2918 0 -64 0
2919 0 -64 0
2920 0 -64 0
2921 1 63 1
2922 1 63 1
2923 0 -64 0
2924 0 -64 0
2925 0 -64 0
2926 1 63 1
2927 0 -64 0
2928 0 -64 0
2929 0 -64 0
2930 0 -64 0
2931 0 -64 0
2932 0 -64 0
2933 0 -64 0
2934 0 -64 0
2935 1 63 1
2936 0 -64 0
2937 1 63 1
2938 0 -64 0
2939 0 -64 0
2940 1 63 1
2941 0 -64 0
2942 1 63 1
2943 1 63 1
2944 0 -64 0
2945 0 -64 0
2946 1 63 1
2947 1 63 1
2948 0 -64 0
2949 1 63 1
2950 1 63 1
2951 0 -64 0
2952 0 -64 0
2953 1 63 1
2954 0 -64 0
2955 0 -64 0
2956 1 63 1
2957 0 -64 0
2958 1 63 1
2959 0 -64 0
2960 1 63 1
2961 1 63 1
2962 0 -64 0
2963 1 63 1
2964 0 -64 0
2965 0 -64 0
2966 0 -64 0
2967 1 63 1
2968 1 63 1
2969 1 63 1
2970 1 63 1
2971 1 63 1
2972 0 -64 0
2973 0 -64 0
2974 1 63 1
2975 0 -64 0
2976 1 63 1
2977 0 -64 0
2978 0 -64 0
2979 1 63 1
2980 0 -64 0
2981 0 -64 0
2982 0 -64 0
2983 0 -64 0
2984 1 63 1
2985 1 63 1
2986 1 63 1
2987 1 63 1
2988 0 -64 0
2989 0 -64 0
2990 0 -64 0
2991 0 -64 0
2992 0 -64 0
2993 0 -64 0
2994 1 63 1
2995 0 -64 0
2996 1 63 1
2997 0 -64 0
2998 1 63 1
2999 1 63 1
3000 1 63 1
3001 0 -64 0
3002 1 63 1
3003 1 63 1
3004 1 63 1
3005 1 63 1
3006 0 -64 0
3007 1 63 1
3008 1 63 1
3009 1 63 1
3010 0 -64 0
3011 0 -64 0
3012 0 -64 0
3013 0 -64 0
3014 0 -64 0
3015 0 -64 0
3016 1 63 1
3017 0 -64 0
3018 1 63 1
3019 1 63 1
3020 0 -64 0
3021 0 -64 0
3022 0 -64 0
3023 1 63 1
3024 0 -64 0
3025 0 -64 0
3026 1 63 1
3027 1 63 1
3028 1 63 1
3029 1 63 1
3030 1 63 1
3031 1 63 1
3032 1 63 1
3033 1 63 1
3034 1 63 1
3035 1 63 1
3036 1 63 1
3037 1 63 1
3038 0 -64 0
3039 0 -64 0
3040 1 63 1
3041 0 -64 0
3042 1 63 1
3043 1 63 1
3044 1 63 1
3045 0 -64 0
3046 1 63 1
3047 0 -64 0
3048 1 63 1
3049 1 63 1
3050 0 -64 0
3051 1 63 1
3052 0 -64 0
3053 1 63 1
3054 1 63 1
3055 0 -64 0
3056 0 -64 0
3057 0 -64 0
3058 1 63 1
3059 0 -64 0
3060 0 -64 0
3061 1 63 1
3062 1 63 1
3063 0 -64 0
3064 1 63 1
3065 0 -64 0
3066 1 63 1
3067 1 63 1
3068 0 -64 0
3069 0 -53 0
3070 0 -46 0
3071 0 -42 0
3072 0 -39 0
3073 1 44 1
3074 1 35 1
3075 0 -50 0
3076 0 -54 0
3077 1 58 1
3078 0 -44 0
3079 0 -56 0
3080 0 -64 0
3081 1 63 1
3082 1 63 1
3083 1 63 1
3084 0 -64 0
3085 1 63 1
3086 0 -64 0
3087 0 -64 0
3088 1 63 1
3089 1 63 1
3090 1 63 1
3091 0 -64 0
3092 1 63 1
3093 1 63 1
3094 1 63 1
3095 0 -64 0
3096 0 -64 0
3097 1 63 1
3098 1 63 1
3099 0 -64 0
3100 1 63 1
3101 1 63 1
3102 1 63 1
3103 1 63 1
3104 1 63 1
3105 0 -64 0
3106 1 63 1
3107 0 -64 0
3108 0 -64 0
3109 1 63 1
3110 0 -64 0
3111 1 63 1
3112 1 63 1
3113 0 -64 0
3114 0 -64 0
3115 1 63 1
3116 1 63 1
3117 0 -64 0
3118 0 -64 0
3119 1 63 1
3120 1 63 1
3121 0 -64 0
3122 0 -64 0
3123 1 63 1
3124 0 -64 0
3125 1 63 1
3126 0 -64 0
3127 1 63 1
3128 0 -64 0
3129 1 63 1
3130 1 63 1
3131 1 63 1
3132 0 -64 0
3133 1 63 1
3134 1 63 1
3135 0 -64 0
3136 1 63 1
3137 0 -64 0
3138 1 63 1
3139 1 63 1
3140 1 63 1
3141 0 -64 0
3142 0 -64 0
3143 1 63 1
3144 1 63 1
3145 0 -64 0
3146 1 63 1
3147 1 63 1
3148 1 63 1
3149 1 63 1
3150 1 63 1
3151 0 -64 0
3152 0 -64 0
3153 0 -64 0
3154 1 63 1
3155 0 -64 0
3156 0 -64 0
3157 1 63 1
3158 1 63 1
3159 0 -64 0
3160 0 -64 0
3161 0 -64 0
3162 1 63 1
3163 0 -64 0
3164 0 -64 0
3165 0 -64 0
3166 0 -64 0
3167 0 -64 0
3168 0 -64 0
3169 1 63 1
3170 0 -64 0
3171 0 -64 0
3172 1 63 1
3173 0 -64 0
3174 1 63 1
3175 1 63 1
3176 0 -64 0
3177 0 -64 0
3178 1 63 1
3179 1 63 1
3180 1 63 1
3181 0 -64 0
3182 1 63 1
3183 1 63 1
3184 0 -64 0
3185 1 63 1
3186 1 63 1
3187 1 63 1
3188 1 63 1
3189 1 63 1
3190 0 -64 0
3191 0 -64 0
3192 0 -64 0
3193 0 -64 0
3194 1 63 1
3195 0 -64 0
3196 1 63 1
3197 1 63 1
3198 0 -64 0
3199 1 63 1
3200 1 63 1
3201 1 63 1
3202 1 63 1
3203 1 63 1
3204 0 -64 0
3205 0 -64 0
3206 1 63 1
3207 0 -64 0
3208 1 63 1
3209 1 63 1
3210 0 -64 0
3211 0 -64 0
3212 1 63 1
3213 0 -64 0
3214 1 63 1
3215 0 -64 0
3216 0 -64 0
3217 0 -64 0
3218 0 -64 0
3219 1 63 1
3220 1 63 1
3221 1 63 1
3222 0 -64 0
3223 1 63 1
3224 0 -64 0
3225 0 -64 0
3226 0 -64 0
3227 0 -64 0
3228 0 -64 0
3229 0 -64 0
3230 0 -64 0
3231 1 63 1
3232 1 63 1
3233 1 63 1
3234 1 63 1
3235 0 -64 0
3236 1 63 1
3237 1 63 1
3238 0 -64 0
3239 1 63 1
3240 1 63 1
3241 0 -64 0
3242 0 -64 0
3243 1 63 1
3244 0 -64 0
3245 0 -64 0
3246 1 63 1
3247 0 -64 0
3248 0 -64 0
3249 0 -64 0
3250 0 -64 0
3251 0 -64 0
3252 0 -64 0
3253 1 63 1
3254 1 63 1
3255 1 63 1
3256 0 -64 0
3257 0 -64 0
3258 1 63 1
3259 0 -64 0
3260 0 -64 0
3261 0 -64 0
3262 1 63 1
3263 0 -64 0
3264 0 -64 0
3265 1 63 1
3266 1 63 1
3267 1 63 1
3268 1 63 1
3269 0 -64 0
3270 0 -64 0
3271 1 63 1
3272 1 63 1
3273 0 -64 0
3274 0 -64 0
3275 1 63 1
3276 0 -64 0
3277 1 63 1
3278 1 63 1
3279 0 -64 0
3280 0 -64 0
3281 0 -64 0
3282 1 63 1
3283 1 63 1
3284 1 63 1
3285 1 63 1
3286 1 63 1
3287 0 -64 0
3288 1 63 1
3289 0 -64 0
3290 0 -64 0
3291 1 63 1
3292 0 -64 0
3293 0 -64 0
3294 1 63 1
3295 1 63 1
3296 1 63 1
3297 0 -64 0
3298 0 -64 0
3299 0 -64 0
3300 0 -64 0
3301 1 63 1
3302 1 63 1
3303 0 -64 0
3304 0 -64 0
3305 0 -64 0
3306 0 -64 0
3307 0 -64 0
3308 1 63 1
3309 0 -64 0
3310 0 -64 0
3311 1 63 1
3312 1 63 1
3313 1 63 1
3314 1 63 1
3315 1 63 1
3316 0 -64 0
3317 0 -64 0
3318 0 -64 0
3319 0 -64 0
3320 1 63 1
3321 0 -64 0
3322 0 -64 0
3323 0 -64 0
3324 0 -64 0
3325 0 -64 0
3326 1 63 1
3327 1 63 1
3328 0 -64 0
3329 1 63 1
3330 1 63 1
3331 1 63 1
3332 0 -64 0
3333 1 63 1
3334 0 -64 0
3335 0 -64 0
3336 1 63 1
3337 1 63 1
3338 1 63 1
3339 0 -64 0
3340 1 63 1
3341 1 63 1
3342 0 -64 0
3343 0 -64 0
3344 0 -64 0
3345 0 -64 0
3346 1 63 1
3347 0 -64 0
3348 0 -64 0
3349 1 63 1
3350 0 -64 0
3351 0 -64 0
3352 0 -64 0
3353 0 -64 0
3354 0 -64 0
3355 0 -64 0
3356 1 63 1
3357 1 63 1
3358 0 -64 0
3359 0 -64 0
3360 1 63 1
3361 1 63 1
3362 1 63 1
3363 0 -64 0
3364 0 -64 0
3365 1 63 1
3366 0 -64 0
3367 1 63 1
3368 1 63 1
3369 1 63 1
3370 1 63 1
3371 1 63 1
3372 1 63 1
3373 0 -64 0
3374 0 -64 0
3375 1 63 1
3376 0 -64 0
3377 1 63 1
3378 0 -64 0
3379 0 -64 0
3380 1 63 1
3381 1 63 1
3382 0 -64 0
3383 0 -64 0
3384 1 63 1
3385 0 -64 0
3386 1 63 1
3387 0 -64 0
3388 0 -64 0
3389 0 -64 0
3390 0 -64 0
3391 1 63 1
3392 0 -64 0
3393 0 -64 0
3394 1 63 1
3395 0 -64 0
3396 1 63 1
3397 1 63 1
3398 1 63 1
3399 1 63 1
3400 0 -64 0
3401 1 63 1
3402 0 -64 0
3403 0 -64 0
3404 1 63 1
3405 1 63 1
3406 1 63 1
3407 0 -64 0
3408 0 -64 0
3409 1 63 1
3410 1 63 1
3411 0 -64 0
3412 1 63 1
3413 1 63 1
3414 0 -64 0
3415 1 63 1
3416 1 63 1
3417 1 63 1
3418 1 63 1
3419 0 -64 0
3420 0 -64 0
3421 1 63 1
3422 1 63 1
3423 1 63 1
3424 0 -64 0
3425 1 63 1
3426 1 63 1
3427 0 -64 0
3428 0 -64 0
3429 0 -64 0
3430 1 63 1
3431 1 63 1
3432 1 63 1
3433 0 -64 0
3434 1 63 1
3435 0 -64 0
3436 1 63 1
3437 0 -64 0
3438 1 63 1
3439 0 -64 0
3440 0 -64 0
3441 0 -64 0
3442 1 63 1
3443 0 -64 0
3444 0 -64 0
3445 1 63 1
3446 0 -64 0
3447 0 -64 0
3448 1 63 1
3449 0 -64 0
3450 1 63 1
3451 0 -64 0
3452 1 63 1
3453 0 -64 0
3454 0 -64 0
3455 1 63 1
3456 1 63 1
3457 1 63 1
3458 1 63 1
3459 0 -64 0
3460 1 63 1
3461 1 63 1
3462 0 -64 0
3463 1 63 1
3464 0 -64 0
3465 1 63 1
3466 0 -64 0
3467 1 63 1
3468 1 63 1
3469 0 -64 0
3470 1 63 1
3471 1 63 1
3472 1 63 1
3473 1 63 1
3474 1 63 1
3475 0 -64 0
3476 0 -64 0
3477 1 63 1
3478 0 -64 0
3479 0 -64 0
3480 1 63 1
3481 1 63 1
3482 1 63 1
3483 0 -64 0
3484 1 63 1
3485 1 63 1
3486 0 -64 0
3487 0 -64 0
3488 0 -64 0
3489 1 63 1
3490 1 63 1
3491 0 -64 0
3492 1 63 1
3493 1 63 1
3494 0 -64 0
3495 1 63 1
3496 1 63 1
3497 0 -64 0
3498 1 63 1
3499 1 63 1
3500 0 -64 0
3501 1 63 1
3502 0 -64 0
3503 1 63 1
3504 0 -64 0
3505 1 63 1
3506 0 -64 0
3507 0 -64 0
3508 0 -64 0
3509 0 -64 0
3510 0 -64 0
3511 1 63 1
3512 1 63 1
3513 0 -64 0
3514 0 -64 0
3515 1 63 1
3516 0 -64 0
3517 0 -64 0
3518 1 63 1
3519 0 -64 0
3520 0 -64 0
3521 1 63 1
3522 0 -64 0
3523 0 -64 0
3524 0 -64 0
3525 0 -64 0
3526 1 63 1
3527 1 63 1
3528 1 63 1
3529 1 63 1
3530 0 -64 0
3531 0 -64 0
3532 1 63 1
3533 0 -64 0
3534 1 63 1
3535 0 -64 0
3536 1 63 1
3537 0 -64 0
3538 1 63 1
3539 0 -64 0
3540 1 63 1
3541 0 -64 0
3542 0 -64 0
3543 1 63 1
3544 0 -64 0
3545 1 63 1
3546 1 63 1
3547 1 63 1
3548 0 -64 0
3549 1 63 1
3550 0 -64 0
3551 1 63 1
3552 0 -64 0
3553 1 63 1
3554 0 -64 0
3555 1 63 1
3556 0 -64 0
3557 0 -64 0
3558 0 -64 0
3559 0 -64 0
3560 0 -64 0
3561 0 -64 0
3562 1 63 1
3563 0 -64 0
3564 0 -64 0
3565 0 -64 0
3566 1 63 1
3567 1 63 1
3568 1 63 1
3569 0 -64 0
3570 1 63 1
3571 1 63 1
3572 0 -64 0
3573 0 -64 0
3574 0 -64 0
3575 0 -64 0
3576 1 63 1
3577 1 63 1
3578 0 -64 0
3579 1 63 1
3580 0 -64 0
3581 1 63 1
3582 1 63 1
3583 1 63 1
3584 1 63 1
3585 0 -64 0
3586 1 63 1
3587 1 63 1
3588 0 -64 0
3589 0 -64 0
3590 0 -64 0
3591 1 63 1
3592 0 -64 0
3593 0 -64 0
3594 1 63 1
3595 1 63 1
3596 1 63 1
3597 0 -64 0
3598 1 63 1
3599 1 63 1
3600 1 63 1
3601 1 63 1
3602 1 63 1
3603 1 63 1
3604 0 -64 0
3605 0 -64 0
3606 1 63 1
3607 1 63 1
3608 1 63 1
3609 0 -64 0
3610 0 -64 0
3611 0 -64 0
3612 1 63 1
3613 0 -64 0
3614 1 63 1
3615 1 63 1
3616 1 63 1
3617 0 -64 0
3618 1 63 1
3619 1 63 1
3620 0 -64 0
3621 0 -64 0
3622 0 -64 0
3623 0 -64 0
3624 0 -64 0
3625 0 -64 0
3626 1 63 1
3627 0 -64 0
3628 1 63 1
3629 1 63 1
3630 1 63 1
3631 0 -64 0
3632 0 -64 0
3633 1 63 1
3634 1 63 1
3635 1 63 1
3636 1 63 1
3637 0 -64 0
3638 1 63 1
3639 1 63 1
3640 1 63 1
3641 0 -64 0
3642 1 63 1
3643 1 63 1
3644 0 -64 0
3645 1 63 1
3646 0 -64 0
3647 1 63 1
3648 0 -64 0
3649 0 -64 0
3650 1 63 1
3651 0 -64 0
3652 0 -64 0
3653 1 63 1
3654 0 -64 0
3655 1 63 1
3656 0 -64 0
3657 0 -64 0
3658 0 -64 0
3659 0 -64 0
3660 1 63 1
3661 0 -64 0
3662 1 63 1
3663 0 -64 0
3664 1 63 1
3665 0 -64 0
3666 1 63 1
3667 0 -64 0
3668 1 63 1
3669 1 63 1
3670 0 -64 0
3671 0 -64 0
3672 0 -64 0
3673 0 -64 0
3674 0 -64 0
3675 0 -64 0
3676 1 63 1
3677 1 63 1
3678 1 63 1
3679 1 63 1
3680 0 -64 0
3681 1 63 1
3682 0 -64 0
3683 0 -64 0
3684 1 63 1
3685 0 -64 0
3686 0 -64 0
3687 1 63 1
3688 1 63 1
3689 0 -64 0
3690 0 -64 0
3691 0 -64 0
3692 0 -64 0
3693 0 -64 0
3694 1 63 1
3695 1 63 1
3696 1 63 1
3697 1 63 1
3698 0 -64 0
3699 0 -64 0
3700 1 63 1
3701 0 -64 0
3702 0 -64 0
3703 0 -64 0
3704 0 -64 0
3705 0 -64 0
3706 1 63 1
3707 1 63 1
3708 0 -64 0
3709 1 63 1
3710 0 -64 0
3711 0 -64 0
3712 0 -64 0
3713 0 -64 0
3714 0 -64 0
3715 0 -64 0
3716 0 -64 0
3717 1 63 1
3718 1 63 1
3719 1 63 1
3720 1 63 1
3721 1 63 1
3722 1 63 1
3723 0 -64 0
3724 0 -64 0
3725 0 -64 0
3726 1 63 1
3727 0 -64 0
3728 0 -64 0
3729 1 63 1
3730 1 63 1
3731 1 63 1
3732 1 63 1
3733 0 -64 0
3734 0 -64 0
3735 1 63 1
3736 1 63 1
3737 0 -64 0
3738 0 -64 0
3739 0 -64 0
3740 0 -64 0
3741 1 63 1
3742 1 63 1
3743 0 -64 0
3744 1 63 1
3745 1 63 1
3746 1 63 1
3747 0 -64 0
3748 1 63 1
3749 1 63 1
3750 1 63 1
3751 0 -64 0
3752 0 -64 0
3753 1 63 1
3754 0 -64 0
3755 0 -64 0
3756 1 63 1
3757 1 63 1
3758 1 63 1
3759 0 -64 0
3760 0 -64 0
3761 0 -64 0
3762 0 -64 0
3763 0 -64 0
3764 1 63 1
3765 0 -64 0
3766 1 63 1
3767 1 63 1
3768 1 63 1
3769 1 63 1
3770 0 -64 0
3771 1 63 1
3772 1 63 1
3773 1 63 1
3774 1 63 1
3775 0 -64 0
3776 0 -64 0
3777 1 63 1
3778 0 -64 0
3779 1 63 1
3780 1 63 1
3781 1 63 1
3782 0 -64 0
3783 0 -64 0
3784 1 63 1
3785 0 -64 0
3786 0 -64 0
3787 1 63 1
3788 1 63 1
3789 0 -64 0
3790 0 -64 0
3791 0 -64 0
3792 1 63 1
3793 1 63 1
3794 0 -64 0
3795 1 63 1
3796 1 63 1
3797 1 63 1
3798 1 63 1
3799 0 -64 0
3800 1 63 1
3801 1 63 1
3802 0 -64 0
3803 1 63 1
3804 1 63 1
3805 1 63 1
3806 0 -64 0
3807 0 -64 0
3808 0 -64 0
3809 1 63 1
3810 1 63 1
3811 1 63 1
3812 1 63 1
3813 1 63 1
3814 0 -64 0
3815 1 63 1
3816 1 63 1
3817 0 -64 0
3818 0 -64 0
3819 0 -64 0
3820 0 -64 0
3821 1 63 1
3822 1 63 1
3823 1 63 1
3824 1 63 1
3825 0 -64 0
3826 0 -64 0
3827 0 -64 0
3828 0 -64 0
3829 1 63 1
3830 1 63 1
3831 0 -64 0
3832 1 63 1
3833 1 63 1
3834 1 54 1
3835 1 63 1
3836 0 -55 0
3837 0 -64 0
3838 0 -48 0
3839 1 48 1
3840 0 -39 0
3841 1 44 1
3842 0 -54 0
3843 0 -55 0
3844 1 63 1
3845 0 -64 0
3846 1 54 1
3847 0 -64 0
3848 1 63 1
3849 1 63 1
3850 0 -64 0
3851 0 -64 0
3852 1 63 1
3853 1 63 1
3854 0 -64 0
3855 1 63 1
3856 1 63 1
3857 1 63 1
3858 1 63 1
3859 1 63 1
3860 1 63 1
3861 1 63 1
3862 1 63 1
3863 1 63 1
3864 1 63 1
3865 0 -64 0
3866 0 -64 0
3867 0 -64 0
3868 1 63 1
3869 0 -64 0
3870 1 63 1
3871 0 -64 0
3872 1 63 1
3873 1 63 1
3874 0 -64 0
3875 1 63 1
3876 1 63 1
3877 0 -64 0
3878 1 63 1
3879 1 63 1
3880 1 63 1
3881 0 -64 0
3882 0 -64 0
3883 0 -64 0
3884 0 -64 0
3885 0 -64 0
3886 0 -64 0
3887 0 -64 0
3888 1 63 1
3889 0 -64 0
3890 1 63 1
3891 1 63 1
3892 1 63 1
3893 1 63 1
3894 1 63 1
3895 1 63 1
3896 1 63 1
3897 0 -64 0
3898 1 63 1
3899 1 63 1
3900 1 63 1
3901 0 -64 0
3902 0 -64 0
3903 0 -64 0
3904 0 -64 0
3905 0 -64 0
3906 1 63 1
3907 1 63 1
3908 1 63 1
3909 1 63 1
3910 0 -64 0
3911 1 63 1
3912 0 -64 0
3913 1 63 1
3914 0 -64 0
3915 1 63 1
3916 0 -64 0
3917 1 63 1
3918 1 63 1
3919 0 -64 0
3920 0 -64 0
3921 1 63 1
3922 0 -64 0
3923 0 -64 0
3924 0 -64 0
3925 1 63 1
3926 1 63 1
3927 0 -64 0
3928 1 63 1
3929 1 63 1
3930 0 -64 0
3931 0 -64 0
3932 1 63 1
3933 0 -64 0
3934 1 63 1
3935 1 63 1
3936 0 -64 0
3937 1 63 1
3938 1 63 1
3939 1 63 1
3940 0 -64 0
3941 0 -64 0
3942 1 63 1
3943 0 -64 0
3944 0 -64 0
3945 1 63 1
3946 0 -64 0
3947 0 -64 0
3948 0 -64 0
3949 1 63 1
3950 0 -64 0
3951 0 -64 0
3952 1 63 1
3953 1 63 1
3954 1 63 1
3955 1 63 1
3956 0 -64 0
3957 1 63 1
3958 1 63 1
3959 1 63 1
3960 0 -64 0
3961 0 -64 0
3962 1 63 1
3963 1 63 1
3964 1 63 1
3965 1 63 1
3966 0 -64 0
3967 1 63 1
3968 1 63 1
3969 1 63 1
3970 1 63 1
3971 1 63 1
3972 1 63 1
3973 1 63 1
3974 0 -64 0
3975 1 63 1
3976 1 63 1
3977 0 -64 0
3978 0 -64 0
3979 0 -64 0
3980 0 -64 0
3981 0 -64 0
3982 1 63 1
3983 0 -64 0
3984 1 63 1
3985 1 63 1
3986 1 63 1
3987 1 63 1
3988 0 -64 0
3989 0 -64 0
3990 0 -64 0
3991 1 63 1
3992 0 -64 0
3993 0 -64 0
3994 0 -64 0
3995 1 63 1
3996 0 -64 0
3997 1 63 1
3998 1 63 1
3999 0 -64 0
4000 1 63 1
4001 1 63 1
4002 1 63 1
4003 0 -64 0
4004 1 63 1
4005 1 63 1
4006 0 -64 0
4007 1 63 1
4008 1 63 1
4009 0 -64 0
4010 0 -64 0
4011 0 -64 0
4012 1 63 1
4013 0 -64 0
4014 0 -64 0
4015 0 -64 0
4016 1 63 1
4017 0 -64 0
4018 1 63 1
4019 1 63 1
4020 0 -64 0
4021 1 63 1
4022 1 63 1
4023 0 -64 0
4024 1 63 1
4025 1 63 1
4026 0 -64 0
4027 0 -64 0
4028 0 -64 0
4029 0 -64 0
4030 0 -64 0
4031 0 -64 0
4032 1 63 1
4033 0 -64 0
4034 0 -64 0
4035 0 -64 0
4036 1 63 1
4037 1 63 1
4038 0 -64 0
4039 0 -64 0
4040 1 63 1
4041 0 -64 0
4042 0 -64 0
4043 0 -64 0
4044 1 63 1
4045 0 -64 0
4046 0 -64 0
4047 0 -64 0
4048 0 -64 0
4049 0 -64 0
4050 1 63 1
4051 1 63 1
4052 1 63 1
4053 1 63 1
4054 0 -64 0
4055 1 63 1
4056 0 -64 0
4057 0 -64 0
4058 0 -64 0
4059 0 -64 0
4060 0 -64 0
4061 1 63 1
4062 0 -64 0
4063 1 63 1
4064 1 63 1
4065 1 63 1
4066 1 63 1
4067 1 63 1
4068 1 63 1
4069 0 -64 0
4070 0 -64 0
4071 1 63 1
4072 1 63 1
4073 0 -64 0
4074 0 -64 0
4075 1 63 1
4076 1 63 1
4077 0 -64 0
4078 1 63 1
4079 1 63 1
4080 1 63 1
4081 1 63 1
4082 1 63 1
4083 0 -64 0
4084 1 63 1
4085 1 63 1
4086 1 63 1
4087 0 -64 0
4088 1 63 1
4089 0 -64 0
4090 0 -64 0
4091 0 -64 0
4092 1 63 1
4093 1 63 1
4094 1 63 1
4095 1 63 1
4096 0 -64 0
4097 0 -64 0
4098 1 63 1
4099 1 63 1
4100 0 -64 0
4101 1 63 1
4102 1 63 1
4103 1 63 1
4104 1 63 1
4105 1 63 1
4106 0 -64 0
4107 0 -64 0
4108 1 63 1
4109 1 63 1
4110 0 -64 0
4111 1 63 1
4112 0 -64 0
4113 0 -64 0
4114 1 63 1
4115 1 63 1
4116 0 -64 0
4117 1 63 1
4118 1 63 1
4119 1 63 1
4120 0 -64 0
4121 1 63 1
4122 0 -64 0
4123 0 -64 0
4124 0 -64 0
4125 1 63 1
4126 0 -64 0
4127 0 -64 0
4128 1 63 1
4129 0 -64 0
4130 1 63 1
4131 0 -64 0
4132 1 63 1
4133 0 -64 0
4134 1 63 1
4135 1 63 1
4136 0 -64 0
4137 0 -64 0
4138 0 -64 0
4139 1 63 1
4140 0 -64 0
4141 0 -64 0
4142 1 63 1
4143 1 63 1
4144 1 63 1
4145 1 63 1
4146 1 63 1
4147 0 -64 0
4148 1 63 1
4149 0 -64 0
4150 1 63 1
4151 0 -64 0
4152 0 -64 0
4153 0 -64 0
4154 1 63 1
4155 1 63 1
4156 0 -64 0
4157 0 -64 0
4158 1 63 1
4159 1 63 1
4160 1 63 1
4161 0 -64 0
4162 1 63 1
4163 1 63 1
4164 1 63 1
4165 1 63 1
4166 0 -64 0
4167 1 63 1
4168 1 63 1
4169 0 -64 0
4170 1 63 1
4171 0 -64 0
4172 1 63 1
4173 1 63 1
4174 0 -64 0
4175 1 63 1
4176 1 63 1
4177 1 63 1
4178 0 -64 0
4179 1 63 1
4180 0 -64 0
4181 1 63 1
4182 0 -64 0
4183 1 63 1
4184 1 63 1
4185 0 -64 0
4186 0 -64 0
4187 0 -64 0
4188 1 63 1
4189 1 63 1
4190 0 -64 0
4191 1 63 1
4192 1 63 1
4193 0 -64 0
4194 1 63 1
4195 1 63 1
4196 0 -64 0
4197 0 -64 0
4198 1 63 1
4199 0 -64 0
4200 1 63 1
4201 0 -64 0
4202 1 63 1
4203 1 63 1
4204 0 -64 0
4205 1 63 1
4206 0 -64 0
4207 0 -64 0
4208 1 63 1
4209 0 -64 0
4210 0 -64 0
4211 0 -64 0
4212 1 63 1
4213 1 63 1
4214 0 -64 0
4215 1 63 1
4216 1 63 1
4217 0 -64 0
4218 0 -64 0
4219 1 63 1
4220 1 63 1
4221 0 -64 0
4222 1 63 1
4223 0 -64 0
4224 1 63 1
4225 1 63 1
4226 1 63 1
4227 0 -64 0
4228 1 63 1
4229 1 63 1
4230 1 63 1
4231 1 63 1
4232 1 63 1
4233 0 -64 0
4234 1 63 1
4235 0 -64 0
4236 1 63 1
4237 0 -64 0
4238 0 -64 0
4239 1 63 1
4240 1 63 1
4241 0 -64 0
4242 1 63 1
4243 1 63 1
4244 0 -64 0
4245 1 63 1
4246 0 -64 0
4247 1 63 1
4248 1 63 1
4249 0 -64 0
4250 0 -64 0
4251 0 -64 0
4252 0 -64 0
4253 0 -64 0
4254 1 63 1
4255 1 63 1
4256 0 -64 0
4257 0 -64 0
4258 0 -64 0
4259 1 63 1
4260 0 -64 0
4261 0 -64 0
4262 0 -64 0
4263 1 63 1
4264 0 -64 0
4265 1 63 1
4266 1 63 1
4267 0 -64 0
4268 1 63 1
4269 1 63 1
4270 0 -64 0
4271 1 63 1
4272 0 -64 0
4273 0 -64 0
4274 1 63 1
4275 0 -64 0
4276 0 -64 0
4277 0 -64 0
4278 1 63 1
4279 1 63 1
4280 1 63 1
4281 1 63 1
4282 0 -64 0
4283 1 63 1
4284 0 -64 0
4285 0 -64 0
4286 0 -64 0
4287 0 -64 0
4288 0 -64 0
4289 1 63 1
4290 0 -64 0
4291 1 63 1
4292 1 63 1
4293 1 63 1
4294 0 -64 0
4295 1 63 1
4296 1 63 1
4297 1 63 1
4298 1 63 1
4299 0 -64 0
4300 1 63 1
4301 1 63 1
4302 1 63 1
4303 0 -64 0
4304 0 -64 0
4305 1 63 1
4306 1 63 1
4307 0 -64 0
4308 0 -64 0
4309 0 -64 0
4310 0 -64 0
4311 1 63 1
4312 1 63 1
4313 0 -64 0
4314 0 -64 0
4315 1 63 1
4316 0 -64 0
4317 0 -64 0
4318 1 63 1
4319 1 63 1
4320 0 -64 0
4321 1 63 1
4322 0 -64 0
4323 1 63 1
4324 1 63 1
4325 0 -64 0
4326 1 63 1
4327 0 -64 0
4328 0 -64 0
4329 1 63 1
4330 0 -64 0
4331 1 63 1
4332 1 63 1
4333 0 -64 0
4334 1 63 1
4335 1 63 1
4336 1 63 1
4337 0 -64 0
4338 0 -64 0
4339 1 63 1
4340 0 -64 0
4341 1 63 1
4342 1 63 1
4343 0 -64 0
4344 1 63 1
4345 0 -64 0
4346 1 63 1
4347 0 -64 0
4348 0 -64 0
4349 0 -64 0
4350 1 63 1
4351 0 -64 0
4352 0 -64 0
4353 1 63 1
4354 0 -64 0
4355 0 -64 0
4356 0 -64 0
4357 0 -64 0
4358 0 -64 0
4359 1 63 1
4360 0 -64 0
4361 1 63 1
4362 1 63 1
4363 1 63 1
4364 1 63 1
4365 1 63 1
4366 0 -64 0
4367 0 -64 0
4368 1 63 1
4369 0 -64 0
4370 0 -64 0
4371 1 63 1
4372 0 -64 0
4373 1 63 1
4374 1 63 1
4375 0 -64 0
4376 0 -64 0
4377 0 -64 0
4378 1 63 1
4379 1 63 1
4380 0 -64 0
4381 0 -64 0
4382 0 -64 0
4383 0 -64 0
4384 0 -64 0
4385 1 63 1
4386 1 63 1
4387 0 -64 0
4388 0 -64 0
4389 1 63 1
4390 1 63 1
4391 1 63 1
4392 0 -64 0
4393 0 -64 0
4394 1 63 1
4395 1 63 1
4396 1 63 1
4397 1 63 1
4398 0 -64 0
4399 0 -64 0
4400 0 -64 0
4401 0 -64 0
4402 0 -64 0
4403 0 -64 0
4404 0 -64 0
4405 1 63 1
4406 1 63 1
4407 0 -64 0
4408 1 63 1
4409 1 63 1
4410 1 63 1
4411 1 63 1
4412 1 63 1
4413 1 63 1
4414 1 63 1
4415 1 63 1
4416 0 -64 0
4417 1 63 1
4418 1 63 1
4419 1 63 1
4420 1 63 1
4421 1 63 1
4422 0 -64 0
4423 1 63 1
4424 1 63 1
4425 1 63 1
4426 0 -64 0
4427 0 -64 0
4428 0 -64 0
4429 1 63 1
4430 0 -64 0
4431 1 63 1
4432 1 63 1
4433 1 63 1
4434 0 -64 0
4435 0 -64 0
4436 0 -64 0
4437 0 -64 0
4438 1 63 1
4439 0 -64 0
4440 1 63 1
4441 0 -64 0
4442 0 -64 0
4443 1 63 1
4444 0 -64 0
4445 0 -64 0
4446 0 -64 0
4447 1 63 1
4448 1 63 1
4449 1 63 1
4450 0 -64 0
4451 1 63 1
4452 0 -64 0
4453 1 63 1
4454 0 -64 0
4455 1 63 1
4456 1 63 1
4457 1 63 1
4458 1 63 1
4459 0 -64 0
4460 0 -64 0
4461 1 63 1
4462 1 63 1
4463 1 63 1
4464 0 -64 0
4465 0 -64 0
4466 0 -64 0
4467 1 63 1
4468 0 -64 0
4469 0 -64 0
4470 0 -64 0
4471 0 -64 0
4472 0 -64 0
4473 1 63 1
4474 0 -64 0
4475 0 -64 0
4476 1 63 1
4477 1 63 1
4478 1 63 1
4479 1 63 1
4480 0 -64 0
4481 0 -64 0
4482 1 63 1
4483 0 -64 0
4484 1 63 1
4485 0 -64 0
4486 0 -64 0
4487 1 63 1
4488 1 63 1
4489 1 63 1
4490 1 63 1
4491 0 -64 0
4492 1 63 1
4493 0 -64 0
4494 1 63 1
4495 1 63 1
4496 1 63 1
4497 1 63 1
4498 1 63 1
4499 0 -64 0
4500 0 -64 0
4501 1 63 1
4502 1 63 1
4503 0 -64 0
4504 0 -64 0
4505 0 -64 0
4506 1 63 1
4507 1 63 1
4508 1 63 1
4509 0 -64 0
4510 1 63 1
4511 1 63 1
4512 0 -64 0
4513 0 -64 0
4514 1 63 1
4515 1 63 1
4516 1 63 1
4517 1 63 1
4518 0 -64 0
4519 0 -64 0
4520 1 63 1
4521 1 63 1
4522 0 -64 0
4523 0 -64 0
4524 1 63 1
4525 1 63 1
4526 0 -64 0
4527 1 63 1
4528 1 63 1
4529 1 63 1
4530 0 -64 0
4531 0 -64 0
4532 0 -64 0
4533 1 63 1
4534 1 63 1
4535 1 63 1
4536 1 63 1
4537 0 -64 0
4538 1 63 1
4539 1 63 1
4540 0 -64 0
4541 1 63 1
4542 0 -64 0
4543 1 63 1
4544 0 -64 0
4545 0 -64 0
4546 1 63 1
4547 1 63 1
4548 0 -64 0
4549 1 63 1
4550 1 63 1
4551 1 63 1
4552 1 63 1
4553 1 63 1
4554 1 63 1
4555 1 63 1
4556 0 -64 0
4557 0 -64 0
4558 1 63 1
4559 1 63 1
4560 0 -64 0
4561 0 -64 0
4562 1 63 1
4563 1 63 1
4564 1 63 1
4565 0 -64 0
4566 0 -64 0
4567 0 -64 0
4568 1 63 1
4569 0 -64 0
4570 1 63 1
4571 0 -64 0
4572 0 -64 0
4573 1 63 1
4574 1 63 1
4575 1 63 1
4576 0 -64 0
4577 1 63 1
4578 1 63 1
4579 1 63 1
4580 0 -64 0
4581 1 63 1
4582 1 63 1
4583 1 63 1
4584 0 -64 0
4585 1 63 1
4586 1 63 1
4587 1 63 1
4588 1 63 1
4589 1 63 1
4590 0 -64 0
4591 1 63 1
4592 1 63 1
4593 1 63 1
4594 0 -64 0
4595 1 63 1
4596 0 -63 0
4597 0 -64 0
4598 1 63 1
4599 1 63 1
4600 1 44 1
4601 0 -64 0
4602 1 63 1
4603 0 -45 0
4604 1 39 1
4605 1 56 1
4606 0 19 1
4607 0 -51 0
4608 1 39 1
4609 1 51 1
4610 0 -48 0
4611 1 55 1
4612 0 -48 0
4613 0 -64 0
4614 1 58 1
4615 1 63 1
4616 0 -64 0
4617 1 63 1
4618 1 63 1
4619 0 -64 0
4620 1 63 1
4621 0 -64 0
4622 0 -64 0
4623 0 -64 0
4624 0 -64 0
4625 1 63 1
4626 0 -64 0
4627 0 -64 0
4628 1 63 1
4629 0 -64 0
4630 1 63 1
4631 0 -64 0
4632 1 63 1
4633 0 -64 0
4634 0 -64 0
4635 0 -64 0
4636 1 63 1
4637 0 -64 0
4638 1 63 1
4639 1 63 1
4640 0 -64 0
4641 1 63 1
4642 1 63 1
4643 1 63 1
4644 1 63 1
4645 0 -64 0
4646 1 63 1
4647 1 63 1
4648 1 63 1
4649 0 -64 0
4650 0 -64 0
4651 1 63 1
4652 1 63 1
4653 1 63 1
4654 0 -64 0
4655 1 63 1
4656 1 63 1
4657 0 -64 0
4658 1 63 1
4659 0 -64 0
4660 0 -64 0
4661 1 63 1
4662 1 63 1
4663 0 -64 0
4664 0 -64 0
4665 0 -64 0
4666 0 -64 0
4667 1 63 1
4668 1 63 1
4669 1 63 1
4670 0 -64 0
4671 0 -64 0
4672 0 -64 0
4673 1 63 1
4674 0 -64 0
4675 0 -64 0
4676 0 -64 0
4677 0 -64 0
4678 0 -64 0
4679 0 -64 0
4680 0 -64 0
4681 1 63 1
4682 0 -64 0
4683 1 63 1
4684 1 63 1
4685 0 -64 0
4686 0 -64 0
4687 0 -64 0
4688 0 -64 0
4689 0 -64 0
4690 0 -64 0
4691 0 -64 0
4692 0 -64 0
4693 1 63 1
4694 0 -64 0
4695 1 63 1
4696 0 -64 0
4697 1 63 1
4698 1 63 1
4699 0 -64 0
4700 1 63 1
4701 1 63 1
4702 1 63 1
4703 0 -64 0
4704 0 -64 0
4705 0 -64 0
4706 1 63 1
4707 1 63 1
4708 1 63 1
4709 1 63 1
4710 1 63 1
4711 1 63 1
4712 0 -64 0
4713 0 -64 0
4714 1 63 1
4715 1 63 1
4716 0 -64 0
4717 0 -64 0
4718 0 -64 0
4719 1 63 1
4720 1 63 1
4721 0 -64 0
4722 0 -64 0
4723 1 63 1
4724 0 -64 0
4725 0 -64 0
4726 1 63 1
4727 0 -64 0
4728 1 63 1
4729 0 -64 0
4730 0 -64 0
4731 0 -64 0
4732 1 63 1
4733 0 -64 0
4734 1 63 1
4735 0 -64 0
4736 1 63 1
4737 0 -64 0
4738 0 -64 0
4739 1 63 1
4740 0 -64 0
4741 1 63 1
4742 0 -64 0
4743 0 -64 0
4744 0 -64 0
4745 1 63 1
4746 0 -64 0
4747 1 63 1
4748 0 -64 0
4749 1 63 1
4750 0 -64 0
4751 1 63 1
4752 1 63 1
4753 0 -64 0
4754 1 63 1
4755 1 63 1
4756 1 63 1
4757 0 -64 0
4758 0 -64 0
4759 1 63 1
4760 1 63 1
4761 1 63 1
4762 1 63 1
4763 0 -64 0
4764 1 63 1
4765 0 -64 0
4766 0 -64 0
4767 0 -64 0
4768 1 63 1
4769 0 -64 0
4770 1 63 1
4771 0 -64 0
4772 0 -64 0
4773 0 -64 0
4774 0 -64 0
4775 0 -64 0
4776 0 -64 0
4777 0 -64 0
4778 1 63 1
4779 0 -64 0
4780 0 -64 0
4781 0 -64 0
4782 1 63 1
4783 1 63 1
4784 0 -64 0
4785 1 63 1
4786 0 -64 0
4787 0 -64 0
4788 1 63 1
4789 1 63 1
4790 1 63 1
4791 1 63 1
4792 0 -64 0
4793 0 -64 0
4794 1 63 1
4795 0 -64 0
4796 0 -64 0
4797 0 -64 0
4798 1 63 1
4799 0 -64 0
4800 0 -64 0
4801 0 -64 0
4802 0 -64 0
4803 0 -64 0
4804 1 63 1
4805 0 -64 0
4806 0 -64 0
4807 0 -64 0
4808 0 -64 0
4809 0 -64 0
4810 1 63 1
4811 1 63 1
4812 1 63 1
4813 0 -64 0
4814 0 -64 0
4815 1 63 1
4816 1 63 1
4817 1 63 1
4818 1 63 1
4819 1 63 1
4820 0 -64 0
4821 1 63 1
4822 0 -64 0
4823 0 -64 0
4824 1 63 1
4825 0 -64 0
4826 1 63 1
4827 1 63 1
4828 0 -64 0
4829 0 -64 0
4830 1 63 1
4831 0 -64 0
4832 0 -64 0
4833 0 -64 0
4834 0 -64 0
4835 0 -64 0
4836 1 63 1
4837 1 63 1
4838 1 63 1
4839 0 -64 0
4840 1 63 1
4841 0 -64 0
4842 0 -64 0
4843 0 -64 0
4844 0 -64 0
4845 1 63 1
4846 1 63 1
4847 0 -64 0
4848 1 63 1
4849 0 -64 0
4850 0 -64 0
4851 1 63 1
4852 1 63 1
4853 0 -64 0
4854 1 63 1
4855 1 63 1
4856 0 -64 0
4857 0 -64 0
4858 0 -64 0
4859 1 63 1
4860 1 63 1
4861 1 63 1
4862 1 63 1
4863 1 63 1
4864 1 63 1
4865 0 -64 0
4866 0 -64 0
4867 0 -64 0
4868 0 -64 0
4869 0 -64 0
4870 1 63 1
4871 1 63 1
4872 0 -64 0
4873 1 63 1
4874 0 -64 0
4875 1 63 1
4876 1 63 1
4877 1 63 1
4878 0 -64 0
4879 0 -64 0
4880 0 -64 0
4881 1 63 1
4882 0 -64 0
4883 0 -64 0
4884 0 -64 0
4885 1 63 1
4886 1 63 1
4887 0 -64 0
4888 0 -64 0
4889 1 63 1
4890 0 -64 0
4891 1 63 1
4892 0 -64 0
4893 0 -64 0
4894 1 63 1
4895 1 63 1
4896 0 -64 0
4897 1 63 1
4898 0 -64 0
4899 0 -64 0
4900 0 -64 0
4901 1 63 1
4902 1 63 1
4903 0 -64 0
4904 1 63 1
4905 1 63 1
4906 0 -64 0
4907 1 63 1
4908 0 -64 0
4909 0 -64 0
4910 0 -64 0
4911 1 63 1
4912 1 63 1
4913 1 63 1
4914 0 -64 0
4915 0 -64 0
4916 0 -64 0
4917 0 -64 0
4918 0 -64 0
4919 1 63 1
4920 1 63 1
4921 1 63 1
4922 0 -64 0
4923 1 63 1
4924 0 -64 0
4925 1 63 1
4926 0 -64 0
4927 0 -64 0
4928 0 -64 0
4929 1 63 1
4930 1 63 1
4931 1 63 1
4932 0 -64 0
4933 1 63 1
4934 1 63 1
4935 1 63 1
4936 0 -64 0
4937 1 63 1
4938 0 -64 0
4939 0 -64 0
4940 1 63 1
4941 0 -64 0
4942 1 63 1
4943 0 -64 0
4944 0 -64 0
4945 1 63 1
4946 1 63 1
4947 0 -64 0
4948 1 63 1
4949 0 -64 0
4950 1 63 1
4951 0 -64 0
4952 1 63 1
4953 0 -64 0
4954 0 -64 0
4955 0 -64 0
4956 0 -64 0
4957 0 -64 0
4958 1 63 1
4959 1 63 1
4960 0 -64 0
4961 1 63 1
4962 0 -64 0
4963 0 -64 0
4964 1 63 1
4965 0 -64 0
4966 0 -64 0
4967 0 -64 0
4968 1 63 1
4969 0 -64 0
4970 0 -64 0
4971 0 -64 0
4972 0 -64 0
4973 0 -64 0
4974 1 63 1
4975 1 63 1
4976 1 63 1
4977 0 -64 0
4978 0 -64 0
4979 0 -64 0
4980 1 63 1
4981 0 -64 0
4982 0 -64 0
4983 1 63 1
4984 1 63 1
4985 0 -64 0
4986 0 -64 0
4987 0 -64 0
4988 0 -64 0
4989 1 63 1
4990 0 -64 0
4991 0 -64 0
4992 0 -64 0
4993 0 -64 0
4994 1 63 1
4995 1 63 1
4996 1 63 1
4997 0 -64 0
4998 1 63 1
4999 0 -64 0
5000 0 -64 0
5001 1 63 1
5002 0 -64 0
5003 0 -64 0
5004 1 63 1
5005 1 63 1
5006 0 -64 0
5007 0 -64 0
5008 1 63 1
5009 0 -64 0
5010 1 63 1
5011 0 -64 0
5012 1 63 1
5013 0 -64 0
5014 0 -64 0
5015 0 -64 0
5016 1 63 1
5017 1 63 1
5018 0 -64 0
5019 1 63 1
5020 0 -64 0
5021 1 63 1
5022 1 63 1
5023 0 -64 0
5024 1 63 1
5025 1 63 1
5026 0 -64 0
5027 1 63 1
5028 0 -64 0
5029 0 -64 0
5030 1 63 1
5031 0 -64 0
5032 0 -64 0
5033 0 -64 0
5034 1 63 1
5035 1 63 1
5036 0 -64 0
5037 1 63 1
5038 0 -64 0
5039 1 63 1
5040 1 63 1
5041 0 -64 0
5042 1 63 1
5043 0 -64 0
5044 1 63 1
5045 0 -64 0
5046 1 63 1
5047 0 -64 0
5048 1 63 1
5049 0 -64 0
5050 0 -64 0
5051 1 63 1
5052 1 63 1
5053 0 -64 0
5054 0 -64 0
5055 1 63 1
5056 0 -64 0
5057 1 63 1
5058 1 63 1
5059 0 -64 0
5060 1 63 1
5061 1 63 1
5062 0 -64 0
5063 1 63 1
5064 0 -64 0
5065 0 -64 0
5066 1 63 1
5067 0 -64 0
5068 0 -64 0
5069 0 -64 0
5070 0 -64 0
5071 0 -64 0
5072 1 63 1
5073 1 63 1
5074 0 -64 0
5075 1 63 1
5076 0 -64 0
5077 1 63 1
5078 1 63 1
5079 0 -64 0
5080 1 63 1
5081 1 63 1
5082 1 63 1
5083 0 -64 0
5084 1 63 1
5085 1 63 1
5086 0 -64 0
5087 0 -64 0
5088 1 63 1
5089 1 63 1
5090 1 63 1
5091 0 -64 0
5092 1 63 1
5093 0 -64 0
5094 1 63 1
5095 1 63 1
5096 0 -64 0
5097 1 63 1
5098 0 -64 0
5099 1 63 1
5100 1 63 1
5101 0 -64 0
5102 0 -64 0
5103 0 -64 0
5104 0 -64 0
5105 1 63 1
5106 1 63 1
5107 1 63 1
5108 1 63 1
5109 0 -64 0
5110 0 -64 0
5111 1 63 1
5112 0 -64 0
5113 0 -64 0
5114 1 63 1
5115 1 63 1
5116 1 63 1
5117 1 63 1
5118 1 63 1
5119 0 -64 0
5120 0 -64 0
5121 0 -64 0
5122 1 63 1
5123 1 63 1
5124 0 -64 0
5125 1 63 1
5126 1 63 1
5127 0 -64 0
5128 1 63 1
5129 0 -64 0
5130 1 63 1
5131 1 63 1
5132 0 -64 0
5133 0 -64 0
5134 1 63 1
5135 1 63 1
5136 0 -64 0
5137 1 63 1
5138 0 -64 0
5139 1 63 1
5140 0 -64 0
5141 0 -64 0
5142 1 63 1
5143 1 63 1
5144 0 -64 0
5145 0 -64 0
5146 0 -64 0
5147 1 63 1
5148 0 -64 0
5149 1 63 1
5150 0 -64 0
5151 0 -64 0
5152 0 -64 0
5153 0 -64 0
5154 1 63 1
5155 1 63 1
5156 1 63 1
5157 0 -64 0
5158 0 -64 0
5159 1 63 1
5160 1 63 1
5161 0 -64 0
5162 0 -64 0
5163 0 -64 0
5164 0 -64 0
5165 1 63 1
5166 0 -64 0
5167 0 -64 0
5168 1 63 1
5169 1 63 1
5170 1 63 1
5171 1 63 1
5172 0 -64 0
5173 0 -64 0
5174 1 63 1
5175 1 63 1
5176 1 63 1
5177 0 -64 0
5178 1 63 1
5179 1 63 1
5180 1 63 1
5181 1 63 1
5182 0 -64 0
5183 0 -64 0
5184 0 -64 0
5185 1 63 1
5186 0 -64 0
5187 1 63 1
5188 0 -64 0
5189 1 63 1
5190 1 63 1
5191 1 63 1
5192 1 63 1
5193 1 63 1
5194 0 -64 0
5195 1 63 1
5196 1 63 1
5197 1 63 1
5198 0 -64 0
5199 0 -64 0
5200 1 63 1
5201 1 63 1
5202 1 63 1
5203 1 63 1
5204 0 -64 0
5205 0 -64 0
5206 0 -64 0
5207 1 63 1
5208 1 63 1
5209 0 -64 0
5210 0 -64 0
5211 1 63 1
5212 0 -64 0
5213 0 -64 0
5214 1 63 1
5215 1 63 1
5216 1 63 1
5217 0 -64 0
5218 0 -64 0
5219 1 63 1
5220 1 63 1
5221 1 63 1
5222 0 -64 0
5223 1 63 1
5224 1 63 1
5225 1 63 1
5226 0 -64 0
5227 0 -64 0
5228 1 63 1
5229 1 63 1
5230 0 -64 0
5231 0 -64 0
5232 1 63 1
5233 0 -64 0
5234 0 -64 0
5235 0 -64 0
5236 0 -64 0
5237 0 -64 0
5238 0 -64 0
5239 1 63 1
5240 1 63 1
5241 0 -64 0
5242 1 63 1
5243 1 63 1
5244 0 -64 0
5245 0 -64 0
5246 0 -64 0
5247 0 -64 0
5248 0 -64 0
5249 0 -64 0
5250 1 63 1
5251 1 63 1
5252 0 -64 0
5253 0 -64 0
5254 1 63 1
5255 0 -64 0
5256 0 -64 0
5257 0 -64 0
5258 1 63 1
5259 1 63 1
5260 1 63 1
5261 1 63 1
5262 1 63 1
5263 0 -64 0
5264 0 -64 0
5265 0 -64 0
5266 1 63 1
5267 0 -64 0
5268 1 63 1
5269 0 -64 0
5270 1 63 1
5271 1 63 1
5272 0 -64 0
5273 1 63 1
5274 1 63 1
5275 1 63 1
5276 1 63 1
5277 1 63 1
5278 0 -64 0
5279 0 -64 0
5280 0 -64 0
5281 1 63 1
5282 0 -64 0
5283 0 -64 0
5284 1 63 1
5285 0 -64 0
5286 1 63 1
5287 1 63 1
5288 1 63 1
5289 0 -64 0
5290 1 63 1
5291 1 63 1
5292 0 -64 0
5293 1 63 1
5294 0 -64 0
5295 0 -64 0
5296 1 63 1
5297 1 63 1
5298 0 -64 0
5299 1 63 1
5300 0 -64 0
5301 0 -64 0
5302 1 63 1
5303 1 63 1
5304 0 -64 0
5305 0 -64 0
5306 0 -64 0
5307 0 -64 0
5308 1 63 1
5309 1 63 1
5310 0 -64 0
5311 1 63 1
5312 0 -64 0
5313 0 -64 0
5314 0 -64 0
5315 1 63 1
5316 0 -64 0
5317 0 -64 0
5318 1 63 1
5319 1 63 1
5320 1 63 1
5321 0 -64 0
5322 0 -64 0
5323 0 -64 0
5324 0 -64 0
5325 0 -64 0
5326 1 63 1
5327 1 63 1
5328 0 -64 0
5329 1 63 1
5330 0 -64 0
5331 0 -64 0
5332 0 -64 0
5333 0 -64 0
5334 0 -64 0
5335 1 63 1
5336 1 63 1
5337 1 63 1
5338 1 63 1
5339 1 63 1
5340 0 -64 0
5341 1 63 1
5342 0 -64 0
5343 1 63 1
5344 0 -64 0
5345 0 -64 0
5346 1 63 1
5347 0 -64 0
5348 1 63 1
5349 0 -64 0
5350 1 63 1
5351 0 -64 0
5352 0 -64 0
5353 0 -64 0
5354 1 63 1
5355 1 63 1
5356 1 63 1
5357 0 -64 0
5358 0 -64 0
5359 1 63 1
5360 1 63 1
5361 1 63 1
5362 0 -64 0
5363 0 -64 0
5364 0 -64 0
5365 1 63 1
5366 1 63 1
5367 0 -64 0
5368 1 63 1
5369 0 -64 0
5370 0 -64 0
5371 0 -48 0
5372 1 45 1
5373 0 -50 0
5374 0 -51 0
5375 1 49 1
5376 1 40 1
5377 0 -49 0
5378 0 -54 0
5379 0 -45 0
5380 1 57 1
5381 1 63 1
5382 1 46 1
5383 1 49 1
5384 1 63 1
5385 0 -64 0
5386 1 63 1
5387 0 -64 0
5388 1 63 1
5389 1 63 1
5390 1 63 1
5391 1 63 1
5392 0 -64 0
5393 1 63 1
5394 0 -64 0
5395 0 -64 0
5396 0 -64 0
5397 0 -64 0
5398 1 63 1
5399 0 -64 0
5400 0 -64 0
5401 0 -64 0
5402 1 63 1
5403 1 63 1
5404 0 -64 0
5405 0 -64 0
5406 0 -64 0
5407 1 63 1
5408 0 -64 0
5409 0 -64 0
5410 0 -64 0
5411 0 -64 0
5412 0 -64 0
5413 1 63 1
5414 1 63 1
5415 1 63 1
5416 0 -64 0
5417 0 -64 0
5418 1 63 1
5419 0 -64 0
5420 0 -64 0
5421 1 63 1
5422 0 -64 0
5423 1 63 1
5424 0 -64 0
5425 0 -64 0
5426 0 -64 0
5427 0 -64 0
5428 1 63 1
5429 1 63 1
5430 0 -64 0
5431 0 -64 0
5432 0 -64 0
5433 0 -64 0
5434 0 -64 0
5435 1 63 1
5436 1 63 1
5437 1 63 1
5438 0 -64 0
5439 1 63 1
5440 1 63 1
5441 0 -64 0
5442 1 63 1
5443 1 63 1
5444 0 -64 0
5445 0 -64 0
5446 0 -64 0
5447 0 -64 0
5448 1 63 1
5449 1 63 1
5450 0 -64 0
5451 1 63 1
5452 1 63 1
5453 0 -64 0
5454 1 63 1
5455 0 -64 0
5456 1 63 1
5457 1 63 1
5458 1 63 1
5459 1 63 1
5460 1 63 1
5461 1 63 1
5462 1 63 1
5463 1 63 1
5464 0 -64 0
5465 0 -64 0
5466 0 -64 0
5467 0 -64 0
5468 1 63 1
5469 0 -64 0
5470 1 63 1
5471 0 -64 0
5472 0 -64 0
5473 1 63 1
5474 1 63 1
5475 1 63 1
5476 1 63 1
5477 1 63 1
5478 1 63 1
5479 1 63 1
5480 1 63 1
5481 0 -64 0
5482 1 63 1
5483 0 -64 0
5484 1 63 1
5485 1 63 1
5486 0 -64 0
5487 0 -64 0
5488 1 63 1
5489 1 63 1
5490 1 63 1
5491 1 63 1
5492 1 63 1
5493 0 -64 0
5494 0 -64 0
5495 1 63 1
5496 0 -64 0
5497 0 -64 0
5498 0 -64 0
5499 0 -64 0
5500 0 -64 0
5501 0 -64 0
5502 1 63 1
5503 0 -64 0
5504 1 63 1
5505 1 63 1
5506 0 -64 0
5507 1 63 1
5508 0 -64 0
5509 1 63 1
5510 0 -64 0
5511 0 -64 0
5512 0 -64 0
5513 1 63 1
5514 0 -64 0
5515 1 63 1
5516 0 -64 0
5517 1 63 1
5518 1 63 1
5519 0 -64 0
5520 1 63 1
5521 0 -64 0
5522 0 -64 0
5523 1 63 1
5524 0 -64 0
5525 0 -64 0
5526 0 -64 0
5527 1 63 1
5528 1 63 1
5529 1 63 1
5530 1 63 1
5531 1 63 1
5532 0 -64 0
5533 0 -64 0
5534 1 63 1
5535 1 63 1
5536 0 -64 0
5537 1 63 1
5538 1 63 1
5539 0 -64 0
5540 1 63 1
5541 0 -64 0
5542 0 -64 0
5543 1 63 1
5544 0 -64 0
5545 0 -64 0
5546 1 63 1
5547 1 63 1
5548 0 -64 0
5549 0 -64 0
5550 1 63 1
5551 0 -64 0
5552 1 63 1
5553 1 63 1
5554 1 63 1
5555 1 63 1
5556 1 63 1
5557 1 63 1
5558 1 63 1
5559 0 -64 0
5560 1 63 1
5561 1 63 1
5562 0 -64 0
5563 0 -64 0
5564 1 63 1
5565 0 -64 0
5566 1 63 1
5567 1 63 1
5568 0 -64 0
5569 0 -64 0
5570 1 63 1
5571 0 -64 0
5572 1 63 1
5573 1 63 1
5574 1 63 1
5575 0 -64 0
5576 0 -64 0
5577 1 63 1
5578 0 -64 0
5579 0 -64 0
5580 0 -64 0
5581 1 63 1
5582 1 63 1
5583 1 63 1
5584 0 -64 0
5585 0 -64 0
5586 0 -64 0
5587 1 63 1
5588 0 -64 0
5589 0 -64 0
5590 1 63 1
5591 0 -64 0
5592 1 63 1
5593 0 -64 0
5594 1 63 1
5595 0 -64 0
5596 0 -64 0
5597 1 63 1
5598 0 -64 0
5599 1 63 1
5600 0 -64 0
5601 1 63 1
5602 1 63 1
5603 1 63 1
5604 0 -64 0
5605 0 -64 0
5606 1 63 1
5607 0 -64 0
5608 0 -64 0
5609 0 -64 0
5610 0 -64 0
5611 1 63 1
5612 0 -64 0
5613 0 -64 0
5614 1 63 1
5615 1 63 1
5616 1 63 1
5617 0 -64 0
5618 0 -64 0
5619 0 -64 0
5620 0 -64 0
5621 1 63 1
5622 1 63 1
5623 0 -64 0
5624 0 -64 0
5625 1 63 1
5626 0 -64 0
5627 1 63 1
5628 0 -64 0
5629 1 63 1
5630 1 63 1
5631 0 -64 0
5632 1 63 1
5633 0 -64 0
5634 1 63 1
5635 0 -64 0
5636 1 63 1
5637 0 -64 0
5638 0 -64 0
5639 0 -64 0
5640 1 63 1
5641 0 -64 0
5642 1 63 1
5643 0 -64 0
5644 1 63 1
5645 0 -64 0
5646 1 63 1
5647 0 -64 0
5648 1 63 1
5649 1 63 1
5650 1 63 1
5651 1 63 1
5652 0 -64 0
5653 1 63 1
5654 1 63 1
5655 0 -64 0
5656 1 63 1
5657 1 63 1
5658 0 -64 0
5659 1 63 1
5660 1 63 1
5661 0 -64 0
5662 0 -64 0
5663 1 63 1
5664 0 -64 0
5665 0 -64 0
5666 1 63 1
5667 1 63 1
5668 0 -64 0
5669 1 63 1
5670 1 63 1
5671 0 -64 0
5672 0 -64 0
5673 1 63 1
5674 0 -64 0
5675 1 63 1
5676 0 -64 0
5677 0 -64 0
5678 1 63 1
5679 1 63 1
5680 0 -64 0
5681 0 -64 0
5682 0 -64 0
5683 0 -64 0
5684 1 63 1
5685 0 -64 0
5686 0 -64 0
5687 1 63 1
5688 1 63 1
5689 1 63 1
5690 1 63 1
5691 1 63 1
5692 0 -64 0
5693 0 -64 0
5694 1 63 1
5695 1 63 1
5696 1 63 1
5697 1 63 1
5698 0 -64 0
5699 1 63 1
5700 0 -64 0
5701 1 63 1
5702 1 63 1
5703 0 -64 0
5704 1 63 1
5705 0 -64 0
5706 1 63 1
5707 0 -64 0
5708 0 -64 0
5709 0 -64 0
5710 1 63 1
5711 1 63 1
5712 0 -64 0
5713 1 63 1
5714 0 -64 0
5715 0 -64 0
5716 0 -64 0
5717 1 63 1
5718 1 63 1
5719 0 -64 0
5720 1 63 1
5721 1 63 1
5722 0 -64 0
5723 0 -64 0
5724 1 63 1
5725 1 63 1
5726 0 -64 0
5727 1 63 1
5728 1 63 1
5729 1 63 1
5730 1 63 1
5731 0 -64 0
5732 1 63 1
5733 0 -64 0
5734 0 -64 0
5735 0 -64 0
5736 1 63 1
5737 0 -64 0
5738 0 -64 0
5739 1 63 1
5740 1 63 1
5741 0 -64 0
5742 0 -64 0
5743 1 63 1
5744 0 -64 0
5745 0 -64 0
5746 1 63 1
5747 1 63 1
5748 0 -64 0
5749 0 -64 0
5750 0 -64 0
5751 0 -64 0
5752 1 63 1
5753 1 63 1
5754 0 -64 0
5755 1 63 1
5756 1 63 1
5757 0 -64 0
5758 1 63 1
5759 0 -64 0
5760 0 -64 0
5761 1 63 1
5762 0 -64 0
5763 0 -64 0
5764 0 -64 0
5765 1 63 1
5766 0 -64 0
5767 0 -64 0
5768 1 63 1
5769 1 63 1
5770 1 63 1
5771 0 -64 0
5772 0 -64 0
5773 0 -64 0
5774 1 63 1
5775 0 -64 0
5776 1 63 1
5777 1 63 1
5778 0 -64 0
5779 1 63 1
5780 1 63 1
5781 1 63 1
5782 0 -64 0
5783 1 63 1
5784 0 -64 0
5785 0 -64 0
5786 1 63 1
5787 0 -64 0
5788 0 -64 0
5789 1 63 1
5790 1 63 1
5791 1 63 1
5792 0 -64 0
5793 1 63 1
5794 0 -64 0
5795 0 -64 0
5796 1 63 1
5797 0 -64 0
5798 0 -64 0
5799 1 63 1
5800 0 -64 0
5801 1 63 1
5802 1 63 1
5803 1 63 1
5804 1 63 1
5805 0 -64 0
5806 0 -64 0
5807 1 63 1
5808 0 -64 0
5809 1 63 1
5810 0 -64 0
5811 0 -64 0
5812 0 -64 0
5813 1 63 1
5814 1 63 1
5815 1 63 1
5816 0 -64 0
5817 0 -64 0
5818 0 -64 0
5819 1 63 1
5820 0 -64 0
5821 0 -64 0
5822 0 -64 0
5823 1 63 1
5824 0 -64 0
5825 0 -64 0
5826 1 63 1
5827 0 -64 0
5828 0 -64 0
5829 0 -64 0
5830 1 63 1
5831 1 63 1
5832 1 63 1
5833 1 63 1
5834 0 -64 0
5835 0 -64 0
5836 1 63 1
5837 1 63 1
5838 1 63 1
5839 0 -64 0
5840 0 -64 0
5841 1 63 1
5842 1 63 1
5843 1 63 1
5844 0 -64 0
5845 0 -64 0
5846 1 63 1
5847 1 63 1
5848 1 63 1
5849 1 63 1
5850 1 63 1
5851 0 -64 0
5852 0 -64 0
5853 0 -64 0
5854 1 63 1
5855 0 -64 0
5856 0 -64 0
5857 0 -64 0
5858 0 -64 0
5859 0 -64 0
5860 0 -64 0
5861 0 -64 0
5862 1 63 1
5863 1 63 1
5864 0 -64 0
5865 0 -64 0
5866 0 -64 0
5867 0 -64 0
5868 0 -64 0
5869 1 63 1
5870 1 63 1
5871 0 -64 0
5872 0 -64 0
5873 1 63 1
5874 1 63 1
5875 0 -64 0
5876 0 -64 0
5877 1 63 1
5878 0 -64 0
5879 1 63 1
5880 0 -64 0
5881 0 -64 0
5882 0 -64 0
5883 1 63 1
5884 0 -64 0
5885 0 -64 0
5886 0 -64 0
5887 0 -64 0
5888 1 63 1
5889 0 -64 0
5890 1 63 1
5891 0 -64 0
5892 1 63 1
5893 0 -64 0
5894 0 -64 0
5895 1 63 1
5896 1 63 1
5897 0 -64 0
5898 0 -64 0
5899 1 63 1
5900 0 -64 0
5901 0 -64 0
5902 0 -64 0
5903 1 63 1
5904 0 -64 0
5905 1 63 1
5906 1 63 1
5907 0 -64 0
5908 0 -64 0
5909 1 63 1
5910 0 -64 0
5911 0 -64 0
5912 0 -64 0
5913 0 -64 0
5914 1 63 1
5915 1 63 1
5916 0 -64 0
5917 0 -64 0
5918 0 -64 0
5919 0 -64 0
5920 1 63 1
5921 1 63 1
5922 0 -64 0
5923 1 63 1
5924 0 -64 0
5925 1 63 1
5926 0 -64 0
5927 1 63 1
5928 0 -64 0
5929 0 -64 0
5930 0 -64 0
5931 1 63 1
5932 1 63 1
5933 1 63 1
5934 0 -64 0
5935 1 63 1
5936 0 -64 0
5937 0 -64 0
5938 1 63 1
5939 0 -64 0
5940 0 -64 0
5941 0 -64 0
5942 1 63 1
5943 0 -64 0
5944 1 63 1
5945 0 -64 0
5946 1 63 1
5947 1 63 1
5948 0 -64 0
5949 0 -64 0
5950 0 -64 0
5951 0 -64 0
5952 0 -64 0
5953 0 -64 0
5954 0 -64 0
5955 0 -64 0
5956 1 63 1
5957 1 63 1
5958 0 -64 0
5959 0 -64 0
5960 1 63 1
5961 0 -64 0
5962 1 63 1
5963 1 63 1
5964 0 -64 0
5965 0 -64 0
5966 0 -64 0
5967 1 63 1
5968 0 -64 0
5969 0 -64 0
5970 1 63 1
5971 1 63 1
5972 1 63 1
5973 0 -64 0
5974 1 63 1
5975 0 -64 0
5976 0 -64 0
5977 0 -64 0
5978 0 -64 0
5979 0 -64 0
5980 1 63 1
5981 0 -64 0
5982 0 -64 0
5983 1 63 1
5984 1 63 1
5985 1 63 1
5986 0 -64 0
5987 0 -64 0
5988 0 -64 0
5989 1 63 1
5990 1 63 1
5991 0 -64 0
5992 0 -64 0
5993 1 63 1
5994 1 63 1
5995 0 -64 0
5996 0 -64 0
5997 0 -64 0
5998 0 -64 0
5999 1 63 1
6000 1 63 1
6001 0 -64 0
6002 0 -64 0
6003 1 63 1
6004 1 63 1
6005 1 63 1
6006 1 63 1
6007 1 63 1
6008 0 -64 0
6009 1 63 1
6010 0 -64 0
6011 1 63 1
6012 0 -64 0
6013 1 63 1
6014 1 63 1
6015 1 63 1
6016 1 63 1
6017 0 -64 0
6018 0 -64 0
6019 1 63 1
6020 0 -64 0
6021 1 63 1
6022 0 -64 0
6023 0 -64 0
6024 1 63 1
6025 0 -64 0
6026 1 63 1
6027 0 -64 0
6028 1 63 1
6029 0 -64 0
6030 1 63 1
6031 0 -64 0
6032 1 63 1
6033 1 63 1
6034 1 63 1
6035 0 -64 0
6036 1 63 1
6037 0 -64 0
6038 0 -64 0
6039 0 -64 0
6040 1 63 1
6041 0 -64 0
6042 0 -64 0
6043 1 63 1
6044 0 -64 0
6045 1 63 1
6046 0 -64 0
6047 1 63 1
6048 0 -64 0
6049 1 63 1
6050 1 63 1
6051 1 63 1
6052 1 63 1
6053 0 -64 0
6054 0 -64 0
6055 1 63 1
6056 0 -64 0
6057 1 63 1
6058 1 63 1
6059 0 -64 0
6060 1 63 1
6061 1 63 1
6062 1 63 1
6063 0 -64 0
6064 1 63 1
6065 0 -64 0
6066 0 -64 0
6067 0 -64 0
6068 0 -64 0
6069 1 63 1
6070 0 -64 0
6071 1 63 1
6072 1 63 1
6073 0 -64 0
6074 1 63 1
6075 1 63 1
6076 1 63 1
6077 1 63 1
6078 1 63 1
6079 0 -64 0
6080 0 -64 0
6081 1 63 1
6082 1 63 1
6083 1 63 1
6084 1 63 1
6085 0 -64 0
6086 0 -64 0
6087 0 -64 0
6088 1 63 1
6089 0 -64 0
6090 0 -64 0
6091 1 63 1
6092 0 -64 0
6093 1 63 1
6094 0 -64 0
6095 1 63 1
6096 0 -64 0
6097 0 -64 0
6098 0 -64 0
6099 0 -64 0
6100 0 -64 0
6101 1 63 1
6102 1 63 1
6103 0 -64 0
6104 1 63 1
6105 1 63 1
6106 0 -64 0
6107 1 63 1
6108 0 -64 0
6109 0 -64 0
6110 1 63 1
6111 0 -64 0
6112 0 -64 0
6113 1 63 1
6114 0 -64 0
6115 0 -64 0
6116 1 63 1
6117 1 63 1
6118 1 63 1
6119 1 63 1
6120 1 63 1
6121 0 -64 0
6122 0 -64 0
6123 1 63 1
6124 1 63 1
6125 1 63 1
6126 0 -64 0
6127 0 -64 0
6128 1 63 1
6129 1 63 1
6130 0 -64 0
6131 1 63 1
6132 1 63 1
6133 1 63 1
6134 0 -64 0
6135 0 -64 0
6136 1 63 1
6137 1 63 1
6138 1 63 1
6139 0 -64 0
6140 1 63 1
6141 1 63 1
6142 0 -64 0
6143 0 63 1
