# idx_int bit_int post_llr hard
0 1 38449.69750938 1
1 1 36103.91292288 1
2 1 34329.32529150 1
3 0 -27047.03056445 0
4 0 -35502.79669316 0
5 0 -42498.00329624 0
6 0 -13259.96946738 0
7 1 27757.18420487 1
8 0 -38407.93003086 0
9 1 23377.23026220 1
10 0 -24339.93496735 0
11 1 31310.22710657 1
12 1 29733.66928633 1
13 0 -29643.96910196 0
14 0 -37838.92548426 0
15 0 -33347.50177440 0
16 1 21008.04630927 1
17 0 -29540.07606779 0
18 1 28013.98208430 1
19 0 -20475.96615582 0
20 1 23712.03625696 1
21 1 23897.39842422 1
22 0 -34177.66889230 0
23 1 33156.59041535 1
24 0 -31524.79277204 0
25 1 19126.65151450 1
26 1 22846.97791345 1
27 0 -25512.01115246 0
28 1 27547.84492701 1
29 1 31929.74604651 1
30 0 -16225.65354038 0
31 1 41110.03956824 1
32 0 -14148.07427149 0
33 0 -31974.18706106 0
34 1 22487.17332644 1
35 1 29242.63998292 1
36 0 -24015.22837526 0
37 1 30831.08795531 1
38 0 -32196.08571479 0
39 0 -23078.24551288 0
40 1 17133.52999777 1
41 0 -25633.35542510 0
42 0 -15764.89056840 0
43 0 -32447.29826336 0
44 1 29194.65208733 1
45 1 20162.64252292 1
46 0 -37804.39005948 0
47 0 -36184.68732191 0
48 0 -31755.35343126 0
49 0 -24159.92829960 0
50 0 -19776.42710427 0
51 0 -24718.51470423 0
52 0 -12485.06582967 0
53 0 -20131.99668554 0
54 1 19636.90642349 1
55 0 -20929.67901102 0
56 0 -31670.14592329 0
57 0 -23892.89112557 0
58 1 37289.95546355 1
59 0 -27082.19106699 0
60 0 -37558.64565419 0
61 0 -24382.81369586 0
62 0 -25708.84401222 0
63 1 21845.26392563 1
64 0 -22358.12148520 0
65 1 32250.00218815 1
66 0 -25152.18385476 0
67 0 -17816.95729391 0
68 1 38908.24643797 1
69 1 30385.47869804 1
70 1 24981.40813411 1
71 0 -14102.48453332 0
72 1 35917.68004875 1
73 0 -34538.34364228 0
74 0 -33531.13323534 0
75 0 -19107.08659407 0
76 1 34024.08519273 1
77 0 -30050.27905491 0
78 0 -37419.16119933 0
79 1 30757.23456757 1
80 1 30468.99360163 1
81 1 32400.66699661 1
82 1 34754.78784450 1
83 1 19116.62238217 1
84 1 33528.39737247 1
85 1 34003.35715741 1
86 1 25357.47336226 1
87 1 25113.51407179 1
88 1 21787.76090838 1
89 0 -34506.84642645 0
90 0 -28572.92342778 0
91 1 24392.45077233 1
92 1 33075.88642432 1
93 1 23276.04747108 1
94 0 -32328.99199131 0
95 0 -35193.22355787 0
96 1 22271.53745706 1
97 0 -31634.12323160 0
98 0 -20385.01739997 0
99 1 22176.62921571 1
100 0 -32647.62769697 0
101 1 29745.36892476 1
102 1 27805.30729674 1
103 1 25361.27123778 1
104 0 -23240.22341026 0
105 1 25798.87951899 1
106 0 -28449.54162706 0
107 1 16924.40462477 1
108 1 -7066.38842448 0
109 1 12821.94973196 1
110 0 -27411.24019368 0
111 1 24979.34655363 1
112 1 25327.85131502 1
113 0 -23491.95591482 0
114 1 21862.29145873 1
115 0 -22587.53902852 0
116 0 -14243.61500957 0
117 1 27354.69253092 1
118 1 33313.53751606 1
119 1 35580.68796962 1
120 1 28807.23862950 1
121 1 30822.27681102 1
122 0 -21469.27046458 0
123 0 -27445.10697192 0
124 1 22173.52111500 1
125 0 -30902.37749208 0
126 1 38727.98660673 1
127 0 -32896.86818836 0
128 0 -26620.10683587 0
129 1 14623.35508170 1
130 0 -39476.17960092 0
131 1 33675.90364169 1
132 1 28165.12720380 1
133 1 28384.33209227 1
134 1 31193.29928037 1
135 0 -17560.85072223 0
136 0 -25023.91661009 0
137 0 -25292.35368009 0
138 1 24470.12537118 1
139 0 -15029.32307113 0
140 0 -13573.02781403 0
141 0 -29103.72381035 0
142 1 21331.58949663 1
143 0 -17983.40259965 0
144 1 38148.37921582 1
145 0 -19919.15446226 0
146 1 13749.60192106 1
147 0 -29736.02082479 0
148 0 -20898.28647450 0
149 0 -26451.20646572 0
150 1 8653.18194070 1
151 0 -27368.08715930 0
152 1 35031.55515777 1
153 1 17225.85408630 1
154 0 -32713.17983985 0
155 0 -29340.60600646 0
156 1 15694.67678531 1
157 1 24717.01177952 1
158 1 25507.96030838 1
159 0 -18362.55791894 0
160 0 -17192.64704340 0
161 0 -12448.79311083 0
162 1 17868.67549648 1
163 0 -26594.09633367 0
164 0 -21215.37562760 0
165 0 -14567.86791315 0
166 1 24377.11728262 1
167 0 -23303.87305051 0
168 1 25369.52565659 1
169 0 -27831.03620755 0
170 1 24105.02202255 1
171 0 -37214.33358411 0
172 0 -22837.39339246 0
173 1 27571.02372715 1
174 0 -24095.52724880 0
175 0 -35438.91496817 0
176 0 -30298.38894407 0
177 1 26781.26199396 1
178 0 -22352.17305083 0
179 0 -18048.44178022 0
180 0 -30121.30452195 0
181 1 29044.14247114 1
182 0 -20232.63121315 0
183 1 32482.54380824 1
184 0 -22207.07646848 0
185 1 33615.16127737 1
186 1 43593.94413696 1
187 0 -31257.44039515 0
188 0 -25256.05646741 0
189 1 23546.42521096 1
190 0 -33120.16095324 0
191 1 15310.95114832 1
192 1 20946.96532150 1
193 1 30931.97039431 1
194 0 -23224.69506943 0
195 1 23745.18660196 1
196 0 20886.70367205 1
197 1 25953.63828381 1
198 1 32937.65790606 1
199 0 -27286.39547136 0
200 1 26884.28044323 1
201 1 38694.45278812 1
202 1 29303.37483331 1
203 0 -22981.87625612 0
204 1 30360.84287466 1
205 1 30470.62823769 1
206 1 24103.48293994 1
207 1 13043.02020626 1
208 1 30052.40723155 1
209 0 -30570.14013503 0
210 1 22659.10688924 1
211 0 -27140.06771155 0
212 0 -31680.33768953 0
213 1 27196.40418466 1
214 1 23340.36863468 1
215 1 25526.96683215 1
216 1 24403.47409231 1
217 1 35237.00040546 1
218 0 -23066.32378327 0
219 1 19833.78921755 1
220 0 -29021.06174203 0
221 1 21195.38504633 1
222 1 34007.51416809 1
223 0 -20571.15446051 0
224 1 33428.09203539 1
225 1 29030.02952015 1
226 0 -11942.48225187 0
227 1 9032.37675349 1
228 0 -16026.77246494 0
229 1 36662.80585672 1
230 1 21925.67253299 1
231 1 22256.12597016 1
232 1 27909.44885716 1
233 1 24299.61200232 1
234 1 34948.01435376 1
235 1 36398.50303776 1
236 0 -19813.55906575 0
237 0 -16666.93145648 0
238 0 -18225.69229186 0
239 1 25841.00942677 1
240 1 35972.45194634 1
241 0 -25632.15417616 0
242 1 29476.56763840 1
243 1 37171.61097702 1
244 0 -10795.92805720 0
245 1 34094.07479482 1
246 1 -22848.93607456 0
247 1 29913.47881667 1
248 1 8395.54543203 1
249 0 -18535.17638672 0
250 1 39410.19831083 1
251 1 20067.74433280 1
252 0 -16750.01498285 0
253 0 -25393.86965896 0
254 1 23835.65966071 1
255 0 -23314.41263010 0
256 0 -34620.65199860 0
257 1 21531.16549543 1
258 1 29620.62529588 1
259 1 29668.20670327 1
260 1 35134.64551904 1
261 0 -39971.97093044 0
262 1 18408.07064102 1
263 0 -30633.90140248 0
264 1 30160.79073386 1
265 1 28280.61946560 1
266 0 -32006.30365091 0
267 0 -28633.69174942 0
268 0 -27230.93127673 0
269 0 -21506.99694404 0
270 1 22360.20464774 1
271 0 -23283.50386142 0
272 1 -16718.92226280 0
273 0 -34009.75503215 0
274 0 -27890.66964087 0
275 1 29536.12490205 1
276 1 30067.58248687 1
277 0 -29287.23337865 0
278 0 -33587.80683248 0
279 0 -22356.29092874 0
280 1 18659.67222814 1
281 0 -27809.85012075 0
282 1 36308.33827821 1
283 1 23224.79808617 1
284 1 38564.13731067 1
285 1 17429.43725676 1
286 0 -18981.50834879 0
287 1 26694.68987330 1
288 0 -24868.79675373 0
289 0 -36994.86516430 0
290 1 21069.88722926 1
291 1 31630.37279584 1
292 0 -29913.29028717 0
293 0 -25605.30604752 0
294 1 29151.98777581 1
295 0 -36664.76579366 0
296 0 -31194.62564652 0
297 1 31746.19299469 1
298 0 -21238.30717449 0
299 1 27065.02745668 1
300 1 16992.06409108 1
301 0 -21031.68142080 0
302 0 -22149.13979932 0
303 1 39722.83295835 1
304 1 27432.48445096 1
305 1 27936.35636777 1
306 1 28034.91820058 1
307 1 29977.64141155 1
308 1 29589.82362965 1
309 1 35148.73922442 1
310 1 29734.29571314 1
311 0 -30853.39359825 0
312 0 -27208.12682541 0
313 1 25198.15796533 1
314 0 -19740.55745087 0
315 0 -25097.73329247 0
316 1 35527.39411731 1
317 0 -17541.15287546 0
318 1 30156.79962090 1
319 1 30286.83938242 1
320 0 -39437.86632203 0
321 0 -34583.57134308 0
322 1 32735.40886990 1
323 1 27356.97880225 1
324 1 29441.25013080 1
325 1 43722.66884208 1
326 1 42985.33503058 1
327 1 39498.15951063 1
328 0 -33326.18097237 0
329 1 24501.70389945 1
330 0 -25114.12673276 0
331 1 19154.87900434 1
332 0 -38708.33945033 0
333 0 -12908.08473056 0
334 1 28202.79813292 1
335 0 -21555.06982732 0
336 0 -18343.93455917 0
337 1 32870.57746820 1
338 0 -34246.76140702 0
339 1 38779.65008183 1
340 0 -37991.03364112 0
341 0 -15847.98506901 0
342 1 28613.91953800 1
343 0 -28604.48927002 0
344 0 -28655.57133651 0
345 0 -33179.10833728 0
346 0 -11434.37434516 0
347 0 -16166.23644031 0
348 1 17754.09495078 1
349 0 -28493.52998826 0
350 1 28283.93185797 1
351 0 -28004.98040545 0
352 1 39403.18175968 1
353 0 -27034.02230717 0
354 1 27245.28204767 1
355 1 34034.27841650 1
356 1 1249.15758978 1
357 0 -38810.44923707 0
358 1 23138.71084743 1
359 1 19611.82812641 1
360 0 -11165.09028578 0
361 0 -7280.85536002 0
362 1 8563.53276594 1
363 1 22019.58965071 1
364 1 24031.88191310 1
365 0 -17145.54473228 0
366 0 -25219.09704154 0
367 1 20835.12090950 1
368 0 -22736.23635270 0
369 0 -21278.48100208 0
370 1 22206.41703992 1
371 0 -34444.19411545 0
372 0 5342.18185639 1
373 0 -25910.47179655 0
374 1 16369.48041297 1
375 0 -27951.84373590 0
376 1 26294.96619742 1
377 0 -18161.05286406 0
378 1 24480.01583359 1
379 1 20145.64238271 1
380 1 31850.38770471 1
381 0 -24080.63062555 0
382 0 -19008.91530233 0
383 1 22896.99051435 1
384 0 -14531.61615440 0
385 1 21738.77396449 1
386 1 23534.17664082 1
387 0 -32736.17794554 0
388 0 -21370.27838400 0
389 0 -24486.33391938 0
390 0 -40022.46321877 0
391 0 -21970.17871318 0
392 0 -22848.12296312 0
393 1 33882.65414438 1
394 1 30363.57116651 1
395 0 -30424.82101606 0
396 0 -24127.58237383 0
397 0 -27651.45091283 0
398 0 -31341.55635114 0
399 1 20914.75559809 1
400 1 17648.15601597 1
401 1 31523.09332206 1
402 1 25472.15234617 1
403 0 -16405.47109588 0
404 0 -37144.24617329 0
405 1 23311.80468259 1
406 0 -14301.56849865 0
407 0 -35593.07532244 0
408 0 -28426.53767424 0
409 0 -24786.08192125 0
410 0 -17215.78619375 0
411 1 26734.55420155 1
412 0 -23721.09567039 0
413 0 -32356.53133994 0
414 1 34668.60408925 1
415 1 23125.76684592 1
416 0 -21659.31863439 0
417 1 29202.02926819 1
418 0 -25828.53655391 0
419 0 -14281.14894400 0
420 1 24977.51348676 1
421 1 30841.08681622 1
422 0 -18437.79018119 0
423 0 -32878.28600879 0
424 0 5507.03449871 1
425 0 -33290.50034821 0
426 1 17673.57538660 1
427 0 -16277.69263433 0
428 1 13109.33309051 1
429 1 32131.91396227 1
430 1 28303.43408768 1
431 1 39070.00043826 1
432 1 21539.26474926 1
433 1 26878.45580617 1
434 0 -22940.63174395 0
435 0 -28197.60987872 0
436 1 28801.53710695 1
437 1 33859.33487719 1
438 1 21536.11755872 1
439 0 -29191.48790107 0
440 0 -28660.03740105 0
441 0 -31774.20760078 0
442 1 30302.88155693 1
443 0 -26880.65263785 0
444 1 22331.10643521 1
445 0 -36755.71303508 0
446 0 -33129.83659600 0
447 0 -30927.62177870 0
448 1 33929.80301598 1
449 0 -19003.98439430 0
450 1 29507.33534356 1
451 1 17562.85752656 1
452 1 19183.93167758 1
453 0 -17784.27060390 0
454 1 18135.54476181 1
455 1 9650.82123886 1
456 0 -33385.88004820 0
457 1 21793.27086360 1
458 1 43205.68793828 1
459 1 22989.95565742 1
460 0 -29199.29895619 0
461 0 -32974.91400273 0
462 0 -29670.33677840 0
463 1 24011.00463954 1
464 1 27073.35929098 1
465 0 -40963.92184046 0
466 0 -22117.47811459 0
467 0 -25507.80560103 0
468 0 -29150.64985811 0
469 0 -18682.33732455 0
470 1 24679.14369718 1
471 0 -28600.91710046 0
472 1 37818.65941265 1
473 0 -33601.84943153 0
474 1 39513.57733260 1
475 0 -32919.43413527 0
476 0 -18994.33394599 0
477 0 -32168.88293372 0
478 1 26986.06548136 1
479 0 -29976.05810217 0
480 1 15998.12790522 1
481 0 -20121.76648495 0
482 1 33795.04606919 1
483 0 -25015.74191358 0
484 1 22357.14996071 1
485 1 19922.17417186 1
486 0 -17341.56344915 0
487 1 24130.18435551 1
488 0 -26150.26580605 0
489 1 29029.12456711 1
490 0 -23364.34572078 0
491 0 -38416.64180126 0
492 0 -21728.88307988 0
493 0 -27821.52625874 0
494 0 -36879.56946031 0
495 1 40430.89771534 1
496 1 18239.22832357 1
497 1 18981.53175408 1
498 0 -29763.38249317 0
499 1 27868.96294987 1
500 1 30341.05478639 1
501 1 34272.81064140 1
502 1 18806.63979800 1
503 1 26331.45799735 1
504 1 23840.02242634 1
505 1 30154.23040859 1
506 1 27235.04577307 1
507 0 -33099.38156359 0
508 0 -27086.90617928 0
509 1 13212.41781788 1
510 1 33743.09660519 1
511 1 31276.94965795 1
512 1 18444.67705309 1
513 1 36089.34855287 1
514 1 22981.59237045 1
515 1 21555.79193838 1
516 0 -32539.11514688 0
517 0 -15192.04439854 0
518 1 24537.89320214 1
519 0 -34626.10950557 0
520 1 33193.96924762 1
521 0 -30353.47549709 0
522 1 7964.04731310 1
523 0 -28684.66676658 0
524 1 27802.43514105 1
525 1 19971.86785974 1
526 0 -30012.19052262 0
527 1 33239.27050756 1
528 1 32909.60235690 1
529 1 25918.26299132 1
530 1 25442.46485390 1
531 1 22341.49198993 1
532 1 28284.55523430 1
533 0 -32536.29836426 0
534 0 -26839.40507569 0
535 0 -23565.57786176 0
536 0 -34907.74552769 0
537 1 29857.65097550 1
538 0 -29426.65858312 0
539 0 -16171.38117900 0
540 0 -27039.52946102 0
541 0 -29482.39818894 0
542 0 -28100.48982037 0
543 0 -23113.72355831 0
544 1 25913.53346645 1
545 0 -23586.05847917 0
546 1 14267.79885759 1
547 1 3098.13392216 1
548 0 -19580.41250058 0
549 0 -25166.84199865 0
550 0 -24602.33504368 0
551 0 -31479.05008545 0
552 1 18617.30974973 1
553 0 -12195.13503449 0
554 1 24196.75747429 1
555 1 22282.06701904 1
556 1 21327.42496061 1
557 1 16992.01887412 1
558 1 9879.28116895 1
559 0 -25802.78762974 0
560 0 -24263.70739731 0
561 1 18328.17392647 1
562 1 29575.93867875 1
563 0 -21644.39611485 0
564 0 -7586.45935908 0
565 1 26276.47540947 1
566 1 25055.72061051 1
567 1 34477.55520088 1
568 0 -19931.83747631 0
569 1 25894.34822945 1
570 0 -29199.69715171 0
571 1 20315.95807580 1
572 0 -23076.79443538 0
573 1 15058.02474145 1
574 0 -16390.96262635 0
575 0 -22704.34479854 0
576 0 -26553.90242081 0
577 1 21981.79118936 1
578 1 32563.58821795 1
579 0 -34690.39268849 0
580 0 -23235.47025454 0
581 0 -21677.13099511 0
582 1 19182.05401344 1
583 0 -23726.46794269 0
584 0 -28688.47619851 0
585 0 -35499.96858430 0
586 1 40270.31173209 1
587 1 41932.16093819 1
588 0 -32935.67893338 0
589 1 22263.84505068 1
590 0 -32313.60522043 0
591 0 -20549.50294536 0
592 0 -25227.76259889 0
593 1 25691.67999808 1
594 1 34029.95224429 1
595 0 -15779.55963636 0
596 0 -17609.14077698 0
597 1 28115.01445124 1
598 0 -38613.00568223 0
599 0 -21873.21317157 0
600 0 -25693.04818134 0
601 1 24987.60794278 1
602 0 -30011.75859894 0
603 1 20743.60793635 1
604 0 -29622.64338138 0
605 1 26327.07796328 1
606 1 16363.44832215 1
607 1 16975.54263410 1
608 0 -14154.43183890 0
609 1 24421.67922258 1
610 1 13654.21218220 1
611 1 22503.00402865 1
612 1 34079.77581224 1
613 0 -20421.54778294 0
614 1 17541.67461109 1
615 1 26730.69038549 1
616 0 -24610.67147139 0
617 0 -33813.44832950 0
618 0 -24479.73285069 0
619 1 -1249.15758978 0
620 1 18657.99973819 1
621 0 -28533.96471458 0
622 0 -14342.23763210 0
623 1 24398.60925241 1
624 1 21623.96619107 1
625 0 -14548.98793000 0
626 0 -19333.28217251 0
627 1 23222.75208744 1
628 0 -17605.46121051 0
629 0 -12949.77887155 0
630 0 -32016.65533565 0
631 0 -32827.17965717 0
632 1 24665.24218209 1
633 1 23569.31772308 1
634 1 23191.00334010 1
635 0 -20819.92290177 0
636 1 22220.02655369 1
637 0 -18073.23206096 0
638 1 20987.52154417 1
639 0 -26574.43022327 0
640 1 34607.29652882 1
641 0 -38098.89452063 0
642 1 24795.32683958 1
643 0 -17556.83534495 0
644 0 -14756.95632364 0
645 0 -34210.92425335 0
646 1 32121.64571292 1
647 1 26128.84006855 1
648 1 21276.48063122 1
649 0 -25680.51217927 0
650 1 36765.04092258 1
651 1 19855.23537514 1
652 0 -24772.27116018 0
653 1 25921.86145109 1
654 0 -26054.47373490 0
655 0 -21847.98445197 0
656 0 -26539.45981984 0
657 1 30830.45203763 1
658 0 -25193.41684596 0
659 1 25207.88275193 1
660 1 11729.05711212 1
661 0 -35508.97904917 0
662 0 -25813.92757245 0
663 0 -18662.19437394 0
664 0 12079.14759453 1
665 0 -28935.16577866 0
666 1 26959.66533828 1
667 0 -20076.72478328 0
668 0 -27556.04559879 0
669 0 -26782.61066288 0
670 0 -19424.03937195 0
671 1 22171.28753859 1
672 1 32784.13456536 1
673 1 32548.28349884 1
674 1 32896.49993504 1
675 1 35804.81662318 1
676 0 -15538.46028097 0
677 0 -41967.19420272 0
678 0 -26587.43421977 0
679 1 23278.27714978 1
680 1 19826.36356783 1
681 1 16169.14448907 1
682 1 28572.49376514 1
683 0 -23139.59245863 0
684 0 -24114.65017463 0
685 0 -19129.97885329 0
686 0 -27465.40969252 0
687 1 15049.47236367 1
688 0 -19512.81252894 0
689 0 -21360.38863960 0
690 1 20045.64161704 1
691 1 33132.74730133 1
692 1 22740.39614460 1
693 0 -17910.32701406 0
694 1 18680.14451552 1
695 1 17719.12303102 1
696 1 35190.13529172 1
697 0 -27089.41461128 0
698 1 14828.36443652 1
699 1 25573.01581451 1
700 1 36300.84062776 1
701 0 -26221.91792185 0
702 0 -11716.41148842 0
703 0 -37955.23499415 0
704 1 25362.45985028 1
705 1 29174.77700729 1
706 1 34607.60340693 1
707 0 -31232.35240327 0
708 0 -23895.01534805 0
709 0 -20386.11128565 0
710 0 -28783.59405440 0
711 0 -19563.47240451 0
712 0 -21208.05479375 0
713 1 17807.68741279 1
714 0 -26702.34651479 0
715 0 -21964.41693408 0
716 1 39031.89882242 1
717 0 4099.21159131 1
718 1 26493.17216937 1
719 1 27182.80477627 1
720 0 -26951.22390700 0
721 0 -26097.76049698 0
722 1 27809.01137250 1
723 1 23460.88438925 1
724 0 -22317.19429796 0
725 1 36092.71399269 1
726 1 17422.65017732 1
727 0 -17698.98412902 0
728 1 30940.41290739 1
729 0 -31154.27207629 0
730 1 21482.17103978 1
731 1 22939.80008589 1
732 0 -32659.89359128 0
733 0 -37015.57240342 0
734 1 36162.01767252 1
735 1 30167.65159421 1
736 1 21046.94865500 1
737 1 23438.49908017 1
738 1 22624.77993672 1
739 1 11903.43236351 1
740 1 13340.78633969 1
741 0 -21803.44449505 0
742 0 -22172.00782141 0
743 1 24034.18634042 1
744 0 -34174.46491594 0
745 1 16385.85131811 1
746 1 29415.83144915 1
747 1 23724.98155969 1
748 1 20336.35871533 1
749 0 -33082.20734289 0
750 1 19067.40646428 1
751 0 -28684.40605944 0
752 1 24823.09767506 1
753 0 -31921.69277003 0
754 0 -16855.95252325 0
755 1 32020.50913702 1
756 1 29486.61484943 1
757 1 24449.16286633 1
758 0 -21029.78956307 0
759 0 -9499.88355151 0
760 0 -31563.47213593 0
761 1 24489.09390398 1
762 0 -16667.40839091 0
763 0 -35961.24773298 0
764 0 -10340.69535716 0
765 1 20819.59773117 1
766 1 25269.77502820 1
767 0 -22290.45931436 0
768 1 25381.60990721 1
769 0 -16773.13066450 0
770 0 -33590.09814044 0
771 0 -29038.58064034 0
772 1 25425.38109647 1
773 0 -14660.12533874 0
774 1 4606.08596887 1
775 1 21139.19369989 1
776 0 -32997.05935309 0
777 1 12693.64050995 1
778 1 28130.87472989 1
779 1 30627.62854283 1
780 1 34325.47382145 1
781 1 30354.34049241 1
782 0 -23836.70783761 0
783 0 -24872.96568776 0
784 0 -24543.42566173 0
785 0 -28081.12972574 0
786 0 -19701.72994617 0
787 1 17589.26385223 1
788 1 20581.54282848 1
789 0 -29929.19382485 0
790 1 16289.07022755 1
791 1 27174.56438266 1
792 1 24014.33162133 1
793 1 28149.61431858 1
794 1 27878.75186653 1
795 0 -26342.58752451 0
796 0 -26402.49921991 0
797 1 26650.08877913 1
798 1 16080.78771712 1
799 1 32886.60363373 1
800 0 -18154.12336528 0
801 1 18768.84640381 1
802 1 23982.29104576 1
803 0 -14390.90284216 0
804 0 -21579.87744303 0
805 0 -25676.81502819 0
806 1 20405.04203468 1
807 0 -17882.27861451 0
808 0 -33774.69829748 0
809 0 -40252.39632018 0
810 0 -16073.40594436 0
811 1 25190.60331967 1
812 0 -22198.80257323 0
813 1 14483.68344647 1
814 0 -23081.08221897 0
815 0 -36052.69814593 0
816 0 -14334.06596782 0
817 0 -28548.69889561 0
818 1 17813.59664735 1
819 0 -26620.22038077 0
820 0 -24534.72335105 0
821 0 -15048.98388590 0
822 0 -26815.55418483 0
823 0 -23648.23637496 0
824 0 -19146.71754590 0
825 1 13629.44507469 1
826 0 -22479.38485064 0
827 1 33071.19886698 1
828 1 15492.30016195 1
829 1 23115.32916936 1
830 0 -24069.00250042 0
831 1 24968.55291113 1
832 0 -17479.30230590 0
833 1 25502.50547666 1
834 1 16681.23910395 1
835 0 -26491.63177205 0
836 1 29307.47302263 1
837 1 13124.57283516 1
838 0 -27507.61627757 0
839 1 26683.50897972 1
840 1 35889.88517881 1
841 0 -31312.11398298 0
842 0 -18636.99831056 0
843 1 18471.60113067 1
844 1 20944.28186013 1
845 0 -29962.97014659 0
846 1 37167.53521859 1
847 1 33920.21218271 1
848 1 23636.84450104 1
849 0 -18817.92677694 0
850 1 21051.75367555 1
851 0 -22412.54112605 0
852 1 29652.50399035 1
853 1 25288.79804076 1
854 1 29373.37062829 1
855 0 -10426.21362671 0
856 0 -15043.46991933 0
857 1 13063.61295773 1
858 1 33771.27799383 1
859 0 -11233.61944843 0
860 1 34305.14872625 1
861 1 25325.36989373 1
862 0 -37350.49550335 0
863 1 21504.49440320 1
864 1 29776.90515502 1
865 0 -19446.29705403 0
866 1 19848.36245169 1
867 0 -25071.71664885 0
868 0 -9665.48516068 0
869 0 -25377.59968228 0
870 1 31124.71745780 1
871 0 -33182.05351493 0
872 0 -36663.96568211 0
873 1 28523.06866651 1
874 0 -33691.15003223 0
875 1 24446.71461984 1
876 0 -19831.35649844 0
877 1 33903.44783065 1
878 1 23186.25570087 1
879 1 17760.12641281 1
880 1 20711.67465339 1
881 0 -26242.58740146 0
882 1 9385.57251482 1
883 0 -30271.02133774 0
884 0 -21041.27030453 0
885 1 21300.80453844 1
886 0 -25006.42985658 0
887 0 -33685.60225369 0
888 1 24371.02786989 1
889 1 15305.14446369 1
890 1 28936.90081631 1
891 0 -20058.77144581 0
892 0 -17903.75297607 0
893 1 23835.83392300 1
894 1 15409.71489841 1
895 0 -23972.60931431 0
896 0 -26370.65255383 0
897 1 24820.04130269 1
898 1 26587.22680182 1
899 1 20583.77824386 1
900 0 -26814.20077427 0
901 1 32761.20398049 1
902 1 20388.62384422 1
903 0 -23241.41412147 0
904 1 14386.13033177 1
905 0 -31306.90010317 0
906 1 22255.92262050 1
907 1 35612.42223769 1
908 0 -32240.70283297 0
909 0 -14110.54633182 0
910 0 -36193.72598986 0
911 0 -19302.00605589 0
912 1 22804.22012907 1
913 0 -29916.79766355 0
914 0 -11430.36494161 0
915 1 30722.95947511 1
916 1 26670.18249067 1
917 1 22747.02325461 1
918 1 35172.54163008 1
919 0 -29551.38568359 0
920 1 23238.24735906 1
921 1 30483.48456791 1
922 1 23768.85596113 1
923 1 23549.31644200 1
924 1 20150.01352553 1
925 0 -30991.11812552 0
926 1 27556.44070992 1
927 1 26384.21367778 1
928 0 -28151.55644386 0
929 0 -33432.39055373 0
930 0 -17594.51888822 0
931 1 29729.59998322 1
932 0 -30777.65721481 0
933 1 35298.89452884 1
934 1 35870.69872884 1
935 0 -34174.31652629 0
936 0 -21605.76673535 0
937 0 -26533.09743119 0
938 0 -31051.52839758 0
939 0 -17456.14549765 0
940 0 -21665.81295109 0
941 1 18863.54766894 1
942 0 -18412.01406747 0
943 1 15643.57595133 1
944 0 -29609.57106519 0
945 0 -9471.55965573 0
946 0 -21279.97386505 0
947 1 17429.31779065 1
948 1 27610.25030889 1
949 1 26938.52059711 1
950 0 -28111.30527099 0
951 1 30761.04798698 1
952 0 -19123.01442781 0
953 1 15274.03166048 1
954 1 23190.50189734 1
955 0 -32741.76260724 0
956 0 -25206.90891033 0
957 1 17203.55272713 1
958 1 9826.74823878 1
959 0 -28348.16582077 0
960 0 -32225.53230427 0
961 0 -23828.11924184 0
962 0 -17363.82856776 0
963 0 -32047.75609629 0
964 0 -23935.03264419 0
965 0 -29401.67386848 0
966 1 26294.54599959 1
967 1 23766.97217832 1
968 1 28775.91710571 1
969 0 -19934.45212055 0
970 0 -28932.41992871 0
971 0 -23788.13416067 0
972 1 19901.39024614 1
973 0 -26871.91233624 0
974 0 -20871.70660145 0
975 1 15042.99193080 1
976 0 -38918.93602765 0
977 0 -17601.19830122 0
978 1 21168.27893392 1
979 1 35893.42718357 1
980 1 19856.15471393 1
981 0 -27741.26387282 0
982 1 27106.19540254 1
983 1 23645.85507351 1
984 1 17299.85007025 1
985 0 -34736.26948586 0
986 0 -16212.46609157 0
987 0 -17247.13531845 0
988 0 -33355.03364454 0
989 1 28150.63259923 1
990 0 -28429.34032744 0
991 0 -18328.65705531 0
992 0 -30859.22512573 0
993 1 29591.26810946 1
994 0 -26415.92199634 0
995 1 12268.14794047 1
996 0 -19730.43114572 0
997 1 24807.99162156 1
998 0 -26327.49907987 0
999 0 -19353.11618107 0
1000 0 -16634.43387335 0
1001 1 23587.02142780 1
1002 1 35543.99794843 1
1003 0 -27709.75470400 0
1004 0 -34953.74347185 0
1005 1 25091.23835914 1
1006 0 -19346.23219820 0
1007 1 15129.59310112 1
1008 1 16240.73132695 1
1009 0 -37041.60746152 0
1010 0 -18907.20277923 0
1011 1 38835.06143111 1
1012 0 -19322.91581483 0
1013 0 -25941.13788753 0
1014 1 13796.37870514 1
1015 0 -30740.95992023 0
1016 1 35389.33239035 1
1017 0 -24558.52436738 0
1018 1 25574.44361769 1
1019 1 23793.46321564 1
1020 0 -26249.15473470 0
1021 1 10398.29414441 1
1022 0 -18645.42214836 0
1023 0 -35578.27358131 0
1024 1 16510.36458668 1
1025 1 20256.74973919 1
1026 0 -35189.69518978 0
1027 1 32954.33494113 1
1028 0 -19253.41164015 0
1029 1 21479.82197420 1
1030 1 25780.02841824 1
1031 0 -31585.96393895 0
1032 1 17088.21881576 1
1033 1 17043.16651723 1
1034 0 -26052.19553765 0
1035 1 20482.86994180 1
1036 1 33432.82162752 1
1037 0 -8565.21084131 0
1038 0 -36909.76443305 0
1039 1 37300.85152668 1
1040 0 -40345.88344608 0
1041 1 34834.98921742 1
1042 1 25352.53128364 1
1043 0 -16346.34872829 0
1044 1 19116.75639370 1
1045 1 30174.74260197 1
1046 1 30210.97106643 1
1047 1 22295.94676046 1
1048 1 40522.75318302 1
1049 1 22738.13429414 1
1050 0 -22420.64059098 0
1051 1 13580.24211458 1
1052 0 -31051.41542792 0
1053 0 -32180.06854729 0
1054 1 25871.58745854 1
1055 0 -31871.21885956 0
1056 0 -22322.55796210 0
1057 0 -32728.10192785 0
1058 0 -17888.29544890 0
1059 1 25474.29065647 1
1060 1 21222.20759443 1
1061 1 28672.83088583 1
1062 1 37017.12723391 1
1063 0 -5252.29119308 0
1064 0 -32123.85529115 0
1065 0 -33007.24193875 0
1066 0 -23033.06280480 0
1067 1 21124.88495312 1
1068 1 16804.87246101 1
1069 0 -34070.87067956 0
1070 0 -28448.02206719 0
1071 1 21547.41056552 1
1072 0 -21512.22732897 0
1073 0 -7283.99385356 0
1074 1 27923.89186102 1
1075 0 -31448.44784901 0
1076 0 -20812.43550436 0
1077 1 35447.82008304 1
1078 1 21113.02779455 1
1079 1 15432.95500654 1
1080 0 -22610.66885350 0
1081 0 -27484.11601897 0
1082 0 -29735.18655968 0
1083 0 -26720.65165110 0
1084 0 -25835.40079548 0
1085 1 13941.94617323 1
1086 0 -26591.79742918 0
1087 0 -23049.22668915 0
1088 1 9453.13542304 1
1089 1 28072.37930924 1
1090 0 -37185.46371622 0
1091 0 -22696.17124864 0
1092 1 20437.81931763 1
1093 0 -17241.13456139 0
1094 1 2284.74055870 1
1095 0 -21156.20388673 0
1096 0 -27784.86687880 0
1097 1 30630.56209011 1
1098 1 13349.96641053 1
1099 0 -22330.63347435 0
1100 0 -42227.46875979 0
1101 1 32187.57083702 1
1102 0 -20567.22835400 0
1103 0 -25857.00241612 0
1104 0 -25853.08787912 0
1105 0 -31309.99014734 0
1106 0 -35251.00853223 0
1107 1 36213.22327077 1
1108 0 16273.02866324 1
1109 1 15511.69373271 1
1110 1 39042.27008328 1
1111 0 -28095.91931176 0
1112 0 -29844.98504973 0
1113 0 -20016.18328496 0
1114 0 -27261.68292388 0
1115 1 21405.92828002 1
1116 1 19477.54452628 1
1117 1 26151.13575986 1
1118 0 -42096.94444938 0
1119 1 22276.50686386 1
1120 1 29028.75123348 1
1121 0 -27875.51640560 0
1122 1 25153.62326325 1
1123 0 -27782.56666079 0
1124 0 -30715.05079916 0
1125 0 -29268.40023545 0
1126 0 -25736.49525502 0
1127 1 22159.74042839 1
1128 1 24618.71348683 1
1129 1 20468.88561327 1
1130 0 -22790.25190814 0
1131 1 37966.76631406 1
1132 1 34172.83669451 1
1133 0 -25748.20584909 0
1134 0 -42668.07308626 0
1135 0 -29705.24114330 0
1136 1 20015.95661450 1
1137 0 -40235.78678911 0
1138 1 31463.28228611 1
1139 1 23506.49675479 1
1140 1 8517.66706416 1
1141 0 -21838.83600469 0
1142 1 19298.24037233 1
1143 1 38046.72354053 1
1144 1 35589.33360983 1
1145 0 -27114.03201833 0
1146 1 28379.71786659 1
1147 1 28431.24460520 1
1148 1 32080.72867863 1
1149 0 -38139.89153820 0
1150 0 -25351.18122903 0
1151 0 -44105.82849705 0
1152 0 -17704.42379659 0
1153 1 26469.54405105 1
1154 0 -27122.97035039 0
1155 0 -26705.77121518 0
1156 1 42212.80576439 1
1157 0 -35091.28076546 0
1158 0 -32144.77242992 0
1159 1 26820.01867897 1
1160 0 -30192.87582366 0
1161 1 36612.32328872 1
1162 1 26736.03720926 1
1163 0 -27971.34195743 0
1164 0 -32283.01743446 0
1165 0 -34431.09605102 0
1166 1 35361.66489506 1
1167 0 -41232.97443957 0
1168 0 -28654.67876561 0
1169 1 29788.17510875 1
1170 1 27474.14587748 1
1171 0 -26996.56514373 0
1172 1 39103.43746683 1
1173 1 23998.88380240 1
1174 1 29223.82084607 1
1175 0 -18501.24467815 0
1176 0 -21868.07827825 0
1177 0 -21389.24918934 0
1178 0 -31995.20114590 0
1179 0 -31466.80140677 0
1180 0 -27843.56174955 0
1181 1 36213.35465787 1
1182 0 -28655.79655200 0
1183 1 16966.23544473 1
1184 1 28912.69014164 1
1185 0 -25452.73362396 0
1186 1 25274.77991146 1
1187 0 -25755.90965793 0
1188 1 41408.80316831 1
1189 1 32513.08120066 1
1190 1 30241.76086119 1
1191 0 -24324.42992800 0
1192 1 41895.82980849 1
1193 1 41942.31376949 1
1194 1 30814.44191192 1
1195 0 -40040.21473009 0
1196 1 22790.58102673 1
1197 1 35825.01534686 1
1198 0 -15646.13124216 0
1199 1 20863.81285640 1
1200 1 17387.79198682 1
1201 0 -22869.22997306 0
1202 1 24800.72858758 1
1203 1 18746.03479046 1
1204 0 -31260.78197317 0
1205 0 -21704.78420785 0
1206 0 -23141.51772901 0
1207 1 15771.77492892 1
1208 1 6466.28042071 1
1209 0 -29906.61370682 0
1210 0 -43450.67095455 0
1211 0 -34920.97608439 0
1212 0 -30352.17286774 0
1213 0 -23082.31059282 0
1214 1 37340.59628251 1
1215 0 -39262.44501480 0
1216 0 -30186.59379230 0
1217 1 23477.78095691 1
1218 1 12441.49366088 1
1219 1 26972.61358957 1
1220 1 25833.02427359 1
1221 0 -26837.58936712 0
1222 0 -24090.70746799 0
1223 0 -36149.13638647 0
1224 1 15295.45395854 1
1225 1 26573.17274558 1
1226 1 26863.66345854 1
1227 0 -19988.29586158 0
1228 1 26816.33797051 1
1229 0 -8567.09596394 0
1230 1 37576.17169405 1
1231 0 -21560.42451550 0
1232 0 -21353.71864936 0
1233 0 -29864.55836930 0
1234 0 -15967.15324308 0
1235 1 22831.75074456 1
1236 1 35100.92412369 1
1237 1 23752.87213158 1
1238 1 29506.03158713 1
1239 1 41777.45929146 1
1240 0 -29320.94556887 0
1241 0 -27882.39950186 0
1242 0 -34397.09538317 0
1243 1 31708.38753790 1
1244 0 -28805.37312964 0
1245 1 30930.33941547 1
1246 0 -17940.38018999 0
1247 0 -25625.01131931 0
1248 0 -28412.49781048 0
1249 0 -22821.83751195 0
1250 0 -18820.94077630 0
1251 0 -29872.97514525 0
1252 0 -29935.43804554 0
1253 1 32983.17575976 1
1254 1 32875.74543807 1
1255 0 -17484.44697945 0
1256 0 -25700.55274801 0
1257 1 30311.79568821 1
1258 0 -20887.82305059 0
1259 1 20414.85510930 1
1260 1 12626.18631776 1
1261 1 28931.32583940 1
1262 1 37654.97755440 1
1263 1 22258.34886633 1
1264 1 33462.96543602 1
1265 1 19463.68736151 1
1266 1 27049.95571010 1
1267 1 26094.80056687 1
1268 1 20954.08147526 1
1269 1 37030.02798935 1
1270 1 20812.23167979 1
1271 0 -34406.46943974 0
1272 0 -26432.15297660 0
1273 1 24769.26409914 1
1274 1 26263.85994411 1
1275 0 -38223.92010742 0
1276 1 25276.02692387 1
1277 0 -30431.68703957 0
1278 0 -18872.19309790 0
1279 0 -30153.06367362 0
1280 1 16271.11691656 1
1281 1 23108.95326022 1
1282 0 -17211.91325033 0
1283 1 33560.95501734 1
1284 1 24162.30847926 1
1285 1 28359.90031383 1
1286 1 32206.62059507 1
1287 0 -31235.40235648 0
1288 1 27512.41603798 1
1289 1 24104.14776701 1
1290 1 26930.93653602 1
1291 0 -18610.52212176 0
1292 1 30109.61141760 1
1293 0 -25625.86184781 0
1294 0 -24160.25101747 0
1295 1 35696.82851708 1
1296 0 -39904.32771690 0
1297 0 -20428.35101609 0
1298 0 -43140.44226334 0
1299 1 22090.13877818 1
1300 1 37964.43839992 1
1301 1 32233.43196111 1
1302 1 32813.69199248 1
1303 0 -14510.78242586 0
1304 1 21080.21589170 1
1305 1 38852.77637121 1
1306 0 -38112.98344883 0
1307 0 -32911.61604535 0
1308 1 32778.32722478 1
1309 0 -21777.46585740 0
1310 0 -21186.64046100 0
1311 1 13329.83754300 1
1312 0 -38201.13972846 0
1313 0 -24974.75057928 0
1314 0 -29783.84902615 0
1315 1 19276.86096120 1
1316 1 27332.66991761 1
1317 1 19688.48926427 1
1318 0 -39838.51808139 0
1319 1 30579.99834485 1
1320 0 -15842.39069798 0
1321 0 -23207.91171191 0
1322 0 -37453.83502391 0
1323 0 -28501.56528202 0
1324 1 34325.83062683 1
1325 0 -31684.83595161 0
1326 0 -25942.65805861 0
1327 1 9958.07694812 1
1328 0 -26187.78534976 0
1329 1 43514.22193587 1
1330 1 23165.28908736 1
1331 0 -32176.66186710 0
1332 0 -33115.14314252 0
1333 1 24789.85256480 1
1334 1 22748.29719381 1
1335 0 -43041.27965789 0
1336 0 -13632.76711100 0
1337 1 39254.84682151 1
1338 0 -21532.79334046 0
1339 1 18941.11011796 1
1340 0 -23604.32434993 0
1341 1 20439.56903187 1
1342 1 26810.07192396 1
1343 1 28380.28727118 1
1344 0 -37433.95522647 0
1345 1 24368.89623314 1
1346 0 -17344.36343773 0
1347 1 22557.14154014 1
1348 0 -16421.43357379 0
1349 1 25085.48384535 1
1350 1 29647.08690915 1
1351 0 -23319.07565168 0
1352 1 11549.50701303 1
1353 0 -16888.16238995 0
1354 0 -25972.43725713 0
1355 1 20407.88899269 1
1356 1 23046.45951982 1
1357 1 21547.16952533 1
1358 0 -18133.54783177 0
1359 1 37843.12021339 1
1360 1 41155.31646238 1
1361 0 -31795.13845980 0
1362 0 1975.40516625 1
1363 1 34775.17181583 1
1364 0 -26213.95619298 0
1365 1 21341.85626937 1
1366 1 20478.64100908 1
1367 1 30211.06562215 1
1368 1 35311.02266425 1
1369 0 -19450.63828224 0
1370 1 34797.39388106 1
1371 0 -24139.85497943 0
1372 0 -27535.13941333 0
1373 1 40048.74556517 1
1374 0 -24258.07419532 0
1375 1 37944.70096484 1
1376 1 32106.58982967 1
1377 1 31386.58977657 1
1378 1 40933.81775427 1
1379 1 -13048.42380887 0
1380 0 -23810.82114569 0
1381 1 22570.94487776 1
1382 1 19364.11390921 1
1383 0 -18795.16591074 0
1384 1 36268.63376910 1
1385 1 20579.39102328 1
1386 0 -24078.23318835 0
1387 0 -31537.29432300 0
1388 0 -28877.86442640 0
1389 0 -29720.33801033 0
1390 0 -23256.89793513 0
1391 0 -34619.57913039 0
1392 0 -24840.09176587 0
1393 0 -20895.26430849 0
1394 0 -38376.20224271 0
1395 0 -31000.37320315 0
1396 0 -32088.22243283 0
1397 1 25421.77885463 1
1398 1 34402.54442047 1
1399 1 24207.44484159 1
1400 0 -20733.64923918 0
1401 1 14016.25704118 1
1402 0 -24277.41859037 0
1403 1 31371.51299305 1
1404 1 21101.70309271 1
1405 0 -13725.11312216 0
1406 1 33121.28659788 1
1407 1 23209.44716953 1
1408 0 -24063.84833651 0
1409 0 -20034.08447382 0
1410 1 24324.29101177 1
1411 0 -44866.89796807 0
1412 1 22486.50368005 1
1413 1 21235.25521512 1
1414 0 -19778.66683258 0
1415 0 -22666.00731985 0
1416 1 30295.27117144 1
1417 1 29858.26939062 1
1418 0 -26560.92443776 0
1419 1 31587.36772814 1
1420 0 -26273.23475574 0
1421 1 26706.38125238 1
1422 1 19919.18605602 1
1423 0 -35143.67085642 0
1424 0 -18673.60063525 0
1425 0 -36070.46185722 0
1426 0 -29724.40431975 0
1427 0 -40684.26760751 0
1428 1 25414.67199857 1
1429 1 21748.23770461 1
1430 1 37686.12680875 1
1431 1 15156.72595031 1
1432 1 32790.47484770 1
1433 0 -24601.29152990 0
1434 1 30082.52929677 1
1435 1 17765.73402097 1
1436 1 31608.66754332 1
1437 0 -22963.74360162 0
1438 0 -33304.38859598 0
1439 0 -30673.04746853 0
1440 1 19827.74486168 1
1441 0 -32840.30436971 0
1442 0 -21721.35313193 0
1443 1 26348.19010260 1
1444 0 -32605.41432765 0
1445 0 -16487.04316470 0
1446 1 20793.27194310 1
1447 0 -17739.51604666 0
1448 1 39844.99915684 1
1449 1 29261.64062686 1
1450 1 27186.80832575 1
1451 0 -16145.03624192 0
1452 1 36606.98444698 1
1453 0 -38448.18818898 0
1454 1 26015.38496017 1
1455 1 20092.54152513 1
1456 0 7106.51477764 1
1457 1 38182.27983196 1
1458 1 17084.56080275 1
1459 0 -23494.29061519 0
1460 0 -11927.70955634 0
1461 1 23331.73613429 1
1462 1 27423.71965565 1
1463 0 -23028.58772841 0
1464 1 28375.22215482 1
1465 1 31637.76652810 1
1466 1 16264.41459994 1
1467 0 -15474.81569160 0
1468 1 19669.45788796 1
1469 1 24524.30529014 1
1470 0 -13266.52850219 0
1471 1 33374.55283382 1
1472 1 25613.32701721 1
1473 1 22270.34437862 1
1474 1 32253.99351598 1
1475 0 -31470.34410871 0
1476 1 21615.23537091 1
1477 0 -10230.14338514 0
1478 1 26010.16840607 1
1479 1 30630.13439766 1
1480 1 32278.83877527 1
1481 0 -29108.77482530 0
1482 0 -13774.94922982 0
1483 1 29417.28515789 1
1484 1 22813.01163744 1
1485 0 -22913.93008798 0
1486 0 -27748.07771331 0
1487 1 30276.85419080 1
1488 0 -31743.30535173 0
1489 0 -28237.78496673 0
1490 0 -35322.34603839 0
1491 1 29828.58535338 1
1492 1 20714.96922525 1
1493 1 29125.27410750 1
1494 0 -21773.95291548 0
1495 0 -22921.18248829 0
1496 1 24708.09740870 1
1497 1 22303.85546149 1
1498 0 -28122.00809228 0
1499 0 -38847.52522281 0
1500 1 35384.57061024 1
1501 1 39796.13360951 1
1502 0 -17707.32241888 0
1503 0 -28966.28873429 0
1504 1 24443.53008013 1
1505 0 -30735.73873003 0
1506 1 28647.87060031 1
1507 1 21563.75036356 1
1508 0 -39409.46446890 0
1509 0 -22860.91889120 0
1510 1 22627.29745224 1
1511 1 17657.54562575 1
1512 1 27026.68936030 1
1513 0 -41242.44922486 0
1514 0 -29947.73237478 0
1515 1 30878.49887752 1
1516 0 -23090.81910512 0
1517 1 39616.68588111 1
1518 1 25133.69360958 1
1519 1 17944.89663078 1
1520 1 28289.56377773 1
1521 0 -37842.12996467 0
1522 0 -36741.49675324 0
1523 1 23555.10295137 1
1524 1 36066.30127240 1
1525 0 -29994.92636901 0
1526 0 -25612.31573525 0
1527 1 28676.46783735 1
1528 0 -33213.40406825 0
1529 1 28128.87004452 1
1530 0 -27034.36068544 0
1531 0 -28850.81632764 0
1532 0 -25357.19827826 0
1533 0 -25738.52996320 0
1534 0 -19235.18004235 0
1535 0 -30320.90702314 0
1536 1 21433.27331869 1
1537 1 30952.94278353 1
1538 1 18494.76139168 1
1539 1 24660.31275618 1
1540 1 31110.06339075 1
1541 1 23095.58603035 1
1542 1 30965.69248280 1
1543 1 38416.91197701 1
1544 1 23782.11943100 1
1545 1 30698.21350886 1
1546 1 39019.38040730 1
1547 1 28806.33275848 1
1548 1 23487.95835206 1
1549 1 26230.62402734 1
1550 0 -32797.14535887 0
1551 1 21173.84774265 1
1552 1 14136.73332832 1
1553 1 6631.97372626 1
1554 0 -18169.30010938 0
1555 1 30268.83669935 1
1556 0 -41830.46225376 0
1557 0 -26119.24350323 0
1558 1 20183.84337146 1
1559 1 35798.89927828 1
1560 1 33070.12109681 1
1561 0 -23589.18646629 0
1562 0 -24429.72556559 0
1563 1 21206.37372161 1
1564 1 32291.37397647 1
1565 0 -32564.99696403 0
1566 0 -30502.70591681 0
1567 1 39227.56633834 1
1568 1 29280.60585461 1
1569 1 29361.26734329 1
1570 1 29311.58164404 1
1571 1 28241.00958968 1
1572 0 -35997.94279636 0
1573 1 23055.73484517 1
1574 0 -37800.77387297 0
1575 0 -20590.64657515 0
1576 1 27056.51485295 1
1577 0 -29019.41815047 0
1578 0 -33617.59252378 0
1579 1 21760.09379295 1
1580 1 28963.50950847 1
1581 1 22771.59168858 1
1582 0 -35334.12487603 0
1583 1 26159.95302352 1
1584 1 33277.79243982 1
1585 0 -8782.28798086 0
1586 0 -22460.50680249 0
1587 0 -25917.72864051 0
1588 1 26775.69906924 1
1589 1 37869.04617569 1
1590 1 26569.99281093 1
1591 1 28212.87626206 1
1592 1 41224.87739471 1
1593 0 -31082.04664989 0
1594 0 -28930.04559404 0
1595 0 -29826.36000717 0
1596 0 -14809.91323676 0
1597 1 37180.50477998 1
1598 0 -17430.81803902 0
1599 1 13961.26770872 1
1600 0 -21251.19171147 0
1601 0 -20828.69963675 0
1602 1 11715.68148577 1
1603 1 28177.56026590 1
1604 1 28408.69936937 1
1605 1 12150.63883759 1
1606 1 23461.21690055 1
1607 1 23324.25830833 1
1608 0 -20598.54887827 0
1609 0 -20430.69560054 0
1610 1 28183.42143178 1
1611 0 -27026.66463915 0
1612 0 -18518.85698322 0
1613 0 -25163.10254146 0
1614 0 -20831.29188670 0
1615 0 -14485.38198647 0
1616 1 31725.14150678 1
1617 0 -19648.74895301 0
1618 1 24977.19222181 1
1619 1 21711.20362902 1
1620 1 41224.68765363 1
1621 0 -33038.11502740 0
1622 1 19461.36522531 1
1623 1 27554.03020840 1
1624 1 15458.85115371 1
1625 0 -30385.47820888 0
1626 0 -32981.34660598 0
1627 1 27586.88920973 1
1628 1 27678.06679703 1
1629 1 25718.51691700 1
1630 1 32899.14871949 1
1631 0 -2284.74055870 0
1632 0 -25285.03284077 0
1633 1 31407.04905484 1
1634 1 32509.28701842 1
1635 1 23099.72688640 1
1636 1 23767.99870707 1
1637 1 26067.90378737 1
1638 1 29350.55649977 1
1639 1 29619.61584700 1
1640 0 -20511.60627380 0
1641 1 24417.05570005 1
1642 0 -23118.65410824 0
1643 1 15832.82302486 1
1644 0 -27072.22727051 0
1645 1 15356.87422268 1
1646 1 30376.30701670 1
1647 0 -27518.05377968 0
1648 1 32047.80329071 1
1649 0 -31308.14029622 0
1650 1 17630.33162715 1
1651 1 24604.57300730 1
1652 0 -34434.57424554 0
1653 1 32466.45068490 1
1654 0 -36541.51026700 0
1655 1 27226.67359272 1
1656 1 21831.77075111 1
1657 0 -30678.77018879 0
1658 0 -27208.02341098 0
1659 1 30248.31657530 1
1660 0 -26146.94695369 0
1661 1 22533.17316347 1
1662 0 -34671.74536893 0
1663 0 -32514.24334767 0
1664 1 24782.75821438 1
1665 0 -25018.80658816 0
1666 0 -17243.08076739 0
1667 1 24638.25522001 1
1668 0 -20889.87679968 0
1669 0 -32350.64596579 0
1670 0 -36539.17560683 0
1671 1 31354.83939229 1
1672 0 -32749.89159305 0
1673 0 -16416.87806569 0
1674 1 24926.85145715 1
1675 0 -29792.79186783 0
1676 1 35621.09425065 1
1677 1 23845.44179630 1
1678 1 20060.83662602 1
1679 0 -33941.37592158 0
1680 1 28292.54392448 1
1681 0 -23464.62921062 0
1682 0 -23051.64383477 0
1683 0 -34168.77105477 0
1684 1 36835.58751902 1
1685 0 -28694.64686579 0
1686 1 38178.32688946 1
1687 0 -39111.48782745 0
1688 0 -29711.12640467 0
1689 0 -19051.51510483 0
1690 1 33432.40491135 1
1691 0 -28310.48396322 0
1692 0 -14577.92886534 0
1693 0 -16456.36319908 0
1694 1 28678.65471782 1
1695 0 -23299.25565188 0
1696 1 41504.82558808 1
1697 1 22670.66324110 1
1698 1 36927.21025896 1
1699 0 -37749.72560838 0
1700 1 29531.06207788 1
1701 0 -39259.73495542 0
1702 1 33579.32518842 1
1703 0 -23139.28958023 0
1704 1 47042.48669199 1
1705 0 -34461.98053512 0
1706 1 25595.53488246 1
1707 0 -23149.98170671 0
1708 0 -40956.09826322 0
1709 0 -29483.28321263 0
1710 1 31288.88301670 1
1711 0 -29669.34074766 0
1712 0 -43379.98343807 0
1713 0 -36870.55230168 0
1714 0 -33006.86632718 0
1715 1 26401.33159093 1
1716 1 26196.40405541 1
1717 1 24242.13120431 1
1718 0 -18992.37821892 0
1719 0 -11707.64620426 0
1720 0 -16706.74230436 0
1721 0 -22367.08831664 0
1722 1 34545.58917639 1
1723 1 26072.63641966 1
1724 1 40470.70228114 1
1725 1 21709.20028743 1
1726 0 -28655.49817396 0
1727 0 -23724.59677322 0
1728 1 18144.49284421 1
1729 0 -37612.61692722 0
1730 0 -24297.97030868 0
1731 1 33017.25373924 1
1732 1 23112.77830072 1
1733 1 22009.69614159 1
1734 1 22733.19387327 1
1735 1 37043.76516682 1
1736 0 -19387.34413751 0
1737 0 -22162.92324592 0
1738 1 26174.14227824 1
1739 1 24479.75603072 1
1740 1 20639.32319387 1
1741 1 27166.41936640 1
1742 1 25338.25032720 1
1743 0 -28273.62376817 0
1744 0 -17970.33162320 0
1745 0 -16369.59592833 0
1746 1 28584.12417597 1
1747 0 -31244.53136561 0
1748 0 -19818.98568942 0
1749 0 -14079.83285667 0
1750 0 -31339.41485918 0
1751 1 34670.56704845 1
1752 1 31452.74347673 1
1753 0 -19440.75377731 0
1754 0 -8732.48758816 0
1755 0 -27310.81100758 0
1756 1 26877.35290724 1
1757 0 -26186.96187922 0
1758 0 -29670.33161054 0
1759 1 22816.35796125 1
1760 0 -39896.24827255 0
1761 0 -33182.01787997 0
1762 1 24774.53658895 1
1763 1 28304.00522708 1
1764 1 16204.09665223 1
1765 0 -26449.54353904 0
1766 0 -28857.12076200 0
1767 0 -26313.75816005 0
1768 0 -23129.97957453 0
1769 1 24973.78154037 1
1770 0 -14206.76125427 0
1771 0 -13661.37187984 0
1772 0 -33112.72002429 0
1773 0 -38321.51879900 0
1774 1 19661.89945392 1
1775 1 27678.19215759 1
1776 1 17938.24126699 1
1777 0 -23759.74246262 0
1778 0 -23764.41551495 0
1779 1 18813.21817057 1
1780 1 24977.62561663 1
1781 1 22903.49852653 1
1782 1 33589.67788729 1
1783 1 21821.87135604 1
1784 1 26554.70235612 1
1785 1 24166.09678299 1
1786 0 -21261.58129127 0
1787 0 -16600.21674113 0
1788 0 -31461.01392088 0
1789 1 26023.10954941 1
1790 0 -16896.28017219 0
1791 0 -33377.75532497 0
1792 0 -21640.91244911 0
1793 1 21522.59639439 1
1794 1 23338.70745232 1
1795 1 36815.58435119 1
1796 1 21459.73903137 1
1797 1 39814.35453962 1
1798 1 24656.19221231 1
1799 1 23125.84162955 1
1800 0 -28429.17112682 0
1801 0 -9069.09915396 0
1802 1 29700.43563526 1
1803 0 -27811.68904107 0
1804 0 -23145.53291255 0
1805 0 -19503.70157862 0
1806 1 21631.14224059 1
1807 1 29063.19268259 1
1808 1 28143.50084051 1
1809 0 -27593.49585387 0
1810 1 20327.80110208 1
1811 0 -12009.67523511 0
1812 0 -18241.85850189 0
1813 1 16311.00836095 1
1814 0 -27158.18618787 0
1815 1 33997.85934567 1
1816 1 30720.17855806 1
1817 0 -9322.93764449 0
1818 0 -27534.09994786 0
1819 1 33277.95563310 1
1820 0 -24597.78252501 0
1821 0 -25985.88998082 0
1822 1 21450.85070490 1
1823 0 -15792.68742510 0
1824 1 24741.08038529 1
1825 0 -32206.68800844 0
1826 1 28015.71733358 1
1827 0 -34388.25341727 0
1828 0 -29487.43679432 0
1829 1 23502.25076238 1
1830 0 -25600.74647334 0
1831 0 -21828.86579309 0
1832 0 -27487.75739940 0
1833 1 28823.88542927 1
1834 1 22198.11325770 1
1835 1 19992.29752841 1
1836 0 -26551.17713335 0
1837 1 21188.90239182 1
1838 0 -31329.86178042 0
1839 1 26256.26369176 1
1840 1 27983.81422978 1
1841 0 -17726.04717292 0
1842 0 -24742.20235300 0
1843 1 21054.19769489 1
1844 1 30181.33059101 1
1845 0 -19330.65044852 0
1846 1 22701.03815151 1
1847 1 23302.28766959 1
1848 1 16572.35470079 1
1849 0 -28460.03996426 0
1850 0 -21830.96027594 0
1851 1 30657.38402566 1
1852 0 -30536.93057737 0
1853 0 -29855.65303723 0
1854 1 30532.50894978 1
1855 0 -24012.63795754 0
1856 1 25285.18803658 1
1857 1 21092.07654188 1
1858 0 -25405.44854384 0
1859 1 13635.54099671 1
1860 1 21619.72326734 1
1861 1 16416.66986866 1
1862 0 -14814.65029651 0
1863 1 30703.06837586 1
1864 0 -17507.39851264 0
1865 1 24730.85982770 1
1866 0 -27915.94581289 0
1867 1 24226.90816270 1
1868 1 18576.85960050 1
1869 0 -15219.90028074 0
1870 1 20402.64037565 1
1871 1 28838.86813619 1
1872 1 24054.54631260 1
1873 0 -11316.22114387 0
1874 0 -8240.29621167 0
1875 0 -20152.95770073 0
1876 1 28605.35091493 1
1877 0 -16457.72053168 0
1878 0 -35028.64334725 0
1879 0 -32636.58270797 0
1880 1 32837.26763324 1
1881 1 35612.79849212 1
1882 0 -19572.76027946 0
1883 0 -21441.33952565 0
1884 1 14952.01589761 1
1885 0 -28313.01713015 0
1886 0 -25261.00237733 0
1887 1 29265.40506682 1
1888 1 34469.14604178 1
1889 0 -13921.09088601 0
1890 1 38307.34166693 1
1891 0 -18833.64232701 0
1892 0 -24457.28506483 0
1893 1 33548.74273139 1
1894 1 13710.24061976 1
1895 0 -17824.49946111 0
1896 0 -23513.00488432 0
1897 1 18247.21671485 1
1898 0 -34222.43167072 0
1899 0 -28774.53686764 0
1900 1 -7439.83466349 0
1901 1 31292.41073533 1
1902 1 26905.88310257 1
1903 1 20875.10103467 1
1904 1 32074.07724659 1
1905 1 29874.63749805 1
1906 1 33956.92335389 1
1907 1 23625.05230350 1
1908 1 26883.56912739 1
1909 1 30648.04938106 1
1910 1 16038.31437955 1
1911 1 24747.98442475 1
1912 1 24831.39900232 1
1913 0 -38835.16540450 0
1914 1 24762.32685966 1
1915 1 24815.84050979 1
1916 0 -12042.92836017 0
1917 1 31657.08530326 1
1918 0 -25951.87009930 0
1919 0 -17788.15024600 0
1920 1 12937.89930530 1
1921 1 19192.17432527 1
1922 1 29828.47728963 1
1923 0 -26974.09465402 0
1924 0 -26307.37552683 0
1925 1 3098.13392216 1
1926 1 25746.73616198 1
1927 1 23018.66986988 1
1928 1 26337.62620295 1
1929 1 25635.20660320 1
1930 1 28937.09984929 1
1931 0 -37826.59418241 0
1932 0 -24475.56865211 0
1933 1 26262.23956876 1
1934 1 18066.33756780 1
1935 1 23681.01218961 1
1936 1 25868.19398573 1
1937 1 21771.07888046 1
1938 1 19361.34833845 1
1939 0 -27038.70404050 0
1940 0 -30886.70258616 0
1941 1 11323.28611355 1
1942 0 -18352.07399059 0
1943 1 37203.60382203 1
1944 0 -27818.16678392 0
1945 1 30189.61764672 1
1946 0 -20272.27643111 0
1947 0 -34225.59010997 0
1948 0 -30587.66791692 0
1949 1 27247.51364044 1
1950 1 28760.84760543 1
1951 0 -19664.79031684 0
1952 0 -22006.16452264 0
1953 0 -19810.03979771 0
1954 1 24826.70131138 1
1955 0 -32774.19989777 0
1956 0 -41267.22513510 0
1957 1 19789.95433063 1
1958 1 27173.28582797 1
1959 1 41487.25880838 1
1960 1 28549.80755441 1
1961 0 -32807.41768497 0
1962 1 22489.06368275 1
1963 0 -25553.17303845 0
1964 0 -30895.50342393 0
1965 0 -33458.86619496 0
1966 1 17997.49611627 1
1967 1 5269.64475732 1
1968 0 -36059.53994542 0
1969 1 27386.66311666 1
1970 0 -32199.85507744 0
1971 0 -31114.82295155 0
1972 1 28230.95631386 1
1973 0 -26292.44830966 0
1974 1 32571.68295035 1
1975 1 30294.54974801 1
1976 1 22783.70744593 1
1977 1 27590.60730219 1
1978 1 18295.15842744 1
1979 0 -22635.19811577 0
1980 0 -29260.80926750 0
1981 0 -29215.86902586 0
1982 0 -39484.50550509 0
1983 0 -23629.17402407 0
1984 0 -32369.75568707 0
1985 0 -24404.82322139 0
1986 0 -23530.53312087 0
1987 1 13551.58121377 1
1988 0 -22145.87797173 0
1989 0 -36245.39703199 0
1990 0 -26421.43963732 0
1991 1 33251.41396725 1
1992 0 -18787.22280943 0
1993 0 -19107.17746428 0
1994 1 22733.76203768 1
1995 1 27541.99914398 1
1996 0 -23669.89299850 0
1997 0 -26904.28737207 0
1998 0 -18836.21456931 0
1999 1 23349.75862355 1
2000 0 -29799.03467567 0
2001 0 -33148.62670614 0
2002 1 17408.59497564 1
2003 1 40880.36253307 1
2004 1 18084.39902500 1
2005 1 27459.74216032 1
2006 1 23119.02221783 1
2007 0 -29059.46609372 0
2008 0 -25286.01626459 0
2009 1 8282.09494342 1
2010 0 -23506.89853507 0
2011 1 35378.04800991 1
2012 1 20127.16027399 1
2013 1 20829.72484228 1
2014 1 15769.73235460 1
2015 1 23585.07616872 1
2016 1 39075.39736679 1
2017 1 19358.73369630 1
2018 0 -26265.38267638 0
2019 1 36197.47312398 1
2020 1 30500.72166233 1
2021 0 -34854.12265159 0
2022 0 -25680.47179303 0
2023 0 -22880.33340286 0
2024 1 22665.12646588 1
2025 1 26341.16936839 1
2026 1 21870.74189016 1
2027 1 20978.17892760 1
2028 1 37785.11344894 1
2029 1 29839.89428480 1
2030 1 18986.68374193 1
2031 0 -26718.96409840 0
2032 0 -27344.75250084 0
2033 0 -28897.98518619 0
2034 1 29307.13400679 1
2035 1 32716.00796175 1
2036 0 -31904.68663657 0
2037 1 25186.36028018 1
2038 0 -22435.13317967 0
2039 1 21741.95275217 1
2040 0 -14160.92613661 0
2041 0 -17696.99789904 0
2042 1 23873.97390959 1
2043 1 12060.40796348 1
2044 1 34155.72603850 1
2045 1 26246.16411004 1
2046 1 23136.08554408 1
2047 1 27660.45533989 1
2048 0 -24007.35412680 0
2049 0 -45181.26691144 0
2050 0 -23590.79868114 0
2051 0 -26180.57093923 0
2052 0 -28181.23511567 0
2053 1 25675.03665657 1
2054 1 20929.88098907 1
2055 1 43869.05633445 1
2056 0 -24337.84926990 0
2057 1 32001.99985321 1
2058 1 28498.95450781 1
2059 0 -21344.42844742 0
2060 0 -29257.10783827 0
2061 0 -20274.43797597 0
2062 1 35989.78665031 1
2063 0 -23685.77956186 0
2064 1 32973.54182219 1
2065 1 14276.05667627 1
2066 1 24818.78871515 1
2067 1 28093.61773830 1
2068 0 -16075.59270711 0
2069 1 29468.78063537 1
2070 1 37854.21430542 1
2071 1 11131.60625347 1
2072 1 19099.54575808 1
2073 0 -24034.70878518 0
2074 0 -23141.96445958 0
2075 0 -26004.57098899 0
2076 1 37458.56144317 1
2077 1 28564.31909502 1
2078 0 -31901.66260245 0
2079 1 31135.88723536 1
2080 1 34539.18601783 1
2081 1 29096.91122907 1
2082 0 -19141.52343771 0
2083 1 32523.65845854 1
2084 1 17315.44988410 1
2085 1 39081.17521130 1
2086 0 -36316.55252528 0
2087 1 28770.78832585 1
2088 1 32755.71898881 1
2089 1 13375.11241503 1
2090 1 17046.06219483 1
2091 0 -18278.36624182 0
2092 1 29306.47949698 1
2093 0 -23228.65414535 0
2094 0 -30624.27853707 0
2095 0 -6116.96560308 0
2096 0 -13167.86738762 0
2097 0 -27328.63826982 0
2098 1 35860.78329673 1
2099 0 -28319.83771239 0
2100 1 22153.72896696 1
2101 0 -28232.05672345 0
2102 0 -35789.28386049 0
2103 0 -18066.71362997 0
2104 0 -31565.80081716 0
2105 0 -13905.13085934 0
2106 1 23013.66745339 1
2107 1 7659.26957592 1
2108 1 21698.64943492 1
2109 1 30400.42125376 1
2110 0 -27076.57559325 0
2111 1 35990.98913271 1
2112 0 -31817.30995042 0
2113 0 -31801.98088797 0
2114 0 -19896.25023112 0
2115 0 -15232.09990344 0
2116 1 12970.27675370 1
2117 1 33245.52381606 1
2118 0 -20937.20070115 0
2119 0 -35012.21586600 0
2120 1 20143.28998519 1
2121 1 16060.06919979 1
2122 1 -10623.09522270 0
2123 1 27354.20369537 1
2124 1 25311.41457226 1
2125 0 -22110.58926256 0
2126 1 30175.34674301 1
2127 1 34846.58532104 1
2128 0 -28524.56821709 0
2129 1 29898.75003985 1
2130 0 -16920.45185203 0
2131 0 -21680.37088113 0
2132 0 -21837.51888394 0
2133 0 -17032.67507496 0
2134 1 32709.30391285 1
2135 0 -29746.50874969 0
2136 0 -29242.33637135 0
2137 1 20904.68910566 1
2138 0 -28406.83978538 0
2139 1 31805.16411004 1
2140 0 -29030.95243938 0
2141 0 -31960.54509960 0
2142 1 19628.39520075 1
2143 1 37549.53624808 1
2144 1 28281.40330043 1
2145 1 22866.58404740 1
2146 0 -39241.70065443 0
2147 1 39949.75210887 1
2148 1 44255.19230941 1
2149 0 -25137.65866340 0
2150 0 -37406.78771994 0
2151 1 26024.40306764 1
2152 1 27229.02496081 1
2153 0 -30965.11302357 0
2154 1 36050.37337027 1
2155 0 -28901.88191735 0
2156 1 28374.33828522 1
2157 1 28669.50158987 1
2158 0 -39145.10792919 0
2159 1 27024.10814230 1
2160 0 -27159.78673427 0
2161 1 41066.16366165 1
2162 0 -35159.43881292 0
2163 0 4500.13193281 1
2164 1 34920.45266884 1
2165 0 -31824.13729906 0
2166 0 -31617.96603621 0
2167 1 28974.34502911 1
2168 1 42425.13778190 1
2169 0 -35804.72749198 0
2170 0 -30751.77526029 0
2171 1 33051.10887996 1
2172 0 -45016.49287244 0
2173 0 -37523.29629371 0
2174 0 -37936.13043718 0
2175 0 -34412.18797083 0
2176 0 -26956.71889766 0
2177 1 41865.42903075 1
2178 1 28501.19432041 1
2179 0 -23096.56387610 0
2180 0 -30600.85608159 0
2181 1 19389.72263161 1
2182 0 -34285.20981044 0
2183 0 -20073.29523064 0
2184 1 30104.59864750 1
2185 1 24345.42286996 1
2186 1 30108.40044845 1
2187 1 15533.60857108 1
2188 0 -20165.44616445 0
2189 0 -37397.87776637 0
2190 0 -25315.25390799 0
2191 1 39640.12331147 1
2192 0 -37713.22667102 0
2193 0 -23871.95944247 0
2194 1 18724.38735683 1
2195 0 -28597.72161343 0
2196 0 -24784.76859111 0
2197 1 24733.91607222 1
2198 0 -8807.78528445 0
2199 0 -40206.61097359 0
2200 0 -32061.52142936 0
2201 1 19951.21367760 1
2202 1 25537.86842115 1
2203 0 -30852.41810345 0
2204 1 11519.05903712 1
2205 1 32668.88467070 1
2206 0 -32511.28921672 0
2207 1 21121.99212299 1
2208 0 -22936.30998555 0
2209 1 14626.32452324 1
2210 1 40291.86470164 1
2211 1 24499.33885940 1
2212 0 -29966.52837558 0
2213 1 35252.64548870 1
2214 1 30938.98608057 1
2215 0 -13840.43605091 0
2216 1 34245.71731808 1
2217 1 33910.05083913 1
2218 0 15020.97259640 1
2219 1 44595.63971670 1
2220 0 -41125.68077793 0
2221 1 32628.32776695 1
2222 0 -29000.22478931 0
2223 0 -20509.32011692 0
2224 0 -37144.64505251 0
2225 0 -38734.18449099 0
2226 0 -14518.49492359 0
2227 0 -32727.24429347 0
2228 0 -26924.93992888 0
2229 0 -26119.65830790 0
2230 1 25469.75702610 1
2231 0 -33843.71086042 0
2232 1 28981.00635468 1
2233 1 31192.94068108 1
2234 0 -39716.70243993 0
2235 0 -15596.22680772 0
2236 1 6885.50331909 1
2237 1 26202.77183232 1
2238 1 25696.16197587 1
2239 1 23765.95796124 1
2240 0 -18307.02968095 0
2241 0 -23110.71165302 0
2242 0 -32164.61664813 0
2243 1 20670.56294608 1
2244 1 36456.22287546 1
2245 1 20419.84064228 1
2246 0 -20009.14907465 0
2247 0 -23732.97337358 0
2248 1 22405.23061056 1
2249 1 25459.26913727 1
2250 0 3610.46100301 1
2251 0 -43549.38736845 0
2252 0 -15954.95153522 0
2253 1 34364.26079975 1
2254 0 -20142.40845657 0
2255 1 37926.91741233 1
2256 0 -27935.00320021 0
2257 0 -23223.96690971 0
2258 0 -25314.69810007 0
2259 0 -21777.61596403 0
2260 1 27801.71128004 1
2261 0 -20659.39318759 0
2262 0 -15399.04259066 0
2263 1 36703.80582976 1
2264 1 20660.80546875 1
2265 1 32651.92877790 1
2266 0 -34310.91327557 0
2267 1 30676.79136186 1
2268 0 -33474.93449996 0
2269 1 25273.59928559 1
2270 1 30734.22584948 1
2271 0 -20100.58542249 0
2272 0 -18763.58578930 0
2273 1 19930.33076967 1
2274 0 -19990.30602334 0
2275 1 29510.08300915 1
2276 1 37400.31484430 1
2277 1 23439.16122709 1
2278 0 -23876.81963145 0
2279 1 29676.45086282 1
2280 0 -19320.78111833 0
2281 0 -35056.03970067 0
2282 1 27878.55292065 1
2283 1 21862.51942239 1
2284 0 -25745.59949701 0
2285 1 26954.12579681 1
2286 1 27919.00186339 1
2287 0 -36990.36335634 0
2288 1 36194.82301436 1
2289 0 -22135.97556125 0
2290 0 -27505.46081626 0
2291 0 -8125.09848916 0
2292 0 -24658.07358274 0
2293 0 -32979.19235424 0
2294 0 -32340.56464626 0
2295 0 -22721.31353715 0
2296 0 -32956.36990740 0
2297 1 30649.56472974 1
2298 1 31013.12285920 1
2299 1 29233.81572764 1
2300 0 -19917.98144341 0
2301 0 -20261.39517322 0
2302 0 -39334.58957548 0
2303 1 14705.00513034 1
2304 0 -26101.54750140 0
2305 0 -32743.18834408 0
2306 1 24927.08244549 1
2307 0 -16651.86675794 0
2308 1 23905.40720378 1
2309 0 -36229.32858380 0
2310 0 -23964.77470926 0
2311 0 -22593.66117051 0
2312 0 -20511.43601997 0
2313 1 12275.64216251 1
2314 1 25052.47659567 1
2315 0 -40148.82214899 0
2316 0 -19464.24213032 0
2317 0 -36503.99203852 0
2318 1 13720.54268720 1
2319 1 17530.05642812 1
2320 0 -24532.50598221 0
2321 1 22896.04194680 1
2322 0 -23406.25694538 0
2323 1 34237.48814621 1
2324 1 25873.63007696 1
2325 0 -17954.60373611 0
2326 0 -27022.78954166 0
2327 1 34885.06740959 1
2328 1 13334.14786190 1
2329 0 -29045.50415744 0
2330 0 -39879.79315343 0
2331 0 -22643.83389542 0
2332 0 -28964.19694311 0
2333 1 19602.69493122 1
2334 1 20779.65400363 1
2335 1 15904.69795989 1
2336 1 27361.23509299 1
2337 1 30111.23213655 1
2338 1 20585.02705950 1
2339 0 -40471.14176486 0
2340 1 35730.60039111 1
2341 1 29917.41117991 1
2342 1 17195.55690719 1
2343 1 23601.37079266 1
2344 1 22767.32900080 1
2345 0 -24050.82452178 0
2346 0 -40661.54619618 0
2347 0 -24082.60940228 0
2348 1 34227.45284884 1
2349 0 -15988.06335487 0
2350 1 37524.07132515 1
2351 1 27990.81366705 1
2352 1 20546.77672378 1
2353 1 32529.15416163 1
2354 0 -29594.42377452 0
2355 0 -20579.87408398 0
2356 1 19613.60196644 1
2357 1 24356.10095171 1
2358 0 -35993.31787343 0
2359 1 24764.97285105 1
2360 0 -25135.07547496 0
2361 1 26597.37999915 1
2362 1 25130.20861743 1
2363 1 13610.11786192 1
2364 0 -38746.43675622 0
2365 0 -21610.55317815 0
2366 1 19030.30555799 1
2367 1 25590.65895539 1
2368 1 23180.11646761 1
2369 1 24367.27807922 1
2370 0 -21321.47268514 0
2371 0 -27597.42575980 0
2372 1 30523.73152687 1
2373 1 29780.22820909 1
2374 0 -42206.24522059 0
2375 0 -26247.85169221 0
2376 1 21380.49414377 1
2377 0 -25653.53123899 0
2378 0 -25398.24056809 0
2379 0 -16157.77597325 0
2380 0 -18444.46230810 0
2381 0 -18943.25919918 0
2382 1 29518.46174349 1
2383 0 -33651.94718935 0
2384 0 -19561.83747177 0
2385 1 23200.32650539 1
2386 1 34145.91991995 1
2387 1 34465.41970588 1
2388 1 23844.38625862 1
2389 0 -34841.76264241 0
2390 1 15763.69260146 1
2391 0 -30419.99129369 0
2392 1 27127.31678212 1
2393 0 -22445.76487109 0
2394 0 -23433.28651979 0
2395 0 -32097.52003642 0
2396 1 31042.45605676 1
2397 1 30830.91578998 1
2398 0 -21316.00028092 0
2399 0 -38747.92178891 0
2400 0 -30816.10496785 0
2401 1 29924.77464100 1
2402 1 37624.74015259 1
2403 1 38732.09232488 1
2404 1 21829.05328367 1
2405 0 -37806.32223224 0
2406 1 41153.55642903 1
2407 1 33544.29394469 1
2408 0 -31337.28767029 0
2409 0 -15148.57250977 0
2410 0 -34281.71334764 0
2411 0 -16433.89388068 0
2412 1 29491.59880373 1
2413 1 24135.71873225 1
2414 0 -24630.20087474 0
2415 0 -19565.44251265 0
2416 1 40850.97582084 1
2417 1 24085.14811995 1
2418 0 -41239.11547799 0
2419 0 -22873.79869675 0
2420 1 37708.17376230 1
2421 0 -36687.77810965 0
2422 0 -36410.60907614 0
2423 1 24490.82467460 1
2424 0 -26773.16869730 0
2425 0 -27201.02389686 0
2426 1 28041.85460506 1
2427 0 -27334.00910528 0
2428 0 -42286.22274792 0
2429 0 -30579.41941961 0
2430 1 33439.89383215 1
2431 1 8806.10381672 1
2432 1 38633.15193331 1
2433 0 -36629.53633011 0
2434 0 -28904.15374442 0
2435 0 -28705.05467140 0
2436 0 -17123.02901085 0
2437 1 31562.90089873 1
2438 0 -19779.96606882 0
2439 1 25148.58753384 1
2440 1 14668.33628802 1
2441 0 -26988.05681457 0
2442 1 39410.76170618 1
2443 1 27173.18750967 1
2444 1 19064.63934292 1
2445 1 22534.56588164 1
2446 0 -6105.45170179 0
2447 0 -16368.58945592 0
2448 0 -19411.45451618 0
2449 1 42516.35113770 1
2450 0 -20253.04547382 0
2451 1 27810.39556178 1
2452 1 23339.82296924 1
2453 1 7116.32624196 1
2454 1 27867.55573368 1
2455 1 27334.05510228 1
2456 1 27719.55090129 1
2457 0 -22336.86328916 0
2458 1 15200.10637411 1
2459 0 -25643.18753198 0
2460 0 -25819.45028238 0
2461 0 -28567.12674584 0
2462 0 -15411.62136568 0
2463 0 -35226.88133060 0
2464 0 -13901.67568706 0
2465 0 -30132.65348220 0
2466 0 -21150.56366785 0
2467 0 -26882.47599704 0
2468 1 19811.00215752 1
2469 0 -22375.02846182 0
2470 0 -34229.04648663 0
2471 0 -27624.26483846 0
2472 0 -6956.83407226 0
2473 1 28388.93070395 1
2474 1 27882.10332755 1
2475 1 23440.15988147 1
2476 0 -23719.47278292 0
2477 0 -20490.42588152 0
2478 0 -31720.77964088 0
2479 1 36129.51205819 1
2480 1 33740.62266185 1
2481 1 29769.46084160 1
2482 1 28397.71559507 1
2483 0 -31789.58753168 0
2484 0 -32893.86520853 0
2485 0 -39269.45593330 0
2486 1 31965.38202077 1
2487 1 28456.50516780 1
2488 0 -32234.38293443 0
2489 1 20386.19141884 1
2490 1 25048.67995797 1
2491 1 22269.43248703 1
2492 0 -23758.16869576 0
2493 1 37755.46544985 1
2494 0 -32268.50915053 0
2495 1 27395.30765536 1
2496 1 26975.70046737 1
2497 1 38034.13201721 1
2498 0 -21880.21842583 0
2499 1 17249.16670074 1
2500 0 -24293.36088242 0
2501 0 -27364.51118676 0
2502 0 -20181.16407501 0
2503 0 -27854.98383125 0
2504 0 -35690.14107201 0
2505 1 26708.68202614 1
2506 1 23328.85608250 1
2507 1 21654.49411236 1
2508 1 26146.14589253 1
2509 1 43252.47963538 1
2510 1 22281.68824547 1
2511 1 44536.26575895 1
2512 0 -30253.59458512 0
2513 1 28245.69618978 1
2514 1 16406.54321322 1
2515 1 32032.20061988 1
2516 1 27027.69237888 1
2517 1 21981.71286506 1
2518 1 24718.68895011 1
2519 1 29325.85342391 1
2520 1 24143.35920564 1
2521 0 -19618.04685068 0
2522 1 20337.32697869 1
2523 1 36963.30455319 1
2524 1 25612.41104775 1
2525 1 22555.30197051 1
2526 0 -35821.91091952 0
2527 1 24332.94251132 1
2528 1 13907.82088388 1
2529 1 30216.48099431 1
2530 1 28413.97502562 1
2531 1 21420.48971659 1
2532 0 -21628.42511569 0
2533 0 -18934.85576994 0
2534 0 -13438.05616713 0
2535 0 -24477.27291786 0
2536 1 38788.29792390 1
2537 1 28562.86201547 1
2538 1 22715.72244965 1
2539 0 -33156.78299944 0
2540 1 36389.71550252 1
2541 0 -28942.32847042 0
2542 1 25063.67161931 1
2543 0 -29653.34767496 0
2544 0 -30741.63168679 0
2545 1 44046.58402346 1
2546 0 -29332.12876866 0
2547 1 34617.43192393 1
2548 1 28376.89077293 1
2549 0 -23899.52835206 0
2550 1 34483.02796003 1
2551 0 -20844.80751706 0
2552 0 -33783.07159344 0
2553 0 -20395.08900074 0
2554 0 -28108.86074364 0
2555 0 -19497.19948241 0
2556 1 26384.16229553 1
2557 0 -34299.27554207 0
2558 1 28451.08855697 1
2559 1 25978.55813818 1
2560 1 24352.73784872 1
2561 1 17583.17967220 1
2562 1 33797.62458819 1
2563 1 29558.51618808 1
2564 0 -43243.44198707 0
2565 0 -18751.91055504 0
2566 1 16408.60018079 1
2567 1 17731.32298643 1
2568 1 25814.94790872 1
2569 1 41412.59597683 1
2570 0 -8937.41927646 0
2571 0 -28018.90269770 0
2572 1 27632.77955545 1
2573 1 24635.08400908 1
2574 0 -24848.05491084 0
2575 1 23274.99519397 1
2576 0 -17453.91103322 0
2577 1 43483.63331456 1
2578 0 -24145.67966773 0
2579 0 -20581.69324380 0
2580 1 27883.05111141 1
2581 0 -18027.06947045 0
2582 1 24242.67364254 1
2583 1 25718.10873272 1
2584 1 33138.81009615 1
2585 0 -11168.07814868 0
2586 0 -18130.08600655 0
2587 0 -23620.32165830 0
2588 1 26397.77654556 1
2589 1 20374.56172951 1
2590 1 36116.33858833 1
2591 1 23273.89338542 1
2592 1 22768.81090808 1
2593 0 -21461.24557356 0
2594 0 -27252.69665993 0
2595 1 19556.94956345 1
2596 1 28895.84257697 1
2597 1 18574.26567192 1
2598 1 30778.53625290 1
2599 1 24255.07731846 1
2600 1 40283.95244182 1
2601 1 31362.73122549 1
2602 1 15298.28461793 1
2603 0 -20613.21718729 0
2604 0 -18957.78353600 0
2605 0 -20089.30145392 0
2606 1 34423.42336998 1
2607 1 41237.96293250 1
2608 1 36408.54978042 1
2609 1 28677.78954350 1
2610 0 -39301.59286579 0
2611 1 14579.45388069 1
2612 1 17889.82295964 1
2613 0 -30067.60534811 0
2614 1 28389.27789377 1
2615 0 -27792.26514362 0
2616 1 20843.23525678 1
2617 0 -24634.32117950 0
2618 1 31883.45147990 1
2619 0 -21101.86113302 0
2620 1 22522.03930436 1
2621 0 -22212.59576062 0
2622 1 33610.53237622 1
2623 1 15516.85311650 1
2624 1 26587.80785107 1
2625 0 -27141.04231372 0
2626 0 -28635.35394035 0
2627 1 24939.22805178 1
2628 0 -31233.58120189 0
2629 0 -24179.27517440 0
2630 0 -24493.56370105 0
2631 1 34893.64621797 1
2632 0 -37296.57430502 0
2633 1 40686.63148166 1
2634 0 -34620.94955559 0
2635 0 -29977.71155268 0
2636 1 23372.84710572 1
2637 1 38832.75008047 1
2638 0 -27637.90316425 0
2639 0 -19863.93109012 0
2640 1 28391.93465386 1
2641 0 -23849.94742608 0
2642 0 -36181.43929746 0
2643 1 27876.02894328 1
2644 1 19758.20394339 1
2645 1 24867.46237997 1
2646 0 -18722.54082968 0
2647 0 -23218.41288016 0
2648 1 10525.11754519 1
2649 0 -27882.12217671 0
2650 0 -27846.10878354 0
2651 1 21695.50696298 1
2652 0 -28884.37268669 0
2653 1 14211.46651589 1
2654 1 19684.85395171 1
2655 1 28268.01031097 1
2656 0 -22956.42597481 0
2657 1 20536.20888935 1
2658 0 -20636.24651813 0
2659 1 37224.44531930 1
2660 1 23496.11945114 1
2661 1 27202.80687493 1
2662 0 -16819.89815635 0
2663 0 -41147.32995380 0
2664 0 -22122.63382836 0
2665 0 -24143.47110680 0
2666 0 -37500.36841175 0
2667 1 27382.39656081 1
2668 1 28828.06743547 1
2669 0 -22607.91843187 0
2670 1 31202.72814295 1
2671 1 29154.34509033 1
2672 0 -25572.10615019 0
2673 1 25260.13159722 1
2674 1 31286.62489914 1
2675 0 -14248.60056267 0
2676 0 -38213.83697045 0
2677 1 19244.02399694 1
2678 0 -31179.33008516 0
2679 1 33475.32557650 1
2680 0 -24212.42378814 0
2681 1 28890.12277208 1
2682 1 29920.91363776 1
2683 0 -27618.42352622 0
2684 0 -34667.52510636 0
2685 1 37339.98364800 1
2686 0 -14836.77416812 0
2687 1 25690.97648627 1
2688 0 -31863.21501841 0
2689 1 32426.50525737 1
2690 0 -24492.26341928 0
2691 0 -25725.90985450 0
2692 1 34417.98024360 1
2693 1 24736.75981349 1
2694 1 48405.75355419 1
2695 0 -25684.83244891 0
2696 1 22426.02395012 1
2697 1 27832.73392261 1
2698 0 -23339.95041899 0
2699 0 -25290.86464875 0
2700 1 18508.76030609 1
2701 1 17792.68638811 1
2702 1 41442.32460131 1
2703 1 32283.02525442 1
2704 1 24264.48820840 1
2705 0 -6162.73734931 0
2706 1 21880.23326171 1
2707 1 24549.67763380 1
2708 0 -31110.39164174 0
2709 1 33961.13587345 1
2710 0 -19304.94844736 0
2711 0 -33942.09825637 0
2712 0 -15043.58879550 0
2713 0 -27824.97652752 0
2714 0 -31408.41638841 0
2715 1 35794.26759001 1
2716 1 22320.62965146 1
2717 1 22979.06735023 1
2718 0 -29868.62682716 0
2719 1 23111.96189027 1
2720 0 -30241.41905970 0
2721 0 -26459.56024346 0
2722 0 -21047.77916023 0
2723 0 -32343.80816718 0
2724 0 -24455.94635013 0
2725 1 18233.29506155 1
2726 1 24877.50768364 1
2727 0 -34517.78527178 0
2728 0 -27291.08626319 0
2729 0 -22041.21478325 0
2730 0 -28674.83438266 0
2731 1 27382.24221580 1
2732 0 -24955.44337489 0
2733 0 -22041.20117630 0
2734 0 -22579.05794006 0
2735 1 25685.71292412 1
2736 0 -21116.40382600 0
2737 1 30862.69633072 1
2738 0 -34013.57649706 0
2739 0 -25137.09828290 0
2740 0 -34280.16002479 0
2741 1 33852.65661887 1
2742 0 -24133.64845586 0
2743 0 -28008.23255493 0
2744 0 -27265.86126505 0
2745 0 -30746.94625991 0
2746 1 29097.21424484 1
2747 1 28708.62706931 1
2748 1 28722.93230754 1
2749 0 -24515.29394186 0
2750 1 23839.07478093 1
2751 0 -27591.35883284 0
2752 0 -29145.98183138 0
2753 0 -34413.16017096 0
2754 0 -21235.74416336 0
2755 0 -32673.51194355 0
2756 0 -33246.76153438 0
2757 1 28664.66370933 1
2758 0 -29421.84675799 0
2759 0 -24674.28323445 0
2760 0 -26070.45261718 0
2761 0 -20969.34009087 0
2762 1 32480.23220046 1
2763 1 26028.14541801 1
2764 0 -36079.33390971 0
2765 1 21974.19249724 1
2766 0 -21113.67559580 0
2767 1 17801.58473972 1
2768 0 -36118.44699318 0
2769 0 -25039.23462407 0
2770 0 -26832.27987807 0
2771 0 -35886.04871116 0
2772 0 -29377.08676913 0
2773 1 25083.33410781 1
2774 0 -21991.36330860 0
2775 0 -34378.62567926 0
2776 1 20604.58698359 1
2777 1 37048.62672293 1
2778 0 -11355.86116138 0
2779 1 31008.33027748 1
2780 1 23624.87633067 1
2781 1 14817.08752078 1
2782 1 25422.24251649 1
2783 0 -30377.97289761 0
2784 0 -18894.90887643 0
2785 1 22173.77370794 1
2786 1 30063.08859759 1
2787 1 34108.16570383 1
2788 0 -22268.54715379 0
2789 1 27951.74297178 1
2790 1 24192.34289480 1
2791 1 15403.47337988 1
2792 1 15747.83769715 1
2793 0 -17038.86800332 0
2794 1 36799.22463747 1
2795 1 25525.24955424 1
2796 0 -37257.56666393 0
2797 0 -15817.59860502 0
2798 1 25210.17703405 1
2799 0 -36449.99985153 0
2800 0 -23046.42740882 0
2801 0 -17902.10933743 0
2802 1 17536.57359755 1
2803 1 12080.48171335 1
2804 0 -23895.01890381 0
2805 0 -35197.28431166 0
2806 0 -26547.79591543 0
2807 1 30383.90667953 1
2808 1 31592.40752399 1
2809 1 20300.79733519 1
2810 1 23028.25374660 1
2811 1 18676.88006380 1
2812 1 21520.58242086 1
2813 0 -24451.56308493 0
2814 0 -25133.70655344 0
2815 0 -15503.19059232 0
2816 1 19823.05309084 1
2817 0 -20392.03703764 0
2818 1 37043.06165427 1
2819 0 -22002.23720241 0
2820 1 30785.64474706 1
2821 1 22363.80809757 1
2822 0 -35916.72446564 0
2823 1 13987.60409254 1
2824 1 40782.49087256 1
2825 1 16730.81814196 1
2826 1 29357.43905264 1
2827 0 -24510.85475821 0
2828 0 -15598.24680643 0
2829 0 -30293.41654955 0
2830 0 -14171.21387496 0
2831 1 31071.30841574 1
2832 1 31968.16270112 1
2833 0 -22599.63480232 0
2834 0 -37321.12048964 0
2835 0 -33936.56908587 0
2836 0 -27697.72958396 0
2837 0 -29892.71396713 0
2838 1 23009.72406635 1
2839 0 -30978.27246248 0
2840 0 -24636.36227038 0
2841 1 27060.30596495 1
2842 0 -21769.87702123 0
2843 0 -34522.90897562 0
2844 1 32377.86813639 1
2845 0 -17007.26970961 0
2846 1 25815.46887705 1
2847 1 25030.58244956 1
2848 1 23800.39552686 1
2849 0 -27980.53216365 0
2850 1 29830.26295184 1
2851 0 -26755.55659389 0
2852 0 -15504.93538145 0
2853 0 -25486.09948737 0
2854 1 18123.69153867 1
2855 1 -8982.46240587 0
2856 1 29588.58747460 1
2857 0 -29370.84937508 0
2858 1 27060.67635028 1
2859 1 25747.51491373 1
2860 0 -29882.89639857 0
2861 0 -24503.92536424 0
2862 1 24431.12046198 1
2863 0 -32050.47047541 0
2864 0 -7673.55031010 0
2865 0 -28886.82865225 0
2866 1 31774.51930638 1
2867 1 36316.22939081 1
2868 0 -28026.41111610 0
2869 1 21640.64200562 1
2870 1 36259.20763122 1
2871 1 24551.51040103 1
2872 0 -27735.63519426 0
2873 1 22719.83070661 1
2874 0 -29774.44506704 0
2875 1 20885.85520615 1
2876 1 31220.46183460 1
2877 1 32838.94750124 1
2878 0 -41131.92324648 0
2879 1 16390.55123648 1
2880 1 27848.78681774 1
2881 0 -40521.31582591 0
2882 0 -34065.28337545 0
2883 0 -28168.36716246 0
2884 0 -25080.86355120 0
2885 0 -28080.49898662 0
2886 0 -27706.68446304 0
2887 1 33692.11251935 1
2888 0 -25098.97110942 0
2889 1 32186.43530276 1
2890 1 22564.29753598 1
2891 1 25459.06178541 1
2892 1 27959.43679656 1
2893 0 -45221.73848692 0
2894 1 22586.39808261 1
2895 0 -31404.79088083 0
2896 1 18471.91457229 1
2897 1 29825.20544455 1
2898 1 27719.92534837 1
2899 1 26606.26578305 1
2900 1 25520.95288657 1
2901 1 -12064.52841731 0
2902 1 29566.61158815 1
2903 0 -33423.31817059 0
2904 1 26600.44726438 1
2905 0 -28875.86874428 0
2906 0 -22809.70278753 0
2907 0 -21860.67766491 0
2908 0 -20312.63054217 0
2909 0 -26177.23326145 0
2910 0 -33424.92027073 0
2911 0 -40922.72544498 0
2912 1 23467.55416655 1
2913 1 25403.00459494 1
2914 0 -30743.57449848 0
2915 0 -36589.92180444 0
2916 1 33010.92836209 1
2917 0 -24396.16238006 0
2918 1 22952.39350717 1
2919 1 29811.03352832 1
2920 0 -32180.83287145 0
2921 0 -24554.92937267 0
2922 0 -15852.41259800 0
2923 0 -31286.73876276 0
2924 1 22145.93173623 1
2925 1 33560.01878096 1
2926 0 -31939.37754934 0
2927 0 -33159.94110698 0
2928 0 -25822.79389446 0
2929 1 23539.65331168 1
2930 0 -30641.81444363 0
2931 1 25827.85824359 1
2932 0 -19405.18469422 0
2933 0 -19085.55531456 0
2934 0 -29345.64928604 0
2935 0 -29741.45543911 0
2936 0 -25631.33498167 0
2937 1 19650.67255384 1
2938 0 -38656.43429314 0
2939 1 35476.78317806 1
2940 0 -18189.35476022 0
2941 1 24771.26016910 1
2942 0 -30975.08983494 0
2943 1 17103.11886460 1
2944 0 -27518.42528871 0
2945 0 -47860.47387624 0
2946 1 22477.38315181 1
2947 0 -16161.48425631 0
2948 1 32751.95400662 1
2949 0 -32065.32275041 0
2950 0 -26929.25226162 0
2951 1 26307.97282642 1
2952 1 31297.00320266 1
2953 0 -30093.98723548 0
2954 1 25039.73445148 1
2955 0 -25625.61052286 0
2956 1 23857.54282837 1
2957 1 25444.35631631 1
2958 1 11585.57806890 1
2959 1 23044.53267777 1
2960 1 25109.02088465 1
2961 0 -19700.04650911 0
2962 1 40097.43038001 1
2963 1 38409.56474648 1
2964 0 -31198.54569488 0
2965 0 -20949.27560978 0
2966 1 27652.30013418 1
2967 0 -20813.32098598 0
2968 0 -17396.02347883 0
2969 0 -30714.64156485 0
2970 0 -18867.20448360 0
2971 1 21706.09298913 1
2972 0 -23659.24621435 0
2973 0 -31000.52457484 0
2974 1 27224.80988967 1
2975 0 -31850.92126565 0
2976 1 22303.09847843 1
2977 0 -29937.90113861 0
2978 0 -8383.00557282 0
2979 1 14348.45558122 1
2980 0 -33885.31632071 0
2981 0 -23631.81635876 0
2982 0 -20625.57144905 0
2983 0 -38497.32837296 0
2984 1 18994.58757857 1
2985 0 -33166.83778636 0
2986 1 29163.21994626 1
2987 1 28103.87198894 1
2988 1 36520.20602951 1
2989 1 16724.94295289 1
2990 1 25033.76517048 1
2991 1 29478.90355288 1
2992 1 28172.59224123 1
2993 1 22644.52864300 1
2994 0 -20073.72074946 0
2995 1 15601.70142338 1
2996 0 -24211.65189461 0
2997 0 -27050.24710305 0
2998 0 -27634.40923461 0
2999 0 -20164.90660087 0
3000 1 38305.49689443 1
3001 0 -33846.10087213 0
3002 0 -26448.49292958 0
3003 1 21258.31138623 1
3004 1 15003.96933514 1
3005 1 40437.49392029 1
3006 1 29162.83862338 1
3007 1 27199.22620840 1
3008 1 33094.25694086 1
3009 0 -27058.68849839 0
3010 1 12751.17974570 1
3011 0 -21968.35278473 0
3012 1 30801.67334734 1
3013 0 -36419.14423447 0
3014 0 -26135.58532104 0
3015 1 23558.08171505 1
3016 1 25167.47261831 1
3017 0 -31696.16522492 0
3018 0 -35314.56223243 0
3019 0 -29443.80007226 0
3020 0 -22229.38304546 0
3021 1 19022.84412203 1
3022 1 30708.42439045 1
3023 1 24001.26635340 1
3024 0 -28995.47585118 0
3025 0 -33390.65542776 0
3026 0 -17765.82260132 0
3027 0 -19144.67527822 0
3028 0 -37664.29000441 0
3029 0 -38299.71656356 0
3030 1 20052.41127196 1
3031 1 25398.62247943 1
3032 1 24901.97109249 1
3033 0 -25733.40088987 0
3034 1 30355.99815316 1
3035 0 -29674.84525200 0
3036 0 -20073.52900127 0
3037 1 35252.80332556 1
3038 1 23284.92087470 1
3039 0 -14986.22045978 0
3040 1 25053.97311560 1
3041 1 12461.12857264 1
3042 0 -34088.21443825 0
3043 1 25701.51404592 1
3044 0 -23014.81446425 0
3045 0 -17756.62942424 0
3046 1 30256.12001921 1
3047 1 23591.95744305 1
3048 1 26066.96237691 1
3049 0 -29220.42070559 0
3050 1 35945.28902946 1
3051 0 -17821.77631826 0
3052 1 15068.35075740 1
3053 0 -38093.19903300 0
3054 1 26606.64248277 1
3055 1 26536.88007903 1
3056 1 36549.17910727 1
3057 1 17458.23481649 1
3058 1 27241.90276067 1
3059 1 29992.69728474 1
3060 0 -42407.96072609 0
3061 0 -36601.82768474 0
3062 1 19274.65902475 1
3063 0 -25523.76880807 0
3064 0 -27843.84325195 0
3065 1 30033.79168610 1
3066 0 -31664.19693301 0
3067 1 42579.87222348 1
3068 1 31588.46373744 1
3069 1 18875.04289688 1
3070 1 31182.31435916 1
3071 1 16596.67454519 1
3072 1 31082.70856970 1
3073 1 27981.99065888 1
3074 1 32644.13453419 1
3075 1 22529.05146440 1
3076 0 -21881.82291249 0
3077 0 -24586.20358581 0
3078 0 -39848.41594908 0
3079 0 -21174.77995279 0
3080 0 -18159.57931159 0
3081 1 23582.66713847 1
3082 0 -37669.94394567 0
3083 1 23939.16582706 1
3084 0 -42098.55441142 0
3085 0 -23884.36330844 0
3086 1 13799.39483171 1
3087 0 -14649.43689088 0
3088 1 10145.90379200 1
3089 0 -32595.57865144 0
3090 1 16853.53071998 1
3091 0 -27701.66220351 0
3092 0 -35616.37764013 0
3093 0 -29744.96670465 0
3094 1 31866.92018761 1
3095 1 22037.77494963 1
3096 0 -26993.76327853 0
3097 0 -34352.44359165 0
3098 0 -12562.84491642 0
3099 1 28619.12257436 1
3100 0 -11981.43865223 0
3101 0 -20592.94480828 0
3102 0 -26797.50443171 0
3103 0 -36645.78317324 0
3104 1 17868.60879441 1
3105 0 -20254.57739790 0
3106 0 -28601.05049246 0
3107 1 25158.24907591 1
3108 1 11429.99364377 1
3109 0 -17201.17717110 0
3110 1 29146.38254423 1
3111 0 -30979.19387773 0
3112 1 27633.12976106 1
3113 0 -16784.57897437 0
3114 1 15748.93531854 1
3115 0 -28328.84329447 0
3116 0 -19378.67272469 0
3117 0 -41924.40122352 0
3118 0 -26892.66082742 0
3119 1 33761.14568432 1
3120 1 25110.72071034 1
3121 1 18794.05419905 1
3122 1 19712.00636876 1
3123 1 38120.97117751 1
3124 0 -24812.42887712 0
3125 0 -29870.57905293 0
3126 1 23963.62560990 1
3127 0 -32865.47649174 0
3128 0 -30353.99302866 0
3129 1 23691.83550213 1
3130 1 42497.43522042 1
3131 1 31009.78346442 1
3132 0 -32655.11827344 0
3133 0 -31553.85841466 0
3134 1 31395.89532661 1
3135 1 28251.76109649 1
3136 1 17870.66782857 1
3137 0 -14228.86019829 0
3138 1 39276.43345147 1
3139 0 -27913.39511413 0
3140 0 -22043.60833782 0
3141 0 -37379.70078759 0
3142 0 -35125.50084608 0
3143 0 -17265.25172871 0
3144 0 -25425.61661982 0
3145 0 -33350.24895902 0
3146 1 31913.34843612 1
3147 1 31940.00289345 1
3148 1 20154.31908188 1
3149 1 28405.02607846 1
3150 1 12398.07683047 1
3151 1 29153.10672781 1
3152 1 37954.13947508 1
3153 1 32896.07393762 1
3154 0 -35656.24161278 0
3155 0 -39780.54877290 0
3156 0 -23269.31194081 0
3157 1 34895.73228956 1
3158 1 32583.85802665 1
3159 0 -21798.91683009 0
3160 0 -27939.40111291 0
3161 1 18603.10777673 1
3162 0 -24623.45545598 0
3163 1 27153.57289799 1
3164 0 -26792.86722102 0
3165 0 -19143.55001752 0
3166 1 27232.60518618 1
3167 0 -20261.93649760 0
3168 0 -27320.39581349 0
3169 0 -22641.30130179 0
3170 1 24212.80037122 1
3171 1 33392.34838009 1
3172 1 26611.17625317 1
3173 1 32700.58529511 1
3174 0 -39329.59197625 0
3175 0 -40972.48478013 0
3176 1 29469.37733673 1
3177 0 -21311.84606623 0
3178 1 15755.34125987 1
3179 1 33189.96277733 1
3180 0 -42078.63179135 0
3181 1 28264.71339535 1
3182 0 -24338.34738958 0
3183 1 19751.26006920 1
3184 1 21283.97458642 1
3185 1 21392.71859102 1
3186 0 -38064.63331837 0
3187 0 -31463.13414437 0
3188 0 -29024.71707506 0
3189 1 21893.32861796 1
3190 1 38624.36018552 1
3191 1 16162.97916107 1
3192 0 -11809.85902469 0
3193 1 25855.69786026 1
3194 1 22095.73225893 1
3195 1 14927.33029151 1
3196 0 -27269.74277538 0
3197 0 -30842.56987322 0
3198 0 -21541.31602576 0
3199 0 -21982.93675770 0
