# idx_orig final_llr seen
0 63 1
1 -64 1
2 63 1
3 63 1
4 -64 1
5 -64 1
6 -64 1
7 63 1
8 -64 1
9 -64 1
10 63 1
11 -64 1
12 -64 1
13 -64 1
14 -64 1
15 63 1
16 -64 1
17 -64 1
18 63 1
19 -64 1
20 63 1
21 63 1
22 63 1
23 -64 1
24 63 1
25 -64 1
26 -64 1
27 -64 1
28 -64 1
29 63 1
30 63 1
31 -64 1
32 -64 1
33 -64 1
34 63 1
35 63 1
36 63 1
37 -64 1
38 63 1
39 -64 1
40 63 1
41 63 1
42 -64 1
43 63 1
44 -64 1
45 -64 1
46 63 1
47 63 1
48 -64 1
49 63 1
50 -64 1
51 -64 1
52 63 1
53 -64 1
54 63 1
55 63 1
56 63 1
57 63 1
58 -64 1
59 -64 1
60 63 1
61 63 1
62 63 1
63 63 1
64 63 1
65 -64 1
66 -64 1
67 63 1
68 63 1
69 -64 1
70 -64 1
71 -64 1
72 -64 1
73 -64 1
74 63 1
75 63 1
76 63 1
77 -64 1
78 -64 1
79 -64 1
80 -64 1
81 63 1
82 63 1
83 -64 1
84 -64 1
85 63 1
86 63 1
87 63 1
88 -64 1
89 63 1
90 63 1
91 63 1
92 63 1
93 -64 1
94 -64 1
95 63 1
96 63 1
97 -64 1
98 63 1
99 -64 1
100 63 1
101 63 1
102 63 1
103 63 1
104 63 1
105 -64 1
106 -64 1
107 63 1
108 63 1
109 63 1
110 63 1
111 -64 1
112 63 1
113 63 1
114 -64 1
115 -64 1
116 63 1
117 63 1
118 63 1
119 63 1
120 -64 1
121 -64 1
122 -64 1
123 -64 1
124 -64 1
125 63 1
126 -64 1
127 -64 1
128 -64 1
129 -64 1
130 -64 1
131 -64 1
132 -64 1
133 63 1
134 -64 1
135 -64 1
136 -64 1
137 -64 1
138 63 1
139 63 1
140 -64 1
141 63 1
142 -64 1
143 -64 1
144 63 1
145 63 1
146 -64 1
147 63 1
148 -64 1
149 63 1
150 63 1
151 -64 1
152 63 1
153 -64 1
154 63 1
155 -64 1
156 -64 1
157 63 1
158 63 1
159 63 1
160 -64 1
161 -64 1
162 -64 1
163 63 1
164 63 1
165 -64 1
166 -64 1
167 63 1
168 -64 1
169 63 1
170 63 1
171 63 1
172 -64 1
173 63 1
174 63 1
175 63 1
176 -64 1
177 63 1
178 63 1
179 -64 1
180 63 1
181 63 1
182 63 1
183 -64 1
184 63 1
185 63 1
186 -64 1
187 -64 1
188 63 1
189 -64 1
190 -64 1
191 -64 1
192 63 1
193 63 1
194 63 1
195 -64 1
196 63 1
197 63 1
198 -64 1
199 -64 1
200 -64 1
201 63 1
202 63 1
203 -64 1
204 -64 1
205 -64 1
206 -64 1
207 63 1
208 63 1
209 63 1
210 63 1
211 63 1
212 -64 1
213 63 1
214 63 1
215 63 1
216 63 1
217 -64 1
218 63 1
219 63 1
220 63 1
221 63 1
222 -64 1
223 63 1
224 63 1
225 -64 1
226 63 1
227 63 1
228 -64 1
229 63 1
230 -64 1
231 -64 1
232 63 1
233 63 1
234 -64 1
235 63 1
236 63 1
237 -64 1
238 63 1
239 -64 1
240 -64 1
241 63 1
242 -64 1
243 63 1
244 63 1
245 63 1
246 63 1
247 63 1
248 63 1
249 -64 1
250 -64 1
251 63 1
252 -64 1
253 -64 1
254 63 1
255 63 1
256 63 1
257 -64 1
258 -64 1
259 -64 1
260 63 1
261 -64 1
262 -64 1
263 63 1
264 -64 1
265 63 1
266 -64 1
267 63 1
268 63 1
269 -64 1
270 63 1
271 -64 1
272 -64 1
273 -64 1
274 -64 1
275 -64 1
276 -64 1
277 63 1
278 -64 1
279 63 1
280 -64 1
281 -64 1
282 -64 1
283 63 1
284 63 1
285 63 1
286 63 1
287 -64 1
288 63 1
289 -64 1
290 63 1
291 63 1
292 -64 1
293 63 1
294 63 1
295 63 1
296 -64 1
297 -64 1
298 -64 1
299 -64 1
300 63 1
301 -64 1
302 -64 1
303 -64 1
304 63 1
305 63 1
306 63 1
307 -64 1
308 63 1
309 -64 1
310 63 1
311 63 1
312 -64 1
313 -64 1
314 -64 1
315 -64 1
316 63 1
317 63 1
318 -64 1
319 -64 1
320 -64 1
321 -64 1
322 -64 1
323 63 1
324 63 1
325 63 1
326 -64 1
327 63 1
328 63 1
329 63 1
330 -64 1
331 -64 1
332 63 1
333 -64 1
334 -64 1
335 63 1
336 -64 1
337 -64 1
338 63 1
339 -64 1
340 63 1
341 63 1
342 -64 1
343 63 1
344 63 1
345 -64 1
346 63 1
347 63 1
348 63 1
349 63 1
350 63 1
351 63 1
352 63 1
353 63 1
354 63 1
355 63 1
356 -64 1
357 63 1
358 -64 1
359 63 1
360 -64 1
361 63 1
362 -64 1
363 63 1
364 -64 1
365 -64 1
366 63 1
367 -64 1
368 63 1
369 -64 1
370 -64 1
371 -64 1
372 -64 1
373 63 1
374 63 1
375 -64 1
376 63 1
377 -64 1
378 63 1
379 -64 1
380 63 1
381 63 1
382 -64 1
383 63 1
384 63 1
385 63 1
386 63 1
387 63 1
388 63 1
389 63 1
390 63 1
391 63 1
392 -64 1
393 63 1
394 63 1
395 -64 1
396 -64 1
397 63 1
398 -64 1
399 63 1
400 -64 1
401 63 1
402 -64 1
403 -64 1
404 63 1
405 63 1
406 63 1
407 -64 1
408 63 1
409 63 1
410 -64 1
411 63 1
412 63 1
413 -64 1
414 -64 1
415 -64 1
416 63 1
417 63 1
418 63 1
419 63 1
420 -64 1
421 63 1
422 -64 1
423 -64 1
424 -64 1
425 63 1
426 63 1
427 -64 1
428 -64 1
429 -64 1
430 63 1
431 -64 1
432 63 1
433 63 1
434 -64 1
435 -64 1
436 63 1
437 -64 1
438 -64 1
439 63 1
440 63 1
441 -64 1
442 -64 1
443 -64 1
444 63 1
445 -64 1
446 63 1
447 -64 1
448 63 1
449 63 1
450 63 1
451 63 1
452 63 1
453 -64 1
454 -64 1
455 -64 1
456 63 1
457 -64 1
458 63 1
459 63 1
460 63 1
461 -64 1
462 -64 1
463 -64 1
464 63 1
465 63 1
466 -64 1
467 63 1
468 -64 1
469 -64 1
470 -64 1
471 63 1
472 63 1
473 63 1
474 63 1
475 63 1
476 -64 1
477 63 1
478 -64 1
479 -64 1
480 63 1
481 63 1
482 -64 1
483 -64 1
484 63 1
485 -64 1
486 -64 1
487 63 1
488 -64 1
489 -64 1
490 -64 1
491 -64 1
492 -64 1
493 63 1
494 -64 1
495 -64 1
496 -64 1
497 63 1
498 63 1
499 -64 1
500 63 1
501 -64 1
502 63 1
503 -64 1
504 -64 1
505 63 1
506 63 1
507 -64 1
508 -64 1
509 -64 1
510 -64 1
511 63 1
512 63 1
513 63 1
514 -64 1
515 -64 1
516 -64 1
517 -64 1
518 63 1
519 63 1
520 63 1
521 -64 1
522 -64 1
523 -64 1
524 -64 1
525 -64 1
526 -64 1
527 -64 1
528 -64 1
529 -64 1
530 -64 1
531 63 1
532 63 1
533 -64 1
534 63 1
535 -64 1
536 -64 1
537 63 1
538 -64 1
539 -64 1
540 -64 1
541 -64 1
542 -64 1
543 -64 1
544 63 1
545 63 1
546 -64 1
547 63 1
548 -64 1
549 -64 1
550 -64 1
551 -64 1
552 63 1
553 63 1
554 63 1
555 -64 1
556 63 1
557 -64 1
558 63 1
559 63 1
560 63 1
561 63 1
562 63 1
563 63 1
564 63 1
565 -64 1
566 -64 1
567 -64 1
568 63 1
569 -64 1
570 63 1
571 63 1
572 -64 1
573 -64 1
574 63 1
575 63 1
576 -64 1
577 -64 1
578 63 1
579 63 1
580 63 1
581 -64 1
582 63 1
583 -64 1
584 63 1
585 -64 1
586 63 1
587 63 1
588 -64 1
589 63 1
590 63 1
591 63 1
592 -64 1
593 -64 1
594 63 1
595 -64 1
596 -64 1
597 -64 1
598 -64 1
599 63 1
600 -64 1
601 -64 1
602 63 1
603 63 1
604 63 1
605 63 1
606 63 1
607 63 1
608 63 1
609 63 1
610 63 1
611 63 1
612 -64 1
613 63 1
614 63 1
615 -64 1
616 -64 1
617 63 1
618 63 1
619 63 1
620 -64 1
621 -64 1
622 63 1
623 63 1
624 63 1
625 -64 1
626 63 1
627 -64 1
628 63 1
629 -64 1
630 -64 1
631 -64 1
632 63 1
633 -64 1
634 -64 1
635 63 1
636 63 1
637 63 1
638 -64 1
639 -64 1
640 63 1
641 63 1
642 63 1
643 -64 1
644 63 1
645 63 1
646 -64 1
647 63 1
648 63 1
649 -64 1
650 -64 1
651 63 1
652 -64 1
653 -64 1
654 -64 1
655 -64 1
656 63 1
657 -64 1
658 -64 1
659 63 1
660 63 1
661 -64 1
662 63 1
663 63 1
664 -64 1
665 63 1
666 -64 1
667 -64 1
668 -64 1
669 -64 1
670 63 1
671 63 1
672 -64 1
673 63 1
674 -64 1
675 63 1
676 63 1
677 -64 1
678 63 1
679 63 1
680 -64 1
681 63 1
682 -64 1
683 63 1
684 -64 1
685 63 1
686 -64 1
687 63 1
688 63 1
689 63 1
690 63 1
691 63 1
692 -64 1
693 63 1
694 -64 1
695 -64 1
696 63 1
697 63 1
698 -64 1
699 63 1
700 63 1
701 -64 1
702 -64 1
703 -64 1
704 63 1
705 63 1
706 -64 1
707 63 1
708 63 1
709 63 1
710 63 1
711 -64 1
712 63 1
713 63 1
714 -64 1
715 63 1
716 -64 1
717 -64 1
718 -64 1
719 -64 1
720 63 1
721 63 1
722 -64 1
723 -64 1
724 -64 1
725 63 1
726 -64 1
727 63 1
728 63 1
729 63 1
730 63 1
731 -64 1
732 -64 1
733 63 1
734 -64 1
735 63 1
736 -64 1
737 63 1
738 -64 1
739 63 1
740 63 1
741 63 1
742 63 1
743 63 1
744 -64 1
745 -64 1
746 -64 1
747 63 1
748 -64 1
749 63 1
750 63 1
751 63 1
752 63 1
753 63 1
754 63 1
755 -64 1
756 -64 1
757 63 1
758 -64 1
759 -64 1
760 -64 1
761 -64 1
762 -64 1
763 63 1
764 -64 1
765 -64 1
766 -64 1
767 -64 1
768 -64 1
769 63 1
770 63 1
771 -64 1
772 63 1
773 63 1
774 -64 1
775 -64 1
776 -64 1
777 -64 1
778 63 1
779 -64 1
780 63 1
781 -64 1
782 -64 1
783 63 1
784 -64 1
785 -64 1
786 63 1
787 63 1
788 -64 1
789 63 1
790 -64 1
791 63 1
792 63 1
793 -64 1
794 -64 1
795 63 1
796 -64 1
797 63 1
798 -64 1
799 63 1
800 63 1
801 63 1
802 63 1
803 63 1
804 63 1
805 -64 1
806 -64 1
807 63 1
808 -64 1
809 63 1
810 -64 1
811 -64 1
812 -64 1
813 63 1
814 63 1
815 -64 1
816 -64 1
817 -64 1
818 63 1
819 63 1
820 63 1
821 -64 1
822 -64 1
823 -64 1
824 -64 1
825 63 1
826 -64 1
827 63 1
828 -64 1
829 -64 1
830 -64 1
831 63 1
832 63 1
833 -64 1
834 63 1
835 63 1
836 63 1
837 63 1
838 63 1
839 63 1
840 63 1
841 -64 1
842 63 1
843 63 1
844 63 1
845 -64 1
846 -64 1
847 63 1
848 63 1
849 -64 1
850 -64 1
851 -64 1
852 63 1
853 63 1
854 63 1
855 -64 1
856 -64 1
857 63 1
858 63 1
859 -64 1
860 63 1
861 63 1
862 63 1
863 -64 1
864 -64 1
865 -64 1
866 63 1
867 63 1
868 -64 1
869 -64 1
870 63 1
871 -64 1
872 63 1
873 63 1
874 -64 1
875 -64 1
876 -64 1
877 63 1
878 63 1
879 63 1
880 -64 1
881 63 1
882 -64 1
883 -64 1
884 63 1
885 63 1
886 -64 1
887 -64 1
888 63 1
889 63 1
890 63 1
891 63 1
892 -64 1
893 -64 1
894 63 1
895 63 1
896 -64 1
897 -64 1
898 -64 1
899 -64 1
900 63 1
901 63 1
902 63 1
903 -64 1
904 63 1
905 63 1
906 63 1
907 -64 1
908 63 1
909 -64 1
910 63 1
911 -64 1
912 63 1
913 63 1
914 63 1
915 -64 1
916 63 1
917 63 1
918 63 1
919 -64 1
920 -64 1
921 63 1
922 63 1
923 -64 1
924 -64 1
925 -64 1
926 -64 1
927 63 1
928 63 1
929 63 1
930 63 1
931 63 1
932 63 1
933 -64 1
934 -64 1
935 -64 1
936 63 1
937 63 1
938 -64 1
939 -64 1
940 -64 1
941 63 1
942 63 1
943 -64 1
944 -64 1
945 63 1
946 -64 1
947 -64 1
948 -64 1
949 63 1
950 63 1
951 63 1
952 -64 1
953 -64 1
954 63 1
955 63 1
956 -64 1
957 63 1
958 63 1
959 63 1
960 63 1
961 63 1
962 63 1
963 -64 1
964 -64 1
965 63 1
966 63 1
967 63 1
968 63 1
969 -64 1
970 63 1
971 -64 1
972 63 1
973 -64 1
974 63 1
975 63 1
976 -64 1
977 63 1
978 -64 1
979 -64 1
980 -64 1
981 -64 1
982 63 1
983 63 1
984 -64 1
985 63 1
986 -64 1
987 -64 1
988 -64 1
989 -64 1
990 63 1
991 -64 1
992 -64 1
993 -64 1
994 63 1
995 63 1
996 -64 1
997 63 1
998 63 1
999 -64 1
1000 63 1
1001 -64 1
1002 -64 1
1003 -64 1
1004 63 1
1005 63 1
1006 -64 1
1007 -64 1
1008 63 1
1009 63 1
1010 63 1
1011 -64 1
1012 -64 1
1013 -64 1
1014 -64 1
1015 -64 1
1016 63 1
1017 63 1
1018 63 1
1019 -64 1
1020 63 1
1021 -64 1
1022 63 1
1023 63 1
1024 63 1
1025 -64 1
1026 -64 1
1027 63 1
1028 63 1
1029 -64 1
1030 63 1
1031 63 1
1032 63 1
1033 63 1
1034 -64 1
1035 -64 1
1036 63 1
1037 -64 1
1038 63 1
1039 -64 1
1040 63 1
1041 63 1
1042 63 1
1043 63 1
1044 -64 1
1045 -64 1
1046 63 1
1047 63 1
1048 63 1
1049 -64 1
1050 -64 1
1051 -64 1
1052 -64 1
1053 -64 1
1054 -64 1
1055 -64 1
1056 63 1
1057 -64 1
1058 63 1
1059 63 1
1060 -64 1
1061 -64 1
1062 63 1
1063 63 1
1064 63 1
1065 63 1
1066 -64 1
1067 -64 1
1068 63 1
1069 63 1
1070 63 1
1071 -64 1
1072 63 1
1073 63 1
1074 63 1
1075 63 1
1076 -64 1
1077 -64 1
1078 63 1
1079 63 1
1080 -64 1
1081 63 1
1082 63 1
1083 -64 1
1084 63 1
1085 -64 1
1086 63 1
1087 63 1
1088 63 1
1089 -64 1
1090 63 1
1091 63 1
1092 63 1
1093 -64 1
1094 -64 1
1095 -64 1
1096 -64 1
1097 63 1
1098 63 1
1099 63 1
1100 -64 1
1101 -64 1
1102 63 1
1103 63 1
1104 -64 1
1105 63 1
1106 63 1
1107 63 1
1108 63 1
1109 -64 1
1110 63 1
1111 -64 1
1112 -64 1
1113 63 1
1114 -64 1
1115 -64 1
1116 -64 1
1117 63 1
1118 -64 1
1119 -64 1
1120 -64 1
1121 -64 1
1122 63 1
1123 63 1
1124 63 1
1125 -64 1
1126 -64 1
1127 63 1
1128 -64 1
1129 -64 1
1130 63 1
1131 63 1
1132 63 1
1133 -64 1
1134 63 1
1135 -64 1
1136 63 1
1137 63 1
1138 -64 1
1139 63 1
1140 -64 1
1141 63 1
1142 63 1
1143 63 1
1144 -64 1
1145 -64 1
1146 -64 1
1147 -64 1
1148 -64 1
1149 -64 1
1150 -64 1
1151 -64 1
1152 -64 1
1153 -64 1
1154 -64 1
1155 63 1
1156 -64 1
1157 63 1
1158 63 1
1159 63 1
1160 63 1
1161 -64 1
1162 -64 1
1163 63 1
1164 -64 1
1165 63 1
1166 -64 1
1167 63 1
1168 -64 1
1169 63 1
1170 63 1
1171 63 1
1172 -64 1
1173 63 1
1174 63 1
1175 63 1
1176 -64 1
1177 63 1
1178 -64 1
1179 63 1
1180 -64 1
1181 -64 1
1182 63 1
1183 -64 1
1184 -64 1
1185 63 1
1186 -64 1
1187 -64 1
1188 -64 1
1189 -64 1
1190 -64 1
1191 63 1
1192 -64 1
1193 -64 1
1194 -64 1
1195 -64 1
1196 63 1
1197 -64 1
1198 -64 1
1199 -64 1
1200 63 1
1201 63 1
1202 -64 1
1203 63 1
1204 63 1
1205 63 1
1206 63 1
1207 -64 1
1208 -64 1
1209 63 1
1210 63 1
1211 63 1
1212 -64 1
1213 63 1
1214 63 1
1215 63 1
1216 -64 1
1217 63 1
1218 63 1
1219 -64 1
1220 63 1
1221 -64 1
1222 63 1
1223 63 1
1224 -64 1
1225 -64 1
1226 -64 1
1227 63 1
1228 -64 1
1229 63 1
1230 -64 1
1231 -64 1
1232 63 1
1233 63 1
1234 63 1
1235 63 1
1236 63 1
1237 -64 1
1238 63 1
1239 63 1
1240 -64 1
1241 -64 1
1242 63 1
1243 63 1
1244 63 1
1245 63 1
1246 63 1
1247 63 1
1248 63 1
1249 -64 1
1250 63 1
1251 63 1
1252 63 1
1253 63 1
1254 63 1
1255 63 1
1256 63 1
1257 63 1
1258 -64 1
1259 -64 1
1260 -64 1
1261 -64 1
1262 -64 1
1263 -64 1
1264 -64 1
1265 63 1
1266 63 1
1267 63 1
1268 63 1
1269 63 1
1270 -64 1
1271 -64 1
1272 63 1
1273 -64 1
1274 63 1
1275 -64 1
1276 -64 1
1277 63 1
1278 -64 1
1279 -64 1
1280 63 1
1281 -64 1
1282 63 1
1283 -64 1
1284 -64 1
1285 63 1
1286 -64 1
1287 -64 1
1288 63 1
1289 63 1
1290 -64 1
1291 63 1
1292 63 1
1293 63 1
1294 63 1
1295 -64 1
1296 -64 1
1297 63 1
1298 63 1
1299 63 1
1300 -64 1
1301 63 1
1302 -64 1
1303 -64 1
1304 63 1
1305 63 1
1306 63 1
1307 -64 1
1308 -64 1
1309 -64 1
1310 63 1
1311 -64 1
1312 -64 1
1313 63 1
1314 -64 1
1315 63 1
1316 -64 1
1317 -64 1
1318 -64 1
1319 -64 1
1320 -64 1
1321 -64 1
1322 63 1
1323 63 1
1324 -64 1
1325 63 1
1326 -64 1
1327 -64 1
1328 -64 1
1329 63 1
1330 63 1
1331 63 1
1332 63 1
1333 -64 1
1334 -64 1
1335 63 1
1336 -64 1
1337 -64 1
1338 -64 1
1339 -64 1
1340 -64 1
1341 63 1
1342 -64 1
1343 63 1
1344 -64 1
1345 -64 1
1346 -64 1
1347 63 1
1348 -64 1
1349 -64 1
1350 63 1
1351 63 1
1352 -64 1
1353 -64 1
1354 63 1
1355 -64 1
1356 -64 1
1357 -64 1
1358 63 1
1359 63 1
1360 -64 1
1361 63 1
1362 -64 1
1363 63 1
1364 -64 1
1365 63 1
1366 -64 1
1367 63 1
1368 -64 1
1369 -64 1
1370 -64 1
1371 -64 1
1372 63 1
1373 63 1
1374 63 1
1375 63 1
1376 -64 1
1377 -64 1
1378 -64 1
1379 -64 1
1380 -64 1
1381 63 1
1382 63 1
1383 63 1
1384 63 1
1385 -64 1
1386 63 1
1387 -64 1
1388 63 1
1389 -64 1
1390 63 1
1391 63 1
1392 63 1
1393 -64 1
1394 -64 1
1395 63 1
1396 -64 1
1397 63 1
1398 63 1
1399 -64 1
1400 -64 1
1401 63 1
1402 -64 1
1403 -64 1
1404 63 1
1405 63 1
1406 -64 1
1407 63 1
1408 -64 1
1409 -64 1
1410 63 1
1411 -64 1
1412 -64 1
1413 -64 1
1414 63 1
1415 -64 1
1416 -64 1
1417 -64 1
1418 -64 1
1419 63 1
1420 63 1
1421 63 1
1422 63 1
1423 63 1
1424 63 1
1425 -64 1
1426 63 1
1427 -64 1
1428 63 1
1429 -64 1
1430 -64 1
1431 -64 1
1432 -64 1
1433 -64 1
1434 -64 1
1435 -64 1
1436 -64 1
1437 -64 1
1438 63 1
1439 -64 1
1440 63 1
1441 -64 1
1442 -64 1
1443 63 1
1444 -64 1
1445 -64 1
1446 -64 1
1447 63 1
1448 -64 1
1449 -64 1
1450 63 1
1451 -64 1
1452 63 1
1453 63 1
1454 -64 1
1455 -64 1
1456 63 1
1457 -64 1
1458 -64 1
1459 63 1
1460 63 1
1461 63 1
1462 63 1
1463 63 1
1464 -64 1
1465 63 1
1466 63 1
1467 -64 1
1468 63 1
1469 63 1
1470 63 1
1471 -64 1
1472 -64 1
1473 63 1
1474 -64 1
1475 63 1
1476 63 1
1477 -64 1
1478 63 1
1479 63 1
1480 -64 1
1481 -64 1
1482 -64 1
1483 -64 1
1484 -64 1
1485 63 1
1486 -64 1
1487 -64 1
1488 63 1
1489 -64 1
1490 63 1
1491 63 1
1492 -64 1
1493 63 1
1494 63 1
1495 -64 1
1496 63 1
1497 -64 1
1498 63 1
1499 63 1
1500 63 1
1501 63 1
1502 63 1
1503 63 1
1504 -64 1
1505 63 1
1506 63 1
1507 -64 1
1508 -64 1
1509 63 1
1510 63 1
1511 63 1
1512 -64 1
1513 -64 1
1514 63 1
1515 -64 1
1516 -64 1
1517 63 1
1518 -64 1
1519 -64 1
1520 -64 1
1521 63 1
1522 63 1
1523 63 1
1524 -64 1
1525 -64 1
1526 63 1
1527 63 1
1528 -64 1
1529 -64 1
1530 -64 1
1531 63 1
1532 63 1
1533 -64 1
1534 -64 1
1535 -64 1
1536 -64 1
1537 63 1
1538 63 1
1539 -64 1
1540 -64 1
1541 63 1
1542 63 1
1543 -64 1
1544 -64 1
1545 63 1
1546 63 1
1547 63 1
1548 -64 1
1549 -64 1
1550 63 1
1551 63 1
1552 -64 1
1553 -64 1
1554 63 1
1555 -64 1
1556 63 1
1557 63 1
1558 63 1
1559 -64 1
1560 63 1
1561 63 1
1562 -64 1
1563 63 1
1564 63 1
1565 -64 1
1566 -64 1
1567 -64 1
1568 63 1
1569 63 1
1570 63 1
1571 -64 1
1572 -64 1
1573 63 1
1574 -64 1
1575 -64 1
1576 63 1
1577 63 1
1578 63 1
1579 -64 1
1580 -64 1
1581 -64 1
1582 63 1
1583 -64 1
1584 -64 1
1585 63 1
1586 63 1
1587 -64 1
1588 63 1
1589 -64 1
1590 63 1
1591 63 1
1592 -64 1
1593 -64 1
1594 -64 1
1595 -64 1
1596 63 1
1597 63 1
1598 63 1
1599 -64 1
1600 63 1
1601 63 1
1602 -64 1
1603 -64 1
1604 -64 1
1605 -64 1
1606 63 1
1607 63 1
1608 63 1
1609 -64 1
1610 -64 1
1611 63 1
1612 -64 1
1613 -64 1
1614 -64 1
1615 -64 1
1616 -64 1
1617 -64 1
1618 -64 1
1619 -64 1
1620 63 1
1621 -64 1
1622 63 1
1623 -64 1
1624 -64 1
1625 63 1
1626 63 1
1627 63 1
1628 63 1
1629 63 1
1630 63 1
1631 -64 1
1632 -64 1
1633 -64 1
1634 63 1
1635 63 1
1636 -64 1
1637 -64 1
1638 63 1
1639 -64 1
1640 63 1
1641 63 1
1642 63 1
1643 -64 1
1644 -64 1
1645 -64 1
1646 63 1
1647 63 1
1648 63 1
1649 -64 1
1650 63 1
1651 63 1
1652 63 1
1653 -64 1
1654 63 1
1655 63 1
1656 -64 1
1657 -64 1
1658 63 1
1659 -64 1
1660 -64 1
1661 63 1
1662 63 1
1663 -64 1
1664 63 1
1665 63 1
1666 -64 1
1667 -64 1
1668 -64 1
1669 63 1
1670 63 1
1671 -64 1
1672 -64 1
1673 63 1
1674 -64 1
1675 63 1
1676 63 1
1677 -64 1
1678 -64 1
1679 63 1
1680 63 1
1681 63 1
1682 -64 1
1683 -64 1
1684 63 1
1685 -64 1
1686 -64 1
1687 63 1
1688 -64 1
1689 -64 1
1690 63 1
1691 -64 1
1692 -64 1
1693 -64 1
1694 63 1
1695 -64 1
1696 -64 1
1697 63 1
1698 -64 1
1699 -64 1
1700 63 1
1701 63 1
1702 63 1
1703 63 1
1704 63 1
1705 63 1
1706 63 1
1707 -64 1
1708 -64 1
1709 63 1
1710 63 1
1711 -64 1
1712 63 1
1713 -64 1
1714 63 1
1715 63 1
1716 -64 1
1717 63 1
1718 63 1
1719 -64 1
1720 63 1
1721 -64 1
1722 -64 1
1723 63 1
1724 -64 1
1725 -64 1
1726 63 1
1727 -64 1
1728 -64 1
1729 -64 1
1730 -64 1
1731 63 1
1732 -64 1
1733 -64 1
1734 -64 1
1735 63 1
1736 -64 1
1737 -64 1
1738 63 1
1739 -64 1
1740 63 1
1741 -64 1
1742 -64 1
1743 -64 1
1744 63 1
1745 -64 1
1746 -64 1
1747 63 1
1748 -64 1
1749 -64 1
1750 63 1
1751 63 1
1752 63 1
1753 -64 1
1754 -64 1
1755 -64 1
1756 63 1
1757 63 1
1758 -64 1
1759 63 1
1760 -64 1
1761 63 1
1762 -64 1
1763 -64 1
1764 63 1
1765 63 1
1766 -64 1
1767 -64 1
1768 63 1
1769 -64 1
1770 63 1
1771 63 1
1772 -64 1
1773 -64 1
1774 -64 1
1775 63 1
1776 -64 1
1777 -64 1
1778 63 1
1779 63 1
1780 -64 1
1781 -64 1
1782 -64 1
1783 -64 1
1784 -64 1
1785 -64 1
1786 -64 1
1787 63 1
1788 63 1
1789 63 1
1790 -64 1
1791 -64 1
1792 63 1
1793 63 1
1794 -64 1
1795 -64 1
1796 -64 1
1797 -64 1
1798 63 1
1799 -64 1
1800 -64 1
1801 63 1
1802 -64 1
1803 63 1
1804 63 1
1805 -64 1
1806 -64 1
1807 63 1
1808 -64 1
1809 63 1
1810 63 1
1811 -64 1
1812 -64 1
1813 63 1
1814 -64 1
1815 -64 1
1816 63 1
1817 -64 1
1818 -64 1
1819 -64 1
1820 63 1
1821 -64 1
1822 63 1
1823 63 1
1824 63 1
1825 -64 1
1826 63 1
1827 63 1
1828 -64 1
1829 -64 1
1830 -64 1
1831 63 1
1832 63 1
1833 63 1
1834 -64 1
1835 -64 1
1836 -64 1
1837 -64 1
1838 -64 1
1839 -64 1
1840 -64 1
1841 63 1
1842 -64 1
1843 -64 1
1844 -64 1
1845 63 1
1846 -64 1
1847 -64 1
1848 -64 1
1849 63 1
1850 -64 1
1851 -64 1
1852 63 1
1853 -64 1
1854 63 1
1855 63 1
1856 63 1
1857 -64 1
1858 63 1
1859 -64 1
1860 63 1
1861 63 1
1862 -64 1
1863 63 1
1864 -64 1
1865 63 1
1866 -64 1
1867 63 1
1868 -64 1
1869 -64 1
1870 63 1
1871 63 1
1872 -64 1
1873 63 1
1874 63 1
1875 -64 1
1876 -64 1
1877 -64 1
1878 63 1
1879 63 1
1880 63 1
1881 63 1
1882 -64 1
1883 63 1
1884 -64 1
1885 63 1
1886 -64 1
1887 -64 1
1888 63 1
1889 -64 1
1890 63 1
1891 -64 1
1892 -64 1
1893 -64 1
1894 63 1
1895 -64 1
1896 63 1
1897 63 1
1898 63 1
1899 -64 1
1900 63 1
1901 63 1
1902 63 1
1903 63 1
1904 63 1
1905 -64 1
1906 -64 1
1907 -64 1
1908 -64 1
1909 -64 1
1910 -64 1
1911 63 1
1912 -64 1
1913 -64 1
1914 63 1
1915 63 1
1916 63 1
1917 -64 1
1918 63 1
1919 63 1
1920 63 1
1921 -64 1
1922 -64 1
1923 -64 1
1924 63 1
1925 -64 1
1926 -64 1
1927 63 1
1928 63 1
1929 -64 1
1930 -64 1
1931 63 1
1932 63 1
1933 63 1
1934 63 1
1935 63 1
1936 -64 1
1937 -64 1
1938 63 1
1939 63 1
1940 63 1
1941 63 1
1942 -64 1
1943 63 1
1944 -64 1
1945 63 1
1946 63 1
1947 63 1
1948 63 1
1949 63 1
1950 -64 1
1951 -64 1
1952 -64 1
1953 -64 1
1954 63 1
1955 63 1
1956 63 1
1957 -64 1
1958 -64 1
1959 63 1
1960 -64 1
1961 -64 1
1962 63 1
1963 -64 1
1964 -64 1
1965 -64 1
1966 -64 1
1967 -64 1
1968 -64 1
1969 63 1
1970 -64 1
1971 -64 1
1972 -64 1
1973 -64 1
1974 63 1
1975 63 1
1976 -64 1
1977 -64 1
1978 63 1
1979 -64 1
1980 63 1
1981 -64 1
1982 63 1
1983 63 1
1984 -64 1
1985 -64 1
1986 63 1
1987 63 1
1988 -64 1
1989 -64 1
1990 63 1
1991 -64 1
1992 -64 1
1993 63 1
1994 -64 1
1995 -64 1
1996 63 1
1997 63 1
1998 -64 1
1999 63 1
2000 63 1
2001 -64 1
2002 63 1
2003 63 1
2004 63 1
2005 -64 1
2006 63 1
2007 -64 1
2008 63 1
2009 63 1
2010 -64 1
2011 63 1
2012 -64 1
2013 63 1
2014 -64 1
2015 -64 1
2016 63 1
2017 63 1
2018 63 1
2019 63 1
2020 -64 1
2021 -64 1
2022 -64 1
2023 63 1
2024 63 1
2025 63 1
2026 63 1
2027 -64 1
2028 -64 1
2029 63 1
2030 -64 1
2031 63 1
2032 63 1
2033 63 1
2034 -64 1
2035 -64 1
2036 63 1
2037 -64 1
2038 -64 1
2039 63 1
2040 63 1
2041 -64 1
2042 63 1
2043 -64 1
2044 -64 1
2045 -64 1
2046 63 1
2047 63 1
2048 63 1
2049 -64 1
2050 63 1
2051 -64 1
2052 -64 1
2053 63 1
2054 63 1
2055 63 1
2056 63 1
2057 63 1
2058 63 1
2059 -64 1
2060 63 1
2061 63 1
2062 63 1
2063 -64 1
2064 -64 1
2065 63 1
2066 -64 1
2067 63 1
2068 -64 1
2069 63 1
2070 63 1
2071 63 1
2072 -64 1
2073 -64 1
2074 -64 1
2075 -64 1
2076 -64 1
2077 -64 1
2078 63 1
2079 63 1
2080 -64 1
2081 -64 1
2082 63 1
2083 -64 1
2084 -64 1
2085 63 1
2086 -64 1
2087 -64 1
2088 -64 1
2089 -64 1
2090 -64 1
2091 -64 1
2092 63 1
2093 -64 1
2094 63 1
2095 -64 1
2096 -64 1
2097 -64 1
2098 -64 1
2099 -64 1
2100 -64 1
2101 63 1
2102 63 1
2103 63 1
2104 -64 1
2105 -64 1
2106 63 1
2107 -64 1
2108 63 1
2109 -64 1
2110 -64 1
2111 63 1
2112 -64 1
2113 63 1
2114 -64 1
2115 63 1
2116 -64 1
2117 -64 1
2118 63 1
2119 -64 1
2120 63 1
2121 63 1
2122 -64 1
2123 -64 1
2124 63 1
2125 -64 1
2126 63 1
2127 -64 1
2128 -64 1
2129 63 1
2130 63 1
2131 63 1
2132 -64 1
2133 63 1
2134 -64 1
2135 63 1
2136 -64 1
2137 63 1
2138 -64 1
2139 -64 1
2140 63 1
2141 -64 1
2142 -64 1
2143 -64 1
2144 63 1
2145 63 1
2146 -64 1
2147 63 1
2148 63 1
2149 63 1
2150 -64 1
2151 -64 1
2152 -64 1
2153 -64 1
2154 63 1
2155 -64 1
2156 -64 1
2157 -64 1
2158 63 1
2159 -64 1
2160 -64 1
2161 63 1
2162 -64 1
2163 -64 1
2164 63 1
2165 63 1
2166 63 1
2167 -64 1
2168 63 1
2169 -64 1
2170 -64 1
2171 63 1
2172 -64 1
2173 -64 1
2174 63 1
2175 -64 1
2176 63 1
2177 -64 1
2178 -64 1
2179 -64 1
2180 -64 1
2181 -64 1
2182 -64 1
2183 63 1
2184 -64 1
2185 63 1
2186 63 1
2187 63 1
2188 63 1
2189 -64 1
2190 63 1
2191 -64 1
2192 -64 1
2193 63 1
2194 -64 1
2195 63 1
2196 63 1
2197 63 1
2198 63 1
2199 63 1
2200 -64 1
2201 -64 1
2202 63 1
2203 -64 1
2204 63 1
2205 63 1
2206 -64 1
2207 63 1
2208 -64 1
2209 -64 1
2210 -64 1
2211 -64 1
2212 -64 1
2213 -64 1
2214 -64 1
2215 -64 1
2216 -64 1
2217 -64 1
2218 63 1
2219 -64 1
2220 -64 1
2221 63 1
2222 63 1
2223 63 1
2224 63 1
2225 -64 1
2226 -64 1
2227 63 1
2228 -64 1
2229 -64 1
2230 63 1
2231 -64 1
2232 -64 1
2233 63 1
2234 -64 1
2235 63 1
2236 63 1
2237 -64 1
2238 -64 1
2239 63 1
2240 -64 1
2241 63 1
2242 63 1
2243 -64 1
2244 63 1
2245 -64 1
2246 -64 1
2247 63 1
2248 -64 1
2249 -64 1
2250 63 1
2251 63 1
2252 63 1
2253 63 1
2254 -64 1
2255 63 1
2256 63 1
2257 -64 1
2258 -64 1
2259 63 1
2260 63 1
2261 -64 1
2262 63 1
2263 -64 1
2264 63 1
2265 63 1
2266 -64 1
2267 63 1
2268 63 1
2269 -64 1
2270 63 1
2271 -64 1
2272 63 1
2273 -64 1
2274 63 1
2275 -64 1
2276 -64 1
2277 -64 1
2278 63 1
2279 -64 1
2280 63 1
2281 -64 1
2282 -64 1
2283 -64 1
2284 -64 1
2285 63 1
2286 63 1
2287 63 1
2288 63 1
2289 63 1
2290 63 1
2291 63 1
2292 -64 1
2293 -64 1
2294 -64 1
2295 63 1
2296 63 1
2297 -64 1
2298 63 1
2299 63 1
2300 63 1
2301 63 1
2302 63 1
2303 63 1
2304 63 1
2305 63 1
2306 63 1
2307 63 1
2308 -64 1
2309 63 1
2310 -64 1
2311 63 1
2312 -64 1
2313 63 1
2314 63 1
2315 63 1
2316 63 1
2317 -64 1
2318 -64 1
2319 63 1
2320 63 1
2321 -64 1
2322 -64 1
2323 -64 1
2324 63 1
2325 -64 1
2326 -64 1
2327 -64 1
2328 -64 1
2329 63 1
2330 63 1
2331 63 1
2332 -64 1
2333 63 1
2334 -64 1
2335 -64 1
2336 63 1
2337 63 1
2338 63 1
2339 -64 1
2340 -64 1
2341 63 1
2342 -64 1
2343 63 1
2344 -64 1
2345 63 1
2346 -64 1
2347 -64 1
2348 63 1
2349 -64 1
2350 63 1
2351 -64 1
2352 63 1
2353 63 1
2354 63 1
2355 63 1
2356 63 1
2357 63 1
2358 63 1
2359 63 1
2360 -64 1
2361 63 1
2362 -64 1
2363 -64 1
2364 -64 1
2365 63 1
2366 63 1
2367 -64 1
2368 -64 1
2369 63 1
2370 -64 1
2371 63 1
2372 -64 1
2373 -64 1
2374 -64 1
2375 -64 1
2376 63 1
2377 -64 1
2378 -64 1
2379 63 1
2380 -64 1
2381 -64 1
2382 63 1
2383 63 1
2384 63 1
2385 63 1
2386 -64 1
2387 -64 1
2388 -64 1
2389 -64 1
2390 -64 1
2391 -64 1
2392 63 1
2393 63 1
2394 63 1
2395 63 1
2396 63 1
2397 63 1
2398 -64 1
2399 63 1
2400 63 1
2401 63 1
2402 -64 1
2403 63 1
2404 -64 1
2405 63 1
2406 -64 1
2407 63 1
2408 63 1
2409 63 1
2410 -64 1
2411 63 1
2412 63 1
2413 -64 1
2414 63 1
2415 63 1
2416 -64 1
2417 -64 1
2418 -64 1
2419 -64 1
2420 63 1
2421 -64 1
2422 63 1
2423 63 1
2424 63 1
2425 -64 1
2426 -64 1
2427 63 1
2428 63 1
2429 -64 1
2430 63 1
2431 63 1
2432 63 1
2433 -64 1
2434 -64 1
2435 -64 1
2436 63 1
2437 63 1
2438 -64 1
2439 63 1
2440 63 1
2441 -64 1
2442 63 1
2443 -64 1
2444 -64 1
2445 63 1
2446 -64 1
2447 -64 1
2448 -64 1
2449 -64 1
2450 63 1
2451 63 1
2452 63 1
2453 63 1
2454 63 1
2455 63 1
2456 -64 1
2457 -64 1
2458 -64 1
2459 -64 1
2460 63 1
2461 63 1
2462 -64 1
2463 -64 1
2464 -64 1
2465 63 1
2466 63 1
2467 63 1
2468 -64 1
2469 -64 1
2470 63 1
2471 63 1
2472 63 1
2473 63 1
2474 -64 1
2475 -64 1
2476 63 1
2477 -64 1
2478 -64 1
2479 63 1
2480 63 1
2481 63 1
2482 63 1
2483 -64 1
2484 -64 1
2485 -64 1
2486 -64 1
2487 63 1
2488 63 1
2489 63 1
2490 63 1
2491 -64 1
2492 -64 1
2493 63 1
2494 -64 1
2495 -64 1
2496 -64 1
2497 63 1
2498 63 1
2499 63 1
2500 63 1
2501 -64 1
2502 63 1
2503 63 1
2504 63 1
2505 -64 1
2506 63 1
2507 -64 1
2508 63 1
2509 63 1
2510 -64 1
2511 -64 1
2512 63 1
2513 -64 1
2514 63 1
2515 -64 1
2516 63 1
2517 63 1
2518 -64 1
2519 -64 1
2520 63 1
2521 63 1
2522 63 1
2523 63 1
2524 -64 1
2525 63 1
2526 -64 1
2527 63 1
2528 -64 1
2529 63 1
2530 -64 1
2531 63 1
2532 63 1
2533 63 1
2534 -64 1
2535 -64 1
2536 -64 1
2537 -64 1
2538 -64 1
2539 63 1
2540 63 1
2541 63 1
2542 63 1
2543 -64 1
2544 63 1
2545 -64 1
2546 63 1
2547 -64 1
2548 63 1
2549 63 1
2550 -64 1
2551 -64 1
2552 63 1
2553 63 1
2554 63 1
2555 -64 1
2556 -64 1
2557 -64 1
2558 63 1
2559 63 1
2560 -64 1
2561 -64 1
2562 63 1
2563 63 1
2564 63 1
2565 -64 1
2566 63 1
2567 63 1
2568 63 1
2569 63 1
2570 63 1
2571 63 1
2572 63 1
2573 63 1
2574 63 1
2575 -64 1
2576 63 1
2577 63 1
2578 -64 1
2579 63 1
2580 63 1
2581 -64 1
2582 63 1
2583 63 1
2584 63 1
2585 63 1
2586 -64 1
2587 63 1
2588 -64 1
2589 63 1
2590 -64 1
2591 63 1
2592 -64 1
2593 -64 1
2594 63 1
2595 63 1
2596 -64 1
2597 63 1
2598 -64 1
2599 -64 1
2600 63 1
2601 -64 1
2602 -64 1
2603 -64 1
2604 63 1
2605 -64 1
2606 63 1
2607 63 1
2608 63 1
2609 63 1
2610 -64 1
2611 63 1
2612 63 1
2613 -64 1
2614 63 1
2615 -64 1
2616 63 1
2617 -64 1
2618 63 1
2619 63 1
2620 -64 1
2621 -64 1
2622 -64 1
2623 -64 1
2624 -64 1
2625 63 1
2626 63 1
2627 63 1
2628 -64 1
2629 -64 1
2630 -64 1
2631 -64 1
2632 63 1
2633 -64 1
2634 63 1
2635 -64 1
2636 63 1
2637 63 1
2638 -64 1
2639 -64 1
2640 63 1
2641 63 1
2642 -64 1
2643 63 1
2644 -64 1
2645 -64 1
2646 -64 1
2647 -64 1
2648 63 1
2649 63 1
2650 -64 1
2651 63 1
2652 -64 1
2653 63 1
2654 -64 1
2655 -64 1
2656 -64 1
2657 -64 1
2658 -64 1
2659 -64 1
2660 -64 1
2661 63 1
2662 63 1
2663 -64 1
2664 -64 1
2665 63 1
2666 63 1
2667 -64 1
2668 -64 1
2669 -64 1
2670 -64 1
2671 63 1
2672 63 1
2673 -64 1
2674 63 1
2675 63 1
2676 63 1
2677 -64 1
2678 63 1
2679 -64 1
2680 63 1
2681 -64 1
2682 -64 1
2683 63 1
2684 63 1
2685 63 1
2686 -64 1
2687 -64 1
2688 -64 1
2689 63 1
2690 -64 1
2691 63 1
2692 63 1
2693 -64 1
2694 63 1
2695 -64 1
2696 -64 1
2697 63 1
2698 63 1
2699 63 1
2700 63 1
2701 63 1
2702 63 1
2703 63 1
2704 -64 1
2705 63 1
2706 -64 1
2707 63 1
2708 63 1
2709 -64 1
2710 63 1
2711 -64 1
2712 63 1
2713 -64 1
2714 63 1
2715 -64 1
2716 -64 1
2717 -64 1
2718 63 1
2719 -64 1
2720 63 1
2721 -64 1
2722 -64 1
2723 -64 1
2724 63 1
2725 -64 1
2726 -64 1
2727 63 1
2728 63 1
2729 63 1
2730 -64 1
2731 63 1
2732 63 1
2733 -64 1
2734 -64 1
2735 -64 1
2736 -64 1
2737 63 1
2738 -64 1
2739 63 1
2740 63 1
2741 -64 1
2742 -64 1
2743 -64 1
2744 63 1
2745 63 1
2746 63 1
2747 -64 1
2748 -64 1
2749 63 1
2750 -64 1
2751 63 1
2752 63 1
2753 -64 1
2754 -64 1
2755 -64 1
2756 63 1
2757 -64 1
2758 63 1
2759 -64 1
2760 63 1
2761 63 1
2762 63 1
2763 63 1
2764 63 1
2765 63 1
2766 -64 1
2767 -64 1
2768 63 1
2769 63 1
2770 63 1
2771 -64 1
2772 63 1
2773 -64 1
2774 -64 1
2775 -64 1
2776 63 1
2777 63 1
2778 -64 1
2779 -64 1
2780 -64 1
2781 -64 1
2782 -64 1
2783 -64 1
2784 63 1
2785 -64 1
2786 63 1
2787 63 1
2788 -64 1
2789 -64 1
2790 63 1
2791 63 1
2792 -64 1
2793 63 1
2794 -64 1
2795 63 1
2796 -64 1
2797 -64 1
2798 63 1
2799 63 1
2800 -64 1
2801 63 1
2802 63 1
2803 -64 1
2804 63 1
2805 63 1
2806 63 1
2807 63 1
2808 63 1
2809 63 1
2810 -64 1
2811 -64 1
2812 63 1
2813 63 1
2814 -64 1
2815 63 1
2816 63 1
2817 -64 1
2818 63 1
2819 -64 1
2820 -64 1
2821 63 1
2822 -64 1
2823 63 1
2824 63 1
2825 63 1
2826 -64 1
2827 63 1
2828 -64 1
2829 63 1
2830 -64 1
2831 -64 1
2832 -64 1
2833 63 1
2834 63 1
2835 -64 1
2836 63 1
2837 63 1
2838 -64 1
2839 -64 1
2840 -64 1
2841 -64 1
2842 -64 1
2843 63 1
2844 -64 1
2845 -64 1
2846 -64 1
2847 -64 1
2848 -64 1
2849 -64 1
2850 63 1
2851 63 1
2852 -64 1
2853 -64 1
2854 -64 1
2855 -64 1
2856 63 1
2857 63 1
2858 -64 1
2859 63 1
2860 63 1
2861 63 1
2862 -64 1
2863 -64 1
2864 63 1
2865 63 1
2866 63 1
2867 63 1
2868 63 1
2869 63 1
2870 -64 1
2871 63 1
2872 -64 1
2873 -64 1
2874 -64 1
2875 63 1
2876 -64 1
2877 63 1
2878 63 1
2879 63 1
2880 63 1
2881 -64 1
2882 -64 1
2883 -64 1
2884 -64 1
2885 63 1
2886 -64 1
2887 63 1
2888 63 1
2889 63 1
2890 -64 1
2891 -64 1
2892 -64 1
2893 63 1
2894 63 1
2895 63 1
2896 -64 1
2897 -64 1
2898 -64 1
2899 63 1
2900 63 1
2901 63 1
2902 -64 1
2903 -64 1
2904 -64 1
2905 -64 1
2906 63 1
2907 63 1
2908 -64 1
2909 63 1
2910 63 1
2911 -64 1
2912 -64 1
2913 -64 1
2914 63 1
2915 63 1
2916 63 1
2917 63 1
2918 63 1
2919 63 1
2920 -64 1
2921 63 1
2922 63 1
2923 63 1
2924 63 1
2925 -64 1
2926 63 1
2927 -64 1
2928 63 1
2929 63 1
2930 -64 1
2931 63 1
2932 -64 1
2933 -64 1
2934 -64 1
2935 63 1
2936 63 1
2937 -64 1
2938 63 1
2939 -64 1
2940 -64 1
2941 -64 1
2942 -64 1
2943 63 1
2944 63 1
2945 63 1
2946 -64 1
2947 63 1
2948 -64 1
2949 -64 1
2950 -64 1
2951 63 1
2952 63 1
2953 63 1
2954 63 1
2955 -64 1
2956 63 1
2957 63 1
2958 63 1
2959 63 1
2960 63 1
2961 -64 1
2962 63 1
2963 -64 1
2964 63 1
2965 63 1
2966 -64 1
2967 63 1
2968 -64 1
2969 -64 1
2970 63 1
2971 -64 1
2972 -64 1
2973 -64 1
2974 -64 1
2975 63 1
2976 63 1
2977 -64 1
2978 -64 1
2979 -64 1
2980 63 1
2981 -64 1
2982 -64 1
2983 -64 1
2984 63 1
2985 -64 1
2986 63 1
2987 -64 1
2988 63 1
2989 -64 1
2990 63 1
2991 63 1
2992 -64 1
2993 63 1
2994 -64 1
2995 63 1
2996 63 1
2997 63 1
2998 -64 1
2999 -64 1
3000 -64 1
3001 63 1
3002 -64 1
3003 -64 1
3004 -64 1
3005 -64 1
3006 63 1
3007 -64 1
3008 63 1
3009 63 1
3010 63 1
3011 -64 1
3012 -64 1
3013 63 1
3014 63 1
3015 63 1
3016 -64 1
3017 63 1
3018 -64 1
3019 63 1
3020 -64 1
3021 63 1
3022 63 1
3023 -64 1
3024 -64 1
3025 -64 1
3026 63 1
3027 -64 1
3028 63 1
3029 -64 1
3030 63 1
3031 63 1
3032 63 1
3033 63 1
3034 63 1
3035 63 1
3036 -64 1
3037 63 1
3038 63 1
3039 63 1
3040 63 1
3041 63 1
3042 63 1
3043 63 1
3044 -64 1
3045 -64 1
3046 63 1
3047 63 1
3048 63 1
3049 -64 1
3050 -64 1
3051 63 1
3052 -64 1
3053 -64 1
3054 -64 1
3055 -64 1
3056 63 1
3057 -64 1
3058 63 1
3059 63 1
3060 -64 1
3061 63 1
3062 63 1
3063 63 1
3064 63 1
3065 63 1
3066 63 1
3067 -64 1
3068 -64 1
3069 -64 1
3070 63 1
3071 -64 1
3072 -64 1
3073 63 1
3074 63 1
3075 63 1
3076 -64 1
3077 63 1
3078 -64 1
3079 -64 1
3080 -64 1
3081 63 1
3082 -64 1
3083 -64 1
3084 -64 1
3085 63 1
3086 -64 1
3087 63 1
3088 -64 1
3089 -64 1
3090 -64 1
3091 63 1
3092 -64 1
3093 63 1
3094 -64 1
3095 63 1
3096 -64 1
3097 63 1
3098 -64 1
3099 63 1
3100 -64 1
3101 -64 1
3102 -64 1
3103 63 1
3104 63 1
3105 -64 1
3106 -64 1
3107 63 1
3108 63 1
3109 -64 1
3110 63 1
3111 63 1
3112 -64 1
3113 -64 1
3114 -64 1
3115 -64 1
3116 63 1
3117 63 1
3118 63 1
3119 -64 1
3120 63 1
3121 -64 1
3122 -64 1
3123 63 1
3124 63 1
3125 63 1
3126 63 1
3127 63 1
3128 -64 1
3129 63 1
3130 63 1
3131 63 1
3132 -64 1
3133 -64 1
3134 63 1
3135 63 1
3136 63 1
3137 -64 1
3138 63 1
3139 -64 1
3140 63 1
3141 -64 1
3142 -64 1
3143 -64 1
3144 -64 1
3145 63 1
3146 -64 1
3147 63 1
3148 63 1
3149 -64 1
3150 -64 1
3151 63 1
3152 63 1
3153 63 1
3154 63 1
3155 63 1
3156 -64 1
3157 -64 1
3158 -64 1
3159 -64 1
3160 -64 1
3161 63 1
3162 63 1
3163 63 1
3164 -64 1
3165 -64 1
3166 63 1
3167 -64 1
3168 63 1
3169 63 1
3170 -64 1
3171 63 1
3172 -64 1
3173 -64 1
3174 -64 1
3175 63 1
3176 -64 1
3177 63 1
3178 63 1
3179 -64 1
3180 -64 1
3181 -64 1
3182 63 1
3183 63 1
3184 -64 1
3185 -64 1
3186 -64 1
3187 63 1
3188 -64 1
3189 -64 1
3190 -64 1
3191 -64 1
3192 63 1
3193 63 1
3194 63 1
3195 63 1
3196 63 1
3197 63 1
3198 -64 1
3199 63 1
3200 -64 1
3201 63 1
3202 63 1
3203 63 1
3204 63 1
3205 -64 1
3206 -64 1
3207 -64 1
3208 -64 1
3209 -64 1
3210 -64 1
3211 63 1
3212 -64 1
3213 -64 1
3214 63 1
3215 -64 1
3216 -64 1
3217 -64 1
3218 -64 1
3219 -64 1
3220 63 1
3221 -64 1
3222 -64 1
3223 63 1
3224 -64 1
3225 -64 1
3226 -64 1
3227 63 1
3228 63 1
3229 63 1
3230 -64 1
3231 63 1
3232 63 1
3233 63 1
3234 -64 1
3235 -64 1
3236 63 1
3237 63 1
3238 -64 1
3239 -64 1
3240 63 1
3241 63 1
3242 63 1
3243 63 1
3244 63 1
3245 -64 1
3246 -64 1
3247 63 1
3248 -64 1
3249 63 1
3250 63 1
3251 -64 1
3252 63 1
3253 63 1
3254 63 1
3255 -64 1
3256 63 1
3257 -64 1
3258 63 1
3259 63 1
3260 63 1
3261 -64 1
3262 -64 1
3263 63 1
3264 -64 1
3265 -64 1
3266 63 1
3267 63 1
3268 63 1
3269 63 1
3270 63 1
3271 63 1
3272 63 1
3273 63 1
3274 63 1
3275 -64 1
3276 -64 1
3277 63 1
3278 63 1
3279 63 1
3280 63 1
3281 -64 1
3282 63 1
3283 -64 1
3284 63 1
3285 63 1
3286 -64 1
3287 63 1
3288 -64 1
3289 -64 1
3290 -64 1
3291 -64 1
3292 -64 1
3293 63 1
3294 63 1
3295 63 1
3296 -64 1
3297 -64 1
3298 -64 1
3299 63 1
3300 -64 1
3301 -64 1
3302 63 1
3303 -64 1
3304 -64 1
3305 63 1
3306 63 1
3307 63 1
3308 63 1
3309 -64 1
3310 -64 1
3311 63 1
3312 63 1
3313 63 1
3314 -64 1
3315 63 1
3316 63 1
3317 -64 1
3318 -64 1
3319 63 1
3320 -64 1
3321 63 1
3322 63 1
3323 -64 1
3324 63 1
3325 -64 1
3326 63 1
3327 -64 1
3328 -64 1
3329 -64 1
3330 63 1
3331 63 1
3332 63 1
3333 63 1
3334 -64 1
3335 -64 1
3336 63 1
3337 -64 1
3338 63 1
3339 63 1
3340 63 1
3341 63 1
3342 -64 1
3343 63 1
3344 63 1
3345 63 1
3346 -64 1
3347 63 1
3348 -64 1
3349 -64 1
3350 63 1
3351 -64 1
3352 63 1
3353 63 1
3354 -64 1
3355 -64 1
3356 -64 1
3357 63 1
3358 -64 1
3359 -64 1
3360 -64 1
3361 63 1
3362 -64 1
3363 -64 1
3364 -64 1
3365 63 1
3366 63 1
3367 63 1
3368 -64 1
3369 63 1
3370 -64 1
3371 63 1
3372 -64 1
3373 -64 1
3374 -64 1
3375 63 1
3376 63 1
3377 63 1
3378 -64 1
3379 63 1
3380 -64 1
3381 63 1
3382 63 1
3383 63 1
3384 -64 1
3385 63 1
3386 -64 1
3387 -64 1
3388 -64 1
3389 63 1
3390 63 1
3391 63 1
3392 63 1
3393 -64 1
3394 63 1
3395 -64 1
3396 -64 1
3397 -64 1
3398 63 1
3399 63 1
3400 -64 1
3401 63 1
3402 63 1
3403 -64 1
3404 -64 1
3405 -64 1
3406 -64 1
3407 63 1
3408 63 1
3409 -64 1
3410 63 1
3411 63 1
3412 63 1
3413 -64 1
3414 -64 1
3415 63 1
3416 -64 1
3417 -64 1
3418 -64 1
3419 63 1
3420 63 1
3421 -64 1
3422 63 1
3423 -64 1
3424 63 1
3425 -64 1
3426 63 1
3427 63 1
3428 63 1
3429 63 1
3430 -64 1
3431 -64 1
3432 63 1
3433 -64 1
3434 63 1
3435 63 1
3436 -64 1
3437 63 1
3438 -64 1
3439 63 1
3440 63 1
3441 -64 1
3442 -64 1
3443 63 1
3444 -64 1
3445 63 1
3446 63 1
3447 63 1
3448 63 1
3449 -64 1
3450 63 1
3451 -64 1
3452 -64 1
3453 -64 1
3454 -64 1
3455 63 1
3456 -64 1
3457 63 1
3458 -64 1
3459 -64 1
3460 63 1
3461 63 1
3462 63 1
3463 63 1
3464 63 1
3465 63 1
3466 -64 1
3467 63 1
3468 63 1
3469 -64 1
3470 -64 1
3471 63 1
3472 63 1
3473 -64 1
3474 63 1
3475 -64 1
3476 63 1
3477 -64 1
3478 63 1
3479 -64 1
3480 63 1
3481 63 1
3482 -64 1
3483 -64 1
3484 -64 1
3485 63 1
3486 63 1
3487 -64 1
3488 63 1
3489 63 1
3490 -64 1
3491 63 1
3492 -64 1
3493 -64 1
3494 63 1
3495 -64 1
3496 63 1
3497 63 1
3498 63 1
3499 63 1
3500 -64 1
3501 63 1
3502 63 1
3503 63 1
3504 63 1
3505 -64 1
3506 -64 1
3507 -64 1
3508 -64 1
3509 -64 1
3510 63 1
3511 -64 1
3512 63 1
3513 -64 1
3514 63 1
3515 -64 1
3516 63 1
3517 -64 1
3518 63 1
3519 -64 1
3520 -64 1
3521 63 1
3522 -64 1
3523 -64 1
3524 -64 1
3525 63 1
3526 63 1
3527 63 1
3528 63 1
3529 -64 1
3530 63 1
3531 -64 1
3532 -64 1
3533 63 1
3534 -64 1
3535 63 1
3536 -64 1
3537 -64 1
3538 63 1
3539 -64 1
3540 63 1
3541 63 1
3542 63 1
3543 -64 1
3544 -64 1
3545 -64 1
3546 -64 1
3547 -64 1
3548 63 1
3549 -64 1
3550 63 1
3551 63 1
3552 63 1
3553 -64 1
3554 63 1
3555 -64 1
3556 63 1
3557 -64 1
3558 63 1
3559 63 1
3560 63 1
3561 -64 1
3562 -64 1
3563 -64 1
3564 63 1
3565 63 1
3566 63 1
3567 63 1
3568 -64 1
3569 -64 1
3570 63 1
3571 -64 1
3572 63 1
3573 -64 1
3574 63 1
3575 -64 1
3576 -64 1
3577 63 1
3578 63 1
3579 -64 1
3580 63 1
3581 63 1
3582 63 1
3583 63 1
3584 63 1
3585 63 1
3586 -64 1
3587 63 1
3588 -64 1
3589 63 1
3590 63 1
3591 63 1
3592 -64 1
3593 -64 1
3594 -64 1
3595 -64 1
3596 63 1
3597 63 1
3598 63 1
3599 63 1
3600 63 1
3601 63 1
3602 -64 1
3603 63 1
3604 63 1
3605 -64 1
3606 63 1
3607 63 1
3608 -64 1
3609 63 1
3610 -64 1
3611 -64 1
3612 -64 1
3613 63 1
3614 -64 1
3615 63 1
3616 63 1
3617 63 1
3618 -64 1
3619 63 1
3620 63 1
3621 -64 1
3622 -64 1
3623 63 1
3624 -64 1
3625 -64 1
3626 -64 1
3627 63 1
3628 63 1
3629 63 1
3630 63 1
3631 -64 1
3632 -64 1
3633 -64 1
3634 -64 1
3635 63 1
3636 63 1
3637 -64 1
3638 -64 1
3639 63 1
3640 -64 1
3641 63 1
3642 -64 1
3643 -64 1
3644 -64 1
3645 -64 1
3646 63 1
3647 -64 1
3648 63 1
3649 -64 1
3650 -64 1
3651 -64 1
3652 -64 1
3653 -64 1
3654 63 1
3655 -64 1
3656 63 1
3657 -64 1
3658 63 1
3659 -64 1
3660 -64 1
3661 -64 1
3662 -64 1
3663 -64 1
3664 -64 1
3665 -64 1
3666 -64 1
3667 63 1
3668 63 1
3669 63 1
3670 63 1
3671 63 1
3672 -64 1
3673 63 1
3674 -64 1
3675 63 1
3676 -64 1
3677 63 1
3678 63 1
3679 63 1
3680 -64 1
3681 -64 1
3682 -64 1
3683 63 1
3684 63 1
3685 -64 1
3686 -64 1
3687 -64 1
3688 63 1
3689 63 1
3690 -64 1
3691 63 1
3692 -64 1
3693 -64 1
3694 -64 1
3695 63 1
3696 63 1
3697 63 1
3698 -64 1
3699 -64 1
3700 -64 1
3701 63 1
3702 -64 1
3703 -64 1
3704 -64 1
3705 -64 1
3706 63 1
3707 63 1
3708 -64 1
3709 -64 1
3710 63 1
3711 63 1
3712 63 1
3713 63 1
3714 63 1
3715 -64 1
3716 63 1
3717 63 1
3718 63 1
3719 63 1
3720 -64 1
3721 63 1
3722 -64 1
3723 63 1
3724 63 1
3725 -64 1
3726 63 1
3727 63 1
3728 -64 1
3729 -64 1
3730 -64 1
3731 -64 1
3732 63 1
3733 63 1
3734 63 1
3735 -64 1
3736 -64 1
3737 -64 1
3738 -64 1
3739 63 1
3740 63 1
3741 63 1
3742 -64 1
3743 63 1
3744 63 1
3745 63 1
3746 63 1
3747 -64 1
3748 -64 1
3749 63 1
3750 -64 1
3751 -64 1
3752 -64 1
3753 -64 1
3754 -64 1
3755 63 1
3756 63 1
3757 -64 1
3758 -64 1
3759 -64 1
3760 -64 1
3761 63 1
3762 -64 1
3763 -64 1
3764 -64 1
3765 -64 1
3766 -64 1
3767 -64 1
3768 63 1
3769 -64 1
3770 -64 1
3771 63 1
3772 -64 1
3773 63 1
3774 -64 1
3775 -64 1
3776 -64 1
3777 63 1
3778 63 1
3779 63 1
3780 -64 1
3781 -64 1
3782 -64 1
3783 63 1
3784 63 1
3785 63 1
3786 63 1
3787 63 1
3788 63 1
3789 63 1
3790 -64 1
3791 -64 1
3792 -64 1
3793 63 1
3794 -64 1
3795 -64 1
3796 -64 1
3797 -64 1
3798 63 1
3799 -64 1
3800 63 1
3801 63 1
3802 -64 1
3803 -64 1
3804 -64 1
3805 63 1
3806 63 1
3807 -64 1
3808 63 1
3809 -64 1
3810 -64 1
3811 63 1
3812 63 1
3813 -64 1
3814 63 1
3815 -64 1
3816 63 1
3817 -64 1
3818 -64 1
3819 -64 1
3820 -64 1
3821 63 1
3822 -64 1
3823 63 1
3824 63 1
3825 63 1
3826 63 1
3827 -64 1
3828 63 1
3829 63 1
3830 63 1
3831 63 1
3832 63 1
3833 63 1
3834 -64 1
3835 63 1
3836 -64 1
3837 63 1
3838 63 1
3839 63 1
3840 -64 1
3841 63 1
3842 63 1
3843 -64 1
3844 63 1
3845 -64 1
3846 -64 1
3847 63 1
3848 63 1
3849 63 1
3850 63 1
3851 -64 1
3852 63 1
3853 63 1
3854 63 1
3855 -64 1
3856 -64 1
3857 -64 1
3858 -64 1
3859 63 1
3860 -64 1
3861 63 1
3862 -64 1
3863 63 1
3864 -64 1
3865 63 1
3866 -64 1
3867 -64 1
3868 63 1
3869 -64 1
3870 -64 1
3871 63 1
3872 63 1
3873 63 1
3874 -64 1
3875 -64 1
3876 63 1
3877 -64 1
3878 63 1
3879 -64 1
3880 63 1
3881 -64 1
3882 -64 1
3883 -64 1
3884 63 1
3885 63 1
3886 63 1
3887 -64 1
3888 -64 1
3889 63 1
3890 63 1
3891 -64 1
3892 63 1
3893 -64 1
3894 -64 1
3895 63 1
3896 63 1
3897 63 1
3898 63 1
3899 63 1
3900 63 1
3901 63 1
3902 63 1
3903 63 1
3904 63 1
3905 -64 1
3906 63 1
3907 63 1
3908 -64 1
3909 -64 1
3910 63 1
3911 -64 1
3912 -64 1
3913 63 1
3914 63 1
3915 63 1
3916 -64 1
3917 -64 1
3918 -64 1
3919 63 1
3920 63 1
3921 -64 1
3922 -64 1
3923 -64 1
3924 63 1
3925 63 1
3926 63 1
3927 63 1
3928 -64 1
3929 -64 1
3930 -64 1
3931 -64 1
3932 -64 1
3933 -64 1
3934 -64 1
3935 -64 1
3936 63 1
3937 -64 1
3938 -64 1
3939 63 1
3940 -64 1
3941 63 1
3942 63 1
3943 63 1
3944 63 1
3945 -64 1
3946 -64 1
3947 -64 1
3948 63 1
3949 63 1
3950 -64 1
3951 -64 1
3952 -64 1
3953 63 1
3954 -64 1
3955 -64 1
3956 63 1
3957 -64 1
3958 -64 1
3959 -64 1
3960 -64 1
3961 -64 1
3962 63 1
3963 63 1
3964 -64 1
3965 63 1
3966 63 1
3967 63 1
3968 -64 1
3969 -64 1
3970 63 1
3971 63 1
3972 63 1
3973 63 1
3974 63 1
3975 -64 1
3976 63 1
3977 -64 1
3978 63 1
3979 63 1
3980 -64 1
3981 -64 1
3982 -64 1
3983 63 1
3984 -64 1
3985 -64 1
3986 63 1
3987 63 1
3988 -64 1
3989 63 1
3990 63 1
3991 -64 1
3992 -64 1
3993 63 1
3994 -64 1
3995 -64 1
3996 -64 1
3997 -64 1
3998 -64 1
3999 -64 1
4000 -64 1
4001 -64 1
4002 63 1
4003 63 1
4004 -64 1
4005 -64 1
4006 -64 1
4007 -64 1
4008 63 1
4009 63 1
4010 -64 1
4011 63 1
4012 -64 1
4013 -64 1
4014 -64 1
4015 -64 1
4016 -64 1
4017 -64 1
4018 63 1
4019 63 1
4020 63 1
4021 -64 1
4022 63 1
4023 63 1
4024 63 1
4025 63 1
4026 63 1
4027 -64 1
4028 63 1
4029 -64 1
4030 -64 1
4031 -64 1
4032 63 1
4033 63 1
4034 63 1
4035 63 1
4036 63 1
4037 63 1
4038 63 1
4039 63 1
4040 63 1
4041 63 1
4042 63 1
4043 -64 1
4044 -64 1
4045 -64 1
4046 63 1
4047 -64 1
4048 -64 1
4049 -64 1
4050 -64 1
4051 63 1
4052 -64 1
4053 63 1
4054 63 1
4055 63 1
4056 63 1
4057 63 1
4058 -64 1
4059 63 1
4060 -64 1
4061 63 1
4062 63 1
4063 63 1
4064 63 1
4065 -64 1
4066 -64 1
4067 -64 1
4068 63 1
4069 -64 1
4070 -64 1
4071 63 1
4072 63 1
4073 63 1
4074 -64 1
4075 -64 1
4076 63 1
4077 -64 1
4078 -64 1
4079 -64 1
4080 63 1
4081 -64 1
4082 63 1
4083 63 1
4084 -64 1
4085 63 1
4086 -64 1
4087 63 1
4088 -64 1
4089 63 1
4090 63 1
4091 63 1
4092 -64 1
4093 63 1
4094 63 1
4095 63 1
4096 63 1
4097 63 1
4098 63 1
4099 63 1
4100 -64 1
4101 -64 1
4102 63 1
4103 -64 1
4104 -64 1
4105 63 1
4106 -64 1
4107 63 1
4108 -64 1
4109 63 1
4110 63 1
4111 63 1
4112 -64 1
4113 -64 1
4114 63 1
4115 -64 1
4116 -64 1
4117 -64 1
4118 63 1
4119 63 1
4120 63 1
4121 -64 1
4122 63 1
4123 63 1
4124 -64 1
4125 -64 1
4126 63 1
4127 -64 1
4128 -64 1
4129 -64 1
4130 63 1
4131 63 1
4132 63 1
4133 63 1
4134 -64 1
4135 63 1
4136 63 1
4137 63 1
4138 63 1
4139 -64 1
4140 63 1
4141 -64 1
4142 63 1
4143 63 1
4144 -64 1
4145 63 1
4146 -64 1
4147 -64 1
4148 -64 1
4149 63 1
4150 -64 1
4151 -64 1
4152 63 1
4153 -64 1
4154 -64 1
4155 -64 1
4156 -64 1
4157 63 1
4158 63 1
4159 -64 1
4160 63 1
4161 63 1
4162 -64 1
4163 -64 1
4164 -64 1
4165 63 1
4166 63 1
4167 63 1
4168 -64 1
4169 63 1
4170 -64 1
4171 -64 1
4172 -64 1
4173 63 1
4174 63 1
4175 63 1
4176 63 1
4177 -64 1
4178 -64 1
4179 -64 1
4180 63 1
4181 -64 1
4182 -64 1
4183 -64 1
4184 63 1
4185 -64 1
4186 63 1
4187 63 1
4188 -64 1
4189 -64 1
4190 -64 1
4191 -64 1
4192 -64 1
4193 -64 1
4194 -64 1
4195 -64 1
4196 63 1
4197 63 1
4198 63 1
4199 63 1
4200 -64 1
4201 63 1
4202 63 1
4203 -64 1
4204 -64 1
4205 -64 1
4206 63 1
4207 63 1
4208 -64 1
4209 -64 1
4210 -64 1
4211 -64 1
4212 63 1
4213 63 1
4214 63 1
4215 63 1
4216 63 1
4217 63 1
4218 63 1
4219 -64 1
4220 63 1
4221 63 1
4222 -64 1
4223 63 1
4224 63 1
4225 -64 1
4226 -64 1
4227 -64 1
4228 63 1
4229 -64 1
4230 63 1
4231 -64 1
4232 -64 1
4233 -64 1
4234 63 1
4235 -64 1
4236 63 1
4237 -64 1
4238 -64 1
4239 63 1
4240 63 1
4241 63 1
4242 -64 1
4243 -64 1
4244 63 1
4245 -64 1
4246 63 1
4247 63 1
4248 -64 1
4249 -64 1
4250 63 1
4251 63 1
4252 -64 1
4253 -64 1
4254 -64 1
4255 -64 1
4256 63 1
4257 63 1
4258 63 1
4259 -64 1
4260 63 1
4261 -64 1
4262 -64 1
4263 63 1
4264 63 1
4265 -64 1
4266 -64 1
4267 63 1
4268 -64 1
4269 -64 1
4270 63 1
4271 -64 1
4272 63 1
4273 -64 1
4274 63 1
4275 -64 1
4276 63 1
4277 63 1
4278 -64 1
4279 -64 1
4280 63 1
4281 63 1
4282 63 1
4283 -64 1
4284 -64 1
4285 -64 1
4286 -64 1
4287 -64 1
4288 63 1
4289 63 1
4290 63 1
4291 -64 1
4292 63 1
4293 -64 1
4294 -64 1
4295 63 1
4296 -64 1
4297 -64 1
4298 63 1
4299 -64 1
4300 -64 1
4301 63 1
4302 63 1
4303 63 1
4304 63 1
4305 -64 1
4306 -64 1
4307 63 1
4308 63 1
4309 -64 1
4310 63 1
4311 63 1
4312 -64 1
4313 63 1
4314 63 1
4315 63 1
4316 -64 1
4317 63 1
4318 63 1
4319 -64 1
4320 63 1
4321 -64 1
4322 -64 1
4323 63 1
4324 -64 1
4325 -64 1
4326 63 1
4327 63 1
4328 -64 1
4329 63 1
4330 63 1
4331 63 1
4332 63 1
4333 -64 1
4334 63 1
4335 63 1
4336 63 1
4337 -64 1
4338 63 1
4339 63 1
4340 -64 1
4341 -64 1
4342 63 1
4343 -64 1
4344 63 1
4345 -64 1
4346 -64 1
4347 63 1
4348 63 1
4349 -64 1
4350 -64 1
4351 -64 1
4352 63 1
4353 63 1
4354 63 1
4355 -64 1
4356 -64 1
4357 63 1
4358 63 1
4359 63 1
4360 63 1
4361 -64 1
4362 -64 1
4363 63 1
4364 63 1
4365 63 1
4366 -64 1
4367 63 1
4368 63 1
4369 63 1
4370 -64 1
4371 63 1
4372 63 1
4373 63 1
4374 -64 1
4375 63 1
4376 -64 1
4377 63 1
4378 63 1
4379 -64 1
4380 63 1
4381 63 1
4382 -64 1
4383 63 1
4384 63 1
4385 63 1
4386 63 1
4387 63 1
4388 -64 1
4389 63 1
4390 -64 1
4391 63 1
4392 -64 1
4393 -64 1
4394 -64 1
4395 63 1
4396 -64 1
4397 63 1
4398 -64 1
4399 -64 1
4400 63 1
4401 -64 1
4402 -64 1
4403 63 1
4404 63 1
4405 -64 1
4406 63 1
4407 -64 1
4408 -64 1
4409 -64 1
4410 63 1
4411 63 1
4412 63 1
4413 63 1
4414 -64 1
4415 63 1
4416 63 1
4417 63 1
4418 -64 1
4419 -64 1
4420 -64 1
4421 63 1
4422 -64 1
4423 -64 1
4424 63 1
4425 -64 1
4426 63 1
4427 63 1
4428 63 1
4429 63 1
4430 63 1
4431 63 1
4432 63 1
4433 63 1
4434 63 1
4435 -64 1
4436 63 1
4437 63 1
4438 -64 1
4439 63 1
4440 -64 1
4441 -64 1
4442 -64 1
4443 -64 1
4444 -64 1
4445 63 1
4446 63 1
4447 63 1
4448 -64 1
4449 63 1
4450 -64 1
4451 -64 1
4452 63 1
4453 -64 1
4454 63 1
4455 63 1
4456 -64 1
4457 -64 1
4458 63 1
4459 63 1
4460 -64 1
4461 -64 1
4462 -64 1
4463 63 1
4464 63 1
4465 63 1
4466 -64 1
4467 -64 1
4468 63 1
4469 63 1
4470 -64 1
4471 63 1
4472 -64 1
4473 63 1
4474 63 1
4475 63 1
4476 63 1
4477 63 1
4478 -64 1
4479 63 1
4480 -64 1
4481 63 1
4482 -64 1
4483 63 1
4484 63 1
4485 63 1
4486 -64 1
4487 -64 1
4488 -64 1
4489 63 1
4490 -64 1
4491 -64 1
4492 -64 1
4493 -64 1
4494 63 1
4495 63 1
4496 63 1
4497 63 1
4498 -64 1
4499 63 1
4500 -64 1
4501 -64 1
4502 63 1
4503 63 1
4504 -64 1
4505 -64 1
4506 63 1
4507 -64 1
4508 63 1
4509 -64 1
4510 63 1
4511 -64 1
4512 -64 1
4513 63 1
4514 63 1
4515 63 1
4516 -64 1
4517 -64 1
4518 63 1
4519 -64 1
4520 63 1
4521 63 1
4522 63 1
4523 -64 1
4524 63 1
4525 63 1
4526 -64 1
4527 63 1
4528 63 1
4529 63 1
4530 63 1
4531 63 1
4532 63 1
4533 63 1
4534 -64 1
4535 -64 1
4536 -64 1
4537 63 1
4538 63 1
4539 -64 1
4540 -64 1
4541 -64 1
4542 -64 1
4543 -64 1
4544 63 1
4545 63 1
4546 -64 1
4547 63 1
4548 63 1
4549 -64 1
4550 63 1
4551 -64 1
4552 63 1
4553 63 1
4554 63 1
4555 -64 1
4556 -64 1
4557 -64 1
4558 -64 1
4559 63 1
4560 63 1
4561 -64 1
4562 -64 1
4563 63 1
4564 -64 1
4565 63 1
4566 63 1
4567 63 1
4568 63 1
4569 63 1
4570 -64 1
4571 63 1
4572 63 1
4573 -64 1
4574 -64 1
4575 63 1
4576 63 1
4577 63 1
4578 -64 1
4579 -64 1
4580 63 1
4581 63 1
4582 -64 1
4583 63 1
4584 -64 1
4585 -64 1
4586 -64 1
4587 -64 1
4588 63 1
4589 63 1
4590 63 1
4591 -64 1
4592 -64 1
4593 63 1
4594 -64 1
4595 63 1
4596 63 1
4597 -64 1
4598 -64 1
4599 -64 1
4600 63 1
4601 -64 1
4602 -64 1
4603 63 1
4604 63 1
4605 63 1
4606 63 1
4607 -64 1
4608 -64 1
4609 63 1
4610 -64 1
4611 -64 1
4612 -64 1
4613 -64 1
4614 63 1
4615 -64 1
4616 -64 1
4617 63 1
4618 -64 1
4619 -64 1
4620 -64 1
4621 63 1
4622 63 1
4623 63 1
4624 -64 1
4625 -64 1
4626 63 1
4627 -64 1
4628 63 1
4629 -64 1
4630 63 1
4631 -64 1
4632 -64 1
4633 63 1
4634 -64 1
4635 63 1
4636 63 1
4637 -64 1
4638 -64 1
4639 63 1
4640 -64 1
4641 -64 1
4642 -64 1
4643 -64 1
4644 63 1
4645 63 1
4646 -64 1
4647 63 1
4648 -64 1
4649 63 1
4650 63 1
4651 -64 1
4652 63 1
4653 63 1
4654 63 1
4655 63 1
4656 -64 1
4657 -64 1
4658 63 1
4659 63 1
4660 63 1
4661 63 1
4662 63 1
4663 -64 1
4664 -64 1
4665 63 1
4666 -64 1
4667 -64 1
4668 63 1
4669 -64 1
4670 63 1
4671 63 1
4672 -64 1
4673 63 1
4674 63 1
4675 -64 1
4676 63 1
4677 63 1
4678 63 1
4679 63 1
4680 63 1
4681 -64 1
4682 63 1
4683 -64 1
4684 -64 1
4685 63 1
4686 63 1
4687 63 1
4688 63 1
4689 -64 1
4690 -64 1
4691 -64 1
4692 63 1
4693 63 1
4694 -64 1
4695 63 1
4696 -64 1
4697 63 1
4698 63 1
4699 -64 1
4700 -64 1
4701 63 1
4702 63 1
4703 -64 1
4704 63 1
4705 -64 1
4706 63 1
4707 63 1
4708 63 1
4709 -64 1
4710 63 1
4711 -64 1
4712 63 1
4713 63 1
4714 -64 1
4715 63 1
4716 -64 1
4717 63 1
4718 -64 1
4719 -64 1
4720 -64 1
4721 63 1
4722 -64 1
4723 -64 1
4724 -64 1
4725 63 1
4726 -64 1
4727 63 1
4728 63 1
4729 -64 1
4730 -64 1
4731 -64 1
4732 63 1
4733 -64 1
4734 63 1
4735 -64 1
4736 63 1
4737 -64 1
4738 -64 1
4739 63 1
4740 63 1
4741 -64 1
4742 63 1
4743 -64 1
4744 -64 1
4745 -64 1
4746 -64 1
4747 -64 1
4748 63 1
4749 -64 1
4750 -64 1
4751 63 1
4752 -64 1
4753 63 1
4754 -64 1
4755 -64 1
4756 63 1
4757 -64 1
4758 -64 1
4759 63 1
4760 63 1
4761 63 1
4762 63 1
4763 63 1
4764 -64 1
4765 63 1
4766 63 1
4767 -64 1
4768 -64 1
4769 63 1
4770 63 1
4771 -64 1
4772 -64 1
4773 -64 1
4774 -64 1
4775 63 1
4776 -64 1
4777 63 1
4778 -64 1
4779 63 1
4780 -64 1
4781 63 1
4782 -64 1
4783 -64 1
4784 -64 1
4785 -64 1
4786 -64 1
4787 -64 1
4788 63 1
4789 -64 1
4790 -64 1
4791 63 1
4792 63 1
4793 -64 1
4794 -64 1
4795 -64 1
4796 63 1
4797 63 1
4798 -64 1
4799 -64 1
4800 63 1
4801 -64 1
4802 63 1
4803 -64 1
4804 -64 1
4805 63 1
4806 -64 1
4807 63 1
4808 -64 1
4809 63 1
4810 -64 1
4811 -64 1
4812 -64 1
4813 -64 1
4814 -64 1
4815 -64 1
4816 63 1
4817 63 1
4818 -64 1
4819 63 1
4820 63 1
4821 63 1
4822 -64 1
4823 -64 1
4824 63 1
4825 -64 1
4826 -64 1
4827 63 1
4828 -64 1
4829 -64 1
4830 63 1
4831 -64 1
4832 -64 1
4833 -64 1
4834 -64 1
4835 -64 1
4836 63 1
4837 -64 1
4838 63 1
4839 63 1
4840 63 1
4841 63 1
4842 63 1
4843 -64 1
4844 63 1
4845 -64 1
4846 -64 1
4847 -64 1
4848 -64 1
4849 -64 1
4850 63 1
4851 -64 1
4852 -64 1
4853 63 1
4854 -64 1
4855 -64 1
4856 63 1
4857 -64 1
4858 -64 1
4859 63 1
4860 -64 1
4861 -64 1
4862 -64 1
4863 63 1
4864 63 1
4865 63 1
4866 63 1
4867 -64 1
4868 63 1
4869 63 1
4870 63 1
4871 63 1
4872 -64 1
4873 -64 1
4874 -64 1
4875 63 1
4876 -64 1
4877 63 1
4878 63 1
4879 -64 1
4880 63 1
4881 -64 1
4882 63 1
4883 63 1
4884 63 1
4885 63 1
4886 -64 1
4887 63 1
4888 -64 1
4889 -64 1
4890 -64 1
4891 63 1
4892 63 1
4893 -64 1
4894 63 1
4895 63 1
4896 -64 1
4897 -64 1
4898 -64 1
4899 63 1
4900 63 1
4901 -64 1
4902 63 1
4903 63 1
4904 63 1
4905 63 1
4906 -64 1
4907 63 1
4908 63 1
4909 63 1
4910 -64 1
4911 -64 1
4912 -64 1
4913 63 1
4914 -64 1
4915 -64 1
4916 63 1
4917 -64 1
4918 63 1
4919 -64 1
4920 -64 1
4921 -64 1
4922 -64 1
4923 -64 1
4924 63 1
4925 -64 1
4926 -64 1
4927 63 1
4928 -64 1
4929 63 1
4930 -64 1
4931 63 1
4932 -64 1
4933 63 1
4934 -64 1
4935 63 1
4936 63 1
4937 63 1
4938 -64 1
4939 63 1
4940 63 1
4941 63 1
4942 -64 1
4943 63 1
4944 -64 1
4945 -64 1
4946 -64 1
4947 63 1
4948 63 1
4949 -64 1
4950 -64 1
4951 -64 1
4952 63 1
4953 63 1
4954 63 1
4955 -64 1
4956 63 1
4957 -64 1
4958 -64 1
4959 63 1
4960 63 1
4961 -64 1
4962 -64 1
4963 -64 1
4964 63 1
4965 -64 1
4966 -64 1
4967 63 1
4968 63 1
4969 -64 1
4970 -64 1
4971 -64 1
4972 63 1
4973 63 1
4974 -64 1
4975 63 1
4976 63 1
4977 63 1
4978 63 1
4979 -64 1
4980 63 1
4981 -64 1
4982 63 1
4983 -64 1
4984 63 1
4985 -64 1
4986 63 1
4987 63 1
4988 63 1
4989 -64 1
4990 -64 1
4991 -64 1
4992 63 1
4993 -64 1
4994 63 1
4995 -64 1
4996 -64 1
4997 63 1
4998 63 1
4999 63 1
5000 -64 1
5001 63 1
5002 -64 1
5003 63 1
5004 -64 1
5005 63 1
5006 -64 1
5007 63 1
5008 -64 1
5009 -64 1
5010 63 1
5011 63 1
5012 -64 1
5013 -64 1
5014 -64 1
5015 -64 1
5016 63 1
5017 63 1
5018 63 1
5019 -64 1
5020 -64 1
5021 -64 1
5022 -64 1
5023 63 1
5024 -64 1
5025 -64 1
5026 -64 1
5027 63 1
5028 63 1
5029 63 1
5030 63 1
5031 63 1
5032 -64 1
5033 63 1
5034 63 1
5035 -64 1
5036 -64 1
5037 -64 1
5038 63 1
5039 63 1
5040 63 1
5041 63 1
5042 -64 1
5043 -64 1
5044 63 1
5045 63 1
5046 -64 1
5047 63 1
5048 63 1
5049 -64 1
5050 -64 1
5051 -64 1
5052 -64 1
5053 63 1
5054 63 1
5055 63 1
5056 -64 1
5057 63 1
5058 -64 1
5059 63 1
5060 63 1
5061 63 1
5062 -64 1
5063 -64 1
5064 63 1
5065 -64 1
5066 -64 1
5067 63 1
5068 63 1
5069 63 1
5070 -64 1
5071 -64 1
5072 -64 1
5073 63 1
5074 -64 1
5075 -64 1
5076 63 1
5077 63 1
5078 63 1
5079 63 1
5080 -64 1
5081 63 1
5082 -64 1
5083 63 1
5084 -64 1
5085 63 1
5086 -64 1
5087 63 1
5088 -64 1
5089 63 1
5090 -64 1
5091 63 1
5092 -64 1
5093 -64 1
5094 -64 1
5095 -64 1
5096 63 1
5097 63 1
5098 -64 1
5099 -64 1
5100 -64 1
5101 -64 1
5102 63 1
5103 -64 1
5104 63 1
5105 -64 1
5106 -64 1
5107 -64 1
5108 63 1
5109 -64 1
5110 -64 1
5111 -64 1
5112 63 1
5113 -64 1
5114 -64 1
5115 63 1
5116 63 1
5117 -64 1
5118 63 1
5119 -64 1
5120 63 1
5121 63 1
5122 -64 1
5123 63 1
5124 -64 1
5125 63 1
5126 63 1
5127 63 1
5128 -64 1
5129 -64 1
5130 -64 1
5131 -64 1
5132 -64 1
5133 -64 1
5134 -64 1
5135 63 1
5136 63 1
5137 -64 1
5138 -64 1
5139 63 1
5140 63 1
5141 63 1
5142 63 1
5143 -64 1
5144 -64 1
5145 63 1
5146 -64 1
5147 63 1
5148 63 1
5149 -64 1
5150 63 1
5151 63 1
5152 -64 1
5153 -64 1
5154 63 1
5155 -64 1
5156 -64 1
5157 -64 1
5158 63 1
5159 -64 1
5160 63 1
5161 -64 1
5162 63 1
5163 -64 1
5164 63 1
5165 63 1
5166 -64 1
5167 63 1
5168 -64 1
5169 63 1
5170 63 1
5171 63 1
5172 63 1
5173 63 1
5174 -64 1
5175 -64 1
5176 -64 1
5177 -64 1
5178 -64 1
5179 -64 1
5180 -64 1
5181 63 1
5182 -64 1
5183 63 1
5184 63 1
5185 63 1
5186 63 1
5187 63 1
5188 -64 1
5189 63 1
5190 63 1
5191 63 1
5192 63 1
5193 63 1
5194 63 1
5195 -64 1
5196 -64 1
5197 63 1
5198 63 1
5199 63 1
5200 -64 1
5201 -64 1
5202 -64 1
5203 63 1
5204 63 1
5205 -64 1
5206 -64 1
5207 -64 1
5208 63 1
5209 63 1
5210 -64 1
5211 63 1
5212 63 1
5213 63 1
5214 63 1
5215 63 1
5216 -64 1
5217 63 1
5218 63 1
5219 -64 1
5220 -64 1
5221 -64 1
5222 -64 1
5223 63 1
5224 -64 1
5225 63 1
5226 63 1
5227 63 1
5228 -64 1
5229 63 1
5230 -64 1
5231 63 1
5232 -64 1
5233 63 1
5234 -64 1
5235 63 1
5236 -64 1
5237 -64 1
5238 -64 1
5239 -64 1
5240 63 1
5241 -64 1
5242 63 1
5243 -64 1
5244 -64 1
5245 -64 1
5246 63 1
5247 -64 1
5248 63 1
5249 -64 1
5250 -64 1
5251 63 1
5252 -64 1
5253 63 1
5254 -64 1
5255 -64 1
5256 -64 1
5257 63 1
5258 63 1
5259 -64 1
5260 -64 1
5261 -64 1
5262 63 1
5263 63 1
5264 -64 1
5265 63 1
5266 63 1
5267 -64 1
5268 -64 1
5269 63 1
5270 -64 1
5271 -64 1
5272 -64 1
5273 63 1
5274 63 1
5275 63 1
5276 63 1
5277 63 1
5278 63 1
5279 63 1
5280 -64 1
5281 -64 1
5282 63 1
5283 63 1
5284 -64 1
5285 63 1
5286 63 1
5287 63 1
5288 63 1
5289 -64 1
5290 63 1
5291 63 1
5292 63 1
5293 63 1
5294 63 1
5295 63 1
5296 -64 1
5297 63 1
5298 -64 1
5299 -64 1
5300 -64 1
5301 63 1
5302 63 1
5303 -64 1
5304 63 1
5305 -64 1
5306 -64 1
5307 -64 1
5308 -64 1
5309 -64 1
5310 -64 1
5311 63 1
5312 -64 1
5313 -64 1
5314 -64 1
5315 -64 1
5316 -64 1
5317 63 1
5318 63 1
5319 63 1
5320 63 1
5321 -64 1
5322 -64 1
5323 63 1
5324 63 1
5325 63 1
5326 63 1
5327 -64 1
5328 63 1
5329 -64 1
5330 63 1
5331 63 1
5332 63 1
5333 -64 1
5334 63 1
5335 -64 1
5336 -64 1
5337 63 1
5338 63 1
5339 63 1
5340 -64 1
5341 -64 1
5342 -64 1
5343 -64 1
5344 -64 1
5345 -64 1
5346 -64 1
5347 63 1
5348 -64 1
5349 63 1
5350 -64 1
5351 63 1
5352 63 1
5353 -62 1
5354 63 1
5355 -64 1
5356 63 1
5357 -64 1
5358 63 1
5359 63 1
5360 62 1
5361 -64 1
5362 63 1
5363 63 1
5364 63 1
5365 -64 1
5366 63 1
5367 63 1
5368 63 1
5369 -64 1
5370 -64 1
5371 63 1
5372 63 1
5373 63 1
5374 63 1
5375 63 1
5376 -64 1
5377 -64 1
5378 -64 1
5379 63 1
5380 63 1
5381 63 1
5382 63 1
5383 -64 1
5384 63 1
5385 -64 1
5386 -64 1
5387 63 1
5388 -64 1
5389 -64 1
5390 -64 1
5391 -64 1
5392 63 1
5393 -64 1
5394 63 1
5395 63 1
5396 -64 1
5397 -64 1
5398 63 1
5399 63 1
5400 -64 1
5401 63 1
5402 -64 1
5403 63 1
5404 63 1
5405 63 1
5406 -64 1
5407 63 1
5408 -64 1
5409 63 1
5410 63 1
5411 63 1
5412 63 1
5413 63 1
5414 -64 1
5415 -64 1
5416 63 1
5417 63 1
5418 -64 1
5419 -64 1
5420 63 1
5421 63 1
5422 -64 1
5423 63 1
5424 63 1
5425 -64 1
5426 -64 1
5427 63 1
5428 63 1
5429 -64 1
5430 63 1
5431 -64 1
5432 63 1
5433 63 1
5434 63 1
5435 -64 1
5436 -64 1
5437 -64 1
5438 63 1
5439 63 1
5440 63 1
5441 -64 1
5442 63 1
5443 63 1
5444 -64 1
5445 -64 1
5446 -64 1
5447 63 1
5448 -64 1
5449 -64 1
5450 63 1
5451 -64 1
5452 -64 1
5453 63 1
5454 -64 1
5455 63 1
5456 63 1
5457 -64 1
5458 -64 1
5459 63 1
5460 -64 1
5461 63 1
5462 -64 1
5463 63 1
5464 63 1
5465 -64 1
5466 63 1
5467 63 1
5468 63 1
5469 -64 1
5470 -64 1
5471 -64 1
5472 -64 1
5473 -64 1
5474 -64 1
5475 -64 1
5476 63 1
5477 -64 1
5478 63 1
5479 63 1
5480 63 1
5481 -64 1
5482 -64 1
5483 -64 1
5484 -64 1
5485 63 1
5486 63 1
5487 -64 1
5488 -64 1
5489 63 1
5490 -64 1
5491 63 1
5492 -64 1
5493 63 1
5494 63 1
5495 63 1
5496 -64 1
5497 -64 1
5498 63 1
5499 -64 1
5500 -64 1
5501 -64 1
5502 -64 1
5503 63 1
5504 -64 1
5505 -64 1
5506 -64 1
5507 63 1
5508 63 1
5509 -64 1
5510 63 1
5511 63 1
5512 63 1
5513 -64 1
5514 -64 1
5515 63 1
5516 63 1
5517 -64 1
5518 63 1
5519 -64 1
5520 63 1
5521 -64 1
5522 -64 1
5523 63 1
5524 63 1
5525 -64 1
5526 63 1
5527 63 1
5528 63 1
5529 63 1
5530 -64 1
5531 63 1
5532 63 1
5533 -64 1
5534 63 1
5535 63 1
5536 63 1
5537 63 1
5538 -64 1
5539 63 1
5540 63 1
5541 63 1
5542 -64 1
5543 -64 1
5544 63 1
5545 63 1
5546 63 1
5547 63 1
5548 63 1
5549 -64 1
5550 -64 1
5551 -64 1
5552 63 1
5553 -64 1
5554 63 1
5555 63 1
5556 63 1
5557 -64 1
5558 63 1
5559 -64 1
5560 63 1
5561 63 1
5562 -64 1
5563 -64 1
5564 -64 1
5565 -64 1
5566 -64 1
5567 -64 1
5568 -64 1
5569 63 1
5570 63 1
5571 63 1
5572 63 1
5573 -64 1
5574 -64 1
5575 -64 1
5576 63 1
5577 63 1
5578 63 1
5579 -64 1
5580 63 1
5581 -64 1
5582 -64 1
5583 63 1
5584 63 1
5585 63 1
5586 63 1
5587 -64 1
5588 63 1
5589 -64 1
5590 -64 1
5591 63 1
5592 -64 1
5593 -64 1
5594 63 1
5595 63 1
5596 63 1
5597 63 1
5598 63 1
5599 -64 1
5600 63 1
5601 63 1
5602 63 1
5603 -64 1
5604 -64 1
5605 -64 1
5606 63 1
5607 63 1
5608 63 1
5609 63 1
5610 63 1
5611 -64 1
5612 63 1
5613 -64 1
5614 -64 1
5615 -64 1
5616 -64 1
5617 63 1
5618 -64 1
5619 -64 1
5620 -64 1
5621 -64 1
5622 -64 1
5623 63 1
5624 -64 1
5625 -64 1
5626 63 1
5627 63 1
5628 -64 1
5629 63 1
5630 63 1
5631 -64 1
5632 63 1
5633 63 1
5634 63 1
5635 63 1
5636 -64 1
5637 -64 1
5638 -64 1
5639 -64 1
5640 -64 1
5641 -64 1
5642 -64 1
5643 63 1
5644 -64 1
5645 63 1
5646 -64 1
5647 -64 1
5648 63 1
5649 63 1
5650 -64 1
5651 -64 1
5652 63 1
5653 63 1
5654 63 1
5655 63 1
5656 63 1
5657 -64 1
5658 -64 1
5659 63 1
5660 -64 1
5661 63 1
5662 -64 1
5663 -64 1
5664 63 1
5665 -64 1
5666 -64 1
5667 -64 1
5668 -64 1
5669 -64 1
5670 -64 1
5671 -64 1
5672 63 1
5673 -64 1
5674 -64 1
5675 63 1
5676 -64 1
5677 63 1
5678 -64 1
5679 63 1
5680 63 1
5681 63 1
5682 -64 1
5683 -64 1
5684 -64 1
5685 -64 1
5686 -64 1
5687 63 1
5688 -64 1
5689 63 1
5690 63 1
5691 63 1
5692 63 1
5693 63 1
5694 63 1
5695 63 1
5696 -64 1
5697 63 1
5698 -64 1
5699 -64 1
5700 -64 1
5701 -64 1
5702 63 1
5703 63 1
5704 63 1
5705 -64 1
5706 -64 1
5707 -64 1
5708 63 1
5709 63 1
5710 63 1
5711 63 1
5712 -64 1
5713 -64 1
5714 63 1
5715 63 1
5716 63 1
5717 63 1
5718 -64 1
5719 -64 1
5720 -64 1
5721 -64 1
5722 63 1
5723 -64 1
5724 -64 1
5725 63 1
5726 -64 1
5727 -64 1
5728 -64 1
5729 -64 1
5730 63 1
5731 -64 1
5732 63 1
5733 63 1
5734 63 1
5735 -64 1
5736 -64 1
5737 -64 1
5738 -64 1
5739 -64 1
5740 -64 1
5741 63 1
5742 -64 1
5743 63 1
5744 -64 1
5745 -64 1
5746 -64 1
5747 -64 1
5748 63 1
5749 -64 1
5750 -64 1
5751 -64 1
5752 63 1
5753 63 1
5754 63 1
5755 63 1
5756 -64 1
5757 -64 1
5758 -64 1
5759 63 1
5760 63 1
5761 -64 1
5762 -64 1
5763 -64 1
5764 63 1
5765 -64 1
5766 -64 1
5767 63 1
5768 -64 1
5769 -64 1
5770 -64 1
5771 -64 1
5772 -64 1
5773 63 1
5774 -64 1
5775 63 1
5776 63 1
5777 -64 1
5778 63 1
5779 -64 1
5780 -64 1
5781 63 1
5782 -64 1
5783 63 1
5784 63 1
5785 -64 1
5786 63 1
5787 63 1
5788 -64 1
5789 -64 1
5790 -64 1
5791 -64 1
5792 63 1
5793 -64 1
5794 63 1
5795 -64 1
5796 63 1
5797 63 1
5798 63 1
5799 63 1
5800 -64 1
5801 63 1
5802 -64 1
5803 -64 1
5804 -64 1
5805 63 1
5806 -64 1
5807 -64 1
5808 63 1
5809 63 1
5810 -64 1
5811 63 1
5812 -64 1
5813 63 1
5814 63 1
5815 -64 1
5816 63 1
5817 63 1
5818 -64 1
5819 -64 1
5820 -64 1
5821 -64 1
5822 63 1
5823 -64 1
5824 63 1
5825 -64 1
5826 -64 1
5827 -64 1
5828 -64 1
5829 63 1
5830 63 1
5831 63 1
5832 63 1
5833 -64 1
5834 63 1
5835 -64 1
5836 -64 1
5837 -64 1
5838 63 1
5839 63 1
5840 -64 1
5841 63 1
5842 63 1
5843 63 1
5844 -64 1
5845 63 1
5846 63 1
5847 63 1
5848 63 1
5849 63 1
5850 -64 1
5851 63 1
5852 -64 1
5853 63 1
5854 -64 1
5855 -64 1
5856 63 1
5857 63 1
5858 63 1
5859 -64 1
5860 -64 1
5861 63 1
5862 63 1
5863 -64 1
5864 -64 1
5865 -64 1
5866 -64 1
5867 -64 1
5868 -64 1
5869 -64 1
5870 -64 1
5871 -64 1
5872 -64 1
5873 63 1
5874 -64 1
5875 63 1
5876 63 1
5877 63 1
5878 -64 1
5879 63 1
5880 63 1
5881 63 1
5882 -64 1
5883 -64 1
5884 63 1
5885 63 1
5886 -64 1
5887 63 1
5888 63 1
5889 -64 1
5890 63 1
5891 63 1
5892 -64 1
5893 -64 1
5894 63 1
5895 -64 1
5896 -64 1
5897 -64 1
5898 -64 1
5899 -64 1
5900 -64 1
5901 63 1
5902 -64 1
5903 63 1
5904 63 1
5905 -64 1
5906 -64 1
5907 63 1
5908 -64 1
5909 -64 1
5910 -64 1
5911 63 1
5912 -64 1
5913 63 1
5914 63 1
5915 -64 1
5916 63 1
5917 63 1
5918 -64 1
5919 -64 1
5920 -64 1
5921 63 1
5922 -64 1
5923 63 1
5924 -64 1
5925 63 1
5926 63 1
5927 -64 1
5928 63 1
5929 63 1
5930 63 1
5931 63 1
5932 63 1
5933 63 1
5934 -64 1
5935 -64 1
5936 -64 1
5937 -64 1
5938 63 1
5939 -64 1
5940 63 1
5941 63 1
5942 63 1
5943 -64 1
5944 -64 1
5945 -64 1
5946 -64 1
5947 63 1
5948 -64 1
5949 -64 1
5950 63 1
5951 -64 1
5952 -64 1
5953 -64 1
5954 63 1
5955 -64 1
5956 63 1
5957 63 1
5958 -64 1
5959 -64 1
5960 63 1
5961 -64 1
5962 -64 1
5963 -64 1
5964 -64 1
5965 63 1
5966 63 1
5967 -64 1
5968 -64 1
5969 -64 1
5970 -64 1
5971 63 1
5972 -64 1
5973 -64 1
5974 -64 1
5975 63 1
5976 -64 1
5977 -64 1
5978 63 1
5979 -64 1
5980 -64 1
5981 63 1
5982 -64 1
5983 -64 1
5984 63 1
5985 -64 1
5986 -64 1
5987 63 1
5988 -64 1
5989 -64 1
5990 63 1
5991 -64 1
5992 63 1
5993 63 1
5994 -64 1
5995 63 1
5996 -64 1
5997 -64 1
5998 63 1
5999 -64 1
6000 63 1
6001 63 1
6002 63 1
6003 -64 1
6004 63 1
6005 -64 1
6006 -64 1
6007 -64 1
6008 63 1
6009 63 1
6010 63 1
6011 63 1
6012 63 1
6013 63 1
6014 63 1
6015 -64 1
6016 63 1
6017 63 1
6018 63 1
6019 63 1
6020 -64 1
6021 63 1
6022 -64 1
6023 -64 1
6024 63 1
6025 63 1
6026 63 1
6027 -64 1
6028 -64 1
6029 63 1
6030 63 1
6031 -64 1
6032 -64 1
6033 63 1
6034 -64 1
6035 63 1
6036 63 1
6037 -64 1
6038 63 1
6039 -64 1
6040 -64 1
6041 -64 1
6042 -64 1
6043 -64 1
6044 63 1
6045 63 1
6046 63 1
6047 63 1
6048 63 1
6049 63 1
6050 -64 1
6051 63 1
6052 63 1
6053 63 1
6054 -64 1
6055 -64 1
6056 -64 1
6057 -64 1
6058 -64 1
6059 63 1
6060 -64 1
6061 -64 1
6062 -64 1
6063 -64 1
6064 -64 1
6065 63 1
6066 -64 1
6067 -64 1
6068 -64 1
6069 -64 1
6070 63 1
6071 -64 1
6072 -64 1
6073 -64 1
6074 63 1
6075 -64 1
6076 63 1
6077 -64 1
6078 -64 1
6079 63 1
6080 63 1
6081 -64 1
6082 63 1
6083 63 1
6084 -64 1
6085 -64 1
6086 -64 1
6087 63 1
6088 63 1
6089 63 1
6090 63 1
6091 63 1
6092 63 1
6093 63 1
6094 63 1
6095 -64 1
6096 -64 1
6097 -64 1
6098 63 1
6099 63 1
6100 63 1
6101 -64 1
6102 63 1
6103 -64 1
6104 63 1
6105 -64 1
6106 63 1
6107 63 1
6108 63 1
6109 -64 1
6110 63 1
6111 -64 1
6112 -64 1
6113 63 1
6114 63 1
6115 -64 1
6116 63 1
6117 -64 1
6118 63 1
6119 63 1
6120 -64 1
6121 63 1
6122 63 1
6123 63 1
6124 63 1
6125 -64 1
6126 -64 1
6127 -64 1
6128 -64 1
6129 -64 1
6130 -64 1
6131 -64 1
6132 63 1
6133 -64 1
6134 -64 1
6135 -64 1
6136 -64 1
6137 63 1
6138 -64 1
6139 -64 1
6140 63 1
6141 -64 1
6142 -64 1
6143 -64 1
