# idx_orig bit_orig post_llr_q hard
0 0 -64 0
1 0 -64 0
2 1 63 1
3 1 63 1
4 1 63 1
5 1 63 1
6 0 -64 0
7 1 63 1
8 1 63 1
9 0 -64 0
10 1 63 1
11 1 63 1
12 0 -64 0
13 1 63 1
14 0 -64 0
15 0 -64 0
16 1 63 1
17 0 -64 0
18 1 63 1
19 1 63 1
20 0 -64 0
21 0 -64 0
22 1 63 1
23 1 63 1
24 1 63 1
25 0 -64 0
26 0 -64 0
27 0 -64 0
28 1 63 1
29 1 63 1
30 0 -64 0
31 0 -64 0
32 1 63 1
33 0 -64 0
34 1 63 1
35 0 -64 0
36 0 -64 0
37 0 -64 0
38 0 -64 0
39 0 -64 0
40 1 63 1
41 1 63 1
42 1 63 1
43 1 63 1
44 0 -64 0
45 1 63 1
46 0 -64 0
47 0 -64 0
48 1 63 1
49 1 63 1
50 0 -64 0
51 0 -64 0
52 0 -64 0
53 0 -64 0
54 1 63 1
55 0 -64 0
56 0 -64 0
57 0 -64 0
58 0 -64 0
59 1 63 1
60 1 63 1
61 0 -64 0
62 1 63 1
63 0 -64 0
64 1 63 1
65 1 63 1
66 0 -64 0
67 1 63 1
68 0 -64 0
69 0 -64 0
70 0 -64 0
71 0 -64 0
72 1 63 1
73 1 63 1
74 1 63 1
75 1 63 1
76 1 63 1
77 0 -64 0
78 1 63 1
79 1 63 1
80 1 63 1
81 1 63 1
82 1 63 1
83 1 63 1
84 1 63 1
85 1 63 1
86 1 63 1
87 1 63 1
88 1 63 1
89 0 -64 0
90 1 63 1
91 1 63 1
92 0 -64 0
93 0 -64 0
94 1 63 1
95 1 63 1
96 0 -64 0
97 0 -64 0
98 1 63 1
99 0 -64 0
100 0 -64 0
101 0 -64 0
102 1 63 1
103 1 63 1
104 0 -64 0
105 0 -64 0
106 1 63 1
107 0 -64 0
108 1 63 1
109 1 63 1
110 0 -64 0
111 1 63 1
112 0 -64 0
113 1 63 1
114 1 63 1
115 1 63 1
116 0 -64 0
117 1 63 1
118 0 -64 0
119 1 63 1
120 1 63 1
121 0 -64 0
122 0 -64 0
123 1 63 1
124 1 63 1
125 1 63 1
126 0 -64 0
127 1 63 1
128 1 63 1
129 0 -64 0
130 0 -64 0
131 0 -64 0
132 0 -64 0
133 0 -64 0
134 0 -64 0
135 1 63 1
136 0 -64 0
137 1 63 1
138 0 -64 0
139 0 -64 0
140 0 -64 0
141 0 -64 0
142 0 -64 0
143 0 -64 0
144 1 63 1
145 0 -64 0
146 0 -64 0
147 1 63 1
148 1 63 1
149 1 63 1
150 0 -64 0
151 0 -64 0
152 1 63 1
153 1 63 1
154 1 63 1
155 1 63 1
156 1 63 1
157 1 63 1
158 1 63 1
159 0 -64 0
160 1 63 1
161 0 -64 0
162 1 63 1
163 1 63 1
164 0 -64 0
165 1 63 1
166 1 63 1
167 0 -64 0
168 1 63 1
169 0 -64 0
170 1 63 1
171 0 -64 0
172 1 63 1
173 1 63 1
174 1 63 1
175 0 -64 0
176 0 -64 0
177 0 -64 0
178 0 -64 0
179 0 -64 0
180 1 63 1
181 1 63 1
182 1 63 1
183 0 -64 0
184 1 63 1
185 0 -64 0
186 1 63 1
187 0 -64 0
188 0 -64 0
189 1 63 1
190 1 63 1
191 0 -64 0
192 0 -64 0
193 1 63 1
194 1 63 1
195 0 -64 0
196 1 63 1
197 0 -64 0
198 0 -64 0
199 0 -64 0
200 0 -64 0
201 1 63 1
202 0 -64 0
203 0 -64 0
204 0 -64 0
205 1 63 1
206 1 63 1
207 0 -64 0
208 1 63 1
209 1 63 1
210 1 63 1
211 1 63 1
212 1 63 1
213 1 63 1
214 0 -64 0
215 0 -64 0
216 0 -64 0
217 1 63 1
218 1 63 1
219 0 -64 0
220 1 63 1
221 1 63 1
222 0 -64 0
223 1 63 1
224 0 -64 0
225 0 -64 0
226 1 63 1
227 0 -64 0
228 0 -64 0
229 1 63 1
230 1 63 1
231 0 -64 0
232 1 63 1
233 1 63 1
234 1 63 1
235 0 -64 0
236 1 63 1
237 0 -64 0
238 1 63 1
239 0 -64 0
240 0 -64 0
241 1 63 1
242 1 63 1
243 0 -64 0
244 0 -64 0
245 0 -64 0
246 1 63 1
247 0 -64 0
248 0 -64 0
249 0 -64 0
250 0 -64 0
251 1 63 1
252 1 63 1
253 1 63 1
254 1 63 1
255 0 -64 0
256 0 -64 0
257 1 63 1
258 0 -64 0
259 0 -64 0
260 0 -64 0
261 1 63 1
262 1 63 1
263 1 63 1
264 1 63 1
265 0 -64 0
266 1 63 1
267 1 63 1
268 0 -64 0
269 1 63 1
270 1 63 1
271 1 63 1
272 1 63 1
273 0 -64 0
274 1 63 1
275 1 63 1
276 0 -64 0
277 0 -64 0
278 0 -64 0
279 0 -64 0
280 1 63 1
281 1 63 1
282 0 -64 0
283 1 63 1
284 1 63 1
285 1 63 1
286 1 63 1
287 1 63 1
288 1 63 1
289 1 63 1
290 1 63 1
291 1 63 1
292 0 -64 0
293 0 -64 0
294 0 -64 0
295 0 -64 0
296 1 63 1
297 0 -64 0
298 0 -64 0
299 1 63 1
300 0 -64 0
301 0 -64 0
302 1 63 1
303 0 -64 0
304 1 63 1
305 0 -64 0
306 0 -64 0
307 0 -64 0
308 0 -64 0
309 0 -64 0
310 1 63 1
311 1 63 1
312 1 63 1
313 1 63 1
314 0 -64 0
315 1 63 1
316 0 -64 0
317 1 63 1
318 0 -64 0
319 1 63 1
320 1 63 1
321 1 63 1
322 1 63 1
323 1 63 1
324 0 -64 0
325 0 -64 0
326 1 63 1
327 1 63 1
328 1 63 1
329 1 63 1
330 1 63 1
331 0 -64 0
332 1 63 1
333 1 63 1
334 1 63 1
335 1 63 1
336 0 -64 0
337 1 63 1
338 0 -64 0
339 1 63 1
340 0 -64 0
341 0 -64 0
342 0 -64 0
343 0 -64 0
344 0 -64 0
345 0 -64 0
346 0 -64 0
347 1 63 1
348 1 63 1
349 0 -64 0
350 1 63 1
351 1 63 1
352 1 63 1
353 1 63 1
354 1 63 1
355 1 63 1
356 1 63 1
357 0 -64 0
358 1 63 1
359 0 -64 0
360 0 -64 0
361 0 -64 0
362 1 63 1
363 1 63 1
364 0 -64 0
365 1 63 1
366 1 63 1
367 0 -64 0
368 1 63 1
369 1 63 1
370 0 -64 0
371 1 63 1
372 0 -64 0
373 0 -64 0
374 1 63 1
375 0 -64 0
376 1 63 1
377 1 63 1
378 1 63 1
379 0 -64 0
380 0 -64 0
381 1 63 1
382 1 63 1
383 1 63 1
384 0 -64 0
385 1 63 1
386 0 -64 0
387 1 63 1
388 0 -64 0
389 1 63 1
390 0 -64 0
391 1 63 1
392 0 -64 0
393 1 63 1
394 0 -64 0
395 0 -64 0
396 0 -64 0
397 1 63 1
398 1 63 1
399 0 -64 0
400 0 -64 0
401 1 63 1
402 0 -64 0
403 1 63 1
404 0 -64 0
405 0 -64 0
406 1 63 1
407 1 63 1
408 1 63 1
409 1 63 1
410 1 63 1
411 0 -64 0
412 1 63 1
413 0 -64 0
414 1 63 1
415 0 -64 0
416 0 -64 0
417 1 63 1
418 0 -64 0
419 0 -64 0
420 0 -64 0
421 1 63 1
422 1 63 1
423 1 63 1
424 0 -64 0
425 0 -64 0
426 0 -64 0
427 0 -64 0
428 1 63 1
429 0 -64 0
430 1 63 1
431 1 63 1
432 0 -64 0
433 1 63 1
434 0 -64 0
435 1 63 1
436 1 63 1
437 1 63 1
438 0 -64 0
439 0 -64 0
440 1 63 1
441 0 -64 0
442 0 -64 0
443 1 63 1
444 0 -64 0
445 0 -64 0
446 0 -64 0
447 1 63 1
448 1 63 1
449 1 63 1
450 1 63 1
451 0 -64 0
452 1 63 1
453 1 63 1
454 1 63 1
455 1 63 1
456 1 63 1
457 0 -64 0
458 0 -64 0
459 1 63 1
460 1 63 1
461 1 63 1
462 1 63 1
463 0 -64 0
464 0 -64 0
465 1 63 1
466 0 -64 0
467 1 63 1
468 0 -64 0
469 1 63 1
470 1 63 1
471 1 63 1
472 0 -64 0
473 1 63 1
474 0 -64 0
475 0 -64 0
476 1 63 1
477 1 63 1
478 0 -64 0
479 1 63 1
480 1 63 1
481 0 -64 0
482 0 -64 0
483 1 63 1
484 0 -64 0
485 0 -64 0
486 0 -64 0
487 0 -64 0
488 0 -64 0
489 1 63 1
490 0 -64 0
491 1 63 1
492 1 63 1
493 0 -64 0
494 0 -64 0
495 1 63 1
496 0 -64 0
497 1 63 1
498 0 -64 0
499 1 63 1
500 1 63 1
501 1 63 1
502 0 -64 0
503 1 63 1
504 0 -64 0
505 0 -64 0
506 0 -64 0
507 1 63 1
508 1 63 1
509 1 63 1
510 0 -64 0
511 0 -64 0
512 0 -64 0
513 0 -64 0
514 1 63 1
515 0 -64 0
516 1 63 1
517 0 -64 0
518 1 63 1
519 1 63 1
520 1 63 1
521 0 -64 0
522 0 -64 0
523 1 63 1
524 1 63 1
525 1 63 1
526 0 -64 0
527 0 -64 0
528 0 -64 0
529 1 63 1
530 0 -64 0
531 0 63 1
532 0 -64 0
533 0 -64 0
534 1 63 1
535 0 -64 0
536 1 63 1
537 0 -64 0
538 0 63 1
539 1 63 1
540 1 63 1
541 1 63 1
542 0 -64 0
543 1 63 1
544 0 -64 0
545 0 -64 0
546 1 63 1
547 0 -64 0
548 0 -64 0
549 1 63 1
550 0 -64 0
551 0 -64 0
552 1 63 1
553 1 63 1
554 1 63 1
555 0 -64 0
556 0 -64 0
557 0 -64 0
558 1 63 1
559 0 -64 0
560 1 63 1
561 0 -64 0
562 0 -64 0
563 0 -64 0
564 1 63 1
565 0 -64 0
566 0 -64 0
567 1 63 1
568 0 -64 0
569 0 -64 0
570 0 -64 0
571 1 63 1
572 0 -64 0
573 1 63 1
574 0 -64 0
575 0 -64 0
576 0 -64 0
577 0 -64 0
578 1 63 1
579 0 -64 0
580 1 63 1
581 1 63 1
582 1 63 1
583 1 63 1
584 1 63 1
585 0 -64 0
586 0 -64 0
587 0 -64 0
588 0 -64 0
589 0 -64 0
590 0 -64 0
591 1 63 1
592 1 63 1
593 0 -64 0
594 1 63 1
595 0 -64 0
596 1 63 1
597 1 63 1
598 1 63 1
599 1 63 1
600 1 63 1
601 0 -64 0
602 0 -64 0
603 1 63 1
604 1 63 1
605 1 63 1
606 1 63 1
607 0 -64 0
608 1 63 1
609 1 63 1
610 0 -64 0
611 0 -64 0
612 1 63 1
613 0 -64 0
614 1 63 1
615 0 -64 0
616 0 -64 0
617 0 -64 0
618 1 63 1
619 0 -64 0
620 0 -64 0
621 0 -64 0
622 1 63 1
623 0 -64 0
624 0 -64 0
625 0 -64 0
626 1 63 1
627 0 -64 0
628 0 -64 0
629 0 -64 0
630 1 63 1
631 0 -64 0
632 0 -64 0
633 1 63 1
634 0 -64 0
635 1 63 1
636 1 63 1
637 1 63 1
638 0 -64 0
639 0 -64 0
640 1 63 1
641 0 -64 0
642 0 -64 0
643 1 63 1
644 1 63 1
645 1 63 1
646 1 63 1
647 1 63 1
648 1 63 1
649 1 63 1
650 0 -64 0
651 1 63 1
652 0 -64 0
653 0 -64 0
654 0 -64 0
655 0 -64 0
656 1 63 1
657 1 63 1
658 0 -64 0
659 1 63 1
660 0 -64 0
661 0 -64 0
662 1 63 1
663 1 63 1
664 1 63 1
665 0 -64 0
666 1 63 1
667 0 -64 0
668 1 63 1
669 0 -64 0
670 1 63 1
671 1 63 1
672 0 -64 0
673 0 -64 0
674 1 63 1
675 0 -64 0
676 1 63 1
677 0 -64 0
678 0 -64 0
679 0 -64 0
680 0 -64 0
681 0 -64 0
682 0 -64 0
683 1 63 1
684 0 -64 0
685 1 63 1
686 1 63 1
687 1 63 1
688 1 63 1
689 1 63 1
690 0 -64 0
691 1 63 1
692 0 -64 0
693 1 63 1
694 0 -64 0
695 1 63 1
696 1 63 1
697 0 -64 0
698 1 63 1
699 1 63 1
700 0 -64 0
701 0 -64 0
702 1 63 1
703 1 63 1
704 0 -64 0
705 1 63 1
706 1 63 1
707 1 63 1
708 0 -64 0
709 1 63 1
710 0 -64 0
711 1 63 1
712 1 63 1
713 0 -64 0
714 1 63 1
715 0 -64 0
716 1 63 1
717 0 -64 0
718 0 -64 0
719 1 63 1
720 1 63 1
721 1 63 1
722 1 63 1
723 1 63 1
724 0 -64 0
725 1 63 1
726 1 63 1
727 0 -64 0
728 1 63 1
729 1 63 1
730 0 -64 0
731 0 -64 0
732 1 63 1
733 1 63 1
734 0 -64 0
735 0 -64 0
736 1 63 1
737 0 -64 0
738 1 63 1
739 0 -64 0
740 1 63 1
741 0 -64 0
742 0 -64 0
743 1 63 1
744 0 -64 0
745 0 -64 0
746 0 -64 0
747 1 63 1
748 0 -64 0
749 0 -64 0
750 0 -64 0
751 0 -64 0
752 0 -64 0
753 1 63 1
754 0 -64 0
755 0 -64 0
756 0 -64 0
757 0 -64 0
758 1 63 1
759 1 57 1
760 0 -64 0
761 0 -64 0
762 0 -64 0
763 1 46 1
764 1 63 1
765 0 -51 0
766 0 -46 0
767 1 53 1
768 1 35 1
769 0 -53 0
770 1 54 1
771 0 28 1
772 1 -28 0
773 0 -48 0
774 0 -56 0
775 1 63 1
776 0 -64 0
777 0 -64 0
778 1 63 1
779 0 -64 0
780 1 63 1
781 1 63 1
782 1 63 1
783 1 63 1
784 0 -64 0
785 0 -64 0
786 0 -64 0
787 0 -64 0
788 1 63 1
789 1 63 1
790 0 -64 0
791 0 -64 0
792 1 63 1
793 1 63 1
794 1 63 1
795 1 63 1
796 1 63 1
797 1 63 1
798 0 -64 0
799 0 -64 0
800 0 -64 0
801 0 -64 0
802 1 63 1
803 0 -64 0
804 0 -64 0
805 1 63 1
806 1 63 1
807 1 63 1
808 1 63 1
809 1 63 1
810 1 63 1
811 1 63 1
812 1 63 1
813 1 63 1
814 1 63 1
815 1 63 1
816 0 -64 0
817 0 -64 0
818 1 63 1
819 0 -64 0
820 0 -64 0
821 1 63 1
822 1 63 1
823 0 -64 0
824 1 63 1
825 1 63 1
826 1 63 1
827 1 63 1
828 1 63 1
829 0 -64 0
830 1 63 1
831 0 -64 0
832 1 63 1
833 0 -64 0
834 1 63 1
835 1 63 1
836 1 63 1
837 0 -64 0
838 0 -64 0
839 0 -64 0
840 1 63 1
841 0 -64 0
842 0 -64 0
843 1 63 1
844 1 63 1
845 1 63 1
846 0 -64 0
847 1 63 1
848 1 63 1
849 0 -64 0
850 1 63 1
851 0 -64 0
852 0 -64 0
853 1 63 1
854 0 -64 0
855 0 -64 0
856 0 -64 0
857 1 63 1
858 0 -64 0
859 0 -64 0
860 0 -64 0
861 1 63 1
862 1 63 1
863 0 -64 0
864 0 -64 0
865 1 63 1
866 1 63 1
867 1 63 1
868 1 63 1
869 1 63 1
870 0 -64 0
871 0 -64 0
872 1 63 1
873 0 -64 0
874 0 -64 0
875 1 63 1
876 0 -64 0
877 0 -64 0
878 1 63 1
879 1 63 1
880 0 -64 0
881 1 63 1
882 1 63 1
883 1 63 1
884 0 -64 0
885 0 -64 0
886 0 -64 0
887 0 -64 0
888 0 -64 0
889 1 63 1
890 0 -64 0
891 0 -64 0
892 0 -64 0
893 0 -64 0
894 1 63 1
895 1 63 1
896 1 63 1
897 0 -64 0
898 1 63 1
899 1 63 1
900 0 -64 0
901 1 63 1
902 1 63 1
903 0 -64 0
904 0 -64 0
905 1 63 1
906 1 63 1
907 1 63 1
908 1 63 1
909 1 63 1
910 1 63 1
911 0 -64 0
912 1 63 1
913 1 63 1
914 0 -64 0
915 1 63 1
916 1 63 1
917 0 -64 0
918 0 -64 0
919 1 63 1
920 1 63 1
921 0 -64 0
922 0 -64 0
923 0 -64 0
924 1 63 1
925 0 -64 0
926 1 63 1
927 0 -64 0
928 1 63 1
929 1 63 1
930 0 -64 0
931 0 -64 0
932 0 -64 0
933 0 -64 0
934 1 63 1
935 0 -64 0
936 1 63 1
937 1 63 1
938 1 63 1
939 1 63 1
940 1 63 1
941 0 -64 0
942 0 -64 0
943 0 -64 0
944 1 63 1
945 1 63 1
946 0 -64 0
947 0 -64 0
948 1 63 1
949 1 63 1
950 0 -64 0
951 0 -64 0
952 0 -64 0
953 0 -64 0
954 0 -64 0
955 0 -64 0
956 0 -64 0
957 1 63 1
958 1 63 1
959 0 -64 0
960 0 -64 0
961 1 63 1
962 1 63 1
963 1 63 1
964 0 -64 0
965 0 -64 0
966 0 -64 0
967 1 63 1
968 1 63 1
969 1 63 1
970 0 -64 0
971 0 -64 0
972 1 63 1
973 0 -64 0
974 0 -64 0
975 0 -64 0
976 1 63 1
977 1 63 1
978 0 -64 0
979 0 -64 0
980 1 63 1
981 0 -64 0
982 1 63 1
983 0 -64 0
984 0 -64 0
985 0 -64 0
986 0 -64 0
987 1 63 1
988 1 63 1
989 1 63 1
990 1 63 1
991 1 63 1
992 0 -64 0
993 1 63 1
994 1 63 1
995 0 -64 0
996 0 -64 0
997 1 63 1
998 1 63 1
999 0 -64 0
1000 0 -64 0
1001 1 63 1
1002 1 63 1
1003 1 63 1
1004 0 -64 0
1005 0 -64 0
1006 0 -64 0
1007 1 63 1
1008 0 -64 0
1009 1 63 1
1010 1 63 1
1011 1 63 1
1012 1 63 1
1013 1 63 1
1014 1 63 1
1015 0 -64 0
1016 0 -64 0
1017 1 63 1
1018 0 -64 0
1019 0 -64 0
1020 0 -64 0
1021 1 63 1
1022 0 -64 0
1023 0 -64 0
1024 1 63 1
1025 1 63 1
1026 1 63 1
1027 0 -64 0
1028 1 63 1
1029 0 -64 0
1030 1 63 1
1031 1 63 1
1032 1 63 1
1033 0 -64 0
1034 1 63 1
1035 1 63 1
1036 1 63 1
1037 0 -64 0
1038 1 63 1
1039 0 -64 0
1040 1 63 1
1041 1 63 1
1042 0 -64 0
1043 0 -64 0
1044 0 -64 0
1045 0 -64 0
1046 0 -64 0
1047 0 -64 0
1048 1 63 1
1049 1 63 1
1050 1 63 1
1051 0 -64 0
1052 0 -64 0
1053 0 -64 0
1054 0 -64 0
1055 1 63 1
1056 1 63 1
1057 0 -64 0
1058 0 -64 0
1059 0 -64 0
1060 1 63 1
1061 0 -64 0
1062 1 63 1
1063 1 63 1
1064 0 -64 0
1065 1 63 1
1066 1 63 1
1067 0 -64 0
1068 1 63 1
1069 1 63 1
1070 1 63 1
1071 1 63 1
1072 1 63 1
1073 0 -64 0
1074 1 63 1
1075 0 -64 0
1076 0 -64 0
1077 1 63 1
1078 0 -64 0
1079 1 63 1
1080 1 63 1
1081 1 63 1
1082 0 -64 0
1083 1 63 1
1084 1 63 1
1085 1 63 1
1086 0 -64 0
1087 1 63 1
1088 0 -64 0
1089 1 63 1
1090 0 -64 0
1091 0 -64 0
1092 0 -64 0
1093 1 63 1
1094 1 63 1
1095 1 63 1
1096 1 63 1
1097 1 63 1
1098 0 -64 0
1099 0 -64 0
1100 1 63 1
1101 0 -64 0
1102 0 -64 0
1103 0 -64 0
1104 1 63 1
1105 1 63 1
1106 0 -64 0
1107 0 -64 0
1108 1 63 1
1109 0 -64 0
1110 1 63 1
1111 1 63 1
1112 0 -64 0
1113 1 63 1
1114 0 -64 0
1115 1 63 1
1116 0 -64 0
1117 1 63 1
1118 0 -64 0
1119 1 63 1
1120 0 -64 0
1121 1 63 1
1122 1 63 1
1123 1 63 1
1124 1 63 1
1125 1 63 1
1126 1 63 1
1127 1 63 1
1128 1 63 1
1129 1 63 1
1130 0 -64 0
1131 0 -64 0
1132 0 -64 0
1133 1 63 1
1134 1 63 1
1135 0 -64 0
1136 0 -64 0
1137 1 63 1
1138 0 -64 0
1139 0 -64 0
1140 1 63 1
1141 1 63 1
1142 0 -64 0
1143 0 -64 0
1144 0 -64 0
1145 0 -64 0
1146 1 63 1
1147 1 63 1
1148 1 63 1
1149 1 63 1
1150 0 -64 0
1151 0 -64 0
1152 0 -64 0
1153 0 -64 0
1154 1 63 1
1155 0 -64 0
1156 1 63 1
1157 0 -64 0
1158 0 -64 0
1159 1 63 1
1160 0 -64 0
1161 0 -64 0
1162 1 63 1
1163 1 63 1
1164 0 -64 0
1165 1 63 1
1166 1 63 1
1167 1 63 1
1168 0 -64 0
1169 0 -64 0
1170 0 -64 0
1171 0 -64 0
1172 1 63 1
1173 1 63 1
1174 0 -64 0
1175 1 63 1
1176 0 -64 0
1177 0 -64 0
1178 1 63 1
1179 0 -64 0
1180 0 -64 0
1181 1 63 1
1182 1 63 1
1183 1 63 1
1184 1 63 1
1185 1 63 1
1186 0 -64 0
1187 1 63 1
1188 1 63 1
1189 0 -64 0
1190 0 -64 0
1191 1 63 1
1192 1 63 1
1193 0 -64 0
1194 1 63 1
1195 1 63 1
1196 0 -64 0
1197 1 63 1
1198 1 63 1
1199 1 63 1
1200 0 -64 0
1201 1 63 1
1202 0 -64 0
1203 0 -64 0
1204 0 -64 0
1205 0 -64 0
1206 1 63 1
1207 0 -64 0
1208 0 -64 0
1209 1 63 1
1210 1 63 1
1211 1 63 1
1212 1 63 1
1213 1 63 1
1214 1 63 1
1215 0 -64 0
1216 0 -64 0
1217 0 -64 0
1218 1 63 1
1219 0 -64 0
1220 1 63 1
1221 1 63 1
1222 1 63 1
1223 0 -64 0
1224 0 -64 0
1225 0 -64 0
1226 1 63 1
1227 1 63 1
1228 0 -64 0
1229 0 -64 0
1230 0 -64 0
1231 1 63 1
1232 1 63 1
1233 0 -64 0
1234 0 -64 0
1235 1 63 1
1236 1 63 1
1237 1 63 1
1238 1 63 1
1239 1 63 1
1240 0 -64 0
1241 0 -64 0
1242 0 -64 0
1243 1 63 1
1244 1 63 1
1245 0 -64 0
1246 0 -64 0
1247 0 -64 0
1248 0 -64 0
1249 1 63 1
1250 1 63 1
1251 0 -64 0
1252 0 -64 0
1253 1 63 1
1254 0 -64 0
1255 0 -64 0
1256 0 -64 0
1257 1 63 1
1258 0 -64 0
1259 1 63 1
1260 1 63 1
1261 0 -64 0
1262 1 63 1
1263 0 -64 0
1264 0 -64 0
1265 0 -64 0
1266 1 63 1
1267 1 63 1
1268 0 -64 0
1269 1 63 1
1270 0 -64 0
1271 0 -64 0
1272 1 63 1
1273 0 -64 0
1274 1 63 1
1275 0 -64 0
1276 0 -64 0
1277 1 63 1
1278 0 -64 0
1279 1 63 1
1280 1 63 1
1281 0 -64 0
1282 0 -64 0
1283 0 -64 0
1284 0 -64 0
1285 1 63 1
1286 0 -64 0
1287 0 -64 0
1288 1 63 1
1289 0 -64 0
1290 0 -64 0
1291 1 63 1
1292 0 -64 0
1293 0 -64 0
1294 0 -64 0
1295 1 63 1
1296 1 63 1
1297 1 63 1
1298 1 63 1
1299 0 -64 0
1300 1 63 1
1301 1 63 1
1302 1 63 1
1303 1 63 1
1304 0 -64 0
1305 1 63 1
1306 0 -64 0
1307 1 63 1
1308 1 63 1
1309 1 63 1
1310 1 63 1
1311 0 -64 0
1312 0 -64 0
1313 1 63 1
1314 0 -64 0
1315 1 63 1
1316 1 63 1
1317 1 63 1
1318 1 63 1
1319 1 63 1
1320 1 63 1
1321 1 63 1
1322 0 -64 0
1323 1 63 1
1324 1 63 1
1325 0 -64 0
1326 0 -64 0
1327 1 63 1
1328 1 63 1
1329 1 63 1
1330 0 -64 0
1331 0 -64 0
1332 1 63 1
1333 0 -64 0
1334 1 63 1
1335 1 63 1
1336 1 63 1
1337 0 -64 0
1338 1 63 1
1339 1 63 1
1340 0 -64 0
1341 1 63 1
1342 0 -64 0
1343 1 63 1
1344 0 -64 0
1345 1 63 1
1346 0 -64 0
1347 1 63 1
1348 1 63 1
1349 1 63 1
1350 1 63 1
1351 1 63 1
1352 0 -64 0
1353 1 63 1
1354 0 -64 0
1355 1 63 1
1356 1 63 1
1357 0 -64 0
1358 0 -64 0
1359 0 -64 0
1360 1 63 1
1361 1 63 1
1362 0 -64 0
1363 1 63 1
1364 1 63 1
1365 0 -64 0
1366 1 63 1
1367 1 63 1
1368 0 -64 0
1369 1 63 1
1370 1 63 1
1371 1 63 1
1372 0 -64 0
1373 1 63 1
1374 0 -64 0
1375 1 63 1
1376 1 63 1
1377 1 63 1
1378 0 -64 0
1379 0 -64 0
1380 0 -64 0
1381 1 63 1
1382 1 63 1
1383 0 -64 0
1384 0 -64 0
1385 1 63 1
1386 1 63 1
1387 0 -64 0
1388 1 63 1
1389 1 63 1
1390 0 -64 0
1391 0 -64 0
1392 0 -64 0
1393 0 -64 0
1394 0 -64 0
1395 1 63 1
1396 0 -64 0
1397 1 63 1
1398 1 63 1
1399 0 -64 0
1400 1 63 1
1401 0 -64 0
1402 1 63 1
1403 0 -64 0
1404 1 63 1
1405 1 63 1
1406 1 63 1
1407 1 63 1
1408 1 63 1
1409 0 -64 0
1410 1 63 1
1411 0 -64 0
1412 0 -64 0
1413 1 63 1
1414 0 -64 0
1415 0 -64 0
1416 1 63 1
1417 0 -64 0
1418 0 -64 0
1419 0 -64 0
1420 0 -64 0
1421 1 63 1
1422 0 -64 0
1423 0 -64 0
1424 0 -64 0
1425 1 63 1
1426 1 63 1
1427 1 63 1
1428 1 63 1
1429 1 63 1
1430 1 63 1
1431 0 -64 0
1432 1 63 1
1433 0 -64 0
1434 1 63 1
1435 0 -64 0
1436 1 63 1
1437 1 63 1
1438 1 63 1
1439 0 -64 0
1440 1 63 1
1441 0 -64 0
1442 1 63 1
1443 1 63 1
1444 0 -64 0
1445 0 -64 0
1446 1 63 1
1447 0 -64 0
1448 0 -64 0
1449 1 63 1
1450 0 -64 0
1451 1 63 1
1452 1 63 1
1453 0 -64 0
1454 1 63 1
1455 1 63 1
1456 1 63 1
1457 1 63 1
1458 1 63 1
1459 0 -64 0
1460 1 63 1
1461 1 63 1
1462 1 63 1
1463 1 63 1
1464 0 -64 0
1465 0 -64 0
1466 0 -64 0
1467 1 63 1
1468 0 -64 0
1469 1 63 1
1470 0 -64 0
1471 0 -64 0
1472 0 -64 0
1473 1 63 1
1474 1 63 1
1475 1 63 1
1476 0 -64 0
1477 0 -64 0
1478 1 63 1
1479 0 -64 0
1480 0 -64 0
1481 0 -64 0
1482 0 -64 0
1483 1 63 1
1484 0 -64 0
1485 1 63 1
1486 1 63 1
1487 1 63 1
1488 1 63 1
1489 0 -64 0
1490 1 63 1
1491 1 63 1
1492 1 63 1
1493 1 63 1
1494 1 63 1
1495 0 -64 0
1496 0 -64 0
1497 1 63 1
1498 0 -64 0
1499 1 63 1
1500 1 63 1
1501 0 -64 0
1502 1 63 1
1503 0 -64 0
1504 0 -64 0
1505 1 63 1
1506 0 -64 0
1507 1 63 1
1508 1 63 1
1509 1 63 1
1510 1 63 1
1511 0 -64 0
1512 1 63 1
1513 0 -64 0
1514 0 -64 0
1515 0 -64 0
1516 1 63 1
1517 0 -64 0
1518 0 -64 0
1519 0 -64 0
1520 0 -64 0
1521 0 -64 0
1522 1 63 1
1523 1 63 1
1524 0 -64 0
1525 0 -64 0
1526 1 63 1
1527 0 -64 0
1528 0 -64 0
1529 0 -64 0
1530 0 -64 0
1531 0 -57 0
1532 1 61 1
1533 0 -47 0
1534 0 -37 0
1535 1 47 1
1536 0 -37 0
1537 1 46 1
1538 1 48 1
1539 0 -58 0
1540 1 44 1
1541 0 -64 0
1542 0 -50 0
1543 0 -64 0
1544 1 63 1
1545 1 63 1
1546 1 63 1
1547 1 63 1
1548 1 63 1
1549 1 63 1
1550 1 63 1
1551 0 -64 0
1552 0 -64 0
1553 1 63 1
1554 0 -64 0
1555 0 -64 0
1556 0 -64 0
1557 0 -64 0
1558 1 63 1
1559 1 63 1
1560 1 63 1
1561 1 63 1
1562 1 63 1
1563 0 -64 0
1564 1 63 1
1565 1 63 1
1566 1 63 1
1567 0 -64 0
1568 0 -64 0
1569 1 63 1
1570 0 -64 0
1571 1 63 1
1572 0 -64 0
1573 1 63 1
1574 1 63 1
1575 0 -64 0
1576 1 63 1
1577 0 -64 0
1578 1 63 1
1579 0 -64 0
1580 1 63 1
1581 1 63 1
1582 1 63 1
1583 1 63 1
1584 0 -64 0
1585 1 63 1
1586 0 -64 0
1587 1 63 1
1588 1 63 1
1589 0 -64 0
1590 0 -64 0
1591 1 63 1
1592 1 63 1
1593 0 -64 0
1594 0 -64 0
1595 0 -64 0
1596 0 -64 0
1597 1 63 1
1598 0 -64 0
1599 1 58 1
1600 1 63 1
1601 0 -64 0
1602 1 63 1
1603 1 63 1
1604 0 -64 0
1605 1 63 1
1606 1 58 1
1607 1 63 1
1608 1 63 1
1609 0 -64 0
1610 0 -64 0
1611 0 -64 0
1612 0 -64 0
1613 1 63 1
1614 1 63 1
1615 0 -64 0
1616 0 -64 0
1617 0 -64 0
1618 0 -64 0
1619 1 63 1
1620 0 -64 0
1621 1 63 1
1622 0 -64 0
1623 0 -64 0
1624 0 -64 0
1625 0 -64 0
1626 1 63 1
1627 1 63 1
1628 0 -64 0
1629 1 63 1
1630 0 -64 0
1631 0 -64 0
1632 0 -64 0
1633 1 63 1
1634 0 -64 0
1635 1 63 1
1636 1 63 1
1637 1 63 1
1638 0 -64 0
1639 0 -64 0
1640 0 -64 0
1641 0 -64 0
1642 1 63 1
1643 1 63 1
1644 0 -64 0
1645 0 -64 0
1646 1 63 1
1647 1 63 1
1648 1 63 1
1649 0 -64 0
1650 1 63 1
1651 0 -64 0
1652 1 63 1
1653 0 -64 0
1654 1 63 1
1655 1 63 1
1656 0 -64 0
1657 1 63 1
1658 0 -64 0
1659 1 63 1
1660 1 63 1
1661 1 63 1
1662 1 63 1
1663 1 63 1
1664 1 63 1
1665 0 -64 0
1666 1 63 1
1667 0 -64 0
1668 1 63 1
1669 0 -64 0
1670 1 63 1
1671 0 -64 0
1672 1 63 1
1673 0 -64 0
1674 1 63 1
1675 0 -64 0
1676 0 -64 0
1677 0 -64 0
1678 1 63 1
1679 1 63 1
1680 1 63 1
1681 1 63 1
1682 0 -64 0
1683 0 -64 0
1684 1 63 1
1685 1 63 1
1686 1 63 1
1687 1 63 1
1688 1 63 1
1689 1 63 1
1690 0 -64 0
1691 0 -64 0
1692 0 -64 0
1693 1 63 1
1694 1 63 1
1695 1 63 1
1696 0 -64 0
1697 1 63 1
1698 1 63 1
1699 0 -64 0
1700 0 -64 0
1701 1 63 1
1702 0 -64 0
1703 0 -64 0
1704 0 -64 0
1705 0 -64 0
1706 1 63 1
1707 0 -64 0
1708 0 -64 0
1709 1 63 1
1710 0 -64 0
1711 0 -64 0
1712 1 63 1
1713 0 -64 0
1714 0 -64 0
1715 1 63 1
1716 0 -64 0
1717 0 -64 0
1718 1 63 1
1719 1 63 1
1720 1 63 1
1721 1 63 1
1722 1 63 1
1723 0 -64 0
1724 1 63 1
1725 0 -64 0
1726 0 -64 0
1727 0 -64 0
1728 0 -64 0
1729 1 63 1
1730 0 -64 0
1731 1 63 1
1732 1 63 1
1733 0 -64 0
1734 1 63 1
1735 1 63 1
1736 0 -64 0
1737 1 63 1
1738 1 63 1
1739 0 -64 0
1740 1 63 1
1741 1 63 1
1742 0 -64 0
1743 1 63 1
1744 0 -64 0
1745 1 63 1
1746 1 63 1
1747 0 -64 0
1748 1 63 1
1749 0 -64 0
1750 1 63 1
1751 1 63 1
1752 0 -64 0
1753 0 -64 0
1754 0 -64 0
1755 0 -64 0
1756 0 -64 0
1757 1 63 1
1758 0 -64 0
1759 1 63 1
1760 1 63 1
1761 1 63 1
1762 1 63 1
1763 1 63 1
1764 1 63 1
1765 1 63 1
1766 1 63 1
1767 0 -64 0
1768 0 -64 0
1769 1 63 1
1770 1 63 1
1771 0 -64 0
1772 0 -64 0
1773 0 -64 0
1774 0 -64 0
1775 0 -64 0
1776 0 -64 0
1777 1 63 1
1778 0 -64 0
1779 1 63 1
1780 0 -64 0
1781 1 63 1
1782 1 63 1
1783 0 -64 0
1784 1 63 1
1785 0 -64 0
1786 1 63 1
1787 0 -64 0
1788 0 -64 0
1789 1 63 1
1790 1 63 1
1791 0 -64 0
1792 1 63 1
1793 0 -64 0
1794 1 63 1
1795 0 -64 0
1796 0 -64 0
1797 0 -64 0
1798 0 -64 0
1799 0 -64 0
1800 0 -64 0
1801 0 -64 0
1802 1 63 1
1803 1 63 1
1804 1 63 1
1805 0 -64 0
1806 0 -64 0
1807 1 63 1
1808 1 63 1
1809 1 63 1
1810 1 63 1
1811 1 63 1
1812 0 -64 0
1813 1 63 1
1814 1 63 1
1815 1 63 1
1816 1 63 1
1817 0 -64 0
1818 1 63 1
1819 1 63 1
1820 0 -64 0
1821 0 -64 0
1822 1 63 1
1823 1 63 1
1824 0 -64 0
1825 1 63 1
1826 1 63 1
1827 0 -64 0
1828 1 63 1
1829 1 63 1
1830 0 -64 0
1831 1 63 1
1832 0 -64 0
1833 0 -64 0
1834 0 -64 0
1835 1 63 1
1836 1 63 1
1837 0 -64 0
1838 0 -64 0
1839 1 63 1
1840 1 63 1
1841 1 63 1
1842 0 -64 0
1843 0 -64 0
1844 0 -64 0
1845 0 -64 0
1846 0 -64 0
1847 1 63 1
1848 0 -64 0
1849 1 63 1
1850 0 -64 0
1851 1 63 1
1852 0 -64 0
1853 0 -64 0
1854 0 -64 0
1855 0 -64 0
1856 0 -64 0
1857 1 63 1
1858 0 -64 0
1859 0 -64 0
1860 1 63 1
1861 1 63 1
1862 1 63 1
1863 1 63 1
1864 0 -64 0
1865 0 -64 0
1866 0 -64 0
1867 0 -64 0
1868 1 63 1
1869 0 -64 0
1870 1 63 1
1871 1 63 1
1872 0 -64 0
1873 1 63 1
1874 0 -64 0
1875 0 -64 0
1876 0 -64 0
1877 0 -64 0
1878 1 63 1
1879 1 63 1
1880 1 63 1
1881 0 -64 0
1882 0 -64 0
1883 1 63 1
1884 0 -64 0
1885 1 63 1
1886 1 63 1
1887 0 -64 0
1888 1 63 1
1889 0 -64 0
1890 0 -64 0
1891 1 63 1
1892 1 63 1
1893 1 63 1
1894 1 63 1
1895 1 63 1
1896 0 -64 0
1897 0 -64 0
1898 0 -64 0
1899 0 -64 0
1900 1 63 1
1901 1 63 1
1902 1 63 1
1903 1 63 1
1904 1 63 1
1905 0 -64 0
1906 0 -64 0
1907 1 63 1
1908 0 59 1
1909 0 -64 0
1910 0 -64 0
1911 0 -64 0
1912 0 -64 0
1913 1 63 1
1914 1 63 1
1915 1 -59 0
1916 0 -64 0
1917 0 -64 0
1918 0 -64 0
1919 0 -64 0
1920 0 -64 0
1921 0 -64 0
1922 1 63 1
1923 1 63 1
1924 1 63 1
1925 1 63 1
1926 0 -64 0
1927 1 63 1
1928 1 63 1
1929 0 -64 0
1930 0 -64 0
1931 0 -64 0
1932 0 -64 0
1933 0 -64 0
1934 0 -64 0
1935 1 63 1
1936 0 -64 0
1937 0 -64 0
1938 1 63 1
1939 0 -64 0
1940 1 63 1
1941 0 -64 0
1942 1 63 1
1943 0 -64 0
1944 0 -64 0
1945 0 -64 0
1946 1 63 1
1947 0 -64 0
1948 1 63 1
1949 0 -64 0
1950 0 -64 0
1951 1 63 1
1952 0 -64 0
1953 1 63 1
1954 0 -64 0
1955 0 -64 0
1956 1 63 1
1957 0 -64 0
1958 0 -64 0
1959 1 63 1
1960 1 63 1
1961 1 63 1
1962 1 63 1
1963 1 63 1
1964 1 63 1
1965 1 63 1
1966 1 63 1
1967 1 63 1
1968 1 63 1
1969 0 -64 0
1970 0 -64 0
1971 1 63 1
1972 0 -64 0
1973 1 63 1
1974 1 62 1
1975 1 63 1
1976 0 -64 0
1977 1 63 1
1978 1 63 1
1979 1 63 1
1980 1 63 1
1981 0 -62 0
1982 1 63 1
1983 1 63 1
1984 1 63 1
1985 0 -64 0
1986 0 -64 0
1987 0 -64 0
1988 0 -64 0
1989 0 -64 0
1990 0 -64 0
1991 0 -64 0
1992 0 -64 0
1993 1 63 1
1994 0 -64 0
1995 0 -64 0
1996 1 63 1
1997 1 63 1
1998 1 63 1
1999 1 63 1
2000 0 -64 0
2001 0 -64 0
2002 0 -64 0
2003 0 -64 0
2004 0 -64 0
2005 0 -64 0
2006 1 63 1
2007 0 -64 0
2008 1 63 1
2009 1 63 1
2010 1 63 1
2011 0 -64 0
2012 0 -64 0
2013 1 63 1
2014 1 63 1
2015 1 63 1
2016 1 63 1
2017 0 -64 0
2018 0 -64 0
2019 0 -64 0
2020 0 -64 0
2021 1 63 1
2022 1 63 1
2023 1 63 1
2024 0 -64 0
2025 1 63 1
2026 0 -64 0
2027 0 -64 0
2028 0 -64 0
2029 1 63 1
2030 0 -64 0
2031 1 63 1
2032 1 63 1
2033 0 -64 0
2034 0 -64 0
2035 1 63 1
2036 0 -64 0
2037 1 63 1
2038 0 -64 0
2039 0 -64 0
2040 0 -64 0
2041 1 63 1
2042 0 -64 0
2043 0 -64 0
2044 1 63 1
2045 1 63 1
2046 0 -64 0
2047 0 -64 0
2048 0 -64 0
2049 1 63 1
2050 1 63 1
2051 1 63 1
2052 0 -64 0
2053 1 63 1
2054 1 63 1
2055 0 -64 0
2056 1 63 1
2057 1 63 1
2058 1 63 1
2059 1 63 1
2060 1 63 1
2061 0 -64 0
2062 1 63 1
2063 0 -64 0
2064 1 63 1
2065 1 63 1
2066 0 -64 0
2067 0 -64 0
2068 0 -64 0
2069 1 63 1
2070 0 -64 0
2071 1 63 1
2072 1 63 1
2073 0 -64 0
2074 0 -64 0
2075 1 63 1
2076 0 -64 0
2077 0 -64 0
2078 0 -64 0
2079 1 63 1
2080 1 63 1
2081 1 63 1
2082 1 63 1
2083 0 -64 0
2084 0 -64 0
2085 0 -64 0
2086 1 63 1
2087 1 63 1
2088 0 -64 0
2089 1 63 1
2090 0 -64 0
2091 1 63 1
2092 0 -64 0
2093 1 63 1
2094 1 63 1
2095 1 63 1
2096 1 63 1
2097 0 -64 0
2098 0 -64 0
2099 0 -64 0
2100 0 -64 0
2101 0 -64 0
2102 0 -64 0
2103 0 -64 0
2104 1 63 1
2105 1 63 1
2106 0 -64 0
2107 1 63 1
2108 0 -64 0
2109 0 -64 0
2110 0 -64 0
2111 1 63 1
2112 1 63 1
2113 1 63 1
2114 1 63 1
2115 0 -64 0
2116 0 -64 0
2117 0 -64 0
2118 0 -64 0
2119 1 63 1
2120 0 -64 0
2121 0 -64 0
2122 0 -64 0
2123 0 -64 0
2124 0 -64 0
2125 1 63 1
2126 1 63 1
2127 0 -64 0
2128 1 63 1
2129 0 -64 0
2130 0 -64 0
2131 0 -64 0
2132 1 63 1
2133 0 -64 0
2134 1 63 1
2135 0 -64 0
2136 1 63 1
2137 0 -64 0
2138 0 -64 0
2139 0 -64 0
2140 1 63 1
2141 1 63 1
2142 1 63 1
2143 0 -64 0
2144 1 63 1
2145 0 -64 0
2146 1 63 1
2147 0 -64 0
2148 0 -64 0
2149 1 63 1
2150 0 -64 0
2151 1 63 1
2152 1 63 1
2153 0 -64 0
2154 1 63 1
2155 0 -64 0
2156 1 63 1
2157 0 -64 0
2158 0 -64 0
2159 0 -64 0
2160 1 63 1
2161 0 -64 0
2162 1 63 1
2163 0 -64 0
2164 0 -64 0
2165 0 -64 0
2166 1 63 1
2167 1 63 1
2168 0 -64 0
2169 0 -64 0
2170 1 63 1
2171 1 63 1
2172 0 -64 0
2173 0 -64 0
2174 1 63 1
2175 0 -64 0
2176 0 -64 0
2177 0 -64 0
2178 0 -64 0
2179 1 63 1
2180 0 -64 0
2181 0 -64 0
2182 0 -64 0
2183 1 63 1
2184 1 63 1
2185 1 63 1
2186 1 63 1
2187 1 63 1
2188 1 63 1
2189 1 63 1
2190 1 63 1
2191 0 -64 0
2192 0 -64 0
2193 0 -64 0
2194 1 63 1
2195 1 63 1
2196 1 63 1
2197 1 63 1
2198 1 63 1
2199 1 63 1
2200 1 63 1
2201 1 63 1
2202 0 -64 0
2203 0 -64 0
2204 0 -64 0
2205 1 63 1
2206 0 -64 0
2207 0 -64 0
2208 1 63 1
2209 0 -64 0
2210 0 -64 0
2211 1 63 1
2212 0 -64 0
2213 0 -64 0
2214 0 -64 0
2215 1 63 1
2216 1 63 1
2217 0 -64 0
2218 1 63 1
2219 0 -64 0
2220 1 63 1
2221 0 -64 0
2222 1 63 1
2223 1 63 1
2224 1 63 1
2225 0 -64 0
2226 0 -64 0
2227 0 -59 0
2228 0 -64 0
2229 0 -64 0
2230 1 -64 0
2231 0 63 1
2232 1 63 1
2233 0 -64 0
2234 1 -59 0
2235 1 63 1
2236 0 63 1
2237 0 -64 0
2238 0 -64 0
2239 1 63 1
2240 1 63 1
2241 0 -64 0
2242 0 -64 0
2243 0 -64 0
2244 0 -64 0
2245 0 -64 0
2246 1 63 1
2247 1 63 1
2248 1 63 1
2249 0 -64 0
2250 1 63 1
2251 1 63 1
2252 0 -64 0
2253 1 63 1
2254 1 63 1
2255 1 63 1
2256 1 63 1
2257 0 -64 0
2258 0 -64 0
2259 1 63 1
2260 0 -64 0
2261 0 -64 0
2262 0 -64 0
2263 0 -64 0
2264 0 -64 0
2265 0 -64 0
2266 1 63 1
2267 1 63 1
2268 1 63 1
2269 0 -64 0
2270 0 -64 0
2271 0 -64 0
2272 0 -64 0
2273 0 -64 0
2274 0 -64 0
2275 1 63 1
2276 1 63 1
2277 0 -64 0
2278 1 63 1
2279 1 63 1
2280 1 63 1
2281 0 -64 0
2282 0 -64 0
2283 0 -64 0
2284 0 -64 0
2285 0 -64 0
2286 1 63 1
2287 1 63 1
2288 0 -64 0
2289 1 63 1
2290 0 -64 0
2291 1 63 1
2292 0 -64 0
2293 0 -64 0
2294 0 -64 0
2295 1 63 1
2296 1 63 1
2297 0 -64 0
2298 0 -62 0
2299 0 -50 0
2300 0 -59 0
2301 0 -57 0
2302 0 -41 0
2303 1 48 1
2304 0 -38 0
2305 1 49 1
2306 0 -64 0
2307 0 -62 0
2308 1 62 1
2309 0 -64 0
2310 0 -64 0
2311 1 63 1
2312 1 63 1
2313 1 63 1
2314 0 -64 0
2315 0 -64 0
2316 0 -64 0
2317 1 63 1
2318 0 -64 0
2319 1 63 1
2320 0 -64 0
2321 1 63 1
2322 0 -64 0
2323 1 63 1
2324 0 -64 0
2325 1 63 1
2326 1 63 1
2327 1 63 1
2328 0 -64 0
2329 0 -64 0
2330 0 -64 0
2331 1 63 1
2332 0 -64 0
2333 0 -64 0
2334 1 63 1
2335 0 -64 0
2336 0 -64 0
2337 0 -64 0
2338 1 63 1
2339 0 -64 0
2340 1 63 1
2341 1 63 1
2342 1 63 1
2343 1 63 1
2344 1 63 1
2345 1 63 1
2346 1 63 1
2347 0 -64 0
2348 0 -64 0
2349 0 -64 0
2350 0 -64 0
2351 1 63 1
2352 1 63 1
2353 1 63 1
2354 1 63 1
2355 1 63 1
2356 0 -64 0
2357 0 -64 0
2358 1 63 1
2359 1 63 1
2360 0 -64 0
2361 0 -64 0
2362 0 -64 0
2363 1 63 1
2364 0 -64 0
2365 0 -64 0
2366 1 63 1
2367 0 -64 0
2368 1 63 1
2369 1 63 1
2370 0 -64 0
2371 1 63 1
2372 0 -64 0
2373 1 63 1
2374 1 63 1
2375 1 63 1
2376 0 -64 0
2377 0 -64 0
2378 0 -64 0
2379 1 63 1
2380 0 -64 0
2381 1 63 1
2382 0 -64 0
2383 0 -64 0
2384 0 -64 0
2385 1 63 1
2386 1 63 1
2387 1 63 1
2388 0 -64 0
2389 1 63 1
2390 0 -64 0
2391 1 63 1
2392 0 -64 0
2393 1 63 1
2394 0 -64 0
2395 0 -64 0
2396 1 63 1
2397 0 -64 0
2398 1 63 1
2399 1 63 1
2400 1 63 1
2401 0 -64 0
2402 0 -64 0
2403 0 -64 0
2404 0 -64 0
2405 0 -64 0
2406 0 -64 0
2407 0 -64 0
2408 0 -64 0
2409 1 63 1
2410 0 -64 0
2411 1 63 1
2412 1 63 1
2413 0 -64 0
2414 1 63 1
2415 0 -64 0
2416 1 63 1
2417 1 63 1
2418 0 -64 0
2419 0 -64 0
2420 1 63 1
2421 0 -64 0
2422 0 -64 0
2423 1 63 1
2424 1 63 1
2425 1 63 1
2426 1 63 1
2427 0 -64 0
2428 1 63 1
2429 1 63 1
2430 1 63 1
2431 1 63 1
2432 1 63 1
2433 0 -64 0
2434 1 63 1
2435 1 63 1
2436 1 63 1
2437 1 63 1
2438 0 -64 0
2439 1 63 1
2440 0 -64 0
2441 0 -64 0
2442 0 -64 0
2443 1 63 1
2444 1 63 1
2445 1 63 1
2446 1 63 1
2447 0 -64 0
2448 0 -64 0
2449 1 63 1
2450 1 63 1
2451 0 -64 0
2452 1 63 1
2453 1 63 1
2454 0 -64 0
2455 1 63 1
2456 1 63 1
2457 1 63 1
2458 1 63 1
2459 1 63 1
2460 0 -64 0
2461 0 -64 0
2462 1 63 1
2463 1 63 1
2464 0 -64 0
2465 1 63 1
2466 0 -64 0
2467 0 -64 0
2468 0 -64 0
2469 0 -64 0
2470 1 63 1
2471 1 63 1
2472 1 63 1
2473 0 -64 0
2474 0 -64 0
2475 0 -64 0
2476 1 63 1
2477 1 63 1
2478 0 -64 0
2479 0 -64 0
2480 0 -64 0
2481 0 -64 0
2482 0 -64 0
2483 1 63 1
2484 1 63 1
2485 1 63 1
2486 1 63 1
2487 0 -64 0
2488 1 63 1
2489 1 63 1
2490 0 -64 0
2491 0 -64 0
2492 1 63 1
2493 1 63 1
2494 1 63 1
2495 0 -64 0
2496 0 -64 0
2497 0 -64 0
2498 0 -64 0
2499 0 -64 0
2500 0 -64 0
2501 1 63 1
2502 0 -64 0
2503 0 -64 0
2504 1 63 1
2505 1 63 1
2506 0 -64 0
2507 1 63 1
2508 0 -64 0
2509 0 -64 0
2510 1 63 1
2511 0 -64 0
2512 1 63 1
2513 0 -64 0
2514 1 63 1
2515 0 -64 0
2516 0 -64 0
2517 0 -64 0
2518 1 63 1
2519 1 63 1
2520 0 -64 0
2521 1 63 1
2522 0 -64 0
2523 0 -64 0
2524 1 63 1
2525 1 63 1
2526 1 63 1
2527 1 63 1
2528 1 63 1
2529 1 63 1
2530 0 -64 0
2531 0 -64 0
2532 1 63 1
2533 1 63 1
2534 0 -64 0
2535 0 -64 0
2536 1 63 1
2537 0 -64 0
2538 1 63 1
2539 1 63 1
2540 1 63 1
2541 0 -64 0
2542 0 -64 0
2543 0 -64 0
2544 0 -64 0
2545 1 63 1
2546 0 -64 0
2547 1 63 1
2548 0 -64 0
2549 1 63 1
2550 0 -64 0
2551 1 63 1
2552 0 -64 0
2553 1 63 1
2554 1 63 1
2555 1 63 1
2556 0 -64 0
2557 0 -64 0
2558 0 -64 0
2559 0 -64 0
2560 0 -64 0
2561 0 -64 0
2562 0 -64 0
2563 0 -64 0
2564 1 63 1
2565 0 -64 0
2566 0 -64 0
2567 1 63 1
2568 0 -64 0
2569 1 63 1
2570 0 -64 0
2571 1 63 1
2572 0 -64 0
2573 1 63 1
2574 0 -64 0
2575 0 -64 0
2576 0 -64 0
2577 0 -64 0
2578 0 -64 0
2579 0 -64 0
2580 0 -64 0
2581 1 63 1
2582 0 -64 0
2583 1 63 1
2584 1 63 1
2585 0 -64 0
2586 0 -64 0
2587 1 63 1
2588 1 63 1
2589 0 -64 0
2590 0 -64 0
2591 1 63 1
2592 1 63 1
2593 0 -64 0
2594 1 63 1
2595 0 -64 0
2596 1 63 1
2597 0 -64 0
2598 1 63 1
2599 1 63 1
2600 0 -64 0
2601 1 63 1
2602 1 63 1
2603 1 63 1
2604 1 63 1
2605 1 63 1
2606 0 -64 0
2607 0 -64 0
2608 1 63 1
2609 0 -64 0
2610 1 63 1
2611 0 -64 0
2612 0 -64 0
2613 1 63 1
2614 0 -64 0
2615 1 63 1
2616 1 63 1
2617 1 63 1
2618 0 -64 0
2619 0 -64 0
2620 0 -64 0
2621 0 -64 0
2622 1 63 1
2623 0 -64 0
2624 0 -64 0
2625 1 63 1
2626 1 63 1
2627 0 -64 0
2628 0 -64 0
2629 0 -64 0
2630 0 -64 0
2631 0 -64 0
2632 1 63 1
2633 0 -64 0
2634 1 63 1
2635 1 63 1
2636 0 -64 0
2637 0 -64 0
2638 0 -64 0
2639 0 -64 0
2640 1 63 1
2641 0 -64 0
2642 0 -64 0
2643 1 63 1
2644 1 63 1
2645 0 -64 0
2646 0 -64 0
2647 0 -64 0
2648 0 -64 0
2649 1 63 1
2650 1 63 1
2651 1 63 1
2652 1 63 1
2653 0 -64 0
2654 0 -64 0
2655 1 63 1
2656 1 63 1
2657 1 63 1
2658 0 -64 0
2659 0 -64 0
2660 1 63 1
2661 1 63 1
2662 1 63 1
2663 0 -64 0
2664 1 63 1
2665 1 63 1
2666 1 63 1
2667 0 -64 0
2668 0 -64 0
2669 1 63 1
2670 1 63 1
2671 1 63 1
2672 1 63 1
2673 0 -64 0
2674 0 -64 0
2675 0 -64 0
2676 0 -64 0
2677 1 63 1
2678 1 63 1
2679 1 63 1
2680 0 -64 0
2681 1 63 1
2682 0 -64 0
2683 0 -64 0
2684 1 63 1
2685 0 -64 0
2686 0 -64 0
2687 1 63 1
2688 0 -64 0
2689 0 -64 0
2690 1 63 1
2691 0 -64 0
2692 0 -64 0
2693 1 63 1
2694 1 63 1
2695 0 -64 0
2696 1 63 1
2697 0 -64 0
2698 1 63 1
2699 1 63 1
2700 0 -64 0
2701 0 -64 0
2702 1 63 1
2703 0 -64 0
2704 0 -64 0
2705 1 63 1
2706 0 -64 0
2707 1 63 1
2708 0 -64 0
2709 0 -64 0
2710 1 63 1
2711 1 63 1
2712 1 63 1
2713 0 -64 0
2714 0 -64 0
2715 1 63 1
2716 0 -64 0
2717 1 63 1
2718 0 -64 0
2719 0 -64 0
2720 0 -64 0
2721 1 63 1
2722 1 63 1
2723 0 -64 0
2724 1 63 1
2725 1 63 1
2726 0 -64 0
2727 1 63 1
2728 1 63 1
2729 0 -64 0
2730 0 -64 0
2731 1 63 1
2732 1 63 1
2733 0 -64 0
2734 1 63 1
2735 1 63 1
2736 0 -64 0
2737 0 -64 0
2738 0 -64 0
2739 1 63 1
2740 1 63 1
2741 0 -64 0
2742 1 63 1
2743 0 -64 0
2744 0 -64 0
2745 0 -64 0
2746 1 63 1
2747 1 63 1
2748 1 63 1
2749 1 63 1
2750 1 63 1
2751 1 63 1
2752 0 -64 0
2753 1 63 1
2754 1 63 1
2755 0 -64 0
2756 0 -64 0
2757 1 63 1
2758 0 -64 0
2759 0 -64 0
2760 1 63 1
2761 0 -64 0
2762 0 -64 0
2763 0 -64 0
2764 1 63 1
2765 1 63 1
2766 0 -64 0
2767 0 -64 0
2768 1 63 1
2769 1 63 1
2770 1 63 1
2771 1 63 1
2772 1 63 1
2773 0 -64 0
2774 1 63 1
2775 1 63 1
2776 0 -64 0
2777 1 63 1
2778 1 63 1
2779 1 63 1
2780 1 63 1
2781 1 63 1
2782 0 -64 0
2783 0 -64 0
2784 1 63 1
2785 0 -64 0
2786 0 -64 0
2787 0 -64 0
2788 0 -64 0
2789 1 63 1
2790 0 -64 0
2791 1 63 1
2792 1 63 1
2793 0 -64 0
2794 0 -64 0
2795 1 63 1
2796 0 -64 0
2797 0 -64 0
2798 0 -64 0
2799 0 -64 0
2800 0 -64 0
2801 0 -64 0
2802 1 63 1
2803 0 -64 0
2804 0 -64 0
2805 0 -64 0
2806 1 63 1
2807 0 -64 0
2808 1 63 1
2809 1 63 1
2810 1 63 1
2811 1 63 1
2812 0 -64 0
2813 1 63 1
2814 1 63 1
2815 0 -64 0
2816 0 -64 0
2817 1 63 1
2818 1 63 1
2819 0 -64 0
2820 1 63 1
2821 0 -64 0
2822 0 -64 0
2823 1 63 1
2824 0 -64 0
2825 0 -64 0
2826 1 63 1
2827 0 -64 0
2828 1 63 1
2829 0 -64 0
2830 0 -64 0
2831 0 -64 0
2832 1 63 1
2833 1 63 1
2834 1 63 1
2835 1 63 1
2836 0 -64 0
2837 0 -64 0
2838 1 63 1
2839 0 -64 0
2840 0 -64 0
2841 0 -64 0
2842 1 63 1
2843 0 -64 0
2844 1 63 1
2845 1 63 1
2846 0 -64 0
2847 0 -64 0
2848 0 -64 0
2849 0 -64 0
2850 0 -64 0
2851 0 -64 0
2852 0 -64 0
2853 1 63 1
2854 1 63 1
2855 1 63 1
2856 0 -64 0
2857 1 63 1
2858 1 63 1
2859 1 63 1
2860 1 63 1
2861 1 63 1
2862 1 63 1
2863 0 -64 0
2864 0 -64 0
2865 0 -64 0
2866 1 63 1
2867 0 -64 0
2868 1 63 1
2869 1 63 1
2870 0 -64 0
2871 1 63 1
2872 0 -64 0
2873 0 -64 0
2874 0 -64 0
2875 0 -64 0
2876 0 -64 0
2877 0 -64 0
2878 1 63 1
2879 0 -64 0
2880 0 -64 0
2881 1 63 1
2882 0 -64 0
2883 1 63 1
2884 1 63 1
2885 1 63 1
2886 1 63 1
2887 0 -64 0
2888 0 -64 0
2889 1 63 1
2890 1 63 1
2891 1 63 1
2892 1 63 1
2893 1 63 1
2894 1 63 1
2895 1 63 1
2896 1 63 1
2897 1 63 1
2898 1 63 1
2899 0 -64 0
2900 1 63 1
2901 0 -64 0
2902 1 63 1
2903 0 -64 0
2904 0 -64 0
2905 1 63 1
2906 1 63 1
2907 0 -64 0
2908 0 -64 0
2909 0 -64 0
2910 0 -64 0
2911 0 -64 0
2912 1 63 1
2913 0 -64 0
2914 1 63 1
2915 1 63 1
2916 1 63 1
2917 0 -64 0
2918 0 -64 0
2919 1 63 1
2920 0 -64 0
2921 1 63 1
2922 1 63 1
2923 0 -64 0
2924 1 63 1
2925 0 -64 0
2926 1 63 1
2927 0 -64 0
2928 1 63 1
2929 0 -64 0
2930 0 -64 0
2931 0 -64 0
2932 1 63 1
2933 1 63 1
2934 1 63 1
2935 1 63 1
2936 0 -64 0
2937 0 -64 0
2938 0 -64 0
2939 1 63 1
2940 0 -64 0
2941 1 63 1
2942 1 63 1
2943 0 -64 0
2944 1 63 1
2945 1 63 1
2946 0 -64 0
2947 1 63 1
2948 0 -64 0
2949 0 -64 0
2950 0 -64 0
2951 1 63 1
2952 0 -64 0
2953 0 -64 0
2954 1 63 1
2955 1 63 1
2956 1 63 1
2957 1 63 1
2958 1 63 1
2959 1 63 1
2960 0 -64 0
2961 1 63 1
2962 1 63 1
2963 0 -64 0
2964 1 63 1
2965 1 63 1
2966 1 63 1
2967 0 -64 0
2968 0 -64 0
2969 0 -64 0
2970 1 63 1
2971 0 -64 0
2972 1 63 1
2973 0 -64 0
2974 0 -64 0
2975 0 -64 0
2976 0 63 1
2977 0 -64 0
2978 0 63 1
2979 1 63 1
2980 0 63 1
2981 0 63 1
2982 1 63 1
2983 0 -64 0
2984 1 63 1
2985 1 -64 0
2986 0 -64 0
2987 1 63 1
2988 1 63 1
2989 1 63 1
2990 1 63 1
2991 0 -64 0
2992 0 -64 0
2993 1 63 1
2994 0 -64 0
2995 0 -64 0
2996 1 63 1
2997 1 63 1
2998 0 -64 0
2999 1 63 1
3000 0 -64 0
3001 1 63 1
3002 1 63 1
3003 0 -64 0
3004 1 63 1
3005 1 63 1
3006 0 -64 0
3007 0 -64 0
3008 0 -64 0
3009 0 -64 0
3010 0 -64 0
3011 1 63 1
3012 0 -64 0
3013 0 -64 0
3014 1 63 1
3015 1 63 1
3016 1 63 1
3017 0 -64 0
3018 0 -64 0
3019 1 63 1
3020 0 -64 0
3021 0 -64 0
3022 0 -64 0
3023 1 63 1
3024 0 -64 0
3025 1 63 1
3026 0 -64 0
3027 0 -64 0
3028 0 -64 0
3029 1 63 1
3030 1 63 1
3031 0 -64 0
3032 1 63 1
3033 1 63 1
3034 0 -64 0
3035 1 63 1
3036 0 -64 0
3037 0 -64 0
3038 0 -64 0
3039 0 -64 0
3040 1 63 1
3041 0 -64 0
3042 1 63 1
3043 0 -64 0
3044 1 63 1
3045 0 -64 0
3046 1 63 1
3047 0 -64 0
3048 0 -64 0
3049 0 -64 0
3050 1 63 1
3051 1 63 1
3052 1 63 1
3053 1 63 1
3054 1 63 1
3055 1 63 1
3056 0 -64 0
3057 1 63 1
3058 0 -64 0
3059 0 -64 0
3060 0 -64 0
3061 0 -64 0
3062 0 -64 0
3063 1 63 1
3064 0 -64 0
3065 1 63 1
3066 0 -64 0
3067 1 47 1
3068 1 60 1
3069 0 -39 0
3070 0 -52 0
3071 0 -41 0
3072 0 -38 0
3073 0 -47 0
3074 1 52 1
3075 1 48 1
3076 1 54 1
3077 1 57 1
3078 1 43 1
3079 1 63 1
3080 1 63 1
3081 1 62 1
3082 1 63 1
3083 1 63 1
3084 0 -64 0
3085 0 -64 0
3086 0 -64 0
3087 0 -64 0
3088 0 -64 0
3089 0 -64 0
3090 0 -64 0
3091 1 63 1
3092 0 -64 0
3093 0 -64 0
3094 1 63 1
3095 1 63 1
3096 0 -64 0
3097 1 63 1
3098 1 63 1
3099 1 63 1
3100 0 -64 0
3101 0 -64 0
3102 1 63 1
3103 1 63 1
3104 0 -64 0
3105 1 63 1
3106 1 63 1
3107 1 63 1
3108 0 -64 0
3109 1 63 1
3110 0 -64 0
3111 1 63 1
3112 1 63 1
3113 1 63 1
3114 0 -64 0
3115 0 -64 0
3116 0 -64 0
3117 1 63 1
3118 1 63 1
3119 1 63 1
3120 1 63 1
3121 0 -64 0
3122 1 63 1
3123 1 63 1
3124 0 -64 0
3125 0 -64 0
3126 0 -64 0
3127 1 63 1
3128 1 63 1
3129 0 -64 0
3130 0 -64 0
3131 0 -64 0
3132 0 -64 0
3133 0 -64 0
3134 1 63 1
3135 1 63 1
3136 1 63 1
3137 0 -64 0
3138 1 63 1
3139 0 -64 0
3140 0 -64 0
3141 1 63 1
3142 0 -64 0
3143 0 -64 0
3144 0 -64 0
3145 0 -64 0
3146 1 63 1
3147 1 63 1
3148 0 -64 0
3149 0 -64 0
3150 0 -64 0
3151 1 63 1
3152 0 -64 0
3153 1 63 1
3154 1 63 1
3155 1 63 1
3156 1 63 1
3157 0 -64 0
3158 1 63 1
3159 0 -64 0
3160 0 -64 0
3161 1 63 1
3162 1 63 1
3163 0 -64 0
3164 1 63 1
3165 0 -64 0
3166 1 63 1
3167 1 63 1
3168 0 -64 0
3169 0 -64 0
3170 1 63 1
3171 0 -64 0
3172 1 63 1
3173 1 63 1
3174 0 -64 0
3175 0 -64 0
3176 1 63 1
3177 0 -64 0
3178 1 63 1
3179 0 -64 0
3180 1 63 1
3181 1 63 1
3182 1 63 1
3183 0 -64 0
3184 0 -64 0
3185 0 -64 0
3186 1 63 1
3187 0 -64 0
3188 1 63 1
3189 0 -64 0
3190 0 -64 0
3191 0 -64 0
3192 1 63 1
3193 0 -64 0
3194 1 63 1
3195 1 63 1
3196 0 -64 0
3197 1 63 1
3198 1 63 1
3199 1 63 1
3200 0 -64 0
3201 1 63 1
3202 0 -64 0
3203 1 63 1
3204 1 63 1
3205 0 -64 0
3206 0 -64 0
3207 1 63 1
3208 1 63 1
3209 0 -64 0
3210 0 -64 0
3211 0 -64 0
3212 1 63 1
3213 1 63 1
3214 1 63 1
3215 1 63 1
3216 1 63 1
3217 1 63 1
3218 1 63 1
3219 0 -64 0
3220 0 -64 0
3221 1 63 1
3222 1 63 1
3223 1 63 1
3224 0 -64 0
3225 0 -64 0
3226 0 -64 0
3227 1 63 1
3228 0 -64 0
3229 1 63 1
3230 0 -64 0
3231 0 -64 0
3232 1 63 1
3233 1 63 1
3234 1 63 1
3235 1 63 1
3236 0 -64 0
3237 0 -64 0
3238 0 -64 0
3239 0 -64 0
3240 1 63 1
3241 1 63 1
3242 0 -64 0
3243 1 63 1
3244 0 -64 0
3245 0 -64 0
3246 0 -64 0
3247 1 63 1
3248 1 63 1
3249 1 63 1
3250 1 63 1
3251 0 -64 0
3252 0 -64 0
3253 1 63 1
3254 0 -64 0
3255 1 63 1
3256 1 63 1
3257 1 63 1
3258 0 -64 0
3259 1 63 1
3260 1 63 1
3261 1 63 1
3262 1 63 1
3263 0 -64 0
3264 0 -64 0
3265 1 63 1
3266 1 63 1
3267 0 -64 0
3268 0 -64 0
3269 1 63 1
3270 0 -64 0
3271 0 -64 0
3272 1 63 1
3273 0 -64 0
3274 1 63 1
3275 1 63 1
3276 0 -64 0
3277 0 -64 0
3278 1 63 1
3279 0 -64 0
3280 0 -64 0
3281 0 -64 0
3282 0 -64 0
3283 1 63 1
3284 0 -64 0
3285 0 -64 0
3286 1 63 1
3287 1 63 1
3288 1 63 1
3289 1 63 1
3290 0 -64 0
3291 1 63 1
3292 1 63 1
3293 1 63 1
3294 1 63 1
3295 0 -64 0
3296 0 -64 0
3297 0 -64 0
3298 1 63 1
3299 0 -64 0
3300 1 63 1
3301 1 63 1
3302 1 63 1
3303 0 -64 0
3304 1 63 1
3305 0 -64 0
3306 1 63 1
3307 0 -64 0
3308 0 -64 0
3309 1 63 1
3310 1 63 1
3311 1 63 1
3312 1 63 1
3313 1 63 1
3314 1 63 1
3315 0 -64 0
3316 1 63 1
3317 0 -64 0
3318 1 63 1
3319 1 63 1
3320 0 -64 0
3321 1 63 1
3322 1 63 1
3323 0 -64 0
3324 1 63 1
3325 1 63 1
3326 1 63 1
3327 0 -64 0
3328 1 63 1
3329 1 63 1
3330 0 -64 0
3331 1 63 1
3332 1 63 1
3333 1 63 1
3334 0 -64 0
3335 1 63 1
3336 0 -64 0
3337 0 -64 0
3338 0 -64 0
3339 0 -64 0
3340 0 -64 0
3341 1 63 1
3342 1 63 1
3343 1 63 1
3344 0 -64 0
3345 1 63 1
3346 0 -64 0
3347 1 63 1
3348 1 63 1
3349 0 -64 0
3350 1 -64 0
3351 1 63 1
3352 1 -64 0
3353 1 63 1
3354 0 -64 0
3355 1 -64 0
3356 0 63 1
3357 1 63 1
3358 0 -64 0
3359 1 63 1
3360 0 -64 0
3361 0 -64 0
3362 1 -64 0
3363 1 63 1
3364 1 63 1
3365 0 -64 0
3366 0 -64 0
3367 1 63 1
3368 0 -64 0
3369 1 63 1
3370 0 -64 0
3371 1 63 1
3372 0 -64 0
3373 1 63 1
3374 0 -64 0
3375 1 63 1
3376 0 -64 0
3377 0 -64 0
3378 1 63 1
3379 0 -64 0
3380 0 -64 0
3381 0 -64 0
3382 1 63 1
3383 1 63 1
3384 0 -64 0
3385 0 -64 0
3386 0 -64 0
3387 0 -64 0
3388 0 -64 0
3389 1 63 1
3390 1 63 1
3391 1 63 1
3392 0 -64 0
3393 1 63 1
3394 1 63 1
3395 0 -64 0
3396 0 -64 0
3397 0 -64 0
3398 0 -64 0
3399 1 63 1
3400 1 63 1
3401 1 63 1
3402 0 -64 0
3403 1 63 1
3404 0 -64 0
3405 1 63 1
3406 0 -64 0
3407 0 -64 0
3408 0 -64 0
3409 1 63 1
3410 0 -64 0
3411 0 -64 0
3412 0 -64 0
3413 1 63 1
3414 1 63 1
3415 0 -64 0
3416 1 63 1
3417 0 -64 0
3418 0 -64 0
3419 0 -64 0
3420 1 63 1
3421 0 -64 0
3422 1 63 1
3423 0 -64 0
3424 1 63 1
3425 0 -64 0
3426 1 63 1
3427 1 63 1
3428 0 -64 0
3429 1 63 1
3430 0 -64 0
3431 0 -64 0
3432 1 63 1
3433 0 -64 0
3434 0 -64 0
3435 0 -64 0
3436 0 -64 0
3437 1 63 1
3438 0 -64 0
3439 1 63 1
3440 1 63 1
3441 0 -64 0
3442 1 63 1
3443 1 63 1
3444 1 63 1
3445 1 63 1
3446 1 63 1
3447 0 -64 0
3448 1 63 1
3449 0 -64 0
3450 0 -64 0
3451 1 63 1
3452 1 63 1
3453 0 -64 0
3454 0 -64 0
3455 1 63 1
3456 1 63 1
3457 1 63 1
3458 0 -64 0
3459 0 -64 0
3460 1 63 1
3461 1 63 1
3462 0 -64 0
3463 1 63 1
3464 1 63 1
3465 0 -64 0
3466 1 63 1
3467 0 -64 0
3468 1 63 1
3469 1 63 1
3470 0 -64 0
3471 0 -64 0
3472 1 63 1
3473 0 -64 0
3474 0 -64 0
3475 0 -64 0
3476 1 63 1
3477 1 63 1
3478 1 63 1
3479 0 -64 0
3480 0 -64 0
3481 1 63 1
3482 0 -64 0
3483 1 63 1
3484 0 -64 0
3485 0 -64 0
3486 0 -64 0
3487 1 63 1
3488 1 63 1
3489 0 63 1
3490 0 -64 0
3491 1 -64 0
3492 1 63 1
3493 0 -64 0
3494 0 -64 0
3495 0 63 1
3496 0 -64 0
3497 1 63 1
3498 1 63 1
3499 1 63 1
3500 0 -64 0
3501 1 63 1
3502 1 63 1
3503 0 -64 0
3504 1 63 1
3505 0 -64 0
3506 1 63 1
3507 1 63 1
3508 0 -64 0
3509 1 63 1
3510 1 63 1
3511 1 63 1
3512 1 63 1
3513 1 63 1
3514 0 -64 0
3515 0 -64 0
3516 0 -64 0
3517 1 63 1
3518 0 -64 0
3519 0 -64 0
3520 1 63 1
3521 0 -64 0
3522 1 63 1
3523 1 63 1
3524 0 -64 0
3525 0 -64 0
3526 0 -64 0
3527 0 -64 0
3528 0 -64 0
3529 1 63 1
3530 0 -64 0
3531 0 -64 0
3532 1 63 1
3533 1 63 1
3534 0 -64 0
3535 0 -64 0
3536 1 63 1
3537 0 -64 0
3538 1 63 1
3539 0 -64 0
3540 1 63 1
3541 0 -64 0
3542 1 63 1
3543 0 -64 0
3544 0 -64 0
3545 0 -64 0
3546 0 -64 0
3547 1 63 1
3548 1 63 1
3549 0 -64 0
3550 0 -64 0
3551 1 63 1
3552 1 63 1
3553 0 -64 0
3554 0 -64 0
3555 0 -64 0
3556 1 63 1
3557 1 63 1
3558 0 -64 0
3559 1 63 1
3560 1 63 1
3561 0 -64 0
3562 1 63 1
3563 1 63 1
3564 0 -64 0
3565 1 63 1
3566 1 63 1
3567 0 -64 0
3568 1 63 1
3569 0 -64 0
3570 1 63 1
3571 1 63 1
3572 1 63 1
3573 1 63 1
3574 1 63 1
3575 0 -64 0
3576 1 63 1
3577 0 -64 0
3578 0 -64 0
3579 0 -64 0
3580 1 63 1
3581 0 -64 0
3582 1 63 1
3583 1 63 1
3584 0 -64 0
3585 1 63 1
3586 0 -64 0
3587 1 63 1
3588 1 63 1
3589 0 -64 0
3590 1 63 1
3591 0 -64 0
3592 1 63 1
3593 1 63 1
3594 0 -64 0
3595 0 -64 0
3596 0 -64 0
3597 0 -64 0
3598 1 63 1
3599 1 63 1
3600 1 63 1
3601 0 -64 0
3602 0 -64 0
3603 0 -64 0
3604 0 -64 0
3605 1 63 1
3606 1 63 1
3607 0 -64 0
3608 0 -64 0
3609 0 -64 0
3610 1 63 1
3611 1 63 1
3612 0 -64 0
3613 0 -64 0
3614 0 -64 0
3615 0 -64 0
3616 1 63 1
3617 1 63 1
3618 0 -64 0
3619 1 63 1
3620 0 -64 0
3621 1 63 1
3622 0 -64 0
3623 1 63 1
3624 1 63 1
3625 0 -64 0
3626 0 -64 0
3627 1 63 1
3628 0 -64 0
3629 1 63 1
3630 0 -64 0
3631 0 -64 0
3632 1 63 1
3633 1 63 1
3634 1 63 1
3635 1 63 1
3636 0 -64 0
3637 0 -64 0
3638 0 -64 0
3639 0 -64 0
3640 0 -64 0
3641 1 63 1
3642 0 -64 0
3643 0 -64 0
3644 0 -64 0
3645 1 63 1
3646 0 -64 0
3647 0 -64 0
3648 1 63 1
3649 0 -64 0
3650 0 -64 0
3651 1 63 1
3652 0 -64 0
3653 1 63 1
3654 1 63 1
3655 1 63 1
3656 1 63 1
3657 0 -64 0
3658 0 -64 0
3659 1 63 1
3660 1 63 1
3661 1 63 1
3662 0 -64 0
3663 0 -64 0
3664 0 -64 0
3665 0 -64 0
3666 1 63 1
3667 0 -64 0
3668 0 -64 0
3669 1 63 1
3670 0 -64 0
3671 1 63 1
3672 1 63 1
3673 1 63 1
3674 1 63 1
3675 1 63 1
3676 1 63 1
3677 0 -64 0
3678 1 63 1
3679 1 63 1
3680 1 63 1
3681 1 63 1
3682 0 -64 0
3683 1 63 1
3684 0 63 1
3685 0 63 1
3686 0 -64 0
3687 1 55 1
3688 1 63 1
3689 1 63 1
3690 0 -64 0
3691 0 -64 0
3692 1 63 1
3693 1 63 1
3694 0 55 1
3695 1 63 1
3696 0 -64 0
3697 0 -64 0
3698 1 63 1
3699 0 -64 0
3700 1 63 1
3701 1 63 1
3702 0 -64 0
3703 1 63 1
3704 0 -64 0
3705 0 -64 0
3706 0 -64 0
3707 1 63 1
3708 1 63 1
3709 0 -64 0
3710 1 63 1
3711 0 -64 0
3712 1 63 1
3713 0 -64 0
3714 1 63 1
3715 1 63 1
3716 0 -64 0
3717 0 -64 0
3718 1 63 1
3719 1 63 1
3720 1 63 1
3721 0 -64 0
3722 1 63 1
3723 1 63 1
3724 1 63 1
3725 1 63 1
3726 0 -64 0
3727 0 -64 0
3728 1 63 1
3729 1 63 1
3730 0 -64 0
3731 1 63 1
3732 1 63 1
3733 1 63 1
3734 1 63 1
3735 0 -64 0
3736 0 -64 0
3737 1 63 1
3738 1 63 1
3739 0 -64 0
3740 1 63 1
3741 0 -64 0
3742 0 -64 0
3743 1 63 1
3744 0 -64 0
3745 1 63 1
3746 0 -64 0
3747 0 -64 0
3748 1 63 1
3749 1 63 1
3750 0 -64 0
3751 0 -64 0
3752 1 63 1
3753 0 -64 0
3754 1 63 1
3755 1 63 1
3756 1 63 1
3757 1 63 1
3758 1 63 1
3759 0 -64 0
3760 1 63 1
3761 0 -64 0
3762 0 -64 0
3763 0 -64 0
3764 1 63 1
3765 1 63 1
3766 0 -64 0
3767 1 63 1
3768 0 -64 0
3769 1 63 1
3770 1 63 1
3771 1 63 1
3772 1 63 1
3773 0 -64 0
3774 1 63 1
3775 0 -64 0
3776 1 63 1
3777 0 -64 0
3778 1 63 1
3779 0 -64 0
3780 1 63 1
3781 0 -64 0
3782 0 -64 0
3783 1 63 1
3784 1 63 1
3785 1 63 1
3786 1 63 1
3787 0 -64 0
3788 1 63 1
3789 0 -64 0
3790 0 -64 0
3791 1 63 1
3792 1 63 1
3793 0 -64 0
3794 0 -64 0
3795 1 63 1
3796 0 -64 0
3797 0 -64 0
3798 1 63 1
3799 0 -64 0
3800 1 63 1
3801 1 63 1
3802 1 63 1
3803 1 63 1
3804 1 63 1
3805 1 63 1
3806 1 63 1
3807 1 63 1
3808 1 63 1
3809 0 -64 0
3810 0 -64 0
3811 0 -64 0
3812 0 -64 0
3813 0 -64 0
3814 1 63 1
3815 0 -64 0
3816 0 -64 0
3817 1 63 1
3818 0 -64 0
3819 1 63 1
3820 1 63 1
3821 1 63 1
3822 1 63 1
3823 1 63 1
3824 1 63 1
3825 0 -64 0
3826 1 63 1
3827 0 -64 0
3828 1 63 1
3829 1 63 1
3830 1 63 1
3831 1 63 1
3832 1 63 1
3833 0 -64 0
3834 1 63 1
3835 1 55 1
3836 0 -59 0
3837 1 39 1
3838 0 -39 0
3839 1 46 1
3840 1 37 1
3841 1 34 1
3842 1 51 1
3843 1 -18 0
3844 0 -29 0
3845 1 61 1
3846 1 63 1
3847 0 -64 0
3848 1 63 1
3849 1 63 1
3850 0 -64 0
3851 1 63 1
3852 1 63 1
3853 0 -64 0
3854 1 63 1
3855 1 63 1
3856 1 53 1
3857 0 -64 0
3858 1 58 1
3859 1 63 1
3860 0 -62 0
3861 1 62 1
3862 0 -57 0
3863 1 11 1
3864 1 48 1
3865 0 -50 0
3866 0 -48 0
3867 1 63 1
3868 0 -64 0
3869 1 50 1
3870 1 11 1
3871 0 -64 0
3872 1 63 1
3873 1 63 1
3874 1 55 1
3875 1 55 1
3876 1 63 1
3877 1 55 1
3878 0 -64 0
3879 0 -64 0
3880 0 -64 0
3881 0 -64 0
3882 1 63 1
3883 1 63 1
3884 1 63 1
3885 0 -64 0
3886 0 -64 0
3887 0 -64 0
3888 0 -64 0
3889 0 -64 0
3890 0 -64 0
3891 1 63 1
3892 0 -64 0
3893 1 63 1
3894 1 63 1
3895 1 63 1
3896 1 63 1
3897 1 63 1
3898 0 -64 0
3899 0 -64 0
3900 0 -64 0
3901 1 63 1
3902 1 63 1
3903 1 63 1
3904 0 -64 0
3905 0 -64 0
3906 0 -64 0
3907 1 63 1
3908 1 63 1
3909 0 -64 0
3910 1 63 1
3911 0 -64 0
3912 1 63 1
3913 0 -64 0
3914 0 -64 0
3915 1 63 1
3916 1 63 1
3917 0 -64 0
3918 1 63 1
3919 1 63 1
3920 0 -64 0
3921 0 -64 0
3922 0 -64 0
3923 0 -64 0
3924 1 63 1
3925 1 63 1
3926 1 63 1
3927 0 -64 0
3928 0 -64 0
3929 0 -64 0
3930 0 -64 0
3931 0 -64 0
3932 0 -64 0
3933 1 63 1
3934 1 63 1
3935 1 63 1
3936 0 -64 0
3937 0 -64 0
3938 0 -64 0
3939 0 -64 0
3940 1 63 1
3941 1 63 1
3942 0 -64 0
3943 0 -64 0
3944 1 63 1
3945 1 63 1
3946 1 63 1
3947 0 -64 0
3948 0 -64 0
3949 1 63 1
3950 0 -64 0
3951 0 -64 0
3952 1 63 1
3953 0 -64 0
3954 0 -64 0
3955 1 63 1
3956 1 63 1
3957 0 -64 0
3958 1 63 1
3959 0 -64 0
3960 0 -64 0
3961 0 -64 0
3962 1 63 1
3963 1 63 1
3964 1 63 1
3965 0 -64 0
3966 0 -64 0
3967 0 -64 0
3968 1 63 1
3969 0 -64 0
3970 1 63 1
3971 1 63 1
3972 1 63 1
3973 0 -64 0
3974 1 63 1
3975 1 63 1
3976 1 63 1
3977 1 63 1
3978 0 -64 0
3979 0 -64 0
3980 0 -64 0
3981 1 63 1
3982 0 -64 0
3983 0 -64 0
3984 0 -64 0
3985 0 -64 0
3986 1 63 1
3987 0 -64 0
3988 1 63 1
3989 0 -64 0
3990 0 -64 0
3991 0 -64 0
3992 0 -64 0
3993 0 -64 0
3994 1 63 1
3995 1 63 1
3996 0 -64 0
3997 1 63 1
3998 0 -64 0
3999 0 -64 0
4000 1 63 1
4001 1 63 1
4002 0 -64 0
4003 0 -64 0
4004 1 63 1
4005 0 -64 0
4006 0 -64 0
4007 1 63 1
4008 0 -64 0
4009 0 -64 0
4010 1 63 1
4011 1 63 1
4012 1 63 1
4013 0 -64 0
4014 1 63 1
4015 1 63 1
4016 0 -64 0
4017 0 -64 0
4018 1 63 1
4019 1 63 1
4020 1 63 1
4021 1 63 1
4022 1 63 1
4023 0 -64 0
4024 0 -64 0
4025 0 -64 0
4026 1 63 1
4027 1 63 1
4028 1 63 1
4029 0 -64 0
4030 1 63 1
4031 1 63 1
4032 0 -64 0
4033 0 -64 0
4034 1 63 1
4035 0 -64 0
4036 1 63 1
4037 0 -64 0
4038 1 63 1
4039 1 63 1
4040 1 63 1
4041 1 63 1
4042 1 63 1
4043 0 -64 0
4044 1 63 1
4045 1 63 1
4046 0 -64 0
4047 0 -64 0
4048 1 63 1
4049 0 -64 0
4050 0 -64 0
4051 0 -64 0
4052 0 -64 0
4053 1 63 1
4054 1 63 1
4055 1 63 1
4056 0 -64 0
4057 1 63 1
4058 1 63 1
4059 1 63 1
4060 0 -64 0
4061 1 63 1
4062 1 63 1
4063 1 63 1
4064 1 63 1
4065 0 -64 0
4066 1 63 1
4067 1 63 1
4068 1 63 1
4069 1 63 1
4070 1 63 1
4071 0 -64 0
4072 0 -64 0
4073 1 63 1
4074 0 -64 0
4075 0 -64 0
4076 1 63 1
4077 1 63 1
4078 1 63 1
4079 1 63 1
4080 0 -64 0
4081 0 -64 0
4082 0 -64 0
4083 1 63 1
4084 0 -64 0
4085 1 63 1
4086 0 -64 0
4087 0 -64 0
4088 0 -64 0
4089 0 -64 0
4090 0 -64 0
4091 1 63 1
4092 0 -64 0
4093 1 63 1
4094 1 63 1
4095 0 -64 0
4096 1 63 1
4097 1 63 1
4098 1 63 1
4099 0 -64 0
4100 1 63 1
4101 1 63 1
4102 1 63 1
4103 0 -64 0
4104 1 63 1
4105 0 -64 0
4106 1 63 1
4107 1 63 1
4108 1 63 1
4109 0 -64 0
4110 1 63 1
4111 1 63 1
4112 1 63 1
4113 1 63 1
4114 0 -64 0
4115 0 -64 0
4116 1 63 1
4117 1 63 1
4118 0 -64 0
4119 1 63 1
4120 0 -64 0
4121 0 -64 0
4122 0 -64 0
4123 1 63 1
4124 0 -64 0
4125 0 -64 0
4126 0 -64 0
4127 1 63 1
4128 0 -64 0
4129 0 -64 0
4130 1 63 1
4131 1 63 1
4132 0 -64 0
4133 1 63 1
4134 1 63 1
4135 1 63 1
4136 0 -64 0
4137 1 63 1
4138 0 -64 0
4139 1 63 1
4140 1 63 1
4141 0 -64 0
4142 0 -64 0
4143 1 63 1
4144 0 -64 0
4145 1 63 1
4146 1 63 1
4147 1 63 1
4148 1 63 1
4149 0 -64 0
4150 1 63 1
4151 0 -64 0
4152 0 -64 0
4153 0 -64 0
4154 0 -64 0
4155 1 63 1
4156 0 -64 0
4157 0 -64 0
4158 0 -64 0
4159 0 -64 0
4160 1 63 1
4161 0 -64 0
4162 0 -64 0
4163 0 -64 0
4164 1 63 1
4165 0 -64 0
4166 0 -64 0
4167 1 63 1
4168 1 63 1
4169 1 63 1
4170 1 63 1
4171 1 63 1
4172 1 63 1
4173 1 63 1
4174 1 63 1
4175 1 63 1
4176 1 63 1
4177 0 -64 0
4178 1 63 1
4179 1 63 1
4180 0 -64 0
4181 1 63 1
4182 1 63 1
4183 1 63 1
4184 0 -64 0
4185 1 63 1
4186 1 63 1
4187 0 -64 0
4188 1 63 1
4189 1 63 1
4190 1 63 1
4191 0 -64 0
4192 0 -64 0
4193 0 -64 0
4194 0 -64 0
4195 0 -64 0
4196 0 -64 0
4197 0 -64 0
4198 0 -64 0
4199 1 63 1
4200 1 63 1
4201 0 -64 0
4202 0 -64 0
4203 0 -64 0
4204 0 -64 0
4205 1 63 1
4206 1 63 1
4207 1 63 1
4208 0 -64 0
4209 0 -64 0
4210 1 63 1
4211 1 63 1
4212 1 63 1
4213 0 -64 0
4214 1 63 1
4215 1 63 1
4216 1 63 1
4217 1 63 1
4218 0 -64 0
4219 1 63 1
4220 0 -64 0
4221 1 63 1
4222 1 63 1
4223 0 -64 0
4224 0 -64 0
4225 1 63 1
4226 1 63 1
4227 1 63 1
4228 0 -64 0
4229 1 63 1
4230 0 -64 0
4231 1 63 1
4232 1 63 1
4233 1 63 1
4234 0 -64 0
4235 1 63 1
4236 1 63 1
4237 1 63 1
4238 1 63 1
4239 1 63 1
4240 0 -64 0
4241 1 63 1
4242 0 -64 0
4243 1 63 1
4244 1 63 1
4245 1 63 1
4246 0 -64 0
4247 1 63 1
4248 1 63 1
4249 0 -64 0
4250 0 -64 0
4251 0 -64 0
4252 0 -64 0
4253 0 -64 0
4254 0 -64 0
4255 1 63 1
4256 1 63 1
4257 0 -64 0
4258 0 -64 0
4259 0 -64 0
4260 0 -64 0
4261 0 -64 0
4262 0 -64 0
4263 1 63 1
4264 1 63 1
4265 1 63 1
4266 1 63 1
4267 0 -64 0
4268 0 -64 0
4269 1 63 1
4270 1 63 1
4271 0 -64 0
4272 0 -64 0
4273 1 63 1
4274 1 63 1
4275 1 63 1
4276 0 -64 0
4277 0 -64 0
4278 0 -64 0
4279 0 -64 0
4280 0 -64 0
4281 1 63 1
4282 1 63 1
4283 0 -64 0
4284 1 63 1
4285 0 -64 0
4286 1 63 1
4287 1 54 1
4288 0 -64 0
4289 1 63 1
4290 0 -64 0
4291 0 -64 0
4292 1 63 1
4293 0 -64 0
4294 0 -54 0
4295 0 -64 0
4296 1 63 1
4297 1 63 1
4298 1 63 1
4299 0 -64 0
4300 0 -64 0
4301 1 63 1
4302 0 -64 0
4303 1 63 1
4304 1 63 1
4305 0 -64 0
4306 1 63 1
4307 1 63 1
4308 0 -64 0
4309 0 -64 0
4310 1 63 1
4311 1 63 1
4312 0 -64 0
4313 1 63 1
4314 1 63 1
4315 0 -64 0
4316 0 -64 0
4317 1 63 1
4318 1 63 1
4319 0 -64 0
4320 0 -64 0
4321 1 63 1
4322 0 -64 0
4323 1 63 1
4324 0 -64 0
4325 0 -64 0
4326 0 -64 0
4327 0 -64 0
4328 1 63 1
4329 1 63 1
4330 1 63 1
4331 0 -64 0
4332 0 -64 0
4333 0 -64 0
4334 1 63 1
4335 0 -64 0
4336 0 -64 0
4337 0 -64 0
4338 1 63 1
4339 1 63 1
4340 1 63 1
4341 0 -64 0
4342 0 -64 0
4343 1 63 1
4344 1 63 1
4345 1 63 1
4346 1 63 1
4347 1 63 1
4348 1 63 1
4349 0 -64 0
4350 1 63 1
4351 0 -64 0
4352 0 -64 0
4353 0 -64 0
4354 0 -64 0
4355 1 63 1
4356 0 -64 0
4357 0 -64 0
4358 0 -64 0
4359 1 63 1
4360 0 -64 0
4361 1 63 1
4362 1 63 1
4363 0 -64 0
4364 1 63 1
4365 1 63 1
4366 0 -64 0
4367 0 -64 0
4368 1 63 1
4369 0 -64 0
4370 1 63 1
4371 1 63 1
4372 0 -64 0
4373 1 63 1
4374 0 -64 0
4375 0 -64 0
4376 0 -64 0
4377 1 63 1
4378 1 63 1
4379 0 -64 0
4380 0 -64 0
4381 1 63 1
4382 1 63 1
4383 0 -64 0
4384 0 -64 0
4385 1 63 1
4386 0 -64 0
4387 0 -64 0
4388 1 63 1
4389 0 -64 0
4390 0 -64 0
4391 1 63 1
4392 1 63 1
4393 0 -64 0
4394 0 -64 0
4395 0 -64 0
4396 0 -64 0
4397 1 63 1
4398 0 -64 0
4399 0 -64 0
4400 0 -64 0
4401 0 -64 0
4402 1 63 1
4403 0 -64 0
4404 1 63 1
4405 0 -64 0
4406 1 63 1
4407 0 -64 0
4408 1 63 1
4409 1 63 1
4410 1 63 1
4411 1 63 1
4412 1 63 1
4413 1 63 1
4414 1 63 1
4415 1 63 1
4416 1 63 1
4417 1 63 1
4418 0 -64 0
4419 0 -64 0
4420 1 63 1
4421 1 63 1
4422 0 -64 0
4423 0 -64 0
4424 0 -64 0
4425 1 63 1
4426 1 63 1
4427 0 -64 0
4428 0 -64 0
4429 1 63 1
4430 1 63 1
4431 1 63 1
4432 1 63 1
4433 1 63 1
4434 1 63 1
4435 1 63 1
4436 1 63 1
4437 0 -64 0
4438 0 -64 0
4439 0 -64 0
4440 0 -64 0
4441 0 -64 0
4442 1 63 1
4443 0 -64 0
4444 1 63 1
4445 1 63 1
4446 0 -64 0
4447 1 63 1
4448 0 -64 0
4449 1 63 1
4450 0 -64 0
4451 1 63 1
4452 1 63 1
4453 1 63 1
4454 0 -64 0
4455 0 -64 0
4456 1 63 1
4457 1 63 1
4458 0 -64 0
4459 1 63 1
4460 0 -64 0
4461 1 63 1
4462 0 -64 0
4463 1 63 1
4464 0 -64 0
4465 0 -64 0
4466 1 63 1
4467 0 -64 0
4468 0 -64 0
4469 0 -64 0
4470 0 -64 0
4471 1 63 1
4472 0 -64 0
4473 1 63 1
4474 1 63 1
4475 0 -64 0
4476 0 -64 0
4477 0 -64 0
4478 1 63 1
4479 1 63 1
4480 1 63 1
4481 1 63 1
4482 0 -64 0
4483 1 63 1
4484 0 -64 0
4485 0 -64 0
4486 0 -64 0
4487 1 63 1
4488 0 -64 0
4489 1 63 1
4490 0 -64 0
4491 0 -64 0
4492 1 63 1
4493 0 -64 0
4494 0 -64 0
4495 0 -64 0
4496 0 -64 0
4497 1 63 1
4498 1 63 1
4499 1 63 1
4500 1 63 1
4501 1 63 1
4502 0 -64 0
4503 1 63 1
4504 0 -64 0
4505 0 -64 0
4506 1 63 1
4507 0 -64 0
4508 1 63 1
4509 0 -64 0
4510 0 -64 0
4511 0 -64 0
4512 1 63 1
4513 1 63 1
4514 0 -64 0
4515 1 63 1
4516 1 63 1
4517 0 -64 0
4518 1 63 1
4519 0 -64 0
4520 1 63 1
4521 0 -64 0
4522 0 -64 0
4523 0 -64 0
4524 1 63 1
4525 1 63 1
4526 1 63 1
4527 1 63 1
4528 0 -64 0
4529 0 -64 0
4530 1 63 1
4531 0 -64 0
4532 0 -64 0
4533 0 -64 0
4534 1 63 1
4535 0 -64 0
4536 1 63 1
4537 1 63 1
4538 1 63 1
4539 0 -64 0
4540 0 -64 0
4541 0 -64 0
4542 1 63 1
4543 0 -64 0
4544 0 -64 0
4545 1 63 1
4546 0 -64 0
4547 1 63 1
4548 1 63 1
4549 1 63 1
4550 0 -64 0
4551 0 -64 0
4552 1 63 1
4553 0 -64 0
4554 0 -64 0
4555 1 63 1
4556 1 63 1
4557 1 63 1
4558 0 -64 0
4559 1 63 1
4560 1 63 1
4561 0 -64 0
4562 0 -64 0
4563 0 -64 0
4564 1 63 1
4565 1 63 1
4566 0 -64 0
4567 0 -64 0
4568 0 -60 0
4569 0 -64 0
4570 0 -64 0
4571 1 63 1
4572 0 -64 0
4573 1 63 1
4574 1 63 1
4575 1 63 1
4576 0 -64 0
4577 0 -64 0
4578 0 -64 0
4579 1 63 1
4580 1 63 1
4581 1 63 1
4582 1 60 1
4583 0 -64 0
4584 0 -64 0
4585 0 -64 0
4586 0 -64 0
4587 1 63 1
4588 1 63 1
4589 1 63 1
4590 0 -64 0
4591 0 -64 0
4592 1 63 1
4593 1 63 1
4594 1 63 1
4595 0 -64 0
4596 0 -64 0
4597 0 -64 0
4598 0 -64 0
4599 1 63 1
4600 1 63 1
4601 0 -55 0
4602 0 -60 0
4603 0 -39 0
4604 1 43 1
4605 0 -49 0
4606 1 43 1
4607 1 34 1
4608 1 39 1
4609 1 60 1
4610 1 63 1
4611 1 37 1
4612 1 46 1
4613 0 -64 0
4614 0 -57 0
4615 1 63 1
4616 0 -64 0
4617 0 -64 0
4618 0 -64 0
4619 1 63 1
4620 0 -64 0
4621 0 -64 0
4622 1 63 1
4623 0 -64 0
4624 1 63 1
4625 0 -64 0
4626 1 63 1
4627 0 -64 0
4628 1 63 1
4629 1 63 1
4630 1 63 1
4631 1 63 1
4632 1 63 1
4633 0 -64 0
4634 0 -64 0
4635 0 -64 0
4636 1 63 1
4637 0 -64 0
4638 0 -64 0
4639 1 63 1
4640 0 -64 0
4641 0 -64 0
4642 1 63 1
4643 1 63 1
4644 0 -64 0
4645 1 63 1
4646 1 63 1
4647 0 -64 0
4648 1 63 1
4649 0 -64 0
4650 0 -64 0
4651 0 -64 0
4652 0 -64 0
4653 0 -64 0
4654 0 -64 0
4655 0 -64 0
4656 0 -64 0
4657 1 63 1
4658 0 -64 0
4659 1 63 1
4660 0 -64 0
4661 0 -64 0
4662 0 -64 0
4663 1 63 1
4664 0 -64 0
4665 1 63 1
4666 0 -64 0
4667 1 63 1
4668 0 -64 0
4669 1 63 1
4670 0 -64 0
4671 0 -64 0
4672 1 63 1
4673 1 63 1
4674 0 -64 0
4675 1 63 1
4676 1 63 1
4677 1 63 1
4678 0 -64 0
4679 0 -64 0
4680 0 -64 0
4681 1 63 1
4682 0 -64 0
4683 0 -64 0
4684 1 63 1
4685 0 -64 0
4686 0 -64 0
4687 1 63 1
4688 1 63 1
4689 0 -64 0
4690 1 63 1
4691 0 -64 0
4692 0 -64 0
4693 0 -64 0
4694 1 63 1
4695 0 -64 0
4696 1 63 1
4697 0 -64 0
4698 1 63 1
4699 1 63 1
4700 1 63 1
4701 1 63 1
4702 1 63 1
4703 0 -64 0
4704 0 -64 0
4705 1 63 1
4706 0 -64 0
4707 1 63 1
4708 1 63 1
4709 1 63 1
4710 0 -64 0
4711 1 63 1
4712 1 63 1
4713 1 63 1
4714 0 -64 0
4715 0 -64 0
4716 1 63 1
4717 1 63 1
4718 1 63 1
4719 1 63 1
4720 1 63 1
4721 1 63 1
4722 0 -64 0
4723 0 -64 0
4724 0 -64 0
4725 0 -64 0
4726 0 -64 0
4727 0 -64 0
4728 0 -64 0
4729 0 -64 0
4730 1 63 1
4731 0 -64 0
4732 0 -64 0
4733 1 63 1
4734 1 63 1
4735 0 -64 0
4736 0 -64 0
4737 0 -64 0
4738 1 63 1
4739 0 -64 0
4740 0 -64 0
4741 1 63 1
4742 1 63 1
4743 0 -64 0
4744 1 63 1
4745 1 63 1
4746 0 -64 0
4747 1 63 1
4748 1 63 1
4749 0 -64 0
4750 1 63 1
4751 1 63 1
4752 0 -64 0
4753 0 -64 0
4754 1 63 1
4755 0 -64 0
4756 0 -64 0
4757 1 63 1
4758 0 -64 0
4759 0 -64 0
4760 0 -64 0
4761 0 -64 0
4762 1 63 1
4763 1 63 1
4764 1 63 1
4765 1 63 1
4766 1 63 1
4767 1 63 1
4768 0 -64 0
4769 0 -64 0
4770 1 63 1
4771 0 -64 0
4772 0 -64 0
4773 1 63 1
4774 1 63 1
4775 1 63 1
4776 1 63 1
4777 1 63 1
4778 1 63 1
4779 0 -64 0
4780 1 63 1
4781 1 63 1
4782 0 -64 0
4783 0 -64 0
4784 0 -64 0
4785 1 63 1
4786 0 -64 0
4787 1 63 1
4788 1 63 1
4789 0 -64 0
4790 0 -64 0
4791 1 63 1
4792 0 -64 0
4793 1 63 1
4794 1 63 1
4795 1 63 1
4796 0 -64 0
4797 0 -64 0
4798 1 63 1
4799 1 63 1
4800 1 63 1
4801 1 63 1
4802 0 -64 0
4803 1 63 1
4804 1 63 1
4805 0 -64 0
4806 1 63 1
4807 0 -64 0
4808 0 -64 0
4809 0 -64 0
4810 1 63 1
4811 1 63 1
4812 0 -64 0
4813 0 -64 0
4814 1 63 1
4815 1 63 1
4816 1 63 1
4817 0 -64 0
4818 0 -64 0
4819 0 -64 0
4820 0 -64 0
4821 0 -64 0
4822 1 63 1
4823 1 63 1
4824 1 63 1
4825 0 -64 0
4826 0 -64 0
4827 0 -64 0
4828 0 -64 0
4829 1 63 1
4830 1 63 1
4831 1 63 1
4832 0 -64 0
4833 0 -64 0
4834 1 63 1
4835 0 -64 0
4836 0 -64 0
4837 1 63 1
4838 0 -64 0
4839 1 63 1
4840 1 63 1
4841 0 -64 0
4842 0 -64 0
4843 1 63 1
4844 0 -64 0
4845 1 63 1
4846 0 -64 0
4847 0 -64 0
4848 0 -64 0
4849 1 63 1
4850 0 -64 0
4851 0 -64 0
4852 1 63 1
4853 1 63 1
4854 0 -64 0
4855 0 -64 0
4856 1 63 1
4857 0 -64 0
4858 0 -64 0
4859 1 63 1
4860 1 63 1
4861 1 63 1
4862 0 -64 0
4863 1 63 1
4864 0 -64 0
4865 1 63 1
4866 0 -64 0
4867 1 63 1
4868 0 -64 0
4869 0 -64 0
4870 0 -64 0
4871 0 -64 0
4872 0 -64 0
4873 1 63 1
4874 1 63 1
4875 0 -64 0
4876 0 -64 0
4877 1 63 1
4878 0 -64 0
4879 1 63 1
4880 1 63 1
4881 1 63 1
4882 0 -64 0
4883 0 -64 0
4884 1 63 1
4885 1 63 1
4886 0 -64 0
4887 0 -64 0
4888 1 63 1
4889 0 -64 0
4890 0 -64 0
4891 1 63 1
4892 0 -64 0
4893 0 -64 0
4894 1 63 1
4895 0 -64 0
4896 1 63 1
4897 1 63 1
4898 1 63 1
4899 1 63 1
4900 0 -64 0
4901 1 63 1
4902 0 -64 0
4903 1 63 1
4904 1 63 1
4905 0 -64 0
4906 1 63 1
4907 1 63 1
4908 1 63 1
4909 0 -64 0
4910 1 63 1
4911 1 63 1
4912 1 63 1
4913 0 -64 0
4914 1 63 1
4915 0 -64 0
4916 1 63 1
4917 1 63 1
4918 0 -64 0
4919 0 -64 0
4920 0 -64 0
4921 0 -64 0
4922 0 -64 0
4923 0 -64 0
4924 0 -64 0
4925 1 63 1
4926 0 -64 0
4927 1 63 1
4928 0 -64 0
4929 0 -64 0
4930 1 63 1
4931 1 63 1
4932 1 63 1
4933 0 -64 0
4934 1 63 1
4935 0 -64 0
4936 0 -64 0
4937 1 63 1
4938 1 63 1
4939 0 -64 0
4940 0 -64 0
4941 1 63 1
4942 1 63 1
4943 1 63 1
4944 1 63 1
4945 0 -64 0
4946 1 63 1
4947 1 63 1
4948 1 63 1
4949 0 -64 0
4950 0 -64 0
4951 0 -64 0
4952 1 63 1
4953 0 -64 0
4954 0 -64 0
4955 0 -64 0
4956 1 63 1
4957 0 -64 0
4958 1 63 1
4959 1 63 1
4960 1 63 1
4961 0 -64 0
4962 1 63 1
4963 1 63 1
4964 1 63 1
4965 0 -64 0
4966 1 63 1
4967 0 -64 0
4968 1 63 1
4969 1 63 1
4970 0 -64 0
4971 0 -64 0
4972 0 -64 0
4973 0 -64 0
4974 0 -64 0
4975 0 -64 0
4976 1 63 1
4977 1 63 1
4978 0 -64 0
4979 1 63 1
4980 1 63 1
4981 1 63 1
4982 1 63 1
4983 1 63 1
4984 0 -64 0
4985 1 63 1
4986 0 -64 0
4987 0 -64 0
4988 0 -64 0
4989 1 63 1
4990 0 -64 0
4991 0 -64 0
4992 0 -64 0
4993 1 63 1
4994 1 63 1
4995 0 -64 0
4996 0 -64 0
4997 0 -64 0
4998 1 63 1
4999 0 -64 0
5000 1 63 1
5001 0 -64 0
5002 0 -64 0
5003 0 -64 0
5004 1 63 1
5005 0 -64 0
5006 1 63 1
5007 0 -64 0
5008 1 63 1
5009 1 63 1
5010 1 63 1
5011 0 -64 0
5012 1 63 1
5013 0 -64 0
5014 0 -64 0
5015 1 63 1
5016 0 -64 0
5017 1 63 1
5018 1 63 1
5019 0 -64 0
5020 0 -64 0
5021 0 -64 0
5022 0 -64 0
5023 0 -64 0
5024 1 63 1
5025 0 -64 0
5026 1 63 1
5027 1 63 1
5028 1 63 1
5029 1 63 1
5030 1 63 1
5031 0 -64 0
5032 0 -64 0
5033 1 63 1
5034 1 63 1
5035 1 63 1
5036 1 63 1
5037 0 -64 0
5038 0 -64 0
5039 0 -64 0
5040 0 -64 0
5041 0 -64 0
5042 1 63 1
5043 1 63 1
5044 0 -64 0
5045 0 -64 0
5046 0 -64 0
5047 0 -64 0
5048 1 63 1
5049 1 63 1
5050 1 63 1
5051 0 -64 0
5052 1 63 1
5053 0 -64 0
5054 0 -64 0
5055 1 63 1
5056 1 63 1
5057 0 -64 0
5058 1 63 1
5059 0 -64 0
5060 1 63 1
5061 1 63 1
5062 0 -64 0
5063 0 -64 0
5064 0 -64 0
5065 0 -64 0
5066 0 -64 0
5067 0 -64 0
5068 1 63 1
5069 1 63 1
5070 0 -64 0
5071 0 -64 0
5072 0 -64 0
5073 1 63 1
5074 0 -64 0
5075 0 -64 0
5076 0 -64 0
5077 1 63 1
5078 0 -64 0
5079 0 -64 0
5080 1 63 1
5081 1 63 1
5082 0 -64 0
5083 0 -64 0
5084 0 -64 0
5085 0 -64 0
5086 1 63 1
5087 0 -64 0
5088 1 63 1
5089 1 63 1
5090 0 -64 0
5091 1 63 1
5092 0 -64 0
5093 1 63 1
5094 0 -64 0
5095 0 -64 0
5096 1 63 1
5097 1 63 1
5098 1 63 1
5099 1 63 1
5100 0 -64 0
5101 0 -64 0
5102 1 63 1
5103 1 63 1
5104 1 63 1
5105 0 -64 0
5106 0 -64 0
5107 0 -64 0
5108 1 63 1
5109 1 63 1
5110 1 63 1
5111 1 63 1
5112 1 63 1
5113 0 -64 0
5114 0 -64 0
5115 0 -64 0
5116 0 -64 0
5117 0 -64 0
5118 1 63 1
5119 1 63 1
5120 0 -64 0
5121 0 -64 0
5122 1 63 1
5123 1 63 1
5124 0 -64 0
5125 0 -64 0
5126 1 63 1
5127 1 63 1
5128 0 -64 0
5129 1 63 1
5130 0 -64 0
5131 1 -64 0
5132 0 63 1
5133 1 63 1
5134 0 63 1
5135 1 63 1
5136 1 63 1
5137 1 63 1
5138 0 -64 0
5139 0 -64 0
5140 1 63 1
5141 0 -64 0
5142 1 63 1
5143 1 63 1
5144 1 63 1
5145 0 -64 0
5146 0 -64 0
5147 1 63 1
5148 0 -64 0
5149 0 -64 0
5150 0 -64 0
5151 1 63 1
5152 1 63 1
5153 1 63 1
5154 1 63 1
5155 1 63 1
5156 0 -64 0
5157 0 -64 0
5158 0 -64 0
5159 0 -64 0
5160 1 63 1
5161 0 -64 0
5162 1 63 1
5163 1 63 1
5164 1 63 1
5165 0 -64 0
5166 0 -64 0
5167 0 -64 0
5168 1 63 1
5169 0 -64 0
5170 1 63 1
5171 1 63 1
5172 0 -64 0
5173 0 -64 0
5174 0 -64 0
5175 1 63 1
5176 0 -64 0
5177 1 63 1
5178 0 -64 0
5179 1 63 1
5180 0 -64 0
5181 1 63 1
5182 0 -64 0
5183 1 63 1
5184 1 63 1
5185 1 63 1
5186 0 -64 0
5187 0 -64 0
5188 0 -64 0
5189 0 -64 0
5190 1 63 1
5191 1 63 1
5192 0 -64 0
5193 0 -64 0
5194 0 -64 0
5195 1 63 1
5196 0 -64 0
5197 1 63 1
5198 1 63 1
5199 0 -64 0
5200 1 63 1
5201 0 -64 0
5202 0 -64 0
5203 0 -64 0
5204 0 -64 0
5205 0 -64 0
5206 0 -64 0
5207 0 -64 0
5208 0 -64 0
5209 1 63 1
5210 1 63 1
5211 1 63 1
5212 0 -64 0
5213 0 -64 0
5214 1 63 1
5215 1 63 1
5216 0 -64 0
5217 1 63 1
5218 1 63 1
5219 0 -64 0
5220 0 -64 0
5221 1 63 1
5222 1 63 1
5223 1 63 1
5224 1 63 1
5225 1 63 1
5226 0 -64 0
5227 0 -64 0
5228 0 -64 0
5229 0 -64 0
5230 0 -64 0
5231 1 63 1
5232 0 -64 0
5233 1 63 1
5234 1 63 1
5235 0 -64 0
5236 1 63 1
5237 1 63 1
5238 0 -64 0
5239 0 -64 0
5240 0 -64 0
5241 1 63 1
5242 0 -64 0
5243 1 63 1
5244 0 -64 0
5245 0 -64 0
5246 0 -64 0
5247 1 63 1
5248 0 -64 0
5249 1 63 1
5250 1 63 1
5251 0 -64 0
5252 0 -64 0
5253 0 -64 0
5254 0 -64 0
5255 1 63 1
5256 0 -64 0
5257 1 63 1
5258 0 -64 0
5259 0 -64 0
5260 0 -64 0
5261 1 63 1
5262 0 -64 0
5263 1 63 1
5264 1 63 1
5265 0 -64 0
5266 1 63 1
5267 0 -64 0
5268 1 63 1
5269 1 63 1
5270 1 63 1
5271 0 -64 0
5272 1 63 1
5273 0 -64 0
5274 0 -64 0
5275 1 63 1
5276 1 63 1
5277 1 63 1
5278 1 63 1
5279 0 -64 0
5280 1 63 1
5281 1 63 1
5282 1 63 1
5283 0 -64 0
5284 1 63 1
5285 1 63 1
5286 1 63 1
5287 1 63 1
5288 1 63 1
5289 0 -64 0
5290 1 63 1
5291 0 -64 0
5292 0 -64 0
5293 0 -64 0
5294 1 63 1
5295 0 -64 0
5296 0 -64 0
5297 0 -64 0
5298 0 -64 0
5299 1 63 1
5300 0 -64 0
5301 1 63 1
5302 0 -64 0
5303 0 -64 0
5304 1 63 1
5305 0 -64 0
5306 0 -64 0
5307 1 63 1
5308 1 63 1
5309 0 -64 0
5310 1 63 1
5311 1 63 1
5312 0 -64 0
5313 0 -64 0
5314 1 63 1
5315 1 63 1
5316 1 63 1
5317 0 -64 0
5318 0 -64 0
5319 1 63 1
5320 0 -64 0
5321 0 -64 0
5322 1 63 1
5323 0 -64 0
5324 1 63 1
5325 1 63 1
5326 1 63 1
5327 0 -64 0
5328 0 -64 0
5329 1 63 1
5330 0 -64 0
5331 0 -64 0
5332 0 -64 0
5333 1 63 1
5334 0 -64 0
5335 1 63 1
5336 1 63 1
5337 1 63 1
5338 0 -64 0
5339 1 63 1
5340 0 -64 0
5341 0 -64 0
5342 1 63 1
5343 0 -64 0
5344 0 -64 0
5345 1 63 1
5346 0 -64 0
5347 0 -64 0
5348 1 63 1
5349 0 -64 0
5350 1 63 1
5351 1 63 1
5352 0 -64 0
5353 1 63 1
5354 0 -64 0
5355 0 -64 0
5356 0 -64 0
5357 1 63 1
5358 1 63 1
5359 0 -64 0
5360 0 -64 0
5361 1 63 1
5362 0 -58 0
5363 0 -64 0
5364 0 -64 0
5365 0 -64 0
5366 1 56 1
5367 0 -60 0
5368 1 63 1
5369 1 59 1
5370 1 63 1
5371 1 41 1
5372 0 -45 0
5373 1 58 1
5374 1 36 1
5375 1 46 1
5376 1 38 1
5377 0 -46 0
5378 1 45 1
5379 0 17 1
5380 0 -23 0
5381 0 -57 0
5382 1 63 1
5383 1 57 1
5384 1 63 1
5385 1 63 1
5386 0 -64 0
5387 0 -64 0
5388 1 63 1
5389 0 -64 0
5390 0 -64 0
5391 1 63 1
5392 0 -64 0
5393 0 -64 0
5394 0 -64 0
5395 0 -64 0
5396 0 -64 0
5397 0 -64 0
5398 0 -64 0
5399 1 63 1
5400 1 63 1
5401 0 -64 0
5402 0 -64 0
5403 0 -64 0
5404 0 -64 0
5405 0 -64 0
5406 0 -64 0
5407 0 -64 0
5408 0 -64 0
5409 0 -64 0
5410 0 -64 0
5411 0 -64 0
5412 0 -64 0
5413 0 -64 0
5414 1 63 1
5415 0 -64 0
5416 1 63 1
5417 1 63 1
5418 1 63 1
5419 1 63 1
5420 0 -64 0
5421 1 63 1
5422 1 63 1
5423 1 63 1
5424 0 -64 0
5425 1 63 1
5426 0 -64 0
5427 1 63 1
5428 0 -64 0
5429 1 63 1
5430 0 -64 0
5431 0 -64 0
5432 1 63 1
5433 1 63 1
5434 0 -64 0
5435 0 -64 0
5436 0 -64 0
5437 0 -64 0
5438 1 63 1
5439 0 -64 0
5440 1 63 1
5441 0 -64 0
5442 0 -64 0
5443 1 63 1
5444 1 63 1
5445 0 -64 0
5446 0 -64 0
5447 0 -64 0
5448 0 -64 0
5449 1 63 1
5450 0 -64 0
5451 1 63 1
5452 0 -64 0
5453 1 63 1
5454 0 -64 0
5455 1 -53 0
5456 0 -64 0
5457 1 63 1
5458 1 63 1
5459 0 -64 0
5460 0 -64 0
5461 0 -64 0
5462 0 53 1
5463 0 -64 0
5464 0 -64 0
5465 0 -64 0
5466 0 -64 0
5467 1 63 1
5468 1 63 1
5469 1 63 1
5470 1 63 1
5471 0 -64 0
5472 0 -64 0
5473 1 63 1
5474 0 -64 0
5475 1 63 1
5476 0 -64 0
5477 0 -64 0
5478 0 -64 0
5479 1 63 1
5480 0 -64 0
5481 1 63 1
5482 0 -64 0
5483 1 63 1
5484 1 63 1
5485 1 63 1
5486 1 63 1
5487 0 -64 0
5488 1 63 1
5489 0 -64 0
5490 1 63 1
5491 1 63 1
5492 0 -64 0
5493 1 63 1
5494 0 -64 0
5495 1 63 1
5496 1 63 1
5497 1 63 1
5498 0 -64 0
5499 0 -64 0
5500 1 63 1
5501 0 -64 0
5502 1 63 1
5503 0 -64 0
5504 0 -64 0
5505 0 -64 0
5506 1 63 1
5507 1 63 1
5508 0 -64 0
5509 0 -64 0
5510 0 -64 0
5511 0 -64 0
5512 0 -64 0
5513 1 63 1
5514 1 63 1
5515 0 -64 0
5516 0 -64 0
5517 0 -64 0
5518 1 63 1
5519 0 -64 0
5520 1 63 1
5521 0 -64 0
5522 0 -64 0
5523 0 -64 0
5524 1 63 1
5525 1 63 1
5526 0 -64 0
5527 1 63 1
5528 1 63 1
5529 0 -64 0
5530 0 -64 0
5531 0 -64 0
5532 0 -64 0
5533 1 63 1
5534 1 63 1
5535 1 63 1
5536 0 -64 0
5537 1 63 1
5538 1 63 1
5539 0 -64 0
5540 0 -64 0
5541 0 -64 0
5542 0 -64 0
5543 1 63 1
5544 1 63 1
5545 1 63 1
5546 1 63 1
5547 1 63 1
5548 0 -64 0
5549 0 -64 0
5550 1 63 1
5551 1 63 1
5552 1 63 1
5553 0 -64 0
5554 1 63 1
5555 1 63 1
5556 0 -64 0
5557 1 63 1
5558 1 63 1
5559 1 63 1
5560 1 63 1
5561 1 63 1
5562 0 -64 0
5563 1 63 1
5564 1 63 1
5565 0 -64 0
5566 1 63 1
5567 0 -64 0
5568 1 63 1
5569 1 63 1
5570 0 -64 0
5571 1 63 1
5572 0 -64 0
5573 0 -64 0
5574 1 63 1
5575 1 63 1
5576 1 63 1
5577 0 -64 0
5578 0 -64 0
5579 1 63 1
5580 1 63 1
5581 0 -64 0
5582 0 -64 0
5583 1 63 1
5584 0 -64 0
5585 0 -64 0
5586 1 63 1
5587 0 -64 0
5588 1 63 1
5589 1 63 1
5590 0 -64 0
5591 1 63 1
5592 0 -64 0
5593 0 -64 0
5594 0 -64 0
5595 1 63 1
5596 1 63 1
5597 0 -64 0
5598 0 -64 0
5599 1 63 1
5600 0 -64 0
5601 0 -64 0
5602 1 63 1
5603 1 63 1
5604 0 -64 0
5605 0 -64 0
5606 0 -64 0
5607 1 63 1
5608 0 -64 0
5609 0 -64 0
5610 1 63 1
5611 0 -64 0
5612 0 -64 0
5613 1 63 1
5614 0 -64 0
5615 0 -64 0
5616 1 63 1
5617 0 -64 0
5618 1 63 1
5619 0 -64 0
5620 1 63 1
5621 1 63 1
5622 1 63 1
5623 0 -64 0
5624 1 63 1
5625 0 -64 0
5626 1 63 1
5627 0 -64 0
5628 1 63 1
5629 0 -64 0
5630 0 -64 0
5631 1 63 1
5632 1 63 1
5633 1 63 1
5634 1 63 1
5635 0 -64 0
5636 0 -64 0
5637 1 63 1
5638 1 63 1
5639 0 -64 0
5640 1 63 1
5641 1 63 1
5642 0 -64 0
5643 1 63 1
5644 1 63 1
5645 1 63 1
5646 1 63 1
5647 1 63 1
5648 1 63 1
5649 1 63 1
5650 0 -64 0
5651 0 -64 0
5652 0 -64 0
5653 0 -64 0
5654 1 63 1
5655 1 63 1
5656 0 -64 0
5657 0 -64 0
5658 1 63 1
5659 1 63 1
5660 1 63 1
5661 1 63 1
5662 0 -64 0
5663 1 63 1
5664 1 63 1
5665 1 63 1
5666 1 63 1
5667 1 63 1
5668 0 -64 0
5669 0 -64 0
5670 0 -64 0
5671 0 -64 0
5672 0 -64 0
5673 0 -64 0
5674 0 -64 0
5675 1 63 1
5676 1 63 1
5677 0 -64 0
5678 1 63 1
5679 1 63 1
5680 0 -64 0
5681 0 -64 0
5682 0 -64 0
5683 1 63 1
5684 1 63 1
5685 0 -64 0
5686 1 63 1
5687 0 -64 0
5688 0 -64 0
5689 1 63 1
5690 1 63 1
5691 0 -64 0
5692 0 -64 0
5693 0 -64 0
5694 0 -64 0
5695 1 63 1
5696 0 -64 0
5697 0 -64 0
5698 0 -64 0
5699 0 -64 0
5700 0 -64 0
5701 0 -64 0
5702 0 -64 0
5703 0 -64 0
5704 0 -64 0
5705 0 -64 0
5706 1 63 1
5707 1 63 1
5708 1 63 1
5709 1 63 1
5710 1 63 1
5711 1 63 1
5712 1 63 1
5713 1 63 1
5714 1 63 1
5715 1 63 1
5716 1 63 1
5717 1 63 1
5718 0 -64 0
5719 1 63 1
5720 1 63 1
5721 1 63 1
5722 1 63 1
5723 1 63 1
5724 1 63 1
5725 1 63 1
5726 1 63 1
5727 1 63 1
5728 1 63 1
5729 0 -64 0
5730 1 63 1
5731 0 -64 0
5732 0 -64 0
5733 1 63 1
5734 0 -64 0
5735 0 -64 0
5736 1 63 1
5737 1 63 1
5738 0 -64 0
5739 1 63 1
5740 1 63 1
5741 1 63 1
5742 1 63 1
5743 0 -64 0
5744 1 63 1
5745 1 63 1
5746 0 -64 0
5747 0 -64 0
5748 0 -64 0
5749 1 63 1
5750 0 -64 0
5751 0 -64 0
5752 0 -64 0
5753 1 63 1
5754 0 -64 0
5755 0 -64 0
5756 0 -64 0
5757 1 63 1
5758 0 -64 0
5759 1 63 1
5760 0 -64 0
5761 0 -64 0
5762 0 -64 0
5763 1 63 1
5764 0 -64 0
5765 1 63 1
5766 1 63 1
5767 0 -64 0
5768 0 -64 0
5769 0 -64 0
5770 1 63 1
5771 0 -64 0
5772 1 63 1
5773 1 63 1
5774 1 63 1
5775 1 63 1
5776 0 -64 0
5777 1 63 1
5778 0 -64 0
5779 1 63 1
5780 0 -64 0
5781 1 63 1
5782 0 -64 0
5783 0 -64 0
5784 0 -64 0
5785 1 63 1
5786 0 -64 0
5787 0 -64 0
5788 1 63 1
5789 1 63 1
5790 1 63 1
5791 0 -64 0
5792 0 -64 0
5793 0 -64 0
5794 0 -64 0
5795 0 -64 0
5796 1 63 1
5797 1 63 1
5798 1 63 1
5799 0 -64 0
5800 0 -64 0
5801 1 63 1
5802 1 63 1
5803 1 63 1
5804 1 63 1
5805 1 63 1
5806 1 63 1
5807 0 -64 0
5808 1 63 1
5809 0 -64 0
5810 0 -64 0
5811 1 63 1
5812 0 -64 0
5813 0 -64 0
5814 1 63 1
5815 0 -64 0
5816 1 63 1
5817 0 -64 0
5818 1 63 1
5819 1 63 1
5820 0 -64 0
5821 1 63 1
5822 0 -64 0
5823 0 -64 0
5824 0 -64 0
5825 0 -64 0
5826 1 63 1
5827 1 63 1
5828 0 -64 0
5829 1 63 1
5830 1 63 1
5831 1 63 1
5832 1 63 1
5833 1 63 1
5834 0 -64 0
5835 1 63 1
5836 0 -64 0
5837 1 63 1
5838 0 -64 0
5839 0 -64 0
5840 0 -64 0
5841 0 -64 0
5842 1 63 1
5843 0 -64 0
5844 1 63 1
5845 1 63 1
5846 1 63 1
5847 1 63 1
5848 1 63 1
5849 0 -64 0
5850 0 -64 0
5851 0 -64 0
5852 0 -64 0
5853 0 -64 0
5854 0 -64 0
5855 1 63 1
5856 1 63 1
5857 0 -64 0
5858 1 63 1
5859 0 -64 0
5860 0 -64 0
5861 1 63 1
5862 0 -64 0
5863 1 63 1
5864 1 63 1
5865 0 -64 0
5866 1 63 1
5867 1 63 1
5868 1 63 1
5869 1 63 1
5870 1 63 1
5871 0 -64 0
5872 0 -64 0
5873 1 63 1
5874 1 63 1
5875 0 -64 0
5876 0 -64 0
5877 1 63 1
5878 0 -64 0
5879 1 63 1
5880 0 -64 0
5881 0 -56 0
5882 1 63 1
5883 1 63 1
5884 1 49 1
5885 0 63 1
5886 1 -64 0
5887 0 -64 0
5888 1 -56 0
5889 1 63 1
5890 1 63 1
5891 1 49 1
5892 0 -64 0
5893 0 -64 0
5894 1 63 1
5895 0 -62 0
5896 1 63 1
5897 0 -64 0
5898 1 63 1
5899 0 -64 0
5900 0 -64 0
5901 1 63 1
5902 1 63 1
5903 1 63 1
5904 0 -64 0
5905 1 63 1
5906 0 -64 0
5907 1 63 1
5908 1 63 1
5909 1 63 1
5910 0 -64 0
5911 0 -64 0
5912 0 -64 0
5913 1 63 1
5914 1 63 1
5915 0 -64 0
5916 0 -64 0
5917 1 63 1
5918 1 63 1
5919 0 -64 0
5920 1 63 1
5921 1 63 1
5922 1 63 1
5923 1 63 1
5924 0 -64 0
5925 0 -64 0
5926 1 63 1
5927 0 -64 0
5928 0 -64 0
5929 0 -64 0
5930 0 -64 0
5931 1 63 1
5932 0 -64 0
5933 0 -64 0
5934 0 -64 0
5935 1 63 1
5936 0 -64 0
5937 1 63 1
5938 0 -64 0
5939 0 -64 0
5940 0 -64 0
5941 1 63 1
5942 1 63 1
5943 1 63 1
5944 0 -64 0
5945 1 63 1
5946 0 -64 0
5947 1 63 1
5948 1 63 1
5949 0 -64 0
5950 1 63 1
5951 0 -64 0
5952 1 63 1
5953 1 63 1
5954 0 -64 0
5955 0 -64 0
5956 0 -64 0
5957 0 -64 0
5958 1 63 1
5959 0 -64 0
5960 0 -64 0
5961 1 63 1
5962 0 -64 0
5963 1 63 1
5964 0 -64 0
5965 1 63 1
5966 1 63 1
5967 0 -64 0
5968 0 -64 0
5969 0 -64 0
5970 0 -64 0
5971 1 63 1
5972 1 63 1
5973 0 -64 0
5974 0 -64 0
5975 1 63 1
5976 1 63 1
5977 1 63 1
5978 1 63 1
5979 1 63 1
5980 1 63 1
5981 0 -64 0
5982 0 -64 0
5983 1 63 1
5984 1 63 1
5985 1 63 1
5986 0 -64 0
5987 0 -64 0
5988 1 63 1
5989 1 63 1
5990 0 -64 0
5991 0 -64 0
5992 0 -64 0
5993 0 -64 0
5994 1 63 1
5995 1 63 1
5996 0 -64 0
5997 0 -64 0
5998 0 -64 0
5999 0 -64 0
6000 1 63 1
6001 1 63 1
6002 1 63 1
6003 1 63 1
6004 0 -64 0
6005 1 63 1
6006 1 63 1
6007 1 63 1
6008 0 -64 0
6009 0 -64 0
6010 0 -64 0
6011 1 63 1
6012 1 63 1
6013 0 -64 0
6014 0 -64 0
6015 1 63 1
6016 1 63 1
6017 0 -64 0
6018 1 63 1
6019 0 -64 0
6020 1 63 1
6021 1 63 1
6022 1 63 1
6023 0 -64 0
6024 0 -64 0
6025 0 -64 0
6026 1 63 1
6027 0 -64 0
6028 0 -64 0
6029 1 63 1
6030 0 -64 0
6031 0 -64 0
6032 1 63 1
6033 1 63 1
6034 0 -64 0
6035 1 63 1
6036 0 -64 0
6037 0 -64 0
6038 0 -64 0
6039 1 63 1
6040 1 63 1
6041 1 63 1
6042 0 -64 0
6043 1 63 1
6044 1 63 1
6045 1 63 1
6046 0 -64 0
6047 0 -64 0
6048 0 -64 0
6049 1 63 1
6050 1 63 1
6051 1 63 1
6052 1 63 1
6053 1 63 1
6054 0 -64 0
6055 1 63 1
6056 1 63 1
6057 1 63 1
6058 1 63 1
6059 0 -64 0
6060 0 -64 0
6061 1 63 1
6062 0 -64 0
6063 0 -64 0
6064 1 63 1
6065 1 63 1
6066 1 63 1
6067 0 -64 0
6068 1 63 1
6069 0 -64 0
6070 1 63 1
6071 1 63 1
6072 0 -64 0
6073 1 63 1
6074 0 -64 0
6075 0 -64 0
6076 0 -64 0
6077 0 -64 0
6078 0 -64 0
6079 0 -64 0
6080 1 63 1
6081 1 63 1
6082 1 63 1
6083 1 63 1
6084 1 63 1
6085 0 -64 0
6086 1 63 1
6087 0 -64 0
6088 1 63 1
6089 1 63 1
6090 1 63 1
6091 0 -64 0
6092 1 63 1
6093 0 -64 0
6094 1 63 1
6095 0 -64 0
6096 1 63 1
6097 1 63 1
6098 1 63 1
6099 0 -64 0
6100 0 -64 0
6101 1 63 1
6102 1 63 1
6103 1 63 1
6104 1 63 1
6105 0 -64 0
6106 1 63 1
6107 1 63 1
6108 1 63 1
6109 0 -64 0
6110 1 63 1
6111 1 63 1
6112 0 -64 0
6113 0 -64 0
6114 1 63 1
6115 1 63 1
6116 0 -64 0
6117 1 63 1
6118 1 63 1
6119 0 -64 0
6120 1 63 1
6121 1 63 1
6122 1 63 1
6123 1 63 1
6124 0 -64 0
6125 1 63 1
6126 0 -64 0
6127 1 63 1
6128 1 63 1
6129 1 63 1
6130 0 -64 0
6131 1 63 1
6132 1 63 1
6133 1 63 1
6134 1 63 1
6135 0 -64 0
6136 1 63 1
6137 0 -64 0
6138 1 63 1
6139 0 63 1
6140 0 -64 0
6141 1 63 1
6142 0 -64 0
6143 0 -64 0
