# idx_orig bit_orig post_llr_q hard
0 1 63 1
1 0 -64 0
2 0 -64 0
3 1 63 1
4 1 63 1
5 0 -64 0
6 1 63 1
7 1 63 1
8 0 -64 0
9 0 -64 0
10 0 -64 0
11 0 -64 0
12 1 63 1
13 1 63 1
14 1 63 1
15 1 63 1
16 0 -64 0
17 1 63 1
18 1 63 1
19 0 -64 0
20 1 63 1
21 1 63 1
22 0 -64 0
23 0 -64 0
24 0 -64 0
25 1 63 1
26 0 -64 0
27 0 -64 0
28 0 -64 0
29 1 63 1
30 1 63 1
31 1 63 1
32 0 -64 0
33 0 -64 0
34 1 63 1
35 1 63 1
36 1 63 1
37 0 -64 0
38 1 63 1
39 0 -64 0
40 0 -64 0
41 1 63 1
42 0 -64 0
43 0 -64 0
44 0 -64 0
45 0 -64 0
46 1 63 1
47 0 -64 0
48 1 63 1
49 1 63 1
50 0 -64 0
51 0 -64 0
52 1 63 1
53 0 -64 0
54 1 63 1
55 1 63 1
56 0 -64 0
57 1 63 1
58 0 -64 0
59 1 63 1
60 1 63 1
61 0 -64 0
62 1 63 1
63 0 -64 0
64 0 -64 0
65 0 -64 0
66 1 63 1
67 0 -64 0
68 0 -64 0
69 1 63 1
70 0 -64 0
71 0 -64 0
72 1 63 1
73 1 63 1
74 0 -64 0
75 0 -64 0
76 1 63 1
77 0 -64 0
78 0 -64 0
79 1 63 1
80 0 -64 0
81 1 63 1
82 0 -64 0
83 1 63 1
84 0 -64 0
85 1 63 1
86 1 63 1
87 0 -64 0
88 1 63 1
89 1 63 1
90 1 63 1
91 1 63 1
92 0 -64 0
93 1 63 1
94 0 -64 0
95 0 -64 0
96 1 63 1
97 1 63 1
98 1 63 1
99 1 63 1
100 1 63 1
101 0 -64 0
102 0 -64 0
103 1 63 1
104 1 63 1
105 1 63 1
106 1 63 1
107 0 -64 0
108 0 -64 0
109 1 63 1
110 1 63 1
111 0 -64 0
112 1 63 1
113 0 -64 0
114 0 -64 0
115 0 -64 0
116 0 -64 0
117 0 -64 0
118 1 63 1
119 1 63 1
120 1 63 1
121 1 63 1
122 0 -64 0
123 1 63 1
124 1 63 1
125 1 63 1
126 0 -64 0
127 1 63 1
128 0 -64 0
129 0 -64 0
130 0 -64 0
131 0 -64 0
132 1 63 1
133 0 -64 0
134 0 -64 0
135 0 -64 0
136 0 -64 0
137 1 63 1
138 0 -64 0
139 1 63 1
140 0 -64 0
141 1 63 1
142 0 -64 0
143 1 63 1
144 1 63 1
145 1 63 1
146 1 63 1
147 0 -64 0
148 0 -64 0
149 1 63 1
150 1 63 1
151 1 63 1
152 1 63 1
153 0 -64 0
154 0 -64 0
155 1 63 1
156 0 -64 0
157 0 -64 0
158 1 63 1
159 0 -64 0
160 0 -64 0
161 1 63 1
162 1 63 1
163 0 -64 0
164 1 63 1
165 1 63 1
166 1 63 1
167 0 -64 0
168 1 63 1
169 0 -64 0
170 0 -64 0
171 1 63 1
172 1 63 1
173 1 63 1
174 1 63 1
175 0 -64 0
176 0 -64 0
177 1 63 1
178 1 63 1
179 0 -64 0
180 0 -64 0
181 0 -64 0
182 1 63 1
183 0 -64 0
184 0 -64 0
185 1 63 1
186 1 63 1
187 1 63 1
188 1 63 1
189 0 -64 0
190 0 -64 0
191 0 -64 0
192 0 -64 0
193 0 -64 0
194 1 63 1
195 1 63 1
196 1 63 1
197 1 63 1
198 1 63 1
199 0 -64 0
200 1 63 1
201 1 63 1
202 0 -64 0
203 0 -64 0
204 0 -64 0
205 0 -64 0
206 1 63 1
207 1 63 1
208 1 63 1
209 1 63 1
210 1 63 1
211 1 63 1
212 0 -64 0
213 0 -64 0
214 0 -64 0
215 0 -64 0
216 1 63 1
217 1 63 1
218 1 63 1
219 1 63 1
220 1 63 1
221 0 -64 0
222 0 -64 0
223 1 63 1
224 1 63 1
225 1 63 1
226 0 -64 0
227 1 63 1
228 0 -64 0
229 0 -64 0
230 1 63 1
231 0 -64 0
232 1 63 1
233 0 -64 0
234 1 63 1
235 0 -64 0
236 0 -64 0
237 1 63 1
238 0 -64 0
239 0 -64 0
240 0 -64 0
241 0 -64 0
242 1 63 1
243 1 63 1
244 1 63 1
245 0 -64 0
246 1 63 1
247 1 63 1
248 1 63 1
249 1 63 1
250 1 63 1
251 1 63 1
252 1 63 1
253 1 63 1
254 0 -64 0
255 0 -64 0
256 1 63 1
257 1 63 1
258 0 -64 0
259 1 63 1
260 1 63 1
261 1 63 1
262 1 63 1
263 1 63 1
264 1 63 1
265 0 -64 0
266 0 -64 0
267 1 63 1
268 0 -64 0
269 1 63 1
270 0 -64 0
271 1 63 1
272 1 63 1
273 1 63 1
274 1 63 1
275 1 63 1
276 0 -64 0
277 1 63 1
278 0 -64 0
279 0 -64 0
280 1 63 1
281 1 63 1
282 0 -64 0
283 1 63 1
284 0 -64 0
285 1 63 1
286 0 -64 0
287 1 63 1
288 1 63 1
289 1 63 1
290 1 63 1
291 1 63 1
292 1 63 1
293 1 63 1
294 0 -64 0
295 1 63 1
296 1 63 1
297 1 63 1
298 0 -64 0
299 1 63 1
300 0 -64 0
301 0 -64 0
302 0 -64 0
303 0 -64 0
304 0 -64 0
305 0 -64 0
306 1 63 1
307 0 -64 0
308 1 63 1
309 0 -64 0
310 0 -64 0
311 0 -64 0
312 0 -64 0
313 0 -64 0
314 0 -64 0
315 1 63 1
316 0 -64 0
317 0 -64 0
318 0 -64 0
319 0 -64 0
320 1 63 1
321 1 63 1
322 1 63 1
323 1 63 1
324 0 -64 0
325 0 -64 0
326 1 63 1
327 1 63 1
328 0 -64 0
329 0 -64 0
330 1 63 1
331 0 -64 0
332 1 63 1
333 0 -64 0
334 0 -64 0
335 1 63 1
336 0 -64 0
337 0 -64 0
338 0 -64 0
339 0 -64 0
340 0 -64 0
341 1 63 1
342 1 63 1
343 0 -64 0
344 1 63 1
345 1 63 1
346 0 -64 0
347 0 -64 0
348 1 63 1
349 1 63 1
350 1 63 1
351 0 -64 0
352 0 -64 0
353 1 63 1
354 1 63 1
355 0 -64 0
356 0 -64 0
357 1 63 1
358 1 63 1
359 0 -64 0
360 0 -64 0
361 0 -64 0
362 0 -64 0
363 0 -64 0
364 1 63 1
365 1 63 1
366 1 63 1
367 1 63 1
368 1 63 1
369 0 -64 0
370 1 63 1
371 0 -64 0
372 1 63 1
373 0 -64 0
374 1 63 1
375 1 63 1
376 1 63 1
377 0 -64 0
378 0 -64 0
379 1 63 1
380 1 63 1
381 0 -64 0
382 1 63 1
383 1 63 1
384 1 63 1
385 0 -64 0
386 0 -64 0
387 1 63 1
388 0 -64 0
389 0 -64 0
390 0 -64 0
391 0 -64 0
392 0 -64 0
393 1 63 1
394 1 63 1
395 0 -64 0
396 1 63 1
397 0 -64 0
398 1 63 1
399 1 63 1
400 1 63 1
401 0 -64 0
402 1 63 1
403 0 -64 0
404 0 -64 0
405 0 -64 0
406 0 -64 0
407 0 -64 0
408 1 63 1
409 0 -64 0
410 0 -64 0
411 0 -64 0
412 0 -64 0
413 0 -64 0
414 1 63 1
415 1 63 1
416 1 63 1
417 1 63 1
418 0 -64 0
419 1 63 1
420 0 -64 0
421 1 63 1
422 1 63 1
423 1 63 1
424 1 63 1
425 1 63 1
426 0 -64 0
427 0 -64 0
428 0 -64 0
429 1 63 1
430 0 -64 0
431 1 63 1
432 0 -64 0
433 1 63 1
434 0 -64 0
435 0 -64 0
436 1 63 1
437 1 63 1
438 0 -64 0
439 0 -64 0
440 1 63 1
441 0 -64 0
442 0 -64 0
443 0 -64 0
444 0 -64 0
445 0 -64 0
446 1 63 1
447 0 -64 0
448 0 -64 0
449 1 63 1
450 0 -64 0
451 1 63 1
452 0 -64 0
453 1 63 1
454 1 63 1
455 0 -64 0
456 1 63 1
457 0 -64 0
458 1 63 1
459 0 -64 0
460 0 -64 0
461 1 63 1
462 1 63 1
463 0 -64 0
464 0 -64 0
465 1 63 1
466 0 -64 0
467 1 63 1
468 0 -64 0
469 0 -64 0
470 0 -64 0
471 1 63 1
472 1 63 1
473 1 63 1
474 1 63 1
475 0 -64 0
476 0 -64 0
477 0 -64 0
478 0 -64 0
479 0 -64 0
480 0 -64 0
481 1 63 1
482 0 -64 0
483 0 -64 0
484 0 -64 0
485 0 -64 0
486 1 63 1
487 0 -64 0
488 1 63 1
489 1 63 1
490 0 -64 0
491 1 63 1
492 0 -64 0
493 1 63 1
494 1 63 1
495 0 -64 0
496 0 -64 0
497 1 63 1
498 1 63 1
499 0 -64 0
500 0 -64 0
501 1 63 1
502 1 63 1
503 0 -64 0
504 0 -64 0
505 0 -64 0
506 1 63 1
507 1 63 1
508 1 63 1
509 0 -64 0
510 0 -64 0
511 0 -64 0
512 0 -64 0
513 0 -64 0
514 0 -64 0
515 0 -64 0
516 0 -64 0
517 1 63 1
518 0 -64 0
519 1 63 1
520 1 63 1
521 0 -64 0
522 0 -64 0
523 1 63 1
524 1 63 1
525 1 63 1
526 1 63 1
527 0 -64 0
528 1 63 1
529 1 63 1
530 0 -64 0
531 1 63 1
532 0 -64 0
533 0 -64 0
534 0 -64 0
535 0 -64 0
536 1 63 1
537 1 63 1
538 0 -64 0
539 0 -64 0
540 0 -64 0
541 1 63 1
542 1 63 1
543 1 63 1
544 0 -64 0
545 1 63 1
546 0 -64 0
547 0 -64 0
548 1 63 1
549 1 63 1
550 1 63 1
551 1 63 1
552 0 -64 0
553 0 -64 0
554 1 63 1
555 0 -64 0
556 0 -64 0
557 1 63 1
558 1 63 1
559 0 -64 0
560 0 -64 0
561 0 -64 0
562 1 63 1
563 0 -64 0
564 0 -64 0
565 1 63 1
566 1 63 1
567 1 63 1
568 1 63 1
569 0 -64 0
570 1 63 1
571 1 63 1
572 1 63 1
573 0 -64 0
574 1 63 1
575 1 63 1
576 0 -64 0
577 1 63 1
578 0 -64 0
579 0 -64 0
580 1 63 1
581 0 -64 0
582 1 63 1
583 1 63 1
584 0 -64 0
585 1 63 1
586 0 -64 0
587 1 63 1
588 0 -64 0
589 1 63 1
590 0 -64 0
591 0 -64 0
592 1 63 1
593 1 63 1
594 1 63 1
595 0 -64 0
596 0 -64 0
597 0 -64 0
598 1 63 1
599 1 63 1
600 0 -64 0
601 1 63 1
602 0 -64 0
603 0 -64 0
604 0 -64 0
605 0 -64 0
606 1 63 1
607 0 -64 0
608 1 63 1
609 0 -64 0
610 0 -64 0
611 0 -64 0
612 0 -64 0
613 0 -64 0
614 0 -64 0
615 0 -64 0
616 0 -64 0
617 0 -64 0
618 0 -64 0
619 1 63 1
620 0 -64 0
621 0 -64 0
622 0 -64 0
623 0 -64 0
624 1 63 1
625 1 55 1
626 0 -64 0
627 1 63 1
628 1 -51 0
629 1 63 1
630 0 -64 0
631 1 63 1
632 1 -51 0
633 0 51 1
634 0 -64 0
635 0 -64 0
636 1 63 1
637 0 -64 0
638 0 -64 0
639 0 -64 0
640 0 -64 0
641 0 -64 0
642 1 63 1
643 0 -64 0
644 1 63 1
645 0 -64 0
646 0 -64 0
647 0 -64 0
648 0 -64 0
649 0 -64 0
650 1 63 1
651 1 63 1
652 1 63 1
653 0 -64 0
654 0 -64 0
655 1 63 1
656 1 63 1
657 0 -64 0
658 0 -64 0
659 0 -64 0
660 0 -64 0
661 0 -64 0
662 0 -64 0
663 1 63 1
664 1 63 1
665 1 63 1
666 0 -64 0
667 0 -64 0
668 0 -64 0
669 1 63 1
670 0 -64 0
671 1 63 1
672 1 63 1
673 0 -64 0
674 0 -64 0
675 0 -64 0
676 0 -64 0
677 1 63 1
678 0 -64 0
679 0 -64 0
680 1 63 1
681 0 -64 0
682 0 -64 0
683 0 -64 0
684 0 -64 0
685 0 -64 0
686 0 -64 0
687 0 -64 0
688 1 63 1
689 0 -64 0
690 0 -64 0
691 1 63 1
692 1 63 1
693 1 63 1
694 1 63 1
695 1 63 1
696 1 63 1
697 1 63 1
698 1 63 1
699 1 63 1
700 1 63 1
701 1 63 1
702 1 63 1
703 0 -64 0
704 1 63 1
705 1 63 1
706 1 63 1
707 0 -64 0
708 0 -64 0
709 0 -64 0
710 0 -64 0
711 1 63 1
712 0 -64 0
713 1 63 1
714 0 -64 0
715 0 -64 0
716 1 63 1
717 1 63 1
718 1 63 1
719 0 -64 0
720 0 -64 0
721 1 63 1
722 1 63 1
723 1 63 1
724 1 63 1
725 0 -64 0
726 1 63 1
727 1 63 1
728 0 -64 0
729 1 63 1
730 1 63 1
731 0 -64 0
732 0 -64 0
733 0 -64 0
734 0 -64 0
735 1 63 1
736 1 63 1
737 0 -64 0
738 0 -64 0
739 1 63 1
740 1 63 1
741 0 -64 0
742 0 -64 0
743 1 63 1
744 1 63 1
745 1 63 1
746 0 -64 0
747 1 63 1
748 0 -64 0
749 0 -64 0
750 0 -64 0
751 0 -64 0
752 1 63 1
753 0 -64 0
754 1 63 1
755 1 63 1
756 1 63 1
757 1 63 1
758 1 63 1
759 0 -64 0
760 0 -64 0
761 1 63 1
762 0 -64 0
763 0 -58 0
764 1 48 1
765 1 63 1
766 0 -50 0
767 1 45 1
768 1 40 1
769 1 -31 0
770 0 -44 0
771 1 57 1
772 0 -56 0
773 1 63 1
774 0 -64 0
775 1 63 1
776 1 63 1
777 0 -64 0
778 0 -64 0
779 0 -64 0
780 1 63 1
781 0 -64 0
782 1 63 1
783 0 -64 0
784 1 63 1
785 0 -64 0
786 1 63 1
787 1 63 1
788 0 -64 0
789 1 63 1
790 1 63 1
791 1 63 1
792 1 63 1
793 1 63 1
794 0 -64 0
795 0 -64 0
796 1 63 1
797 0 -64 0
798 1 63 1
799 1 63 1
800 1 63 1
801 1 63 1
802 0 -64 0
803 1 63 1
804 1 63 1
805 0 -64 0
806 0 -64 0
807 0 -64 0
808 0 -64 0
809 1 63 1
810 1 63 1
811 0 -64 0
812 1 63 1
813 0 -64 0
814 1 63 1
815 0 -64 0
816 0 -64 0
817 0 -64 0
818 0 -64 0
819 1 63 1
820 0 -64 0
821 1 63 1
822 0 -64 0
823 1 63 1
824 0 -64 0
825 1 63 1
826 0 -64 0
827 0 -64 0
828 1 63 1
829 0 -64 0
830 1 63 1
831 1 63 1
832 0 -64 0
833 1 63 1
834 1 63 1
835 1 63 1
836 1 63 1
837 1 63 1
838 1 63 1
839 0 -64 0
840 1 63 1
841 1 63 1
842 0 -64 0
843 1 63 1
844 0 -64 0
845 0 -64 0
846 1 63 1
847 1 63 1
848 0 -64 0
849 0 -64 0
850 1 63 1
851 0 -64 0
852 1 63 1
853 0 -64 0
854 1 63 1
855 1 63 1
856 1 63 1
857 1 63 1
858 1 63 1
859 0 -64 0
860 0 -64 0
861 1 63 1
862 1 63 1
863 0 -64 0
864 0 -64 0
865 0 -64 0
866 1 63 1
867 0 -64 0
868 1 63 1
869 1 63 1
870 1 63 1
871 1 63 1
872 1 63 1
873 1 63 1
874 1 63 1
875 0 -64 0
876 0 -64 0
877 1 63 1
878 1 63 1
879 1 63 1
880 0 -64 0
881 1 63 1
882 1 63 1
883 1 63 1
884 1 63 1
885 1 63 1
886 0 -64 0
887 1 63 1
888 0 -64 0
889 1 63 1
890 1 63 1
891 0 -64 0
892 1 63 1
893 1 63 1
894 0 -64 0
895 0 -64 0
896 0 -64 0
897 0 -64 0
898 1 63 1
899 1 63 1
900 1 63 1
901 1 63 1
902 0 -64 0
903 1 63 1
904 1 63 1
905 0 -64 0
906 1 63 1
907 0 -64 0
908 1 63 1
909 1 63 1
910 0 -64 0
911 1 63 1
912 1 63 1
913 0 -64 0
914 1 63 1
915 0 -64 0
916 1 63 1
917 1 63 1
918 0 -64 0
919 0 -64 0
920 0 -64 0
921 0 -64 0
922 0 -64 0
923 0 -64 0
924 1 63 1
925 0 -64 0
926 0 -64 0
927 0 -64 0
928 1 63 1
929 0 -64 0
930 1 63 1
931 0 -64 0
932 0 -64 0
933 1 63 1
934 1 63 1
935 1 63 1
936 1 63 1
937 1 63 1
938 1 63 1
939 1 63 1
940 0 -64 0
941 0 -64 0
942 1 63 1
943 1 63 1
944 0 -64 0
945 0 -64 0
946 0 -64 0
947 1 63 1
948 0 -64 0
949 1 63 1
950 1 63 1
951 0 -64 0
952 0 -64 0
953 1 63 1
954 0 -64 0
955 0 -64 0
956 1 63 1
957 0 -64 0
958 0 -64 0
959 0 -64 0
960 1 63 1
961 1 63 1
962 1 63 1
963 1 63 1
964 1 63 1
965 1 63 1
966 1 63 1
967 0 -64 0
968 0 -64 0
969 1 63 1
970 0 -64 0
971 1 63 1
972 1 63 1
973 1 63 1
974 0 -64 0
975 0 -64 0
976 0 -64 0
977 1 63 1
978 0 -64 0
979 0 -64 0
980 1 63 1
981 1 63 1
982 0 -64 0
983 1 63 1
984 0 -64 0
985 1 63 1
986 0 -64 0
987 1 63 1
988 0 -64 0
989 0 -64 0
990 0 -64 0
991 0 -64 0
992 1 63 1
993 1 63 1
994 1 63 1
995 0 -64 0
996 1 63 1
997 1 63 1
998 0 -64 0
999 0 -64 0
1000 0 -64 0
1001 1 63 1
1002 0 -64 0
1003 1 63 1
1004 0 -64 0
1005 0 -64 0
1006 0 -64 0
1007 0 -64 0
1008 1 63 1
1009 0 -64 0
1010 0 -64 0
1011 0 -64 0
1012 0 -64 0
1013 1 63 1
1014 1 63 1
1015 1 63 1
1016 0 -64 0
1017 0 -64 0
1018 0 -47 0
1019 1 63 1
1020 0 -64 0
1021 0 -58 0
1022 0 -59 0
1023 1 59 1
1024 0 -64 0
1025 0 -47 0
1026 1 58 1
1027 0 -64 0
1028 1 63 1
1029 0 -64 0
1030 0 -64 0
1031 1 63 1
1032 1 63 1
1033 1 63 1
1034 0 -64 0
1035 0 -64 0
1036 1 63 1
1037 0 -64 0
1038 1 63 1
1039 1 63 1
1040 1 63 1
1041 1 63 1
1042 1 63 1
1043 1 63 1
1044 0 -64 0
1045 0 -64 0
1046 1 63 1
1047 0 -64 0
1048 0 -64 0
1049 0 -64 0
1050 1 63 1
1051 1 63 1
1052 0 -64 0
1053 1 63 1
1054 1 63 1
1055 0 -64 0
1056 1 63 1
1057 0 -64 0
1058 1 63 1
1059 1 63 1
1060 1 63 1
1061 0 -64 0
1062 1 63 1
1063 1 63 1
1064 0 -64 0
1065 1 63 1
1066 1 63 1
1067 1 63 1
1068 1 63 1
1069 0 -64 0
1070 0 -64 0
1071 0 -64 0
1072 1 63 1
1073 1 63 1
1074 0 -64 0
1075 0 -64 0
1076 0 -64 0
1077 0 -64 0
1078 0 -64 0
1079 1 63 1
1080 0 -64 0
1081 0 -64 0
1082 1 63 1
1083 1 63 1
1084 0 -64 0
1085 1 63 1
1086 1 63 1
1087 1 63 1
1088 0 -64 0
1089 0 -64 0
1090 1 63 1
1091 1 63 1
1092 0 -64 0
1093 0 -64 0
1094 1 63 1
1095 1 63 1
1096 0 -64 0
1097 0 -64 0
1098 0 -64 0
1099 1 63 1
1100 0 -64 0
1101 1 63 1
1102 0 -64 0
1103 1 63 1
1104 0 -64 0
1105 1 63 1
1106 0 -64 0
1107 0 -64 0
1108 1 63 1
1109 1 63 1
1110 1 63 1
1111 0 -64 0
1112 0 -64 0
1113 0 -64 0
1114 0 -64 0
1115 0 -64 0
1116 0 -64 0
1117 1 63 1
1118 1 63 1
1119 0 -64 0
1120 1 63 1
1121 1 63 1
1122 1 63 1
1123 0 -64 0
1124 0 -64 0
1125 0 -64 0
1126 1 63 1
1127 1 63 1
1128 1 63 1
1129 1 63 1
1130 1 63 1
1131 1 63 1
1132 1 63 1
1133 1 63 1
1134 0 -64 0
1135 1 63 1
1136 1 63 1
1137 0 -64 0
1138 1 63 1
1139 1 63 1
1140 1 63 1
1141 0 -64 0
1142 1 63 1
1143 0 -64 0
1144 0 -64 0
1145 1 63 1
1146 1 63 1
1147 0 -64 0
1148 0 -64 0
1149 0 -64 0
1150 1 63 1
1151 1 63 1
1152 0 -64 0
1153 0 -64 0
1154 1 63 1
1155 0 -64 0
1156 1 63 1
1157 1 63 1
1158 1 63 1
1159 1 63 1
1160 1 63 1
1161 0 -64 0
1162 1 63 1
1163 1 63 1
1164 1 63 1
1165 1 63 1
1166 1 63 1
1167 0 -64 0
1168 0 -64 0
1169 1 63 1
1170 0 -64 0
1171 1 63 1
1172 1 63 1
1173 1 63 1
1174 0 -64 0
1175 1 63 1
1176 0 -64 0
1177 0 -64 0
1178 0 -64 0
1179 1 63 1
1180 0 -64 0
1181 1 63 1
1182 0 -64 0
1183 0 -64 0
1184 1 63 1
1185 1 63 1
1186 0 -64 0
1187 0 -64 0
1188 1 63 1
1189 0 -64 0
1190 0 -64 0
1191 1 63 1
1192 0 -64 0
1193 1 63 1
1194 1 63 1
1195 1 63 1
1196 0 -64 0
1197 0 -64 0
1198 1 63 1
1199 0 -64 0
1200 1 63 1
1201 1 63 1
1202 0 -64 0
1203 1 63 1
1204 0 -64 0
1205 0 -64 0
1206 0 -64 0
1207 0 -64 0
1208 1 63 1
1209 0 -64 0
1210 1 63 1
1211 1 63 1
1212 0 -64 0
1213 0 -64 0
1214 1 63 1
1215 0 -64 0
1216 0 -64 0
1217 1 63 1
1218 0 -64 0
1219 0 -64 0
1220 0 -64 0
1221 1 63 1
1222 0 -64 0
1223 0 -64 0
1224 1 63 1
1225 0 -64 0
1226 1 63 1
1227 1 63 1
1228 1 63 1
1229 0 -64 0
1230 1 63 1
1231 0 -64 0
1232 1 63 1
1233 1 63 1
1234 1 63 1
1235 1 63 1
1236 0 -64 0
1237 0 -64 0
1238 1 63 1
1239 1 63 1
1240 1 63 1
1241 1 63 1
1242 1 63 1
1243 1 63 1
1244 0 -64 0
1245 1 63 1
1246 1 63 1
1247 0 -64 0
1248 1 63 1
1249 1 63 1
1250 1 63 1
1251 0 -64 0
1252 1 63 1
1253 0 -64 0
1254 1 63 1
1255 0 -64 0
1256 1 63 1
1257 0 -64 0
1258 0 -64 0
1259 1 63 1
1260 0 -64 0
1261 1 63 1
1262 1 63 1
1263 1 63 1
1264 0 -64 0
1265 0 -64 0
1266 0 -64 0
1267 0 -64 0
1268 0 -64 0
1269 1 63 1
1270 0 -64 0
1271 1 63 1
1272 1 63 1
1273 0 -64 0
1274 0 -64 0
1275 0 -64 0
1276 0 -64 0
1277 0 -64 0
1278 1 63 1
1279 1 63 1
1280 0 -64 0
1281 0 -64 0
1282 1 63 1
1283 0 -64 0
1284 0 -64 0
1285 1 63 1
1286 0 -64 0
1287 0 -64 0
1288 0 -64 0
1289 1 63 1
1290 0 -64 0
1291 0 -64 0
1292 1 63 1
1293 1 63 1
1294 0 -64 0
1295 0 -64 0
1296 0 -64 0
1297 1 63 1
1298 0 -64 0
1299 1 63 1
1300 0 -64 0
1301 1 63 1
1302 1 63 1
1303 0 -64 0
1304 1 63 1
1305 0 -64 0
1306 1 63 1
1307 0 -64 0
1308 0 -64 0
1309 0 -64 0
1310 0 -64 0
1311 1 63 1
1312 1 63 1
1313 0 -64 0
1314 1 63 1
1315 0 -64 0
1316 0 -64 0
1317 1 63 1
1318 0 -64 0
1319 0 -64 0
1320 0 -64 0
1321 1 63 1
1322 1 63 1
1323 1 63 1
1324 0 -64 0
1325 1 63 1
1326 1 63 1
1327 1 63 1
1328 0 -64 0
1329 0 -64 0
1330 0 -64 0
1331 0 -64 0
1332 1 63 1
1333 1 63 1
1334 0 -64 0
1335 1 63 1
1336 0 -64 0
1337 0 -64 0
1338 1 63 1
1339 1 63 1
1340 0 -64 0
1341 1 63 1
1342 0 -64 0
1343 1 63 1
1344 1 63 1
1345 0 -64 0
1346 0 -64 0
1347 0 -64 0
1348 1 63 1
1349 0 -64 0
1350 1 63 1
1351 0 -64 0
1352 0 -64 0
1353 0 -64 0
1354 0 -64 0
1355 0 -64 0
1356 0 -64 0
1357 1 63 1
1358 1 63 1
1359 1 63 1
1360 1 63 1
1361 0 -64 0
1362 1 63 1
1363 0 -64 0
1364 1 63 1
1365 0 -64 0
1366 0 -64 0
1367 1 63 1
1368 1 63 1
1369 0 -64 0
1370 0 -64 0
1371 0 -64 0
1372 1 63 1
1373 1 63 1
1374 0 -64 0
1375 1 63 1
1376 1 63 1
1377 1 63 1
1378 1 63 1
1379 0 -64 0
1380 0 -64 0
1381 0 -64 0
1382 1 63 1
1383 0 -64 0
1384 1 63 1
1385 1 63 1
1386 0 -64 0
1387 1 63 1
1388 0 -64 0
1389 0 -64 0
1390 0 -64 0
1391 1 63 1
1392 1 63 1
1393 1 63 1
1394 1 63 1
1395 0 -64 0
1396 0 -64 0
1397 0 -64 0
1398 1 63 1
1399 0 -64 0
1400 0 -64 0
1401 1 63 1
1402 0 -64 0
1403 0 -64 0
1404 0 -64 0
1405 0 -64 0
1406 0 -64 0
1407 1 63 1
1408 0 -64 0
1409 0 -64 0
1410 0 -64 0
1411 1 63 1
1412 1 63 1
1413 1 63 1
1414 1 63 1
1415 1 63 1
1416 1 63 1
1417 1 63 1
1418 1 63 1
1419 1 63 1
1420 1 63 1
1421 1 63 1
1422 0 -64 0
1423 0 -64 0
1424 0 -64 0
1425 1 63 1
1426 1 63 1
1427 0 -64 0
1428 0 -64 0
1429 0 -64 0
1430 0 -64 0
1431 1 63 1
1432 0 -64 0
1433 1 63 1
1434 0 -64 0
1435 0 -64 0
1436 1 63 1
1437 1 63 1
1438 1 63 1
1439 0 -64 0
1440 0 -64 0
1441 0 -64 0
1442 0 -64 0
1443 0 -64 0
1444 0 -64 0
1445 0 -64 0
1446 1 63 1
1447 0 -64 0
1448 0 -64 0
1449 1 63 1
1450 1 63 1
1451 1 63 1
1452 0 -64 0
1453 0 -64 0
1454 1 63 1
1455 0 -64 0
1456 1 63 1
1457 0 -64 0
1458 0 -64 0
1459 1 63 1
1460 0 -64 0
1461 1 63 1
1462 0 -64 0
1463 1 63 1
1464 1 63 1
1465 0 -64 0
1466 0 -64 0
1467 0 -64 0
1468 1 63 1
1469 0 -64 0
1470 1 63 1
1471 0 -64 0
1472 0 -64 0
1473 1 63 1
1474 1 63 1
1475 0 -64 0
1476 1 63 1
1477 1 63 1
1478 1 63 1
1479 0 -64 0
1480 0 -64 0
1481 0 -64 0
1482 0 -64 0
1483 0 -64 0
1484 1 63 1
1485 1 63 1
1486 0 -64 0
1487 1 63 1
1488 0 -64 0
1489 1 63 1
1490 1 63 1
1491 1 63 1
1492 1 63 1
1493 0 63 1
1494 0 -64 0
1495 1 -64 0
1496 1 -64 0
1497 1 -64 0
1498 0 -64 0
1499 0 -64 0
1500 0 -64 0
1501 0 -64 0
1502 1 63 1
1503 0 -64 0
1504 0 -64 0
1505 1 63 1
1506 1 63 1
1507 1 63 1
1508 0 -64 0
1509 1 63 1
1510 0 -64 0
1511 0 -64 0
1512 1 63 1
1513 0 -64 0
1514 0 -64 0
1515 1 63 1
1516 1 63 1
1517 1 63 1
1518 0 -64 0
1519 1 63 1
1520 1 63 1
1521 0 -64 0
1522 0 -64 0
1523 1 63 1
1524 0 -64 0
1525 0 -64 0
1526 1 63 1
1527 0 -64 0
1528 0 -64 0
1529 1 63 1
1530 1 61 1
1531 0 -53 0
1532 0 -64 0
1533 1 56 1
1534 0 -43 0
1535 1 39 1
1536 1 37 1
1537 1 43 1
1538 1 60 1
1539 1 51 1
1540 1 48 1
1541 0 -63 0
1542 0 -64 0
1543 0 -64 0
1544 1 63 1
1545 1 63 1
1546 0 -64 0
1547 0 -64 0
1548 0 -64 0
1549 0 -64 0
1550 1 63 1
1551 1 63 1
1552 0 -64 0
1553 0 -64 0
1554 1 63 1
1555 1 63 1
1556 1 63 1
1557 0 -64 0
1558 0 -64 0
1559 0 -64 0
1560 1 63 1
1561 0 -64 0
1562 0 -64 0
1563 1 63 1
1564 0 -64 0
1565 1 63 1
1566 0 -64 0
1567 0 -64 0
1568 1 63 1
1569 0 -64 0
1570 1 63 1
1571 1 63 1
1572 1 63 1
1573 0 -64 0
1574 1 63 1
1575 1 63 1
1576 1 63 1
1577 1 63 1
1578 0 -64 0
1579 0 -64 0
1580 0 -64 0
1581 1 63 1
1582 1 63 1
1583 0 -64 0
1584 1 63 1
1585 1 63 1
1586 0 -64 0
1587 0 -64 0
1588 0 -64 0
1589 0 -64 0
1590 0 -64 0
1591 1 63 1
1592 0 -64 0
1593 0 -64 0
1594 1 63 1
1595 0 -64 0
1596 1 63 1
1597 1 63 1
1598 1 63 1
1599 0 -64 0
1600 0 -64 0
1601 0 -64 0
1602 1 63 1
1603 0 -64 0
1604 1 63 1
1605 1 63 1
1606 0 -64 0
1607 0 -64 0
1608 1 63 1
1609 0 -64 0
1610 1 63 1
1611 0 -64 0
1612 1 63 1
1613 0 -64 0
1614 0 -64 0
1615 0 -64 0
1616 1 63 1
1617 1 63 1
1618 0 -64 0
1619 0 -64 0
1620 0 -64 0
1621 0 -64 0
1622 1 63 1
1623 0 -64 0
1624 0 -64 0
1625 1 63 1
1626 0 -64 0
1627 0 -64 0
1628 1 63 1
1629 1 63 1
1630 0 63 1
1631 1 63 1
1632 1 63 1
1633 0 -64 0
1634 0 63 1
1635 1 -64 0
1636 0 -64 0
1637 0 -64 0
1638 0 -64 0
1639 1 63 1
1640 1 63 1
1641 0 -64 0
1642 0 -64 0
1643 1 63 1
1644 1 63 1
1645 0 -64 0
1646 1 63 1
1647 1 63 1
1648 0 -64 0
1649 1 63 1
1650 0 -64 0
1651 1 63 1
1652 0 -64 0
1653 0 -64 0
1654 0 -64 0
1655 0 -64 0
1656 0 -64 0
1657 0 -64 0
1658 0 -64 0
1659 1 63 1
1660 1 63 1
1661 0 -64 0
1662 1 63 1
1663 1 63 1
1664 1 63 1
1665 0 -64 0
1666 1 63 1
1667 0 -64 0
1668 1 63 1
1669 1 63 1
1670 1 63 1
1671 0 -64 0
1672 1 63 1
1673 0 -64 0
1674 0 -64 0
1675 0 -64 0
1676 1 63 1
1677 1 63 1
1678 1 63 1
1679 0 -64 0
1680 1 63 1
1681 0 -64 0
1682 0 -64 0
1683 1 63 1
1684 1 63 1
1685 1 63 1
1686 0 -64 0
1687 0 -64 0
1688 0 -64 0
1689 1 63 1
1690 1 63 1
1691 1 63 1
1692 0 -64 0
1693 0 -64 0
1694 1 63 1
1695 1 63 1
1696 1 63 1
1697 1 63 1
1698 1 63 1
1699 1 63 1
1700 1 63 1
1701 0 -64 0
1702 1 63 1
1703 0 -64 0
1704 1 63 1
1705 1 63 1
1706 0 -64 0
1707 1 63 1
1708 0 -64 0
1709 1 63 1
1710 1 63 1
1711 1 63 1
1712 0 -64 0
1713 0 -64 0
1714 0 -64 0
1715 0 -64 0
1716 0 -64 0
1717 0 -64 0
1718 1 63 1
1719 0 -64 0
1720 0 -64 0
1721 0 -64 0
1722 0 -64 0
1723 0 -64 0
1724 0 -64 0
1725 1 63 1
1726 0 -64 0
1727 0 -64 0
1728 0 -64 0
1729 1 63 1
1730 1 63 1
1731 1 63 1
1732 0 -64 0
1733 1 63 1
1734 0 -64 0
1735 1 63 1
1736 0 -64 0
1737 1 63 1
1738 0 -64 0
1739 0 -64 0
1740 0 -64 0
1741 1 63 1
1742 1 63 1
1743 0 -64 0
1744 0 -64 0
1745 1 63 1
1746 0 -64 0
1747 0 -64 0
1748 0 -64 0
1749 0 -64 0
1750 0 -64 0
1751 1 63 1
1752 1 63 1
1753 1 63 1
1754 1 63 1
1755 0 -64 0
1756 0 -64 0
1757 1 63 1
1758 1 63 1
1759 1 63 1
1760 0 -64 0
1761 1 63 1
1762 0 -64 0
1763 0 -64 0
1764 1 63 1
1765 1 63 1
1766 0 -64 0
1767 0 -64 0
1768 0 -64 0
1769 0 -64 0
1770 0 -64 0
1771 1 63 1
1772 0 -64 0
1773 1 63 1
1774 1 63 1
1775 1 63 1
1776 1 63 1
1777 0 -64 0
1778 0 -64 0
1779 1 63 1
1780 1 63 1
1781 0 -64 0
1782 0 -64 0
1783 1 63 1
1784 1 63 1
1785 0 -64 0
1786 0 -64 0
1787 0 -64 0
1788 0 -64 0
1789 0 -64 0
1790 0 -64 0
1791 1 63 1
1792 0 -64 0
1793 0 -64 0
1794 0 -64 0
1795 1 63 1
1796 1 63 1
1797 1 63 1
1798 0 -64 0
1799 0 -64 0
1800 1 63 1
1801 1 63 1
1802 1 63 1
1803 1 63 1
1804 1 63 1
1805 1 63 1
1806 0 -64 0
1807 0 -64 0
1808 0 -64 0
1809 1 63 1
1810 0 -64 0
1811 1 63 1
1812 1 63 1
1813 1 63 1
1814 1 63 1
1815 1 63 1
1816 1 63 1
1817 0 -64 0
1818 1 63 1
1819 1 63 1
1820 1 63 1
1821 1 63 1
1822 0 -64 0
1823 0 -64 0
1824 1 63 1
1825 0 -64 0
1826 1 63 1
1827 0 -64 0
1828 1 63 1
1829 1 63 1
1830 0 -64 0
1831 1 63 1
1832 1 63 1
1833 0 -64 0
1834 1 63 1
1835 1 63 1
1836 1 63 1
1837 1 63 1
1838 1 63 1
1839 1 63 1
1840 1 63 1
1841 0 -64 0
1842 1 63 1
1843 1 63 1
1844 1 63 1
1845 1 63 1
1846 1 63 1
1847 0 -64 0
1848 0 -64 0
1849 1 63 1
1850 1 63 1
1851 1 63 1
1852 1 63 1
1853 0 -64 0
1854 1 63 1
1855 1 63 1
1856 0 -64 0
1857 0 -64 0
1858 0 -64 0
1859 1 63 1
1860 1 63 1
1861 0 -64 0
1862 1 63 1
1863 0 -64 0
1864 1 63 1
1865 1 63 1
1866 1 63 1
1867 0 -64 0
1868 0 -64 0
1869 0 -64 0
1870 0 -64 0
1871 1 63 1
1872 1 63 1
1873 1 63 1
1874 1 63 1
1875 0 -64 0
1876 1 63 1
1877 0 -64 0
1878 0 -64 0
1879 0 -64 0
1880 1 63 1
1881 0 -64 0
1882 1 63 1
1883 0 -64 0
1884 1 63 1
1885 0 -64 0
1886 0 -64 0
1887 1 63 1
1888 0 -64 0
1889 0 -64 0
1890 1 63 1
1891 0 -64 0
1892 1 63 1
1893 1 63 1
1894 1 63 1
1895 1 63 1
1896 1 63 1
1897 0 -64 0
1898 0 -64 0
1899 0 -64 0
1900 1 63 1
1901 1 63 1
1902 0 -64 0
1903 1 63 1
1904 0 -64 0
1905 0 -64 0
1906 1 63 1
1907 1 63 1
1908 0 -64 0
1909 0 -64 0
1910 0 -64 0
1911 1 63 1
1912 1 63 1
1913 0 -64 0
1914 0 -64 0
1915 0 -64 0
1916 1 63 1
1917 1 63 1
1918 1 63 1
1919 0 -64 0
1920 1 63 1
1921 1 63 1
1922 1 63 1
1923 1 63 1
1924 0 -64 0
1925 1 63 1
1926 1 63 1
1927 0 -64 0
1928 1 63 1
1929 1 63 1
1930 0 -64 0
1931 0 -64 0
1932 0 -64 0
1933 0 -64 0
1934 0 -64 0
1935 1 63 1
1936 1 63 1
1937 0 -64 0
1938 0 -64 0
1939 0 -64 0
1940 0 -64 0
1941 0 -64 0
1942 1 63 1
1943 1 63 1
1944 1 63 1
1945 1 63 1
1946 0 -64 0
1947 0 -64 0
1948 0 -64 0
1949 0 -64 0
1950 1 63 1
1951 0 -64 0
1952 1 63 1
1953 1 63 1
1954 1 63 1
1955 1 63 1
1956 0 -64 0
1957 0 -64 0
1958 1 63 1
1959 0 -64 0
1960 1 63 1
1961 1 63 1
1962 0 -64 0
1963 0 -64 0
1964 0 -64 0
1965 0 -64 0
1966 1 63 1
1967 1 63 1
1968 1 63 1
1969 1 63 1
1970 1 63 1
1971 1 63 1
1972 0 -64 0
1973 1 63 1
1974 0 -64 0
1975 1 63 1
1976 0 -64 0
1977 1 63 1
1978 0 -64 0
1979 1 63 1
1980 1 63 1
1981 1 63 1
1982 1 63 1
1983 1 63 1
1984 1 63 1
1985 0 -64 0
1986 0 -64 0
1987 1 63 1
1988 0 -64 0
1989 0 -64 0
1990 0 -64 0
1991 1 63 1
1992 1 63 1
1993 1 63 1
1994 0 -64 0
1995 1 63 1
1996 0 -64 0
1997 1 63 1
1998 0 -64 0
1999 1 63 1
2000 0 -64 0
2001 1 63 1
2002 0 -64 0
2003 1 63 1
2004 1 63 1
2005 0 -64 0
2006 1 63 1
2007 1 63 1
2008 1 63 1
2009 0 -64 0
2010 1 63 1
2011 1 63 1
2012 0 -64 0
2013 1 63 1
2014 1 63 1
2015 1 63 1
2016 0 -64 0
2017 1 63 1
2018 0 -64 0
2019 0 -64 0
2020 1 63 1
2021 1 63 1
2022 0 -64 0
2023 0 -64 0
2024 0 -64 0
2025 1 63 1
2026 0 -64 0
2027 0 -64 0
2028 0 -64 0
2029 1 63 1
2030 1 63 1
2031 1 63 1
2032 1 63 1
2033 0 -64 0
2034 0 -64 0
2035 1 63 1
2036 1 63 1
2037 1 63 1
2038 1 63 1
2039 0 -64 0
2040 1 63 1
2041 0 -64 0
2042 0 -64 0
2043 1 63 1
2044 1 63 1
2045 1 63 1
2046 1 63 1
2047 0 -64 0
2048 1 63 1
2049 1 63 1
2050 0 -64 0
2051 1 63 1
2052 1 63 1
2053 0 -64 0
2054 0 -64 0
2055 1 63 1
2056 1 63 1
2057 0 -64 0
2058 0 -64 0
2059 0 -64 0
2060 1 63 1
2061 0 -64 0
2062 0 -64 0
2063 1 63 1
2064 1 63 1
2065 0 -64 0
2066 0 -64 0
2067 0 -64 0
2068 0 -64 0
2069 0 -64 0
2070 0 -64 0
2071 0 -64 0
2072 0 -64 0
2073 1 63 1
2074 1 63 1
2075 0 -64 0
2076 1 63 1
2077 1 63 1
2078 0 -64 0
2079 0 -64 0
2080 1 63 1
2081 1 63 1
2082 0 -64 0
2083 1 63 1
2084 1 63 1
2085 0 -64 0
2086 1 63 1
2087 0 -64 0
2088 1 63 1
2089 0 -64 0
2090 1 63 1
2091 1 63 1
2092 1 63 1
2093 0 -64 0
2094 0 -64 0
2095 1 63 1
2096 0 -64 0
2097 0 -64 0
2098 1 63 1
2099 1 63 1
2100 0 -64 0
2101 0 -64 0
2102 1 63 1
2103 1 63 1
2104 0 -64 0
2105 1 63 1
2106 1 63 1
2107 0 -64 0
2108 1 63 1
2109 1 63 1
2110 1 63 1
2111 1 63 1
2112 0 -64 0
2113 1 63 1
2114 0 -64 0
2115 0 -64 0
2116 0 -64 0
2117 1 63 1
2118 1 63 1
2119 1 63 1
2120 0 -64 0
2121 0 -64 0
2122 0 -64 0
2123 1 63 1
2124 1 63 1
2125 0 -64 0
2126 1 63 1
2127 1 63 1
2128 0 -64 0
2129 0 -64 0
2130 1 63 1
2131 0 -64 0
2132 0 -64 0
2133 1 63 1
2134 0 -64 0
2135 1 63 1
2136 1 63 1
2137 1 63 1
2138 1 63 1
2139 1 63 1
2140 0 -64 0
2141 1 63 1
2142 0 -64 0
2143 0 -64 0
2144 1 63 1
2145 1 63 1
2146 0 -64 0
2147 1 63 1
2148 0 -64 0
2149 0 -64 0
2150 0 -64 0
2151 0 -64 0
2152 1 63 1
2153 0 -64 0
2154 1 63 1
2155 1 63 1
2156 0 -64 0
2157 0 -64 0
2158 0 -64 0
2159 0 -64 0
2160 0 -64 0
2161 0 -64 0
2162 0 -64 0
2163 0 -64 0
2164 0 -64 0
2165 1 63 1
2166 1 63 1
2167 1 63 1
2168 1 63 1
2169 1 63 1
2170 1 63 1
2171 0 -64 0
2172 0 -64 0
2173 0 -64 0
2174 0 -64 0
2175 1 63 1
2176 1 63 1
2177 0 -64 0
2178 1 63 1
2179 0 -64 0
2180 0 -64 0
2181 0 -64 0
2182 1 63 1
2183 0 -64 0
2184 1 63 1
2185 0 -64 0
2186 0 -64 0
2187 1 63 1
2188 0 -64 0
2189 1 63 1
2190 0 -64 0
2191 1 63 1
2192 0 -64 0
2193 1 63 1
2194 1 63 1
2195 0 -64 0
2196 0 -64 0
2197 0 -64 0
2198 1 63 1
2199 0 -64 0
2200 0 -64 0
2201 1 63 1
2202 0 -64 0
2203 0 -64 0
2204 1 63 1
2205 1 63 1
2206 1 62 1
2207 1 63 1
2208 0 -64 0
2209 0 -58 0
2210 1 63 1
2211 1 63 1
2212 1 63 1
2213 0 -62 0
2214 1 63 1
2215 1 63 1
2216 0 -58 0
2217 0 -64 0
2218 0 -64 0
2219 1 63 1
2220 1 63 1
2221 1 63 1
2222 0 -64 0
2223 0 -64 0
2224 0 -64 0
2225 0 -64 0
2226 0 -64 0
2227 0 -64 0
2228 1 63 1
2229 0 -64 0
2230 1 63 1
2231 0 -64 0
2232 1 63 1
2233 1 63 1
2234 0 -64 0
2235 0 -64 0
2236 0 -64 0
2237 1 63 1
2238 1 63 1
2239 0 -64 0
2240 1 63 1
2241 0 -64 0
2242 0 -64 0
2243 0 -64 0
2244 1 63 1
2245 0 -64 0
2246 1 63 1
2247 1 63 1
2248 0 -64 0
2249 0 -64 0
2250 0 -64 0
2251 1 63 1
2252 1 63 1
2253 0 -64 0
2254 0 -64 0
2255 0 -64 0
2256 1 63 1
2257 1 63 1
2258 1 63 1
2259 0 -64 0
2260 0 -64 0
2261 1 63 1
2262 0 -64 0
2263 0 -64 0
2264 0 -64 0
2265 1 63 1
2266 1 63 1
2267 0 -64 0
2268 1 63 1
2269 0 -64 0
2270 1 63 1
2271 0 -64 0
2272 0 -64 0
2273 0 -64 0
2274 0 -64 0
2275 0 -64 0
2276 0 -64 0
2277 1 63 1
2278 1 63 1
2279 1 63 1
2280 1 63 1
2281 1 63 1
2282 0 -64 0
2283 1 63 1
2284 1 63 1
2285 0 -64 0
2286 0 -64 0
2287 1 63 1
2288 1 63 1
2289 0 -64 0
2290 0 -64 0
2291 1 63 1
2292 0 -64 0
2293 0 -64 0
2294 1 63 1
2295 1 63 1
2296 0 -64 0
2297 0 -64 0
2298 0 -53 0
2299 1 63 1
2300 0 -45 0
2301 1 41 1
2302 0 -50 0
2303 1 48 1
2304 1 38 1
2305 0 -48 0
2306 1 62 1
2307 0 -59 0
2308 0 -57 0
2309 0 -64 0
2310 0 -64 0
2311 0 -64 0
2312 1 63 1
2313 0 -64 0
2314 1 63 1
2315 0 -64 0
2316 0 -64 0
2317 0 -64 0
2318 1 63 1
2319 1 63 1
2320 1 63 1
2321 1 63 1
2322 0 -64 0
2323 1 63 1
2324 0 -64 0
2325 0 -64 0
2326 0 -64 0
2327 1 63 1
2328 0 -64 0
2329 0 -64 0
2330 0 -64 0
2331 0 -64 0
2332 1 63 1
2333 1 63 1
2334 0 -64 0
2335 1 63 1
2336 1 63 1
2337 1 63 1
2338 0 -64 0
2339 0 -64 0
2340 0 -64 0
2341 1 63 1
2342 1 63 1
2343 0 -64 0
2344 0 -64 0
2345 0 -64 0
2346 0 -64 0
2347 1 63 1
2348 1 63 1
2349 1 63 1
2350 1 63 1
2351 1 63 1
2352 1 63 1
2353 0 -64 0
2354 1 63 1
2355 0 -64 0
2356 1 63 1
2357 0 -64 0
2358 1 63 1
2359 1 63 1
2360 1 63 1
2361 0 -64 0
2362 0 -64 0
2363 0 -64 0
2364 0 -64 0
2365 1 63 1
2366 0 -64 0
2367 0 -64 0
2368 0 -64 0
2369 1 63 1
2370 1 63 1
2371 1 63 1
2372 0 -64 0
2373 1 63 1
2374 0 -64 0
2375 1 63 1
2376 0 -64 0
2377 0 -64 0
2378 1 63 1
2379 1 63 1
2380 1 63 1
2381 1 63 1
2382 0 -64 0
2383 0 -64 0
2384 1 63 1
2385 1 63 1
2386 1 63 1
2387 0 -64 0
2388 0 -64 0
2389 0 -64 0
2390 0 -64 0
2391 0 -64 0
2392 1 63 1
2393 1 63 1
2394 1 63 1
2395 0 -64 0
2396 1 63 1
2397 0 -64 0
2398 1 63 1
2399 0 -64 0
2400 0 -64 0
2401 1 63 1
2402 1 63 1
2403 0 -64 0
2404 1 63 1
2405 0 -64 0
2406 0 -64 0
2407 0 -64 0
2408 0 -64 0
2409 1 63 1
2410 1 63 1
2411 1 63 1
2412 0 -64 0
2413 0 -64 0
2414 0 -64 0
2415 0 -64 0
2416 0 -64 0
2417 0 -64 0
2418 1 63 1
2419 0 -64 0
2420 1 63 1
2421 1 63 1
2422 0 -64 0
2423 1 63 1
2424 1 63 1
2425 1 63 1
2426 1 63 1
2427 1 63 1
2428 0 -64 0
2429 1 63 1
2430 0 -64 0
2431 0 -64 0
2432 0 -64 0
2433 0 -64 0
2434 1 63 1
2435 0 -64 0
2436 0 -64 0
2437 1 63 1
2438 1 63 1
2439 0 -64 0
2440 1 63 1
2441 0 -64 0
2442 1 63 1
2443 1 63 1
2444 0 -64 0
2445 0 -64 0
2446 0 -64 0
2447 0 -64 0
2448 0 -64 0
2449 0 -64 0
2450 1 63 1
2451 0 -64 0
2452 0 -64 0
2453 1 63 1
2454 1 63 1
2455 0 -64 0
2456 1 63 1
2457 1 63 1
2458 0 -64 0
2459 0 -64 0
2460 1 63 1
2461 0 -64 0
2462 1 63 1
2463 1 63 1
2464 0 -64 0
2465 0 -64 0
2466 1 63 1
2467 1 63 1
2468 1 63 1
2469 0 -64 0
2470 0 -64 0
2471 0 -64 0
2472 0 -64 0
2473 0 -64 0
2474 0 -64 0
2475 1 63 1
2476 0 -64 0
2477 0 -64 0
2478 1 63 1
2479 1 63 1
2480 1 63 1
2481 1 63 1
2482 0 -64 0
2483 1 63 1
2484 1 63 1
2485 0 -64 0
2486 1 63 1
2487 0 -64 0
2488 1 63 1
2489 0 -64 0
2490 1 63 1
2491 0 -64 0
2492 1 63 1
2493 1 63 1
2494 0 -64 0
2495 0 -64 0
2496 0 -64 0
2497 1 63 1
2498 0 -64 0
2499 0 -64 0
2500 1 63 1
2501 1 63 1
2502 1 63 1
2503 0 -64 0
2504 1 63 1
2505 1 63 1
2506 0 -64 0
2507 1 63 1
2508 0 -64 0
2509 1 63 1
2510 1 63 1
2511 0 -64 0
2512 0 -64 0
2513 0 -64 0
2514 0 -64 0
2515 1 63 1
2516 1 63 1
2517 1 63 1
2518 1 63 1
2519 0 -64 0
2520 1 63 1
2521 0 -64 0
2522 0 -64 0
2523 1 63 1
2524 1 63 1
2525 1 63 1
2526 0 -64 0
2527 0 -64 0
2528 0 -64 0
2529 1 63 1
2530 1 63 1
2531 0 -64 0
2532 0 -64 0
2533 1 63 1
2534 1 63 1
2535 1 63 1
2536 0 -64 0
2537 1 63 1
2538 1 63 1
2539 0 -64 0
2540 0 -64 0
2541 1 63 1
2542 1 63 1
2543 1 63 1
2544 0 -64 0
2545 0 -64 0
2546 0 -64 0
2547 0 -64 0
2548 0 -64 0
2549 0 -64 0
2550 0 -64 0
2551 1 63 1
2552 1 63 1
2553 1 63 1
2554 1 63 1
2555 0 -64 0
2556 0 -64 0
2557 0 -64 0
2558 1 63 1
2559 0 -64 0
2560 1 63 1
2561 0 -64 0
2562 0 -64 0
2563 1 63 1
2564 1 63 1
2565 1 63 1
2566 0 -64 0
2567 1 63 1
2568 0 -64 0
2569 0 -64 0
2570 1 63 1
2571 0 -64 0
2572 1 63 1
2573 1 63 1
2574 1 63 1
2575 1 63 1
2576 0 -64 0
2577 0 -64 0
2578 0 -64 0
2579 0 -64 0
2580 0 -64 0
2581 0 -64 0
2582 0 -64 0
2583 0 -64 0
2584 0 -64 0
2585 0 -64 0
2586 0 -64 0
2587 0 -64 0
2588 0 -64 0
2589 0 -64 0
2590 0 -64 0
2591 0 -64 0
2592 1 63 1
2593 0 -64 0
2594 1 63 1
2595 1 63 1
2596 0 -64 0
2597 0 -64 0
2598 0 -64 0
2599 0 -64 0
2600 0 -64 0
2601 0 -64 0
2602 0 -64 0
2603 1 63 1
2604 1 63 1
2605 0 -64 0
2606 1 63 1
2607 1 63 1
2608 0 -64 0
2609 1 63 1
2610 0 -64 0
2611 0 -64 0
2612 0 -64 0
2613 1 63 1
2614 0 -64 0
2615 0 -64 0
2616 0 -64 0
2617 0 -64 0
2618 0 -64 0
2619 0 -64 0
2620 0 -64 0
2621 0 -64 0
2622 0 -64 0
2623 1 63 1
2624 1 63 1
2625 1 63 1
2626 0 -64 0
2627 0 -64 0
2628 0 -64 0
2629 0 -64 0
2630 0 -64 0
2631 0 -64 0
2632 1 63 1
2633 1 63 1
2634 1 63 1
2635 0 -64 0
2636 1 63 1
2637 1 63 1
2638 0 -64 0
2639 0 -64 0
2640 0 -64 0
2641 0 -64 0
2642 1 63 1
2643 1 63 1
2644 0 -64 0
2645 0 -64 0
2646 1 63 1
2647 0 -64 0
2648 0 -64 0
2649 0 -64 0
2650 1 63 1
2651 0 -64 0
2652 1 63 1
2653 1 63 1
2654 1 63 1
2655 0 -64 0
2656 1 63 1
2657 1 63 1
2658 0 -64 0
2659 1 63 1
2660 1 63 1
2661 0 -64 0
2662 0 -64 0
2663 0 -64 0
2664 1 63 1
2665 1 63 1
2666 1 63 1
2667 0 -64 0
2668 0 -64 0
2669 1 63 1
2670 0 -64 0
2671 1 63 1
2672 1 63 1
2673 0 -64 0
2674 1 63 1
2675 1 63 1
2676 0 -64 0
2677 0 -64 0
2678 1 63 1
2679 1 63 1
2680 1 63 1
2681 1 63 1
2682 0 -64 0
2683 0 -64 0
2684 0 -64 0
2685 1 63 1
2686 1 63 1
2687 1 63 1
2688 1 63 1
2689 0 -64 0
2690 0 -64 0
2691 1 63 1
2692 1 63 1
2693 0 -64 0
2694 0 -64 0
2695 0 -64 0
2696 0 -64 0
2697 0 -64 0
2698 1 63 1
2699 1 63 1
2700 0 -64 0
2701 1 63 1
2702 1 63 1
2703 0 -64 0
2704 0 -64 0
2705 0 -64 0
2706 0 -64 0
2707 1 63 1
2708 0 -64 0
2709 1 63 1
2710 1 63 1
2711 1 63 1
2712 0 -64 0
2713 1 63 1
2714 0 -64 0
2715 0 -64 0
2716 0 -64 0
2717 1 63 1
2718 0 -64 0
2719 1 63 1
2720 0 -64 0
2721 1 63 1
2722 0 -64 0
2723 0 -64 0
2724 1 63 1
2725 1 63 1
2726 1 63 1
2727 1 63 1
2728 0 -64 0
2729 0 -64 0
2730 1 63 1
2731 1 63 1
2732 0 -64 0
2733 0 -64 0
2734 0 -64 0
2735 0 -64 0
2736 0 -64 0
2737 1 63 1
2738 1 63 1
2739 1 63 1
2740 0 -64 0
2741 1 63 1
2742 0 -64 0
2743 1 63 1
2744 0 -64 0
2745 0 -64 0
2746 1 63 1
2747 1 63 1
2748 1 63 1
2749 0 -64 0
2750 0 -64 0
2751 1 63 1
2752 0 -64 0
2753 0 -64 0
2754 0 -64 0
2755 0 -64 0
2756 0 -64 0
2757 1 63 1
2758 1 63 1
2759 1 63 1
2760 1 63 1
2761 0 -64 0
2762 0 -64 0
2763 0 -64 0
2764 0 -64 0
2765 1 63 1
2766 1 63 1
2767 0 -64 0
2768 0 -64 0
2769 0 -64 0
2770 1 63 1
2771 0 -64 0
2772 0 -64 0
2773 1 63 1
2774 1 63 1
2775 1 63 1
2776 0 -64 0
2777 0 -64 0
2778 1 63 1
2779 0 -64 0
2780 0 -64 0
2781 0 -64 0
2782 0 -64 0
2783 1 63 1
2784 0 -64 0
2785 0 -64 0
2786 1 63 1
2787 1 63 1
2788 1 63 1
2789 0 -64 0
2790 1 63 1
2791 0 -64 0
2792 0 -64 0
2793 0 -64 0
2794 1 63 1
2795 0 -64 0
2796 1 63 1
2797 1 63 1
2798 1 63 1
2799 1 63 1
2800 1 63 1
2801 1 63 1
2802 1 63 1
2803 0 -64 0
2804 0 -64 0
2805 0 -64 0
2806 0 -64 0
2807 1 63 1
2808 1 63 1
2809 1 63 1
2810 1 63 1
2811 0 -64 0
2812 0 -64 0
2813 1 63 1
2814 1 63 1
2815 0 -64 0
2816 1 63 1
2817 1 63 1
2818 1 63 1
2819 0 -64 0
2820 1 63 1
2821 0 -64 0
2822 1 63 1
2823 0 -64 0
2824 0 -64 0
2825 0 -64 0
2826 0 -64 0
2827 1 63 1
2828 1 63 1
2829 1 63 1
2830 0 -64 0
2831 1 63 1
2832 0 -64 0
2833 1 63 1
2834 1 63 1
2835 0 -64 0
2836 0 -64 0
2837 0 -64 0
2838 0 -64 0
2839 0 -64 0
2840 1 63 1
2841 0 -64 0
2842 0 -64 0
2843 0 -64 0
2844 1 63 1
2845 0 -64 0
2846 0 -64 0
2847 1 63 1
2848 1 63 1
2849 0 -64 0
2850 0 -64 0
2851 0 -64 0
2852 1 63 1
2853 1 63 1
2854 1 63 1
2855 1 63 1
2856 0 -64 0
2857 0 -64 0
2858 1 63 1
2859 0 -64 0
2860 0 -64 0
2861 1 63 1
2862 0 -64 0
2863 0 -64 0
2864 1 63 1
2865 0 -64 0
2866 0 -64 0
2867 0 -64 0
2868 0 -64 0
2869 0 -64 0
2870 1 63 1
2871 0 -64 0
2872 0 -64 0
2873 1 63 1
2874 0 -64 0
2875 1 63 1
2876 0 -64 0
2877 0 -64 0
2878 0 -64 0
2879 1 63 1
2880 1 63 1
2881 1 63 1
2882 0 -64 0
2883 1 63 1
2884 0 -64 0
2885 1 63 1
2886 0 -64 0
2887 0 -64 0
2888 1 63 1
2889 1 63 1
2890 0 -64 0
2891 0 -64 0
2892 1 63 1
2893 0 -64 0
2894 1 63 1
2895 1 63 1
2896 1 63 1
2897 0 -64 0
2898 1 63 1
2899 0 -64 0
2900 1 63 1
2901 1 63 1
2902 0 -64 0
2903 1 63 1
2904 1 63 1
2905 0 -64 0
2906 0 -64 0
2907 0 -64 0
2908 0 -64 0
2909 1 63 1
2910 1 63 1
2911 0 -64 0
2912 0 -64 0
2913 0 -64 0
2914 0 -64 0
2915 1 63 1
2916 1 63 1
2917 1 63 1
2918 0 -64 0
2919 1 63 1
2920 1 63 1
2921 0 -64 0
2922 1 63 1
2923 1 63 1
2924 0 -64 0
2925 1 63 1
2926 0 -64 0
2927 1 63 1
2928 0 -64 0
2929 1 63 1
2930 1 63 1
2931 0 -64 0
2932 0 -64 0
2933 0 -64 0
2934 0 -64 0
2935 0 -64 0
2936 1 63 1
2937 0 -64 0
2938 0 -64 0
2939 0 -64 0
2940 1 63 1
2941 0 -64 0
2942 1 63 1
2943 0 -64 0
2944 1 63 1
2945 1 63 1
2946 1 63 1
2947 0 -64 0
2948 1 63 1
2949 0 -64 0
2950 0 -64 0
2951 1 63 1
2952 1 63 1
2953 0 -64 0
2954 0 -64 0
2955 1 63 1
2956 0 -64 0
2957 1 63 1
2958 0 -64 0
2959 1 63 1
2960 1 63 1
2961 1 63 1
2962 0 -64 0
2963 0 -64 0
2964 0 -64 0
2965 0 -64 0
2966 1 63 1
2967 0 -64 0
2968 1 63 1
2969 1 63 1
2970 0 -64 0
2971 0 -64 0
2972 0 -64 0
2973 1 63 1
2974 0 -64 0
2975 1 63 1
2976 0 -64 0
2977 1 63 1
2978 1 63 1
2979 0 -64 0
2980 1 63 1
2981 0 -64 0
2982 1 63 1
2983 0 -64 0
2984 1 63 1
2985 1 63 1
2986 1 63 1
2987 1 63 1
2988 1 63 1
2989 0 -64 0
2990 0 -64 0
2991 1 63 1
2992 1 63 1
2993 0 -64 0
2994 1 63 1
2995 0 -64 0
2996 0 -64 0
2997 1 63 1
2998 1 63 1
2999 1 63 1
3000 1 63 1
3001 0 -64 0
3002 0 -64 0
3003 1 63 1
3004 1 63 1
3005 0 -64 0
3006 1 63 1
3007 1 63 1
3008 0 -64 0
3009 0 -64 0
3010 0 -64 0
3011 1 63 1
3012 1 63 1
3013 1 63 1
3014 1 63 1
3015 1 63 1
3016 0 -64 0
3017 1 63 1
3018 0 -64 0
3019 1 63 1
3020 1 63 1
3021 1 63 1
3022 0 -64 0
3023 1 63 1
3024 1 63 1
3025 0 -64 0
3026 0 -64 0
3027 1 63 1
3028 1 63 1
3029 0 -64 0
3030 0 -64 0
3031 0 -64 0
3032 1 63 1
3033 0 -64 0
3034 1 63 1
3035 1 63 1
3036 0 -64 0
3037 0 -64 0
3038 1 63 1
3039 1 63 1
3040 1 63 1
3041 0 -64 0
3042 1 63 1
3043 1 63 1
3044 0 -64 0
3045 1 63 1
3046 1 63 1
3047 0 -64 0
3048 0 -64 0
3049 1 63 1
3050 1 63 1
3051 1 63 1
3052 0 -64 0
3053 0 -64 0
3054 0 -64 0
3055 0 -64 0
3056 1 63 1
3057 0 -64 0
3058 0 -64 0
3059 1 63 1
3060 0 -64 0
3061 0 -64 0
3062 0 -64 0
3063 0 -64 0
3064 1 63 1
3065 0 -30 0
3066 1 60 1
3067 1 60 1
3068 0 -54 0
3069 1 48 1
3070 1 33 1
3071 1 36 1
3072 0 2 1
3073 0 -39 0
3074 0 -51 0
3075 0 -55 0
3076 1 51 1
3077 0 -50 0
3078 1 63 1
3079 0 -56 0
3080 1 63 1
3081 1 63 1
3082 0 -64 0
3083 0 -64 0
3084 1 63 1
3085 1 63 1
3086 1 63 1
3087 1 63 1
3088 1 63 1
3089 0 -64 0
3090 1 63 1
3091 1 63 1
3092 0 -64 0
3093 0 -64 0
3094 0 -64 0
3095 1 63 1
3096 1 63 1
3097 0 -64 0
3098 1 63 1
3099 0 -64 0
3100 0 -64 0
3101 1 63 1
3102 0 -64 0
3103 0 -64 0
3104 0 -64 0
3105 0 -64 0
3106 1 63 1
3107 0 -64 0
3108 1 63 1
3109 0 -64 0
3110 1 63 1
3111 1 63 1
3112 1 63 1
3113 1 63 1
3114 0 -64 0
3115 0 -64 0
3116 0 -64 0
3117 0 -64 0
3118 1 63 1
3119 0 -64 0
3120 0 -64 0
3121 0 -64 0
3122 1 63 1
3123 1 63 1
3124 1 63 1
3125 0 -64 0
3126 0 -64 0
3127 0 -64 0
3128 0 -64 0
3129 1 63 1
3130 0 -64 0
3131 0 -64 0
3132 1 63 1
3133 1 63 1
3134 1 63 1
3135 1 63 1
3136 0 -64 0
3137 0 -64 0
3138 1 63 1
3139 0 -64 0
3140 1 63 1
3141 0 -64 0
3142 1 63 1
3143 0 -64 0
3144 0 -64 0
3145 1 63 1
3146 1 63 1
3147 0 -64 0
3148 1 63 1
3149 0 -64 0
3150 0 -64 0
3151 0 -64 0
3152 0 -64 0
3153 1 63 1
3154 1 63 1
3155 1 63 1
3156 1 63 1
3157 1 63 1
3158 1 63 1
3159 1 63 1
3160 1 63 1
3161 1 63 1
3162 0 -64 0
3163 0 -64 0
3164 0 -64 0
3165 0 -64 0
3166 1 63 1
3167 0 -64 0
3168 1 63 1
3169 1 63 1
3170 1 63 1
3171 1 63 1
3172 1 63 1
3173 0 -64 0
3174 0 -64 0
3175 0 -64 0
3176 1 63 1
3177 0 -64 0
3178 0 -64 0
3179 0 -64 0
3180 0 -64 0
3181 0 -64 0
3182 1 63 1
3183 1 63 1
3184 1 63 1
3185 1 63 1
3186 1 63 1
3187 1 63 1
3188 0 -64 0
3189 1 63 1
3190 0 -64 0
3191 1 63 1
3192 1 63 1
3193 0 -64 0
3194 1 63 1
3195 1 63 1
3196 0 -64 0
3197 1 63 1
3198 1 63 1
3199 1 63 1
3200 1 63 1
3201 0 -64 0
3202 1 63 1
3203 1 63 1
3204 1 63 1
3205 0 -64 0
3206 1 63 1
3207 0 -64 0
3208 0 -64 0
3209 0 -64 0
3210 0 -64 0
3211 1 63 1
3212 1 63 1
3213 1 63 1
3214 1 63 1
3215 1 63 1
3216 0 -64 0
3217 1 63 1
3218 0 -64 0
3219 0 -64 0
3220 1 63 1
3221 0 -64 0
3222 0 -64 0
3223 1 63 1
3224 0 -64 0
3225 0 -64 0
3226 1 63 1
3227 1 63 1
3228 0 -64 0
3229 1 63 1
3230 1 63 1
3231 1 63 1
3232 0 -64 0
3233 0 -64 0
3234 1 63 1
3235 1 63 1
3236 1 63 1
3237 1 63 1
3238 0 -64 0
3239 0 -64 0
3240 1 63 1
3241 1 63 1
3242 1 63 1
3243 0 -64 0
3244 0 -64 0
3245 0 -64 0
3246 0 -64 0
3247 0 -64 0
3248 0 -64 0
3249 0 -64 0
3250 1 63 1
3251 0 -64 0
3252 1 63 1
3253 1 63 1
3254 0 -64 0
3255 0 -64 0
3256 1 63 1
3257 0 -64 0
3258 0 -64 0
3259 1 63 1
3260 1 63 1
3261 0 -64 0
3262 1 63 1
3263 0 -64 0
3264 1 63 1
3265 1 63 1
3266 0 -64 0
3267 0 -64 0
3268 1 63 1
3269 1 63 1
3270 1 63 1
3271 0 -64 0
3272 0 -64 0
3273 1 63 1
3274 1 63 1
3275 1 63 1
3276 0 -64 0
3277 0 -64 0
3278 1 63 1
3279 1 63 1
3280 1 63 1
3281 0 -64 0
3282 0 -64 0
3283 1 63 1
3284 0 -64 0
3285 1 63 1
3286 0 -64 0
3287 1 63 1
3288 0 -64 0
3289 1 63 1
3290 1 63 1
3291 1 63 1
3292 0 -64 0
3293 1 63 1
3294 0 -64 0
3295 0 -64 0
3296 0 -64 0
3297 1 63 1
3298 0 -64 0
3299 1 63 1
3300 0 -64 0
3301 0 -64 0
3302 0 -64 0
3303 0 -64 0
3304 0 -64 0
3305 1 63 1
3306 0 -64 0
3307 0 -64 0
3308 1 63 1
3309 1 63 1
3310 0 -64 0
3311 0 -64 0
3312 0 -64 0
3313 0 -64 0
3314 1 63 1
3315 0 -64 0
3316 1 63 1
3317 0 -64 0
3318 1 63 1
3319 1 63 1
3320 0 -64 0
3321 0 -64 0
3322 1 63 1
3323 1 63 1
3324 1 63 1
3325 1 63 1
3326 1 63 1
3327 1 63 1
3328 0 -64 0
3329 1 63 1
3330 0 -64 0
3331 0 -64 0
3332 0 -64 0
3333 0 -64 0
3334 1 63 1
3335 1 63 1
3336 0 -64 0
3337 0 -64 0
3338 0 -64 0
3339 0 -64 0
3340 1 63 1
3341 0 -64 0
3342 0 -64 0
3343 0 -64 0
3344 1 63 1
3345 1 63 1
3346 1 63 1
3347 0 -64 0
3348 1 63 1
3349 0 -64 0
3350 1 63 1
3351 1 63 1
3352 0 -64 0
3353 0 -64 0
3354 1 63 1
3355 1 63 1
3356 1 63 1
3357 0 -64 0
3358 1 63 1
3359 0 -64 0
3360 0 -64 0
3361 1 63 1
3362 1 63 1
3363 0 -64 0
3364 0 -64 0
3365 0 -64 0
3366 1 63 1
3367 0 -64 0
3368 1 63 1
3369 1 63 1
3370 0 -64 0
3371 0 -64 0
3372 0 -64 0
3373 1 63 1
3374 0 -64 0
3375 1 63 1
3376 0 -64 0
3377 1 63 1
3378 1 63 1
3379 1 63 1
3380 1 63 1
3381 1 63 1
3382 0 -64 0
3383 1 63 1
3384 1 63 1
3385 1 63 1
3386 0 -64 0
3387 1 63 1
3388 0 -64 0
3389 0 -64 0
3390 1 63 1
3391 0 -64 0
3392 0 -64 0
3393 1 63 1
3394 0 -64 0
3395 1 63 1
3396 1 63 1
3397 0 -64 0
3398 1 63 1
3399 1 63 1
3400 0 -64 0
3401 1 63 1
3402 1 63 1
3403 0 -64 0
3404 1 63 1
3405 1 63 1
3406 1 63 1
3407 1 63 1
3408 1 63 1
3409 1 63 1
3410 1 63 1
3411 1 63 1
3412 0 -64 0
3413 1 63 1
3414 0 -64 0
3415 1 63 1
3416 1 63 1
3417 0 -64 0
3418 0 -64 0
3419 1 63 1
3420 0 -64 0
3421 1 63 1
3422 0 -64 0
3423 0 -64 0
3424 1 63 1
3425 0 -64 0
3426 1 63 1
3427 1 63 1
3428 1 63 1
3429 1 63 1
3430 1 63 1
3431 1 63 1
3432 0 -64 0
3433 0 -64 0
3434 1 63 1
3435 0 -64 0
3436 1 63 1
3437 0 -64 0
3438 1 63 1
3439 1 63 1
3440 0 -64 0
3441 1 63 1
3442 1 63 1
3443 0 -64 0
3444 1 63 1
3445 0 -64 0
3446 0 -64 0
3447 0 -64 0
3448 0 -64 0
3449 0 -64 0
3450 1 63 1
3451 0 -64 0
3452 1 63 1
3453 1 63 1
3454 0 -64 0
3455 1 63 1
3456 1 63 1
3457 1 63 1
3458 0 -64 0
3459 0 -64 0
3460 1 63 1
3461 0 -64 0
3462 1 63 1
3463 0 -64 0
3464 1 63 1
3465 0 -64 0
3466 0 -64 0
3467 0 -64 0
3468 1 63 1
3469 0 -64 0
3470 1 63 1
3471 1 63 1
3472 0 -64 0
3473 0 -64 0
3474 1 63 1
3475 1 63 1
3476 0 -64 0
3477 1 63 1
3478 1 63 1
3479 1 63 1
3480 1 63 1
3481 0 -64 0
3482 0 -64 0
3483 1 63 1
3484 0 -64 0
3485 0 -64 0
3486 0 -64 0
3487 0 -64 0
3488 1 63 1
3489 0 -64 0
3490 0 -64 0
3491 1 63 1
3492 1 63 1
3493 1 63 1
3494 1 63 1
3495 1 63 1
3496 1 63 1
3497 1 63 1
3498 0 -64 0
3499 0 -64 0
3500 0 -64 0
3501 1 63 1
3502 0 -59 0
3503 0 -64 0
3504 0 -64 0
3505 1 63 1
3506 0 -64 0
3507 0 -64 0
3508 1 63 1
3509 1 59 1
3510 0 -64 0
3511 0 -64 0
3512 0 -64 0
3513 1 63 1
3514 0 -64 0
3515 0 -64 0
3516 1 63 1
3517 0 -64 0
3518 0 -64 0
3519 1 63 1
3520 0 -64 0
3521 1 63 1
3522 1 63 1
3523 0 -64 0
3524 0 -64 0
3525 1 63 1
3526 1 63 1
3527 0 -64 0
3528 1 63 1
3529 0 -64 0
3530 1 63 1
3531 0 -64 0
3532 1 63 1
3533 1 63 1
3534 0 -64 0
3535 0 -64 0
3536 0 -64 0
3537 1 63 1
3538 0 -64 0
3539 0 -64 0
3540 0 -64 0
3541 1 63 1
3542 0 -64 0
3543 1 63 1
3544 1 63 1
3545 1 63 1
3546 0 -64 0
3547 1 63 1
3548 1 63 1
3549 0 -64 0
3550 0 -64 0
3551 1 63 1
3552 1 63 1
3553 0 -64 0
3554 1 63 1
3555 1 63 1
3556 1 63 1
3557 1 63 1
3558 1 63 1
3559 0 -64 0
3560 0 -64 0
3561 0 -64 0
3562 0 -64 0
3563 0 -64 0
3564 1 63 1
3565 1 63 1
3566 1 63 1
3567 1 63 1
3568 0 -64 0
3569 0 -64 0
3570 1 63 1
3571 0 -64 0
3572 1 63 1
3573 1 63 1
3574 0 -64 0
3575 1 63 1
3576 0 -64 0
3577 1 63 1
3578 0 -64 0
3579 0 -64 0
3580 1 63 1
3581 0 -64 0
3582 0 -64 0
3583 0 -64 0
3584 0 -64 0
3585 1 63 1
3586 0 -64 0
3587 0 -64 0
3588 0 -64 0
3589 1 63 1
3590 1 63 1
3591 1 63 1
3592 1 63 1
3593 1 63 1
3594 0 -64 0
3595 0 -64 0
3596 0 -64 0
3597 1 63 1
3598 0 -64 0
3599 1 63 1
3600 0 -64 0
3601 1 63 1
3602 0 -64 0
3603 0 -64 0
3604 1 63 1
3605 0 -64 0
3606 0 -64 0
3607 1 63 1
3608 0 -64 0
3609 0 -64 0
3610 0 -64 0
3611 1 63 1
3612 0 -64 0
3613 0 -64 0
3614 0 -64 0
3615 1 63 1
3616 0 -64 0
3617 0 -64 0
3618 0 -64 0
3619 0 -64 0
3620 1 63 1
3621 0 -64 0
3622 1 63 1
3623 0 -64 0
3624 1 63 1
3625 1 63 1
3626 1 63 1
3627 1 63 1
3628 0 -64 0
3629 1 63 1
3630 0 -64 0
3631 0 -64 0
3632 1 63 1
3633 0 -64 0
3634 0 -64 0
3635 1 63 1
3636 0 -64 0
3637 0 -64 0
3638 1 63 1
3639 1 63 1
3640 0 -64 0
3641 0 -64 0
3642 1 63 1
3643 0 -64 0
3644 1 63 1
3645 1 63 1
3646 0 -64 0
3647 0 -64 0
3648 0 -64 0
3649 0 -64 0
3650 1 63 1
3651 0 -64 0
3652 1 63 1
3653 0 -64 0
3654 1 63 1
3655 0 -64 0
3656 1 63 1
3657 0 -64 0
3658 0 -64 0
3659 1 63 1
3660 0 -64 0
3661 0 -64 0
3662 1 63 1
3663 1 63 1
3664 0 -64 0
3665 1 63 1
3666 0 -64 0
3667 1 63 1
3668 0 -64 0
3669 1 63 1
3670 0 -64 0
3671 1 63 1
3672 0 -64 0
3673 1 63 1
3674 1 63 1
3675 1 63 1
3676 1 63 1
3677 1 63 1
3678 1 63 1
3679 1 63 1
3680 0 -64 0
3681 0 -64 0
3682 0 -64 0
3683 1 63 1
3684 1 63 1
3685 0 -64 0
3686 0 -64 0
3687 0 -64 0
3688 1 63 1
3689 1 63 1
3690 1 63 1
3691 0 -64 0
3692 1 63 1
3693 1 63 1
3694 0 -64 0
3695 0 -64 0
3696 0 -64 0
3697 0 -64 0
3698 1 63 1
3699 0 -64 0
3700 0 -64 0
3701 1 63 1
3702 0 -64 0
3703 0 -64 0
3704 1 63 1
3705 1 63 1
3706 0 -64 0
3707 0 -64 0
3708 0 -64 0
3709 1 63 1
3710 0 -64 0
3711 1 63 1
3712 0 -64 0
3713 1 63 1
3714 1 63 1
3715 0 -64 0
3716 0 -64 0
3717 0 -64 0
3718 0 -64 0
3719 1 63 1
3720 1 63 1
3721 1 63 1
3722 0 -64 0
3723 0 -64 0
3724 0 -64 0
3725 1 63 1
3726 0 -64 0
3727 0 -64 0
3728 0 -64 0
3729 0 -64 0
3730 0 -64 0
3731 0 -64 0
3732 1 63 1
3733 0 -64 0
3734 0 -64 0
3735 0 -64 0
3736 1 63 1
3737 1 63 1
3738 0 -64 0
3739 0 -64 0
3740 0 -64 0
3741 0 -64 0
3742 0 -64 0
3743 1 63 1
3744 1 63 1
3745 1 63 1
3746 0 -64 0
3747 1 63 1
3748 1 63 1
3749 0 -64 0
3750 1 63 1
3751 1 63 1
3752 1 63 1
3753 0 -64 0
3754 0 -64 0
3755 1 63 1
3756 0 -64 0
3757 1 63 1
3758 1 63 1
3759 1 63 1
3760 1 63 1
3761 0 -64 0
3762 1 63 1
3763 1 63 1
3764 0 -64 0
3765 1 63 1
3766 0 -64 0
3767 1 63 1
3768 0 -64 0
3769 1 63 1
3770 0 -64 0
3771 0 -64 0
3772 1 63 1
3773 0 -64 0
3774 0 -64 0
3775 0 -64 0
3776 1 63 1
3777 0 -64 0
3778 0 -64 0
3779 1 63 1
3780 0 -64 0
3781 0 -64 0
3782 1 63 1
3783 0 -64 0
3784 1 63 1
3785 1 63 1
3786 1 63 1
3787 1 63 1
3788 1 63 1
3789 1 63 1
3790 1 63 1
3791 1 63 1
3792 1 63 1
3793 1 63 1
3794 1 63 1
3795 1 63 1
3796 1 63 1
3797 1 63 1
3798 0 -64 0
3799 0 -64 0
3800 1 63 1
3801 0 -64 0
3802 0 -64 0
3803 1 63 1
3804 0 -64 0
3805 0 -64 0
3806 0 -64 0
3807 1 63 1
3808 0 -64 0
3809 1 63 1
3810 1 63 1
3811 1 63 1
3812 0 -64 0
3813 1 63 1
3814 0 -64 0
3815 1 63 1
3816 1 63 1
3817 0 -64 0
3818 1 63 1
3819 0 -64 0
3820 1 63 1
3821 1 63 1
3822 0 -64 0
3823 0 -64 0
3824 1 63 1
3825 0 -64 0
3826 0 -64 0
3827 1 63 1
3828 0 -64 0
3829 0 -64 0
3830 0 -64 0
3831 0 -64 0
3832 0 -64 0
3833 1 63 1
3834 1 55 1
3835 0 -57 0
3836 0 -45 0
3837 0 -64 0
3838 1 33 1
3839 0 -55 0
3840 1 37 1
3841 0 -47 0
3842 1 40 1
3843 1 56 1
3844 1 62 1
3845 1 63 1
3846 0 -64 0
3847 0 -64 0
3848 0 -64 0
3849 1 63 1
3850 1 63 1
3851 0 -64 0
3852 0 -64 0
3853 0 -64 0
3854 1 63 1
3855 0 -64 0
3856 1 63 1
3857 1 63 1
3858 0 -64 0
3859 0 -64 0
3860 1 63 1
3861 1 63 1
3862 1 63 1
3863 1 63 1
3864 1 63 1
3865 1 -64 0
3866 1 63 1
3867 0 63 1
3868 1 63 1
3869 1 63 1
3870 1 63 1
3871 1 -64 0
3872 1 63 1
3873 0 -64 0
3874 0 -64 0
3875 1 63 1
3876 1 63 1
3877 1 63 1
3878 0 -64 0
3879 0 -64 0
3880 1 63 1
3881 0 -64 0
3882 0 -64 0
3883 0 -64 0
3884 1 63 1
3885 1 63 1
3886 1 63 1
3887 0 -64 0
3888 1 63 1
3889 1 63 1
3890 1 63 1
3891 1 63 1
3892 1 63 1
3893 1 63 1
3894 0 -64 0
3895 1 63 1
3896 0 -64 0
3897 0 -64 0
3898 0 -64 0
3899 1 63 1
3900 1 63 1
3901 0 -64 0
3902 1 63 1
3903 0 -64 0
3904 1 63 1
3905 1 63 1
3906 0 -64 0
3907 1 63 1
3908 0 -64 0
3909 1 63 1
3910 1 63 1
3911 1 63 1
3912 0 -64 0
3913 1 63 1
3914 0 -64 0
3915 1 63 1
3916 0 -64 0
3917 0 -64 0
3918 1 63 1
3919 1 63 1
3920 0 -64 0
3921 1 63 1
3922 1 63 1
3923 0 -64 0
3924 0 -64 0
3925 0 -64 0
3926 1 63 1
3927 0 -64 0
3928 1 63 1
3929 1 63 1
3930 0 -64 0
3931 1 63 1
3932 0 -64 0
3933 1 63 1
3934 1 63 1
3935 1 63 1
3936 0 -64 0
3937 0 -64 0
3938 1 63 1
3939 0 -64 0
3940 1 63 1
3941 1 63 1
3942 0 -64 0
3943 0 -64 0
3944 1 63 1
3945 1 63 1
3946 0 -64 0
3947 0 -64 0
3948 0 -64 0
3949 1 63 1
3950 1 63 1
3951 1 63 1
3952 1 63 1
3953 0 -64 0
3954 0 -64 0
3955 0 -64 0
3956 0 -64 0
3957 1 63 1
3958 1 63 1
3959 1 63 1
3960 1 63 1
3961 0 -64 0
3962 1 63 1
3963 0 -64 0
3964 0 -64 0
3965 0 -64 0
3966 1 63 1
3967 0 -64 0
3968 1 63 1
3969 0 -64 0
3970 1 63 1
3971 0 -64 0
3972 0 -64 0
3973 0 -64 0
3974 1 63 1
3975 1 63 1
3976 0 -64 0
3977 1 63 1
3978 0 -64 0
3979 0 -64 0
3980 1 63 1
3981 1 63 1
3982 1 63 1
3983 1 63 1
3984 1 63 1
3985 0 -64 0
3986 1 63 1
3987 0 -64 0
3988 1 63 1
3989 1 63 1
3990 1 63 1
3991 1 63 1
3992 0 -64 0
3993 0 -64 0
3994 0 -64 0
3995 1 63 1
3996 1 63 1
3997 1 63 1
3998 0 -64 0
3999 0 -64 0
4000 0 -64 0
4001 1 63 1
4002 0 -64 0
4003 0 -64 0
4004 0 -64 0
4005 0 -64 0
4006 1 63 1
4007 1 63 1
4008 1 63 1
4009 0 -64 0
4010 0 -64 0
4011 1 63 1
4012 1 63 1
4013 1 63 1
4014 0 -64 0
4015 0 -64 0
4016 1 63 1
4017 1 63 1
4018 1 63 1
4019 1 63 1
4020 0 -64 0
4021 0 -64 0
4022 1 63 1
4023 1 63 1
4024 1 63 1
4025 0 -64 0
4026 0 -64 0
4027 0 -64 0
4028 0 -64 0
4029 0 -64 0
4030 0 -64 0
4031 1 63 1
4032 0 -64 0
4033 1 63 1
4034 1 63 1
4035 0 -64 0
4036 1 63 1
4037 1 63 1
4038 0 -64 0
4039 0 -64 0
4040 1 63 1
4041 0 -64 0
4042 1 63 1
4043 0 -64 0
4044 1 63 1
4045 0 -64 0
4046 1 63 1
4047 1 63 1
4048 1 63 1
4049 1 63 1
4050 0 -64 0
4051 0 -64 0
4052 0 -64 0
4053 1 63 1
4054 0 -64 0
4055 1 63 1
4056 1 63 1
4057 0 -64 0
4058 1 63 1
4059 0 -64 0
4060 1 63 1
4061 0 -64 0
4062 1 63 1
4063 1 63 1
4064 1 63 1
4065 0 -64 0
4066 1 63 1
4067 1 63 1
4068 0 -64 0
4069 1 63 1
4070 0 -64 0
4071 0 -64 0
4072 0 -64 0
4073 1 63 1
4074 0 -64 0
4075 0 -64 0
4076 0 -64 0
4077 0 -64 0
4078 0 -64 0
4079 1 63 1
4080 0 -64 0
4081 1 63 1
4082 1 63 1
4083 1 63 1
4084 0 -64 0
4085 1 63 1
4086 0 -64 0
4087 1 63 1
4088 1 63 1
4089 0 -64 0
4090 1 63 1
4091 1 63 1
4092 0 -64 0
4093 1 63 1
4094 1 63 1
4095 1 63 1
4096 1 63 1
4097 1 63 1
4098 0 -64 0
4099 1 63 1
4100 1 63 1
4101 0 -64 0
4102 1 63 1
4103 1 63 1
4104 1 63 1
4105 1 63 1
4106 1 63 1
4107 1 63 1
4108 0 -64 0
4109 0 -64 0
4110 0 -64 0
4111 1 63 1
4112 0 -64 0
4113 1 63 1
4114 0 -64 0
4115 0 -64 0
4116 1 63 1
4117 1 63 1
4118 1 63 1
4119 1 63 1
4120 0 -64 0
4121 0 -64 0
4122 0 -64 0
4123 1 63 1
4124 1 63 1
4125 0 -64 0
4126 0 -64 0
4127 0 -64 0
4128 0 -64 0
4129 0 -64 0
4130 1 63 1
4131 1 63 1
4132 1 63 1
4133 0 -64 0
4134 0 -64 0
4135 0 -64 0
4136 1 63 1
4137 1 63 1
4138 0 -64 0
4139 0 -64 0
4140 1 63 1
4141 1 63 1
4142 0 -64 0
4143 1 63 1
4144 0 -64 0
4145 1 63 1
4146 0 -64 0
4147 0 -64 0
4148 1 63 1
4149 0 -64 0
4150 0 -64 0
4151 0 -64 0
4152 0 -64 0
4153 0 -64 0
4154 0 -64 0
4155 0 -64 0
4156 1 63 1
4157 0 -64 0
4158 0 -64 0
4159 1 63 1
4160 1 63 1
4161 1 63 1
4162 0 -64 0
4163 1 63 1
4164 0 -64 0
4165 1 63 1
4166 0 -64 0
4167 1 63 1
4168 0 -64 0
4169 0 -64 0
4170 1 63 1
4171 1 63 1
4172 0 -64 0
4173 0 -64 0
4174 0 -64 0
4175 1 63 1
4176 1 63 1
4177 0 -64 0
4178 1 63 1
4179 0 -64 0
4180 0 -64 0
4181 0 -64 0
4182 1 63 1
4183 1 63 1
4184 0 -64 0
4185 1 63 1
4186 0 -64 0
4187 0 -64 0
4188 0 -64 0
4189 1 63 1
4190 0 -64 0
4191 0 -64 0
4192 1 63 1
4193 0 -64 0
4194 0 -64 0
4195 0 -64 0
4196 0 -64 0
4197 1 63 1
4198 1 63 1
4199 1 63 1
4200 1 63 1
4201 1 63 1
4202 0 -64 0
4203 1 63 1
4204 1 63 1
4205 0 -64 0
4206 0 -64 0
4207 0 -64 0
4208 0 -64 0
4209 0 -64 0
4210 1 63 1
4211 0 -64 0
4212 1 63 1
4213 0 -64 0
4214 0 -64 0
4215 1 63 1
4216 1 63 1
4217 0 -64 0
4218 1 63 1
4219 1 63 1
4220 1 63 1
4221 0 -64 0
4222 0 -64 0
4223 1 63 1
4224 1 63 1
4225 0 -64 0
4226 1 63 1
4227 1 63 1
4228 0 -64 0
4229 1 63 1
4230 0 -64 0
4231 1 63 1
4232 0 -64 0
4233 0 -64 0
4234 0 -64 0
4235 0 -64 0
4236 1 63 1
4237 1 63 1
4238 0 -64 0
4239 0 -64 0
4240 0 -64 0
4241 0 -64 0
4242 0 -64 0
4243 1 63 1
4244 0 -64 0
4245 0 -64 0
4246 1 63 1
4247 1 63 1
4248 1 63 1
4249 1 63 1
4250 1 63 1
4251 1 63 1
4252 1 63 1
4253 1 63 1
4254 1 63 1
4255 1 63 1
4256 1 63 1
4257 1 63 1
4258 1 63 1
4259 0 -64 0
4260 0 -64 0
4261 1 63 1
4262 1 63 1
4263 0 -64 0
4264 1 63 1
4265 0 -64 0
4266 0 -64 0
4267 1 63 1
4268 1 63 1
4269 0 -64 0
4270 1 63 1
4271 1 63 1
4272 1 63 1
4273 0 -64 0
4274 0 -64 0
4275 1 63 1
4276 1 63 1
4277 1 63 1
4278 1 63 1
4279 0 -64 0
4280 1 63 1
4281 1 63 1
4282 0 -64 0
4283 0 -64 0
4284 0 -64 0
4285 1 63 1
4286 1 63 1
4287 1 63 1
4288 0 -64 0
4289 0 -64 0
4290 1 63 1
4291 1 63 1
4292 1 63 1
4293 0 -64 0
4294 1 63 1
4295 0 -64 0
4296 1 63 1
4297 0 -64 0
4298 0 -64 0
4299 0 -64 0
4300 1 63 1
4301 1 63 1
4302 0 -64 0
4303 1 63 1
4304 1 63 1
4305 0 -64 0
4306 1 63 1
4307 1 63 1
4308 1 63 1
4309 0 -64 0
4310 1 63 1
4311 0 -64 0
4312 1 63 1
4313 0 -64 0
4314 1 63 1
4315 1 63 1
4316 1 63 1
4317 0 -64 0
4318 1 63 1
4319 0 -64 0
4320 1 63 1
4321 1 63 1
4322 1 63 1
4323 1 63 1
4324 1 63 1
4325 1 63 1
4326 1 63 1
4327 0 -64 0
4328 0 -64 0
4329 1 63 1
4330 0 -64 0
4331 0 -64 0
4332 1 63 1
4333 1 63 1
4334 0 -64 0
4335 0 -64 0
4336 1 63 1
4337 0 -64 0
4338 0 -64 0
4339 1 63 1
4340 0 -64 0
4341 1 63 1
4342 0 -64 0
4343 1 63 1
4344 0 -64 0
4345 1 63 1
4346 0 -64 0
4347 0 -64 0
4348 0 -64 0
4349 1 63 1
4350 0 -64 0
4351 0 -64 0
4352 1 63 1
4353 1 63 1
4354 0 -64 0
4355 0 -64 0
4356 1 63 1
4357 1 63 1
4358 1 63 1
4359 0 -64 0
4360 0 -64 0
4361 0 -64 0
4362 0 -64 0
4363 0 -64 0
4364 1 63 1
4365 0 -64 0
4366 1 63 1
4367 1 63 1
4368 1 63 1
4369 1 63 1
4370 0 -64 0
4371 1 63 1
4372 0 -64 0
4373 1 63 1
4374 0 -64 0
4375 1 63 1
4376 1 63 1
4377 1 63 1
4378 0 -64 0
4379 1 63 1
4380 1 63 1
4381 1 63 1
4382 0 -64 0
4383 1 63 1
4384 0 -64 0
4385 1 63 1
4386 0 -64 0
4387 1 63 1
4388 1 63 1
4389 1 63 1
4390 0 -64 0
4391 1 63 1
4392 1 63 1
4393 1 63 1
4394 0 -64 0
4395 0 -64 0
4396 0 -64 0
4397 0 -64 0
4398 0 -64 0
4399 0 -64 0
4400 0 -64 0
4401 1 63 1
4402 1 63 1
4403 1 63 1
4404 0 -64 0
4405 0 -64 0
4406 1 63 1
4407 0 -64 0
4408 1 63 1
4409 1 63 1
4410 1 63 1
4411 0 -64 0
4412 1 63 1
4413 0 -64 0
4414 0 -64 0
4415 1 63 1
4416 0 -64 0
4417 1 63 1
4418 0 -64 0
4419 0 -64 0
4420 1 63 1
4421 0 -64 0
4422 1 63 1
4423 0 -64 0
4424 1 63 1
4425 1 63 1
4426 0 -64 0
4427 1 63 1
4428 1 63 1
4429 1 63 1
4430 1 63 1
4431 1 63 1
4432 0 -64 0
4433 0 -64 0
4434 0 -64 0
4435 1 63 1
4436 0 -64 0
4437 0 -64 0
4438 1 63 1
4439 1 63 1
4440 0 -64 0
4441 1 63 1
4442 0 -64 0
4443 0 -64 0
4444 1 63 1
4445 1 63 1
4446 1 63 1
4447 0 -64 0
4448 0 -64 0
4449 0 -64 0
4450 1 63 1
4451 1 63 1
4452 1 63 1
4453 1 63 1
4454 0 -64 0
4455 0 -64 0
4456 0 -64 0
4457 0 -64 0
4458 0 -64 0
4459 0 -64 0
4460 0 -64 0
4461 1 63 1
4462 1 63 1
4463 0 -64 0
4464 0 -64 0
4465 1 63 1
4466 1 63 1
4467 1 63 1
4468 0 -64 0
4469 0 -64 0
4470 0 -64 0
4471 1 63 1
4472 1 63 1
4473 0 -64 0
4474 1 63 1
4475 1 63 1
4476 0 -64 0
4477 0 -64 0
4478 1 63 1
4479 0 -64 0
4480 0 -64 0
4481 0 -64 0
4482 0 -64 0
4483 0 -64 0
4484 1 63 1
4485 0 -64 0
4486 1 63 1
4487 0 -64 0
4488 0 -64 0
4489 0 -64 0
4490 0 -64 0
4491 1 63 1
4492 0 -64 0
4493 0 -64 0
4494 0 -64 0
4495 1 63 1
4496 1 63 1
4497 0 -64 0
4498 0 -64 0
4499 1 63 1
4500 0 -64 0
4501 0 -64 0
4502 1 63 1
4503 0 -64 0
4504 1 63 1
4505 1 63 1
4506 0 -64 0
4507 0 -64 0
4508 1 63 1
4509 0 -64 0
4510 0 -64 0
4511 0 -64 0
4512 0 -64 0
4513 0 -64 0
4514 0 -64 0
4515 0 -64 0
4516 1 63 1
4517 1 63 1
4518 0 -64 0
4519 0 -64 0
4520 1 63 1
4521 1 63 1
4522 1 63 1
4523 1 63 1
4524 0 -64 0
4525 0 -64 0
4526 0 -64 0
4527 1 63 1
4528 1 63 1
4529 0 -64 0
4530 1 63 1
4531 1 63 1
4532 1 63 1
4533 0 -64 0
4534 0 -64 0
4535 1 63 1
4536 1 63 1
4537 0 -64 0
4538 1 63 1
4539 1 63 1
4540 1 63 1
4541 0 -64 0
4542 0 -64 0
4543 0 -64 0
4544 0 -64 0
4545 0 -64 0
4546 0 -64 0
4547 0 -64 0
4548 1 63 1
4549 0 -64 0
4550 1 63 1
4551 1 63 1
4552 0 -64 0
4553 1 63 1
4554 1 63 1
4555 0 -64 0
4556 0 -64 0
4557 1 63 1
4558 1 63 1
4559 0 -64 0
4560 0 -64 0
4561 0 -64 0
4562 1 63 1
4563 0 -64 0
4564 0 -64 0
4565 0 -64 0
4566 0 -64 0
4567 1 63 1
4568 0 -64 0
4569 0 -64 0
4570 1 63 1
4571 1 63 1
4572 0 -64 0
4573 0 -64 0
4574 0 -64 0
4575 1 63 1
4576 1 63 1
4577 1 63 1
4578 1 63 1
4579 1 63 1
4580 0 -64 0
4581 0 -64 0
4582 0 -64 0
4583 1 63 1
4584 1 63 1
4585 1 63 1
4586 0 -64 0
4587 1 63 1
4588 1 63 1
4589 1 63 1
4590 0 -64 0
4591 0 -64 0
4592 0 -64 0
4593 1 63 1
4594 0 -64 0
4595 1 63 1
4596 1 63 1
4597 1 63 1
4598 1 63 1
4599 1 63 1
4600 1 63 1
4601 1 63 1
4602 1 63 1
4603 0 -63 0
4604 1 52 1
4605 0 -59 0
4606 0 -52 0
4607 1 38 1
4608 0 -39 0
4609 1 38 1
4610 1 49 1
4611 1 46 1
4612 1 46 1
4613 1 63 1
4614 0 -64 0
4615 1 63 1
4616 0 -64 0
4617 1 63 1
4618 0 -64 0
4619 0 -64 0
4620 0 -64 0
4621 0 -64 0
4622 0 -64 0
4623 1 63 1
4624 0 -64 0
4625 1 63 1
4626 1 63 1
4627 1 63 1
4628 0 -64 0
4629 1 63 1
4630 0 -64 0
4631 1 63 1
4632 0 -64 0
4633 1 63 1
4634 1 63 1
4635 0 -64 0
4636 0 -64 0
4637 0 -64 0
4638 1 63 1
4639 0 -64 0
4640 0 -64 0
4641 1 63 1
4642 0 -64 0
4643 1 63 1
4644 0 -64 0
4645 0 -64 0
4646 1 63 1
4647 0 -64 0
4648 1 63 1
4649 1 63 1
4650 1 63 1
4651 1 63 1
4652 0 -64 0
4653 0 -64 0
4654 1 63 1
4655 0 -64 0
4656 0 -64 0
4657 1 63 1
4658 1 63 1
4659 0 -64 0
4660 1 63 1
4661 0 -64 0
4662 1 63 1
4663 1 63 1
4664 1 63 1
4665 1 63 1
4666 0 -64 0
4667 0 -64 0
4668 1 63 1
4669 0 -64 0
4670 1 63 1
4671 0 -64 0
4672 0 -64 0
4673 1 63 1
4674 1 63 1
4675 0 -64 0
4676 1 63 1
4677 1 63 1
4678 0 -64 0
4679 0 -64 0
4680 1 63 1
4681 0 -64 0
4682 1 63 1
4683 1 63 1
4684 0 -64 0
4685 0 -64 0
4686 1 63 1
4687 1 63 1
4688 1 63 1
4689 1 63 1
4690 0 -64 0
4691 0 -64 0
4692 1 63 1
4693 0 -64 0
4694 0 -64 0
4695 1 63 1
4696 1 63 1
4697 1 63 1
4698 1 63 1
4699 0 -64 0
4700 1 63 1
4701 0 -64 0
4702 0 -64 0
4703 0 -64 0
4704 0 -64 0
4705 1 63 1
4706 1 63 1
4707 1 63 1
4708 0 -64 0
4709 0 -64 0
4710 0 -64 0
4711 1 63 1
4712 1 63 1
4713 1 63 1
4714 0 -64 0
4715 0 -64 0
4716 1 63 1
4717 1 63 1
4718 1 63 1
4719 1 63 1
4720 1 63 1
4721 1 63 1
4722 0 -64 0
4723 0 -64 0
4724 1 63 1
4725 1 63 1
4726 1 63 1
4727 1 63 1
4728 0 -64 0
4729 1 63 1
4730 0 -64 0
4731 1 63 1
4732 1 63 1
4733 1 63 1
4734 0 -64 0
4735 0 -64 0
4736 1 63 1
4737 1 63 1
4738 1 63 1
4739 1 63 1
4740 0 -64 0
4741 1 63 1
4742 0 -64 0
4743 0 -64 0
4744 0 -64 0
4745 1 63 1
4746 1 63 1
4747 1 63 1
4748 0 -64 0
4749 0 -64 0
4750 1 63 1
4751 1 63 1
4752 1 63 1
4753 1 63 1
4754 1 63 1
4755 1 63 1
4756 1 63 1
4757 1 63 1
4758 1 63 1
4759 1 63 1
4760 1 63 1
4761 1 63 1
4762 0 -64 0
4763 0 -64 0
4764 0 -64 0
4765 1 63 1
4766 0 -64 0
4767 0 -64 0
4768 0 -64 0
4769 1 63 1
4770 0 -64 0
4771 0 -64 0
4772 0 -64 0
4773 0 -64 0
4774 1 63 1
4775 1 63 1
4776 1 63 1
4777 0 -64 0
4778 1 63 1
4779 0 -64 0
4780 1 63 1
4781 1 63 1
4782 1 63 1
4783 0 -64 0
4784 1 63 1
4785 1 63 1
4786 0 -64 0
4787 1 63 1
4788 1 63 1
4789 0 -64 0
4790 0 -64 0
4791 0 -64 0
4792 0 -64 0
4793 0 -64 0
4794 0 -64 0
4795 0 -64 0
4796 0 -64 0
4797 1 63 1
4798 0 -64 0
4799 0 -64 0
4800 0 -64 0
4801 0 -64 0
4802 0 -64 0
4803 0 -64 0
4804 0 -64 0
4805 0 -64 0
4806 0 -64 0
4807 1 63 1
4808 0 -64 0
4809 0 -64 0
4810 1 63 1
4811 1 63 1
4812 0 -64 0
4813 1 63 1
4814 0 -64 0
4815 0 -64 0
4816 1 63 1
4817 0 -64 0
4818 0 -64 0
4819 0 -64 0
4820 1 63 1
4821 0 -64 0
4822 1 63 1
4823 1 63 1
4824 0 -64 0
4825 0 -64 0
4826 1 63 1
4827 0 -64 0
4828 0 -64 0
4829 0 -64 0
4830 0 -64 0
4831 0 -64 0
4832 0 -64 0
4833 1 63 1
4834 1 63 1
4835 1 63 1
4836 0 -64 0
4837 1 63 1
4838 0 -64 0
4839 1 63 1
4840 1 63 1
4841 1 63 1
4842 0 -64 0
4843 1 63 1
4844 0 -64 0
4845 1 63 1
4846 1 63 1
4847 0 -64 0
4848 1 63 1
4849 1 63 1
4850 1 63 1
4851 0 -64 0
4852 1 63 1
4853 0 -64 0
4854 1 63 1
4855 0 -64 0
4856 1 63 1
4857 0 -64 0
4858 1 63 1
4859 0 -64 0
4860 1 63 1
4861 1 63 1
4862 1 63 1
4863 0 -64 0
4864 1 63 1
4865 1 63 1
4866 0 63 1
4867 0 -64 0
4868 0 63 1
4869 1 63 1
4870 1 63 1
4871 1 63 1
4872 1 -64 0
4873 1 63 1
4874 1 63 1
4875 0 -64 0
4876 0 -64 0
4877 0 -64 0
4878 1 63 1
4879 0 -64 0
4880 0 -64 0
4881 1 63 1
4882 1 63 1
4883 1 63 1
4884 1 63 1
4885 1 63 1
4886 0 -64 0
4887 1 63 1
4888 1 63 1
4889 1 63 1
4890 1 63 1
4891 0 -64 0
4892 0 -64 0
4893 0 -64 0
4894 0 -64 0
4895 1 63 1
4896 0 -64 0
4897 0 -64 0
4898 0 -64 0
4899 1 63 1
4900 1 63 1
4901 1 63 1
4902 1 63 1
4903 1 63 1
4904 0 -64 0
4905 0 -64 0
4906 1 63 1
4907 0 -64 0
4908 0 -64 0
4909 0 -64 0
4910 1 63 1
4911 1 63 1
4912 0 -64 0
4913 0 -64 0
4914 1 63 1
4915 1 63 1
4916 1 63 1
4917 1 63 1
4918 1 63 1
4919 1 63 1
4920 0 -64 0
4921 1 63 1
4922 1 63 1
4923 0 -64 0
4924 0 -64 0
4925 0 -64 0
4926 0 -64 0
4927 1 63 1
4928 1 63 1
4929 0 -64 0
4930 1 63 1
4931 1 63 1
4932 0 -64 0
4933 0 -64 0
4934 0 -64 0
4935 1 63 1
4936 1 63 1
4937 0 -64 0
4938 1 63 1
4939 0 -64 0
4940 0 -64 0
4941 1 63 1
4942 1 63 1
4943 0 -64 0
4944 0 -64 0
4945 1 63 1
4946 0 -64 0
4947 0 -64 0
4948 0 -64 0
4949 0 -64 0
4950 0 -64 0
4951 1 63 1
4952 1 63 1
4953 0 -64 0
4954 0 -64 0
4955 1 63 1
4956 0 -64 0
4957 0 -64 0
4958 0 -64 0
4959 0 -64 0
4960 0 -64 0
4961 0 -64 0
4962 0 -64 0
4963 1 63 1
4964 1 63 1
4965 1 63 1
4966 1 63 1
4967 0 -64 0
4968 1 63 1
4969 0 -64 0
4970 0 -64 0
4971 1 63 1
4972 0 -64 0
4973 0 -64 0
4974 1 63 1
4975 0 -64 0
4976 1 63 1
4977 0 -64 0
4978 1 63 1
4979 0 -64 0
4980 1 63 1
4981 0 -64 0
4982 0 -64 0
4983 1 63 1
4984 1 63 1
4985 0 -64 0
4986 0 -64 0
4987 0 -64 0
4988 0 -64 0
4989 1 63 1
4990 1 63 1
4991 0 -64 0
4992 0 -64 0
4993 0 -64 0
4994 0 -64 0
4995 0 -64 0
4996 0 -64 0
4997 1 63 1
4998 0 -64 0
4999 0 -64 0
5000 1 63 1
5001 0 -64 0
5002 1 63 1
5003 1 63 1
5004 0 -64 0
5005 0 -64 0
5006 0 -64 0
5007 0 -64 0
5008 1 63 1
5009 0 -64 0
5010 1 63 1
5011 0 -64 0
5012 1 63 1
5013 1 63 1
5014 0 -64 0
5015 1 63 1
5016 1 63 1
5017 0 -64 0
5018 0 -64 0
5019 1 63 1
5020 0 -64 0
5021 0 -64 0
5022 0 -64 0
5023 1 63 1
5024 1 63 1
5025 0 -64 0
5026 1 63 1
5027 0 -64 0
5028 1 63 1
5029 1 63 1
5030 0 -64 0
5031 1 63 1
5032 1 63 1
5033 1 63 1
5034 1 63 1
5035 0 -64 0
5036 1 63 1
5037 1 63 1
5038 0 -64 0
5039 0 -64 0
5040 1 63 1
5041 1 63 1
5042 1 63 1
5043 0 -64 0
5044 1 63 1
5045 0 -64 0
5046 1 63 1
5047 0 -64 0
5048 0 -64 0
5049 0 -64 0
5050 0 -64 0
5051 1 63 1
5052 1 63 1
5053 0 -64 0
5054 0 -64 0
5055 1 63 1
5056 1 63 1
5057 0 -64 0
5058 0 -64 0
5059 1 63 1
5060 0 -64 0
5061 1 63 1
5062 1 63 1
5063 1 63 1
5064 1 63 1
5065 0 -64 0
5066 0 -64 0
5067 0 -64 0
5068 0 -64 0
5069 0 -64 0
5070 1 63 1
5071 0 -64 0
5072 1 63 1
5073 0 -64 0
5074 1 63 1
5075 0 -64 0
5076 0 -64 0
5077 0 -64 0
5078 0 -64 0
5079 0 -64 0
5080 0 -64 0
5081 0 -64 0
5082 0 -64 0
5083 0 -64 0
5084 1 63 1
5085 1 63 1
5086 0 -64 0
5087 0 -64 0
5088 0 -64 0
5089 1 63 1
5090 1 63 1
5091 0 -64 0
5092 1 63 1
5093 0 -64 0
5094 0 -64 0
5095 0 -64 0
5096 0 -64 0
5097 0 -64 0
5098 0 -64 0
5099 0 -64 0
5100 0 -64 0
5101 0 -64 0
5102 0 -64 0
5103 1 63 1
5104 0 -64 0
5105 0 -64 0
5106 0 -64 0
5107 1 63 1
5108 0 -64 0
5109 1 63 1
5110 0 -64 0
5111 0 -64 0
5112 1 63 1
5113 0 -64 0
5114 0 -64 0
5115 0 -64 0
5116 1 63 1
5117 1 63 1
5118 0 -64 0
5119 1 63 1
5120 1 63 1
5121 0 -64 0
5122 0 -64 0
5123 1 63 1
5124 1 63 1
5125 1 63 1
5126 1 63 1
5127 1 63 1
5128 1 63 1
5129 0 -64 0
5130 1 63 1
5131 0 -64 0
5132 1 63 1
5133 0 -64 0
5134 1 63 1
5135 1 63 1
5136 0 -64 0
5137 1 63 1
5138 1 63 1
5139 0 -64 0
5140 1 63 1
5141 1 63 1
5142 0 -64 0
5143 1 63 1
5144 0 -64 0
5145 1 63 1
5146 1 63 1
5147 1 63 1
5148 1 63 1
5149 0 -64 0
5150 1 63 1
5151 1 63 1
5152 1 63 1
5153 1 63 1
5154 1 63 1
5155 1 63 1
5156 1 63 1
5157 1 63 1
5158 0 -64 0
5159 1 63 1
5160 1 63 1
5161 1 63 1
5162 0 -64 0
5163 0 -64 0
5164 0 -64 0
5165 0 -64 0
5166 0 -64 0
5167 0 -64 0
5168 1 63 1
5169 0 -64 0
5170 0 -64 0
5171 0 -64 0
5172 1 63 1
5173 1 63 1
5174 1 63 1
5175 0 -64 0
5176 0 -64 0
5177 1 63 1
5178 0 -64 0
5179 0 -64 0
5180 0 -64 0
5181 0 -64 0
5182 0 -64 0
5183 1 63 1
5184 0 -64 0
5185 1 63 1
5186 1 63 1
5187 1 63 1
5188 0 -64 0
5189 0 -64 0
5190 1 63 1
5191 0 -64 0
5192 0 -64 0
5193 1 63 1
5194 1 63 1
5195 1 63 1
5196 1 63 1
5197 1 63 1
5198 1 63 1
5199 0 -64 0
5200 0 -64 0
5201 0 -64 0
5202 1 63 1
5203 1 63 1
5204 1 63 1
5205 1 63 1
5206 1 63 1
5207 1 63 1
5208 1 63 1
5209 0 -64 0
5210 1 63 1
5211 0 -64 0
5212 0 -64 0
5213 1 63 1
5214 1 63 1
5215 0 -64 0
5216 0 -64 0
5217 0 -64 0
5218 1 63 1
5219 1 63 1
5220 0 -64 0
5221 0 -64 0
5222 0 -64 0
5223 0 -64 0
5224 0 -64 0
5225 0 -64 0
5226 0 -64 0
5227 0 -64 0
5228 1 63 1
5229 0 -64 0
5230 1 63 1
5231 0 -64 0
5232 0 -64 0
5233 0 -64 0
5234 0 -64 0
5235 0 -64 0
5236 0 -64 0
5237 1 63 1
5238 1 63 1
5239 0 -64 0
5240 1 63 1
5241 1 63 1
5242 1 63 1
5243 0 -64 0
5244 1 63 1
5245 1 63 1
5246 1 63 1
5247 0 -64 0
5248 0 -64 0
5249 1 63 1
5250 1 63 1
5251 1 63 1
5252 0 -64 0
5253 1 63 1
5254 0 -64 0
5255 1 63 1
5256 0 -64 0
5257 0 -64 0
5258 1 63 1
5259 1 63 1
5260 0 -64 0
5261 0 -64 0
5262 1 63 1
5263 0 -64 0
5264 0 -64 0
5265 1 63 1
5266 0 -64 0
5267 1 63 1
5268 1 63 1
5269 0 -64 0
5270 1 63 1
5271 0 -64 0
5272 0 -64 0
5273 0 -64 0
5274 1 63 1
5275 1 63 1
5276 0 -64 0
5277 0 -64 0
5278 1 63 1
5279 1 63 1
5280 1 63 1
5281 0 -64 0
5282 1 63 1
5283 1 63 1
5284 0 -64 0
5285 0 -64 0
5286 1 63 1
5287 0 -64 0
5288 0 -64 0
5289 0 -64 0
5290 0 -64 0
5291 0 -64 0
5292 0 -64 0
5293 0 -64 0
5294 0 -64 0
5295 1 63 1
5296 0 -64 0
5297 0 -64 0
5298 0 -64 0
5299 1 63 1
5300 1 63 1
5301 0 -64 0
5302 1 63 1
5303 1 63 1
5304 0 -64 0
5305 0 -64 0
5306 1 63 1
5307 1 63 1
5308 1 63 1
5309 0 -64 0
5310 0 -64 0
5311 1 63 1
5312 1 63 1
5313 1 63 1
5314 1 63 1
5315 0 -64 0
5316 1 63 1
5317 0 -64 0
5318 1 63 1
5319 0 -64 0
5320 1 63 1
5321 1 63 1
5322 1 63 1
5323 0 -64 0
5324 0 -64 0
5325 1 63 1
5326 0 -64 0
5327 1 63 1
5328 0 -64 0
5329 1 63 1
5330 1 63 1
5331 1 63 1
5332 1 63 1
5333 1 63 1
5334 0 -64 0
5335 1 63 1
5336 1 63 1
5337 1 63 1
5338 1 63 1
5339 1 63 1
5340 0 -64 0
5341 1 63 1
5342 1 63 1
5343 1 63 1
5344 1 63 1
5345 0 -64 0
5346 1 63 1
5347 1 63 1
5348 0 -64 0
5349 0 -64 0
5350 1 63 1
5351 0 -64 0
5352 1 63 1
5353 1 63 1
5354 1 63 1
5355 1 63 1
5356 1 63 1
5357 1 63 1
5358 1 63 1
5359 0 -64 0
5360 1 63 1
5361 0 -64 0
5362 1 63 1
5363 0 -64 0
5364 0 -64 0
5365 1 63 1
5366 0 -64 0
5367 0 -64 0
5368 0 -64 0
5369 1 63 1
5370 0 -64 0
5371 0 -64 0
5372 1 40 1
5373 0 -64 0
5374 0 -45 0
5375 0 -49 0
5376 1 2 1
5377 0 -49 0
5378 0 -64 0
5379 1 57 1
5380 1 53 1
5381 0 -64 0
5382 1 63 1
5383 0 -61 0
5384 0 -64 0
5385 1 63 1
5386 1 63 1
5387 1 63 1
5388 1 63 1
5389 1 63 1
5390 1 63 1
5391 1 63 1
5392 0 -64 0
5393 0 -64 0
5394 0 -64 0
5395 1 63 1
5396 0 -64 0
5397 0 -64 0
5398 0 -64 0
5399 1 63 1
5400 0 -64 0
5401 1 63 1
5402 1 63 1
5403 0 -64 0
5404 1 63 1
5405 0 -64 0
5406 0 -64 0
5407 0 -64 0
5408 0 -64 0
5409 1 63 1
5410 0 -64 0
5411 0 -64 0
5412 1 63 1
5413 1 63 1
5414 0 -64 0
5415 0 -64 0
5416 1 63 1
5417 0 -64 0
5418 1 63 1
5419 0 -64 0
5420 1 63 1
5421 1 63 1
5422 0 -64 0
5423 1 63 1
5424 0 -64 0
5425 1 63 1
5426 0 -64 0
5427 0 -64 0
5428 1 63 1
5429 1 63 1
5430 1 63 1
5431 1 63 1
5432 0 -64 0
5433 1 63 1
5434 1 63 1
5435 1 63 1
5436 1 63 1
5437 1 63 1
5438 1 63 1
5439 1 63 1
5440 0 -64 0
5441 0 -64 0
5442 0 -64 0
5443 1 63 1
5444 0 -64 0
5445 1 63 1
5446 0 -64 0
5447 0 -64 0
5448 1 63 1
5449 0 -64 0
5450 0 -64 0
5451 1 63 1
5452 0 -64 0
5453 1 63 1
5454 1 63 1
5455 1 63 1
5456 0 -64 0
5457 0 -64 0
5458 1 63 1
5459 0 -64 0
5460 1 63 1
5461 1 63 1
5462 1 63 1
5463 1 63 1
5464 1 63 1
5465 1 63 1
5466 1 63 1
5467 1 63 1
5468 1 63 1
5469 1 63 1
5470 1 63 1
5471 0 -64 0
5472 0 -64 0
5473 0 -64 0
5474 1 63 1
5475 1 63 1
5476 0 -64 0
5477 0 -64 0
5478 1 63 1
5479 0 -64 0
5480 0 -64 0
5481 1 63 1
5482 0 -64 0
5483 0 -64 0
5484 1 63 1
5485 1 63 1
5486 0 -64 0
5487 1 63 1
5488 1 63 1
5489 0 -64 0
5490 0 -64 0
5491 1 63 1
5492 0 -64 0
5493 1 63 1
5494 1 63 1
5495 0 -64 0
5496 1 63 1
5497 1 63 1
5498 0 -64 0
5499 0 -64 0
5500 1 63 1
5501 1 63 1
5502 1 63 1
5503 0 -64 0
5504 1 63 1
5505 1 63 1
5506 1 63 1
5507 1 63 1
5508 1 63 1
5509 1 63 1
5510 0 -64 0
5511 1 63 1
5512 0 -64 0
5513 1 63 1
5514 1 63 1
5515 1 63 1
5516 1 63 1
5517 1 63 1
5518 0 -64 0
5519 1 63 1
5520 0 -64 0
5521 0 -64 0
5522 1 63 1
5523 0 -64 0
5524 1 63 1
5525 1 63 1
5526 1 63 1
5527 1 63 1
5528 1 63 1
5529 0 -64 0
5530 1 63 1
5531 1 63 1
5532 1 63 1
5533 1 63 1
5534 1 63 1
5535 0 -64 0
5536 1 63 1
5537 1 63 1
5538 0 -64 0
5539 0 -64 0
5540 1 63 1
5541 0 -64 0
5542 1 63 1
5543 1 63 1
5544 0 -64 0
5545 1 63 1
5546 0 -64 0
5547 0 -64 0
5548 0 -64 0
5549 1 63 1
5550 1 63 1
5551 1 63 1
5552 1 63 1
5553 1 63 1
5554 1 63 1
5555 1 63 1
5556 1 63 1
5557 0 -64 0
5558 1 63 1
5559 1 63 1
5560 1 63 1
5561 0 -64 0
5562 0 -64 0
5563 1 63 1
5564 0 -64 0
5565 0 -64 0
5566 1 63 1
5567 1 63 1
5568 0 -64 0
5569 0 -64 0
5570 1 63 1
5571 0 -64 0
5572 1 63 1
5573 0 -64 0
5574 0 -64 0
5575 0 -64 0
5576 1 63 1
5577 0 -64 0
5578 1 63 1
5579 1 63 1
5580 0 -64 0
5581 0 -64 0
5582 0 -64 0
5583 1 63 1
5584 0 -64 0
5585 1 63 1
5586 0 -64 0
5587 1 63 1
5588 0 -64 0
5589 1 63 1
5590 1 63 1
5591 1 63 1
5592 1 63 1
5593 1 63 1
5594 1 63 1
5595 0 -64 0
5596 0 -64 0
5597 0 -64 0
5598 1 63 1
5599 1 63 1
5600 1 63 1
5601 1 63 1
5602 1 63 1
5603 1 63 1
5604 1 63 1
5605 0 -64 0
5606 1 63 1
5607 0 -64 0
5608 0 -64 0
5609 1 63 1
5610 0 -64 0
5611 0 -64 0
5612 0 -64 0
5613 0 -64 0
5614 0 -64 0
5615 1 63 1
5616 0 -64 0
5617 1 63 1
5618 1 63 1
5619 1 63 1
5620 0 -64 0
5621 1 63 1
5622 0 -64 0
5623 1 63 1
5624 1 63 1
5625 1 63 1
5626 1 63 1
5627 1 63 1
5628 0 -64 0
5629 0 -64 0
5630 1 63 1
5631 0 -64 0
5632 1 63 1
5633 1 63 1
5634 1 63 1
5635 0 -64 0
5636 1 63 1
5637 1 63 1
5638 0 -64 0
5639 0 -64 0
5640 1 63 1
5641 0 -64 0
5642 0 -64 0
5643 1 63 1
5644 1 63 1
5645 0 -64 0
5646 1 63 1
5647 1 63 1
5648 0 -64 0
5649 1 63 1
5650 1 63 1
5651 0 -64 0
5652 0 -64 0
5653 1 63 1
5654 0 -64 0
5655 0 -64 0
5656 1 63 1
5657 0 -64 0
5658 1 63 1
5659 1 63 1
5660 1 63 1
5661 0 -64 0
5662 0 -64 0
5663 1 63 1
5664 1 63 1
5665 1 63 1
5666 1 63 1
5667 1 63 1
5668 1 63 1
5669 1 63 1
5670 0 -64 0
5671 0 -64 0
5672 0 -64 0
5673 0 -64 0
5674 0 -64 0
5675 0 -64 0
5676 1 63 1
5677 0 -64 0
5678 1 63 1
5679 1 63 1
5680 0 -64 0
5681 1 63 1
5682 1 63 1
5683 0 -64 0
5684 0 -64 0
5685 0 -64 0
5686 0 -64 0
5687 1 63 1
5688 0 -64 0
5689 0 -64 0
5690 0 -64 0
5691 1 63 1
5692 1 63 1
5693 0 -64 0
5694 0 -64 0
5695 0 -64 0
5696 0 -64 0
5697 1 63 1
5698 0 -64 0
5699 1 63 1
5700 1 63 1
5701 1 63 1
5702 1 63 1
5703 0 -64 0
5704 1 63 1
5705 1 63 1
5706 0 -64 0
5707 1 63 1
5708 0 -64 0
5709 0 -64 0
5710 1 63 1
5711 0 -64 0
5712 1 63 1
5713 1 63 1
5714 0 -64 0
5715 1 63 1
5716 1 63 1
5717 0 -64 0
5718 1 63 1
5719 1 63 1
5720 0 -64 0
5721 1 63 1
5722 1 63 1
5723 0 -64 0
5724 1 63 1
5725 1 63 1
5726 0 -64 0
5727 0 -64 0
5728 0 -64 0
5729 1 63 1
5730 1 63 1
5731 1 63 1
5732 1 63 1
5733 0 -64 0
5734 1 63 1
5735 0 -64 0
5736 1 63 1
5737 1 63 1
5738 1 63 1
5739 0 -64 0
5740 0 -64 0
5741 1 63 1
5742 1 63 1
5743 0 -64 0
5744 1 63 1
5745 1 63 1
5746 0 -64 0
5747 1 63 1
5748 0 -64 0
5749 1 63 1
5750 0 -64 0
5751 0 -64 0
5752 0 -64 0
5753 1 63 1
5754 1 63 1
5755 0 -64 0
5756 1 63 1
5757 0 -64 0
5758 0 -64 0
5759 1 63 1
5760 1 63 1
5761 1 63 1
5762 1 63 1
5763 1 63 1
5764 0 -64 0
5765 1 63 1
5766 0 -64 0
5767 1 63 1
5768 1 63 1
5769 1 63 1
5770 0 -64 0
5771 0 -64 0
5772 0 -64 0
5773 1 63 1
5774 1 63 1
5775 0 -64 0
5776 0 -64 0
5777 1 63 1
5778 0 -64 0
5779 0 -64 0
5780 0 -64 0
5781 1 63 1
5782 1 63 1
5783 0 -64 0
5784 0 -64 0
5785 0 -64 0
5786 1 63 1
5787 1 63 1
5788 1 63 1
5789 0 -64 0
5790 1 63 1
5791 1 63 1
5792 0 -64 0
5793 0 -64 0
5794 1 63 1
5795 1 63 1
5796 0 -64 0
5797 1 63 1
5798 0 -64 0
5799 0 -64 0
5800 1 63 1
5801 1 63 1
5802 0 -64 0
5803 0 -64 0
5804 0 -64 0
5805 1 63 1
5806 0 -64 0
5807 0 -64 0
5808 0 -64 0
5809 0 -64 0
5810 1 63 1
5811 0 -64 0
5812 0 -64 0
5813 0 -64 0
5814 0 -64 0
5815 1 63 1
5816 0 -64 0
5817 0 -64 0
5818 1 63 1
5819 0 -64 0
5820 0 -64 0
5821 1 63 1
5822 1 63 1
5823 0 -64 0
5824 0 -64 0
5825 0 -64 0
5826 1 63 1
5827 1 63 1
5828 1 63 1
5829 1 63 1
5830 1 63 1
5831 0 -64 0
5832 0 -64 0
5833 0 -64 0
5834 0 -64 0
5835 1 63 1
5836 0 -64 0
5837 0 -64 0
5838 0 -64 0
5839 0 -64 0
5840 1 63 1
5841 0 -64 0
5842 1 63 1
5843 0 -64 0
5844 1 63 1
5845 0 -64 0
5846 0 -64 0
5847 1 63 1
5848 0 -64 0
5849 1 63 1
5850 1 63 1
5851 1 63 1
5852 1 63 1
5853 0 -64 0
5854 1 63 1
5855 1 63 1
5856 1 63 1
5857 0 -64 0
5858 1 63 1
5859 1 63 1
5860 0 -64 0
5861 0 -64 0
5862 0 -64 0
5863 0 -64 0
5864 0 -64 0
5865 0 -64 0
5866 0 -64 0
5867 1 63 1
5868 1 63 1
5869 0 -64 0
5870 0 -64 0
5871 0 -64 0
5872 1 63 1
5873 0 -64 0
5874 1 63 1
5875 0 -64 0
5876 0 -64 0
5877 1 63 1
5878 1 63 1
5879 0 -64 0
5880 1 63 1
5881 0 -64 0
5882 0 -64 0
5883 0 -64 0
5884 0 -64 0
5885 0 -64 0
5886 1 63 1
5887 1 63 1
5888 0 -64 0
5889 0 -64 0
5890 0 -64 0
5891 0 -64 0
5892 1 63 1
5893 0 -64 0
5894 0 -64 0
5895 0 -64 0
5896 1 63 1
5897 1 63 1
5898 0 -64 0
5899 1 63 1
5900 0 -64 0
5901 0 -64 0
5902 1 63 1
5903 0 -64 0
5904 1 63 1
5905 1 63 1
5906 0 -64 0
5907 0 -64 0
5908 1 63 1
5909 1 63 1
5910 1 63 1
5911 0 -64 0
5912 0 -64 0
5913 0 -64 0
5914 1 63 1
5915 1 63 1
5916 0 -64 0
5917 0 -64 0
5918 0 -64 0
5919 1 63 1
5920 1 63 1
5921 1 63 1
5922 0 -64 0
5923 1 63 1
5924 0 -64 0
5925 0 -64 0
5926 1 63 1
5927 0 -64 0
5928 1 63 1
5929 1 63 1
5930 1 63 1
5931 0 -64 0
5932 1 63 1
5933 0 -64 0
5934 0 -64 0
5935 1 63 1
5936 1 63 1
5937 0 -64 0
5938 0 -64 0
5939 0 -64 0
5940 0 -64 0
5941 1 63 1
5942 0 -64 0
5943 0 -64 0
5944 0 -64 0
5945 0 -64 0
5946 0 -64 0
5947 0 -64 0
5948 0 -64 0
5949 1 63 1
5950 1 63 1
5951 1 63 1
5952 1 63 1
5953 1 63 1
5954 0 -64 0
5955 0 -64 0
5956 0 -64 0
5957 1 63 1
5958 1 63 1
5959 1 63 1
5960 0 -64 0
5961 1 63 1
5962 0 -64 0
5963 1 63 1
5964 0 -64 0
5965 1 63 1
5966 0 -64 0
5967 1 63 1
5968 1 63 1
5969 1 63 1
5970 1 63 1
5971 1 63 1
5972 1 63 1
5973 0 -64 0
5974 0 -64 0
5975 1 63 1
5976 0 -64 0
5977 0 -64 0
5978 0 -64 0
5979 0 -64 0
5980 0 -64 0
5981 0 -64 0
5982 0 -64 0
5983 1 63 1
5984 1 63 1
5985 0 -64 0
5986 0 -64 0
5987 0 -64 0
5988 1 63 1
5989 0 -64 0
5990 1 63 1
5991 1 63 1
5992 0 -64 0
5993 0 -64 0
5994 1 63 1
5995 0 -64 0
5996 1 63 1
5997 1 63 1
5998 1 63 1
5999 1 63 1
6000 0 -64 0
6001 0 -64 0
6002 0 -64 0
6003 0 -64 0
6004 1 63 1
6005 0 -64 0
6006 1 63 1
6007 1 63 1
6008 0 -64 0
6009 1 63 1
6010 1 63 1
6011 0 -64 0
6012 0 -64 0
6013 1 63 1
6014 0 -64 0
6015 1 63 1
6016 0 -64 0
6017 0 -64 0
6018 1 63 1
6019 0 -64 0
6020 1 63 1
6021 0 -64 0
6022 0 -64 0
6023 1 63 1
6024 1 63 1
6025 1 63 1
6026 1 63 1
6027 0 -64 0
6028 1 63 1
6029 1 63 1
6030 0 -64 0
6031 1 63 1
6032 0 -64 0
6033 1 63 1
6034 1 63 1
6035 1 63 1
6036 1 63 1
6037 0 -64 0
6038 1 63 1
6039 0 -64 0
6040 0 -64 0
6041 0 -64 0
6042 0 -64 0
6043 1 63 1
6044 1 63 1
6045 0 -64 0
6046 1 63 1
6047 0 -64 0
6048 0 -64 0
6049 1 63 1
6050 0 -64 0
6051 0 -64 0
6052 0 -64 0
6053 1 63 1
6054 1 63 1
6055 0 -64 0
6056 1 63 1
6057 0 -64 0
6058 1 63 1
6059 1 63 1
6060 1 63 1
6061 0 -64 0
6062 0 -64 0
6063 1 63 1
6064 0 -64 0
6065 0 -64 0
6066 0 -64 0
6067 0 -64 0
6068 1 63 1
6069 0 -64 0
6070 0 -64 0
6071 1 63 1
6072 1 63 1
6073 1 63 1
6074 0 -64 0
6075 1 63 1
6076 0 -64 0
6077 0 -64 0
6078 1 63 1
6079 1 63 1
6080 0 -64 0
6081 1 63 1
6082 1 63 1
6083 0 -64 0
6084 0 -64 0
6085 1 63 1
6086 0 -64 0
6087 1 63 1
6088 1 63 1
6089 1 63 1
6090 1 63 1
6091 1 63 1
6092 1 63 1
6093 1 63 1
6094 1 63 1
6095 1 63 1
6096 0 -64 0
6097 1 63 1
6098 1 63 1
6099 1 63 1
6100 0 -64 0
6101 0 -64 0
6102 1 63 1
6103 0 -64 0
6104 1 63 1
6105 0 -64 0
6106 1 63 1
6107 1 63 1
6108 1 63 1
6109 0 -64 0
6110 0 -64 0
6111 0 -64 0
6112 1 63 1
6113 0 -64 0
6114 1 63 1
6115 0 -64 0
6116 0 -64 0
6117 0 -64 0
6118 0 -64 0
6119 0 -64 0
6120 0 -64 0
6121 1 63 1
6122 1 63 1
6123 1 63 1
6124 0 -64 0
6125 1 63 1
6126 1 63 1
6127 1 63 1
6128 1 63 1
6129 0 -64 0
6130 0 -64 0
6131 1 63 1
6132 0 -64 0
6133 0 -64 0
6134 0 -64 0
6135 1 -24 0
6136 0 -64 0
6137 1 63 1
6138 1 63 1
6139 0 -64 0
6140 1 63 1
6141 1 -64 0
6142 1 -24 0
6143 0 -64 0
