# idx_int bit_int post_llr_q hard
0 0 -64 0
1 1 63 1
2 0 -64 0
3 0 -64 0
4 1 63 1
5 1 63 1
6 0 -64 0
7 1 63 1
8 1 63 1
9 0 -64 0
10 1 63 1
11 1 63 1
12 0 -64 0
13 1 63 1
14 1 63 1
15 0 -64 0
16 0 -64 0
17 0 -64 0
18 0 -64 0
19 1 63 1
20 1 63 1
21 0 -64 0
22 1 63 1
23 1 63 1
24 0 -64 0
25 1 63 1
26 0 -64 0
27 1 63 1
28 0 -64 0
29 1 63 1
30 1 63 1
31 1 63 1
32 0 -64 0
33 1 63 1
34 0 -64 0
35 0 -64 0
36 0 -64 0
37 1 63 1
38 0 -64 0
39 1 63 1
40 1 63 1
41 0 -64 0
42 0 -64 0
43 0 -64 0
44 1 63 1
45 1 63 1
46 0 -64 0
47 0 -64 0
48 1 63 1
49 1 63 1
50 1 63 1
51 0 -64 0
52 1 63 1
53 1 63 1
54 1 49 1
55 1 63 1
56 1 63 1
57 0 -64 0
58 1 63 1
59 0 -64 0
60 0 -64 0
61 0 -64 0
62 1 63 1
63 0 -64 0
64 0 -64 0
65 1 63 1
66 0 -64 0
67 1 63 1
68 1 63 1
69 1 63 1
70 0 -64 0
71 0 -64 0
72 1 63 1
73 0 -64 0
74 1 63 1
75 1 63 1
76 1 63 1
77 1 63 1
78 0 -64 0
79 1 63 1
80 0 -64 0
81 1 63 1
82 0 -64 0
83 1 63 1
84 0 -64 0
85 1 63 1
86 0 -64 0
87 0 -64 0
88 1 63 1
89 1 63 1
90 1 63 1
91 1 63 1
92 1 63 1
93 0 -64 0
94 0 -64 0
95 1 63 1
96 1 63 1
97 1 63 1
98 0 -64 0
99 1 63 1
100 0 -64 0
101 1 63 1
102 0 -64 0
103 1 63 1
104 1 63 1
105 0 -64 0
106 1 63 1
107 0 -64 0
108 1 63 1
109 0 -64 0
110 0 -64 0
111 0 -64 0
112 1 63 1
113 0 -64 0
114 1 63 1
115 1 63 1
116 1 63 1
117 1 63 1
118 0 -64 0
119 1 63 1
120 1 63 1
121 0 -64 0
122 1 63 1
123 0 -64 0
124 0 -64 0
125 1 63 1
126 1 63 1
127 0 -64 0
128 1 63 1
129 1 63 1
130 0 -64 0
131 1 63 1
132 1 63 1
133 0 -64 0
134 0 -64 0
135 1 63 1
136 0 -64 0
137 0 -64 0
138 1 63 1
139 1 63 1
140 1 63 1
141 1 63 1
142 1 63 1
143 0 -64 0
144 0 -64 0
145 0 -64 0
146 0 -64 0
147 0 -64 0
148 1 63 1
149 0 -64 0
150 0 -64 0
151 0 -64 0
152 0 -64 0
153 1 63 1
154 1 63 1
155 0 -64 0
156 1 63 1
157 0 -64 0
158 1 63 1
159 0 -64 0
160 1 63 1
161 1 63 1
162 1 63 1
163 0 -64 0
164 1 63 1
165 1 63 1
166 1 63 1
167 1 63 1
168 1 63 1
169 0 -64 0
170 1 63 1
171 0 -64 0
172 0 -64 0
173 0 -64 0
174 0 -64 0
175 0 -64 0
176 1 63 1
177 1 63 1
178 0 -64 0
179 0 -64 0
180 1 63 1
181 0 -64 0
182 0 -64 0
183 1 63 1
184 0 -64 0
185 0 -64 0
186 1 63 1
187 1 63 1
188 0 -64 0
189 0 -64 0
190 1 63 1
191 1 63 1
192 0 -64 0
193 0 -64 0
194 0 -64 0
195 0 -64 0
196 0 -64 0
197 1 63 1
198 0 -64 0
199 1 63 1
200 0 -64 0
201 0 -64 0
202 1 63 1
203 1 63 1
204 1 63 1
205 0 -64 0
206 1 63 1
207 0 -64 0
208 1 63 1
209 0 -64 0
210 1 63 1
211 0 -64 0
212 1 63 1
213 1 63 1
214 0 -64 0
215 0 -64 0
216 1 63 1
217 1 63 1
218 1 63 1
219 0 -64 0
220 1 63 1
221 1 63 1
222 0 -64 0
223 0 -64 0
224 1 63 1
225 1 63 1
226 1 63 1
227 1 63 1
228 1 63 1
229 0 -64 0
230 1 63 1
231 1 63 1
232 1 63 1
233 1 63 1
234 1 63 1
235 1 63 1
236 1 63 1
237 1 63 1
238 1 62 1
239 0 -64 0
240 0 -64 0
241 1 63 1
242 0 -64 0
243 1 63 1
244 0 -64 0
245 0 -64 0
246 1 63 1
247 0 -64 0
248 0 -64 0
249 0 -64 0
250 1 63 1
251 1 63 1
252 1 63 1
253 0 -64 0
254 0 -64 0
255 1 63 1
256 0 -64 0
257 1 63 1
258 1 63 1
259 0 -64 0
260 1 63 1
261 1 63 1
262 0 -64 0
263 1 63 1
264 0 -64 0
265 0 -64 0
266 0 -64 0
267 0 -64 0
268 1 63 1
269 0 -64 0
270 0 -64 0
271 1 63 1
272 1 63 1
273 0 -64 0
274 0 -64 0
275 0 -64 0
276 1 63 1
277 1 63 1
278 0 -64 0
279 0 -64 0
280 1 63 1
281 1 63 1
282 1 63 1
283 1 63 1
284 1 63 1
285 1 63 1
286 0 -64 0
287 0 -64 0
288 1 63 1
289 1 63 1
290 0 -64 0
291 0 -64 0
292 1 31 1
293 0 -64 0
294 0 -64 0
295 1 63 1
296 0 -64 0
297 1 63 1
298 0 -64 0
299 1 63 1
300 1 63 1
301 1 63 1
302 1 63 1
303 1 63 1
304 0 -64 0
305 1 63 1
306 1 63 1
307 1 63 1
308 0 -64 0
309 0 -64 0
310 1 63 1
311 0 -64 0
312 0 -64 0
313 0 -64 0
314 0 -64 0
315 1 63 1
316 0 -64 0
317 1 63 1
318 0 -64 0
319 0 -64 0
320 1 63 1
321 0 -64 0
322 0 -64 0
323 0 -64 0
324 1 63 1
325 1 63 1
326 1 63 1
327 0 -64 0
328 0 -64 0
329 1 63 1
330 1 63 1
331 0 -64 0
332 0 -64 0
333 1 63 1
334 1 63 1
335 1 63 1
336 0 -64 0
337 0 -64 0
338 1 63 1
339 0 -64 0
340 0 -64 0
341 0 -64 0
342 0 -64 0
343 1 63 1
344 0 -64 0
345 0 -64 0
346 1 63 1
347 0 -64 0
348 0 -64 0
349 0 -64 0
350 1 63 1
351 0 -64 0
352 1 63 1
353 1 63 1
354 1 63 1
355 1 63 1
356 0 -64 0
357 0 -64 0
358 0 -64 0
359 1 63 1
360 0 -64 0
361 1 63 1
362 0 -64 0
363 0 -64 0
364 1 63 1
365 0 -64 0
366 1 63 1
367 1 63 1
368 1 63 1
369 0 -64 0
370 0 -64 0
371 0 -64 0
372 0 -64 0
373 1 63 1
374 1 63 1
375 1 63 1
376 1 63 1
377 0 -64 0
378 0 -64 0
379 0 -64 0
380 0 -64 0
381 1 63 1
382 1 63 1
383 0 -64 0
384 1 63 1
385 1 63 1
386 1 63 1
387 1 63 1
388 1 63 1
389 0 -64 0
390 1 63 1
391 1 63 1
392 0 -64 0
393 1 63 1
394 0 -64 0
395 0 -64 0
396 0 -64 0
397 1 63 1
398 1 63 1
399 1 63 1
400 0 -64 0
401 0 -64 0
402 0 -64 0
403 1 63 1
404 1 63 1
405 0 -64 0
406 1 63 1
407 0 -48 0
408 0 -64 0
409 0 -64 0
410 0 -64 0
411 0 -64 0
412 0 -64 0
413 1 63 1
414 0 -64 0
415 0 -64 0
416 1 63 1
417 0 -64 0
418 1 63 1
419 1 63 1
420 1 63 1
421 0 -64 0
422 1 63 1
423 1 63 1
424 0 -64 0
425 0 -64 0
426 0 -64 0
427 0 -64 0
428 0 -64 0
429 1 63 1
430 1 63 1
431 0 -64 0
432 0 -64 0
433 0 -64 0
434 1 63 1
435 1 63 1
436 1 63 1
437 0 -64 0
438 0 -64 0
439 1 63 1
440 0 -64 0
441 0 -64 0
442 1 63 1
443 0 -64 0
444 0 -64 0
445 0 -64 0
446 1 63 1
447 0 -64 0
448 0 -64 0
449 0 -64 0
450 0 -64 0
451 1 63 1
452 1 63 1
453 1 63 1
454 1 63 1
455 0 -64 0
456 1 63 1
457 1 63 1
458 0 -64 0
459 1 63 1
460 1 63 1
461 1 63 1
462 1 63 1
463 0 -64 0
464 1 63 1
465 0 -64 0
466 1 63 1
467 1 63 1
468 0 -64 0
469 0 -64 0
470 1 63 1
471 1 63 1
472 0 -64 0
473 0 -64 0
474 0 -64 0
475 0 -64 0
476 0 -64 0
477 0 -64 0
478 1 63 1
479 0 -64 0
480 1 63 1
481 1 63 1
482 1 63 1
483 0 -64 0
484 1 63 1
485 1 63 1
486 1 63 1
487 1 63 1
488 1 63 1
489 0 -64 0
490 1 63 1
491 1 63 1
492 0 -64 0
493 1 63 1
494 0 -64 0
495 0 -64 0
496 0 -64 0
497 0 -64 0
498 0 -64 0
499 0 -64 0
500 1 63 1
501 0 -64 0
502 1 63 1
503 0 -63 0
504 0 -64 0
505 1 63 1
506 0 -64 0
507 0 -64 0
508 1 63 1
509 1 63 1
510 0 -64 0
511 0 -64 0
512 1 63 1
513 0 -64 0
514 1 63 1
515 1 63 1
516 0 -64 0
517 1 63 1
518 0 -64 0
519 0 -64 0
520 1 63 1
521 0 -64 0
522 1 63 1
523 0 -64 0
524 0 -64 0
525 1 63 1
526 0 -64 0
527 1 63 1
528 0 -64 0
529 0 -64 0
530 0 -64 0
531 0 -64 0
532 1 63 1
533 0 -64 0
534 1 63 1
535 1 63 1
536 0 -64 0
537 1 63 1
538 1 63 1
539 0 -64 0
540 1 63 1
541 0 -64 0
542 0 -64 0
543 1 63 1
544 0 -64 0
545 0 -64 0
546 0 -64 0
547 1 63 1
548 0 -64 0
549 0 -64 0
550 1 63 1
551 0 -64 0
552 1 63 1
553 1 63 1
554 1 63 1
555 0 -64 0
556 1 63 1
557 1 63 1
558 1 63 1
559 0 -64 0
560 1 63 1
561 1 63 1
562 1 63 1
563 1 63 1
564 1 63 1
565 1 63 1
566 0 -64 0
567 0 -64 0
568 0 -64 0
569 0 -64 0
570 1 63 1
571 1 63 1
572 1 63 1
573 1 63 1
574 1 63 1
575 1 63 1
576 0 -64 0
577 1 63 1
578 1 63 1
579 0 -64 0
580 1 63 1
581 1 63 1
582 1 63 1
583 0 -64 0
584 1 -64 0
585 1 63 1
586 1 63 1
587 1 63 1
588 0 -64 0
589 0 -64 0
590 1 63 1
591 1 63 1
592 1 63 1
593 1 63 1
594 0 -64 0
595 1 63 1
596 0 -64 0
597 0 -64 0
598 0 -64 0
599 0 -64 0
600 1 63 1
601 1 63 1
602 1 63 1
603 1 63 1
604 0 -64 0
605 1 63 1
606 0 -64 0
607 0 -64 0
608 1 63 1
609 0 -64 0
610 1 63 1
611 1 63 1
612 1 63 1
613 0 -64 0
614 1 63 1
615 0 -64 0
616 0 -64 0
617 0 -64 0
618 1 63 1
619 1 63 1
620 0 -64 0
621 1 63 1
622 0 -64 0
623 0 -64 0
624 1 63 1
625 0 -64 0
626 1 63 1
627 0 -64 0
628 0 -64 0
629 0 -64 0
630 0 -64 0
631 0 -64 0
632 0 -64 0
633 0 -64 0
634 1 63 1
635 0 -64 0
636 0 -64 0
637 0 -64 0
638 0 -64 0
639 0 -64 0
640 1 63 1
641 1 63 1
642 1 63 1
643 1 63 1
644 0 -64 0
645 1 63 1
646 0 -64 0
647 0 -64 0
648 0 -64 0
649 0 -64 0
650 0 -64 0
651 1 63 1
652 1 63 1
653 0 -64 0
654 0 -64 0
655 0 -64 0
656 1 63 1
657 1 63 1
658 1 63 1
659 1 63 1
660 1 63 1
661 1 63 1
662 0 -64 0
663 1 63 1
664 1 63 1
665 1 63 1
666 0 -64 0
667 1 63 1
668 0 -64 0
669 1 63 1
670 0 -64 0
671 0 -64 0
672 1 63 1
673 1 63 1
674 0 -64 0
675 1 63 1
676 0 -64 0
677 1 63 1
678 1 63 1
679 0 -64 0
680 0 -64 0
681 1 63 1
682 0 -64 0
683 1 63 1
684 1 63 1
685 0 -64 0
686 0 -64 0
687 0 -64 0
688 1 63 1
689 1 63 1
690 0 -64 0
691 1 63 1
692 0 -64 0
693 0 -64 0
694 1 63 1
695 1 63 1
696 1 63 1
697 1 63 1
698 0 -64 0
699 1 63 1
700 1 63 1
701 1 63 1
702 1 63 1
703 1 63 1
704 0 -64 0
705 0 -64 0
706 0 -64 0
707 1 63 1
708 1 63 1
709 0 -64 0
710 0 -64 0
711 1 63 1
712 1 63 1
713 1 63 1
714 1 63 1
715 1 63 1
716 0 -64 0
717 1 63 1
718 0 -64 0
719 0 -64 0
720 0 -64 0
721 0 -64 0
722 1 63 1
723 1 63 1
724 0 -64 0
725 1 63 1
726 0 -64 0
727 1 63 1
728 1 63 1
729 0 -64 0
730 1 63 1
731 0 -64 0
732 1 63 1
733 1 63 1
734 0 -64 0
735 0 -64 0
736 0 -64 0
737 1 63 1
738 0 -64 0
739 0 -64 0
740 0 -64 0
741 1 63 1
742 0 -64 0
743 0 -64 0
744 0 -64 0
745 1 63 1
746 0 -64 0
747 0 -64 0
748 0 -64 0
749 1 63 1
750 1 63 1
751 0 -64 0
752 1 63 1
753 1 63 1
754 1 63 1
755 0 -64 0
756 1 63 1
757 0 -64 0
758 1 63 1
759 0 -64 0
760 0 -64 0
761 1 63 1
762 0 -64 0
763 0 -64 0
764 0 -64 0
765 1 63 1
766 1 63 1
767 0 -64 0
768 1 37 1
769 1 63 1
770 0 -64 0
771 0 -64 0
772 0 -64 0
773 1 63 1
774 0 -64 0
775 0 -64 0
776 0 -64 0
777 0 -64 0
778 1 63 1
779 1 63 1
780 1 63 1
781 1 63 1
782 1 63 1
783 0 -64 0
784 0 -64 0
785 1 63 1
786 0 -64 0
787 0 -64 0
788 1 63 1
789 0 -64 0
790 1 63 1
791 0 -64 0
792 0 -64 0
793 0 -64 0
794 1 63 1
795 0 -64 0
796 1 63 1
797 0 -64 0
798 0 -64 0
799 1 63 1
800 0 -64 0
801 0 -64 0
802 1 63 1
803 1 63 1
804 1 63 1
805 1 63 1
806 0 -64 0
807 0 -64 0
808 0 -64 0
809 1 63 1
810 1 63 1
811 0 -64 0
812 1 63 1
813 0 -64 0
814 0 -64 0
815 1 63 1
816 1 63 1
817 0 -64 0
818 1 63 1
819 1 63 1
820 0 -64 0
821 0 -64 0
822 0 -64 0
823 1 63 1
824 1 63 1
825 1 63 1
826 0 -64 0
827 0 -64 0
828 1 63 1
829 0 -64 0
830 0 -64 0
831 1 63 1
832 1 63 1
833 1 63 1
834 1 63 1
835 0 -64 0
836 1 63 1
837 1 63 1
838 0 -64 0
839 1 63 1
840 0 -64 0
841 0 -64 0
842 0 -64 0
843 0 -64 0
844 0 -64 0
845 0 -61 0
846 0 -64 0
847 1 63 1
848 0 -64 0
849 1 63 1
850 1 63 1
851 1 63 1
852 0 -64 0
853 1 63 1
854 0 -64 0
855 1 63 1
856 1 63 1
857 0 -64 0
858 0 -64 0
859 1 63 1
860 1 63 1
861 0 -64 0
862 0 -64 0
863 1 63 1
864 1 63 1
865 0 -64 0
866 0 -64 0
867 1 63 1
868 0 -64 0
869 0 -64 0
870 1 63 1
871 1 63 1
872 1 63 1
873 0 -64 0
874 0 -64 0
875 0 -64 0
876 1 63 1
877 1 63 1
878 1 63 1
879 1 63 1
880 1 63 1
881 1 63 1
882 1 63 1
883 1 63 1
884 1 63 1
885 1 63 1
886 0 -64 0
887 1 63 1
888 1 63 1
889 1 63 1
890 0 -64 0
891 1 63 1
892 1 63 1
893 1 63 1
894 0 -64 0
895 0 -64 0
896 0 -64 0
897 1 63 1
898 0 -64 0
899 1 63 1
900 1 63 1
901 1 63 1
902 0 -64 0
903 0 -64 0
904 0 -64 0
905 0 -64 0
906 1 63 1
907 0 -64 0
908 0 -64 0
909 0 -64 0
910 0 -64 0
911 0 -64 0
912 0 -64 0
913 0 -64 0
914 1 63 1
915 1 63 1
916 0 -64 0
917 0 -64 0
918 0 -64 0
919 0 -64 0
920 1 63 1
921 0 -64 0
922 0 -64 0
923 1 63 1
924 1 63 1
925 0 -64 0
926 0 -64 0
927 1 63 1
928 1 63 1
929 1 63 1
930 0 -64 0
931 0 -64 0
932 0 -64 0
933 1 63 1
934 1 63 1
935 1 63 1
936 0 -64 0
937 0 -64 0
938 1 63 1
939 0 -64 0
940 1 63 1
941 1 63 1
942 0 -64 0
943 1 63 1
944 0 -64 0
945 0 -64 0
946 0 -64 0
947 1 63 1
948 1 63 1
949 1 63 1
950 1 63 1
951 0 -64 0
952 1 63 1
953 0 -64 0
954 1 63 1
955 1 63 1
956 0 -64 0
957 1 63 1
958 0 -64 0
959 0 -64 0
960 1 63 1
961 1 63 1
962 1 63 1
963 1 63 1
964 1 63 1
965 0 -64 0
966 0 -64 0
967 1 63 1
968 1 63 1
969 0 -64 0
970 0 -64 0
971 0 -64 0
972 1 63 1
973 0 -64 0
974 0 -64 0
975 0 -64 0
976 0 -64 0
977 0 -64 0
978 0 -64 0
979 1 63 1
980 1 63 1
981 1 63 1
982 0 -64 0
983 1 63 1
984 1 63 1
985 0 -64 0
986 0 -64 0
987 1 63 1
988 1 63 1
989 0 -64 0
990 1 63 1
991 1 63 1
992 0 -64 0
993 0 -64 0
994 0 -64 0
995 1 63 1
996 0 -64 0
997 0 -64 0
998 0 -64 0
999 1 63 1
1000 1 63 1
1001 1 63 1
1002 1 63 1
1003 1 63 1
1004 1 63 1
1005 0 -64 0
1006 0 -55 0
1007 0 -64 0
1008 0 -64 0
1009 1 63 1
1010 1 63 1
1011 1 63 1
1012 1 63 1
1013 0 -64 0
1014 0 -64 0
1015 1 63 1
1016 0 -64 0
1017 0 -64 0
1018 1 63 1
1019 1 63 1
1020 1 63 1
1021 0 -64 0
1022 0 -64 0
1023 0 -64 0
1024 1 63 1
1025 0 -64 0
1026 1 63 1
1027 0 -64 0
1028 0 -64 0
1029 0 -64 0
1030 0 -64 0
1031 0 -64 0
1032 1 63 1
1033 0 -64 0
1034 0 -64 0
1035 0 -64 0
1036 1 63 1
1037 1 63 1
1038 0 -64 0
1039 1 63 1
1040 0 -64 0
1041 1 63 1
1042 0 -64 0
1043 0 -64 0
1044 0 -64 0
1045 1 63 1
1046 0 -64 0
1047 0 -64 0
1048 0 -64 0
1049 1 63 1
1050 0 -64 0
1051 0 -64 0
1052 0 -64 0
1053 1 63 1
1054 1 63 1
1055 0 -64 0
1056 1 63 1
1057 0 -64 0
1058 1 63 1
1059 0 -64 0
1060 0 -29 0
1061 1 63 1
1062 0 -64 0
1063 1 63 1
1064 0 -64 0
1065 0 -64 0
1066 1 63 1
1067 1 63 1
1068 0 -64 0
1069 1 63 1
1070 0 -64 0
1071 0 -64 0
1072 0 -64 0
1073 0 -64 0
1074 1 63 1
1075 0 -64 0
1076 0 -64 0
1077 0 -64 0
1078 0 -64 0
1079 0 -64 0
1080 1 63 1
1081 0 -64 0
1082 1 63 1
1083 0 -64 0
1084 1 63 1
1085 1 63 1
1086 1 63 1
1087 0 -64 0
1088 1 63 1
1089 1 63 1
1090 0 -64 0
1091 0 -64 0
1092 1 63 1
1093 1 63 1
1094 1 63 1
1095 1 63 1
1096 1 63 1
1097 1 63 1
1098 0 -64 0
1099 1 63 1
1100 1 63 1
1101 0 -64 0
1102 1 63 1
1103 0 -64 0
1104 1 63 1
1105 0 -64 0
1106 1 63 1
1107 1 63 1
1108 1 63 1
1109 1 63 1
1110 0 -64 0
1111 0 -64 0
1112 1 63 1
1113 1 63 1
1114 0 -64 0
1115 1 63 1
1116 0 -64 0
1117 1 63 1
1118 1 63 1
1119 0 -64 0
1120 0 -64 0
1121 0 -64 0
1122 0 -64 0
1123 0 -64 0
1124 0 -64 0
1125 1 63 1
1126 1 63 1
1127 0 -64 0
1128 0 -64 0
1129 0 -64 0
1130 1 63 1
1131 1 63 1
1132 0 -64 0
1133 1 63 1
1134 1 63 1
1135 0 -64 0
1136 1 63 1
1137 1 63 1
1138 1 63 1
1139 0 -64 0
1140 1 63 1
1141 1 63 1
1142 1 63 1
1143 0 -64 0
1144 0 -64 0
1145 0 -64 0
1146 0 -64 0
1147 0 -64 0
1148 1 63 1
1149 1 63 1
1150 0 -64 0
1151 1 63 1
1152 0 -64 0
1153 0 -64 0
1154 0 -64 0
1155 0 -64 0
1156 1 63 1
1157 0 -64 0
1158 0 -64 0
1159 0 -64 0
1160 0 -64 0
1161 0 -64 0
1162 0 -64 0
1163 0 -64 0
1164 1 63 1
1165 0 -64 0
1166 1 63 1
1167 1 63 1
1168 1 63 1
1169 0 -64 0
1170 0 -64 0
1171 0 -64 0
1172 0 -64 0
1173 1 63 1
1174 0 -64 0
1175 1 41 1
1176 1 63 1
1177 1 63 1
1178 0 -64 0
1179 1 63 1
1180 0 -64 0
1181 0 -64 0
1182 1 63 1
1183 1 63 1
1184 1 63 1
1185 1 63 1
1186 1 63 1
1187 0 -64 0
1188 1 63 1
1189 1 63 1
1190 1 63 1
1191 0 -64 0
1192 0 -64 0
1193 1 63 1
1194 1 63 1
1195 0 -64 0
1196 0 -64 0
1197 0 -64 0
1198 0 -64 0
1199 0 -64 0
1200 1 63 1
1201 0 -64 0
1202 1 63 1
1203 1 63 1
1204 1 63 1
1205 1 63 1
1206 1 63 1
1207 0 -64 0
1208 1 63 1
1209 1 63 1
1210 0 -64 0
1211 0 -64 0
1212 0 -64 0
1213 0 -64 0
1214 1 63 1
1215 1 63 1
1216 0 -64 0
1217 0 -64 0
1218 0 -64 0
1219 0 -64 0
1220 0 -64 0
1221 0 -64 0
1222 1 63 1
1223 0 -64 0
1224 0 -64 0
1225 1 63 1
1226 1 63 1
1227 1 63 1
1228 0 -64 0
1229 0 -64 0
1230 1 63 1
1231 0 -64 0
1232 1 63 1
1233 0 -64 0
1234 0 -64 0
1235 0 -64 0
1236 1 63 1
1237 0 -64 0
1238 0 -64 0
1239 0 -64 0
1240 1 63 1
1241 1 63 1
1242 0 -64 0
1243 1 63 1
1244 0 -64 0
1245 0 -64 0
1246 1 63 1
1247 0 -64 0
1248 1 63 1
1249 1 63 1
1250 0 -64 0
1251 0 -64 0
1252 0 -64 0
1253 1 63 1
1254 0 -64 0
1255 1 63 1
1256 0 -64 0
1257 0 -64 0
1258 1 63 1
1259 0 -64 0
1260 0 -64 0
1261 0 -64 0
1262 1 63 1
1263 1 63 1
1264 1 63 1
1265 0 -64 0
1266 1 63 1
1267 0 -64 0
1268 1 63 1
1269 0 -64 0
1270 1 63 1
1271 1 63 1
1272 1 63 1
1273 0 -64 0
1274 0 -64 0
1275 1 63 1
1276 0 -64 0
1277 1 63 1
1278 0 -64 0
1279 0 -64 0
1280 1 63 1
1281 1 63 1
1282 1 63 1
1283 0 -64 0
1284 1 63 1
1285 1 63 1
1286 0 -64 0
1287 0 -64 0
1288 0 -64 0
1289 1 63 1
1290 0 -64 0
1291 1 63 1
1292 1 63 1
1293 0 -64 0
1294 1 63 1
1295 0 -64 0
1296 1 63 1
1297 1 63 1
1298 1 54 1
1299 0 -64 0
1300 0 -64 0
1301 1 63 1
1302 0 -64 0
1303 1 63 1
1304 0 -64 0
1305 0 -64 0
1306 1 63 1
1307 1 63 1
1308 1 63 1
1309 0 -64 0
1310 1 63 1
1311 0 -64 0
1312 1 63 1
1313 1 63 1
1314 0 -64 0
1315 1 63 1
1316 0 -64 0
1317 1 63 1
1318 1 63 1
1319 1 63 1
1320 1 63 1
1321 0 33 1
1322 1 63 1
1323 1 63 1
1324 1 63 1
1325 0 -64 0
1326 1 63 1
1327 1 63 1
1328 0 -64 0
1329 1 63 1
1330 1 63 1
1331 1 63 1
1332 0 -64 0
1333 1 63 1
1334 0 -64 0
1335 1 63 1
1336 0 -64 0
1337 1 63 1
1338 1 63 1
1339 0 -64 0
1340 1 63 1
1341 0 -64 0
1342 1 63 1
1343 0 -64 0
1344 0 -64 0
1345 0 -64 0
1346 1 63 1
1347 0 -64 0
1348 1 63 1
1349 1 63 1
1350 1 63 1
1351 0 -64 0
1352 1 63 1
1353 1 63 1
1354 0 -64 0
1355 0 -64 0
1356 1 63 1
1357 0 -64 0
1358 1 63 1
1359 1 63 1
1360 0 -64 0
1361 1 63 1
1362 1 63 1
1363 0 -64 0
1364 1 63 1
1365 0 -64 0
1366 1 63 1
1367 0 -64 0
1368 1 63 1
1369 0 -64 0
1370 0 -64 0
1371 1 63 1
1372 0 -64 0
1373 0 -64 0
1374 0 -64 0
1375 0 -64 0
1376 0 -64 0
1377 1 63 1
1378 1 63 1
1379 1 63 1
1380 0 -64 0
1381 0 -64 0
1382 0 -64 0
1383 1 63 1
1384 1 63 1
1385 1 63 1
1386 1 63 1
1387 1 63 1
1388 1 63 1
1389 0 -64 0
1390 1 63 1
1391 0 -64 0
1392 0 -64 0
1393 1 63 1
1394 1 63 1
1395 0 -64 0
1396 0 -64 0
1397 1 63 1
1398 0 -64 0
1399 0 -64 0
1400 0 -64 0
1401 0 -64 0
1402 0 -64 0
1403 0 -64 0
1404 1 63 1
1405 1 63 1
1406 1 63 1
1407 0 -64 0
1408 1 63 1
1409 0 -64 0
1410 0 -64 0
1411 0 -64 0
1412 0 -64 0
1413 0 -64 0
1414 0 -64 0
1415 0 -64 0
1416 1 63 1
1417 0 -64 0
1418 1 63 1
1419 1 63 1
1420 0 -63 0
1421 1 63 1
1422 0 -64 0
1423 1 63 1
1424 1 63 1
1425 1 63 1
1426 0 -64 0
1427 0 -64 0
1428 1 63 1
1429 1 63 1
1430 1 63 1
1431 1 63 1
1432 1 63 1
1433 1 63 1
1434 1 63 1
1435 0 -64 0
1436 0 -64 0
1437 1 63 1
1438 0 -64 0
1439 1 63 1
1440 1 63 1
1441 0 -64 0
1442 1 63 1
1443 0 -64 0
1444 1 63 1
1445 1 63 1
1446 0 -64 0
1447 1 63 1
1448 1 63 1
1449 1 63 1
1450 0 -64 0
1451 1 63 1
1452 1 63 1
1453 1 63 1
1454 1 63 1
1455 0 -64 0
1456 1 63 1
1457 0 -64 0
1458 0 -64 0
1459 0 -64 0
1460 0 -64 0
1461 0 -64 0
1462 1 63 1
1463 0 -64 0
1464 1 63 1
1465 1 63 1
1466 1 63 1
1467 1 58 1
1468 1 63 1
1469 1 63 1
1470 1 63 1
1471 0 -64 0
1472 0 -64 0
1473 1 63 1
1474 1 63 1
1475 1 63 1
1476 1 63 1
1477 0 -64 0
1478 1 63 1
1479 1 63 1
1480 0 -64 0
1481 1 63 1
1482 0 -64 0
1483 1 63 1
1484 0 -64 0
1485 0 -64 0
1486 1 63 1
1487 1 63 1
1488 0 -64 0
1489 0 -64 0
1490 1 63 1
1491 0 -64 0
1492 0 -64 0
1493 1 63 1
1494 0 -64 0
1495 1 63 1
1496 1 63 1
1497 0 -64 0
1498 0 -64 0
1499 0 -64 0
1500 1 63 1
1501 1 63 1
1502 1 63 1
1503 1 63 1
1504 1 63 1
1505 0 -64 0
1506 0 -64 0
1507 0 -64 0
1508 0 -64 0
1509 1 63 1
1510 0 -64 0
1511 0 -64 0
1512 1 63 1
1513 0 -64 0
1514 0 -64 0
1515 0 -64 0
1516 1 63 1
1517 0 -64 0
1518 1 63 1
1519 0 -64 0
1520 0 -64 0
1521 1 63 1
1522 1 63 1
1523 1 63 1
1524 0 -64 0
1525 1 63 1
1526 1 63 1
1527 0 -64 0
1528 0 -64 0
1529 0 -64 0
1530 0 -64 0
1531 0 -64 0
1532 0 -64 0
1533 0 -64 0
1534 0 -64 0
1535 1 63 1
1536 0 -34 0
1537 0 -64 0
1538 1 63 1
1539 1 63 1
1540 0 -64 0
1541 0 -64 0
1542 0 -64 0
1543 1 63 1
1544 0 -64 0
1545 0 -64 0
1546 0 -64 0
1547 0 -64 0
1548 0 -64 0
1549 0 -64 0
1550 0 -64 0
1551 0 -64 0
1552 0 -64 0
1553 0 -64 0
1554 1 63 1
1555 0 -64 0
1556 1 63 1
1557 1 63 1
1558 1 63 1
1559 1 63 1
1560 1 63 1
1561 1 63 1
1562 1 63 1
1563 0 -64 0
1564 0 -64 0
1565 0 -64 0
1566 1 63 1
1567 0 -64 0
1568 1 63 1
1569 1 63 1
1570 0 -64 0
1571 0 -64 0
1572 1 63 1
1573 1 63 1
1574 1 63 1
1575 1 63 1
1576 0 -64 0
1577 1 63 1
1578 0 -64 0
1579 1 63 1
1580 0 -64 0
1581 1 63 1
1582 1 63 1
1583 0 -64 0
1584 0 -64 0
1585 1 63 1
1586 0 -64 0
1587 1 63 1
1588 1 63 1
1589 0 -64 0
1590 0 -64 0
1591 0 -64 0
1592 0 -64 0
1593 0 -64 0
1594 0 -64 0
1595 1 63 1
1596 1 63 1
1597 0 -64 0
1598 1 63 1
1599 1 63 1
1600 1 63 1
1601 1 63 1
1602 1 63 1
1603 1 63 1
1604 1 63 1
1605 1 63 1
1606 0 -64 0
1607 0 -64 0
1608 0 -64 0
1609 0 -64 0
1610 1 63 1
1611 1 63 1
1612 1 63 1
1613 0 -49 0
1614 1 63 1
1615 1 63 1
1616 0 -64 0
1617 0 -64 0
1618 0 -64 0
1619 1 63 1
1620 1 63 1
1621 1 63 1
1622 0 -64 0
1623 0 -64 0
1624 0 -64 0
1625 0 -64 0
1626 1 63 1
1627 1 63 1
1628 1 63 1
1629 0 -64 0
1630 0 -64 0
1631 0 -64 0
1632 1 63 1
1633 1 63 1
1634 1 63 1
1635 0 -64 0
1636 1 63 1
1637 0 -64 0
1638 1 63 1
1639 0 -64 0
1640 1 63 1
1641 0 -64 0
1642 0 -64 0
1643 1 63 1
1644 1 63 1
1645 1 63 1
1646 0 -64 0
1647 1 63 1
1648 0 -64 0
1649 1 63 1
1650 0 -64 0
1651 0 -64 0
1652 0 -64 0
1653 1 63 1
1654 0 -64 0
1655 0 -64 0
1656 0 -64 0
1657 0 -64 0
1658 1 63 1
1659 1 63 1
1660 1 63 1
1661 0 -64 0
1662 0 -64 0
1663 0 -64 0
1664 0 -64 0
1665 0 -64 0
1666 1 63 1
1667 0 -64 0
1668 0 -64 0
1669 0 -64 0
1670 1 63 1
1671 1 63 1
1672 1 63 1
1673 0 -64 0
1674 0 -64 0
1675 1 63 1
1676 0 -64 0
1677 0 -64 0
1678 1 63 1
1679 0 -64 0
1680 1 63 1
1681 1 63 1
1682 1 63 1
1683 0 -64 0
1684 1 63 1
1685 1 63 1
1686 0 -64 0
1687 0 -64 0
1688 0 -64 0
1689 1 63 1
1690 0 -64 0
1691 1 63 1
1692 0 -64 0
1693 1 63 1
1694 0 -64 0
1695 1 63 1
1696 1 63 1
1697 1 63 1
1698 0 -64 0
1699 0 -64 0
1700 0 -64 0
1701 1 63 1
1702 0 -64 0
1703 1 63 1
1704 1 63 1
1705 0 -64 0
1706 0 -64 0
1707 0 -64 0
1708 1 63 1
1709 0 -64 0
1710 1 63 1
1711 0 -64 0
1712 1 63 1
1713 1 63 1
1714 1 63 1
1715 0 -64 0
1716 1 63 1
1717 1 63 1
1718 1 63 1
1719 0 -64 0
1720 0 -64 0
1721 0 -64 0
1722 0 -64 0
1723 0 -64 0
1724 1 63 1
1725 1 63 1
1726 1 63 1
1727 1 63 1
1728 1 63 1
1729 1 63 1
1730 0 -64 0
1731 0 -64 0
1732 0 -64 0
1733 1 63 1
1734 1 63 1
1735 1 63 1
1736 0 -64 0
1737 0 -64 0
1738 1 63 1
1739 0 -64 0
1740 0 -64 0
1741 0 -64 0
1742 1 63 1
1743 0 -64 0
1744 0 -64 0
1745 1 63 1
1746 1 63 1
1747 1 63 1
1748 1 63 1
1749 0 -64 0
1750 0 -64 0
1751 1 63 1
1752 1 63 1
1753 1 63 1
1754 0 -64 0
1755 0 -64 0
1756 1 63 1
1757 0 -64 0
1758 1 63 1
1759 1 63 1
1760 0 -64 0
1761 0 -64 0
1762 1 63 1
1763 1 63 1
1764 0 -64 0
1765 1 63 1
1766 0 -64 0
1767 0 -64 0
1768 0 -64 0
1769 0 -64 0
1770 0 -64 0
1771 0 -64 0
1772 0 -64 0
1773 1 63 1
1774 1 56 1
1775 1 63 1
1776 1 63 1
1777 1 63 1
1778 0 -64 0
1779 0 -64 0
1780 0 -64 0
1781 1 63 1
1782 1 63 1
1783 0 -64 0
1784 0 -64 0
1785 1 63 1
1786 0 -64 0
1787 1 63 1
1788 1 63 1
1789 0 -64 0
1790 1 63 1
1791 1 63 1
1792 0 -64 0
1793 1 63 1
1794 1 63 1
1795 0 -64 0
1796 0 -64 0
1797 1 42 1
1798 1 63 1
1799 0 -64 0
1800 0 -64 0
1801 0 -64 0
1802 0 -64 0
1803 0 -64 0
1804 1 63 1
1805 1 63 1
1806 0 -64 0
1807 1 63 1
1808 0 -64 0
1809 1 63 1
1810 1 63 1
1811 1 63 1
1812 0 -64 0
1813 0 -64 0
1814 0 -64 0
1815 0 -64 0
1816 1 63 1
1817 1 63 1
1818 0 -64 0
1819 1 63 1
1820 1 63 1
1821 0 -64 0
1822 0 -64 0
1823 1 63 1
1824 1 63 1
1825 1 63 1
1826 1 63 1
1827 1 63 1
1828 0 -63 0
1829 0 -64 0
1830 0 -64 0
1831 0 -64 0
1832 0 -64 0
1833 0 -64 0
1834 0 -64 0
1835 0 -64 0
1836 1 63 1
1837 1 63 1
1838 0 -64 0
1839 1 63 1
1840 1 63 1
1841 0 -64 0
1842 1 63 1
1843 0 -64 0
1844 0 -64 0
1845 1 63 1
1846 1 63 1
1847 0 -64 0
1848 0 -64 0
1849 1 63 1
1850 1 63 1
1851 1 63 1
1852 1 63 1
1853 0 -64 0
1854 1 63 1
1855 1 63 1
1856 1 63 1
1857 1 63 1
1858 0 -64 0
1859 0 -64 0
1860 1 63 1
1861 0 -64 0
1862 0 -64 0
1863 1 63 1
1864 0 -64 0
1865 0 -64 0
1866 1 63 1
1867 1 63 1
1868 0 -64 0
1869 1 63 1
1870 0 -64 0
1871 1 63 1
1872 0 -64 0
1873 1 63 1
1874 0 -64 0
1875 1 63 1
1876 1 63 1
1877 1 63 1
1878 0 -64 0
1879 0 -64 0
1880 0 -64 0
1881 1 63 1
1882 1 63 1
1883 0 -64 0
1884 1 63 1
1885 1 63 1
1886 0 -64 0
1887 1 63 1
1888 0 -64 0
1889 0 -64 0
1890 0 -64 0
1891 1 63 1
1892 1 63 1
1893 0 -64 0
1894 1 63 1
1895 0 -64 0
1896 1 63 1
1897 1 63 1
1898 0 -64 0
1899 1 63 1
1900 0 -64 0
1901 0 -64 0
1902 0 -64 0
1903 0 -64 0
1904 1 63 1
1905 0 -64 0
1906 0 -64 0
1907 1 63 1
1908 1 63 1
1909 1 63 1
1910 1 63 1
1911 1 63 1
1912 1 63 1
1913 1 63 1
1914 0 -64 0
1915 0 -64 0
1916 1 63 1
1917 0 -64 0
1918 1 63 1
1919 0 -64 0
1920 0 -64 0
1921 1 63 1
1922 0 -64 0
1923 0 -64 0
1924 1 63 1
1925 0 -64 0
1926 1 63 1
1927 0 -64 0
1928 1 63 1
1929 0 -64 0
1930 1 63 1
1931 1 63 1
1932 0 -64 0
1933 1 63 1
1934 0 -64 0
1935 1 63 1
1936 1 63 1
1937 0 -64 0
1938 1 63 1
1939 0 -64 0
1940 0 -64 0
1941 0 -64 0
1942 1 63 1
1943 1 52 1
1944 0 -64 0
1945 0 -64 0
1946 1 63 1
1947 0 -64 0
1948 0 -64 0
1949 0 -64 0
1950 1 63 1
1951 1 63 1
1952 1 63 1
1953 0 -64 0
1954 1 63 1
1955 1 63 1
1956 0 -64 0
1957 0 -64 0
1958 0 -64 0
1959 1 63 1
1960 1 63 1
1961 0 -64 0
1962 1 63 1
1963 0 -64 0
1964 1 63 1
1965 1 63 1
1966 1 63 1
1967 0 -64 0
1968 1 63 1
1969 0 -64 0
1970 0 -64 0
1971 1 63 1
1972 0 -64 0
1973 1 63 1
1974 0 -64 0
1975 1 63 1
1976 0 -64 0
1977 1 63 1
1978 0 -64 0
1979 1 63 1
1980 1 63 1
1981 0 -64 0
1982 0 -64 0
1983 0 -64 0
1984 1 63 1
1985 0 -64 0
1986 1 63 1
1987 0 -64 0
1988 0 -64 0
1989 0 -64 0
1990 1 63 1
1991 1 63 1
1992 1 63 1
1993 0 -64 0
1994 1 63 1
1995 1 63 1
1996 1 63 1
1997 1 63 1
1998 1 63 1
1999 0 -64 0
2000 0 -64 0
2001 0 -64 0
2002 0 -64 0
2003 1 63 1
2004 0 -64 0
2005 0 -64 0
2006 1 63 1
2007 1 63 1
2008 0 -64 0
2009 1 63 1
2010 1 63 1
2011 1 63 1
2012 1 58 1
2013 0 -64 0
2014 0 -64 0
2015 0 -64 0
2016 1 63 1
2017 1 63 1
2018 0 -64 0
2019 1 63 1
2020 1 63 1
2021 1 63 1
2022 1 63 1
2023 1 63 1
2024 1 63 1
2025 1 63 1
2026 0 -64 0
2027 1 63 1
2028 1 63 1
2029 1 63 1
2030 1 63 1
2031 0 -64 0
2032 1 63 1
2033 0 -64 0
2034 0 -64 0
2035 0 -64 0
2036 1 63 1
2037 0 -64 0
2038 1 63 1
2039 1 63 1
2040 0 -64 0
2041 1 63 1
2042 0 -64 0
2043 1 63 1
2044 1 63 1
2045 1 63 1
2046 1 63 1
2047 0 -64 0
2048 0 -64 0
2049 1 63 1
2050 0 -64 0
2051 0 -64 0
2052 0 -64 0
2053 1 63 1
2054 0 -64 0
2055 0 -64 0
2056 0 -64 0
2057 0 -64 0
2058 0 -64 0
2059 0 -64 0
2060 1 63 1
2061 0 -64 0
2062 1 63 1
2063 1 63 1
2064 1 63 1
2065 0 -64 0
2066 0 15 1
2067 0 -64 0
2068 1 63 1
2069 1 63 1
2070 1 63 1
2071 0 -64 0
2072 0 -64 0
2073 0 -64 0
2074 1 63 1
2075 1 63 1
2076 1 63 1
2077 0 -64 0
2078 1 63 1
2079 1 63 1
2080 0 -64 0
2081 1 63 1
2082 1 63 1
2083 1 63 1
2084 1 63 1
2085 0 -64 0
2086 1 63 1
2087 0 -64 0
2088 0 -64 0
2089 0 31 1
2090 0 -64 0
2091 0 -64 0
2092 1 63 1
2093 0 -64 0
2094 1 63 1
2095 0 -64 0
2096 0 -64 0
2097 0 -64 0
2098 0 -64 0
2099 0 -64 0
2100 0 -64 0
2101 0 -64 0
2102 1 63 1
2103 0 -64 0
2104 0 -64 0
2105 0 -64 0
2106 0 -64 0
2107 0 -64 0
2108 0 -64 0
2109 0 -64 0
2110 1 63 1
2111 1 63 1
2112 0 -64 0
2113 0 -64 0
2114 1 63 1
2115 0 -64 0
2116 1 63 1
2117 0 -64 0
2118 1 63 1
2119 1 63 1
2120 1 63 1
2121 1 63 1
2122 0 -64 0
2123 1 63 1
2124 1 63 1
2125 0 -64 0
2126 1 63 1
2127 1 63 1
2128 0 -64 0
2129 0 -64 0
2130 0 -64 0
2131 0 -64 0
2132 1 63 1
2133 0 -64 0
2134 1 63 1
2135 0 -64 0
2136 0 -64 0
2137 0 -64 0
2138 1 63 1
2139 1 63 1
2140 0 -64 0
2141 0 -64 0
2142 1 63 1
2143 1 63 1
2144 0 -64 0
2145 0 -64 0
2146 0 -64 0
2147 0 -64 0
2148 1 63 1
2149 0 -64 0
2150 1 63 1
2151 0 -64 0
2152 0 -64 0
2153 0 -64 0
2154 1 63 1
2155 1 63 1
2156 1 63 1
2157 0 -64 0
2158 1 63 1
2159 0 -64 0
2160 1 63 1
2161 1 63 1
2162 0 -64 0
2163 0 -64 0
2164 1 63 1
2165 0 -64 0
2166 1 63 1
2167 0 -64 0
2168 0 -64 0
2169 1 63 1
2170 1 63 1
2171 1 63 1
2172 0 -64 0
2173 1 63 1
2174 0 -64 0
2175 0 -64 0
2176 0 -64 0
2177 0 -64 0
2178 0 -64 0
2179 0 -64 0
2180 0 -64 0
2181 0 -64 0
2182 1 63 1
2183 1 63 1
2184 1 63 1
2185 0 -64 0
2186 1 63 1
2187 0 -64 0
2188 1 63 1
2189 0 -64 0
2190 0 -64 0
2191 0 -64 0
2192 0 -64 0
2193 1 63 1
2194 0 -64 0
2195 1 63 1
2196 0 -64 0
2197 1 63 1
2198 1 63 1
2199 1 63 1
2200 1 63 1
2201 1 63 1
2202 0 -64 0
2203 1 63 1
2204 1 63 1
2205 0 -64 0
2206 0 -64 0
2207 1 63 1
2208 1 63 1
2209 1 63 1
2210 0 -64 0
2211 0 -64 0
2212 1 63 1
2213 0 -64 0
2214 1 63 1
2215 1 63 1
2216 1 63 1
2217 1 63 1
2218 1 63 1
2219 1 63 1
2220 1 63 1
2221 0 -64 0
2222 0 -64 0
2223 0 -64 0
2224 0 -64 0
2225 1 63 1
2226 0 -64 0
2227 1 63 1
2228 0 -64 0
2229 1 63 1
2230 1 63 1
2231 0 -64 0
2232 0 -64 0
2233 0 -64 0
2234 1 63 1
2235 1 57 1
2236 1 63 1
2237 0 -64 0
2238 0 -64 0
2239 0 -64 0
2240 1 63 1
2241 1 63 1
2242 0 -64 0
2243 1 63 1
2244 0 -64 0
2245 1 63 1
2246 0 -64 0
2247 0 -64 0
2248 0 -64 0
2249 0 -64 0
2250 1 63 1
2251 1 63 1
2252 1 63 1
2253 1 63 1
2254 1 63 1
2255 0 -64 0
2256 0 -64 0
2257 1 63 1
2258 1 63 1
2259 0 -64 0
2260 0 -64 0
2261 0 -64 0
2262 0 -64 0
2263 0 -64 0
2264 0 -64 0
2265 1 63 1
2266 0 -64 0
2267 0 -64 0
2268 1 63 1
2269 0 -64 0
2270 0 -64 0
2271 1 63 1
2272 1 63 1
2273 0 -64 0
2274 0 -64 0
2275 1 63 1
2276 0 -64 0
2277 1 63 1
2278 0 -64 0
2279 1 63 1
2280 0 -64 0
2281 0 -64 0
2282 0 -64 0
2283 0 -64 0
2284 1 63 1
2285 1 63 1
2286 1 63 1
2287 1 63 1
2288 0 -64 0
2289 1 63 1
2290 0 -64 0
2291 1 63 1
2292 0 -64 0
2293 0 -64 0
2294 0 -64 0
2295 1 63 1
2296 0 -64 0
2297 0 -64 0
2298 0 -64 0
2299 1 63 1
2300 1 63 1
2301 1 63 1
2302 0 -64 0
2303 1 63 1
2304 1 40 1
2305 1 63 1
2306 1 63 1
2307 0 -64 0
2308 1 63 1
2309 0 -64 0
2310 1 63 1
2311 1 63 1
2312 1 63 1
2313 1 63 1
2314 1 63 1
2315 0 -64 0
2316 1 63 1
2317 1 63 1
2318 0 -64 0
2319 0 -64 0
2320 1 63 1
2321 0 -64 0
2322 1 63 1
2323 0 -64 0
2324 1 63 1
2325 0 -64 0
2326 1 63 1
2327 0 -64 0
2328 0 -64 0
2329 0 -64 0
2330 0 -64 0
2331 0 -64 0
2332 0 -64 0
2333 1 63 1
2334 1 63 1
2335 1 63 1
2336 1 63 1
2337 1 63 1
2338 0 -64 0
2339 0 -64 0
2340 0 -64 0
2341 1 63 1
2342 1 63 1
2343 0 -64 0
2344 0 -64 0
2345 0 -64 0
2346 0 -64 0
2347 0 -64 0
2348 0 -64 0
2349 0 -64 0
2350 0 -64 0
2351 0 -64 0
2352 0 -64 0
2353 1 63 1
2354 0 -64 0
2355 1 63 1
2356 1 63 1
2357 1 63 1
2358 1 63 1
2359 0 -64 0
2360 1 63 1
2361 1 63 1
2362 1 63 1
2363 0 -64 0
2364 0 -64 0
2365 0 -64 0
2366 0 -64 0
2367 0 -64 0
2368 0 -64 0
2369 0 -64 0
2370 0 -64 0
2371 0 -64 0
2372 0 -64 0
2373 0 -64 0
2374 1 63 1
2375 1 63 1
2376 0 -64 0
2377 1 63 1
2378 0 -64 0
2379 1 63 1
2380 0 -64 0
2381 1 63 1
2382 1 63 1
2383 1 63 1
2384 1 63 1
2385 1 63 1
2386 1 63 1
2387 1 63 1
2388 0 -64 0
2389 1 63 1
2390 1 63 1
2391 1 63 1
2392 1 63 1
2393 1 63 1
2394 0 -64 0
2395 1 63 1
2396 1 63 1
2397 1 63 1
2398 1 63 1
2399 0 -64 0
2400 1 63 1
2401 1 63 1
2402 0 -64 0
2403 1 63 1
2404 0 -64 0
2405 1 63 1
2406 0 -64 0
2407 1 63 1
2408 1 63 1
2409 1 63 1
2410 1 63 1
2411 0 -64 0
2412 0 -64 0
2413 0 -64 0
2414 1 63 1
2415 0 -64 0
2416 0 -64 0
2417 1 63 1
2418 1 63 1
2419 1 63 1
2420 0 -64 0
2421 1 63 1
2422 0 -64 0
2423 0 -64 0
2424 0 -64 0
2425 0 -64 0
2426 1 63 1
2427 0 -64 0
2428 0 -64 0
2429 1 63 1
2430 0 -64 0
2431 0 -64 0
2432 1 63 1
2433 0 -64 0
2434 0 -64 0
2435 0 -64 0
2436 1 63 1
2437 1 63 1
2438 0 -64 0
2439 1 63 1
2440 1 63 1
2441 0 -64 0
2442 0 -64 0
2443 1 63 1
2444 1 63 1
2445 0 -64 0
2446 1 63 1
2447 0 -64 0
2448 1 63 1
2449 0 -64 0
2450 1 63 1
2451 0 -64 0
2452 0 -64 0
2453 1 63 1
2454 1 63 1
2455 1 63 1
2456 1 63 1
2457 0 -64 0
2458 1 63 1
2459 0 -64 0
2460 0 -64 0
2461 1 63 1
2462 1 63 1
2463 1 63 1
2464 1 63 1
2465 1 63 1
2466 1 63 1
2467 0 -64 0
2468 0 -64 0
2469 0 -64 0
2470 0 -64 0
2471 1 63 1
2472 1 63 1
2473 0 -64 0
2474 1 63 1
2475 1 63 1
2476 1 63 1
2477 0 -64 0
2478 0 -64 0
2479 0 -64 0
2480 0 -64 0
2481 1 63 1
2482 1 63 1
2483 0 -64 0
2484 1 63 1
2485 1 63 1
2486 1 63 1
2487 1 63 1
2488 1 63 1
2489 0 -64 0
2490 0 -64 0
2491 1 63 1
2492 0 -64 0
2493 1 63 1
2494 0 -64 0
2495 0 -64 0
2496 1 63 1
2497 1 63 1
2498 1 63 1
2499 0 -64 0
2500 1 63 1
2501 1 63 1
2502 1 63 1
2503 0 -64 0
2504 1 63 1
2505 0 -64 0
2506 0 -64 0
2507 1 63 1
2508 1 63 1
2509 1 63 1
2510 0 -64 0
2511 0 -64 0
2512 1 63 1
2513 0 -64 0
2514 0 -64 0
2515 0 -64 0
2516 0 -64 0
2517 0 -64 0
2518 1 63 1
2519 0 -64 0
2520 1 63 1
2521 1 63 1
2522 0 -64 0
2523 1 63 1
2524 1 63 1
2525 0 -64 0
2526 0 -64 0
2527 1 57 1
2528 1 63 1
2529 1 63 1
2530 1 63 1
2531 1 63 1
2532 1 63 1
2533 1 63 1
2534 0 -64 0
2535 0 -64 0
2536 1 63 1
2537 0 -64 0
2538 1 63 1
2539 0 -64 0
2540 0 -64 0
2541 0 -64 0
2542 0 -64 0
2543 0 -64 0
2544 1 63 1
2545 0 -64 0
2546 1 63 1
2547 0 -64 0
2548 1 63 1
2549 1 63 1
2550 1 63 1
2551 0 -64 0
2552 1 63 1
2553 0 -64 0
2554 0 -64 0
2555 0 -64 0
2556 0 -64 0
2557 0 -64 0
2558 0 -64 0
2559 1 63 1
2560 1 63 1
2561 0 -64 0
2562 1 63 1
2563 1 63 1
2564 1 63 1
2565 1 51 1
2566 1 63 1
2567 1 63 1
2568 0 -64 0
2569 1 63 1
2570 0 -64 0
2571 0 -64 0
2572 0 -64 0
2573 1 63 1
2574 0 -64 0
2575 1 63 1
2576 1 63 1
2577 0 -64 0
2578 1 63 1
2579 0 -64 0
2580 0 -64 0
2581 1 63 1
2582 0 -64 0
2583 1 63 1
2584 0 -64 0
2585 0 -64 0
2586 0 -64 0
2587 1 63 1
2588 1 63 1
2589 0 -64 0
2590 0 -64 0
2591 0 -64 0
2592 0 -64 0
2593 0 -64 0
2594 1 63 1
2595 1 63 1
2596 0 -64 0
2597 1 63 1
2598 0 -64 0
2599 1 63 1
2600 1 63 1
2601 1 63 1
2602 1 63 1
2603 1 63 1
2604 1 63 1
2605 1 63 1
2606 1 63 1
2607 1 63 1
2608 1 63 1
2609 0 -64 0
2610 1 63 1
2611 0 -64 0
2612 1 63 1
2613 0 -64 0
2614 1 63 1
2615 0 -64 0
2616 1 63 1
2617 0 -64 0
2618 1 63 1
2619 1 63 1
2620 1 63 1
2621 1 63 1
2622 1 63 1
2623 0 -64 0
2624 1 63 1
2625 1 63 1
2626 0 -64 0
2627 0 -64 0
2628 1 63 1
2629 0 -64 0
2630 1 63 1
2631 1 63 1
2632 0 -64 0
2633 0 -64 0
2634 0 -64 0
2635 0 -64 0
2636 1 63 1
2637 0 -64 0
2638 1 63 1
2639 0 -64 0
2640 0 -64 0
2641 0 -64 0
2642 1 63 1
2643 1 63 1
2644 0 -64 0
2645 0 -64 0
2646 0 -64 0
2647 1 63 1
2648 1 63 1
2649 0 -64 0
2650 0 -64 0
2651 1 63 1
2652 0 -64 0
2653 1 63 1
2654 1 63 1
2655 0 -64 0
2656 0 -64 0
2657 1 63 1
2658 1 63 1
2659 1 63 1
2660 1 63 1
2661 1 63 1
2662 0 -64 0
2663 1 63 1
2664 1 63 1
2665 1 63 1
2666 1 63 1
2667 1 63 1
2668 1 63 1
2669 1 63 1
2670 0 -64 0
2671 1 63 1
2672 1 63 1
2673 0 -64 0
2674 0 -64 0
2675 0 -64 0
2676 0 -64 0
2677 0 -64 0
2678 1 63 1
2679 1 63 1
2680 1 63 1
2681 1 63 1
2682 0 -64 0
2683 1 63 1
2684 0 -64 0
2685 1 63 1
2686 1 63 1
2687 0 -64 0
2688 1 63 1
2689 0 -64 0
2690 1 63 1
2691 0 -64 0
2692 1 63 1
2693 0 -64 0
2694 1 63 1
2695 1 63 1
2696 0 -64 0
2697 0 -64 0
2698 1 63 1
2699 1 63 1
2700 0 -64 0
2701 0 -64 0
2702 0 -64 0
2703 0 -64 0
2704 0 -64 0
2705 1 63 1
2706 1 63 1
2707 1 63 1
2708 0 -64 0
2709 0 -64 0
2710 1 63 1
2711 0 -54 0
2712 1 63 1
2713 0 -64 0
2714 1 63 1
2715 0 -64 0
2716 0 -64 0
2717 0 -64 0
2718 0 -64 0
2719 1 63 1
2720 1 63 1
2721 0 -64 0
2722 1 63 1
2723 0 -64 0
2724 0 -64 0
2725 0 -64 0
2726 0 -64 0
2727 1 63 1
2728 0 -64 0
2729 0 -64 0
2730 0 -64 0
2731 1 63 1
2732 1 63 1
2733 0 -64 0
2734 1 63 1
2735 1 63 1
2736 0 -64 0
2737 0 -64 0
2738 0 -64 0
2739 1 63 1
2740 1 63 1
2741 0 -64 0
2742 0 -64 0
2743 0 -64 0
2744 0 -64 0
2745 0 -64 0
2746 0 -64 0
2747 0 -64 0
2748 1 63 1
2749 1 63 1
2750 1 63 1
2751 0 -64 0
2752 0 -64 0
2753 1 63 1
2754 1 63 1
2755 1 63 1
2756 1 63 1
2757 1 63 1
2758 0 -64 0
2759 0 -64 0
2760 1 63 1
2761 0 -64 0
2762 1 63 1
2763 1 63 1
2764 1 63 1
2765 0 -64 0
2766 0 -64 0
2767 1 63 1
2768 1 63 1
2769 0 -64 0
2770 1 63 1
2771 0 -64 0
2772 0 -64 0
2773 0 -64 0
2774 0 -64 0
2775 0 -64 0
2776 1 63 1
2777 1 63 1
2778 0 -64 0
2779 1 63 1
2780 0 -60 0
2781 1 63 1
2782 0 -64 0
2783 1 63 1
2784 1 63 1
2785 0 -64 0
2786 0 -64 0
2787 0 -64 0
2788 1 63 1
2789 0 -64 0
2790 1 63 1
2791 0 -64 0
2792 0 -64 0
2793 1 63 1
2794 1 63 1
2795 0 -64 0
2796 1 63 1
2797 1 63 1
2798 1 63 1
2799 1 63 1
2800 1 63 1
2801 1 63 1
2802 1 63 1
2803 0 -64 0
2804 1 63 1
2805 0 -64 0
2806 1 63 1
2807 0 -64 0
2808 0 -64 0
2809 1 63 1
2810 0 -64 0
2811 1 63 1
2812 0 -64 0
2813 1 63 1
2814 1 63 1
2815 0 -64 0
2816 0 -64 0
2817 1 63 1
2818 1 63 1
2819 1 63 1
2820 1 63 1
2821 1 63 1
2822 0 -64 0
2823 0 -64 0
2824 1 63 1
2825 0 -64 0
2826 1 63 1
2827 0 -64 0
2828 0 -64 0
2829 0 -64 0
2830 0 -64 0
2831 1 63 1
2832 0 -64 0
2833 0 -64 0
2834 1 -14 0
2835 1 63 1
2836 0 -64 0
2837 0 -64 0
2838 1 63 1
2839 1 63 1
2840 0 -64 0
2841 0 -64 0
2842 0 -64 0
2843 1 63 1
2844 0 -64 0
2845 1 63 1
2846 1 63 1
2847 0 -64 0
2848 0 -64 0
2849 0 -64 0
2850 1 63 1
2851 1 63 1
2852 0 -64 0
2853 0 -64 0
2854 1 63 1
2855 1 63 1
2856 1 63 1
2857 0 -45 0
2858 1 63 1
2859 1 63 1
2860 1 63 1
2861 1 63 1
2862 1 63 1
2863 0 -64 0
2864 0 -64 0
2865 0 -64 0
2866 1 63 1
2867 0 -64 0
2868 1 63 1
2869 1 63 1
2870 0 -64 0
2871 0 -64 0
2872 1 63 1
2873 0 -64 0
2874 0 -64 0
2875 1 63 1
2876 0 -64 0
2877 0 -64 0
2878 1 63 1
2879 0 -64 0
2880 1 63 1
2881 0 -64 0
2882 0 -64 0
2883 1 63 1
2884 1 63 1
2885 1 63 1
2886 0 -64 0
2887 1 63 1
2888 0 -64 0
2889 0 -64 0
2890 0 -64 0
2891 1 63 1
2892 1 63 1
2893 1 63 1
2894 0 -64 0
2895 0 -64 0
2896 1 63 1
2897 0 -64 0
2898 0 -64 0
2899 1 63 1
2900 0 -64 0
2901 1 63 1
2902 0 -64 0
2903 0 -64 0
2904 1 63 1
2905 0 -64 0
2906 0 -64 0
2907 0 -64 0
2908 1 63 1
2909 1 63 1
2910 1 63 1
2911 0 -64 0
2912 1 63 1
2913 1 63 1
2914 1 63 1
2915 1 63 1
2916 1 63 1
2917 1 63 1
2918 1 63 1
2919 0 -64 0
2920 0 -64 0
2921 0 -64 0
2922 0 -64 0
2923 1 63 1
2924 1 63 1
2925 0 -64 0
2926 0 -64 0
2927 0 -64 0
2928 1 63 1
2929 1 63 1
2930 0 -64 0
2931 0 -64 0
2932 1 63 1
2933 0 -64 0
2934 1 63 1
2935 1 63 1
2936 1 63 1
2937 1 63 1
2938 1 63 1
2939 1 63 1
2940 0 -64 0
2941 0 -64 0
2942 1 63 1
2943 0 -64 0
2944 0 -64 0
2945 1 63 1
2946 0 -64 0
2947 0 -64 0
2948 0 -64 0
2949 1 63 1
2950 0 -64 0
2951 0 -64 0
2952 1 63 1
2953 0 -64 0
2954 1 63 1
2955 0 -64 0
2956 1 63 1
2957 0 -64 0
2958 0 -64 0
2959 1 63 1
2960 1 63 1
2961 1 63 1
2962 1 63 1
2963 0 -64 0
2964 0 -64 0
2965 0 -64 0
2966 0 -64 0
2967 0 -64 0
2968 1 63 1
2969 1 63 1
2970 1 63 1
2971 1 63 1
2972 1 63 1
2973 0 -64 0
2974 0 -64 0
2975 1 63 1
2976 1 63 1
2977 0 -64 0
2978 1 63 1
2979 1 63 1
2980 1 63 1
2981 1 63 1
2982 1 63 1
2983 1 63 1
2984 1 63 1
2985 0 -64 0
2986 1 63 1
2987 1 63 1
2988 0 -64 0
2989 0 -64 0
2990 1 63 1
2991 1 63 1
2992 0 -64 0
2993 1 63 1
2994 1 63 1
2995 1 63 1
2996 1 63 1
2997 1 63 1
2998 0 -64 0
2999 1 63 1
3000 0 -64 0
3001 1 63 1
3002 0 -64 0
3003 0 -53 0
3004 1 63 1
3005 1 63 1
3006 0 -64 0
3007 0 -64 0
3008 1 63 1
3009 1 63 1
3010 1 63 1
3011 0 -64 0
3012 0 -64 0
3013 1 63 1
3014 0 -64 0
3015 0 -64 0
3016 0 -64 0
3017 1 63 1
3018 1 63 1
3019 0 -64 0
3020 0 -64 0
3021 0 -64 0
3022 1 63 1
3023 0 -64 0
3024 1 63 1
3025 0 -64 0
3026 1 63 1
3027 1 63 1
3028 0 -64 0
3029 0 -64 0
3030 0 -64 0
3031 1 63 1
3032 1 63 1
3033 1 63 1
3034 1 63 1
3035 0 -64 0
3036 1 63 1
3037 0 -64 0
3038 1 63 1
3039 0 -64 0
3040 0 -64 0
3041 1 63 1
3042 1 63 1
3043 0 -64 0
3044 0 -64 0
3045 0 -64 0
3046 0 -64 0
3047 0 -64 0
3048 1 63 1
3049 0 -64 0
3050 0 -64 0
3051 1 63 1
3052 1 63 1
3053 1 63 1
3054 1 63 1
3055 0 -64 0
3056 0 -64 0
3057 1 63 1
3058 1 63 1
3059 0 -64 0
3060 1 63 1
3061 0 -64 0
3062 1 63 1
3063 1 63 1
3064 1 63 1
3065 0 -64 0
3066 0 -64 0
3067 1 63 1
3068 0 -64 0
3069 1 63 1
3070 1 63 1
3071 0 -64 0
3072 0 -35 0
3073 1 63 1
3074 0 -64 0
3075 0 -64 0
3076 1 63 1
3077 0 -64 0
3078 1 63 1
3079 0 -64 0
3080 1 63 1
3081 0 -64 0
3082 1 63 1
3083 1 63 1
3084 0 -64 0
3085 0 -64 0
3086 1 63 1
3087 0 -64 0
3088 1 63 1
3089 0 -64 0
3090 1 63 1
3091 0 -64 0
3092 1 63 1
3093 0 -64 0
3094 0 -64 0
3095 1 63 1
3096 0 -64 0
3097 0 -64 0
3098 0 -64 0
3099 1 63 1
3100 1 63 1
3101 1 63 1
3102 1 63 1
3103 1 63 1
3104 0 -64 0
3105 0 -64 0
3106 1 63 1
3107 1 63 1
3108 0 -64 0
3109 1 63 1
3110 0 -64 0
3111 0 -64 0
3112 1 63 1
3113 1 63 1
3114 0 -64 0
3115 0 -64 0
3116 0 -64 0
3117 1 63 1
3118 0 -64 0
3119 1 63 1
3120 1 63 1
3121 0 -64 0
3122 1 63 1
3123 0 -64 0
3124 0 -64 0
3125 1 63 1
3126 0 -62 0
3127 0 -64 0
3128 1 63 1
3129 0 -64 0
3130 1 63 1
3131 0 -64 0
3132 1 63 1
3133 0 -64 0
3134 0 -64 0
3135 1 63 1
3136 0 -64 0
3137 1 63 1
3138 0 -64 0
3139 1 63 1
3140 1 63 1
3141 1 63 1
3142 1 63 1
3143 0 -64 0
3144 1 63 1
3145 1 63 1
3146 1 63 1
3147 0 -64 0
3148 0 -64 0
3149 0 -64 0
3150 1 63 1
3151 1 63 1
3152 0 -64 0
3153 0 -64 0
3154 1 63 1
3155 0 -64 0
3156 0 -64 0
3157 1 63 1
3158 1 63 1
3159 1 63 1
3160 1 63 1
3161 1 63 1
3162 1 63 1
3163 1 63 1
3164 0 -64 0
3165 0 -64 0
3166 0 -64 0
3167 1 63 1
3168 1 63 1
3169 1 63 1
3170 1 63 1
3171 0 -64 0
3172 0 -64 0
3173 1 63 1
3174 1 63 1
3175 0 -64 0
3176 0 -64 0
3177 1 63 1
3178 1 63 1
3179 1 63 1
3180 0 -64 0
3181 0 -64 0
3182 1 63 1
3183 1 63 1
3184 0 -64 0
3185 0 -64 0
3186 1 63 1
3187 0 -64 0
3188 1 63 1
3189 1 63 1
3190 0 -64 0
3191 0 -64 0
3192 1 63 1
3193 0 -64 0
3194 0 -64 0
3195 0 -64 0
3196 0 -64 0
3197 1 63 1
3198 0 -64 0
3199 0 -64 0
3200 1 63 1
3201 0 -64 0
3202 0 -64 0
3203 1 63 1
3204 0 -64 0
3205 1 63 1
3206 1 63 1
3207 0 -64 0
3208 1 63 1
3209 0 -64 0
3210 0 -64 0
3211 1 63 1
3212 0 -64 0
3213 1 63 1
3214 1 63 1
3215 1 63 1
3216 1 63 1
3217 1 63 1
3218 0 -64 0
3219 1 63 1
3220 0 -64 0
3221 0 -64 0
3222 1 63 1
3223 0 -64 0
3224 1 63 1
3225 1 63 1
3226 0 -64 0
3227 1 63 1
3228 0 -64 0
3229 1 63 1
3230 0 -64 0
3231 1 63 1
3232 0 -64 0
3233 1 63 1
3234 0 -64 0
3235 0 -64 0
3236 1 63 1
3237 1 63 1
3238 1 63 1
3239 1 63 1
3240 0 -64 0
3241 0 -64 0
3242 1 63 1
3243 0 -64 0
3244 1 63 1
3245 0 -64 0
3246 0 -64 0
3247 1 63 1
3248 1 63 1
3249 1 63 1
3250 0 -64 0
3251 1 63 1
3252 1 63 1
3253 1 63 1
3254 1 63 1
3255 1 63 1
3256 1 63 1
3257 0 -64 0
3258 0 -64 0
3259 1 63 1
3260 1 63 1
3261 1 63 1
3262 1 63 1
3263 0 -64 0
3264 1 63 1
3265 1 63 1
3266 1 63 1
3267 1 63 1
3268 1 63 1
3269 1 63 1
3270 1 63 1
3271 0 -64 0
3272 0 -64 0
3273 0 -64 0
3274 1 63 1
3275 0 -64 0
3276 1 63 1
3277 1 63 1
3278 0 -64 0
3279 1 63 1
3280 1 63 1
3281 0 -64 0
3282 0 -64 0
3283 0 -64 0
3284 1 63 1
3285 1 63 1
3286 1 63 1
3287 0 -64 0
3288 0 -64 0
3289 0 -64 0
3290 1 63 1
3291 0 -64 0
3292 0 -64 0
3293 1 63 1
3294 1 63 1
3295 1 63 1
3296 0 -64 0
3297 0 -64 0
3298 0 -64 0
3299 0 -64 0
3300 1 63 1
3301 1 63 1
3302 1 63 1
3303 0 -64 0
3304 0 -64 0
3305 1 63 1
3306 0 -64 0
3307 0 -64 0
3308 1 63 1
3309 0 -64 0
3310 1 63 1
3311 0 -64 0
3312 1 63 1
3313 1 63 1
3314 1 63 1
3315 1 63 1
3316 1 63 1
3317 1 63 1
3318 0 -64 0
3319 0 -64 0
3320 1 63 1
3321 0 -64 0
3322 1 63 1
3323 0 -64 0
3324 0 -64 0
3325 0 -64 0
3326 0 -64 0
3327 0 -64 0
3328 0 -64 0
3329 0 -64 0
3330 1 63 1
3331 0 -64 0
3332 1 63 1
3333 1 56 1
3334 0 -64 0
3335 1 63 1
3336 0 -64 0
3337 0 -64 0
3338 0 -64 0
3339 1 63 1
3340 1 63 1
3341 0 -64 0
3342 1 63 1
3343 0 -64 0
3344 1 63 1
3345 0 -64 0
3346 1 63 1
3347 0 -64 0
3348 0 -64 0
3349 0 -64 0
3350 0 -64 0
3351 0 -64 0
3352 1 63 1
3353 1 63 1
3354 1 63 1
3355 1 63 1
3356 1 63 1
3357 1 63 1
3358 1 63 1
3359 1 63 1
3360 1 63 1
3361 0 -64 0
3362 0 -64 0
3363 0 -64 0
3364 1 63 1
3365 1 63 1
3366 0 -64 0
3367 0 -64 0
3368 1 63 1
3369 1 63 1
3370 1 63 1
3371 1 63 1
3372 1 63 1
3373 1 63 1
3374 1 63 1
3375 0 -64 0
3376 0 -64 0
3377 1 63 1
3378 1 63 1
3379 0 -64 0
3380 0 -64 0
3381 1 63 1
3382 1 63 1
3383 0 -64 0
3384 0 -64 0
3385 0 -64 0
3386 1 63 1
3387 0 -64 0
3388 1 63 1
3389 1 63 1
3390 1 63 1
3391 1 63 1
3392 1 63 1
3393 0 -64 0
3394 0 -64 0
3395 0 -64 0
3396 0 -64 0
3397 1 63 1
3398 1 63 1
3399 0 -64 0
3400 1 63 1
3401 0 -64 0
3402 0 -64 0
3403 0 -64 0
3404 0 -64 0
3405 0 -64 0
3406 1 63 1
3407 1 63 1
3408 0 -64 0
3409 1 63 1
3410 0 -64 0
3411 0 -64 0
3412 0 -64 0
3413 1 63 1
3414 1 63 1
3415 1 63 1
3416 1 63 1
3417 1 63 1
3418 1 63 1
3419 0 -64 0
3420 0 -64 0
3421 1 63 1
3422 0 -64 0
3423 1 63 1
3424 0 -64 0
3425 1 63 1
3426 1 63 1
3427 0 -64 0
3428 0 -64 0
3429 0 -64 0
3430 1 63 1
3431 0 -64 0
3432 0 -64 0
3433 0 -64 0
3434 1 63 1
3435 0 -64 0
3436 0 -64 0
3437 0 -64 0
3438 0 -64 0
3439 1 63 1
3440 0 -64 0
3441 1 63 1
3442 1 63 1
3443 1 63 1
3444 1 63 1
3445 1 63 1
3446 0 -64 0
3447 1 63 1
3448 1 63 1
3449 0 -64 0
3450 1 63 1
3451 0 -64 0
3452 0 -64 0
3453 0 -64 0
3454 0 -64 0
3455 0 -64 0
3456 0 -64 0
3457 1 63 1
3458 0 -64 0
3459 1 63 1
3460 0 -64 0
3461 1 63 1
3462 0 -64 0
3463 0 -64 0
3464 0 -64 0
3465 0 -64 0
3466 1 63 1
3467 1 63 1
3468 0 -64 0
3469 1 63 1
3470 1 63 1
3471 0 -64 0
3472 0 -64 0
3473 1 63 1
3474 0 -64 0
3475 0 -64 0
3476 0 -64 0
3477 0 -64 0
3478 1 63 1
3479 0 -52 0
3480 0 -64 0
3481 0 -64 0
3482 0 -64 0
3483 1 63 1
3484 1 63 1
3485 0 -64 0
3486 1 63 1
3487 1 63 1
3488 1 63 1
3489 0 -64 0
3490 1 63 1
3491 1 63 1
3492 0 -64 0
3493 0 -64 0
3494 1 63 1
3495 1 63 1
3496 1 63 1
3497 1 63 1
3498 1 63 1
3499 0 -64 0
3500 0 -64 0
3501 0 -64 0
3502 0 -64 0
3503 1 63 1
3504 0 -64 0
3505 1 63 1
3506 1 63 1
3507 0 -64 0
3508 0 -64 0
3509 0 -64 0
3510 0 -64 0
3511 0 -64 0
3512 0 -64 0
3513 1 63 1
3514 1 63 1
3515 0 -64 0
3516 1 63 1
3517 0 -64 0
3518 0 -64 0
3519 1 63 1
3520 1 63 1
3521 0 -64 0
3522 1 63 1
3523 1 63 1
3524 1 63 1
3525 1 63 1
3526 1 63 1
3527 1 63 1
3528 1 63 1
3529 1 63 1
3530 0 -64 0
3531 1 63 1
3532 1 63 1
3533 0 -64 0
3534 1 63 1
3535 0 -64 0
3536 0 -64 0
3537 0 -64 0
3538 1 63 1
3539 1 63 1
3540 0 -64 0
3541 0 -64 0
3542 1 63 1
3543 1 63 1
3544 1 63 1
3545 1 63 1
3546 1 63 1
3547 0 -64 0
3548 1 63 1
3549 0 -64 0
3550 1 63 1
3551 0 -64 0
3552 1 63 1
3553 0 -64 0
3554 1 63 1
3555 0 -64 0
3556 1 63 1
3557 0 -64 0
3558 1 63 1
3559 1 63 1
3560 1 63 1
3561 1 63 1
3562 1 63 1
3563 1 63 1
3564 1 63 1
3565 0 -64 0
3566 0 -64 0
3567 0 -64 0
3568 1 63 1
3569 0 -64 0
3570 1 63 1
3571 0 -64 0
3572 1 63 1
3573 1 63 1
3574 1 63 1
3575 0 -64 0
3576 1 63 1
3577 0 -64 0
3578 0 -64 0
3579 1 63 1
3580 1 63 1
3581 1 63 1
3582 1 63 1
3583 0 -64 0
3584 1 63 1
3585 1 63 1
3586 1 63 1
3587 0 -64 0
3588 1 63 1
3589 1 63 1
3590 0 -64 0
3591 1 63 1
3592 0 -64 0
3593 0 -64 0
3594 1 63 1
3595 1 63 1
3596 1 63 1
3597 1 63 1
3598 0 -64 0
3599 1 63 1
3600 1 63 1
3601 0 -64 0
3602 0 -45 0
3603 0 -64 0
3604 0 -64 0
3605 0 -64 0
3606 0 -64 0
3607 1 63 1
3608 0 -64 0
3609 0 -64 0
3610 0 -64 0
3611 0 -64 0
3612 1 63 1
3613 0 -64 0
3614 0 -64 0
3615 0 -64 0
3616 1 63 1
3617 0 -64 0
3618 1 63 1
3619 1 63 1
3620 0 -64 0
3621 0 -64 0
3622 1 63 1
3623 0 -64 0
3624 1 63 1
3625 1 42 1
3626 0 -64 0
3627 0 -64 0
3628 1 63 1
3629 0 -64 0
3630 0 -64 0
3631 1 63 1
3632 1 63 1
3633 1 63 1
3634 0 -64 0
3635 1 63 1
3636 0 -64 0
3637 0 -64 0
3638 1 63 1
3639 1 63 1
3640 1 63 1
3641 0 -64 0
3642 1 63 1
3643 0 -64 0
3644 1 63 1
3645 0 -64 0
3646 1 63 1
3647 1 63 1
3648 0 -64 0
3649 1 63 1
3650 1 63 1
3651 0 -64 0
3652 0 -64 0
3653 0 -64 0
3654 0 -64 0
3655 1 63 1
3656 1 63 1
3657 1 63 1
3658 1 63 1
3659 1 63 1
3660 0 -64 0
3661 0 -64 0
3662 1 63 1
3663 1 63 1
3664 1 63 1
3665 0 -64 0
3666 1 63 1
3667 0 -64 0
3668 0 -64 0
3669 0 -64 0
3670 0 -64 0
3671 0 -64 0
3672 0 -64 0
3673 1 63 1
3674 0 -64 0
3675 0 -64 0
3676 1 63 1
3677 1 63 1
3678 0 -64 0
3679 0 -64 0
3680 0 -64 0
3681 1 63 1
3682 0 -64 0
3683 0 -64 0
3684 1 63 1
3685 0 -64 0
3686 0 -64 0
3687 0 -64 0
3688 1 63 1
3689 0 -64 0
3690 0 -64 0
3691 1 63 1
3692 0 -64 0
3693 0 -64 0
3694 1 63 1
3695 0 -64 0
3696 0 -64 0
3697 0 -64 0
3698 0 -64 0
3699 1 63 1
3700 1 63 1
3701 0 -64 0
3702 1 63 1
3703 0 -64 0
3704 0 -64 0
3705 0 -64 0
3706 0 -64 0
3707 0 -64 0
3708 1 63 1
3709 0 -64 0
3710 1 63 1
3711 1 63 1
3712 0 -64 0
3713 1 63 1
3714 0 -64 0
3715 0 -64 0
3716 0 -64 0
3717 1 63 1
3718 0 -64 0
3719 1 63 1
3720 1 63 1
3721 1 63 1
3722 0 -64 0
3723 1 63 1
3724 1 63 1
3725 1 63 1
3726 0 -64 0
3727 0 -64 0
3728 0 -64 0
3729 0 -64 0
3730 1 63 1
3731 1 63 1
3732 1 63 1
3733 1 63 1
3734 0 -64 0
3735 1 63 1
3736 1 63 1
3737 0 -64 0
3738 1 63 1
3739 0 -64 0
3740 1 63 1
3741 1 63 1
3742 1 63 1
3743 0 -64 0
3744 1 63 1
3745 0 -64 0
3746 1 63 1
3747 0 -64 0
3748 0 -64 0
3749 0 -64 0
3750 1 63 1
3751 1 63 1
3752 0 -64 0
3753 1 63 1
3754 0 -64 0
3755 1 63 1
3756 1 63 1
3757 1 63 1
3758 0 -64 0
3759 0 -64 0
3760 0 -64 0
3761 1 63 1
3762 0 -64 0
3763 0 -64 0
3764 1 63 1
3765 1 63 1
3766 0 -64 0
3767 0 -64 0
3768 0 -64 0
3769 0 -64 0
3770 1 63 1
3771 1 51 1
3772 1 63 1
3773 0 -64 0
3774 1 63 1
3775 1 63 1
3776 1 63 1
3777 1 63 1
3778 0 -64 0
3779 1 63 1
3780 0 -64 0
3781 1 63 1
3782 0 -64 0
3783 0 -64 0
3784 0 -64 0
3785 0 -64 0
3786 0 -64 0
3787 0 -64 0
3788 1 63 1
3789 0 -64 0
3790 1 63 1
3791 1 63 1
3792 0 -64 0
3793 0 -64 0
3794 1 63 1
3795 0 -64 0
3796 0 -64 0
3797 0 -64 0
3798 1 63 1
3799 0 -64 0
3800 1 63 1
3801 0 -64 0
3802 0 -64 0
3803 1 63 1
3804 0 -64 0
3805 1 63 1
3806 1 63 1
3807 1 63 1
3808 1 63 1
3809 0 -64 0
3810 1 63 1
3811 0 -64 0
3812 0 -64 0
3813 0 -64 0
3814 0 -64 0
3815 0 -64 0
3816 1 63 1
3817 0 -64 0
3818 0 -64 0
3819 1 63 1
3820 1 63 1
3821 1 63 1
3822 1 63 1
3823 0 -64 0
3824 0 -64 0
3825 0 -64 0
3826 1 63 1
3827 0 -64 0
3828 1 63 1
3829 0 -64 0
3830 1 63 1
3831 0 -64 0
3832 0 -64 0
3833 0 -64 0
3834 0 -64 0
3835 1 63 1
3836 0 -64 0
3837 1 63 1
3838 0 -64 0
3839 0 -64 0
3840 0 -40 0
3841 0 -64 0
3842 1 63 1
3843 0 -64 0
3844 0 -64 0
3845 1 63 1
3846 0 -64 0
3847 0 -64 0
3848 1 63 1
3849 0 -64 0
3850 0 -64 0
3851 1 63 1
3852 1 63 1
3853 1 63 1
3854 0 -64 0
3855 0 -64 0
3856 0 -64 0
3857 1 63 1
3858 1 63 1
3859 0 -64 0
3860 0 -64 0
3861 0 -64 0
3862 0 -64 0
3863 0 -64 0
3864 0 -64 0
3865 1 63 1
3866 1 63 1
3867 0 -64 0
3868 0 -64 0
3869 1 63 1
3870 1 63 1
3871 1 63 1
3872 1 63 1
3873 0 -64 0
3874 0 -64 0
3875 1 63 1
3876 1 63 1
3877 0 -64 0
3878 0 -64 0
3879 0 -64 0
3880 1 63 1
3881 0 -64 0
3882 0 -64 0
3883 0 -64 0
3884 0 -64 0
3885 1 63 1
3886 1 63 1
3887 1 63 1
3888 1 63 1
3889 0 -64 0
3890 0 -64 0
3891 1 63 1
3892 0 -64 0
3893 1 63 1
3894 0 -64 0
3895 1 63 1
3896 0 -64 0
3897 0 -64 0
3898 1 63 1
3899 0 -64 0
3900 1 63 1
3901 1 63 1
3902 1 63 1
3903 0 -64 0
3904 1 63 1
3905 0 -64 0
3906 1 63 1
3907 0 -64 0
3908 1 63 1
3909 1 63 1
3910 0 -64 0
3911 0 -64 0
3912 1 63 1
3913 0 -64 0
3914 1 63 1
3915 1 63 1
3916 1 63 1
3917 0 -63 0
3918 0 -64 0
3919 0 -64 0
3920 1 63 1
3921 1 63 1
3922 0 -64 0
3923 0 -64 0
3924 1 63 1
3925 1 63 1
3926 0 -64 0
3927 1 63 1
3928 1 63 1
3929 0 -64 0
3930 0 -64 0
3931 0 -64 0
3932 0 -64 0
3933 1 63 1
3934 1 63 1
3935 1 63 1
3936 0 -64 0
3937 1 63 1
3938 0 -64 0
3939 1 63 1
3940 1 63 1
3941 1 63 1
3942 1 63 1
3943 1 63 1
3944 1 63 1
3945 1 63 1
3946 1 63 1
3947 1 63 1
3948 0 -64 0
3949 0 -64 0
3950 0 -64 0
3951 0 -64 0
3952 0 -64 0
3953 1 63 1
3954 1 63 1
3955 0 -64 0
3956 0 -64 0
3957 1 63 1
3958 1 63 1
3959 1 63 1
3960 0 -64 0
3961 1 63 1
3962 1 63 1
3963 1 63 1
3964 0 -64 0
3965 0 -64 0
3966 1 63 1
3967 1 63 1
3968 0 -64 0
3969 0 -64 0
3970 0 -64 0
3971 0 -64 0
3972 1 63 1
3973 0 -64 0
3974 1 63 1
3975 0 -64 0
3976 0 -64 0
3977 0 -64 0
3978 0 -64 0
3979 0 -64 0
3980 1 63 1
3981 0 -64 0
3982 1 63 1
3983 1 63 1
3984 0 -64 0
3985 0 -64 0
3986 1 63 1
3987 1 63 1
3988 0 -64 0
3989 0 -64 0
3990 0 -64 0
3991 0 -64 0
3992 0 -64 0
3993 0 -64 0
3994 0 -64 0
3995 1 63 1
3996 1 63 1
3997 0 -64 0
3998 1 63 1
3999 0 -64 0
4000 1 63 1
4001 0 -64 0
4002 1 63 1
4003 0 -64 0
4004 0 -64 0
4005 1 63 1
4006 0 -64 0
4007 0 -64 0
4008 1 63 1
4009 0 -64 0
4010 0 -64 0
4011 0 -64 0
4012 0 -64 0
4013 0 -64 0
4014 0 -64 0
4015 1 63 1
4016 1 63 1
4017 0 -64 0
4018 0 -64 0
4019 1 63 1
4020 1 63 1
4021 1 63 1
4022 0 -64 0
4023 0 -64 0
4024 0 -64 0
4025 0 -64 0
4026 0 -64 0
4027 1 63 1
4028 1 63 1
4029 1 63 1
4030 0 -64 0
4031 1 63 1
4032 1 63 1
4033 0 -64 0
4034 0 -64 0
4035 1 63 1
4036 0 -64 0
4037 1 63 1
4038 0 -64 0
4039 0 -64 0
4040 1 63 1
4041 1 63 1
4042 0 -64 0
4043 0 -64 0
4044 0 -64 0
4045 0 -64 0
4046 0 -64 0
4047 1 63 1
4048 0 -64 0
4049 1 63 1
4050 1 63 1
4051 1 63 1
4052 1 63 1
4053 1 63 1
4054 0 -64 0
4055 0 -64 0
4056 1 63 1
4057 0 -64 0
4058 0 -64 0
4059 1 63 1
4060 1 63 1
4061 1 63 1
4062 1 63 1
4063 0 -64 0
4064 0 -64 0
4065 1 63 1
4066 1 63 1
4067 1 63 1
4068 0 -64 0
4069 1 63 1
4070 0 -64 0
4071 1 63 1
4072 1 63 1
4073 1 63 1
4074 1 63 1
4075 1 63 1
4076 1 63 1
4077 1 63 1
4078 0 -63 0
4079 1 63 1
4080 0 -64 0
4081 0 -64 0
4082 1 63 1
4083 1 63 1
4084 0 -64 0
4085 0 -64 0
4086 0 -64 0
4087 1 63 1
4088 1 63 1
4089 0 -64 0
4090 1 63 1
4091 0 -64 0
4092 1 63 1
4093 1 63 1
4094 0 -64 0
4095 0 -64 0
4096 0 -64 0
4097 0 -64 0
4098 1 63 1
4099 0 -64 0
4100 1 63 1
4101 1 59 1
4102 1 63 1
4103 0 -64 0
4104 1 63 1
4105 1 63 1
4106 1 63 1
4107 1 63 1
4108 1 63 1
4109 1 63 1
4110 1 63 1
4111 1 63 1
4112 0 -64 0
4113 1 63 1
4114 0 -64 0
4115 0 -64 0
4116 1 63 1
4117 1 63 1
4118 1 63 1
4119 1 63 1
4120 0 -64 0
4121 1 63 1
4122 0 -64 0
4123 0 -64 0
4124 1 63 1
4125 0 -64 0
4126 0 -64 0
4127 1 63 1
4128 0 -64 0
4129 0 -64 0
4130 1 63 1
4131 0 -64 0
4132 1 62 1
4133 0 -64 0
4134 1 63 1
4135 0 -64 0
4136 1 63 1
4137 1 63 1
4138 0 -64 0
4139 0 -64 0
4140 0 -64 0
4141 0 -64 0
4142 1 63 1
4143 1 63 1
4144 0 -64 0
4145 1 63 1
4146 0 -64 0
4147 0 -64 0
4148 0 -64 0
4149 1 63 1
4150 1 63 1
4151 1 63 1
4152 1 63 1
4153 1 63 1
4154 0 -64 0
4155 0 -64 0
4156 0 -64 0
4157 0 -64 0
4158 1 63 1
4159 0 -64 0
4160 1 63 1
4161 0 -64 0
4162 1 63 1
4163 0 -64 0
4164 1 63 1
4165 1 63 1
4166 1 63 1
4167 1 63 1
4168 1 63 1
4169 1 63 1
4170 0 -64 0
4171 0 -64 0
4172 1 63 1
4173 0 -64 0
4174 0 -64 0
4175 1 63 1
4176 1 63 1
4177 1 63 1
4178 0 -64 0
4179 0 -64 0
4180 1 63 1
4181 1 63 1
4182 1 63 1
4183 0 -64 0
4184 1 63 1
4185 0 -64 0
4186 0 -64 0
4187 1 63 1
4188 1 63 1
4189 0 -64 0
4190 0 -64 0
4191 1 63 1
4192 1 63 1
4193 0 -64 0
4194 1 63 1
4195 0 -64 0
4196 0 -64 0
4197 0 -64 0
4198 1 63 1
4199 1 63 1
4200 0 -64 0
4201 1 63 1
4202 0 -64 0
4203 0 -64 0
4204 1 63 1
4205 0 -64 0
4206 0 -64 0
4207 1 63 1
4208 1 63 1
4209 0 -64 0
4210 1 63 1
4211 0 -64 0
4212 1 63 1
4213 1 63 1
4214 0 -64 0
4215 1 63 1
4216 1 63 1
4217 0 -64 0
4218 0 -64 0
4219 1 63 1
4220 1 63 1
4221 1 63 1
4222 0 -64 0
4223 1 63 1
4224 0 -64 0
4225 0 -64 0
4226 0 -64 0
4227 0 -64 0
4228 0 -64 0
4229 1 63 1
4230 1 63 1
4231 0 -64 0
4232 1 63 1
4233 0 -64 0
4234 0 -64 0
4235 1 63 1
4236 0 -64 0
4237 1 63 1
4238 0 -64 0
4239 0 -64 0
4240 1 63 1
4241 0 -64 0
4242 1 63 1
4243 0 -64 0
4244 0 -64 0
4245 0 -64 0
4246 0 -64 0
4247 0 -41 0
4248 1 63 1
4249 0 -64 0
4250 0 -64 0
4251 0 -64 0
4252 1 63 1
4253 1 63 1
4254 1 63 1
4255 0 -64 0
4256 0 -64 0
4257 1 63 1
4258 0 -64 0
4259 0 -64 0
4260 1 63 1
4261 0 -64 0
4262 0 -64 0
4263 1 63 1
4264 0 -64 0
4265 1 63 1
4266 1 63 1
4267 1 63 1
4268 0 -64 0
4269 0 -64 0
4270 1 63 1
4271 1 63 1
4272 1 63 1
4273 1 63 1
4274 1 63 1
4275 1 63 1
4276 0 -64 0
4277 1 63 1
4278 0 -64 0
4279 0 -64 0
4280 0 -64 0
4281 1 63 1
4282 1 63 1
4283 1 63 1
4284 1 63 1
4285 0 -64 0
4286 1 63 1
4287 1 63 1
4288 1 63 1
4289 0 -64 0
4290 1 63 1
4291 1 63 1
4292 0 -64 0
4293 0 -64 0
4294 1 63 1
4295 0 -64 0
4296 1 63 1
4297 0 -64 0
4298 1 63 1
4299 0 -64 0
4300 1 63 1
4301 1 63 1
4302 0 -64 0
4303 0 -64 0
4304 0 -64 0
4305 0 -64 0
4306 1 63 1
4307 1 63 1
4308 0 -64 0
4309 0 -64 0
4310 0 -64 0
4311 1 63 1
4312 0 -64 0
4313 1 63 1
4314 0 -64 0
4315 0 -64 0
4316 1 63 1
4317 0 -64 0
4318 1 63 1
4319 0 -64 0
4320 1 63 1
4321 1 63 1
4322 1 63 1
4323 1 63 1
4324 1 63 1
4325 0 -64 0
4326 0 -64 0
4327 0 -64 0
4328 1 63 1
4329 1 63 1
4330 0 -64 0
4331 0 -64 0
4332 1 63 1
4333 0 -64 0
4334 0 -64 0
4335 1 63 1
4336 1 63 1
4337 0 -64 0
4338 1 63 1
4339 1 63 1
4340 0 -64 0
4341 1 63 1
4342 1 63 1
4343 1 63 1
4344 1 63 1
4345 0 -64 0
4346 0 -64 0
4347 1 63 1
4348 1 63 1
4349 1 63 1
4350 0 -64 0
4351 1 63 1
4352 1 63 1
4353 1 63 1
4354 0 -64 0
4355 1 63 1
4356 1 63 1
4357 1 63 1
4358 1 63 1
4359 1 63 1
4360 0 -64 0
4361 1 63 1
4362 0 -64 0
4363 1 63 1
4364 0 -64 0
4365 1 63 1
4366 1 63 1
4367 1 63 1
4368 1 63 1
4369 0 -64 0
4370 1 51 1
4371 0 -64 0
4372 1 63 1
4373 1 63 1
4374 1 63 1
4375 1 63 1
4376 1 63 1
4377 0 -64 0
4378 1 63 1
4379 1 63 1
4380 0 -64 0
4381 0 -64 0
4382 0 -64 0
4383 1 63 1
4384 1 63 1
4385 1 63 1
4386 0 -64 0
4387 1 63 1
4388 1 63 1
4389 1 63 1
4390 1 63 1
4391 1 63 1
4392 0 -64 0
4393 1 45 1
4394 1 63 1
4395 1 63 1
4396 0 -64 0
4397 0 -64 0
4398 0 -64 0
4399 1 63 1
4400 1 63 1
4401 0 -64 0
4402 0 -64 0
4403 0 -64 0
4404 1 63 1
4405 0 -64 0
4406 1 63 1
4407 1 63 1
4408 0 -64 0
4409 0 -64 0
4410 0 -64 0
4411 1 63 1
4412 1 63 1
4413 1 63 1
4414 1 63 1
4415 0 -64 0
4416 1 63 1
4417 0 -64 0
4418 1 63 1
4419 0 -64 0
4420 0 -64 0
4421 0 -64 0
4422 0 -64 0
4423 1 63 1
4424 1 63 1
4425 0 -64 0
4426 1 63 1
4427 1 63 1
4428 1 63 1
4429 0 -64 0
4430 1 63 1
4431 0 -64 0
4432 1 63 1
4433 0 -64 0
4434 0 -64 0
4435 1 63 1
4436 1 63 1
4437 1 63 1
4438 1 63 1
4439 0 -64 0
4440 0 -64 0
4441 0 -64 0
4442 1 63 1
4443 0 -64 0
4444 1 63 1
4445 1 63 1
4446 1 63 1
4447 0 -64 0
4448 0 -64 0
4449 1 63 1
4450 0 -64 0
4451 1 63 1
4452 1 63 1
4453 1 63 1
4454 0 -64 0
4455 1 63 1
4456 1 63 1
4457 1 63 1
4458 1 63 1
4459 1 63 1
4460 0 -64 0
4461 0 -64 0
4462 1 63 1
4463 1 63 1
4464 1 63 1
4465 0 -64 0
4466 0 -64 0
4467 1 63 1
4468 0 -64 0
4469 0 -64 0
4470 0 -64 0
4471 1 63 1
4472 1 63 1
4473 1 63 1
4474 1 63 1
4475 1 63 1
4476 0 -64 0
4477 0 -64 0
4478 0 -64 0
4479 1 63 1
4480 0 -64 0
4481 0 -64 0
4482 0 -64 0
4483 1 63 1
4484 0 -64 0
4485 0 -64 0
4486 1 63 1
4487 0 -64 0
4488 1 63 1
4489 1 63 1
4490 1 63 1
4491 0 -64 0
4492 1 63 1
4493 1 63 1
4494 1 63 1
4495 1 63 1
4496 0 -64 0
4497 1 63 1
4498 1 63 1
4499 0 -64 0
4500 1 63 1
4501 0 -64 0
4502 0 -64 0
4503 1 63 1
4504 0 -64 0
4505 1 63 1
4506 0 -64 0
4507 1 63 1
4508 0 -64 0
4509 1 63 1
4510 0 -64 0
4511 1 63 1
4512 0 -64 0
4513 0 -64 0
4514 0 -64 0
4515 0 -64 0
4516 1 63 1
4517 1 63 1
4518 0 -64 0
4519 0 -64 0
4520 1 63 1
4521 0 -64 0
4522 1 63 1
4523 0 -64 0
4524 0 -64 0
4525 1 63 1
4526 1 63 1
4527 0 -64 0
4528 1 63 1
4529 1 63 1
4530 1 63 1
4531 0 -64 0
4532 1 63 1
4533 0 -64 0
4534 1 63 1
4535 0 -64 0
4536 1 63 1
4537 0 -64 0
4538 1 63 1
4539 1 56 1
4540 1 63 1
4541 0 -64 0
4542 1 63 1
4543 1 63 1
4544 1 63 1
4545 0 -64 0
4546 0 -64 0
4547 1 63 1
4548 1 63 1
4549 1 63 1
4550 0 -64 0
4551 1 63 1
4552 0 -64 0
4553 1 63 1
4554 1 55 1
4555 1 63 1
4556 0 -64 0
4557 0 -64 0
4558 1 63 1
4559 0 -64 0
4560 0 -64 0
4561 1 63 1
4562 1 63 1
4563 0 -64 0
4564 1 63 1
4565 1 63 1
4566 1 63 1
4567 1 63 1
4568 1 63 1
4569 0 -64 0
4570 1 63 1
4571 1 63 1
4572 0 -64 0
4573 0 -64 0
4574 1 63 1
4575 0 -64 0
4576 1 63 1
4577 1 63 1
4578 1 63 1
4579 1 63 1
4580 0 -64 0
4581 0 -64 0
4582 0 -64 0
4583 1 63 1
4584 1 63 1
4585 0 -64 0
4586 0 -64 0
4587 0 -64 0
4588 1 63 1
4589 1 63 1
4590 1 63 1
4591 1 63 1
4592 0 -64 0
4593 1 63 1
4594 1 63 1
4595 1 63 1
4596 1 63 1
4597 1 63 1
4598 1 63 1
4599 0 -64 0
4600 1 63 1
4601 0 -64 0
4602 0 -64 0
4603 0 -64 0
4604 0 -64 0
4605 0 -64 0
4606 1 63 1
4607 0 -64 0
4608 0 -38 0
4609 1 63 1
4610 0 -64 0
4611 1 63 1
4612 1 63 1
4613 0 -64 0
4614 0 -64 0
4615 1 63 1
4616 1 63 1
4617 1 63 1
4618 1 63 1
4619 0 -64 0
4620 0 -64 0
4621 1 63 1
4622 0 -64 0
4623 1 63 1
4624 1 63 1
4625 1 63 1
4626 0 -64 0
4627 0 -64 0
4628 1 63 1
4629 1 63 1
4630 1 63 1
4631 1 63 1
4632 1 63 1
4633 1 63 1
4634 1 63 1
4635 0 -64 0
4636 1 63 1
4637 1 63 1
4638 0 -64 0
4639 0 -64 0
4640 1 63 1
4641 0 -64 0
4642 1 63 1
4643 1 63 1
4644 0 -64 0
4645 0 -64 0
4646 0 -64 0
4647 0 -64 0
4648 0 -64 0
4649 0 -64 0
4650 0 -64 0
4651 1 63 1
4652 1 63 1
4653 0 -64 0
4654 1 63 1
4655 0 -64 0
4656 1 63 1
4657 0 -64 0
4658 0 -64 0
4659 0 -64 0
4660 1 63 1
4661 1 63 1
4662 1 63 1
4663 1 63 1
4664 1 63 1
4665 1 63 1
4666 1 63 1
4667 0 -64 0
4668 1 63 1
4669 0 -64 0
4670 1 63 1
4671 1 63 1
4672 1 63 1
4673 1 63 1
4674 0 -64 0
4675 0 -64 0
4676 0 -64 0
4677 0 -64 0
4678 0 -64 0
4679 1 63 1
4680 1 63 1
4681 0 -64 0
4682 1 63 1
4683 0 -64 0
4684 0 -64 0
4685 1 63 1
4686 1 63 1
4687 1 63 1
4688 1 63 1
4689 0 -64 0
4690 0 -64 0
4691 1 63 1
4692 0 -64 0
4693 0 -64 0
4694 1 63 1
4695 0 -64 0
4696 1 63 1
4697 0 -64 0
4698 1 63 1
4699 0 -64 0
4700 1 63 1
4701 0 -64 0
4702 0 -64 0
4703 0 -64 0
4704 1 63 1
4705 0 -64 0
4706 1 63 1
4707 0 -64 0
4708 1 63 1
4709 0 -64 0
4710 0 -64 0
4711 0 -64 0
4712 1 63 1
4713 0 -64 0
4714 0 -64 0
4715 1 63 1
4716 1 63 1
4717 1 63 1
4718 1 63 1
4719 1 63 1
4720 1 63 1
4721 1 63 1
4722 0 -64 0
4723 1 63 1
4724 1 63 1
4725 1 63 1
4726 0 -64 0
4727 0 -64 0
4728 1 63 1
4729 1 63 1
4730 0 -64 0
4731 0 -64 0
4732 1 63 1
4733 1 63 1
4734 0 -64 0
4735 1 63 1
4736 1 63 1
4737 1 63 1
4738 0 -64 0
4739 0 -64 0
4740 0 -64 0
4741 1 63 1
4742 1 63 1
4743 0 -64 0
4744 1 63 1
4745 1 63 1
4746 0 -64 0
4747 1 63 1
4748 0 -64 0
4749 0 -64 0
4750 0 -64 0
4751 0 -64 0
4752 0 -64 0
4753 1 63 1
4754 0 -64 0
4755 0 -64 0
4756 1 63 1
4757 1 63 1
4758 1 63 1
4759 0 -64 0
4760 1 63 1
4761 1 63 1
4762 0 -64 0
4763 0 -64 0
4764 0 -64 0
4765 0 -64 0
4766 0 -64 0
4767 1 63 1
4768 0 -64 0
4769 1 63 1
4770 1 63 1
4771 1 63 1
4772 1 63 1
4773 0 -64 0
4774 0 -64 0
4775 1 63 1
4776 1 63 1
4777 0 -64 0
4778 1 63 1
4779 0 -64 0
4780 1 63 1
4781 0 -64 0
4782 0 -64 0
4783 1 63 1
4784 0 -64 0
4785 0 -64 0
4786 0 -64 0
4787 1 63 1
4788 1 63 1
4789 1 63 1
4790 0 -64 0
4791 0 -64 0
4792 1 63 1
4793 0 -64 0
4794 0 -64 0
4795 0 -64 0
4796 1 63 1
4797 0 -64 0
4798 0 -64 0
4799 0 -64 0
4800 0 -64 0
4801 0 -64 0
4802 1 63 1
4803 1 63 1
4804 1 63 1
4805 1 63 1
4806 1 63 1
4807 0 -64 0
4808 1 63 1
4809 1 63 1
4810 0 -64 0
4811 1 63 1
4812 0 -64 0
4813 1 63 1
4814 0 -64 0
4815 0 -64 0
4816 0 -64 0
4817 1 63 1
4818 1 63 1
4819 1 63 1
4820 1 63 1
4821 0 -64 0
4822 1 63 1
4823 1 63 1
4824 0 -64 0
4825 0 -64 0
4826 1 63 1
4827 1 63 1
4828 1 63 1
4829 1 63 1
4830 1 63 1
4831 0 -64 0
4832 0 -64 0
4833 1 63 1
4834 0 -64 0
4835 1 63 1
4836 1 63 1
4837 0 -64 0
4838 1 63 1
4839 1 63 1
4840 1 63 1
4841 1 63 1
4842 1 63 1
4843 0 -64 0
4844 0 -64 0
4845 1 63 1
4846 0 -61 0
4847 0 -64 0
4848 0 -64 0
4849 0 -64 0
4850 0 -64 0
4851 1 63 1
4852 1 63 1
4853 0 -64 0
4854 1 63 1
4855 1 63 1
4856 1 63 1
4857 0 -64 0
4858 1 63 1
4859 0 -64 0
4860 0 -64 0
4861 0 -64 0
4862 1 63 1
4863 0 -64 0
4864 0 -64 0
4865 0 -64 0
4866 1 63 1
4867 1 63 1
4868 1 63 1
4869 0 -50 0
4870 0 -64 0
4871 1 63 1
4872 0 -64 0
4873 1 63 1
4874 1 63 1
4875 0 -64 0
4876 0 -64 0
4877 0 -64 0
4878 0 -64 0
4879 0 -64 0
4880 0 -64 0
4881 1 63 1
4882 0 -64 0
4883 0 -64 0
4884 1 63 1
4885 1 63 1
4886 1 63 1
4887 1 63 1
4888 0 -64 0
4889 0 -64 0
4890 1 63 1
4891 1 63 1
4892 1 63 1
4893 0 -64 0
4894 0 -64 0
4895 0 -64 0
4896 0 -64 0
4897 1 63 1
4898 0 -64 0
4899 1 63 1
4900 0 -64 0
4901 0 -64 0
4902 1 63 1
4903 0 -64 0
4904 1 63 1
4905 0 -64 0
4906 1 63 1
4907 0 -64 0
4908 0 -64 0
4909 0 -64 0
4910 0 -64 0
4911 1 63 1
4912 1 63 1
4913 0 -64 0
4914 0 -64 0
4915 0 -64 0
4916 1 63 1
4917 0 -64 0
4918 1 63 1
4919 1 63 1
4920 0 -64 0
4921 0 -64 0
4922 1 63 1
4923 1 63 1
4924 1 63 1
4925 1 63 1
4926 1 63 1
4927 0 -64 0
4928 1 63 1
4929 1 63 1
4930 0 -64 0
4931 1 63 1
4932 1 63 1
4933 0 -64 0
4934 1 63 1
4935 1 63 1
4936 1 63 1
4937 0 -64 0
4938 1 63 1
4939 0 -64 0
4940 0 -64 0
4941 0 -64 0
4942 1 63 1
4943 0 -64 0
4944 0 -64 0
4945 1 63 1
4946 1 63 1
4947 0 -64 0
4948 0 -64 0
4949 1 63 1
4950 1 63 1
4951 1 63 1
4952 1 63 1
4953 1 63 1
4954 0 -64 0
4955 1 63 1
4956 1 63 1
4957 0 -64 0
4958 1 63 1
4959 0 -64 0
4960 1 63 1
4961 1 63 1
4962 1 63 1
4963 0 -64 0
4964 1 63 1
4965 0 -64 0
4966 1 63 1
4967 1 63 1
4968 0 -64 0
4969 0 -64 0
4970 0 -64 0
4971 0 -64 0
4972 1 63 1
4973 1 63 1
4974 1 63 1
4975 0 -64 0
4976 0 -64 0
4977 0 -63 0
4978 0 -64 0
4979 0 -64 0
4980 0 -64 0
4981 0 -64 0
4982 0 -64 0
4983 0 -64 0
4984 0 -64 0
4985 1 63 1
4986 1 63 1
4987 0 -64 0
4988 1 63 1
4989 0 -64 0
4990 0 -64 0
4991 1 63 1
4992 0 -64 0
4993 1 63 1
4994 1 63 1
4995 0 -64 0
4996 0 -64 0
4997 1 63 1
4998 1 63 1
4999 1 63 1
5000 1 63 1
5001 1 63 1
5002 1 63 1
5003 1 63 1
5004 1 63 1
5005 0 -64 0
5006 1 63 1
5007 1 63 1
5008 0 -64 0
5009 0 -64 0
5010 0 -64 0
5011 1 63 1
5012 1 63 1
5013 0 -64 0
5014 1 63 1
5015 0 -64 0
5016 0 -64 0
5017 1 63 1
5018 1 63 1
5019 0 -64 0
5020 1 63 1
5021 0 -64 0
5022 0 -64 0
5023 0 -64 0
5024 1 63 1
5025 0 -64 0
5026 0 -64 0
5027 1 63 1
5028 0 -64 0
5029 1 63 1
5030 1 63 1
5031 0 -64 0
5032 0 -64 0
5033 1 63 1
5034 0 -64 0
5035 1 63 1
5036 0 -64 0
5037 0 -64 0
5038 0 -64 0
5039 1 63 1
5040 1 63 1
5041 0 -64 0
5042 1 63 1
5043 0 -64 0
5044 1 63 1
5045 1 63 1
5046 1 63 1
5047 1 63 1
5048 1 63 1
5049 1 63 1
5050 0 -64 0
5051 0 -64 0
5052 1 63 1
5053 0 -64 0
5054 1 63 1
5055 1 63 1
5056 1 63 1
5057 1 63 1
5058 0 -64 0
5059 1 63 1
5060 1 63 1
5061 1 63 1
5062 1 63 1
5063 0 -64 0
5064 0 -64 0
5065 0 -64 0
5066 1 63 1
5067 1 63 1
5068 1 63 1
5069 0 -64 0
5070 1 63 1
5071 0 -64 0
5072 0 -64 0
5073 1 63 1
5074 1 63 1
5075 0 -64 0
5076 1 63 1
5077 1 63 1
5078 0 -64 0
5079 1 63 1
5080 0 -64 0
5081 1 63 1
5082 1 63 1
5083 0 -64 0
5084 1 -16 0
5085 1 63 1
5086 0 -64 0
5087 1 63 1
5088 1 63 1
5089 0 -64 0
5090 0 -64 0
5091 0 -64 0
5092 1 63 1
5093 1 63 1
5094 1 63 1
5095 0 -64 0
5096 0 -64 0
5097 0 -64 0
5098 0 -64 0
5099 1 63 1
5100 1 63 1
5101 0 -64 0
5102 1 63 1
5103 0 -64 0
5104 1 63 1
5105 0 -64 0
5106 1 63 1
5107 1 63 1
5108 0 -64 0
5109 0 -64 0
5110 0 -64 0
5111 0 -64 0
5112 0 -64 0
5113 1 63 1
5114 1 63 1
5115 1 63 1
5116 1 63 1
5117 0 -64 0
5118 1 63 1
5119 1 63 1
5120 0 -64 0
5121 0 -64 0
5122 0 -64 0
5123 0 -64 0
5124 0 -64 0
5125 1 63 1
5126 1 63 1
5127 1 63 1
5128 1 63 1
5129 0 -64 0
5130 0 -64 0
5131 1 63 1
5132 1 63 1
5133 1 63 1
5134 0 -64 0
5135 1 63 1
5136 0 -64 0
5137 0 -64 0
5138 0 -39 0
5139 1 63 1
5140 1 63 1
5141 1 63 1
5142 1 63 1
5143 1 63 1
5144 1 63 1
5145 1 63 1
5146 1 63 1
5147 0 -64 0
5148 0 -64 0
5149 1 63 1
5150 1 63 1
5151 1 63 1
5152 1 63 1
5153 0 -64 0
5154 0 -64 0
5155 1 63 1
5156 0 -64 0
5157 0 -64 0
5158 1 63 1
5159 1 63 1
5160 1 63 1
5161 1 36 1
5162 1 63 1
5163 0 -64 0
5164 0 -64 0
5165 0 -64 0
5166 0 -64 0
5167 0 -64 0
5168 1 63 1
5169 0 -64 0
5170 1 63 1
5171 1 63 1
5172 0 -64 0
5173 0 -64 0
5174 1 63 1
5175 0 -64 0
5176 1 63 1
5177 0 -64 0
5178 0 -64 0
5179 1 63 1
5180 1 63 1
5181 0 -64 0
5182 0 -64 0
5183 1 63 1
5184 0 -64 0
5185 1 63 1
5186 1 63 1
5187 0 -64 0
5188 1 63 1
5189 0 -64 0
5190 0 -64 0
5191 1 63 1
5192 1 63 1
5193 0 -64 0
5194 0 -64 0
5195 1 63 1
5196 1 63 1
5197 0 -64 0
5198 1 63 1
5199 1 63 1
5200 0 -64 0
5201 0 -64 0
5202 0 -64 0
5203 1 63 1
5204 1 63 1
5205 0 -64 0
5206 0 -64 0
5207 1 63 1
5208 0 -64 0
5209 1 63 1
5210 0 -64 0
5211 0 -64 0
5212 0 -64 0
5213 1 63 1
5214 1 63 1
5215 0 -64 0
5216 0 -64 0
5217 0 -64 0
5218 1 63 1
5219 0 -64 0
5220 1 63 1
5221 1 63 1
5222 1 63 1
5223 1 63 1
5224 1 63 1
5225 1 63 1
5226 0 -64 0
5227 1 63 1
5228 1 63 1
5229 1 63 1
5230 1 63 1
5231 1 63 1
5232 0 -64 0
5233 0 -64 0
5234 0 -64 0
5235 0 -64 0
5236 1 63 1
5237 1 63 1
5238 1 63 1
5239 0 -64 0
5240 0 -64 0
5241 0 -64 0
5242 0 -64 0
5243 0 -64 0
5244 0 -64 0
5245 1 63 1
5246 0 -64 0
5247 0 -64 0
5248 0 -64 0
5249 0 -64 0
5250 0 -64 0
5251 1 63 1
5252 1 63 1
5253 1 63 1
5254 1 63 1
5255 0 -64 0
5256 0 -64 0
5257 1 63 1
5258 1 63 1
5259 1 63 1
5260 0 -64 0
5261 1 63 1
5262 0 -64 0
5263 1 63 1
5264 0 -64 0
5265 0 -64 0
5266 1 63 1
5267 0 -64 0
5268 1 63 1
5269 1 63 1
5270 1 63 1
5271 0 -64 0
5272 1 63 1
5273 0 -64 0
5274 1 63 1
5275 0 -64 0
5276 0 -64 0
5277 0 -64 0
5278 0 -64 0
5279 1 63 1
5280 1 63 1
5281 0 -64 0
5282 0 -64 0
5283 1 63 1
5284 0 -64 0
5285 1 63 1
5286 0 -64 0
5287 0 -64 0
5288 1 63 1
5289 0 -64 0
5290 0 -64 0
5291 1 63 1
5292 1 63 1
5293 1 63 1
5294 0 -64 0
5295 1 63 1
5296 0 -64 0
5297 1 63 1
5298 1 63 1
5299 0 -64 0
5300 0 -64 0
5301 1 63 1
5302 0 -64 0
5303 0 -64 0
5304 0 -64 0
5305 1 63 1
5306 0 -64 0
5307 0 -31 0
5308 0 -64 0
5309 1 63 1
5310 1 63 1
5311 0 -64 0
5312 0 -64 0
5313 0 -64 0
5314 0 -64 0
5315 1 63 1
5316 1 63 1
5317 1 63 1
5318 0 -64 0
5319 0 -64 0
5320 1 63 1
5321 1 63 1
5322 0 -64 0
5323 0 -64 0
5324 1 63 1
5325 0 -64 0
5326 0 -64 0
5327 0 -64 0
5328 0 -64 0
5329 0 -64 0
5330 0 -64 0
5331 0 -64 0
5332 0 -64 0
5333 1 63 1
5334 0 -64 0
5335 1 63 1
5336 0 -64 0
5337 0 -64 0
5338 1 63 1
5339 1 63 1
5340 0 -64 0
5341 0 -64 0
5342 0 -64 0
5343 0 -64 0
5344 1 63 1
5345 0 -50 0
5346 1 63 1
5347 0 -64 0
5348 0 -64 0
5349 0 -64 0
5350 1 63 1
5351 1 63 1
5352 1 63 1
5353 1 63 1
5354 0 -64 0
5355 0 -64 0
5356 1 63 1
5357 1 63 1
5358 0 -64 0
5359 1 63 1
5360 1 63 1
5361 0 -64 0
5362 1 63 1
5363 0 -64 0
5364 1 63 1
5365 1 63 1
5366 1 63 1
5367 1 63 1
5368 1 63 1
5369 1 63 1
5370 1 63 1
5371 1 63 1
5372 0 -64 0
5373 1 63 1
5374 1 63 1
5375 1 63 1
5376 1 37 1
5377 0 -64 0
5378 1 63 1
5379 0 -64 0
5380 1 63 1
5381 1 63 1
5382 1 63 1
5383 0 -64 0
5384 1 63 1
5385 1 63 1
5386 1 63 1
5387 0 -64 0
5388 1 63 1
5389 1 63 1
5390 1 63 1
5391 1 63 1
5392 0 -64 0
5393 1 63 1
5394 0 -64 0
5395 1 63 1
5396 0 -64 0
5397 1 63 1
5398 0 -64 0
5399 1 63 1
5400 0 -64 0
5401 0 -64 0
5402 0 -64 0
5403 1 63 1
5404 1 63 1
5405 0 -64 0
5406 1 63 1
5407 0 -64 0
5408 0 -64 0
5409 1 63 1
5410 0 -64 0
5411 1 63 1
5412 1 63 1
5413 1 63 1
5414 1 63 1
5415 0 -64 0
5416 0 -64 0
5417 0 -64 0
5418 1 63 1
5419 0 -64 0
5420 1 63 1
5421 1 63 1
5422 0 -64 0
5423 0 -64 0
5424 1 63 1
5425 0 -64 0
5426 1 63 1
5427 1 63 1
5428 1 63 1
5429 0 -64 0
5430 1 63 1
5431 0 -64 0
5432 0 -64 0
5433 1 63 1
5434 0 -64 0
5435 0 -64 0
5436 0 -64 0
5437 0 -64 0
5438 0 -64 0
5439 1 63 1
5440 0 -64 0
5441 0 -64 0
5442 0 -64 0
5443 0 -64 0
5444 0 -64 0
5445 1 63 1
5446 0 -64 0
5447 1 63 1
5448 0 -64 0
5449 1 63 1
5450 1 63 1
5451 0 -64 0
5452 1 63 1
5453 1 63 1
5454 0 -64 0
5455 0 -64 0
5456 0 -64 0
5457 0 -64 0
5458 0 -64 0
5459 1 63 1
5460 1 63 1
5461 1 63 1
5462 1 63 1
5463 1 63 1
5464 1 63 1
5465 1 63 1
5466 1 63 1
5467 1 63 1
5468 0 -64 0
5469 0 -64 0
5470 1 63 1
5471 1 63 1
5472 0 -64 0
5473 1 63 1
5474 1 63 1
5475 1 63 1
5476 1 63 1
5477 0 -64 0
5478 1 63 1
5479 1 63 1
5480 0 -64 0
5481 1 63 1
5482 0 -64 0
5483 0 -64 0
5484 0 -64 0
5485 1 63 1
5486 1 63 1
5487 0 -64 0
5488 1 63 1
5489 1 63 1
5490 1 63 1
5491 1 63 1
5492 1 63 1
5493 1 63 1
5494 1 63 1
5495 1 63 1
5496 1 63 1
5497 1 63 1
5498 0 -64 0
5499 0 -64 0
5500 0 -64 0
5501 1 63 1
5502 0 -64 0
5503 1 63 1
5504 0 -64 0
5505 1 63 1
5506 1 63 1
5507 0 -64 0
5508 1 63 1
5509 0 -64 0
5510 1 63 1
5511 1 63 1
5512 0 -64 0
5513 0 -64 0
5514 1 63 1
5515 1 63 1
5516 1 63 1
5517 0 -64 0
5518 0 -64 0
5519 1 63 1
5520 0 -64 0
5521 0 -64 0
5522 1 63 1
5523 1 63 1
5524 1 63 1
5525 1 63 1
5526 0 -64 0
5527 0 -64 0
5528 1 63 1
5529 0 -64 0
5530 1 63 1
5531 1 63 1
5532 1 63 1
5533 1 63 1
5534 0 -64 0
5535 0 -64 0
5536 1 63 1
5537 1 63 1
5538 0 -64 0
5539 0 -64 0
5540 1 63 1
5541 1 63 1
5542 1 63 1
5543 0 -64 0
5544 1 63 1
5545 1 63 1
5546 0 -64 0
5547 1 63 1
5548 0 -64 0
5549 0 -64 0
5550 1 63 1
5551 0 -64 0
5552 1 63 1
5553 1 63 1
5554 1 63 1
5555 1 63 1
5556 0 -64 0
5557 0 -64 0
5558 1 63 1
5559 1 63 1
5560 1 63 1
5561 1 63 1
5562 1 63 1
5563 0 -64 0
5564 0 -64 0
5565 0 -64 0
5566 1 63 1
5567 1 63 1
5568 0 -64 0
5569 1 63 1
5570 1 63 1
5571 1 63 1
5572 0 -64 0
5573 1 63 1
5574 1 63 1
5575 1 63 1
5576 1 63 1
5577 1 63 1
5578 1 63 1
5579 1 63 1
5580 1 63 1
5581 1 63 1
5582 1 63 1
5583 0 -64 0
5584 1 63 1
5585 0 -64 0
5586 0 -64 0
5587 0 -64 0
5588 0 -64 0
5589 1 63 1
5590 0 -64 0
5591 0 -64 0
5592 0 -64 0
5593 0 -64 0
5594 1 63 1
5595 1 63 1
5596 1 63 1
5597 1 63 1
5598 1 63 1
5599 1 62 1
5600 1 63 1
5601 1 63 1
5602 1 63 1
5603 1 63 1
5604 0 -64 0
5605 1 63 1
5606 1 63 1
5607 1 63 1
5608 0 -64 0
5609 1 63 1
5610 1 63 1
5611 1 63 1
5612 1 63 1
5613 0 -64 0
5614 1 57 1
5615 1 63 1
5616 0 -64 0
5617 0 -64 0
5618 1 63 1
5619 0 -64 0
5620 0 -64 0
5621 1 63 1
5622 1 63 1
5623 1 63 1
5624 1 63 1
5625 1 63 1
5626 1 63 1
5627 0 -64 0
5628 1 63 1
5629 1 63 1
5630 0 -64 0
5631 1 63 1
5632 1 63 1
5633 1 63 1
5634 1 63 1
5635 1 63 1
5636 1 63 1
5637 0 -52 0
5638 1 63 1
5639 1 63 1
5640 0 -64 0
5641 0 -64 0
5642 0 -64 0
5643 1 63 1
5644 1 63 1
5645 0 -64 0
5646 1 63 1
5647 0 -64 0
5648 1 63 1
5649 0 -64 0
5650 0 -64 0
5651 1 63 1
5652 0 -64 0
5653 1 63 1
5654 1 63 1
5655 1 63 1
5656 1 63 1
5657 0 -64 0
5658 1 63 1
5659 1 63 1
5660 0 -64 0
5661 1 63 1
5662 0 -64 0
5663 0 -64 0
5664 1 63 1
5665 0 -64 0
5666 0 -64 0
5667 0 -64 0
5668 0 -54 0
5669 1 63 1
5670 1 63 1
5671 0 -64 0
5672 0 -64 0
5673 0 -64 0
5674 1 63 1
5675 0 -64 0
5676 1 63 1
5677 0 -64 0
5678 1 63 1
5679 0 -64 0
5680 0 -64 0
5681 1 63 1
5682 1 63 1
5683 1 63 1
5684 1 63 1
5685 0 -64 0
5686 0 -64 0
5687 0 -64 0
5688 1 63 1
5689 0 -64 0
5690 0 -64 0
5691 0 -64 0
5692 1 63 1
5693 1 63 1
5694 0 -64 0
5695 1 63 1
5696 0 -64 0
5697 1 63 1
5698 1 63 1
5699 1 63 1
5700 1 63 1
5701 0 -64 0
5702 1 63 1
5703 1 63 1
5704 0 -64 0
5705 1 63 1
5706 1 63 1
5707 1 63 1
5708 0 -64 0
5709 1 63 1
5710 1 63 1
5711 1 63 1
5712 0 -64 0
5713 1 63 1
5714 0 -64 0
5715 0 -64 0
5716 1 63 1
5717 1 63 1
5718 0 -64 0
5719 1 63 1
5720 1 63 1
5721 1 63 1
5722 1 63 1
5723 1 63 1
5724 1 63 1
5725 1 63 1
5726 0 -64 0
5727 1 63 1
5728 1 63 1
5729 0 -64 0
5730 0 -64 0
5731 0 -64 0
5732 1 63 1
5733 0 -64 0
5734 1 63 1
5735 0 -64 0
5736 0 -64 0
5737 0 -64 0
5738 0 -64 0
5739 1 63 1
5740 1 63 1
5741 1 63 1
5742 1 63 1
5743 0 -64 0
5744 1 63 1
5745 1 63 1
5746 0 -64 0
5747 1 63 1
5748 0 -64 0
5749 0 -64 0
5750 1 63 1
5751 0 -64 0
5752 1 63 1
5753 0 -64 0
5754 0 -64 0
5755 1 63 1
5756 0 -64 0
5757 0 -64 0
5758 0 -64 0
5759 0 -64 0
5760 1 63 1
5761 0 -64 0
5762 1 63 1
5763 0 -64 0
5764 1 63 1
5765 0 -64 0
5766 1 63 1
5767 0 -64 0
5768 1 63 1
5769 0 -64 0
5770 1 63 1
5771 1 63 1
5772 0 -64 0
5773 1 63 1
5774 0 -64 0
5775 1 63 1
5776 0 -64 0
5777 0 -64 0
5778 1 63 1
5779 0 -64 0
5780 1 63 1
5781 0 -64 0
5782 1 63 1
5783 0 -50 0
5784 0 -64 0
5785 0 -64 0
5786 0 -64 0
5787 1 63 1
5788 0 -64 0
5789 0 -64 0
5790 1 63 1
5791 0 -64 0
5792 1 63 1
5793 1 63 1
5794 0 -64 0
5795 1 63 1
5796 0 -64 0
5797 0 -64 0
5798 1 63 1
5799 1 63 1
5800 0 -64 0
5801 1 63 1
5802 0 -64 0
5803 1 63 1
5804 1 63 1
5805 1 63 1
5806 0 -64 0
5807 1 63 1
5808 0 -64 0
5809 1 63 1
5810 0 -64 0
5811 1 63 1
5812 0 -64 0
5813 1 63 1
5814 0 -64 0
5815 0 -64 0
5816 0 -64 0
5817 1 63 1
5818 0 -64 0
5819 1 63 1
5820 0 -64 0
5821 0 -64 0
5822 1 63 1
5823 1 63 1
5824 0 -64 0
5825 0 -64 0
5826 1 63 1
5827 0 -64 0
5828 0 -64 0
5829 0 -64 0
5830 1 63 1
5831 0 -64 0
5832 1 63 1
5833 0 -64 0
5834 0 -64 0
5835 0 -64 0
5836 1 63 1
5837 1 63 1
5838 1 63 1
5839 1 63 1
5840 1 63 1
5841 1 63 1
5842 0 -64 0
5843 0 -64 0
5844 0 -64 0
5845 1 63 1
5846 0 -64 0
5847 0 -64 0
5848 1 63 1
5849 1 63 1
5850 0 -64 0
5851 1 63 1
5852 0 -57 0
5853 0 -64 0
5854 0 -64 0
5855 1 63 1
5856 1 63 1
5857 1 63 1
5858 1 63 1
5859 1 63 1
5860 0 -64 0
5861 1 63 1
5862 0 -64 0
5863 0 -64 0
5864 1 63 1
5865 1 63 1
5866 0 -64 0
5867 0 -64 0
5868 1 63 1
5869 1 63 1
5870 0 -64 0
5871 1 63 1
5872 1 63 1
5873 1 63 1
5874 0 -64 0
5875 0 -64 0
5876 1 63 1
5877 0 -64 0
5878 1 63 1
5879 1 63 1
5880 1 63 1
5881 1 63 1
5882 1 63 1
5883 1 63 1
5884 1 63 1
5885 1 63 1
5886 1 63 1
5887 0 -64 0
5888 0 -64 0
5889 1 63 1
5890 0 -64 0
5891 1 63 1
5892 1 63 1
5893 0 -64 0
5894 0 -64 0
5895 0 -64 0
5896 1 63 1
5897 0 -64 0
5898 0 -64 0
5899 0 -64 0
5900 0 -64 0
5901 1 63 1
5902 0 -64 0
5903 0 -64 0
5904 1 63 1
5905 1 63 1
5906 1 42 1
5907 1 63 1
5908 0 -64 0
5909 0 -64 0
5910 0 -64 0
5911 1 63 1
5912 1 63 1
5913 0 -64 0
5914 0 -64 0
5915 0 -64 0
5916 0 -64 0
5917 0 -64 0
5918 0 -64 0
5919 1 63 1
5920 0 -64 0
5921 0 -64 0
5922 0 -64 0
5923 0 -64 0
5924 0 -64 0
5925 1 63 1
5926 1 63 1
5927 1 63 1
5928 0 -64 0
5929 0 10 1
5930 0 -64 0
5931 0 -64 0
5932 1 63 1
5933 0 -64 0
5934 1 63 1
5935 1 63 1
5936 1 63 1
5937 1 63 1
5938 1 63 1
5939 0 -64 0
5940 1 63 1
5941 0 -64 0
5942 0 -64 0
5943 0 -64 0
5944 1 63 1
5945 1 63 1
5946 1 63 1
5947 0 -64 0
5948 0 -64 0
5949 0 -64 0
5950 1 63 1
5951 0 -64 0
5952 0 -64 0
5953 1 63 1
5954 0 -64 0
5955 0 -64 0
5956 0 -64 0
5957 1 63 1
5958 1 63 1
5959 1 63 1
5960 1 63 1
5961 1 63 1
5962 0 -64 0
5963 0 -64 0
5964 0 -64 0
5965 0 -64 0
5966 1 63 1
5967 1 63 1
5968 0 -64 0
5969 0 -64 0
5970 1 63 1
5971 0 -64 0
5972 0 -64 0
5973 0 -64 0
5974 1 63 1
5975 1 63 1
5976 1 63 1
5977 0 -64 0
5978 0 -64 0
5979 0 -64 0
5980 0 -64 0
5981 1 63 1
5982 0 -64 0
5983 0 -64 0
5984 0 -64 0
5985 1 63 1
5986 0 -64 0
5987 0 -64 0
5988 0 -64 0
5989 0 -64 0
5990 0 -64 0
5991 0 -64 0
5992 1 63 1
5993 0 -64 0
5994 0 -64 0
5995 0 -64 0
5996 1 63 1
5997 0 -64 0
5998 0 -64 0
5999 1 63 1
6000 0 -64 0
6001 0 -64 0
6002 0 -64 0
6003 1 63 1
6004 1 63 1
6005 0 -64 0
6006 0 -64 0
6007 1 63 1
6008 0 -64 0
6009 0 -64 0
6010 1 63 1
6011 1 63 1
6012 1 63 1
6013 1 63 1
6014 0 -64 0
6015 1 63 1
6016 1 63 1
6017 0 -64 0
6018 1 63 1
6019 0 -64 0
6020 1 63 1
6021 1 63 1
6022 0 -64 0
6023 1 63 1
6024 1 63 1
6025 0 -64 0
6026 0 -64 0
6027 1 63 1
6028 1 63 1
6029 0 -64 0
6030 1 63 1
6031 1 63 1
6032 0 -64 0
6033 1 63 1
6034 1 63 1
6035 1 63 1
6036 1 63 1
6037 1 63 1
6038 0 -64 0
6039 0 -64 0
6040 0 -64 0
6041 1 63 1
6042 1 63 1
6043 1 63 1
6044 0 -64 0
6045 0 -64 0
6046 0 -64 0
6047 0 -64 0
6048 0 -64 0
6049 1 63 1
6050 0 -64 0
6051 1 63 1
6052 1 63 1
6053 0 -64 0
6054 0 -64 0
6055 0 -64 0
6056 0 -64 0
6057 1 63 1
6058 1 63 1
6059 0 -64 0
6060 1 63 1
6061 1 63 1
6062 1 63 1
6063 1 63 1
6064 0 -64 0
6065 1 63 1
6066 1 63 1
6067 0 -64 0
6068 1 63 1
6069 0 -64 0
6070 0 -64 0
6071 0 -64 0
6072 1 63 1
6073 1 63 1
6074 0 -64 0
6075 0 63 1
6076 0 -64 0
6077 1 63 1
6078 0 -64 0
6079 0 -64 0
6080 1 63 1
6081 0 -64 0
6082 1 63 1
6083 1 63 1
6084 1 63 1
6085 0 -64 0
6086 1 63 1
6087 1 63 1
6088 0 -64 0
6089 0 -64 0
6090 1 63 1
6091 0 -64 0
6092 0 -64 0
6093 1 63 1
6094 0 -64 0
6095 0 -64 0
6096 0 -64 0
6097 1 63 1
6098 1 63 1
6099 0 -64 0
6100 0 -64 0
6101 0 -64 0
6102 1 63 1
6103 1 63 1
6104 0 -64 0
6105 0 -64 0
6106 1 63 1
6107 1 63 1
6108 1 63 1
6109 0 -64 0
6110 0 -64 0
6111 0 -64 0
6112 0 -64 0
6113 1 63 1
6114 0 -64 0
6115 0 -64 0
6116 1 63 1
6117 0 -64 0
6118 0 -64 0
6119 1 63 1
6120 0 -64 0
6121 1 63 1
6122 1 63 1
6123 1 63 1
6124 0 -64 0
6125 1 63 1
6126 0 -64 0
6127 1 63 1
6128 1 63 1
6129 1 63 1
6130 0 -64 0
6131 1 63 1
6132 0 -64 0
6133 0 -64 0
6134 1 63 1
6135 0 -64 0
6136 0 -64 0
6137 0 -64 0
6138 0 -64 0
6139 1 63 1
6140 0 -64 0
6141 0 -64 0
6142 1 63 1
6143 1 63 1
