# idx_orig bit_orig post_llr hard
0 0 -82675.23167212 0
1 1 103135.53592658 1
2 1 105801.88685802 1
3 0 -73633.84938100 0
4 0 -103329.68893632 0
5 0 -98519.67198777 0
6 1 124333.53226008 1
7 1 136065.95875504 1
8 0 -120300.61410436 0
9 1 113375.61052618 1
10 1 123478.47069657 1
11 0 -90312.39317689 0
12 0 -111752.00713149 0
13 0 -88001.32077410 0
14 1 117307.80542872 1
15 1 93420.57517160 1
16 0 -74589.20172722 0
17 0 -112079.27106642 0
18 1 73578.14854186 1
19 1 114358.93457748 1
20 0 -79023.01742686 0
21 0 -94449.64828257 0
22 0 -98795.74832986 0
23 1 71974.72494138 1
24 1 93117.77307409 1
25 1 108904.67272814 1
26 0 -110411.05554586 0
27 1 104313.85024153 1
28 0 -123454.61807056 0
29 1 122781.71296667 1
30 1 101902.10638492 1
31 1 96956.81822867 1
32 0 -94739.58897497 0
33 0 -78984.59588146 0
34 0 -93870.75864024 0
35 1 124144.97910768 1
36 0 -86746.29554583 0
37 1 107739.17266532 1
38 0 -94645.30293900 0
39 1 102378.25515900 1
40 1 79570.53757178 1
41 0 -104302.53018777 0
42 0 -113191.40408308 0
43 0 -82768.72523667 0
44 1 74613.44337730 1
45 0 -97864.74643746 0
46 0 -102703.93159219 0
47 0 -109715.06102986 0
48 1 109876.32196952 1
49 0 -121972.44780280 0
50 1 130825.51976006 1
51 0 -118360.12921770 0
52 0 -87502.09327488 0
53 0 -93983.83362260 0
54 0 -124950.67594718 0
55 1 124242.32692035 1
56 1 104326.08049435 1
57 1 123961.64402955 1
58 0 -105840.75462609 0
59 1 108603.09385918 1
60 1 91014.09240915 1
61 1 123933.59943130 1
62 1 115913.87975469 1
63 0 -101908.92615418 0
64 1 89143.78475343 1
65 0 -118702.87636204 0
66 1 109783.47998081 1
67 0 -98007.73500698 0
68 0 -107436.33479926 0
69 0 -98551.26754482 0
70 0 -117856.91006158 0
71 1 119588.53814422 1
72 1 83201.52670950 1
73 1 86726.20525631 1
74 0 -63677.58080224 0
75 0 -131342.58628290 0
76 1 118749.88504384 1
77 0 -115629.30450331 0
78 0 -111289.00565551 0
79 1 113147.10106683 1
80 0 -113695.92947965 0
81 0 -137945.52891818 0
82 0 -79814.94100277 0
83 1 129552.88744935 1
84 0 -104293.85881363 0
85 1 118367.48383794 1
86 0 -123714.87824971 0
87 0 -104348.69272498 0
88 1 122516.17999186 1
89 0 -116277.60803824 0
90 1 116710.63145128 1
91 1 121948.85213052 1
92 0 -87718.91953007 0
93 1 109883.01528747 1
94 1 65749.75684252 1
95 1 125831.70135816 1
96 1 112104.05720897 1
97 0 -112173.98831133 0
98 1 95456.11815767 1
99 1 109450.82250463 1
100 1 101956.46166675 1
101 1 113540.61987655 1
102 1 70875.37580335 1
103 1 114892.72424512 1
104 1 83366.68985979 1
105 1 119274.83991698 1
106 0 -104917.58284316 0
107 0 -114223.39912420 0
108 0 -119976.44400331 0
109 0 -125075.99599500 0
110 1 112342.34829708 1
111 0 -121822.45777854 0
112 1 127341.75534332 1
113 0 -107331.50700046 0
114 0 -75049.68428806 0
115 0 -122143.53868612 0
116 1 114400.11259449 1
117 0 -119995.37939654 0
118 0 -96259.20250115 0
119 0 -126501.40344407 0
120 1 117852.45278917 1
121 0 -123380.31853023 0
122 0 -79903.74988847 0
123 1 121352.63687107 1
124 1 116244.11863657 1
125 1 121629.77943878 1
126 1 119739.67903807 1
127 0 -108718.42810185 0
128 1 67849.71412365 1
129 0 -67474.78381942 0
130 1 119647.36625850 1
131 1 117891.91704197 1
132 1 123888.34375423 1
133 0 -125356.96485861 0
134 0 -70586.57868879 0
135 1 122398.32198506 1
136 1 89215.95024020 1
137 0 -73989.81184149 0
138 0 -100828.60676236 0
139 1 71121.92543593 1
140 1 111579.32811799 1
141 0 -127536.06826399 0
142 0 -100495.18562683 0
143 1 103184.88523420 1
144 0 -135247.78092567 0
145 1 132379.66450184 1
146 1 119507.85074370 1
147 1 87048.62072308 1
148 1 76109.05880697 1
149 0 -78260.79018650 0
150 0 -124780.17437193 0
151 0 -117382.88228944 0
152 0 -134772.65928581 0
153 1 89151.01461811 1
154 0 -108839.14523711 0
155 0 -108187.24986393 0
156 1 104172.13232099 1
157 0 -73443.01181077 0
158 0 -121431.42760935 0
159 1 79574.52809493 1
160 1 90532.60593801 1
161 0 -120302.08353290 0
162 1 89797.13295473 1
163 1 98880.32261843 1
164 1 129414.41062753 1
165 0 -101950.06778304 0
166 1 78741.07464788 1
167 0 -71702.72246212 0
168 0 -83623.53313356 0
169 1 71510.11064046 1
170 1 76207.65424121 1
171 0 -115983.98938739 0
172 0 -114896.15882415 0
173 0 -101262.08691679 0
174 1 97779.09411761 1
175 1 126485.99088678 1
176 1 94240.59720946 1
177 1 95387.25781735 1
178 0 -123720.86393026 0
179 0 -83030.95937727 0
180 0 -101346.96941498 0
181 1 118845.22816269 1
182 0 -120663.35337023 0
183 1 94053.25590366 1
184 1 131419.77838002 1
185 1 116815.69923458 1
186 0 -71504.81313719 0
187 0 -82696.20010917 0
188 0 -96777.03903116 0
189 1 85432.09159078 1
190 0 -66592.77056485 0
191 0 -120093.70996856 0
192 0 -117379.47234336 0
193 0 -97978.74865936 0
194 0 -100452.61757399 0
195 0 -117633.14982945 0
196 0 -137650.33684594 0
197 0 -94773.36248073 0
198 0 -131495.47742806 0
199 1 92477.90438202 1
200 0 -125614.30022202 0
201 0 -129787.63546769 0
202 1 94211.38940541 1
203 1 105546.87208429 1
204 1 114288.55185070 1
205 0 -119506.09996019 0
206 1 72715.50350858 1
207 1 103069.20263491 1
208 1 100890.91058418 1
209 1 100908.12122569 1
210 1 93481.04078319 1
211 0 -117110.74284596 0
212 1 135915.14108301 1
213 0 -123826.36458654 0
214 1 132398.56657716 1
215 1 127547.51271323 1
216 0 -132459.73015659 0
217 0 -105287.10453584 0
218 0 -128640.95104554 0
219 0 -98481.63070100 0
220 1 118954.58405810 1
221 1 77414.45668186 1
222 1 122940.29979962 1
223 0 -136636.34274037 0
224 0 -134285.73105753 0
225 1 73631.47029183 1
226 1 76742.94345966 1
227 1 87923.65508453 1
228 0 -98819.40612735 0
229 0 -94219.61440191 0
230 1 95815.00821697 1
231 0 -75510.30411027 0
232 1 101623.80888045 1
233 1 126949.61446917 1
234 1 100579.17235009 1
235 1 72560.15936808 1
236 0 -129445.56243299 0
237 1 94333.98837552 1
238 0 -117625.31226284 0
239 1 87172.23134646 1
240 0 -130873.79846176 0
241 0 -59421.17314764 0
242 1 114647.02045404 1
243 0 -124414.55848074 0
244 0 -106654.10986654 0
245 0 -73752.79322676 0
246 0 -86930.60210994 0
247 1 102040.76373374 1
248 1 80170.37410358 1
249 1 94060.23193731 1
250 1 92628.67250730 1
251 1 76511.89941304 1
252 0 -124144.84387604 0
253 0 -120084.17647732 0
254 1 122252.88322915 1
255 1 58859.91745464 1
256 0 -136320.60348488 0
257 0 -87385.58800750 0
258 1 128254.22918489 1
259 0 -92419.98557753 0
260 1 125368.93215325 1
261 0 -80978.86436367 0
262 0 -103710.81985304 0
263 0 -134586.54575463 0
264 1 111072.37745195 1
265 0 -78970.62552489 0
266 0 -100946.45825025 0
267 0 -111726.93504344 0
268 0 -127848.88674526 0
269 1 109780.36584252 1
270 1 102937.84950000 1
271 1 75776.38810012 1
272 1 115580.38013200 1
273 0 -129420.08522715 0
274 0 -78774.68098708 0
275 0 -78094.07639657 0
276 0 -109743.44960530 0
277 0 -108208.97965023 0
278 0 -106554.97056482 0
279 1 110285.93014600 1
280 0 -123453.41368695 0
281 1 59704.47022356 1
282 0 -93684.60195742 0
283 0 -115056.73893092 0
284 0 -106833.81980095 0
285 0 -69000.27095758 0
286 0 -89741.67027640 0
287 0 -113468.65855083 0
288 0 -98035.72342850 0
289 1 107925.47851916 1
290 1 97773.23997012 1
291 1 88545.11420083 1
292 1 123856.13546282 1
293 1 121025.72010484 1
294 0 -106869.90095425 0
295 0 -83125.71141412 0
296 0 -124086.41738353 0
297 1 106651.63302765 1
298 1 114196.76520659 1
299 1 120231.07647453 1
300 1 120762.28292196 1
301 0 -100750.38390611 0
302 1 87153.29791103 1
303 1 117741.48801531 1
304 1 64910.41793801 1
305 0 -84091.11997193 0
306 0 -109425.96859046 0
307 1 109285.18849399 1
308 0 -112155.33628139 0
309 1 101440.56333906 1
310 0 -109374.08811063 0
311 1 83211.81706271 1
312 0 -65869.14793358 0
313 1 113295.81642752 1
314 1 94265.71861645 1
315 0 -96989.92201210 0
316 1 117754.37238129 1
317 1 111374.50632012 1
318 0 -114353.03381382 0
319 1 112728.05018247 1
320 0 -124531.14970914 0
321 1 89604.65721205 1
322 0 -115298.52537451 0
323 0 -134306.78394014 0
324 0 -79827.39396346 0
325 1 93098.92833260 1
326 1 113265.20323001 1
327 1 92616.31238290 1
328 0 -91184.42630919 0
329 1 105891.46851648 1
330 0 -110466.05012340 0
331 0 -107937.55594301 0
332 1 65357.96635823 1
333 1 106266.29767530 1
334 1 132042.96367806 1
335 1 92409.33678924 1
336 0 -118216.57308262 0
337 1 96785.38930580 1
338 1 124719.27667494 1
339 1 88783.71873040 1
340 1 104195.88667420 1
341 1 91360.06866811 1
342 1 115939.01789776 1
343 1 123811.87078823 1
344 1 65838.10336711 1
345 0 -99346.98600705 0
346 1 106065.07093092 1
347 0 -96442.67068173 0
348 1 92736.74929221 1
349 0 -87025.99970817 0
350 0 -122450.62597334 0
351 1 83703.15993806 1
352 0 -75677.16456912 0
353 1 111223.84542374 1
354 0 -122523.53122094 0
355 0 -128284.47299965 0
356 0 -104917.33791622 0
357 0 -105858.05995361 0
358 0 -66591.49876608 0
359 0 -97086.21418008 0
360 1 113333.70202152 1
361 1 122605.15444359 1
362 0 -122410.35387401 0
363 1 108257.37785922 1
364 0 -77739.13810546 0
365 0 -116519.93328938 0
366 0 -102764.51165019 0
367 1 102400.18363323 1
368 1 105164.97092523 1
369 0 -107225.15543991 0
370 0 -89617.72001843 0
371 0 -124899.64870982 0
372 0 -92009.01583727 0
373 0 -123234.39727262 0
374 1 136409.37767600 1
375 0 -131824.70862739 0
376 0 -126344.60122874 0
377 1 91034.84420148 1
378 0 -78858.52841197 0
379 0 -106726.26812949 0
380 1 136674.24403377 1
381 0 -125359.34587409 0
382 1 147496.68770286 1
383 0 -132960.45579357 0
384 1 91117.91937146 1
385 0 -116260.80861670 0
386 0 -107804.77733661 0
387 0 -98172.14430311 0
388 0 -134447.44503168 0
389 0 -100087.80690871 0
390 1 105644.21238991 1
391 1 108283.54835093 1
392 1 100818.78414968 1
393 1 130075.69964305 1
394 1 135588.28587625 1
395 0 -122181.77865448 0
396 0 -87615.87190566 0
397 1 124605.45100625 1
398 1 72556.49472062 1
399 0 -137100.37553960 0
400 1 77400.27911220 1
401 1 110763.62067090 1
402 1 139718.23261574 1
403 0 -116941.88165547 0
404 1 96941.35045258 1
405 0 -114319.23109134 0
406 1 103279.05953940 1
407 0 -129782.24680772 0
408 0 -111444.21447308 0
409 0 -124964.65034843 0
410 0 -96568.13968452 0
411 0 -111695.57261421 0
412 1 99956.12109853 1
413 1 71726.39108578 1
414 1 130083.92048503 1
415 1 104291.76422085 1
416 1 68466.33877805 1
417 1 120126.54781445 1
418 1 92132.39688481 1
419 0 -115895.54461573 0
420 0 -71493.29663604 0
421 0 -100229.45548708 0
422 0 -126529.18165450 0
423 1 69679.61645314 1
424 0 -99489.77685783 0
425 1 95298.11251392 1
426 1 118652.01822725 1
427 0 -132118.76498323 0
428 0 -139420.40014102 0
429 0 -121014.26373840 0
430 0 -114305.25625360 0
431 1 102656.02014784 1
432 1 132724.37193984 1
433 1 72999.04671714 1
434 1 127118.97470037 1
435 1 103530.36139075 1
436 1 75462.75238061 1
437 1 127668.72393139 1
438 0 -102681.78184128 0
439 0 -125830.88482783 0
440 1 68235.42792440 1
441 0 -107761.12184843 0
442 0 -121723.82038275 0
443 1 67077.94802339 1
444 0 -108347.97182521 0
445 1 92283.81527176 1
446 0 -106632.29425510 0
447 0 -111587.38559124 0
448 1 143467.40165532 1
449 0 -115450.89695927 0
450 1 110731.52670940 1
451 0 -86650.33972142 0
452 0 -110841.95103877 0
453 1 63558.78941827 1
454 1 105448.67535314 1
455 0 -105657.54964068 0
456 0 -66673.82218703 0
457 0 -118029.84487011 0
458 0 -99853.56143318 0
459 1 129688.85755685 1
460 1 78738.63625559 1
461 1 92527.83414085 1
462 1 128775.27273016 1
463 1 72092.38775535 1
464 0 -113418.11460614 0
465 1 112842.74697325 1
466 1 129622.21380215 1
467 1 118760.05211500 1
468 1 121078.21248288 1
469 0 -137150.73610732 0
470 1 130799.61994801 1
471 1 104390.10620243 1
472 1 113202.17003414 1
473 0 -112266.64412923 0
474 1 113869.28299706 1
475 1 89114.40422243 1
476 0 -107109.04866561 0
477 1 116095.38018340 1
478 0 -135258.69509714 0
479 1 124372.42078140 1
480 1 100802.93893207 1
481 0 -86498.64589814 0
482 0 -103867.84206352 0
483 0 -106540.83932285 0
484 0 -106131.59419559 0
485 0 -126822.10348514 0
486 0 -120525.30169052 0
487 1 131223.91221699 1
488 0 -126662.82175190 0
489 0 -111781.41518599 0
490 1 141725.07611271 1
491 0 -132719.50711673 0
492 1 122991.90142184 1
493 1 86022.14510440 1
494 0 -128183.60225156 0
495 1 127303.24984240 1
496 0 -80114.78353456 0
497 0 -132698.97260933 0
498 0 -114516.74578498 0
499 0 -130829.22168292 0
500 1 96645.76283188 1
501 1 133355.68638874 1
502 1 117771.47491846 1
503 0 -77169.27207641 0
504 0 -108473.64460519 0
505 0 -119410.59103061 0
506 1 129302.98582650 1
507 0 -122834.53350478 0
508 0 -128521.69271928 0
509 1 129074.52417692 1
510 0 -108924.33890097 0
511 0 -131694.20821288 0
512 0 -102919.75400765 0
513 0 -100642.67758700 0
514 0 -119335.05078649 0
515 0 -133774.69709137 0
516 0 -92560.68817413 0
517 1 102589.09354523 1
518 1 123997.45851798 1
519 1 118115.12394195 1
520 0 -91081.30839456 0
521 1 133202.55710607 1
522 0 -130312.90925952 0
523 0 -92129.71366740 0
524 1 83468.18548488 1
525 1 132840.33857460 1
526 0 -129773.36258142 0
527 0 -113803.68701742 0
528 0 -125292.36619408 0
529 0 -118171.07010695 0
530 1 125680.62683735 1
531 1 115519.19276485 1
532 0 -102224.99735693 0
533 0 -99895.86127870 0
534 1 73941.91124230 1
535 1 131630.74590736 1
536 0 -125063.13176658 0
537 0 -118925.14373188 0
538 0 -97916.14039428 0
539 1 123669.16176350 1
540 1 125185.61028613 1
541 0 -122090.47109895 0
542 0 -77619.75677280 0
543 0 -128828.64726187 0
544 0 -110688.05128563 0
545 0 -117194.76680108 0
546 0 -129204.75627740 0
547 0 -118695.35566080 0
548 1 111375.98186522 1
549 0 -118850.06496757 0
550 1 128908.20236021 1
551 0 -137464.80594430 0
552 0 -79089.35885877 0
553 1 134149.59979749 1
554 1 77654.92204152 1
555 1 124667.65176938 1
556 0 -115409.97811110 0
557 1 134980.39003201 1
558 0 -101751.41250318 0
559 1 101326.46464302 1
560 0 -118372.45583342 0
561 0 -127535.36988316 0
562 1 79675.96270786 1
563 1 114188.58785152 1
564 1 130949.91519142 1
565 1 122411.55420674 1
566 1 97512.03566684 1
567 0 -129867.89837454 0
568 0 -119073.84027823 0
569 0 -121948.91541714 0
570 0 -119501.31434972 0
571 1 130469.78651158 1
572 0 -122194.92520147 0
573 0 -93580.94017171 0
574 0 -86832.37550488 0
575 0 -119369.07803725 0
576 1 115409.04155774 1
577 0 -124197.65561704 0
578 0 -102611.54897679 0
579 0 -123171.22834002 0
580 1 91634.80731537 1
581 0 -122894.50364936 0
582 1 69782.79778387 1
583 0 -113730.95526889 0
584 1 120581.23160371 1
585 0 -128801.26998024 0
586 1 106271.29749330 1
587 0 -40887.83713008 0
588 1 71464.74577284 1
589 1 72251.79677444 1
590 0 -101585.82411250 0
591 1 119429.82552555 1
592 1 119879.87834800 1
593 1 99383.04413965 1
594 0 -38943.61125900 0
595 1 118639.55925259 1
596 1 82033.31127325 1
597 0 -60207.13297025 0
598 1 90291.43753108 1
599 0 -68067.50775978 0
600 0 -87600.62223020 0
601 1 87673.69487146 1
602 0 -92027.15295969 0
603 0 -83145.57291844 0
604 0 -120672.19782260 0
605 0 -123148.54616729 0
606 1 108452.54706085 1
607 0 -64990.30167860 0
608 1 38943.61125900 1
609 1 72235.77305173 1
610 0 -117891.76430080 0
611 0 -109990.68148246 0
612 1 125104.15002503 1
613 0 -94184.05211918 0
614 1 83495.07393059 1
615 1 82279.24174288 1
616 0 -98383.75282799 0
617 0 -72976.25730755 0
618 1 124402.59654650 1
619 1 69715.15947382 1
620 1 98485.27891362 1
621 0 -99351.52525856 0
622 0 -69025.08576226 0
623 1 104390.52067495 1
624 1 126249.40676147 1
625 0 -109545.26107863 0
626 1 74222.33808744 1
627 1 71317.76140594 1
628 0 -69271.62800989 0
629 0 -55693.45108667 0
630 0 -79269.07494701 0
631 0 -113804.17277381 0
632 1 123462.97728336 1
633 0 -89642.12072162 0
634 1 93954.25483430 1
635 1 116608.63896494 1
636 0 -85177.58435356 0
637 0 -86463.39711572 0
638 1 115354.41237552 1
639 1 74084.50467293 1
640 1 87932.54962391 1
641 0 -116806.53337874 0
642 1 100961.21003874 1
643 1 81994.17337276 1
644 1 132457.25152078 1
645 0 -109183.73573747 0
646 0 -66279.23857508 0
647 0 -64534.47915287 0
648 0 -99810.05550367 0
649 0 -72689.25730792 0
650 1 58182.91770176 1
651 1 124416.03659948 1
652 1 118362.59592802 1
653 1 92346.52225888 1
654 0 -90672.18823540 0
655 0 -128274.53585858 0
656 0 -129878.61446332 0
657 1 72218.85098329 1
658 1 128872.26121316 1
659 0 -90445.99039562 0
660 1 100567.24698575 1
661 0 -109182.04150282 0
662 1 128984.47342686 1
663 1 85403.37315029 1
664 1 93767.22112264 1
665 1 120013.78098086 1
666 1 80236.40425920 1
667 1 74361.59870900 1
668 0 -88825.71724397 0
669 0 -101307.80717915 0
670 0 -80961.66212017 0
671 1 104786.44351877 1
672 0 -139981.51965518 0
673 0 -126708.44628822 0
674 0 -110314.41246615 0
675 0 -108010.11418616 0
676 1 129940.77925769 1
677 0 -98485.74413401 0
678 1 120711.05703508 1
679 0 -105006.97239439 0
680 1 113814.96490972 1
681 1 75750.55569243 1
682 0 -114831.26295338 0
683 1 135688.23076352 1
684 1 123914.07470530 1
685 1 63467.99783161 1
686 0 -109198.57127479 0
687 0 -87228.66062436 0
688 1 97647.33856309 1
689 0 -92578.74465760 0
690 0 -93351.03069190 0
691 1 74364.26802674 1
692 1 88134.81984061 1
693 1 122174.08410689 1
694 1 86096.77608434 1
695 0 -60255.14083279 0
696 1 125377.89783098 1
697 0 -93997.25913863 0
698 0 -120775.82904419 0
699 1 76898.77476573 1
700 0 -132093.12055263 0
701 1 55110.01828272 1
702 0 -98363.72496270 0
703 1 114462.44948865 1
704 0 -105520.41642040 0
705 0 -67061.15983926 0
706 1 69175.57702723 1
707 1 95720.04717189 1
708 1 104741.76226728 1
709 1 79269.92831170 1
710 0 -81212.86030604 0
711 0 -67743.17353199 0
712 1 106519.88802010 1
713 1 105555.83942723 1
714 0 -119871.15170303 0
715 0 -59923.22061369 0
716 0 -113995.20413605 0
717 0 -132794.67403478 0
718 0 -122411.36332174 0
719 0 -120104.29507462 0
720 1 106590.79856752 1
721 1 76241.36927280 1
722 0 -100714.37527244 0
723 1 118492.18464367 1
724 1 109331.12881766 1
725 1 93356.07632586 1
726 0 -97395.14307616 0
727 0 -100215.39930642 0
728 0 -117659.28561215 0
729 1 106579.05106643 1
730 1 86681.23584734 1
731 0 -70379.69016139 0
732 0 -116413.52307329 0
733 1 123352.14551447 1
734 0 -78165.49878429 0
735 1 76200.15129854 1
736 1 103794.00286013 1
737 0 -106302.56302004 0
738 1 109731.80086750 1
739 0 -119023.28337330 0
740 0 -112418.31065123 0
741 0 -46883.07105790 0
742 1 88021.40636716 1
743 1 101858.82057306 1
744 1 104994.07928728 1
745 1 87677.91012109 1
746 0 -95419.83451569 0
747 1 103120.37996588 1
748 1 88319.82949197 1
749 0 -102851.95219557 0
750 0 -79069.68089468 0
751 0 -87339.73432181 0
752 0 -111601.73651342 0
753 1 123752.45079127 1
754 1 104385.36774022 1
755 0 -79331.89220789 0
756 0 -128169.24636525 0
757 0 -107335.83689135 0
758 0 -104864.10620640 0
759 0 -96691.05304511 0
760 1 123575.61113997 1
761 0 -89285.85343751 0
762 1 76466.32466413 1
763 1 113277.78169408 1
764 1 58416.11750332 1
765 1 69624.16062862 1
766 1 100394.71952855 1
767 0 -107944.12436641 0
768 0 -105070.44491973 0
769 1 92629.33164464 1
770 0 -106730.75801961 0
771 1 78043.13044879 1
772 1 55116.41504841 1
773 0 -104808.30404671 0
774 0 -93990.29826330 0
775 1 87775.22363872 1
776 1 104775.01556095 1
777 1 101139.93801497 1
778 1 103571.82194663 1
779 1 97143.82732927 1
780 0 -90919.46417696 0
781 0 -98112.60679769 0
782 0 -92859.24556274 0
783 1 107455.87492728 1
784 0 -67020.38017020 0
785 0 -85778.30310530 0
786 1 94580.03092616 1
787 1 71505.64185097 1
788 0 -93417.42381798 0
789 0 -92348.88594000 0
790 1 97265.28422874 1
791 1 95830.54728964 1
792 0 -60367.12749960 0
793 1 99468.65422823 1
794 1 111557.00150234 1
795 1 100460.51874939 1
796 1 110623.66321484 1
797 1 89881.02743489 1
798 0 -119583.22382050 0
799 0 -93042.62870708 0
800 0 -103503.12903205 0
801 1 81666.93469267 1
802 0 -121533.67794826 0
803 0 -96883.53963743 0
804 0 -64944.42541227 0
805 0 -86119.70851614 0
806 1 107804.94471194 1
807 1 79919.53553534 1
808 0 -76130.90584693 0
809 1 89323.56725295 1
810 0 -98451.09033857 0
811 1 110037.32053580 1
812 0 -80474.66659879 0
813 1 109170.72804111 1
814 1 110842.22360545 1
815 0 -105893.54941076 0
816 0 -106745.52684163 0
817 1 85410.81587524 1
818 0 -58907.95479423 0
819 1 93995.57230947 1
820 0 -106576.67525503 0
821 0 -105276.95413036 0
822 1 104859.09802081 1
823 0 -104594.49094487 0
824 1 87359.65727717 1
825 0 -106259.64562625 0
826 1 95217.34685192 1
827 1 87018.12446444 1
828 0 -86079.80538241 0
829 1 93454.33771830 1
830 1 90470.22872330 1
831 1 113732.75474229 1
832 1 81373.93508144 1
833 1 125820.12420806 1
834 0 -121016.83236213 0
835 0 -107645.99614265 0
836 1 108362.29920671 1
837 0 -98087.00959909 0
838 0 -67331.43135995 0
839 1 84985.13529137 1
840 1 125314.28255436 1
841 1 102937.89147909 1
842 1 119293.31573818 1
843 0 -107552.28239101 0
844 0 -90914.20839350 0
845 1 103247.14681185 1
846 1 90066.46697528 1
847 1 86519.16164056 1
848 0 -125499.07162406 0
849 0 -116357.89932785 0
850 1 87789.85164604 1
851 1 114477.20872220 1
852 0 -90994.63434052 0
853 0 -112655.06787218 0
854 1 129962.84957629 1
855 0 -122057.16164007 0
856 0 -73861.56208300 0
857 1 124655.67646503 1
858 0 -84331.43866083 0
859 0 -124475.22018257 0
860 0 -63286.70018593 0
861 0 -116651.86024592 0
862 1 123740.58711742 1
863 0 -70203.14015506 0
864 1 100871.67968523 1
865 1 124293.77437092 1
866 0 -107700.31377112 0
867 0 -114624.19180824 0
868 1 135732.85151053 1
869 1 122652.48903484 1
870 1 99334.50269263 1
871 0 -114652.66077446 0
872 1 114632.31505161 1
873 1 78181.18625935 1
874 0 -116524.90336430 0
875 0 -91300.24852002 0
876 1 73719.79667470 1
877 1 112180.89228045 1
878 1 89264.41174481 1
879 1 128567.24240556 1
880 1 74703.20152283 1
881 1 81778.56696831 1
882 1 119521.96010523 1
883 1 66945.17882679 1
884 0 -90732.89976190 0
885 0 -88602.57690724 0
886 1 127112.67872323 1
887 0 -122743.54936457 0
888 0 -113066.71092700 0
889 0 -123545.07517185 0
890 1 118759.86817994 1
891 1 91109.21714799 1
892 1 123594.48913224 1
893 1 80677.11239281 1
894 1 119020.75801383 1
895 0 -91026.92367198 0
896 1 90389.17772649 1
897 0 -125641.79762427 0
898 0 -89144.93991854 0
899 0 -118327.62294147 0
900 1 84059.12684123 1
901 0 -94543.81962965 0
902 0 -125268.35879778 0
903 0 -82430.41323657 0
904 1 113640.62555615 1
905 0 -89872.39555520 0
906 1 110168.09358723 1
907 1 138411.62047561 1
908 0 -129519.61167801 0
909 1 129431.28292143 1
910 0 -124910.17330191 0
911 0 -101104.82906500 0
912 1 119421.87541696 1
913 1 62350.44875869 1
914 0 -131984.30328236 0
915 1 105825.21111137 1
916 0 -88557.09297751 0
917 0 -142586.03468220 0
918 1 95742.15657299 1
919 1 120262.39265822 1
920 1 87563.29188366 1
921 1 116854.75428843 1
922 0 -120148.84448313 0
923 1 63146.65802509 1
924 0 -107636.64324365 0
925 1 93243.81258392 1
926 1 117029.29398017 1
927 1 106303.76720873 1
928 0 -124572.56317812 0
929 1 124579.25525076 1
930 1 115788.30987193 1
931 0 -92843.39558753 0
932 1 109949.88429253 1
933 1 87173.61801756 1
934 0 -99401.32963687 0
935 1 93915.71534073 1
936 0 -98756.79486495 0
937 0 -118482.17622464 0
938 1 131643.29136891 1
939 0 -119744.11867061 0
940 0 -90928.92973954 0
941 0 -105226.52883168 0
942 0 -123115.27719090 0
943 0 -98288.94413659 0
944 1 113009.42046651 1
945 1 130943.13318440 1
946 1 116398.99211935 1
947 1 111237.12394491 1
948 0 -116241.42883261 0
949 1 114157.63246162 1
950 0 -125891.01517330 0
951 0 -120061.92838510 0
952 1 121366.90014259 1
953 0 -84264.55319914 0
954 1 105355.65855107 1
955 1 113719.55102463 1
956 1 92260.69202246 1
957 1 126004.71650148 1
958 1 113310.47333549 1
959 0 -138571.45042141 0
960 0 -88452.05451089 0
961 1 111246.81498728 1
962 1 107349.44309086 1
963 1 95666.10633073 1
964 1 100554.43257063 1
965 0 -115411.66447008 0
966 0 -134437.54820833 0
967 0 -121508.84130984 0
968 1 111018.48072158 1
969 0 -112933.50031508 0
970 0 -111987.45946068 0
971 1 121964.00442732 1
972 0 -89586.59572585 0
973 0 -108512.33761070 0
974 1 114087.77940434 1
975 0 -113601.72737791 0
976 1 79482.27624893 1
977 1 103610.34751544 1
978 1 109762.88911033 1
979 0 -107108.08864818 0
980 1 153986.55047041 1
981 1 125061.05568953 1
982 0 -104805.63856929 0
983 0 -86224.07226210 0
984 1 94025.46894480 1
985 1 126089.78393920 1
986 1 125147.26494581 1
987 1 126242.35928785 1
988 1 114074.24530705 1
989 0 -110073.03547447 0
990 0 -117824.64099159 0
991 0 -126773.20666583 0
992 0 -96615.50292965 0
993 0 -125438.98610370 0
994 0 -83375.19576105 0
995 1 126870.03511840 1
996 1 120009.92992945 1
997 0 -114458.27375925 0
998 1 111270.66618618 1
999 0 -120142.63501053 0
1000 0 -121617.37466909 0
1001 1 140617.02667703 1
1002 1 68828.87437500 1
1003 0 -124509.81785806 0
1004 0 -93897.29856755 0
1005 0 -126639.82963394 0
1006 0 -127664.62637930 0
1007 1 110570.90624041 1
1008 1 131099.86831006 1
1009 0 -109154.52337273 0
1010 1 118207.89339493 1
1011 1 115107.04544938 1
1012 1 94272.72500475 1
1013 1 119889.95755510 1
1014 1 68225.48683916 1
1015 1 127832.71625164 1
1016 0 -104081.62122685 0
1017 1 125097.16137476 1
1018 0 -84197.07385027 0
1019 0 -120525.08408636 0
1020 1 106429.07741793 1
1021 1 125539.48099065 1
1022 1 77470.93668608 1
1023 1 105373.05602706 1
1024 0 -121424.24708697 0
1025 1 112321.50465221 1
1026 0 -126375.30141792 0
1027 0 -113488.57871069 0
1028 1 116525.44470407 1
1029 0 -127947.33532298 0
1030 1 122394.44398252 1
1031 1 124111.25138681 1
1032 1 120935.22580530 1
1033 0 -115935.62614782 0
1034 0 -79951.73349032 0
1035 1 117151.54607083 1
1036 1 119949.03186699 1
1037 0 -121634.31761823 0
1038 1 95695.44065889 1
1039 1 104517.18709485 1
1040 1 113925.69512153 1
1041 1 106553.02377746 1
1042 1 71818.40731192 1
1043 0 -116164.71560573 0
1044 0 -127605.52925389 0
1045 0 -121975.01589114 0
1046 1 105225.10035582 1
1047 0 -75507.38185062 0
1048 0 -60721.56491142 0
1049 1 73448.80303041 1
1050 0 -123106.90919178 0
1051 0 -139850.19284653 0
1052 1 126320.03073250 1
1053 0 -105873.50794615 0
1054 0 -94510.05519067 0
1055 1 108108.90048453 1
1056 1 94293.51362140 1
1057 1 71455.76779940 1
1058 1 100803.29371301 1
1059 1 74730.29207324 1
1060 1 86247.17486965 1
1061 0 -117636.97626713 0
1062 0 -96954.82335143 0
1063 0 -90229.33238899 0
1064 0 -134171.52510499 0
1065 0 -123887.62644223 0
1066 1 129871.41413324 1
1067 0 -55714.15697315 0
1068 0 -67543.45188807 0
1069 1 62676.64156841 1
1070 1 112982.89352862 1
1071 0 -103466.68465916 0
1072 0 -141184.47363533 0
1073 0 -107436.07390888 0
1074 0 -76806.65436598 0
1075 1 106192.24975917 1
1076 0 -92140.60921746 0
1077 0 -61372.65992474 0
1078 1 119381.12936839 1
1079 1 79810.06035137 1
1080 1 97197.76375722 1
1081 0 -95568.68583984 0
1082 0 -92767.80522015 0
1083 0 -94467.94564520 0
1084 0 -124997.64930668 0
1085 0 -109163.26031846 0
1086 0 -76036.12148656 0
1087 0 -75492.44607995 0
1088 1 68469.78728789 1
1089 0 -85797.26490274 0
1090 1 68423.39498710 1
1091 0 -103131.87622820 0
1092 1 113642.78318651 1
1093 1 99992.56801494 1
1094 1 100636.07617988 1
1095 0 -107007.98218761 0
1096 1 99275.21009695 1
1097 1 76406.40578474 1
1098 0 -117570.11866915 0
1099 1 78363.09313379 1
1100 0 -106721.39942630 0
1101 1 111621.75510885 1
1102 0 -90108.54102026 0
1103 1 97405.15411809 1
1104 1 110407.18411543 1
1105 1 105962.17299438 1
1106 0 -70090.26751050 0
1107 1 71506.97456192 1
1108 1 85480.55165633 1
1109 1 86483.18711853 1
1110 1 71503.13966731 1
1111 0 -106279.39656337 0
1112 0 -114175.15220154 0
1113 1 92733.94324473 1
1114 1 91597.12205997 1
1115 0 -108574.64702930 0
1116 0 -92051.54226476 0
1117 0 -81221.63588001 0
1118 0 -110862.79523099 0
1119 1 82828.56014050 1
1120 0 -121774.31550057 0
1121 0 -119760.98686002 0
1122 0 -115352.48248581 0
1123 1 89707.74868637 1
1124 0 -113459.86449164 0
1125 0 -112025.24174352 0
1126 0 -67187.38847417 0
1127 0 -88086.21349753 0
1128 0 -95247.73202504 0
1129 0 -85259.95295864 0
1130 1 44693.98441280 1
1131 0 -103568.65665169 0
1132 0 -112075.83481589 0
1133 0 -109061.18640294 0
1134 0 -112924.40678702 0
1135 0 -75438.22280349 0
1136 0 -113831.20584291 0
1137 1 67505.77378221 1
1138 1 108990.18883740 1
1139 0 -74829.53732870 0
1140 0 -96615.94448415 0
1141 1 65653.81157266 1
1142 1 111541.34507525 1
1143 1 101240.23245134 1
1144 1 90932.89415655 1
1145 0 -56229.87902940 0
1146 0 -68938.76693739 0
1147 1 72738.80744444 1
1148 0 -80418.03893789 0
1149 0 -82442.47880903 0
1150 0 -76319.37781089 0
1151 1 44794.83274934 1
1152 0 -84978.34122065 0
1153 1 93055.47146323 1
1154 1 78400.38260789 1
1155 0 -60047.25522149 0
1156 1 112904.09469295 1
1157 0 -85881.34548121 0
1158 1 99002.24810692 1
1159 1 80501.72216227 1
1160 1 104993.85286124 1
1161 0 -47142.51236082 0
1162 0 -105129.47338453 0
1163 0 -125072.57383762 0
1164 1 109805.30425355 1
1165 0 -49868.32485457 0
1166 1 81294.25276016 1
1167 0 -76146.27449590 0
1168 1 102532.99623060 1
1169 1 89729.73542462 1
1170 0 -85874.83838000 0
1171 1 61074.73874508 1
1172 0 -90355.38783231 0
1173 0 -114337.70285602 0
1174 0 -97603.28301290 0
1175 1 57381.36980893 1
1176 0 -118855.47645675 0
1177 1 117623.64172354 1
1178 0 -117257.92046616 0
1179 0 -110280.61389647 0
1180 0 -122961.95063597 0
1181 1 73238.02444324 1
1182 0 -103898.23511873 0
1183 1 124659.85749132 1
1184 1 112183.82981293 1
1185 0 -72275.81656048 0
1186 1 87890.52965898 1
1187 0 -108005.01817169 0
1188 0 -113233.57618298 0
1189 0 -99244.76801346 0
1190 0 -102742.35307293 0
1191 0 -81079.71393537 0
1192 1 114496.01661355 1
1193 1 110847.12493920 1
1194 1 84203.19641121 1
1195 1 67043.10278235 1
1196 1 105280.55367658 1
1197 0 -116069.58311880 0
1198 0 -103410.43452620 0
1199 0 -113937.06941825 0
1200 0 -106014.17374613 0
1201 0 -87371.80922869 0
1202 0 -89912.08955895 0
1203 0 -111897.56585826 0
1204 1 114062.40123822 1
1205 0 -90142.97282718 0
1206 1 83209.91373604 1
1207 1 94612.38068745 1
1208 1 106136.41994417 1
1209 1 100729.91584546 1
1210 1 118982.72960990 1
1211 0 -92248.17679670 0
1212 1 109400.88528980 1
1213 1 115910.34031836 1
1214 1 86134.53152213 1
1215 1 87830.06597227 1
1216 0 -116973.15588561 0
1217 1 102397.83465251 1
1218 1 118756.91395058 1
1219 0 -115309.64163091 0
1220 0 -124905.45244635 0
1221 1 73582.50679645 1
1222 0 -94629.35488784 0
1223 0 -116935.53502888 0
1224 0 -60167.03865317 0
1225 1 94433.27924939 1
1226 1 118075.22367943 1
1227 1 105771.75732942 1
1228 1 76453.37447107 1
1229 1 112294.53239429 1
1230 0 -107547.35782088 0
1231 0 -87965.91127778 0
1232 0 -74274.82118327 0
1233 0 -121058.13762062 0
1234 1 92185.02485797 1
1235 1 70611.25472631 1
1236 0 -107319.62551106 0
1237 1 98734.99150801 1
1238 0 -98923.92245613 0
1239 0 -105189.79360882 0
1240 1 98508.98928172 1
1241 0 -90807.03144856 0
1242 1 74239.82385434 1
1243 0 -122414.58835451 0
1244 1 59632.22796287 1
1245 0 -81705.57505083 0
1246 1 104937.21368692 1
1247 1 78794.99715104 1
1248 0 -94272.34299845 0
1249 0 -69842.22876609 0
1250 0 -106491.38644111 0
1251 1 87171.29230325 1
1252 1 55787.63003410 1
1253 1 107022.11595135 1
1254 0 -103872.55971195 0
1255 1 85026.38709519 1
1256 0 -86989.81709865 0
1257 1 87090.64534512 1
1258 1 106285.17934554 1
1259 0 -79332.65703961 0
1260 0 -109269.30472865 0
1261 0 -80935.54182879 0
1262 1 115733.78950118 1
1263 0 -83694.85160571 0
1264 1 69821.44482057 1
1265 1 90197.41038190 1
1266 0 -96089.90992619 0
1267 0 -85171.49710396 0
1268 0 -74228.01125690 0
1269 0 -92399.48989740 0
1270 1 84178.66654812 1
1271 0 -124181.64874749 0
1272 0 -65383.80646213 0
1273 1 100874.05379033 1
1274 1 98411.59433470 1
1275 0 -91361.14121396 0
1276 1 113556.07319538 1
1277 0 -67339.07595294 0
1278 0 -67851.39431656 0
1279 0 -83961.98237651 0
1280 1 105245.79488054 1
1281 0 -93013.20211031 0
1282 1 93671.82761012 1
1283 1 109889.37224955 1
1284 0 -73597.30768786 0
1285 1 118273.12693574 1
1286 1 86828.61207418 1
1287 1 99024.49492494 1
1288 1 73415.29390690 1
1289 1 80574.97645661 1
1290 0 -92324.91681388 0
1291 0 -95724.37583261 0
1292 0 -86484.78274567 0
1293 1 108003.48958241 1
1294 1 115002.78444096 1
1295 1 97543.94752598 1
1296 0 -108862.08728858 0
1297 0 -94561.49577812 0
1298 0 -51866.75800550 0
1299 1 84829.05082879 1
1300 0 -105357.15192764 0
1301 0 -93001.74625045 0
1302 1 120049.22842088 1
1303 0 -93913.03724675 0
1304 0 -86190.56540080 0
1305 0 -89750.36965661 0
1306 1 80219.67874339 1
1307 1 105098.04525164 1
1308 0 -104568.49676968 0
1309 1 112337.22690648 1
1310 1 77624.69044994 1
1311 0 -109552.54268215 0
1312 0 -74018.94928767 0
1313 1 99281.55179625 1
1314 1 108460.41706795 1
1315 1 95048.78727287 1
1316 0 -60817.57791847 0
1317 1 113972.75693235 1
1318 1 78598.06036890 1
1319 0 -106588.14874724 0
1320 1 59899.88143245 1
1321 1 97060.74240832 1
1322 0 -112038.53007415 0
1323 0 -60051.56770439 0
1324 1 87429.10936858 1
1325 0 -107813.11422087 0
1326 1 78766.90506245 1
1327 0 -104979.38349922 0
1328 0 -105436.06050011 0
1329 0 -110916.83207060 0
1330 1 85636.07796119 1
1331 1 93697.24381079 1
1332 0 -102698.59944346 0
1333 1 60169.08953991 1
1334 0 -117788.60307859 0
1335 0 -83904.79886865 0
1336 0 -76519.59580133 0
1337 0 -120517.22535647 0
1338 0 -86270.48614178 0
1339 1 124772.45698074 1
1340 0 -62370.42416302 0
1341 0 -91679.16420674 0
1342 1 118458.27470232 1
1343 0 -72301.81705965 0
1344 1 81806.83854383 1
1345 0 -89574.10956627 0
1346 0 -116795.20504820 0
1347 1 115680.13637440 1
1348 0 -127240.96422808 0
1349 1 127459.30399782 1
1350 1 121168.18248622 1
1351 0 -91407.13648695 0
1352 0 -120360.31400531 0
1353 0 -66446.22228053 0
1354 1 107463.08832182 1
1355 1 94235.72729921 1
1356 1 76722.88234246 1
1357 0 -126780.17357580 0
1358 1 94512.36727621 1
1359 0 -129595.26617835 0
1360 0 -88441.47746697 0
1361 0 -82996.34871957 0
1362 0 -132232.67638903 0
1363 1 80262.13348100 1
1364 1 128900.65214576 1
1365 0 -86590.08704947 0
1366 0 -113285.53067032 0
1367 1 131065.95041345 1
1368 1 107860.29172617 1
1369 1 130637.77958652 1
1370 0 -110741.53291947 0
1371 1 94223.41845688 1
1372 1 94983.98705344 1
1373 0 -63724.16668068 0
1374 0 -109416.66254328 0
1375 1 74581.94109720 1
1376 1 93760.91342289 1
1377 0 -107823.14927087 0
1378 1 96131.35705555 1
1379 1 103020.83302354 1
1380 0 -83104.12684829 0
1381 1 91516.40094091 1
1382 1 94424.99662720 1
1383 1 99524.52622040 1
1384 0 -104313.57794081 0
1385 0 -91460.48810890 0
1386 1 114932.92864599 1
1387 0 -120033.00977867 0
1388 0 -119156.25775819 0
1389 0 -88592.39972946 0
1390 1 113464.74057726 1
1391 1 72052.54018084 1
1392 1 104999.94123067 1
1393 1 63658.98106582 1
1394 1 100318.53117919 1
1395 1 79357.42688155 1
1396 1 62587.92927562 1
1397 1 109530.98197615 1
1398 1 96515.68667626 1
1399 1 115846.98192872 1
1400 0 -63390.04391200 0
1401 0 -113431.97593583 0
1402 1 104782.57188125 1
1403 1 66013.01104250 1
1404 1 106742.23743345 1
1405 0 -106827.12753422 0
1406 0 -115151.25189965 0
1407 0 -105086.96970694 0
1408 0 -113717.93957274 0
1409 0 -114089.77480197 0
1410 0 -103949.06025431 0
1411 1 111390.78896641 1
1412 0 -81262.85935553 0
1413 1 97174.80487285 1
1414 0 -113154.58677234 0
1415 1 113981.58883979 1
1416 0 -90740.44358306 0
1417 1 117537.01282922 1
1418 0 -97688.99117227 0
1419 1 115897.77238083 1
1420 0 -111927.33308113 0
1421 1 115920.67344811 1
1422 1 117290.13670141 1
1423 1 91111.02312140 1
1424 1 78383.62813865 1
1425 1 106358.09701330 1
1426 0 -117116.56993007 0
1427 0 -129178.93068281 0
1428 0 -110944.06427671 0
1429 1 118295.88522154 1
1430 1 116839.70040965 1
1431 1 104868.04155266 1
1432 1 88584.71620360 1
1433 0 -92411.39600283 0
1434 1 128576.65175678 1
1435 1 128899.51944051 1
1436 0 -97049.72786630 0
1437 0 -106991.60948973 0
1438 1 102720.49677476 1
1439 0 -115067.48260682 0
1440 1 115978.29686548 1
1441 0 -134945.44354453 0
1442 0 -107476.30225785 0
1443 1 95425.09341368 1
1444 0 -96935.17508193 0
1445 0 -111457.90415077 0
1446 1 124357.46222064 1
1447 1 102841.86487134 1
1448 0 -113602.86749911 0
1449 1 103803.59991323 1
1450 1 116817.59592445 1
1451 1 121682.62123519 1
1452 1 74224.31970800 1
1453 1 120341.52708720 1
1454 0 -58759.94234238 0
1455 1 119745.56126415 1
1456 0 -94817.88206256 0
1457 1 102229.93753034 1
1458 1 85289.94878054 1
1459 1 92966.89428564 1
1460 0 -118638.21336034 0
1461 1 119988.79890651 1
1462 1 72717.41689324 1
1463 1 92369.49005633 1
1464 0 -93041.23920113 0
1465 1 133643.97497373 1
1466 0 -94398.97680039 0
1467 1 114858.71566806 1
1468 1 103372.69332968 1
1469 0 -115522.44772687 0
1470 1 105145.99639580 1
1471 1 110188.74775299 1
1472 1 88214.32515854 1
1473 0 -103513.11276320 0
1474 0 -68796.58111718 0
1475 0 -107585.73465722 0
1476 1 106731.30140799 1
1477 0 -107311.26296501 0
1478 0 -84690.02073911 0
1479 1 119396.59634117 1
1480 1 99909.92382125 1
1481 1 112836.79171088 1
1482 0 -70114.89936516 0
1483 0 -94898.37864041 0
1484 0 -122375.70208478 0
1485 1 114639.48437573 1
1486 1 115450.15459922 1
1487 1 104488.39638752 1
1488 0 -101948.84669536 0
1489 1 111632.44959911 1
1490 1 97463.94295978 1
1491 1 120325.38209254 1
1492 1 109939.63707821 1
1493 1 107055.65266822 1
1494 0 -56198.78154042 0
1495 0 -111220.91619583 0
1496 0 -100612.78437186 0
1497 0 -101750.53983080 0
1498 0 -92744.40471748 0
1499 1 97672.17446686 1
1500 1 105188.49744532 1
1501 0 -102839.42527248 0
1502 1 60117.17198281 1
1503 1 105636.18152169 1
1504 1 107529.37363735 1
1505 1 115263.76806157 1
1506 0 -109554.62573730 0
1507 1 68085.33459339 1
1508 0 -57893.06166940 0
1509 0 -57829.99650179 0
1510 0 -115298.78954627 0
1511 0 -111208.40562127 0
1512 1 119001.70086701 1
1513 0 -103926.10951733 0
1514 0 -89391.03727403 0
1515 0 -111057.97879264 0
1516 0 -81380.94255926 0
1517 0 -76531.29906053 0
1518 1 81649.04241696 1
1519 0 -70067.55483204 0
1520 1 81550.64314985 1
1521 0 -114984.46129020 0
1522 1 81746.16291744 1
1523 0 -89364.58637864 0
1524 0 -127670.75780835 0
1525 0 -96855.87112756 0
1526 1 116634.52618282 1
1527 0 -51618.66803848 0
1528 0 -70204.67123163 0
1529 1 60009.65300628 1
1530 1 101185.84376109 1
1531 0 -105815.35213022 0
1532 1 112620.07769267 1
1533 1 89558.29154229 1
1534 1 81407.79822887 1
1535 1 102213.27938133 1
1536 1 86615.66563878 1
1537 0 -58463.85583500 0
1538 0 -113889.73678006 0
1539 0 -60144.75797695 0
1540 1 90184.74055942 1
1541 1 86393.00552586 1
1542 1 83595.23399131 1
1543 0 -82873.84021980 0
1544 0 -112296.36406329 0
1545 1 106504.04138850 1
1546 1 54629.68821917 1
1547 1 70703.18365946 1
1548 0 -50105.97577808 0
1549 0 -69168.98293132 0
1550 0 -56551.01127729 0
1551 1 102991.17230786 1
1552 0 -115420.40062070 0
1553 0 -75140.89987840 0
1554 0 -100587.82873186 0
1555 0 -87165.08362226 0
1556 0 -93672.54816184 0
1557 1 58796.40104300 1
1558 0 -119191.68636134 0
1559 1 67334.22239073 1
1560 1 81948.46291950 1
1561 1 115568.35011557 1
1562 0 -82325.02768219 0
1563 1 94954.07856869 1
1564 1 105092.73229214 1
1565 1 115774.67705249 1
1566 1 66767.09153638 1
1567 1 92839.20507726 1
1568 1 91991.90087367 1
1569 0 -86893.31929521 0
1570 0 -64954.53779412 0
1571 0 -109212.03900126 0
1572 1 118054.86591601 1
1573 1 92444.42489034 1
1574 1 141058.20508536 1
1575 0 -120586.49394052 0
1576 1 116051.20592277 1
1577 0 -84294.32856840 0
1578 0 -118443.42301965 0
1579 0 -89338.80763552 0
1580 1 127250.42438466 1
1581 1 109670.84531264 1
1582 1 122169.58502206 1
1583 1 110850.69194225 1
1584 1 119153.77682743 1
1585 0 -109083.53686411 0
1586 0 -77882.78502620 0
1587 0 -86916.78269154 0
1588 0 -83795.36375487 0
1589 1 95189.48950882 1
1590 1 71173.49650485 1
1591 1 111213.52948887 1
1592 1 117873.01537689 1
1593 1 126857.35964168 1
1594 0 -118147.40751228 0
1595 1 66679.34601079 1
1596 1 113432.21496437 1
1597 0 -90827.36110908 0
1598 1 119388.29507395 1
1599 0 -88696.50350311 0
1600 1 125254.83389583 1
1601 1 63716.45459919 1
1602 0 -99383.73567732 0
1603 0 -115786.78230699 0
1604 1 113424.34745401 1
1605 0 -69454.14207669 0
1606 1 96119.88766587 1
1607 1 101466.88370685 1
1608 1 95185.20826145 1
1609 0 -96080.40945451 0
1610 1 93797.53386813 1
1611 0 -79972.36871367 0
1612 0 -110737.19323183 0
1613 1 123010.84050013 1
1614 0 -112215.13239405 0
1615 1 65260.75667296 1
1616 0 -127565.96907531 0
1617 0 -102425.64113164 0
1618 1 121550.36609024 1
1619 1 99895.78396114 1
1620 0 -127915.12448648 0
1621 0 -67157.95730851 0
1622 1 106690.79047084 1
1623 0 -127402.29696707 0
1624 0 -125834.10225554 0
1625 1 64273.77234819 1
1626 1 94907.87761182 1
1627 0 -98725.42608290 0
1628 0 -112422.51101230 0
1629 0 -80738.97567828 0
1630 0 -95391.53327232 0
1631 1 76033.51195698 1
1632 1 102375.50245741 1
1633 0 -125044.43701994 0
1634 1 113249.22689389 1
1635 1 68245.28112268 1
1636 0 -112990.82633776 0
1637 1 123260.32165501 1
1638 0 -116005.25443323 0
1639 0 -108167.67433855 0
1640 0 -118762.34780380 0
1641 1 76187.36752913 1
1642 1 86229.53923240 1
1643 0 -116637.69013693 0
1644 0 -120660.24402416 0
1645 1 69766.42800422 1
1646 1 95461.67095742 1
1647 0 -122256.33106287 0
1648 1 109005.67344623 1
1649 0 -121644.82678453 0
1650 1 93543.95204477 1
1651 1 80039.25422481 1
1652 1 126072.15978482 1
1653 1 122067.68836230 1
1654 1 102767.57401285 1
1655 1 71607.79568949 1
1656 1 125843.30225978 1
1657 1 115294.23815736 1
1658 1 118634.11991382 1
1659 0 -108834.19230373 0
1660 0 -122213.12694502 0
1661 1 110364.05015166 1
1662 1 93028.08183755 1
1663 1 124034.66096282 1
1664 1 116657.70593901 1
1665 0 -97837.61810583 0
1666 0 -144383.17634649 0
1667 0 -97572.43008428 0
1668 1 111219.68671300 1
1669 1 105979.44101377 1
1670 1 114362.19337846 1
1671 1 85304.88228855 1
1672 0 -73659.32879177 0
1673 1 121219.61127786 1
1674 0 -82565.68749618 0
1675 1 90146.15622693 1
1676 0 -122564.03640707 0
1677 1 107764.74793397 1
1678 0 -106979.64095273 0
1679 1 119139.43028602 1
1680 0 -138242.82375035 0
1681 0 -80825.78823536 0
1682 1 95599.55633693 1
1683 1 120981.55352563 1
1684 1 56087.67284500 1
1685 0 -81265.95947619 0
1686 1 125466.00840419 1
1687 0 -112872.54169711 0
1688 0 -89893.52402518 0
1689 0 -106961.98060436 0
1690 0 -122313.84985746 0
1691 0 -74603.43292627 0
1692 1 58764.68914759 1
1693 0 -123312.91709418 0
1694 1 97821.19557952 1
1695 1 101298.14315423 1
1696 0 -104291.01068721 0
1697 1 88857.50251879 1
1698 1 112120.89490969 1
1699 0 -78900.64379204 0
1700 0 -111034.68179451 0
1701 1 88483.71760668 1
1702 1 84238.08198606 1
1703 0 -111694.48071464 0
1704 0 -62671.44758973 0
1705 1 96871.59876742 1
1706 1 101957.84251152 1
1707 1 94479.94406971 1
1708 1 87138.35970823 1
1709 0 -95493.48548847 0
1710 0 -107909.40129689 0
1711 0 -88380.07607087 0
1712 0 -61274.51693951 0
1713 1 99400.09731693 1
1714 0 -122363.50934967 0
1715 0 -86347.23464225 0
1716 0 -110263.25199112 0
1717 1 93672.09681774 1
1718 1 64077.62014638 1
1719 0 -85188.36487062 0
1720 0 -96862.83023627 0
1721 0 -93314.38624543 0
1722 0 -125601.42997161 0
1723 1 108632.10067510 1
1724 0 -70242.84627894 0
1725 0 -116185.98140501 0
1726 0 -101388.63324017 0
1727 0 -68341.40698501 0
1728 0 -95842.20640486 0
1729 1 83034.67595630 1
1730 1 109089.25500820 1
1731 0 -112105.68326239 0
1732 0 -65579.51901608 0
1733 1 97324.60048201 1
1734 1 87944.81092742 1
1735 1 118405.77405671 1
1736 1 102365.48362677 1
1737 1 89925.66602618 1
1738 1 67724.51231464 1
1739 0 -91402.90742712 0
1740 1 109317.47639540 1
1741 1 93108.18199563 1
1742 0 -134582.98284895 0
1743 0 -109016.20751138 0
1744 1 91389.84776194 1
1745 0 -116909.87670218 0
1746 1 92653.84838962 1
1747 0 -93462.91877626 0
1748 1 69153.81624542 1
1749 1 106738.40289145 1
1750 0 -82000.61533892 0
1751 1 104277.44883230 1
1752 0 -82685.22279036 0
1753 1 99726.46688754 1
1754 1 119913.97441007 1
1755 1 74939.80407800 1
1756 0 -119670.37182675 0
1757 1 78377.16607896 1
1758 0 -63683.72105735 0
1759 0 -72202.66493533 0
1760 1 89387.87575778 1
1761 1 92262.98579789 1
1762 1 90269.21659441 1
1763 0 -118382.85806279 0
1764 0 -79992.15745202 0
1765 1 103326.60038463 1
1766 0 -76924.57791819 0
1767 0 -98665.80545252 0
1768 1 108601.53231679 1
1769 0 -93869.89799471 0
1770 1 96287.23880813 1
1771 0 -106019.64249739 0
1772 0 -82597.54243202 0
1773 0 -93828.62345859 0
1774 0 -115842.46685333 0
1775 0 -94115.81952981 0
1776 0 -45208.84026124 0
1777 0 -124791.37218005 0
1778 1 65528.87937702 1
1779 0 -109243.79298272 0
1780 0 -60831.60782388 0
1781 1 93926.45918988 1
1782 0 -103251.16041133 0
1783 0 -44287.68763778 0
1784 1 100769.43183577 1
1785 0 -108862.36332160 0
1786 1 76592.57096904 1
1787 0 -111029.73707754 0
1788 0 -107809.44200250 0
1789 0 -104447.31958074 0
1790 1 77900.93927693 1
1791 0 -90578.98744891 0
1792 0 -90242.29785918 0
1793 1 54825.12095436 1
1794 0 -118855.09806637 0
1795 1 73394.24029890 1
1796 0 -59274.51597780 0
1797 1 107572.70703430 1
1798 1 83269.89742558 1
1799 0 -125411.79502843 0
1800 0 -57528.67275323 0
1801 0 -95324.53875056 0
1802 1 97223.62503658 1
1803 1 55091.65240710 1
1804 0 -112690.27372744 0
1805 0 -80394.86907582 0
1806 1 119568.08938712 1
1807 1 111861.42138196 1
1808 0 -114991.52106016 0
1809 1 107270.46086870 1
1810 1 105159.09018128 1
1811 0 -80030.40332580 0
1812 1 104513.78405930 1
1813 1 67999.35572103 1
1814 1 107047.99126240 1
1815 0 -83225.50483777 0
1816 1 56294.34326778 1
1817 1 112958.93186195 1
1818 0 -76612.53059648 0
1819 0 -123496.88153359 0
1820 0 -77336.47529994 0
1821 0 -88551.76803086 0
1822 0 -115094.95842961 0
1823 0 -64553.40773234 0
1824 1 105804.08796995 1
1825 1 76929.47130650 1
1826 1 115822.71526264 1
1827 1 132873.98694962 1
1828 0 -110226.88518352 0
1829 1 113474.79619110 1
1830 1 109753.20274796 1
1831 1 82845.18970523 1
1832 0 -90581.27228864 0
1833 1 59691.05009236 1
1834 0 -123760.61601314 0
1835 1 93386.08322050 1
1836 1 83304.34848347 1
1837 1 107032.32226807 1
1838 0 -77675.60091443 0
1839 0 -106154.07697404 0
1840 0 -78650.65798994 0
1841 0 -99814.28897354 0
1842 1 95307.62685449 1
1843 0 -79386.50701989 0
1844 0 -88777.77678013 0
1845 1 81360.34801037 1
1846 0 -114546.41289252 0
1847 0 -106620.88953693 0
1848 1 117621.10128739 1
1849 0 -107796.28260458 0
1850 1 112363.85597839 1
1851 0 -64741.03489278 0
1852 1 102767.84209613 1
1853 0 -80947.15226220 0
1854 0 -107280.30319790 0
1855 0 -119339.93470903 0
1856 1 87699.90502592 1
1857 0 -119166.27058899 0
1858 0 -105228.24513809 0
1859 0 -113424.04853597 0
1860 0 -83046.25511305 0
1861 0 -115156.64420131 0
1862 0 -103519.76303812 0
1863 1 80495.96818803 1
1864 0 -97386.20024938 0
1865 0 -109277.14081077 0
1866 1 112096.00596342 1
1867 0 -103154.47807128 0
1868 0 -112952.41442103 0
1869 0 -111135.66617628 0
1870 1 107336.41511030 1
1871 1 108179.81553691 1
1872 1 73802.12879245 1
1873 0 -70943.46475264 0
1874 0 -102532.19673471 0
1875 1 114350.56705245 1
1876 1 99369.08634192 1
1877 1 117283.95816144 1
1878 1 96839.68079183 1
1879 1 106605.88065957 1
1880 0 -85940.76678138 0
1881 0 -115219.35484515 0
1882 0 -112816.56896084 0
1883 0 -98074.10379230 0
1884 0 -81696.74637535 0
1885 1 105821.89825327 1
1886 1 94092.47304437 1
1887 0 -97620.91400834 0
1888 1 84739.47058049 1
1889 1 93764.83236561 1
1890 1 99214.15815989 1
1891 1 107527.02181456 1
1892 0 -66799.87634561 0
1893 0 -68691.10889456 0
1894 1 87592.57913624 1
1895 1 105699.83481207 1
1896 0 -94820.07467127 0
1897 1 96738.43439804 1
1898 0 -81337.60137833 0
1899 0 -84815.93588957 0
1900 0 -102153.05187746 0
1901 0 -110429.47143867 0
1902 1 48009.83059267 1
1903 1 68982.53238383 1
1904 0 -85179.25416538 0
1905 1 97617.76109209 1
1906 0 -103980.19067827 0
1907 0 -83176.54698150 0
1908 1 73155.02593654 1
1909 0 -92528.25768507 0
1910 0 -99001.19805464 0
1911 1 111351.41497269 1
1912 0 -65743.70520929 0
1913 1 89556.42834797 1
1914 0 -43491.88354286 0
1915 1 86620.79440008 1
1916 0 -86914.51954415 0
1917 0 -87014.63289612 0
1918 0 -73757.67612794 0
1919 0 -85913.93714525 0
1920 0 -93540.32072058 0
1921 0 -105460.13225463 0
1922 1 44708.42391190 1
1923 1 92639.74097099 1
1924 0 -87463.09906734 0
1925 1 109631.33646265 1
1926 1 85966.06923564 1
1927 0 -94043.60657760 0
1928 1 97743.61081326 1
1929 1 95430.27903970 1
1930 1 89512.78242967 1
1931 0 -107594.88046063 0
1932 1 71225.92294821 1
1933 1 84895.11913662 1
1934 0 -48236.90450454 0
1935 0 -97927.62552095 0
1936 1 86782.40377912 1
1937 0 -99523.34612585 0
1938 0 -85120.39450845 0
1939 0 -124114.23560360 0
1940 0 -103544.50739039 0
1941 1 106329.87308224 1
1942 0 -50564.86260260 0
1943 1 89096.76038737 1
1944 1 108059.32925386 1
1945 1 104121.02656903 1
1946 1 110557.84295474 1
1947 0 -99911.95263539 0
1948 1 48188.55782658 1
1949 1 94423.24554361 1
1950 0 -93642.69807972 0
1951 1 96204.57654367 1
1952 1 103302.84720556 1
1953 1 116844.87199869 1
1954 1 59575.64952943 1
1955 1 102828.76240029 1
1956 0 -83210.48771693 0
1957 1 93470.25741960 1
1958 0 -73182.86070949 0
1959 0 -56777.15574849 0
1960 0 -94211.36034700 0
1961 1 113317.48293619 1
1962 1 56385.74107967 1
1963 0 -85322.50148423 0
1964 1 102353.50929052 1
1965 1 111122.57495681 1
1966 0 -109843.84859780 0
1967 1 67424.60972427 1
1968 1 60533.96401939 1
1969 1 59089.72897219 1
1970 1 93350.65930609 1
1971 0 -100919.55884093 0
1972 0 -109750.92482654 0
1973 0 -88666.28659477 0
1974 1 92947.33467273 1
1975 0 -114867.25109544 0
1976 0 -91802.30904774 0
1977 1 46321.34211804 1
1978 1 74917.10394046 1
1979 1 53264.32988756 1
1980 0 -96064.44824799 0
1981 1 109320.53631327 1
1982 1 79600.00311356 1
1983 1 84511.48381367 1
1984 1 97973.52381980 1
1985 1 99302.57782252 1
1986 1 98912.40753216 1
1987 0 -68803.02052481 0
1988 0 -68942.16208308 0
1989 1 54947.48974103 1
1990 1 96145.70097766 1
1991 1 84794.51758910 1
1992 1 109650.71995970 1
1993 1 79119.50993796 1
1994 1 90357.69338141 1
1995 0 -106145.91862058 0
1996 0 -78301.07628513 0
1997 0 -67939.90587439 0
1998 1 102824.12156131 1
1999 0 -59200.40660307 0
2000 1 81686.75265665 1
2001 0 -120860.98258708 0
2002 1 95469.78381114 1
2003 0 -86425.20027888 0
2004 0 -122312.79293615 0
2005 0 -94899.94198484 0
2006 1 60837.09787406 1
2007 0 -70624.12533193 0
2008 0 -81654.72722761 0
2009 0 -79642.36902735 0
2010 0 -66245.22448573 0
2011 0 -108436.74831718 0
2012 0 -100416.87462222 0
2013 0 -91949.84185059 0
2014 0 -98211.04247522 0
2015 0 -122887.20094145 0
2016 0 -100090.76952266 0
2017 0 -76882.44245392 0
2018 0 -125724.46940172 0
2019 1 55895.52032091 1
2020 0 -80384.19733821 0
2021 1 117327.74388433 1
2022 1 97047.84092012 1
2023 1 98357.15047918 1
2024 1 119090.43181673 1
2025 0 -113299.62189766 0
2026 0 -47434.54810856 0
2027 1 83307.50169096 1
2028 0 -93043.30779144 0
2029 0 -93673.87863961 0
2030 0 -73814.76018036 0
2031 0 -121375.17006873 0
2032 0 -117245.96041344 0
2033 0 -65407.04416881 0
2034 0 -116311.89453642 0
2035 1 113519.83910728 1
2036 1 125526.16969340 1
2037 1 86092.04689361 1
2038 1 118466.67566427 1
2039 1 91428.98946857 1
2040 0 -103595.25618200 0
2041 1 103163.00767320 1
2042 0 -109185.68218453 0
2043 1 115564.93111686 1
2044 0 -116858.41856831 0
2045 1 103799.95634683 1
2046 0 -71313.47865206 0
2047 0 -70207.94412136 0
2048 1 79548.23382286 1
2049 0 -78167.44192214 0
2050 0 -67246.54199965 0
2051 1 58176.98456267 1
2052 1 114076.11597127 1
2053 0 -110890.55067537 0
2054 1 97182.89135692 1
2055 0 -63178.62700545 0
2056 1 107063.71923497 1
2057 0 -80566.82053853 0
2058 1 106759.34680984 1
2059 1 87193.60032462 1
2060 0 -108735.18040681 0
2061 1 53482.81427180 1
2062 1 103561.78605754 1
2063 0 -103815.59917824 0
2064 0 -109092.02661138 0
2065 0 -62026.83357187 0
2066 1 79310.13466451 1
2067 1 84668.32641589 1
2068 0 -70878.42561043 0
2069 1 90479.99065262 1
2070 0 -73795.93641534 0
2071 1 64356.40052693 1
2072 0 -99215.73140278 0
2073 1 113568.64457524 1
2074 0 -107654.62798032 0
2075 1 47968.97861912 1
2076 0 -118050.56311893 0
2077 1 75216.73146853 1
2078 1 106465.32624569 1
2079 1 86448.88753693 1
2080 0 -106197.49653214 0
2081 1 60257.10619550 1
2082 1 83004.46495205 1
2083 1 114225.79463184 1
2084 0 -90238.51592835 0
2085 1 61088.68166956 1
2086 1 85271.73398875 1
2087 1 71241.26418892 1
2088 0 -107150.97966292 0
2089 1 108749.54958695 1
2090 1 88623.42692413 1
2091 1 57648.90915269 1
2092 0 -109459.75979342 0
2093 0 -122948.68027809 0
2094 0 -94799.94308176 0
2095 0 -74327.72017787 0
2096 1 99499.14461838 1
2097 0 -105780.34908176 0
2098 0 -106509.79688583 0
2099 0 -115305.20969687 0
2100 0 -112470.65412070 0
2101 0 -57880.61273164 0
2102 0 -78004.56090424 0
2103 0 -93967.59714332 0
2104 1 106693.36109803 1
2105 1 58454.09800426 1
2106 0 -97826.31623080 0
2107 1 103991.43198084 1
2108 1 94031.02595604 1
2109 1 100931.45154425 1
2110 1 66878.47388348 1
2111 0 -58613.48222500 0
2112 1 96882.93440347 1
2113 0 -110210.00522764 0
2114 1 79192.88083817 1
2115 0 -90409.10065222 0
2116 1 105380.52022584 1
2117 0 -81545.93302523 0
2118 1 100132.81923843 1
2119 0 -97130.10963611 0
2120 0 -114510.79944672 0
2121 0 -83997.51407512 0
2122 1 86141.81371838 1
2123 0 -105390.83343684 0
2124 0 -91629.79406035 0
2125 0 -80563.89166891 0
2126 1 108259.72452315 1
2127 0 -101789.32401554 0
2128 1 99131.89072002 1
2129 0 -98917.55899306 0
2130 0 -105276.12808942 0
2131 0 -81026.18056977 0
2132 0 -58851.41241185 0
2133 0 -101192.30205586 0
2134 1 95350.37539814 1
2135 0 -89473.67135494 0
2136 0 -119483.26586886 0
2137 1 114679.43325608 1
2138 0 -98701.38063779 0
2139 1 103824.79202011 1
2140 0 -102970.36797750 0
2141 0 -97530.66157040 0
2142 1 94089.01620171 1
2143 0 -114319.51070949 0
2144 1 63907.72963919 1
2145 0 -76238.97345179 0
2146 1 117280.27464471 1
2147 0 -100492.05626065 0
2148 1 98346.29072460 1
2149 1 113626.46455270 1
2150 0 -100588.72302412 0
2151 0 -91857.76587079 0
2152 0 -49908.05727680 0
2153 0 -123477.68411734 0
2154 0 -80270.89019792 0
2155 0 -100275.02246106 0
2156 1 115192.11564208 1
2157 0 -90970.98220630 0
2158 0 -117489.88768179 0
2159 0 -71071.60732600 0
2160 0 -113145.15228273 0
2161 0 -91774.32651164 0
2162 0 -130662.51282615 0
2163 1 106717.31896869 1
2164 0 -63023.68627750 0
2165 1 93302.18907990 1
2166 1 92527.07364450 1
2167 1 87054.65778892 1
2168 0 -77291.11666583 0
2169 0 -97838.21170169 0
2170 0 -107926.47441275 0
2171 1 85051.77273460 1
2172 1 69899.12404273 1
2173 0 -91161.89431661 0
2174 0 -115129.43222619 0
2175 0 -74238.86773441 0
2176 0 -116301.82265118 0
2177 1 89129.63170663 1
2178 1 60876.72857946 1
2179 0 -86797.51927079 0
2180 1 89791.12825056 1
2181 1 114486.01303005 1
2182 1 94190.30015695 1
2183 0 -110067.13066963 0
2184 1 63747.46283410 1
2185 1 113656.35333781 1
2186 1 98110.96901567 1
2187 0 -72641.12654484 0
2188 0 -91023.19038703 0
2189 0 -66812.94876901 0
2190 0 -85181.11057664 0
2191 1 104907.31201101 1
2192 0 -61257.69961673 0
2193 0 -102054.83198540 0
2194 1 102218.94459683 1
2195 0 -103227.14506232 0
2196 0 -88956.23363186 0
2197 0 -88691.05169725 0
2198 1 60532.71355447 1
2199 1 84704.95021336 1
2200 0 -111471.22552174 0
2201 1 99099.09576667 1
2202 0 -110746.65576697 0
2203 0 -100554.31604654 0
2204 0 -95519.09276431 0
2205 1 110179.46199544 1
2206 1 83244.45231464 1
2207 1 95671.62455859 1
2208 0 -108153.67236774 0
2209 1 86067.12800526 1
2210 1 82810.11728562 1
2211 1 113154.27432804 1
2212 1 85828.25649222 1
2213 1 108019.88646540 1
2214 1 125100.24727065 1
2215 1 98970.76859610 1
2216 0 -101991.06369720 0
2217 0 -68451.11935853 0
2218 0 -79892.37031001 0
2219 0 -123609.27862949 0
2220 0 -105610.08486549 0
2221 1 109328.85141491 1
2222 1 115098.30675498 1
2223 1 106888.16676230 1
2224 1 86046.45923706 1
2225 1 123396.46377165 1
2226 1 93986.61292628 1
2227 0 -125811.51634086 0
2228 1 123843.25155798 1
2229 0 -110760.66460278 0
2230 1 87317.79687861 1
2231 1 100728.22648499 1
2232 1 102002.17803432 1
2233 0 -61705.45161341 0
2234 0 -119714.27181755 0
2235 1 112266.15943184 1
2236 0 -55640.22400158 0
2237 0 -111933.00298371 0
2238 0 -54187.49638358 0
2239 0 -124660.46883937 0
2240 1 64316.80243498 1
2241 0 -107921.28611001 0
2242 1 118553.70559735 1
2243 1 53624.32274581 1
2244 0 -91352.70320431 0
2245 0 -83824.73470011 0
2246 1 99348.80054701 1
2247 1 111376.07705194 1
2248 0 -128232.47537835 0
2249 0 -125882.24098117 0
2250 1 72339.57373261 1
2251 1 89747.63962207 1
2252 1 69733.73985404 1
2253 0 -75858.05838922 0
2254 0 -126446.00508709 0
2255 0 -81738.39285819 0
2256 1 73407.36317583 1
2257 0 -113650.67113490 0
2258 0 -94313.34725278 0
2259 1 100137.72272734 1
2260 1 73552.48279450 1
2261 0 -96155.60249275 0
2262 1 104458.85552864 1
2263 0 -78138.80941392 0
2264 1 111381.82207744 1
2265 0 -91710.40356443 0
2266 0 -94926.01861003 0
2267 1 129719.97121343 1
2268 0 -125306.23061225 0
2269 0 -115142.14829850 0
2270 0 -129543.95298489 0
2271 1 83617.16627317 1
2272 0 -116116.90632634 0
2273 0 -46674.34655330 0
2274 0 -138600.45319547 0
2275 1 99996.53051481 1
2276 1 64109.14263420 1
2277 1 129930.99547279 1
2278 1 74005.21877344 1
2279 0 -118430.07522518 0
2280 0 -53651.62180911 0
2281 1 95534.70314897 1
2282 1 120636.85546059 1
2283 1 64899.03977569 1
2284 1 118481.78677345 1
2285 0 -73762.82439634 0
2286 1 111440.42708500 1
2287 0 -105847.12980510 0
2288 0 -115552.35023544 0
2289 0 -124801.92883706 0
2290 0 -114716.77951894 0
2291 0 -90740.69926172 0
2292 0 -83445.92228210 0
2293 0 -59249.98627285 0
2294 1 91003.63206600 1
2295 0 -88736.83482056 0
2296 0 -89931.37647095 0
2297 1 110790.15774212 1
2298 0 -82966.39708329 0
2299 0 -95355.84445358 0
2300 1 79151.40570431 1
2301 1 79316.68809032 1
2302 0 -100608.28562622 0
2303 0 -89800.40116487 0
2304 0 -103837.16713427 0
2305 1 80248.89670997 1
2306 1 100304.51964550 1
2307 1 106214.61574470 1
2308 0 -101737.18682514 0
2309 0 -117595.48430186 0
2310 1 125169.30165150 1
2311 0 -120520.70447020 0
2312 1 103061.44366704 1
2313 0 -58644.17306528 0
2314 0 -101700.50846590 0
2315 0 -102768.57880857 0
2316 1 89840.86570451 1
2317 0 -113860.32364587 0
2318 1 106478.26605647 1
2319 0 -104811.34043816 0
2320 1 57447.22544090 1
2321 0 -111559.92072251 0
2322 1 93432.22280673 1
2323 1 89137.17544326 1
2324 0 -102544.19051344 0
2325 0 -110656.39499358 0
2326 1 110312.94969350 1
2327 1 94076.62452175 1
2328 1 114226.69060397 1
2329 1 103063.47304059 1
2330 1 123909.39088110 1
2331 1 110737.55879057 1
2332 1 82374.23506569 1
2333 1 80421.57591101 1
2334 1 93426.41635198 1
2335 1 109861.42836835 1
2336 0 -78347.36977730 0
2337 0 -120601.95856864 0
2338 0 -95498.42078847 0
2339 0 -111660.54138512 0
2340 1 85704.99948235 1
2341 0 -101228.41421413 0
2342 1 102581.19558588 1
2343 0 -79832.77536223 0
2344 0 -98977.78377194 0
2345 1 110182.80356932 1
2346 0 -114059.70034014 0
2347 1 101936.48183515 1
2348 0 -77030.76625954 0
2349 0 -98888.75881975 0
2350 1 95823.61485298 1
2351 0 -130553.78760056 0
2352 1 77426.37206933 1
2353 1 84545.70565368 1
2354 1 101237.00792665 1
2355 0 -99318.67633369 0
2356 1 115652.29948497 1
2357 0 -85978.11313987 0
2358 1 109500.62387858 1
2359 0 -90543.52806543 0
2360 0 -114621.88105830 0
2361 1 111275.64978687 1
2362 0 -53355.08125882 0
2363 1 131573.99283818 1
2364 0 -72668.70584325 0
2365 1 126603.77617866 1
2366 0 -110095.31944864 0
2367 1 105995.96400089 1
2368 0 -98781.26773526 0
2369 1 94544.30420181 1
2370 1 103921.27295632 1
2371 1 111271.69087059 1
2372 0 -103100.38972597 0
2373 1 105383.85440279 1
2374 0 -60946.26953376 0
2375 1 112482.75533500 1
2376 0 -99303.46048007 0
2377 1 91561.47288982 1
2378 0 -64349.27662808 0
2379 1 110473.41020921 1
2380 1 89623.62348905 1
2381 1 117201.56250955 1
2382 1 55484.53457217 1
2383 1 94704.76599641 1
2384 0 -68174.98606568 0
2385 1 86669.40654883 1
2386 0 -102029.03621040 0
2387 1 97223.66565951 1
2388 1 99433.06533460 1
2389 1 103905.00206481 1
2390 1 85049.71497079 1
2391 1 91444.50798984 1
2392 0 -85057.11559988 0
2393 0 -106891.62583335 0
2394 0 -55362.76291566 0
2395 1 108199.01804432 1
2396 0 -104331.57691527 0
2397 1 98439.02292549 1
2398 1 64638.37010745 1
2399 0 -79692.44057041 0
2400 0 -111613.83407019 0
2401 0 -104734.34519869 0
2402 1 68429.41131428 1
2403 1 98197.88503399 1
2404 1 99171.20016591 1
2405 1 91090.48630623 1
2406 0 -77580.22372513 0
2407 1 117775.02067131 1
2408 1 59002.14773052 1
2409 0 -111120.47030501 0
2410 0 -101972.76223676 0
2411 0 -93749.50489672 0
2412 1 97829.21796644 1
2413 0 -72655.98666199 0
2414 0 -77209.24020901 0
2415 1 104934.90114771 1
2416 0 -99789.94498720 0
2417 0 -50968.04481189 0
2418 1 80424.16792600 1
2419 0 -38536.37382544 0
2420 1 42621.40828550 1
2421 1 114934.05301978 1
2422 1 44286.58620409 1
2423 0 -92759.84033384 0
2424 1 96491.01542952 1
2425 1 92727.24453392 1
2426 0 -76871.53702645 0
2427 1 23896.67365614 1
2428 0 -60516.45649745 0
2429 0 -45592.65203527 0
2430 0 -99861.96002163 0
2431 1 98794.57449237 1
2432 1 98470.74634135 1
2433 1 55324.20191529 1
2434 0 -40887.85848208 0
2435 0 -110952.10923191 0
2436 0 -76880.79440564 0
2437 1 54190.97097583 1
2438 1 92943.20709647 1
2439 1 45278.55160323 1
2440 1 68195.48098499 1
2441 1 78860.04888069 1
2442 1 92583.02663110 1
2443 1 72918.54742046 1
2444 1 104636.74992199 1
2445 1 93101.49602036 1
2446 0 -82244.54044318 0
2447 1 44335.01842218 1
2448 1 38101.77989973 1
2449 1 58870.66160402 1
2450 0 -46096.61138033 0
2451 0 -82055.17805262 0
2452 1 110596.95911050 1
2453 0 -66797.51576255 0
2454 0 -73963.82666811 0
2455 0 -64510.09668833 0
2456 1 82138.83072602 1
2457 0 -47662.09098379 0
2458 1 92563.68428576 1
2459 0 -50167.60797773 0
2460 1 64253.75366460 1
2461 0 -81516.58455896 0
2462 0 -46026.36789096 0
2463 0 -78338.10494360 0
2464 0 -99563.12826505 0
2465 1 88242.73445919 1
2466 0 -58070.18643677 0
2467 0 -49203.93302752 0
2468 0 -49497.81453700 0
2469 0 -34767.19875199 0
2470 0 -59591.68590642 0
2471 1 95619.81425217 1
2472 1 113238.58138652 1
2473 1 80486.90656138 1
2474 0 -73328.67191197 0
2475 1 91336.15724697 1
2476 0 -51153.38088002 0
2477 1 59111.18090268 1
2478 0 -117001.40974163 0
2479 0 -56246.54836094 0
2480 1 70646.82997989 1
2481 0 -97578.50904487 0
2482 1 80209.22469962 1
2483 1 75315.91623827 1
2484 0 -114501.54603659 0
2485 1 115098.73950871 1
2486 1 52993.57662711 1
2487 0 -78086.08470299 0
2488 0 -73814.80657006 0
2489 1 74783.52089565 1
2490 0 -45465.17331633 0
2491 1 112288.44317894 1
2492 1 111180.40325114 1
2493 0 -61690.57949847 0
2494 0 -105822.72526728 0
2495 1 94782.01468071 1
2496 1 109967.85219286 1
2497 0 -67920.84464844 0
2498 1 122712.61587039 1
2499 0 -82595.72397470 0
2500 0 -99757.19367624 0
2501 0 -95487.41938516 0
2502 0 -94487.26098871 0
2503 0 -110772.48214843 0
2504 0 -106250.80076092 0
2505 0 -115957.50234668 0
2506 0 -70337.35197378 0
2507 0 -73856.12986904 0
2508 1 82154.71607651 1
2509 0 -82061.80377346 0
2510 0 -68925.18971207 0
2511 0 -58459.11762457 0
2512 0 -126488.61607576 0
2513 0 -118027.96828425 0
2514 1 89822.01565628 1
2515 1 42329.54310365 1
2516 0 -103919.56321780 0
2517 0 -76145.97871689 0
2518 0 -101358.05177669 0
2519 0 -84995.67384973 0
2520 1 116678.13236091 1
2521 1 45271.67065083 1
2522 0 -77476.30021466 0
2523 0 -99622.53874695 0
2524 0 -88797.92655381 0
2525 1 44466.54880201 1
2526 0 -84195.18091064 0
2527 1 87382.51598672 1
2528 1 76903.73355840 1
2529 1 77146.08295097 1
2530 0 -71715.43144481 0
2531 0 -50822.30006437 0
2532 0 -77657.22301893 0
2533 0 -126376.69423169 0
2534 1 106591.29640505 1
2535 0 -55216.20264051 0
2536 1 101982.39652884 1
2537 0 -65233.78002677 0
2538 0 -97986.19142833 0
2539 0 -61263.90666922 0
2540 0 -124590.25191343 0
2541 0 -59159.94421675 0
2542 0 -95925.76054216 0
2543 1 107105.27572393 1
2544 1 82758.50846837 1
2545 1 63057.77435144 1
2546 1 65018.62925601 1
2547 1 126636.44361890 1
2548 0 -103919.83916549 0
2549 1 111552.17453195 1
2550 1 72460.93452152 1
2551 1 51126.52789081 1
2552 0 -102731.49757829 0
2553 1 101428.77943214 1
2554 0 -95135.09638540 0
2555 1 69084.50896637 1
2556 0 -107667.20072125 0
2557 0 -98049.13340362 0
2558 0 -101532.85952270 0
2559 1 106747.96050479 1
2560 1 94374.15451857 1
2561 0 -73701.58418556 0
2562 0 -91404.21791106 0
2563 0 -114231.17199953 0
2564 0 -105924.58738168 0
2565 0 -50117.88416905 0
2566 0 -90726.45050823 0
2567 1 93317.89663782 1
2568 1 99564.25042248 1
2569 1 115167.86952599 1
2570 1 74020.73117673 1
2571 1 55432.13650298 1
2572 0 -89001.83338488 0
2573 0 -108901.23795013 0
2574 0 -72032.09575480 0
2575 0 -88904.65080286 0
2576 1 117168.60476859 1
2577 1 83051.23572792 1
2578 1 95226.38965105 1
2579 0 -79816.74785998 0
2580 0 -108746.25748554 0
2581 1 66788.04585395 1
2582 1 86638.72419442 1
2583 0 -112683.15665124 0
2584 0 -86055.53335888 0
2585 1 74310.40617157 1
2586 1 96294.22870816 1
2587 0 -100811.75301863 0
2588 0 -88033.43163324 0
2589 0 -99560.83259625 0
2590 1 106779.65938440 1
2591 1 61801.74599871 1
2592 1 51786.61198245 1
2593 0 -86754.20004568 0
2594 1 74247.40167829 1
2595 1 61940.99649124 1
2596 1 104315.85036402 1
2597 0 -98062.82872521 0
2598 1 78818.89345240 1
2599 1 90184.39620561 1
2600 1 85801.92649633 1
2601 1 72899.33378409 1
2602 0 -70717.18723702 0
2603 0 -108394.79832488 0
2604 1 58940.08225227 1
2605 1 59863.36366789 1
2606 1 91648.56175668 1
2607 0 -86937.18067687 0
2608 1 79793.39090937 1
2609 0 -78740.58366368 0
2610 1 101318.55243575 1
2611 1 87618.62157997 1
2612 0 -49136.97957106 0
2613 1 110980.89250462 1
2614 0 -65634.19938572 0
2615 1 85931.08803594 1
2616 0 -90457.40082072 0
2617 0 -93027.85396047 0
2618 0 -113484.04663025 0
2619 0 -73066.73353137 0
2620 0 -94049.35685780 0
2621 1 71789.16520809 1
2622 1 114632.14062589 1
2623 0 -92283.02628618 0
2624 1 71462.21587538 1
2625 1 101880.14619560 1
2626 1 86313.06595390 1
2627 1 91526.08450042 1
2628 0 -63548.41006527 0
2629 1 83686.93491855 1
2630 0 -90043.76690066 0
2631 1 90445.80178777 1
2632 0 -78862.75727266 0
2633 0 -76058.36568846 0
2634 1 108740.28648029 1
2635 0 -54047.24887626 0
2636 0 -99354.42979175 0
2637 1 73543.92623289 1
2638 0 -68283.84026010 0
2639 0 -88372.58731234 0
2640 1 79611.52450916 1
2641 0 -114364.82059158 0
2642 1 85762.83203784 1
2643 1 104728.75018735 1
2644 0 -52114.09467483 0
2645 1 116549.36180760 1
2646 1 91388.48928984 1
2647 0 -68164.97093454 0
2648 1 93730.13848112 1
2649 1 71335.49031482 1
2650 1 87862.49822161 1
2651 0 -98893.37851858 0
2652 1 96780.55005214 1
2653 0 -104506.05050124 0
2654 1 91538.54398450 1
2655 0 -110228.08019441 0
2656 1 92864.26289441 1
2657 1 82313.16362175 1
2658 1 47916.99503137 1
2659 0 -97602.68355827 0
2660 0 -104102.58458061 0
2661 0 -84168.34561355 0
2662 1 113660.94424876 1
2663 1 90820.48338945 1
2664 1 83174.18899755 1
2665 1 81725.72130459 1
2666 0 -91502.52857797 0
2667 1 84165.19101345 1
2668 0 -97542.67558274 0
2669 1 74019.02453535 1
2670 0 -67306.60386284 0
2671 1 92120.50953747 1
2672 1 65183.21560208 1
2673 0 -112356.05221392 0
2674 1 116503.15010305 1
2675 0 -74590.45803175 0
2676 1 86335.26343170 1
2677 0 -88161.65781780 0
2678 0 -64027.27682524 0
2679 1 90132.74115927 1
2680 1 64447.97847850 1
2681 1 99030.91029597 1
2682 0 -91427.62568855 0
2683 1 96990.81882119 1
2684 1 59902.38738759 1
2685 1 91543.22679519 1
2686 1 66490.53154320 1
2687 1 114455.44359998 1
2688 1 100623.09639273 1
2689 1 79595.32931516 1
2690 1 68459.35196059 1
2691 1 75643.64769345 1
2692 0 -71025.36687337 0
2693 1 43970.00525312 1
2694 1 111851.03561707 1
2695 1 89942.66412081 1
2696 1 24683.96109885 1
2697 1 93047.17455710 1
2698 0 -63264.79381809 0
2699 1 93371.64071284 1
2700 1 43950.79131744 1
2701 1 104940.88961161 1
2702 0 -103713.08557966 0
2703 1 24683.96109885 1
2704 0 -73662.60319926 0
2705 0 -55847.74182113 0
2706 1 68461.48253552 1
2707 1 94880.89962305 1
2708 1 127147.99068683 1
2709 0 -99340.52887723 0
2710 0 -47902.16506161 0
2711 1 72459.26074669 1
2712 0 -55301.84296132 0
2713 1 46504.91833385 1
2714 1 96307.44658747 1
2715 1 93020.17996109 1
2716 1 54689.63357263 1
2717 0 -91318.87351405 0
2718 0 -68689.94682172 0
2719 0 -92915.15503200 0
2720 0 -48793.34320631 0
2721 1 57304.48019711 1
2722 1 116343.48948737 1
2723 1 54118.80372875 1
2724 1 86256.71654222 1
2725 1 68876.45431818 1
2726 0 -84177.47728455 0
2727 0 -105771.10674391 0
2728 1 88004.81088308 1
2729 0 -122235.32313348 0
2730 1 109447.96697659 1
2731 1 74463.03623803 1
2732 0 -93067.68105062 0
2733 1 46386.01659003 1
2734 1 104569.22538130 1
2735 1 70449.07102901 1
2736 0 -70263.09771615 0
2737 1 111031.53326209 1
2738 0 -69320.89380195 0
2739 0 -107313.97449547 0
2740 1 31764.89086211 1
2741 1 78063.71840337 1
2742 0 -89397.00526171 0
2743 0 -73700.14383588 0
2744 1 92348.94326997 1
2745 1 65317.05969150 1
2746 1 107275.36338825 1
2747 1 82967.96590866 1
2748 0 -103148.73902142 0
2749 1 87377.78946908 1
2750 1 127889.63084658 1
2751 0 -92369.63925440 0
2752 1 83406.22081057 1
2753 1 53573.63662569 1
2754 0 -82355.25350062 0
2755 0 -84969.52395557 0
2756 0 -66793.41160580 0
2757 1 127079.14071640 1
2758 1 90948.58833942 1
2759 0 -96968.58041793 0
2760 1 78035.86277857 1
2761 1 44223.22588665 1
2762 1 95893.19650065 1
2763 1 60647.83434786 1
2764 0 -107659.36217274 0
2765 1 78939.42905866 1
2766 1 99928.93422438 1
2767 0 -101500.07970538 0
2768 1 66760.40701410 1
2769 0 -98516.05697798 0
2770 1 96019.05639226 1
2771 0 -113624.45427787 0
2772 1 99758.37412919 1
2773 1 65019.49211995 1
2774 0 -87054.61144348 0
2775 1 66358.96998158 1
2776 0 -70883.33201734 0
2777 0 -87398.12260883 0
2778 1 104681.70849032 1
2779 0 -103975.54927190 0
2780 1 66703.35567660 1
2781 0 -100881.05547205 0
2782 0 -70359.90130962 0
2783 1 74203.37244607 1
2784 0 -55355.09767694 0
2785 1 109080.50786826 1
2786 1 102441.17479579 1
2787 1 103583.42839401 1
2788 0 -91125.59195320 0
2789 0 -81782.86185250 0
2790 1 100737.49107115 1
2791 0 -84172.34090863 0
2792 1 79520.46891210 1
2793 1 75430.85813962 1
2794 0 -93821.19490787 0
2795 1 92358.49268974 1
2796 0 -53490.53480125 0
2797 0 -109175.80421229 0
2798 1 74283.17451440 1
2799 0 -111004.99209916 0
2800 1 78286.39409838 1
2801 0 -102813.08426623 0
2802 0 -98499.76740290 0
2803 1 67107.18207780 1
2804 1 80371.53102342 1
2805 1 86786.92461900 1
2806 1 116564.21873903 1
2807 0 -101342.62418100 0
2808 1 94116.28485527 1
2809 0 -84835.23723394 0
2810 1 75819.96814895 1
2811 1 108127.65988111 1
2812 0 -58527.57205379 0
2813 0 -80369.67201259 0
2814 0 -100788.26507835 0
2815 1 107387.39494673 1
2816 0 -95863.94881032 0
2817 0 -72809.68562532 0
2818 0 -102784.42160402 0
2819 0 -81668.68431043 0
2820 0 -106943.80241786 0
2821 1 121485.51359838 1
2822 0 -50107.89173747 0
2823 0 -113866.37976205 0
2824 0 -65586.48434611 0
2825 1 115329.48190799 1
2826 1 93482.77897554 1
2827 0 -97996.12180397 0
2828 0 -111840.50752042 0
2829 1 93226.30708948 1
2830 1 104656.26516763 1
2831 0 -80462.56657684 0
2832 0 -76824.61467460 0
2833 1 83965.76487425 1
2834 0 -56739.76734415 0
2835 1 112057.73781759 1
2836 0 -83518.50497086 0
2837 0 -89162.57450878 0
2838 0 -50164.19966947 0
2839 0 -97327.00382466 0
2840 0 -70930.60544803 0
2841 0 -108494.68549738 0
2842 1 61179.73641145 1
2843 0 -92716.74864502 0
2844 1 65668.88743447 1
2845 0 -75481.80139712 0
2846 1 94857.07986772 1
2847 0 -78850.38639450 0
2848 0 -112200.67608231 0
2849 0 -107089.05453869 0
2850 0 -86012.07952890 0
2851 0 -90995.03401460 0
2852 1 70826.72933022 1
2853 0 -83968.91647030 0
2854 0 -36954.32147755 0
2855 1 108525.03949683 1
2856 0 -102303.49693304 0
2857 0 -87481.41279987 0
2858 1 52736.78457441 1
2859 0 -67940.98720008 0
2860 1 87527.81166936 1
2861 1 72668.91218363 1
2862 0 -72099.58191215 0
2863 0 -93158.30894496 0
2864 1 96476.37689710 1
2865 1 78861.26148321 1
2866 1 55874.60593618 1
2867 1 83565.82051620 1
2868 1 20494.54896017 1
2869 1 88069.22165686 1
2870 0 -93607.95297348 0
2871 0 -93414.71557234 0
2872 0 -81065.69221301 0
2873 1 54251.44320012 1
2874 0 -44591.42994135 0
2875 0 -73857.66066147 0
2876 0 -70567.09748143 0
2877 0 -52411.32712592 0
2878 1 71097.20871714 1
2879 1 31953.84620869 1
2880 0 -27938.32233520 0
2881 0 -97548.26039784 0
2882 1 34317.27336209 1
2883 1 85037.23864705 1
2884 0 -95167.39153424 0
2885 0 -85136.76893070 0
2886 1 67521.96959109 1
2887 1 18484.81830413 1
2888 1 37532.64870503 1
2889 0 -20494.54896017 0
2890 1 91426.69525924 1
2891 1 102599.40001774 1
2892 0 -111973.08625439 0
2893 0 -58557.31458458 0
2894 0 -37008.85184816 0
2895 1 89856.52258490 1
2896 1 50944.98999274 1
2897 0 -59617.37337597 0
2898 0 -105255.79813607 0
2899 0 -57200.38473542 0
2900 1 60630.70407939 1
2901 1 56828.33587847 1
2902 1 69892.98190803 1
2903 0 -51652.69992761 0
2904 0 -114447.41779518 0
2905 1 94741.41078611 1
2906 0 -92621.78535261 0
2907 1 34473.82439242 1
2908 1 44676.28712883 1
2909 1 55270.20034392 1
2910 0 -38995.67544746 0
2911 0 -100640.56599528 0
2912 1 122716.83852883 1
2913 0 -81234.57115187 0
2914 0 -59821.09806682 0
2915 0 -78724.28289416 0
2916 0 -76260.50607272 0
2917 1 43099.80811271 1
2918 1 107334.53505842 1
2919 0 -72481.29481771 0
2920 0 -82429.37554896 0
2921 0 -82201.79464556 0
2922 0 -55732.71784654 0
2923 0 -77974.05329438 0
2924 0 -87359.26720950 0
2925 1 98811.09002590 1
2926 0 -62872.21506305 0
2927 1 57076.81946769 1
2928 1 71559.01108069 1
2929 0 -34810.22831761 0
2930 1 36990.51416440 1
2931 0 -88529.68691764 0
2932 0 -108191.83725920 0
2933 1 100526.07993134 1
2934 0 -81856.51686344 0
2935 1 90213.34049448 1
2936 0 -48353.70334576 0
2937 1 33009.22425033 1
2938 0 -97671.37117763 0
2939 1 70691.03837500 1
2940 1 116758.24221666 1
2941 0 -91450.58353509 0
2942 0 -72209.41833338 0
2943 0 -51024.21486678 0
2944 1 87814.52962018 1
2945 1 80118.09263176 1
2946 0 -47592.71339639 0
2947 0 -81662.82148110 0
2948 1 69299.55551702 1
2949 1 67803.67410860 1
2950 0 -29200.31992214 0
2951 0 -94602.35974708 0
2952 0 -88670.37599098 0
2953 0 -101396.05739974 0
2954 1 106134.28729222 1
2955 0 -105478.16329229 0
2956 1 99662.41892771 1
2957 1 41627.25233328 1
2958 0 -100386.32129227 0
2959 1 54658.91460344 1
2960 0 -99436.71784868 0
2961 0 -101154.43175081 0
2962 1 98247.00755794 1
2963 0 -100249.09744660 0
2964 1 69287.20034925 1
2965 1 33024.14778285 1
2966 1 32466.04769244 1
2967 0 -76132.23128974 0
2968 1 80724.70760552 1
2969 0 -72397.27104088 0
2970 1 44210.93787967 1
2971 0 -18484.81830413 0
2972 0 -83081.15536882 0
2973 1 81859.94131902 1
2974 1 93541.24214976 1
2975 1 56464.58266297 1
2976 1 107232.15906898 1
2977 1 73441.94838714 1
2978 1 69456.64309370 1
2979 0 -73095.43780852 0
2980 1 89188.06197159 1
2981 1 55276.45408822 1
2982 1 94128.13948056 1
2983 0 -102592.32096971 0
2984 1 83345.35687869 1
2985 0 -22095.54361727 0
2986 0 -69060.92640582 0
2987 0 -59507.24659881 0
2988 1 78457.75101383 1
2989 1 88352.34890010 1
2990 0 -70043.43426489 0
2991 0 -43333.04922443 0
2992 0 -68546.09438197 0
2993 1 103566.58455363 1
2994 0 -76187.15869317 0
2995 1 55034.28645312 1
2996 0 -115581.83048325 0
2997 0 -69980.38562352 0
2998 1 95108.94276894 1
2999 0 -49903.33111560 0
3000 0 -106723.87922698 0
3001 0 -44054.30085354 0
3002 0 -101444.18786543 0
3003 1 119611.52637134 1
3004 1 92036.95631405 1
3005 0 -58732.03229389 0
3006 1 44499.07348348 1
3007 0 -98474.47234367 0
3008 1 74751.70823444 1
3009 0 -103912.67805732 0
3010 1 78843.52856786 1
3011 1 56650.45428841 1
3012 1 87530.58258727 1
3013 0 -75123.07869936 0
3014 1 63952.67886792 1
3015 1 27924.11317828 1
3016 0 -106130.23907839 0
3017 1 96306.17882584 1
3018 1 101082.57236915 1
3019 1 88415.25306860 1
3020 1 69919.39451020 1
3021 1 45938.07828636 1
3022 0 -51266.85388248 0
3023 1 117406.58262588 1
3024 0 -105318.36686254 0
3025 1 58331.59942903 1
3026 0 -69687.46117654 0
3027 0 -81110.10734059 0
3028 0 -77381.14877527 0
3029 0 -76692.71263635 0
3030 0 -85827.34037029 0
3031 0 -83220.00787439 0
3032 0 -103498.08154738 0
3033 0 -105341.72038749 0
3034 0 -62154.26713360 0
3035 0 -64261.29791928 0
3036 1 94530.39448599 1
3037 1 100648.12771822 1
3038 0 -98462.37451535 0
3039 0 -86065.72290276 0
3040 1 105334.45634203 1
3041 0 -54335.22003767 0
3042 0 -70018.91138263 0
3043 1 92344.57693412 1
3044 0 -57988.85786573 0
3045 0 -71357.84405362 0
3046 0 -92902.37126522 0
3047 1 97528.57105833 1
3048 1 71270.06140619 1
3049 1 85041.23443749 1
3050 1 83326.84942810 1
3051 0 -77967.31216443 0
3052 0 -46298.22670585 0
3053 0 -91555.42367222 0
3054 0 -78164.52643006 0
3055 0 -56413.05387607 0
3056 1 95069.50957310 1
3057 1 82091.64426924 1
3058 0 -105062.87693833 0
3059 1 90530.05849654 1
3060 1 102060.04400663 1
3061 0 -75951.62989154 0
3062 1 66995.62164057 1
3063 0 -104647.63646235 0
3064 0 -45356.41277132 0
3065 1 84975.83459834 1
3066 1 92651.24011733 1
3067 1 99211.93087198 1
3068 1 77987.01759932 1
3069 1 58453.64037145 1
3070 1 80504.56246303 1
3071 0 -76338.79071014 0
3072 1 56889.61692235 1
3073 0 -102858.51648691 0
3074 0 -63679.38622100 0
3075 0 -73608.80151405 0
3076 1 71809.09501000 1
3077 0 -61721.25306495 0
3078 1 94332.87395488 1
3079 1 80425.70474809 1
3080 0 -87334.99431744 0
3081 0 -70386.55121660 0
3082 1 89928.80128546 1
3083 0 -63293.85576848 0
3084 0 -30635.48612860 0
3085 0 -69074.05037290 0
3086 1 87775.52327400 1
3087 0 -64176.62408192 0
3088 0 -69453.62619131 0
3089 0 -64932.67440061 0
3090 0 -64173.08633731 0
3091 1 44731.98461124 1
3092 1 46774.72716405 1
3093 1 87835.16466655 1
3094 1 90356.48835963 1
3095 0 -103281.79779794 0
3096 0 -84232.98942280 0
3097 1 51180.27709619 1
3098 0 -30635.48612860 0
3099 0 -70584.44179407 0
3100 0 -97907.63332098 0
3101 1 90836.99017595 1
3102 1 92390.81695632 1
3103 1 93346.21346837 1
3104 1 37213.61568465 1
3105 1 69152.73560394 1
3106 1 63585.84809402 1
3107 0 -81178.86811695 0
3108 1 77347.88304867 1
3109 1 68470.75773161 1
3110 0 -73127.25845689 0
3111 1 84332.31368452 1
3112 0 -46443.89996017 0
3113 1 92499.79760868 1
3114 0 -114969.18269835 0
3115 1 98610.54537456 1
3116 0 -100487.80737037 0
3117 1 87495.57011104 1
3118 0 -46674.44662176 0
3119 0 -64178.48195132 0
3120 0 -85316.55571536 0
3121 0 -95001.51958500 0
3122 1 111879.50303179 1
3123 0 -94939.07560495 0
3124 1 75508.78630387 1
3125 1 77773.03715971 1
3126 1 68595.74593017 1
3127 0 -65050.77775394 0
3128 1 106213.07369117 1
3129 1 70917.46110168 1
3130 0 -76185.98093296 0
3131 0 -87671.49323149 0
3132 1 53899.22844474 1
3133 1 90868.63714503 1
3134 1 100763.86057577 1
3135 0 -93003.55678514 0
3136 1 40375.45605682 1
3137 1 99452.44859743 1
3138 1 53975.41591275 1
3139 1 81828.76255521 1
3140 0 -34943.06624531 0
3141 1 84453.77176592 1
3142 0 -104328.92713910 0
3143 0 -76697.70988700 0
3144 1 66386.04832717 1
3145 0 -89495.26305909 0
3146 1 64159.64133611 1
3147 1 89340.96612759 1
3148 0 -91577.78013723 0
3149 0 -109836.49266093 0
3150 0 -77756.90212531 0
3151 1 86649.49906194 1
3152 1 76051.90918965 1
3153 0 -43574.90566403 0
3154 1 86303.38854493 1
3155 0 -93502.48727328 0
3156 1 55753.01984681 1
3157 0 -91796.83226048 0
3158 1 78164.87042699 1
3159 1 107657.18647544 1
3160 1 39512.31545653 1
3161 1 52825.24724042 1
3162 0 -96247.13705839 0
3163 0 -63770.18001163 0
3164 1 55561.29332572 1
3165 1 73140.30652570 1
3166 1 70160.05431962 1
3167 0 -86675.91631419 0
3168 1 98474.31434851 1
3169 1 105318.74473503 1
3170 1 110154.33674737 1
3171 0 -58275.93375961 0
3172 0 -72768.07816622 0
3173 0 -54634.02832775 0
3174 0 -84989.58800584 0
3175 0 -62942.23464163 0
3176 1 50295.33860046 1
3177 0 -112035.86103478 0
3178 1 62324.09821393 1
3179 1 110398.74863879 1
3180 1 62913.88569034 1
3181 1 53497.18743662 1
3182 0 -90083.74723590 0
3183 1 45180.62961273 1
3184 1 92306.24161957 1
3185 0 -75003.36992795 0
3186 0 -109798.36992432 0
3187 0 -110897.31935910 0
3188 1 76290.90155344 1
3189 0 -101844.38468146 0
3190 1 89914.78572649 1
3191 1 64823.06890659 1
3192 0 -92987.11597463 0
3193 1 65306.02281106 1
3194 1 100882.22225167 1
3195 1 -48731.76940012 0
3196 0 -32182.69439052 0
3197 0 -98404.33991169 0
3198 1 64080.19619164 1
3199 1 98530.35891365 1
