# idx_orig bit_orig post_llr_q hard
0 1 63 1
1 0 -64 0
2 0 -64 0
3 1 63 1
4 1 63 1
5 1 63 1
6 1 63 1
7 1 63 1
8 1 63 1
9 1 63 1
10 1 63 1
11 0 -64 0
12 1 63 1
13 0 -64 0
14 0 -64 0
15 1 63 1
16 0 -64 0
17 0 -64 0
18 1 63 1
19 0 -64 0
20 0 -64 0
21 0 -64 0
22 0 -64 0
23 0 -64 0
24 0 -64 0
25 1 63 1
26 0 -64 0
27 1 63 1
28 0 -64 0
29 0 -64 0
30 0 -64 0
31 1 63 1
32 0 -64 0
33 0 -64 0
34 0 -64 0
35 0 -64 0
36 0 -64 0
37 0 -64 0
38 0 -64 0
39 0 -64 0
40 1 63 1
41 1 63 1
42 1 63 1
43 0 -64 0
44 0 -64 0
45 0 -64 0
46 0 -64 0
47 0 -64 0
48 0 -64 0
49 1 63 1
50 0 -64 0
51 1 63 1
52 0 -64 0
53 1 63 1
54 0 -64 0
55 1 63 1
56 1 63 1
57 1 63 1
58 1 63 1
59 1 63 1
60 0 -64 0
61 0 -64 0
62 1 63 1
63 1 63 1
64 0 -64 0
65 0 -64 0
66 1 63 1
67 1 63 1
68 0 -64 0
69 0 -64 0
70 1 63 1
71 0 -64 0
72 0 -64 0
73 1 63 1
74 1 63 1
75 1 63 1
76 1 63 1
77 1 63 1
78 0 -64 0
79 1 63 1
80 0 -64 0
81 1 63 1
82 0 -64 0
83 1 63 1
84 0 -64 0
85 1 63 1
86 1 63 1
87 0 -64 0
88 1 63 1
89 1 63 1
90 0 -64 0
91 1 63 1
92 1 63 1
93 1 63 1
94 0 -64 0
95 0 -64 0
96 0 -64 0
97 1 63 1
98 0 -64 0
99 0 -64 0
100 1 63 1
101 0 -64 0
102 0 -64 0
103 0 -64 0
104 1 63 1
105 0 -64 0
106 1 63 1
107 0 -64 0
108 0 -64 0
109 0 -64 0
110 0 -64 0
111 1 63 1
112 1 63 1
113 1 63 1
114 0 -64 0
115 1 63 1
116 1 63 1
117 0 -64 0
118 1 63 1
119 0 -64 0
120 0 -64 0
121 1 63 1
122 0 -64 0
123 0 -64 0
124 0 -64 0
125 1 63 1
126 0 -64 0
127 0 -64 0
128 1 63 1
129 1 63 1
130 0 -64 0
131 0 -64 0
132 1 63 1
133 1 63 1
134 1 63 1
135 1 63 1
136 1 63 1
137 1 63 1
138 1 63 1
139 1 63 1
140 0 -64 0
141 1 63 1
142 0 -64 0
143 0 -64 0
144 0 -64 0
145 1 63 1
146 1 63 1
147 1 63 1
148 0 -64 0
149 0 -64 0
150 0 -64 0
151 1 63 1
152 0 -64 0
153 1 63 1
154 0 -64 0
155 1 63 1
156 0 -64 0
157 0 -64 0
158 1 63 1
159 0 -64 0
160 1 63 1
161 1 63 1
162 1 63 1
163 0 -64 0
164 0 -64 0
165 0 -64 0
166 0 -64 0
167 1 63 1
168 1 63 1
169 1 63 1
170 1 63 1
171 1 63 1
172 1 63 1
173 1 63 1
174 1 63 1
175 0 -64 0
176 0 -64 0
177 0 -64 0
178 1 63 1
179 0 -64 0
180 0 -64 0
181 1 63 1
182 0 -64 0
183 1 63 1
184 1 63 1
185 1 63 1
186 1 63 1
187 1 63 1
188 1 63 1
189 1 63 1
190 0 -64 0
191 1 63 1
192 1 63 1
193 0 -64 0
194 0 -64 0
195 1 63 1
196 0 -64 0
197 0 -64 0
198 0 -64 0
199 1 63 1
200 0 -64 0
201 0 -64 0
202 0 -64 0
203 0 -64 0
204 1 63 1
205 1 63 1
206 0 -64 0
207 0 -64 0
208 1 63 1
209 1 63 1
210 1 63 1
211 1 63 1
212 1 63 1
213 1 63 1
214 0 -64 0
215 1 63 1
216 1 63 1
217 0 -64 0
218 0 -64 0
219 0 -64 0
220 1 63 1
221 0 -64 0
222 1 63 1
223 1 63 1
224 0 -64 0
225 1 63 1
226 0 -64 0
227 0 -64 0
228 1 63 1
229 0 -64 0
230 1 63 1
231 0 -64 0
232 1 63 1
233 0 -64 0
234 0 -64 0
235 0 -64 0
236 0 -64 0
237 0 -64 0
238 0 -64 0
239 1 63 1
240 0 -64 0
241 1 63 1
242 0 -64 0
243 1 63 1
244 0 -64 0
245 1 63 1
246 1 63 1
247 0 -64 0
248 1 63 1
249 1 63 1
250 1 63 1
251 1 63 1
252 0 -64 0
253 0 -64 0
254 1 63 1
255 1 63 1
256 1 63 1
257 1 63 1
258 0 -64 0
259 1 63 1
260 0 -64 0
261 0 -64 0
262 0 -64 0
263 0 -64 0
264 1 63 1
265 0 -64 0
266 0 -64 0
267 0 -64 0
268 1 63 1
269 0 -64 0
270 0 -64 0
271 1 63 1
272 1 63 1
273 0 -64 0
274 0 -64 0
275 1 63 1
276 0 -64 0
277 0 -64 0
278 0 -64 0
279 1 63 1
280 1 63 1
281 0 -64 0
282 0 -64 0
283 1 63 1
284 1 63 1
285 0 -64 0
286 0 -64 0
287 0 -64 0
288 1 63 1
289 0 -64 0
290 1 63 1
291 0 -64 0
292 0 -64 0
293 1 63 1
294 0 -64 0
295 1 63 1
296 0 -64 0
297 1 63 1
298 1 63 1
299 0 -64 0
300 0 -64 0
301 0 -64 0
302 1 63 1
303 1 63 1
304 1 63 1
305 1 63 1
306 0 -64 0
307 1 63 1
308 0 -64 0
309 1 63 1
310 0 -64 0
311 0 -64 0
312 0 -64 0
313 0 -64 0
314 0 -64 0
315 0 -64 0
316 0 -64 0
317 0 -64 0
318 1 63 1
319 0 -64 0
320 1 63 1
321 0 -64 0
322 1 63 1
323 1 63 1
324 1 63 1
325 1 63 1
326 0 -64 0
327 1 63 1
328 0 -64 0
329 0 -64 0
330 0 -64 0
331 0 -64 0
332 1 63 1
333 0 -64 0
334 1 63 1
335 1 63 1
336 0 -64 0
337 0 -64 0
338 1 63 1
339 0 -64 0
340 1 63 1
341 0 -64 0
342 1 63 1
343 1 63 1
344 0 -64 0
345 0 -64 0
346 0 -64 0
347 0 -64 0
348 0 -64 0
349 1 63 1
350 0 -64 0
351 0 -64 0
352 0 -64 0
353 1 63 1
354 0 -64 0
355 1 63 1
356 1 63 1
357 1 63 1
358 1 63 1
359 1 63 1
360 0 -64 0
361 0 -64 0
362 1 63 1
363 0 -64 0
364 0 -64 0
365 1 63 1
366 0 -64 0
367 1 63 1
368 1 63 1
369 1 63 1
370 1 63 1
371 0 -64 0
372 0 -64 0
373 0 -64 0
374 1 63 1
375 1 63 1
376 1 63 1
377 1 63 1
378 1 63 1
379 0 -64 0
380 0 -64 0
381 1 63 1
382 1 63 1
383 0 -64 0
384 0 -64 0
385 1 63 1
386 0 -64 0
387 1 63 1
388 0 -64 0
389 0 -64 0
390 1 63 1
391 1 63 1
392 0 -64 0
393 1 63 1
394 1 63 1
395 0 -64 0
396 1 63 1
397 0 -64 0
398 1 63 1
399 1 63 1
400 1 63 1
401 1 63 1
402 0 -64 0
403 0 -64 0
404 0 -64 0
405 1 63 1
406 0 -64 0
407 0 -64 0
408 0 -64 0
409 0 -64 0
410 0 -64 0
411 0 -64 0
412 1 63 1
413 1 63 1
414 1 63 1
415 1 63 1
416 1 63 1
417 1 63 1
418 0 -64 0
419 0 -64 0
420 1 63 1
421 1 63 1
422 0 -64 0
423 1 63 1
424 1 63 1
425 1 63 1
426 0 -64 0
427 1 63 1
428 1 63 1
429 0 -64 0
430 1 63 1
431 1 63 1
432 0 -64 0
433 1 63 1
434 1 63 1
435 0 -64 0
436 1 63 1
437 0 -64 0
438 1 63 1
439 1 63 1
440 1 63 1
441 0 -64 0
442 0 -64 0
443 1 63 1
444 1 63 1
445 1 63 1
446 0 -64 0
447 0 -64 0
448 1 63 1
449 1 63 1
450 1 63 1
451 1 63 1
452 0 -64 0
453 1 63 1
454 0 -64 0
455 1 63 1
456 0 -64 0
457 1 63 1
458 0 -64 0
459 0 -64 0
460 0 -64 0
461 1 63 1
462 1 63 1
463 1 63 1
464 0 -64 0
465 1 63 1
466 1 63 1
467 1 63 1
468 1 63 1
469 1 63 1
470 1 63 1
471 1 63 1
472 1 63 1
473 1 63 1
474 0 -64 0
475 0 -64 0
476 0 -64 0
477 1 63 1
478 0 -64 0
479 0 -64 0
480 0 -64 0
481 0 -64 0
482 0 -64 0
483 1 63 1
484 1 63 1
485 0 -64 0
486 0 -64 0
487 1 63 1
488 1 63 1
489 1 63 1
490 0 -64 0
491 1 63 1
492 1 63 1
493 1 63 1
494 0 -64 0
495 1 63 1
496 1 63 1
497 0 -64 0
498 1 63 1
499 1 63 1
500 0 -64 0
501 1 63 1
502 0 -64 0
503 0 -64 0
504 1 63 1
505 0 -64 0
506 0 -64 0
507 0 -64 0
508 1 63 1
509 0 -64 0
510 1 63 1
511 0 -64 0
512 1 63 1
513 1 63 1
514 1 63 1
515 0 -64 0
516 0 -64 0
517 1 63 1
518 1 63 1
519 1 63 1
520 0 -64 0
521 1 63 1
522 1 63 1
523 1 63 1
524 0 -64 0
525 1 63 1
526 0 -64 0
527 0 -64 0
528 0 -64 0
529 1 63 1
530 0 -64 0
531 1 63 1
532 0 -64 0
533 1 63 1
534 1 63 1
535 1 63 1
536 1 63 1
537 0 -64 0
538 0 -64 0
539 1 63 1
540 0 -64 0
541 1 63 1
542 1 63 1
543 1 63 1
544 0 -64 0
545 1 63 1
546 0 -64 0
547 1 63 1
548 0 -64 0
549 1 63 1
550 1 63 1
551 0 -64 0
552 1 63 1
553 1 63 1
554 0 -64 0
555 0 -64 0
556 0 -64 0
557 0 -64 0
558 0 -64 0
559 0 -64 0
560 1 63 1
561 1 63 1
562 1 63 1
563 1 63 1
564 1 63 1
565 1 63 1
566 0 -64 0
567 0 -64 0
568 0 -64 0
569 1 63 1
570 1 63 1
571 1 63 1
572 0 -64 0
573 1 63 1
574 0 -64 0
575 1 63 1
576 1 63 1
577 1 63 1
578 1 63 1
579 0 -64 0
580 1 63 1
581 0 -64 0
582 0 -64 0
583 0 -64 0
584 0 -64 0
585 1 63 1
586 0 -64 0
587 1 63 1
588 1 63 1
589 1 63 1
590 0 -64 0
591 1 63 1
592 1 63 1
593 1 63 1
594 1 63 1
595 0 -64 0
596 1 63 1
597 0 -64 0
598 1 63 1
599 0 -64 0
600 0 -64 0
601 0 -64 0
602 0 -64 0
603 1 63 1
604 1 63 1
605 0 -64 0
606 0 -64 0
607 1 63 1
608 1 63 1
609 0 -64 0
610 0 -64 0
611 1 63 1
612 0 -64 0
613 1 63 1
614 0 -64 0
615 1 63 1
616 0 -64 0
617 1 63 1
618 0 -64 0
619 1 63 1
620 0 -64 0
621 0 -64 0
622 1 63 1
623 0 -64 0
624 1 63 1
625 1 63 1
626 1 63 1
627 0 -64 0
628 1 63 1
629 0 -64 0
630 1 63 1
631 0 -64 0
632 0 -64 0
633 0 -64 0
634 1 63 1
635 0 -64 0
636 1 63 1
637 0 -64 0
638 1 63 1
639 1 63 1
640 0 -64 0
641 1 63 1
642 1 63 1
643 0 -64 0
644 0 -64 0
645 0 -64 0
646 1 63 1
647 0 -64 0
648 0 -64 0
649 1 63 1
650 0 -64 0
651 0 -64 0
652 1 63 1
653 0 -64 0
654 1 63 1
655 0 -64 0
656 1 63 1
657 1 63 1
658 0 -64 0
659 0 -64 0
660 1 63 1
661 0 -64 0
662 0 -64 0
663 0 -64 0
664 0 -64 0
665 1 63 1
666 0 -64 0
667 0 -64 0
668 0 -64 0
669 0 -64 0
670 0 -64 0
671 1 63 1
672 0 -64 0
673 0 -64 0
674 0 -64 0
675 0 -64 0
676 1 63 1
677 0 -64 0
678 0 -64 0
679 1 63 1
680 0 -64 0
681 0 -64 0
682 1 63 1
683 0 -64 0
684 1 63 1
685 0 -64 0
686 0 -64 0
687 1 63 1
688 1 63 1
689 0 -64 0
690 1 63 1
691 0 -64 0
692 1 63 1
693 1 63 1
694 1 63 1
695 0 -64 0
696 1 63 1
697 1 63 1
698 0 -64 0
699 1 63 1
700 1 63 1
701 0 -64 0
702 0 -64 0
703 0 -64 0
704 0 -64 0
705 1 63 1
706 0 -64 0
707 0 -64 0
708 1 63 1
709 0 -64 0
710 0 -64 0
711 0 -64 0
712 1 63 1
713 0 -64 0
714 0 -64 0
715 0 -64 0
716 0 -64 0
717 0 -64 0
718 0 -64 0
719 0 -64 0
720 1 63 1
721 1 63 1
722 1 63 1
723 1 63 1
724 0 -64 0
725 1 63 1
726 0 -64 0
727 1 63 1
728 1 63 1
729 0 -64 0
730 1 63 1
731 1 63 1
732 0 -64 0
733 0 -64 0
734 1 63 1
735 1 63 1
736 0 -64 0
737 1 63 1
738 1 63 1
739 1 63 1
740 0 -64 0
741 0 -64 0
742 1 63 1
743 0 -64 0
744 0 -64 0
745 0 -64 0
746 1 63 1
747 0 -64 0
748 1 63 1
749 1 63 1
750 1 63 1
751 1 63 1
752 1 63 1
753 1 63 1
754 0 -64 0
755 1 63 1
756 1 63 1
757 1 63 1
758 0 -64 0
759 1 63 1
760 0 -64 0
761 1 63 1
762 1 63 1
763 1 56 1
764 1 42 1
765 0 -64 0
766 1 39 1
767 0 -45 0
768 1 40 1
769 1 48 1
770 0 -63 0
771 0 -64 0
772 1 63 1
773 1 63 1
774 0 -64 0
775 1 63 1
776 0 -64 0
777 1 63 1
778 1 63 1
779 1 63 1
780 1 63 1
781 1 63 1
782 1 63 1
783 1 63 1
784 0 -64 0
785 1 63 1
786 1 63 1
787 1 63 1
788 0 -64 0
789 0 -64 0
790 1 63 1
791 0 -64 0
792 1 63 1
793 1 63 1
794 0 -64 0
795 1 63 1
796 0 -64 0
797 0 -64 0
798 1 63 1
799 0 -64 0
800 0 -64 0
801 0 -64 0
802 0 -64 0
803 1 63 1
804 0 -64 0
805 1 63 1
806 1 63 1
807 0 -64 0
808 0 -64 0
809 1 63 1
810 1 63 1
811 1 63 1
812 1 63 1
813 1 63 1
814 1 63 1
815 0 -64 0
816 0 -64 0
817 0 -64 0
818 0 -64 0
819 1 63 1
820 1 63 1
821 1 63 1
822 1 63 1
823 0 -64 0
824 1 63 1
825 1 63 1
826 0 -64 0
827 1 63 1
828 1 63 1
829 1 63 1
830 0 -64 0
831 1 63 1
832 0 -64 0
833 1 63 1
834 0 -64 0
835 1 63 1
836 0 -64 0
837 0 -64 0
838 1 63 1
839 1 63 1
840 0 -64 0
841 1 63 1
842 0 -64 0
843 0 -64 0
844 1 63 1
845 1 63 1
846 1 63 1
847 1 63 1
848 0 -64 0
849 0 -64 0
850 0 -64 0
851 1 63 1
852 0 -64 0
853 1 63 1
854 1 63 1
855 1 63 1
856 1 63 1
857 1 63 1
858 0 -64 0
859 0 -64 0
860 0 -64 0
861 0 -64 0
862 0 -64 0
863 0 -64 0
864 1 63 1
865 1 63 1
866 1 63 1
867 0 -64 0
868 1 63 1
869 0 -64 0
870 1 63 1
871 1 63 1
872 1 63 1
873 0 -64 0
874 0 -64 0
875 1 63 1
876 1 63 1
877 0 -64 0
878 1 63 1
879 1 63 1
880 1 63 1
881 0 -64 0
882 0 -64 0
883 0 -64 0
884 1 63 1
885 0 -64 0
886 1 63 1
887 0 -64 0
888 0 -64 0
889 1 63 1
890 1 63 1
891 0 -64 0
892 1 63 1
893 0 -64 0
894 1 63 1
895 1 63 1
896 0 -64 0
897 1 63 1
898 0 -64 0
899 1 63 1
900 1 63 1
901 1 63 1
902 0 -64 0
903 1 63 1
904 1 63 1
905 1 63 1
906 1 63 1
907 0 -64 0
908 1 63 1
909 1 63 1
910 1 63 1
911 1 63 1
912 0 -64 0
913 0 -64 0
914 1 63 1
915 1 63 1
916 1 63 1
917 1 63 1
918 0 -64 0
919 1 63 1
920 0 -64 0
921 1 63 1
922 1 63 1
923 1 63 1
924 0 -64 0
925 0 -64 0
926 0 -64 0
927 0 -64 0
928 0 -64 0
929 0 -64 0
930 1 63 1
931 1 63 1
932 1 63 1
933 1 63 1
934 1 63 1
935 1 63 1
936 0 -64 0
937 1 63 1
938 1 63 1
939 0 -64 0
940 0 -64 0
941 1 63 1
942 1 63 1
943 1 63 1
944 0 -64 0
945 1 63 1
946 1 63 1
947 0 -64 0
948 1 63 1
949 0 -64 0
950 1 63 1
951 1 63 1
952 0 -64 0
953 1 63 1
954 0 -64 0
955 0 -64 0
956 1 63 1
957 1 63 1
958 1 63 1
959 0 -64 0
960 1 63 1
961 1 63 1
962 0 -64 0
963 1 63 1
964 1 63 1
965 1 63 1
966 0 -64 0
967 1 63 1
968 0 -64 0
969 1 63 1
970 1 63 1
971 0 -64 0
972 1 63 1
973 0 -64 0
974 1 63 1
975 0 -64 0
976 0 -64 0
977 0 -64 0
978 1 63 1
979 1 63 1
980 0 -64 0
981 0 -64 0
982 0 -64 0
983 0 -64 0
984 1 63 1
985 0 -64 0
986 1 63 1
987 1 63 1
988 1 63 1
989 0 -64 0
990 1 63 1
991 0 -64 0
992 0 -64 0
993 1 63 1
994 0 -64 0
995 1 63 1
996 1 63 1
997 1 63 1
998 1 63 1
999 0 -64 0
1000 1 63 1
1001 0 -64 0
1002 1 63 1
1003 1 63 1
1004 1 63 1
1005 0 -64 0
1006 1 63 1
1007 0 -64 0
1008 1 63 1
1009 0 -64 0
1010 1 63 1
1011 1 63 1
1012 1 63 1
1013 0 -64 0
1014 1 63 1
1015 1 63 1
1016 0 -64 0
1017 0 -64 0
1018 0 -64 0
1019 0 -64 0
1020 0 -64 0
1021 0 -64 0
1022 1 63 1
1023 0 -64 0
1024 1 63 1
1025 0 -64 0
1026 1 63 1
1027 0 -64 0
1028 0 -64 0
1029 1 63 1
1030 0 -64 0
1031 0 -64 0
1032 1 63 1
1033 0 -64 0
1034 1 63 1
1035 0 -64 0
1036 1 63 1
1037 1 63 1
1038 0 -64 0
1039 0 -64 0
1040 0 -64 0
1041 1 63 1
1042 1 63 1
1043 0 -64 0
1044 0 -64 0
1045 0 -64 0
1046 1 63 1
1047 0 -64 0
1048 0 -64 0
1049 0 -64 0
1050 1 63 1
1051 0 -64 0
1052 1 63 1
1053 0 -64 0
1054 1 63 1
1055 0 -64 0
1056 0 -64 0
1057 0 -64 0
1058 1 63 1
1059 1 63 1
1060 0 -64 0
1061 1 63 1
1062 1 63 1
1063 0 -64 0
1064 1 63 1
1065 0 -64 0
1066 0 -64 0
1067 0 -64 0
1068 0 -64 0
1069 1 63 1
1070 0 -64 0
1071 0 -64 0
1072 0 -64 0
1073 1 63 1
1074 1 63 1
1075 1 63 1
1076 0 -64 0
1077 0 -64 0
1078 0 -64 0
1079 0 -64 0
1080 1 63 1
1081 0 -64 0
1082 0 -64 0
1083 1 63 1
1084 1 63 1
1085 0 -64 0
1086 1 63 1
1087 0 -64 0
1088 0 -64 0
1089 1 63 1
1090 0 -64 0
1091 1 63 1
1092 0 -64 0
1093 0 -64 0
1094 1 63 1
1095 0 -64 0
1096 0 -64 0
1097 0 -64 0
1098 0 -64 0
1099 1 63 1
1100 1 63 1
1101 0 -64 0
1102 1 63 1
1103 1 63 1
1104 0 -64 0
1105 0 -64 0
1106 0 -64 0
1107 0 -64 0
1108 1 63 1
1109 1 63 1
1110 1 63 1
1111 0 -64 0
1112 0 -64 0
1113 1 63 1
1114 1 63 1
1115 1 63 1
1116 1 63 1
1117 0 -64 0
1118 0 -64 0
1119 0 -64 0
1120 0 -64 0
1121 1 63 1
1122 0 -64 0
1123 0 -64 0
1124 0 -64 0
1125 1 63 1
1126 1 63 1
1127 0 -64 0
1128 1 63 1
1129 0 -64 0
1130 0 -64 0
1131 0 -64 0
1132 0 -64 0
1133 1 63 1
1134 1 63 1
1135 1 63 1
1136 1 63 1
1137 1 63 1
1138 0 -64 0
1139 1 63 1
1140 1 63 1
1141 0 -64 0
1142 1 63 1
1143 0 -64 0
1144 1 63 1
1145 1 63 1
1146 0 -64 0
1147 1 63 1
1148 0 -64 0
1149 0 -64 0
1150 0 -64 0
1151 0 -64 0
1152 1 63 1
1153 1 63 1
1154 0 -64 0
1155 1 63 1
1156 1 63 1
1157 0 -64 0
1158 1 63 1
1159 1 63 1
1160 1 63 1
1161 1 63 1
1162 0 -64 0
1163 0 -64 0
1164 1 63 1
1165 1 63 1
1166 0 -64 0
1167 1 63 1
1168 0 -64 0
1169 0 -64 0
1170 1 63 1
1171 1 63 1
1172 1 63 1
1173 0 -64 0
1174 0 -64 0
1175 0 -64 0
1176 1 63 1
1177 0 -64 0
1178 0 -64 0
1179 1 63 1
1180 0 -64 0
1181 1 63 1
1182 0 -64 0
1183 1 63 1
1184 0 -64 0
1185 1 63 1
1186 1 63 1
1187 0 -64 0
1188 0 -64 0
1189 1 63 1
1190 1 63 1
1191 1 63 1
1192 0 -64 0
1193 1 63 1
1194 1 63 1
1195 0 -64 0
1196 0 -64 0
1197 0 -64 0
1198 0 -64 0
1199 0 -64 0
1200 1 63 1
1201 0 -64 0
1202 1 63 1
1203 0 -64 0
1204 0 -64 0
1205 0 -64 0
1206 0 -64 0
1207 0 -64 0
1208 0 -64 0
1209 0 -64 0
1210 0 -64 0
1211 0 -64 0
1212 1 63 1
1213 1 63 1
1214 1 63 1
1215 0 -64 0
1216 0 -64 0
1217 1 63 1
1218 0 -64 0
1219 1 63 1
1220 0 -64 0
1221 0 -64 0
1222 0 -64 0
1223 1 63 1
1224 0 -64 0
1225 0 -64 0
1226 1 63 1
1227 1 63 1
1228 0 -64 0
1229 1 63 1
1230 0 -64 0
1231 1 63 1
1232 0 -64 0
1233 0 -64 0
1234 1 63 1
1235 0 -64 0
1236 1 63 1
1237 0 -64 0
1238 1 63 1
1239 0 -64 0
1240 1 63 1
1241 1 63 1
1242 0 -64 0
1243 0 -64 0
1244 0 -64 0
1245 1 63 1
1246 0 -64 0
1247 1 63 1
1248 1 63 1
1249 0 -64 0
1250 1 63 1
1251 1 63 1
1252 0 -64 0
1253 1 63 1
1254 1 63 1
1255 1 63 1
1256 0 -64 0
1257 1 63 1
1258 1 63 1
1259 0 -64 0
1260 0 -64 0
1261 0 -64 0
1262 0 -64 0
1263 1 63 1
1264 1 63 1
1265 1 63 1
1266 0 -64 0
1267 1 63 1
1268 0 -64 0
1269 0 -64 0
1270 1 63 1
1271 1 63 1
1272 0 -64 0
1273 1 63 1
1274 1 63 1
1275 0 -64 0
1276 1 63 1
1277 1 63 1
1278 0 -64 0
1279 0 -64 0
1280 1 63 1
1281 0 -64 0
1282 0 -64 0
1283 0 -64 0
1284 0 -64 0
1285 0 -64 0
1286 0 -64 0
1287 0 -64 0
1288 0 -64 0
1289 1 63 1
1290 0 -64 0
1291 0 -64 0
1292 0 -64 0
1293 1 63 1
1294 1 63 1
1295 0 -64 0
1296 0 -64 0
1297 0 -64 0
1298 0 -64 0
1299 1 63 1
1300 0 -64 0
1301 0 -64 0
1302 1 63 1
1303 1 63 1
1304 1 63 1
1305 0 -64 0
1306 1 63 1
1307 0 -64 0
1308 1 63 1
1309 0 -64 0
1310 0 -64 0
1311 0 -64 0
1312 1 63 1
1313 0 -64 0
1314 1 63 1
1315 0 -64 0
1316 1 63 1
1317 0 -64 0
1318 0 -64 0
1319 1 63 1
1320 0 -64 0
1321 0 -64 0
1322 0 -64 0
1323 1 63 1
1324 1 63 1
1325 0 -64 0
1326 1 63 1
1327 0 -64 0
1328 0 -64 0
1329 1 63 1
1330 1 63 1
1331 1 63 1
1332 0 -64 0
1333 1 63 1
1334 0 -64 0
1335 1 63 1
1336 0 -64 0
1337 1 63 1
1338 0 -64 0
1339 0 -64 0
1340 1 63 1
1341 0 -64 0
1342 0 -64 0
1343 1 63 1
1344 0 -64 0
1345 1 63 1
1346 0 -64 0
1347 0 -64 0
1348 0 -64 0
1349 1 63 1
1350 1 63 1
1351 0 -64 0
1352 0 -64 0
1353 1 63 1
1354 0 -64 0
1355 0 -64 0
1356 0 -64 0
1357 1 63 1
1358 0 -64 0
1359 0 -64 0
1360 1 63 1
1361 0 -64 0
1362 0 -64 0
1363 1 63 1
1364 1 63 1
1365 1 63 1
1366 0 -64 0
1367 1 63 1
1368 1 63 1
1369 1 63 1
1370 1 63 1
1371 1 63 1
1372 0 -64 0
1373 0 -64 0
1374 0 -64 0
1375 0 -64 0
1376 0 -64 0
1377 1 63 1
1378 1 63 1
1379 1 63 1
1380 0 -64 0
1381 0 -64 0
1382 1 63 1
1383 0 -64 0
1384 0 -64 0
1385 1 63 1
1386 0 -64 0
1387 1 63 1
1388 1 63 1
1389 1 63 1
1390 1 63 1
1391 0 -64 0
1392 0 -64 0
1393 1 63 1
1394 1 63 1
1395 0 -64 0
1396 1 63 1
1397 1 63 1
1398 0 -64 0
1399 0 -64 0
1400 1 63 1
1401 1 63 1
1402 1 63 1
1403 1 63 1
1404 0 -64 0
1405 1 63 1
1406 0 -64 0
1407 1 63 1
1408 1 63 1
1409 1 63 1
1410 1 63 1
1411 0 -64 0
1412 1 63 1
1413 0 -64 0
1414 0 -64 0
1415 1 63 1
1416 0 -64 0
1417 0 -64 0
1418 1 63 1
1419 0 -64 0
1420 0 -64 0
1421 0 -64 0
1422 0 -64 0
1423 0 -64 0
1424 0 -64 0
1425 1 63 1
1426 1 63 1
1427 1 63 1
1428 0 -64 0
1429 1 63 1
1430 1 63 1
1431 0 -64 0
1432 1 63 1
1433 1 63 1
1434 1 63 1
1435 1 63 1
1436 0 -64 0
1437 0 -64 0
1438 1 63 1
1439 0 -64 0
1440 0 -64 0
1441 0 -64 0
1442 0 -64 0
1443 1 63 1
1444 1 63 1
1445 0 -64 0
1446 0 -64 0
1447 0 -64 0
1448 1 63 1
1449 0 -64 0
1450 1 63 1
1451 1 63 1
1452 1 63 1
1453 1 63 1
1454 0 -64 0
1455 1 63 1
1456 1 63 1
1457 1 63 1
1458 1 63 1
1459 1 63 1
1460 0 -64 0
1461 1 63 1
1462 0 -64 0
1463 0 -64 0
1464 1 63 1
1465 1 63 1
1466 1 63 1
1467 0 -64 0
1468 1 63 1
1469 1 63 1
1470 1 63 1
1471 0 -64 0
1472 1 63 1
1473 1 63 1
1474 0 -64 0
1475 1 63 1
1476 1 63 1
1477 1 63 1
1478 1 63 1
1479 1 63 1
1480 0 -64 0
1481 1 63 1
1482 1 63 1
1483 0 -64 0
1484 1 63 1
1485 0 -64 0
1486 1 63 1
1487 1 63 1
1488 1 63 1
1489 1 63 1
1490 1 63 1
1491 0 -64 0
1492 0 -64 0
1493 0 -64 0
1494 0 -64 0
1495 0 -64 0
1496 1 63 1
1497 0 -64 0
1498 1 63 1
1499 0 -64 0
1500 1 63 1
1501 0 -64 0
1502 1 63 1
1503 1 63 1
1504 0 -64 0
1505 1 63 1
1506 1 63 1
1507 0 -64 0
1508 0 -64 0
1509 1 63 1
1510 1 63 1
1511 0 -64 0
1512 0 -64 0
1513 1 63 1
1514 0 -64 0
1515 0 -64 0
1516 0 -64 0
1517 0 -64 0
1518 1 63 1
1519 0 -64 0
1520 1 63 1
1521 1 63 1
1522 1 63 1
1523 1 63 1
1524 0 -64 0
1525 0 -64 0
1526 0 -64 0
1527 1 63 1
1528 0 -64 0
1529 0 -64 0
1530 1 63 1
1531 1 37 1
1532 0 -49 0
1533 0 -49 0
1534 0 -47 0
1535 1 54 1
1536 1 40 1
1537 0 -60 0
1538 1 63 1
1539 1 63 1
1540 1 63 1
1541 1 63 1
1542 1 63 1
1543 1 63 1
1544 1 63 1
1545 1 63 1
1546 0 -64 0
1547 1 63 1
1548 1 63 1
1549 1 63 1
1550 0 -64 0
1551 0 -64 0
1552 0 -64 0
1553 0 -64 0
1554 0 -64 0
1555 1 63 1
1556 0 -64 0
1557 0 -64 0
1558 0 -64 0
1559 0 -64 0
1560 1 63 1
1561 1 63 1
1562 1 63 1
1563 1 63 1
1564 1 63 1
1565 0 -64 0
1566 1 63 1
1567 1 63 1
1568 1 63 1
1569 1 63 1
1570 0 -64 0
1571 1 63 1
1572 0 -64 0
1573 0 -64 0
1574 1 63 1
1575 1 63 1
1576 1 63 1
1577 0 -64 0
1578 0 -64 0
1579 0 -64 0
1580 0 -64 0
1581 1 63 1
1582 0 -64 0
1583 1 63 1
1584 0 -64 0
1585 0 -64 0
1586 1 63 1
1587 1 63 1
1588 0 -64 0
1589 1 63 1
1590 0 -64 0
1591 1 63 1
1592 1 63 1
1593 0 -64 0
1594 0 -64 0
1595 0 -64 0
1596 1 63 1
1597 0 -64 0
1598 1 63 1
1599 1 63 1
1600 0 -64 0
1601 1 63 1
1602 1 63 1
1603 0 -64 0
1604 0 -64 0
1605 1 63 1
1606 0 -64 0
1607 1 63 1
1608 1 63 1
1609 1 63 1
1610 1 63 1
1611 0 -64 0
1612 0 -64 0
1613 1 63 1
1614 1 63 1
1615 0 -64 0
1616 1 63 1
1617 0 -64 0
1618 0 -64 0
1619 1 63 1
1620 0 -64 0
1621 1 63 1
1622 0 -64 0
1623 1 63 1
1624 1 63 1
1625 1 63 1
1626 1 63 1
1627 0 -64 0
1628 0 -64 0
1629 0 -64 0
1630 0 -64 0
1631 0 -64 0
1632 1 63 1
1633 0 -64 0
1634 0 -64 0
1635 0 -64 0
1636 1 63 1
1637 0 -64 0
1638 1 63 1
1639 0 -64 0
1640 1 63 1
1641 0 -64 0
1642 1 63 1
1643 0 -64 0
1644 0 -64 0
1645 1 63 1
1646 0 -64 0
1647 0 -64 0
1648 0 -64 0
1649 1 63 1
1650 0 -64 0
1651 1 63 1
1652 0 -64 0
1653 0 -64 0
1654 0 -64 0
1655 1 63 1
1656 0 -64 0
1657 0 -64 0
1658 1 63 1
1659 1 63 1
1660 0 -64 0
1661 1 63 1
1662 1 63 1
1663 0 -64 0
1664 1 63 1
1665 0 -64 0
1666 1 63 1
1667 1 63 1
1668 1 63 1
1669 0 -64 0
1670 0 -64 0
1671 1 63 1
1672 1 63 1
1673 0 -64 0
1674 1 63 1
1675 1 63 1
1676 1 63 1
1677 0 -64 0
1678 1 63 1
1679 1 63 1
1680 1 63 1
1681 0 -64 0
1682 0 -64 0
1683 0 -64 0
1684 1 63 1
1685 1 63 1
1686 0 -64 0
1687 0 -64 0
1688 0 -64 0
1689 1 63 1
1690 1 63 1
1691 0 -64 0
1692 1 63 1
1693 1 63 1
1694 0 -64 0
1695 0 -64 0
1696 1 63 1
1697 1 63 1
1698 0 -64 0
1699 0 -64 0
1700 1 63 1
1701 0 -64 0
1702 1 63 1
1703 1 63 1
1704 1 63 1
1705 0 -64 0
1706 1 63 1
1707 1 63 1
1708 1 63 1
1709 0 -64 0
1710 0 -64 0
1711 0 -64 0
1712 1 63 1
1713 0 -64 0
1714 0 -64 0
1715 0 -64 0
1716 1 63 1
1717 0 -64 0
1718 0 -64 0
1719 0 -64 0
1720 0 -64 0
1721 0 -64 0
1722 0 -64 0
1723 1 63 1
1724 0 -64 0
1725 1 63 1
1726 0 -64 0
1727 1 63 1
1728 0 -64 0
1729 1 63 1
1730 0 -64 0
1731 0 -64 0
1732 1 63 1
1733 1 63 1
1734 1 63 1
1735 0 -64 0
1736 0 -64 0
1737 1 63 1
1738 0 -64 0
1739 0 -64 0
1740 1 63 1
1741 1 63 1
1742 0 -64 0
1743 1 63 1
1744 1 63 1
1745 0 -64 0
1746 1 63 1
1747 0 -64 0
1748 0 -64 0
1749 0 -64 0
1750 1 63 1
1751 1 63 1
1752 0 -64 0
1753 0 -64 0
1754 1 63 1
1755 0 -64 0
1756 0 -64 0
1757 0 -64 0
1758 1 63 1
1759 1 63 1
1760 1 63 1
1761 0 -64 0
1762 1 63 1
1763 1 63 1
1764 0 -64 0
1765 1 63 1
1766 1 63 1
1767 0 -64 0
1768 0 -64 0
1769 0 -64 0
1770 0 -64 0
1771 1 63 1
1772 0 -64 0
1773 0 -64 0
1774 1 63 1
1775 0 -64 0
1776 0 -64 0
1777 1 63 1
1778 1 63 1
1779 0 -64 0
1780 1 63 1
1781 1 63 1
1782 0 -64 0
1783 1 63 1
1784 0 -64 0
1785 1 63 1
1786 0 -64 0
1787 1 63 1
1788 0 -64 0
1789 0 -64 0
1790 0 -64 0
1791 1 63 1
1792 1 63 1
1793 0 -64 0
1794 0 -64 0
1795 1 63 1
1796 0 -64 0
1797 1 63 1
1798 0 -64 0
1799 1 63 1
1800 1 63 1
1801 1 63 1
1802 0 -64 0
1803 1 63 1
1804 0 -64 0
1805 0 -64 0
1806 0 -64 0
1807 1 63 1
1808 0 -64 0
1809 1 63 1
1810 0 -64 0
1811 1 63 1
1812 0 -64 0
1813 1 63 1
1814 0 -64 0
1815 1 63 1
1816 0 -64 0
1817 0 -64 0
1818 1 63 1
1819 1 63 1
1820 0 -64 0
1821 1 63 1
1822 1 63 1
1823 0 -64 0
1824 1 63 1
1825 1 63 1
1826 1 63 1
1827 0 -64 0
1828 1 63 1
1829 1 63 1
1830 1 63 1
1831 0 -64 0
1832 1 63 1
1833 1 63 1
1834 0 -64 0
1835 1 63 1
1836 1 63 1
1837 0 -64 0
1838 0 -64 0
1839 1 63 1
1840 1 63 1
1841 0 -64 0
1842 0 -64 0
1843 1 63 1
1844 0 -64 0
1845 0 -64 0
1846 1 63 1
1847 0 -64 0
1848 0 -64 0
1849 0 -64 0
1850 0 -64 0
1851 1 63 1
1852 1 63 1
1853 1 63 1
1854 0 -64 0
1855 0 -64 0
1856 0 -64 0
1857 1 63 1
1858 1 63 1
1859 1 63 1
1860 1 63 1
1861 0 -64 0
1862 0 -64 0
1863 1 63 1
1864 1 63 1
1865 1 63 1
1866 1 63 1
1867 0 -64 0
1868 1 63 1
1869 1 63 1
1870 1 63 1
1871 0 -64 0
1872 1 63 1
1873 1 63 1
1874 0 -64 0
1875 0 -64 0
1876 1 63 1
1877 1 63 1
1878 1 63 1
1879 0 -64 0
1880 1 63 1
1881 1 63 1
1882 0 -64 0
1883 0 -64 0
1884 0 -64 0
1885 1 63 1
1886 1 63 1
1887 1 63 1
1888 1 63 1
1889 0 -64 0
1890 1 63 1
1891 1 63 1
1892 0 -64 0
1893 0 -64 0
1894 0 -64 0
1895 1 63 1
1896 1 63 1
1897 1 63 1
1898 0 -64 0
1899 1 63 1
1900 0 -64 0
1901 1 63 1
1902 0 -64 0
1903 1 63 1
1904 0 -64 0
1905 0 -64 0
1906 1 63 1
1907 1 63 1
1908 1 63 1
1909 1 63 1
1910 1 63 1
1911 0 -64 0
1912 0 -64 0
1913 0 -64 0
1914 0 -64 0
1915 1 63 1
1916 1 63 1
1917 0 -64 0
1918 0 -64 0
1919 1 63 1
1920 1 63 1
1921 0 -64 0
1922 0 -64 0
1923 0 -64 0
1924 0 -64 0
1925 0 -64 0
1926 1 63 1
1927 1 63 1
1928 0 -64 0
1929 0 -64 0
1930 1 63 1
1931 1 63 1
1932 1 63 1
1933 0 -64 0
1934 0 -64 0
1935 1 63 1
1936 1 63 1
1937 0 -64 0
1938 0 -64 0
1939 1 63 1
1940 1 63 1
1941 1 63 1
1942 0 -64 0
1943 0 -64 0
1944 1 63 1
1945 0 -64 0
1946 0 -64 0
1947 1 63 1
1948 0 -64 0
1949 0 -64 0
1950 1 63 1
1951 0 -64 0
1952 0 -64 0
1953 1 63 1
1954 1 63 1
1955 1 63 1
1956 0 -64 0
1957 0 -64 0
1958 0 -64 0
1959 1 63 1
1960 1 63 1
1961 1 63 1
1962 0 -64 0
1963 1 63 1
1964 1 63 1
1965 0 -64 0
1966 0 -64 0
1967 0 -64 0
1968 1 63 1
1969 0 -64 0
1970 1 63 1
1971 0 -64 0
1972 1 63 1
1973 0 -64 0
1974 1 63 1
1975 1 63 1
1976 0 -64 0
1977 0 -64 0
1978 0 -64 0
1979 1 63 1
1980 1 63 1
1981 1 63 1
1982 0 -64 0
1983 0 -64 0
1984 1 63 1
1985 0 -64 0
1986 0 -64 0
1987 0 -64 0
1988 0 -64 0
1989 1 63 1
1990 1 63 1
1991 1 63 1
1992 1 63 1
1993 0 -64 0
1994 0 -64 0
1995 1 63 1
1996 0 -64 0
1997 0 -64 0
1998 1 63 1
1999 1 63 1
2000 1 63 1
2001 1 63 1
2002 1 63 1
2003 0 -64 0
2004 0 -64 0
2005 1 63 1
2006 0 -64 0
2007 1 63 1
2008 1 63 1
2009 0 -64 0
2010 0 -64 0
2011 0 -64 0
2012 1 63 1
2013 0 -64 0
2014 1 63 1
2015 0 -64 0
2016 0 -64 0
2017 0 -64 0
2018 1 63 1
2019 1 63 1
2020 1 63 1
2021 1 63 1
2022 0 -64 0
2023 0 -64 0
2024 0 -64 0
2025 0 -64 0
2026 1 63 1
2027 1 63 1
2028 0 -64 0
2029 1 63 1
2030 0 -64 0
2031 1 63 1
2032 1 63 1
2033 0 -64 0
2034 1 63 1
2035 0 -64 0
2036 1 63 1
2037 0 -64 0
2038 1 63 1
2039 0 -64 0
2040 0 -64 0
2041 0 -64 0
2042 0 -64 0
2043 0 -64 0
2044 1 63 1
2045 0 -64 0
2046 0 -64 0
2047 0 -64 0
2048 0 -64 0
2049 0 -64 0
2050 0 -64 0
2051 1 63 1
2052 0 -64 0
2053 1 63 1
2054 0 -64 0
2055 1 63 1
2056 0 -64 0
2057 0 -64 0
2058 0 -64 0
2059 1 63 1
2060 0 -64 0
2061 1 63 1
2062 1 63 1
2063 1 63 1
2064 0 -64 0
2065 0 -64 0
2066 0 -64 0
2067 1 63 1
2068 1 63 1
2069 0 -64 0
2070 0 -64 0
2071 0 -64 0
2072 0 -64 0
2073 0 -64 0
2074 1 63 1
2075 1 63 1
2076 1 63 1
2077 0 -64 0
2078 1 63 1
2079 1 63 1
2080 0 -64 0
2081 1 63 1
2082 0 -64 0
2083 0 -64 0
2084 0 -64 0
2085 0 -64 0
2086 0 -64 0
2087 0 -64 0
2088 0 -64 0
2089 1 63 1
2090 0 -64 0
2091 0 -64 0
2092 0 -64 0
2093 1 63 1
2094 0 -64 0
2095 1 63 1
2096 1 63 1
2097 0 -64 0
2098 1 63 1
2099 1 63 1
2100 0 -64 0
2101 0 -64 0
2102 0 -64 0
2103 1 63 1
2104 0 -64 0
2105 0 -64 0
2106 0 -64 0
2107 1 63 1
2108 0 -64 0
2109 0 -64 0
2110 1 63 1
2111 1 63 1
2112 1 63 1
2113 0 -64 0
2114 0 -64 0
2115 1 63 1
2116 1 63 1
2117 0 -64 0
2118 0 -64 0
2119 1 63 1
2120 1 63 1
2121 1 63 1
2122 1 63 1
2123 0 -64 0
2124 0 -64 0
2125 0 -64 0
2126 1 63 1
2127 1 63 1
2128 1 63 1
2129 0 -64 0
2130 0 -64 0
2131 0 -64 0
2132 1 63 1
2133 0 -64 0
2134 1 63 1
2135 0 -64 0
2136 1 63 1
2137 1 63 1
2138 1 63 1
2139 0 -64 0
2140 0 -64 0
2141 0 -64 0
2142 0 -64 0
2143 1 63 1
2144 0 -64 0
2145 0 -64 0
2146 1 63 1
2147 1 63 1
2148 0 -64 0
2149 1 63 1
2150 0 -64 0
2151 1 63 1
2152 0 -64 0
2153 1 63 1
2154 0 -64 0
2155 1 63 1
2156 1 63 1
2157 1 63 1
2158 0 -64 0
2159 1 63 1
2160 0 -64 0
2161 1 63 1
2162 1 63 1
2163 0 -64 0
2164 0 -64 0
2165 1 63 1
2166 0 -64 0
2167 0 -64 0
2168 1 63 1
2169 0 -64 0
2170 1 63 1
2171 0 -64 0
2172 0 -64 0
2173 1 63 1
2174 0 -64 0
2175 0 -64 0
2176 1 63 1
2177 0 -64 0
2178 1 63 1
2179 1 63 1
2180 0 -64 0
2181 1 63 1
2182 1 63 1
2183 1 63 1
2184 1 63 1
2185 1 63 1
2186 1 63 1
2187 1 63 1
2188 0 -64 0
2189 0 -64 0
2190 1 63 1
2191 0 -64 0
2192 1 63 1
2193 0 -64 0
2194 0 -64 0
2195 0 -64 0
2196 1 63 1
2197 0 -64 0
2198 0 -64 0
2199 1 63 1
2200 0 -64 0
2201 0 -64 0
2202 1 63 1
2203 1 63 1
2204 0 -64 0
2205 0 -64 0
2206 0 -64 0
2207 1 63 1
2208 0 -64 0
2209 1 63 1
2210 0 -64 0
2211 0 -64 0
2212 0 -64 0
2213 1 63 1
2214 0 -64 0
2215 1 63 1
2216 0 -64 0
2217 0 -64 0
2218 0 -64 0
2219 0 -64 0
2220 1 63 1
2221 1 63 1
2222 0 -64 0
2223 0 -64 0
2224 0 -64 0
2225 1 63 1
2226 1 63 1
2227 0 -64 0
2228 1 63 1
2229 1 63 1
2230 0 -64 0
2231 1 63 1
2232 1 63 1
2233 0 -64 0
2234 0 -64 0
2235 0 -64 0
2236 0 -64 0
2237 1 63 1
2238 0 -64 0
2239 0 -64 0
2240 1 63 1
2241 1 63 1
2242 0 -64 0
2243 1 63 1
2244 1 63 1
2245 1 63 1
2246 0 -64 0
2247 0 -64 0
2248 1 63 1
2249 1 63 1
2250 0 -64 0
2251 0 -64 0
2252 1 63 1
2253 0 -64 0
2254 1 63 1
2255 1 63 1
2256 0 -64 0
2257 1 63 1
2258 1 63 1
2259 0 -64 0
2260 0 -64 0
2261 0 -64 0
2262 1 63 1
2263 0 -64 0
2264 0 -64 0
2265 0 -64 0
2266 1 63 1
2267 0 -64 0
2268 0 -64 0
2269 1 63 1
2270 0 -64 0
2271 0 -64 0
2272 1 63 1
2273 1 63 1
2274 1 63 1
2275 1 63 1
2276 0 -64 0
2277 0 -64 0
2278 0 -64 0
2279 0 -64 0
2280 0 -64 0
2281 1 63 1
2282 1 63 1
2283 0 -64 0
2284 1 63 1
2285 0 -64 0
2286 0 -64 0
2287 0 -64 0
2288 1 63 1
2289 0 -64 0
2290 0 -64 0
2291 1 63 1
2292 1 63 1
2293 1 63 1
2294 1 63 1
2295 1 63 1
2296 0 -64 0
2297 1 63 1
2298 1 61 1
2299 0 -64 0
2300 0 -57 0
2301 0 -50 0
2302 1 51 1
2303 1 52 1
2304 1 37 1
2305 1 55 1
2306 0 -64 0
2307 0 -60 0
2308 0 -42 0
2309 1 63 1
2310 1 63 1
2311 1 63 1
2312 0 -64 0
2313 1 63 1
2314 0 -64 0
2315 1 63 1
2316 1 63 1
2317 0 -64 0
2318 1 63 1
2319 0 -64 0
2320 0 -64 0
2321 1 63 1
2322 1 63 1
2323 1 63 1
2324 1 63 1
2325 1 63 1
2326 1 63 1
2327 0 -64 0
2328 1 63 1
2329 1 63 1
2330 1 63 1
2331 0 -64 0
2332 0 -64 0
2333 1 63 1
2334 0 -64 0
2335 1 63 1
2336 1 63 1
2337 0 -64 0
2338 0 -64 0
2339 0 -64 0
2340 1 63 1
2341 0 -64 0
2342 1 63 1
2343 1 63 1
2344 1 63 1
2345 1 63 1
2346 1 63 1
2347 0 -64 0
2348 1 63 1
2349 0 -64 0
2350 1 63 1
2351 0 -64 0
2352 0 -64 0
2353 1 63 1
2354 0 -64 0
2355 0 -64 0
2356 1 63 1
2357 0 -64 0
2358 0 -64 0
2359 1 63 1
2360 0 -64 0
2361 0 -64 0
2362 0 -64 0
2363 0 -64 0
2364 1 63 1
2365 0 -64 0
2366 1 63 1
2367 1 63 1
2368 1 63 1
2369 1 63 1
2370 1 63 1
2371 0 -64 0
2372 1 63 1
2373 1 63 1
2374 1 63 1
2375 1 63 1
2376 1 63 1
2377 1 63 1
2378 0 -64 0
2379 1 63 1
2380 1 63 1
2381 0 -64 0
2382 0 -64 0
2383 1 63 1
2384 1 63 1
2385 0 -64 0
2386 0 -64 0
2387 1 63 1
2388 0 -64 0
2389 1 63 1
2390 1 63 1
2391 0 -64 0
2392 1 63 1
2393 0 -64 0
2394 0 -64 0
2395 0 -64 0
2396 0 -64 0
2397 0 -64 0
2398 1 63 1
2399 1 63 1
2400 1 63 1
2401 1 63 1
2402 1 63 1
2403 1 63 1
2404 1 63 1
2405 1 63 1
2406 0 -64 0
2407 0 -64 0
2408 0 -64 0
2409 1 63 1
2410 1 63 1
2411 0 -64 0
2412 1 63 1
2413 0 -64 0
2414 0 -64 0
2415 0 -64 0
2416 1 63 1
2417 0 -64 0
2418 1 63 1
2419 0 -64 0
2420 0 -64 0
2421 0 -64 0
2422 1 63 1
2423 1 63 1
2424 1 63 1
2425 0 -64 0
2426 0 -64 0
2427 0 -64 0
2428 1 63 1
2429 1 63 1
2430 0 -64 0
2431 1 63 1
2432 0 -64 0
2433 1 63 1
2434 0 -64 0
2435 1 63 1
2436 1 63 1
2437 1 63 1
2438 0 -64 0
2439 1 63 1
2440 0 -64 0
2441 0 -64 0
2442 0 -64 0
2443 1 63 1
2444 0 -64 0
2445 1 63 1
2446 1 63 1
2447 1 63 1
2448 0 -64 0
2449 1 63 1
2450 1 63 1
2451 0 -64 0
2452 1 63 1
2453 0 -64 0
2454 1 63 1
2455 0 -64 0
2456 0 -64 0
2457 1 63 1
2458 0 -64 0
2459 1 63 1
2460 1 63 1
2461 0 -64 0
2462 0 -64 0
2463 1 63 1
2464 1 63 1
2465 1 63 1
2466 0 -64 0
2467 1 63 1
2468 0 -64 0
2469 1 63 1
2470 1 63 1
2471 1 63 1
2472 0 -64 0
2473 1 63 1
2474 1 63 1
2475 1 63 1
2476 1 63 1
2477 1 63 1
2478 1 63 1
2479 0 -64 0
2480 0 -64 0
2481 1 63 1
2482 1 63 1
2483 0 -64 0
2484 0 -64 0
2485 0 -64 0
2486 1 63 1
2487 0 -64 0
2488 0 -64 0
2489 0 -64 0
2490 1 63 1
2491 1 63 1
2492 0 -64 0
2493 0 -64 0
2494 1 63 1
2495 0 -64 0
2496 0 -64 0
2497 0 -64 0
2498 0 -64 0
2499 1 63 1
2500 0 -64 0
2501 1 63 1
2502 1 63 1
2503 1 63 1
2504 1 63 1
2505 0 -64 0
2506 0 -64 0
2507 0 -64 0
2508 0 -64 0
2509 0 -64 0
2510 0 -64 0
2511 0 -64 0
2512 0 -64 0
2513 1 63 1
2514 1 63 1
2515 1 63 1
2516 1 63 1
2517 1 63 1
2518 0 -64 0
2519 1 63 1
2520 1 63 1
2521 0 -64 0
2522 1 63 1
2523 1 63 1
2524 1 63 1
2525 0 -64 0
2526 0 -64 0
2527 0 -64 0
2528 1 63 1
2529 1 63 1
2530 0 -64 0
2531 1 63 1
2532 1 63 1
2533 0 -64 0
2534 0 -64 0
2535 0 -64 0
2536 1 63 1
2537 1 63 1
2538 0 -64 0
2539 1 63 1
2540 0 -64 0
2541 0 -64 0
2542 0 -64 0
2543 0 -64 0
2544 1 63 1
2545 0 -64 0
2546 1 63 1
2547 0 -64 0
2548 0 -64 0
2549 0 -64 0
2550 0 -64 0
2551 1 63 1
2552 1 63 1
2553 1 63 1
2554 1 63 1
2555 1 63 1
2556 0 -64 0
2557 0 -64 0
2558 0 -64 0
2559 0 -64 0
2560 1 63 1
2561 0 -64 0
2562 0 -64 0
2563 0 -64 0
2564 0 -64 0
2565 0 -64 0
2566 1 63 1
2567 1 63 1
2568 1 63 1
2569 1 63 1
2570 1 63 1
2571 0 -64 0
2572 0 -64 0
2573 0 -64 0
2574 0 -64 0
2575 1 63 1
2576 0 -64 0
2577 1 63 1
2578 1 63 1
2579 0 -64 0
2580 0 -64 0
2581 1 63 1
2582 0 -64 0
2583 1 63 1
2584 1 63 1
2585 0 -64 0
2586 0 -64 0
2587 0 -64 0
2588 0 -64 0
2589 1 63 1
2590 1 63 1
2591 1 63 1
2592 0 -64 0
2593 1 63 1
2594 0 -64 0
2595 1 63 1
2596 1 63 1
2597 0 -64 0
2598 1 63 1
2599 1 63 1
2600 0 -64 0
2601 0 -64 0
2602 0 -64 0
2603 0 -64 0
2604 1 63 1
2605 1 63 1
2606 0 -64 0
2607 1 63 1
2608 0 -64 0
2609 0 -64 0
2610 1 63 1
2611 1 63 1
2612 1 63 1
2613 1 63 1
2614 0 -64 0
2615 0 -64 0
2616 1 63 1
2617 0 -64 0
2618 0 -64 0
2619 1 63 1
2620 1 63 1
2621 0 -64 0
2622 1 63 1
2623 1 63 1
2624 1 63 1
2625 1 63 1
2626 1 63 1
2627 1 63 1
2628 0 -64 0
2629 1 63 1
2630 0 -64 0
2631 0 -64 0
2632 1 63 1
2633 0 -64 0
2634 0 -64 0
2635 0 -64 0
2636 1 63 1
2637 1 63 1
2638 0 -64 0
2639 0 -64 0
2640 1 63 1
2641 0 -64 0
2642 0 -64 0
2643 0 -64 0
2644 1 63 1
2645 1 63 1
2646 1 63 1
2647 0 -64 0
2648 1 63 1
2649 1 63 1
2650 1 63 1
2651 1 63 1
2652 0 -64 0
2653 1 63 1
2654 1 63 1
2655 0 -64 0
2656 0 -64 0
2657 1 63 1
2658 0 -64 0
2659 1 63 1
2660 0 -64 0
2661 1 63 1
2662 0 -64 0
2663 1 63 1
2664 0 -64 0
2665 1 63 1
2666 1 63 1
2667 1 63 1
2668 0 -64 0
2669 0 -64 0
2670 1 63 1
2671 1 63 1
2672 1 63 1
2673 1 63 1
2674 1 63 1
2675 0 -64 0
2676 0 -64 0
2677 1 63 1
2678 1 63 1
2679 0 -64 0
2680 0 -64 0
2681 0 -64 0
2682 0 -64 0
2683 1 63 1
2684 1 63 1
2685 1 63 1
2686 1 63 1
2687 0 -64 0
2688 1 63 1
2689 0 -64 0
2690 1 63 1
2691 1 63 1
2692 0 -64 0
2693 1 63 1
2694 0 -64 0
2695 0 -64 0
2696 1 63 1
2697 1 63 1
2698 0 -64 0
2699 1 63 1
2700 0 -64 0
2701 1 63 1
2702 0 -64 0
2703 0 -64 0
2704 0 -64 0
2705 0 -64 0
2706 0 -64 0
2707 0 -64 0
2708 0 -64 0
2709 0 -64 0
2710 0 -64 0
2711 1 63 1
2712 1 63 1
2713 0 -64 0
2714 1 63 1
2715 1 63 1
2716 0 -64 0
2717 0 -64 0
2718 1 63 1
2719 0 -64 0
2720 0 -64 0
2721 1 63 1
2722 1 63 1
2723 0 -64 0
2724 1 63 1
2725 1 63 1
2726 0 -64 0
2727 1 63 1
2728 1 63 1
2729 0 -64 0
2730 0 -64 0
2731 1 63 1
2732 0 -64 0
2733 1 63 1
2734 1 63 1
2735 1 63 1
2736 0 -64 0
2737 0 -64 0
2738 1 63 1
2739 1 63 1
2740 0 -64 0
2741 1 63 1
2742 1 63 1
2743 0 -64 0
2744 1 63 1
2745 1 63 1
2746 0 -64 0
2747 0 -64 0
2748 0 -64 0
2749 0 -64 0
2750 0 -64 0
2751 0 -64 0
2752 1 63 1
2753 0 -64 0
2754 1 63 1
2755 0 -64 0
2756 0 -64 0
2757 0 -64 0
2758 0 -64 0
2759 1 63 1
2760 0 -64 0
2761 1 63 1
2762 1 63 1
2763 1 63 1
2764 0 -64 0
2765 1 63 1
2766 0 -64 0
2767 0 -64 0
2768 0 -64 0
2769 1 63 1
2770 1 63 1
2771 0 -64 0
2772 0 -64 0
2773 0 -64 0
2774 0 -64 0
2775 1 63 1
2776 1 63 1
2777 0 -64 0
2778 0 -64 0
2779 1 63 1
2780 1 63 1
2781 0 -64 0
2782 0 -64 0
2783 1 63 1
2784 1 63 1
2785 0 -64 0
2786 1 63 1
2787 1 63 1
2788 1 63 1
2789 1 63 1
2790 0 -64 0
2791 1 63 1
2792 1 63 1
2793 1 63 1
2794 0 -64 0
2795 1 63 1
2796 1 63 1
2797 0 -64 0
2798 1 63 1
2799 1 63 1
2800 1 63 1
2801 1 63 1
2802 0 -64 0
2803 1 63 1
2804 1 63 1
2805 0 -64 0
2806 1 63 1
2807 1 63 1
2808 0 -64 0
2809 0 -64 0
2810 1 63 1
2811 1 63 1
2812 0 -64 0
2813 1 63 1
2814 1 63 1
2815 1 63 1
2816 1 63 1
2817 1 63 1
2818 0 -64 0
2819 0 -64 0
2820 0 -64 0
2821 0 -64 0
2822 1 63 1
2823 0 -64 0
2824 0 -64 0
2825 0 -64 0
2826 0 -64 0
2827 1 63 1
2828 0 -64 0
2829 1 63 1
2830 1 63 1
2831 0 -64 0
2832 0 -64 0
2833 1 63 1
2834 0 -64 0
2835 0 -64 0
2836 1 63 1
2837 0 -64 0
2838 1 63 1
2839 1 63 1
2840 1 63 1
2841 0 -64 0
2842 0 -64 0
2843 0 -64 0
2844 0 -64 0
2845 1 63 1
2846 1 63 1
2847 0 -64 0
2848 1 63 1
2849 0 -64 0
2850 1 63 1
2851 0 -64 0
2852 0 -64 0
2853 1 63 1
2854 1 63 1
2855 0 -64 0
2856 1 63 1
2857 0 -64 0
2858 1 63 1
2859 1 63 1
2860 0 -64 0
2861 1 63 1
2862 1 63 1
2863 0 -64 0
2864 1 63 1
2865 1 63 1
2866 0 -64 0
2867 0 -64 0
2868 0 -64 0
2869 0 -64 0
2870 1 63 1
2871 1 63 1
2872 1 63 1
2873 1 63 1
2874 1 63 1
2875 1 63 1
2876 1 63 1
2877 1 63 1
2878 1 63 1
2879 0 -64 0
2880 1 63 1
2881 1 63 1
2882 1 63 1
2883 0 -64 0
2884 0 -64 0
2885 0 -64 0
2886 1 63 1
2887 1 63 1
2888 1 63 1
2889 0 -64 0
2890 1 63 1
2891 0 -64 0
2892 1 63 1
2893 1 63 1
2894 0 -64 0
2895 0 -64 0
2896 0 -64 0
2897 0 -64 0
2898 1 63 1
2899 1 63 1
2900 1 63 1
2901 0 -64 0
2902 0 -64 0
2903 1 63 1
2904 1 63 1
2905 0 -64 0
2906 0 -64 0
2907 1 63 1
2908 0 -64 0
2909 0 -64 0
2910 0 -64 0
2911 0 -64 0
2912 1 63 1
2913 1 63 1
2914 1 63 1
2915 0 -64 0
2916 0 -64 0
2917 0 -64 0
2918 1 63 1
2919 1 63 1
2920 0 -64 0
2921 1 63 1
2922 0 -64 0
2923 1 63 1
2924 0 -64 0
2925 1 63 1
2926 1 63 1
2927 1 63 1
2928 0 -64 0
2929 1 63 1
2930 0 -64 0
2931 0 -64 0
2932 0 -64 0
2933 0 -64 0
2934 0 -64 0
2935 0 -64 0
2936 0 -64 0
2937 1 63 1
2938 0 -64 0
2939 0 -64 0
2940 0 -64 0
2941 0 -64 0
2942 0 -64 0
2943 1 63 1
2944 1 63 1
2945 0 -64 0
2946 0 -64 0
2947 1 63 1
2948 0 -64 0
2949 1 63 1
2950 0 -64 0
2951 0 -64 0
2952 1 63 1
2953 1 63 1
2954 0 -64 0
2955 0 -64 0
2956 0 -64 0
2957 1 63 1
2958 1 63 1
2959 1 63 1
2960 1 63 1
2961 1 63 1
2962 0 -64 0
2963 1 63 1
2964 1 63 1
2965 0 -64 0
2966 1 63 1
2967 1 63 1
2968 1 63 1
2969 1 63 1
2970 0 -64 0
2971 0 -64 0
2972 0 -64 0
2973 1 63 1
2974 1 63 1
2975 0 -64 0
2976 1 63 1
2977 1 63 1
2978 0 -64 0
2979 0 -64 0
2980 1 63 1
2981 0 -64 0
2982 1 63 1
2983 0 -64 0
2984 1 63 1
2985 0 -64 0
2986 1 63 1
2987 0 -64 0
2988 0 -64 0
2989 1 63 1
2990 0 -64 0
2991 1 63 1
2992 1 63 1
2993 1 63 1
2994 0 -64 0
2995 1 63 1
2996 0 -64 0
2997 0 -64 0
2998 1 63 1
2999 1 63 1
3000 1 63 1
3001 1 63 1
3002 0 -64 0
3003 1 63 1
3004 1 63 1
3005 1 63 1
3006 0 -64 0
3007 0 -64 0
3008 1 63 1
3009 1 63 1
3010 0 -64 0
3011 1 63 1
3012 0 -64 0
3013 1 63 1
3014 1 63 1
3015 1 63 1
3016 1 63 1
3017 0 -64 0
3018 0 -64 0
3019 1 63 1
3020 1 63 1
3021 0 -64 0
3022 0 -64 0
3023 0 -64 0
3024 0 -64 0
3025 0 -64 0
3026 0 -64 0
3027 1 63 1
3028 0 -64 0
3029 1 63 1
3030 0 -64 0
3031 1 63 1
3032 1 63 1
3033 1 63 1
3034 1 63 1
3035 0 -64 0
3036 0 -64 0
3037 1 63 1
3038 1 63 1
3039 0 -64 0
3040 1 63 1
3041 0 -64 0
3042 0 -64 0
3043 0 -64 0
3044 0 -64 0
3045 1 63 1
3046 1 63 1
3047 0 -64 0
3048 0 -64 0
3049 0 -64 0
3050 1 63 1
3051 1 63 1
3052 0 -64 0
3053 1 63 1
3054 1 63 1
3055 0 -64 0
3056 0 -64 0
3057 1 63 1
3058 0 -64 0
3059 0 -64 0
3060 1 63 1
3061 1 63 1
3062 0 -64 0
3063 1 63 1
3064 0 -64 0
3065 1 63 1
3066 0 -62 0
3067 1 63 1
3068 1 59 1
3069 0 -59 0
3070 0 -47 0
3071 0 -10 0
3072 0 -40 0
3073 1 38 1
3074 1 63 1
3075 0 -64 0
3076 1 63 1
3077 1 63 1
3078 0 -64 0
3079 0 -64 0
3080 0 -64 0
3081 1 63 1
3082 0 -64 0
3083 0 -64 0
3084 1 63 1
3085 0 -64 0
3086 0 -64 0
3087 1 63 1
3088 1 63 1
3089 0 -64 0
3090 0 -64 0
3091 1 63 1
3092 0 -64 0
3093 1 63 1
3094 0 -64 0
3095 0 -64 0
3096 1 63 1
3097 0 -64 0
3098 0 -64 0
3099 0 -64 0
3100 1 63 1
3101 0 -64 0
3102 1 63 1
3103 0 -64 0
3104 0 -64 0
3105 1 63 1
3106 1 63 1
3107 0 -64 0
3108 0 -64 0
3109 1 63 1
3110 1 63 1
3111 1 63 1
3112 0 -64 0
3113 0 -64 0
3114 0 -64 0
3115 1 63 1
3116 1 63 1
3117 0 -64 0
3118 0 -64 0
3119 0 -64 0
3120 0 -64 0
3121 0 -64 0
3122 1 63 1
3123 1 63 1
3124 0 -64 0
3125 0 -64 0
3126 1 63 1
3127 1 63 1
3128 1 63 1
3129 0 -64 0
3130 0 -64 0
3131 1 63 1
3132 1 63 1
3133 0 -64 0
3134 0 -64 0
3135 0 -64 0
3136 0 -64 0
3137 1 63 1
3138 1 63 1
3139 1 63 1
3140 1 63 1
3141 1 63 1
3142 1 63 1
3143 1 63 1
3144 0 -64 0
3145 0 -64 0
3146 1 63 1
3147 1 63 1
3148 0 -64 0
3149 0 -64 0
3150 1 63 1
3151 1 63 1
3152 1 63 1
3153 0 -64 0
3154 1 63 1
3155 0 -64 0
3156 1 63 1
3157 1 63 1
3158 0 -64 0
3159 1 63 1
3160 0 -64 0
3161 1 63 1
3162 0 -64 0
3163 1 63 1
3164 1 63 1
3165 1 63 1
3166 1 63 1
3167 1 63 1
3168 1 63 1
3169 1 63 1
3170 1 63 1
3171 0 -64 0
3172 0 -64 0
3173 0 -64 0
3174 0 -64 0
3175 1 63 1
3176 0 -64 0
3177 0 -64 0
3178 0 -64 0
3179 1 63 1
3180 1 63 1
3181 0 -64 0
3182 1 63 1
3183 0 -64 0
3184 1 63 1
3185 1 63 1
3186 0 -64 0
3187 0 -64 0
3188 0 -64 0
3189 0 -64 0
3190 1 63 1
3191 1 63 1
3192 1 63 1
3193 0 -64 0
3194 1 63 1
3195 0 -64 0
3196 1 63 1
3197 0 -64 0
3198 1 63 1
3199 1 63 1
3200 0 -64 0
3201 0 -64 0
3202 0 -64 0
3203 1 63 1
3204 0 -64 0
3205 0 -64 0
3206 1 63 1
3207 1 63 1
3208 0 -64 0
3209 1 63 1
3210 0 -64 0
3211 1 63 1
3212 0 -64 0
3213 1 63 1
3214 0 -64 0
3215 0 -64 0
3216 0 -64 0
3217 1 63 1
3218 0 -64 0
3219 1 63 1
3220 1 63 1
3221 1 63 1
3222 0 -64 0
3223 0 -64 0
3224 0 -64 0
3225 0 -64 0
3226 1 63 1
3227 0 -64 0
3228 1 63 1
3229 0 -64 0
3230 1 63 1
3231 1 63 1
3232 1 63 1
3233 1 63 1
3234 0 -64 0
3235 1 63 1
3236 1 63 1
3237 1 63 1
3238 0 -64 0
3239 0 -64 0
3240 1 63 1
3241 0 -64 0
3242 1 63 1
3243 0 -64 0
3244 0 -64 0
3245 1 63 1
3246 0 -64 0
3247 1 63 1
3248 1 63 1
3249 1 63 1
3250 0 -64 0
3251 1 63 1
3252 0 -64 0
3253 1 63 1
3254 1 63 1
3255 0 -64 0
3256 1 63 1
3257 0 -64 0
3258 0 -64 0
3259 0 -64 0
3260 0 -64 0
3261 0 -64 0
3262 1 63 1
3263 1 63 1
3264 1 63 1
3265 0 -64 0
3266 0 -64 0
3267 1 63 1
3268 1 63 1
3269 0 -64 0
3270 1 63 1
3271 1 63 1
3272 0 -64 0
3273 1 63 1
3274 1 63 1
3275 0 -64 0
3276 0 -64 0
3277 1 63 1
3278 1 63 1
3279 0 -64 0
3280 0 -64 0
3281 1 63 1
3282 1 63 1
3283 0 -64 0
3284 1 63 1
3285 1 63 1
3286 0 -64 0
3287 1 63 1
3288 0 -64 0
3289 0 -64 0
3290 1 63 1
3291 0 -64 0
3292 0 -64 0
3293 1 63 1
3294 1 63 1
3295 1 63 1
3296 0 -64 0
3297 1 63 1
3298 1 63 1
3299 0 -64 0
3300 0 -64 0
3301 1 63 1
3302 0 -64 0
3303 1 63 1
3304 0 -64 0
3305 1 63 1
3306 0 -64 0
3307 0 -64 0
3308 0 -64 0
3309 1 63 1
3310 1 63 1
3311 0 -64 0
3312 0 -64 0
3313 1 63 1
3314 1 63 1
3315 1 63 1
3316 1 63 1
3317 1 63 1
3318 0 -64 0
3319 1 63 1
3320 0 -64 0
3321 0 -64 0
3322 1 63 1
3323 0 -64 0
3324 1 63 1
3325 1 63 1
3326 0 -64 0
3327 0 -64 0
3328 1 63 1
3329 0 -64 0
3330 1 63 1
3331 1 63 1
3332 1 63 1
3333 1 63 1
3334 0 -64 0
3335 0 -64 0
3336 0 -64 0
3337 0 -64 0
3338 1 63 1
3339 0 -64 0
3340 0 -64 0
3341 1 63 1
3342 0 -64 0
3343 0 -64 0
3344 0 -64 0
3345 0 -64 0
3346 1 63 1
3347 1 63 1
3348 1 63 1
3349 0 -64 0
3350 1 63 1
3351 0 -64 0
3352 1 63 1
3353 1 63 1
3354 0 -64 0
3355 0 -64 0
3356 1 63 1
3357 1 63 1
3358 1 63 1
3359 1 63 1
3360 1 63 1
3361 0 -64 0
3362 1 63 1
3363 0 -64 0
3364 0 -64 0
3365 1 63 1
3366 0 -64 0
3367 1 63 1
3368 0 -64 0
3369 0 -64 0
3370 0 -64 0
3371 0 -64 0
3372 0 -64 0
3373 1 63 1
3374 1 63 1
3375 1 63 1
3376 0 -64 0
3377 0 -64 0
3378 1 63 1
3379 0 -64 0
3380 0 -64 0
3381 1 63 1
3382 1 63 1
3383 1 63 1
3384 1 63 1
3385 1 63 1
3386 0 -64 0
3387 0 -64 0
3388 1 63 1
3389 1 63 1
3390 1 63 1
3391 0 -64 0
3392 0 -64 0
3393 0 -64 0
3394 0 -64 0
3395 1 63 1
3396 0 -64 0
3397 1 63 1
3398 0 -64 0
3399 0 -64 0
3400 1 63 1
3401 0 -64 0
3402 0 -64 0
3403 1 63 1
3404 1 63 1
3405 1 63 1
3406 1 63 1
3407 1 63 1
3408 0 -64 0
3409 0 -64 0
3410 1 63 1
3411 1 63 1
3412 1 63 1
3413 1 63 1
3414 1 63 1
3415 0 -64 0
3416 0 -64 0
3417 1 63 1
3418 1 63 1
3419 0 -64 0
3420 0 -64 0
3421 1 63 1
3422 1 63 1
3423 1 63 1
3424 1 63 1
3425 0 -64 0
3426 0 -64 0
3427 1 63 1
3428 0 -64 0
3429 1 63 1
3430 1 63 1
3431 1 63 1
3432 1 63 1
3433 1 63 1
3434 1 63 1
3435 1 63 1
3436 1 63 1
3437 0 -64 0
3438 0 -64 0
3439 0 -64 0
3440 0 -64 0
3441 0 -64 0
3442 0 -64 0
3443 0 -64 0
3444 1 63 1
3445 0 -64 0
3446 1 63 1
3447 1 63 1
3448 1 63 1
3449 0 -64 0
3450 1 63 1
3451 1 63 1
3452 1 63 1
3453 1 63 1
3454 1 63 1
3455 1 63 1
3456 1 63 1
3457 1 63 1
3458 0 -64 0
3459 0 -64 0
3460 1 63 1
3461 0 -64 0
3462 0 -64 0
3463 1 63 1
3464 1 63 1
3465 0 -64 0
3466 0 -64 0
3467 1 63 1
3468 0 -64 0
3469 1 63 1
3470 0 -64 0
3471 1 63 1
3472 0 -64 0
3473 1 63 1
3474 0 -64 0
3475 1 63 1
3476 1 63 1
3477 0 -64 0
3478 0 -64 0
3479 0 -64 0
3480 1 63 1
3481 1 63 1
3482 1 63 1
3483 1 63 1
3484 0 -64 0
3485 0 -64 0
3486 1 63 1
3487 0 -64 0
3488 0 -64 0
3489 0 -64 0
3490 0 -64 0
3491 1 63 1
3492 0 -64 0
3493 0 -64 0
3494 0 -64 0
3495 1 63 1
3496 0 -64 0
3497 1 63 1
3498 1 63 1
3499 1 63 1
3500 1 63 1
3501 0 -64 0
3502 1 63 1
3503 0 -64 0
3504 0 -64 0
3505 0 -64 0
3506 1 63 1
3507 0 -64 0
3508 1 63 1
3509 1 63 1
3510 0 -64 0
3511 0 -64 0
3512 1 63 1
3513 1 63 1
3514 0 -64 0
3515 1 63 1
3516 0 -64 0
3517 0 -64 0
3518 1 63 1
3519 1 63 1
3520 0 -64 0
3521 1 63 1
3522 0 -64 0
3523 0 -64 0
3524 0 -64 0
3525 0 -64 0
3526 1 63 1
3527 0 -64 0
3528 0 -64 0
3529 0 -64 0
3530 1 63 1
3531 1 63 1
3532 1 63 1
3533 0 -64 0
3534 1 63 1
3535 1 63 1
3536 1 63 1
3537 0 -64 0
3538 1 63 1
3539 1 63 1
3540 0 -64 0
3541 1 63 1
3542 1 63 1
3543 0 -64 0
3544 1 63 1
3545 1 63 1
3546 1 63 1
3547 1 63 1
3548 1 63 1
3549 1 63 1
3550 0 -64 0
3551 0 -64 0
3552 1 63 1
3553 1 63 1
3554 0 -64 0
3555 0 -64 0
3556 1 63 1
3557 0 -64 0
3558 0 -64 0
3559 0 -64 0
3560 0 -64 0
3561 1 63 1
3562 0 -64 0
3563 0 -64 0
3564 1 63 1
3565 0 -64 0
3566 1 63 1
3567 0 -64 0
3568 0 -64 0
3569 0 -64 0
3570 1 63 1
3571 0 -64 0
3572 1 63 1
3573 1 63 1
3574 0 -64 0
3575 0 -64 0
3576 0 -64 0
3577 1 63 1
3578 0 -64 0
3579 0 -64 0
3580 1 63 1
3581 0 -64 0
3582 1 63 1
3583 0 -64 0
3584 0 -64 0
3585 1 63 1
3586 1 63 1
3587 0 -64 0
3588 1 63 1
3589 0 -64 0
3590 1 63 1
3591 0 -64 0
3592 0 -64 0
3593 0 -64 0
3594 0 -64 0
3595 1 63 1
3596 0 -64 0
3597 1 63 1
3598 1 63 1
3599 1 63 1
3600 1 63 1
3601 1 63 1
3602 1 63 1
3603 0 -64 0
3604 0 -64 0
3605 1 63 1
3606 1 63 1
3607 1 63 1
3608 1 63 1
3609 0 -64 0
3610 1 63 1
3611 1 63 1
3612 0 -64 0
3613 1 63 1
3614 1 63 1
3615 0 -64 0
3616 1 63 1
3617 0 -64 0
3618 1 63 1
3619 0 -64 0
3620 1 63 1
3621 1 63 1
3622 0 -64 0
3623 1 63 1
3624 1 63 1
3625 0 -64 0
3626 0 -64 0
3627 1 63 1
3628 1 63 1
3629 0 -64 0
3630 0 -64 0
3631 0 -64 0
3632 0 -64 0
3633 1 63 1
3634 0 -64 0
3635 1 63 1
3636 0 -64 0
3637 0 -64 0
3638 1 63 1
3639 0 -64 0
3640 0 -64 0
3641 1 63 1
3642 1 63 1
3643 1 63 1
3644 1 63 1
3645 1 63 1
3646 1 63 1
3647 0 -64 0
3648 0 -64 0
3649 0 -64 0
3650 1 63 1
3651 0 -64 0
3652 1 63 1
3653 1 63 1
3654 0 -64 0
3655 1 63 1
3656 1 63 1
3657 0 -64 0
3658 0 -64 0
3659 1 63 1
3660 1 63 1
3661 1 63 1
3662 0 -64 0
3663 1 63 1
3664 1 63 1
3665 1 63 1
3666 1 63 1
3667 0 -64 0
3668 1 63 1
3669 0 -64 0
3670 1 63 1
3671 0 -64 0
3672 0 -64 0
3673 1 63 1
3674 0 -64 0
3675 0 -64 0
3676 1 63 1
3677 1 63 1
3678 0 -64 0
3679 0 -64 0
3680 1 63 1
3681 0 -64 0
3682 0 -64 0
3683 0 -64 0
3684 0 -64 0
3685 0 -64 0
3686 0 -64 0
3687 1 63 1
3688 0 -64 0
3689 1 63 1
3690 1 63 1
3691 0 -64 0
3692 0 -64 0
3693 1 63 1
3694 0 -64 0
3695 1 63 1
3696 0 -64 0
3697 1 63 1
3698 0 -64 0
3699 0 -64 0
3700 0 -64 0
3701 0 -64 0
3702 1 63 1
3703 1 63 1
3704 1 63 1
3705 1 63 1
3706 1 63 1
3707 1 63 1
3708 0 -64 0
3709 0 -64 0
3710 0 -64 0
3711 1 63 1
3712 1 63 1
3713 1 63 1
3714 0 -64 0
3715 0 -64 0
3716 1 63 1
3717 0 -64 0
3718 1 63 1
3719 1 63 1
3720 0 -64 0
3721 1 63 1
3722 1 63 1
3723 0 -64 0
3724 0 -64 0
3725 0 -64 0
3726 1 63 1
3727 0 -64 0
3728 1 63 1
3729 1 63 1
3730 1 63 1
3731 1 63 1
3732 1 63 1
3733 1 63 1
3734 1 63 1
3735 0 -64 0
3736 1 63 1
3737 0 -64 0
3738 1 63 1
3739 1 63 1
3740 0 -64 0
3741 0 -64 0
3742 0 -64 0
3743 1 63 1
3744 1 63 1
3745 1 63 1
3746 0 -64 0
3747 0 -64 0
3748 0 -64 0
3749 1 63 1
3750 1 63 1
3751 0 -64 0
3752 1 63 1
3753 1 63 1
3754 0 -64 0
3755 0 -64 0
3756 0 -64 0
3757 1 63 1
3758 0 -64 0
3759 0 -64 0
3760 1 63 1
3761 1 63 1
3762 0 -64 0
3763 1 63 1
3764 0 -64 0
3765 0 -64 0
3766 0 -64 0
3767 0 -64 0
3768 0 -64 0
3769 0 -64 0
3770 0 -64 0
3771 0 -64 0
3772 1 63 1
3773 1 63 1
3774 1 63 1
3775 1 63 1
3776 1 63 1
3777 0 -64 0
3778 0 -64 0
3779 1 63 1
3780 0 -64 0
3781 1 63 1
3782 0 -64 0
3783 1 63 1
3784 0 -64 0
3785 1 63 1
3786 1 63 1
3787 0 -64 0
3788 1 63 1
3789 1 63 1
3790 1 63 1
3791 1 63 1
3792 1 63 1
3793 0 -64 0
3794 1 63 1
3795 1 63 1
3796 1 63 1
3797 1 63 1
3798 1 63 1
3799 1 63 1
3800 1 63 1
3801 1 63 1
3802 0 -64 0
3803 1 63 1
3804 0 -64 0
3805 1 63 1
3806 1 63 1
3807 1 63 1
3808 1 63 1
3809 1 63 1
3810 1 63 1
3811 0 -64 0
3812 1 63 1
3813 1 63 1
3814 0 -64 0
3815 0 -64 0
3816 0 -64 0
3817 0 -64 0
3818 1 63 1
3819 1 63 1
3820 1 63 1
3821 0 -64 0
3822 1 63 1
3823 1 63 1
3824 1 63 1
3825 0 -64 0
3826 0 -64 0
3827 1 63 1
3828 0 -64 0
3829 1 63 1
3830 0 -64 0
3831 1 63 1
3832 0 -64 0
3833 0 -64 0
3834 1 63 1
3835 0 -48 0
3836 0 -64 0
3837 1 63 1
3838 1 53 1
3839 0 -45 0
3840 1 37 1
3841 0 -45 0
3842 1 63 1
3843 0 -50 0
3844 0 -48 0
3845 1 55 1
3846 0 -64 0
3847 0 -64 0
3848 1 63 1
3849 0 -64 0
3850 0 -64 0
3851 1 63 1
3852 1 63 1
3853 1 63 1
3854 0 -64 0
3855 0 -64 0
3856 0 -64 0
3857 1 63 1
3858 0 -64 0
3859 0 -64 0
3860 0 -64 0
3861 1 63 1
3862 1 63 1
3863 1 63 1
3864 1 63 1
3865 1 63 1
3866 0 -64 0
3867 0 -64 0
3868 0 -64 0
3869 0 -64 0
3870 0 -64 0
3871 0 -64 0
3872 0 -64 0
3873 1 63 1
3874 0 -64 0
3875 0 -64 0
3876 1 63 1
3877 1 63 1
3878 1 63 1
3879 1 63 1
3880 0 -64 0
3881 1 63 1
3882 1 63 1
3883 1 63 1
3884 1 63 1
3885 0 -64 0
3886 0 -64 0
3887 0 -64 0
3888 0 -64 0
3889 0 -64 0
3890 0 -64 0
3891 0 -64 0
3892 0 -64 0
3893 0 -64 0
3894 1 63 1
3895 0 -64 0
3896 0 -64 0
3897 1 63 1
3898 1 63 1
3899 1 63 1
3900 1 63 1
3901 1 63 1
3902 0 -64 0
3903 0 -64 0
3904 1 63 1
3905 0 -64 0
3906 0 -64 0
3907 1 63 1
3908 1 63 1
3909 0 -64 0
3910 0 -64 0
3911 1 63 1
3912 1 63 1
3913 1 63 1
3914 1 63 1
3915 0 -64 0
3916 1 63 1
3917 1 63 1
3918 0 -64 0
3919 1 63 1
3920 1 63 1
3921 0 -64 0
3922 1 63 1
3923 1 63 1
3924 1 63 1
3925 0 -64 0
3926 0 -64 0
3927 1 63 1
3928 1 63 1
3929 1 63 1
3930 1 63 1
3931 0 -64 0
3932 1 63 1
3933 1 63 1
3934 0 -64 0
3935 0 -64 0
3936 1 63 1
3937 1 63 1
3938 0 -64 0
3939 0 -64 0
3940 0 -64 0
3941 1 63 1
3942 0 -64 0
3943 0 -64 0
3944 1 63 1
3945 0 -64 0
3946 0 -64 0
3947 1 63 1
3948 0 -64 0
3949 1 63 1
3950 1 63 1
3951 1 63 1
3952 0 -64 0
3953 0 -64 0
3954 0 -64 0
3955 0 -64 0
3956 1 63 1
3957 0 -64 0
3958 0 -64 0
3959 1 63 1
3960 1 63 1
3961 0 -64 0
3962 0 -64 0
3963 0 -64 0
3964 0 -64 0
3965 1 63 1
3966 0 -64 0
3967 0 -64 0
3968 0 -64 0
3969 1 63 1
3970 1 63 1
3971 1 63 1
3972 0 -64 0
3973 1 63 1
3974 0 -64 0
3975 1 63 1
3976 0 -64 0
3977 1 63 1
3978 1 63 1
3979 0 -64 0
3980 0 -64 0
3981 0 -64 0
3982 1 63 1
3983 0 -64 0
3984 1 63 1
3985 1 63 1
3986 0 -64 0
3987 0 -64 0
3988 0 -64 0
3989 1 63 1
3990 0 -64 0
3991 0 -64 0
3992 1 63 1
3993 1 63 1
3994 0 -64 0
3995 0 -64 0
3996 0 -64 0
3997 1 63 1
3998 1 63 1
3999 1 63 1
4000 1 63 1
4001 0 -64 0
4002 0 -64 0
4003 1 63 1
4004 1 63 1
4005 1 63 1
4006 0 -64 0
4007 0 -64 0
4008 1 63 1
4009 1 63 1
4010 1 63 1
4011 1 63 1
4012 0 -64 0
4013 0 -64 0
4014 0 -64 0
4015 0 -64 0
4016 1 63 1
4017 1 63 1
4018 0 -64 0
4019 0 -64 0
4020 0 -64 0
4021 1 63 1
4022 0 -64 0
4023 0 -64 0
4024 1 63 1
4025 0 -64 0
4026 0 -64 0
4027 1 63 1
4028 1 63 1
4029 1 63 1
4030 1 63 1
4031 0 -64 0
4032 0 -64 0
4033 0 -64 0
4034 0 -64 0
4035 0 -64 0
4036 0 -64 0
4037 1 63 1
4038 1 63 1
4039 1 63 1
4040 1 63 1
4041 1 63 1
4042 1 63 1
4043 1 63 1
4044 1 63 1
4045 1 63 1
4046 1 63 1
4047 1 63 1
4048 1 63 1
4049 0 -64 0
4050 0 -64 0
4051 1 63 1
4052 1 63 1
4053 1 63 1
4054 0 -64 0
4055 1 63 1
4056 0 -64 0
4057 0 -64 0
4058 1 63 1
4059 0 -64 0
4060 1 63 1
4061 0 -64 0
4062 1 63 1
4063 0 -64 0
4064 0 -64 0
4065 1 63 1
4066 0 -64 0
4067 0 -64 0
4068 0 -64 0
4069 1 63 1
4070 1 63 1
4071 0 -64 0
4072 0 -64 0
4073 1 63 1
4074 0 -64 0
4075 1 63 1
4076 1 63 1
4077 0 -64 0
4078 0 -64 0
4079 0 -64 0
4080 0 -64 0
4081 1 63 1
4082 1 63 1
4083 0 -64 0
4084 0 -64 0
4085 0 -64 0
4086 0 -64 0
4087 1 63 1
4088 1 63 1
4089 1 63 1
4090 0 -64 0
4091 0 -64 0
4092 0 -64 0
4093 1 63 1
4094 0 -64 0
4095 1 63 1
4096 1 63 1
4097 1 63 1
4098 1 63 1
4099 0 -64 0
4100 1 63 1
4101 1 63 1
4102 0 -64 0
4103 0 -64 0
4104 1 63 1
4105 1 63 1
4106 1 63 1
4107 0 -64 0
4108 1 63 1
4109 1 63 1
4110 0 -64 0
4111 0 -64 0
4112 0 -64 0
4113 1 63 1
4114 0 -64 0
4115 0 -64 0
4116 0 -64 0
4117 1 63 1
4118 0 -64 0
4119 0 -64 0
4120 0 -64 0
4121 0 -64 0
4122 1 63 1
4123 1 63 1
4124 0 -64 0
4125 0 -64 0
4126 1 63 1
4127 0 -64 0
4128 0 -64 0
4129 1 63 1
4130 1 63 1
4131 0 -64 0
4132 0 -64 0
4133 0 -64 0
4134 1 63 1
4135 0 -64 0
4136 1 63 1
4137 0 -64 0
4138 0 -64 0
4139 0 -64 0
4140 0 -64 0
4141 0 -64 0
4142 1 63 1
4143 0 -64 0
4144 1 63 1
4145 1 63 1
4146 0 -64 0
4147 0 -64 0
4148 0 -64 0
4149 0 -64 0
4150 1 63 1
4151 1 63 1
4152 0 -64 0
4153 0 -64 0
4154 1 63 1
4155 1 63 1
4156 1 63 1
4157 0 -64 0
4158 1 63 1
4159 0 -64 0
4160 0 -64 0
4161 1 63 1
4162 1 63 1
4163 0 -64 0
4164 1 63 1
4165 1 63 1
4166 1 63 1
4167 0 -64 0
4168 1 63 1
4169 1 63 1
4170 1 63 1
4171 1 63 1
4172 1 63 1
4173 0 -64 0
4174 0 -64 0
4175 1 63 1
4176 0 -64 0
4177 0 -64 0
4178 0 -64 0
4179 0 -64 0
4180 0 -64 0
4181 1 63 1
4182 0 -64 0
4183 0 -64 0
4184 1 63 1
4185 0 -64 0
4186 1 63 1
4187 0 -64 0
4188 1 63 1
4189 0 -64 0
4190 1 63 1
4191 0 -64 0
4192 1 63 1
4193 0 -64 0
4194 0 -64 0
4195 0 -64 0
4196 0 -64 0
4197 0 -64 0
4198 1 63 1
4199 0 -64 0
4200 1 63 1
4201 0 -64 0
4202 1 63 1
4203 0 -64 0
4204 1 63 1
4205 1 63 1
4206 0 -64 0
4207 0 -64 0
4208 0 -64 0
4209 0 -64 0
4210 0 -64 0
4211 1 63 1
4212 1 63 1
4213 0 -64 0
4214 0 -64 0
4215 1 63 1
4216 1 63 1
4217 0 -64 0
4218 0 -64 0
4219 1 63 1
4220 1 63 1
4221 1 63 1
4222 0 -64 0
4223 1 63 1
4224 0 -64 0
4225 0 -64 0
4226 1 63 1
4227 0 -64 0
4228 0 -64 0
4229 0 -64 0
4230 0 -64 0
4231 0 -64 0
4232 0 -64 0
4233 1 63 1
4234 0 -64 0
4235 1 63 1
4236 0 -64 0
4237 0 -64 0
4238 0 -64 0
4239 1 63 1
4240 0 -64 0
4241 0 -64 0
4242 0 -64 0
4243 0 -64 0
4244 1 63 1
4245 1 63 1
4246 1 63 1
4247 1 63 1
4248 1 63 1
4249 1 63 1
4250 0 -64 0
4251 0 -64 0
4252 1 63 1
4253 1 63 1
4254 0 -64 0
4255 1 63 1
4256 0 -64 0
4257 1 63 1
4258 1 63 1
4259 0 -64 0
4260 1 63 1
4261 1 63 1
4262 1 63 1
4263 0 -64 0
4264 0 -64 0
4265 1 63 1
4266 1 63 1
4267 0 -64 0
4268 0 -64 0
4269 0 -64 0
4270 1 63 1
4271 1 63 1
4272 0 -64 0
4273 0 -64 0
4274 1 63 1
4275 1 63 1
4276 1 63 1
4277 0 -64 0
4278 1 63 1
4279 1 63 1
4280 1 63 1
4281 0 -64 0
4282 0 -64 0
4283 0 -64 0
4284 1 63 1
4285 0 -64 0
4286 1 63 1
4287 0 -64 0
4288 0 -64 0
4289 1 63 1
4290 0 -64 0
4291 1 63 1
4292 0 -64 0
4293 1 63 1
4294 1 63 1
4295 1 63 1
4296 1 63 1
4297 0 -64 0
4298 1 63 1
4299 1 63 1
4300 1 63 1
4301 1 63 1
4302 1 63 1
4303 1 63 1
4304 1 63 1
4305 0 -64 0
4306 1 63 1
4307 0 -64 0
4308 0 -64 0
4309 0 -64 0
4310 1 63 1
4311 1 63 1
4312 1 63 1
4313 1 63 1
4314 0 -64 0
4315 0 -64 0
4316 0 -64 0
4317 1 63 1
4318 1 63 1
4319 0 -64 0
4320 0 -64 0
4321 1 63 1
4322 0 -64 0
4323 0 -64 0
4324 0 -64 0
4325 0 -64 0
4326 1 63 1
4327 0 -64 0
4328 0 -64 0
4329 1 63 1
4330 1 63 1
4331 1 63 1
4332 0 -64 0
4333 0 -64 0
4334 1 63 1
4335 1 63 1
4336 1 63 1
4337 0 -64 0
4338 0 -64 0
4339 1 63 1
4340 1 63 1
4341 0 -64 0
4342 0 -64 0
4343 0 -64 0
4344 1 63 1
4345 1 63 1
4346 0 -64 0
4347 1 63 1
4348 0 -64 0
4349 0 -64 0
4350 0 -64 0
4351 1 63 1
4352 1 63 1
4353 0 -64 0
4354 0 -64 0
4355 0 -64 0
4356 0 -64 0
4357 0 -64 0
4358 0 -64 0
4359 0 -64 0
4360 0 -64 0
4361 1 63 1
4362 0 -64 0
4363 1 63 1
4364 0 -64 0
4365 1 63 1
4366 0 -64 0
4367 1 63 1
4368 0 -64 0
4369 0 -64 0
4370 1 63 1
4371 0 -64 0
4372 1 63 1
4373 0 -64 0
4374 1 63 1
4375 1 63 1
4376 1 63 1
4377 0 -64 0
4378 0 -64 0
4379 0 -64 0
4380 0 -64 0
4381 0 -64 0
4382 1 63 1
4383 1 63 1
4384 0 -64 0
4385 0 -64 0
4386 1 63 1
4387 0 -64 0
4388 0 -64 0
4389 0 -64 0
4390 1 63 1
4391 0 -64 0
4392 0 -64 0
4393 0 -64 0
4394 1 63 1
4395 0 -64 0
4396 0 -64 0
4397 1 63 1
4398 1 63 1
4399 1 63 1
4400 1 63 1
4401 1 63 1
4402 1 63 1
4403 0 -64 0
4404 0 -64 0
4405 1 63 1
4406 0 -64 0
4407 1 63 1
4408 0 -64 0
4409 1 63 1
4410 0 -64 0
4411 1 63 1
4412 1 63 1
4413 0 -64 0
4414 1 63 1
4415 0 -64 0
4416 0 -64 0
4417 0 -64 0
4418 0 -64 0
4419 0 -64 0
4420 1 63 1
4421 0 -64 0
4422 1 63 1
4423 1 63 1
4424 1 63 1
4425 0 -64 0
4426 0 -64 0
4427 1 63 1
4428 0 -64 0
4429 1 63 1
4430 0 -64 0
4431 1 63 1
4432 1 63 1
4433 1 63 1
4434 1 63 1
4435 0 -64 0
4436 0 -64 0
4437 1 63 1
4438 1 63 1
4439 1 63 1
4440 1 63 1
4441 0 -64 0
4442 0 -64 0
4443 1 63 1
4444 1 63 1
4445 0 -64 0
4446 0 -64 0
4447 0 -64 0
4448 0 -64 0
4449 1 63 1
4450 0 -64 0
4451 0 -64 0
4452 1 63 1
4453 0 -64 0
4454 0 -64 0
4455 0 -64 0
4456 1 63 1
4457 0 -64 0
4458 1 63 1
4459 0 -64 0
4460 0 -64 0
4461 1 63 1
4462 1 63 1
4463 0 -64 0
4464 0 -64 0
4465 0 -64 0
4466 1 63 1
4467 1 63 1
4468 0 -64 0
4469 1 63 1
4470 0 -64 0
4471 0 -64 0
4472 0 -64 0
4473 0 -64 0
4474 1 63 1
4475 1 63 1
4476 1 63 1
4477 1 63 1
4478 0 -64 0
4479 1 63 1
4480 0 -64 0
4481 0 -64 0
4482 1 63 1
4483 1 63 1
4484 0 -64 0
4485 0 -64 0
4486 0 -64 0
4487 0 -64 0
4488 1 63 1
4489 1 63 1
4490 1 63 1
4491 0 -64 0
4492 1 63 1
4493 1 63 1
4494 1 63 1
4495 1 63 1
4496 1 63 1
4497 1 63 1
4498 1 63 1
4499 1 63 1
4500 0 -64 0
4501 1 63 1
4502 0 -64 0
4503 0 -64 0
4504 1 63 1
4505 1 63 1
4506 0 -64 0
4507 0 -64 0
4508 0 -64 0
4509 1 63 1
4510 1 63 1
4511 1 63 1
4512 1 63 1
4513 1 63 1
4514 1 63 1
4515 0 -64 0
4516 0 -64 0
4517 0 -64 0
4518 1 63 1
4519 1 63 1
4520 1 63 1
4521 0 -64 0
4522 0 -64 0
4523 1 63 1
4524 1 63 1
4525 0 -64 0
4526 1 63 1
4527 0 -64 0
4528 0 -64 0
4529 1 63 1
4530 0 -64 0
4531 0 -64 0
4532 1 63 1
4533 0 -64 0
4534 0 -64 0
4535 1 63 1
4536 1 63 1
4537 0 -64 0
4538 1 63 1
4539 0 -64 0
4540 1 63 1
4541 0 -64 0
4542 0 -64 0
4543 1 63 1
4544 0 -64 0
4545 0 -64 0
4546 0 -64 0
4547 0 -64 0
4548 0 -64 0
4549 1 63 1
4550 0 -64 0
4551 0 -64 0
4552 1 63 1
4553 1 63 1
4554 0 -64 0
4555 1 63 1
4556 0 -64 0
4557 0 -64 0
4558 1 63 1
4559 0 -64 0
4560 0 -64 0
4561 1 63 1
4562 0 -64 0
4563 0 -64 0
4564 1 63 1
4565 1 63 1
4566 0 -64 0
4567 0 -64 0
4568 1 63 1
4569 0 -64 0
4570 1 63 1
4571 1 63 1
4572 1 63 1
4573 1 63 1
4574 0 -64 0
4575 1 63 1
4576 0 -64 0
4577 1 63 1
4578 1 63 1
4579 0 -64 0
4580 1 63 1
4581 0 -64 0
4582 1 63 1
4583 0 -64 0
4584 0 -64 0
4585 1 63 1
4586 0 -64 0
4587 1 63 1
4588 1 63 1
4589 0 -64 0
4590 1 63 1
4591 1 63 1
4592 1 63 1
4593 0 -64 0
4594 0 -64 0
4595 0 -64 0
4596 1 63 1
4597 0 -64 0
4598 0 -64 0
4599 1 63 1
4600 0 -58 0
4601 1 63 1
4602 0 -57 0
4603 1 63 1
4604 0 -57 0
4605 0 -49 0
4606 1 40 1
4607 1 10 1
4608 1 40 1
4609 0 -47 0
4610 0 -49 0
4611 1 50 1
4612 0 -64 0
4613 0 -64 0
4614 0 -64 0
4615 0 -64 0
4616 0 -64 0
4617 1 63 1
4618 0 -64 0
4619 0 -64 0
4620 1 63 1
4621 1 63 1
4622 0 -64 0
4623 0 -64 0
4624 1 63 1
4625 0 -64 0
4626 0 -64 0
4627 0 -64 0
4628 0 -64 0
4629 1 63 1
4630 0 -64 0
4631 1 63 1
4632 1 63 1
4633 0 -64 0
4634 1 63 1
4635 0 -64 0
4636 1 63 1
4637 0 -64 0
4638 1 63 1
4639 0 -64 0
4640 0 -64 0
4641 0 -64 0
4642 0 -64 0
4643 0 -64 0
4644 1 63 1
4645 0 -64 0
4646 1 63 1
4647 0 -64 0
4648 1 63 1
4649 0 -64 0
4650 0 -64 0
4651 0 -64 0
4652 0 -64 0
4653 0 -64 0
4654 1 63 1
4655 0 -64 0
4656 0 -64 0
4657 0 -64 0
4658 0 -64 0
4659 1 63 1
4660 0 -64 0
4661 0 -64 0
4662 1 63 1
4663 0 -64 0
4664 1 63 1
4665 0 -64 0
4666 0 -64 0
4667 0 -64 0
4668 1 63 1
4669 1 63 1
4670 0 -64 0
4671 1 63 1
4672 1 63 1
4673 1 63 1
4674 1 63 1
4675 0 -64 0
4676 0 -64 0
4677 1 63 1
4678 0 -64 0
4679 0 -64 0
4680 0 -64 0
4681 1 63 1
4682 1 63 1
4683 1 63 1
4684 1 63 1
4685 1 63 1
4686 1 63 1
4687 0 -64 0
4688 1 63 1
4689 0 -64 0
4690 0 -64 0
4691 0 -64 0
4692 0 -64 0
4693 0 -64 0
4694 0 -64 0
4695 1 63 1
4696 1 63 1
4697 0 -64 0
4698 1 63 1
4699 1 63 1
4700 0 -64 0
4701 0 -64 0
4702 0 -64 0
4703 0 -64 0
4704 0 -64 0
4705 0 -64 0
4706 0 -64 0
4707 0 -64 0
4708 1 63 1
4709 0 -64 0
4710 1 63 1
4711 1 63 1
4712 1 63 1
4713 1 63 1
4714 1 63 1
4715 0 -64 0
4716 1 63 1
4717 1 63 1
4718 0 -64 0
4719 0 -64 0
4720 0 -64 0
4721 0 -64 0
4722 1 63 1
4723 1 63 1
4724 0 -64 0
4725 0 -64 0
4726 1 63 1
4727 1 63 1
4728 1 63 1
4729 1 63 1
4730 0 -64 0
4731 1 63 1
4732 0 -64 0
4733 0 -64 0
4734 1 63 1
4735 0 -64 0
4736 0 -64 0
4737 1 63 1
4738 0 -64 0
4739 1 63 1
4740 0 -64 0
4741 0 -64 0
4742 0 -64 0
4743 1 63 1
4744 0 -64 0
4745 0 -64 0
4746 0 -64 0
4747 1 63 1
4748 1 63 1
4749 1 63 1
4750 1 63 1
4751 1 63 1
4752 1 63 1
4753 0 -64 0
4754 0 -64 0
4755 0 -64 0
4756 1 63 1
4757 1 63 1
4758 1 63 1
4759 1 63 1
4760 1 63 1
4761 1 63 1
4762 0 -64 0
4763 0 -64 0
4764 1 63 1
4765 1 63 1
4766 1 63 1
4767 1 63 1
4768 1 63 1
4769 0 -64 0
4770 0 -64 0
4771 1 63 1
4772 0 -64 0
4773 0 -64 0
4774 1 63 1
4775 0 -64 0
4776 1 63 1
4777 0 -64 0
4778 0 -64 0
4779 1 63 1
4780 0 -64 0
4781 1 63 1
4782 1 63 1
4783 1 63 1
4784 1 63 1
4785 1 63 1
4786 0 -64 0
4787 0 -64 0
4788 0 -64 0
4789 1 63 1
4790 1 63 1
4791 0 -64 0
4792 1 63 1
4793 1 63 1
4794 0 -64 0
4795 0 -64 0
4796 0 -64 0
4797 1 63 1
4798 1 63 1
4799 1 63 1
4800 1 63 1
4801 1 63 1
4802 0 -64 0
4803 0 -64 0
4804 1 63 1
4805 0 -64 0
4806 1 63 1
4807 0 -64 0
4808 1 63 1
4809 1 63 1
4810 1 63 1
4811 1 63 1
4812 0 -64 0
4813 1 63 1
4814 0 -64 0
4815 1 63 1
4816 1 63 1
4817 1 63 1
4818 1 63 1
4819 1 63 1
4820 1 63 1
4821 1 63 1
4822 0 -64 0
4823 1 63 1
4824 0 -64 0
4825 1 63 1
4826 1 63 1
4827 0 -64 0
4828 1 63 1
4829 0 -64 0
4830 1 63 1
4831 1 63 1
4832 0 -64 0
4833 1 63 1
4834 0 -64 0
4835 1 63 1
4836 0 -64 0
4837 1 63 1
4838 1 63 1
4839 1 63 1
4840 0 -64 0
4841 1 63 1
4842 0 -64 0
4843 1 63 1
4844 0 -64 0
4845 0 -64 0
4846 0 -64 0
4847 0 -64 0
4848 1 63 1
4849 1 63 1
4850 1 63 1
4851 0 -64 0
4852 0 -64 0
4853 1 63 1
4854 1 63 1
4855 0 -64 0
4856 1 63 1
4857 0 -64 0
4858 0 -64 0
4859 1 63 1
4860 1 63 1
4861 0 -64 0
4862 0 -64 0
4863 0 -64 0
4864 1 63 1
4865 1 63 1
4866 1 63 1
4867 1 63 1
4868 0 -64 0
4869 1 63 1
4870 0 -64 0
4871 0 -64 0
4872 1 63 1
4873 0 -64 0
4874 1 63 1
4875 1 63 1
4876 0 -64 0
4877 0 -64 0
4878 0 -64 0
4879 0 -64 0
4880 0 -64 0
4881 1 63 1
4882 1 63 1
4883 0 -64 0
4884 0 -64 0
4885 0 -64 0
4886 1 63 1
4887 1 63 1
4888 1 63 1
4889 0 -64 0
4890 0 -64 0
4891 1 63 1
4892 0 -64 0
4893 1 63 1
4894 0 -64 0
4895 0 -64 0
4896 1 63 1
4897 0 -64 0
4898 1 63 1
4899 1 63 1
4900 1 63 1
4901 0 -64 0
4902 0 -64 0
4903 1 63 1
4904 1 63 1
4905 0 -64 0
4906 0 -64 0
4907 1 63 1
4908 0 -64 0
4909 0 -64 0
4910 0 -64 0
4911 0 -64 0
4912 0 -64 0
4913 1 63 1
4914 1 63 1
4915 1 63 1
4916 0 -64 0
4917 0 -64 0
4918 1 63 1
4919 0 -64 0
4920 0 -64 0
4921 0 -64 0
4922 0 -64 0
4923 1 63 1
4924 1 63 1
4925 1 63 1
4926 1 63 1
4927 1 63 1
4928 0 -64 0
4929 1 63 1
4930 1 63 1
4931 0 -64 0
4932 1 63 1
4933 1 63 1
4934 0 -64 0
4935 1 63 1
4936 1 63 1
4937 1 63 1
4938 1 63 1
4939 1 63 1
4940 0 -64 0
4941 1 63 1
4942 1 63 1
4943 0 -64 0
4944 0 -64 0
4945 1 63 1
4946 0 -64 0
4947 0 -64 0
4948 1 63 1
4949 1 63 1
4950 1 63 1
4951 0 -64 0
4952 1 63 1
4953 1 63 1
4954 1 63 1
4955 1 63 1
4956 1 63 1
4957 0 -64 0
4958 0 -64 0
4959 1 63 1
4960 1 63 1
4961 1 63 1
4962 1 63 1
4963 1 63 1
4964 1 63 1
4965 0 -64 0
4966 0 -64 0
4967 0 -64 0
4968 0 -64 0
4969 0 -64 0
4970 1 63 1
4971 1 63 1
4972 0 -64 0
4973 0 -64 0
4974 0 -64 0
4975 1 63 1
4976 0 -64 0
4977 1 63 1
4978 1 63 1
4979 1 63 1
4980 1 63 1
4981 1 63 1
4982 0 -64 0
4983 1 63 1
4984 1 63 1
4985 0 -64 0
4986 0 -64 0
4987 1 63 1
4988 0 -64 0
4989 1 63 1
4990 0 -64 0
4991 1 63 1
4992 0 -64 0
4993 1 63 1
4994 1 63 1
4995 1 63 1
4996 0 -64 0
4997 0 -64 0
4998 1 63 1
4999 0 -64 0
5000 1 63 1
5001 1 63 1
5002 1 63 1
5003 1 63 1
5004 1 63 1
5005 0 -64 0
5006 0 -64 0
5007 0 -64 0
5008 1 63 1
5009 1 63 1
5010 1 63 1
5011 0 -64 0
5012 0 -64 0
5013 1 63 1
5014 1 63 1
5015 0 -64 0
5016 1 63 1
5017 1 63 1
5018 0 -64 0
5019 1 63 1
5020 0 -64 0
5021 0 -64 0
5022 1 63 1
5023 1 63 1
5024 1 63 1
5025 0 -64 0
5026 1 63 1
5027 0 -64 0
5028 0 -64 0
5029 1 63 1
5030 1 63 1
5031 0 -64 0
5032 0 -64 0
5033 0 -64 0
5034 1 63 1
5035 1 63 1
5036 1 63 1
5037 0 -64 0
5038 0 -64 0
5039 0 -64 0
5040 0 -64 0
5041 1 63 1
5042 1 63 1
5043 1 63 1
5044 1 63 1
5045 1 63 1
5046 0 -64 0
5047 1 63 1
5048 1 63 1
5049 1 63 1
5050 1 63 1
5051 0 -64 0
5052 0 -64 0
5053 0 -64 0
5054 0 -64 0
5055 1 63 1
5056 0 -64 0
5057 1 63 1
5058 1 63 1
5059 1 63 1
5060 1 63 1
5061 1 63 1
5062 0 -64 0
5063 1 63 1
5064 0 -64 0
5065 0 -64 0
5066 1 63 1
5067 0 -64 0
5068 0 -64 0
5069 1 63 1
5070 0 -64 0
5071 0 -64 0
5072 1 63 1
5073 1 63 1
5074 0 -64 0
5075 0 -64 0
5076 1 63 1
5077 1 63 1
5078 1 63 1
5079 1 63 1
5080 0 -64 0
5081 0 -64 0
5082 0 -64 0
5083 1 63 1
5084 0 -64 0
5085 0 -64 0
5086 0 -64 0
5087 0 -64 0
5088 0 -64 0
5089 0 -64 0
5090 0 -64 0
5091 0 -64 0
5092 1 63 1
5093 0 -64 0
5094 0 -64 0
5095 0 -64 0
5096 1 63 1
5097 1 63 1
5098 1 63 1
5099 1 63 1
5100 1 63 1
5101 0 -64 0
5102 1 63 1
5103 0 -64 0
5104 0 -64 0
5105 1 63 1
5106 1 63 1
5107 1 63 1
5108 0 -64 0
5109 0 -64 0
5110 1 63 1
5111 0 -64 0
5112 0 -64 0
5113 0 -64 0
5114 1 63 1
5115 0 -64 0
5116 1 63 1
5117 0 -64 0
5118 1 63 1
5119 1 63 1
5120 0 -64 0
5121 1 63 1
5122 0 -64 0
5123 0 -64 0
5124 1 63 1
5125 0 -64 0
5126 0 -64 0
5127 0 -64 0
5128 1 63 1
5129 1 63 1
5130 0 -64 0
5131 1 63 1
5132 1 63 1
5133 0 -64 0
5134 1 63 1
5135 1 63 1
5136 0 -64 0
5137 1 63 1
5138 0 -64 0
5139 0 -64 0
5140 1 63 1
5141 1 63 1
5142 1 63 1
5143 0 -64 0
5144 1 63 1
5145 0 -64 0
5146 0 -64 0
5147 1 63 1
5148 0 -64 0
5149 0 -64 0
5150 1 63 1
5151 1 63 1
5152 1 63 1
5153 1 63 1
5154 0 -64 0
5155 1 63 1
5156 1 63 1
5157 1 63 1
5158 1 63 1
5159 1 63 1
5160 1 63 1
5161 0 -64 0
5162 0 -64 0
5163 1 63 1
5164 0 -64 0
5165 0 -64 0
5166 0 -64 0
5167 0 -64 0
5168 1 63 1
5169 1 63 1
5170 0 -64 0
5171 1 63 1
5172 0 -64 0
5173 0 -64 0
5174 1 63 1
5175 0 -64 0
5176 0 -64 0
5177 1 63 1
5178 0 -64 0
5179 0 -64 0
5180 1 63 1
5181 1 63 1
5182 0 -64 0
5183 1 63 1
5184 0 -64 0
5185 1 63 1
5186 0 -64 0
5187 0 -64 0
5188 1 63 1
5189 1 63 1
5190 1 63 1
5191 0 -64 0
5192 0 -64 0
5193 1 63 1
5194 1 63 1
5195 1 63 1
5196 1 63 1
5197 1 63 1
5198 1 63 1
5199 1 63 1
5200 1 63 1
5201 1 63 1
5202 0 -64 0
5203 0 -64 0
5204 1 63 1
5205 0 -64 0
5206 1 63 1
5207 1 63 1
5208 1 63 1
5209 1 63 1
5210 0 -64 0
5211 0 -64 0
5212 1 63 1
5213 1 63 1
5214 0 -64 0
5215 1 63 1
5216 0 -64 0
5217 0 -64 0
5218 0 -64 0
5219 1 63 1
5220 0 -64 0
5221 0 -64 0
5222 1 63 1
5223 1 63 1
5224 0 -64 0
5225 1 63 1
5226 1 63 1
5227 1 63 1
5228 1 63 1
5229 0 -64 0
5230 0 -64 0
5231 0 -64 0
5232 0 -64 0
5233 1 63 1
5234 1 63 1
5235 1 63 1
5236 0 -64 0
5237 0 -64 0
5238 1 63 1
5239 0 -64 0
5240 0 -64 0
5241 1 63 1
5242 1 63 1
5243 1 63 1
5244 0 -64 0
5245 0 -64 0
5246 1 63 1
5247 0 -64 0
5248 1 63 1
5249 1 63 1
5250 0 -64 0
5251 0 -64 0
5252 1 63 1
5253 0 -64 0
5254 1 63 1
5255 0 -64 0
5256 1 63 1
5257 0 -64 0
5258 1 63 1
5259 0 -64 0
5260 0 -64 0
5261 1 63 1
5262 1 63 1
5263 1 63 1
5264 0 -64 0
5265 1 63 1
5266 0 -64 0
5267 1 63 1
5268 1 63 1
5269 1 63 1
5270 1 63 1
5271 1 63 1
5272 0 -64 0
5273 0 -64 0
5274 1 63 1
5275 1 63 1
5276 1 63 1
5277 1 63 1
5278 0 -64 0
5279 1 63 1
5280 1 63 1
5281 0 -64 0
5282 0 -64 0
5283 0 -64 0
5284 0 -64 0
5285 0 -64 0
5286 0 -64 0
5287 0 -64 0
5288 0 -64 0
5289 1 63 1
5290 1 63 1
5291 0 -64 0
5292 1 63 1
5293 0 -64 0
5294 1 63 1
5295 1 63 1
5296 0 -64 0
5297 1 63 1
5298 0 -64 0
5299 0 -64 0
5300 0 -64 0
5301 1 63 1
5302 0 -64 0
5303 0 -64 0
5304 1 63 1
5305 1 63 1
5306 0 -64 0
5307 0 -64 0
5308 0 -64 0
5309 0 -64 0
5310 0 -64 0
5311 0 -64 0
5312 1 63 1
5313 0 -64 0
5314 1 63 1
5315 0 -64 0
5316 1 63 1
5317 0 -64 0
5318 0 -64 0
5319 0 -64 0
5320 1 63 1
5321 0 -64 0
5322 1 63 1
5323 1 63 1
5324 0 -64 0
5325 0 -64 0
5326 1 63 1
5327 1 63 1
5328 0 -64 0
5329 1 63 1
5330 0 -64 0
5331 1 63 1
5332 1 63 1
5333 0 -64 0
5334 1 63 1
5335 1 63 1
5336 0 -64 0
5337 1 63 1
5338 0 -64 0
5339 0 -64 0
5340 0 -64 0
5341 1 63 1
5342 0 -64 0
5343 1 63 1
5344 1 63 1
5345 0 -64 0
5346 0 -64 0
5347 0 -64 0
5348 0 -64 0
5349 0 -64 0
5350 1 63 1
5351 0 -64 0
5352 0 -64 0
5353 0 -64 0
5354 0 -64 0
5355 1 63 1
5356 1 63 1
5357 1 63 1
5358 1 63 1
5359 0 -64 0
5360 1 63 1
5361 1 63 1
5362 1 63 1
5363 1 63 1
5364 0 -64 0
5365 1 63 1
5366 0 -64 0
5367 0 -64 0
5368 0 -64 0
5369 1 63 1
5370 1 63 1
5371 1 53 1
5372 0 -64 0
5373 1 17 1
5374 1 46 1
5375 0 24 1
5376 0 -39 0
5377 1 45 1
5378 1 62 1
5379 0 -64 0
5380 1 49 1
5381 0 -64 0
5382 0 -61 0
5383 1 63 1
5384 1 63 1
5385 0 -64 0
5386 1 63 1
5387 1 63 1
5388 1 63 1
5389 1 63 1
5390 0 -64 0
5391 1 63 1
5392 1 63 1
5393 0 -64 0
5394 0 -64 0
5395 1 63 1
5396 0 -64 0
5397 1 63 1
5398 0 -64 0
5399 0 -64 0
5400 1 63 1
5401 0 -64 0
5402 1 63 1
5403 0 -64 0
5404 0 -64 0
5405 0 -64 0
5406 1 63 1
5407 0 -64 0
5408 0 -64 0
5409 0 -64 0
5410 0 -64 0
5411 0 -64 0
5412 0 -64 0
5413 1 63 1
5414 0 -64 0
5415 0 -64 0
5416 0 -64 0
5417 0 -64 0
5418 0 -64 0
5419 1 63 1
5420 1 63 1
5421 0 -64 0
5422 1 63 1
5423 1 63 1
5424 0 -64 0
5425 1 63 1
5426 1 63 1
5427 1 63 1
5428 1 63 1
5429 0 -64 0
5430 0 -64 0
5431 1 63 1
5432 1 63 1
5433 0 -64 0
5434 0 -64 0
5435 0 -64 0
5436 1 63 1
5437 1 63 1
5438 1 63 1
5439 1 63 1
5440 0 -64 0
5441 1 63 1
5442 0 -64 0
5443 1 63 1
5444 0 -64 0
5445 0 -64 0
5446 0 -64 0
5447 0 -64 0
5448 0 -64 0
5449 0 -64 0
5450 0 -64 0
5451 0 -64 0
5452 0 -64 0
5453 1 63 1
5454 1 63 1
5455 0 -64 0
5456 0 -64 0
5457 0 -64 0
5458 0 -64 0
5459 0 -64 0
5460 0 -64 0
5461 0 -64 0
5462 1 63 1
5463 1 63 1
5464 1 63 1
5465 1 63 1
5466 0 -64 0
5467 0 -64 0
5468 0 -64 0
5469 1 63 1
5470 1 63 1
5471 1 63 1
5472 1 63 1
5473 1 63 1
5474 1 63 1
5475 1 63 1
5476 0 -64 0
5477 1 63 1
5478 0 -64 0
5479 1 63 1
5480 1 63 1
5481 1 63 1
5482 0 -64 0
5483 1 63 1
5484 0 -64 0
5485 1 63 1
5486 0 -64 0
5487 0 -64 0
5488 0 -64 0
5489 0 -64 0
5490 1 63 1
5491 0 -64 0
5492 0 -64 0
5493 0 -64 0
5494 0 -64 0
5495 0 -64 0
5496 1 63 1
5497 0 -64 0
5498 1 63 1
5499 0 -64 0
5500 1 63 1
5501 1 63 1
5502 0 -64 0
5503 1 63 1
5504 1 63 1
5505 1 63 1
5506 1 63 1
5507 1 63 1
5508 1 63 1
5509 0 -64 0
5510 1 63 1
5511 0 -64 0
5512 0 -64 0
5513 0 -64 0
5514 1 63 1
5515 1 63 1
5516 1 63 1
5517 1 63 1
5518 0 -64 0
5519 1 63 1
5520 1 63 1
5521 0 -64 0
5522 0 -64 0
5523 1 63 1
5524 0 -64 0
5525 1 63 1
5526 0 -64 0
5527 1 63 1
5528 1 63 1
5529 0 -64 0
5530 1 63 1
5531 0 -64 0
5532 0 -64 0
5533 1 63 1
5534 1 63 1
5535 1 63 1
5536 1 63 1
5537 0 -64 0
5538 0 -64 0
5539 0 -64 0
5540 1 63 1
5541 1 63 1
5542 0 -64 0
5543 1 63 1
5544 1 63 1
5545 1 63 1
5546 0 -64 0
5547 0 -64 0
5548 0 -64 0
5549 0 -64 0
5550 0 -64 0
5551 0 -64 0
5552 1 63 1
5553 0 -64 0
5554 0 -64 0
5555 0 -64 0
5556 0 -64 0
5557 1 63 1
5558 1 63 1
5559 0 -64 0
5560 1 63 1
5561 0 -64 0
5562 0 -64 0
5563 0 -64 0
5564 1 63 1
5565 0 -64 0
5566 1 63 1
5567 0 -64 0
5568 1 63 1
5569 1 63 1
5570 1 63 1
5571 0 -64 0
5572 1 63 1
5573 1 63 1
5574 0 -64 0
5575 0 -64 0
5576 0 -64 0
5577 1 63 1
5578 0 -64 0
5579 0 -64 0
5580 1 63 1
5581 1 63 1
5582 1 63 1
5583 1 63 1
5584 0 -64 0
5585 0 -64 0
5586 0 -64 0
5587 1 63 1
5588 1 63 1
5589 1 63 1
5590 0 -64 0
5591 1 63 1
5592 1 63 1
5593 1 63 1
5594 1 63 1
5595 0 -64 0
5596 1 63 1
5597 0 -64 0
5598 1 63 1
5599 0 -64 0
5600 0 -64 0
5601 0 -64 0
5602 1 63 1
5603 0 -64 0
5604 1 63 1
5605 1 63 1
5606 0 -64 0
5607 0 -64 0
5608 1 63 1
5609 0 -64 0
5610 0 -64 0
5611 1 63 1
5612 1 63 1
5613 1 63 1
5614 1 63 1
5615 0 -64 0
5616 1 63 1
5617 0 -64 0
5618 0 -64 0
5619 0 -64 0
5620 0 -64 0
5621 1 63 1
5622 0 -64 0
5623 1 63 1
5624 0 -64 0
5625 1 63 1
5626 1 63 1
5627 0 -64 0
5628 0 -64 0
5629 0 -64 0
5630 0 -64 0
5631 0 -64 0
5632 1 63 1
5633 1 63 1
5634 0 -64 0
5635 1 63 1
5636 1 63 1
5637 0 -64 0
5638 1 63 1
5639 1 63 1
5640 0 -64 0
5641 1 63 1
5642 0 -64 0
5643 0 -64 0
5644 0 -64 0
5645 0 -64 0
5646 1 63 1
5647 0 -64 0
5648 0 -64 0
5649 1 63 1
5650 1 63 1
5651 0 -64 0
5652 0 -64 0
5653 0 -64 0
5654 0 -64 0
5655 0 -64 0
5656 0 -64 0
5657 1 63 1
5658 0 -64 0
5659 1 63 1
5660 0 -64 0
5661 1 63 1
5662 1 63 1
5663 1 63 1
5664 0 -64 0
5665 0 -64 0
5666 0 -64 0
5667 1 63 1
5668 1 63 1
5669 1 63 1
5670 0 -64 0
5671 0 -64 0
5672 0 -64 0
5673 0 -64 0
5674 0 -64 0
5675 0 -64 0
5676 1 63 1
5677 1 63 1
5678 1 63 1
5679 0 -64 0
5680 1 63 1
5681 1 63 1
5682 1 63 1
5683 0 -64 0
5684 0 -64 0
5685 1 63 1
5686 1 63 1
5687 0 -64 0
5688 0 -64 0
5689 0 -64 0
5690 0 -64 0
5691 1 63 1
5692 1 63 1
5693 0 -64 0
5694 1 63 1
5695 1 63 1
5696 0 -64 0
5697 1 63 1
5698 0 -64 0
5699 1 63 1
5700 1 63 1
5701 1 63 1
5702 1 63 1
5703 0 -64 0
5704 0 -64 0
5705 0 -64 0
5706 1 63 1
5707 1 63 1
5708 1 63 1
5709 1 63 1
5710 0 -64 0
5711 0 -64 0
5712 0 -64 0
5713 0 -64 0
5714 0 -64 0
5715 1 63 1
5716 0 -64 0
5717 1 63 1
5718 1 63 1
5719 0 -64 0
5720 0 -64 0
5721 0 -64 0
5722 0 -64 0
5723 0 -64 0
5724 0 -64 0
5725 0 -64 0
5726 0 -64 0
5727 1 63 1
5728 1 63 1
5729 1 63 1
5730 1 63 1
5731 0 -64 0
5732 0 -64 0
5733 1 63 1
5734 1 63 1
5735 1 63 1
5736 1 63 1
5737 1 63 1
5738 0 -64 0
5739 0 -64 0
5740 1 63 1
5741 1 63 1
5742 1 63 1
5743 1 63 1
5744 0 -64 0
5745 0 -64 0
5746 0 -64 0
5747 1 63 1
5748 0 -64 0
5749 0 -64 0
5750 1 63 1
5751 1 63 1
5752 0 -64 0
5753 1 63 1
5754 1 63 1
5755 0 -64 0
5756 0 -64 0
5757 0 -64 0
5758 0 -64 0
5759 0 -64 0
5760 0 -64 0
5761 1 63 1
5762 0 -64 0
5763 1 63 1
5764 1 63 1
5765 0 -64 0
5766 0 -64 0
5767 0 -64 0
5768 1 63 1
5769 1 63 1
5770 0 -64 0
5771 0 -64 0
5772 0 -64 0
5773 1 63 1
5774 0 -64 0
5775 0 -64 0
5776 0 -64 0
5777 1 63 1
5778 0 -64 0
5779 0 -64 0
5780 0 -64 0
5781 0 -64 0
5782 0 -64 0
5783 0 -64 0
5784 0 -64 0
5785 1 63 1
5786 0 -64 0
5787 0 -64 0
5788 0 -64 0
5789 1 63 1
5790 1 63 1
5791 0 -64 0
5792 0 -64 0
5793 0 -64 0
5794 1 63 1
5795 0 -64 0
5796 1 63 1
5797 0 -64 0
5798 0 -64 0
5799 1 63 1
5800 1 63 1
5801 1 63 1
5802 1 63 1
5803 0 -64 0
5804 1 63 1
5805 0 -64 0
5806 0 -64 0
5807 0 -64 0
5808 0 -64 0
5809 0 -64 0
5810 1 63 1
5811 0 -64 0
5812 0 -64 0
5813 1 63 1
5814 0 -64 0
5815 1 63 1
5816 1 63 1
5817 1 63 1
5818 1 63 1
5819 1 63 1
5820 0 -64 0
5821 0 -64 0
5822 0 -64 0
5823 1 63 1
5824 1 63 1
5825 0 -64 0
5826 0 -64 0
5827 0 -64 0
5828 1 63 1
5829 1 63 1
5830 0 -64 0
5831 0 -64 0
5832 0 -64 0
5833 0 -64 0
5834 0 -64 0
5835 1 63 1
5836 1 63 1
5837 0 -64 0
5838 1 63 1
5839 0 -64 0
5840 0 -64 0
5841 1 63 1
5842 0 -64 0
5843 0 -64 0
5844 0 -64 0
5845 0 -64 0
5846 1 63 1
5847 1 63 1
5848 1 63 1
5849 0 -64 0
5850 0 -64 0
5851 1 63 1
5852 0 -64 0
5853 1 63 1
5854 1 63 1
5855 1 63 1
5856 1 63 1
5857 0 -64 0
5858 1 63 1
5859 0 -64 0
5860 0 -64 0
5861 0 -64 0
5862 1 63 1
5863 1 63 1
5864 1 63 1
5865 1 63 1
5866 1 63 1
5867 1 63 1
5868 0 -64 0
5869 0 -64 0
5870 1 63 1
5871 1 63 1
5872 0 -64 0
5873 0 -64 0
5874 1 63 1
5875 0 -64 0
5876 1 63 1
5877 0 -64 0
5878 1 63 1
5879 0 -64 0
5880 1 63 1
5881 1 63 1
5882 1 63 1
5883 0 -64 0
5884 1 63 1
5885 1 63 1
5886 1 63 1
5887 0 -64 0
5888 1 63 1
5889 1 63 1
5890 1 63 1
5891 1 63 1
5892 0 -64 0
5893 1 63 1
5894 0 -64 0
5895 0 -64 0
5896 0 -64 0
5897 1 63 1
5898 0 -64 0
5899 1 63 1
5900 0 -64 0
5901 1 63 1
5902 1 63 1
5903 0 -64 0
5904 1 63 1
5905 0 -64 0
5906 0 -64 0
5907 1 63 1
5908 1 63 1
5909 0 -64 0
5910 1 63 1
5911 0 -64 0
5912 1 63 1
5913 1 63 1
5914 1 63 1
5915 0 -64 0
5916 1 63 1
5917 0 -64 0
5918 1 63 1
5919 0 -64 0
5920 1 63 1
5921 0 -64 0
5922 1 63 1
5923 0 -64 0
5924 0 -64 0
5925 1 63 1
5926 1 63 1
5927 0 -64 0
5928 0 -64 0
5929 1 63 1
5930 1 63 1
5931 0 -64 0
5932 0 -64 0
5933 1 63 1
5934 1 63 1
5935 1 63 1
5936 1 63 1
5937 0 -64 0
5938 0 -64 0
5939 1 63 1
5940 0 -64 0
5941 0 -64 0
5942 1 63 1
5943 0 -64 0
5944 0 -64 0
5945 1 63 1
5946 1 63 1
5947 0 -64 0
5948 1 63 1
5949 0 -64 0
5950 0 -64 0
5951 1 63 1
5952 1 63 1
5953 0 -64 0
5954 1 63 1
5955 0 -64 0
5956 1 63 1
5957 1 63 1
5958 1 63 1
5959 0 -64 0
5960 1 63 1
5961 1 63 1
5962 1 63 1
5963 0 -64 0
5964 1 63 1
5965 0 -64 0
5966 0 -64 0
5967 1 63 1
5968 0 -64 0
5969 1 63 1
5970 0 -64 0
5971 1 63 1
5972 1 63 1
5973 0 -64 0
5974 0 -64 0
5975 1 63 1
5976 0 -64 0
5977 0 -64 0
5978 1 63 1
5979 1 63 1
5980 0 -64 0
5981 1 63 1
5982 1 63 1
5983 0 -64 0
5984 0 -64 0
5985 1 63 1
5986 1 63 1
5987 0 -64 0
5988 0 -64 0
5989 0 -64 0
5990 0 -64 0
5991 1 63 1
5992 0 -64 0
5993 0 -64 0
5994 0 -64 0
5995 1 63 1
5996 1 63 1
5997 1 63 1
5998 1 63 1
5999 1 63 1
6000 0 -64 0
6001 1 63 1
6002 1 63 1
6003 0 -64 0
6004 0 -64 0
6005 1 63 1
6006 1 63 1
6007 1 63 1
6008 1 63 1
6009 0 -64 0
6010 0 -64 0
6011 0 -64 0
6012 0 -64 0
6013 1 63 1
6014 0 -64 0
6015 1 63 1
6016 0 -64 0
6017 1 63 1
6018 0 -64 0
6019 0 -64 0
6020 0 -64 0
6021 0 -64 0
6022 0 -64 0
6023 0 -64 0
6024 0 -64 0
6025 0 -64 0
6026 0 -64 0
6027 0 -64 0
6028 1 63 1
6029 0 -64 0
6030 0 -64 0
6031 1 63 1
6032 1 63 1
6033 0 -64 0
6034 0 -64 0
6035 1 63 1
6036 1 63 1
6037 0 -64 0
6038 1 63 1
6039 0 -64 0
6040 1 63 1
6041 0 -64 0
6042 1 63 1
6043 1 63 1
6044 0 -64 0
6045 1 63 1
6046 0 -64 0
6047 1 63 1
6048 0 -64 0
6049 0 -64 0
6050 0 -64 0
6051 0 -64 0
6052 1 63 1
6053 1 63 1
6054 1 63 1
6055 0 -64 0
6056 1 63 1
6057 0 -64 0
6058 1 63 1
6059 0 -64 0
6060 0 -64 0
6061 0 -64 0
6062 0 -64 0
6063 0 -64 0
6064 0 -64 0
6065 1 63 1
6066 1 63 1
6067 1 63 1
6068 0 -64 0
6069 1 63 1
6070 1 63 1
6071 1 63 1
6072 1 63 1
6073 1 63 1
6074 0 -64 0
6075 0 -64 0
6076 1 63 1
6077 0 -64 0
6078 1 63 1
6079 0 -64 0
6080 0 -64 0
6081 0 -64 0
6082 0 -64 0
6083 1 63 1
6084 0 -64 0
6085 0 -64 0
6086 0 -64 0
6087 0 -64 0
6088 0 -64 0
6089 1 63 1
6090 1 63 1
6091 1 63 1
6092 0 -64 0
6093 1 63 1
6094 0 -64 0
6095 0 -64 0
6096 0 -64 0
6097 0 -64 0
6098 0 -64 0
6099 0 -64 0
6100 1 63 1
6101 0 -64 0
6102 0 -64 0
6103 0 -64 0
6104 1 63 1
6105 0 -64 0
6106 0 -64 0
6107 0 -64 0
6108 1 63 1
6109 0 -64 0
6110 1 63 1
6111 0 -64 0
6112 1 63 1
6113 1 63 1
6114 0 -64 0
6115 1 63 1
6116 0 -64 0
6117 1 63 1
6118 0 -64 0
6119 0 -64 0
6120 0 -64 0
6121 0 -64 0
6122 1 63 1
6123 1 63 1
6124 0 -64 0
6125 1 63 1
6126 1 63 1
6127 0 -64 0
6128 0 -64 0
6129 0 -64 0
6130 0 -64 0
6131 0 -64 0
6132 0 -64 0
6133 1 63 1
6134 0 -64 0
6135 0 -64 0
6136 1 63 1
6137 0 -64 0
6138 0 -64 0
6139 0 63 1
6140 0 -64 0
6141 1 -64 0
6142 0 -64 0
6143 0 63 1
