3200 11 111 240
0 0 0 8 15 10
1 1 1 -15 -16 -11
2 1 0 -16 -13 -7
3 1 0 -14 10 -12
4 1 1 -4 15 -8
5 0 1 9 -16 -10
6 1 1 -13 -14 -12
7 0 1 8 13 -4
8 1 0 -16 -14 10
9 1 1 -12 15 -15
10 0 0 11 15 -9
11 0 1 10 12 -16
12 0 1 15 15 15
13 0 0 12 15 -10
14 1 0 -13 -13 -10
15 1 1 -2 -14 15
16 1 1 -14 10 -15
17 0 1 9 -4 -11
18 1 1 -7 10 15
19 1 1 -15 6 13
20 0 0 11 -16 -15
21 0 0 11 9 15
22 0 1 -2 9 -1
23 1 0 3 9 -16
24 0 0 7 -1 15
25 0 1 8 8 15
26 0 0 4 2 7
27 1 0 -8 6 -8
28 1 1 -9 9 15
29 0 0 14 14 -3
30 0 0 11 -8 -4
31 1 1 -15 6 11
32 1 1 -16 7 -15
33 1 1 -6 -4 -9
34 0 0 8 13 2
35 1 0 -16 5 1
36 1 1 -9 15 -11
37 0 0 15 12 -11
38 1 0 -11 10 -4
39 0 1 5 -10 1
40 0 0 10 15 -7
41 0 0 6 -4 -16
42 1 0 -12 7 4
43 1 1 -2 13 10
44 1 1 -14 -13 -6
45 1 0 1 7 -9
46 1 1 -7 -9 -1
47 0 1 0 15 12
48 0 1 15 -7 4
49 1 1 -15 -13 12
50 1 1 -9 0 -10
51 1 0 -4 -15 0
52 0 0 10 14 15
53 1 0 -6 -16 -16
54 1 0 -16 9 11
55 1 1 -11 3 -10
56 0 0 15 8 -13
57 1 0 -15 15 7
58 0 1 4 14 -1
59 1 1 -9 15 -10
60 1 0 -8 8 -16
61 1 0 -11 -16 15
62 1 1 -7 10 8
63 1 1 -8 -8 -16
64 1 0 -16 -8 -16
65 1 1 -7 5 -16
66 1 0 -2 6 -3
67 1 0 -8 3 0
68 0 0 6 10 8
69 0 0 2 -16 -6
70 1 0 -10 9 15
71 1 0 -14 2 13
72 0 0 6 -12 -3
73 1 1 -12 -16 6
74 1 0 -13 -12 -15
75 0 0 12 10 -2
76 1 0 -8 -1 -16
77 1 0 -16 6 4
78 0 1 15 14 12
79 1 0 -16 -7 8
80 1 0 -2 -11 4
81 0 1 2 -9 9
82 0 0 11 -16 -16
83 1 0 -16 -12 -11
84 0 1 0 -9 3
85 1 1 -16 8 -4
86 0 1 5 2 -16
87 1 0 -7 -16 -15
88 0 0 6 9 7
89 0 0 15 -11 6
90 0 0 7 14 -15
91 0 0 15 0 6
92 1 0 -16 5 15
93 1 1 -8 13 15
94 1 1 -4 -15 12
95 0 0 2 -4 14
96 0 1 7 12 13
97 1 0 -13 -6 -1
98 1 1 -9 -11 -16
99 0 0 5 -15 2
100 1 0 -2 -15 9
101 1 0 -12 8 -2
102 1 1 7 2 12
103 1 1 -4 11 14
104 0 1 1 12 15
105 1 1 -8 14 -13
106 0 0 12 -16 -12
107 0 1 4 13 -8
108 0 1 8 15 -2
109 1 1 -16 12 14
110 1 1 -1 15 1
111 0 1 15 15 -11
112 1 0 -2 -1 -7
113 0 1 11 -10 -16
114 1 1 -16 -7 15
115 1 0 -6 -13 -7
116 1 1 5 -16 15
117 1 0 -7 0 -12
118 1 0 -8 -15 -7
119 0 1 14 15 15
120 0 0 10 10 6
121 0 1 9 -16 -10
122 1 1 -16 13 -15
123 0 0 13 -14 -6
124 0 1 12 -6 10
125 0 1 4 -9 -11
126 1 1 -15 -16 -13
127 0 1 15 -14 8
128 1 1 -7 4 14
129 1 0 -16 -6 -4
130 0 0 2 15 15
131 1 0 -7 -2 8
132 1 0 -10 -5 7
133 0 0 5 -8 -11
134 0 1 7 11 15
135 1 0 -16 10 8
136 0 1 0 15 -6
137 1 0 -5 1 15
138 1 0 -13 7 -14
139 1 1 -15 -6 -6
140 0 0 15 -16 9
141 0 1 13 12 -15
142 1 1 -14 3 15
143 0 1 5 1 -8
144 1 0 -9 4 15
145 0 0 7 -9 -16
146 0 0 15 1 -2
147 1 1 -9 -13 -9
148 1 0 -14 1 -10
149 0 0 8 15 10
150 1 0 -16 -16 -9
151 0 1 15 10 -16
152 0 0 13 -14 15
153 0 0 15 9 11
154 1 0 -15 -12 -15
155 1 1 -12 12 7
156 0 1 8 7 14
157 1 1 -16 -12 13
158 1 1 -8 -7 -15
159 0 0 15 -6 -10
160 1 0 -15 9 13
161 1 1 -7 -13 8
162 0 0 15 15 8
163 1 1 -16 5 15
164 1 1 -15 -16 2
165 0 1 8 -16 -13
166 1 1 -1 -10 8
167 0 1 15 -16 -9
168 1 1 -12 15 -16
169 1 1 -13 -9 12
170 0 0 10 3 -16
171 0 0 9 -8 -11
172 1 0 -8 -16 2
173 0 1 -5 10 -9
174 0 1 -1 13 15
175 1 1 -12 14 10
176 1 0 -16 4 2
177 0 1 0 12 -14
178 1 1 -10 7 0
179 1 1 1 5 -11
180 0 0 15 4 15
181 0 1 9 -3 0
182 0 1 10 -10 12
183 0 1 7 -7 -16
184 0 0 5 0 15
185 1 0 -10 11 -7
186 0 0 13 11 13
187 1 0 -4 11 9
188 0 1 1 -12 3
189 0 0 -1 5 -5
190 0 0 13 15 15
191 0 1 10 -11 -15
192 0 1 7 -11 7
193 0 0 -2 -14 10
194 0 1 5 -3 -1
195 1 1 -11 -3 -13
196 0 0 8 15 -8
197 1 1 1 10 6
198 0 1 8 -10 -6
199 1 0 -5 -6 15
200 0 0 15 13 -7
201 0 0 15 6 13
202 1 0 -6 -6 6
203 1 0 -9 15 6
204 1 1 -3 -4 7
205 1 1 -4 12 14
206 1 1 -6 -16 11
207 0 1 8 2 -11
208 0 0 7 0 -16
209 0 0 12 9 15
210 0 1 10 12 9
211 1 1 0 8 -7
212 1 1 -7 2 0
213 1 1 -12 -16 -13
214 0 1 1 -11 -16
215 1 0 -13 -16 -5
216 1 0 -13 8 -16
217 1 1 -3 15 -16
218 0 1 10 -7 4
219 0 1 15 7 4
220 0 1 3 6 8
221 0 1 -3 -3 -16
222 0 1 4 -6 12
223 0 1 13 -2 -12
224 1 1 -15 -1 -3
225 0 0 15 -4 -10
226 1 1 -16 -1 10
227 0 0 8 10 15
228 0 1 15 3 -16
229 1 1 -16 -10 -8
230 0 1 -3 12 15
231 0 1 15 -16 3
232 0 0 8 4 -16
233 1 0 -7 -16 15
234 0 1 10 -15 -16
235 1 1 -15 -13 15
236 1 1 -7 1 -12
237 0 0 11 -6 7
238 1 1 -10 15 13
239 0 0 5 -16 5
240 0 1 6 -15 7
241 0 1 -3 2 8
242 1 0 -9 -11 13
243 1 1 -14 -10 5
244 1 0 -13 8 -7
245 1 0 4 3 -1
246 0 0 15 15 7
247 1 0 -16 2 -16
248 0 1 6 -7 14
249 0 0 6 9 -16
250 0 0 15 14 -6
251 0 0 -4 -4 -11
252 0 0 14 -16 9
253 1 0 -12 12 -15
254 0 0 13 4 15
255 1 0 -16 -16 11
256 1 1 2 -16 14
257 1 1 2 15 5
258 0 1 8 -7 -11
259 0 0 15 -12 0
260 0 1 7 4 -10
261 1 0 -5 -16 -16
262 0 0 12 -11 -11
263 0 0 15 -16 5
264 0 1 7 7 2
265 1 1 -1 1 -3
266 1 0 -8 -16 -11
267 1 1 -16 11 1
268 1 0 -6 3 -10
269 1 0 -13 -9 -11
270 0 0 11 -16 15
271 0 1 12 -13 15
272 0 1 4 10 -3
273 1 0 -9 10 -16
274 1 1 -13 -11 -8
275 0 1 -1 -10 6
276 1 1 1 -11 9
277 1 1 -6 4 15
278 0 0 14 -12 14
279 0 0 11 -16 -5
280 1 0 -6 15 -14
281 1 0 -10 -9 1
282 1 0 -16 -7 11
283 0 1 5 -8 2
284 0 1 4 2 -5
285 0 0 3 15 -1
286 1 1 -9 13 -11
287 0 1 0 6 15
288 1 1 -4 15 10
289 1 0 -15 -8 -13
290 0 0 11 1 12
291 1 0 -7 9 15
292 1 1 -5 11 6
293 0 1 1 7 3
294 1 1 -9 9 -12
295 1 0 -7 15 -5
296 1 0 -7 -11 12
297 0 1 5 3 14
298 0 0 6 15 8
299 0 1 15 -1 13
300 0 0 15 12 -16
301 1 1 -12 0 0
302 1 0 -16 13 6
303 0 0 2 7 8
304 1 0 -10 -2 0
305 1 1 -3 -3 7
306 1 0 1 13 -13
307 0 0 15 4 -2
308 0 0 3 -16 -14
309 1 1 -15 13 -16
310 1 1 -10 -9 12
311 0 1 10 8 15
312 1 0 -8 14 -16
313 0 1 15 8 -9
314 0 1 15 -8 -9
315 0 1 15 -9 -3
316 0 0 13 -2 -3
317 0 1 15 7 -8
318 0 1 7 -15 15
319 0 0 15 13 15
320 0 0 13 10 15
321 0 0 4 -16 15
322 0 1 5 -10 15
323 1 1 -16 10 -12
324 0 1 6 5 5
325 0 0 2 11 -9
326 1 0 -7 -14 2
327 0 1 13 5 4
328 1 0 -7 15 13
329 1 0 -14 -16 1
330 1 1 -14 6 -16
331 0 0 3 8 0
332 0 1 15 13 12
333 1 1 -9 -8 -9
334 1 0 -12 -12 -11
335 0 1 15 -13 -8
336 1 0 -10 15 -9
337 0 1 5 11 14
338 0 0 5 15 15
339 0 0 10 3 11
340 0 1 15 15 -14
341 0 0 10 4 15
342 0 1 15 7 8
343 1 0 -16 -7 8
344 0 1 11 4 15
345 0 1 1 -5 2
346 1 0 -4 -4 3
347 1 0 -14 -12 -11
348 0 1 1 15 10
349 0 1 6 15 8
350 1 0 -10 15 -16
351 1 1 -16 10 -13
352 0 1 15 7 -5
353 1 1 -13 6 -3
354 1 1 -16 14 -16
355 1 1 1 -16 6
356 0 1 15 -12 3
357 0 1 10 4 -16
358 1 1 -6 4 -4
359 0 1 11 6 -16
360 0 1 6 -4 -16
361 0 1 -2 5 -8
362 0 1 15 -13 -1
363 0 1 7 4 -15
364 1 1 -16 11 -6
365 0 1 14 6 -6
366 0 1 11 -3 -8
367 1 0 -4 15 12
368 0 1 5 -16 -1
369 0 0 15 -16 0
370 1 1 -16 15 -10
371 0 1 10 15 15
372 0 1 10 10 13
373 1 1 -13 -6 11
374 0 1 9 15 5
375 1 0 -14 10 -6
376 0 1 -1 15 -5
377 1 1 -3 2 13
378 0 1 15 -7 13
379 1 0 -16 -16 -6
380 1 0 -9 -7 -1
381 0 0 2 5 15
382 1 0 -7 -9 -16
383 1 1 -11 10 0
384 1 1 1 -9 5
385 1 0 -9 -10 -16
386 0 1 15 -14 6
387 1 0 -16 12 14
388 0 1 4 4 -6
389 1 0 -13 -4 -1
390 0 0 14 15 2
391 0 0 15 -14 -11
392 1 1 -5 -9 -13
393 0 1 12 2 -15
394 1 1 -6 -14 0
395 0 1 9 -8 -12
396 0 1 4 14 -8
397 1 1 -6 7 -16
398 1 0 -16 -4 2
399 1 1 -12 8 -10
400 1 0 -14 -16 -3
401 0 0 15 12 14
402 1 0 -8 15 -13
403 0 1 10 13 -16
404 0 0 4 4 6
405 0 0 7 -11 15
406 1 1 -16 9 0
407 0 1 15 15 -3
408 1 0 -15 -7 15
409 0 1 14 1 7
410 1 0 -12 -1 -5
411 0 0 14 8 10
412 0 1 9 -9 -15
413 1 1 -11 13 15
414 0 0 15 -3 10
415 1 1 -10 14 -13
416 1 1 -3 7 -1
417 0 0 15 -14 -10
418 0 1 15 -11 15
419 0 0 1 7 4
420 0 0 15 -16 15
421 1 1 -4 10 -7
422 1 0 -3 10 10
423 1 1 -2 15 -5
424 1 0 -15 -5 -1
425 1 1 -13 10 15
426 1 1 -8 -16 2
427 1 0 -6 -15 13
428 1 0 -7 15 -1
429 0 1 8 -7 3
430 0 0 8 -16 -8
431 1 0 -2 2 -16
432 0 0 9 7 -12
433 0 1 14 9 -5
434 1 0 3 -14 -7
435 0 0 14 -2 -6
436 0 1 4 -7 -8
437 1 0 -6 0 -14
438 1 0 -6 -16 -12
439 0 0 13 9 6
440 0 0 15 2 -13
441 0 1 13 -6 -5
442 0 1 8 -7 -12
443 1 0 -7 8 11
444 1 0 -16 -16 13
445 1 1 -13 12 11
446 0 1 7 -11 -7
447 0 0 12 -16 4
448 1 0 -10 -6 -16
449 0 0 11 -10 0
450 1 1 1 15 5
451 0 1 1 13 -3
452 0 1 15 15 -8
453 1 1 -16 -12 3
454 0 1 15 15 15
455 1 1 -9 4 15
456 0 0 15 7 9
457 0 0 13 -9 -5
458 1 1 1 3 -5
459 1 1 -15 15 3
460 0 1 13 -11 13
461 0 1 2 10 -1
462 0 1 15 13 12
463 0 0 15 -10 2
464 1 1 -11 6 -12
465 0 1 8 -16 -13
466 1 0 2 1 -7
467 1 1 -5 5 15
468 1 0 -3 7 0
469 1 1 -11 3 -16
470 0 1 4 5 -4
471 0 0 15 -2 -3
472 0 1 15 -6 -6
473 0 0 15 2 1
474 1 0 -12 -15 10
475 0 0 8 -16 -7
476 1 0 -1 -6 5
477 0 1 15 -16 -11
478 1 1 -15 0 -14
479 1 1 -16 -7 5
480 0 1 3 15 12
481 1 0 3 8 -12
482 1 1 -10 -8 -15
483 0 1 10 -11 -6
484 0 1 15 -4 -16
485 1 0 -7 15 5
486 0 1 15 12 -3
487 0 0 5 -9 -2
488 0 1 10 -6 -5
489 1 0 -7 5 -13
490 0 1 9 9 13
491 0 0 -1 13 1
492 1 0 -9 -14 3
493 0 0 10 11 14
494 0 0 15 -16 8
495 1 0 -9 -3 4
496 0 1 15 15 -16
497 1 0 -9 2 15
498 0 1 2 -15 10
499 0 1 6 0 -11
500 1 0 -8 2 1
501 1 1 -8 -10 -13
502 0 0 15 -7 -16
503 0 0 11 15 -9
504 0 0 15 -15 15
505 1 1 -12 -11 -1
506 0 0 11 11 5
507 0 1 15 14 3
508 0 1 15 -10 6
509 1 0 -6 9 11
510 0 0 7 -14 -5
511 1 1 -5 10 -3
512 0 1 15 -9 7
513 0 1 10 -5 11
514 0 0 15 -2 11
515 1 1 -9 -2 7
516 0 0 2 -15 -7
517 0 1 15 -13 -10
518 1 1 0 -16 -8
519 0 0 7 -9 15
520 0 0 8 -9 5
521 1 0 3 -15 -8
522 1 1 -16 9 15
523 0 1 15 -8 7
524 1 1 -3 9 8
525 0 0 12 -14 7
526 0 0 8 -14 -1
527 0 1 -1 -13 6
528 0 0 3 15 -16
529 0 1 1 -7 11
530 0 1 2 1 10
531 1 1 -9 -11 2
532 0 0 15 -12 11
533 1 0 -5 -16 -7
534 0 0 15 -13 -13
535 1 0 -16 3 -9
536 1 1 -15 -2 -16
537 1 1 -8 -13 6
538 1 0 -7 14 -13
539 1 0 -16 7 -15
540 1 1 -2 7 13
541 0 1 12 14 -7
542 0 0 13 -9 9
543 1 1 0 12 15
544 1 1 -10 12 -13
545 0 1 15 -5 8
546 1 0 -7 -5 15
547 0 0 15 1 15
548 0 0 -1 15 15
549 0 1 8 5 -11
550 0 1 -2 -13 -6
551 1 0 -4 6 3
552 1 1 -16 -8 13
553 0 1 15 14 2
554 0 0 9 -1 10
555 0 0 15 15 -16
556 0 1 2 15 -13
557 0 0 5 -4 -4
558 1 1 -3 1 -8
559 0 0 11 -14 -16
560 0 0 7 -9 3
561 1 0 -5 14 -12
562 1 0 -11 -6 3
563 0 1 11 1 -12
564 0 1 15 -11 6
565 1 1 -15 -5 -8
566 0 0 15 15 5
567 1 0 -12 -7 -4
568 0 1 12 6 -1
569 0 1 15 10 -15
570 1 0 -10 14 12
571 0 0 11 7 3
572 0 0 4 -10 -16
573 0 1 7 -8 2
574 0 1 6 -7 1
575 0 0 -5 15 -14
576 0 0 6 -10 15
577 0 0 6 12 6
578 1 0 -7 -3 -5
579 1 1 -8 11 15
580 0 1 9 13 15
581 0 0 15 15 -16
582 1 0 -7 -15 15
583 1 0 -16 -13 10
584 1 1 -14 11 14
585 0 1 9 -15 15
586 1 0 -4 9 15
587 0 1 9 -5 15
588 1 0 -9 -1 -1
589 0 0 0 -11 14
590 0 0 11 -3 8
591 1 1 -3 12 13
592 1 1 -13 -13 6
593 0 1 7 10 -8
594 0 1 15 -5 10
595 0 1 13 12 -2
596 1 0 -4 -1 12
597 0 0 8 -10 -5
598 1 1 -7 -10 -8
599 1 0 -8 14 15
600 0 1 15 -16 -13
601 0 1 5 -8 15
602 1 1 -16 -2 -5
603 0 0 15 4 1
604 1 0 -3 -9 -6
605 1 1 1 -5 -8
606 1 1 -10 -4 -4
607 0 1 9 -11 -9
608 1 1 -8 1 -7
609 1 0 -16 7 8
610 0 0 11 -6 4
611 0 1 11 12 9
612 0 1 2 15 15
613 0 1 3 -5 -10
614 0 1 9 -16 13
615 0 0 4 -15 8
616 0 1 15 15 -5
617 1 1 -12 4 -16
618 1 0 -11 -16 -12
619 1 0 -12 10 -9
620 1 1 -7 -11 -12
621 1 0 -7 -8 -12
622 0 0 8 -16 -7
623 1 0 -2 6 15
624 0 1 14 0 15
625 1 0 -16 -16 9
626 1 0 -8 -11 -12
627 0 0 10 -3 -5
628 0 0 15 -8 -13
629 1 0 -16 -8 15
630 1 0 -3 15 -12
631 0 0 14 -10 15
632 1 1 0 11 -7
633 0 0 9 -5 -16
634 0 0 15 -2 12
635 1 1 -6 15 12
636 1 1 -6 -16 -4
637 0 0 6 10 -16
638 1 0 -13 6 15
639 0 0 11 -1 1
640 0 0 14 -16 12
641 0 0 13 -16 15
642 1 1 0 13 15
643 0 1 11 9 10
644 1 1 -3 -14 -7
645 1 1 -11 -13 9
646 1 1 -7 15 -2
647 1 1 -9 14 -9
648 1 1 -16 5 15
649 1 0 -16 -16 -11
650 1 1 -3 14 12
651 0 0 9 14 -11
652 0 0 -5 15 -7
653 1 1 -8 -12 15
654 1 0 -14 -16 11
655 1 0 -8 1 5
656 1 0 -14 2 4
657 0 1 15 -7 -14
658 0 1 8 15 -7
659 1 1 -13 -8 13
660 0 0 15 -11 -1
661 0 0 7 15 -8
662 0 0 9 -16 -5
663 1 0 -16 -13 15
664 1 0 -10 -11 -16
665 0 1 10 6 -11
666 1 0 -16 -8 13
667 0 0 15 -2 5
668 0 0 12 7 -14
669 0 0 5 -16 -16
670 1 1 -6 -12 11
671 0 1 13 15 -6
672 0 0 15 -2 11
673 0 1 -5 -16 7
674 1 0 -5 10 10
675 1 1 -8 11 10
676 0 0 15 -7 -11
677 1 0 3 7 6
678 1 0 -3 -10 5
679 1 0 -15 -11 -9
680 1 1 -5 -16 9
681 0 0 0 10 -16
682 1 1 -6 -8 14
683 1 1 -15 15 14
684 0 0 3 12 -2
685 0 1 13 6 -12
686 0 1 12 7 -1
687 0 1 3 6 -8
688 0 0 15 14 0
689 0 0 15 13 4
690 1 1 -16 -16 15
691 1 0 -16 -11 -10
692 1 0 -1 15 13
693 0 0 -6 -10 15
694 0 1 -1 -10 4
695 1 1 -14 7 15
696 0 1 14 15 -10
697 0 1 6 15 15
698 1 0 -12 -9 15
699 0 0 9 15 5
700 1 1 -11 5 -7
701 0 1 3 15 -10
702 1 1 -9 8 15
703 1 0 -16 12 -5
704 0 1 10 8 8
705 1 0 -16 2 -14
706 0 1 9 -16 7
707 1 0 -9 -4 -12
708 1 0 -12 -16 -8
709 0 0 3 12 2
710 0 1 6 12 -10
711 1 1 -15 15 15
712 1 0 -4 6 -16
713 1 1 -7 -8 15
714 0 1 15 -5 8
715 0 1 5 8 4
716 1 1 -6 12 -10
717 1 1 -5 -7 10
718 1 0 -16 12 4
719 0 1 15 15 -12
720 0 1 11 15 -16
721 0 0 6 15 -14
722 1 0 -11 9 -3
723 1 1 -16 -11 -13
724 1 0 -9 15 -7
725 1 0 -12 3 -7
726 0 1 -8 -3 -7
727 0 1 11 10 11
728 0 1 15 12 7
729 1 1 -10 11 13
730 1 0 -6 14 5
731 0 1 12 5 7
732 0 0 5 -16 -8
733 0 1 -1 -2 -7
734 1 0 -12 15 9
735 0 1 5 14 -13
736 1 1 -9 -14 12
737 0 0 7 10 10
738 0 1 3 -4 -10
739 1 0 -16 -4 8
740 1 1 -16 -15 12
741 0 1 11 6 -4
742 1 1 -1 -16 -8
743 0 0 14 -16 15
744 0 0 15 15 11
745 1 1 -11 13 -8
746 0 1 -2 5 -10
747 1 1 -13 14 5
748 0 1 15 -12 11
749 0 1 14 10 12
750 1 0 -15 -16 12
751 1 0 -4 7 -11
752 1 0 -13 -13 -14
753 0 0 -1 15 -16
754 0 0 15 -16 15
755 1 1 -16 -16 12
756 0 0 1 13 -4
757 0 0 15 15 -10
758 1 1 -2 12 4
759 1 0 -9 9 -6
760 0 1 3 13 8
761 1 1 -8 5 13
762 0 0 11 -16 -11
763 1 1 4 -15 -14
764 0 0 15 15 8
765 1 0 -7 -1 13
766 1 1 -15 15 6
767 0 1 7 0 8
768 1 1 -6 -9 -16
769 0 1 11 15 12
770 1 1 -10 -4 -14
771 1 1 -15 -5 4
772 0 0 15 -11 -14
773 0 0 15 2 3
774 0 0 6 -2 14
775 0 1 1 6 12
776 1 0 -4 -2 11
777 0 0 9 -6 -16
778 1 1 -13 -8 11
779 0 1 11 -5 10
780 0 0 15 -13 -7
781 1 1 -7 -12 -9
782 0 0 12 -15 4
783 1 1 -7 15 -10
784 0 0 0 15 -9
785 0 0 15 14 15
786 1 1 -12 -8 15
787 0 1 15 9 -2
788 1 1 -14 2 0
789 1 1 -5 -15 -2
790 0 1 15 -16 -10
791 1 1 -14 -16 15
792 1 1 -13 11 7
793 1 1 -10 14 13
794 1 0 5 15 15
795 1 1 -16 -14 3
796 1 1 -11 9 13
797 1 1 -14 -1 -13
798 1 0 -15 -13 -10
799 0 0 14 -16 13
800 0 1 12 -10 7
801 1 0 -4 -16 8
802 1 1 -4 15 9
803 1 1 -11 14 12
804 0 0 12 -15 9
805 1 1 -11 -7 0
806 0 1 2 15 11
807 1 1 -16 0 -9
808 1 1 -2 15 7
809 1 0 -16 -5 9
810 1 1 -12 -7 -6
811 0 0 15 -10 14
812 0 1 12 -13 10
813 0 1 7 9 -1
814 0 0 2 -12 -13
815 1 0 -11 1 8
816 1 0 -16 -2 -8
817 1 0 -9 -15 5
818 0 0 8 15 15
819 0 0 10 6 -13
820 0 1 15 -16 15
821 1 1 -4 13 13
822 0 0 9 -2 -16
823 0 1 7 -9 -16
824 1 1 -9 10 -16
825 0 0 15 1 -1
826 1 0 -4 -1 13
827 0 0 10 10 -12
828 1 1 -9 15 9
829 0 0 4 5 -11
830 1 1 -16 7 6
831 0 0 15 -14 -6
832 1 0 -16 -1 -9
833 0 0 2 15 0
834 0 0 -1 15 3
835 1 1 -6 15 11
836 1 1 -11 4 -2
837 1 0 -8 -9 -14
838 0 0 3 -12 15
839 1 0 -6 -16 -2
840 0 0 15 0 14
841 1 1 -2 4 -16
842 0 0 15 13 -13
843 1 1 -14 -16 -5
844 1 1 -13 -16 4
845 0 0 5 -3 -4
846 1 0 -8 11 -14
847 1 0 -5 -15 -13
848 1 0 -8 -16 15
849 0 1 15 -16 15
850 1 1 -6 9 -5
851 1 0 10 -16 -10
852 1 0 -9 1 2
853 1 1 -6 3 8
854 0 1 15 -7 -16
855 1 1 -12 10 4
856 0 0 10 -15 14
857 1 0 -16 14 4
858 1 0 -8 10 11
859 1 0 -2 10 15
860 0 1 14 4 -10
861 1 0 -6 6 10
862 0 1 13 -16 14
863 1 1 -9 -8 -8
864 0 1 3 15 15
865 1 1 -16 -16 -10
866 1 0 0 14 15
867 0 0 9 -1 -12
868 1 1 -5 -14 -9
869 0 0 8 15 0
870 0 1 6 -4 -9
871 1 1 -4 -16 15
872 1 0 -3 -15 11
873 0 1 8 -3 -14
874 0 1 15 12 -11
875 0 1 15 -6 15
876 1 1 -16 15 9
877 0 0 15 -9 -9
878 0 0 2 -16 -3
879 0 1 4 -6 -7
880 0 0 3 1 -10
881 1 1 -15 8 -16
882 0 0 15 4 -16
883 1 0 -16 3 -12
884 1 0 -11 7 9
885 1 0 -16 -16 -14
886 1 1 -4 15 -11
887 0 1 12 3 -3
888 1 0 -11 -3 8
889 0 1 8 15 -13
890 1 0 -1 1 -16
891 1 1 -13 -8 -14
892 0 1 10 -5 15
893 0 0 8 7 -3
894 1 0 -12 15 -5
895 0 0 15 15 -16
896 0 0 7 -16 15
897 1 0 -8 11 -10
898 1 1 -7 15 -15
899 0 0 2 -3 2
900 1 1 -3 -14 -8
901 1 1 -5 -8 6
902 1 0 -8 -16 5
903 0 1 0 6 -14
904 1 1 -16 2 -5
905 0 1 5 -5 11
906 0 1 5 -1 10
907 1 1 -16 15 1
908 1 0 3 -4 13
909 1 0 -1 2 -10
910 1 0 -16 4 -4
911 1 0 -10 -7 -8
912 0 0 12 -16 5
913 0 0 5 -13 -13
914 0 0 12 15 6
915 0 0 15 -14 9
916 1 1 -16 -11 4
917 1 0 -9 -16 -12
918 1 1 2 -13 -14
919 1 1 -9 -13 -13
920 1 0 -16 -9 6
921 1 1 -16 -16 -4
922 1 1 -13 -16 15
923 0 1 15 12 -12
924 0 0 2 15 15
925 1 0 -16 2 -8
926 0 1 8 -12 -3
927 0 1 -3 15 -8
928 1 1 -13 -16 -6
929 0 1 15 -8 -8
930 1 1 -16 -16 -7
931 0 1 0 -15 -6
932 1 0 -10 8 2
933 1 0 -6 -14 1
934 1 0 -10 -7 -16
935 0 0 11 -3 -6
936 0 0 15 -10 -4
937 1 1 2 -12 -16
938 1 0 -8 2 -16
939 1 1 -16 12 15
940 1 1 -14 5 0
941 1 0 -4 0 4
942 0 1 12 -16 7
943 1 1 -16 -9 -16
944 1 0 -14 -2 -13
945 1 0 -11 15 10
946 1 0 -16 15 -11
947 0 1 15 11 3
948 0 0 10 -16 5
949 0 0 15 -11 4
950 1 1 -6 12 11
951 0 0 10 11 -16
952 0 0 11 9 6
953 1 0 5 2 10
954 1 0 -16 -16 -3
955 1 0 -6 3 0
956 1 1 -15 5 14
957 1 1 -13 15 -7
958 0 0 9 8 -6
959 1 1 -16 1 4
960 1 1 -5 0 -16
961 0 0 15 13 -16
962 0 1 3 -16 -8
963 0 1 8 -11 11
964 0 1 10 -11 4
965 1 1 -11 -14 14
966 1 1 -10 15 -16
967 1 0 -7 12 -10
968 1 0 -11 10 7
969 0 0 15 15 -8
970 0 0 3 -8 1
971 1 1 -16 12 -12
972 1 0 -11 15 -6
973 0 0 3 -3 11
974 1 0 -15 -6 -10
975 0 0 13 15 10
976 0 1 15 15 -11
977 1 1 -15 6 1
978 1 1 -16 13 4
979 1 1 -13 -11 -13
980 1 1 -1 8 4
981 1 0 -8 -16 -16
982 0 1 12 7 9
983 1 1 -16 14 5
984 0 1 15 5 12
985 0 1 15 -2 -10
986 0 1 11 -12 15
987 0 0 11 -1 15
988 1 0 -10 -16 1
989 1 0 -12 0 13
990 0 1 15 -16 -9
991 0 1 -4 -12 -5
992 0 0 -1 -12 -7
993 1 1 -16 -16 3
994 1 0 -14 15 -3
995 1 1 -5 15 -6
996 0 1 15 -5 -6
997 0 0 9 14 -10
998 1 0 -16 -15 -10
999 0 1 7 -16 -15
1000 0 0 -2 9 -11
1001 1 0 -15 13 -11
1002 0 0 14 13 2
1003 1 1 -4 12 4
1004 0 0 11 -16 5
1005 0 0 7 12 -4
1006 0 0 2 9 -16
1007 1 0 -4 11 5
1008 0 1 13 -11 -13
1009 1 0 1 -3 -2
1010 1 1 -10 -15 15
1011 1 0 -16 -11 4
1012 1 0 -4 -13 12
1013 0 0 15 1 12
1014 0 1 14 1 -5
1015 1 1 -5 14 -13
1016 1 1 -3 10 8
1017 1 1 -8 -5 6
1018 0 0 -1 -14 -16
1019 1 1 -12 -14 -11
1020 0 0 5 0 6
1021 0 0 15 -16 11
1022 0 0 3 11 -16
1023 1 0 -16 8 4
1024 0 0 15 10 -16
1025 0 1 3 -4 -16
1026 1 0 -15 13 -2
1027 1 1 -14 14 10
1028 1 0 -16 13 8
1029 0 0 7 15 3
1030 0 1 14 -3 -8
1031 0 0 4 -6 11
1032 0 0 14 -6 -7
1033 0 0 3 15 12
1034 1 0 -16 15 7
1035 0 0 4 7 -8
1036 1 0 -12 6 5
1037 0 0 9 8 1
1038 1 1 -1 -11 -12
1039 0 0 8 9 -12
1040 1 0 -6 -11 -16
1041 1 1 -8 5 -3
1042 1 1 -6 1 9
1043 1 0 -12 -10 -7
1044 1 0 -3 11 -7
1045 1 0 -9 3 -9
1046 0 1 5 8 -14
1047 0 1 15 15 14
1048 1 0 -16 -5 -14
1049 1 0 -16 13 -7
1050 1 1 -16 -6 5
1051 1 0 -15 -16 8
1052 1 1 -16 15 -13
1053 1 0 -7 11 15
1054 0 0 11 -9 2
1055 0 0 2 7 11
1056 1 0 -16 -11 13
1057 0 0 9 -11 -4
1058 1 0 -16 -16 -12
1059 0 0 12 -4 -16
1060 1 0 -10 8 1
1061 0 1 15 15 3
1062 0 0 15 11 10
1063 0 1 14 12 9
1064 1 0 -8 -11 -5
1065 0 1 8 10 -2
1066 0 0 13 -5 -2
1067 1 1 -13 -12 -4
1068 1 1 -5 -3 12
1069 1 0 -9 -2 8
1070 1 1 -16 -7 -7
1071 1 0 -7 1 15
1072 1 1 -16 -11 -7
1073 1 1 -12 -11 -16
1074 0 0 15 7 -14
1075 1 0 -13 -16 8
1076 1 1 -13 15 12
1077 0 0 15 15 -2
1078 0 0 6 12 -4
1079 0 1 7 6 11
1080 0 0 8 8 -1
1081 1 1 -14 -1 13
1082 1 0 -8 -7 -12
1083 1 0 -5 12 -15
1084 1 0 -8 11 -11
1085 0 0 7 -12 15
1086 1 1 1 -16 13
1087 0 1 1 13 -12
1088 0 0 9 15 -8
1089 1 0 -16 5 1
1090 0 0 2 -9 -6
1091 0 1 13 6 -4
1092 0 0 14 11 0
1093 0 1 13 -8 -2
1094 0 0 -1 -5 -4
1095 0 0 9 -12 3
1096 1 0 -3 -16 -12
1097 0 0 12 -16 14
1098 1 0 -12 15 6
1099 1 1 0 -14 13
1100 0 1 7 15 5
1101 0 1 0 -11 -5
1102 0 0 3 0 -9
1103 0 1 15 2 -4
1104 1 0 -9 15 -16
1105 0 1 13 -15 6
1106 1 1 -8 -7 -4
1107 0 0 15 7 15
1108 1 0 -16 -11 -13
1109 1 1 -10 7 -16
1110 0 0 15 12 15
1111 1 0 -2 -16 14
1112 0 1 10 10 15
1113 1 0 -15 13 -12
1114 1 0 2 -4 15
1115 1 0 -14 7 15
1116 1 0 -11 -6 -3
1117 0 1 15 5 3
1118 0 0 9 -14 -9
1119 1 0 -16 -3 -16
1120 0 0 -8 15 -13
1121 1 1 -16 3 4
1122 0 1 11 -11 -2
1123 1 0 -15 -16 -16
1124 0 1 14 -9 7
1125 0 1 -1 -9 8
1126 0 1 -9 12 2
1127 0 0 6 0 12
1128 0 0 8 4 -11
1129 0 1 11 14 2
1130 0 0 0 -11 -12
1131 1 1 -4 9 15
1132 0 1 10 -6 14
1133 1 0 -14 10 -9
1134 1 1 -7 15 7
1135 0 0 15 -11 14
1136 1 0 -8 -15 1
1137 1 1 -7 -11 15
1138 1 1 -13 -16 15
1139 1 1 -8 -12 -2
1140 0 0 12 3 -15
1141 1 1 -8 -16 5
1142 0 1 15 -5 15
1143 0 0 13 15 -5
1144 1 0 -9 9 -6
1145 1 0 -12 -10 -16
1146 1 1 2 2 -16
1147 1 1 -2 -11 8
1148 0 0 15 4 -1
1149 0 0 7 -16 -2
1150 1 1 -8 -8 8
1151 0 1 7 14 -11
1152 0 0 14 2 9
1153 0 1 15 -15 14
1154 1 1 -16 2 -11
1155 0 0 15 -16 -3
1156 1 1 -12 12 -11
1157 0 0 10 -6 -11
1158 1 0 -4 8 -10
1159 1 0 -8 6 -1
1160 1 0 -11 13 -15
1161 0 1 10 4 -16
1162 1 0 -3 8 5
1163 1 1 -5 9 -13
1164 1 1 -10 -12 15
1165 0 0 15 -16 15
1166 0 1 0 9 -8
1167 1 1 -7 1 -16
1168 0 0 15 15 -10
1169 0 0 1 -7 -6
1170 1 0 -13 6 9
1171 0 1 11 -11 12
1172 1 1 -16 8 -1
1173 1 1 -2 15 14
1174 1 1 -16 5 -10
1175 0 1 9 6 -10
1176 0 0 14 -5 3
1177 1 0 -11 15 -15
1178 0 1 15 -14 -10
1179 1 0 -3 1 -8
1180 1 1 0 6 6
1181 1 1 -13 3 -16
1182 0 0 6 -2 0
1183 0 0 10 -16 -1
1184 0 0 11 -9 14
1185 1 0 -10 8 15
1186 1 1 -10 -7 7
1187 1 0 -9 -8 -15
1188 1 1 -16 14 1
1189 0 1 0 -12 -16
1190 0 0 10 -16 7
1191 1 1 -5 10 -16
1192 1 0 -10 4 -11
1193 0 0 2 13 15
1194 0 0 9 -2 -13
1195 0 1 13 4 -11
1196 0 0 15 2 12
1197 0 0 7 -6 7
1198 1 1 -15 15 15
1199 0 0 15 -8 -6
1200 0 0 7 -4 15
1201 1 0 5 15 12
1202 1 1 -3 -3 15
1203 0 1 7 15 7
1204 1 0 -9 15 8
1205 0 0 12 15 -7
1206 0 1 15 -16 8
1207 0 0 5 -16 -12
1208 0 0 4 -10 -8
1209 0 0 8 10 -15
1210 1 0 -3 -4 11
1211 0 1 15 15 12
1212 0 0 9 -3 15
1213 1 1 -14 6 15
1214 0 1 15 -13 12
1215 1 1 -13 5 -14
1216 1 1 -8 15 7
1217 1 0 -9 11 15
1218 0 1 14 15 1
1219 0 0 11 -13 10
1220 0 0 13 -3 1
1221 0 0 14 -10 -2
1222 0 1 6 15 -6
1223 0 0 4 -6 -14
1224 1 0 -5 -12 15
1225 1 0 -2 -14 -12
1226 1 0 -5 -12 6
1227 0 0 7 11 15
1228 0 1 14 5 8
1229 1 1 -14 11 12
1230 0 0 9 -2 13
1231 1 1 -4 -8 3
1232 1 0 -12 -5 -8
1233 1 0 -16 -16 13
1234 0 0 15 15 9
1235 1 1 -2 -5 7
1236 1 1 -3 -7 12
1237 1 1 -15 -13 -10
1238 0 1 15 15 11
1239 1 1 -10 13 -1
1240 0 0 15 13 13
1241 1 0 -4 15 -16
1242 0 0 4 -14 12
1243 1 1 -16 -16 -13
1244 0 0 5 8 -10
1245 1 1 -11 -9 -1
1246 0 1 7 -11 6
1247 1 1 4 -16 15
1248 1 1 -4 15 14
1249 1 1 -16 5 -6
1250 1 1 -16 9 13
1251 1 1 1 -6 -11
1252 1 0 -15 15 13
1253 0 1 15 4 13
1254 1 0 -7 -16 7
1255 1 0 -16 -16 1
1256 0 0 1 -15 3
1257 1 0 -16 13 -16
1258 0 0 15 12 7
1259 1 0 -9 -16 -14
1260 1 1 -16 -9 1
1261 1 1 -15 2 -6
1262 1 1 -10 8 -4
1263 1 1 -12 9 -8
1264 0 1 14 11 6
1265 1 1 -12 13 -16
1266 1 1 -12 9 -5
1267 1 0 -7 -12 4
1268 1 0 -8 10 4
1269 1 0 -8 4 -16
1270 0 1 3 -10 7
1271 0 1 14 -6 2
1272 1 1 -12 -12 3
1273 0 1 -2 6 -7
1274 0 0 9 15 -6
1275 1 0 -8 11 13
1276 0 0 8 -5 -9
1277 1 0 -16 1 10
1278 1 0 -16 -11 8
1279 1 1 -13 -5 15
1280 1 1 -7 -12 15
1281 1 1 -15 -13 -16
1282 0 0 11 13 -14
1283 1 0 -5 -13 7
1284 1 0 2 11 -16
1285 0 0 6 15 7
1286 0 0 15 11 8
1287 0 1 15 8 6
1288 1 0 -6 -4 -8
1289 0 0 8 7 8
1290 1 0 -11 4 -4
1291 0 1 1 5 7
1292 1 0 6 0 -16
1293 1 0 -16 15 5
1294 0 0 3 15 15
1295 1 1 -14 7 14
1296 1 0 -3 4 -6
1297 0 0 9 15 15
1298 1 1 -16 0 -5
1299 0 0 11 -16 -10
1300 0 0 15 7 3
1301 0 0 10 10 -16
1302 1 0 -9 6 4
1303 1 0 -6 7 11
1304 1 1 -12 -15 5
1305 0 1 15 -16 3
1306 0 1 4 8 -14
1307 1 0 -16 5 -10
1308 1 0 -10 -13 12
1309 1 0 -15 12 -16
1310 1 0 -16 -16 13
1311 0 0 11 14 11
1312 0 0 14 -9 -10
1313 1 1 -15 -2 15
1314 0 1 5 3 15
1315 0 0 15 15 -16
1316 0 0 8 -10 15
1317 0 1 3 -9 -15
1318 1 0 1 5 1
1319 0 0 13 15 15
1320 0 1 1 6 15
1321 0 0 10 15 2
1322 0 0 15 10 -16
1323 0 0 6 14 -13
1324 0 0 1 -3 -15
1325 1 1 -11 -16 -14
1326 0 0 -1 0 -14
1327 1 0 -11 14 -4
1328 1 1 -8 -16 0
1329 0 0 7 -10 -14
1330 0 1 11 5 5
1331 1 1 -16 8 -4
1332 0 0 4 6 11
1333 1 1 -9 15 10
1334 0 1 5 -4 -7
1335 0 0 11 15 -9
1336 1 1 0 -5 -8
1337 1 0 -15 10 -16
1338 0 0 10 13 -11
1339 1 1 -16 -13 -8
1340 0 0 15 13 -10
1341 1 1 -4 5 15
1342 0 1 5 15 -5
1343 0 0 6 -14 -3
1344 0 1 15 -10 10
1345 1 1 -5 15 -6
1346 1 0 -9 -11 -16
1347 1 1 -11 -14 -14
1348 1 1 -9 14 8
1349 1 1 -9 6 14
1350 0 1 11 -16 8
1351 0 1 15 11 -8
1352 0 0 8 10 -11
1353 0 0 15 -7 3
1354 1 1 -11 13 14
1355 0 0 15 -10 9
1356 0 0 15 -15 -16
1357 0 1 6 -3 14
1358 1 1 -12 -10 9
1359 1 0 -2 0 -10
1360 0 0 15 -15 14
1361 1 1 -1 10 -11
1362 0 1 11 -15 8
1363 0 0 15 -13 1
1364 1 0 -8 7 15
1365 0 0 15 10 9
1366 1 1 -15 -3 -16
1367 0 0 3 4 6
1368 1 1 -3 10 7
1369 1 0 -5 -8 15
1370 0 1 7 -3 7
1371 0 0 11 10 -8
1372 0 1 15 -15 -8
1373 1 0 -14 4 5
1374 1 1 2 -3 -12
1375 1 1 -8 -16 9
1376 1 0 -14 -12 15
1377 1 0 -16 -1 11
1378 0 0 15 6 9
1379 1 0 -9 -8 15
1380 0 0 15 -16 15
1381 1 0 -6 -8 11
1382 1 0 -5 15 7
1383 0 1 10 -5 -11
1384 1 1 -16 -1 -9
1385 0 1 10 -6 14
1386 1 1 -4 8 6
1387 0 1 15 -14 15
1388 0 0 11 -15 -2
1389 0 0 3 -7 -14
1390 1 1 -8 -7 15
1391 1 1 -16 15 10
1392 0 0 5 -16 -3
1393 0 0 6 -16 13
1394 0 0 10 -5 14
1395 0 0 4 14 -8
1396 1 0 -9 15 -5
1397 1 1 -16 -16 5
1398 0 0 6 -11 0
1399 0 1 12 13 -6
1400 0 0 13 -7 8
1401 1 0 -14 -16 -6
1402 0 1 15 4 -1
1403 0 0 0 13 15
1404 1 1 -16 13 -10
1405 1 0 -14 15 -8
1406 0 1 4 13 -12
1407 0 1 9 -16 5
1408 1 1 7 15 11
1409 1 1 -7 15 -1
1410 0 1 6 -7 -16
1411 1 1 -9 -3 15
1412 1 0 -5 -2 12
1413 1 1 -12 -16 -9
1414 0 0 -2 -2 7
1415 0 1 -1 15 8
1416 1 1 -11 12 -6
1417 1 1 -11 4 10
1418 0 1 7 14 -11
1419 1 0 -9 5 3
1420 1 0 -10 5 -12
1421 0 0 3 9 11
1422 1 0 -7 15 9
1423 0 0 15 -6 -9
1424 1 1 0 -7 7
1425 1 0 -6 -10 -16
1426 1 0 -7 -8 -15
1427 1 0 -15 -13 -7
1428 0 1 14 11 -13
1429 1 0 -12 -13 -14
1430 1 1 -16 9 11
1431 1 1 -16 -12 -5
1432 0 0 5 11 15
1433 0 0 7 -13 -8
1434 1 0 -12 -2 5
1435 0 0 14 -1 13
1436 1 1 2 -6 9
1437 1 1 -8 10 13
1438 1 1 -15 -15 3
1439 1 0 -10 -16 -16
1440 1 1 -16 13 -14
1441 1 0 -10 7 11
1442 1 0 -11 15 -5
1443 0 1 15 11 -16
1444 0 0 10 -6 -3
1445 1 0 7 6 -5
1446 1 1 -5 9 -8
1447 0 1 11 -16 9
1448 1 0 -10 -4 -4
1449 0 0 10 15 -16
1450 1 0 -7 -16 -7
1451 1 0 -9 15 9
1452 1 0 -14 -15 -15
1453 0 1 6 4 0
1454 1 1 -12 15 -10
1455 1 0 -5 -4 9
1456 1 1 -11 4 -7
1457 0 0 -6 11 -16
1458 1 1 -16 -16 -5
1459 0 0 2 9 -16
1460 0 0 5 -11 2
1461 1 1 -4 -6 -14
1462 1 1 -10 -11 2
1463 0 0 15 8 -15
1464 1 0 -12 -12 -14
1465 1 1 -3 8 4
1466 1 1 -5 -8 -16
1467 1 0 -15 -16 8
1468 0 1 -1 -9 11
1469 0 0 15 -4 15
1470 0 0 11 3 -6
1471 0 0 10 -1 -10
1472 1 0 -16 -16 -16
1473 1 0 0 -13 10
1474 1 0 1 -3 -13
1475 1 0 0 -10 10
1476 0 0 14 4 14
1477 1 0 -3 -16 -16
1478 0 0 13 2 -5
1479 0 0 1 9 -16
1480 0 0 9 -5 11
1481 0 1 6 9 12
1482 0 1 15 13 -9
1483 0 1 4 0 13
1484 1 0 -8 13 11
1485 0 1 15 -14 -5
1486 1 1 -16 1 -13
1487 1 1 -4 11 10
1488 1 1 -16 8 15
1489 0 0 3 5 -2
1490 1 0 -10 13 10
1491 1 0 -15 2 15
1492 1 1 0 -16 -9
1493 1 0 -16 9 -15
1494 1 0 -7 -8 6
1495 0 1 5 5 -16
1496 0 1 -1 -14 0
1497 1 0 -15 -8 4
1498 0 0 15 2 15
1499 0 1 14 14 -12
1500 0 1 7 -16 -7
1501 1 0 -11 11 -11
1502 1 0 -9 12 -12
1503 1 0 -15 15 4
1504 1 0 -9 -16 -16
1505 0 1 10 -13 -16
1506 1 0 -7 -16 15
1507 0 1 6 -14 -13
1508 0 0 14 -15 -12
1509 0 1 5 2 -11
1510 0 1 15 -16 15
1511 1 0 -3 -12 -5
1512 0 1 0 5 8
1513 0 0 9 5 -4
1514 0 0 5 -3 -13
1515 1 0 -15 13 -11
1516 0 1 11 -5 -2
1517 1 0 -6 2 -16
1518 1 0 -8 13 -2
1519 0 1 12 -1 -15
1520 1 1 -13 -9 12
1521 1 0 -10 0 -3
1522 0 1 15 7 15
1523 1 1 -16 -16 15
1524 1 1 -6 3 8
1525 0 1 4 -8 -1
1526 1 0 -16 -15 -16
1527 1 0 -16 -11 4
1528 0 0 11 -1 -2
1529 1 0 -11 5 5
1530 1 1 -16 -8 -5
1531 1 0 -10 -7 -8
1532 1 1 -16 2 -16
1533 1 0 -11 13 -7
1534 0 0 15 -16 -15
1535 0 1 15 11 -13
1536 1 1 -14 -4 15
1537 1 1 -12 1 3
1538 0 1 8 14 9
1539 0 0 8 8 5
1540 0 0 8 6 -16
1541 0 1 8 14 7
1542 0 1 7 15 15
1543 1 0 -10 -10 -16
1544 1 1 -6 -11 -16
1545 1 0 -9 6 15
1546 1 0 -3 -1 15
1547 0 0 9 -1 -13
1548 0 1 -1 6 12
1549 0 1 12 6 15
1550 1 1 -13 9 -12
1551 0 1 11 -12 -13
1552 1 1 -15 -8 11
1553 1 1 -11 -12 -15
1554 0 0 14 -1 14
1555 0 1 15 8 4
1556 1 0 -15 11 2
1557 0 1 3 -13 14
1558 1 1 -9 -8 4
1559 0 1 -11 5 -11
1560 1 0 -16 -12 -16
1561 0 1 9 0 -9
1562 0 0 15 15 -16
1563 0 0 6 -16 -16
1564 0 0 8 5 15
1565 0 1 3 10 11
1566 1 1 -9 14 -11
1567 1 1 -16 15 15
1568 0 1 1 7 -11
1569 0 1 9 -9 -5
1570 0 1 6 -10 2
1571 0 1 8 -5 15
1572 0 1 1 11 6
1573 1 1 -14 5 -9
1574 1 1 -2 -13 2
1575 0 0 -3 -5 10
1576 1 1 -4 -8 -1
1577 1 0 -11 8 -8
1578 0 1 15 -10 -1
1579 1 1 -6 12 -16
1580 0 1 -3 -16 11
1581 1 0 -12 10 -1
1582 1 1 1 15 -9
1583 1 1 -13 12 -6
1584 0 1 15 15 7
1585 1 1 0 10 15
1586 1 1 -5 5 15
1587 1 1 -16 -16 -3
1588 1 1 -10 15 15
1589 1 1 -16 -14 -7
1590 1 1 7 -11 0
1591 0 1 4 -15 15
1592 0 0 -2 -16 -4
1593 1 0 -5 -7 -6
1594 1 1 -4 1 13
1595 1 1 -11 12 -16
1596 0 0 3 -10 4
1597 0 0 15 8 -13
1598 1 1 -11 -16 -9
1599 1 1 -16 5 10
1600 0 0 13 14 7
1601 1 0 -12 -16 15
1602 0 0 -2 8 -7
1603 0 0 15 -3 2
1604 1 1 -7 -15 15
1605 0 1 15 14 3
1606 1 0 -16 -16 0
1607 0 1 11 -16 9
1608 1 1 -14 -3 -6
1609 1 1 0 15 6
1610 1 0 -11 14 15
1611 1 1 -5 13 -14
1612 0 0 9 10 5
1613 1 1 -10 13 15
1614 0 1 4 -16 -14
1615 0 1 5 5 15
1616 0 1 9 1 -14
1617 1 0 -11 15 12
1618 1 1 -8 7 12
1619 0 0 15 12 11
1620 1 1 -4 15 10
1621 0 1 -5 -7 -2
1622 0 0 12 10 -2
1623 0 1 -1 6 15
1624 1 0 -10 13 -11
1625 0 0 3 -16 6
1626 1 1 -16 -15 -13
1627 1 0 -16 -13 -6
1628 1 1 -13 -5 -5
1629 0 0 13 1 -16
1630 0 0 13 6 -14
1631 1 0 -12 15 8
1632 0 0 12 -8 -1
1633 1 1 -7 -3 -16
1634 0 0 14 9 10
1635 0 0 4 11 13
1636 0 0 15 -5 -6
1637 1 1 -9 13 9
1638 0 0 14 -3 -15
1639 1 0 -16 15 -4
1640 0 0 15 -15 -16
1641 1 1 -8 -1 -12
1642 0 0 14 1 -1
1643 0 0 7 -16 -11
1644 0 1 12 -6 -14
1645 1 0 -9 2 -8
1646 0 0 6 -5 -5
1647 0 1 8 -6 -16
1648 0 1 7 -3 4
1649 1 0 -9 5 -11
1650 0 1 6 -2 14
1651 1 0 -3 10 -5
1652 0 0 8 -7 -8
1653 0 1 3 15 11
1654 0 0 -2 6 12
1655 1 0 -16 2 3
1656 0 1 12 -9 -11
1657 1 0 -5 -6 15
1658 1 0 -16 5 -13
1659 1 1 -6 -5 -7
1660 0 0 15 10 1
1661 1 0 -16 -16 12
1662 0 1 15 -7 11
1663 1 0 -12 -16 1
1664 1 1 -16 6 -6
1665 1 0 -11 12 10
1666 1 1 -3 13 -11
1667 1 0 -16 -5 -16
1668 1 1 -5 15 -16
1669 1 0 0 -13 -15
1670 0 0 10 15 -4
1671 1 0 -3 13 15
1672 0 1 15 5 7
1673 0 1 10 -11 -5
1674 0 0 13 9 -16
1675 1 1 -9 -2 -16
1676 1 1 -16 -15 15
1677 1 1 -3 -16 10
1678 0 1 15 -8 8
1679 1 1 1 2 -1
1680 0 0 0 15 -16
1681 1 1 -16 -16 -16
1682 0 0 10 9 -4
1683 0 0 15 -10 -7
1684 1 1 -9 -7 -3
1685 1 0 -10 -16 -10
1686 1 1 -13 -13 4
1687 0 1 15 10 0
1688 1 0 -9 -14 15
1689 1 1 -9 5 11
1690 0 0 12 5 12
1691 1 1 -10 -11 5
1692 0 0 6 3 -4
1693 1 1 -13 15 -16
1694 0 1 -1 15 -7
1695 1 0 -16 12 15
1696 1 0 -8 13 12
1697 1 0 -5 -10 -9
1698 0 1 15 -11 13
1699 0 0 6 7 -7
1700 1 0 -9 15 6
1701 0 0 9 5 -9
1702 1 1 -11 12 -5
1703 1 0 -3 3 -9
1704 0 0 12 8 -3
1705 1 1 -8 15 -13
1706 1 1 -4 13 15
1707 1 0 1 -16 -13
1708 0 1 0 -7 2
1709 0 1 12 12 8
1710 1 1 -2 3 15
1711 0 1 11 15 -9
1712 0 1 15 -8 15
1713 0 0 -1 -3 11
1714 1 0 -11 15 9
1715 1 0 -16 -16 15
1716 0 1 10 15 -16
1717 1 1 -13 7 -12
1718 0 1 15 12 13
1719 0 0 11 -14 2
1720 0 1 15 -15 12
1721 0 1 9 -10 11
1722 1 1 -12 -16 9
1723 1 1 -10 15 -6
1724 1 1 -13 3 5
1725 0 0 15 -8 7
1726 1 0 -11 -2 10
1727 0 1 10 15 -7
1728 0 1 14 15 -9
1729 1 0 -13 15 -7
1730 0 0 14 -11 -16
1731 0 0 4 15 10
1732 0 1 6 15 15
1733 1 0 -16 14 15
1734 1 1 -16 11 15
1735 1 1 -11 -14 8
1736 1 1 1 2 -4
1737 0 1 -3 9 9
1738 0 0 1 5 15
1739 1 1 -15 -16 -9
1740 0 0 13 5 12
1741 1 1 -4 15 9
1742 1 1 -14 -6 -3
1743 1 0 -2 11 1
1744 0 0 12 -4 1
1745 1 1 -13 -4 1
1746 0 1 14 15 -4
1747 1 0 -8 15 -16
1748 1 0 -8 -6 7
1749 0 0 7 -9 -16
1750 0 1 12 7 -16
1751 0 0 4 2 15
1752 0 1 15 8 -2
1753 1 1 -16 -7 12
1754 0 1 11 -13 -13
1755 1 0 -10 1 7
1756 1 0 -8 12 -15
1757 0 1 14 -16 -9
1758 1 1 -16 15 -16
1759 0 1 15 -16 -8
1760 0 1 -1 -6 -9
1761 0 1 4 -8 -9
1762 0 0 8 -3 8
1763 1 0 -16 9 8
1764 0 0 -4 14 -13
1765 0 0 15 -3 -16
1766 1 0 -12 5 -16
1767 0 1 -8 -16 -12
1768 1 1 0 -5 2
1769 0 0 13 -3 -11
1770 1 1 -7 7 13
1771 1 0 -9 14 -16
1772 1 1 -12 3 14
1773 0 0 12 3 -6
1774 1 0 -10 8 -16
1775 0 1 8 -11 15
1776 0 0 7 15 15
1777 1 1 -10 -16 -16
1778 1 0 -9 8 15
1779 1 1 -7 -12 8
1780 1 0 -9 -6 15
1781 0 1 8 -12 12
1782 0 0 15 -7 -16
1783 1 0 -16 -16 7
1784 1 0 2 12 10
1785 0 1 4 0 10
1786 1 0 -12 3 -4
1787 0 0 6 -15 9
1788 1 1 -6 4 -9
1789 1 0 -8 12 -16
1790 0 0 -2 -4 15
1791 1 0 -7 -2 -10
1792 1 0 -8 -16 2
1793 1 0 1 -9 7
1794 1 0 -13 -16 -11
1795 1 1 -3 -16 7
1796 0 0 12 6 -16
1797 0 1 5 12 10
1798 1 0 -13 15 -12
1799 0 1 12 -15 1
1800 0 0 15 8 -4
1801 0 0 9 12 -9
1802 0 1 15 -12 12
1803 1 0 -14 1 15
1804 1 1 -12 6 -12
1805 1 0 -16 15 15
1806 0 1 14 4 8
1807 1 1 -6 12 -7
1808 1 0 -11 11 -2
1809 1 1 -16 -13 -7
1810 1 1 -8 13 4
1811 1 0 -1 -16 -16
1812 0 0 15 5 -6
1813 0 1 4 -13 -2
1814 0 1 7 15 -16
1815 1 0 -13 -10 7
1816 1 0 -9 2 -16
1817 0 0 15 2 15
1818 0 1 10 13 -13
1819 0 0 15 8 -16
1820 0 0 15 11 2
1821 1 1 -7 -4 1
1822 1 0 -3 -13 9
1823 0 0 12 -7 -15
1824 0 1 6 -8 6
1825 1 0 -8 -3 -15
1826 0 1 15 -15 15
1827 0 1 13 -12 4
1828 0 0 -1 11 -14
1829 1 1 -7 15 -10
1830 1 0 -3 -16 14
1831 1 1 -16 11 -1
1832 1 0 -10 -3 -8
1833 0 0 11 15 15
1834 0 0 5 -13 -11
1835 0 1 10 5 -14
1836 0 0 10 2 11
1837 0 1 12 1 -4
1838 1 1 -3 15 15
1839 1 1 -5 7 -13
1840 1 1 -2 7 -15
1841 1 1 -1 -12 13
1842 0 0 6 -7 -4
1843 1 0 -9 -10 -9
1844 1 1 2 15 12
1845 1 1 -7 15 -3
1846 1 1 7 15 -4
1847 1 1 -9 -16 10
1848 1 0 -10 13 -8
1849 1 1 -14 -14 2
1850 1 1 -7 -16 15
1851 0 1 15 -6 12
1852 0 1 15 -16 -16
1853 1 0 -16 -8 -4
1854 0 0 15 -9 15
1855 0 1 4 -6 15
1856 1 1 -10 -10 -8
1857 1 0 -7 7 -16
1858 1 1 -11 14 -10
1859 0 1 15 -7 9
1860 0 0 -1 9 -11
1861 0 0 15 15 -16
1862 1 0 0 15 -13
1863 0 1 8 -16 -10
1864 0 1 15 15 15
1865 1 1 -3 -10 4
1866 1 1 -4 15 3
1867 1 1 4 -8 -10
1868 0 1 7 12 15
1869 1 0 -12 13 15
1870 1 1 -16 -15 -6
1871 0 1 0 -7 -6
1872 0 1 13 15 10
1873 1 1 -4 4 12
1874 0 1 15 15 8
1875 0 0 9 -9 1
1876 1 1 -2 15 -3
1877 1 1 -2 9 6
1878 0 0 15 -16 12
1879 0 1 8 5 7
1880 1 1 -13 -16 14
1881 1 0 -8 2 13
1882 0 1 4 15 15
1883 1 1 -12 -14 15
1884 1 0 -8 -1 12
1885 0 1 13 -11 10
1886 1 0 -7 1 -9
1887 1 0 -16 -6 3
1888 1 1 -16 -9 0
1889 0 0 8 -16 -3
1890 0 0 5 -2 1
1891 1 1 -14 0 6
1892 0 0 12 -10 15
1893 0 1 13 -1 10
1894 1 0 -12 -13 -15
1895 0 0 8 -8 13
1896 0 1 -2 -10 -8
1897 1 1 -16 -13 9
1898 1 1 -9 15 -16
1899 0 1 0 -15 -11
1900 0 0 13 -3 -16
1901 0 1 8 -8 6
1902 0 0 15 1 15
1903 1 1 -16 15 -13
1904 1 0 -14 -16 15
1905 0 0 7 0 -13
1906 0 0 -3 10 15
1907 0 0 10 -7 15
1908 1 1 -12 -6 7
1909 0 1 12 13 12
1910 1 0 -8 -13 8
1911 1 0 -13 11 -14
1912 0 1 12 10 4
1913 0 1 15 1 15
1914 1 1 -16 -9 15
1915 1 1 -15 -16 -11
1916 1 1 -16 11 12
1917 0 0 11 -13 13
1918 1 1 -15 11 -10
1919 0 1 9 -11 -6
1920 1 1 -2 10 15
1921 1 1 -11 11 7
1922 0 1 11 -15 11
1923 1 1 -4 -10 -14
1924 0 1 4 10 15
1925 0 1 10 10 -4
1926 0 1 10 -14 6
1927 0 1 7 -6 3
1928 0 0 7 -13 -15
1929 1 1 -14 -8 7
1930 1 1 -11 15 14
1931 0 0 15 -9 3
1932 0 0 12 -13 12
1933 0 0 2 -11 14
1934 0 0 8 11 -14
1935 1 1 -11 3 11
1936 0 1 9 5 15
1937 0 1 2 -16 15
1938 0 0 11 -8 9
1939 0 1 6 -13 5
1940 1 1 -15 -6 7
1941 1 0 -10 2 13
1942 0 1 -6 -16 6
1943 0 1 -2 -2 15
1944 0 0 15 -14 10
1945 0 0 15 6 -12
1946 0 1 5 -4 10
1947 1 1 -16 -10 12
1948 1 1 -9 -14 12
1949 0 0 7 10 6
1950 0 1 -4 12 10
1951 0 0 15 -16 -8
1952 0 0 3 -16 11
1953 1 0 -9 0 10
1954 1 0 -16 -9 -5
1955 0 0 15 13 -13
1956 1 0 -15 7 4
1957 0 0 15 8 15
1958 0 1 15 -12 8
1959 0 0 14 -3 8
1960 0 1 6 -9 12
1961 0 0 -5 3 -4
1962 1 0 -11 9 15
1963 1 1 -12 -14 -8
1964 1 1 -9 9 5
1965 0 1 15 15 -9
1966 1 0 -11 -7 8
1967 1 1 -9 -8 11
1968 0 0 12 -6 5
1969 0 0 11 -16 -16
1970 1 0 -10 -13 -15
1971 0 0 -7 -9 -6
1972 0 0 15 -4 8
1973 0 0 4 15 -6
1974 0 0 14 -11 14
1975 1 1 -11 -6 -11
1976 0 0 13 14 -8
1977 1 1 -12 -5 -16
1978 0 0 5 -10 -16
1979 1 1 -14 -7 15
1980 1 0 -7 5 15
1981 0 0 14 -10 6
1982 1 0 -9 2 3
1983 0 1 15 -9 -10
1984 1 1 -2 15 -16
1985 1 0 -11 15 5
1986 1 1 -16 15 13
1987 1 0 -16 -11 4
1988 0 0 11 -5 15
1989 1 0 -9 -16 15
1990 0 0 15 -16 15
1991 0 0 15 -3 9
1992 0 1 7 14 -8
1993 1 1 -7 5 -13
1994 1 0 -8 -16 -4
1995 0 1 1 -10 4
1996 0 1 15 -3 -16
1997 0 0 15 -12 5
1998 0 0 4 11 -1
1999 0 0 12 8 12
2000 0 0 14 -8 10
2001 1 0 -9 7 11
2002 0 0 9 -12 -2
2003 1 0 -11 1 -7
2004 1 0 -13 9 11
2005 1 0 -11 15 -2
2006 1 0 -8 -3 6
2007 0 1 11 -11 -9
2008 1 1 -9 -10 12
2009 0 0 5 -16 15
2010 0 0 2 -15 13
2011 0 1 6 11 -16
2012 1 0 -12 4 15
2013 0 0 11 15 -6
2014 0 1 15 -16 -16
2015 0 0 2 1 15
2016 1 1 -16 15 -6
2017 1 0 -4 -9 -8
2018 0 0 4 10 13
2019 0 0 8 -7 -10
2020 1 0 -16 -15 15
2021 0 0 14 -5 2
2022 1 0 -6 -9 -2
2023 0 0 9 -16 0
2024 0 1 15 10 9
2025 1 1 -11 15 -16
2026 0 0 7 15 10
2027 1 1 -9 15 6
2028 0 1 15 -1 -1
2029 0 0 15 8 -13
2030 1 0 -8 -9 1
2031 1 1 -3 15 -3
2032 1 0 -7 -11 4
2033 1 1 -6 -15 6
2034 1 0 -16 11 -12
2035 1 0 -10 3 12
2036 1 1 -2 7 -9
2037 1 1 -8 6 15
2038 0 0 11 -7 14
2039 0 1 12 15 -16
2040 1 1 -8 7 -8
2041 0 1 15 11 9
2042 0 1 3 -2 11
2043 0 1 0 -12 8
2044 1 0 -7 0 0
2045 1 0 -15 -2 -6
2046 0 0 9 9 6
2047 0 1 8 -14 8
2048 1 1 -7 -16 -15
2049 1 1 -2 -16 -16
2050 0 0 13 9 -13
2051 0 0 15 15 -15
2052 0 0 13 -10 11
2053 1 1 -16 12 9
2054 1 1 -13 9 -15
2055 1 1 -6 8 8
2056 1 0 -16 -15 8
2057 0 1 11 -13 -16
2058 1 0 -16 -16 15
2059 0 1 11 -9 2
2060 0 0 12 -16 9
2061 1 1 -16 -12 15
2062 0 1 1 -4 3
2063 1 0 -11 11 15
2064 1 0 -6 -14 -8
2065 0 0 11 11 -16
2066 1 0 2 11 -5
2067 0 0 13 9 8
2068 0 0 10 -10 -16
2069 1 0 -6 6 -6
2070 0 0 11 -11 8
2071 0 1 9 -15 10
2072 0 0 4 -16 -16
2073 1 0 -16 -11 9
2074 0 1 9 -16 -2
2075 1 0 -7 9 -10
2076 0 0 15 10 7
2077 0 1 15 15 9
2078 1 0 -16 -9 15
2079 0 1 6 5 4
2080 1 0 -6 13 -7
2081 0 0 8 4 6
2082 1 0 -16 15 10
2083 0 0 -1 -14 -16
2084 0 0 8 8 -10
2085 0 1 -1 11 15
2086 0 0 8 -1 -1
2087 0 1 -8 -15 -7
2088 0 0 15 -7 14
2089 0 0 -2 15 -2
2090 1 0 -13 14 15
2091 1 1 -7 -16 -16
2092 0 1 8 -6 6
2093 1 1 -7 -4 -8
2094 1 0 0 13 15
2095 0 1 15 -13 12
2096 0 0 4 -12 7
2097 1 1 -16 6 10
2098 1 1 -5 -3 11
2099 1 1 -13 -12 -10
2100 0 1 15 -16 10
2101 0 1 4 -1 -9
2102 0 1 13 15 -12
2103 0 1 6 -9 1
2104 0 1 10 7 1
2105 1 1 0 -14 2
2106 1 0 -3 8 10
2107 1 1 -5 -16 12
2108 1 0 -5 -8 -11
2109 1 1 -11 11 -16
2110 0 1 15 -7 -5
2111 1 0 -7 15 9
2112 0 0 15 -15 9
2113 1 1 -4 15 9
2114 0 1 9 -9 9
2115 0 1 15 -16 -10
2116 1 1 -16 15 8
2117 0 1 1 8 -2
2118 1 1 -13 -16 -16
2119 1 1 -1 -12 13
2120 1 0 -10 -4 -9
2121 0 0 14 -7 -13
2122 1 1 -13 15 14
2123 1 0 -13 13 5
2124 0 1 15 -15 -14
2125 0 0 15 5 14
2126 0 1 14 6 4
2127 0 0 12 -12 9
2128 0 0 -1 -13 4
2129 0 0 6 -10 -10
2130 1 0 -10 -5 -6
2131 0 0 4 -14 -1
2132 1 1 -5 14 12
2133 0 1 11 4 -16
2134 1 0 -12 -16 -15
2135 0 1 13 8 -16
2136 0 0 15 -13 -6
2137 1 0 -5 -5 -3
2138 0 0 5 7 14
2139 0 0 9 8 -1
2140 1 1 2 8 -4
2141 1 0 -9 5 15
2142 1 0 -4 -11 5
2143 1 1 2 15 15
2144 0 0 8 4 -4
2145 0 0 8 14 15
2146 0 0 2 6 1
2147 1 0 -6 -5 -7
2148 0 1 12 0 15
2149 1 1 -10 15 15
2150 1 0 -16 -3 -8
2151 0 1 9 -5 -3
2152 0 0 9 12 10
2153 0 0 15 -12 13
2154 1 0 5 -6 -6
2155 0 1 15 3 15
2156 0 0 -5 6 -8
2157 0 1 11 -9 10
2158 0 0 2 -16 -6
2159 0 0 15 -10 -16
2160 1 0 -8 -16 -16
2161 0 0 0 -10 11
2162 1 0 -11 14 -16
2163 1 1 -9 -6 -7
2164 0 1 9 12 -4
2165 1 1 -16 11 -10
2166 0 1 5 9 -6
2167 0 0 15 -8 10
2168 0 1 12 -4 -15
2169 0 0 9 -15 -13
2170 1 1 -16 -6 -11
2171 1 0 -5 8 -9
2172 0 0 15 -15 -4
2173 0 1 6 -12 -12
2174 0 1 11 -9 6
2175 0 0 7 9 -14
2176 1 1 -16 10 8
2177 1 0 -12 -7 -15
2178 0 0 13 -16 -15
2179 0 1 12 4 4
2180 0 1 11 -7 -11
2181 1 1 -7 -4 -10
2182 0 0 5 4 -14
2183 0 0 2 13 -8
2184 0 1 13 -2 -16
2185 0 0 12 0 -3
2186 1 1 -7 14 15
2187 1 1 -12 -7 -4
2188 0 0 0 5 6
2189 0 1 6 -13 13
2190 0 1 11 14 -12
2191 1 0 -16 -3 -12
2192 0 0 8 6 5
2193 1 0 -4 -15 -10
2194 1 0 -15 5 15
2195 1 1 -11 5 -4
2196 0 0 15 0 -16
2197 1 0 -9 -4 11
2198 0 0 14 15 -16
2199 0 0 8 0 15
2200 0 0 5 2 10
2201 1 0 -10 10 -16
2202 1 0 4 15 -5
2203 1 0 -6 9 -9
2204 0 0 8 8 15
2205 0 0 8 -8 -16
2206 0 0 14 -3 8
2207 0 0 8 -9 15
2208 1 1 -13 -15 11
2209 1 1 -6 6 15
2210 1 0 -11 8 3
2211 0 0 0 -16 -10
2212 1 0 -10 -15 6
2213 1 0 -11 -1 -11
2214 0 1 6 4 -3
2215 1 1 -12 -14 10
2216 0 1 0 0 14
2217 0 1 6 15 3
2218 0 1 7 -6 -8
2219 1 0 -3 -16 -12
2220 0 0 15 9 2
2221 1 0 -15 -9 -6
2222 0 1 11 -16 -12
2223 1 0 -9 -13 -3
2224 0 1 9 -7 -3
2225 0 1 15 -16 1
2226 0 0 6 13 9
2227 0 1 7 -7 -6
2228 0 1 14 13 -4
2229 1 1 -10 -4 8
2230 0 1 4 -15 10
2231 0 0 4 3 -16
2232 0 1 8 -2 -4
2233 1 1 -13 -13 -16
2234 0 0 8 13 8
2235 0 0 7 6 7
2236 1 1 -7 4 6
2237 1 0 -3 11 -13
2238 1 0 -9 -16 15
2239 1 1 -11 10 -15
2240 1 1 -11 -16 6
2241 1 0 -9 -13 -1
2242 0 0 2 -3 15
2243 0 1 15 -4 -16
2244 0 0 14 7 9
2245 1 0 -16 11 -5
2246 0 0 7 14 7
2247 0 1 -7 -3 -9
2248 0 0 15 0 -16
2249 0 0 15 -7 10
2250 0 0 2 11 -13
2251 0 1 15 -12 -12
2252 1 1 -7 -13 2
2253 1 0 -9 -11 12
2254 1 0 -16 -12 5
2255 1 1 -10 -16 6
2256 1 1 -5 -7 13
2257 0 1 15 12 -16
2258 0 0 3 9 -14
2259 1 0 -16 15 11
2260 1 1 -16 15 13
2261 1 1 -7 -16 -6
2262 1 0 -8 4 -5
2263 1 0 -3 -15 11
2264 1 0 -14 -8 -14
2265 1 0 -2 11 15
2266 1 1 -8 12 10
2267 0 0 3 -5 -5
2268 1 0 -8 -16 15
2269 0 0 12 13 -12
2270 1 1 -15 -3 -7
2271 1 1 -16 15 -3
2272 1 0 -8 -14 8
2273 0 1 15 0 -13
2274 0 0 10 -13 -16
2275 0 0 13 1 10
2276 0 1 5 13 0
2277 0 1 15 2 -2
2278 0 0 15 -9 -11
2279 0 0 15 -16 15
2280 0 1 3 15 15
2281 1 0 -15 9 15
2282 0 1 15 1 9
2283 0 1 13 -16 5
2284 0 1 6 -10 -3
2285 1 0 -6 12 -14
2286 1 0 -3 -12 4
2287 1 0 1 -5 -9
2288 0 0 8 -9 15
2289 0 0 15 2 8
2290 1 1 -1 -6 15
2291 0 1 13 -4 4
2292 0 1 10 -10 -16
2293 0 1 10 7 3
2294 0 0 11 -11 3
2295 1 1 -12 -7 -16
2296 0 1 11 13 -15
2297 0 0 15 9 -15
2298 1 1 -16 3 1
2299 1 0 -5 11 10
2300 1 0 -14 -4 2
2301 1 0 -10 2 13
2302 0 1 10 10 -14
2303 0 1 -4 4 -9
2304 0 1 7 10 7
2305 0 0 14 15 -15
2306 1 0 -16 1 0
2307 1 1 -7 -5 3
2308 1 1 -11 3 -16
2309 1 1 -8 8 -4
2310 0 0 3 -12 -16
2311 0 1 8 5 15
2312 1 1 -14 -15 -12
2313 1 1 -7 6 -11
2314 0 0 11 12 -4
2315 0 1 8 7 15
2316 1 0 -2 -16 0
2317 1 1 -11 -2 -14
2318 1 0 -12 10 10
2319 0 1 12 -10 15
2320 1 1 -8 15 -14
2321 0 0 15 -9 -6
2322 1 1 -10 12 -16
2323 0 0 12 -10 -4
2324 1 0 -8 11 -4
2325 1 1 -2 12 -16
2326 1 1 -8 4 2
2327 0 1 6 3 4
2328 1 1 -16 8 15
2329 1 0 -5 7 9
2330 1 0 -6 -5 -11
2331 1 0 -5 15 -14
2332 1 1 -9 -13 8
2333 1 1 -11 -14 -11
2334 1 0 -8 15 10
2335 0 1 6 -4 15
2336 1 1 -14 15 -11
2337 1 0 -6 5 -16
2338 1 1 -7 10 -10
2339 0 0 14 15 -13
2340 1 1 -16 13 8
2341 1 1 -3 3 -4
2342 0 1 15 9 -8
2343 0 1 10 -4 9
2344 0 1 8 -14 15
2345 1 1 4 13 11
2346 1 0 -8 -12 13
2347 0 1 0 7 -1
2348 0 1 15 -10 9
2349 1 1 -16 5 -15
2350 1 1 -1 -9 10
2351 0 1 15 -1 -1
2352 1 1 -14 -14 6
2353 0 1 1 -8 15
2354 1 1 -7 1 10
2355 0 1 15 -16 15
2356 0 1 7 -12 -16
2357 0 0 15 7 -16
2358 0 0 10 -6 15
2359 0 0 6 15 -13
2360 0 0 11 5 1
2361 1 1 2 9 -16
2362 1 1 -13 8 10
2363 0 1 11 8 -15
2364 0 1 13 -13 -7
2365 1 1 -10 14 6
2366 0 0 15 -3 -5
2367 0 0 2 -15 -7
2368 1 1 -16 15 -2
2369 1 0 -11 -4 4
2370 1 1 -7 -14 -14
2371 1 0 0 15 11
2372 1 0 -16 15 -6
2373 1 1 -14 15 -5
2374 0 1 15 11 -15
2375 1 0 -3 15 -4
2376 0 0 12 -16 8
2377 1 0 -6 -11 -2
2378 1 0 -15 -16 -5
2379 0 0 7 15 -10
2380 0 1 15 6 6
2381 1 0 -3 13 -3
2382 0 1 9 -15 -1
2383 0 1 2 15 -16
2384 0 0 4 2 15
2385 1 1 -7 11 2
2386 1 1 -8 7 -10
2387 1 1 -4 -11 15
2388 1 0 -8 7 11
2389 0 0 15 2 10
2390 1 1 -6 -16 -2
2391 1 0 -14 -11 5
2392 0 0 10 -8 -13
2393 0 0 12 -7 6
2394 0 0 15 11 12
2395 0 1 13 -14 11
2396 1 0 -16 -6 -14
2397 0 1 15 7 -8
2398 1 0 -3 -4 4
2399 1 0 -9 3 10
2400 1 0 -2 -8 -10
2401 0 0 12 5 -5
2402 0 1 15 -1 9
2403 1 1 -10 -13 -5
2404 0 1 13 6 -16
2405 0 1 15 8 1
2406 0 0 -1 -9 8
2407 1 1 -7 10 14
2408 1 1 -2 4 15
2409 0 0 15 -15 -7
2410 0 1 15 -2 -13
2411 1 1 -2 -7 -5
2412 1 1 -9 14 -11
2413 1 0 -4 -7 2
2414 0 0 15 1 15
2415 1 0 -16 10 -5
2416 1 1 -3 -16 13
2417 0 0 10 -16 -8
2418 0 1 7 -8 15
2419 0 0 15 0 -6
2420 0 0 7 12 -4
2421 1 0 -16 -14 -14
2422 0 0 15 -10 15
2423 0 1 -3 15 10
2424 1 1 -13 6 -10
2425 1 1 -15 -16 9
2426 1 1 -16 11 -14
2427 1 0 -10 -2 8
2428 0 0 4 11 -15
2429 1 0 -11 8 4
2430 1 0 -5 -11 14
2431 0 1 -3 -16 14
2432 0 0 8 10 -6
2433 1 0 -5 14 9
2434 1 0 -11 -10 15
2435 0 0 15 -13 -10
2436 1 1 -10 -8 15
2437 1 0 -3 15 -3
2438 0 1 15 -16 14
2439 0 0 14 -10 -14
2440 1 1 -10 6 14
2441 1 1 -11 -12 12
2442 0 0 9 14 -16
2443 0 1 15 -7 -11
2444 1 0 -16 -16 15
2445 1 1 -4 -12 -16
2446 0 0 7 3 -14
2447 0 1 15 9 -16
2448 1 0 -4 15 -10
2449 1 1 -9 13 5
2450 0 1 9 11 -7
2451 1 1 -16 7 -3
2452 0 1 15 -5 15
2453 1 0 -1 -12 -16
2454 0 0 10 12 -16
2455 0 1 4 15 8
2456 0 0 6 -11 6
2457 0 1 -1 -16 0
2458 1 1 -7 14 -3
2459 0 0 15 7 -13
2460 0 1 12 6 13
2461 0 1 1 15 -11
2462 0 0 11 15 5
2463 0 1 3 -1 5
2464 1 0 -4 1 15
2465 0 1 14 5 10
2466 0 1 4 -7 8
2467 0 1 9 9 -16
2468 1 1 1 -4 5
2469 0 1 5 -16 -16
2470 1 1 -10 -13 -7
2471 1 1 1 15 2
2472 0 0 -3 -9 -16
2473 1 0 -14 15 -4
2474 1 0 -16 8 -5
2475 1 1 -5 14 -14
2476 1 1 -7 -6 15
2477 1 0 -10 15 -11
2478 1 0 -16 -4 -11
2479 1 0 -16 -9 -11
2480 0 1 3 -7 -16
2481 1 1 -3 11 12
2482 0 1 15 11 7
2483 0 0 15 9 -6
2484 1 1 -13 -13 -13
2485 0 1 15 5 -15
2486 1 1 -9 7 4
2487 0 0 2 15 15
2488 0 1 4 -12 -11
2489 1 0 -16 11 -8
2490 0 1 9 -10 -3
2491 1 0 -6 7 -7
2492 0 0 13 -5 -2
2493 0 0 11 -2 8
2494 1 1 -10 8 9
2495 1 1 -10 -13 -16
2496 0 0 15 2 -7
2497 0 0 11 -8 15
2498 1 0 -16 -5 -3
2499 0 1 3 8 -8
2500 0 1 0 7 -10
2501 0 0 9 -3 15
2502 0 1 7 -8 -2
2503 1 1 -5 -1 9
2504 1 0 -5 -14 15
2505 1 0 -16 -7 -3
2506 1 1 -6 14 -9
2507 1 1 -7 15 -8
2508 0 0 10 -4 -7
2509 1 0 -11 -16 -16
2510 1 1 -3 -3 -8
2511 0 1 8 4 10
2512 0 1 4 15 8
2513 0 0 8 1 -9
2514 0 1 10 -11 -8
2515 0 0 9 -5 6
2516 1 0 -5 -1 15
2517 1 1 -15 9 9
2518 0 1 15 -5 3
2519 0 0 8 -16 8
2520 1 0 -16 9 -15
2521 1 1 -8 0 15
2522 1 0 -11 -13 -14
2523 0 0 5 -12 -12
2524 0 0 4 -7 -11
2525 0 1 2 6 -13
2526 0 1 11 -2 3
2527 0 0 12 3 -10
2528 1 0 -12 -12 -13
2529 0 0 6 -8 -12
2530 0 1 13 6 -13
2531 0 0 7 -5 -14
2532 1 1 -6 -5 -5
2533 1 1 -15 -8 -13
2534 0 1 10 -3 -15
2535 1 0 -10 -11 -11
2536 1 1 -16 15 12
2537 1 0 -16 -4 2
2538 0 0 14 15 15
2539 1 1 -14 5 -14
2540 1 0 -2 -8 -3
2541 0 1 4 -11 15
2542 0 0 15 -1 4
2543 0 1 15 -15 9
2544 0 1 15 13 15
2545 1 1 -16 -16 -6
2546 0 1 8 -16 3
2547 1 1 -1 -9 -15
2548 0 1 14 -7 -12
2549 0 1 7 -11 15
2550 0 1 14 15 14
2551 0 0 7 -16 -6
2552 1 0 -15 0 5
2553 0 0 10 1 3
2554 1 1 -11 -7 12
2555 1 0 -6 2 -13
2556 1 0 2 -12 9
2557 0 1 4 12 -13
2558 1 1 -3 5 0
2559 0 1 9 12 -8
2560 0 0 2 -4 5
2561 1 0 -5 9 -12
2562 1 0 -5 7 15
2563 0 1 2 -16 -16
2564 0 1 8 -5 9
2565 1 0 -13 0 15
2566 0 1 14 -9 -4
2567 0 0 15 13 9
2568 0 1 8 1 5
2569 1 1 -13 -8 -5
2570 1 0 -2 -7 -11
2571 0 1 7 7 -3
2572 0 0 15 8 -15
2573 0 1 8 1 2
2574 0 1 1 -16 -2
2575 0 1 9 -9 -13
2576 0 0 -4 14 -16
2577 1 0 -6 6 9
2578 0 1 8 7 -16
2579 1 0 -12 15 -14
2580 1 0 -7 15 -8
2581 0 0 5 8 8
2582 1 1 -12 10 -2
2583 1 0 -15 8 2
2584 1 0 -13 -15 -16
2585 0 1 8 -9 6
2586 1 0 -10 -11 -11
2587 0 0 14 -10 -3
2588 0 0 5 -4 -16
2589 0 1 -8 15 -14
2590 0 0 -1 -15 -6
2591 0 0 6 -3 -12
2592 1 1 -16 -11 -11
2593 0 0 9 -13 -16
2594 1 0 0 -2 -13
2595 0 0 3 -12 4
2596 1 1 -8 15 14
2597 0 1 11 2 -14
2598 0 0 15 15 -16
2599 1 1 -12 -7 -10
2600 1 0 -13 -7 -8
2601 0 0 2 -1 -16
2602 0 0 8 -2 13
2603 0 1 5 4 -5
2604 0 1 8 -10 -8
2605 1 1 -15 -5 15
2606 0 1 9 15 -16
2607 1 0 -16 -16 11
2608 1 1 -16 4 2
2609 0 1 12 15 -16
2610 1 1 -5 -16 14
2611 1 1 -3 0 -8
2612 0 1 8 -13 -16
2613 1 1 -16 7 15
2614 1 0 -5 -4 -10
2615 1 1 -4 -15 8
2616 0 1 8 -16 9
2617 0 0 15 -10 -16
2618 0 1 9 4 -16
2619 0 1 8 -15 -11
2620 0 1 11 15 -7
2621 1 1 -8 -16 -11
2622 0 1 0 -10 -5
2623 1 1 -9 -16 -9
2624 1 0 2 11 13
2625 0 0 15 -13 15
2626 1 0 -14 -1 -9
2627 1 0 -12 8 -13
2628 1 0 -16 11 -8
2629 0 1 10 1 -4
2630 0 1 15 -16 10
2631 0 1 15 -11 10
2632 0 1 15 -3 9
2633 1 1 -14 -16 -5
2634 0 0 11 -16 -2
2635 1 1 -14 4 -10
2636 1 1 0 -15 1
2637 0 1 10 15 4
2638 0 0 15 -15 -16
2639 1 0 -11 -14 15
2640 1 1 -13 -14 -16
2641 1 1 -8 -16 5
2642 1 0 -6 -16 14
2643 0 1 5 11 5
2644 1 1 -12 -13 -12
2645 1 0 -12 10 -12
2646 0 1 15 9 12
2647 1 1 -7 -16 -7
2648 1 0 -2 -9 14
2649 0 1 13 -16 6
2650 1 0 -7 15 4
2651 0 1 14 15 4
2652 0 1 11 -7 9
2653 0 0 13 15 0
2654 0 1 8 11 1
2655 0 1 5 5 5
2656 0 1 9 15 -16
2657 1 1 -13 -13 15
2658 1 1 -14 -13 -16
2659 0 1 15 -13 2
2660 1 0 -7 3 -3
2661 1 0 -11 -16 -1
2662 0 0 2 11 0
2663 1 0 -14 10 -4
2664 0 0 13 10 7
2665 0 1 7 -14 -6
2666 1 0 -11 6 -14
2667 0 0 8 -5 14
2668 1 1 -10 7 4
2669 0 1 8 -11 -13
2670 0 1 7 -2 5
2671 0 0 15 -13 9
2672 0 1 12 13 -16
2673 1 1 -7 15 -11
2674 0 1 15 -1 11
2675 1 0 -16 1 5
2676 0 1 6 -13 3
2677 0 1 -5 10 15
2678 0 1 4 12 15
2679 1 1 -4 13 -16
2680 1 0 -16 9 -13
2681 0 0 15 9 15
2682 1 0 9 -6 -1
2683 1 1 -4 7 0
2684 1 0 -2 -3 15
2685 1 1 -7 11 -12
2686 1 0 10 0 -7
2687 1 0 -15 -1 11
2688 1 1 -16 11 15
2689 1 1 -16 0 -14
2690 1 0 -10 15 -16
2691 1 1 -16 -3 -16
2692 0 0 7 -9 4
2693 0 0 8 13 -15
2694 0 1 6 -14 -13
2695 1 1 -10 -12 8
2696 1 0 -6 -10 -8
2697 0 0 14 2 -16
2698 0 1 12 15 15
2699 0 1 6 -5 -6
2700 1 0 -16 15 6
2701 0 1 10 -9 5
2702 1 0 -14 11 9
2703 0 0 10 -16 -9
2704 1 0 2 15 -4
2705 0 1 0 -16 9
2706 1 0 -10 15 1
2707 1 0 -9 10 6
2708 1 0 -11 15 15
2709 1 1 -16 -16 -5
2710 0 1 15 -16 8
2711 0 0 15 14 -11
2712 0 0 15 -12 -6
2713 0 1 15 13 -16
2714 1 0 -9 -8 -13
2715 0 0 13 -7 -9
2716 0 0 3 11 11
2717 0 1 7 -11 1
2718 0 1 15 8 -12
2719 0 1 1 10 15
2720 0 0 4 1 9
2721 1 0 -16 15 5
2722 1 0 -15 9 3
2723 0 1 2 -16 -6
2724 1 0 -6 -6 11
2725 0 1 -3 4 4
2726 1 1 -14 -8 -3
2727 1 1 -15 12 15
2728 0 1 8 4 -16
2729 0 0 3 -4 6
2730 1 1 -16 -16 2
2731 1 0 -11 -15 13
2732 1 0 -16 15 -14
2733 0 1 8 -1 15
2734 0 1 -6 -9 15
2735 1 1 -16 3 -3
2736 0 1 11 12 -6
2737 1 1 4 -16 0
2738 1 0 -15 -16 15
2739 1 1 -16 0 -12
2740 0 0 12 -13 13
2741 1 0 -10 1 -16
2742 1 0 -12 15 6
2743 1 1 -2 15 -7
2744 1 1 -14 -12 15
2745 0 1 15 -7 -6
2746 1 1 -5 -15 -14
2747 0 0 15 -4 -13
2748 1 0 -10 8 -16
2749 0 1 15 7 -16
2750 1 0 -15 11 -4
2751 0 1 0 9 9
2752 0 1 15 -3 -13
2753 1 1 -10 -6 -10
2754 0 1 11 8 10
2755 1 1 -3 -10 15
2756 0 1 15 -6 -3
2757 0 0 9 15 3
2758 1 0 -16 6 -16
2759 0 1 11 15 5
2760 0 0 -2 -12 -16
2761 1 0 -8 15 -16
2762 1 0 -11 8 -15
2763 1 0 -12 14 9
2764 0 1 15 15 10
2765 0 0 5 -2 9
2766 0 1 -7 -8 -1
2767 1 1 -1 -8 13
2768 1 1 -15 -10 -16
2769 1 1 -16 -8 15
2770 0 1 13 -15 -3
2771 0 1 9 -15 -16
2772 0 0 14 15 -5
2773 1 1 -16 12 13
2774 0 1 15 12 -13
2775 0 1 4 1 -8
2776 1 1 -2 8 3
2777 1 0 -14 13 1
2778 1 1 -14 11 5
2779 1 0 -7 -11 -9
2780 0 0 12 -5 -8
2781 0 0 15 6 -8
2782 0 1 11 -16 -6
2783 0 0 15 7 -16
2784 1 1 -2 -12 14
2785 1 0 -10 2 15
2786 0 1 6 -2 -16
2787 1 0 2 -11 9
2788 1 1 -7 -9 10
2789 0 0 1 -14 10
2790 1 1 -16 10 7
2791 1 0 -11 -14 -6
2792 0 0 1 8 12
2793 0 1 12 -11 -16
2794 1 0 -9 -10 -12
2795 1 1 -16 -6 -14
2796 0 1 8 7 13
2797 1 0 -5 -16 -13
2798 1 1 -7 10 7
2799 0 0 15 10 -13
2800 0 1 15 10 5
2801 1 1 -11 -16 15
2802 0 1 9 12 10
2803 1 0 -16 11 4
2804 1 1 -15 -9 10
2805 0 0 8 -15 -16
2806 1 0 -2 -13 15
2807 0 1 15 -12 -16
2808 1 1 -14 15 15
2809 1 1 -7 -12 -8
2810 1 1 -5 -16 0
2811 1 0 -16 15 -8
2812 1 0 -16 4 -16
2813 1 1 -14 12 -7
2814 0 1 -1 14 10
2815 1 1 -4 10 8
2816 0 0 4 -5 -13
2817 0 1 13 3 -16
2818 1 1 -5 -10 -13
2819 1 0 -12 8 -8
2820 1 0 -9 -3 15
2821 0 1 13 12 5
2822 0 1 8 -9 13
2823 1 0 -16 -12 13
2824 0 0 15 12 -10
2825 0 0 6 6 -14
2826 1 1 -2 15 15
2827 0 0 15 -16 15
2828 1 1 -8 3 -3
2829 1 1 -1 -16 -16
2830 1 1 -16 -16 4
2831 1 1 -2 -6 15
2832 0 1 6 8 15
2833 1 1 -9 -16 -16
2834 0 1 5 -11 4
2835 0 0 5 10 12
2836 0 0 15 -11 14
2837 0 1 0 2 -7
2838 1 1 -13 -3 -7
2839 1 0 -6 15 -3
2840 0 0 9 6 -16
2841 0 0 15 15 4
2842 0 0 9 6 -4
2843 1 1 -13 -15 -5
2844 1 1 -6 -16 -14
2845 0 1 11 -8 -16
2846 1 1 -15 -1 -11
2847 0 1 8 13 -6
2848 1 1 -2 -3 -16
2849 0 0 -2 4 8
2850 0 1 15 -5 -16
2851 0 1 15 11 12
2852 0 1 8 4 -16
2853 0 0 7 -3 -1
2854 0 0 12 -13 -16
2855 1 1 -11 13 -11
2856 0 0 6 10 5
2857 1 0 -6 -4 10
2858 1 0 -3 -16 -8
2859 0 1 4 -16 6
2860 0 0 12 2 -10
2861 0 1 9 5 15
2862 0 0 10 -12 -13
2863 1 1 -12 -8 9
2864 0 0 15 6 -1
2865 1 1 -14 -16 9
2866 0 0 15 -11 -6
2867 0 1 13 15 0
2868 1 1 -16 -2 -5
2869 1 0 -9 -16 -15
2870 1 0 -10 10 4
2871 0 0 10 3 7
2872 1 0 -10 -16 -6
2873 0 0 12 15 -16
2874 1 1 -12 8 6
2875 1 0 -3 1 10
2876 1 1 -16 0 -5
2877 1 0 -12 -15 10
2878 1 0 -7 -5 3
2879 0 1 14 -16 1
2880 1 1 -16 15 -5
2881 0 1 14 6 -15
2882 0 0 15 15 12
2883 1 0 -6 -7 2
2884 1 0 -8 -12 1
2885 1 0 -5 15 -5
2886 1 1 -7 9 12
2887 1 0 -3 12 15
2888 0 1 12 5 -3
2889 0 1 9 -2 -16
2890 1 1 0 15 9
2891 0 1 3 1 0
2892 0 0 14 -7 -11
2893 0 1 15 -8 -6
2894 1 1 -15 -11 -13
2895 0 1 13 -16 -16
2896 0 0 14 -2 14
2897 1 0 -6 -5 15
2898 0 0 9 -9 0
2899 0 0 5 -12 -3
2900 0 0 1 4 -16
2901 0 0 1 -16 4
2902 1 0 4 -16 5
2903 1 0 -11 -16 8
2904 0 1 12 2 -4
2905 1 1 -16 -3 12
2906 1 1 -16 9 -5
2907 0 1 7 8 -7
2908 1 0 -7 -5 -16
2909 0 0 0 0 -9
2910 1 0 -8 6 15
2911 0 1 8 12 5
2912 1 1 -3 9 -8
2913 0 0 14 -15 -12
2914 0 1 4 9 -8
2915 1 0 -16 -10 -16
2916 0 1 13 -14 15
2917 0 0 8 15 -1
2918 0 1 15 -11 -16
2919 1 1 -8 -8 -2
2920 0 1 7 15 14
2921 1 0 -1 -15 -14
2922 1 0 -7 15 -11
2923 1 1 -12 -9 6
2924 1 1 -3 -14 -12
2925 0 1 15 1 -2
2926 0 1 13 -10 12
2927 0 0 6 1 -16
2928 0 0 11 -10 -5
2929 1 0 -16 -16 -14
2930 0 0 5 6 4
2931 0 1 15 11 12
2932 1 0 -10 15 15
2933 1 0 -15 6 -9
2934 0 0 15 13 -1
2935 1 0 -2 13 -16
2936 1 0 -14 11 4
2937 1 0 -8 -4 -8
2938 0 1 9 -11 -2
2939 1 0 -15 -15 9
2940 0 1 15 -10 -8
2941 1 1 1 15 13
2942 0 0 12 -1 10
2943 1 1 -15 -15 -16
2944 1 0 -16 -13 15
2945 0 0 8 -6 -11
2946 1 1 5 15 -16
2947 1 1 -6 -13 -14
2948 0 0 4 15 6
2949 1 1 1 11 -3
2950 1 1 -11 1 9
2951 1 1 -16 9 -16
2952 1 1 -6 -9 -12
2953 1 1 -1 -16 8
2954 1 0 -16 7 -2
2955 0 0 15 -16 -12
2956 1 0 -3 15 -16
2957 1 0 -14 5 11
2958 1 0 -16 12 -10
2959 0 0 12 15 15
2960 0 1 2 -16 -15
2961 1 0 -3 6 -3
2962 1 1 -14 9 -3
2963 1 0 -2 8 -16
2964 0 1 9 10 15
2965 0 0 -3 -7 -1
2966 0 1 -3 1 -16
2967 1 1 -15 7 -13
2968 0 1 10 3 10
2969 0 1 9 7 15
2970 0 0 15 8 -10
2971 1 1 -13 3 -16
2972 1 0 -16 -5 10
2973 0 0 13 0 15
2974 0 0 15 -6 -3
2975 0 0 15 13 -10
2976 0 1 15 -5 12
2977 1 0 -2 -11 6
2978 0 1 2 15 -10
2979 0 1 10 15 -14
2980 1 1 -10 13 13
2981 0 1 1 -8 8
2982 1 1 -6 -7 7
2983 0 0 8 5 15
2984 1 1 -6 2 15
2985 1 0 -7 15 -9
2986 1 1 -16 -1 -12
2987 0 1 15 11 3
2988 0 0 -1 -16 15
2989 1 0 -16 -13 11
2990 1 1 -5 -8 1
2991 1 1 -10 -9 15
2992 1 0 -8 -7 11
2993 1 1 -2 -16 9
2994 0 1 2 15 7
2995 0 1 15 4 -16
2996 1 0 -5 2 -9
2997 1 1 -6 15 -9
2998 0 1 4 15 15
2999 1 1 -6 -1 12
3000 0 0 15 -13 -10
3001 1 1 -1 -13 3
3002 0 1 5 15 -1
3003 1 0 -5 -15 15
3004 1 1 -15 15 -15
3005 0 1 10 3 15
3006 0 0 9 3 15
3007 0 1 6 7 -6
3008 1 1 2 -11 -8
3009 1 1 -16 -16 0
3010 0 1 15 -13 13
3011 0 1 6 -13 7
3012 1 0 -8 -16 11
3013 0 0 6 -15 -16
3014 1 1 -16 13 -2
3015 1 1 0 -16 8
3016 1 0 -15 -3 -9
3017 0 0 12 -14 10
3018 0 0 1 2 12
3019 0 0 9 2 2
3020 0 0 15 -9 -3
3021 1 0 -3 -9 -16
3022 0 1 5 15 -12
3023 1 0 -16 -5 -15
3024 0 1 5 -16 -1
3025 1 0 -11 -16 15
3026 0 0 6 -4 12
3027 0 0 15 -7 4
3028 0 1 0 7 -7
3029 1 1 -16 12 -15
3030 1 1 -12 -15 11
3031 1 0 -16 10 -4
3032 1 1 -12 -14 10
3033 1 1 -8 -4 1
3034 1 1 -6 2 12
3035 0 1 15 -8 -12
3036 0 0 15 1 -16
3037 1 1 -16 15 -10
3038 0 0 5 10 -11
3039 1 0 -13 -6 -4
3040 1 1 4 -10 -9
3041 0 1 10 -16 15
3042 1 0 -8 13 -16
3043 0 0 5 9 -4
3044 0 0 6 11 -10
3045 1 1 -13 -12 -2
3046 1 1 -7 -13 5
3047 1 1 -7 15 3
3048 0 1 15 -4 0
3049 1 1 -13 -2 -1
3050 1 1 -12 14 6
3051 1 0 -10 -3 7
3052 0 1 12 12 -16
3053 0 1 12 -15 -8
3054 0 1 9 -10 2
3055 0 0 15 -16 -16
3056 0 1 15 15 11
3057 1 1 -7 15 15
3058 0 1 11 5 11
3059 1 0 -16 15 15
3060 1 0 -11 11 -11
3061 1 0 -7 -8 -14
3062 1 0 -13 4 0
3063 1 1 -16 -2 -16
3064 1 1 -10 -2 10
3065 1 0 -13 4 -9
3066 0 1 8 -3 11
3067 0 1 14 -16 -7
3068 0 1 12 -5 15
3069 0 0 -1 15 9
3070 1 1 -9 15 8
3071 1 1 -11 -6 14
3072 0 0 5 -15 5
3073 1 1 -12 -8 14
3074 1 0 4 6 -9
3075 0 0 15 -5 13
3076 1 1 -16 11 -15
3077 0 1 10 -16 9
3078 0 0 6 -16 12
3079 1 1 -13 6 -13
3080 0 1 8 3 -4
3081 0 1 15 15 11
3082 0 0 15 14 -16
3083 0 0 6 9 -9
3084 0 0 3 11 -8
3085 0 0 11 -8 3
3086 1 1 -12 -9 5
3087 1 0 -14 -16 10
3088 1 0 -7 -2 -16
3089 0 0 15 -10 -16
3090 0 0 14 1 -14
3091 1 1 -10 3 -1
3092 1 1 -9 -16 15
3093 1 0 -16 -12 -11
3094 0 1 13 -4 11
3095 1 1 -10 6 6
3096 1 0 -6 -1 0
3097 1 0 -12 -3 11
3098 0 0 15 -10 14
3099 0 1 3 -13 15
3100 0 1 15 15 6
3101 1 0 -7 15 13
3102 1 0 -12 -16 -15
3103 1 1 -7 15 15
3104 1 1 -7 -6 15
3105 1 0 -13 -6 -5
3106 0 0 13 -16 7
3107 0 1 8 -9 1
3108 0 1 15 6 15
3109 0 1 15 -9 -16
3110 1 1 -12 -10 -16
3111 1 0 -9 -16 -9
3112 1 0 -9 -7 -7
3113 1 0 -9 0 7
3114 1 0 -4 -1 -6
3115 1 0 -11 -7 15
3116 1 1 -9 -3 -6
3117 1 1 -5 -8 13
3118 0 1 15 6 -8
3119 0 0 6 15 2
3120 1 0 -15 10 -4
3121 1 1 -4 3 -16
3122 1 0 -6 -16 14
3123 0 0 15 -2 15
3124 0 1 2 11 9
3125 1 0 -11 10 -8
3126 0 1 4 6 -16
3127 1 0 -9 10 -6
3128 1 1 -9 15 -13
3129 0 0 8 2 -12
3130 0 0 8 -15 15
3131 0 1 15 -13 9
3132 0 1 15 -7 -8
3133 1 1 -12 -16 15
3134 1 0 -9 13 0
3135 0 1 15 -8 -12
3136 1 1 -7 15 -11
3137 1 1 -9 15 6
3138 0 1 7 -16 11
3139 0 0 11 9 -16
3140 1 0 -1 -3 6
3141 1 0 -11 8 7
3142 0 1 8 0 8
3143 0 1 3 15 15
3144 0 1 15 14 -9
3145 1 1 -11 -7 9
3146 1 0 -9 -5 15
3147 1 0 -15 -1 15
3148 1 0 -16 9 15
3149 0 1 15 -6 1
3150 1 0 -14 -9 14
3151 0 1 9 15 9
3152 1 0 -8 -7 8
3153 1 0 -10 15 -12
3154 1 1 6 -16 10
3155 1 0 -16 -16 -11
3156 0 0 15 -11 -13
3157 1 0 -16 12 -6
3158 0 0 10 15 12
3159 1 0 -13 -7 -8
3160 1 0 -9 -2 5
3161 0 0 13 -14 15
3162 0 0 5 -10 -16
3163 1 0 -16 -14 -7
3164 1 0 -11 2 -5
3165 0 0 14 -6 1
3166 0 1 8 -16 14
3167 1 1 -10 15 -3
3168 1 1 -16 -7 6
3169 0 0 15 6 -4
3170 1 0 -14 15 14
3171 1 0 -16 -10 15
3172 0 0 14 -15 14
3173 1 0 -11 -12 13
3174 1 1 -10 15 -10
3175 1 0 -11 15 14
3176 0 0 12 -16 -13
3177 1 0 -14 -3 4
3178 0 0 6 9 15
3179 0 1 0 8 13
3180 1 1 -5 14 4
3181 0 1 2 -12 -13
3182 1 1 -8 2 6
3183 0 1 4 9 -12
3184 0 1 8 7 -6
3185 1 0 -16 5 -6
3186 0 0 13 -8 -9
3187 0 1 -1 4 -14
3188 0 0 15 -3 -8
3189 1 1 -2 8 15
3190 0 0 1 -6 2
3191 1 1 -12 -12 -13
3192 1 0 -9 -9 15
3193 1 0 -15 0 -12
3194 1 1 -7 -13 0
3195 0 1 15 4 -13
3196 0 0 2 14 8
3197 0 0 12 -3 -3
3198 0 0 9 -8 -16
3199 0 1 12 -14 15
