# idx_orig bit_orig post_llr hard
0 0 -71729.78258183 0
1 1 75804.08594084 1
2 1 82170.67580293 1
3 1 71303.59949138 1
4 1 76088.93686548 1
5 0 -69479.75106993 0
6 1 67548.43974203 1
7 0 -73804.26271685 0
8 1 70417.58748746 1
9 1 74121.70419837 1
10 0 -53735.10680368 0
11 0 -66843.27141589 0
12 0 -71952.02618011 0
13 0 -75392.72277226 0
14 1 68214.41798439 1
15 1 60873.06255692 1
16 1 69494.03148794 1
17 0 -52479.82713009 0
18 1 60026.86569121 1
19 1 57314.47852891 1
20 0 -66198.06954913 0
21 0 -59161.74917558 0
22 0 -52835.11335556 0
23 1 62503.91932893 1
24 0 -52122.10760297 0
25 0 -48029.29287001 0
26 0 -46650.85957117 0
27 1 60657.47604657 1
28 1 59121.88886551 1
29 0 -57671.34656223 0
30 0 -59691.75614899 0
31 1 50240.08554196 1
32 1 61698.81316154 1
33 1 56551.91192690 1
34 0 -56529.05232007 0
35 1 50558.30313376 1
36 1 57555.79500997 1
37 0 -65467.03973111 0
38 1 55956.39196956 1
39 0 -55296.46735453 0
40 0 -58469.26847469 0
41 0 -43065.27665582 0
42 1 56436.67118171 1
43 1 54715.88721706 1
44 1 61593.82756857 1
45 1 46994.32203728 1
46 1 57014.99496213 1
47 0 -55011.75978343 0
48 0 -58878.92693667 0
49 1 66874.21253895 1
50 1 58007.25215745 1
51 1 47969.71527441 1
52 0 -57256.00275051 0
53 1 62620.01946383 1
54 1 58311.63461690 1
55 1 52835.45370931 1
56 0 -72422.02154414 0
57 1 57173.32098672 1
58 0 -60865.37261673 0
59 1 58925.44640427 1
60 1 62942.34263698 1
61 1 49961.61989574 1
62 1 56336.76279023 1
63 1 63472.94001761 1
64 1 57691.41448837 1
65 1 41597.15077561 1
66 1 48733.31129660 1
67 1 55262.34930210 1
68 0 -56342.00810398 0
69 0 -56181.27082727 0
70 1 64895.54668373 1
71 1 53195.75153358 1
72 0 -44629.49476263 0
73 1 49437.14412913 1
74 1 65981.10653656 1
75 0 -59231.38042141 0
76 1 61359.90923974 1
77 1 67610.55518263 1
78 0 -68249.19117771 0
79 1 60378.70836923 1
80 1 52758.96262452 1
81 0 -46244.16383865 0
82 0 -63876.76252255 0
83 1 61621.28509793 1
84 0 -56785.17598343 0
85 1 60257.24993360 1
86 0 -60401.03926795 0
87 1 50184.64601050 1
88 0 -46028.99884203 0
89 0 -58209.23413537 0
90 0 -54871.08987224 0
91 0 -60373.79645621 0
92 1 53191.32485338 1
93 1 56539.51239758 1
94 1 50297.09153859 1
95 0 -46338.93098949 0
96 0 -55475.05335425 0
97 1 47793.50144333 1
98 1 53388.44234527 1
99 0 -45982.11862235 0
100 1 54241.88864718 1
101 1 44623.74234507 1
102 1 50659.88320804 1
103 1 53741.61843333 1
104 0 -44976.79509466 0
105 1 53994.59139680 1
106 0 -51235.43737280 0
107 0 -54250.72041603 0
108 0 -48149.65331569 0
109 1 55980.20813591 1
110 1 53049.10595205 1
111 0 -58511.17423425 0
112 1 45119.47306087 1
113 0 -58974.29577865 0
114 1 66998.04609672 1
115 1 54981.70575164 1
116 1 56365.44480865 1
117 1 55976.83388725 1
118 1 51261.92611469 1
119 0 -55182.24655482 0
120 0 -59763.94095002 0
121 0 -68797.48997371 0
122 1 65981.30528966 1
123 0 -61374.02188656 0
124 0 -54792.13688551 0
125 0 -61029.43836662 0
126 1 59767.76501036 1
127 0 -60719.26795169 0
128 1 63434.34168806 1
129 1 59198.20816012 1
130 0 -53273.63741385 0
131 1 58254.63632208 1
132 1 54635.13938320 1
133 0 -61570.99945397 0
134 0 -61332.42965378 0
135 1 63178.02006787 1
136 0 -51403.79974555 0
137 1 52105.10999941 1
138 1 58649.44409570 1
139 1 62740.27787032 1
140 0 -65220.37643063 0
141 0 -68963.31740507 0
142 1 61740.95674203 1
143 0 -60777.22855960 0
144 1 42430.66321703 1
145 0 -64222.12973075 0
146 0 -61368.17636580 0
147 1 61660.65849571 1
148 1 69694.88874420 1
149 0 -62262.43686620 0
150 1 55720.22581647 1
151 0 -59029.08245612 0
152 0 -59509.13531164 0
153 0 -68973.23072243 0
154 1 65105.71535236 1
155 1 64799.67791919 1
156 0 -70525.21221330 0
157 1 70482.12549593 1
158 1 53238.47269582 1
159 0 -71181.19393542 0
160 1 62863.29097147 1
161 1 59649.06260699 1
162 0 -69652.31338276 0
163 1 67380.39495668 1
164 1 56093.96388935 1
165 0 -62406.85880233 0
166 1 62363.86730885 1
167 0 -62536.59242490 0
168 1 59994.85069358 1
169 1 63566.82896641 1
170 0 -61385.59273301 0
171 0 -52561.44304247 0
172 1 51845.63096492 1
173 0 -52661.46282536 0
174 0 -54838.70497707 0
175 1 52441.99609668 1
176 1 55127.86481403 1
177 0 -64566.00364444 0
178 1 45599.63517619 1
179 1 52386.14613813 1
180 0 -51544.24561701 0
181 0 -52369.85846149 0
182 0 -51241.66922715 0
183 0 -46604.67607335 0
184 0 -59307.94588645 0
185 1 45227.53793922 1
186 0 -50617.84497321 0
187 1 47596.18413017 1
188 0 -50879.73225800 0
189 0 -41845.93653487 0
190 0 -62015.02332138 0
191 0 -53196.39441830 0
192 0 -43744.83590219 0
193 0 -46649.75612010 0
194 0 -52061.45682040 0
195 1 48654.18572509 1
196 0 -34234.02608180 0
197 1 47741.01608956 1
198 0 -48042.33946185 0
199 1 41659.85199870 1
200 0 -43593.61311041 0
201 0 -45437.23917567 0
202 1 46034.15029806 1
203 1 40998.31473356 1
204 1 46913.71119371 1
205 1 54382.01009169 1
206 1 47002.87142378 1
207 0 -52403.32573273 0
208 0 -48337.10734767 0
209 0 -45573.56094825 0
210 0 -55613.36583992 0
211 1 51091.57115067 1
212 1 56347.79816611 1
213 1 38012.12612448 1
214 0 -52248.13548820 0
215 1 48808.56552297 1
216 1 46149.24841985 1
217 1 50946.64166773 1
218 0 -49609.92114087 0
219 0 -60804.00406350 0
220 0 -29104.12360465 0
221 0 -49747.62442219 0
222 0 -50072.65923612 0
223 0 -39479.11866681 0
224 1 49789.70335845 1
225 0 -55833.80100152 0
226 1 54366.79381817 1
227 0 -40205.81213523 0
228 0 -47476.54345359 0
229 1 52299.51960860 1
230 0 -52768.02407288 0
231 0 -54048.36545053 0
232 0 -49474.89395296 0
233 1 54231.71660057 1
234 0 -46383.38856862 0
235 1 46006.49755338 1
236 1 28410.33546892 1
237 0 -50306.17397815 0
238 1 39425.31818597 1
239 0 -47194.36636981 0
240 0 -42397.87140570 0
241 0 -35166.08273295 0
242 1 38640.60739973 1
243 1 28377.68368815 1
244 1 49958.18097506 1
245 1 39242.55428580 1
246 0 -45012.74613235 0
247 1 62489.57466648 1
248 0 -35463.59749258 0
249 0 -39876.00343793 0
250 0 -46964.55737347 0
251 0 -54231.14542016 0
252 0 -42551.33317095 0
253 1 41363.48096972 1
254 0 -61175.68604019 0
255 1 47738.71973215 1
256 1 39721.55891125 1
257 1 49384.87201661 1
258 0 -52531.38249448 0
259 0 -52207.52050083 0
260 0 -46168.81318906 0
261 1 61077.46245346 1
262 0 -46902.56501028 0
263 0 -48618.75606065 0
264 0 -47366.85469103 0
265 1 58900.60680485 1
266 1 50972.92967938 1
267 1 49017.17110121 1
268 1 64479.31802114 1
269 1 45146.85911032 1
270 0 -58438.76929267 0
271 0 -56655.97617885 0
272 0 -50464.43365091 0
273 1 54747.24232531 1
274 1 59825.91414683 1
275 0 -65818.02254136 0
276 1 43990.69819107 1
277 1 54493.40498436 1
278 0 -48976.67410089 0
279 0 -60820.99498607 0
280 1 50883.20166579 1
281 1 53106.62060791 1
282 1 61973.79958181 1
283 0 -43411.02361113 0
284 0 -39845.63068522 0
285 0 -42803.29767216 0
286 1 58180.68351189 1
287 0 -49759.48461822 0
288 1 52657.89707278 1
289 1 60687.85325432 1
290 0 -43265.43475916 0
291 1 44385.88201352 1
292 1 39241.00564832 1
293 0 -57352.07993639 0
294 1 52070.35219502 1
295 1 54036.26241171 1
296 1 55433.84393096 1
297 0 -43490.17569926 0
298 0 -49034.05490702 0
299 0 -39467.41561855 0
300 0 -65577.77201914 0
301 1 49738.70361623 1
302 1 52391.14380240 1
303 0 -56144.58920477 0
304 1 46359.40423673 1
305 1 51525.14764324 1
306 1 39627.75375315 1
307 0 -62667.36473121 0
308 0 -52858.64495025 0
309 1 60641.17189655 1
310 1 61800.11522721 1
311 0 -50993.69030327 0
312 1 52375.84847461 1
313 0 -56392.08595063 0
314 0 -63247.07023308 0
315 0 -67014.12166736 0
316 0 -65078.91702779 0
317 0 -71682.57885999 0
318 0 -45379.47037598 0
319 0 -61008.18076785 0
320 0 -55024.41751789 0
321 0 -69384.77783564 0
322 0 -58845.48752188 0
323 1 68815.39345905 1
324 0 -64307.75432843 0
325 0 -58902.32713387 0
326 1 59473.30915474 1
327 0 -64908.78940282 0
328 1 64524.62795473 1
329 1 67457.76940894 1
330 1 63527.62774609 1
331 0 -72097.15599246 0
332 0 -65604.02970022 0
333 1 63913.47689906 1
334 1 52062.08384241 1
335 0 -71178.44321545 0
336 1 69676.20641343 1
337 0 -55913.36323011 0
338 0 -61229.79116281 0
339 0 -46298.13878935 0
340 0 -58907.68594493 0
341 0 -57008.41725850 0
342 0 -59695.47718121 0
343 1 64344.22395789 1
344 0 -60779.43862112 0
345 0 -66574.34445140 0
346 1 48958.13104363 1
347 1 49228.67115421 1
348 0 -44220.90480017 0
349 0 -60121.73350385 0
350 1 63839.17919946 1
351 1 62593.09637593 1
352 0 -69489.00713725 0
353 1 42310.45229437 1
354 1 45425.06854848 1
355 1 55272.00133792 1
356 0 -58202.91906007 0
357 0 -50888.90277863 0
358 1 54993.54394160 1
359 0 -55911.95430324 0
360 0 -39486.52053578 0
361 0 -43776.98135918 0
362 0 -45114.93963514 0
363 0 -48178.85498044 0
364 1 54529.95541248 1
365 0 -55236.00590343 0
366 0 -64740.03544991 0
367 1 37157.07754435 1
368 0 -41348.92617095 0
369 0 -63420.46767863 0
370 1 60532.30329445 1
371 0 -68327.22291327 0
372 0 -66882.96962096 0
373 1 67509.44798313 1
374 0 -39956.68110577 0
375 1 56528.92967835 1
376 0 -56216.27007346 0
377 1 57954.86939091 1
378 0 -71932.65931729 0
379 1 64546.57414846 1
380 1 70953.18813139 1
381 0 -53388.75277114 0
382 1 47109.09603786 1
383 1 53056.09492552 1
384 1 60946.02138234 1
385 1 62712.21749246 1
386 0 -64454.93027671 0
387 1 71622.84264732 1
388 0 -48497.81612821 0
389 1 49073.00091815 1
390 0 -57590.53588117 0
391 0 -66559.60610492 0
392 1 63273.34856113 1
393 0 -60232.90862065 0
394 1 67075.57352909 1
395 0 -52953.16509959 0
396 0 -59387.92560402 0
397 1 53110.03377901 1
398 1 75496.47809658 1
399 1 56822.45112147 1
400 1 63935.59747910 1
401 0 -69932.02451220 0
402 1 53668.17726309 1
403 0 -52449.12700779 0
404 0 -58348.74721408 0
405 0 -63500.10277833 0
406 1 57552.70374585 1
407 0 -49759.53852955 0
408 1 56426.38542379 1
409 0 -43156.69095541 0
410 1 55875.90765149 1
411 0 -60367.98799985 0
412 0 -59886.96733928 0
413 1 61860.23882618 1
414 0 -54183.80138605 0
415 1 63469.31185557 1
416 1 43759.62074383 1
417 0 -49262.87204684 0
418 0 -63171.83869613 0
419 0 -48926.65882122 0
420 0 -67997.75162693 0
421 1 55117.23496494 1
422 1 62195.61912713 1
423 1 45483.78632715 1
424 1 59463.14111810 1
425 1 60006.40887390 1
426 1 48102.01678987 1
427 1 49579.46348348 1
428 1 47212.63589808 1
429 0 -50212.81288656 0
430 0 -41471.51786864 0
431 1 50780.00304911 1
432 0 -56515.92351247 0
433 0 -61503.93340248 0
434 1 54350.21636885 1
435 0 -47041.54628879 0
436 0 -63601.61511755 0
437 1 39460.30164295 1
438 1 52381.54781730 1
439 0 -50962.30416150 0
440 0 -61105.37360919 0
441 0 -54308.56999329 0
442 0 -45656.46289481 0
443 1 61794.68401160 1
444 1 51117.82555804 1
445 1 47958.83611907 1
446 0 -49903.93091563 0
447 0 -49090.58064406 0
448 1 59204.83824272 1
449 0 -40446.95733593 0
450 1 48862.61898934 1
451 0 -43028.95184919 0
452 0 -56133.26823329 0
453 1 63966.00752570 1
454 0 -69536.42398538 0
455 1 55255.60036088 1
456 0 -52682.49625413 0
457 0 -67800.30153018 0
458 1 49544.22021052 1
459 1 50177.24662889 1
460 0 -58495.75552842 0
461 0 -44422.92708441 0
462 0 -48909.29432735 0
463 0 -49317.06538675 0
464 1 55022.91985701 1
465 0 -38573.99398571 0
466 1 32809.20742233 1
467 1 48890.38292048 1
468 1 47024.84049056 1
469 1 49531.14188464 1
470 0 -35890.72473726 0
471 0 -50254.15350870 0
472 0 -40516.27807270 0
473 0 -45267.51372532 0
474 1 48199.95418068 1
475 0 -45275.64917014 0
476 1 55601.57312922 1
477 0 -46690.31378781 0
478 1 59989.61356259 1
479 1 45018.06211010 1
480 0 -42528.85011236 0
481 1 42878.11703328 1
482 1 54876.90414200 1
483 0 -52882.43819328 0
484 0 -51516.15567538 0
485 1 50648.53890496 1
486 0 -43740.15336944 0
487 0 -52127.89178654 0
488 0 -48487.55303775 0
489 1 55762.27656495 1
490 0 -62364.07100285 0
491 0 -46152.55454008 0
492 1 64201.27818528 1
493 0 -48338.30251299 0
494 0 -57300.25731570 0
495 1 40897.50647161 1
496 0 -67268.92588700 0
497 1 58881.48655623 1
498 0 -56061.98588532 0
499 0 -56675.23405354 0
500 1 45584.11666512 1
501 1 46818.43356895 1
502 0 -49839.29216750 0
503 0 -65631.43470121 0
504 0 -65394.86699973 0
505 1 49026.54772389 1
506 0 -64390.84333722 0
507 0 -57973.67923294 0
508 0 -55290.08924885 0
509 1 57236.26166867 1
510 0 -67640.57774006 0
511 1 53428.97367203 1
512 0 -62771.13762169 0
513 0 -64606.44993031 0
514 0 -51011.51268725 0
515 1 45787.83561140 1
516 0 -58829.16849602 0
517 0 -58444.74442906 0
518 1 61405.92866506 1
519 0 -54108.52389024 0
520 0 -67546.70497321 0
521 1 45266.62455143 1
522 1 56993.43366668 1
523 0 -64185.09139481 0
524 1 54482.21466164 1
525 0 -51056.10196499 0
526 0 -54393.10361800 0
527 0 -62571.30393171 0
528 0 -51199.41161416 0
529 0 -50960.59454892 0
530 0 -54752.74256711 0
531 1 50906.50162394 1
532 0 -56268.62257689 0
533 1 58944.23391155 1
534 0 -72433.76535886 0
535 1 42415.40044657 1
536 1 63094.84745640 1
537 1 55433.41282218 1
538 1 60890.22131712 1
539 1 63445.80269005 1
540 1 55216.16057801 1
541 0 -58044.92705815 0
542 0 -52131.90270834 0
543 1 49961.30195285 1
544 1 52219.97173284 1
545 0 -47858.90303710 0
546 1 60128.29058496 1
547 0 -46103.15624768 0
548 0 -53871.39056091 0
549 0 -40559.43203938 0
550 0 -51257.06581265 0
551 1 57612.59574601 1
552 1 61372.41870188 1
553 0 -64063.40210672 0
554 0 -49791.05210156 0
555 0 -58545.40883702 0
556 0 -45492.34273579 0
557 0 -46652.98003024 0
558 1 56556.73876981 1
559 0 -51197.84888646 0
560 0 -63345.25384251 0
561 1 52833.18982225 1
562 1 70107.94718846 1
563 0 -47990.59686248 0
564 0 -47973.64738305 0
565 1 58828.96425208 1
566 0 -66125.04255592 0
567 1 61237.17170806 1
568 0 -49774.87706999 0
569 0 -62167.10024123 0
570 1 44707.90687143 1
571 0 -60145.37706375 0
572 0 -47990.99641268 0
573 0 -64286.12379994 0
574 0 -68145.79184622 0
575 0 -52122.58513863 0
576 0 -67239.53069064 0
577 0 -47512.01522736 0
578 1 51392.00720362 1
579 1 56232.13407881 1
580 0 -65622.69825010 0
581 0 -70032.98161120 0
582 1 57422.35412385 1
583 1 70347.23547945 1
584 1 43829.56590377 1
585 0 -60540.60026908 0
586 1 56964.70194771 1
587 0 -62279.12191535 0
588 1 62422.39945663 1
589 0 -50216.01813321 0
590 0 -57466.52506734 0
591 1 46150.76846848 1
592 1 51876.76952380 1
593 0 -59182.63701510 0
594 0 -60467.76803101 0
595 0 -64831.02934017 0
596 1 48854.28062181 1
597 0 -60877.70872541 0
598 1 50818.14003584 1
599 1 61965.22403943 1
600 0 -54914.11794977 0
601 0 -57166.70970674 0
602 1 59052.89757377 1
603 0 -55585.93671992 0
604 1 46944.35627222 1
605 1 45879.74462586 1
606 1 55038.98600361 1
607 0 -56443.47764681 0
608 1 60388.13850832 1
609 1 61556.30618323 1
610 0 -46942.30097479 0
611 0 -54508.93065135 0
612 0 -41585.01070652 0
613 0 -59084.47338147 0
614 0 -62489.69174183 0
615 0 -58311.40704933 0
616 0 -67684.69959607 0
617 1 66319.49284103 1
618 1 57073.08044177 1
619 1 61018.36687378 1
620 1 60586.46330333 1
621 1 61766.90458937 1
622 0 -68834.87968774 0
623 1 62675.18762102 1
624 0 -57351.47992240 0
625 1 65334.65580275 1
626 1 57741.92553543 1
627 0 -69589.65695222 0
628 0 -68043.56148484 0
629 1 76511.68344730 1
630 1 66604.36755020 1
631 0 -58234.87286935 0
632 1 63415.67479323 1
633 0 -48054.66743106 0
634 0 -69225.13073587 0
635 1 58238.90162302 1
636 1 66012.46464189 1
637 0 -71956.61226458 0
638 1 53398.36046729 1
639 0 -69581.54841589 0
640 0 -56781.09390125 0
641 0 -66018.82260634 0
642 1 62763.17085092 1
643 0 -64345.84737098 0
644 1 65245.52056582 1
645 1 62454.79023168 1
646 1 71125.94880223 1
647 1 64215.83649627 1
648 1 60358.79678718 1
649 1 58542.25375213 1
650 1 73249.02232552 1
651 0 -64290.52390605 0
652 0 -66437.39431373 0
653 1 72558.96064013 1
654 1 66712.91794178 1
655 1 57255.13871416 1
656 1 46233.92476736 1
657 0 -73286.85856043 0
658 0 -59430.98570893 0
659 1 59882.41174002 1
660 0 -62675.97260145 0
661 0 -57003.41449720 0
662 0 -62885.89439409 0
663 1 51851.76973308 1
664 1 65302.88980556 1
665 0 -58946.88955026 0
666 1 66307.21720029 1
667 0 -65138.96104589 0
668 0 -55484.32959198 0
669 0 -68650.30773860 0
670 1 46377.26004042 1
671 0 -53589.08322650 0
672 0 -56828.62749101 0
673 0 -43620.40170093 0
674 1 58775.74758870 1
675 1 41541.34998306 1
676 0 -50607.16743954 0
677 1 45922.72898898 1
678 1 57485.55337499 1
679 1 61160.78038977 1
680 1 47160.09254040 1
681 0 -58426.71036646 0
682 1 47325.55989497 1
683 1 54174.20615896 1
684 0 -45725.26899973 0
685 0 -61627.79879014 0
686 0 -66227.27530735 0
687 0 -53647.06456588 0
688 0 -68238.09222200 0
689 0 -53732.56137096 0
690 1 68694.50556021 1
691 1 58735.82782917 1
692 1 60475.25218706 1
693 0 -56864.01168053 0
694 0 -52509.38893612 0
695 1 68403.11845298 1
696 0 -39980.90496761 0
697 0 -71877.70494763 0
698 1 63764.38197080 1
699 0 -69518.52048975 0
700 1 57788.80669768 1
701 0 -55969.48699095 0
702 1 65004.30623728 1
703 1 51933.70768058 1
704 0 -69946.31721208 0
705 1 71214.22919780 1
706 0 -68097.11260329 0
707 1 71566.69872830 1
708 1 50496.36456078 1
709 0 -74321.97166079 0
710 0 -56817.58984678 0
711 1 70556.61604994 1
712 1 55228.88293047 1
713 1 49154.36778373 1
714 0 -67052.96229591 0
715 0 -53027.87198812 0
716 1 61231.03414837 1
717 1 59724.57794233 1
718 1 62575.46747605 1
719 0 -55791.71300005 0
720 0 -56950.38347607 0
721 0 -64142.43207277 0
722 1 50415.07292204 1
723 1 59393.63411262 1
724 1 46921.87293763 1
725 1 58646.86580457 1
726 0 -50380.38112796 0
727 0 -55491.51547469 0
728 0 -62009.83468679 0
729 1 51624.17251561 1
730 1 65812.93015892 1
731 0 -57415.16665363 0
732 0 -52269.49328277 0
733 0 -49448.51203958 0
734 1 59864.33403947 1
735 0 -63305.79458032 0
736 1 58644.12990049 1
737 0 -65530.89877776 0
738 0 -61086.10306467 0
739 1 66504.58411009 1
740 1 52527.97778849 1
741 0 -60314.75390328 0
742 1 62464.91540010 1
743 0 -63497.90023572 0
744 0 -71188.19228030 0
745 1 63926.59728123 1
746 0 -68140.03409650 0
747 1 66736.82641277 1
748 0 -64599.47484829 0
749 0 -62199.33370418 0
750 1 66659.28086981 1
751 1 67481.42426678 1
752 1 60538.29782832 1
753 0 -64848.34136552 0
754 0 -59304.29370736 0
755 1 70010.92023521 1
756 0 -55649.67234617 0
757 0 -68431.66840691 0
758 1 66366.61616557 1
759 1 52193.97869260 1
760 0 -60762.14115541 0
761 1 58143.56324907 1
762 0 -56061.07830169 0
763 1 54531.71417985 1
764 0 -65951.84848699 0
765 1 61373.07234217 1
766 1 55515.43669305 1
767 0 -57585.82452753 0
768 1 52636.86979617 1
769 0 -62209.08385429 0
770 1 55942.30990495 1
771 1 61149.17387755 1
772 0 -60518.69030847 0
773 0 -51550.38760443 0
774 0 -52669.52745609 0
775 0 -54158.53559583 0
776 1 61203.70383526 1
777 0 -61489.68883919 0
778 1 54251.27892078 1
779 0 -68931.11603409 0
780 0 -52156.25132287 0
781 1 58183.44509394 1
782 0 -57675.57262472 0
783 1 69933.01204594 1
784 0 -63955.79841491 0
785 0 -66642.99238347 0
786 1 71728.25843666 1
787 0 -60487.07311340 0
788 1 64152.48846889 1
789 1 67129.84668737 1
790 0 -75669.05371566 0
791 1 74935.11852523 1
792 1 67024.49924356 1
793 1 72642.78784119 1
794 1 46296.48059538 1
795 1 76698.00788372 1
796 1 67548.64177965 1
797 1 72813.30056997 1
798 1 66784.73499981 1
799 0 -61360.26036686 0
800 0 -70192.66311205 0
801 1 63428.37350326 1
802 1 64350.63233096 1
803 1 63270.37390479 1
804 0 -72122.23434793 0
805 1 69042.15346067 1
806 0 -56507.39315527 0
807 1 61219.16471934 1
808 1 48752.29498892 1
809 1 71761.62830681 1
810 1 63229.73924067 1
811 0 -65802.90891411 0
812 0 -69708.38333115 0
813 0 -56433.66054589 0
814 0 -50703.98364761 0
815 1 52456.12417806 1
816 1 67587.09625148 1
817 1 53761.13252689 1
818 0 -66431.66763596 0
819 0 -54034.68869093 0
820 0 -47870.66872290 0
821 1 62471.80520322 1
822 0 -49630.29646673 0
823 0 -66575.42664058 0
824 1 62551.09933837 1
825 0 -70390.45687848 0
826 1 60085.68949389 1
827 0 -43030.37981321 0
828 1 59855.21743660 1
829 0 -52930.03436781 0
830 1 70063.59076441 1
831 0 -60804.61127435 0
832 1 63950.81027736 1
833 0 -51030.10877778 0
834 0 -37182.18306966 0
835 1 73039.94207766 1
836 1 51770.43664118 1
837 1 65865.94231620 1
838 0 -61860.28045421 0
839 1 62193.11682504 1
840 0 -53835.74162643 0
841 1 48479.25389653 1
842 0 -61415.23000825 0
843 1 47600.75072441 1
844 1 69764.38807411 1
845 0 -58016.34259447 0
846 1 55416.28559522 1
847 1 49279.53212876 1
848 1 40009.35361109 1
849 0 -60483.45208399 0
850 1 42812.57874324 1
851 1 60213.27710907 1
852 1 62781.02959186 1
853 1 52454.41578022 1
854 0 -50895.95105880 0
855 1 53639.92378574 1
856 0 -69061.83372740 0
857 1 50089.60802728 1
858 1 65551.45716597 1
859 1 51745.20020817 1
860 0 -62922.64800195 0
861 1 61138.49204962 1
862 0 -51879.19503862 0
863 1 67558.03084710 1
864 0 -53034.95484544 0
865 1 70333.32740198 1
866 1 53322.76565715 1
867 0 -49090.86913210 0
868 1 53355.19880988 1
869 0 -36956.08447525 0
870 0 -59131.44145093 0
871 1 51245.67050179 1
872 1 66708.96072098 1
873 0 -57501.20084437 0
874 0 -57923.23197639 0
875 0 -72844.99681704 0
876 1 61444.92350275 1
877 0 -51307.95478771 0
878 0 -49524.50214560 0
879 0 -58349.03524186 0
880 0 -61642.45979337 0
881 1 60117.28853413 1
882 0 -64810.11143842 0
883 1 45164.31793892 1
884 1 60091.87360079 1
885 1 50232.28467030 1
886 1 54494.40045528 1
887 0 -48560.20380944 0
888 1 47731.73084588 1
889 0 -50467.11986156 0
890 1 31352.02269492 1
891 1 60721.45435062 1
892 0 -48440.58774621 0
893 0 -67737.05090053 0
894 1 59171.91381975 1
895 0 -57754.42530229 0
896 0 -65801.12588540 0
897 1 34003.38505199 1
898 1 62864.16990984 1
899 0 -28998.16791490 0
900 1 63316.62992441 1
901 1 45485.74388884 1
902 1 49635.70704250 1
903 0 -54990.33382106 0
904 1 30792.03463947 1
905 0 -44765.66934664 0
906 0 -28181.54094658 0
907 1 52013.83209265 1
908 1 46945.05993236 1
909 1 41063.52733086 1
910 1 45584.37376768 1
911 1 26115.12133882 1
912 0 -50119.99800553 0
913 0 -45600.72820468 0
914 0 -58191.57734195 0
915 0 -50031.15947731 0
916 1 65688.35518560 1
917 1 59135.16333484 1
918 1 45756.08061000 1
919 1 65739.07020996 1
920 1 57162.18871540 1
921 1 64467.72579867 1
922 1 62391.97271566 1
923 0 -59508.37236195 0
924 0 -56290.26488135 0
925 1 47036.14417783 1
926 0 -53176.18191669 0
927 0 -50351.91080435 0
928 1 69856.95997394 1
929 0 -60196.22161412 0
930 1 52496.18886456 1
931 0 -54158.42520263 0
932 1 46099.18002597 1
933 1 58964.85157987 1
934 1 50899.72719633 1
935 0 -60200.40027789 0
936 0 -64052.96918702 0
937 1 59606.67506069 1
938 1 60934.74223329 1
939 1 49226.60085136 1
940 1 62844.38746737 1
941 1 45008.42770520 1
942 0 -63525.00681917 0
943 1 61950.75584003 1
944 1 62407.72679871 1
945 1 53853.29090720 1
946 1 47831.72651784 1
947 0 -68737.09858485 0
948 0 -56642.15460629 0
949 0 -69345.88386252 0
950 1 54593.20900459 1
951 0 -45485.23883639 0
952 0 -64531.85245884 0
953 1 43458.11569783 1
954 1 58336.82357901 1
955 1 37500.91636418 1
956 1 65103.23118984 1
957 1 52152.65167076 1
958 0 -57520.96219380 0
959 1 65338.52460426 1
960 1 41852.93114878 1
961 0 -51593.01118214 0
962 0 -42980.76994937 0
963 0 -63852.69590706 0
964 0 -57906.14213719 0
965 1 52114.89123956 1
966 1 64184.90570710 1
967 1 53903.32112184 1
968 1 70237.87101081 1
969 0 -62753.00475429 0
970 0 -63278.14391756 0
971 1 57102.68965592 1
972 1 64855.41501328 1
973 0 -67111.97661343 0
974 1 52704.96685621 1
975 0 -57575.59636698 0
976 0 -59380.92855844 0
977 1 62898.94211774 1
978 1 62551.38763703 1
979 1 67758.86749308 1
980 1 65681.02092761 1
981 1 43787.86203575 1
982 0 -57644.22541906 0
983 1 61805.39143389 1
984 0 -57237.48183072 0
985 0 -48164.44447446 0
986 0 -66342.69638909 0
987 0 -60082.98848721 0
988 1 54496.33728073 1
989 1 65737.79399777 1
990 0 -54424.93256348 0
991 0 -48860.88630162 0
992 0 -50245.83553831 0
993 1 64801.10766181 1
994 1 63802.82334234 1
995 1 49506.90140743 1
996 0 -71134.94026686 0
997 0 -57907.99970649 0
998 1 66450.79495090 1
999 0 -61561.57035945 0
1000 0 -64256.42074660 0
1001 1 66036.78314247 1
1002 0 -56307.05822480 0
1003 1 67693.99235642 1
1004 0 -52643.85570027 0
1005 0 -61714.03278337 0
1006 0 -61969.04659263 0
1007 1 57096.03451897 1
1008 0 -57792.09756979 0
1009 1 48509.24304138 1
1010 1 64544.21017862 1
1011 1 46322.46547353 1
1012 1 60113.20015446 1
1013 0 -65086.71751637 0
1014 0 -64975.76541532 0
1015 1 59731.52126242 1
1016 1 48821.27078140 1
1017 1 61992.36355404 1
1018 0 -45358.07941533 0
1019 1 56354.67904265 1
1020 0 -62254.40018914 0
1021 0 -61198.85800722 0
1022 0 -66598.44244565 0
1023 1 57016.85515953 1
1024 0 -58744.44922028 0
1025 0 -42854.10596044 0
1026 1 61160.01124542 1
1027 1 58449.23395048 1
1028 1 59483.47621818 1
1029 0 -61970.80617077 0
1030 0 -50131.15033502 0
1031 0 -60808.78912526 0
1032 0 -34695.47009464 0
1033 0 -59054.65269646 0
1034 1 67279.24456549 1
1035 0 -60545.56378402 0
1036 1 57583.82779283 1
1037 0 -39416.93502408 0
1038 1 53083.68097194 1
1039 0 -33064.42539802 0
1040 1 58705.62768982 1
1041 1 60156.40848452 1
1042 1 62196.29000119 1
1043 1 57943.50794213 1
1044 1 33219.99590657 1
1045 1 56480.51860317 1
1046 0 -34467.36699753 0
1047 0 -58036.47829270 0
1048 1 62245.51329580 1
1049 1 69873.00223773 1
1050 1 55937.36422290 1
1051 1 51421.66147116 1
1052 1 57506.87143562 1
1053 1 46460.03140520 1
1054 0 -60046.43598158 0
1055 0 -65379.10270461 0
1056 1 66120.47050790 1
1057 0 -65002.20882640 0
1058 1 54233.06343151 1
1059 0 -64142.23220256 0
1060 1 51427.29048635 1
1061 0 -61124.97846274 0
1062 0 -67342.34352280 0
1063 0 -73581.93156778 0
1064 1 48472.83342933 1
1065 0 -54207.60841526 0
1066 0 -62902.61596553 0
1067 1 48782.32114990 1
1068 1 62018.78376150 1
1069 1 61349.61444041 1
1070 1 65995.19043378 1
1071 1 60282.81776513 1
1072 1 45797.99271769 1
1073 1 62284.43848310 1
1074 0 -58003.28813101 0
1075 1 58825.14831408 1
1076 1 57515.15025841 1
1077 0 -75094.66539815 0
1078 0 -55549.70365711 0
1079 0 -57286.80795311 0
1080 0 -56655.63863338 0
1081 1 54505.80813096 1
1082 1 66568.34180758 1
1083 1 57451.61736398 1
1084 1 62009.22920981 1
1085 0 -63703.94772660 0
1086 1 53119.55177314 1
1087 0 -65335.12834854 0
1088 0 -54095.45605490 0
1089 1 66693.80530768 1
1090 0 -58390.98388394 0
1091 0 -58234.36092832 0
1092 0 -59992.04370774 0
1093 0 -47958.19088529 0
1094 0 -61648.68258417 0
1095 0 -48888.04322667 0
1096 1 59589.58529609 1
1097 0 -60180.35710786 0
1098 1 51742.96263030 1
1099 1 67652.00342877 1
1100 0 -54736.00520244 0
1101 0 -56597.53983667 0
1102 0 -52191.44522163 0
1103 0 -54573.43946538 0
1104 1 50479.97081941 1
1105 0 -52281.13992495 0
1106 1 75707.78440154 1
1107 0 -51389.27285565 0
1108 1 62227.47884505 1
1109 1 56695.47628738 1
1110 0 -65024.43869783 0
1111 1 47352.82796725 1
1112 0 -52268.21531087 0
1113 1 59133.00820287 1
1114 1 53838.95072023 1
1115 1 49809.32826387 1
1116 1 36286.40696467 1
1117 0 -51332.54180985 0
1118 0 -39260.68049501 0
1119 1 48503.02385356 1
1120 0 -47730.74313074 0
1121 1 51274.73840971 1
1122 0 -54947.29873237 0
1123 1 38128.95127500 1
1124 0 -53086.65942341 0
1125 0 -44547.47595432 0
1126 0 -50202.67105219 0
1127 0 -58511.58506761 0
1128 0 -55649.96237268 0
1129 0 -57817.81832708 0
1130 0 -48648.05497835 0
1131 1 44511.12556532 1
1132 0 -53260.12067585 0
1133 1 45224.67544865 1
1134 1 60411.02107155 1
1135 0 -68521.45108359 0
1136 1 55090.69977911 1
1137 1 56589.57208228 1
1138 1 54797.89247177 1
1139 1 63233.37289661 1
1140 0 -41459.96936433 0
1141 1 68136.43177227 1
1142 0 -54725.67475720 0
1143 0 -57618.73701778 0
1144 1 52027.47033730 1
1145 1 57339.69791225 1
1146 1 55828.43736814 1
1147 1 53695.06319452 1
1148 0 -66419.15569897 0
1149 0 -55100.00326523 0
1150 1 60148.45807373 1
1151 0 -45313.14460923 0
1152 0 -53899.28189751 0
1153 0 -51787.94559450 0
1154 1 63535.19699515 1
1155 0 -68169.13610299 0
1156 1 44854.69848581 1
1157 0 -63960.47920207 0
1158 1 48522.16501400 1
1159 1 59148.16641056 1
1160 1 50513.17011189 1
1161 0 -58879.41882940 0
1162 1 57064.34100093 1
1163 1 46111.12904306 1
1164 1 62632.68648634 1
1165 0 -57828.03745404 0
1166 0 -53935.41635962 0
1167 1 59464.33248068 1
1168 0 -57667.34781847 0
1169 0 -59577.27812625 0
1170 1 60221.22468945 1
1171 0 -66933.32356588 0
1172 1 42853.02059890 1
1173 1 40149.52826294 1
1174 1 57985.79450719 1
1175 0 -56237.20969330 0
1176 0 -63249.63300364 0
1177 1 55109.07174268 1
1178 0 -65627.55011764 0
1179 1 38364.10160539 1
1180 1 45112.23198214 1
1181 1 61334.76401340 1
1182 0 -52090.35155728 0
1183 0 -51276.36165828 0
1184 0 -49880.48227010 0
1185 1 61896.02368095 1
1186 1 40368.06281151 1
1187 1 48721.53840114 1
1188 1 67706.86748239 1
1189 0 -52689.30283381 0
1190 0 -62078.60738561 0
1191 1 52779.50522240 1
1192 1 52145.45609703 1
1193 0 -43056.92190265 0
1194 0 -40201.25637979 0
1195 0 -56758.03770838 0
1196 0 -58207.78734096 0
1197 0 -57614.92594580 0
1198 1 52422.03031124 1
1199 0 -58922.08532324 0
1200 0 -47975.71580111 0
1201 1 43128.48657014 1
1202 1 55729.92340668 1
1203 0 -55590.58270559 0
1204 1 56045.25265722 1
1205 0 -61568.53371830 0
1206 0 -69792.84362093 0
1207 0 -49347.89102640 0
1208 0 -50451.95976878 0
1209 0 -58102.31406554 0
1210 1 52315.19228668 1
1211 0 -62206.08822374 0
1212 0 -51561.31788172 0
1213 1 63519.88975397 1
1214 0 -49463.48422318 0
1215 1 50467.66090438 1
1216 1 56905.77771027 1
1217 1 50337.84971099 1
1218 0 -56459.13780154 0
1219 0 -59433.73972526 0
1220 0 -59489.30355401 0
1221 0 -56869.62132054 0
1222 0 -48079.46823551 0
1223 0 -51762.17813219 0
1224 1 58886.53617475 1
1225 1 58373.07522611 1
1226 1 61376.20364923 1
1227 0 -63872.77666811 0
1228 0 -63654.21137374 0
1229 1 56292.73801632 1
1230 0 -51273.11939383 0
1231 1 60369.22544629 1
1232 1 58197.43220480 1
1233 1 58639.66103415 1
1234 0 -62435.71218515 0
1235 1 52432.32989201 1
1236 1 58188.37091089 1
1237 1 51556.93193923 1
1238 0 -55030.63668649 0
1239 1 64453.62590817 1
1240 0 -55373.87417442 0
1241 1 63219.81616453 1
1242 0 -47946.30767193 0
1243 1 65361.51954054 1
1244 0 -59832.91982216 0
1245 1 55834.03207399 1
1246 0 -61428.15115581 0
1247 1 56331.34177506 1
1248 1 61285.14413604 1
1249 1 54187.37804392 1
1250 1 64555.22611979 1
1251 1 55664.29404844 1
1252 1 58302.52667348 1
1253 0 -61886.79607690 0
1254 1 50124.50976574 1
1255 1 61930.16360135 1
1256 0 -41039.38112314 0
1257 1 65237.66284081 1
1258 0 -54065.50120931 0
1259 1 64219.00602202 1
1260 1 59274.82697733 1
1261 1 60898.02227867 1
1262 1 48321.15011405 1
1263 1 46534.83363531 1
1264 0 -54540.99166789 0
1265 1 51590.20540402 1
1266 1 58681.18246649 1
1267 1 44714.35537281 1
1268 1 48259.08490994 1
1269 1 45142.33177663 1
1270 0 -38695.31709134 0
1271 0 -50946.55638853 0
1272 1 47379.95463206 1
1273 0 -53364.54874191 0
1274 0 -41224.46102884 0
1275 1 54119.58574508 1
1276 0 -48277.71762604 0
1277 1 33000.58607761 1
1278 1 56818.95995825 1
1279 1 48876.89262730 1
1280 1 52645.85585781 1
1281 1 54907.14062498 1
1282 0 -48635.12773051 0
1283 1 55064.56438658 1
1284 1 42180.00127591 1
1285 0 -51823.76192072 0
1286 0 -55816.45029750 0
1287 0 -49260.22289644 0
1288 1 50508.11643538 1
1289 0 -47430.23560422 0
1290 1 48345.28644685 1
1291 0 -44642.25227199 0
1292 1 50428.83847363 1
1293 1 52358.55882571 1
1294 0 -44024.78001847 0
1295 1 52681.01098519 1
1296 1 47187.52155374 1
1297 0 -47205.79881060 0
1298 1 53309.08473238 1
1299 0 -51821.56252954 0
1300 0 -54338.51492005 0
1301 0 -53007.74867037 0
1302 1 43174.21928986 1
1303 1 46643.26755550 1
1304 1 61875.36698726 1
1305 0 -58250.07927234 0
1306 0 -59197.50097673 0
1307 1 51203.39705399 1
1308 1 49251.75534162 1
1309 1 49817.09781216 1
1310 1 55375.25354243 1
1311 0 -59003.04720486 0
1312 0 -54722.20306476 0
1313 1 55328.16321949 1
1314 0 -56482.76807204 0
1315 0 -58320.99915598 0
1316 0 -50305.25227477 0
1317 0 -41056.37827859 0
1318 1 50478.45143242 1
1319 0 -38282.06912211 0
1320 0 -52852.32247734 0
1321 0 -55649.83472082 0
1322 0 -60151.43823834 0
1323 0 -50717.05431504 0
1324 0 -52380.30542544 0
1325 1 57443.64195041 1
1326 0 -41379.83500307 0
1327 1 42742.78626168 1
1328 1 45377.54894167 1
1329 0 -47271.11864851 0
1330 0 -49993.49336197 0
1331 1 61401.24798797 1
1332 0 -57082.31283740 0
1333 1 43929.45473548 1
1334 0 -57850.26395798 0
1335 0 -57481.48043776 0
1336 1 61969.41404460 1
1337 1 45609.63198369 1
1338 0 -57868.85457094 0
1339 1 54072.61899107 1
1340 0 -59225.53811158 0
1341 1 60260.37892048 1
1342 0 -57589.84074604 0
1343 0 -58930.15093263 0
1344 0 -59824.43886712 0
1345 1 61394.07572361 1
1346 1 54286.37984838 1
1347 1 43262.14106542 1
1348 1 53057.67332859 1
1349 1 53364.87003138 1
1350 0 -50272.04594261 0
1351 0 -61657.01639077 0
1352 0 -55945.35539392 0
1353 0 -65373.68214221 0
1354 1 54886.01001596 1
1355 0 -62158.64722902 0
1356 0 -67600.79450392 0
1357 0 -40523.22220629 0
1358 1 58987.55486190 1
1359 1 46900.08928611 1
1360 0 -58798.86251157 0
1361 1 40505.97080408 1
1362 0 -59569.30081821 0
1363 0 -66546.64345734 0
1364 1 51893.30410512 1
1365 0 -45080.90426447 0
1366 1 53414.31466749 1
1367 0 -45439.51505217 0
1368 1 42027.83964131 1
1369 1 53433.28464525 1
1370 0 -49225.60592843 0
1371 0 -44682.58276301 0
1372 0 -53215.38474519 0
1373 1 59563.80372636 1
1374 1 49308.03358329 1
1375 1 37260.15701974 1
1376 1 64374.87850649 1
1377 1 55524.97235443 1
1378 0 -59582.53555969 0
1379 1 50034.11820348 1
1380 0 -59286.78913427 0
1381 1 48487.53514979 1
1382 1 46437.74961009 1
1383 0 -68888.20850227 0
1384 1 61388.30949474 1
1385 0 -54855.53333964 0
1386 1 41055.89687296 1
1387 0 -62965.24632095 0
1388 0 -56012.54400892 0
1389 0 -49513.94368903 0
1390 1 55536.27152862 1
1391 1 59918.98232653 1
1392 0 -60939.59641105 0
1393 0 -55375.05538219 0
1394 0 -61667.84713675 0
1395 0 -51350.58603098 0
1396 1 51061.11260397 1
1397 1 68818.57801123 1
1398 0 -50960.54532257 0
1399 0 -59326.51546997 0
1400 0 -54375.43410374 0
1401 1 45448.43773368 1
1402 0 -57398.54178901 0
1403 0 -46911.80390330 0
1404 1 58783.77590833 1
1405 1 45568.96445149 1
1406 0 -47362.43723329 0
1407 0 -43530.35614145 0
1408 1 44513.90753362 1
1409 1 55970.00347981 1
1410 0 -38508.76842761 0
1411 1 39652.96835975 1
1412 1 50681.60632753 1
1413 1 49809.02503403 1
1414 0 -27077.58747147 0
1415 0 -34925.03009298 0
1416 1 54376.49342594 1
1417 1 42335.34786336 1
1418 0 -52141.98897245 0
1419 1 46029.26296251 1
1420 1 52185.21359111 1
1421 0 -24276.45941170 0
1422 1 45987.03804342 1
1423 0 -60234.45082193 0
1424 1 43284.88700071 1
1425 1 43907.18530461 1
1426 1 45013.11189764 1
1427 1 53942.33128764 1
1428 0 -43110.93122885 0
1429 1 47687.40271120 1
1430 1 57230.39166929 1
1431 1 40935.88135699 1
1432 0 -52794.67937669 0
1433 0 -53828.92836003 0
1434 1 51062.42456931 1
1435 0 -37518.35718753 0
1436 1 48415.10720593 1
1437 1 55207.79557865 1
1438 1 50743.67978812 1
1439 1 56244.53503869 1
1440 1 55515.69353814 1
1441 1 42483.08678902 1
1442 1 37741.37882743 1
1443 0 -59676.54078588 0
1444 0 -47335.13368148 0
1445 1 36972.70018101 1
1446 1 49374.37395478 1
1447 0 -49558.62253794 0
1448 1 49420.09213885 1
1449 0 -46987.71490816 0
1450 1 47986.76627024 1
1451 1 40451.12917467 1
1452 1 40572.85654022 1
1453 0 -47539.65559379 0
1454 1 47655.89488528 1
1455 1 42834.92402933 1
1456 1 48136.85612880 1
1457 0 -41433.34182942 0
1458 1 61920.63210170 1
1459 0 -34080.31098325 0
1460 0 -50607.58182141 0
1461 1 41155.00159879 1
1462 1 51272.17749318 1
1463 0 -48701.16170024 0
1464 1 47827.16031303 1
1465 1 49508.42154212 1
1466 1 33740.90055509 1
1467 1 48560.07346956 1
1468 0 -30814.41946801 0
1469 0 -45105.15197982 0
1470 0 -43151.08243148 0
1471 0 -42216.89646979 0
1472 1 48131.87040083 1
1473 1 31765.97472604 1
1474 1 47880.87214746 1
1475 1 34713.93696216 1
1476 0 -52888.23567977 0
1477 1 34806.76382803 1
1478 0 -39069.60708895 0
1479 0 -41357.55384058 0
1480 0 -31743.45474610 0
1481 0 -44323.71193239 0
1482 0 -48573.58160741 0
1483 0 -50640.42909899 0
1484 1 33416.70875429 1
1485 0 -45166.55628884 0
1486 1 50366.47360321 1
1487 1 36352.50143631 1
1488 1 47690.95944837 1
1489 0 -37530.43458878 0
1490 1 50770.76353627 1
1491 1 50682.15827556 1
1492 1 35998.82011154 1
1493 1 55269.26246802 1
1494 1 44728.53876047 1
1495 0 -49879.47271499 0
1496 0 -39694.50902370 0
1497 1 52068.05876531 1
1498 0 -51114.53826020 0
1499 0 -45247.14971559 0
1500 0 -55261.30565831 0
1501 1 47131.95061298 1
1502 1 56178.17204537 1
1503 1 47759.84483277 1
1504 1 50785.99799755 1
1505 0 -48258.45699041 0
1506 1 51857.49729454 1
1507 0 -53917.76933115 0
1508 0 -49666.81269090 0
1509 0 -51365.15782040 0
1510 0 -48317.76306341 0
1511 1 45764.56113997 1
1512 0 -36862.59165041 0
1513 0 -50707.65460010 0
1514 0 -51755.80708433 0
1515 1 46522.54301227 1
1516 0 -50155.42032210 0
1517 1 42004.59816438 1
1518 1 42653.51326526 1
1519 0 -46285.79757860 0
1520 1 52058.16719803 1
1521 1 51716.84802973 1
1522 0 -47551.87572483 0
1523 1 54076.05565497 1
1524 1 37062.93254640 1
1525 0 -44324.12910495 0
1526 1 42569.12945626 1
1527 1 55814.59458904 1
1528 0 -61471.62664660 0
1529 1 53973.91123545 1
1530 1 50275.46191286 1
1531 1 45531.95946744 1
1532 1 42121.19297016 1
1533 1 45348.32221682 1
1534 0 -55608.37130683 0
1535 0 -54176.19334808 0
1536 1 42816.42700304 1
1537 1 54658.90604596 1
1538 0 -34435.54276531 0
1539 0 -52657.31234225 0
1540 0 -44969.05836332 0
1541 0 -41289.14614079 0
1542 0 -50980.08721440 0
1543 1 38921.64393096 1
1544 1 47942.81148657 1
1545 1 40646.05837163 1
1546 1 47068.44331730 1
1547 0 -54923.93158891 0
1548 0 -41113.20730029 0
1549 0 -52044.81073370 0
1550 1 39820.99446922 1
1551 0 -48250.59539519 0
1552 1 41731.89566242 1
1553 1 43792.07097635 1
1554 0 -50716.73162541 0
1555 0 -45796.58213661 0
1556 1 54022.07842098 1
1557 0 -41361.48787598 0
1558 1 40598.81192246 1
1559 0 -36028.89533485 0
1560 1 48846.32376909 1
1561 0 -45503.78398330 0
1562 0 -55591.33554154 0
1563 0 -49327.58528590 0
1564 0 -33378.04110198 0
1565 0 -44741.47000945 0
1566 1 44648.98899017 1
1567 1 56790.39341394 1
1568 0 -45466.31644283 0
1569 0 -52857.22820250 0
1570 0 -54411.76865945 0
1571 0 -28676.83785242 0
1572 0 -49990.67437546 0
1573 1 44944.71555800 1
1574 1 58390.70715337 1
1575 0 -38684.00855639 0
1576 1 39514.28281662 1
1577 1 53215.20830160 1
1578 0 -29229.05959307 0
1579 1 51159.07245020 1
1580 0 -34116.14519041 0
1581 1 50223.05322428 1
1582 1 41690.04933589 1
1583 1 46038.61429831 1
1584 0 -55598.04950778 0
1585 1 37816.45447829 1
1586 1 57626.70636238 1
1587 1 55778.43013898 1
1588 1 53261.48220521 1
1589 1 56564.48290265 1
1590 1 51502.55946582 1
1591 0 -45952.81709193 0
1592 0 -39682.66310724 0
1593 1 42464.93277822 1
1594 1 49046.30333482 1
1595 1 53424.26173464 1
1596 0 -41583.75497678 0
1597 0 -52659.10764049 0
1598 1 52657.61740356 1
1599 1 50523.80605624 1
1600 0 -49044.70833337 0
1601 1 52310.41722876 1
1602 0 -49464.01687239 0
1603 0 -46495.48011795 0
1604 1 52603.72407840 1
1605 0 -64629.42669439 0
1606 1 52539.93813520 1
1607 0 -65770.47868847 0
1608 1 61353.32482011 1
1609 1 52023.33238352 1
1610 1 57064.57908096 1
1611 1 56667.02724396 1
1612 0 -54821.75640786 0
1613 1 30500.80078186 1
1614 0 -53679.84002004 0
1615 0 -50737.89340396 0
1616 0 -38291.30537545 0
1617 1 53901.82546230 1
1618 1 51207.03370414 1
1619 0 -59800.86388525 0
1620 1 26447.43273601 1
1621 0 -53632.88750540 0
1622 0 -49741.02344141 0
1623 0 -34195.27314332 0
1624 1 51948.23438648 1
1625 0 -52689.23959345 0
1626 1 58821.55885237 1
1627 1 40012.86620652 1
1628 1 45339.45585612 1
1629 0 -46997.93549114 0
1630 0 -53166.79364797 0
1631 1 52325.80780174 1
1632 0 -47812.75168691 0
1633 1 39335.35512322 1
1634 0 -47552.17915550 0
1635 0 -53894.25416405 0
1636 0 -42730.53468362 0
1637 1 45701.10291651 1
1638 0 -51778.27174388 0
1639 1 41734.82022684 1
1640 0 -43934.11369608 0
1641 1 37036.92674604 1
1642 0 -53774.05765932 0
1643 0 -36684.49176717 0
1644 0 -35352.14034692 0
1645 1 42025.85959634 1
1646 0 -42902.71364111 0
1647 0 -44321.22183146 0
1648 0 -31078.79143574 0
1649 1 45935.53161050 1
1650 0 -42038.55349763 0
1651 1 37543.72004371 1
1652 0 -30737.59276515 0
1653 0 -39694.42626460 0
1654 0 -45509.32847583 0
1655 1 27784.76530045 1
1656 0 -45668.13841398 0
1657 1 42836.91212105 1
1658 1 43384.52636573 1
1659 1 34543.06072289 1
1660 0 -46367.86310305 0
1661 1 51892.70354923 1
1662 0 -35544.17081450 0
1663 1 50117.68431554 1
1664 1 39411.91377464 1
1665 1 43415.99184761 1
1666 1 40706.21192882 1
1667 1 46266.42790964 1
1668 1 54875.62973537 1
1669 1 30796.29035765 1
1670 0 -52097.76403381 0
1671 1 44153.24158585 1
1672 0 -52684.46840431 0
1673 0 -45647.06458057 0
1674 0 -39746.35569398 0
1675 1 50527.64195636 1
1676 1 28986.37362906 1
1677 1 48605.14591980 1
1678 0 -44533.27818783 0
1679 1 48090.76303686 1
1680 0 -43813.58489978 0
1681 1 51304.37683945 1
1682 0 -49553.96349406 0
1683 0 -43666.79199020 0
1684 1 51299.38283596 1
1685 1 54782.09613038 1
1686 1 54709.37595199 1
1687 0 -57155.31840252 0
1688 1 60647.25906073 1
1689 1 56280.93287718 1
1690 0 -44354.07962567 0
1691 1 53712.40047172 1
1692 0 -52308.00516125 0
1693 1 55145.07573939 1
1694 0 -48684.63263162 0
1695 1 57888.56401053 1
1696 1 49318.71429737 1
1697 1 49039.37161061 1
1698 0 -46672.92305574 0
1699 0 -53530.82560886 0
1700 1 49166.94278156 1
1701 0 -49981.33176239 0
1702 1 51548.37157511 1
1703 1 46367.14962974 1
1704 0 -44035.68316716 0
1705 1 52712.27968049 1
1706 1 43377.75197036 1
1707 1 45418.90549921 1
1708 0 -44359.60798628 0
1709 0 -52101.61522276 0
1710 1 43315.44011493 1
1711 0 -38984.57356333 0
1712 0 -54292.46010250 0
1713 0 -42041.42264850 0
1714 1 37860.38305825 1
1715 1 61134.09955855 1
1716 0 -58215.08985808 0
1717 1 51314.91779526 1
1718 0 -47504.31750241 0
1719 0 -53753.98236796 0
1720 0 -47505.43503864 0
1721 0 -50830.20925306 0
1722 1 49790.09273977 1
1723 1 53697.35314476 1
1724 1 58149.23165445 1
1725 0 -36938.23156437 0
1726 1 57874.04531399 1
1727 0 -46223.77475133 0
1728 0 -45754.16787587 0
1729 1 46640.01613621 1
1730 0 -50601.49686905 0
1731 0 -46203.11992192 0
1732 0 -37259.11483229 0
1733 1 46988.06751569 1
1734 1 35062.36920231 1
1735 1 43094.71668068 1
1736 1 32433.58386866 1
1737 0 -34530.25270702 0
1738 0 -42074.84921270 0
1739 1 23305.98609770 1
1740 0 -36673.14436896 0
1741 1 41609.28939776 1
1742 1 30317.28444876 1
1743 1 37150.59393048 1
1744 0 -44936.38645071 0
1745 1 41246.58536212 1
1746 0 -28043.97451352 0
1747 1 42411.70565331 1
1748 1 30742.24089376 1
1749 0 -38318.97612661 0
1750 0 -46347.64146918 0
1751 0 -39546.91144855 0
1752 0 -44142.48153788 0
1753 1 23246.11754813 1
1754 0 -37328.06740148 0
1755 1 31165.42448082 1
1756 1 29677.69254667 1
1757 0 -39563.84068183 0
1758 1 44144.52448560 1
1759 0 -35446.42430910 0
1760 0 -11261.30160149 0
1761 0 -35069.47531853 0
1762 0 16631.88114753 1
1763 1 33304.07521673 1
1764 0 33064.10253327 1
1765 0 -29177.31588495 0
1766 1 21838.86663637 1
1767 0 11261.30160149 1
1768 1 20568.79232991 1
1769 0 -16663.15369674 0
1770 1 -21089.66709114 0
1771 1 36546.79942239 1
1772 1 36491.56546179 1
1773 0 -27618.38013860 0
1774 1 20330.60508533 1
1775 0 -33828.34638916 0
1776 0 -36992.78664544 0
1777 1 26876.47087075 1
1778 1 46701.60148437 1
1779 1 33201.26005384 1
1780 1 36830.29591066 1
1781 0 -32618.62251899 0
1782 0 -35996.22349433 0
1783 1 44635.58789526 1
1784 1 36878.46496184 1
1785 0 -43695.34270490 0
1786 1 35167.94934769 1
1787 0 -27551.69360093 0
1788 1 17374.96525393 1
1789 1 37778.57279427 1
1790 0 -34909.43598615 0
1791 1 41504.32906808 1
1792 1 42774.22154504 1
1793 1 35003.57290036 1
1794 1 46421.92847214 1
1795 1 31675.28030935 1
1796 0 -51840.02850526 0
1797 0 -28727.28479027 0
1798 1 42400.15924416 1
1799 0 -44161.63224605 0
1800 0 -52436.23015910 0
1801 0 -50711.72161358 0
1802 0 -44196.59334504 0
1803 1 60584.64346894 1
1804 1 47896.57152121 1
1805 1 45001.61069621 1
1806 0 -46674.38175884 0
1807 1 38864.01561197 1
1808 1 43313.93345300 1
1809 1 31782.18108708 1
1810 1 41348.80753494 1
1811 1 42183.17847155 1
1812 0 -45094.09006305 0
1813 0 -58792.30130155 0
1814 0 -44657.75030778 0
1815 1 49771.87806916 1
1816 1 40180.06721772 1
1817 0 -42204.68075688 0
1818 0 -47924.81226219 0
1819 0 -41575.41664088 0
1820 0 -61349.22305180 0
1821 1 38796.86853683 1
1822 1 51545.91506275 1
1823 0 -40578.73031248 0
1824 0 -52611.08700895 0
1825 1 37845.12563228 1
1826 0 -36669.52237611 0
1827 0 -55758.52953565 0
1828 0 -42039.19470298 0
1829 1 49887.88967574 1
1830 1 22728.33056852 1
1831 1 46300.75475376 1
1832 1 42254.06050351 1
1833 0 -41685.32084537 0
1834 0 -44969.09106190 0
1835 0 -33520.01904994 0
1836 0 -45421.20909629 0
1837 0 -32493.51587885 0
1838 1 48455.25578912 1
1839 1 38653.70265785 1
1840 1 43671.80100752 1
1841 1 45365.00264708 1
1842 0 -39029.22896849 0
1843 1 49042.86358195 1
1844 1 34701.50936008 1
1845 1 42346.81432963 1
1846 1 34573.16931080 1
1847 1 45063.70463929 1
1848 1 55597.14725087 1
1849 1 45904.62259176 1
1850 1 46319.73395995 1
1851 0 -35323.24050587 0
1852 0 -55228.89846039 0
1853 1 49102.24006325 1
1854 0 -56331.98064387 0
1855 0 -49477.87602484 0
1856 1 58851.35401128 1
1857 1 55058.67938722 1
1858 1 41676.99790661 1
1859 0 -62210.17177563 0
1860 0 -47384.30860570 0
1861 0 -44003.49599324 0
1862 1 55890.42510845 1
1863 0 -53970.67588446 0
1864 0 -51028.77818758 0
1865 1 31396.73963443 1
1866 1 56026.69672316 1
1867 1 46701.42836161 1
1868 0 -50791.73700835 0
1869 1 52730.83372930 1
1870 1 51638.19910196 1
1871 0 -40430.40808136 0
1872 0 -45912.24248006 0
1873 1 56331.40588467 1
1874 0 -51178.12582506 0
1875 0 -37067.02552555 0
1876 1 54446.11188112 1
1877 1 47642.87700609 1
1878 0 -55137.63124419 0
1879 0 -39754.36710703 0
1880 1 57698.68000673 1
1881 1 41042.66132211 1
1882 0 -44586.44618686 0
1883 1 56747.62073124 1
1884 1 40607.33235891 1
1885 0 -51371.09457458 0
1886 1 40452.37636804 1
1887 1 61766.77422991 1
1888 1 46328.79969324 1
1889 0 -46384.66379116 0
1890 0 -57344.58641659 0
1891 1 30488.15016090 1
1892 0 -53348.64196961 0
1893 0 -44701.06265220 0
1894 1 54522.10654340 1
1895 0 -35528.38820906 0
1896 0 -47365.34085496 0
1897 1 55874.66695851 1
1898 1 40865.20417609 1
1899 0 -52479.76163523 0
1900 0 -39295.77256462 0
1901 0 -47919.73237361 0
1902 0 -52730.72082338 0
1903 1 55144.04676623 1
1904 1 47902.62553228 1
1905 0 -38406.48988599 0
1906 0 -50850.40685179 0
1907 0 -38744.59948236 0
1908 1 52354.52460721 1
1909 0 -51421.65428253 0
1910 1 57144.05497319 1
1911 1 49049.95921960 1
1912 0 -50322.22350691 0
1913 0 -54964.90259987 0
1914 1 47782.01609706 1
1915 1 54474.24796393 1
1916 1 61037.58394475 1
1917 0 -54095.72696112 0
1918 1 63806.99337676 1
1919 0 -49670.01354699 0
1920 1 60810.90728718 1
1921 1 39443.74078818 1
1922 0 -55739.81713661 0
1923 1 56088.23562180 1
1924 0 -52040.43534768 0
1925 0 -61875.59005947 0
1926 0 -46897.43495717 0
1927 0 -53139.83621078 0
1928 0 -32301.42012606 0
1929 1 48332.60661839 1
1930 1 52288.76274791 1
1931 0 -49767.77157564 0
1932 0 -49036.40351393 0
1933 0 -43721.63677271 0
1934 0 -61757.02844635 0
1935 1 31791.14111053 1
1936 0 -44835.10640398 0
1937 0 -47069.86754795 0
1938 0 -49662.31604753 0
1939 0 -48433.90865177 0
1940 1 46085.40658143 1
1941 1 53637.16640064 1
1942 0 -37957.99524208 0
1943 0 -45285.89806068 0
1944 0 -42758.45105241 0
1945 0 -56439.67329356 0
1946 0 -50854.58634671 0
1947 1 45232.29488050 1
1948 1 57915.52188876 1
1949 0 -36992.46608659 0
1950 0 -39663.53785170 0
1951 0 -56415.42557052 0
1952 0 -45749.81786749 0
1953 1 57197.69584571 1
1954 1 53712.15014437 1
1955 0 -59537.37707026 0
1956 1 44900.21428450 1
1957 0 -41526.15291835 0
1958 0 -51425.09863086 0
1959 0 -60541.33261413 0
1960 0 -64167.05482819 0
1961 0 -44908.67600036 0
1962 1 51930.52450389 1
1963 1 42895.05715216 1
1964 1 44615.52639855 1
1965 0 -61988.26672309 0
1966 1 49961.60230216 1
1967 1 58868.43208620 1
1968 0 -47560.59188598 0
1969 0 -60443.94377203 0
1970 1 38765.15438998 1
1971 0 -51399.17092010 0
1972 0 -53470.79574985 0
1973 0 -56857.21802813 0
1974 0 -55008.09889317 0
1975 1 54544.57982642 1
1976 0 -57996.79219910 0
1977 1 44113.05873182 1
1978 0 -42192.98504417 0
1979 1 63100.61328464 1
1980 1 49008.04003089 1
1981 0 -57377.87779028 0
1982 1 54455.08629434 1
1983 0 -61711.21212276 0
1984 1 35125.70681277 1
1985 1 56716.97555309 1
1986 1 62126.15551986 1
1987 1 63433.67842382 1
1988 0 -65543.69269761 0
1989 1 62809.25852205 1
1990 0 -59562.10546166 0
1991 0 -43046.79570382 0
1992 0 -48986.14096511 0
1993 1 58599.38999006 1
1994 1 60607.44841001 1
1995 0 -58362.43842036 0
1996 0 -47250.51715118 0
1997 0 -67834.04599640 0
1998 0 -36105.66020946 0
1999 0 -65917.54201559 0
2000 0 -52004.70347422 0
2001 1 59487.70497978 1
2002 0 -58817.62182501 0
2003 1 47431.91001994 1
2004 1 66105.67187487 1
2005 1 46717.04661814 1
2006 1 60169.74062571 1
2007 0 -59459.04791544 0
2008 1 56738.52589919 1
2009 0 -62054.39136055 0
2010 0 -48300.39528613 0
2011 0 -59778.44186334 0
2012 1 41350.65656882 1
2013 0 -54139.46704286 0
2014 0 -62392.54699555 0
2015 0 -46770.77597559 0
2016 1 56046.83101457 1
2017 1 44872.83243831 1
2018 0 -52003.83334726 0
2019 0 -37167.91257155 0
2020 1 57931.79508201 1
2021 0 -49406.33474900 0
2022 1 53983.80798157 1
2023 0 -51192.58390167 0
2024 0 -50918.08329170 0
2025 1 60338.86547383 1
2026 0 -46638.24267436 0
2027 1 65532.17215642 1
2028 0 -58088.10024332 0
2029 0 -61066.97506008 0
2030 1 54003.67110958 1
2031 1 37775.65948568 1
2032 1 58734.24247363 1
2033 1 37603.56046346 1
2034 1 60967.60149865 1
2035 1 46958.26057368 1
2036 1 42995.19078733 1
2037 1 51678.47337178 1
2038 0 -33759.19029201 0
2039 0 -58488.51054668 0
2040 1 30273.48084294 1
2041 0 -51614.79814737 0
2042 0 -51142.73751477 0
2043 0 -40743.53349025 0
2044 1 51333.90019682 1
2045 1 34812.12423828 1
2046 0 -59543.03776084 0
2047 0 -42875.73810602 0
2048 1 58609.50457737 1
2049 1 53815.95774916 1
2050 0 -49439.65866948 0
2051 0 -65074.62001847 0
2052 0 -56882.15120928 0
2053 1 61901.43980846 1
2054 1 52335.86241216 1
2055 1 63459.23824668 1
2056 1 56931.48055004 1
2057 0 -55671.34576522 0
2058 1 62359.31801225 1
2059 0 -48230.77013908 0
2060 0 -54791.43636962 0
2061 1 50570.07399310 1
2062 0 -57446.91356496 0
2063 1 52271.17297256 1
2064 1 51201.94095226 1
2065 0 -54735.81636984 0
2066 1 40895.30325584 1
2067 0 -60225.27167072 0
2068 0 -51559.45275112 0
2069 1 58179.00863883 1
2070 0 -56264.80974557 0
2071 0 -51154.26176962 0
2072 0 -53783.61548351 0
2073 1 37333.54062603 1
2074 0 -56679.69246929 0
2075 1 48608.29041323 1
2076 0 -47392.07755646 0
2077 0 -55847.13264907 0
2078 1 47602.67376918 1
2079 0 -51896.94839883 0
2080 1 29512.71037227 1
2081 0 -52366.74691913 0
2082 1 43347.80249784 1
2083 0 -36254.93849232 0
2084 0 -41479.99871828 0
2085 0 -45839.11650296 0
2086 0 -47271.07926315 0
2087 0 -35243.35413051 0
2088 0 -50943.38459008 0
2089 0 -38046.18663489 0
2090 1 47442.90115818 1
2091 1 48917.81031873 1
2092 0 -44016.06036320 0
2093 1 38092.14825848 1
2094 1 36272.65798501 1
2095 0 -63299.74185756 0
2096 0 -45855.31626774 0
2097 1 51793.30642519 1
2098 1 52106.54689993 1
2099 1 50486.02305505 1
2100 0 -53389.79724682 0
2101 0 -43180.07437680 0
2102 0 -58854.16966366 0
2103 0 -44782.17813327 0
2104 0 -51514.85479142 0
2105 1 53816.14730699 1
2106 1 52469.21241213 1
2107 1 55041.67463106 1
2108 1 48091.54347648 1
2109 1 63097.76372927 1
2110 0 -53856.13726241 0
2111 1 56730.97388733 1
2112 0 -57097.72488979 0
2113 1 53507.97846818 1
2114 0 -61455.52941907 0
2115 0 -53656.40284632 0
2116 1 65781.50129574 1
2117 0 -50370.37603829 0
2118 1 62500.32369509 1
2119 1 57957.95940587 1
2120 1 53284.00820696 1
2121 0 -56045.19024001 0
2122 1 50170.20930162 1
2123 1 56732.11377720 1
2124 0 -54261.48409227 0
2125 0 -60565.93695025 0
2126 0 -57946.45379453 0
2127 0 -57875.22145096 0
2128 0 -58241.97449560 0
2129 0 -47600.68114792 0
2130 1 54745.92665937 1
2131 0 -46268.82723522 0
2132 1 58590.03831429 1
2133 0 -52285.35374809 0
2134 1 48251.43990539 1
2135 0 -57680.51464667 0
2136 0 -48278.08390409 0
2137 1 53005.65156971 1
2138 0 -43149.01693415 0
2139 0 -53502.69742337 0
2140 1 49185.85808194 1
2141 1 52273.01202621 1
2142 1 45412.81198939 1
2143 1 40781.93786448 1
2144 0 -50952.17376344 0
2145 0 -50710.02203769 0
2146 0 -50395.72949006 0
2147 1 44172.18627739 1
2148 0 -51854.60175977 0
2149 1 50055.99398169 1
2150 1 38103.90606723 1
2151 0 -49251.22514537 0
2152 0 -44466.08827691 0
2153 0 -51107.49941849 0
2154 1 38957.55887099 1
2155 0 -50490.45084993 0
2156 0 -49071.07797357 0
2157 0 -42757.83825702 0
2158 0 -42562.14833723 0
2159 0 -47102.60858763 0
2160 1 50553.56803469 1
2161 0 -46822.65810920 0
2162 1 40346.50367529 1
2163 1 51159.22840443 1
2164 0 -46375.73853455 0
2165 1 59445.67271829 1
2166 0 -45117.57053090 0
2167 0 -62949.25344078 0
2168 0 -52640.27468129 0
2169 0 -55750.36299661 0
2170 1 59980.62153334 1
2171 1 50621.03700597 1
2172 0 -63506.15685448 0
2173 0 -47142.91652107 0
2174 0 -40909.73794709 0
2175 0 -53887.47533965 0
2176 1 55295.37933069 1
2177 1 50440.97148169 1
2178 0 -46312.70580679 0
2179 0 -46360.66024602 0
2180 0 -38914.16149270 0
2181 1 50608.73076105 1
2182 0 -36583.52452636 0
2183 0 -45619.30670287 0
2184 0 -55288.41612604 0
2185 0 -33807.40138908 0
2186 1 42961.64803140 1
2187 1 34382.58128227 1
2188 0 -40793.83125917 0
2189 0 -37476.33925427 0
2190 0 -54012.94467077 0
2191 1 58687.01037148 1
2192 0 -30597.68826927 0
2193 1 37245.52972009 1
2194 1 32213.73088107 1
2195 1 44015.05684696 1
2196 0 -44271.12220029 0
2197 1 44586.83345097 1
2198 0 -55047.09832758 0
2199 0 -28843.94000825 0
2200 0 -38479.16091460 0
2201 1 43514.58532276 1
2202 1 33483.90894551 1
2203 1 38946.12553496 1
2204 0 -48268.15042120 0
2205 0 -59309.06544766 0
2206 0 -37262.84777655 0
2207 0 -47691.39670441 0
2208 1 39161.14601461 1
2209 1 47020.98599465 1
2210 1 45371.28456189 1
2211 0 -49895.36481570 0
2212 1 58476.45754583 1
2213 1 37257.18054958 1
2214 0 -36399.24252027 0
2215 1 42040.56091123 1
2216 0 -44362.62497840 0
2217 0 -40293.33535403 0
2218 0 -53197.14783505 0
2219 1 45208.92818764 1
2220 0 -40910.03983836 0
2221 1 56004.11679121 1
2222 0 -48314.33685326 0
2223 1 49931.58599913 1
2224 0 -57262.51132932 0
2225 0 -56049.95475862 0
2226 0 -53482.05892803 0
2227 0 -32298.66251289 0
2228 0 -50886.33285507 0
2229 1 42254.85111157 1
2230 0 -48970.99259591 0
2231 0 -53478.29899799 0
2232 0 -57005.85445932 0
2233 1 59156.34786550 1
2234 0 -42283.69250961 0
2235 0 -51188.53624094 0
2236 1 47701.23239969 1
2237 1 43877.93280246 1
2238 1 50152.06541363 1
2239 1 51524.47333600 1
2240 1 62921.76646353 1
2241 1 44396.61791628 1
2242 0 -44835.41868527 0
2243 0 -49773.64595785 0
2244 0 -57991.41290604 0
2245 1 69685.97989029 1
2246 0 -51867.34481428 0
2247 0 -47523.84424783 0
2248 0 -32340.01978226 0
2249 0 -36864.23018578 0
2250 0 -44009.85552071 0
2251 0 -63036.60698462 0
2252 1 58859.48789848 1
2253 1 57229.59141450 1
2254 1 62571.48956255 1
2255 1 50082.16762630 1
2256 1 61090.31536244 1
2257 0 -43693.87565516 0
2258 0 -61689.41103622 0
2259 1 47186.30549738 1
2260 1 69520.70161900 1
2261 1 60352.27210902 1
2262 1 50303.93847859 1
2263 1 65566.54460342 1
2264 1 50954.59453769 1
2265 1 56266.86064293 1
2266 1 43865.07962412 1
2267 0 -50113.82017804 0
2268 1 59043.15394233 1
2269 0 -44632.01908021 0
2270 1 51179.12434887 1
2271 1 53339.09995902 1
2272 1 57321.96940452 1
2273 0 -56206.01238183 0
2274 0 -59675.50229036 0
2275 0 -51667.67032170 0
2276 0 -51311.19124281 0
2277 0 -53384.00966905 0
2278 0 -52318.37973029 0
2279 0 -60583.56758271 0
2280 0 -42082.91787617 0
2281 1 44983.79547386 1
2282 0 -57800.74395272 0
2283 0 -47818.95806252 0
2284 0 -57547.08046146 0
2285 1 38635.81340194 1
2286 1 41412.30818935 1
2287 1 40027.39948622 1
2288 0 -45780.85116553 0
2289 0 -50898.75127883 0
2290 1 29092.19038053 1
2291 0 -51286.60335908 0
2292 0 -38886.24801594 0
2293 0 -49522.07277808 0
2294 0 -41450.41456800 0
2295 1 43828.78183436 1
2296 0 -49731.05546806 0
2297 0 -38774.82178851 0
2298 1 61626.71482455 1
2299 1 38257.36917189 1
2300 1 52485.44631371 1
2301 1 42620.77403004 1
2302 0 -50544.63474566 0
2303 0 -47201.33305185 0
2304 0 -35864.36139940 0
2305 0 -57243.43915292 0
2306 1 34727.01347669 1
2307 1 51577.05919508 1
2308 1 42848.43172925 1
2309 1 49192.13367857 1
2310 0 -39433.86430186 0
2311 0 -32122.19187898 0
2312 1 60597.34069471 1
2313 1 49515.49858816 1
2314 0 -49874.13684821 0
2315 0 -37381.58851695 0
2316 1 53567.75042372 1
2317 1 53285.62620684 1
2318 1 43229.49279911 1
2319 0 -57451.25191302 0
2320 1 51807.10426099 1
2321 0 -53991.07893770 0
2322 1 49578.09360918 1
2323 0 -54565.57117960 0
2324 1 54844.73481696 1
2325 1 33096.08922205 1
2326 1 52699.23571463 1
2327 0 -44342.56893472 0
2328 1 68840.45899243 1
2329 1 46392.06616464 1
2330 1 51902.60017246 1
2331 1 42994.53460586 1
2332 1 49843.72014358 1
2333 1 62692.07321025 1
2334 1 43945.89344780 1
2335 0 -53107.13099325 0
2336 1 55058.38819802 1
2337 1 55283.02637870 1
2338 1 53655.08510406 1
2339 0 -47523.79433737 0
2340 1 63392.73688772 1
2341 1 33561.94070472 1
2342 0 -59073.30328320 0
2343 0 -44659.71867880 0
2344 0 -50329.66005167 0
2345 1 42240.84315600 1
2346 1 41952.83678230 1
2347 0 -52604.82057553 0
2348 0 -43415.08210895 0
2349 1 48924.96267314 1
2350 1 43559.55523310 1
2351 0 -39620.37798385 0
2352 1 49926.22744121 1
2353 0 -44743.33510681 0
2354 1 47981.84470632 1
2355 0 -35637.40817176 0
2356 0 -51216.01918887 0
2357 0 -48559.14998589 0
2358 0 -52870.67699820 0
2359 0 -51238.67832131 0
2360 0 -41576.50544043 0
2361 1 50236.48521122 1
2362 1 53663.12296868 1
2363 0 -60896.54119321 0
2364 0 -49929.77099932 0
2365 1 42796.58638488 1
2366 0 -62873.78343706 0
2367 0 -47754.55441239 0
2368 1 62284.60728438 1
2369 1 51527.06623278 1
2370 1 63460.85131625 1
2371 1 53748.41511895 1
2372 1 54244.66281226 1
2373 1 62077.57870711 1
2374 0 -51684.33566297 0
2375 1 61960.76519143 1
2376 0 -64311.64705663 0
2377 1 58778.16748040 1
2378 1 60892.83482581 1
2379 0 -47783.90364029 0
2380 0 -55662.05873097 0
2381 1 46282.74070617 1
2382 0 -64286.24425803 0
2383 0 -51439.89747924 0
2384 0 -51468.48831016 0
2385 1 51738.60232817 1
2386 1 46953.63770436 1
2387 1 45277.71848581 1
2388 1 41984.93093169 1
2389 0 -58421.62713279 0
2390 1 46991.42427773 1
2391 1 55839.09034749 1
2392 0 -41741.26159966 0
2393 0 -52304.89354610 0
2394 0 -55723.35403726 0
2395 0 -48686.79458165 0
2396 1 56149.77122774 1
2397 0 -42662.93276792 0
2398 1 50839.33700859 1
2399 1 40048.45932466 1
2400 1 47764.48649277 1
2401 0 -49550.89312012 0
2402 0 -47709.52434255 0
2403 1 55483.67807546 1
2404 0 -39534.01568763 0
2405 0 -56631.61546787 0
2406 0 -38390.72431958 0
2407 1 40917.76203177 1
2408 1 47040.44564506 1
2409 0 -40987.69276731 0
2410 0 -50432.23049891 0
2411 1 46952.74412814 1
2412 1 39045.99967321 1
2413 1 38908.85371133 1
2414 0 -45340.94211560 0
2415 1 46524.72649388 1
2416 1 40181.39147548 1
2417 0 -59097.18458590 0
2418 0 -43583.67481945 0
2419 0 -52866.11431210 0
2420 0 -41741.63224240 0
2421 1 49284.82651376 1
2422 0 -44393.48462201 0
2423 0 -42063.26873315 0
2424 1 46034.06191867 1
2425 1 53372.51376388 1
2426 1 53425.19663171 1
2427 1 45352.61043880 1
2428 0 -49181.71113994 0
2429 1 50075.42848824 1
2430 1 37802.25906511 1
2431 0 -60766.48824369 0
2432 0 -41294.93984780 0
2433 1 55383.22770968 1
2434 1 49482.59274812 1
2435 0 -61162.75922929 0
2436 1 52418.93698253 1
2437 1 41117.81534104 1
2438 0 -56440.74601734 0
2439 0 -57786.48178152 0
2440 1 53859.64232647 1
2441 1 50693.97110791 1
2442 0 -57654.47187600 0
2443 0 -57403.97615135 0
2444 1 38215.02215138 1
2445 1 56284.37490921 1
2446 0 -44049.56680995 0
2447 0 -62144.23766741 0
2448 1 49878.10214012 1
2449 1 53697.19283519 1
2450 0 -50260.71028801 0
2451 1 43695.13548765 1
2452 0 -55911.15738314 0
2453 1 46324.30685144 1
2454 0 -53720.30401304 0
2455 0 -41772.08501764 0
2456 0 -37368.02202004 0
2457 0 -43638.20484082 0
2458 1 25197.27449774 1
2459 0 -53869.64587052 0
2460 0 -41721.72015603 0
2461 0 -45656.12885473 0
2462 0 -46446.12779222 0
2463 0 -28498.67916376 0
2464 1 35907.98137151 1
2465 0 -28298.59871369 0
2466 0 -45648.77912256 0
2467 0 -46607.21101096 0
2468 1 40928.91721745 1
2469 0 -38328.39388687 0
2470 1 38253.54834549 1
2471 1 33217.32979789 1
2472 0 -29973.71586605 0
2473 1 44776.56980308 1
2474 1 53257.29183729 1
2475 1 44471.03867503 1
2476 1 41124.16580747 1
2477 1 43556.26938793 1
2478 1 39367.17146725 1
2479 1 36451.24356288 1
2480 0 -43599.68867629 0
2481 1 45388.14509222 1
2482 0 -59386.89434223 0
2483 0 -48606.92764840 0
2484 1 54174.47002392 1
2485 0 -46620.45171365 0
2486 1 40969.98831475 1
2487 0 -53289.81217390 0
2488 0 -53835.62677396 0
2489 1 59473.05575899 1
2490 0 -47525.86106221 0
2491 1 43841.93578656 1
2492 0 -46252.22513152 0
2493 0 -29519.53283231 0
2494 1 53182.07339844 1
2495 1 44849.09409567 1
2496 0 -46204.90378489 0
2497 0 -45001.40306186 0
2498 1 41553.81937817 1
2499 0 -48614.85689288 0
2500 0 -24868.89276074 0
2501 0 -52917.14181833 0
2502 0 -46076.08331449 0
2503 1 40308.90292390 1
2504 1 42600.49447215 1
2505 1 38391.04399266 1
2506 1 48998.50060271 1
2507 1 44722.58279911 1
2508 0 -56478.90774976 0
2509 1 48627.81186099 1
2510 1 47907.09284787 1
2511 0 -42802.76872195 0
2512 0 -45190.78385174 0
2513 0 -40116.05261965 0
2514 0 -40787.66367536 0
2515 0 -54434.75084777 0
2516 1 30213.82517256 1
2517 1 52079.55509442 1
2518 0 -41075.72916718 0
2519 0 -51128.22832505 0
2520 1 42363.59345404 1
2521 1 37097.19052481 1
2522 1 56911.85392865 1
2523 0 -28299.06140429 0
2524 0 -46756.82469487 0
2525 0 -38095.41303685 0
2526 0 -48930.92889413 0
2527 0 -53111.15168131 0
2528 1 41425.19972432 1
2529 0 -54932.02550282 0
2530 0 -44029.61685362 0
2531 0 -47814.86786212 0
2532 1 35914.91668022 1
2533 1 35144.00285520 1
2534 0 -48652.15404921 0
2535 1 45023.05419809 1
2536 1 43340.42499038 1
2537 1 58884.42142669 1
2538 0 -55044.54493258 0
2539 1 43501.89484281 1
2540 1 37104.18558537 1
2541 0 -52991.96078377 0
2542 0 -45571.18510034 0
2543 0 -49464.83647338 0
2544 0 -48105.37407028 0
2545 1 64698.39696979 1
2546 0 -45267.42986718 0
2547 1 45693.45743240 1
2548 0 -53077.18002049 0
2549 0 -40077.21675861 0
2550 0 -57714.89628611 0
2551 0 -48253.68065784 0
2552 1 47495.92182071 1
2553 0 -30895.10602265 0
2554 1 51891.86882054 1
2555 1 45704.38802003 1
2556 1 33746.64035336 1
2557 0 -52389.04685851 0
2558 1 42356.58164142 1
2559 0 -50164.47713869 0
2560 0 -33243.84796814 0
2561 1 41828.98870949 1
2562 1 41014.61474258 1
2563 0 -31362.05774959 0
2564 0 -41891.46209325 0
2565 1 40739.21409584 1
2566 0 -45488.64974557 0
2567 0 -40951.92283519 0
2568 0 -36971.90014970 0
2569 1 44067.58174582 1
2570 1 33373.92032222 1
2571 0 -41835.41782809 0
2572 0 -43051.93016765 0
2573 0 -45193.76203338 0
2574 0 -32825.32989499 0
2575 0 -38727.94359147 0
2576 0 -44112.68348526 0
2577 1 36774.21190773 1
2578 0 -49934.36084883 0
2579 1 45927.30906841 1
2580 1 51996.70318384 1
2581 0 -42798.60271305 0
2582 1 38469.77830113 1
2583 1 48588.11269036 1
2584 1 29465.53781464 1
2585 0 -50374.44652822 0
2586 1 39107.42590228 1
2587 0 -47556.51729273 0
2588 0 -33853.07417135 0
2589 0 -36088.34536320 0
2590 0 -39029.72176374 0
2591 0 -32239.85621444 0
2592 1 50067.76176927 1
2593 0 -37171.54709462 0
2594 1 37620.13214423 1
2595 0 -34824.43893139 0
2596 1 40234.45982648 1
2597 0 -45315.02082413 0
2598 0 -36170.59143843 0
2599 1 53915.46840787 1
2600 1 43047.39965292 1
2601 0 -47604.61606232 0
2602 0 -31401.12171685 0
2603 0 -36175.77210313 0
2604 0 -46632.26378503 0
2605 1 38767.92376618 1
2606 0 -54300.92142404 0
2607 1 48684.47212216 1
2608 1 53122.76885379 1
2609 0 -44106.99968877 0
2610 1 44736.73040287 1
2611 1 50972.15134484 1
2612 0 -37167.22185629 0
2613 1 54692.52824272 1
2614 1 44263.33699933 1
2615 1 49245.86957884 1
2616 0 -40754.21513770 0
2617 0 -54314.33237960 0
2618 0 -49791.09998948 0
2619 0 -34033.99863735 0
2620 0 -53085.09608522 0
2621 1 53425.56758848 1
2622 0 -39402.46311334 0
2623 1 41382.52149605 1
2624 1 42986.04008382 1
2625 0 -61762.60887925 0
2626 1 37680.64699228 1
2627 1 51787.18211032 1
2628 1 40662.33794543 1
2629 0 -47876.59231835 0
2630 0 -48836.87858379 0
2631 0 -48248.63252499 0
2632 0 -58743.00764802 0
2633 1 41968.59194392 1
2634 0 -44518.50824513 0
2635 1 50206.87629194 1
2636 1 46707.75245840 1
2637 0 -48843.61597641 0
2638 0 -55735.19594304 0
2639 1 52025.53231407 1
2640 1 36572.45901931 1
2641 1 56871.97014485 1
2642 1 41783.82023845 1
2643 0 -52447.89600302 0
2644 1 50581.59912048 1
2645 1 39206.71241108 1
2646 0 -59802.64070060 0
2647 1 24104.52078081 1
2648 1 46835.49409491 1
2649 0 -45887.05268806 0
2650 1 49147.48414203 1
2651 0 -50082.57860776 0
2652 0 -44946.02339626 0
2653 0 -49478.01326894 0
2654 0 -20299.26217381 0
2655 0 -46670.93901138 0
2656 0 -40509.49617691 0
2657 1 43745.87119621 1
2658 1 48552.11814694 1
2659 0 -41875.32490878 0
2660 1 42888.87398089 1
2661 1 33660.06300425 1
2662 0 -34858.54647583 0
2663 1 41919.40892120 1
2664 0 -51017.59485020 0
2665 0 -36624.23518009 0
2666 1 36129.52490955 1
2667 0 -44703.56279737 0
2668 1 17123.03418452 1
2669 0 -42381.75050359 0
2670 0 -30690.82391119 0
2671 0 -47777.98708263 0
2672 0 -33630.04227112 0
2673 1 27248.39616881 1
2674 0 -31814.16453874 0
2675 1 21716.44059432 1
2676 0 -30279.43781454 0
2677 0 -24549.42820170 0
2678 0 -43015.10716797 0
2679 1 16182.31108369 1
2680 1 30645.54748833 1
2681 0 -32030.45515633 0
2682 1 7152.23542509 1
2683 1 29004.07816081 1
2684 1 29035.60422550 1
2685 1 31919.22458108 1
2686 1 -14319.21987836 0
2687 1 -13173.09290631 0
2688 1 21831.65775072 1
2689 1 -7152.23542509 0
2690 1 26851.59236098 1
2691 1 27451.71342700 1
2692 0 -32119.94378457 0
2693 0 -27713.85937003 0
2694 0 -23651.86099255 0
2695 1 38699.04335342 1
2696 1 20850.33251159 1
2697 0 -34104.30274283 0
2698 0 -34432.04833076 0
2699 0 -31200.98052132 0
2700 1 33536.09053265 1
2701 0 -37017.77816592 0
2702 1 44709.21743041 1
2703 0 -30103.86848145 0
2704 1 50305.52633823 1
2705 0 -47120.05037889 0
2706 1 46763.84911173 1
2707 1 34383.57213316 1
2708 1 29770.49999860 1
2709 1 47467.30408974 1
2710 0 -30604.51105612 0
2711 0 -61518.90338301 0
2712 0 -54379.15647023 0
2713 0 -48586.20324123 0
2714 1 40213.76476602 1
2715 0 -36901.27825457 0
2716 0 -50115.81354560 0
2717 0 -18469.52149383 0
2718 0 -52811.59550160 0
2719 0 -31951.72094818 0
2720 0 -44852.43326199 0
2721 1 40229.66575336 1
2722 1 34249.75520634 1
2723 0 -49809.47857495 0
2724 1 22650.33262544 1
2725 0 -40940.93047928 0
2726 1 31137.72182257 1
2727 1 37312.37322292 1
2728 0 -27311.51645181 0
2729 0 -17075.58621421 0
2730 1 36778.41315155 1
2731 1 19730.39459272 1
2732 1 54738.41599280 1
2733 0 -41203.00487626 0
2734 0 -40946.60002263 0
2735 1 30053.94647942 1
2736 0 -24848.57040695 0
2737 1 34139.62503930 1
2738 1 32382.70733540 1
2739 1 41944.46666948 1
2740 0 -39860.47497360 0
2741 1 40200.96528222 1
2742 1 38525.19328421 1
2743 1 36371.83414943 1
2744 1 48561.16908796 1
2745 0 -28093.07092073 0
2746 1 36118.75555305 1
2747 0 -43817.13454711 0
2748 1 43773.14589348 1
2749 0 -33934.87233914 0
2750 1 22684.33121737 1
2751 0 -40397.49948088 0
2752 0 -28878.82187471 0
2753 1 38304.92726498 1
2754 0 -40674.00929454 0
2755 1 41907.65623896 1
2756 0 -44185.15851613 0
2757 0 -34126.45400841 0
2758 1 53899.06014869 1
2759 0 -40566.78620109 0
2760 0 -40961.04082121 0
2761 1 44674.74094619 1
2762 1 45737.73157006 1
2763 1 35124.69528278 1
2764 0 -41235.03437311 0
2765 0 -37676.89608543 0
2766 0 -20545.07181758 0
2767 1 39817.64999949 1
2768 1 40761.21761070 1
2769 1 42530.72567598 1
2770 0 -33920.84686822 0
2771 0 -28170.68854813 0
2772 0 -44733.41606339 0
2773 1 41466.32004412 1
2774 0 -47033.75622648 0
2775 0 -32776.09197030 0
2776 1 46978.07707925 1
2777 1 37105.14947364 1
2778 1 40892.60825520 1
2779 1 46302.66552940 1
2780 0 -34951.19480135 0
2781 0 -38925.29170262 0
2782 0 -42202.86560295 0
2783 0 -53867.73640974 0
2784 1 42628.00026609 1
2785 1 29661.65144647 1
2786 0 -43920.35971641 0
2787 1 30639.88666196 1
2788 1 42455.79225316 1
2789 0 -41183.68312750 0
2790 1 51109.65550843 1
2791 1 27844.06895047 1
2792 0 -43566.18220505 0
2793 0 -52152.15090056 0
2794 1 34142.16389924 1
2795 1 49092.99982804 1
2796 0 -50034.08784532 0
2797 1 55943.42765021 1
2798 1 43858.48437043 1
2799 0 -52632.15937650 0
2800 0 -62620.70833935 0
2801 1 34358.54929296 1
2802 0 -57856.82718599 0
2803 1 59705.97824828 1
2804 1 56101.84758708 1
2805 0 -41077.88881580 0
2806 1 51831.06202413 1
2807 0 -58899.68083555 0
2808 1 43812.43442422 1
2809 1 53179.46466243 1
2810 1 45654.55738698 1
2811 1 51310.29704673 1
2812 1 40201.31815332 1
2813 1 56051.86737898 1
2814 0 -42318.37376671 0
2815 1 28541.40549943 1
2816 0 -49068.41988399 0
2817 0 -46192.87459079 0
2818 1 53179.16174958 1
2819 1 45472.92732477 1
2820 1 51246.52676147 1
2821 0 -41020.29214116 0
2822 0 -39116.56593094 0
2823 1 57696.30846747 1
2824 0 -46853.43894101 0
2825 0 -46223.32451067 0
2826 1 48232.87316434 1
2827 0 -48522.91597153 0
2828 1 50361.35733111 1
2829 1 38019.79703592 1
2830 1 61276.17364614 1
2831 1 41689.17699315 1
2832 0 -48089.42938874 0
2833 1 47674.13787171 1
2834 0 -51974.45535127 0
2835 0 -52454.17397311 0
2836 0 -41116.28304768 0
2837 0 -52435.04920210 0
2838 1 47935.39500371 1
2839 1 48152.15545645 1
2840 0 -45859.07936547 0
2841 0 -45682.89663761 0
2842 0 -62019.48014814 0
2843 1 44908.49485650 1
2844 1 51710.74273437 1
2845 0 -44466.79144029 0
2846 1 48231.93726308 1
2847 0 -39555.60336982 0
2848 1 42762.40918810 1
2849 0 -47048.47010633 0
2850 0 -41704.82952505 0
2851 0 -52910.64112549 0
2852 0 -36716.77899667 0
2853 0 -48254.76888314 0
2854 0 -47990.50327681 0
2855 1 44958.40119400 1
2856 0 -54988.58027449 0
2857 1 37325.59407914 1
2858 1 47527.79908962 1
2859 0 -45436.78403990 0
2860 0 -55404.88229317 0
2861 0 -48152.12346052 0
2862 0 -48626.16444117 0
2863 1 52524.41385958 1
2864 0 -42707.15119341 0
2865 1 58282.38296057 1
2866 0 -55559.86670506 0
2867 0 -62018.26924332 0
2868 1 45084.70082102 1
2869 1 45663.92125774 1
2870 1 51361.34357953 1
2871 0 -45504.53904224 0
2872 1 53481.01714352 1
2873 0 -54924.68886367 0
2874 1 52784.39162321 1
2875 1 38750.83711567 1
2876 1 55414.37737679 1
2877 1 54814.48408309 1
2878 1 40209.46602593 1
2879 0 -59979.21689252 0
2880 1 62670.90293039 1
2881 0 -57887.86994712 0
2882 0 -46689.23571119 0
2883 1 49049.05689780 1
2884 1 41528.31916048 1
2885 1 43501.24574143 1
2886 1 50908.26195463 1
2887 1 47621.23294120 1
2888 0 -58718.66328502 0
2889 0 -38734.14499481 0
2890 1 37938.60814217 1
2891 0 -43102.29782826 0
2892 0 -29606.76256508 0
2893 0 -58064.33492048 0
2894 1 49737.67557433 1
2895 0 -49221.06884138 0
2896 0 -35530.09857828 0
2897 1 41776.91098821 1
2898 0 -34570.81529331 0
2899 0 -46532.96702649 0
2900 0 -49916.92703778 0
2901 0 -45366.91857620 0
2902 1 44457.15700666 1
2903 1 37883.93814647 1
2904 0 -32217.46305149 0
2905 1 47892.07769566 1
2906 1 33702.82623805 1
2907 0 -59315.18521021 0
2908 1 48657.20410150 1
2909 0 -45660.04897474 0
2910 1 37131.49729523 1
2911 0 -39948.78732229 0
2912 1 45531.78983351 1
2913 0 -37182.54523984 0
2914 0 -59814.88391358 0
2915 1 55794.51133624 1
2916 0 -41716.83404729 0
2917 0 -44314.08936739 0
2918 0 -46888.47115319 0
2919 1 60031.01388104 1
2920 0 -43422.22011682 0
2921 1 53750.40756885 1
2922 1 59048.71113240 1
2923 1 46870.05035196 1
2924 1 39170.92548005 1
2925 0 -49884.99398273 0
2926 0 -56918.95112075 0
2927 0 -49852.79274884 0
2928 0 -55934.17337220 0
2929 1 57757.99394390 1
2930 0 -51209.81581812 0
2931 0 -37825.17553817 0
2932 1 52314.68087615 1
2933 1 54967.15257865 1
2934 0 -53564.30492890 0
2935 1 51291.03551446 1
2936 1 55801.39787599 1
2937 1 50485.31738280 1
2938 0 -28454.19762054 0
2939 1 52695.29387818 1
2940 0 -51559.37724601 0
2941 1 41706.84467578 1
2942 0 -57460.69753231 0
2943 1 54776.42592465 1
2944 1 56152.32183570 1
2945 0 -28153.73538013 0
2946 1 48664.13497406 1
2947 1 51815.47769852 1
2948 0 -43810.28721636 0
2949 1 56683.55821136 1
2950 1 56664.38851665 1
2951 1 52682.38599914 1
2952 1 28490.59194182 1
2953 1 35070.32653924 1
2954 1 49817.14774976 1
2955 0 -40662.83662369 0
2956 1 46360.27229993 1
2957 1 56203.68490147 1
2958 1 49959.63596216 1
2959 0 -30538.08335140 0
2960 0 -34784.01946014 0
2961 1 29564.57607962 1
2962 1 41669.08274224 1
2963 1 36864.36386189 1
2964 0 -48139.81873009 0
2965 0 -42113.19860575 0
2966 0 21631.77821744 1
2967 1 41026.40910648 1
2968 0 -37281.90466324 0
2969 0 -37175.85652867 0
2970 0 -46370.36687486 0
2971 1 41327.03705889 1
2972 1 41768.23049663 1
2973 0 13173.09290631 1
2974 0 -44224.93552688 0
2975 0 -44578.96699498 0
2976 0 -33039.38269669 0
2977 1 50783.61296745 1
2978 0 -42791.57863587 0
2979 0 -49016.30641793 0
2980 1 20145.87775950 1
2981 0 -43305.48937890 0
2982 1 46410.23364195 1
2983 0 -29918.90376438 0
2984 1 49760.13222830 1
2985 1 43161.55011825 1
2986 1 48819.49414274 1
2987 0 -36441.33630586 0
2988 0 -43043.46201930 0
2989 1 51132.94567403 1
2990 1 42638.44167326 1
2991 1 56362.03413120 1
2992 1 49617.23424163 1
2993 1 37446.21466867 1
2994 0 -32655.73487493 0
2995 0 -57111.28942120 0
2996 1 37975.66589289 1
2997 1 46782.32012412 1
2998 0 -57609.24567445 0
2999 1 46911.81216511 1
3000 0 -43839.59308582 0
3001 1 32097.84474017 1
3002 0 -51967.24883922 0
3003 1 35298.92813126 1
3004 1 40460.27484151 1
3005 0 -61303.81683944 0
3006 0 -48369.29466590 0
3007 0 -49480.82294908 0
3008 1 36465.87544097 1
3009 1 50685.12758021 1
3010 0 -60568.75188047 0
3011 0 -46325.54635418 0
3012 1 50780.22699525 1
3013 0 -45775.88959884 0
3014 1 58087.20501963 1
3015 1 37362.40436614 1
3016 1 48691.72416530 1
3017 0 -53148.57734281 0
3018 0 -42772.73474938 0
3019 0 -53050.35654487 0
3020 0 -55043.67198086 0
3021 1 46838.59739283 1
3022 0 -32123.19530582 0
3023 1 46626.65795211 1
3024 0 -47581.45078262 0
3025 1 43706.04552744 1
3026 0 -60305.32730395 0
3027 0 -59713.86008334 0
3028 0 -52382.76345972 0
3029 1 44938.59195480 1
3030 1 55299.50670163 1
3031 1 54011.26343248 1
3032 1 48674.61992148 1
3033 1 57088.99520861 1
3034 1 49456.17564906 1
3035 0 -62270.36888650 0
3036 0 -42132.68558095 0
3037 1 56219.10740602 1
3038 0 -50571.99819755 0
3039 1 49723.78846512 1
3040 1 53415.72945582 1
3041 0 -55531.94209772 0
3042 1 50928.47889456 1
3043 0 -39179.87473120 0
3044 0 -55236.10463227 0
3045 1 58604.76405488 1
3046 1 49471.85327105 1
3047 1 56566.15119077 1
3048 0 -64298.67752166 0
3049 1 61879.95973325 1
3050 1 44141.97488948 1
3051 1 56968.11186449 1
3052 0 -62508.27846036 0
3053 0 -52821.82673287 0
3054 0 -54868.32618596 0
3055 0 -62050.93520922 0
3056 0 -64849.87700251 0
3057 1 45840.43950051 1
3058 0 -47640.68508178 0
3059 1 62695.88929538 1
3060 1 54403.32755297 1
3061 1 65009.11446483 1
3062 1 49802.22515955 1
3063 1 61942.58721468 1
3064 1 44300.72519086 1
3065 1 53509.98133320 1
3066 0 -56890.69173743 0
3067 0 -50286.91852714 0
3068 0 -58763.64363452 0
3069 0 -58199.22147703 0
3070 1 60658.24616677 1
3071 1 44487.94741681 1
3072 0 -60800.57007446 0
3073 1 54738.29183225 1
3074 1 40491.80952682 1
3075 0 -67377.98273893 0
3076 1 54750.44773546 1
3077 0 -65959.00579209 0
3078 0 -44039.49520637 0
3079 1 50265.55786228 1
3080 0 -55101.96185086 0
3081 0 -50125.37606557 0
3082 0 -61044.56524054 0
3083 0 -53489.47028916 0
3084 0 -63441.38629006 0
3085 0 -41970.14776728 0
3086 1 51053.28454042 1
3087 1 55130.09691669 1
3088 1 40889.53636211 1
3089 0 -62911.39812225 0
3090 0 -53524.62609523 0
3091 1 62944.14098449 1
3092 1 41123.22335937 1
3093 1 52537.12534393 1
3094 0 -52443.43662939 0
3095 1 46869.02547185 1
3096 1 59443.70269521 1
3097 1 48112.37370085 1
3098 0 -64138.27302381 0
3099 0 -36010.03479335 0
3100 0 -57374.33722179 0
3101 1 60517.41641935 1
3102 1 43923.91474185 1
3103 1 66161.09144233 1
3104 1 60403.03188923 1
3105 1 65393.20763026 1
3106 0 -49458.45845162 0
3107 0 -42764.05647672 0
3108 0 -54354.00293383 0
3109 0 -46929.22602972 0
3110 1 63938.47957014 1
3111 1 62768.32976773 1
3112 1 58718.51219271 1
3113 1 42214.43347220 1
3114 1 37277.99180368 1
3115 1 58143.37370953 1
3116 1 45133.01913356 1
3117 1 57932.90800159 1
3118 0 -63461.30475034 0
3119 0 -54695.23980594 0
3120 1 43935.10340724 1
3121 1 50403.45316475 1
3122 1 47222.71048590 1
3123 0 -47434.04893685 0
3124 0 -62376.90022984 0
3125 1 61797.11776940 1
3126 0 -53182.52250450 0
3127 1 46387.30855037 1
3128 1 43033.69682334 1
3129 0 -57332.68308663 0
3130 0 -42728.72046430 0
3131 0 -70166.54090429 0
3132 0 -70267.61425612 0
3133 1 58549.85402746 1
3134 1 42145.26486492 1
3135 0 -55478.17533001 0
3136 1 64272.51317545 1
3137 1 39557.16582639 1
3138 0 -69174.71731262 0
3139 0 -50169.24445123 0
3140 1 51143.48023035 1
3141 1 47395.15202688 1
3142 0 -52838.36412459 0
3143 0 -52353.56961943 0
3144 0 -47608.07417115 0
3145 1 64592.92028290 1
3146 1 53679.43593385 1
3147 1 39856.64709772 1
3148 1 38808.83534328 1
3149 0 -42893.23669888 0
3150 1 57825.65364950 1
3151 0 -45799.13126645 0
3152 1 62180.28556819 1
3153 1 62616.59158655 1
3154 1 52881.19924093 1
3155 1 54101.94213976 1
3156 0 -61601.85298073 0
3157 1 53716.11396308 1
3158 0 -46873.81240449 0
3159 1 55274.26272532 1
3160 1 55554.42247536 1
3161 0 -66838.58720277 0
3162 0 -43567.95635090 0
3163 1 58891.33084439 1
3164 1 68722.99731550 1
3165 0 -46960.52176750 0
3166 0 -52052.83249174 0
3167 1 46451.85141788 1
3168 1 54228.01909213 1
3169 0 -40456.30449467 0
3170 1 43320.22205122 1
3171 1 63012.37065236 1
3172 0 -43694.15999983 0
3173 1 65063.78354134 1
3174 1 54416.45723326 1
3175 1 50450.89420102 1
3176 0 -47903.76533035 0
3177 1 32553.23026030 1
3178 0 -54633.56864836 0
3179 0 -25947.52474952 0
3180 1 57622.45334412 1
3181 0 -42121.72290601 0
3182 1 40406.22440531 1
3183 0 -38258.23455766 0
3184 0 -41000.03749073 0
3185 1 53909.19883030 1
3186 0 -26830.88359380 0
3187 0 -42546.30601307 0
3188 0 -45066.90244608 0
3189 1 33294.17139798 1
3190 0 -24889.70612565 0
3191 1 40799.38450048 1
3192 1 55185.92265203 1
3193 1 47439.44374978 1
3194 1 53112.17304529 1
3195 0 -42046.59191540 0
3196 0 -42308.83267433 0
3197 0 -32752.72984615 0
3198 0 -49163.79544266 0
3199 0 52519.83105533 1
