# idx_int bit_int post_llr_q hard
0 0 -64 0
1 1 63 1
2 0 -64 0
3 0 -64 0
4 1 63 1
5 1 63 1
6 1 63 1
7 1 63 1
8 0 -64 0
9 1 63 1
10 0 -64 0
11 1 63 1
12 1 63 1
13 0 -64 0
14 0 -64 0
15 1 63 1
16 1 63 1
17 1 63 1
18 1 63 1
19 1 63 1
20 0 -64 0
21 0 -64 0
22 1 63 1
23 0 -64 0
24 0 -64 0
25 1 63 1
26 0 -64 0
27 0 -64 0
28 1 63 1
29 0 -64 0
30 0 -64 0
31 1 63 1
32 1 63 1
33 1 63 1
34 0 -64 0
35 0 -64 0
36 1 63 1
37 0 -64 0
38 0 -64 0
39 1 63 1
40 0 -64 0
41 0 -64 0
42 0 -64 0
43 1 63 1
44 1 63 1
45 0 -64 0
46 1 63 1
47 1 63 1
48 1 63 1
49 1 63 1
50 1 63 1
51 0 -64 0
52 0 -64 0
53 0 -58 0
54 0 -64 0
55 1 63 1
56 0 -64 0
57 0 -64 0
58 1 63 1
59 1 63 1
60 0 -64 0
61 0 -64 0
62 1 63 1
63 1 63 1
64 0 -64 0
65 1 63 1
66 0 -64 0
67 0 -64 0
68 0 -64 0
69 0 -64 0
70 0 -43 0
71 0 -64 0
72 0 -64 0
73 1 63 1
74 0 -64 0
75 0 -64 0
76 0 -64 0
77 0 -64 0
78 1 63 1
79 0 -64 0
80 0 -64 0
81 1 63 1
82 0 -64 0
83 0 -64 0
84 1 63 1
85 1 63 1
86 1 63 1
87 0 -64 0
88 0 -64 0
89 0 -64 0
90 0 -64 0
91 0 -64 0
92 0 -64 0
93 1 63 1
94 1 63 1
95 0 -64 0
96 1 63 1
97 0 -64 0
98 1 63 1
99 0 -64 0
100 0 -64 0
101 0 -64 0
102 1 -64 0
103 1 63 1
104 1 63 1
105 1 63 1
106 0 -64 0
107 1 63 1
108 1 63 1
109 1 63 1
110 1 63 1
111 1 35 1
112 0 -64 0
113 1 63 1
114 1 63 1
115 0 -64 0
116 1 63 1
117 0 -64 0
118 0 -64 0
119 1 63 1
120 0 -64 0
121 1 63 1
122 1 63 1
123 0 -64 0
124 1 50 1
125 1 63 1
126 1 63 1
127 1 63 1
128 1 63 1
129 0 -64 0
130 0 -64 0
131 0 -64 0
132 0 -64 0
133 0 -64 0
134 1 63 1
135 0 -64 0
136 1 63 1
137 0 -64 0
138 0 -64 0
139 1 63 1
140 0 -64 0
141 1 63 1
142 1 63 1
143 1 63 1
144 0 -64 0
145 0 -64 0
146 0 -64 0
147 1 63 1
148 0 -64 0
149 0 -64 0
150 0 -64 0
151 1 63 1
152 0 -64 0
153 0 -64 0
154 0 -64 0
155 1 63 1
156 1 63 1
157 1 63 1
158 1 63 1
159 0 -64 0
160 0 49 1
161 1 63 1
162 0 -64 0
163 1 63 1
164 1 63 1
165 1 63 1
166 1 63 1
167 1 63 1
168 1 63 1
169 1 63 1
170 0 -64 0
171 0 -64 0
172 0 -64 0
173 1 63 1
174 1 63 1
175 1 63 1
176 0 -64 0
177 1 63 1
178 1 63 1
179 1 63 1
180 0 -64 0
181 1 63 1
182 1 63 1
183 1 63 1
184 0 -64 0
185 0 -64 0
186 0 -64 0
187 0 -64 0
188 1 63 1
189 0 -64 0
190 0 -64 0
191 1 63 1
192 1 63 1
193 0 -64 0
194 1 63 1
195 1 63 1
196 0 -64 0
197 1 63 1
198 1 63 1
199 0 -64 0
200 0 -64 0
201 0 -64 0
202 0 -64 0
203 0 -64 0
204 1 63 1
205 1 63 1
206 1 63 1
207 1 63 1
208 0 -64 0
209 0 -64 0
210 1 63 1
211 1 63 1
212 1 63 1
213 1 63 1
214 1 63 1
215 0 -64 0
216 0 -64 0
217 1 63 1
218 1 63 1
219 1 63 1
220 1 63 1
221 1 63 1
222 1 63 1
223 1 63 1
224 1 63 1
225 0 -64 0
226 1 63 1
227 0 -64 0
228 1 63 1
229 1 63 1
230 1 63 1
231 1 63 1
232 0 -64 0
233 0 -64 0
234 1 63 1
235 1 63 1
236 1 63 1
237 0 -64 0
238 1 63 1
239 0 -64 0
240 1 63 1
241 1 63 1
242 0 -64 0
243 1 63 1
244 0 -64 0
245 0 -54 0
246 0 -64 0
247 0 -64 0
248 1 63 1
249 0 -64 0
250 0 -64 0
251 0 -64 0
252 0 -64 0
253 0 -64 0
254 0 -64 0
255 0 -64 0
256 1 63 1
257 1 63 1
258 1 60 1
259 0 -63 0
260 1 63 1
261 0 -64 0
262 0 -64 0
263 0 -64 0
264 1 63 1
265 1 63 1
266 0 50 1
267 1 63 1
268 0 -64 0
269 0 -64 0
270 0 -64 0
271 1 63 1
272 1 63 1
273 0 -64 0
274 1 63 1
275 1 63 1
276 1 63 1
277 1 63 1
278 0 -64 0
279 0 -63 0
280 0 -64 0
281 0 -64 0
282 0 -64 0
283 1 63 1
284 1 63 1
285 0 -64 0
286 1 63 1
287 1 63 1
288 1 63 1
289 0 -64 0
290 0 -64 0
291 0 -64 0
292 1 31 1
293 1 63 1
294 1 63 1
295 0 -64 0
296 0 -64 0
297 1 63 1
298 0 -64 0
299 1 63 1
300 0 -64 0
301 1 63 1
302 0 -64 0
303 0 -64 0
304 0 -64 0
305 1 63 1
306 0 -64 0
307 0 -64 0
308 0 -64 0
309 1 63 1
310 1 63 1
311 1 63 1
312 0 -64 0
313 1 63 1
314 1 63 1
315 1 63 1
316 0 -64 0
317 1 63 1
318 1 63 1
319 0 -64 0
320 0 -64 0
321 0 -64 0
322 1 63 1
323 1 63 1
324 1 63 1
325 0 -64 0
326 0 -64 0
327 1 63 1
328 0 -64 0
329 0 -64 0
330 1 63 1
331 0 -64 0
332 1 63 1
333 1 63 1
334 0 -64 0
335 1 63 1
336 0 -64 0
337 1 63 1
338 0 -64 0
339 0 -64 0
340 1 63 1
341 0 -64 0
342 1 63 1
343 0 -64 0
344 1 63 1
345 1 63 1
346 0 -64 0
347 0 -64 0
348 1 63 1
349 1 63 1
350 0 -64 0
351 1 46 1
352 1 63 1
353 1 63 1
354 1 63 1
355 1 63 1
356 1 63 1
357 1 63 1
358 1 63 1
359 1 63 1
360 1 63 1
361 1 63 1
362 1 63 1
363 1 63 1
364 1 63 1
365 1 63 1
366 1 63 1
367 0 -64 0
368 1 63 1
369 0 -41 0
370 1 63 1
371 1 63 1
372 1 63 1
373 1 63 1
374 1 63 1
375 0 -64 0
376 1 63 1
377 1 63 1
378 1 63 1
379 0 -64 0
380 0 -64 0
381 0 -64 0
382 0 63 1
383 1 63 1
384 1 63 1
385 0 -64 0
386 1 63 1
387 0 -64 0
388 1 63 1
389 0 -64 0
390 0 -64 0
391 0 -64 0
392 1 63 1
393 1 63 1
394 1 63 1
395 1 63 1
396 1 63 1
397 1 63 1
398 0 -64 0
399 1 63 1
400 0 -38 0
401 0 -64 0
402 0 -64 0
403 1 63 1
404 0 -64 0
405 0 -64 0
406 1 63 1
407 1 63 1
408 0 -64 0
409 1 63 1
410 0 -64 0
411 0 -64 0
412 1 63 1
413 1 63 1
414 0 -64 0
415 1 63 1
416 1 63 1
417 0 -64 0
418 1 63 1
419 0 -64 0
420 0 -64 0
421 1 63 1
422 0 -64 0
423 1 63 1
424 0 -64 0
425 1 63 1
426 1 63 1
427 0 -64 0
428 0 -64 0
429 1 63 1
430 0 -64 0
431 0 -64 0
432 0 -64 0
433 1 63 1
434 0 -64 0
435 0 -64 0
436 1 63 1
437 0 -64 0
438 0 -64 0
439 0 -64 0
440 0 -64 0
441 1 63 1
442 1 63 1
443 0 -64 0
444 0 -64 0
445 1 63 1
446 1 63 1
447 0 -64 0
448 0 -64 0
449 0 -64 0
450 1 63 1
451 1 63 1
452 1 63 1
453 1 63 1
454 1 63 1
455 1 63 1
456 0 -64 0
457 0 -64 0
458 1 63 1
459 1 63 1
460 1 63 1
461 1 63 1
462 1 63 1
463 0 -64 0
464 1 63 1
465 1 63 1
466 0 -64 0
467 1 63 1
468 0 -64 0
469 1 63 1
470 1 63 1
471 0 -64 0
472 1 63 1
473 0 -64 0
474 0 -64 0
475 0 -64 0
476 0 -64 0
477 1 63 1
478 1 63 1
479 1 63 1
480 1 63 1
481 0 -64 0
482 1 63 1
483 1 63 1
484 1 63 1
485 0 -64 0
486 1 63 1
487 0 -64 0
488 1 63 1
489 0 -64 0
490 1 61 1
491 0 -64 0
492 0 -64 0
493 0 -64 0
494 0 -64 0
495 0 -64 0
496 1 63 1
497 0 -64 0
498 1 63 1
499 1 63 1
500 0 -64 0
501 1 63 1
502 0 -64 0
503 0 -60 0
504 0 -64 0
505 1 63 1
506 0 -64 0
507 1 63 1
508 1 63 1
509 0 -64 0
510 0 -64 0
511 1 63 1
512 1 63 1
513 1 63 1
514 0 -64 0
515 1 63 1
516 0 -64 0
517 1 63 1
518 1 63 1
519 0 -64 0
520 0 -64 0
521 0 -56 0
522 1 63 1
523 1 63 1
524 1 49 1
525 0 -64 0
526 0 -64 0
527 1 63 1
528 0 -64 0
529 1 63 1
530 1 63 1
531 1 63 1
532 0 -64 0
533 0 -64 0
534 0 -64 0
535 0 -64 0
536 1 63 1
537 1 63 1
538 0 -64 0
539 0 -64 0
540 1 63 1
541 1 63 1
542 0 -64 0
543 1 63 1
544 1 63 1
545 1 63 1
546 0 -64 0
547 0 -64 0
548 0 -64 0
549 1 63 1
550 1 63 1
551 0 -64 0
552 1 63 1
553 1 63 1
554 0 -64 0
555 0 -63 0
556 1 63 1
557 0 -64 0
558 1 63 1
559 0 -64 0
560 0 -64 0
561 0 -64 0
562 0 -64 0
563 1 63 1
564 1 63 1
565 1 63 1
566 0 -64 0
567 0 -64 0
568 1 63 1
569 1 63 1
570 0 -64 0
571 0 -64 0
572 0 -64 0
573 1 63 1
574 1 63 1
575 0 -64 0
576 0 -64 0
577 0 -64 0
578 0 -64 0
579 1 63 1
580 1 63 1
581 0 -64 0
582 0 -64 0
583 0 -64 0
584 1 63 1
585 1 63 1
586 0 -64 0
587 1 63 1
588 0 -64 0
589 0 -64 0
590 0 -64 0
591 1 63 1
592 1 63 1
593 1 63 1
594 1 63 1
595 1 63 1
596 0 -56 0
597 0 -64 0
598 1 63 1
599 0 -64 0
600 1 63 1
601 1 63 1
602 1 63 1
603 0 -64 0
604 0 -64 0
605 1 63 1
606 1 63 1
607 1 63 1
608 1 63 1
609 0 -64 0
610 0 -64 0
611 1 63 1
612 1 63 1
613 1 63 1
614 1 63 1
615 0 -64 0
616 1 63 1
617 1 63 1
618 0 -64 0
619 0 -64 0
620 1 63 1
621 0 -64 0
622 0 -61 0
623 0 -64 0
624 1 63 1
625 0 -64 0
626 0 -64 0
627 0 -64 0
628 0 -64 0
629 0 -64 0
630 0 -64 0
631 0 -64 0
632 1 63 1
633 0 -64 0
634 0 -64 0
635 1 63 1
636 1 63 1
637 0 -64 0
638 0 -64 0
639 0 -64 0
640 0 -64 0
641 0 -64 0
642 1 63 1
643 1 63 1
644 1 63 1
645 1 51 1
646 1 63 1
647 1 63 1
648 1 63 1
649 0 -64 0
650 1 63 1
651 0 -64 0
652 0 -64 0
653 1 63 1
654 0 -64 0
655 0 -64 0
656 0 -64 0
657 1 63 1
658 1 46 1
659 1 63 1
660 0 -64 0
661 0 -64 0
662 0 -64 0
663 0 -64 0
664 0 -64 0
665 1 63 1
666 0 -64 0
667 0 -64 0
668 0 -64 0
669 0 -64 0
670 1 63 1
671 1 63 1
672 0 -64 0
673 1 63 1
674 0 -64 0
675 1 63 1
676 0 -64 0
677 0 -64 0
678 0 -64 0
679 0 -64 0
680 1 63 1
681 0 -64 0
682 1 63 1
683 1 63 1
684 0 -64 0
685 1 63 1
686 1 63 1
687 1 63 1
688 0 -64 0
689 0 -64 0
690 1 63 1
691 0 -64 0
692 0 -64 0
693 0 -64 0
694 1 63 1
695 1 63 1
696 1 63 1
697 1 63 1
698 0 -64 0
699 0 -64 0
700 1 63 1
701 1 63 1
702 1 63 1
703 0 -64 0
704 1 63 1
705 0 -64 0
706 1 63 1
707 0 -64 0
708 0 -64 0
709 0 -64 0
710 1 63 1
711 1 63 1
712 0 -49 0
713 1 63 1
714 1 63 1
715 1 63 1
716 1 63 1
717 1 63 1
718 0 -64 0
719 1 63 1
720 1 63 1
721 0 -64 0
722 0 -64 0
723 1 63 1
724 0 -64 0
725 0 -64 0
726 1 63 1
727 1 63 1
728 1 63 1
729 1 63 1
730 0 -64 0
731 1 63 1
732 0 -64 0
733 1 63 1
734 0 -64 0
735 1 63 1
736 1 63 1
737 0 -64 0
738 1 63 1
739 0 -64 0
740 1 63 1
741 1 63 1
742 1 63 1
743 0 -64 0
744 0 -64 0
745 1 63 1
746 1 63 1
747 1 63 1
748 1 63 1
749 1 63 1
750 0 -64 0
751 0 -62 0
752 0 -64 0
753 0 -64 0
754 0 -64 0
755 1 63 1
756 0 -64 0
757 0 -64 0
758 1 63 1
759 0 -64 0
760 1 63 1
761 1 63 1
762 0 -64 0
763 1 63 1
764 0 -64 0
765 0 -64 0
766 1 63 1
767 1 63 1
768 1 63 1
769 1 37 1
770 1 63 1
771 1 63 1
772 0 -64 0
773 0 -64 0
774 0 -64 0
775 1 63 1
776 0 -64 0
777 0 -64 0
778 1 63 1
779 1 63 1
780 0 -64 0
781 1 63 1
782 0 -64 0
783 1 63 1
784 0 -64 0
785 0 -64 0
786 1 63 1
787 1 63 1
788 1 63 1
789 1 63 1
790 1 63 1
791 1 63 1
792 1 63 1
793 1 63 1
794 0 -64 0
795 1 63 1
796 1 63 1
797 1 63 1
798 0 -64 0
799 0 -64 0
800 1 2 1
801 0 -64 0
802 1 63 1
803 1 63 1
804 0 -64 0
805 1 63 1
806 1 63 1
807 1 63 1
808 1 63 1
809 0 -64 0
810 1 63 1
811 0 -64 0
812 1 63 1
813 1 57 1
814 0 -64 0
815 0 -64 0
816 0 -64 0
817 0 -64 0
818 0 -64 0
819 0 -64 0
820 1 63 1
821 1 63 1
822 0 -64 0
823 1 63 1
824 1 63 1
825 0 -64 0
826 0 -64 0
827 0 -64 0
828 1 63 1
829 0 -64 0
830 1 63 1
831 0 -64 0
832 0 -64 0
833 0 -64 0
834 0 -64 0
835 1 63 1
836 1 63 1
837 0 -64 0
838 0 -64 0
839 0 -64 0
840 0 -64 0
841 1 63 1
842 0 -64 0
843 1 63 1
844 1 63 1
845 0 -64 0
846 0 -64 0
847 0 -64 0
848 0 -64 0
849 1 63 1
850 1 63 1
851 0 -64 0
852 0 -64 0
853 1 63 1
854 1 63 1
855 1 63 1
856 0 -64 0
857 0 -64 0
858 0 -64 0
859 0 -64 0
860 1 63 1
861 0 -64 0
862 1 63 1
863 1 63 1
864 1 63 1
865 1 63 1
866 0 -64 0
867 0 -46 0
868 1 63 1
869 0 -64 0
870 1 63 1
871 1 63 1
872 0 -64 0
873 1 63 1
874 1 63 1
875 1 63 1
876 1 63 1
877 0 -64 0
878 0 -64 0
879 1 63 1
880 0 -64 0
881 1 63 1
882 0 -64 0
883 0 -64 0
884 0 -64 0
885 0 -64 0
886 1 63 1
887 1 63 1
888 0 -64 0
889 1 63 1
890 0 -64 0
891 1 63 1
892 1 63 1
893 0 -64 0
894 0 -64 0
895 0 -64 0
896 0 -64 0
897 0 -64 0
898 1 63 1
899 0 -64 0
900 1 63 1
901 1 63 1
902 0 -64 0
903 1 63 1
904 1 63 1
905 1 63 1
906 1 54 1
907 1 63 1
908 0 -64 0
909 0 -64 0
910 0 -64 0
911 0 -64 0
912 0 -64 0
913 0 -64 0
914 0 -64 0
915 0 -64 0
916 1 63 1
917 0 -64 0
918 1 63 1
919 1 63 1
920 0 -64 0
921 1 63 1
922 1 63 1
923 1 63 1
924 0 -64 0
925 0 -64 0
926 1 63 1
927 1 63 1
928 1 63 1
929 1 63 1
930 1 63 1
931 1 63 1
932 0 -64 0
933 0 -64 0
934 0 -64 0
935 0 -64 0
936 0 -64 0
937 1 63 1
938 0 -64 0
939 1 63 1
940 1 63 1
941 0 -64 0
942 1 63 1
943 1 63 1
944 0 -64 0
945 0 -64 0
946 0 -64 0
947 1 63 1
948 0 -64 0
949 0 -64 0
950 1 63 1
951 0 -64 0
952 0 -64 0
953 0 -64 0
954 0 -64 0
955 0 -64 0
956 1 63 1
957 1 63 1
958 0 -64 0
959 1 63 1
960 1 63 1
961 0 -64 0
962 1 63 1
963 1 63 1
964 1 63 1
965 1 63 1
966 1 63 1
967 0 -64 0
968 0 -64 0
969 0 -64 0
970 0 -64 0
971 1 63 1
972 0 -64 0
973 0 -64 0
974 0 -64 0
975 0 -64 0
976 1 63 1
977 1 63 1
978 1 63 1
979 1 63 1
980 1 63 1
981 0 -64 0
982 1 63 1
983 1 63 1
984 1 63 1
985 1 63 1
986 1 63 1
987 0 -64 0
988 0 -64 0
989 0 -64 0
990 1 63 1
991 1 63 1
992 0 -64 0
993 1 63 1
994 0 -64 0
995 1 63 1
996 1 46 1
997 0 -64 0
998 0 -64 0
999 1 63 1
1000 0 -64 0
1001 0 -64 0
1002 0 -64 0
1003 1 63 1
1004 0 -64 0
1005 0 -64 0
1006 0 -64 0
1007 0 -64 0
1008 1 63 1
1009 0 -64 0
1010 1 63 1
1011 0 -64 0
1012 0 -64 0
1013 0 -64 0
1014 1 56 1
1015 1 63 1
1016 1 63 1
1017 1 63 1
1018 0 -64 0
1019 1 63 1
1020 0 -64 0
1021 0 -64 0
1022 0 -41 0
1023 0 -64 0
1024 0 -64 0
1025 1 63 1
1026 0 -64 0
1027 1 63 1
1028 0 -64 0
1029 0 -64 0
1030 1 63 1
1031 0 -64 0
1032 0 -64 0
1033 0 -64 0
1034 0 -64 0
1035 0 -64 0
1036 0 -64 0
1037 0 -64 0
1038 1 63 1
1039 0 -64 0
1040 0 -64 0
1041 1 63 1
1042 1 63 1
1043 0 -64 0
1044 0 -64 0
1045 0 -55 0
1046 1 63 1
1047 1 63 1
1048 0 -64 0
1049 0 -64 0
1050 1 63 1
1051 0 -64 0
1052 1 63 1
1053 0 -64 0
1054 0 -64 0
1055 0 -64 0
1056 0 -64 0
1057 0 -64 0
1058 0 -64 0
1059 0 -64 0
1060 0 -64 0
1061 1 63 1
1062 0 -64 0
1063 1 63 1
1064 0 -64 0
1065 1 63 1
1066 0 -64 0
1067 1 63 1
1068 1 63 1
1069 0 -64 0
1070 1 63 1
1071 0 -64 0
1072 1 63 1
1073 1 63 1
1074 0 -64 0
1075 0 -64 0
1076 1 63 1
1077 0 -64 0
1078 0 -64 0
1079 1 63 1
1080 0 -64 0
1081 1 63 1
1082 0 -64 0
1083 0 -64 0
1084 0 -64 0
1085 0 -64 0
1086 1 63 1
1087 1 63 1
1088 0 -64 0
1089 0 -64 0
1090 0 -64 0
1091 1 63 1
1092 0 -64 0
1093 1 63 1
1094 0 -64 0
1095 0 -64 0
1096 0 -64 0
1097 0 -64 0
1098 0 -64 0
1099 1 63 1
1100 1 63 1
1101 1 63 1
1102 0 -64 0
1103 1 63 1
1104 0 -64 0
1105 1 63 1
1106 1 63 1
1107 0 -64 0
1108 0 -64 0
1109 1 63 1
1110 0 -64 0
1111 0 -64 0
1112 1 62 1
1113 0 -64 0
1114 0 -64 0
1115 0 -64 0
1116 0 -64 0
1117 1 63 1
1118 0 -64 0
1119 0 -64 0
1120 0 -64 0
1121 1 63 1
1122 1 63 1
1123 0 -64 0
1124 1 63 1
1125 1 63 1
1126 1 63 1
1127 0 -64 0
1128 0 -26 0
1129 1 63 1
1130 0 -64 0
1131 1 63 1
1132 1 63 1
1133 0 -64 0
1134 1 63 1
1135 0 -64 0
1136 0 -64 0
1137 1 63 1
1138 1 63 1
1139 1 63 1
1140 0 -64 0
1141 1 63 1
1142 1 63 1
1143 0 -64 0
1144 0 -64 0
1145 0 -64 0
1146 1 63 1
1147 1 63 1
1148 0 -64 0
1149 0 -64 0
1150 1 63 1
1151 1 63 1
1152 0 -64 0
1153 1 63 1
1154 1 63 1
1155 0 -64 0
1156 1 63 1
1157 0 -64 0
1158 0 -64 0
1159 0 -64 0
1160 0 -64 0
1161 1 63 1
1162 0 -64 0
1163 1 63 1
1164 1 63 1
1165 0 -64 0
1166 1 63 1
1167 1 63 1
1168 0 -64 0
1169 0 -47 0
1170 0 -64 0
1171 1 63 1
1172 1 63 1
1173 1 63 1
1174 1 63 1
1175 1 63 1
1176 0 -64 0
1177 0 -64 0
1178 1 63 1
1179 0 -64 0
1180 1 63 1
1181 1 63 1
1182 0 -64 0
1183 0 -64 0
1184 0 -64 0
1185 0 -64 0
1186 1 -64 0
1187 0 -64 0
1188 1 63 1
1189 1 63 1
1190 0 -64 0
1191 1 63 1
1192 0 -64 0
1193 0 -64 0
1194 0 -64 0
1195 1 63 1
1196 0 -64 0
1197 0 -64 0
1198 1 63 1
1199 0 -64 0
1200 0 -38 0
1201 0 -64 0
1202 1 63 1
1203 1 63 1
1204 0 -64 0
1205 0 -64 0
1206 1 63 1
1207 0 -64 0
1208 0 -64 0
1209 0 -64 0
1210 0 -64 0
1211 1 63 1
1212 0 -64 0
1213 1 34 1
1214 1 63 1
1215 1 63 1
1216 1 63 1
1217 0 -64 0
1218 1 63 1
1219 0 -64 0
1220 0 -64 0
1221 0 -64 0
1222 1 63 1
1223 0 -64 0
1224 0 -64 0
1225 0 -64 0
1226 0 -64 0
1227 0 -64 0
1228 1 63 1
1229 1 63 1
1230 0 -64 0
1231 1 63 1
1232 0 -64 0
1233 0 -64 0
1234 0 -64 0
1235 1 63 1
1236 1 63 1
1237 1 63 1
1238 1 63 1
1239 1 63 1
1240 0 -64 0
1241 0 -64 0
1242 0 -64 0
1243 1 63 1
1244 0 -64 0
1245 1 63 1
1246 1 63 1
1247 1 63 1
1248 1 63 1
1249 1 63 1
1250 1 63 1
1251 1 63 1
1252 0 -64 0
1253 1 63 1
1254 0 -64 0
1255 0 -64 0
1256 0 -64 0
1257 0 -64 0
1258 0 -64 0
1259 0 -64 0
1260 1 63 1
1261 1 63 1
1262 1 63 1
1263 1 63 1
1264 1 63 1
1265 1 63 1
1266 1 63 1
1267 0 -55 0
1268 0 -64 0
1269 0 -64 0
1270 1 -64 0
1271 1 63 1
1272 1 63 1
1273 1 63 1
1274 0 -64 0
1275 0 -64 0
1276 0 -64 0
1277 0 -64 0
1278 0 -64 0
1279 1 63 1
1280 1 63 1
1281 1 63 1
1282 0 -64 0
1283 0 -64 0
1284 0 -64 0
1285 0 -64 0
1286 0 -64 0
1287 1 63 1
1288 0 -64 0
1289 0 -64 0
1290 0 -64 0
1291 1 63 1
1292 0 -64 0
1293 0 -64 0
1294 0 -64 0
1295 1 63 1
1296 0 -64 0
1297 0 -64 0
1298 1 63 1
1299 0 -64 0
1300 0 -64 0
1301 0 -64 0
1302 0 -64 0
1303 0 -64 0
1304 1 63 1
1305 1 63 1
1306 1 63 1
1307 0 -64 0
1308 0 -64 0
1309 0 -64 0
1310 0 -64 0
1311 0 -64 0
1312 0 -64 0
1313 1 63 1
1314 1 63 1
1315 0 -64 0
1316 0 -64 0
1317 1 63 1
1318 0 -64 0
1319 0 -64 0
1320 1 63 1
1321 0 -64 0
1322 0 -64 0
1323 0 -64 0
1324 0 -63 0
1325 1 63 1
1326 0 -64 0
1327 0 -64 0
1328 1 63 1
1329 0 -64 0
1330 1 63 1
1331 1 63 1
1332 0 -64 0
1333 1 63 1
1334 1 63 1
1335 0 -64 0
1336 1 63 1
1337 0 -64 0
1338 0 -64 0
1339 1 63 1
1340 0 -64 0
1341 1 63 1
1342 1 63 1
1343 0 -64 0
1344 1 63 1
1345 1 63 1
1346 0 -64 0
1347 1 63 1
1348 1 63 1
1349 1 63 1
1350 1 63 1
1351 1 63 1
1352 0 -64 0
1353 0 -64 0
1354 1 63 1
1355 0 -64 0
1356 0 -64 0
1357 1 63 1
1358 1 63 1
1359 0 -64 0
1360 0 -64 0
1361 1 59 1
1362 1 63 1
1363 0 -64 0
1364 0 -64 0
1365 0 -64 0
1366 1 63 1
1367 0 -64 0
1368 1 63 1
1369 0 -64 0
1370 1 63 1
1371 0 -64 0
1372 1 63 1
1373 0 -64 0
1374 1 63 1
1375 1 63 1
1376 0 -64 0
1377 0 -64 0
1378 0 -64 0
1379 0 -64 0
1380 0 -64 0
1381 0 -64 0
1382 0 -64 0
1383 1 63 1
1384 1 63 1
1385 1 63 1
1386 1 63 1
1387 1 63 1
1388 0 -64 0
1389 0 -64 0
1390 1 63 1
1391 1 63 1
1392 0 -64 0
1393 0 -64 0
1394 0 -64 0
1395 0 -64 0
1396 0 -50 0
1397 1 63 1
1398 0 -64 0
1399 1 63 1
1400 0 -64 0
1401 0 -64 0
1402 1 63 1
1403 0 -64 0
1404 1 63 1
1405 0 -64 0
1406 1 63 1
1407 1 63 1
1408 1 63 1
1409 1 63 1
1410 1 63 1
1411 1 63 1
1412 0 -64 0
1413 1 63 1
1414 0 -48 0
1415 1 63 1
1416 1 63 1
1417 1 63 1
1418 1 63 1
1419 0 -64 0
1420 0 -64 0
1421 0 -64 0
1422 0 -51 0
1423 0 -64 0
1424 1 63 1
1425 0 -64 0
1426 0 -64 0
1427 0 -64 0
1428 1 63 1
1429 0 -64 0
1430 1 63 1
1431 1 63 1
1432 0 -64 0
1433 0 -64 0
1434 0 -64 0
1435 0 -64 0
1436 1 63 1
1437 1 63 1
1438 1 63 1
1439 0 -64 0
1440 1 63 1
1441 0 -64 0
1442 0 -64 0
1443 1 63 1
1444 0 -64 0
1445 0 -64 0
1446 1 63 1
1447 1 63 1
1448 0 -64 0
1449 0 -64 0
1450 0 -64 0
1451 0 -64 0
1452 0 -64 0
1453 1 63 1
1454 1 63 1
1455 0 -64 0
1456 1 63 1
1457 0 -64 0
1458 1 49 1
1459 0 -64 0
1460 0 -64 0
1461 1 63 1
1462 1 63 1
1463 0 -64 0
1464 0 -64 0
1465 1 63 1
1466 1 63 1
1467 0 -64 0
1468 1 63 1
1469 0 -64 0
1470 0 -64 0
1471 0 -64 0
1472 0 -64 0
1473 0 -64 0
1474 0 -64 0
1475 0 -64 0
1476 0 -64 0
1477 0 -64 0
1478 0 -64 0
1479 0 -64 0
1480 0 -64 0
1481 1 63 1
1482 1 63 1
1483 1 63 1
1484 0 -64 0
1485 1 63 1
1486 1 63 1
1487 1 63 1
1488 1 63 1
1489 0 -64 0
1490 0 -64 0
1491 0 -64 0
1492 1 63 1
1493 0 -64 0
1494 0 -64 0
1495 1 63 1
1496 1 63 1
1497 0 -64 0
1498 0 -64 0
1499 1 63 1
1500 1 63 1
1501 0 -64 0
1502 0 -64 0
1503 0 -64 0
1504 0 -64 0
1505 1 63 1
1506 0 -64 0
1507 1 63 1
1508 0 -64 0
1509 1 63 1
1510 1 63 1
1511 0 -64 0
1512 1 63 1
1513 0 -64 0
1514 0 -64 0
1515 0 -64 0
1516 1 63 1
1517 0 -64 0
1518 0 -64 0
1519 1 63 1
1520 1 63 1
1521 0 -64 0
1522 1 63 1
1523 1 63 1
1524 1 63 1
1525 1 63 1
1526 0 -64 0
1527 0 -64 0
1528 0 -64 0
1529 0 -64 0
1530 1 63 1
1531 0 -64 0
1532 1 63 1
1533 0 -64 0
1534 0 -64 0
1535 1 63 1
1536 1 63 1
1537 1 63 1
1538 1 63 1
1539 0 -64 0
1540 0 -64 0
1541 1 63 1
1542 1 63 1
1543 0 -64 0
1544 1 63 1
1545 0 -64 0
1546 0 -64 0
1547 0 -64 0
1548 1 63 1
1549 1 63 1
1550 1 63 1
1551 1 41 1
1552 1 63 1
1553 1 63 1
1554 0 -64 0
1555 1 63 1
1556 0 -64 0
1557 1 63 1
1558 1 63 1
1559 1 63 1
1560 0 -64 0
1561 1 63 1
1562 0 -64 0
1563 0 -64 0
1564 0 -64 0
1565 1 63 1
1566 1 63 1
1567 1 63 1
1568 1 63 1
1569 1 24 1
1570 1 63 1
1571 1 63 1
1572 1 63 1
1573 1 63 1
1574 1 63 1
1575 0 -64 0
1576 1 63 1
1577 0 -64 0
1578 1 63 1
1579 1 63 1
1580 1 63 1
1581 0 -64 0
1582 1 63 1
1583 1 63 1
1584 1 56 1
1585 1 63 1
1586 1 63 1
1587 1 63 1
1588 1 63 1
1589 1 63 1
1590 1 63 1
1591 1 63 1
1592 0 -64 0
1593 0 -64 0
1594 1 63 1
1595 1 63 1
1596 0 -64 0
1597 0 -64 0
1598 1 63 1
1599 1 63 1
1600 0 -39 0
1601 0 -64 0
1602 0 -64 0
1603 0 -64 0
1604 1 63 1
1605 1 63 1
1606 0 -64 0
1607 1 63 1
1608 1 63 1
1609 1 63 1
1610 0 -64 0
1611 1 63 1
1612 0 -64 0
1613 1 47 1
1614 1 62 1
1615 1 63 1
1616 1 63 1
1617 0 -64 0
1618 1 63 1
1619 0 -64 0
1620 1 63 1
1621 1 63 1
1622 0 -64 0
1623 1 63 1
1624 0 -64 0
1625 0 -64 0
1626 1 63 1
1627 0 -64 0
1628 1 63 1
1629 0 -64 0
1630 0 -64 0
1631 0 -64 0
1632 0 -64 0
1633 1 63 1
1634 0 -64 0
1635 0 -64 0
1636 0 -64 0
1637 1 63 1
1638 0 -64 0
1639 0 -62 0
1640 0 -64 0
1641 1 63 1
1642 0 -64 0
1643 0 -64 0
1644 1 63 1
1645 0 -64 0
1646 0 -64 0
1647 1 63 1
1648 1 63 1
1649 0 -64 0
1650 1 63 1
1651 0 -64 0
1652 0 -64 0
1653 1 63 1
1654 0 -64 0
1655 0 -64 0
1656 1 63 1
1657 0 -64 0
1658 0 -64 0
1659 1 63 1
1660 0 -64 0
1661 0 -64 0
1662 1 63 1
1663 0 -64 0
1664 1 63 1
1665 0 -64 0
1666 1 63 1
1667 0 4 1
1668 1 63 1
1669 0 -64 0
1670 0 -64 0
1671 0 -64 0
1672 1 63 1
1673 1 63 1
1674 0 -64 0
1675 1 63 1
1676 1 63 1
1677 1 63 1
1678 1 63 1
1679 1 63 1
1680 0 -64 0
1681 1 63 1
1682 0 -64 0
1683 0 -64 0
1684 1 63 1
1685 0 -64 0
1686 1 63 1
1687 1 63 1
1688 0 -64 0
1689 1 63 1
1690 0 -64 0
1691 1 63 1
1692 0 -64 0
1693 1 63 1
1694 1 63 1
1695 0 -64 0
1696 0 -64 0
1697 0 -64 0
1698 1 63 1
1699 0 -64 0
1700 0 -64 0
1701 0 -64 0
1702 1 63 1
1703 0 -64 0
1704 0 -64 0
1705 1 63 1
1706 1 63 1
1707 0 -64 0
1708 1 63 1
1709 1 63 1
1710 1 63 1
1711 1 63 1
1712 1 63 1
1713 0 -64 0
1714 0 -64 0
1715 0 -64 0
1716 1 63 1
1717 1 63 1
1718 1 63 1
1719 0 -64 0
1720 1 63 1
1721 1 63 1
1722 1 63 1
1723 1 63 1
1724 1 63 1
1725 0 -64 0
1726 0 -64 0
1727 1 63 1
1728 1 63 1
1729 0 -64 0
1730 0 -64 0
1731 0 -64 0
1732 1 63 1
1733 0 -64 0
1734 1 63 1
1735 1 63 1
1736 1 63 1
1737 1 60 1
1738 0 -64 0
1739 1 63 1
1740 0 -64 0
1741 1 63 1
1742 1 63 1
1743 0 -64 0
1744 0 -64 0
1745 1 63 1
1746 1 63 1
1747 0 -64 0
1748 0 -64 0
1749 0 -64 0
1750 1 63 1
1751 0 -64 0
1752 1 63 1
1753 1 63 1
1754 1 63 1
1755 0 -56 0
1756 0 -64 0
1757 1 63 1
1758 1 63 1
1759 1 63 1
1760 1 63 1
1761 1 63 1
1762 0 -64 0
1763 0 -64 0
1764 0 -64 0
1765 0 -64 0
1766 0 -64 0
1767 1 63 1
1768 1 63 1
1769 0 -64 0
1770 1 63 1
1771 0 -64 0
1772 1 63 1
1773 0 -64 0
1774 0 -64 0
1775 1 63 1
1776 0 -64 0
1777 1 63 1
1778 0 -64 0
1779 1 63 1
1780 0 -64 0
1781 1 63 1
1782 0 -64 0
1783 0 -64 0
1784 0 -64 0
1785 1 63 1
1786 0 -64 0
1787 0 -64 0
1788 1 63 1
1789 0 -64 0
1790 0 -64 0
1791 0 -64 0
1792 0 -64 0
1793 0 -64 0
1794 0 -43 0
1795 1 63 1
1796 0 -60 0
1797 1 63 1
1798 0 -64 0
1799 1 63 1
1800 0 -64 0
1801 0 -64 0
1802 1 63 1
1803 0 -64 0
1804 1 63 1
1805 0 -64 0
1806 1 63 1
1807 1 63 1
1808 0 -64 0
1809 1 63 1
1810 1 63 1
1811 0 -64 0
1812 0 -64 0
1813 1 63 1
1814 1 59 1
1815 0 -64 0
1816 0 -64 0
1817 0 -64 0
1818 1 63 1
1819 0 -64 0
1820 0 -64 0
1821 1 63 1
1822 0 -59 0
1823 0 -64 0
1824 1 63 1
1825 0 -64 0
1826 1 63 1
1827 1 63 1
1828 0 -64 0
1829 1 63 1
1830 0 -64 0
1831 1 63 1
1832 0 -64 0
1833 0 -64 0
1834 0 -64 0
1835 1 63 1
1836 0 -64 0
1837 1 63 1
1838 1 63 1
1839 1 63 1
1840 1 63 1
1841 1 63 1
1842 0 -64 0
1843 0 -64 0
1844 1 63 1
1845 1 63 1
1846 1 63 1
1847 1 63 1
1848 0 -64 0
1849 1 63 1
1850 1 63 1
1851 1 63 1
1852 1 63 1
1853 0 -64 0
1854 0 -64 0
1855 1 63 1
1856 1 63 1
1857 0 -64 0
1858 1 39 1
1859 1 63 1
1860 0 -64 0
1861 0 -64 0
1862 0 -64 0
1863 1 63 1
1864 1 63 1
1865 1 63 1
1866 1 63 1
1867 1 63 1
1868 1 63 1
1869 0 -64 0
1870 1 63 1
1871 1 63 1
1872 1 63 1
1873 1 63 1
1874 1 63 1
1875 0 -64 0
1876 1 63 1
1877 1 63 1
1878 0 -64 0
1879 1 63 1
1880 1 63 1
1881 0 -64 0
1882 1 63 1
1883 1 63 1
1884 0 63 1
1885 1 63 1
1886 0 -64 0
1887 0 -64 0
1888 1 63 1
1889 0 -64 0
1890 0 -64 0
1891 1 63 1
1892 0 -64 0
1893 1 63 1
1894 0 -64 0
1895 0 -64 0
1896 1 63 1
1897 1 63 1
1898 1 63 1
1899 1 63 1
1900 0 -64 0
1901 1 63 1
1902 0 -64 0
1903 1 63 1
1904 0 -64 0
1905 0 -64 0
1906 0 -64 0
1907 0 -64 0
1908 1 63 1
1909 1 63 1
1910 0 -64 0
1911 0 -64 0
1912 1 63 1
1913 1 63 1
1914 1 63 1
1915 1 63 1
1916 1 63 1
1917 0 -64 0
1918 1 63 1
1919 1 63 1
1920 1 63 1
1921 1 63 1
1922 1 63 1
1923 1 63 1
1924 1 63 1
1925 1 63 1
1926 1 63 1
1927 1 63 1
1928 0 -64 0
1929 1 63 1
1930 1 63 1
1931 0 -64 0
1932 0 -64 0
1933 0 -64 0
1934 0 -64 0
1935 1 63 1
1936 1 63 1
1937 1 63 1
1938 0 -64 0
1939 1 63 1
1940 1 63 1
1941 0 -64 0
1942 1 63 1
1943 1 63 1
1944 0 -64 0
1945 0 -64 0
1946 1 63 1
1947 1 63 1
1948 1 63 1
1949 0 -64 0
1950 1 63 1
1951 0 -39 0
1952 0 -64 0
1953 0 -64 0
1954 0 -64 0
1955 0 -64 0
1956 0 -64 0
1957 0 -64 0
1958 1 63 1
1959 0 -64 0
1960 1 63 1
1961 0 -64 0
1962 0 -64 0
1963 1 63 1
1964 1 63 1
1965 1 63 1
1966 0 -64 0
1967 1 63 1
1968 0 -64 0
1969 0 -48 0
1970 0 -64 0
1971 0 -64 0
1972 0 -64 0
1973 0 -64 0
1974 0 -64 0
1975 1 63 1
1976 0 -64 0
1977 1 63 1
1978 0 -64 0
1979 1 63 1
1980 0 -64 0
1981 0 -64 0
1982 0 -64 0
1983 1 63 1
1984 1 63 1
1985 0 -64 0
1986 1 63 1
1987 0 -64 0
1988 0 -64 0
1989 0 -64 0
1990 0 -64 0
1991 0 -64 0
1992 1 63 1
1993 1 63 1
1994 0 -64 0
1995 1 63 1
1996 1 63 1
1997 0 -64 0
1998 0 -64 0
1999 0 -64 0
2000 0 -38 0
2001 0 -64 0
2002 0 -64 0
2003 0 -64 0
2004 0 -64 0
2005 0 -64 0
2006 0 -64 0
2007 1 63 1
2008 1 63 1
2009 0 -64 0
2010 0 -64 0
2011 1 63 1
2012 0 -64 0
2013 0 -64 0
2014 1 63 1
2015 0 -64 0
2016 1 63 1
2017 0 -64 0
2018 0 -64 0
2019 0 -64 0
2020 0 -64 0
2021 0 -64 0
2022 0 -64 0
2023 0 -64 0
2024 1 63 1
2025 1 63 1
2026 0 -64 0
2027 1 63 1
2028 1 63 1
2029 0 -64 0
2030 0 -64 0
2031 1 63 1
2032 0 -64 0
2033 1 63 1
2034 0 -64 0
2035 0 -64 0
2036 1 63 1
2037 1 63 1
2038 0 -64 0
2039 1 63 1
2040 1 63 1
2041 1 63 1
2042 1 63 1
2043 1 63 1
2044 0 -64 0
2045 0 -64 0
2046 0 -64 0
2047 1 63 1
2048 1 63 1
2049 1 63 1
2050 0 -64 0
2051 0 -64 0
2052 0 -64 0
2053 1 63 1
2054 1 63 1
2055 1 63 1
2056 0 -64 0
2057 1 63 1
2058 0 -64 0
2059 1 63 1
2060 0 -64 0
2061 1 63 1
2062 1 63 1
2063 0 -64 0
2064 0 -64 0
2065 0 -64 0
2066 0 -64 0
2067 0 -51 0
2068 0 -64 0
2069 0 -64 0
2070 0 -64 0
2071 1 63 1
2072 0 -64 0
2073 0 -64 0
2074 1 63 1
2075 0 -64 0
2076 0 -64 0
2077 1 63 1
2078 0 -64 0
2079 1 63 1
2080 0 -64 0
2081 0 -64 0
2082 0 -64 0
2083 0 31 1
2084 0 -64 0
2085 1 63 1
2086 0 -64 0
2087 1 63 1
2088 0 -64 0
2089 0 -64 0
2090 0 -64 0
2091 1 63 1
2092 1 63 1
2093 1 63 1
2094 0 -64 0
2095 1 63 1
2096 0 -64 0
2097 1 63 1
2098 1 63 1
2099 1 63 1
2100 1 63 1
2101 1 63 1
2102 1 63 1
2103 1 63 1
2104 1 63 1
2105 1 63 1
2106 0 -49 0
2107 1 63 1
2108 0 -64 0
2109 1 63 1
2110 1 63 1
2111 0 -64 0
2112 0 -64 0
2113 1 63 1
2114 1 63 1
2115 1 63 1
2116 1 63 1
2117 1 63 1
2118 1 63 1
2119 1 63 1
2120 0 -64 0
2121 0 -64 0
2122 1 63 1
2123 0 -64 0
2124 1 46 1
2125 0 -64 0
2126 1 63 1
2127 0 -64 0
2128 0 -64 0
2129 0 -64 0
2130 0 -64 0
2131 0 -64 0
2132 1 63 1
2133 1 63 1
2134 0 -64 0
2135 1 63 1
2136 0 -64 0
2137 0 -64 0
2138 0 -64 0
2139 0 -64 0
2140 1 63 1
2141 0 -64 0
2142 0 -64 0
2143 1 63 1
2144 0 -64 0
2145 0 -64 0
2146 0 -64 0
2147 0 -64 0
2148 1 63 1
2149 1 63 1
2150 0 -64 0
2151 1 62 1
2152 0 -64 0
2153 0 -64 0
2154 0 -64 0
2155 1 59 1
2156 0 -64 0
2157 1 63 1
2158 0 -64 0
2159 0 -64 0
2160 0 -64 0
2161 0 -64 0
2162 0 -64 0
2163 1 63 1
2164 1 63 1
2165 1 63 1
2166 1 63 1
2167 0 -64 0
2168 1 63 1
2169 0 -64 0
2170 1 63 1
2171 0 -64 0
2172 0 -64 0
2173 1 63 1
2174 1 63 1
2175 0 -64 0
2176 1 63 1
2177 0 -64 0
2178 0 -64 0
2179 1 63 1
2180 1 63 1
2181 1 63 1
2182 0 -64 0
2183 0 -64 0
2184 1 63 1
2185 0 -64 0
2186 1 63 1
2187 1 63 1
2188 0 -64 0
2189 1 63 1
2190 1 63 1
2191 0 -64 0
2192 0 -64 0
2193 0 -64 0
2194 0 -64 0
2195 1 63 1
2196 0 -60 0
2197 0 -64 0
2198 0 -64 0
2199 0 -64 0
2200 0 -64 0
2201 0 -64 0
2202 0 -64 0
2203 0 -64 0
2204 0 -64 0
2205 0 -64 0
2206 0 -64 0
2207 0 -64 0
2208 1 63 1
2209 1 63 1
2210 0 -64 0
2211 0 -64 0
2212 0 -64 0
2213 0 -64 0
2214 1 41 1
2215 1 63 1
2216 1 63 1
2217 1 63 1
2218 1 63 1
2219 0 -64 0
2220 0 -64 0
2221 0 -64 0
2222 1 46 1
2223 0 -64 0
2224 1 63 1
2225 1 63 1
2226 0 -64 0
2227 1 63 1
2228 1 63 1
2229 1 63 1
2230 1 63 1
2231 0 -64 0
2232 1 63 1
2233 1 63 1
2234 0 -64 0
2235 0 -64 0
2236 1 63 1
2237 0 -64 0
2238 0 -64 0
2239 1 63 1
2240 1 63 1
2241 0 -64 0
2242 0 -64 0
2243 1 63 1
2244 0 -64 0
2245 0 -64 0
2246 0 -64 0
2247 1 63 1
2248 0 -64 0
2249 0 -64 0
2250 0 -64 0
2251 1 63 1
2252 1 63 1
2253 0 -64 0
2254 0 -64 0
2255 1 63 1
2256 1 63 1
2257 1 63 1
2258 0 -46 0
2259 0 -64 0
2260 1 63 1
2261 1 63 1
2262 0 -64 0
2263 0 -64 0
2264 0 -64 0
2265 0 -64 0
2266 1 63 1
2267 0 -64 0
2268 0 -64 0
2269 0 -64 0
2270 1 63 1
2271 1 63 1
2272 0 -64 0
2273 1 63 1
2274 0 -64 0
2275 0 -64 0
2276 1 63 1
2277 1 63 1
2278 0 -64 0
2279 0 -64 0
2280 1 63 1
2281 0 -64 0
2282 1 63 1
2283 1 63 1
2284 1 63 1
2285 0 -64 0
2286 0 -64 0
2287 0 -64 0
2288 0 -64 0
2289 0 -64 0
2290 1 63 1
2291 1 63 1
2292 1 63 1
2293 1 63 1
2294 0 -64 0
2295 1 63 1
2296 1 63 1
2297 0 -64 0
2298 1 63 1
2299 0 -64 0
2300 0 -64 0
2301 0 -64 0
2302 1 63 1
2303 1 63 1
2304 1 63 1
2305 0 -64 0
2306 0 -64 0
2307 1 63 1
2308 1 63 1
2309 1 63 1
2310 0 -64 0
2311 1 63 1
2312 1 63 1
2313 1 63 1
2314 0 -64 0
2315 1 63 1
2316 0 -64 0
2317 1 63 1
2318 0 -64 0
2319 1 63 1
2320 1 63 1
2321 0 -64 0
2322 1 63 1
2323 0 -64 0
2324 0 -64 0
2325 1 63 1
2326 1 63 1
2327 1 63 1
2328 1 63 1
2329 0 -64 0
2330 0 -64 0
2331 0 -64 0
2332 1 63 1
2333 1 63 1
2334 0 -64 0
2335 1 63 1
2336 1 63 1
2337 0 -64 0
2338 1 63 1
2339 0 -64 0
2340 1 63 1
2341 1 63 1
2342 1 63 1
2343 1 63 1
2344 1 63 1
2345 1 63 1
2346 0 -64 0
2347 1 63 1
2348 1 63 1
2349 1 63 1
2350 1 63 1
2351 1 49 1
2352 1 63 1
2353 1 63 1
2354 1 63 1
2355 1 63 1
2356 1 63 1
2357 0 -64 0
2358 0 -64 0
2359 0 -64 0
2360 0 -64 0
2361 1 63 1
2362 1 63 1
2363 1 63 1
2364 1 63 1
2365 1 63 1
2366 0 -64 0
2367 0 -64 0
2368 1 63 1
2369 0 -59 0
2370 1 63 1
2371 0 -64 0
2372 0 -64 0
2373 1 63 1
2374 1 63 1
2375 0 -64 0
2376 0 -64 0
2377 0 -64 0
2378 0 -64 0
2379 0 -64 0
2380 1 63 1
2381 0 -64 0
2382 1 63 1
2383 1 63 1
2384 0 -64 0
2385 1 63 1
2386 1 63 1
2387 1 63 1
2388 0 -64 0
2389 0 -64 0
2390 1 63 1
2391 0 -64 0
2392 0 -64 0
2393 0 -64 0
2394 0 -64 0
2395 1 63 1
2396 0 -64 0
2397 1 63 1
2398 0 -64 0
2399 0 -64 0
2400 0 -39 0
2401 0 -64 0
2402 1 63 1
2403 1 63 1
2404 1 63 1
2405 1 63 1
2406 0 -64 0
2407 1 63 1
2408 1 63 1
2409 0 -64 0
2410 1 63 1
2411 1 63 1
2412 1 63 1
2413 0 -56 0
2414 0 -64 0
2415 0 -64 0
2416 1 63 1
2417 0 -64 0
2418 1 63 1
2419 0 -64 0
2420 0 -64 0
2421 0 -64 0
2422 0 -64 0
2423 1 63 1
2424 1 59 1
2425 1 63 1
2426 1 63 1
2427 0 -64 0
2428 0 -64 0
2429 0 -64 0
2430 0 -64 0
2431 1 63 1
2432 0 -64 0
2433 0 -64 0
2434 0 -64 0
2435 0 -64 0
2436 1 63 1
2437 0 -64 0
2438 1 63 1
2439 0 -64 0
2440 1 63 1
2441 1 63 1
2442 0 -64 0
2443 1 63 1
2444 0 -64 0
2445 1 63 1
2446 0 -64 0
2447 1 63 1
2448 0 -64 0
2449 1 63 1
2450 1 63 1
2451 1 63 1
2452 1 63 1
2453 0 -64 0
2454 0 -64 0
2455 1 63 1
2456 0 -64 0
2457 1 63 1
2458 1 63 1
2459 0 -64 0
2460 1 63 1
2461 1 63 1
2462 0 -64 0
2463 1 63 1
2464 0 -64 0
2465 1 63 1
2466 1 63 1
2467 1 56 1
2468 1 63 1
2469 1 63 1
2470 1 63 1
2471 1 63 1
2472 0 -64 0
2473 0 -64 0
2474 0 -64 0
2475 1 63 1
2476 1 63 1
2477 0 -64 0
2478 0 -64 0
2479 0 -64 0
2480 1 63 1
2481 1 63 1
2482 1 63 1
2483 0 -64 0
2484 1 63 1
2485 1 63 1
2486 1 63 1
2487 0 -64 0
2488 1 63 1
2489 0 -64 0
2490 1 63 1
2491 0 -64 0
2492 0 -64 0
2493 0 -64 0
2494 1 63 1
2495 1 63 1
2496 0 -64 0
2497 0 -64 0
2498 0 -64 0
2499 1 63 1
2500 1 63 1
2501 0 -64 0
2502 1 63 1
2503 1 63 1
2504 0 -64 0
2505 0 -64 0
2506 1 63 1
2507 1 63 1
2508 0 -64 0
2509 0 -64 0
2510 1 63 1
2511 1 63 1
2512 1 63 1
2513 0 -64 0
2514 1 63 1
2515 0 -64 0
2516 0 -64 0
2517 1 63 1
2518 1 63 1
2519 0 -64 0
2520 0 -64 0
2521 1 63 1
2522 0 -64 0
2523 0 -64 0
2524 0 -47 0
2525 1 63 1
2526 1 63 1
2527 0 -64 0
2528 0 -64 0
2529 0 -64 0
2530 1 63 1
2531 0 -64 0
2532 1 63 1
2533 1 63 1
2534 1 63 1
2535 0 -64 0
2536 1 63 1
2537 0 -64 0
2538 0 -64 0
2539 1 63 1
2540 0 -64 0
2541 1 63 1
2542 0 -64 0
2543 1 63 1
2544 1 63 1
2545 1 63 1
2546 1 63 1
2547 1 63 1
2548 1 63 1
2549 1 63 1
2550 1 63 1
2551 0 -64 0
2552 0 -64 0
2553 0 -64 0
2554 1 63 1
2555 0 -64 0
2556 0 -64 0
2557 1 63 1
2558 1 63 1
2559 1 63 1
2560 0 -64 0
2561 0 -64 0
2562 0 -64 0
2563 1 63 1
2564 1 63 1
2565 0 -64 0
2566 1 63 1
2567 0 -64 0
2568 1 63 1
2569 1 63 1
2570 0 -64 0
2571 1 63 1
2572 0 -64 0
2573 1 63 1
2574 1 63 1
2575 1 63 1
2576 0 -64 0
2577 0 -64 0
2578 1 63 1
2579 0 -64 0
2580 0 -64 0
2581 0 -64 0
2582 1 63 1
2583 0 -64 0
2584 0 -64 0
2585 1 63 1
2586 0 -64 0
2587 0 -64 0
2588 0 -64 0
2589 1 63 1
2590 0 -64 0
2591 0 -64 0
2592 1 63 1
2593 0 -64 0
2594 0 -64 0
2595 0 -64 0
2596 1 63 1
2597 1 63 1
2598 0 -64 0
2599 1 63 1
2600 0 -64 0
2601 0 -64 0
2602 0 -64 0
2603 1 63 1
2604 1 63 1
2605 1 63 1
2606 1 63 1
2607 0 -64 0
2608 1 63 1
2609 1 63 1
2610 1 63 1
2611 1 63 1
2612 1 63 1
2613 1 63 1
2614 0 -49 0
2615 1 63 1
2616 1 63 1
2617 0 -64 0
2618 1 63 1
2619 1 63 1
2620 1 63 1
2621 1 63 1
2622 1 62 1
2623 1 63 1
2624 0 -64 0
2625 0 -26 0
2626 0 -64 0
2627 0 -64 0
2628 0 -64 0
2629 1 63 1
2630 1 63 1
2631 1 63 1
2632 1 63 1
2633 1 63 1
2634 0 -64 0
2635 1 63 1
2636 1 63 1
2637 1 63 1
2638 0 -64 0
2639 0 -64 0
2640 1 63 1
2641 1 63 1
2642 0 -64 0
2643 1 63 1
2644 1 63 1
2645 0 -54 0
2646 1 63 1
2647 1 63 1
2648 0 -64 0
2649 1 63 1
2650 0 -64 0
2651 1 63 1
2652 1 63 1
2653 0 -64 0
2654 1 63 1
2655 1 63 1
2656 1 63 1
2657 1 -64 0
2658 1 46 1
2659 1 63 1
2660 0 -64 0
2661 0 -64 0
2662 0 -64 0
2663 0 -64 0
2664 0 -64 0
2665 1 63 1
2666 0 -64 0
2667 0 -64 0
2668 1 63 1
2669 1 63 1
2670 1 63 1
2671 0 -64 0
2672 1 63 1
2673 1 63 1
2674 1 63 1
2675 0 -64 0
2676 1 63 1
2677 1 63 1
2678 1 63 1
2679 1 63 1
2680 0 -64 0
2681 0 -64 0
2682 0 -64 0
2683 1 63 1
2684 0 -64 0
2685 1 63 1
2686 0 -64 0
2687 0 -64 0
2688 1 63 1
2689 1 63 1
2690 0 -64 0
2691 1 63 1
2692 0 -64 0
2693 0 -64 0
2694 1 63 1
2695 1 63 1
2696 0 -64 0
2697 0 -64 0
2698 1 63 1
2699 1 63 1
2700 0 -64 0
2701 1 63 1
2702 0 -64 0
2703 0 -64 0
2704 0 -64 0
2705 1 63 1
2706 0 -64 0
2707 0 -64 0
2708 0 -64 0
2709 1 63 1
2710 1 63 1
2711 0 -64 0
2712 0 -64 0
2713 1 63 1
2714 0 -64 0
2715 0 -64 0
2716 0 -64 0
2717 1 63 1
2718 1 63 1
2719 1 63 1
2720 0 -64 0
2721 0 -64 0
2722 0 -64 0
2723 1 63 1
2724 0 -64 0
2725 1 63 1
2726 1 63 1
2727 1 63 1
2728 1 63 1
2729 0 -64 0
2730 1 63 1
2731 0 -64 0
2732 0 -64 0
2733 1 63 1
2734 1 63 1
2735 1 63 1
2736 1 63 1
2737 1 63 1
2738 0 -64 0
2739 1 63 1
2740 0 -64 0
2741 0 -64 0
2742 0 -64 0
2743 1 63 1
2744 1 63 1
2745 1 63 1
2746 1 63 1
2747 0 -64 0
2748 0 -64 0
2749 1 63 1
2750 0 -64 0
2751 1 58 1
2752 1 63 1
2753 1 63 1
2754 1 63 1
2755 1 63 1
2756 1 63 1
2757 0 -64 0
2758 0 -64 0
2759 1 63 1
2760 0 -64 0
2761 0 -64 0
2762 0 -64 0
2763 0 -64 0
2764 1 63 1
2765 0 -64 0
2766 1 63 1
2767 1 63 1
2768 1 63 1
2769 1 52 1
2770 1 63 1
2771 1 63 1
2772 0 -64 0
2773 1 63 1
2774 1 63 1
2775 1 63 1
2776 1 63 1
2777 0 -64 0
2778 1 63 1
2779 0 -64 0
2780 0 -64 0
2781 0 -64 0
2782 1 63 1
2783 0 -64 0
2784 1 63 1
2785 0 -64 0
2786 1 63 1
2787 0 -64 0
2788 1 63 1
2789 0 -64 0
2790 1 63 1
2791 0 -64 0
2792 0 -64 0
2793 1 63 1
2794 0 -64 0
2795 1 63 1
2796 1 63 1
2797 0 -64 0
2798 1 63 1
2799 0 -64 0
2800 1 38 1
2801 1 63 1
2802 1 63 1
2803 0 -64 0
2804 1 63 1
2805 0 -64 0
2806 0 -64 0
2807 1 63 1
2808 1 63 1
2809 1 63 1
2810 1 63 1
2811 0 -64 0
2812 0 -64 0
2813 1 62 1
2814 1 63 1
2815 1 63 1
2816 0 -64 0
2817 1 63 1
2818 1 63 1
2819 0 -64 0
2820 0 -64 0
2821 1 62 1
2822 1 63 1
2823 0 -64 0
2824 0 -64 0
2825 0 -64 0
2826 1 63 1
2827 0 -64 0
2828 1 63 1
2829 1 63 1
2830 1 63 1
2831 1 63 1
2832 1 63 1
2833 1 63 1
2834 1 63 1
2835 0 -64 0
2836 0 -64 0
2837 1 63 1
2838 1 63 1
2839 0 -64 0
2840 0 -64 0
2841 0 -64 0
2842 0 -64 0
2843 1 63 1
2844 1 63 1
2845 1 63 1
2846 1 63 1
2847 1 63 1
2848 1 63 1
2849 0 -64 0
2850 1 63 1
2851 1 63 1
2852 1 63 1
2853 0 -64 0
2854 0 -64 0
2855 1 63 1
2856 0 -64 0
2857 0 -64 0
2858 0 -64 0
2859 1 63 1
2860 0 -64 0
2861 1 63 1
2862 0 -64 0
2863 1 63 1
2864 0 -64 0
2865 1 63 1
2866 0 -64 0
2867 1 53 1
2868 1 63 1
2869 0 -64 0
2870 0 -64 0
2871 0 -64 0
2872 0 -64 0
2873 0 -64 0
2874 1 63 1
2875 0 -64 0
2876 1 63 1
2877 0 -64 0
2878 0 -64 0
2879 1 63 1
2880 1 63 1
2881 1 63 1
2882 0 -64 0
2883 0 -64 0
2884 0 -64 0
2885 0 -64 0
2886 1 63 1
2887 0 -64 0
2888 1 63 1
2889 1 63 1
2890 1 63 1
2891 1 63 1
2892 0 -64 0
2893 1 63 1
2894 1 63 1
2895 1 63 1
2896 0 -64 0
2897 0 -64 0
2898 0 -64 0
2899 0 -64 0
2900 0 -64 0
2901 0 -64 0
2902 0 -64 0
2903 0 -64 0
2904 1 63 1
2905 1 63 1
2906 1 63 1
2907 1 63 1
2908 0 -64 0
2909 0 -64 0
2910 0 -64 0
2911 1 63 1
2912 1 63 1
2913 0 -64 0
2914 1 63 1
2915 0 -64 0
2916 1 63 1
2917 0 -64 0
2918 1 63 1
2919 1 63 1
2920 1 63 1
2921 0 -64 0
2922 0 -64 0
2923 1 63 1
2924 1 49 1
2925 1 63 1
2926 1 63 1
2927 0 -64 0
2928 0 -64 0
2929 0 -64 0
2930 0 -64 0
2931 1 63 1
2932 0 -64 0
2933 0 -64 0
2934 0 -64 0
2935 0 -64 0
2936 0 -64 0
2937 0 -49 0
2938 1 63 1
2939 0 -64 0
2940 1 63 1
2941 1 63 1
2942 0 -64 0
2943 1 63 1
2944 0 -64 0
2945 0 -64 0
2946 1 63 1
2947 1 63 1
2948 0 -64 0
2949 1 63 1
2950 1 63 1
2951 1 63 1
2952 1 63 1
2953 1 63 1
2954 0 -64 0
2955 0 -63 0
2956 0 -64 0
2957 0 -64 0
2958 0 -64 0
2959 0 -64 0
2960 1 63 1
2961 0 -64 0
2962 1 63 1
2963 0 -64 0
2964 1 63 1
2965 0 -64 0
2966 1 63 1
2967 1 63 1
2968 1 63 1
2969 1 63 1
2970 0 -64 0
2971 1 63 1
2972 0 -64 0
2973 0 -64 0
2974 0 -64 0
2975 0 -64 0
2976 1 63 1
2977 0 -64 0
2978 1 63 1
2979 1 63 1
2980 1 63 1
2981 1 63 1
2982 1 63 1
2983 0 -64 0
2984 1 63 1
2985 0 -64 0
2986 1 63 1
2987 1 63 1
2988 0 -64 0
2989 0 -64 0
2990 1 63 1
2991 1 63 1
2992 0 -64 0
2993 1 63 1
2994 1 63 1
2995 1 63 1
2996 0 -53 0
2997 1 63 1
2998 1 63 1
2999 1 63 1
3000 0 -64 0
3001 1 63 1
3002 1 63 1
3003 0 -64 0
3004 1 63 1
3005 1 63 1
3006 0 -64 0
3007 1 63 1
3008 1 63 1
3009 1 63 1
3010 1 63 1
3011 1 63 1
3012 0 -64 0
3013 0 -64 0
3014 1 63 1
3015 1 63 1
3016 0 -64 0
3017 0 -64 0
3018 0 -64 0
3019 0 -64 0
3020 0 -64 0
3021 0 -64 0
3022 1 63 1
3023 0 -64 0
3024 1 63 1
3025 0 -64 0
3026 0 -64 0
3027 0 -64 0
3028 1 63 1
3029 1 63 1
3030 1 63 1
3031 0 -64 0
3032 1 63 1
3033 1 63 1
3034 1 63 1
3035 1 63 1
3036 0 -58 0
3037 1 63 1
3038 0 -64 0
3039 0 -64 0
3040 1 63 1
3041 1 63 1
3042 0 -64 0
3043 0 -64 0
3044 0 -64 0
3045 1 40 1
3046 1 63 1
3047 1 63 1
3048 1 63 1
3049 1 63 1
3050 1 63 1
3051 0 -64 0
3052 1 63 1
3053 1 63 1
3054 1 63 1
3055 0 -64 0
3056 1 63 1
3057 1 63 1
3058 1 49 1
3059 0 -64 0
3060 0 -64 0
3061 0 -64 0
3062 0 -64 0
3063 1 63 1
3064 1 63 1
3065 0 -64 0
3066 1 63 1
3067 1 63 1
3068 1 63 1
3069 0 -64 0
3070 1 63 1
3071 1 63 1
3072 0 -64 0
3073 1 63 1
3074 0 -64 0
3075 0 -64 0
3076 1 63 1
3077 1 63 1
3078 0 -64 0
3079 1 63 1
3080 1 63 1
3081 1 63 1
3082 0 -64 0
3083 0 -64 0
3084 0 -64 0
3085 0 -64 0
3086 1 63 1
3087 0 -64 0
3088 0 -64 0
3089 0 -64 0
3090 0 -64 0
3091 1 63 1
3092 1 63 1
3093 0 -64 0
3094 1 63 1
3095 1 63 1
3096 0 -64 0
3097 0 -64 0
3098 0 -64 0
3099 1 63 1
3100 1 63 1
3101 0 -64 0
3102 0 -64 0
3103 1 63 1
3104 1 63 1
3105 0 -64 0
3106 0 -64 0
3107 1 63 1
3108 1 63 1
3109 1 63 1
3110 1 63 1
3111 0 -64 0
3112 0 -64 0
3113 0 -64 0
3114 0 -64 0
3115 0 -34 0
3116 1 63 1
3117 1 63 1
3118 1 63 1
3119 0 -64 0
3120 0 -64 0
3121 1 63 1
3122 0 -64 0
3123 0 -64 0
3124 1 63 1
3125 0 -64 0
3126 1 63 1
3127 0 -64 0
3128 1 63 1
3129 0 -64 0
3130 0 -64 0
3131 1 63 1
3132 1 63 1
3133 1 63 1
3134 0 -64 0
3135 1 63 1
3136 1 63 1
3137 1 63 1
3138 1 63 1
3139 0 -64 0
3140 0 -64 0
3141 0 -64 0
3142 1 63 1
3143 1 63 1
3144 1 63 1
3145 1 63 1
3146 0 -64 0
3147 0 -64 0
3148 0 -60 0
3149 1 63 1
3150 0 -64 0
3151 1 -32 0
3152 0 -64 0
3153 0 -64 0
3154 1 63 1
3155 0 -64 0
3156 0 -64 0
3157 0 -64 0
3158 0 -64 0
3159 0 -64 0
3160 0 -64 0
3161 0 -64 0
3162 0 -64 0
3163 0 -64 0
3164 0 -64 0
3165 0 -64 0
3166 1 63 1
3167 1 63 1
3168 1 63 1
3169 0 63 1
3170 0 -64 0
3171 0 -64 0
3172 0 -64 0
3173 0 -64 0
3174 1 63 1
3175 0 -64 0
3176 0 -64 0
3177 0 -64 0
3178 0 -64 0
3179 1 63 1
3180 1 63 1
3181 1 63 1
3182 1 63 1
3183 1 63 1
3184 1 63 1
3185 0 -64 0
3186 0 -64 0
3187 1 63 1
3188 0 -64 0
3189 1 63 1
3190 0 -64 0
3191 1 63 1
3192 0 -64 0
3193 0 -64 0
3194 1 63 1
3195 1 63 1
3196 0 -63 0
3197 0 -64 0
3198 0 -64 0
3199 1 63 1
