# idx_int bit_int post_llr_q hard
0 1 63 1
1 0 -64 0
2 0 -64 0
3 0 -64 0
4 1 63 1
5 0 -64 0
6 1 63 1
7 0 -64 0
8 0 -64 0
9 1 63 1
10 0 -64 0
11 1 63 1
12 1 63 1
13 1 63 1
14 1 63 1
15 1 63 1
16 1 63 1
17 0 -64 0
18 0 -64 0
19 1 63 1
20 0 -64 0
21 1 63 1
22 0 -64 0
23 0 -64 0
24 1 63 1
25 0 -64 0
26 1 63 1
27 1 63 1
28 1 63 1
29 0 -64 0
30 1 63 1
31 0 -64 0
32 0 -64 0
33 1 63 1
34 0 -64 0
35 1 63 1
36 0 -64 0
37 0 -64 0
38 0 -64 0
39 1 63 1
40 0 -64 0
41 0 -64 0
42 1 63 1
43 1 63 1
44 0 -64 0
45 1 63 1
46 1 63 1
47 0 -64 0
48 0 -64 0
49 1 63 1
50 0 -64 0
51 1 63 1
52 1 63 1
53 1 63 1
54 1 63 1
55 1 63 1
56 1 63 1
57 0 -64 0
58 1 63 1
59 1 63 1
60 1 63 1
61 0 -64 0
62 0 -64 0
63 1 63 1
64 1 63 1
65 0 -64 0
66 1 63 1
67 1 63 1
68 1 63 1
69 1 63 1
70 1 63 1
71 0 -64 0
72 0 -64 0
73 0 -64 0
74 1 63 1
75 0 -64 0
76 0 -64 0
77 0 -62 0
78 0 -64 0
79 1 63 1
80 0 -64 0
81 1 63 1
82 1 63 1
83 0 -64 0
84 0 -64 0
85 0 -64 0
86 1 63 1
87 1 63 1
88 1 63 1
89 1 63 1
90 0 -64 0
91 1 63 1
92 0 -64 0
93 1 63 1
94 1 63 1
95 1 63 1
96 1 63 1
97 1 63 1
98 0 -64 0
99 1 63 1
100 0 -64 0
101 1 63 1
102 0 -64 0
103 1 63 1
104 1 63 1
105 1 63 1
106 0 -64 0
107 1 63 1
108 0 -64 0
109 0 -64 0
110 0 -64 0
111 0 -64 0
112 0 -64 0
113 1 63 1
114 1 63 1
115 1 62 1
116 0 -64 0
117 1 63 1
118 1 63 1
119 0 -64 0
120 0 -64 0
121 1 63 1
122 0 -64 0
123 1 63 1
124 0 -64 0
125 1 63 1
126 1 63 1
127 1 63 1
128 0 -64 0
129 0 -64 0
130 1 63 1
131 0 -64 0
132 0 -64 0
133 0 -64 0
134 0 -64 0
135 1 63 1
136 0 -64 0
137 0 -64 0
138 0 -64 0
139 0 -64 0
140 0 -64 0
141 0 -64 0
142 0 -64 0
143 0 -64 0
144 1 63 1
145 0 -64 0
146 0 -64 0
147 0 -64 0
148 0 -64 0
149 0 -64 0
150 1 63 1
151 1 63 1
152 1 63 1
153 0 -64 0
154 1 63 1
155 1 63 1
156 0 -64 0
157 0 -64 0
158 1 63 1
159 0 -64 0
160 0 -64 0
161 1 63 1
162 1 63 1
163 1 63 1
164 1 63 1
165 0 -64 0
166 0 -64 0
167 1 63 1
168 0 -64 0
169 1 63 1
170 1 63 1
171 1 63 1
172 0 -64 0
173 1 63 1
174 1 63 1
175 0 -64 0
176 1 63 1
177 0 -64 0
178 1 63 1
179 1 63 1
180 0 -64 0
181 0 -64 0
182 0 -64 0
183 1 63 1
184 1 63 1
185 0 -64 0
186 1 63 1
187 1 63 1
188 0 -64 0
189 1 63 1
190 1 63 1
191 1 63 1
192 0 -64 0
193 0 -64 0
194 0 -64 0
195 0 -64 0
196 1 63 1
197 0 -64 0
198 0 -64 0
199 1 63 1
200 1 63 1
201 0 -64 0
202 0 -64 0
203 0 -64 0
204 1 63 1
205 1 63 1
206 0 -64 0
207 1 63 1
208 0 -64 0
209 1 63 1
210 0 -64 0
211 1 63 1
212 1 63 1
213 1 63 1
214 0 -64 0
215 0 -64 0
216 1 63 1
217 0 -64 0
218 1 63 1
219 1 63 1
220 0 -64 0
221 1 63 1
222 1 63 1
223 1 63 1
224 0 -64 0
225 1 63 1
226 0 -64 0
227 1 63 1
228 1 63 1
229 0 -64 0
230 0 -64 0
231 0 -64 0
232 0 -64 0
233 0 -64 0
234 0 -64 0
235 1 63 1
236 0 -64 0
237 1 63 1
238 1 63 1
239 0 -64 0
240 1 63 1
241 0 -64 0
242 1 63 1
243 0 -64 0
244 1 63 1
245 1 63 1
246 0 -64 0
247 1 63 1
248 1 63 1
249 1 63 1
250 0 -64 0
251 1 63 1
252 0 -64 0
253 1 63 1
254 1 63 1
255 1 63 1
256 0 -64 0
257 1 63 1
258 0 -64 0
259 0 -64 0
260 1 63 1
261 0 -64 0
262 1 63 1
263 0 -64 0
264 0 -64 0
265 1 63 1
266 0 -64 0
267 0 -64 0
268 1 63 1
269 1 63 1
270 1 63 1
271 1 63 1
272 0 -64 0
273 0 -64 0
274 1 63 1
275 1 63 1
276 0 -64 0
277 1 63 1
278 0 -64 0
279 1 63 1
280 0 -64 0
281 1 63 1
282 1 63 1
283 1 63 1
284 1 63 1
285 1 63 1
286 1 63 1
287 0 -64 0
288 0 -64 0
289 1 63 1
290 1 63 1
291 1 63 1
292 0 -50 0
293 1 63 1
294 0 -64 0
295 1 63 1
296 1 63 1
297 0 -64 0
298 0 -64 0
299 0 -64 0
300 0 -64 0
301 1 63 1
302 1 63 1
303 0 -64 0
304 0 -64 0
305 0 -64 0
306 0 -64 0
307 0 -64 0
308 1 63 1
309 0 -64 0
310 0 -64 0
311 0 -64 0
312 1 63 1
313 0 -64 0
314 1 63 1
315 1 63 1
316 1 63 1
317 1 63 1
318 1 63 1
319 1 63 1
320 1 63 1
321 0 -64 0
322 0 -64 0
323 1 63 1
324 1 63 1
325 0 -64 0
326 1 63 1
327 0 -64 0
328 1 63 1
329 0 -64 0
330 1 63 1
331 0 -64 0
332 1 63 1
333 0 -64 0
334 1 63 1
335 1 63 1
336 1 63 1
337 1 63 1
338 1 63 1
339 0 -64 0
340 1 63 1
341 1 63 1
342 1 63 1
343 1 63 1
344 0 -64 0
345 0 -64 0
346 0 -64 0
347 1 63 1
348 1 63 1
349 1 63 1
350 1 63 1
351 0 -64 0
352 0 -64 0
353 0 -64 0
354 0 -64 0
355 1 63 1
356 1 63 1
357 0 -64 0
358 1 63 1
359 1 63 1
360 0 -64 0
361 1 63 1
362 0 -64 0
363 1 63 1
364 0 -64 0
365 1 63 1
366 0 -64 0
367 1 63 1
368 0 -64 0
369 1 63 1
370 0 -64 0
371 0 -64 0
372 1 63 1
373 0 -64 0
374 0 -64 0
375 0 -64 0
376 0 -64 0
377 0 -64 0
378 1 63 1
379 0 -64 0
380 1 63 1
381 1 63 1
382 1 63 1
383 0 -64 0
384 0 -64 0
385 1 63 1
386 0 -64 0
387 0 -64 0
388 0 -64 0
389 0 -64 0
390 0 -64 0
391 0 -64 0
392 1 63 1
393 1 63 1
394 1 63 1
395 1 63 1
396 0 -64 0
397 0 -64 0
398 1 63 1
399 0 -64 0
400 1 63 1
401 0 -64 0
402 0 -64 0
403 1 63 1
404 1 63 1
405 0 -64 0
406 1 63 1
407 1 44 1
408 0 -64 0
409 1 63 1
410 1 63 1
411 0 -64 0
412 0 -64 0
413 0 -64 0
414 0 -64 0
415 1 63 1
416 1 63 1
417 1 63 1
418 1 63 1
419 0 -64 0
420 1 63 1
421 1 63 1
422 1 63 1
423 1 63 1
424 0 -64 0
425 1 63 1
426 0 -64 0
427 1 63 1
428 1 63 1
429 0 -64 0
430 1 63 1
431 0 -64 0
432 0 -64 0
433 1 63 1
434 1 63 1
435 1 63 1
436 0 -64 0
437 0 -64 0
438 1 63 1
439 0 -64 0
440 1 63 1
441 0 -64 0
442 1 63 1
443 1 63 1
444 0 -64 0
445 1 63 1
446 0 -64 0
447 0 -64 0
448 1 63 1
449 0 -64 0
450 1 63 1
451 0 -64 0
452 1 63 1
453 0 -64 0
454 1 63 1
455 0 -64 0
456 0 -64 0
457 1 63 1
458 0 -64 0
459 0 -64 0
460 0 -64 0
461 0 -64 0
462 1 63 1
463 0 -64 0
464 0 -64 0
465 1 63 1
466 0 -64 0
467 0 -64 0
468 0 -64 0
469 1 63 1
470 0 -64 0
471 0 -64 0
472 1 63 1
473 1 63 1
474 1 63 1
475 0 -64 0
476 0 -53 0
477 0 -64 0
478 1 63 1
479 0 -64 0
480 1 63 1
481 0 -64 0
482 1 63 1
483 0 -64 0
484 0 -64 0
485 1 63 1
486 1 63 1
487 0 -64 0
488 1 63 1
489 1 63 1
490 0 -64 0
491 0 -64 0
492 1 63 1
493 1 63 1
494 0 -64 0
495 0 -64 0
496 1 63 1
497 1 63 1
498 0 -64 0
499 1 63 1
500 1 63 1
501 1 63 1
502 0 -64 0
503 1 63 1
504 0 -64 0
505 0 -64 0
506 0 -64 0
507 1 63 1
508 0 -64 0
509 1 63 1
510 0 -64 0
511 0 -64 0
512 1 63 1
513 1 63 1
514 0 -64 0
515 0 -64 0
516 0 -64 0
517 1 63 1
518 0 -64 0
519 0 -64 0
520 0 -64 0
521 0 -64 0
522 0 -64 0
523 1 63 1
524 1 63 1
525 0 -64 0
526 0 -64 0
527 1 63 1
528 1 63 1
529 1 63 1
530 1 -64 0
531 1 63 1
532 1 63 1
533 0 -64 0
534 1 63 1
535 1 63 1
536 0 -64 0
537 0 -64 0
538 0 -64 0
539 0 -64 0
540 1 63 1
541 0 -64 0
542 0 -64 0
543 0 -64 0
544 1 63 1
545 1 63 1
546 1 63 1
547 1 63 1
548 0 -64 0
549 1 63 1
550 1 63 1
551 0 -64 0
552 1 63 1
553 1 63 1
554 1 63 1
555 0 -64 0
556 1 63 1
557 0 -64 0
558 0 -64 0
559 0 -64 0
560 0 -64 0
561 1 63 1
562 0 -64 0
563 1 63 1
564 1 63 1
565 1 63 1
566 0 -64 0
567 1 63 1
568 0 -64 0
569 0 -64 0
570 0 -64 0
571 0 -64 0
572 1 63 1
573 0 -64 0
574 0 -64 0
575 1 63 1
576 1 63 1
577 1 63 1
578 0 -64 0
579 0 -64 0
580 0 -64 0
581 0 -64 0
582 1 63 1
583 1 63 1
584 1 63 1
585 1 63 1
586 1 63 1
587 0 -64 0
588 0 -64 0
589 1 63 1
590 0 -64 0
591 0 -64 0
592 1 63 1
593 0 -64 0
594 1 63 1
595 1 63 1
596 0 -64 0
597 0 -64 0
598 1 63 1
599 1 63 1
600 0 -64 0
601 1 63 1
602 1 63 1
603 1 63 1
604 0 -64 0
605 0 -64 0
606 0 -64 0
607 0 -64 0
608 0 -64 0
609 1 63 1
610 1 63 1
611 1 63 1
612 0 -64 0
613 0 -64 0
614 1 63 1
615 0 -64 0
616 0 -64 0
617 0 -64 0
618 0 -64 0
619 0 -64 0
620 0 -64 0
621 0 -64 0
622 1 63 1
623 1 63 1
624 0 -64 0
625 0 -64 0
626 1 63 1
627 1 63 1
628 0 -64 0
629 0 -64 0
630 0 -64 0
631 1 63 1
632 1 63 1
633 0 -64 0
634 1 63 1
635 0 -64 0
636 0 -64 0
637 1 63 1
638 1 63 1
639 1 63 1
640 0 -64 0
641 0 -64 0
642 1 63 1
643 1 63 1
644 1 63 1
645 0 -64 0
646 0 -64 0
647 1 63 1
648 0 -64 0
649 0 -64 0
650 1 63 1
651 0 -64 0
652 0 -64 0
653 1 63 1
654 0 -64 0
655 0 -64 0
656 1 63 1
657 0 -64 0
658 1 63 1
659 1 63 1
660 1 63 1
661 1 63 1
662 0 -64 0
663 0 -64 0
664 1 63 1
665 1 63 1
666 0 -64 0
667 0 -64 0
668 0 -64 0
669 1 63 1
670 0 -64 0
671 0 -64 0
672 0 -64 0
673 1 63 1
674 1 63 1
675 0 -64 0
676 1 63 1
677 0 -64 0
678 0 -64 0
679 0 -64 0
680 0 -64 0
681 0 -64 0
682 1 63 1
683 1 63 1
684 1 63 1
685 1 63 1
686 1 63 1
687 0 -64 0
688 0 -64 0
689 0 -64 0
690 0 -64 0
691 1 63 1
692 0 -64 0
693 1 63 1
694 1 63 1
695 0 -64 0
696 0 -64 0
697 0 -64 0
698 1 63 1
699 1 62 1
700 1 63 1
701 0 -64 0
702 0 -64 0
703 1 63 1
704 1 63 1
705 1 63 1
706 1 63 1
707 1 63 1
708 0 -64 0
709 0 -64 0
710 0 -64 0
711 1 63 1
712 0 -64 0
713 0 -64 0
714 0 -49 0
715 0 -64 0
716 0 -64 0
717 0 -64 0
718 1 63 1
719 1 63 1
720 1 63 1
721 0 -64 0
722 1 63 1
723 0 -64 0
724 1 63 1
725 1 63 1
726 1 63 1
727 1 63 1
728 1 63 1
729 0 -64 0
730 0 -64 0
731 1 63 1
732 1 63 1
733 0 -64 0
734 0 -64 0
735 1 63 1
736 1 63 1
737 0 -64 0
738 0 -64 0
739 1 63 1
740 0 -64 0
741 1 63 1
742 0 -64 0
743 0 -64 0
744 1 63 1
745 0 -64 0
746 0 -64 0
747 0 -64 0
748 1 63 1
749 1 63 1
750 0 -64 0
751 1 63 1
752 0 -64 0
753 0 -64 0
754 0 -64 0
755 1 63 1
756 0 -64 0
757 0 -64 0
758 1 63 1
759 0 -64 0
760 1 63 1
761 1 63 1
762 0 -64 0
763 0 -64 0
764 1 63 1
765 1 63 1
766 1 63 1
767 1 63 1
768 1 37 1
769 1 63 1
770 0 -64 0
771 0 -64 0
772 0 -64 0
773 1 63 1
774 1 63 1
775 0 -64 0
776 0 -64 0
777 0 -64 0
778 1 63 1
779 1 63 1
780 0 -64 0
781 0 -64 0
782 0 -64 0
783 1 63 1
784 0 -64 0
785 1 63 1
786 0 -64 0
787 0 -64 0
788 0 -64 0
789 0 -64 0
790 0 -64 0
791 1 63 1
792 1 63 1
793 1 63 1
794 1 63 1
795 1 63 1
796 1 63 1
797 0 -64 0
798 1 63 1
799 0 -64 0
800 1 63 1
801 1 63 1
802 0 -64 0
803 0 -64 0
804 1 63 1
805 0 -64 0
806 1 63 1
807 1 63 1
808 1 63 1
809 1 63 1
810 0 -64 0
811 1 63 1
812 0 -64 0
813 1 63 1
814 1 63 1
815 0 -64 0
816 0 -64 0
817 0 -64 0
818 1 63 1
819 0 -64 0
820 0 -64 0
821 1 63 1
822 1 63 1
823 1 63 1
824 1 63 1
825 0 -64 0
826 0 -64 0
827 0 -64 0
828 0 -64 0
829 0 -64 0
830 1 63 1
831 1 63 1
832 0 -64 0
833 0 -64 0
834 0 -64 0
835 0 -64 0
836 1 63 1
837 1 63 1
838 0 -64 0
839 0 -64 0
840 1 63 1
841 1 63 1
842 1 63 1
843 0 -64 0
844 0 -64 0
845 0 -64 0
846 1 63 1
847 0 -64 0
848 0 -64 0
849 1 63 1
850 0 -64 0
851 1 63 1
852 0 -64 0
853 1 63 1
854 0 -64 0
855 0 -64 0
856 0 -64 0
857 0 -64 0
858 0 -64 0
859 0 -64 0
860 1 63 1
861 0 -64 0
862 1 63 1
863 1 63 1
864 1 63 1
865 1 63 1
866 1 63 1
867 1 63 1
868 1 63 1
869 1 63 1
870 1 63 1
871 1 63 1
872 1 63 1
873 0 -64 0
874 0 -64 0
875 0 -64 0
876 1 63 1
877 1 63 1
878 0 -64 0
879 0 -64 0
880 1 63 1
881 0 -64 0
882 1 63 1
883 1 63 1
884 0 -64 0
885 0 -64 0
886 0 -64 0
887 0 -64 0
888 0 -64 0
889 0 -64 0
890 0 -64 0
891 0 -64 0
892 1 63 1
893 0 -64 0
894 1 63 1
895 1 63 1
896 1 63 1
897 0 -64 0
898 0 -64 0
899 0 -64 0
900 0 -64 0
901 0 -64 0
902 1 63 1
903 1 63 1
904 0 -64 0
905 0 -64 0
906 1 63 1
907 1 63 1
908 1 63 1
909 0 -64 0
910 0 -64 0
911 0 -64 0
912 1 63 1
913 0 -64 0
914 0 -64 0
915 0 -64 0
916 0 -64 0
917 0 -64 0
918 1 63 1
919 1 63 1
920 0 -64 0
921 0 -64 0
922 1 63 1
923 1 63 1
924 1 63 1
925 0 -64 0
926 0 -64 0
927 1 63 1
928 1 63 1
929 1 63 1
930 1 63 1
931 1 63 1
932 1 63 1
933 0 -64 0
934 1 63 1
935 0 -64 0
936 1 63 1
937 1 63 1
938 1 63 1
939 1 63 1
940 1 63 1
941 0 -64 0
942 1 63 1
943 0 -64 0
944 1 63 1
945 0 -64 0
946 1 63 1
947 0 -64 0
948 1 63 1
949 0 -64 0
950 0 -64 0
951 1 63 1
952 1 63 1
953 0 -64 0
954 1 63 1
955 1 63 1
956 0 -64 0
957 0 -64 0
958 1 63 1
959 1 63 1
960 0 -64 0
961 0 -64 0
962 1 63 1
963 0 -64 0
964 1 63 1
965 1 63 1
966 0 -64 0
967 0 -64 0
968 0 -64 0
969 1 63 1
970 0 -64 0
971 0 -64 0
972 1 63 1
973 1 63 1
974 1 63 1
975 1 63 1
976 1 63 1
977 1 63 1
978 0 -64 0
979 0 -64 0
980 1 63 1
981 1 63 1
982 0 -64 0
983 1 63 1
984 0 -64 0
985 1 63 1
986 1 63 1
987 1 63 1
988 0 -64 0
989 1 63 1
990 1 63 1
991 0 -64 0
992 0 -64 0
993 0 -64 0
994 1 63 1
995 1 63 1
996 1 63 1
997 1 63 1
998 1 63 1
999 0 -64 0
1000 1 63 1
1001 0 -64 0
1002 1 63 1
1003 1 63 1
1004 0 -64 0
1005 1 63 1
1006 1 56 1
1007 1 63 1
1008 1 63 1
1009 0 -64 0
1010 0 -64 0
1011 1 63 1
1012 0 -64 0
1013 1 63 1
1014 1 63 1
1015 0 -64 0
1016 1 63 1
1017 1 63 1
1018 1 63 1
1019 1 63 1
1020 0 -64 0
1021 1 63 1
1022 0 -64 0
1023 1 63 1
1024 1 63 1
1025 0 -64 0
1026 1 63 1
1027 1 63 1
1028 0 -64 0
1029 1 63 1
1030 0 -64 0
1031 1 63 1
1032 0 -64 0
1033 1 63 1
1034 1 63 1
1035 1 63 1
1036 0 -64 0
1037 1 63 1
1038 1 63 1
1039 1 63 1
1040 1 63 1
1041 0 -64 0
1042 0 -64 0
1043 0 -64 0
1044 1 63 1
1045 1 63 1
1046 0 -64 0
1047 0 -64 0
1048 1 63 1
1049 0 -64 0
1050 1 63 1
1051 0 -64 0
1052 0 -64 0
1053 1 63 1
1054 1 63 1
1055 0 -64 0
1056 1 63 1
1057 1 63 1
1058 0 -64 0
1059 1 63 1
1060 0 -64 0
1061 0 -64 0
1062 0 -64 0
1063 1 63 1
1064 0 -64 0
1065 1 63 1
1066 0 -64 0
1067 1 63 1
1068 0 -64 0
1069 0 -64 0
1070 1 63 1
1071 1 63 1
1072 1 63 1
1073 0 -64 0
1074 0 -64 0
1075 0 -64 0
1076 1 63 1
1077 0 -64 0
1078 0 -64 0
1079 0 -64 0
1080 1 63 1
1081 1 63 1
1082 0 -64 0
1083 1 63 1
1084 0 -64 0
1085 0 -64 0
1086 1 63 1
1087 0 -64 0
1088 1 63 1
1089 0 -64 0
1090 0 -64 0
1091 0 -64 0
1092 0 -64 0
1093 0 -64 0
1094 1 63 1
1095 0 -64 0
1096 1 63 1
1097 1 63 1
1098 0 -64 0
1099 1 63 1
1100 1 63 1
1101 0 -64 0
1102 0 -64 0
1103 1 63 1
1104 1 62 1
1105 1 63 1
1106 0 -64 0
1107 1 63 1
1108 0 -64 0
1109 0 -64 0
1110 1 63 1
1111 1 63 1
1112 0 -64 0
1113 1 63 1
1114 1 63 1
1115 0 -64 0
1116 0 -64 0
1117 0 -64 0
1118 0 -64 0
1119 0 -64 0
1120 0 -64 0
1121 1 63 1
1122 1 63 1
1123 1 63 1
1124 1 63 1
1125 1 63 1
1126 0 -64 0
1127 0 -64 0
1128 0 -64 0
1129 1 63 1
1130 0 -64 0
1131 1 63 1
1132 1 63 1
1133 1 63 1
1134 1 63 1
1135 0 -64 0
1136 0 -64 0
1137 1 63 1
1138 1 63 1
1139 1 63 1
1140 1 63 1
1141 1 63 1
1142 0 -64 0
1143 1 63 1
1144 0 -64 0
1145 1 63 1
1146 0 -64 0
1147 0 -64 0
1148 0 -64 0
1149 0 -64 0
1150 1 63 1
1151 1 63 1
1152 0 -64 0
1153 0 -64 0
1154 0 -64 0
1155 0 -64 0
1156 0 -64 0
1157 0 -64 0
1158 0 -64 0
1159 1 63 1
1160 1 63 1
1161 0 -64 0
1162 0 -64 0
1163 0 -64 0
1164 1 63 1
1165 1 63 1
1166 0 -64 0
1167 0 -64 0
1168 0 -64 0
1169 1 63 1
1170 0 -64 0
1171 0 -64 0
1172 0 -64 0
1173 1 63 1
1174 1 63 1
1175 0 -42 0
1176 1 63 1
1177 0 -64 0
1178 1 63 1
1179 0 -64 0
1180 0 -64 0
1181 0 -64 0
1182 0 -64 0
1183 0 -64 0
1184 1 63 1
1185 1 63 1
1186 1 63 1
1187 0 -64 0
1188 1 63 1
1189 0 -64 0
1190 0 -64 0
1191 0 -64 0
1192 1 63 1
1193 1 63 1
1194 0 -64 0
1195 0 -64 0
1196 1 63 1
1197 0 -64 0
1198 1 63 1
1199 0 -64 0
1200 0 -64 0
1201 1 63 1
1202 0 -64 0
1203 1 63 1
1204 0 -64 0
1205 1 63 1
1206 0 -64 0
1207 1 63 1
1208 0 -64 0
1209 1 63 1
1210 1 63 1
1211 1 63 1
1212 1 63 1
1213 0 -64 0
1214 1 63 1
1215 0 -64 0
1216 0 -64 0
1217 0 -64 0
1218 0 -64 0
1219 0 -64 0
1220 1 63 1
1221 0 -64 0
1222 1 63 1
1223 1 63 1
1224 0 -64 0
1225 0 -64 0
1226 0 -64 0
1227 0 -64 0
1228 0 -64 0
1229 0 -64 0
1230 1 63 1
1231 1 63 1
1232 0 -64 0
1233 0 -64 0
1234 0 -64 0
1235 1 63 1
1236 0 -64 0
1237 1 63 1
1238 0 -64 0
1239 0 -64 0
1240 0 -64 0
1241 1 63 1
1242 1 63 1
1243 0 -64 0
1244 0 -61 0
1245 0 -64 0
1246 1 63 1
1247 1 63 1
1248 0 -64 0
1249 1 63 1
1250 1 63 1
1251 0 -64 0
1252 1 63 1
1253 0 -64 0
1254 1 63 1
1255 0 -64 0
1256 1 63 1
1257 1 63 1
1258 0 -64 0
1259 1 63 1
1260 0 -64 0
1261 0 -64 0
1262 0 -64 0
1263 1 63 1
1264 1 63 1
1265 0 -64 0
1266 0 -64 0
1267 0 -64 0
1268 0 -64 0
1269 1 63 1
1270 0 -64 0
1271 0 -64 0
1272 1 63 1
1273 0 -64 0
1274 0 -64 0
1275 1 63 1
1276 1 63 1
1277 0 -64 0
1278 1 63 1
1279 0 -64 0
1280 1 63 1
1281 1 63 1
1282 0 -64 0
1283 0 -64 0
1284 0 -64 0
1285 0 -64 0
1286 0 -64 0
1287 1 63 1
1288 1 63 1
1289 0 -64 0
1290 0 -64 0
1291 0 -64 0
1292 1 63 1
1293 0 -64 0
1294 1 63 1
1295 1 63 1
1296 0 -64 0
1297 1 63 1
1298 1 -10 0
1299 1 63 1
1300 1 63 1
1301 0 -64 0
1302 1 63 1
1303 0 -64 0
1304 0 -64 0
1305 1 63 1
1306 1 63 1
1307 0 -64 0
1308 0 -64 0
1309 0 -64 0
1310 1 63 1
1311 1 63 1
1312 0 -64 0
1313 0 -64 0
1314 0 -64 0
1315 1 63 1
1316 0 -64 0
1317 1 63 1
1318 0 -64 0
1319 1 63 1
1320 0 -64 0
1321 0 -41 0
1322 1 63 1
1323 0 -64 0
1324 1 63 1
1325 1 63 1
1326 0 -64 0
1327 1 63 1
1328 1 63 1
1329 0 -64 0
1330 1 63 1
1331 0 -64 0
1332 1 63 1
1333 0 -64 0
1334 0 -64 0
1335 0 -64 0
1336 0 -64 0
1337 1 63 1
1338 0 -64 0
1339 0 -64 0
1340 0 -64 0
1341 0 -64 0
1342 0 -64 0
1343 0 -64 0
1344 0 -64 0
1345 1 63 1
1346 0 -64 0
1347 1 63 1
1348 0 -64 0
1349 0 -64 0
1350 0 -64 0
1351 0 -64 0
1352 0 -52 0
1353 1 63 1
1354 0 -64 0
1355 1 63 1
1356 1 63 1
1357 1 63 1
1358 1 63 1
1359 0 -64 0
1360 1 63 1
1361 0 -64 0
1362 1 63 1
1363 1 63 1
1364 1 63 1
1365 1 63 1
1366 1 63 1
1367 1 63 1
1368 1 63 1
1369 0 -64 0
1370 1 63 1
1371 0 -64 0
1372 0 -64 0
1373 1 63 1
1374 1 63 1
1375 1 63 1
1376 0 -64 0
1377 0 -64 0
1378 0 -64 0
1379 1 63 1
1380 1 63 1
1381 0 -64 0
1382 0 -64 0
1383 0 -64 0
1384 0 -64 0
1385 0 -64 0
1386 1 63 1
1387 0 -64 0
1388 1 63 1
1389 0 -64 0
1390 1 63 1
1391 0 -64 0
1392 0 -64 0
1393 1 63 1
1394 0 -64 0
1395 1 63 1
1396 1 63 1
1397 1 63 1
1398 0 -64 0
1399 0 -64 0
1400 0 -64 0
1401 1 63 1
1402 1 63 1
1403 0 -64 0
1404 1 63 1
1405 1 63 1
1406 1 63 1
1407 0 -64 0
1408 1 63 1
1409 1 63 1
1410 1 63 1
1411 0 -64 0
1412 0 -64 0
1413 0 -64 0
1414 1 63 1
1415 1 63 1
1416 1 63 1
1417 1 63 1
1418 1 63 1
1419 1 63 1
1420 0 -64 0
1421 0 -64 0
1422 1 63 1
1423 0 -64 0
1424 0 -64 0
1425 1 63 1
1426 1 63 1
1427 0 -64 0
1428 1 63 1
1429 0 -64 0
1430 0 -64 0
1431 1 63 1
1432 0 -64 0
1433 0 -64 0
1434 0 -64 0
1435 0 -64 0
1436 0 -64 0
1437 0 -64 0
1438 1 63 1
1439 1 63 1
1440 1 63 1
1441 0 -64 0
1442 1 63 1
1443 1 63 1
1444 1 63 1
1445 1 63 1
1446 1 63 1
1447 0 -64 0
1448 0 -64 0
1449 1 63 1
1450 1 63 1
1451 1 63 1
1452 1 63 1
1453 0 -64 0
1454 1 63 1
1455 1 63 1
1456 0 -64 0
1457 0 -64 0
1458 1 63 1
1459 1 63 1
1460 1 63 1
1461 0 -64 0
1462 0 -64 0
1463 1 63 1
1464 1 63 1
1465 1 63 1
1466 1 63 1
1467 0 -63 0
1468 1 63 1
1469 1 63 1
1470 1 63 1
1471 0 -64 0
1472 0 -64 0
1473 1 63 1
1474 0 -64 0
1475 0 -64 0
1476 1 63 1
1477 0 -64 0
1478 0 -64 0
1479 1 63 1
1480 1 63 1
1481 1 63 1
1482 0 -64 0
1483 0 -64 0
1484 1 63 1
1485 1 63 1
1486 1 63 1
1487 0 -64 0
1488 1 63 1
1489 0 -64 0
1490 0 -64 0
1491 1 63 1
1492 1 63 1
1493 1 63 1
1494 1 63 1
1495 0 -64 0
1496 0 -64 0
1497 1 63 1
1498 0 -64 0
1499 0 -64 0
1500 1 63 1
1501 0 -64 0
1502 0 -64 0
1503 1 63 1
1504 1 63 1
1505 1 63 1
1506 0 -64 0
1507 0 -64 0
1508 0 -64 0
1509 1 63 1
1510 0 -64 0
1511 0 -64 0
1512 1 63 1
1513 1 63 1
1514 1 63 1
1515 0 -64 0
1516 0 -64 0
1517 1 63 1
1518 0 -64 0
1519 0 -64 0
1520 1 63 1
1521 1 63 1
1522 1 63 1
1523 0 -64 0
1524 1 63 1
1525 0 -64 0
1526 0 -64 0
1527 0 -64 0
1528 0 -64 0
1529 0 -64 0
1530 1 63 1
1531 0 -64 0
1532 0 -64 0
1533 0 -64 0
1534 0 -64 0
1535 1 63 1
1536 0 -38 0
1537 0 -64 0
1538 0 -64 0
1539 0 -64 0
1540 1 63 1
1541 0 -64 0
1542 1 63 1
1543 0 -64 0
1544 1 63 1
1545 1 63 1
1546 0 -64 0
1547 0 -64 0
1548 0 -64 0
1549 0 -64 0
1550 0 -64 0
1551 1 63 1
1552 0 -64 0
1553 1 63 1
1554 1 63 1
1555 1 63 1
1556 1 63 1
1557 0 -64 0
1558 0 -64 0
1559 0 -64 0
1560 1 63 1
1561 0 -64 0
1562 0 -64 0
1563 0 -64 0
1564 0 -64 0
1565 0 -64 0
1566 0 -64 0
1567 1 63 1
1568 1 63 1
1569 1 63 1
1570 0 -64 0
1571 0 -64 0
1572 1 63 1
1573 0 -64 0
1574 1 63 1
1575 1 63 1
1576 0 -64 0
1577 0 -64 0
1578 1 63 1
1579 0 -64 0
1580 0 -64 0
1581 1 63 1
1582 1 63 1
1583 1 63 1
1584 0 -64 0
1585 0 -64 0
1586 0 -64 0
1587 0 -64 0
1588 1 63 1
1589 0 -64 0
1590 1 30 1
1591 1 63 1
1592 0 -64 0
1593 1 63 1
1594 1 63 1
1595 0 -64 0
1596 0 -64 0
1597 0 -64 0
1598 0 -64 0
1599 0 -64 0
1600 1 63 1
1601 0 -64 0
1602 0 -64 0
1603 1 63 1
1604 1 63 1
1605 1 63 1
1606 0 -64 0
1607 0 -64 0
1608 1 63 1
1609 0 -64 0
1610 0 -64 0
1611 1 63 1
1612 1 63 1
1613 1 63 1
1614 1 63 1
1615 1 63 1
1616 1 63 1
1617 1 63 1
1618 0 -64 0
1619 1 63 1
1620 0 -64 0
1621 1 63 1
1622 0 -64 0
1623 1 63 1
1624 0 -64 0
1625 1 63 1
1626 1 63 1
1627 1 63 1
1628 0 -64 0
1629 1 63 1
1630 1 63 1
1631 1 63 1
1632 1 63 1
1633 1 63 1
1634 1 63 1
1635 1 63 1
1636 1 63 1
1637 1 63 1
1638 1 63 1
1639 0 -64 0
1640 1 63 1
1641 0 -64 0
1642 1 63 1
1643 0 -64 0
1644 0 -64 0
1645 1 63 1
1646 0 -64 0
1647 1 63 1
1648 1 63 1
1649 0 -64 0
1650 0 -64 0
1651 1 62 1
1652 0 -64 0
1653 0 -64 0
1654 1 63 1
1655 1 63 1
1656 1 63 1
1657 1 63 1
1658 1 63 1
1659 1 63 1
1660 1 63 1
1661 1 63 1
1662 0 -64 0
1663 0 -64 0
1664 0 -64 0
1665 1 63 1
1666 0 -64 0
1667 0 -64 0
1668 0 -64 0
1669 1 63 1
1670 1 63 1
1671 1 63 1
1672 0 -64 0
1673 0 -64 0
1674 0 -64 0
1675 0 -64 0
1676 0 -64 0
1677 0 -64 0
1678 1 63 1
1679 0 -64 0
1680 1 63 1
1681 0 -64 0
1682 1 63 1
1683 1 63 1
1684 1 63 1
1685 0 -64 0
1686 0 -64 0
1687 0 -64 0
1688 1 63 1
1689 0 -64 0
1690 0 -64 0
1691 0 -64 0
1692 1 63 1
1693 1 63 1
1694 1 63 1
1695 1 63 1
1696 0 -64 0
1697 0 -64 0
1698 1 63 1
1699 1 63 1
1700 0 -64 0
1701 0 -64 0
1702 0 -64 0
1703 1 63 1
1704 0 -64 0
1705 1 63 1
1706 1 63 1
1707 0 -64 0
1708 1 63 1
1709 0 -64 0
1710 0 -64 0
1711 0 -64 0
1712 0 -64 0
1713 0 -64 0
1714 1 63 1
1715 0 -64 0
1716 0 -64 0
1717 0 -64 0
1718 0 -64 0
1719 1 63 1
1720 0 -64 0
1721 0 -64 0
1722 1 63 1
1723 1 63 1
1724 0 -64 0
1725 1 63 1
1726 0 -64 0
1727 0 -64 0
1728 0 -64 0
1729 1 63 1
1730 1 63 1
1731 1 63 1
1732 0 -64 0
1733 0 -64 0
1734 1 63 1
1735 1 63 1
1736 1 63 1
1737 1 63 1
1738 0 -64 0
1739 0 -64 0
1740 1 63 1
1741 1 63 1
1742 0 -64 0
1743 0 -64 0
1744 1 63 1
1745 1 63 1
1746 0 -64 0
1747 1 63 1
1748 0 -64 0
1749 1 63 1
1750 0 -64 0
1751 0 -64 0
1752 1 63 1
1753 1 63 1
1754 0 -64 0
1755 1 63 1
1756 1 63 1
1757 0 -64 0
1758 1 63 1
1759 1 63 1
1760 0 -64 0
1761 0 -64 0
1762 1 63 1
1763 0 -64 0
1764 0 -64 0
1765 0 -64 0
1766 1 63 1
1767 1 63 1
1768 0 -64 0
1769 1 63 1
1770 1 63 1
1771 1 63 1
1772 1 63 1
1773 1 63 1
1774 0 -50 0
1775 1 63 1
1776 1 63 1
1777 1 63 1
1778 1 63 1
1779 0 -64 0
1780 0 -64 0
1781 1 63 1
1782 0 -64 0
1783 0 -64 0
1784 0 -64 0
1785 0 -64 0
1786 0 -64 0
1787 0 -64 0
1788 1 63 1
1789 0 -64 0
1790 1 63 1
1791 1 63 1
1792 1 63 1
1793 0 -64 0
1794 1 63 1
1795 0 -64 0
1796 1 63 1
1797 0 -62 0
1798 1 63 1
1799 0 -64 0
1800 0 -64 0
1801 1 63 1
1802 1 63 1
1803 0 -64 0
1804 1 63 1
1805 0 -64 0
1806 0 -64 0
1807 1 63 1
1808 1 63 1
1809 1 63 1
1810 1 63 1
1811 1 63 1
1812 1 63 1
1813 0 -64 0
1814 0 -64 0
1815 1 63 1
1816 0 -64 0
1817 1 63 1
1818 0 -64 0
1819 0 -64 0
1820 0 -64 0
1821 0 -64 0
1822 0 -64 0
1823 1 63 1
1824 1 63 1
1825 1 63 1
1826 0 -64 0
1827 0 -64 0
1828 0 -56 0
1829 1 63 1
1830 1 63 1
1831 1 63 1
1832 0 -64 0
1833 1 63 1
1834 0 -64 0
1835 1 63 1
1836 1 63 1
1837 0 -64 0
1838 1 63 1
1839 1 63 1
1840 0 -64 0
1841 1 63 1
1842 0 -64 0
1843 1 63 1
1844 1 63 1
1845 0 -64 0
1846 0 -64 0
1847 1 63 1
1848 0 -64 0
1849 0 -64 0
1850 0 -64 0
1851 1 63 1
1852 1 63 1
1853 1 63 1
1854 1 63 1
1855 1 63 1
1856 0 -64 0
1857 1 63 1
1858 0 -64 0
1859 1 63 1
1860 0 -64 0
1861 1 63 1
1862 0 -64 0
1863 0 -64 0
1864 0 -64 0
1865 0 -64 0
1866 1 63 1
1867 0 -64 0
1868 0 -64 0
1869 0 -64 0
1870 0 -64 0
1871 0 -64 0
1872 1 63 1
1873 0 -64 0
1874 0 -64 0
1875 0 -64 0
1876 0 -64 0
1877 1 63 1
1878 1 63 1
1879 0 -64 0
1880 1 63 1
1881 1 63 1
1882 0 -64 0
1883 0 -64 0
1884 1 63 1
1885 1 63 1
1886 1 63 1
1887 1 63 1
1888 1 63 1
1889 1 63 1
1890 1 63 1
1891 1 63 1
1892 0 -64 0
1893 0 -64 0
1894 1 63 1
1895 0 -64 0
1896 0 -64 0
1897 1 63 1
1898 1 63 1
1899 0 -64 0
1900 1 63 1
1901 1 63 1
1902 0 -64 0
1903 1 63 1
1904 0 -64 0
1905 1 63 1
1906 0 -64 0
1907 1 63 1
1908 0 -64 0
1909 0 -64 0
1910 1 63 1
1911 1 63 1
1912 0 -64 0
1913 0 -64 0
1914 1 63 1
1915 1 63 1
1916 0 -64 0
1917 1 63 1
1918 0 -64 0
1919 0 -64 0
1920 0 -64 0
1921 0 -64 0
1922 0 -64 0
1923 1 63 1
1924 1 63 1
1925 0 -64 0
1926 0 -64 0
1927 1 63 1
1928 1 63 1
1929 1 63 1
1930 1 63 1
1931 1 63 1
1932 1 63 1
1933 1 63 1
1934 0 -64 0
1935 0 -64 0
1936 1 63 1
1937 0 -64 0
1938 0 -64 0
1939 1 63 1
1940 0 -64 0
1941 1 63 1
1942 0 -64 0
1943 1 43 1
1944 0 -64 0
1945 0 -64 0
1946 0 -64 0
1947 0 -64 0
1948 0 -64 0
1949 0 -64 0
1950 0 -64 0
1951 0 -64 0
1952 1 63 1
1953 0 -64 0
1954 0 -64 0
1955 0 -64 0
1956 0 -64 0
1957 0 -64 0
1958 1 63 1
1959 1 63 1
1960 1 63 1
1961 0 -64 0
1962 1 63 1
1963 1 63 1
1964 0 -64 0
1965 1 63 1
1966 1 63 1
1967 1 63 1
1968 0 -64 0
1969 1 63 1
1970 0 -64 0
1971 1 63 1
1972 0 -64 0
1973 1 63 1
1974 1 63 1
1975 1 63 1
1976 1 63 1
1977 1 63 1
1978 1 63 1
1979 0 -64 0
1980 1 63 1
1981 0 -64 0
1982 1 63 1
1983 0 -64 0
1984 0 -64 0
1985 1 63 1
1986 1 63 1
1987 0 -64 0
1988 0 -64 0
1989 1 63 1
1990 0 -64 0
1991 1 63 1
1992 1 63 1
1993 0 -64 0
1994 1 63 1
1995 1 63 1
1996 0 -64 0
1997 1 63 1
1998 0 -64 0
1999 1 63 1
2000 1 63 1
2001 1 63 1
2002 1 63 1
2003 1 63 1
2004 0 -64 0
2005 0 -64 0
2006 0 -64 0
2007 1 63 1
2008 1 63 1
2009 1 63 1
2010 1 63 1
2011 0 -64 0
2012 0 -60 0
2013 0 -64 0
2014 0 -64 0
2015 1 63 1
2016 0 -64 0
2017 0 -64 0
2018 0 -64 0
2019 0 -64 0
2020 1 63 1
2021 1 63 1
2022 1 63 1
2023 1 63 1
2024 0 -64 0
2025 1 63 1
2026 0 -64 0
2027 0 -64 0
2028 0 -64 0
2029 0 -64 0
2030 1 63 1
2031 0 -64 0
2032 1 63 1
2033 0 -64 0
2034 0 -64 0
2035 1 63 1
2036 0 -64 0
2037 1 63 1
2038 1 63 1
2039 1 63 1
2040 0 -64 0
2041 1 63 1
2042 0 -64 0
2043 0 -64 0
2044 1 63 1
2045 0 -64 0
2046 0 -64 0
2047 1 63 1
2048 0 -64 0
2049 0 -64 0
2050 1 63 1
2051 0 -64 0
2052 1 63 1
2053 0 -64 0
2054 0 -64 0
2055 1 63 1
2056 1 63 1
2057 1 63 1
2058 1 63 1
2059 1 63 1
2060 0 -57 0
2061 1 63 1
2062 0 -64 0
2063 0 -64 0
2064 0 -64 0
2065 1 63 1
2066 1 44 1
2067 0 -64 0
2068 1 63 1
2069 0 -64 0
2070 0 -64 0
2071 1 63 1
2072 0 -64 0
2073 0 -64 0
2074 0 -64 0
2075 0 -64 0
2076 1 63 1
2077 1 63 1
2078 1 63 1
2079 1 63 1
2080 0 -64 0
2081 1 63 1
2082 0 -64 0
2083 1 63 1
2084 1 63 1
2085 1 63 1
2086 0 -64 0
2087 0 -64 0
2088 0 -64 0
2089 0 -59 0
2090 0 -64 0
2091 0 -64 0
2092 1 63 1
2093 0 -64 0
2094 1 63 1
2095 0 -64 0
2096 0 -64 0
2097 0 -64 0
2098 1 63 1
2099 1 63 1
2100 1 63 1
2101 1 63 1
2102 1 63 1
2103 0 -64 0
2104 0 -64 0
2105 1 63 1
2106 1 63 1
2107 1 63 1
2108 1 63 1
2109 0 -64 0
2110 1 63 1
2111 0 -64 0
2112 1 63 1
2113 1 63 1
2114 1 63 1
2115 0 -64 0
2116 0 -64 0
2117 0 -64 0
2118 0 -64 0
2119 0 -64 0
2120 0 -64 0
2121 0 -64 0
2122 0 -64 0
2123 0 -64 0
2124 0 -64 0
2125 1 63 1
2126 1 63 1
2127 0 -64 0
2128 1 63 1
2129 0 -64 0
2130 0 -64 0
2131 1 63 1
2132 0 -64 0
2133 1 63 1
2134 1 63 1
2135 0 -64 0
2136 1 63 1
2137 1 63 1
2138 0 -64 0
2139 1 63 1
2140 1 63 1
2141 0 -64 0
2142 1 63 1
2143 1 63 1
2144 0 -64 0
2145 1 63 1
2146 0 -64 0
2147 1 63 1
2148 1 63 1
2149 0 -64 0
2150 1 63 1
2151 0 -64 0
2152 0 -64 0
2153 1 63 1
2154 1 63 1
2155 0 -64 0
2156 0 -64 0
2157 1 63 1
2158 0 -64 0
2159 0 -64 0
2160 1 63 1
2161 0 -64 0
2162 0 -64 0
2163 0 -64 0
2164 0 -64 0
2165 1 63 1
2166 0 -64 0
2167 0 -64 0
2168 0 -64 0
2169 0 -64 0
2170 0 -64 0
2171 1 63 1
2172 1 63 1
2173 1 63 1
2174 0 -64 0
2175 1 63 1
2176 0 -64 0
2177 0 -64 0
2178 1 63 1
2179 1 63 1
2180 0 -64 0
2181 1 63 1
2182 1 63 1
2183 0 -64 0
2184 0 -64 0
2185 1 63 1
2186 0 -64 0
2187 1 63 1
2188 1 63 1
2189 0 -64 0
2190 1 63 1
2191 1 63 1
2192 0 -64 0
2193 0 -64 0
2194 1 63 1
2195 1 63 1
2196 0 -64 0
2197 1 63 1
2198 0 -64 0
2199 1 63 1
2200 1 63 1
2201 0 -64 0
2202 1 63 1
2203 0 -64 0
2204 0 -64 0
2205 1 63 1
2206 1 63 1
2207 1 63 1
2208 1 63 1
2209 1 63 1
2210 0 -64 0
2211 1 63 1
2212 1 63 1
2213 1 63 1
2214 0 -64 0
2215 1 63 1
2216 1 63 1
2217 1 63 1
2218 1 63 1
2219 0 -64 0
2220 1 63 1
2221 0 -64 0
2222 0 -64 0
2223 0 -64 0
2224 0 -64 0
2225 0 -64 0
2226 0 -64 0
2227 1 63 1
2228 0 -64 0
2229 0 -64 0
2230 0 -64 0
2231 1 63 1
2232 1 63 1
2233 0 -64 0
2234 0 -64 0
2235 0 -39 0
2236 1 63 1
2237 0 -64 0
2238 0 -64 0
2239 1 63 1
2240 1 63 1
2241 1 63 1
2242 0 -64 0
2243 1 63 1
2244 1 63 1
2245 0 -64 0
2246 0 -64 0
2247 0 -64 0
2248 1 63 1
2249 1 63 1
2250 1 63 1
2251 0 -64 0
2252 1 63 1
2253 1 63 1
2254 1 63 1
2255 0 -64 0
2256 0 -64 0
2257 1 63 1
2258 0 -64 0
2259 1 63 1
2260 1 63 1
2261 1 63 1
2262 0 -64 0
2263 1 63 1
2264 1 63 1
2265 1 63 1
2266 1 63 1
2267 0 -64 0
2268 0 -64 0
2269 0 -64 0
2270 0 -64 0
2271 0 -64 0
2272 1 63 1
2273 1 55 1
2274 1 63 1
2275 1 63 1
2276 1 63 1
2277 0 -64 0
2278 1 63 1
2279 1 63 1
2280 1 63 1
2281 0 -64 0
2282 0 -64 0
2283 0 -64 0
2284 0 -64 0
2285 1 63 1
2286 1 63 1
2287 1 63 1
2288 1 63 1
2289 0 -64 0
2290 0 -64 0
2291 1 63 1
2292 0 -64 0
2293 0 -64 0
2294 1 63 1
2295 1 63 1
2296 0 -64 0
2297 0 -64 0
2298 0 -64 0
2299 1 63 1
2300 0 -64 0
2301 1 63 1
2302 1 63 1
2303 0 -64 0
2304 1 39 1
2305 0 -64 0
2306 1 63 1
2307 1 63 1
2308 0 -64 0
2309 0 -64 0
2310 1 63 1
2311 0 -64 0
2312 1 63 1
2313 0 -64 0
2314 0 -64 0
2315 1 63 1
2316 0 -64 0
2317 1 63 1
2318 0 -64 0
2319 1 63 1
2320 0 -64 0
2321 0 -64 0
2322 1 63 1
2323 1 63 1
2324 0 -64 0
2325 0 -64 0
2326 0 -64 0
2327 1 63 1
2328 1 63 1
2329 1 63 1
2330 1 63 1
2331 0 -64 0
2332 0 -64 0
2333 0 -64 0
2334 1 63 1
2335 0 -64 0
2336 0 -64 0
2337 1 63 1
2338 1 63 1
2339 1 63 1
2340 0 -64 0
2341 0 -64 0
2342 1 63 1
2343 0 -64 0
2344 1 63 1
2345 1 63 1
2346 0 -64 0
2347 1 63 1
2348 0 -64 0
2349 0 -64 0
2350 1 63 1
2351 0 -64 0
2352 1 63 1
2353 1 63 1
2354 0 -64 0
2355 1 63 1
2356 0 -64 0
2357 0 -64 0
2358 0 -64 0
2359 1 63 1
2360 0 -64 0
2361 1 63 1
2362 0 -64 0
2363 1 63 1
2364 0 -64 0
2365 0 -64 0
2366 1 63 1
2367 0 -64 0
2368 0 -64 0
2369 0 -64 0
2370 1 63 1
2371 0 -64 0
2372 0 -64 0
2373 1 63 1
2374 0 -64 0
2375 0 -64 0
2376 0 -64 0
2377 1 63 1
2378 0 -64 0
2379 0 -64 0
2380 1 63 1
2381 1 52 1
2382 1 63 1
2383 1 63 1
2384 0 -64 0
2385 0 -64 0
2386 0 -64 0
2387 0 -64 0
2388 0 -64 0
2389 0 -64 0
2390 1 63 1
2391 0 -64 0
2392 1 63 1
2393 1 63 1
2394 1 63 1
2395 1 63 1
2396 1 63 1
2397 1 63 1
2398 0 -64 0
2399 1 63 1
2400 0 -64 0
2401 1 63 1
2402 0 -64 0
2403 1 63 1
2404 1 63 1
2405 0 -64 0
2406 1 63 1
2407 1 63 1
2408 1 63 1
2409 0 -64 0
2410 1 63 1
2411 0 -64 0
2412 1 63 1
2413 0 -64 0
2414 1 63 1
2415 1 63 1
2416 0 -64 0
2417 0 -64 0
2418 1 63 1
2419 1 63 1
2420 0 -64 0
2421 1 63 1
2422 1 63 1
2423 0 -64 0
2424 0 -64 0
2425 0 -64 0
2426 1 63 1
2427 0 -64 0
2428 1 63 1
2429 1 63 1
2430 1 63 1
2431 0 -64 0
2432 0 -64 0
2433 1 63 1
2434 0 -64 0
2435 0 -64 0
2436 0 -64 0
2437 1 63 1
2438 1 63 1
2439 0 -64 0
2440 1 63 1
2441 1 63 1
2442 1 63 1
2443 1 63 1
2444 0 -64 0
2445 1 63 1
2446 1 63 1
2447 1 63 1
2448 0 -64 0
2449 1 63 1
2450 1 63 1
2451 0 -64 0
2452 1 63 1
2453 1 63 1
2454 0 -64 0
2455 0 -64 0
2456 0 -64 0
2457 1 63 1
2458 0 -64 0
2459 0 -64 0
2460 0 -64 0
2461 1 63 1
2462 1 63 1
2463 0 -64 0
2464 0 -64 0
2465 1 63 1
2466 1 63 1
2467 0 -64 0
2468 0 -64 0
2469 0 -64 0
2470 0 -64 0
2471 1 63 1
2472 0 -64 0
2473 1 63 1
2474 0 -64 0
2475 1 63 1
2476 1 63 1
2477 1 63 1
2478 0 -64 0
2479 1 63 1
2480 1 63 1
2481 0 -64 0
2482 1 63 1
2483 1 63 1
2484 0 -64 0
2485 1 63 1
2486 1 63 1
2487 0 -64 0
2488 0 -64 0
2489 0 -64 0
2490 0 -64 0
2491 0 -64 0
2492 0 -64 0
2493 1 63 1
2494 0 -64 0
2495 0 -64 0
2496 0 -64 0
2497 0 -64 0
2498 0 -64 0
2499 0 -64 0
2500 1 63 1
2501 1 63 1
2502 0 -64 0
2503 0 -64 0
2504 0 -64 0
2505 0 -64 0
2506 0 -64 0
2507 0 -64 0
2508 1 63 1
2509 0 -64 0
2510 1 63 1
2511 0 -64 0
2512 1 63 1
2513 0 -64 0
2514 0 -64 0
2515 0 -64 0
2516 0 -64 0
2517 0 -64 0
2518 0 -64 0
2519 0 -64 0
2520 1 63 1
2521 0 -64 0
2522 1 63 1
2523 1 63 1
2524 1 63 1
2525 0 -64 0
2526 0 -64 0
2527 0 -64 0
2528 0 -64 0
2529 0 -64 0
2530 0 -64 0
2531 1 63 1
2532 0 -64 0
2533 1 63 1
2534 1 63 1
2535 1 63 1
2536 1 63 1
2537 0 -64 0
2538 1 63 1
2539 0 -64 0
2540 1 63 1
2541 0 -64 0
2542 1 63 1
2543 0 -64 0
2544 0 -64 0
2545 1 63 1
2546 1 63 1
2547 1 63 1
2548 0 -64 0
2549 0 -64 0
2550 0 -64 0
2551 1 63 1
2552 1 63 1
2553 0 -64 0
2554 1 63 1
2555 0 -64 0
2556 0 -64 0
2557 1 63 1
2558 1 63 1
2559 1 63 1
2560 0 -64 0
2561 1 63 1
2562 0 -64 0
2563 0 -64 0
2564 1 63 1
2565 1 61 1
2566 1 63 1
2567 0 -64 0
2568 0 -64 0
2569 1 63 1
2570 1 63 1
2571 0 -64 0
2572 0 -64 0
2573 1 63 1
2574 0 -64 0
2575 0 -64 0
2576 1 63 1
2577 0 -64 0
2578 0 -64 0
2579 1 63 1
2580 0 -64 0
2581 0 -64 0
2582 1 63 1
2583 0 -64 0
2584 1 63 1
2585 0 -64 0
2586 0 -64 0
2587 1 63 1
2588 0 -64 0
2589 0 -64 0
2590 0 -64 0
2591 1 63 1
2592 1 63 1
2593 0 -64 0
2594 1 63 1
2595 0 -64 0
2596 1 63 1
2597 0 -64 0
2598 1 63 1
2599 1 63 1
2600 1 63 1
2601 0 -64 0
2602 0 -64 0
2603 1 63 1
2604 0 -64 0
2605 0 -64 0
2606 1 63 1
2607 1 63 1
2608 1 63 1
2609 1 62 1
2610 1 63 1
2611 1 63 1
2612 1 63 1
2613 0 -64 0
2614 1 63 1
2615 0 -64 0
2616 1 63 1
2617 1 63 1
2618 1 63 1
2619 0 -64 0
2620 1 63 1
2621 1 63 1
2622 0 -64 0
2623 0 -64 0
2624 1 63 1
2625 1 63 1
2626 0 -64 0
2627 1 63 1
2628 1 63 1
2629 1 63 1
2630 0 -64 0
2631 1 63 1
2632 0 -64 0
2633 1 63 1
2634 0 -64 0
2635 0 -64 0
2636 1 63 1
2637 1 63 1
2638 0 -64 0
2639 0 -64 0
2640 1 63 1
2641 0 -64 0
2642 0 -64 0
2643 0 -64 0
2644 0 -64 0
2645 1 63 1
2646 1 63 1
2647 1 63 1
2648 0 -64 0
2649 0 -64 0
2650 1 63 1
2651 0 -64 0
2652 1 63 1
2653 0 -64 0
2654 0 -64 0
2655 1 63 1
2656 1 63 1
2657 0 -64 0
2658 0 -64 0
2659 0 -64 0
2660 1 63 1
2661 1 63 1
2662 1 63 1
2663 1 63 1
2664 1 63 1
2665 0 -64 0
2666 0 -64 0
2667 0 -64 0
2668 1 63 1
2669 0 -64 0
2670 0 -64 0
2671 1 63 1
2672 0 -64 0
2673 1 63 1
2674 1 63 1
2675 0 -64 0
2676 1 63 1
2677 1 63 1
2678 1 63 1
2679 0 -64 0
2680 1 63 1
2681 0 -64 0
2682 1 63 1
2683 0 -64 0
2684 1 63 1
2685 1 63 1
2686 1 63 1
2687 1 63 1
2688 1 63 1
2689 1 63 1
2690 1 63 1
2691 1 63 1
2692 0 -64 0
2693 0 -64 0
2694 0 -64 0
2695 0 -64 0
2696 1 63 1
2697 1 63 1
2698 1 63 1
2699 0 -64 0
2700 0 -64 0
2701 1 63 1
2702 0 -64 0
2703 0 -64 0
2704 0 -64 0
2705 0 -64 0
2706 0 -64 0
2707 1 63 1
2708 1 63 1
2709 0 -64 0
2710 1 63 1
2711 0 -48 0
2712 0 -64 0
2713 1 63 1
2714 1 63 1
2715 1 63 1
2716 0 -64 0
2717 1 63 1
2718 1 63 1
2719 1 63 1
2720 0 -64 0
2721 0 -64 0
2722 1 63 1
2723 0 -64 0
2724 0 -64 0
2725 1 63 1
2726 1 63 1
2727 0 -64 0
2728 0 -64 0
2729 1 63 1
2730 1 63 1
2731 0 -64 0
2732 1 63 1
2733 0 -64 0
2734 1 63 1
2735 1 63 1
2736 0 -64 0
2737 1 63 1
2738 1 63 1
2739 0 -64 0
2740 0 -64 0
2741 1 63 1
2742 0 -64 0
2743 1 63 1
2744 1 63 1
2745 0 -64 0
2746 0 -64 0
2747 1 63 1
2748 1 63 1
2749 1 63 1
2750 1 63 1
2751 0 -64 0
2752 1 63 1
2753 1 63 1
2754 1 63 1
2755 1 63 1
2756 0 -64 0
2757 1 63 1
2758 1 63 1
2759 0 -64 0
2760 0 -64 0
2761 1 63 1
2762 1 63 1
2763 0 -64 0
2764 1 63 1
2765 0 -64 0
2766 1 63 1
2767 0 -64 0
2768 0 -64 0
2769 0 -64 0
2770 0 -64 0
2771 1 63 1
2772 1 63 1
2773 0 -64 0
2774 0 -64 0
2775 1 63 1
2776 1 63 1
2777 1 63 1
2778 1 63 1
2779 0 -64 0
2780 1 63 1
2781 0 -64 0
2782 1 63 1
2783 1 63 1
2784 1 63 1
2785 0 -64 0
2786 0 -64 0
2787 1 63 1
2788 1 63 1
2789 1 63 1
2790 1 63 1
2791 1 63 1
2792 0 -64 0
2793 0 -64 0
2794 1 63 1
2795 1 63 1
2796 0 -64 0
2797 1 63 1
2798 0 -64 0
2799 1 63 1
2800 1 63 1
2801 1 63 1
2802 0 -64 0
2803 0 -64 0
2804 1 63 1
2805 0 -64 0
2806 0 -64 0
2807 0 -64 0
2808 0 -64 0
2809 0 -64 0
2810 1 -64 0
2811 0 -64 0
2812 0 -64 0
2813 1 63 1
2814 1 63 1
2815 0 -64 0
2816 0 -64 0
2817 1 63 1
2818 0 -64 0
2819 0 -64 0
2820 0 -64 0
2821 0 -64 0
2822 1 63 1
2823 0 -64 0
2824 1 63 1
2825 1 63 1
2826 1 63 1
2827 0 -64 0
2828 0 -64 0
2829 0 -64 0
2830 1 63 1
2831 1 63 1
2832 0 -64 0
2833 1 63 1
2834 1 52 1
2835 0 -64 0
2836 0 -64 0
2837 0 -64 0
2838 0 -64 0
2839 1 63 1
2840 0 -64 0
2841 0 -64 0
2842 1 63 1
2843 1 63 1
2844 0 -64 0
2845 0 -64 0
2846 0 -64 0
2847 0 -64 0
2848 0 -64 0
2849 0 -64 0
2850 0 -64 0
2851 0 -64 0
2852 1 63 1
2853 1 63 1
2854 1 63 1
2855 0 -64 0
2856 1 63 1
2857 0 -42 0
2858 1 63 1
2859 0 -64 0
2860 1 63 1
2861 0 -64 0
2862 0 -64 0
2863 0 -64 0
2864 0 -64 0
2865 0 -64 0
2866 1 63 1
2867 1 63 1
2868 1 63 1
2869 0 -64 0
2870 0 -64 0
2871 1 63 1
2872 1 63 1
2873 1 63 1
2874 1 63 1
2875 0 -64 0
2876 1 63 1
2877 1 63 1
2878 0 -64 0
2879 1 63 1
2880 1 63 1
2881 1 63 1
2882 1 63 1
2883 0 -64 0
2884 0 -64 0
2885 1 63 1
2886 0 -64 0
2887 1 63 1
2888 0 -64 0
2889 1 63 1
2890 0 -64 0
2891 1 63 1
2892 1 63 1
2893 0 -64 0
2894 0 -64 0
2895 1 63 1
2896 1 63 1
2897 1 63 1
2898 1 63 1
2899 1 63 1
2900 1 63 1
2901 1 63 1
2902 1 63 1
2903 0 -64 0
2904 1 63 1
2905 1 63 1
2906 1 63 1
2907 1 63 1
2908 0 -64 0
2909 1 63 1
2910 1 63 1
2911 1 63 1
2912 1 63 1
2913 0 -64 0
2914 1 63 1
2915 1 63 1
2916 1 63 1
2917 0 -64 0
2918 1 63 1
2919 0 -64 0
2920 0 -64 0
2921 1 63 1
2922 1 63 1
2923 0 -64 0
2924 1 63 1
2925 1 63 1
2926 1 63 1
2927 1 63 1
2928 0 -64 0
2929 1 63 1
2930 1 63 1
2931 0 -64 0
2932 1 63 1
2933 0 -64 0
2934 0 -64 0
2935 0 -64 0
2936 0 -64 0
2937 1 63 1
2938 0 -64 0
2939 1 63 1
2940 0 -64 0
2941 0 -64 0
2942 0 -64 0
2943 0 -64 0
2944 1 63 1
2945 1 63 1
2946 1 63 1
2947 1 63 1
2948 1 63 1
2949 1 63 1
2950 1 63 1
2951 1 63 1
2952 0 -64 0
2953 0 -64 0
2954 1 63 1
2955 1 63 1
2956 0 -64 0
2957 0 -64 0
2958 0 -64 0
2959 0 -64 0
2960 0 -64 0
2961 0 -64 0
2962 1 63 1
2963 1 63 1
2964 1 63 1
2965 1 63 1
2966 0 -64 0
2967 1 63 1
2968 1 63 1
2969 1 63 1
2970 0 -64 0
2971 0 -64 0
2972 1 63 1
2973 0 -64 0
2974 1 63 1
2975 0 -64 0
2976 1 63 1
2977 0 -64 0
2978 1 63 1
2979 1 63 1
2980 1 63 1
2981 0 -64 0
2982 1 63 1
2983 0 -64 0
2984 1 63 1
2985 1 63 1
2986 0 -64 0
2987 1 63 1
2988 1 63 1
2989 0 -64 0
2990 1 63 1
2991 0 -64 0
2992 0 -64 0
2993 0 -64 0
2994 0 -64 0
2995 1 63 1
2996 0 -64 0
2997 0 -64 0
2998 0 -64 0
2999 0 -64 0
3000 0 -64 0
3001 0 -64 0
3002 0 -64 0
3003 1 54 1
3004 1 63 1
3005 1 63 1
3006 1 63 1
3007 0 -64 0
3008 0 -64 0
3009 0 -64 0
3010 0 -64 0
3011 0 -64 0
3012 0 -64 0
3013 1 63 1
3014 0 -64 0
3015 1 63 1
3016 1 63 1
3017 1 63 1
3018 1 63 1
3019 1 63 1
3020 0 -64 0
3021 0 -64 0
3022 0 -64 0
3023 1 63 1
3024 1 63 1
3025 0 -64 0
3026 0 -64 0
3027 1 63 1
3028 0 -64 0
3029 1 63 1
3030 1 63 1
3031 0 -64 0
3032 1 63 1
3033 0 -64 0
3034 1 63 1
3035 0 -64 0
3036 0 -64 0
3037 0 -64 0
3038 0 -64 0
3039 1 63 1
3040 0 -64 0
3041 0 -64 0
3042 0 -64 0
3043 1 63 1
3044 0 -64 0
3045 0 -64 0
3046 0 -64 0
3047 1 63 1
3048 1 63 1
3049 1 63 1
3050 1 63 1
3051 0 -64 0
3052 1 63 1
3053 1 63 1
3054 0 -64 0
3055 1 63 1
3056 1 63 1
3057 1 63 1
3058 1 63 1
3059 1 63 1
3060 0 -64 0
3061 1 63 1
3062 0 -64 0
3063 1 63 1
3064 0 -64 0
3065 0 -64 0
3066 1 63 1
3067 1 63 1
3068 0 -64 0
3069 0 -64 0
3070 0 -64 0
3071 0 -64 0
3072 1 38 1
3073 1 63 1
3074 0 -64 0
3075 1 63 1
3076 0 -64 0
3077 1 63 1
3078 1 63 1
3079 1 63 1
3080 0 -64 0
3081 1 63 1
3082 0 -64 0
3083 0 -64 0
3084 1 63 1
3085 1 63 1
3086 1 63 1
3087 0 -64 0
3088 1 63 1
3089 0 -64 0
3090 0 -64 0
3091 0 -64 0
3092 1 63 1
3093 1 63 1
3094 0 -64 0
3095 0 -64 0
3096 1 63 1
3097 0 -64 0
3098 1 63 1
3099 0 -64 0
3100 1 63 1
3101 1 63 1
3102 1 63 1
3103 0 -64 0
3104 0 -64 0
3105 0 -64 0
3106 1 63 1
3107 0 -64 0
3108 0 -64 0
3109 1 63 1
3110 1 63 1
3111 1 63 1
3112 1 63 1
3113 1 63 1
3114 1 63 1
3115 1 63 1
3116 1 63 1
3117 0 -64 0
3118 1 63 1
3119 0 -64 0
3120 0 -64 0
3121 1 63 1
3122 1 63 1
3123 1 63 1
3124 1 63 1
3125 1 63 1
3126 1 59 1
3127 0 -64 0
3128 0 -64 0
3129 1 63 1
3130 1 63 1
3131 1 63 1
3132 1 63 1
3133 1 63 1
3134 0 -64 0
3135 1 63 1
3136 0 -64 0
3137 0 -64 0
3138 0 -64 0
3139 1 63 1
3140 1 63 1
3141 0 -64 0
3142 1 63 1
3143 1 63 1
3144 0 -64 0
3145 1 63 1
3146 1 63 1
3147 1 63 1
3148 0 -64 0
3149 1 63 1
3150 1 63 1
3151 0 -64 0
3152 0 -64 0
3153 1 63 1
3154 1 63 1
3155 0 -64 0
3156 0 -64 0
3157 1 63 1
3158 1 63 1
3159 1 63 1
3160 1 63 1
3161 0 -64 0
3162 1 63 1
3163 1 63 1
3164 1 63 1
3165 0 -64 0
3166 0 -64 0
3167 1 63 1
3168 1 63 1
3169 1 63 1
3170 0 -64 0
3171 1 63 1
3172 0 -64 0
3173 1 63 1
3174 0 -64 0
3175 1 63 1
3176 1 63 1
3177 0 -64 0
3178 1 63 1
3179 0 -64 0
3180 1 63 1
3181 1 63 1
3182 1 63 1
3183 0 -64 0
3184 0 -64 0
3185 1 63 1
3186 0 -64 0
3187 1 61 1
3188 1 63 1
3189 1 63 1
3190 1 63 1
3191 1 63 1
3192 0 -64 0
3193 1 63 1
3194 1 63 1
3195 1 63 1
3196 0 -64 0
3197 1 63 1
3198 0 -64 0
3199 0 -64 0
3200 0 -64 0
3201 0 -64 0
3202 1 63 1
3203 0 -64 0
3204 0 -64 0
3205 1 63 1
3206 1 63 1
3207 0 -64 0
3208 1 63 1
3209 0 -64 0
3210 0 -64 0
3211 0 -64 0
3212 0 -64 0
3213 1 63 1
3214 0 -64 0
3215 0 -64 0
3216 0 -64 0
3217 0 -64 0
3218 0 -64 0
3219 1 63 1
3220 0 -64 0
3221 1 63 1
3222 1 63 1
3223 0 -64 0
3224 0 -64 0
3225 0 -64 0
3226 1 63 1
3227 0 -64 0
3228 0 -64 0
3229 0 -64 0
3230 0 -64 0
3231 1 63 1
3232 1 63 1
3233 1 63 1
3234 1 63 1
3235 0 -64 0
3236 0 -64 0
3237 0 -64 0
3238 1 63 1
3239 1 63 1
3240 0 -64 0
3241 1 63 1
3242 1 63 1
3243 0 -64 0
3244 1 63 1
3245 0 -64 0
3246 0 -64 0
3247 1 63 1
3248 1 63 1
3249 1 63 1
3250 0 -64 0
3251 1 63 1
3252 0 -64 0
3253 0 -64 0
3254 0 -64 0
3255 1 63 1
3256 0 -64 0
3257 0 -64 0
3258 1 63 1
3259 1 63 1
3260 1 63 1
3261 0 -64 0
3262 0 -64 0
3263 1 63 1
3264 1 63 1
3265 0 -64 0
3266 1 63 1
3267 1 63 1
3268 1 63 1
3269 0 -64 0
3270 1 63 1
3271 0 -64 0
3272 1 63 1
3273 0 -64 0
3274 0 -64 0
3275 0 -64 0
3276 0 -64 0
3277 0 -64 0
3278 0 -64 0
3279 0 -64 0
3280 1 63 1
3281 0 -64 0
3282 1 63 1
3283 1 63 1
3284 1 63 1
3285 1 63 1
3286 1 63 1
3287 0 -64 0
3288 0 -64 0
3289 0 -64 0
3290 1 63 1
3291 0 -64 0
3292 1 63 1
3293 0 -64 0
3294 0 -64 0
3295 0 -64 0
3296 1 63 1
3297 1 63 1
3298 1 63 1
3299 0 -64 0
3300 1 63 1
3301 0 -64 0
3302 0 -64 0
3303 1 63 1
3304 0 -64 0
3305 0 -64 0
3306 1 63 1
3307 0 -64 0
3308 1 63 1
3309 0 -64 0
3310 0 -64 0
3311 0 -64 0
3312 0 -64 0
3313 1 63 1
3314 1 63 1
3315 0 -64 0
3316 0 -64 0
3317 0 -64 0
3318 1 63 1
3319 1 63 1
3320 0 -64 0
3321 1 63 1
3322 1 63 1
3323 1 63 1
3324 1 63 1
3325 1 63 1
3326 0 -64 0
3327 1 63 1
3328 0 -64 0
3329 1 63 1
3330 1 63 1
3331 1 63 1
3332 0 -64 0
3333 0 -62 0
3334 0 -64 0
3335 0 -64 0
3336 0 -64 0
3337 1 63 1
3338 0 -64 0
3339 1 63 1
3340 0 -64 0
3341 1 63 1
3342 0 -64 0
3343 0 -64 0
3344 1 63 1
3345 0 -64 0
3346 0 -64 0
3347 1 63 1
3348 1 63 1
3349 1 63 1
3350 0 -64 0
3351 1 63 1
3352 0 -64 0
3353 0 -64 0
3354 0 -64 0
3355 0 -64 0
3356 1 63 1
3357 1 63 1
3358 0 -64 0
3359 1 63 1
3360 0 -64 0
3361 1 63 1
3362 0 -64 0
3363 0 -64 0
3364 0 -58 0
3365 0 -64 0
3366 0 -64 0
3367 1 63 1
3368 1 63 1
3369 0 -64 0
3370 1 63 1
3371 0 -64 0
3372 0 -64 0
3373 1 63 1
3374 1 63 1
3375 0 -64 0
3376 1 63 1
3377 0 -64 0
3378 1 63 1
3379 1 63 1
3380 1 63 1
3381 1 63 1
3382 0 -64 0
3383 1 63 1
3384 1 63 1
3385 0 -64 0
3386 1 63 1
3387 0 -64 0
3388 0 -64 0
3389 0 -64 0
3390 1 63 1
3391 1 63 1
3392 1 63 1
3393 0 -64 0
3394 1 63 1
3395 1 63 1
3396 1 63 1
3397 1 63 1
3398 0 -64 0
3399 0 -64 0
3400 1 63 1
3401 1 63 1
3402 1 63 1
3403 0 -64 0
3404 0 -64 0
3405 1 63 1
3406 1 63 1
3407 1 63 1
3408 1 63 1
3409 0 -64 0
3410 1 63 1
3411 0 -64 0
3412 0 -64 0
3413 0 -64 0
3414 0 -64 0
3415 0 -64 0
3416 0 -64 0
3417 1 63 1
3418 1 63 1
3419 1 63 1
3420 1 63 1
3421 1 63 1
3422 0 -64 0
3423 0 -64 0
3424 0 -64 0
3425 1 63 1
3426 0 -64 0
3427 0 -64 0
3428 0 -64 0
3429 0 -64 0
3430 1 63 1
3431 0 -64 0
3432 0 -64 0
3433 1 63 1
3434 0 -64 0
3435 1 63 1
3436 0 -64 0
3437 0 -64 0
3438 1 63 1
3439 1 63 1
3440 1 63 1
3441 0 -55 0
3442 1 63 1
3443 1 63 1
3444 1 63 1
3445 0 -64 0
3446 1 63 1
3447 0 -64 0
3448 1 63 1
3449 1 63 1
3450 1 63 1
3451 1 63 1
3452 1 63 1
3453 1 63 1
3454 1 63 1
3455 0 -64 0
3456 0 -64 0
3457 1 63 1
3458 1 63 1
3459 0 -64 0
3460 0 -64 0
3461 0 -64 0
3462 0 -64 0
3463 1 63 1
3464 1 63 1
3465 1 63 1
3466 1 63 1
3467 0 -64 0
3468 1 63 1
3469 1 63 1
3470 1 63 1
3471 1 63 1
3472 1 63 1
3473 0 -64 0
3474 1 63 1
3475 0 -64 0
3476 0 -64 0
3477 1 63 1
3478 0 -64 0
3479 0 -49 0
3480 1 63 1
3481 1 63 1
3482 0 -64 0
3483 0 -64 0
3484 0 -64 0
3485 0 -64 0
3486 1 63 1
3487 0 -64 0
3488 1 63 1
3489 1 63 1
3490 1 63 1
3491 1 63 1
3492 1 63 1
3493 0 -64 0
3494 0 -64 0
3495 1 63 1
3496 1 63 1
3497 0 -64 0
3498 0 -64 0
3499 0 -64 0
3500 0 -64 0
3501 0 -64 0
3502 1 63 1
3503 1 63 1
3504 0 -64 0
3505 0 -64 0
3506 0 -64 0
3507 0 -64 0
3508 0 -64 0
3509 1 63 1
3510 1 63 1
3511 1 63 1
3512 1 63 1
3513 1 63 1
3514 1 63 1
3515 1 63 1
3516 1 63 1
3517 0 -64 0
3518 0 -64 0
3519 1 63 1
3520 1 63 1
3521 0 -64 0
3522 1 63 1
3523 0 -64 0
3524 0 -64 0
3525 1 63 1
3526 1 63 1
3527 1 63 1
3528 0 -64 0
3529 0 -64 0
3530 0 -64 0
3531 0 -64 0
3532 0 -64 0
3533 1 63 1
3534 0 -64 0
3535 1 63 1
3536 1 63 1
3537 1 63 1
3538 1 63 1
3539 1 63 1
3540 1 63 1
3541 0 -64 0
3542 0 -64 0
3543 1 63 1
3544 0 -64 0
3545 0 -64 0
3546 0 -64 0
3547 1 63 1
3548 0 -37 0
3549 0 -64 0
3550 0 -64 0
3551 1 63 1
3552 1 63 1
3553 0 -64 0
3554 1 63 1
3555 0 -64 0
3556 0 -64 0
3557 0 -64 0
3558 0 -64 0
3559 0 -64 0
3560 0 -64 0
3561 0 -64 0
3562 1 63 1
3563 1 63 1
3564 0 -64 0
3565 0 -64 0
3566 0 -64 0
3567 1 63 1
3568 0 -64 0
3569 0 -64 0
3570 0 -64 0
3571 0 -64 0
3572 0 -64 0
3573 1 63 1
3574 1 63 1
3575 1 63 1
3576 0 -64 0
3577 1 63 1
3578 1 63 1
3579 0 -64 0
3580 1 63 1
3581 0 -64 0
3582 1 63 1
3583 0 -64 0
3584 0 -64 0
3585 1 63 1
3586 1 63 1
3587 1 63 1
3588 0 -64 0
3589 0 -64 0
3590 0 -64 0
3591 0 -64 0
3592 1 63 1
3593 0 -64 0
3594 1 63 1
3595 1 63 1
3596 0 -64 0
3597 1 63 1
3598 0 -64 0
3599 0 -64 0
3600 1 63 1
3601 0 -64 0
3602 1 49 1
3603 1 63 1
3604 0 -64 0
3605 0 -64 0
3606 1 63 1
3607 0 -64 0
3608 1 63 1
3609 1 63 1
3610 1 63 1
3611 0 -64 0
3612 0 -64 0
3613 0 -64 0
3614 1 63 1
3615 0 -64 0
3616 1 63 1
3617 1 63 1
3618 1 63 1
3619 1 63 1
3620 0 -64 0
3621 1 63 1
3622 0 -64 0
3623 0 -64 0
3624 1 63 1
3625 0 -36 0
3626 1 63 1
3627 1 63 1
3628 1 63 1
3629 1 63 1
3630 0 -64 0
3631 1 63 1
3632 0 -64 0
3633 1 63 1
3634 0 -64 0
3635 1 63 1
3636 1 63 1
3637 1 63 1
3638 1 63 1
3639 0 -64 0
3640 0 -64 0
3641 1 63 1
3642 0 -64 0
3643 1 63 1
3644 1 63 1
3645 1 63 1
3646 0 -64 0
3647 0 -64 0
3648 1 63 1
3649 0 -64 0
3650 1 63 1
3651 0 -64 0
3652 1 63 1
3653 1 63 1
3654 1 63 1
3655 0 -64 0
3656 0 -64 0
3657 0 -64 0
3658 0 -64 0
3659 0 -64 0
3660 0 -64 0
3661 0 -64 0
3662 1 63 1
3663 1 63 1
3664 1 63 1
3665 1 63 1
3666 0 -64 0
3667 0 -64 0
3668 0 -64 0
3669 1 63 1
3670 0 -64 0
3671 1 63 1
3672 0 -64 0
3673 1 63 1
3674 1 63 1
3675 1 63 1
3676 1 63 1
3677 1 63 1
3678 1 63 1
3679 0 -64 0
3680 1 63 1
3681 1 63 1
3682 0 -64 0
3683 0 -64 0
3684 1 63 1
3685 0 -64 0
3686 0 -64 0
3687 0 -64 0
3688 0 -64 0
3689 1 63 1
3690 0 -64 0
3691 0 -64 0
3692 1 63 1
3693 1 63 1
3694 0 -64 0
3695 1 63 1
3696 0 -64 0
3697 0 -64 0
3698 1 63 1
3699 0 -64 0
3700 0 -64 0
3701 1 63 1
3702 0 -64 0
3703 0 -64 0
3704 1 63 1
3705 0 -64 0
3706 1 63 1
3707 1 63 1
3708 1 63 1
3709 0 -64 0
3710 0 -64 0
3711 0 -64 0
3712 1 63 1
3713 0 -64 0
3714 1 63 1
3715 1 63 1
3716 0 -64 0
3717 1 63 1
3718 0 -64 0
3719 0 -64 0
3720 0 -64 0
3721 1 63 1
3722 1 63 1
3723 0 -64 0
3724 0 -64 0
3725 1 63 1
3726 1 63 1
3727 1 63 1
3728 1 63 1
3729 0 -64 0
3730 1 63 1
3731 0 -64 0
3732 1 63 1
3733 0 -64 0
3734 0 -64 0
3735 1 63 1
3736 1 63 1
3737 1 63 1
3738 0 -64 0
3739 1 63 1
3740 1 63 1
3741 0 -64 0
3742 0 -64 0
3743 1 63 1
3744 0 -64 0
3745 1 63 1
3746 0 -64 0
3747 1 63 1
3748 1 63 1
3749 0 -64 0
3750 0 -64 0
3751 0 -64 0
3752 1 63 1
3753 1 63 1
3754 1 63 1
3755 1 63 1
3756 0 -64 0
3757 0 -64 0
3758 0 -64 0
3759 0 -64 0
3760 1 63 1
3761 1 63 1
3762 1 63 1
3763 1 63 1
3764 1 63 1
3765 0 -64 0
3766 1 63 1
3767 1 63 1
3768 0 -64 0
3769 1 63 1
3770 0 -64 0
3771 1 63 1
3772 0 -64 0
3773 1 63 1
3774 0 -64 0
3775 0 -64 0
3776 1 63 1
3777 1 63 1
3778 0 -64 0
3779 0 -64 0
3780 1 63 1
3781 0 -64 0
3782 0 -64 0
3783 0 -64 0
3784 0 -64 0
3785 0 -64 0
3786 0 -64 0
3787 0 -64 0
3788 0 -64 0
3789 0 -64 0
3790 1 63 1
3791 1 63 1
3792 0 -64 0
3793 0 -64 0
3794 0 -64 0
3795 0 -64 0
3796 1 63 1
3797 1 63 1
3798 0 -64 0
3799 0 -64 0
3800 1 63 1
3801 1 63 1
3802 1 63 1
3803 0 -64 0
3804 1 63 1
3805 0 -64 0
3806 0 -64 0
3807 1 63 1
3808 1 63 1
3809 0 -64 0
3810 0 -64 0
3811 1 63 1
3812 1 63 1
3813 1 63 1
3814 1 63 1
3815 1 63 1
3816 1 63 1
3817 1 63 1
3818 0 -64 0
3819 0 -64 0
3820 1 63 1
3821 1 63 1
3822 1 63 1
3823 1 63 1
3824 1 63 1
3825 0 -64 0
3826 1 63 1
3827 1 63 1
3828 0 -64 0
3829 0 -64 0
3830 1 63 1
3831 0 -64 0
3832 1 63 1
3833 1 63 1
3834 0 -64 0
3835 0 -64 0
3836 1 63 1
3837 0 -64 0
3838 0 -64 0
3839 0 -64 0
3840 0 -38 0
3841 1 63 1
3842 1 63 1
3843 0 -64 0
3844 0 -64 0
3845 0 -64 0
3846 1 63 1
3847 0 -64 0
3848 1 63 1
3849 1 63 1
3850 0 -64 0
3851 0 -64 0
3852 1 63 1
3853 0 -64 0
3854 0 -64 0
3855 1 63 1
3856 0 -64 0
3857 0 -64 0
3858 1 63 1
3859 0 -64 0
3860 1 63 1
3861 1 63 1
3862 1 63 1
3863 0 -64 0
3864 1 63 1
3865 0 -64 0
3866 0 -64 0
3867 0 -64 0
3868 0 -64 0
3869 0 -64 0
3870 0 -64 0
3871 0 -64 0
3872 1 63 1
3873 0 -64 0
3874 0 -64 0
3875 0 -64 0
3876 0 -64 0
3877 1 63 1
3878 1 63 1
3879 0 -64 0
3880 0 -64 0
3881 0 -64 0
3882 0 -64 0
3883 1 63 1
3884 0 -64 0
3885 1 63 1
3886 1 63 1
3887 0 -64 0
3888 0 -64 0
3889 0 -64 0
3890 0 -64 0
3891 0 -64 0
3892 1 63 1
3893 0 -64 0
3894 1 57 1
3895 0 -64 0
3896 1 63 1
3897 0 -64 0
3898 1 63 1
3899 0 -64 0
3900 1 63 1
3901 0 -64 0
3902 0 -64 0
3903 1 63 1
3904 1 63 1
3905 0 -64 0
3906 1 63 1
3907 0 -64 0
3908 1 63 1
3909 0 -64 0
3910 1 63 1
3911 0 -64 0
3912 1 63 1
3913 1 63 1
3914 1 63 1
3915 0 -64 0
3916 0 -64 0
3917 0 -51 0
3918 0 -64 0
3919 1 63 1
3920 1 63 1
3921 0 -64 0
3922 0 -64 0
3923 1 63 1
3924 1 63 1
3925 0 -64 0
3926 1 63 1
3927 1 63 1
3928 1 63 1
3929 1 63 1
3930 1 63 1
3931 0 -64 0
3932 0 -64 0
3933 0 -64 0
3934 0 -64 0
3935 1 63 1
3936 0 -64 0
3937 1 63 1
3938 0 -64 0
3939 0 -64 0
3940 1 63 1
3941 0 -64 0
3942 0 -64 0
3943 0 -64 0
3944 0 -64 0
3945 0 -64 0
3946 1 63 1
3947 0 -64 0
3948 1 63 1
3949 0 -64 0
3950 1 63 1
3951 1 63 1
3952 1 63 1
3953 1 63 1
3954 1 63 1
3955 1 63 1
3956 0 -64 0
3957 0 -64 0
3958 1 63 1
3959 1 63 1
3960 0 -64 0
3961 1 63 1
3962 1 63 1
3963 0 -64 0
3964 0 -64 0
3965 1 63 1
3966 0 -64 0
3967 0 -64 0
3968 0 -64 0
3969 1 63 1
3970 1 63 1
3971 1 63 1
3972 1 63 1
3973 0 -64 0
3974 1 63 1
3975 1 63 1
3976 0 -64 0
3977 0 -64 0
3978 0 -64 0
3979 0 -64 0
3980 0 -64 0
3981 0 -64 0
3982 1 63 1
3983 1 63 1
3984 0 -64 0
3985 0 -64 0
3986 1 63 1
3987 0 -64 0
3988 1 63 1
3989 1 63 1
3990 1 63 1
3991 1 63 1
3992 1 63 1
3993 0 -64 0
3994 1 63 1
3995 0 -64 0
3996 1 63 1
3997 0 -64 0
3998 1 63 1
3999 0 -64 0
4000 0 -64 0
4001 0 -64 0
4002 1 63 1
4003 1 63 1
4004 0 -64 0
4005 0 -64 0
4006 1 63 1
4007 0 -64 0
4008 1 63 1
4009 1 63 1
4010 1 63 1
4011 0 -64 0
4012 1 63 1
4013 0 -64 0
4014 0 -64 0
4015 1 63 1
4016 0 -64 0
4017 0 -64 0
4018 1 63 1
4019 0 -64 0
4020 1 63 1
4021 1 63 1
4022 0 -64 0
4023 0 -64 0
4024 1 63 1
4025 0 -64 0
4026 0 -64 0
4027 0 -64 0
4028 1 63 1
4029 1 63 1
4030 1 63 1
4031 1 63 1
4032 1 63 1
4033 1 63 1
4034 1 63 1
4035 0 -64 0
4036 0 -64 0
4037 1 63 1
4038 0 -64 0
4039 0 -64 0
4040 1 63 1
4041 0 -64 0
4042 1 63 1
4043 0 -64 0
4044 0 -64 0
4045 0 -64 0
4046 1 63 1
4047 1 63 1
4048 1 63 1
4049 1 63 1
4050 1 63 1
4051 1 63 1
4052 1 63 1
4053 1 63 1
4054 0 -64 0
4055 1 63 1
4056 0 -64 0
4057 0 -64 0
4058 0 -64 0
4059 1 63 1
4060 1 63 1
4061 0 -64 0
4062 0 -64 0
4063 1 63 1
4064 0 -64 0
4065 0 -64 0
4066 1 63 1
4067 1 63 1
4068 1 63 1
4069 0 -64 0
4070 1 63 1
4071 1 63 1
4072 0 -64 0
4073 0 -64 0
4074 1 63 1
4075 0 -64 0
4076 1 63 1
4077 0 -64 0
4078 1 60 1
4079 1 63 1
4080 0 -64 0
4081 0 -64 0
4082 1 63 1
4083 1 63 1
4084 1 63 1
4085 0 -64 0
4086 1 63 1
4087 0 -64 0
4088 1 63 1
4089 0 -64 0
4090 1 63 1
4091 1 63 1
4092 0 -64 0
4093 0 -64 0
4094 1 63 1
4095 1 63 1
4096 1 63 1
4097 1 63 1
4098 0 -64 0
4099 0 -64 0
4100 0 -64 0
4101 0 -63 0
4102 1 63 1
4103 1 63 1
4104 0 -64 0
4105 1 63 1
4106 1 63 1
4107 0 -64 0
4108 0 63 1
4109 1 63 1
4110 1 63 1
4111 0 -64 0
4112 1 63 1
4113 1 63 1
4114 0 -64 0
4115 0 -64 0
4116 1 63 1
4117 1 63 1
4118 1 63 1
4119 1 63 1
4120 0 -64 0
4121 1 63 1
4122 0 -64 0
4123 1 63 1
4124 1 63 1
4125 0 -64 0
4126 0 -64 0
4127 1 63 1
4128 1 63 1
4129 0 -64 0
4130 1 63 1
4131 0 -64 0
4132 0 -22 0
4133 1 63 1
4134 0 -64 0
4135 0 -64 0
4136 0 -64 0
4137 1 63 1
4138 1 63 1
4139 0 -64 0
4140 1 63 1
4141 0 -64 0
4142 0 -64 0
4143 0 -64 0
4144 1 63 1
4145 1 63 1
4146 1 63 1
4147 0 -64 0
4148 1 63 1
4149 1 63 1
4150 1 63 1
4151 0 -64 0
4152 1 63 1
4153 0 -64 0
4154 1 63 1
4155 0 -64 0
4156 0 -64 0
4157 1 63 1
4158 0 -64 0
4159 1 63 1
4160 1 63 1
4161 1 63 1
4162 1 63 1
4163 0 -64 0
4164 1 63 1
4165 0 -64 0
4166 0 -64 0
4167 1 63 1
4168 0 -64 0
4169 0 -64 0
4170 0 -64 0
4171 0 -64 0
4172 1 63 1
4173 1 63 1
4174 1 63 1
4175 0 -64 0
4176 1 63 1
4177 1 63 1
4178 1 63 1
4179 1 63 1
4180 1 63 1
4181 1 63 1
4182 0 -64 0
4183 0 -64 0
4184 1 63 1
4185 0 -64 0
4186 1 63 1
4187 0 -64 0
4188 0 -64 0
4189 1 63 1
4190 0 -64 0
4191 1 63 1
4192 1 63 1
4193 1 63 1
4194 0 -64 0
4195 1 63 1
4196 0 -64 0
4197 0 -64 0
4198 0 -64 0
4199 0 -64 0
4200 1 63 1
4201 1 63 1
4202 1 63 1
4203 1 63 1
4204 0 -64 0
4205 1 63 1
4206 0 -64 0
4207 1 63 1
4208 1 63 1
4209 0 -64 0
4210 0 -64 0
4211 1 63 1
4212 1 63 1
4213 1 63 1
4214 1 63 1
4215 1 63 1
4216 0 -64 0
4217 1 63 1
4218 1 63 1
4219 0 -64 0
4220 1 63 1
4221 1 63 1
4222 0 -64 0
4223 1 63 1
4224 1 63 1
4225 1 63 1
4226 1 63 1
4227 0 -64 0
4228 0 -64 0
4229 0 -64 0
4230 0 -64 0
4231 1 63 1
4232 0 -64 0
4233 1 63 1
4234 1 63 1
4235 0 -64 0
4236 0 -64 0
4237 1 63 1
4238 1 63 1
4239 0 -64 0
4240 0 -64 0
4241 1 63 1
4242 1 63 1
4243 0 -64 0
4244 0 -64 0
4245 0 -64 0
4246 1 63 1
4247 0 -59 0
4248 0 -64 0
4249 0 -64 0
4250 0 -64 0
4251 1 63 1
4252 1 63 1
4253 0 -64 0
4254 0 -64 0
4255 0 -64 0
4256 0 -64 0
4257 0 -64 0
4258 1 63 1
4259 1 63 1
4260 1 63 1
4261 0 -64 0
4262 0 -64 0
4263 0 -64 0
4264 1 63 1
4265 1 63 1
4266 1 63 1
4267 1 63 1
4268 0 -64 0
4269 0 -64 0
4270 0 -64 0
4271 0 -64 0
4272 1 63 1
4273 0 -64 0
4274 0 -64 0
4275 1 63 1
4276 1 63 1
4277 1 63 1
4278 1 63 1
4279 1 63 1
4280 0 -64 0
4281 0 -64 0
4282 0 -64 0
4283 0 -64 0
4284 1 63 1
4285 1 63 1
4286 0 -64 0
4287 1 63 1
4288 1 63 1
4289 0 -64 0
4290 1 63 1
4291 1 63 1
4292 1 63 1
4293 1 63 1
4294 1 63 1
4295 1 63 1
4296 0 -64 0
4297 0 -64 0
4298 0 -64 0
4299 1 63 1
4300 0 -64 0
4301 0 -64 0
4302 0 -64 0
4303 0 -64 0
4304 0 -64 0
4305 1 63 1
4306 0 -64 0
4307 1 63 1
4308 0 -64 0
4309 1 63 1
4310 1 63 1
4311 0 -64 0
4312 1 63 1
4313 1 63 1
4314 0 -64 0
4315 1 63 1
4316 1 63 1
4317 1 63 1
4318 0 -64 0
4319 1 63 1
4320 0 -64 0
4321 1 63 1
4322 0 -64 0
4323 0 -64 0
4324 1 63 1
4325 0 -64 0
4326 0 -64 0
4327 0 -64 0
4328 1 63 1
4329 0 -64 0
4330 0 -64 0
4331 1 63 1
4332 0 -64 0
4333 0 -64 0
4334 0 -64 0
4335 1 63 1
4336 1 63 1
4337 0 -64 0
4338 1 63 1
4339 0 -64 0
4340 0 -64 0
4341 0 -64 0
4342 1 63 1
4343 1 63 1
4344 0 -64 0
4345 1 63 1
4346 1 63 1
4347 1 63 1
4348 0 -64 0
4349 1 63 1
4350 1 63 1
4351 1 63 1
4352 0 -64 0
4353 1 63 1
4354 1 63 1
4355 1 63 1
4356 0 -64 0
4357 1 63 1
4358 0 -64 0
4359 0 -64 0
4360 0 -64 0
4361 1 63 1
4362 1 63 1
4363 1 63 1
4364 1 63 1
4365 1 63 1
4366 0 -64 0
4367 0 -64 0
4368 1 63 1
4369 0 -64 0
4370 0 -49 0
4371 1 63 1
4372 1 63 1
4373 0 -64 0
4374 0 -64 0
4375 0 -64 0
4376 0 -64 0
4377 0 -64 0
4378 1 63 1
4379 0 -64 0
4380 0 -64 0
4381 1 63 1
4382 1 63 1
4383 1 63 1
4384 1 63 1
4385 0 -64 0
4386 1 63 1
4387 1 63 1
4388 0 -64 0
4389 1 63 1
4390 1 63 1
4391 1 63 1
4392 0 -64 0
4393 1 59 1
4394 1 63 1
4395 0 -64 0
4396 1 63 1
4397 1 63 1
4398 1 63 1
4399 0 -64 0
4400 1 63 1
4401 1 63 1
4402 0 -64 0
4403 1 63 1
4404 0 -64 0
4405 1 63 1
4406 0 -64 0
4407 1 63 1
4408 1 63 1
4409 0 -64 0
4410 1 63 1
4411 0 -64 0
4412 0 -64 0
4413 1 63 1
4414 1 63 1
4415 1 63 1
4416 0 -64 0
4417 1 63 1
4418 0 -64 0
4419 0 -64 0
4420 0 -64 0
4421 1 63 1
4422 0 -64 0
4423 0 -64 0
4424 1 63 1
4425 0 -64 0
4426 0 -64 0
4427 0 -64 0
4428 0 -64 0
4429 0 -64 0
4430 1 63 1
4431 0 -64 0
4432 1 63 1
4433 0 -64 0
4434 0 -64 0
4435 1 63 1
4436 0 -64 0
4437 0 -64 0
4438 1 63 1
4439 0 -64 0
4440 1 63 1
4441 1 63 1
4442 0 -64 0
4443 0 -64 0
4444 0 -64 0
4445 0 -64 0
4446 0 -64 0
4447 0 -64 0
4448 1 63 1
4449 1 63 1
4450 1 63 1
4451 0 -64 0
4452 0 -64 0
4453 0 -64 0
4454 1 63 1
4455 1 63 1
4456 0 -64 0
4457 1 63 1
4458 1 63 1
4459 0 -64 0
4460 1 63 1
4461 0 -64 0
4462 0 -64 0
4463 1 63 1
4464 1 63 1
4465 1 63 1
4466 1 63 1
4467 0 -64 0
4468 0 -64 0
4469 1 63 1
4470 0 -64 0
4471 1 63 1
4472 0 -64 0
4473 0 -64 0
4474 0 -64 0
4475 0 -64 0
4476 0 -64 0
4477 1 63 1
4478 1 63 1
4479 0 -64 0
4480 1 63 1
4481 1 63 1
4482 1 63 1
4483 1 63 1
4484 1 63 1
4485 0 -64 0
4486 0 -64 0
4487 1 63 1
4488 1 63 1
4489 1 63 1
4490 1 63 1
4491 0 -64 0
4492 0 -64 0
4493 1 63 1
4494 1 63 1
4495 0 -64 0
4496 0 -64 0
4497 0 -64 0
4498 1 63 1
4499 0 -64 0
4500 0 -64 0
4501 1 63 1
4502 0 -64 0
4503 0 -64 0
4504 0 -64 0
4505 0 -64 0
4506 1 63 1
4507 0 -64 0
4508 1 63 1
4509 1 63 1
4510 0 -64 0
4511 0 -64 0
4512 0 -64 0
4513 1 63 1
4514 0 -64 0
4515 0 -64 0
4516 0 -64 0
4517 1 63 1
4518 0 -64 0
4519 1 63 1
4520 1 63 1
4521 0 -64 0
4522 1 63 1
4523 0 -64 0
4524 1 63 1
4525 1 63 1
4526 1 63 1
4527 0 -64 0
4528 0 -64 0
4529 0 -64 0
4530 1 63 1
4531 0 -64 0
4532 0 -64 0
4533 1 63 1
4534 0 -64 0
4535 0 -64 0
4536 0 -64 0
4537 0 -64 0
4538 0 -64 0
4539 0 -63 0
4540 0 -64 0
4541 0 -64 0
4542 1 63 1
4543 0 -64 0
4544 1 63 1
4545 0 -64 0
4546 0 -64 0
4547 0 -64 0
4548 1 63 1
4549 0 -64 0
4550 0 -64 0
4551 1 63 1
4552 1 63 1
4553 1 63 1
4554 0 -56 0
4555 0 -64 0
4556 0 -64 0
4557 1 63 1
4558 0 -64 0
4559 1 63 1
4560 0 -64 0
4561 1 63 1
4562 1 63 1
4563 1 63 1
4564 1 63 1
4565 1 63 1
4566 0 -64 0
4567 0 -64 0
4568 1 63 1
4569 1 63 1
4570 1 63 1
4571 1 63 1
4572 1 63 1
4573 1 63 1
4574 1 63 1
4575 0 -64 0
4576 1 63 1
4577 0 -64 0
4578 0 -64 0
4579 0 -64 0
4580 0 -64 0
4581 0 -64 0
4582 0 -64 0
4583 0 -64 0
4584 0 -64 0
4585 0 -64 0
4586 1 63 1
4587 1 63 1
4588 1 63 1
4589 1 63 1
4590 0 -64 0
4591 1 63 1
4592 1 63 1
4593 1 63 1
4594 0 -64 0
4595 1 63 1
4596 1 63 1
4597 1 63 1
4598 0 -64 0
4599 1 63 1
4600 0 -64 0
4601 0 -64 0
4602 1 63 1
4603 0 -64 0
4604 0 -64 0
4605 1 63 1
4606 0 -64 0
4607 1 63 1
4608 1 39 1
4609 0 -64 0
4610 1 63 1
4611 1 63 1
4612 1 63 1
4613 0 -64 0
4614 0 -64 0
4615 0 -64 0
4616 1 63 1
4617 1 63 1
4618 0 -64 0
4619 0 -64 0
4620 0 -64 0
4621 1 63 1
4622 0 -64 0
4623 1 63 1
4624 0 -64 0
4625 1 63 1
4626 0 -64 0
4627 0 -64 0
4628 0 -64 0
4629 1 63 1
4630 1 63 1
4631 1 63 1
4632 1 63 1
4633 0 -64 0
4634 0 -64 0
4635 0 -64 0
4636 1 63 1
4637 0 -64 0
4638 0 -64 0
4639 0 -64 0
4640 1 63 1
4641 1 63 1
4642 0 -64 0
4643 1 63 1
4644 1 63 1
4645 0 -64 0
4646 0 -64 0
4647 0 -64 0
4648 1 63 1
4649 1 63 1
4650 0 -64 0
4651 1 63 1
4652 0 -64 0
4653 0 -64 0
4654 1 63 1
4655 1 63 1
4656 0 -64 0
4657 1 63 1
4658 0 -64 0
4659 0 -64 0
4660 1 63 1
4661 0 -64 0
4662 0 -64 0
4663 0 -64 0
4664 1 63 1
4665 0 -64 0
4666 0 -64 0
4667 1 63 1
4668 1 63 1
4669 1 63 1
4670 0 -64 0
4671 0 -64 0
4672 1 63 1
4673 1 63 1
4674 1 63 1
4675 0 -64 0
4676 0 -64 0
4677 0 -64 0
4678 1 63 1
4679 1 63 1
4680 0 -64 0
4681 0 -64 0
4682 1 63 1
4683 1 63 1
4684 0 -64 0
4685 1 44 1
4686 1 63 1
4687 1 63 1
4688 1 63 1
4689 1 63 1
4690 0 -64 0
4691 0 -64 0
4692 1 63 1
4693 1 63 1
4694 1 63 1
4695 1 63 1
4696 0 -64 0
4697 0 -64 0
4698 0 -64 0
4699 1 63 1
4700 1 63 1
4701 0 -64 0
4702 1 63 1
4703 1 63 1
4704 1 63 1
4705 1 63 1
4706 0 -64 0
4707 1 63 1
4708 0 -64 0
4709 0 -64 0
4710 1 63 1
4711 1 63 1
4712 1 63 1
4713 1 63 1
4714 0 -64 0
4715 1 63 1
4716 0 -64 0
4717 1 63 1
4718 0 -64 0
4719 0 -64 0
4720 0 -64 0
4721 0 -64 0
4722 0 -64 0
4723 1 63 1
4724 0 -64 0
4725 0 -64 0
4726 0 -64 0
4727 0 -64 0
4728 0 -64 0
4729 1 63 1
4730 0 -64 0
4731 0 -64 0
4732 0 -64 0
4733 1 63 1
4734 1 63 1
4735 1 63 1
4736 1 63 1
4737 0 -64 0
4738 1 63 1
4739 1 63 1
4740 0 -64 0
4741 0 -64 0
4742 0 -64 0
4743 0 -64 0
4744 1 63 1
4745 1 63 1
4746 0 -64 0
4747 1 63 1
4748 0 -64 0
4749 1 63 1
4750 0 -64 0
4751 0 -64 0
4752 1 63 1
4753 1 63 1
4754 1 63 1
4755 0 -64 0
4756 0 -64 0
4757 0 -64 0
4758 0 -64 0
4759 1 63 1
4760 0 -64 0
4761 0 -64 0
4762 1 63 1
4763 1 63 1
4764 0 -64 0
4765 1 63 1
4766 0 -64 0
4767 1 63 1
4768 1 63 1
4769 1 63 1
4770 0 -64 0
4771 1 63 1
4772 0 -64 0
4773 0 -64 0
4774 1 63 1
4775 0 -64 0
4776 0 -64 0
4777 1 63 1
4778 0 -64 0
4779 0 -64 0
4780 0 -64 0
4781 1 63 1
4782 0 -64 0
4783 1 63 1
4784 0 -64 0
4785 0 -64 0
4786 1 63 1
4787 1 63 1
4788 1 63 1
4789 0 -64 0
4790 0 -64 0
4791 0 -64 0
4792 1 63 1
4793 0 -64 0
4794 0 -64 0
4795 1 63 1
4796 1 63 1
4797 0 -64 0
4798 1 63 1
4799 1 63 1
4800 0 -64 0
4801 0 -64 0
4802 1 63 1
4803 1 63 1
4804 0 -64 0
4805 1 63 1
4806 0 -64 0
4807 1 63 1
4808 0 -64 0
4809 1 63 1
4810 0 -64 0
4811 1 63 1
4812 1 63 1
4813 1 63 1
4814 0 -64 0
4815 0 -64 0
4816 0 -64 0
4817 1 63 1
4818 0 -64 0
4819 1 63 1
4820 1 63 1
4821 1 63 1
4822 0 -64 0
4823 1 63 1
4824 1 63 1
4825 0 -64 0
4826 0 -64 0
4827 0 -64 0
4828 0 -64 0
4829 0 -64 0
4830 0 -64 0
4831 1 37 1
4832 0 -64 0
4833 1 63 1
4834 1 63 1
4835 0 -64 0
4836 1 63 1
4837 1 63 1
4838 1 63 1
4839 0 -64 0
4840 1 63 1
4841 0 -64 0
4842 0 -64 0
4843 0 -64 0
4844 1 63 1
4845 0 -64 0
4846 0 -53 0
4847 1 63 1
4848 0 -64 0
4849 1 63 1
4850 0 -64 0
4851 0 -64 0
4852 0 -64 0
4853 1 63 1
4854 0 -64 0
4855 1 63 1
4856 1 63 1
4857 0 -64 0
4858 1 63 1
4859 0 -64 0
4860 0 -64 0
4861 1 63 1
4862 1 63 1
4863 1 63 1
4864 1 63 1
4865 0 -64 0
4866 0 -64 0
4867 0 -64 0
4868 0 -64 0
4869 0 -64 0
4870 0 -64 0
4871 1 63 1
4872 1 63 1
4873 1 63 1
4874 1 63 1
4875 0 -64 0
4876 0 -64 0
4877 1 63 1
4878 0 -64 0
4879 0 -64 0
4880 1 63 1
4881 0 -64 0
4882 1 63 1
4883 1 63 1
4884 0 -64 0
4885 1 63 1
4886 0 -64 0
4887 0 -64 0
4888 0 -64 0
4889 0 -64 0
4890 1 63 1
4891 0 -64 0
4892 1 63 1
4893 1 63 1
4894 1 63 1
4895 1 63 1
4896 1 63 1
4897 0 -64 0
4898 0 -64 0
4899 0 -64 0
4900 0 63 1
4901 1 63 1
4902 1 63 1
4903 1 63 1
4904 0 -64 0
4905 1 63 1
4906 0 -64 0
4907 1 63 1
4908 0 -64 0
4909 0 -64 0
4910 1 63 1
4911 1 63 1
4912 1 63 1
4913 1 63 1
4914 0 -64 0
4915 1 63 1
4916 0 -64 0
4917 0 -64 0
4918 0 -64 0
4919 0 -64 0
4920 1 63 1
4921 1 63 1
4922 1 63 1
4923 1 63 1
4924 1 63 1
4925 0 -64 0
4926 1 63 1
4927 1 63 1
4928 1 63 1
4929 0 -64 0
4930 0 -64 0
4931 1 63 1
4932 0 -64 0
4933 1 63 1
4934 1 63 1
4935 1 63 1
4936 1 63 1
4937 1 63 1
4938 1 63 1
4939 1 63 1
4940 0 -64 0
4941 0 -64 0
4942 1 63 1
4943 1 63 1
4944 0 -64 0
4945 1 63 1
4946 1 63 1
4947 1 63 1
4948 1 63 1
4949 0 -64 0
4950 0 -64 0
4951 1 63 1
4952 1 63 1
4953 0 -64 0
4954 0 -53 0
4955 1 63 1
4956 1 63 1
4957 0 -64 0
4958 0 -64 0
4959 1 63 1
4960 1 63 1
4961 0 -64 0
4962 0 -64 0
4963 1 63 1
4964 1 63 1
4965 1 63 1
4966 0 -64 0
4967 0 -64 0
4968 0 -64 0
4969 0 -64 0
4970 0 -64 0
4971 1 63 1
4972 1 63 1
4973 0 -64 0
4974 1 63 1
4975 1 63 1
4976 0 -64 0
4977 0 -64 0
4978 0 -64 0
4979 0 -64 0
4980 0 -64 0
4981 1 63 1
4982 0 -64 0
4983 0 -64 0
4984 0 -64 0
4985 1 63 1
4986 1 63 1
4987 0 -64 0
4988 1 63 1
4989 1 63 1
4990 1 63 1
4991 0 -64 0
4992 0 -64 0
4993 0 -64 0
4994 1 63 1
4995 1 63 1
4996 1 63 1
4997 1 63 1
4998 0 -64 0
4999 0 -64 0
5000 1 63 1
5001 1 63 1
5002 1 63 1
5003 0 -64 0
5004 0 -64 0
5005 1 63 1
5006 0 -64 0
5007 0 -64 0
5008 0 -64 0
5009 1 63 1
5010 1 63 1
5011 1 63 1
5012 0 -64 0
5013 0 -64 0
5014 0 -64 0
5015 0 -64 0
5016 1 63 1
5017 0 -64 0
5018 0 -64 0
5019 0 -64 0
5020 1 63 1
5021 1 63 1
5022 1 63 1
5023 1 63 1
5024 1 63 1
5025 0 -64 0
5026 0 -64 0
5027 1 63 1
5028 1 63 1
5029 1 63 1
5030 1 63 1
5031 0 -64 0
5032 1 63 1
5033 1 63 1
5034 1 63 1
5035 0 -64 0
5036 0 -64 0
5037 1 63 1
5038 0 -64 0
5039 0 -64 0
5040 0 -64 0
5041 0 -64 0
5042 1 63 1
5043 1 63 1
5044 0 -64 0
5045 1 63 1
5046 0 -64 0
5047 1 63 1
5048 0 -64 0
5049 0 -64 0
5050 0 -64 0
5051 0 -64 0
5052 0 -64 0
5053 0 -64 0
5054 1 63 1
5055 1 63 1
5056 0 -64 0
5057 0 -64 0
5058 1 63 1
5059 1 63 1
5060 1 63 1
5061 1 63 1
5062 0 -64 0
5063 0 -64 0
5064 1 63 1
5065 1 63 1
5066 1 63 1
5067 1 63 1
5068 0 -64 0
5069 0 -64 0
5070 1 63 1
5071 0 -64 0
5072 0 -64 0
5073 0 -64 0
5074 0 -64 0
5075 0 -64 0
5076 1 63 1
5077 0 -64 0
5078 1 63 1
5079 0 -64 0
5080 1 63 1
5081 1 63 1
5082 0 -64 0
5083 1 63 1
5084 1 59 1
5085 1 63 1
5086 1 63 1
5087 1 63 1
5088 1 63 1
5089 1 63 1
5090 0 -64 0
5091 1 63 1
5092 1 63 1
5093 1 63 1
5094 0 -64 0
5095 0 -64 0
5096 0 -64 0
5097 0 -64 0
5098 0 -64 0
5099 1 63 1
5100 1 63 1
5101 0 -64 0
5102 1 63 1
5103 0 -64 0
5104 1 63 1
5105 1 63 1
5106 0 -64 0
5107 1 63 1
5108 0 -64 0
5109 0 -64 0
5110 1 63 1
5111 1 63 1
5112 1 63 1
5113 1 63 1
5114 1 63 1
5115 1 63 1
5116 1 63 1
5117 1 63 1
5118 0 -64 0
5119 1 63 1
5120 0 -64 0
5121 1 63 1
5122 1 63 1
5123 1 63 1
5124 0 -64 0
5125 1 63 1
5126 1 63 1
5127 1 63 1
5128 0 -64 0
5129 1 63 1
5130 0 -64 0
5131 0 -64 0
5132 0 -64 0
5133 0 -64 0
5134 1 63 1
5135 1 63 1
5136 1 63 1
5137 0 -64 0
5138 1 42 1
5139 1 63 1
5140 0 -64 0
5141 0 -64 0
5142 1 63 1
5143 1 63 1
5144 0 -64 0
5145 0 -64 0
5146 1 63 1
5147 0 -64 0
5148 1 63 1
5149 1 63 1
5150 1 63 1
5151 1 63 1
5152 0 -64 0
5153 0 -64 0
5154 1 63 1
5155 1 63 1
5156 0 -64 0
5157 1 63 1
5158 1 63 1
5159 0 -64 0
5160 1 63 1
5161 0 -46 0
5162 0 -64 0
5163 0 -64 0
5164 1 63 1
5165 0 -64 0
5166 1 63 1
5167 0 -64 0
5168 1 63 1
5169 1 63 1
5170 0 -64 0
5171 1 63 1
5172 1 63 1
5173 1 63 1
5174 0 -64 0
5175 1 63 1
5176 0 -64 0
5177 0 -64 0
5178 0 -64 0
5179 0 -64 0
5180 1 63 1
5181 1 63 1
5182 1 63 1
5183 0 -64 0
5184 1 63 1
5185 0 -64 0
5186 1 63 1
5187 1 63 1
5188 0 -64 0
5189 1 63 1
5190 1 63 1
5191 0 -64 0
5192 0 -64 0
5193 0 -64 0
5194 0 -64 0
5195 1 63 1
5196 0 -64 0
5197 0 -64 0
5198 1 63 1
5199 1 63 1
5200 0 -64 0
5201 1 63 1
5202 1 63 1
5203 1 63 1
5204 1 63 1
5205 0 -64 0
5206 1 63 1
5207 0 -64 0
5208 1 63 1
5209 1 63 1
5210 1 63 1
5211 0 -64 0
5212 0 -64 0
5213 0 -64 0
5214 1 63 1
5215 1 63 1
5216 1 63 1
5217 0 -64 0
5218 1 63 1
5219 1 63 1
5220 0 -64 0
5221 1 63 1
5222 1 63 1
5223 0 -64 0
5224 1 63 1
5225 1 63 1
5226 1 63 1
5227 0 -64 0
5228 1 63 1
5229 1 63 1
5230 1 63 1
5231 1 63 1
5232 0 -64 0
5233 1 63 1
5234 1 63 1
5235 0 -64 0
5236 0 -64 0
5237 1 63 1
5238 1 63 1
5239 1 63 1
5240 0 -64 0
5241 0 -64 0
5242 1 63 1
5243 0 -64 0
5244 1 63 1
5245 1 63 1
5246 0 -64 0
5247 1 63 1
5248 1 63 1
5249 0 -64 0
5250 1 63 1
5251 1 63 1
5252 1 63 1
5253 1 63 1
5254 1 63 1
5255 1 63 1
5256 0 -64 0
5257 0 -64 0
5258 1 63 1
5259 0 -64 0
5260 0 -64 0
5261 0 -64 0
5262 1 63 1
5263 0 -64 0
5264 0 -64 0
5265 0 -64 0
5266 0 -64 0
5267 0 -64 0
5268 1 63 1
5269 1 63 1
5270 0 -64 0
5271 0 -64 0
5272 1 63 1
5273 1 63 1
5274 0 -64 0
5275 0 -64 0
5276 1 63 1
5277 1 63 1
5278 1 63 1
5279 1 63 1
5280 0 -64 0
5281 0 -64 0
5282 1 63 1
5283 1 63 1
5284 1 63 1
5285 1 63 1
5286 0 -64 0
5287 1 63 1
5288 0 -64 0
5289 0 -64 0
5290 1 63 1
5291 0 -64 0
5292 1 63 1
5293 1 63 1
5294 1 63 1
5295 0 -64 0
5296 1 63 1
5297 1 63 1
5298 1 63 1
5299 0 -64 0
5300 0 -64 0
5301 1 63 1
5302 0 -64 0
5303 0 -64 0
5304 0 -64 0
5305 1 63 1
5306 0 -64 0
5307 1 52 1
5308 0 -64 0
5309 1 63 1
5310 0 -64 0
5311 0 -64 0
5312 0 -64 0
5313 0 -64 0
5314 1 63 1
5315 1 63 1
5316 1 63 1
5317 0 -64 0
5318 1 63 1
5319 0 -64 0
5320 1 63 1
5321 1 63 1
5322 0 -64 0
5323 1 63 1
5324 1 63 1
5325 1 63 1
5326 0 -64 0
5327 0 -64 0
5328 1 63 1
5329 1 63 1
5330 1 63 1
5331 1 63 1
5332 0 -64 0
5333 0 -64 0
5334 1 63 1
5335 0 -64 0
5336 1 63 1
5337 0 -64 0
5338 1 63 1
5339 0 -64 0
5340 1 63 1
5341 1 63 1
5342 1 63 1
5343 0 -64 0
5344 1 63 1
5345 1 63 1
5346 1 63 1
5347 1 63 1
5348 1 63 1
5349 1 63 1
5350 1 63 1
5351 1 63 1
5352 0 -64 0
5353 1 63 1
5354 1 63 1
5355 1 63 1
5356 1 63 1
5357 0 -64 0
5358 1 63 1
5359 0 -64 0
5360 1 63 1
5361 0 -64 0
5362 0 -64 0
5363 1 63 1
5364 0 -64 0
5365 1 63 1
5366 1 63 1
5367 1 63 1
5368 1 63 1
5369 1 63 1
5370 1 63 1
5371 1 63 1
5372 0 -64 0
5373 0 -64 0
5374 1 63 1
5375 0 -64 0
5376 0 -38 0
5377 0 -64 0
5378 0 -64 0
5379 1 63 1
5380 0 -64 0
5381 0 -64 0
5382 1 63 1
5383 1 63 1
5384 1 63 1
5385 0 -64 0
5386 1 63 1
5387 1 63 1
5388 0 -64 0
5389 1 63 1
5390 1 63 1
5391 0 -64 0
5392 1 63 1
5393 1 63 1
5394 0 -64 0
5395 1 63 1
5396 0 -64 0
5397 0 -64 0
5398 0 -64 0
5399 0 -64 0
5400 1 63 1
5401 0 -64 0
5402 1 63 1
5403 1 63 1
5404 1 63 1
5405 1 63 1
5406 0 -64 0
5407 0 -64 0
5408 1 63 1
5409 1 63 1
5410 0 -64 0
5411 1 63 1
5412 0 -64 0
5413 0 -64 0
5414 1 63 1
5415 0 -64 0
5416 1 63 1
5417 0 -64 0
5418 1 63 1
5419 0 -64 0
5420 0 -64 0
5421 1 63 1
5422 1 63 1
5423 0 -64 0
5424 1 63 1
5425 1 63 1
5426 1 63 1
5427 1 63 1
5428 0 -64 0
5429 0 -64 0
5430 0 -64 0
5431 0 -64 0
5432 1 63 1
5433 1 63 1
5434 0 -64 0
5435 1 63 1
5436 1 63 1
5437 0 -64 0
5438 1 63 1
5439 0 -64 0
5440 0 -64 0
5441 0 -64 0
5442 0 -64 0
5443 1 63 1
5444 0 -64 0
5445 1 63 1
5446 0 -64 0
5447 0 -64 0
5448 0 -64 0
5449 0 -64 0
5450 1 63 1
5451 1 63 1
5452 0 -64 0
5453 1 53 1
5454 0 -64 0
5455 0 -64 0
5456 0 -64 0
5457 0 -64 0
5458 0 -64 0
5459 1 63 1
5460 0 -64 0
5461 1 63 1
5462 1 63 1
5463 1 63 1
5464 1 63 1
5465 0 -64 0
5466 0 -64 0
5467 1 63 1
5468 0 -64 0
5469 1 63 1
5470 0 -64 0
5471 0 -64 0
5472 1 63 1
5473 0 -64 0
5474 1 63 1
5475 1 63 1
5476 1 63 1
5477 1 63 1
5478 0 -64 0
5479 1 63 1
5480 1 63 1
5481 1 63 1
5482 0 -64 0
5483 1 63 1
5484 0 -64 0
5485 0 -64 0
5486 1 63 1
5487 1 63 1
5488 0 -64 0
5489 1 63 1
5490 0 -64 0
5491 1 63 1
5492 1 63 1
5493 0 -64 0
5494 0 -64 0
5495 1 63 1
5496 1 63 1
5497 0 -64 0
5498 1 63 1
5499 0 -64 0
5500 1 63 1
5501 0 -64 0
5502 1 63 1
5503 1 63 1
5504 0 -64 0
5505 0 -64 0
5506 1 63 1
5507 1 63 1
5508 1 63 1
5509 1 63 1
5510 1 63 1
5511 0 -64 0
5512 0 -64 0
5513 1 63 1
5514 1 63 1
5515 1 63 1
5516 0 -64 0
5517 1 63 1
5518 1 63 1
5519 0 -64 0
5520 1 63 1
5521 0 -64 0
5522 1 63 1
5523 1 63 1
5524 1 63 1
5525 0 -64 0
5526 1 63 1
5527 1 63 1
5528 1 63 1
5529 0 -64 0
5530 0 -64 0
5531 1 63 1
5532 1 63 1
5533 1 63 1
5534 0 -64 0
5535 1 63 1
5536 1 63 1
5537 0 -64 0
5538 1 63 1
5539 1 63 1
5540 0 -64 0
5541 0 -64 0
5542 1 63 1
5543 0 -64 0
5544 0 -64 0
5545 1 63 1
5546 1 63 1
5547 0 -64 0
5548 0 -64 0
5549 0 -64 0
5550 0 -64 0
5551 1 63 1
5552 0 -64 0
5553 0 -64 0
5554 1 63 1
5555 1 63 1
5556 1 63 1
5557 0 -64 0
5558 1 63 1
5559 0 -64 0
5560 1 63 1
5561 1 63 1
5562 0 -64 0
5563 1 63 1
5564 1 63 1
5565 1 63 1
5566 1 63 1
5567 0 -64 0
5568 0 -64 0
5569 0 -64 0
5570 0 -64 0
5571 0 -64 0
5572 1 63 1
5573 0 -64 0
5574 0 -64 0
5575 0 -64 0
5576 0 -64 0
5577 1 63 1
5578 0 -64 0
5579 1 63 1
5580 0 -64 0
5581 1 63 1
5582 1 63 1
5583 0 -64 0
5584 1 63 1
5585 1 63 1
5586 0 -64 0
5587 1 63 1
5588 1 63 1
5589 1 63 1
5590 1 -64 0
5591 1 63 1
5592 0 -64 0
5593 1 63 1
5594 0 -64 0
5595 0 -64 0
5596 0 -64 0
5597 1 63 1
5598 0 -64 0
5599 1 63 1
5600 0 -64 0
5601 1 63 1
5602 0 -64 0
5603 1 63 1
5604 0 -64 0
5605 0 -64 0
5606 1 63 1
5607 1 63 1
5608 1 63 1
5609 1 63 1
5610 0 -64 0
5611 1 63 1
5612 1 63 1
5613 0 -64 0
5614 1 52 1
5615 0 -64 0
5616 1 63 1
5617 1 63 1
5618 0 -64 0
5619 0 -64 0
5620 0 -64 0
5621 0 -64 0
5622 1 63 1
5623 1 63 1
5624 0 -64 0
5625 0 -64 0
5626 0 -64 0
5627 0 -64 0
5628 0 -64 0
5629 0 -64 0
5630 1 63 1
5631 0 -64 0
5632 0 -64 0
5633 1 63 1
5634 0 -64 0
5635 1 63 1
5636 0 -64 0
5637 0 -42 0
5638 0 -64 0
5639 0 -64 0
5640 1 63 1
5641 0 -64 0
5642 1 63 1
5643 1 63 1
5644 1 63 1
5645 1 63 1
5646 1 63 1
5647 0 -64 0
5648 1 63 1
5649 1 63 1
5650 1 63 1
5651 1 63 1
5652 1 63 1
5653 1 63 1
5654 1 63 1
5655 0 -64 0
5656 0 -64 0
5657 1 63 1
5658 1 63 1
5659 1 63 1
5660 1 63 1
5661 0 -64 0
5662 1 63 1
5663 0 -64 0
5664 0 -64 0
5665 1 63 1
5666 0 -64 0
5667 1 63 1
5668 1 15 1
5669 1 63 1
5670 0 -64 0
5671 1 63 1
5672 1 63 1
5673 0 -64 0
5674 0 -64 0
5675 1 63 1
5676 1 63 1
5677 0 -64 0
5678 0 -64 0
5679 0 -64 0
5680 1 63 1
5681 1 63 1
5682 0 -64 0
5683 0 -64 0
5684 1 63 1
5685 0 -64 0
5686 1 63 1
5687 1 63 1
5688 0 -64 0
5689 0 -64 0
5690 0 -64 0
5691 1 63 1
5692 1 63 1
5693 1 63 1
5694 0 -64 0
5695 1 63 1
5696 1 63 1
5697 1 63 1
5698 1 63 1
5699 0 -64 0
5700 1 63 1
5701 0 -64 0
5702 1 63 1
5703 1 63 1
5704 1 63 1
5705 0 -64 0
5706 0 -64 0
5707 0 -64 0
5708 1 63 1
5709 1 63 1
5710 0 -64 0
5711 0 -64 0
5712 1 63 1
5713 1 63 1
5714 1 63 1
5715 1 63 1
5716 1 63 1
5717 1 63 1
5718 0 -64 0
5719 1 63 1
5720 1 63 1
5721 1 63 1
5722 1 63 1
5723 1 63 1
5724 1 63 1
5725 1 63 1
5726 1 63 1
5727 1 63 1
5728 0 -64 0
5729 0 -64 0
5730 1 63 1
5731 1 63 1
5732 0 -64 0
5733 0 -64 0
5734 1 63 1
5735 1 63 1
5736 0 -64 0
5737 0 -64 0
5738 0 -64 0
5739 0 -64 0
5740 1 63 1
5741 0 -64 0
5742 1 63 1
5743 0 -64 0
5744 1 63 1
5745 1 63 1
5746 1 63 1
5747 0 -64 0
5748 1 63 1
5749 0 -64 0
5750 0 -64 0
5751 0 -64 0
5752 0 -64 0
5753 0 -64 0
5754 1 63 1
5755 1 63 1
5756 1 63 1
5757 0 -64 0
5758 1 63 1
5759 1 63 1
5760 0 -64 0
5761 1 63 1
5762 0 -64 0
5763 1 63 1
5764 1 63 1
5765 0 -64 0
5766 1 63 1
5767 1 63 1
5768 0 -64 0
5769 1 63 1
5770 1 63 1
5771 1 63 1
5772 1 63 1
5773 1 63 1
5774 0 -64 0
5775 1 63 1
5776 0 -64 0
5777 1 63 1
5778 1 63 1
5779 1 63 1
5780 1 63 1
5781 1 63 1
5782 1 63 1
5783 1 49 1
5784 0 -64 0
5785 1 63 1
5786 0 -64 0
5787 0 -64 0
5788 0 -64 0
5789 0 -64 0
5790 1 63 1
5791 0 -64 0
5792 1 63 1
5793 0 -64 0
5794 1 63 1
5795 0 -64 0
5796 0 -64 0
5797 0 -64 0
5798 0 -64 0
5799 1 63 1
5800 0 -64 0
5801 1 63 1
5802 0 -64 0
5803 1 63 1
5804 1 63 1
5805 0 -64 0
5806 1 63 1
5807 1 63 1
5808 0 -64 0
5809 0 -64 0
5810 0 -64 0
5811 0 -64 0
5812 0 -64 0
5813 0 -64 0
5814 0 -64 0
5815 0 -64 0
5816 0 -64 0
5817 1 63 1
5818 1 63 1
5819 1 63 1
5820 1 63 1
5821 1 63 1
5822 1 63 1
5823 0 -64 0
5824 1 63 1
5825 1 63 1
5826 1 63 1
5827 1 63 1
5828 0 -64 0
5829 0 -64 0
5830 1 63 1
5831 0 -64 0
5832 1 63 1
5833 1 63 1
5834 1 63 1
5835 1 63 1
5836 0 -64 0
5837 1 63 1
5838 1 63 1
5839 1 63 1
5840 0 -64 0
5841 1 63 1
5842 0 -64 0
5843 1 63 1
5844 1 63 1
5845 1 63 1
5846 0 -64 0
5847 0 -64 0
5848 1 63 1
5849 1 63 1
5850 0 -64 0
5851 1 63 1
5852 0 -64 0
5853 1 63 1
5854 1 63 1
5855 1 63 1
5856 0 -64 0
5857 0 -64 0
5858 1 63 1
5859 0 -64 0
5860 0 -64 0
5861 0 -64 0
5862 1 63 1
5863 0 -64 0
5864 0 -64 0
5865 1 63 1
5866 1 63 1
5867 0 -64 0
5868 1 63 1
5869 1 57 1
5870 0 -64 0
5871 1 63 1
5872 1 63 1
5873 0 -64 0
5874 1 63 1
5875 0 -64 0
5876 1 63 1
5877 0 -64 0
5878 1 63 1
5879 0 -64 0
5880 1 63 1
5881 1 63 1
5882 1 63 1
5883 1 63 1
5884 1 63 1
5885 1 63 1
5886 0 -64 0
5887 1 63 1
5888 1 63 1
5889 0 -64 0
5890 1 63 1
5891 0 -29 0
5892 1 63 1
5893 0 -64 0
5894 0 -64 0
5895 1 63 1
5896 1 63 1
5897 0 -64 0
5898 1 63 1
5899 1 63 1
5900 1 63 1
5901 1 63 1
5902 0 -64 0
5903 0 -64 0
5904 0 -64 0
5905 1 63 1
5906 0 27 1
5907 1 63 1
5908 1 63 1
5909 0 -64 0
5910 0 -64 0
5911 1 63 1
5912 1 63 1
5913 0 -64 0
5914 0 -64 0
5915 1 63 1
5916 0 -64 0
5917 1 63 1
5918 1 63 1
5919 0 -64 0
5920 1 63 1
5921 1 63 1
5922 0 -64 0
5923 0 -64 0
5924 0 -64 0
5925 1 63 1
5926 0 -64 0
5927 1 63 1
5928 0 -64 0
5929 1 45 1
5930 1 63 1
5931 0 -64 0
5932 0 -64 0
5933 0 -64 0
5934 0 -64 0
5935 0 -64 0
5936 1 63 1
5937 1 63 1
5938 0 -64 0
5939 1 63 1
5940 1 63 1
5941 0 -64 0
5942 0 -64 0
5943 0 -64 0
5944 1 63 1
5945 1 63 1
5946 1 63 1
5947 0 -64 0
5948 1 63 1
5949 0 -64 0
5950 1 63 1
5951 1 63 1
5952 1 63 1
5953 1 63 1
5954 1 63 1
5955 0 -64 0
5956 1 63 1
5957 1 63 1
5958 1 63 1
5959 0 -64 0
5960 1 63 1
5961 0 -64 0
5962 0 -64 0
5963 0 -64 0
5964 1 63 1
5965 0 -64 0
5966 1 63 1
5967 1 63 1
5968 1 63 1
5969 1 63 1
5970 0 -64 0
5971 1 63 1
5972 0 -64 0
5973 0 -64 0
5974 1 63 1
5975 1 63 1
5976 1 63 1
5977 1 63 1
5978 0 -64 0
5979 0 -64 0
5980 1 63 1
5981 1 63 1
5982 0 -64 0
5983 1 63 1
5984 0 -64 0
5985 1 63 1
5986 0 -64 0
5987 0 -64 0
5988 0 -64 0
5989 1 63 1
5990 0 -64 0
5991 0 -64 0
5992 1 63 1
5993 1 63 1
5994 0 -64 0
5995 0 -64 0
5996 1 63 1
5997 0 -64 0
5998 0 -64 0
5999 1 63 1
6000 1 63 1
6001 1 63 1
6002 0 -64 0
6003 1 63 1
6004 0 -64 0
6005 0 -64 0
6006 0 -64 0
6007 1 63 1
6008 1 63 1
6009 0 -64 0
6010 1 63 1
6011 0 -64 0
6012 1 63 1
6013 1 63 1
6014 1 63 1
6015 0 -64 0
6016 1 63 1
6017 0 -64 0
6018 1 63 1
6019 0 -64 0
6020 1 63 1
6021 1 63 1
6022 1 63 1
6023 1 63 1
6024 1 63 1
6025 0 -64 0
6026 1 63 1
6027 1 63 1
6028 1 63 1
6029 0 -64 0
6030 0 -64 0
6031 0 -64 0
6032 1 63 1
6033 1 63 1
6034 0 -64 0
6035 1 63 1
6036 0 -64 0
6037 0 -64 0
6038 0 -64 0
6039 0 -64 0
6040 0 -64 0
6041 1 63 1
6042 1 63 1
6043 0 -64 0
6044 1 63 1
6045 1 63 1
6046 0 -64 0
6047 1 63 1
6048 1 63 1
6049 0 -64 0
6050 1 63 1
6051 1 63 1
6052 0 -64 0
6053 1 63 1
6054 1 63 1
6055 0 -64 0
6056 1 63 1
6057 1 63 1
6058 1 63 1
6059 0 -64 0
6060 0 -64 0
6061 0 -64 0
6062 1 63 1
6063 1 63 1
6064 0 -64 0
6065 0 -64 0
6066 1 63 1
6067 1 63 1
6068 1 63 1
6069 1 63 1
6070 1 63 1
6071 1 63 1
6072 1 63 1
6073 0 -64 0
6074 1 63 1
6075 1 63 1
6076 1 63 1
6077 1 63 1
6078 1 63 1
6079 0 -64 0
6080 1 63 1
6081 1 63 1
6082 0 -64 0
6083 0 -64 0
6084 0 -64 0
6085 0 -64 0
6086 0 -64 0
6087 1 63 1
6088 1 63 1
6089 0 -64 0
6090 0 -64 0
6091 0 -64 0
6092 0 -64 0
6093 1 63 1
6094 1 63 1
6095 0 -64 0
6096 0 -64 0
6097 0 -64 0
6098 1 63 1
6099 0 -64 0
6100 1 63 1
6101 1 63 1
6102 0 -64 0
6103 0 -64 0
6104 1 63 1
6105 1 63 1
6106 1 63 1
6107 0 -64 0
6108 0 -64 0
6109 0 -64 0
6110 1 63 1
6111 0 -64 0
6112 1 63 1
6113 0 -64 0
6114 0 -64 0
6115 0 -64 0
6116 0 -64 0
6117 0 -64 0
6118 1 63 1
6119 0 -64 0
6120 0 -64 0
6121 0 -64 0
6122 1 63 1
6123 0 -64 0
6124 1 63 1
6125 0 -64 0
6126 0 -64 0
6127 1 63 1
6128 1 63 1
6129 1 63 1
6130 1 63 1
6131 0 -64 0
6132 1 63 1
6133 0 -64 0
6134 1 63 1
6135 0 -64 0
6136 0 -64 0
6137 0 -64 0
6138 0 -64 0
6139 0 -64 0
6140 0 -64 0
6141 0 -64 0
6142 1 63 1
6143 1 63 1
