# idx_int bit_int post_llr_q hard
0 1 63 1
1 1 63 1
2 0 -64 0
3 0 -64 0
4 1 63 1
5 0 -64 0
6 0 -64 0
7 1 63 1
8 0 -64 0
9 0 -64 0
10 1 63 1
11 1 63 1
12 1 63 1
13 1 63 1
14 1 63 1
15 1 63 1
16 0 -64 0
17 1 63 1
18 0 -64 0
19 0 -64 0
20 1 63 1
21 0 -64 0
22 0 -64 0
23 1 63 1
24 0 -64 0
25 1 63 1
26 1 63 1
27 0 -64 0
28 1 63 1
29 1 63 1
30 1 63 1
31 0 -64 0
32 0 -64 0
33 0 -64 0
34 0 -64 0
35 1 63 1
36 0 -64 0
37 1 63 1
38 0 -64 0
39 1 63 1
40 0 -64 0
41 1 63 1
42 0 -64 0
43 1 63 1
44 1 63 1
45 0 -64 0
46 0 -64 0
47 0 -64 0
48 0 -64 0
49 1 63 1
50 0 -64 0
51 1 63 1
52 1 63 1
53 1 63 1
54 1 63 1
55 0 -64 0
56 1 63 1
57 0 -64 0
58 1 63 1
59 0 -64 0
60 0 -64 0
61 1 63 1
62 1 63 1
63 1 63 1
64 0 -64 0
65 1 63 1
66 1 63 1
67 1 63 1
68 0 -64 0
69 0 -64 0
70 0 -64 0
71 1 63 1
72 1 63 1
73 0 -64 0
74 0 -64 0
75 1 63 1
76 0 -64 0
77 1 60 1
78 1 63 1
79 1 63 1
80 1 63 1
81 1 63 1
82 1 63 1
83 1 63 1
84 0 -64 0
85 0 -64 0
86 0 -64 0
87 1 63 1
88 0 -64 0
89 1 63 1
90 1 63 1
91 1 63 1
92 1 63 1
93 0 -64 0
94 1 63 1
95 0 -64 0
96 1 63 1
97 0 -64 0
98 1 63 1
99 1 63 1
100 0 -64 0
101 0 -64 0
102 1 63 1
103 1 63 1
104 0 -64 0
105 1 63 1
106 1 63 1
107 0 -64 0
108 1 63 1
109 1 63 1
110 1 63 1
111 0 -64 0
112 1 63 1
113 0 -64 0
114 0 -64 0
115 0 -64 0
116 1 63 1
117 1 63 1
118 0 -64 0
119 1 63 1
120 0 -64 0
121 1 63 1
122 1 63 1
123 0 -64 0
124 0 -64 0
125 1 63 1
126 1 63 1
127 0 -64 0
128 0 -64 0
129 0 -64 0
130 1 63 1
131 1 63 1
132 1 63 1
133 1 63 1
134 0 -64 0
135 1 63 1
136 1 63 1
137 0 -64 0
138 0 -64 0
139 1 63 1
140 0 -64 0
141 1 63 1
142 0 -64 0
143 0 -64 0
144 0 -64 0
145 0 -64 0
146 0 -64 0
147 1 63 1
148 0 -64 0
149 0 -64 0
150 1 63 1
151 0 -64 0
152 1 63 1
153 0 -64 0
154 1 63 1
155 1 63 1
156 1 63 1
157 1 63 1
158 1 63 1
159 0 -64 0
160 1 63 1
161 0 -64 0
162 0 -64 0
163 1 63 1
164 0 -64 0
165 0 -64 0
166 1 63 1
167 1 63 1
168 0 -64 0
169 0 -64 0
170 0 -64 0
171 0 -64 0
172 0 -64 0
173 1 63 1
174 0 -64 0
175 0 -64 0
176 1 63 1
177 1 63 1
178 0 -64 0
179 1 63 1
180 1 63 1
181 0 -64 0
182 0 -64 0
183 0 -64 0
184 1 63 1
185 1 63 1
186 0 -64 0
187 1 63 1
188 0 -64 0
189 1 63 1
190 1 63 1
191 0 -64 0
192 1 63 1
193 0 -64 0
194 0 -64 0
195 1 63 1
196 0 -64 0
197 0 -64 0
198 1 63 1
199 1 63 1
200 0 -64 0
201 0 -64 0
202 0 -64 0
203 1 63 1
204 1 63 1
205 0 -64 0
206 1 63 1
207 0 -64 0
208 1 63 1
209 0 -64 0
210 1 63 1
211 1 63 1
212 0 -64 0
213 1 63 1
214 0 -64 0
215 1 63 1
216 1 63 1
217 1 63 1
218 1 63 1
219 1 63 1
220 0 -64 0
221 1 63 1
222 1 63 1
223 1 63 1
224 0 -64 0
225 1 63 1
226 0 -64 0
227 1 63 1
228 1 63 1
229 1 63 1
230 0 -64 0
231 0 -64 0
232 0 -64 0
233 1 63 1
234 0 -64 0
235 1 63 1
236 1 63 1
237 0 -64 0
238 1 48 1
239 1 63 1
240 0 -64 0
241 1 63 1
242 0 -64 0
243 1 63 1
244 1 63 1
245 1 63 1
246 1 63 1
247 1 63 1
248 1 63 1
249 1 63 1
250 1 63 1
251 0 -64 0
252 0 -64 0
253 0 -64 0
254 0 -64 0
255 1 63 1
256 1 63 1
257 0 -64 0
258 0 -64 0
259 1 63 1
260 0 -64 0
261 0 -44 0
262 1 63 1
263 0 -64 0
264 1 63 1
265 0 -64 0
266 1 63 1
267 1 63 1
268 0 -64 0
269 0 -64 0
270 1 63 1
271 0 -64 0
272 1 63 1
273 1 63 1
274 0 -64 0
275 1 63 1
276 0 -64 0
277 0 -63 0
278 0 -64 0
279 1 63 1
280 1 63 1
281 1 63 1
282 1 63 1
283 0 -64 0
284 0 -64 0
285 1 63 1
286 1 63 1
287 1 63 1
288 1 63 1
289 1 63 1
290 0 -64 0
291 0 -64 0
292 1 57 1
293 1 63 1
294 0 -64 0
295 1 63 1
296 0 -64 0
297 1 63 1
298 0 -64 0
299 0 -64 0
300 1 63 1
301 1 63 1
302 1 63 1
303 1 63 1
304 0 -64 0
305 0 -64 0
306 0 -64 0
307 1 63 1
308 0 -64 0
309 1 63 1
310 0 -64 0
311 1 63 1
312 1 63 1
313 0 -64 0
314 0 -64 0
315 1 63 1
316 1 63 1
317 1 63 1
318 1 63 1
319 0 -64 0
320 0 -64 0
321 1 63 1
322 1 63 1
323 0 -64 0
324 0 -64 0
325 0 -64 0
326 1 63 1
327 0 -64 0
328 1 63 1
329 0 -64 0
330 0 -64 0
331 0 -64 0
332 1 63 1
333 1 63 1
334 0 -64 0
335 1 63 1
336 1 63 1
337 0 -64 0
338 0 -64 0
339 1 63 1
340 0 -64 0
341 0 -64 0
342 0 -64 0
343 1 63 1
344 1 63 1
345 0 -64 0
346 1 63 1
347 1 63 1
348 1 63 1
349 1 63 1
350 1 63 1
351 1 63 1
352 0 -64 0
353 0 -64 0
354 1 63 1
355 0 -64 0
356 0 -64 0
357 0 -64 0
358 0 -64 0
359 0 -64 0
360 0 -64 0
361 1 63 1
362 0 -64 0
363 1 63 1
364 1 63 1
365 0 -64 0
366 0 -64 0
367 0 -64 0
368 1 63 1
369 1 63 1
370 0 -64 0
371 0 -64 0
372 0 -64 0
373 0 -64 0
374 1 63 1
375 1 63 1
376 1 63 1
377 0 -64 0
378 0 -64 0
379 0 -64 0
380 1 63 1
381 1 63 1
382 0 -64 0
383 1 63 1
384 1 63 1
385 0 -64 0
386 0 -64 0
387 1 63 1
388 1 63 1
389 1 63 1
390 0 -64 0
391 1 63 1
392 1 63 1
393 0 -64 0
394 1 63 1
395 0 -64 0
396 1 63 1
397 1 63 1
398 1 63 1
399 1 63 1
400 0 -64 0
401 1 63 1
402 1 63 1
403 1 63 1
404 1 63 1
405 1 63 1
406 1 63 1
407 1 -29 0
408 1 63 1
409 1 63 1
410 1 63 1
411 0 -64 0
412 0 -64 0
413 0 -64 0
414 1 63 1
415 0 -64 0
416 1 63 1
417 1 -64 0
418 1 63 1
419 0 -64 0
420 0 -64 0
421 0 -64 0
422 1 63 1
423 1 63 1
424 0 -64 0
425 1 63 1
426 0 -64 0
427 0 -64 0
428 1 63 1
429 1 63 1
430 1 63 1
431 0 -64 0
432 0 -64 0
433 0 -64 0
434 0 -64 0
435 0 -64 0
436 0 -64 0
437 1 63 1
438 0 -64 0
439 1 63 1
440 1 63 1
441 0 -64 0
442 0 -64 0
443 1 63 1
444 0 -64 0
445 0 -64 0
446 1 63 1
447 0 -64 0
448 1 63 1
449 0 -64 0
450 1 63 1
451 1 63 1
452 1 63 1
453 1 63 1
454 1 63 1
455 1 63 1
456 1 63 1
457 1 63 1
458 1 63 1
459 0 -64 0
460 0 -64 0
461 1 63 1
462 1 63 1
463 0 -64 0
464 0 -64 0
465 1 63 1
466 0 -64 0
467 0 -64 0
468 0 -64 0
469 0 -64 0
470 0 -64 0
471 1 63 1
472 0 -64 0
473 1 63 1
474 1 63 1
475 0 -64 0
476 1 63 1
477 0 -64 0
478 1 63 1
479 1 63 1
480 1 63 1
481 0 -64 0
482 0 -64 0
483 1 63 1
484 1 63 1
485 1 63 1
486 0 -64 0
487 0 -64 0
488 0 -64 0
489 1 63 1
490 1 63 1
491 1 63 1
492 1 63 1
493 0 -64 0
494 1 63 1
495 1 63 1
496 1 63 1
497 1 63 1
498 0 -64 0
499 1 63 1
500 0 -64 0
501 1 63 1
502 0 -64 0
503 1 63 1
504 0 -64 0
505 0 -64 0
506 0 -64 0
507 1 63 1
508 0 -64 0
509 1 63 1
510 1 63 1
511 0 -64 0
512 0 -64 0
513 0 -64 0
514 0 -64 0
515 1 63 1
516 0 -64 0
517 1 63 1
518 0 -64 0
519 0 -64 0
520 1 63 1
521 0 -64 0
522 0 -64 0
523 1 63 1
524 1 63 1
525 1 63 1
526 1 63 1
527 0 -64 0
528 0 -64 0
529 0 -64 0
530 0 -64 0
531 0 -64 0
532 0 -64 0
533 1 63 1
534 1 63 1
535 1 63 1
536 0 -64 0
537 1 63 1
538 0 -64 0
539 1 63 1
540 0 -64 0
541 1 63 1
542 0 -64 0
543 1 63 1
544 0 -64 0
545 1 63 1
546 0 -64 0
547 0 -64 0
548 1 63 1
549 0 -64 0
550 1 63 1
551 1 63 1
552 1 63 1
553 0 63 1
554 0 -64 0
555 1 63 1
556 0 -64 0
557 0 -64 0
558 1 63 1
559 0 -64 0
560 0 -64 0
561 0 -64 0
562 0 -64 0
563 1 63 1
564 1 63 1
565 1 63 1
566 0 -64 0
567 0 -64 0
568 0 -64 0
569 0 -64 0
570 1 63 1
571 0 -64 0
572 1 63 1
573 0 -64 0
574 0 -64 0
575 1 63 1
576 1 63 1
577 1 63 1
578 0 -64 0
579 0 -64 0
580 1 63 1
581 1 63 1
582 1 63 1
583 0 -64 0
584 0 -64 0
585 0 -64 0
586 1 63 1
587 0 -64 0
588 0 -64 0
589 0 -64 0
590 1 63 1
591 1 63 1
592 0 -64 0
593 1 63 1
594 0 -64 0
595 0 -64 0
596 0 -64 0
597 1 63 1
598 1 63 1
599 0 -64 0
600 1 63 1
601 0 -64 0
602 0 -64 0
603 1 63 1
604 1 63 1
605 1 63 1
606 0 -64 0
607 0 -64 0
608 1 63 1
609 1 63 1
610 1 63 1
611 1 63 1
612 1 63 1
613 0 -64 0
614 1 63 1
615 0 -64 0
616 0 -64 0
617 0 -64 0
618 0 -64 0
619 0 -64 0
620 1 63 1
621 0 -64 0
622 0 -64 0
623 1 63 1
624 1 63 1
625 1 63 1
626 0 -64 0
627 0 -64 0
628 0 -64 0
629 1 63 1
630 0 -64 0
631 1 63 1
632 1 63 1
633 0 -64 0
634 1 63 1
635 1 63 1
636 1 63 1
637 0 -64 0
638 1 63 1
639 0 -64 0
640 1 63 1
641 1 63 1
642 1 63 1
643 0 -64 0
644 0 -64 0
645 1 63 1
646 0 -64 0
647 0 -64 0
648 0 -64 0
649 1 63 1
650 0 -64 0
651 0 -64 0
652 0 -64 0
653 0 -64 0
654 1 63 1
655 1 63 1
656 1 63 1
657 0 -64 0
658 0 -64 0
659 1 63 1
660 1 63 1
661 0 -64 0
662 0 -64 0
663 1 63 1
664 1 63 1
665 0 -64 0
666 1 63 1
667 0 -64 0
668 0 -64 0
669 0 -64 0
670 0 -64 0
671 1 63 1
672 0 -64 0
673 0 -64 0
674 1 63 1
675 1 63 1
676 1 63 1
677 0 -64 0
678 1 63 1
679 0 -64 0
680 1 63 1
681 0 -64 0
682 1 63 1
683 0 -64 0
684 0 -64 0
685 1 63 1
686 1 63 1
687 1 63 1
688 0 -64 0
689 0 -64 0
690 1 63 1
691 0 -64 0
692 1 63 1
693 0 -64 0
694 1 63 1
695 1 63 1
696 1 63 1
697 1 63 1
698 1 63 1
699 1 41 1
700 1 63 1
701 1 63 1
702 1 63 1
703 1 63 1
704 1 63 1
705 0 -64 0
706 0 -64 0
707 0 -64 0
708 1 63 1
709 1 63 1
710 1 63 1
711 1 63 1
712 1 63 1
713 1 63 1
714 0 -61 0
715 1 63 1
716 0 -64 0
717 1 63 1
718 1 63 1
719 0 -64 0
720 0 -64 0
721 0 -64 0
722 1 63 1
723 1 63 1
724 1 63 1
725 0 -64 0
726 1 63 1
727 1 63 1
728 1 63 1
729 0 -64 0
730 1 63 1
731 1 63 1
732 0 -64 0
733 0 -64 0
734 0 -64 0
735 0 -64 0
736 1 63 1
737 0 -64 0
738 0 -64 0
739 0 -64 0
740 1 63 1
741 1 63 1
742 1 63 1
743 0 -64 0
744 0 -64 0
745 0 -64 0
746 0 -64 0
747 1 63 1
748 1 63 1
749 1 63 1
750 0 -64 0
751 0 -64 0
752 0 -64 0
753 0 -64 0
754 0 -64 0
755 1 63 1
756 0 -64 0
757 0 -64 0
758 0 -64 0
759 1 63 1
760 1 63 1
761 1 63 1
762 1 63 1
763 1 63 1
764 1 63 1
765 1 63 1
766 0 -64 0
767 1 63 1
768 0 -35 0
769 0 -64 0
770 0 -64 0
771 0 -64 0
772 0 -64 0
773 0 -64 0
774 0 -64 0
775 1 63 1
776 1 63 1
777 0 -64 0
778 0 -64 0
779 0 -64 0
780 0 -64 0
781 1 63 1
782 0 -64 0
783 1 63 1
784 0 -64 0
785 1 63 1
786 0 -64 0
787 1 63 1
788 1 63 1
789 1 63 1
790 0 -64 0
791 1 63 1
792 0 -64 0
793 1 63 1
794 1 63 1
795 1 63 1
796 0 -64 0
797 1 63 1
798 0 -64 0
799 0 -64 0
800 0 -64 0
801 1 63 1
802 0 -64 0
803 0 -64 0
804 0 -64 0
805 0 -64 0
806 0 -64 0
807 0 -64 0
808 1 63 1
809 0 -64 0
810 0 63 1
811 1 63 1
812 0 -64 0
813 1 63 1
814 1 63 1
815 0 -64 0
816 0 -64 0
817 1 63 1
818 0 -64 0
819 0 -64 0
820 0 -64 0
821 0 -64 0
822 0 -64 0
823 0 -64 0
824 1 63 1
825 0 -64 0
826 0 -64 0
827 1 63 1
828 0 -64 0
829 1 63 1
830 0 -64 0
831 1 63 1
832 1 63 1
833 1 63 1
834 0 -64 0
835 1 63 1
836 1 63 1
837 1 63 1
838 0 -64 0
839 1 63 1
840 0 -64 0
841 0 -64 0
842 1 63 1
843 1 63 1
844 1 63 1
845 0 -61 0
846 1 63 1
847 0 -64 0
848 0 -58 0
849 1 63 1
850 1 63 1
851 1 63 1
852 1 63 1
853 0 -64 0
854 1 63 1
855 0 -64 0
856 0 -64 0
857 1 63 1
858 1 63 1
859 1 63 1
860 1 63 1
861 0 -64 0
862 1 63 1
863 0 -64 0
864 0 -64 0
865 0 -64 0
866 0 -64 0
867 1 63 1
868 1 63 1
869 0 -64 0
870 0 -64 0
871 1 63 1
872 0 -64 0
873 1 63 1
874 0 -64 0
875 1 63 1
876 1 63 1
877 1 63 1
878 1 63 1
879 0 -64 0
880 1 63 1
881 1 63 1
882 0 -64 0
883 0 -64 0
884 0 -64 0
885 0 -64 0
886 1 63 1
887 0 -64 0
888 1 63 1
889 0 -64 0
890 0 -60 0
891 1 63 1
892 0 -64 0
893 1 63 1
894 1 63 1
895 1 63 1
896 0 -64 0
897 1 63 1
898 1 63 1
899 0 -64 0
900 0 -64 0
901 1 63 1
902 0 -64 0
903 1 63 1
904 0 -64 0
905 1 63 1
906 0 -64 0
907 1 63 1
908 1 63 1
909 1 63 1
910 0 -64 0
911 0 -64 0
912 1 63 1
913 1 63 1
914 0 -64 0
915 0 -64 0
916 1 63 1
917 1 63 1
918 0 -64 0
919 0 -64 0
920 0 -64 0
921 0 -64 0
922 1 63 1
923 1 63 1
924 1 63 1
925 0 -64 0
926 0 -64 0
927 0 -64 0
928 1 63 1
929 0 -64 0
930 0 -64 0
931 0 -64 0
932 1 63 1
933 1 63 1
934 1 63 1
935 0 -64 0
936 1 63 1
937 1 63 1
938 0 -64 0
939 0 -64 0
940 0 -64 0
941 0 -64 0
942 0 -64 0
943 0 -64 0
944 1 63 1
945 0 -64 0
946 1 63 1
947 1 63 1
948 1 63 1
949 1 63 1
950 0 -64 0
951 1 63 1
952 1 56 1
953 0 -64 0
954 1 63 1
955 0 -64 0
956 1 63 1
957 0 -64 0
958 1 63 1
959 1 63 1
960 1 63 1
961 0 -64 0
962 1 63 1
963 0 -64 0
964 0 -64 0
965 1 63 1
966 0 -64 0
967 0 -64 0
968 1 63 1
969 1 63 1
970 1 63 1
971 0 -64 0
972 0 -64 0
973 0 -64 0
974 0 -64 0
975 1 63 1
976 0 -64 0
977 0 -64 0
978 1 63 1
979 1 63 1
980 0 -64 0
981 1 63 1
982 0 -64 0
983 0 -64 0
984 0 -64 0
985 1 63 1
986 1 63 1
987 0 -64 0
988 1 63 1
989 1 63 1
990 1 63 1
991 0 -64 0
992 0 -64 0
993 0 -64 0
994 0 -64 0
995 1 63 1
996 1 63 1
997 0 -64 0
998 0 -64 0
999 0 -64 0
1000 1 63 1
1001 0 -64 0
1002 1 63 1
1003 0 -64 0
1004 1 63 1
1005 0 -64 0
1006 0 -41 0
1007 1 63 1
1008 1 63 1
1009 0 -64 0
1010 1 63 1
1011 0 -64 0
1012 0 -64 0
1013 0 -64 0
1014 0 -64 0
1015 0 -64 0
1016 0 -64 0
1017 1 63 1
1018 1 63 1
1019 0 -64 0
1020 1 -18 0
1021 1 63 1
1022 1 63 1
1023 0 -64 0
1024 0 -64 0
1025 1 63 1
1026 1 63 1
1027 0 -64 0
1028 1 63 1
1029 0 -64 0
1030 0 -64 0
1031 0 -64 0
1032 0 -64 0
1033 0 -64 0
1034 0 -64 0
1035 0 -64 0
1036 0 -64 0
1037 0 -64 0
1038 1 63 1
1039 0 -64 0
1040 1 63 1
1041 1 63 1
1042 0 -64 0
1043 0 -64 0
1044 0 -64 0
1045 0 -64 0
1046 1 63 1
1047 1 63 1
1048 0 -64 0
1049 0 -64 0
1050 1 63 1
1051 1 63 1
1052 1 63 1
1053 0 -64 0
1054 0 -64 0
1055 1 63 1
1056 0 -64 0
1057 0 -64 0
1058 0 -64 0
1059 0 -64 0
1060 1 60 1
1061 0 -64 0
1062 0 -64 0
1063 1 63 1
1064 0 -64 0
1065 0 -64 0
1066 1 63 1
1067 0 -64 0
1068 0 -64 0
1069 0 -64 0
1070 1 63 1
1071 1 63 1
1072 0 -64 0
1073 0 -64 0
1074 0 -64 0
1075 1 63 1
1076 1 63 1
1077 1 63 1
1078 0 -64 0
1079 0 -64 0
1080 1 63 1
1081 0 -64 0
1082 1 63 1
1083 1 63 1
1084 0 -64 0
1085 1 63 1
1086 1 63 1
1087 0 -64 0
1088 0 -64 0
1089 0 -64 0
1090 0 -64 0
1091 0 -64 0
1092 1 63 1
1093 1 63 1
1094 1 63 1
1095 0 -64 0
1096 0 -64 0
1097 0 -64 0
1098 0 -64 0
1099 0 -64 0
1100 1 63 1
1101 0 -64 0
1102 0 -64 0
1103 0 -64 0
1104 1 63 1
1105 0 -64 0
1106 1 63 1
1107 0 -64 0
1108 0 -64 0
1109 1 63 1
1110 0 -64 0
1111 0 -64 0
1112 1 63 1
1113 1 63 1
1114 0 -64 0
1115 1 63 1
1116 0 -64 0
1117 0 -64 0
1118 0 -64 0
1119 1 63 1
1120 1 63 1
1121 0 -64 0
1122 0 -64 0
1123 1 63 1
1124 1 63 1
1125 1 63 1
1126 1 63 1
1127 0 -64 0
1128 1 63 1
1129 0 -64 0
1130 0 -64 0
1131 0 -64 0
1132 1 63 1
1133 1 63 1
1134 1 63 1
1135 0 -64 0
1136 0 -64 0
1137 1 63 1
1138 0 -64 0
1139 1 63 1
1140 1 63 1
1141 1 63 1
1142 1 63 1
1143 1 63 1
1144 0 -64 0
1145 0 -64 0
1146 1 63 1
1147 1 63 1
1148 0 -64 0
1149 1 63 1
1150 0 -64 0
1151 0 -64 0
1152 1 63 1
1153 0 -64 0
1154 1 63 1
1155 0 -64 0
1156 1 63 1
1157 0 -64 0
1158 1 63 1
1159 1 63 1
1160 1 63 1
1161 1 63 1
1162 1 63 1
1163 1 63 1
1164 1 63 1
1165 0 -64 0
1166 0 -64 0
1167 1 63 1
1168 0 -64 0
1169 0 -64 0
1170 0 -64 0
1171 0 -64 0
1172 0 -64 0
1173 0 -64 0
1174 1 63 1
1175 0 -41 0
1176 0 -64 0
1177 0 -64 0
1178 0 -64 0
1179 1 63 1
1180 0 -64 0
1181 1 63 1
1182 1 63 1
1183 1 63 1
1184 0 -64 0
1185 0 -64 0
1186 0 -64 0
1187 1 63 1
1188 1 63 1
1189 0 -64 0
1190 1 63 1
1191 0 -64 0
1192 0 -64 0
1193 0 -64 0
1194 0 -64 0
1195 0 -64 0
1196 1 63 1
1197 1 63 1
1198 1 63 1
1199 1 63 1
1200 0 -64 0
1201 0 -64 0
1202 1 63 1
1203 1 63 1
1204 0 -64 0
1205 1 63 1
1206 1 63 1
1207 0 -64 0
1208 0 -64 0
1209 1 63 1
1210 0 -64 0
1211 1 63 1
1212 0 -64 0
1213 1 63 1
1214 1 63 1
1215 0 -64 0
1216 1 63 1
1217 1 63 1
1218 1 63 1
1219 0 -64 0
1220 0 -64 0
1221 0 -64 0
1222 1 63 1
1223 1 63 1
1224 0 -64 0
1225 0 -64 0
1226 0 -64 0
1227 0 -64 0
1228 1 63 1
1229 0 -64 0
1230 0 -64 0
1231 0 -64 0
1232 0 -64 0
1233 0 -64 0
1234 1 63 1
1235 1 63 1
1236 0 -64 0
1237 1 63 1
1238 1 63 1
1239 0 -64 0
1240 1 63 1
1241 1 63 1
1242 1 63 1
1243 0 -64 0
1244 0 -64 0
1245 0 -64 0
1246 1 63 1
1247 1 63 1
1248 1 63 1
1249 1 63 1
1250 1 63 1
1251 0 -64 0
1252 0 -64 0
1253 1 63 1
1254 1 63 1
1255 1 63 1
1256 1 63 1
1257 1 63 1
1258 1 63 1
1259 0 -64 0
1260 0 -64 0
1261 1 63 1
1262 1 63 1
1263 0 -64 0
1264 0 -64 0
1265 1 63 1
1266 0 -64 0
1267 0 -64 0
1268 0 -64 0
1269 1 63 1
1270 0 -64 0
1271 1 63 1
1272 1 63 1
1273 0 -64 0
1274 1 63 1
1275 0 -64 0
1276 1 63 1
1277 0 -64 0
1278 0 -64 0
1279 1 63 1
1280 0 -64 0
1281 1 63 1
1282 1 63 1
1283 0 -64 0
1284 1 63 1
1285 1 63 1
1286 1 63 1
1287 1 63 1
1288 1 63 1
1289 0 -64 0
1290 1 63 1
1291 1 63 1
1292 0 -64 0
1293 1 63 1
1294 0 -64 0
1295 1 63 1
1296 1 63 1
1297 0 -64 0
1298 0 -47 0
1299 0 -64 0
1300 0 -64 0
1301 0 -64 0
1302 1 63 1
1303 1 63 1
1304 0 -64 0
1305 1 63 1
1306 1 63 1
1307 1 63 1
1308 0 -64 0
1309 1 63 1
1310 0 -64 0
1311 1 63 1
1312 1 63 1
1313 0 -64 0
1314 0 -64 0
1315 1 63 1
1316 0 -64 0
1317 0 -64 0
1318 1 63 1
1319 0 -64 0
1320 1 63 1
1321 0 -47 0
1322 1 63 1
1323 1 63 1
1324 1 63 1
1325 0 -64 0
1326 0 -64 0
1327 0 -64 0
1328 1 63 1
1329 0 -64 0
1330 0 -64 0
1331 1 63 1
1332 1 63 1
1333 0 -64 0
1334 0 -64 0
1335 1 63 1
1336 0 -64 0
1337 1 63 1
1338 0 -64 0
1339 0 -64 0
1340 1 63 1
1341 1 63 1
1342 0 -64 0
1343 0 -64 0
1344 0 -64 0
1345 0 -64 0
1346 1 63 1
1347 0 -64 0
1348 0 -64 0
1349 1 63 1
1350 1 63 1
1351 0 -64 0
1352 0 -64 0
1353 0 -64 0
1354 1 63 1
1355 0 -64 0
1356 0 -64 0
1357 0 -64 0
1358 1 63 1
1359 1 63 1
1360 1 63 1
1361 1 63 1
1362 0 -64 0
1363 1 63 1
1364 0 -64 0
1365 0 -64 0
1366 1 63 1
1367 0 -64 0
1368 0 -64 0
1369 0 -64 0
1370 0 -64 0
1371 1 63 1
1372 1 63 1
1373 0 -64 0
1374 1 63 1
1375 0 -64 0
1376 0 -64 0
1377 0 -64 0
1378 1 63 1
1379 1 63 1
1380 0 -64 0
1381 1 63 1
1382 0 -64 0
1383 0 -64 0
1384 0 -64 0
1385 1 63 1
1386 1 63 1
1387 0 -64 0
1388 1 63 1
1389 0 -64 0
1390 0 -64 0
1391 0 -64 0
1392 0 -64 0
1393 0 -64 0
1394 1 63 1
1395 1 63 1
1396 0 -64 0
1397 1 63 1
1398 0 -64 0
1399 1 63 1
1400 0 -64 0
1401 0 -64 0
1402 0 -64 0
1403 0 -64 0
1404 1 63 1
1405 0 -64 0
1406 1 63 1
1407 1 63 1
1408 0 -64 0
1409 1 63 1
1410 0 -64 0
1411 1 63 1
1412 0 -64 0
1413 0 -64 0
1414 0 -64 0
1415 0 -64 0
1416 1 63 1
1417 1 63 1
1418 1 63 1
1419 1 63 1
1420 0 -64 0
1421 0 -64 0
1422 0 -64 0
1423 0 -64 0
1424 0 -64 0
1425 1 63 1
1426 0 -64 0
1427 1 63 1
1428 1 63 1
1429 0 -64 0
1430 1 63 1
1431 0 -64 0
1432 0 -64 0
1433 0 -64 0
1434 0 -64 0
1435 0 -64 0
1436 1 63 1
1437 0 -64 0
1438 0 -64 0
1439 0 -64 0
1440 0 -64 0
1441 0 -64 0
1442 1 63 1
1443 1 63 1
1444 1 63 1
1445 0 -64 0
1446 1 63 1
1447 0 -64 0
1448 0 -64 0
1449 1 63 1
1450 0 -64 0
1451 0 -64 0
1452 1 63 1
1453 0 63 1
1454 0 -64 0
1455 1 63 1
1456 0 -64 0
1457 1 63 1
1458 1 63 1
1459 1 63 1
1460 0 -64 0
1461 0 -64 0
1462 0 -64 0
1463 1 63 1
1464 1 63 1
1465 1 63 1
1466 0 -64 0
1467 1 50 1
1468 0 -64 0
1469 1 63 1
1470 1 63 1
1471 0 -64 0
1472 1 61 1
1473 0 -64 0
1474 0 -64 0
1475 1 63 1
1476 0 -64 0
1477 0 -64 0
1478 0 -64 0
1479 0 -64 0
1480 0 -64 0
1481 0 -64 0
1482 0 -64 0
1483 1 63 1
1484 1 63 1
1485 1 63 1
1486 1 63 1
1487 0 -64 0
1488 0 -64 0
1489 1 63 1
1490 0 -64 0
1491 1 63 1
1492 0 -64 0
1493 0 -64 0
1494 1 63 1
1495 1 63 1
1496 1 63 1
1497 0 -64 0
1498 1 63 1
1499 1 63 1
1500 0 -64 0
1501 0 -64 0
1502 0 -64 0
1503 0 -64 0
1504 1 63 1
1505 1 63 1
1506 1 63 1
1507 0 -64 0
1508 0 -64 0
1509 1 63 1
1510 1 63 1
1511 1 63 1
1512 0 -64 0
1513 0 -64 0
1514 0 -64 0
1515 1 63 1
1516 1 63 1
1517 1 63 1
1518 1 63 1
1519 0 -64 0
1520 1 63 1
1521 1 63 1
1522 1 63 1
1523 1 63 1
1524 0 -64 0
1525 0 -64 0
1526 1 63 1
1527 0 -64 0
1528 0 -64 0
1529 0 -64 0
1530 0 -64 0
1531 1 63 1
1532 0 -64 0
1533 1 63 1
1534 0 -64 0
1535 1 63 1
1536 0 -39 0
1537 1 63 1
1538 1 63 1
1539 1 63 1
1540 0 -64 0
1541 0 -64 0
1542 0 -64 0
1543 0 -64 0
1544 0 -64 0
1545 0 -64 0
1546 0 -64 0
1547 1 63 1
1548 1 63 1
1549 0 -64 0
1550 0 -64 0
1551 1 63 1
1552 0 -64 0
1553 1 63 1
1554 1 63 1
1555 0 -64 0
1556 1 63 1
1557 0 -64 0
1558 1 63 1
1559 0 -64 0
1560 0 -64 0
1561 1 63 1
1562 0 -64 0
1563 1 63 1
1564 1 63 1
1565 1 63 1
1566 1 63 1
1567 1 63 1
1568 1 63 1
1569 0 -64 0
1570 0 -64 0
1571 0 -64 0
1572 0 -64 0
1573 1 63 1
1574 1 63 1
1575 0 -64 0
1576 0 -64 0
1577 1 63 1
1578 0 -64 0
1579 0 -64 0
1580 1 63 1
1581 0 -64 0
1582 0 -64 0
1583 1 63 1
1584 0 -64 0
1585 1 63 1
1586 0 -64 0
1587 0 -64 0
1588 1 63 1
1589 0 -64 0
1590 1 57 1
1591 0 -64 0
1592 0 -64 0
1593 1 63 1
1594 1 63 1
1595 1 63 1
1596 1 63 1
1597 1 63 1
1598 0 -64 0
1599 1 63 1
1600 1 63 1
1601 0 -64 0
1602 0 -64 0
1603 0 -64 0
1604 0 -58 0
1605 0 63 1
1606 1 63 1
1607 1 63 1
1608 0 -64 0
1609 1 63 1
1610 1 63 1
1611 0 -64 0
1612 0 -64 0
1613 1 43 1
1614 0 -64 0
1615 0 -64 0
1616 1 63 1
1617 1 63 1
1618 0 -64 0
1619 0 -64 0
1620 1 63 1
1621 1 63 1
1622 0 -64 0
1623 0 -64 0
1624 1 63 1
1625 0 -64 0
1626 1 63 1
1627 0 -64 0
1628 1 63 1
1629 1 63 1
1630 0 -64 0
1631 1 63 1
1632 1 63 1
1633 1 63 1
1634 0 -64 0
1635 1 63 1
1636 0 -64 0
1637 1 63 1
1638 1 63 1
1639 0 -64 0
1640 1 63 1
1641 0 -64 0
1642 0 -64 0
1643 0 -64 0
1644 0 -64 0
1645 1 63 1
1646 0 -64 0
1647 0 -64 0
1648 0 -64 0
1649 1 63 1
1650 0 -64 0
1651 0 -64 0
1652 0 -64 0
1653 0 -64 0
1654 1 63 1
1655 1 63 1
1656 1 63 1
1657 0 -64 0
1658 1 63 1
1659 1 63 1
1660 0 -64 0
1661 1 63 1
1662 1 63 1
1663 0 -64 0
1664 1 63 1
1665 0 -64 0
1666 0 -64 0
1667 0 -64 0
1668 0 -64 0
1669 1 63 1
1670 1 63 1
1671 1 63 1
1672 1 63 1
1673 0 -64 0
1674 0 -64 0
1675 1 63 1
1676 1 63 1
1677 1 63 1
1678 0 -64 0
1679 1 63 1
1680 0 -64 0
1681 1 63 1
1682 1 63 1
1683 0 -64 0
1684 0 -64 0
1685 0 -64 0
1686 0 -64 0
1687 1 63 1
1688 1 63 1
1689 1 63 1
1690 1 63 1
1691 0 -64 0
1692 1 63 1
1693 0 -64 0
1694 1 63 1
1695 0 -64 0
1696 0 -64 0
1697 1 63 1
1698 1 63 1
1699 0 -64 0
1700 0 -64 0
1701 0 -64 0
1702 0 -64 0
1703 1 63 1
1704 1 63 1
1705 0 -64 0
1706 1 63 1
1707 1 63 1
1708 0 -64 0
1709 0 -64 0
1710 0 -64 0
1711 0 -64 0
1712 1 63 1
1713 0 -64 0
1714 1 63 1
1715 0 -64 0
1716 0 -64 0
1717 0 -64 0
1718 1 63 1
1719 1 63 1
1720 0 -64 0
1721 0 -64 0
1722 1 63 1
1723 1 63 1
1724 1 63 1
1725 1 63 1
1726 0 -64 0
1727 0 -64 0
1728 0 -64 0
1729 1 63 1
1730 0 -64 0
1731 0 -64 0
1732 0 -64 0
1733 0 -64 0
1734 1 63 1
1735 0 -64 0
1736 0 -64 0
1737 0 -64 0
1738 1 63 1
1739 1 63 1
1740 0 -64 0
1741 1 63 1
1742 0 -64 0
1743 1 63 1
1744 1 63 1
1745 0 -64 0
1746 0 -64 0
1747 0 -64 0
1748 0 -64 0
1749 0 -64 0
1750 0 -64 0
1751 1 63 1
1752 1 63 1
1753 1 63 1
1754 1 63 1
1755 0 -64 0
1756 1 63 1
1757 0 -56 0
1758 1 63 1
1759 0 -64 0
1760 1 63 1
1761 1 63 1
1762 1 63 1
1763 1 63 1
1764 1 63 1
1765 1 63 1
1766 0 -64 0
1767 1 63 1
1768 0 -64 0
1769 1 63 1
1770 1 63 1
1771 1 63 1
1772 1 63 1
1773 1 63 1
1774 0 -56 0
1775 0 -64 0
1776 0 -64 0
1777 1 63 1
1778 0 -64 0
1779 0 -64 0
1780 0 -64 0
1781 0 -64 0
1782 0 -64 0
1783 1 63 1
1784 1 63 1
1785 0 -64 0
1786 0 -64 0
1787 0 -64 0
1788 1 63 1
1789 0 -64 0
1790 1 63 1
1791 1 63 1
1792 0 -64 0
1793 1 63 1
1794 0 -64 0
1795 1 63 1
1796 0 -64 0
1797 1 50 1
1798 0 -64 0
1799 1 63 1
1800 1 63 1
1801 0 -64 0
1802 1 63 1
1803 1 63 1
1804 0 -64 0
1805 0 -64 0
1806 0 -64 0
1807 0 63 1
1808 1 63 1
1809 0 -64 0
1810 0 -64 0
1811 0 -64 0
1812 0 -64 0
1813 0 -64 0
1814 0 -64 0
1815 0 -64 0
1816 0 -64 0
1817 0 -64 0
1818 0 -64 0
1819 1 63 1
1820 1 63 1
1821 0 -64 0
1822 1 63 1
1823 0 -64 0
1824 1 63 1
1825 1 63 1
1826 1 63 1
1827 1 63 1
1828 1 61 1
1829 1 63 1
1830 0 -64 0
1831 1 63 1
1832 0 -64 0
1833 0 -64 0
1834 0 -64 0
1835 0 -64 0
1836 1 63 1
1837 0 -64 0
1838 1 63 1
1839 0 -64 0
1840 1 63 1
1841 0 -64 0
1842 1 63 1
1843 0 -64 0
1844 0 -64 0
1845 0 -64 0
1846 1 63 1
1847 0 -64 0
1848 0 -64 0
1849 0 -64 0
1850 1 63 1
1851 0 -64 0
1852 0 -64 0
1853 0 -64 0
1854 0 -64 0
1855 1 63 1
1856 1 63 1
1857 0 -64 0
1858 1 63 1
1859 0 -64 0
1860 1 63 1
1861 1 63 1
1862 0 -64 0
1863 0 -64 0
1864 1 63 1
1865 0 -64 0
1866 0 -64 0
1867 0 -64 0
1868 0 -64 0
1869 0 -64 0
1870 0 -64 0
1871 1 63 1
1872 1 63 1
1873 1 63 1
1874 0 -64 0
1875 0 -64 0
1876 1 63 1
1877 0 -64 0
1878 1 63 1
1879 0 -64 0
1880 1 63 1
1881 1 63 1
1882 1 63 1
1883 0 -64 0
1884 0 -64 0
1885 1 63 1
1886 1 63 1
1887 1 63 1
1888 1 63 1
1889 0 -64 0
1890 0 -64 0
1891 1 63 1
1892 1 63 1
1893 1 63 1
1894 0 -64 0
1895 0 -64 0
1896 1 63 1
1897 1 63 1
1898 1 63 1
1899 0 -64 0
1900 1 63 1
1901 0 -64 0
1902 0 -64 0
1903 0 -64 0
1904 1 63 1
1905 1 63 1
1906 1 63 1
1907 0 -64 0
1908 1 63 1
1909 1 63 1
1910 0 -64 0
1911 0 -64 0
1912 1 63 1
1913 1 63 1
1914 1 63 1
1915 0 -64 0
1916 0 -64 0
1917 1 63 1
1918 1 63 1
1919 0 -64 0
1920 0 -64 0
1921 0 -64 0
1922 0 -64 0
1923 0 -64 0
1924 0 -64 0
1925 1 63 1
1926 0 -64 0
1927 1 63 1
1928 1 63 1
1929 0 -64 0
1930 1 63 1
1931 1 63 1
1932 0 -64 0
1933 1 63 1
1934 1 63 1
1935 1 63 1
1936 1 63 1
1937 0 -64 0
1938 1 63 1
1939 1 63 1
1940 0 -64 0
1941 1 63 1
1942 0 -64 0
1943 1 50 1
1944 1 63 1
1945 0 -64 0
1946 1 63 1
1947 1 63 1
1948 1 63 1
1949 0 -64 0
1950 0 -64 0
1951 1 63 1
1952 1 63 1
1953 1 63 1
1954 0 -64 0
1955 1 63 1
1956 0 -64 0
1957 0 -64 0
1958 1 63 1
1959 1 63 1
1960 1 63 1
1961 0 -64 0
1962 1 63 1
1963 1 63 1
1964 0 -64 0
1965 1 63 1
1966 0 -64 0
1967 1 63 1
1968 0 -64 0
1969 0 -64 0
1970 0 -64 0
1971 0 -64 0
1972 0 -64 0
1973 0 -64 0
1974 0 -63 0
1975 1 63 1
1976 0 -64 0
1977 0 -64 0
1978 1 63 1
1979 1 63 1
1980 1 63 1
1981 0 -64 0
1982 0 -64 0
1983 1 63 1
1984 1 63 1
1985 1 63 1
1986 0 -64 0
1987 1 63 1
1988 1 63 1
1989 0 -64 0
1990 0 -64 0
1991 0 -64 0
1992 0 -64 0
1993 1 63 1
1994 0 -64 0
1995 0 -64 0
1996 0 -64 0
1997 0 -64 0
1998 0 -64 0
1999 0 -64 0
2000 0 -64 0
2001 0 -64 0
2002 0 -64 0
2003 1 63 1
2004 0 -64 0
2005 1 63 1
2006 1 63 1
2007 0 -64 0
2008 0 -64 0
2009 1 63 1
2010 1 63 1
2011 1 63 1
2012 1 55 1
2013 0 -64 0
2014 0 -64 0
2015 1 63 1
2016 0 -64 0
2017 1 63 1
2018 1 63 1
2019 1 63 1
2020 0 -64 0
2021 1 63 1
2022 0 -64 0
2023 0 -64 0
2024 0 -64 0
2025 1 63 1
2026 1 63 1
2027 1 63 1
2028 0 -64 0
2029 0 -64 0
2030 1 63 1
2031 0 -64 0
2032 0 -64 0
2033 0 -64 0
2034 0 -64 0
2035 0 -64 0
2036 1 63 1
2037 0 -64 0
2038 0 -64 0
2039 1 63 1
2040 1 63 1
2041 1 63 1
2042 1 63 1
2043 1 63 1
2044 0 -64 0
2045 0 -64 0
2046 1 63 1
2047 0 -64 0
2048 1 63 1
2049 1 63 1
2050 0 -64 0
2051 0 -64 0
2052 0 -64 0
2053 1 63 1
2054 1 63 1
2055 0 -64 0
2056 0 -64 0
2057 1 63 1
2058 0 -64 0
2059 1 63 1
2060 0 -64 0
2061 0 -64 0
2062 1 63 1
2063 0 -64 0
2064 0 -64 0
2065 1 63 1
2066 0 20 1
2067 0 -64 0
2068 0 -64 0
2069 0 -64 0
2070 1 63 1
2071 1 63 1
2072 1 63 1
2073 0 -64 0
2074 1 63 1
2075 1 63 1
2076 1 63 1
2077 1 63 1
2078 0 -64 0
2079 1 63 1
2080 1 63 1
2081 1 63 1
2082 0 -64 0
2083 1 63 1
2084 1 63 1
2085 0 -64 0
2086 0 -64 0
2087 1 63 1
2088 1 63 1
2089 0 -50 0
2090 0 -64 0
2091 0 -64 0
2092 1 63 1
2093 1 63 1
2094 1 63 1
2095 0 -64 0
2096 0 -64 0
2097 1 63 1
2098 1 63 1
2099 0 -64 0
2100 0 -64 0
2101 1 63 1
2102 0 -64 0
2103 1 63 1
2104 0 -64 0
2105 1 63 1
2106 1 63 1
2107 0 -64 0
2108 0 63 1
2109 1 63 1
2110 1 63 1
2111 1 63 1
2112 1 63 1
2113 0 -64 0
2114 1 63 1
2115 1 63 1
2116 1 63 1
2117 1 63 1
2118 0 -64 0
2119 0 -64 0
2120 1 63 1
2121 0 -64 0
2122 0 -64 0
2123 1 63 1
2124 1 63 1
2125 0 -64 0
2126 1 63 1
2127 0 -64 0
2128 0 -64 0
2129 1 63 1
2130 0 -64 0
2131 1 63 1
2132 0 -64 0
2133 0 -64 0
2134 1 63 1
2135 1 63 1
2136 1 63 1
2137 0 -64 0
2138 0 -64 0
2139 0 -64 0
2140 1 63 1
2141 0 -64 0
2142 0 -64 0
2143 0 -64 0
2144 1 63 1
2145 0 -64 0
2146 1 63 1
2147 1 -64 0
2148 1 63 1
2149 0 -64 0
2150 1 63 1
2151 1 63 1
2152 1 63 1
2153 0 -64 0
2154 1 63 1
2155 0 -64 0
2156 1 63 1
2157 1 63 1
2158 0 -64 0
2159 0 -64 0
2160 1 63 1
2161 0 -64 0
2162 0 -64 0
2163 1 63 1
2164 0 -64 0
2165 0 -64 0
2166 1 63 1
2167 0 -64 0
2168 1 63 1
2169 1 63 1
2170 0 -64 0
2171 1 63 1
2172 0 -64 0
2173 1 63 1
2174 1 63 1
2175 1 63 1
2176 0 -64 0
2177 0 -64 0
2178 1 63 1
2179 0 -64 0
2180 1 63 1
2181 0 -64 0
2182 1 63 1
2183 0 -64 0
2184 0 -64 0
2185 0 -64 0
2186 1 63 1
2187 1 63 1
2188 1 63 1
2189 0 -64 0
2190 0 -64 0
2191 1 63 1
2192 0 -64 0
2193 0 -64 0
2194 1 63 1
2195 0 -64 0
2196 1 63 1
2197 0 -64 0
2198 1 63 1
2199 1 63 1
2200 1 63 1
2201 0 -64 0
2202 0 -64 0
2203 1 63 1
2204 1 63 1
2205 1 63 1
2206 1 63 1
2207 1 63 1
2208 1 63 1
2209 0 -64 0
2210 1 63 1
2211 1 63 1
2212 0 -64 0
2213 1 63 1
2214 1 63 1
2215 0 -64 0
2216 0 -64 0
2217 1 63 1
2218 0 -64 0
2219 0 -64 0
2220 0 -64 0
2221 1 63 1
2222 0 -64 0
2223 1 63 1
2224 1 63 1
2225 0 -64 0
2226 1 63 1
2227 1 63 1
2228 0 -64 0
2229 1 63 1
2230 1 63 1
2231 1 63 1
2232 1 63 1
2233 0 -64 0
2234 0 -64 0
2235 0 -57 0
2236 1 63 1
2237 1 63 1
2238 0 -64 0
2239 0 -64 0
2240 1 63 1
2241 0 -64 0
2242 1 63 1
2243 1 63 1
2244 0 -64 0
2245 1 63 1
2246 1 63 1
2247 1 63 1
2248 0 -64 0
2249 0 -64 0
2250 0 -64 0
2251 0 -64 0
2252 0 -64 0
2253 0 -64 0
2254 1 63 1
2255 0 -64 0
2256 1 63 1
2257 0 -64 0
2258 1 63 1
2259 0 -64 0
2260 1 63 1
2261 1 63 1
2262 1 63 1
2263 1 63 1
2264 1 63 1
2265 0 -64 0
2266 0 -64 0
2267 0 -64 0
2268 1 63 1
2269 1 63 1
2270 1 63 1
2271 0 -64 0
2272 0 -64 0
2273 0 -64 0
2274 0 -64 0
2275 0 -64 0
2276 0 -64 0
2277 1 63 1
2278 1 63 1
2279 1 63 1
2280 0 -64 0
2281 1 63 1
2282 0 -64 0
2283 1 63 1
2284 0 -64 0
2285 1 63 1
2286 0 -64 0
2287 0 -64 0
2288 0 -64 0
2289 0 -64 0
2290 0 -64 0
2291 0 -64 0
2292 0 -64 0
2293 0 -64 0
2294 1 63 1
2295 1 63 1
2296 1 63 1
2297 1 63 1
2298 1 63 1
2299 1 63 1
2300 0 -64 0
2301 0 -64 0
2302 1 63 1
2303 0 -64 0
2304 1 0 0
2305 0 -64 0
2306 1 63 1
2307 1 63 1
2308 1 63 1
2309 1 63 1
2310 0 -64 0
2311 1 63 1
2312 1 63 1
2313 0 -64 0
2314 0 -64 0
2315 0 -64 0
2316 0 -64 0
2317 1 63 1
2318 0 -64 0
2319 0 -64 0
2320 0 -64 0
2321 0 -64 0
2322 1 63 1
2323 0 -59 0
2324 0 -64 0
2325 1 63 1
2326 0 -64 0
2327 1 63 1
2328 1 63 1
2329 1 63 1
2330 0 -64 0
2331 0 -64 0
2332 1 63 1
2333 1 63 1
2334 0 -64 0
2335 0 -64 0
2336 1 63 1
2337 0 -64 0
2338 0 -64 0
2339 0 -64 0
2340 0 -64 0
2341 1 63 1
2342 0 -64 0
2343 1 63 1
2344 1 63 1
2345 1 63 1
2346 0 -64 0
2347 0 -64 0
2348 0 -64 0
2349 0 -64 0
2350 1 63 1
2351 0 -64 0
2352 0 -64 0
2353 0 -58 0
2354 0 -64 0
2355 0 -64 0
2356 1 63 1
2357 0 -64 0
2358 0 -64 0
2359 0 -64 0
2360 1 63 1
2361 0 -64 0
2362 0 -64 0
2363 0 -64 0
2364 1 63 1
2365 1 63 1
2366 1 63 1
2367 1 63 1
2368 1 63 1
2369 0 -64 0
2370 1 63 1
2371 0 -64 0
2372 0 -64 0
2373 1 63 1
2374 1 63 1
2375 0 -64 0
2376 0 -64 0
2377 1 63 1
2378 1 63 1
2379 0 -64 0
2380 1 63 1
2381 1 53 1
2382 0 -64 0
2383 0 -64 0
2384 1 63 1
2385 0 -64 0
2386 1 63 1
2387 1 63 1
2388 0 -64 0
2389 1 63 1
2390 0 -64 0
2391 1 63 1
2392 0 -64 0
2393 0 -64 0
2394 1 63 1
2395 0 -64 0
2396 1 63 1
2397 1 63 1
2398 0 -64 0
2399 0 -64 0
2400 1 63 1
2401 1 63 1
2402 0 -64 0
2403 1 63 1
2404 0 -64 0
2405 1 63 1
2406 0 -64 0
2407 1 63 1
2408 0 -64 0
2409 0 -64 0
2410 1 63 1
2411 1 63 1
2412 1 63 1
2413 0 -64 0
2414 0 -64 0
2415 1 63 1
2416 1 63 1
2417 1 63 1
2418 0 -64 0
2419 1 63 1
2420 1 63 1
2421 1 63 1
2422 0 -64 0
2423 0 -64 0
2424 1 63 1
2425 1 63 1
2426 0 -64 0
2427 0 -64 0
2428 1 63 1
2429 1 63 1
2430 1 63 1
2431 1 63 1
2432 0 -64 0
2433 0 -64 0
2434 0 -64 0
2435 1 63 1
2436 1 63 1
2437 1 63 1
2438 0 -64 0
2439 0 -64 0
2440 0 -64 0
2441 0 -64 0
2442 0 -64 0
2443 1 63 1
2444 1 63 1
2445 1 63 1
2446 1 63 1
2447 1 63 1
2448 0 -64 0
2449 1 63 1
2450 0 -64 0
2451 0 -64 0
2452 0 -64 0
2453 0 -64 0
2454 0 -64 0
2455 1 63 1
2456 0 -64 0
2457 0 -64 0
2458 0 -64 0
2459 1 63 1
2460 1 63 1
2461 0 -64 0
2462 0 -64 0
2463 1 63 1
2464 0 -64 0
2465 1 63 1
2466 1 63 1
2467 1 63 1
2468 0 -64 0
2469 1 63 1
2470 0 -64 0
2471 1 63 1
2472 0 -64 0
2473 1 63 1
2474 0 -64 0
2475 0 -64 0
2476 0 -64 0
2477 0 -64 0
2478 1 63 1
2479 1 63 1
2480 0 -64 0
2481 1 63 1
2482 1 63 1
2483 0 -64 0
2484 0 -64 0
2485 0 -64 0
2486 1 63 1
2487 0 -64 0
2488 0 -64 0
2489 0 -64 0
2490 0 -64 0
2491 1 63 1
2492 1 63 1
2493 0 -64 0
2494 0 -64 0
2495 0 -64 0
2496 0 -64 0
2497 0 -64 0
2498 1 63 1
2499 1 63 1
2500 0 -64 0
2501 1 63 1
2502 1 49 1
2503 1 63 1
2504 1 63 1
2505 1 63 1
2506 1 63 1
2507 1 63 1
2508 1 63 1
2509 1 63 1
2510 0 -64 0
2511 1 63 1
2512 1 63 1
2513 1 63 1
2514 1 63 1
2515 1 63 1
2516 1 63 1
2517 1 63 1
2518 1 63 1
2519 1 63 1
2520 1 63 1
2521 1 63 1
2522 0 -64 0
2523 0 -64 0
2524 1 63 1
2525 1 63 1
2526 0 -64 0
2527 0 -64 0
2528 1 63 1
2529 1 63 1
2530 0 -64 0
2531 0 -64 0
2532 1 63 1
2533 1 63 1
2534 0 -64 0
2535 1 63 1
2536 1 63 1
2537 1 63 1
2538 0 -64 0
2539 0 -64 0
2540 1 63 1
2541 0 -64 0
2542 0 42 1
2543 1 63 1
2544 1 63 1
2545 0 -64 0
2546 1 63 1
2547 0 -64 0
2548 0 -64 0
2549 0 -64 0
2550 0 -64 0
2551 0 -64 0
2552 1 63 1
2553 0 -64 0
2554 0 -64 0
2555 1 63 1
2556 1 63 1
2557 0 -64 0
2558 1 63 1
2559 0 -64 0
2560 1 63 1
2561 1 63 1
2562 1 63 1
2563 1 63 1
2564 1 63 1
2565 0 -35 0
2566 1 63 1
2567 1 63 1
2568 1 63 1
2569 0 -64 0
2570 1 63 1
2571 0 -64 0
2572 0 -64 0
2573 0 -64 0
2574 1 63 1
2575 1 63 1
2576 1 63 1
2577 0 -64 0
2578 1 63 1
2579 1 63 1
2580 1 63 1
2581 1 63 1
2582 1 63 1
2583 1 63 1
2584 0 -64 0
2585 0 -64 0
2586 0 -64 0
2587 0 -64 0
2588 1 63 1
2589 0 -64 0
2590 0 -64 0
2591 1 63 1
2592 0 -64 0
2593 1 63 1
2594 0 -64 0
2595 0 -64 0
2596 1 43 1
2597 1 63 1
2598 1 63 1
2599 0 -64 0
2600 1 63 1
2601 1 63 1
2602 0 -64 0
2603 1 63 1
2604 1 63 1
2605 0 -64 0
2606 1 63 1
2607 1 63 1
2608 1 63 1
2609 1 63 1
2610 1 63 1
2611 0 -64 0
2612 1 63 1
2613 0 -64 0
2614 0 -64 0
2615 1 63 1
2616 1 63 1
2617 1 63 1
2618 0 -64 0
2619 0 -64 0
2620 0 -64 0
2621 1 63 1
2622 1 63 1
2623 1 63 1
2624 1 63 1
2625 1 63 1
2626 1 63 1
2627 0 -64 0
2628 0 -64 0
2629 0 -64 0
2630 1 63 1
2631 0 -64 0
2632 0 -64 0
2633 0 -64 0
2634 0 -64 0
2635 1 63 1
2636 1 63 1
2637 0 -64 0
2638 0 -64 0
2639 1 63 1
2640 1 63 1
2641 1 63 1
2642 0 -64 0
2643 0 -64 0
2644 0 -64 0
2645 0 -64 0
2646 0 -64 0
2647 1 63 1
2648 1 63 1
2649 0 -64 0
2650 0 -64 0
2651 0 -64 0
2652 1 63 1
2653 0 -64 0
2654 0 -64 0
2655 0 -64 0
2656 0 -64 0
2657 0 -64 0
2658 1 63 1
2659 0 -64 0
2660 0 -64 0
2661 0 -64 0
2662 0 -64 0
2663 1 63 1
2664 1 63 1
2665 0 -64 0
2666 1 63 1
2667 1 63 1
2668 0 -64 0
2669 0 -60 0
2670 0 -64 0
2671 1 63 1
2672 1 63 1
2673 0 -64 0
2674 1 63 1
2675 1 63 1
2676 0 -64 0
2677 1 63 1
2678 0 -64 0
2679 0 -64 0
2680 0 -64 0
2681 1 63 1
2682 1 63 1
2683 1 63 1
2684 0 -64 0
2685 0 -64 0
2686 1 63 1
2687 0 -64 0
2688 0 -64 0
2689 0 -64 0
2690 1 63 1
2691 1 63 1
2692 0 -64 0
2693 1 63 1
2694 0 -64 0
2695 0 -64 0
2696 1 63 1
2697 1 63 1
2698 0 -64 0
2699 0 -64 0
2700 0 -64 0
2701 0 -64 0
2702 0 -64 0
2703 0 -64 0
2704 0 -64 0
2705 0 -64 0
2706 0 -64 0
2707 1 63 1
2708 0 -64 0
2709 1 63 1
2710 0 -64 0
2711 0 -48 0
2712 0 -64 0
2713 0 -64 0
2714 1 63 1
2715 1 63 1
2716 0 -64 0
2717 1 63 1
2718 0 -64 0
2719 1 63 1
2720 0 -64 0
2721 1 63 1
2722 1 63 1
2723 0 -64 0
2724 0 -64 0
2725 0 -64 0
2726 1 63 1
2727 1 63 1
2728 0 -64 0
2729 1 63 1
2730 1 63 1
2731 1 63 1
2732 1 63 1
2733 0 -64 0
2734 0 -64 0
2735 0 -64 0
2736 1 63 1
2737 0 -64 0
2738 1 63 1
2739 1 63 1
2740 0 -64 0
2741 1 63 1
2742 0 -64 0
2743 1 63 1
2744 1 63 1
2745 0 -64 0
2746 1 63 1
2747 0 -64 0
2748 1 63 1
2749 1 63 1
2750 1 63 1
2751 1 63 1
2752 1 63 1
2753 0 -64 0
2754 0 -64 0
2755 1 63 1
2756 1 63 1
2757 1 63 1
2758 1 63 1
2759 0 -64 0
2760 1 63 1
2761 1 63 1
2762 0 -64 0
2763 0 -64 0
2764 1 63 1
2765 1 63 1
2766 0 -64 0
2767 0 -64 0
2768 0 -64 0
2769 1 63 1
2770 1 63 1
2771 0 -64 0
2772 1 63 1
2773 0 -64 0
2774 1 63 1
2775 0 -64 0
2776 1 63 1
2777 0 -64 0
2778 0 -64 0
2779 0 -43 0
2780 1 52 1
2781 1 63 1
2782 0 -64 0
2783 1 63 1
2784 0 -64 0
2785 1 63 1
2786 0 -64 0
2787 0 -64 0
2788 1 63 1
2789 0 -64 0
2790 1 63 1
2791 1 63 1
2792 0 -64 0
2793 0 -64 0
2794 0 -64 0
2795 1 63 1
2796 1 63 1
2797 1 63 1
2798 1 63 1
2799 1 63 1
2800 1 63 1
2801 0 -64 0
2802 1 63 1
2803 1 63 1
2804 1 63 1
2805 0 -64 0
2806 0 -64 0
2807 0 -64 0
2808 1 63 1
2809 0 -64 0
2810 0 -64 0
2811 0 -64 0
2812 1 63 1
2813 0 -64 0
2814 1 63 1
2815 1 63 1
2816 1 63 1
2817 1 63 1
2818 1 63 1
2819 1 63 1
2820 0 -64 0
2821 1 63 1
2822 1 63 1
2823 0 -64 0
2824 0 -64 0
2825 1 63 1
2826 1 63 1
2827 1 63 1
2828 0 -64 0
2829 1 63 1
2830 0 -64 0
2831 0 -64 0
2832 0 -64 0
2833 0 -64 0
2834 0 -47 0
2835 0 -64 0
2836 1 63 1
2837 1 63 1
2838 0 -64 0
2839 0 -64 0
2840 0 -64 0
2841 0 -64 0
2842 0 -64 0
2843 0 -64 0
2844 1 63 1
2845 0 -64 0
2846 1 63 1
2847 1 63 1
2848 0 -64 0
2849 1 63 1
2850 1 63 1
2851 1 63 1
2852 0 -64 0
2853 0 -64 0
2854 1 63 1
2855 0 -64 0
2856 1 63 1
2857 1 40 1
2858 0 -64 0
2859 1 63 1
2860 1 63 1
2861 0 -64 0
2862 1 63 1
2863 0 -64 0
2864 0 -64 0
2865 1 63 1
2866 0 -64 0
2867 0 -64 0
2868 0 -64 0
2869 1 63 1
2870 1 63 1
2871 0 -64 0
2872 0 -64 0
2873 1 63 1
2874 0 -64 0
2875 1 63 1
2876 0 -64 0
2877 0 -64 0
2878 0 -64 0
2879 0 -64 0
2880 0 -64 0
2881 0 -64 0
2882 0 -64 0
2883 0 -64 0
2884 0 -64 0
2885 0 -64 0
2886 0 -64 0
2887 1 63 1
2888 1 63 1
2889 1 63 1
2890 0 -64 0
2891 1 63 1
2892 1 63 1
2893 0 -64 0
2894 1 63 1
2895 0 -64 0
2896 1 63 1
2897 1 63 1
2898 0 -64 0
2899 0 -64 0
2900 0 -64 0
2901 0 -64 0
2902 0 -64 0
2903 1 63 1
2904 0 -64 0
2905 0 -64 0
2906 1 63 1
2907 0 -64 0
2908 0 -64 0
2909 1 63 1
2910 0 -64 0
2911 1 63 1
2912 1 63 1
2913 1 63 1
2914 0 -64 0
2915 1 63 1
2916 0 -64 0
2917 1 63 1
2918 0 -64 0
2919 1 63 1
2920 1 63 1
2921 1 63 1
2922 1 63 1
2923 1 63 1
2924 1 63 1
2925 0 -64 0
2926 1 63 1
2927 1 63 1
2928 1 63 1
2929 0 -64 0
2930 0 -64 0
2931 0 -64 0
2932 1 63 1
2933 1 63 1
2934 0 -64 0
2935 1 63 1
2936 1 63 1
2937 0 -64 0
2938 1 63 1
2939 1 63 1
2940 0 -64 0
2941 0 -64 0
2942 1 63 1
2943 0 -64 0
2944 1 63 1
2945 0 -64 0
2946 1 63 1
2947 1 63 1
2948 1 63 1
2949 0 -64 0
2950 0 -64 0
2951 0 -64 0
2952 0 -64 0
2953 1 63 1
2954 0 -64 0
2955 1 63 1
2956 0 -64 0
2957 0 -64 0
2958 0 -64 0
2959 0 -64 0
2960 0 -64 0
2961 0 -64 0
2962 0 -64 0
2963 0 -64 0
2964 1 63 1
2965 0 -64 0
2966 0 -64 0
2967 1 63 1
2968 0 -64 0
2969 0 -64 0
2970 0 -64 0
2971 0 -64 0
2972 1 63 1
2973 0 -64 0
2974 1 63 1
2975 1 63 1
2976 0 -64 0
2977 1 63 1
2978 1 63 1
2979 1 63 1
2980 0 -64 0
2981 1 63 1
2982 1 63 1
2983 0 -64 0
2984 0 -64 0
2985 0 -64 0
2986 0 -64 0
2987 1 63 1
2988 0 -64 0
2989 0 -64 0
2990 1 63 1
2991 0 -64 0
2992 0 -64 0
2993 0 -64 0
2994 0 -64 0
2995 1 63 1
2996 0 -64 0
2997 0 -64 0
2998 1 63 1
2999 0 -64 0
3000 1 63 1
3001 1 63 1
3002 0 -64 0
3003 1 61 1
3004 0 -64 0
3005 0 -64 0
3006 1 63 1
3007 1 63 1
3008 1 63 1
3009 1 63 1
3010 0 -64 0
3011 0 -64 0
3012 1 63 1
3013 0 -64 0
3014 1 63 1
3015 0 -64 0
3016 0 -64 0
3017 0 -64 0
3018 0 -64 0
3019 1 63 1
3020 1 63 1
3021 0 -64 0
3022 0 -64 0
3023 1 63 1
3024 1 63 1
3025 1 63 1
3026 0 -64 0
3027 1 63 1
3028 0 -64 0
3029 1 63 1
3030 1 63 1
3031 0 -64 0
3032 0 -64 0
3033 1 63 1
3034 1 63 1
3035 0 -64 0
3036 0 -64 0
3037 1 63 1
3038 1 63 1
3039 0 -64 0
3040 0 -64 0
3041 0 -61 0
3042 1 63 1
3043 1 63 1
3044 0 -64 0
3045 1 63 1
3046 1 63 1
3047 0 -64 0
3048 1 63 1
3049 1 63 1
3050 1 63 1
3051 0 -64 0
3052 0 -64 0
3053 0 -64 0
3054 1 63 1
3055 1 63 1
3056 1 63 1
3057 0 -64 0
3058 0 -64 0
3059 0 -64 0
3060 0 -64 0
3061 0 -64 0
3062 1 63 1
3063 1 63 1
3064 1 63 1
3065 0 -64 0
3066 1 63 1
3067 0 -64 0
3068 0 -64 0
3069 0 -64 0
3070 0 -64 0
3071 1 63 1
3072 1 39 1
3073 0 -64 0
3074 1 63 1
3075 0 -64 0
3076 0 -64 0
3077 1 63 1
3078 1 63 1
3079 0 -64 0
3080 1 63 1
3081 1 63 1
3082 0 -64 0
3083 0 -64 0
3084 0 -64 0
3085 1 63 1
3086 1 63 1
3087 1 63 1
3088 1 63 1
3089 0 -64 0
3090 0 -64 0
3091 1 63 1
3092 1 63 1
3093 0 -64 0
3094 1 63 1
3095 1 63 1
3096 0 -64 0
3097 0 -64 0
3098 0 -64 0
3099 1 -64 0
3100 1 63 1
3101 1 63 1
3102 1 63 1
3103 1 63 1
3104 0 -64 0
3105 1 63 1
3106 1 63 1
3107 0 -64 0
3108 0 -64 0
3109 1 63 1
3110 1 63 1
3111 1 63 1
3112 1 63 1
3113 0 -64 0
3114 1 63 1
3115 1 63 1
3116 1 63 1
3117 0 -64 0
3118 0 -64 0
3119 0 -64 0
3120 1 63 1
3121 0 -64 0
3122 1 63 1
3123 1 63 1
3124 0 -64 0
3125 0 -64 0
3126 0 -64 0
3127 0 -64 0
3128 1 63 1
3129 0 -64 0
3130 1 63 1
3131 0 -64 0
3132 0 -64 0
3133 0 -64 0
3134 0 -64 0
3135 0 -64 0
3136 0 -64 0
3137 1 63 1
3138 0 -64 0
3139 0 -64 0
3140 1 63 1
3141 0 -64 0
3142 0 -64 0
3143 1 63 1
3144 0 -64 0
3145 0 -64 0
3146 0 -64 0
3147 0 -64 0
3148 0 -64 0
3149 1 63 1
3150 1 63 1
3151 0 -64 0
3152 0 -64 0
3153 0 -64 0
3154 1 63 1
3155 1 63 1
3156 0 -64 0
3157 0 -64 0
3158 0 -64 0
3159 1 63 1
3160 1 63 1
3161 1 63 1
3162 1 63 1
3163 0 -64 0
3164 1 63 1
3165 0 -64 0
3166 0 -64 0
3167 1 63 1
3168 0 -64 0
3169 1 63 1
3170 0 -64 0
3171 1 63 1
3172 0 -64 0
3173 0 -64 0
3174 0 -64 0
3175 0 -64 0
3176 0 -64 0
3177 0 -64 0
3178 0 -64 0
3179 1 63 1
3180 0 -64 0
3181 1 63 1
3182 1 63 1
3183 1 63 1
3184 1 63 1
3185 1 63 1
3186 0 -64 0
3187 1 63 1
3188 0 -64 0
3189 1 63 1
3190 1 63 1
3191 1 63 1
3192 1 63 1
3193 0 -64 0
3194 1 63 1
3195 1 63 1
3196 1 63 1
3197 1 63 1
3198 0 -64 0
3199 0 -64 0
3200 0 -64 0
3201 1 63 1
3202 0 -64 0
3203 0 -64 0
3204 1 63 1
3205 1 63 1
3206 1 63 1
3207 1 63 1
3208 0 -64 0
3209 0 -64 0
3210 1 63 1
3211 1 63 1
3212 1 63 1
3213 0 -64 0
3214 0 -64 0
3215 1 63 1
3216 0 -64 0
3217 1 63 1
3218 1 63 1
3219 0 -64 0
3220 1 63 1
3221 1 63 1
3222 0 -64 0
3223 1 63 1
3224 1 63 1
3225 0 -64 0
3226 0 -64 0
3227 1 63 1
3228 1 63 1
3229 0 -64 0
3230 0 -64 0
3231 1 63 1
3232 1 63 1
3233 0 -64 0
3234 0 -64 0
3235 0 -64 0
3236 0 -64 0
3237 1 63 1
3238 0 -64 0
3239 1 63 1
3240 1 63 1
3241 0 -64 0
3242 0 -64 0
3243 0 -64 0
3244 0 -64 0
3245 1 63 1
3246 0 -64 0
3247 1 63 1
3248 1 63 1
3249 1 63 1
3250 1 63 1
3251 1 63 1
3252 1 63 1
3253 1 63 1
3254 0 -64 0
3255 0 -64 0
3256 1 63 1
3257 1 63 1
3258 1 63 1
3259 0 -64 0
3260 0 -64 0
3261 0 -64 0
3262 0 -64 0
3263 1 63 1
3264 1 63 1
3265 1 63 1
3266 1 63 1
3267 0 -64 0
3268 1 63 1
3269 0 -64 0
3270 1 63 1
3271 1 63 1
3272 1 63 1
3273 1 63 1
3274 0 -64 0
3275 1 63 1
3276 1 63 1
3277 0 -64 0
3278 1 63 1
3279 0 -64 0
3280 1 63 1
3281 0 -64 0
3282 0 -64 0
3283 0 -64 0
3284 0 -64 0
3285 1 56 1
3286 0 -64 0
3287 1 63 1
3288 0 -64 0
3289 0 -64 0
3290 0 -64 0
3291 1 63 1
3292 0 -64 0
3293 1 63 1
3294 0 -64 0
3295 1 63 1
3296 1 63 1
3297 1 63 1
3298 1 63 1
3299 0 -64 0
3300 1 63 1
3301 0 -64 0
3302 1 63 1
3303 0 -64 0
3304 1 63 1
3305 1 63 1
3306 0 -64 0
3307 0 -64 0
3308 0 -64 0
3309 0 -64 0
3310 0 -64 0
3311 1 63 1
3312 1 63 1
3313 0 -64 0
3314 0 -64 0
3315 0 -64 0
3316 1 63 1
3317 1 63 1
3318 0 -64 0
3319 1 63 1
3320 1 63 1
3321 1 63 1
3322 0 -64 0
3323 1 63 1
3324 0 -64 0
3325 1 63 1
3326 1 63 1
3327 0 -64 0
3328 0 -64 0
3329 0 -64 0
3330 1 63 1
3331 0 -64 0
3332 0 -64 0
3333 0 -41 0
3334 0 -64 0
3335 0 -64 0
3336 1 63 1
3337 0 -64 0
3338 0 -64 0
3339 0 -64 0
3340 1 63 1
3341 0 -64 0
3342 0 -64 0
3343 0 -64 0
3344 1 63 1
3345 0 -64 0
3346 0 -64 0
3347 1 63 1
3348 1 63 1
3349 0 -64 0
3350 1 63 1
3351 1 63 1
3352 0 -64 0
3353 0 -64 0
3354 1 63 1
3355 0 -64 0
3356 1 63 1
3357 1 63 1
3358 1 63 1
3359 1 63 1
3360 1 63 1
3361 0 -64 0
3362 1 63 1
3363 1 63 1
3364 1 63 1
3365 1 63 1
3366 0 -64 0
3367 0 -64 0
3368 0 -64 0
3369 0 -64 0
3370 1 63 1
3371 1 63 1
3372 1 63 1
3373 0 -64 0
3374 0 -64 0
3375 0 -64 0
3376 1 63 1
3377 1 63 1
3378 0 -64 0
3379 0 -64 0
3380 0 -64 0
3381 1 63 1
3382 1 63 1
3383 1 63 1
3384 1 63 1
3385 0 -64 0
3386 0 -64 0
3387 1 63 1
3388 0 -64 0
3389 1 63 1
3390 1 63 1
3391 1 63 1
3392 1 63 1
3393 0 -64 0
3394 0 -64 0
3395 0 -64 0
3396 1 63 1
3397 1 63 1
3398 0 -64 0
3399 0 -64 0
3400 0 -64 0
3401 1 56 1
3402 1 63 1
3403 0 -64 0
3404 1 63 1
3405 0 -64 0
3406 1 63 1
3407 0 -64 0
3408 0 -64 0
3409 1 63 1
3410 1 63 1
3411 1 63 1
3412 0 -64 0
3413 1 63 1
3414 0 -64 0
3415 0 -64 0
3416 1 63 1
3417 1 63 1
3418 0 -64 0
3419 0 -64 0
3420 0 -64 0
3421 1 63 1
3422 1 63 1
3423 0 -64 0
3424 0 -64 0
3425 0 -64 0
3426 0 -64 0
3427 0 -64 0
3428 0 -64 0
3429 0 -64 0
3430 1 63 1
3431 0 -64 0
3432 1 63 1
3433 1 63 1
3434 0 -64 0
3435 0 -64 0
3436 1 63 1
3437 1 63 1
3438 1 63 1
3439 1 63 1
3440 0 -64 0
3441 1 61 1
3442 1 63 1
3443 0 -64 0
3444 0 -64 0
3445 1 63 1
3446 1 63 1
3447 0 -64 0
3448 1 63 1
3449 1 63 1
3450 0 -64 0
3451 1 63 1
3452 0 -64 0
3453 0 -64 0
3454 1 63 1
3455 0 -64 0
3456 1 63 1
3457 0 -64 0
3458 0 -64 0
3459 1 63 1
3460 0 -64 0
3461 1 63 1
3462 0 -64 0
3463 1 63 1
3464 1 63 1
3465 1 63 1
3466 0 -64 0
3467 1 63 1
3468 1 63 1
3469 0 -64 0
3470 0 -64 0
3471 0 -64 0
3472 1 63 1
3473 1 63 1
3474 0 -64 0
3475 1 63 1
3476 0 -64 0
3477 0 -64 0
3478 1 63 1
3479 1 42 1
3480 1 63 1
3481 1 63 1
3482 1 63 1
3483 0 -64 0
3484 0 -64 0
3485 0 -64 0
3486 1 63 1
3487 1 63 1
3488 1 63 1
3489 1 63 1
3490 0 -64 0
3491 1 63 1
3492 1 63 1
3493 1 63 1
3494 1 63 1
3495 1 63 1
3496 1 63 1
3497 1 63 1
3498 1 63 1
3499 1 63 1
3500 1 63 1
3501 0 -64 0
3502 0 -64 0
3503 0 -64 0
3504 1 63 1
3505 1 63 1
3506 1 63 1
3507 0 -64 0
3508 1 63 1
3509 0 -64 0
3510 0 -64 0
3511 0 -64 0
3512 1 63 1
3513 1 63 1
3514 0 -64 0
3515 1 63 1
3516 0 -64 0
3517 1 63 1
3518 0 -64 0
3519 1 63 1
3520 0 -64 0
3521 0 -64 0
3522 0 -64 0
3523 1 63 1
3524 0 -64 0
3525 0 -64 0
3526 0 -64 0
3527 0 -64 0
3528 1 63 1
3529 1 63 1
3530 1 63 1
3531 0 -64 0
3532 1 63 1
3533 0 -64 0
3534 0 -64 0
3535 1 63 1
3536 0 -64 0
3537 0 -64 0
3538 1 63 1
3539 1 63 1
3540 1 63 1
3541 0 -64 0
3542 1 63 1
3543 0 -64 0
3544 1 63 1
3545 0 -64 0
3546 0 -64 0
3547 0 -64 0
3548 0 -56 0
3549 1 63 1
3550 0 -64 0
3551 0 -64 0
3552 1 63 1
3553 1 63 1
3554 0 -64 0
3555 0 -64 0
3556 1 63 1
3557 1 63 1
3558 1 63 1
3559 0 -64 0
3560 1 63 1
3561 1 63 1
3562 0 -64 0
3563 0 -64 0
3564 0 -64 0
3565 1 63 1
3566 1 63 1
3567 1 63 1
3568 0 -64 0
3569 1 63 1
3570 1 63 1
3571 1 63 1
3572 1 63 1
3573 1 63 1
3574 1 63 1
3575 0 -64 0
3576 1 63 1
3577 1 63 1
3578 0 -64 0
3579 1 63 1
3580 0 -64 0
3581 1 63 1
3582 0 -64 0
3583 1 63 1
3584 1 63 1
3585 1 63 1
3586 1 63 1
3587 1 63 1
3588 0 -64 0
3589 0 -64 0
3590 1 63 1
3591 1 63 1
3592 0 -64 0
3593 0 -64 0
3594 0 -64 0
3595 0 -64 0
3596 1 63 1
3597 1 63 1
3598 1 63 1
3599 1 63 1
3600 1 63 1
3601 0 -64 0
3602 0 -49 0
3603 0 -64 0
3604 1 63 1
3605 0 -64 0
3606 1 63 1
3607 0 -64 0
3608 0 -64 0
3609 1 63 1
3610 0 -64 0
3611 1 63 1
3612 0 -64 0
3613 0 -64 0
3614 0 -64 0
3615 0 -64 0
3616 0 -64 0
3617 1 63 1
3618 1 63 1
3619 1 63 1
3620 0 -64 0
3621 0 -64 0
3622 0 -64 0
3623 1 63 1
3624 0 -64 0
3625 1 50 1
3626 0 -64 0
3627 0 -64 0
3628 1 63 1
3629 0 -64 0
3630 1 63 1
3631 1 63 1
3632 0 -64 0
3633 0 -64 0
3634 1 63 1
3635 0 -64 0
3636 0 -64 0
3637 0 -64 0
3638 1 63 1
3639 0 -64 0
3640 1 63 1
3641 1 63 1
3642 1 63 1
3643 1 63 1
3644 1 63 1
3645 0 -64 0
3646 0 -64 0
3647 0 -64 0
3648 1 63 1
3649 1 63 1
3650 0 -64 0
3651 1 63 1
3652 0 -64 0
3653 1 63 1
3654 1 63 1
3655 1 63 1
3656 0 -64 0
3657 1 63 1
3658 1 63 1
3659 1 63 1
3660 0 -64 0
3661 1 63 1
3662 1 63 1
3663 1 63 1
3664 1 63 1
3665 1 63 1
3666 1 63 1
3667 1 63 1
3668 1 63 1
3669 1 63 1
3670 0 -64 0
3671 1 63 1
3672 1 63 1
3673 0 -64 0
3674 0 -64 0
3675 1 63 1
3676 0 -64 0
3677 0 -64 0
3678 1 63 1
3679 1 63 1
3680 0 -64 0
3681 1 63 1
3682 1 63 1
3683 1 63 1
3684 0 -64 0
3685 1 63 1
3686 1 63 1
3687 0 -64 0
3688 0 -64 0
3689 1 63 1
3690 1 63 1
3691 1 63 1
3692 1 63 1
3693 1 63 1
3694 0 -64 0
3695 0 -64 0
3696 1 63 1
3697 1 63 1
3698 0 -64 0
3699 0 -64 0
3700 0 -64 0
3701 0 -64 0
3702 0 -64 0
3703 1 63 1
3704 0 -64 0
3705 1 63 1
3706 1 63 1
3707 0 -64 0
3708 0 -64 0
3709 1 63 1
3710 1 63 1
3711 0 -64 0
3712 0 -64 0
3713 0 -64 0
3714 0 -64 0
3715 0 -64 0
3716 0 -64 0
3717 1 63 1
3718 1 63 1
3719 0 -64 0
3720 1 63 1
3721 0 -64 0
3722 1 63 1
3723 0 -64 0
3724 1 63 1
3725 1 63 1
3726 0 -64 0
3727 1 63 1
3728 1 63 1
3729 1 63 1
3730 0 -64 0
3731 0 -64 0
3732 1 63 1
3733 0 -64 0
3734 1 63 1
3735 1 63 1
3736 1 63 1
3737 0 -64 0
3738 0 -64 0
3739 0 -64 0
3740 1 63 1
3741 1 63 1
3742 1 63 1
3743 1 63 1
3744 1 63 1
3745 0 -64 0
3746 1 63 1
3747 0 -64 0
3748 1 63 1
3749 1 63 1
3750 0 -64 0
3751 1 63 1
3752 0 -64 0
3753 1 63 1
3754 0 -64 0
3755 0 -64 0
3756 1 63 1
3757 1 63 1
3758 1 63 1
3759 0 -64 0
3760 0 -64 0
3761 0 -64 0
3762 1 63 1
3763 0 -64 0
3764 1 63 1
3765 0 -64 0
3766 0 -64 0
3767 1 63 1
3768 0 -64 0
3769 0 -64 0
3770 0 -64 0
3771 0 -63 0
3772 1 63 1
3773 0 -64 0
3774 0 -64 0
3775 1 63 1
3776 1 63 1
3777 1 63 1
3778 0 -64 0
3779 0 -64 0
3780 1 63 1
3781 1 63 1
3782 1 63 1
3783 0 -64 0
3784 0 -64 0
3785 0 -64 0
3786 0 -53 0
3787 1 63 1
3788 1 63 1
3789 1 63 1
3790 1 63 1
3791 0 -64 0
3792 1 63 1
3793 0 -64 0
3794 1 63 1
3795 1 63 1
3796 0 -64 0
3797 1 63 1
3798 0 -64 0
3799 1 63 1
3800 1 63 1
3801 0 -64 0
3802 0 -64 0
3803 0 -64 0
3804 0 -64 0
3805 0 -64 0
3806 0 -64 0
3807 1 63 1
3808 0 -64 0
3809 1 63 1
3810 1 63 1
3811 0 -64 0
3812 0 -64 0
3813 0 -64 0
3814 0 -64 0
3815 0 -64 0
3816 1 63 1
3817 1 63 1
3818 0 -64 0
3819 0 -64 0
3820 1 63 1
3821 1 63 1
3822 0 -64 0
3823 0 -64 0
3824 1 63 1
3825 1 63 1
3826 1 63 1
3827 0 -64 0
3828 1 63 1
3829 1 63 1
3830 0 -64 0
3831 0 -64 0
3832 0 -64 0
3833 1 63 1
3834 1 63 1
3835 0 -64 0
3836 0 -64 0
3837 1 63 1
3838 0 -64 0
3839 1 63 1
3840 1 40 1
3841 0 -64 0
3842 0 -64 0
3843 0 -64 0
3844 0 -64 0
3845 0 -64 0
3846 1 63 1
3847 0 -64 0
3848 0 -64 0
3849 0 -64 0
3850 0 -64 0
3851 1 63 1
3852 1 63 1
3853 0 -64 0
3854 0 -64 0
3855 1 63 1
3856 1 63 1
3857 1 63 1
3858 0 -64 0
3859 0 -64 0
3860 1 63 1
3861 0 -64 0
3862 1 63 1
3863 1 63 1
3864 1 63 1
3865 0 -64 0
3866 0 -64 0
3867 1 63 1
3868 0 -64 0
3869 0 -64 0
3870 0 -64 0
3871 0 -64 0
3872 0 -64 0
3873 0 -64 0
3874 0 -64 0
3875 0 -64 0
3876 0 -64 0
3877 0 18 1
3878 0 -64 0
3879 0 -64 0
3880 1 63 1
3881 1 63 1
3882 0 -64 0
3883 1 63 1
3884 0 -64 0
3885 0 -64 0
3886 0 -64 0
3887 0 -64 0
3888 1 63 1
3889 1 63 1
3890 1 63 1
3891 0 -64 0
3892 1 63 1
3893 0 -64 0
3894 1 63 1
3895 1 63 1
3896 1 63 1
3897 1 63 1
3898 1 63 1
3899 1 63 1
3900 1 63 1
3901 1 63 1
3902 0 -64 0
3903 0 -64 0
3904 0 -64 0
3905 1 63 1
3906 0 -64 0
3907 0 -64 0
3908 1 63 1
3909 0 -64 0
3910 0 -64 0
3911 1 63 1
3912 1 63 1
3913 0 -64 0
3914 0 -64 0
3915 1 63 1
3916 1 63 1
3917 0 -38 0
3918 1 63 1
3919 1 63 1
3920 1 63 1
3921 0 -64 0
3922 1 63 1
3923 0 -64 0
3924 1 63 1
3925 1 63 1
3926 0 -64 0
3927 1 63 1
3928 1 63 1
3929 0 -64 0
3930 0 -64 0
3931 1 63 1
3932 1 63 1
3933 0 -64 0
3934 0 -64 0
3935 0 -64 0
3936 1 63 1
3937 1 63 1
3938 1 63 1
3939 1 63 1
3940 1 63 1
3941 0 -64 0
3942 1 63 1
3943 1 63 1
3944 1 63 1
3945 1 63 1
3946 1 63 1
3947 0 -64 0
3948 0 -64 0
3949 0 -64 0
3950 1 63 1
3951 0 -64 0
3952 0 -64 0
3953 0 -64 0
3954 1 63 1
3955 1 63 1
3956 0 -64 0
3957 0 -64 0
3958 0 -64 0
3959 0 -64 0
3960 0 -64 0
3961 1 63 1
3962 1 63 1
3963 0 -64 0
3964 1 63 1
3965 1 63 1
3966 0 -64 0
3967 1 63 1
3968 1 63 1
3969 0 -64 0
3970 1 63 1
3971 0 -64 0
3972 1 63 1
3973 1 63 1
3974 0 -64 0
3975 0 -64 0
3976 0 -64 0
3977 1 63 1
3978 1 63 1
3979 0 -64 0
3980 1 63 1
3981 0 -64 0
3982 1 63 1
3983 1 63 1
3984 0 -64 0
3985 0 -64 0
3986 0 -64 0
3987 0 -64 0
3988 1 63 1
3989 1 63 1
3990 0 63 1
3991 0 -64 0
3992 1 63 1
3993 1 63 1
3994 0 -64 0
3995 1 63 1
3996 1 63 1
3997 0 -64 0
3998 0 -64 0
3999 1 63 1
4000 0 -64 0
4001 0 -64 0
4002 1 63 1
4003 0 -64 0
4004 1 63 1
4005 0 -64 0
4006 1 63 1
4007 1 63 1
4008 1 63 1
4009 1 63 1
4010 0 -64 0
4011 0 -64 0
4012 0 -64 0
4013 0 -64 0
4014 1 63 1
4015 0 -64 0
4016 0 -64 0
4017 1 63 1
4018 1 63 1
4019 0 -64 0
4020 1 63 1
4021 1 63 1
4022 0 -64 0
4023 1 63 1
4024 1 63 1
4025 0 -64 0
4026 1 63 1
4027 1 63 1
4028 1 63 1
4029 1 63 1
4030 1 63 1
4031 0 -64 0
4032 0 -64 0
4033 1 63 1
4034 1 63 1
4035 0 -64 0
4036 1 63 1
4037 1 63 1
4038 0 -64 0
4039 0 -64 0
4040 0 -64 0
4041 1 63 1
4042 1 63 1
4043 0 -64 0
4044 1 63 1
4045 0 -64 0
4046 1 63 1
4047 0 -64 0
4048 0 -64 0
4049 1 63 1
4050 1 63 1
4051 0 -64 0
4052 0 -64 0
4053 1 63 1
4054 0 -64 0
4055 0 -64 0
4056 0 -64 0
4057 1 63 1
4058 0 -64 0
4059 0 -64 0
4060 1 63 1
4061 0 -64 0
4062 1 63 1
4063 1 63 1
4064 1 63 1
4065 0 -64 0
4066 0 -64 0
4067 0 -64 0
4068 1 63 1
4069 0 -64 0
4070 0 -64 0
4071 1 63 1
4072 1 63 1
4073 1 63 1
4074 0 -64 0
4075 0 -64 0
4076 0 -64 0
4077 1 63 1
4078 1 53 1
4079 1 63 1
4080 1 63 1
4081 0 -64 0
4082 0 -64 0
4083 0 -64 0
4084 0 -56 0
4085 1 63 1
4086 1 63 1
4087 1 63 1
4088 1 63 1
4089 1 63 1
4090 0 -64 0
4091 0 -64 0
4092 1 63 1
4093 0 -64 0
4094 1 63 1
4095 0 -64 0
4096 0 -64 0
4097 0 -64 0
4098 0 -64 0
4099 1 63 1
4100 0 -64 0
4101 1 45 1
4102 1 63 1
4103 0 -64 0
4104 0 -64 0
4105 0 -64 0
4106 0 -64 0
4107 0 -64 0
4108 1 63 1
4109 0 -64 0
4110 1 63 1
4111 0 -64 0
4112 0 -64 0
4113 0 -64 0
4114 0 -64 0
4115 1 63 1
4116 0 -64 0
4117 1 63 1
4118 1 63 1
4119 0 -64 0
4120 0 -64 0
4121 0 -64 0
4122 0 -64 0
4123 0 -64 0
4124 1 63 1
4125 0 -64 0
4126 0 -64 0
4127 1 63 1
4128 0 -64 0
4129 1 63 1
4130 0 -64 0
4131 1 63 1
4132 0 -58 0
4133 0 -64 0
4134 0 -64 0
4135 0 -64 0
4136 1 63 1
4137 1 63 1
4138 0 -64 0
4139 1 63 1
4140 1 63 1
4141 1 63 1
4142 1 63 1
4143 0 -64 0
4144 1 63 1
4145 0 -64 0
4146 0 -64 0
4147 0 -64 0
4148 0 -64 0
4149 1 63 1
4150 0 -64 0
4151 1 63 1
4152 0 -64 0
4153 1 63 1
4154 0 -64 0
4155 0 -64 0
4156 0 -64 0
4157 1 63 1
4158 0 -64 0
4159 1 63 1
4160 1 63 1
4161 1 63 1
4162 0 -64 0
4163 1 63 1
4164 0 -64 0
4165 1 63 1
4166 0 -64 0
4167 0 -64 0
4168 1 63 1
4169 1 63 1
4170 0 -64 0
4171 1 63 1
4172 1 63 1
4173 0 -64 0
4174 1 63 1
4175 1 63 1
4176 1 63 1
4177 0 -64 0
4178 0 -64 0
4179 0 -64 0
4180 1 63 1
4181 0 -64 0
4182 1 63 1
4183 0 -64 0
4184 1 63 1
4185 0 -64 0
4186 0 -64 0
4187 1 63 1
4188 1 63 1
4189 1 63 1
4190 1 63 1
4191 1 63 1
4192 1 63 1
4193 1 63 1
4194 1 63 1
4195 0 -64 0
4196 0 -64 0
4197 1 63 1
4198 1 63 1
4199 0 -64 0
4200 1 63 1
4201 0 -64 0
4202 1 63 1
4203 0 -64 0
4204 0 -64 0
4205 1 63 1
4206 1 63 1
4207 0 -64 0
4208 1 63 1
4209 0 -64 0
4210 0 -64 0
4211 1 63 1
4212 1 63 1
4213 1 63 1
4214 1 63 1
4215 1 63 1
4216 0 -64 0
4217 0 -64 0
4218 1 63 1
4219 0 -64 0
4220 0 -64 0
4221 0 -64 0
4222 1 63 1
4223 0 -64 0
4224 0 -64 0
4225 0 -64 0
4226 1 63 1
4227 1 63 1
4228 0 -64 0
4229 1 63 1
4230 1 63 1
4231 0 -64 0
4232 0 -64 0
4233 0 -64 0
4234 1 63 1
4235 1 63 1
4236 0 -64 0
4237 1 63 1
4238 1 63 1
4239 1 63 1
4240 0 -64 0
4241 1 63 1
4242 1 63 1
4243 1 63 1
4244 1 63 1
4245 1 63 1
4246 0 -64 0
4247 0 40 1
4248 0 -64 0
4249 0 -64 0
4250 1 63 1
4251 0 -64 0
4252 1 63 1
4253 1 63 1
4254 1 63 1
4255 1 63 1
4256 0 -64 0
4257 1 63 1
4258 0 -64 0
4259 1 63 1
4260 1 63 1
4261 0 -64 0
4262 0 -64 0
4263 0 -64 0
4264 1 63 1
4265 0 -64 0
4266 1 63 1
4267 0 -64 0
4268 1 63 1
4269 0 -64 0
4270 0 -64 0
4271 0 -64 0
4272 1 63 1
4273 1 63 1
4274 1 63 1
4275 1 63 1
4276 1 63 1
4277 1 63 1
4278 1 63 1
4279 1 63 1
4280 0 -64 0
4281 1 63 1
4282 0 -64 0
4283 0 -64 0
4284 0 -64 0
4285 0 -64 0
4286 0 -64 0
4287 0 -64 0
4288 1 63 1
4289 0 -64 0
4290 0 -64 0
4291 1 63 1
4292 0 -64 0
4293 0 -64 0
4294 1 63 1
4295 1 63 1
4296 1 63 1
4297 1 63 1
4298 1 63 1
4299 1 63 1
4300 1 63 1
4301 0 -64 0
4302 1 63 1
4303 1 63 1
4304 1 63 1
4305 1 63 1
4306 1 63 1
4307 0 -64 0
4308 0 -64 0
4309 1 63 1
4310 1 63 1
4311 0 -64 0
4312 1 63 1
4313 0 -64 0
4314 0 -64 0
4315 1 63 1
4316 1 63 1
4317 1 63 1
4318 1 63 1
4319 1 63 1
4320 1 63 1
4321 0 -64 0
4322 0 -64 0
4323 1 63 1
4324 1 63 1
4325 0 -64 0
4326 1 63 1
4327 0 -64 0
4328 0 -64 0
4329 1 63 1
4330 0 -64 0
4331 1 63 1
4332 0 -64 0
4333 0 -64 0
4334 1 63 1
4335 1 63 1
4336 1 63 1
4337 0 -64 0
4338 1 63 1
4339 1 63 1
4340 0 -64 0
4341 1 63 1
4342 0 -64 0
4343 0 -64 0
4344 1 63 1
4345 1 63 1
4346 1 63 1
4347 1 63 1
4348 1 63 1
4349 1 63 1
4350 0 -64 0
4351 0 -64 0
4352 1 63 1
4353 0 -64 0
4354 0 -64 0
4355 1 63 1
4356 0 -64 0
4357 1 63 1
4358 0 -64 0
4359 0 -64 0
4360 1 63 1
4361 1 63 1
4362 0 -64 0
4363 0 -64 0
4364 1 63 1
4365 1 63 1
4366 0 -64 0
4367 1 63 1
4368 0 -64 0
4369 1 63 1
4370 1 -19 0
4371 0 -64 0
4372 0 -64 0
4373 0 -64 0
4374 0 -64 0
4375 1 63 1
4376 0 -64 0
4377 0 -64 0
4378 0 -64 0
4379 1 -64 0
4380 1 63 1
4381 0 -64 0
4382 1 63 1
4383 1 63 1
4384 1 63 1
4385 1 63 1
4386 0 -64 0
4387 0 -64 0
4388 1 63 1
4389 0 -64 0
4390 0 -64 0
4391 0 -64 0
4392 1 63 1
4393 1 50 1
4394 0 -64 0
4395 1 63 1
4396 0 -64 0
4397 0 -64 0
4398 0 -64 0
4399 1 63 1
4400 1 63 1
4401 1 63 1
4402 1 63 1
4403 1 63 1
4404 0 -64 0
4405 1 63 1
4406 1 63 1
4407 0 -64 0
4408 0 -64 0
4409 0 -64 0
4410 0 -64 0
4411 0 -64 0
4412 0 -64 0
4413 0 -64 0
4414 1 63 1
4415 1 63 1
4416 1 63 1
4417 0 -64 0
4418 0 -64 0
4419 1 63 1
4420 1 63 1
4421 1 63 1
4422 0 -64 0
4423 1 63 1
4424 0 -64 0
4425 0 -64 0
4426 0 -64 0
4427 0 -64 0
4428 0 -64 0
4429 0 -64 0
4430 0 -64 0
4431 1 63 1
4432 0 -64 0
4433 0 -64 0
4434 0 -64 0
4435 0 -64 0
4436 1 63 1
4437 1 63 1
4438 0 -64 0
4439 0 -64 0
4440 0 -64 0
4441 1 63 1
4442 1 63 1
4443 1 63 1
4444 0 -64 0
4445 1 63 1
4446 1 63 1
4447 1 63 1
4448 1 63 1
4449 0 -64 0
4450 0 -64 0
4451 1 63 1
4452 1 63 1
4453 0 -64 0
4454 1 63 1
4455 1 63 1
4456 1 63 1
4457 0 -64 0
4458 0 -64 0
4459 1 63 1
4460 1 63 1
4461 1 63 1
4462 0 -64 0
4463 1 63 1
4464 1 63 1
4465 0 -64 0
4466 0 -64 0
4467 1 63 1
4468 1 63 1
4469 1 63 1
4470 0 -64 0
4471 1 63 1
4472 1 63 1
4473 0 -64 0
4474 1 63 1
4475 0 -64 0
4476 1 63 1
4477 0 -64 0
4478 1 63 1
4479 1 63 1
4480 1 63 1
4481 0 -64 0
4482 0 -64 0
4483 1 63 1
4484 1 63 1
4485 0 -64 0
4486 0 -64 0
4487 0 -64 0
4488 0 -64 0
4489 0 -64 0
4490 0 -64 0
4491 1 63 1
4492 0 -64 0
4493 1 63 1
4494 0 -64 0
4495 0 -64 0
4496 0 -64 0
4497 0 -64 0
4498 0 -64 0
4499 0 -64 0
4500 1 63 1
4501 0 -64 0
4502 0 -64 0
4503 0 -64 0
4504 1 63 1
4505 0 -64 0
4506 1 63 1
4507 0 -64 0
4508 0 -64 0
4509 1 63 1
4510 0 -64 0
4511 0 -64 0
4512 0 -64 0
4513 0 -64 0
4514 1 63 1
4515 1 63 1
4516 1 63 1
4517 1 63 1
4518 0 -64 0
4519 1 63 1
4520 0 -64 0
4521 0 -64 0
4522 0 -64 0
4523 0 -64 0
4524 1 63 1
4525 1 63 1
4526 1 63 1
4527 1 63 1
4528 0 -64 0
4529 1 63 1
4530 0 -64 0
4531 0 -64 0
4532 1 63 1
4533 0 -64 0
4534 1 63 1
4535 0 -64 0
4536 1 63 1
4537 0 -64 0
4538 1 63 1
4539 0 -57 0
4540 1 63 1
4541 1 63 1
4542 1 63 1
4543 0 -64 0
4544 1 63 1
4545 0 -64 0
4546 1 63 1
4547 1 63 1
4548 1 63 1
4549 1 63 1
4550 0 -64 0
4551 0 -64 0
4552 0 -64 0
4553 1 63 1
4554 0 -47 0
4555 1 63 1
4556 0 -64 0
4557 0 -64 0
4558 1 63 1
4559 0 -64 0
4560 1 63 1
4561 0 -64 0
4562 1 63 1
4563 1 63 1
4564 1 63 1
4565 0 -64 0
4566 0 -64 0
4567 1 63 1
4568 0 -64 0
4569 0 -64 0
4570 0 -64 0
4571 0 -64 0
4572 0 -64 0
4573 0 -64 0
4574 1 63 1
4575 0 -64 0
4576 0 -64 0
4577 1 63 1
4578 0 -64 0
4579 0 -64 0
4580 0 -64 0
4581 1 63 1
4582 1 63 1
4583 1 63 1
4584 1 63 1
4585 0 -64 0
4586 1 63 1
4587 0 -64 0
4588 0 -64 0
4589 1 63 1
4590 0 -64 0
4591 1 63 1
4592 0 -64 0
4593 0 -64 0
4594 1 63 1
4595 1 63 1
4596 1 63 1
4597 0 -64 0
4598 1 63 1
4599 0 -64 0
4600 1 63 1
4601 1 63 1
4602 0 -64 0
4603 0 -64 0
4604 0 -64 0
4605 1 63 1
4606 0 -64 0
4607 1 63 1
4608 0 -38 0
4609 0 -64 0
4610 1 63 1
4611 0 -64 0
4612 1 63 1
4613 1 63 1
4614 1 63 1
4615 0 -64 0
4616 0 -64 0
4617 0 -64 0
4618 0 -64 0
4619 1 63 1
4620 0 -64 0
4621 0 -64 0
4622 1 63 1
4623 1 63 1
4624 0 -64 0
4625 0 -64 0
4626 1 63 1
4627 0 -64 0
4628 0 -64 0
4629 0 -64 0
4630 1 63 1
4631 1 63 1
4632 0 -64 0
4633 1 63 1
4634 1 63 1
4635 0 -64 0
4636 1 63 1
4637 0 -64 0
4638 0 -64 0
4639 1 63 1
4640 0 -64 0
4641 0 -64 0
4642 1 63 1
4643 0 -64 0
4644 1 63 1
4645 1 63 1
4646 0 -64 0
4647 1 63 1
4648 1 63 1
4649 0 -64 0
4650 1 63 1
4651 0 -64 0
4652 0 -64 0
4653 1 63 1
4654 1 63 1
4655 1 63 1
4656 1 63 1
4657 0 -64 0
4658 1 63 1
4659 0 -64 0
4660 1 63 1
4661 1 63 1
4662 0 -59 0
4663 0 -64 0
4664 1 63 1
4665 0 -64 0
4666 1 63 1
4667 0 -64 0
4668 0 -64 0
4669 0 -64 0
4670 1 63 1
4671 0 -64 0
4672 0 -64 0
4673 1 63 1
4674 0 -64 0
4675 1 63 1
4676 0 -64 0
4677 0 -64 0
4678 1 63 1
4679 0 -64 0
4680 0 -64 0
4681 1 63 1
4682 1 63 1
4683 1 52 1
4684 1 63 1
4685 0 -52 0
4686 0 -64 0
4687 1 63 1
4688 0 -64 0
4689 0 -64 0
4690 0 -64 0
4691 0 -64 0
4692 0 -64 0
4693 1 63 1
4694 0 -64 0
4695 0 -64 0
4696 1 63 1
4697 1 63 1
4698 0 -64 0
4699 1 63 1
4700 0 -64 0
4701 1 63 1
4702 1 63 1
4703 1 63 1
4704 1 63 1
4705 0 -64 0
4706 0 -64 0
4707 0 -64 0
4708 0 -64 0
4709 0 -64 0
4710 1 63 1
4711 1 63 1
4712 0 -64 0
4713 1 63 1
4714 0 -64 0
4715 0 -64 0
4716 0 -64 0
4717 1 63 1
4718 0 -64 0
4719 1 63 1
4720 1 63 1
4721 0 -64 0
4722 0 -64 0
4723 0 -57 0
4724 1 63 1
4725 1 63 1
4726 0 -64 0
4727 0 -64 0
4728 1 63 1
4729 1 63 1
4730 1 63 1
4731 1 63 1
4732 0 -64 0
4733 1 63 1
4734 1 63 1
4735 0 -64 0
4736 1 63 1
4737 0 -64 0
4738 1 63 1
4739 0 -64 0
4740 0 -64 0
4741 0 -64 0
4742 1 63 1
4743 1 63 1
4744 0 -64 0
4745 0 -64 0
4746 0 -64 0
4747 0 -64 0
4748 1 63 1
4749 1 63 1
4750 0 -64 0
4751 1 63 1
4752 0 -64 0
4753 1 63 1
4754 0 -64 0
4755 0 -64 0
4756 0 -64 0
4757 0 -64 0
4758 1 63 1
4759 1 63 1
4760 0 -64 0
4761 0 -64 0
4762 0 -64 0
4763 1 63 1
4764 0 -64 0
4765 0 -64 0
4766 0 -64 0
4767 0 -64 0
4768 1 63 1
4769 1 63 1
4770 1 63 1
4771 0 -64 0
4772 0 -64 0
4773 1 63 1
4774 1 63 1
4775 1 63 1
4776 1 63 1
4777 1 63 1
4778 0 -64 0
4779 0 -64 0
4780 1 63 1
4781 0 -64 0
4782 0 -64 0
4783 0 -64 0
4784 0 -64 0
4785 0 -64 0
4786 1 63 1
4787 1 63 1
4788 1 63 1
4789 1 63 1
4790 0 -64 0
4791 0 -64 0
4792 1 63 1
4793 1 63 1
4794 0 -64 0
4795 0 -64 0
4796 1 63 1
4797 1 63 1
4798 1 63 1
4799 1 63 1
4800 1 63 1
4801 0 -64 0
4802 0 -64 0
4803 0 -64 0
4804 0 -64 0
4805 0 -64 0
4806 1 63 1
4807 1 63 1
4808 1 63 1
4809 0 -64 0
4810 0 -64 0
4811 1 63 1
4812 0 -64 0
4813 1 63 1
4814 1 63 1
4815 0 -64 0
4816 0 -64 0
4817 0 -64 0
4818 1 63 1
4819 1 63 1
4820 1 63 1
4821 1 63 1
4822 0 -64 0
4823 1 63 1
4824 0 -64 0
4825 1 63 1
4826 1 63 1
4827 0 -64 0
4828 0 -64 0
4829 0 -64 0
4830 0 -64 0
4831 1 63 1
4832 1 63 1
4833 0 -64 0
4834 1 63 1
4835 1 63 1
4836 1 63 1
4837 0 -64 0
4838 0 -64 0
4839 0 -64 0
4840 1 63 1
4841 1 63 1
4842 0 -64 0
4843 1 63 1
4844 0 -64 0
4845 1 63 1
4846 1 -14 0
4847 1 63 1
4848 0 -64 0
4849 1 63 1
4850 1 63 1
4851 0 -64 0
4852 1 63 1
4853 1 63 1
4854 0 -64 0
4855 1 63 1
4856 0 -64 0
4857 0 -64 0
4858 0 -64 0
4859 1 63 1
4860 0 -64 0
4861 0 -64 0
4862 1 63 1
4863 1 63 1
4864 1 63 1
4865 0 -64 0
4866 1 63 1
4867 0 -64 0
4868 0 -64 0
4869 0 -53 0
4870 1 63 1
4871 0 -64 0
4872 1 63 1
4873 1 63 1
4874 1 63 1
4875 0 -64 0
4876 0 -64 0
4877 1 63 1
4878 0 -64 0
4879 1 63 1
4880 1 63 1
4881 0 -64 0
4882 0 -64 0
4883 1 63 1
4884 0 -64 0
4885 0 -64 0
4886 1 63 1
4887 1 63 1
4888 1 63 1
4889 0 -64 0
4890 0 -64 0
4891 0 -64 0
4892 0 -64 0
4893 1 63 1
4894 1 63 1
4895 1 63 1
4896 0 -64 0
4897 1 63 1
4898 0 -64 0
4899 0 -64 0
4900 0 -64 0
4901 0 -64 0
4902 0 -64 0
4903 1 63 1
4904 0 -64 0
4905 1 63 1
4906 0 -64 0
4907 1 63 1
4908 1 63 1
4909 0 -64 0
4910 1 63 1
4911 0 -64 0
4912 1 63 1
4913 0 -64 0
4914 0 -64 0
4915 1 63 1
4916 0 -64 0
4917 0 -64 0
4918 1 63 1
4919 0 -64 0
4920 1 63 1
4921 1 63 1
4922 1 63 1
4923 0 -64 0
4924 1 63 1
4925 1 63 1
4926 0 -64 0
4927 0 -64 0
4928 1 63 1
4929 0 -64 0
4930 1 63 1
4931 1 63 1
4932 1 63 1
4933 0 -64 0
4934 1 63 1
4935 0 -64 0
4936 1 63 1
4937 1 63 1
4938 0 -64 0
4939 1 63 1
4940 1 63 1
4941 1 63 1
4942 0 -64 0
4943 0 -64 0
4944 1 63 1
4945 0 -64 0
4946 1 63 1
4947 0 -64 0
4948 0 -64 0
4949 0 -64 0
4950 0 -64 0
4951 0 -64 0
4952 0 -64 0
4953 1 63 1
4954 0 -64 0
4955 1 63 1
4956 1 63 1
4957 1 63 1
4958 0 -64 0
4959 1 63 1
4960 0 -64 0
4961 1 63 1
4962 0 -64 0
4963 1 63 1
4964 0 -64 0
4965 0 63 1
4966 0 -64 0
4967 1 63 1
4968 0 -64 0
4969 1 63 1
4970 0 -64 0
4971 1 63 1
4972 0 -64 0
4973 0 -64 0
4974 0 -64 0
4975 0 -64 0
4976 1 63 1
4977 0 -64 0
4978 0 63 1
4979 0 -64 0
4980 1 63 1
4981 0 -64 0
4982 0 -64 0
4983 0 -64 0
4984 1 63 1
4985 1 63 1
4986 1 63 1
4987 0 -64 0
4988 0 -64 0
4989 1 63 1
4990 1 63 1
4991 0 -64 0
4992 1 63 1
4993 1 63 1
4994 1 63 1
4995 0 -64 0
4996 0 -64 0
4997 1 63 1
4998 1 63 1
4999 1 63 1
5000 1 63 1
5001 1 63 1
5002 1 -64 0
5003 1 63 1
5004 1 60 1
5005 0 -64 0
5006 1 63 1
5007 0 -64 0
5008 1 63 1
5009 0 -64 0
5010 1 63 1
5011 0 -64 0
5012 1 63 1
5013 0 -64 0
5014 1 63 1
5015 0 -64 0
5016 0 -64 0
5017 1 63 1
5018 1 63 1
5019 0 -64 0
5020 0 -64 0
5021 0 -64 0
5022 0 -64 0
5023 0 -64 0
5024 0 -64 0
5025 0 -64 0
5026 1 63 1
5027 0 -64 0
5028 0 -64 0
5029 1 63 1
5030 0 -64 0
5031 0 -64 0
5032 0 63 1
5033 1 63 1
5034 0 -64 0
5035 1 63 1
5036 0 -64 0
5037 1 63 1
5038 0 -64 0
5039 0 -64 0
5040 0 -64 0
5041 1 63 1
5042 0 -64 0
5043 1 63 1
5044 0 -64 0
5045 0 -64 0
5046 0 -64 0
5047 0 -64 0
5048 1 63 1
5049 0 -64 0
5050 0 -64 0
5051 1 63 1
5052 1 63 1
5053 1 63 1
5054 1 63 1
5055 1 63 1
5056 1 63 1
5057 1 63 1
5058 1 63 1
5059 1 63 1
5060 1 63 1
5061 1 63 1
5062 0 -64 0
5063 0 -64 0
5064 1 63 1
5065 0 -64 0
5066 0 -64 0
5067 1 63 1
5068 0 -64 0
5069 1 63 1
5070 1 63 1
5071 0 -64 0
5072 0 -64 0
5073 0 -64 0
5074 0 -64 0
5075 1 63 1
5076 1 63 1
5077 0 -64 0
5078 0 -64 0
5079 0 -64 0
5080 0 -64 0
5081 0 -64 0
5082 0 -64 0
5083 1 63 1
5084 1 44 1
5085 1 63 1
5086 0 -64 0
5087 0 -64 0
5088 1 63 1
5089 1 63 1
5090 0 -64 0
5091 0 -64 0
5092 1 63 1
5093 1 63 1
5094 0 -64 0
5095 0 -64 0
5096 0 -64 0
5097 0 -64 0
5098 1 63 1
5099 0 -64 0
5100 1 63 1
5101 0 -64 0
5102 0 -64 0
5103 1 63 1
5104 0 -64 0
5105 0 -64 0
5106 0 -64 0
5107 1 63 1
5108 1 63 1
5109 1 63 1
5110 1 63 1
5111 0 -64 0
5112 0 -64 0
5113 0 -64 0
5114 1 63 1
5115 0 -64 0
5116 0 -64 0
5117 1 63 1
5118 1 63 1
5119 0 -64 0
5120 0 -64 0
5121 0 -64 0
5122 1 63 1
5123 0 -64 0
5124 1 63 1
5125 0 -64 0
5126 1 63 1
5127 0 -64 0
5128 1 63 1
5129 1 63 1
5130 1 63 1
5131 1 63 1
5132 0 -64 0
5133 1 63 1
5134 1 63 1
5135 0 -64 0
5136 1 63 1
5137 1 63 1
5138 1 55 1
5139 1 63 1
5140 0 -64 0
5141 1 63 1
5142 0 -64 0
5143 0 -64 0
5144 0 -64 0
5145 0 -64 0
5146 1 63 1
5147 0 -64 0
5148 0 -64 0
5149 0 -64 0
5150 1 63 1
5151 0 -64 0
5152 0 -64 0
5153 1 -64 0
5154 1 63 1
5155 1 63 1
5156 0 -64 0
5157 1 63 1
5158 0 -64 0
5159 1 63 1
5160 1 63 1
5161 0 -48 0
5162 0 -64 0
5163 0 -64 0
5164 0 -64 0
5165 1 63 1
5166 1 63 1
5167 0 -64 0
5168 0 -64 0
5169 0 -64 0
5170 0 -64 0
5171 0 -64 0
5172 0 -59 0
5173 0 -64 0
5174 1 63 1
5175 1 63 1
5176 0 -64 0
5177 0 -64 0
5178 0 -64 0
5179 1 63 1
5180 1 63 1
5181 1 63 1
5182 1 63 1
5183 0 -64 0
5184 1 63 1
5185 1 63 1
5186 0 -64 0
5187 0 -64 0
5188 0 -64 0
5189 0 -64 0
5190 0 -64 0
5191 0 -64 0
5192 0 -64 0
5193 1 63 1
5194 1 63 1
5195 1 63 1
5196 1 63 1
5197 0 -64 0
5198 0 -64 0
5199 0 -64 0
5200 0 -64 0
5201 1 63 1
5202 0 -64 0
5203 0 -64 0
5204 0 -64 0
5205 0 -64 0
5206 1 63 1
5207 0 -64 0
5208 0 -64 0
5209 0 -64 0
5210 0 -64 0
5211 1 63 1
5212 1 63 1
5213 1 63 1
5214 0 -64 0
5215 1 63 1
5216 0 -64 0
5217 1 63 1
5218 1 63 1
5219 0 -64 0
5220 0 -64 0
5221 0 -64 0
5222 1 63 1
5223 0 -64 0
5224 0 -64 0
5225 0 -64 0
5226 0 -64 0
5227 1 63 1
5228 0 -64 0
5229 1 63 1
5230 0 -64 0
5231 1 63 1
5232 0 -64 0
5233 1 63 1
5234 0 -64 0
5235 1 63 1
5236 0 -64 0
5237 1 63 1
5238 0 -64 0
5239 0 -64 0
5240 1 63 1
5241 0 -64 0
5242 0 -64 0
5243 0 -64 0
5244 0 -64 0
5245 0 -64 0
5246 1 63 1
5247 0 -64 0
5248 1 63 1
5249 0 -64 0
5250 1 63 1
5251 0 -64 0
5252 1 63 1
5253 0 -64 0
5254 1 63 1
5255 1 63 1
5256 0 -64 0
5257 1 63 1
5258 1 63 1
5259 1 63 1
5260 1 63 1
5261 0 -64 0
5262 0 -64 0
5263 0 -64 0
5264 0 -64 0
5265 1 63 1
5266 1 63 1
5267 0 -64 0
5268 1 63 1
5269 0 -64 0
5270 1 63 1
5271 1 63 1
5272 1 63 1
5273 0 -64 0
5274 1 63 1
5275 1 63 1
5276 0 -64 0
5277 0 -64 0
5278 1 63 1
5279 1 63 1
5280 1 63 1
5281 1 63 1
5282 0 -64 0
5283 0 -64 0
5284 0 -64 0
5285 0 -64 0
5286 1 63 1
5287 0 -64 0
5288 0 -64 0
5289 1 63 1
5290 1 63 1
5291 0 -64 0
5292 1 63 1
5293 1 63 1
5294 1 63 1
5295 1 63 1
5296 1 63 1
5297 1 63 1
5298 1 63 1
5299 1 63 1
5300 0 -64 0
5301 0 -64 0
5302 0 -64 0
5303 0 -64 0
5304 0 -64 0
5305 0 -64 0
5306 1 63 1
5307 1 51 1
5308 0 -64 0
5309 0 -64 0
5310 0 -64 0
5311 0 -64 0
5312 1 63 1
5313 1 63 1
5314 1 63 1
5315 1 63 1
5316 0 -64 0
5317 0 -64 0
5318 1 63 1
5319 1 63 1
5320 1 63 1
5321 0 -64 0
5322 1 63 1
5323 0 -64 0
5324 1 63 1
5325 0 -64 0
5326 1 63 1
5327 1 63 1
5328 0 -64 0
5329 0 -64 0
5330 0 -64 0
5331 1 63 1
5332 0 -64 0
5333 1 63 1
5334 0 -64 0
5335 1 63 1
5336 0 -64 0
5337 0 -64 0
5338 1 63 1
5339 0 -64 0
5340 1 63 1
5341 1 63 1
5342 0 -64 0
5343 1 63 1
5344 1 63 1
5345 1 63 1
5346 1 63 1
5347 0 -64 0
5348 1 63 1
5349 1 63 1
5350 1 63 1
5351 1 63 1
5352 0 -64 0
5353 0 -64 0
5354 1 63 1
5355 0 -64 0
5356 0 -64 0
5357 0 -64 0
5358 0 -64 0
5359 0 -64 0
5360 1 63 1
5361 0 -64 0
5362 1 63 1
5363 0 -64 0
5364 0 -64 0
5365 0 -64 0
5366 0 -64 0
5367 1 63 1
5368 1 63 1
5369 1 63 1
5370 1 63 1
5371 1 63 1
5372 0 -64 0
5373 1 63 1
5374 1 63 1
5375 1 63 1
5376 1 37 1
5377 1 63 1
5378 1 63 1
5379 0 -64 0
5380 1 63 1
5381 0 -64 0
5382 1 63 1
5383 0 -64 0
5384 0 -64 0
5385 1 63 1
5386 0 -64 0
5387 1 63 1
5388 1 63 1
5389 1 63 1
5390 1 63 1
5391 1 63 1
5392 0 -64 0
5393 0 -64 0
5394 0 -64 0
5395 1 63 1
5396 0 -64 0
5397 0 -64 0
5398 0 -64 0
5399 1 63 1
5400 0 -64 0
5401 1 63 1
5402 0 -64 0
5403 0 -64 0
5404 1 63 1
5405 1 63 1
5406 1 63 1
5407 0 -64 0
5408 1 63 1
5409 1 63 1
5410 1 63 1
5411 1 63 1
5412 0 -64 0
5413 1 63 1
5414 0 -64 0
5415 0 -64 0
5416 1 63 1
5417 0 -64 0
5418 0 -64 0
5419 1 63 1
5420 0 -64 0
5421 1 63 1
5422 1 63 1
5423 0 -64 0
5424 0 -64 0
5425 0 -64 0
5426 0 -64 0
5427 1 63 1
5428 1 63 1
5429 0 -64 0
5430 1 63 1
5431 0 -64 0
5432 1 63 1
5433 0 -64 0
5434 1 63 1
5435 1 63 1
5436 1 63 1
5437 0 -64 0
5438 0 -64 0
5439 1 63 1
5440 0 -64 0
5441 1 63 1
5442 0 -64 0
5443 1 63 1
5444 0 -64 0
5445 1 63 1
5446 0 -64 0
5447 0 -64 0
5448 0 -64 0
5449 1 63 1
5450 1 63 1
5451 0 -64 0
5452 0 -64 0
5453 1 51 1
5454 1 63 1
5455 0 -64 0
5456 1 63 1
5457 1 63 1
5458 1 63 1
5459 0 -64 0
5460 1 63 1
5461 1 63 1
5462 0 -64 0
5463 0 -64 0
5464 1 63 1
5465 1 63 1
5466 0 -64 0
5467 1 63 1
5468 0 -64 0
5469 1 63 1
5470 1 63 1
5471 1 63 1
5472 0 -64 0
5473 0 -64 0
5474 0 -64 0
5475 0 -64 0
5476 0 -64 0
5477 1 63 1
5478 1 63 1
5479 0 -64 0
5480 1 63 1
5481 0 -64 0
5482 0 -64 0
5483 0 -64 0
5484 0 -64 0
5485 1 63 1
5486 0 -64 0
5487 0 -64 0
5488 1 63 1
5489 1 63 1
5490 0 -64 0
5491 0 -55 0
5492 1 63 1
5493 1 63 1
5494 1 63 1
5495 0 -64 0
5496 1 63 1
5497 1 63 1
5498 0 -64 0
5499 1 63 1
5500 1 63 1
5501 1 63 1
5502 1 63 1
5503 0 -64 0
5504 0 -64 0
5505 1 63 1
5506 0 -64 0
5507 0 -64 0
5508 1 63 1
5509 1 63 1
5510 0 -64 0
5511 1 63 1
5512 0 -64 0
5513 0 -64 0
5514 1 63 1
5515 1 63 1
5516 0 -64 0
5517 0 -64 0
5518 0 -64 0
5519 1 63 1
5520 1 63 1
5521 0 -64 0
5522 1 63 1
5523 0 -64 0
5524 0 -64 0
5525 1 63 1
5526 0 -64 0
5527 0 -64 0
5528 1 63 1
5529 0 -64 0
5530 1 63 1
5531 0 -64 0
5532 0 -64 0
5533 1 63 1
5534 1 63 1
5535 0 -61 0
5536 1 63 1
5537 1 63 1
5538 0 -64 0
5539 1 63 1
5540 1 63 1
5541 0 -64 0
5542 0 -64 0
5543 0 -64 0
5544 0 -64 0
5545 0 -64 0
5546 0 -64 0
5547 0 -64 0
5548 0 -64 0
5549 0 -64 0
5550 0 -64 0
5551 1 63 1
5552 0 -64 0
5553 1 63 1
5554 1 63 1
5555 1 63 1
5556 1 63 1
5557 1 63 1
5558 0 -64 0
5559 1 63 1
5560 1 63 1
5561 1 63 1
5562 0 -64 0
5563 0 -64 0
5564 1 63 1
5565 0 -64 0
5566 0 -64 0
5567 0 -64 0
5568 0 -64 0
5569 1 63 1
5570 1 63 1
5571 0 -64 0
5572 0 -64 0
5573 0 -64 0
5574 1 63 1
5575 1 63 1
5576 1 63 1
5577 0 -64 0
5578 1 63 1
5579 1 63 1
5580 0 -64 0
5581 0 -64 0
5582 0 -64 0
5583 0 -64 0
5584 0 -64 0
5585 1 63 1
5586 0 -64 0
5587 1 63 1
5588 1 63 1
5589 1 63 1
5590 0 -64 0
5591 1 63 1
5592 1 63 1
5593 0 -64 0
5594 1 63 1
5595 1 63 1
5596 1 63 1
5597 0 -64 0
5598 0 -64 0
5599 1 58 1
5600 0 -64 0
5601 0 -64 0
5602 1 63 1
5603 1 63 1
5604 1 63 1
5605 1 63 1
5606 1 63 1
5607 0 -64 0
5608 1 63 1
5609 0 -64 0
5610 1 63 1
5611 0 -64 0
5612 1 63 1
5613 0 -64 0
5614 0 -43 0
5615 0 -64 0
5616 1 63 1
5617 1 63 1
5618 1 63 1
5619 1 63 1
5620 0 -64 0
5621 1 63 1
5622 1 63 1
5623 1 63 1
5624 0 -64 0
5625 0 -64 0
5626 0 -64 0
5627 0 -64 0
5628 0 -64 0
5629 0 -64 0
5630 0 -64 0
5631 0 -64 0
5632 0 -64 0
5633 1 63 1
5634 1 63 1
5635 1 63 1
5636 1 63 1
5637 1 63 1
5638 0 -64 0
5639 0 -64 0
5640 1 63 1
5641 1 63 1
5642 0 -64 0
5643 0 -64 0
5644 0 -64 0
5645 0 -64 0
5646 1 63 1
5647 0 -64 0
5648 1 63 1
5649 0 -64 0
5650 1 63 1
5651 0 -64 0
5652 0 -64 0
5653 0 -64 0
5654 1 63 1
5655 1 63 1
5656 1 63 1
5657 1 63 1
5658 1 63 1
5659 0 -64 0
5660 1 63 1
5661 0 -64 0
5662 1 63 1
5663 1 63 1
5664 0 -64 0
5665 0 -64 0
5666 0 -64 0
5667 0 -64 0
5668 0 -49 0
5669 1 63 1
5670 1 63 1
5671 1 63 1
5672 0 -64 0
5673 0 -64 0
5674 1 63 1
5675 0 -64 0
5676 0 -64 0
5677 0 -64 0
5678 1 63 1
5679 1 63 1
5680 1 63 1
5681 0 -64 0
5682 0 -64 0
5683 1 63 1
5684 1 63 1
5685 0 -64 0
5686 1 63 1
5687 0 -64 0
5688 1 63 1
5689 1 63 1
5690 0 -64 0
5691 0 -64 0
5692 0 -64 0
5693 0 -64 0
5694 0 -64 0
5695 0 -64 0
5696 0 -64 0
5697 1 63 1
5698 1 63 1
5699 1 63 1
5700 1 63 1
5701 1 63 1
5702 1 63 1
5703 1 63 1
5704 0 -64 0
5705 1 63 1
5706 1 63 1
5707 0 -64 0
5708 1 63 1
5709 1 63 1
5710 1 63 1
5711 1 63 1
5712 1 63 1
5713 0 -64 0
5714 0 -64 0
5715 1 63 1
5716 1 63 1
5717 0 -64 0
5718 0 -64 0
5719 1 63 1
5720 0 -64 0
5721 0 -64 0
5722 1 63 1
5723 1 63 1
5724 1 63 1
5725 1 63 1
5726 1 63 1
5727 1 63 1
5728 1 63 1
5729 0 -64 0
5730 0 -64 0
5731 0 -64 0
5732 0 -64 0
5733 0 -64 0
5734 1 63 1
5735 1 63 1
5736 0 -64 0
5737 0 -64 0
5738 1 63 1
5739 1 63 1
5740 0 -64 0
5741 0 -64 0
5742 1 63 1
5743 1 63 1
5744 1 63 1
5745 1 63 1
5746 1 63 1
5747 0 -64 0
5748 1 63 1
5749 0 -64 0
5750 1 63 1
5751 0 -64 0
5752 1 63 1
5753 1 63 1
5754 0 -64 0
5755 1 63 1
5756 1 63 1
5757 0 -64 0
5758 1 63 1
5759 0 -64 0
5760 0 -64 0
5761 0 -64 0
5762 0 -64 0
5763 1 63 1
5764 1 63 1
5765 1 63 1
5766 1 63 1
5767 1 63 1
5768 1 63 1
5769 1 63 1
5770 0 -64 0
5771 0 -64 0
5772 1 63 1
5773 0 -64 0
5774 0 -64 0
5775 0 -64 0
5776 0 -64 0
5777 0 -64 0
5778 1 63 1
5779 1 63 1
5780 1 63 1
5781 0 -64 0
5782 1 63 1
5783 0 -50 0
5784 0 -64 0
5785 0 -64 0
5786 1 63 1
5787 0 -64 0
5788 1 63 1
5789 1 63 1
5790 1 63 1
5791 0 -64 0
5792 1 63 1
5793 1 63 1
5794 1 63 1
5795 0 -64 0
5796 0 -64 0
5797 1 63 1
5798 0 -64 0
5799 0 -64 0
5800 0 -64 0
5801 0 -64 0
5802 0 -64 0
5803 0 -64 0
5804 1 63 1
5805 1 63 1
5806 1 63 1
5807 0 -64 0
5808 1 63 1
5809 1 63 1
5810 0 -64 0
5811 0 -64 0
5812 0 -64 0
5813 0 -64 0
5814 0 -64 0
5815 1 63 1
5816 1 63 1
5817 0 -64 0
5818 1 63 1
5819 1 63 1
5820 0 -64 0
5821 1 63 1
5822 1 63 1
5823 0 -64 0
5824 1 63 1
5825 1 63 1
5826 0 -64 0
5827 1 63 1
5828 0 -64 0
5829 0 -64 0
5830 0 -64 0
5831 1 63 1
5832 0 -64 0
5833 1 63 1
5834 0 -64 0
5835 0 -64 0
5836 0 -64 0
5837 0 -64 0
5838 1 63 1
5839 0 -64 0
5840 1 63 1
5841 1 -64 0
5842 1 63 1
5843 1 63 1
5844 0 -64 0
5845 0 -64 0
5846 1 63 1
5847 1 63 1
5848 0 -64 0
5849 1 63 1
5850 0 -64 0
5851 1 63 1
5852 0 -62 0
5853 1 63 1
5854 0 -64 0
5855 1 63 1
5856 1 63 1
5857 0 -64 0
5858 1 63 1
5859 0 -64 0
5860 0 -64 0
5861 0 -64 0
5862 0 -64 0
5863 1 63 1
5864 0 -64 0
5865 1 63 1
5866 1 -18 0
5867 0 -64 0
5868 0 -64 0
5869 1 63 1
5870 0 -64 0
5871 1 63 1
5872 0 -64 0
5873 1 63 1
5874 0 -64 0
5875 1 63 1
5876 0 -64 0
5877 0 -64 0
5878 1 63 1
5879 0 -64 0
5880 1 63 1
5881 0 -64 0
5882 1 63 1
5883 1 63 1
5884 1 63 1
5885 0 -64 0
5886 1 63 1
5887 0 -64 0
5888 1 63 1
5889 1 63 1
5890 0 -64 0
5891 1 63 1
5892 1 63 1
5893 0 -64 0
5894 0 -64 0
5895 0 -64 0
5896 1 63 1
5897 0 -64 0
5898 0 -64 0
5899 0 -64 0
5900 1 63 1
5901 0 -64 0
5902 1 63 1
5903 1 63 1
5904 0 -64 0
5905 1 63 1
5906 1 57 1
5907 0 -64 0
5908 0 -64 0
5909 1 63 1
5910 1 63 1
5911 0 -64 0
5912 1 63 1
5913 1 63 1
5914 1 63 1
5915 0 -64 0
5916 1 63 1
5917 0 -64 0
5918 1 63 1
5919 0 -64 0
5920 1 63 1
5921 1 63 1
5922 0 -64 0
5923 0 -64 0
5924 0 -64 0
5925 0 -64 0
5926 1 63 1
5927 0 -64 0
5928 1 63 1
5929 1 44 1
5930 0 -64 0
5931 1 63 1
5932 0 -64 0
5933 0 -64 0
5934 1 63 1
5935 1 63 1
5936 1 63 1
5937 0 -64 0
5938 0 -64 0
5939 1 63 1
5940 0 -64 0
5941 0 -64 0
5942 0 -64 0
5943 0 -64 0
5944 0 -64 0
5945 1 63 1
5946 1 63 1
5947 0 -64 0
5948 0 -64 0
5949 1 63 1
5950 0 -64 0
5951 0 -64 0
5952 1 63 1
5953 1 63 1
5954 1 63 1
5955 1 63 1
5956 1 63 1
5957 1 63 1
5958 0 -64 0
5959 1 63 1
5960 1 63 1
5961 1 63 1
5962 1 63 1
5963 1 63 1
5964 0 -64 0
5965 1 63 1
5966 0 -64 0
5967 0 -64 0
5968 0 -64 0
5969 1 63 1
5970 1 63 1
5971 1 63 1
5972 1 63 1
5973 1 63 1
5974 0 -64 0
5975 1 63 1
5976 0 -64 0
5977 1 63 1
5978 1 63 1
5979 1 63 1
5980 1 63 1
5981 1 63 1
5982 0 -64 0
5983 1 63 1
5984 0 -64 0
5985 1 63 1
5986 1 63 1
5987 0 -64 0
5988 0 -64 0
5989 0 -64 0
5990 1 63 1
5991 0 -64 0
5992 0 -64 0
5993 1 63 1
5994 0 -64 0
5995 0 -64 0
5996 0 -64 0
5997 1 63 1
5998 0 -64 0
5999 1 63 1
6000 0 -64 0
6001 0 -64 0
6002 0 -64 0
6003 0 -64 0
6004 0 -64 0
6005 0 -64 0
6006 0 -64 0
6007 0 -64 0
6008 0 -64 0
6009 0 -64 0
6010 1 63 1
6011 0 -64 0
6012 1 63 1
6013 1 63 1
6014 0 -64 0
6015 0 -64 0
6016 1 63 1
6017 1 63 1
6018 0 -64 0
6019 1 63 1
6020 0 -64 0
6021 1 63 1
6022 0 -64 0
6023 0 -64 0
6024 0 -64 0
6025 0 -64 0
6026 1 63 1
6027 0 -64 0
6028 1 63 1
6029 0 -64 0
6030 1 63 1
6031 0 -64 0
6032 0 -64 0
6033 1 63 1
6034 1 63 1
6035 1 63 1
6036 1 63 1
6037 1 63 1
6038 1 63 1
6039 1 63 1
6040 0 -64 0
6041 0 -64 0
6042 1 63 1
6043 1 63 1
6044 1 63 1
6045 0 -64 0
6046 0 -64 0
6047 1 63 1
6048 1 63 1
6049 1 63 1
6050 0 -64 0
6051 1 63 1
6052 1 63 1
6053 0 -64 0
6054 0 -64 0
6055 1 63 1
6056 0 -64 0
6057 0 -64 0
6058 1 63 1
6059 1 63 1
6060 1 63 1
6061 1 63 1
6062 1 63 1
6063 1 63 1
6064 1 63 1
6065 1 63 1
6066 1 63 1
6067 0 -64 0
6068 1 63 1
6069 1 63 1
6070 0 -64 0
6071 1 63 1
6072 1 63 1
6073 1 63 1
6074 1 63 1
6075 0 -64 0
6076 1 63 1
6077 1 63 1
6078 0 -64 0
6079 0 -64 0
6080 1 63 1
6081 0 -64 0
6082 1 63 1
6083 1 63 1
6084 1 63 1
6085 0 -64 0
6086 0 -64 0
6087 1 63 1
6088 1 63 1
6089 0 -64 0
6090 1 40 1
6091 1 63 1
6092 0 -64 0
6093 0 -64 0
6094 1 63 1
6095 0 -64 0
6096 0 -64 0
6097 1 63 1
6098 0 -64 0
6099 0 -64 0
6100 0 -64 0
6101 1 63 1
6102 0 -64 0
6103 0 -64 0
6104 0 -64 0
6105 1 63 1
6106 0 -64 0
6107 0 -64 0
6108 0 -64 0
6109 1 63 1
6110 1 63 1
6111 1 63 1
6112 0 -64 0
6113 1 63 1
6114 1 63 1
6115 1 63 1
6116 1 63 1
6117 1 63 1
6118 1 63 1
6119 1 63 1
6120 1 63 1
6121 1 63 1
6122 1 63 1
6123 1 63 1
6124 0 -64 0
6125 0 -64 0
6126 1 63 1
6127 0 -64 0
6128 0 -64 0
6129 0 -64 0
6130 0 -64 0
6131 0 -64 0
6132 0 -64 0
6133 0 -64 0
6134 1 63 1
6135 1 63 1
6136 1 -64 0
6137 0 -64 0
6138 1 63 1
6139 1 63 1
6140 0 -64 0
6141 0 -64 0
6142 1 63 1
6143 0 -64 0
