# idx_orig final_llr seen
0 -64 1
1 63 1
2 63 1
3 63 1
4 63 1
5 63 1
6 -64 1
7 -64 1
8 -64 1
9 63 1
10 -64 1
11 63 1
12 63 1
13 63 1
14 63 1
15 -64 1
16 63 1
17 63 1
18 63 1
19 63 1
20 -64 1
21 -64 1
22 63 1
23 63 1
24 63 1
25 63 1
26 63 1
27 63 1
28 -64 1
29 63 1
30 63 1
31 -64 1
32 63 1
33 -64 1
34 63 1
35 63 1
36 63 1
37 63 1
38 -64 1
39 63 1
40 -64 1
41 63 1
42 63 1
43 -64 1
44 -64 1
45 -64 1
46 63 1
47 63 1
48 -64 1
49 63 1
50 63 1
51 -64 1
52 63 1
53 -64 1
54 -64 1
55 63 1
56 -64 1
57 63 1
58 63 1
59 63 1
60 -64 1
61 -64 1
62 -64 1
63 -64 1
64 -64 1
65 -64 1
66 -64 1
67 -64 1
68 63 1
69 63 1
70 -64 1
71 -64 1
72 63 1
73 63 1
74 -64 1
75 -64 1
76 -64 1
77 63 1
78 63 1
79 63 1
80 63 1
81 63 1
82 63 1
83 63 1
84 63 1
85 63 1
86 63 1
87 -64 1
88 -64 1
89 -64 1
90 63 1
91 63 1
92 -64 1
93 -64 1
94 -64 1
95 -64 1
96 -64 1
97 -64 1
98 63 1
99 -64 1
100 63 1
101 -64 1
102 -64 1
103 63 1
104 63 1
105 -64 1
106 -64 1
107 -64 1
108 63 1
109 -64 1
110 63 1
111 -64 1
112 63 1
113 -64 1
114 63 1
115 63 1
116 63 1
117 -64 1
118 -64 1
119 63 1
120 -64 1
121 63 1
122 -64 1
123 -64 1
124 63 1
125 63 1
126 63 1
127 63 1
128 -64 1
129 63 1
130 63 1
131 63 1
132 -64 1
133 63 1
134 63 1
135 63 1
136 -64 1
137 63 1
138 -64 1
139 -64 1
140 -64 1
141 -64 1
142 -64 1
143 -64 1
144 63 1
145 63 1
146 63 1
147 63 1
148 -64 1
149 63 1
150 -64 1
151 -64 1
152 63 1
153 -64 1
154 63 1
155 -64 1
156 63 1
157 -64 1
158 -64 1
159 63 1
160 -64 1
161 63 1
162 -64 1
163 -64 1
164 63 1
165 -64 1
166 -64 1
167 -64 1
168 -64 1
169 -64 1
170 -64 1
171 -64 1
172 63 1
173 -64 1
174 -64 1
175 63 1
176 63 1
177 63 1
178 -64 1
179 63 1
180 63 1
181 -64 1
182 63 1
183 -64 1
184 63 1
185 -64 1
186 -64 1
187 -64 1
188 -64 1
189 63 1
190 63 1
191 63 1
192 -64 1
193 63 1
194 63 1
195 -64 1
196 -64 1
197 63 1
198 -64 1
199 -64 1
200 -64 1
201 -64 1
202 63 1
203 63 1
204 63 1
205 63 1
206 -64 1
207 -64 1
208 63 1
209 -64 1
210 -64 1
211 -64 1
212 -64 1
213 -64 1
214 -64 1
215 63 1
216 63 1
217 -64 1
218 63 1
219 -64 1
220 -64 1
221 63 1
222 -64 1
223 63 1
224 -64 1
225 -64 1
226 63 1
227 -64 1
228 63 1
229 63 1
230 63 1
231 -64 1
232 -64 1
233 63 1
234 -64 1
235 -64 1
236 63 1
237 63 1
238 -64 1
239 63 1
240 63 1
241 -64 1
242 -64 1
243 63 1
244 63 1
245 63 1
246 -64 1
247 63 1
248 63 1
249 -64 1
250 63 1
251 63 1
252 63 1
253 -64 1
254 -64 1
255 -64 1
256 63 1
257 -64 1
258 -64 1
259 -64 1
260 -64 1
261 63 1
262 63 1
263 -64 1
264 63 1
265 -64 1
266 63 1
267 -64 1
268 63 1
269 -64 1
270 -64 1
271 63 1
272 63 1
273 63 1
274 -64 1
275 -64 1
276 63 1
277 63 1
278 63 1
279 63 1
280 63 1
281 63 1
282 -64 1
283 -64 1
284 -64 1
285 63 1
286 63 1
287 63 1
288 -64 1
289 63 1
290 -64 1
291 -64 1
292 63 1
293 63 1
294 63 1
295 63 1
296 -64 1
297 -64 1
298 63 1
299 63 1
300 63 1
301 63 1
302 63 1
303 -64 1
304 63 1
305 -64 1
306 63 1
307 -64 1
308 63 1
309 63 1
310 63 1
311 63 1
312 63 1
313 63 1
314 63 1
315 63 1
316 -64 1
317 -64 1
318 63 1
319 -64 1
320 63 1
321 -64 1
322 63 1
323 63 1
324 63 1
325 63 1
326 -64 1
327 63 1
328 63 1
329 63 1
330 -64 1
331 -64 1
332 63 1
333 -64 1
334 63 1
335 63 1
336 63 1
337 -64 1
338 -64 1
339 63 1
340 63 1
341 -64 1
342 -64 1
343 63 1
344 63 1
345 -64 1
346 63 1
347 63 1
348 -64 1
349 63 1
350 -64 1
351 63 1
352 -64 1
353 63 1
354 63 1
355 63 1
356 63 1
357 63 1
358 63 1
359 -64 1
360 -64 1
361 63 1
362 -64 1
363 63 1
364 -64 1
365 63 1
366 63 1
367 -64 1
368 63 1
369 63 1
370 63 1
371 -64 1
372 63 1
373 -64 1
374 -64 1
375 63 1
376 63 1
377 63 1
378 -64 1
379 -64 1
380 63 1
381 63 1
382 63 1
383 -64 1
384 63 1
385 63 1
386 63 1
387 63 1
388 63 1
389 -64 1
390 -64 1
391 63 1
392 -64 1
393 -64 1
394 -64 1
395 63 1
396 63 1
397 63 1
398 63 1
399 63 1
400 63 1
401 63 1
402 -64 1
403 63 1
404 63 1
405 63 1
406 -64 1
407 63 1
408 -64 1
409 63 1
410 -64 1
411 63 1
412 63 1
413 -64 1
414 -64 1
415 -64 1
416 -64 1
417 -64 1
418 63 1
419 -64 1
420 63 1
421 -64 1
422 -64 1
423 -64 1
424 63 1
425 63 1
426 63 1
427 63 1
428 63 1
429 -64 1
430 63 1
431 63 1
432 -64 1
433 63 1
434 -64 1
435 -64 1
436 -64 1
437 -64 1
438 63 1
439 -64 1
440 63 1
441 63 1
442 -64 1
443 63 1
444 -64 1
445 -64 1
446 63 1
447 -64 1
448 -64 1
449 -64 1
450 63 1
451 -64 1
452 63 1
453 -64 1
454 63 1
455 63 1
456 63 1
457 63 1
458 63 1
459 63 1
460 -64 1
461 -64 1
462 -64 1
463 63 1
464 63 1
465 -64 1
466 63 1
467 -64 1
468 63 1
469 -64 1
470 63 1
471 63 1
472 63 1
473 -64 1
474 63 1
475 63 1
476 63 1
477 -64 1
478 63 1
479 -64 1
480 -64 1
481 63 1
482 -64 1
483 63 1
484 -64 1
485 63 1
486 -64 1
487 -64 1
488 63 1
489 63 1
490 63 1
491 -64 1
492 -64 1
493 63 1
494 63 1
495 -64 1
496 63 1
497 -64 1
498 63 1
499 63 1
500 -64 1
501 63 1
502 -64 1
503 -64 1
504 63 1
505 -64 1
506 63 1
507 -64 1
508 -64 1
509 -64 1
510 63 1
511 63 1
512 63 1
513 63 1
514 63 1
515 -64 1
516 -64 1
517 63 1
518 -64 1
519 -64 1
520 -64 1
521 63 1
522 63 1
523 63 1
524 63 1
525 63 1
526 63 1
527 -64 1
528 63 1
529 -64 1
530 -64 1
531 63 1
532 63 1
533 -64 1
534 63 1
535 -64 1
536 -64 1
537 63 1
538 -64 1
539 -64 1
540 63 1
541 63 1
542 -64 1
543 -64 1
544 63 1
545 63 1
546 -64 1
547 -64 1
548 63 1
549 63 1
550 63 1
551 63 1
552 63 1
553 -64 1
554 63 1
555 63 1
556 -64 1
557 63 1
558 63 1
559 63 1
560 -64 1
561 63 1
562 63 1
563 -64 1
564 -64 1
565 -64 1
566 -64 1
567 63 1
568 -64 1
569 63 1
570 -64 1
571 63 1
572 -64 1
573 63 1
574 -64 1
575 -64 1
576 -64 1
577 -64 1
578 63 1
579 -64 1
580 63 1
581 63 1
582 -64 1
583 -64 1
584 -64 1
585 -64 1
586 63 1
587 -64 1
588 -64 1
589 63 1
590 63 1
591 63 1
592 63 1
593 -64 1
594 63 1
595 -64 1
596 -64 1
597 -64 1
598 -64 1
599 -64 1
600 -64 1
601 -64 1
602 63 1
603 63 1
604 63 1
605 63 1
606 -64 1
607 63 1
608 63 1
609 -64 1
610 63 1
611 63 1
612 -64 1
613 -64 1
614 63 1
615 63 1
616 63 1
617 63 1
618 -64 1
619 -64 1
620 -64 1
621 -64 1
622 63 1
623 63 1
624 -64 1
625 -64 1
626 63 1
627 63 1
628 -64 1
629 63 1
630 63 1
631 -64 1
632 -64 1
633 -64 1
634 -64 1
635 -64 1
636 63 1
637 -64 1
638 63 1
639 -64 1
640 -64 1
641 63 1
642 63 1
643 63 1
644 -64 1
645 63 1
646 63 1
647 -64 1
648 -64 1
649 -64 1
650 -64 1
651 63 1
652 63 1
653 63 1
654 63 1
655 63 1
656 63 1
657 -64 1
658 -64 1
659 63 1
660 -64 1
661 63 1
662 -64 1
663 63 1
664 -64 1
665 63 1
666 63 1
667 -64 1
668 63 1
669 63 1
670 -64 1
671 -64 1
672 -64 1
673 -64 1
674 63 1
675 -64 1
676 -64 1
677 63 1
678 63 1
679 -64 1
680 -64 1
681 63 1
682 -64 1
683 63 1
684 -64 1
685 -64 1
686 -64 1
687 63 1
688 -64 1
689 63 1
690 -64 1
691 63 1
692 -64 1
693 63 1
694 -64 1
695 -64 1
696 -64 1
697 63 1
698 63 1
699 -64 1
700 -64 1
701 -64 1
702 63 1
703 -64 1
704 63 1
705 -64 1
706 -64 1
707 63 1
708 -64 1
709 -64 1
710 -64 1
711 -64 1
712 63 1
713 -64 1
714 63 1
715 -64 1
716 -64 1
717 -64 1
718 63 1
719 -64 1
720 63 1
721 63 1
722 63 1
723 63 1
724 -64 1
725 -64 1
726 63 1
727 63 1
728 -64 1
729 63 1
730 -64 1
731 -64 1
732 63 1
733 -64 1
734 -64 1
735 -64 1
736 -64 1
737 63 1
738 -64 1
739 63 1
740 -64 1
741 -64 1
742 -64 1
743 63 1
744 -64 1
745 -64 1
746 63 1
747 63 1
748 63 1
749 63 1
750 -64 1
751 63 1
752 -64 1
753 63 1
754 -64 1
755 63 1
756 63 1
757 -64 1
758 63 1
759 63 1
760 -64 1
761 -64 1
762 63 1
763 -64 1
764 63 1
765 63 1
766 -64 1
767 -64 1
768 63 1
769 -64 1
770 63 1
771 -64 1
772 -64 1
773 63 1
774 63 1
775 -64 1
776 -64 1
777 63 1
778 63 1
779 -64 1
780 63 1
781 63 1
782 -64 1
783 -64 1
784 63 1
785 63 1
786 63 1
787 63 1
788 63 1
789 63 1
790 -64 1
791 63 1
792 63 1
793 63 1
794 -64 1
795 -64 1
796 -64 1
797 -64 1
798 -64 1
799 63 1
800 -64 1
801 -64 1
802 -64 1
803 63 1
804 -64 1
805 -64 1
806 -64 1
807 63 1
808 -64 1
809 -64 1
810 63 1
811 63 1
812 63 1
813 63 1
814 63 1
815 63 1
816 -64 1
817 63 1
818 -64 1
819 -64 1
820 63 1
821 63 1
822 63 1
823 -64 1
824 63 1
825 63 1
826 63 1
827 -64 1
828 63 1
829 -64 1
830 -64 1
831 63 1
832 -64 1
833 63 1
834 -64 1
835 63 1
836 -64 1
837 -64 1
838 63 1
839 63 1
840 63 1
841 -64 1
842 63 1
843 63 1
844 63 1
845 -64 1
846 63 1
847 -64 1
848 -64 1
849 63 1
850 63 1
851 63 1
852 63 1
853 63 1
854 -64 1
855 63 1
856 -64 1
857 -64 1
858 -64 1
859 63 1
860 -64 1
861 63 1
862 63 1
863 63 1
864 -64 1
865 63 1
866 63 1
867 63 1
868 63 1
869 -64 1
870 -64 1
871 -64 1
872 -64 1
873 -64 1
874 63 1
875 63 1
876 -64 1
877 -64 1
878 63 1
879 -64 1
880 -64 1
881 63 1
882 -64 1
883 63 1
884 -64 1
885 63 1
886 -64 1
887 -64 1
888 -64 1
889 63 1
890 63 1
891 63 1
892 63 1
893 -64 1
894 63 1
895 -64 1
896 -64 1
897 -64 1
898 -64 1
899 -64 1
900 -64 1
901 -64 1
902 63 1
903 -64 1
904 63 1
905 63 1
906 63 1
907 63 1
908 63 1
909 -64 1
910 -64 1
911 -64 1
912 63 1
913 -64 1
914 -64 1
915 -64 1
916 -64 1
917 -64 1
918 -64 1
919 -64 1
920 63 1
921 -64 1
922 -64 1
923 -64 1
924 63 1
925 63 1
926 63 1
927 63 1
928 63 1
929 -64 1
930 -64 1
931 63 1
932 63 1
933 -64 1
934 -64 1
935 63 1
936 -64 1
937 63 1
938 -64 1
939 63 1
940 -64 1
941 63 1
942 -64 1
943 63 1
944 -64 1
945 63 1
946 63 1
947 -64 1
948 63 1
949 -64 1
950 -64 1
951 63 1
952 -64 1
953 63 1
954 63 1
955 63 1
956 -64 1
957 -64 1
958 -64 1
959 63 1
960 -64 1
961 -64 1
962 -64 1
963 -64 1
964 -64 1
965 -64 1
966 -64 1
967 -64 1
968 63 1
969 63 1
970 -64 1
971 63 1
972 63 1
973 -64 1
974 -64 1
975 63 1
976 63 1
977 -64 1
978 -64 1
979 63 1
980 63 1
981 -64 1
982 63 1
983 63 1
984 63 1
985 -64 1
986 -64 1
987 -64 1
988 63 1
989 -64 1
990 -64 1
991 -64 1
992 63 1
993 -64 1
994 -64 1
995 -64 1
996 -64 1
997 -64 1
998 63 1
999 63 1
1000 63 1
1001 63 1
1002 -64 1
1003 -64 1
1004 -64 1
1005 -64 1
1006 -64 1
1007 -64 1
1008 -64 1
1009 63 1
1010 -64 1
1011 -64 1
1012 -64 1
1013 63 1
1014 -64 1
1015 -64 1
1016 -64 1
1017 63 1
1018 63 1
1019 -64 1
1020 63 1
1021 63 1
1022 -64 1
1023 -64 1
1024 -64 1
1025 -64 1
1026 -64 1
1027 -64 1
1028 -64 1
1029 63 1
1030 -64 1
1031 63 1
1032 -64 1
1033 63 1
1034 -64 1
1035 63 1
1036 -64 1
1037 -64 1
1038 -64 1
1039 -64 1
1040 -64 1
1041 -64 1
1042 -64 1
1043 -64 1
1044 -64 1
1045 63 1
1046 63 1
1047 63 1
1048 -64 1
1049 63 1
1050 63 1
1051 63 1
1052 -64 1
1053 63 1
1054 -64 1
1055 63 1
1056 63 1
1057 63 1
1058 -64 1
1059 63 1
1060 63 1
1061 63 1
1062 63 1
1063 63 1
1064 63 1
1065 63 1
1066 -64 1
1067 -64 1
1068 63 1
1069 -64 1
1070 -64 1
1071 -64 1
1072 63 1
1073 -64 1
1074 63 1
1075 63 1
1076 -64 1
1077 63 1
1078 63 1
1079 -64 1
1080 63 1
1081 63 1
1082 -64 1
1083 63 1
1084 63 1
1085 -64 1
1086 -64 1
1087 63 1
1088 63 1
1089 63 1
1090 63 1
1091 63 1
1092 63 1
1093 63 1
1094 -64 1
1095 -64 1
1096 63 1
1097 63 1
1098 63 1
1099 -64 1
1100 -64 1
1101 -64 1
1102 -64 1
1103 63 1
1104 -64 1
1105 -64 1
1106 -64 1
1107 -64 1
1108 63 1
1109 63 1
1110 63 1
1111 63 1
1112 63 1
1113 63 1
1114 -64 1
1115 -64 1
1116 63 1
1117 63 1
1118 63 1
1119 -64 1
1120 -64 1
1121 -64 1
1122 -64 1
1123 63 1
1124 -64 1
1125 -64 1
1126 -64 1
1127 -64 1
1128 63 1
1129 63 1
1130 63 1
1131 63 1
1132 63 1
1133 -64 1
1134 -64 1
1135 -64 1
1136 -64 1
1137 -64 1
1138 -64 1
1139 63 1
1140 63 1
1141 63 1
1142 -64 1
1143 63 1
1144 -64 1
1145 -64 1
1146 -64 1
1147 -64 1
1148 63 1
1149 63 1
1150 -64 1
1151 -64 1
1152 63 1
1153 -64 1
1154 -64 1
1155 -64 1
1156 -64 1
1157 63 1
1158 63 1
1159 -64 1
1160 63 1
1161 63 1
1162 -64 1
1163 -64 1
1164 -64 1
1165 63 1
1166 63 1
1167 63 1
1168 -64 1
1169 63 1
1170 63 1
1171 -64 1
1172 -64 1
1173 -64 1
1174 63 1
1175 -64 1
1176 63 1
1177 63 1
1178 63 1
1179 -64 1
1180 -64 1
1181 63 1
1182 63 1
1183 63 1
1184 -64 1
1185 63 1
1186 -64 1
1187 -64 1
1188 -64 1
1189 -64 1
1190 -64 1
1191 63 1
1192 -64 1
1193 63 1
1194 -64 1
1195 63 1
1196 -64 1
1197 63 1
1198 -64 1
1199 63 1
1200 63 1
1201 63 1
1202 63 1
1203 -64 1
1204 63 1
1205 -64 1
1206 -64 1
1207 63 1
1208 63 1
1209 63 1
1210 -64 1
1211 63 1
1212 63 1
1213 63 1
1214 63 1
1215 -64 1
1216 63 1
1217 -64 1
1218 -64 1
1219 63 1
1220 63 1
1221 63 1
1222 -64 1
1223 63 1
1224 63 1
1225 -64 1
1226 -64 1
1227 -64 1
1228 -64 1
1229 -64 1
1230 63 1
1231 -64 1
1232 63 1
1233 -64 1
1234 -64 1
1235 63 1
1236 63 1
1237 63 1
1238 -64 1
1239 -64 1
1240 63 1
1241 -64 1
1242 -64 1
1243 63 1
1244 63 1
1245 -64 1
1246 63 1
1247 -64 1
1248 63 1
1249 63 1
1250 63 1
1251 63 1
1252 63 1
1253 63 1
1254 -64 1
1255 63 1
1256 63 1
1257 -64 1
1258 -64 1
1259 -64 1
1260 -64 1
1261 63 1
1262 -64 1
1263 63 1
1264 -64 1
1265 63 1
1266 63 1
1267 -64 1
1268 63 1
1269 -64 1
1270 63 1
1271 63 1
1272 63 1
1273 63 1
1274 63 1
1275 63 1
1276 63 1
1277 -64 1
1278 -64 1
1279 63 1
1280 63 1
1281 -64 1
1282 -64 1
1283 -64 1
1284 63 1
1285 -64 1
1286 63 1
1287 63 1
1288 -64 1
1289 -64 1
1290 63 1
1291 -64 1
1292 -64 1
1293 63 1
1294 63 1
1295 -64 1
1296 63 1
1297 63 1
1298 63 1
1299 63 1
1300 -64 1
1301 -64 1
1302 63 1
1303 -64 1
1304 -64 1
1305 63 1
1306 63 1
1307 -64 1
1308 -64 1
1309 63 1
1310 -64 1
1311 63 1
1312 -64 1
1313 63 1
1314 63 1
1315 63 1
1316 63 1
1317 -64 1
1318 63 1
1319 63 1
1320 -64 1
1321 63 1
1322 -64 1
1323 -64 1
1324 63 1
1325 -64 1
1326 63 1
1327 -64 1
1328 63 1
1329 63 1
1330 63 1
1331 -64 1
1332 -64 1
1333 -64 1
1334 63 1
1335 -64 1
1336 63 1
1337 -64 1
1338 63 1
1339 63 1
1340 -64 1
1341 -64 1
1342 -64 1
1343 63 1
1344 63 1
1345 63 1
1346 63 1
1347 63 1
1348 -64 1
1349 63 1
1350 63 1
1351 63 1
1352 63 1
1353 -64 1
1354 63 1
1355 -64 1
1356 -64 1
1357 -64 1
1358 63 1
1359 63 1
1360 63 1
1361 -64 1
1362 63 1
1363 63 1
1364 63 1
1365 -64 1
1366 63 1
1367 -64 1
1368 63 1
1369 63 1
1370 63 1
1371 -64 1
1372 63 1
1373 63 1
1374 63 1
1375 63 1
1376 -64 1
1377 -64 1
1378 63 1
1379 -64 1
1380 -64 1
1381 63 1
1382 -64 1
1383 -64 1
1384 -64 1
1385 -64 1
1386 -64 1
1387 63 1
1388 -64 1
1389 -64 1
1390 -64 1
1391 63 1
1392 -64 1
1393 -64 1
1394 63 1
1395 63 1
1396 -64 1
1397 63 1
1398 -64 1
1399 -64 1
1400 63 1
1401 63 1
1402 63 1
1403 63 1
1404 63 1
1405 63 1
1406 -64 1
1407 -64 1
1408 -64 1
1409 -64 1
1410 -64 1
1411 -64 1
1412 -64 1
1413 63 1
1414 -64 1
1415 63 1
1416 63 1
1417 63 1
1418 -64 1
1419 -64 1
1420 63 1
1421 63 1
1422 -64 1
1423 63 1
1424 -64 1
1425 -64 1
1426 -64 1
1427 -64 1
1428 63 1
1429 63 1
1430 -64 1
1431 63 1
1432 63 1
1433 63 1
1434 -64 1
1435 63 1
1436 63 1
1437 -64 1
1438 63 1
1439 63 1
1440 63 1
1441 63 1
1442 63 1
1443 -64 1
1444 -64 1
1445 63 1
1446 -64 1
1447 63 1
1448 63 1
1449 63 1
1450 63 1
1451 63 1
1452 -64 1
1453 63 1
1454 63 1
1455 -64 1
1456 -64 1
1457 -64 1
1458 -64 1
1459 63 1
1460 63 1
1461 63 1
1462 -64 1
1463 -64 1
1464 63 1
1465 -64 1
1466 63 1
1467 -64 1
1468 63 1
1469 63 1
1470 -64 1
1471 63 1
1472 -64 1
1473 -64 1
1474 -64 1
1475 63 1
1476 63 1
1477 63 1
1478 -64 1
1479 63 1
1480 -64 1
1481 63 1
1482 -64 1
1483 -64 1
1484 -64 1
1485 -64 1
1486 -64 1
1487 -64 1
1488 63 1
1489 63 1
1490 -64 1
1491 63 1
1492 63 1
1493 -64 1
1494 63 1
1495 -64 1
1496 63 1
1497 63 1
1498 -64 1
1499 63 1
1500 -64 1
1501 63 1
1502 63 1
1503 -64 1
1504 -64 1
1505 63 1
1506 -64 1
1507 -64 1
1508 -64 1
1509 63 1
1510 63 1
1511 -64 1
1512 -64 1
1513 63 1
1514 -64 1
1515 -64 1
1516 -64 1
1517 63 1
1518 63 1
1519 -64 1
1520 -64 1
1521 63 1
1522 63 1
1523 -64 1
1524 -64 1
1525 63 1
1526 63 1
1527 -64 1
1528 63 1
1529 -64 1
1530 -64 1
1531 63 1
1532 -64 1
1533 63 1
1534 63 1
1535 -64 1
1536 63 1
1537 -64 1
1538 63 1
1539 63 1
1540 -64 1
1541 63 1
1542 63 1
1543 -64 1
1544 63 1
1545 63 1
1546 -64 1
1547 -64 1
1548 63 1
1549 63 1
1550 63 1
1551 -64 1
1552 -64 1
1553 63 1
1554 63 1
1555 -64 1
1556 63 1
1557 -64 1
1558 -64 1
1559 63 1
1560 -64 1
1561 -64 1
1562 63 1
1563 63 1
1564 63 1
1565 63 1
1566 -64 1
1567 63 1
1568 63 1
1569 -64 1
1570 -64 1
1571 -64 1
1572 -64 1
1573 63 1
1574 -64 1
1575 -64 1
1576 -64 1
1577 63 1
1578 63 1
1579 63 1
1580 -64 1
1581 -64 1
1582 63 1
1583 -64 1
1584 -64 1
1585 -64 1
1586 63 1
1587 63 1
1588 -64 1
1589 -64 1
1590 -64 1
1591 63 1
1592 63 1
1593 -64 1
1594 -64 1
1595 -64 1
1596 63 1
1597 63 1
1598 63 1
1599 -64 1
1600 63 1
1601 -64 1
1602 -64 1
1603 -64 1
1604 63 1
1605 -64 1
1606 -64 1
1607 63 1
1608 -64 1
1609 63 1
1610 -64 1
1611 63 1
1612 -64 1
1613 63 1
1614 63 1
1615 63 1
1616 -64 1
1617 -64 1
1618 -64 1
1619 -64 1
1620 -64 1
1621 -64 1
1622 63 1
1623 63 1
1624 63 1
1625 63 1
1626 63 1
1627 -64 1
1628 63 1
1629 -64 1
1630 -64 1
1631 -64 1
1632 63 1
1633 -64 1
1634 -64 1
1635 63 1
1636 -64 1
1637 -64 1
1638 -64 1
1639 63 1
1640 63 1
1641 -64 1
1642 63 1
1643 -64 1
1644 -64 1
1645 63 1
1646 63 1
1647 63 1
1648 63 1
1649 -64 1
1650 -64 1
1651 63 1
1652 -64 1
1653 63 1
1654 -64 1
1655 -64 1
1656 -64 1
1657 63 1
1658 -64 1
1659 -64 1
1660 63 1
1661 -64 1
1662 63 1
1663 -64 1
1664 63 1
1665 -64 1
1666 63 1
1667 63 1
1668 63 1
1669 -64 1
1670 63 1
1671 -64 1
1672 63 1
1673 -64 1
1674 -64 1
1675 -64 1
1676 -64 1
1677 -64 1
1678 63 1
1679 63 1
1680 -64 1
1681 63 1
1682 63 1
1683 -64 1
1684 -64 1
1685 63 1
1686 63 1
1687 63 1
1688 -64 1
1689 63 1
1690 -64 1
1691 -64 1
1692 63 1
1693 -64 1
1694 63 1
1695 -64 1
1696 63 1
1697 63 1
1698 -64 1
1699 -64 1
1700 -64 1
1701 63 1
1702 63 1
1703 63 1
1704 -64 1
1705 63 1
1706 63 1
1707 63 1
1708 -64 1
1709 63 1
1710 -64 1
1711 -64 1
1712 63 1
1713 -64 1
1714 -64 1
1715 63 1
1716 63 1
1717 -64 1
1718 63 1
1719 63 1
1720 -64 1
1721 -64 1
1722 -64 1
1723 63 1
1724 63 1
1725 -64 1
1726 63 1
1727 63 1
1728 63 1
1729 -64 1
1730 -64 1
1731 63 1
1732 63 1
1733 -64 1
1734 63 1
1735 -64 1
1736 -64 1
1737 63 1
1738 -64 1
1739 63 1
1740 63 1
1741 63 1
1742 63 1
1743 63 1
1744 63 1
1745 -64 1
1746 -64 1
1747 -64 1
1748 63 1
1749 -64 1
1750 -64 1
1751 -64 1
1752 -64 1
1753 63 1
1754 -64 1
1755 -64 1
1756 63 1
1757 63 1
1758 63 1
1759 -64 1
1760 63 1
1761 -64 1
1762 63 1
1763 63 1
1764 -64 1
1765 63 1
1766 -64 1
1767 63 1
1768 63 1
1769 -64 1
1770 63 1
1771 -64 1
1772 63 1
1773 63 1
1774 -64 1
1775 63 1
1776 -64 1
1777 -64 1
1778 63 1
1779 -64 1
1780 -64 1
1781 63 1
1782 63 1
1783 63 1
1784 63 1
1785 63 1
1786 -64 1
1787 63 1
1788 63 1
1789 -64 1
1790 -64 1
1791 -64 1
1792 -62 1
1793 -64 1
1794 -64 1
1795 63 1
1796 63 1
1797 63 1
1798 63 1
1799 62 1
1800 -64 1
1801 63 1
1802 -64 1
1803 -64 1
1804 -64 1
1805 -64 1
1806 -64 1
1807 -64 1
1808 -64 1
1809 -64 1
1810 63 1
1811 63 1
1812 63 1
1813 -64 1
1814 63 1
1815 -64 1
1816 -64 1
1817 -64 1
1818 63 1
1819 -64 1
1820 -64 1
1821 63 1
1822 63 1
1823 -64 1
1824 -64 1
1825 63 1
1826 -64 1
1827 63 1
1828 63 1
1829 63 1
1830 63 1
1831 -64 1
1832 63 1
1833 -64 1
1834 63 1
1835 -64 1
1836 63 1
1837 63 1
1838 -64 1
1839 -64 1
1840 -64 1
1841 -64 1
1842 -64 1
1843 -64 1
1844 63 1
1845 -64 1
1846 63 1
1847 63 1
1848 63 1
1849 -64 1
1850 63 1
1851 63 1
1852 63 1
1853 63 1
1854 63 1
1855 63 1
1856 63 1
1857 63 1
1858 -64 1
1859 63 1
1860 -64 1
1861 63 1
1862 63 1
1863 63 1
1864 63 1
1865 63 1
1866 63 1
1867 63 1
1868 -64 1
1869 63 1
1870 63 1
1871 -64 1
1872 63 1
1873 -64 1
1874 -64 1
1875 -64 1
1876 63 1
1877 63 1
1878 63 1
1879 -64 1
1880 63 1
1881 63 1
1882 -64 1
1883 -64 1
1884 -64 1
1885 63 1
1886 63 1
1887 63 1
1888 -64 1
1889 63 1
1890 -64 1
1891 -64 1
1892 63 1
1893 63 1
1894 63 1
1895 63 1
1896 -64 1
1897 -64 1
1898 63 1
1899 63 1
1900 63 1
1901 -64 1
1902 63 1
1903 63 1
1904 -64 1
1905 63 1
1906 63 1
1907 63 1
1908 63 1
1909 -64 1
1910 -64 1
1911 63 1
1912 63 1
1913 -64 1
1914 -64 1
1915 63 1
1916 -64 1
1917 -64 1
1918 63 1
1919 -64 1
1920 -64 1
1921 63 1
1922 63 1
1923 63 1
1924 -64 1
1925 63 1
1926 63 1
1927 -64 1
1928 63 1
1929 -64 1
1930 -64 1
1931 63 1
1932 -64 1
1933 -64 1
1934 -64 1
1935 63 1
1936 63 1
1937 63 1
1938 63 1
1939 63 1
1940 63 1
1941 -64 1
1942 63 1
1943 63 1
1944 63 1
1945 63 1
1946 63 1
1947 63 1
1948 63 1
1949 63 1
1950 -64 1
1951 63 1
1952 63 1
1953 -64 1
1954 -64 1
1955 63 1
1956 63 1
1957 63 1
1958 -64 1
1959 -64 1
1960 -64 1
1961 63 1
1962 -64 1
1963 63 1
1964 63 1
1965 -64 1
1966 -64 1
1967 -64 1
1968 -64 1
1969 -64 1
1970 -64 1
1971 -64 1
1972 -64 1
1973 63 1
1974 -64 1
1975 63 1
1976 63 1
1977 63 1
1978 -64 1
1979 -64 1
1980 63 1
1981 -64 1
1982 63 1
1983 -64 1
1984 -64 1
1985 63 1
1986 63 1
1987 63 1
1988 -64 1
1989 -64 1
1990 63 1
1991 -64 1
1992 -64 1
1993 -64 1
1994 -64 1
1995 -64 1
1996 -64 1
1997 -64 1
1998 63 1
1999 -64 1
2000 63 1
2001 -64 1
2002 -64 1
2003 -64 1
2004 63 1
2005 63 1
2006 -64 1
2007 -64 1
2008 -64 1
2009 -64 1
2010 63 1
2011 63 1
2012 63 1
2013 63 1
2014 -64 1
2015 -64 1
2016 -64 1
2017 -64 1
2018 63 1
2019 -64 1
2020 63 1
2021 63 1
2022 -64 1
2023 -64 1
2024 -64 1
2025 -64 1
2026 63 1
2027 63 1
2028 63 1
2029 63 1
2030 63 1
2031 63 1
2032 -64 1
2033 63 1
2034 63 1
2035 63 1
2036 63 1
2037 63 1
2038 63 1
2039 -64 1
2040 -64 1
2041 63 1
2042 -64 1
2043 63 1
2044 -64 1
2045 63 1
2046 63 1
2047 63 1
2048 -64 1
2049 -64 1
2050 63 1
2051 -64 1
2052 -64 1
2053 63 1
2054 63 1
2055 63 1
2056 -58 1
2057 -64 1
2058 -64 1
2059 -64 1
2060 63 1
2061 -64 1
2062 -64 1
2063 58 1
2064 -64 1
2065 -64 1
2066 -64 1
2067 63 1
2068 -64 1
2069 63 1
2070 -64 1
2071 63 1
2072 -64 1
2073 63 1
2074 -64 1
2075 63 1
2076 -64 1
2077 -64 1
2078 63 1
2079 63 1
2080 63 1
2081 63 1
2082 -64 1
2083 63 1
2084 -64 1
2085 -64 1
2086 -64 1
2087 63 1
2088 -64 1
2089 63 1
2090 -64 1
2091 63 1
2092 -64 1
2093 63 1
2094 -64 1
2095 -64 1
2096 63 1
2097 63 1
2098 -64 1
2099 -64 1
2100 63 1
2101 63 1
2102 -64 1
2103 63 1
2104 63 1
2105 63 1
2106 63 1
2107 63 1
2108 63 1
2109 -64 1
2110 63 1
2111 63 1
2112 63 1
2113 -64 1
2114 63 1
2115 -64 1
2116 63 1
2117 63 1
2118 63 1
2119 63 1
2120 63 1
2121 63 1
2122 63 1
2123 63 1
2124 -64 1
2125 -64 1
2126 63 1
2127 63 1
2128 -64 1
2129 -64 1
2130 63 1
2131 -64 1
2132 63 1
2133 63 1
2134 -64 1
2135 63 1
2136 63 1
2137 -64 1
2138 -64 1
2139 -64 1
2140 63 1
2141 -64 1
2142 63 1
2143 -64 1
2144 -64 1
2145 -64 1
2146 63 1
2147 -64 1
2148 63 1
2149 -64 1
2150 -64 1
2151 63 1
2152 63 1
2153 -64 1
2154 63 1
2155 -64 1
2156 63 1
2157 -64 1
2158 -64 1
2159 63 1
2160 -64 1
2161 -64 1
2162 -64 1
2163 63 1
2164 63 1
2165 -64 1
2166 63 1
2167 63 1
2168 -64 1
2169 63 1
2170 -64 1
2171 63 1
2172 63 1
2173 -64 1
2174 63 1
2175 63 1
2176 -64 1
2177 63 1
2178 -64 1
2179 -64 1
2180 63 1
2181 63 1
2182 63 1
2183 -64 1
2184 63 1
2185 -64 1
2186 -64 1
2187 63 1
2188 -64 1
2189 63 1
2190 63 1
2191 63 1
2192 -64 1
2193 -64 1
2194 -64 1
2195 63 1
2196 63 1
2197 63 1
2198 63 1
2199 63 1
2200 -64 1
2201 -64 1
2202 63 1
2203 63 1
2204 63 1
2205 63 1
2206 -64 1
2207 63 1
2208 63 1
2209 -64 1
2210 63 1
2211 63 1
2212 -64 1
2213 -64 1
2214 63 1
2215 -64 1
2216 63 1
2217 63 1
2218 63 1
2219 63 1
2220 63 1
2221 63 1
2222 63 1
2223 63 1
2224 -64 1
2225 -64 1
2226 63 1
2227 63 1
2228 63 1
2229 63 1
2230 -64 1
2231 63 1
2232 -64 1
2233 -64 1
2234 -64 1
2235 -64 1
2236 63 1
2237 63 1
2238 -64 1
2239 63 1
2240 63 1
2241 63 1
2242 63 1
2243 63 1
2244 -64 1
2245 63 1
2246 63 1
2247 -64 1
2248 -64 1
2249 63 1
2250 -64 1
2251 -64 1
2252 63 1
2253 -64 1
2254 -64 1
2255 63 1
2256 -64 1
2257 -64 1
2258 -64 1
2259 63 1
2260 63 1
2261 -64 1
2262 -64 1
2263 -64 1
2264 -64 1
2265 -64 1
2266 -64 1
2267 -64 1
2268 -64 1
2269 -64 1
2270 63 1
2271 63 1
2272 -64 1
2273 63 1
2274 -64 1
2275 63 1
2276 63 1
2277 -64 1
2278 63 1
2279 63 1
2280 -64 1
2281 63 1
2282 -64 1
2283 63 1
2284 63 1
2285 63 1
2286 63 1
2287 63 1
2288 -64 1
2289 63 1
2290 -64 1
2291 63 1
2292 63 1
2293 63 1
2294 63 1
2295 -64 1
2296 63 1
2297 63 1
2298 63 1
2299 63 1
2300 -64 1
2301 63 1
2302 -64 1
2303 63 1
2304 63 1
2305 63 1
2306 -64 1
2307 63 1
2308 -64 1
2309 63 1
2310 63 1
2311 -64 1
2312 63 1
2313 63 1
2314 63 1
2315 63 1
2316 63 1
2317 -64 1
2318 -64 1
2319 63 1
2320 -64 1
2321 -64 1
2322 -64 1
2323 63 1
2324 63 1
2325 63 1
2326 -64 1
2327 -64 1
2328 63 1
2329 -64 1
2330 -64 1
2331 -64 1
2332 -64 1
2333 63 1
2334 63 1
2335 -64 1
2336 -64 1
2337 -64 1
2338 63 1
2339 63 1
2340 -64 1
2341 63 1
2342 -64 1
2343 63 1
2344 -64 1
2345 63 1
2346 -64 1
2347 -64 1
2348 63 1
2349 -64 1
2350 63 1
2351 63 1
2352 63 1
2353 -64 1
2354 -64 1
2355 -64 1
2356 63 1
2357 63 1
2358 63 1
2359 63 1
2360 -64 1
2361 -64 1
2362 63 1
2363 63 1
2364 63 1
2365 -64 1
2366 -64 1
2367 -64 1
2368 -64 1
2369 63 1
2370 63 1
2371 63 1
2372 -64 1
2373 -64 1
2374 63 1
2375 63 1
2376 63 1
2377 63 1
2378 63 1
2379 -64 1
2380 -64 1
2381 -64 1
2382 63 1
2383 -64 1
2384 -64 1
2385 -64 1
2386 63 1
2387 63 1
2388 -64 1
2389 -64 1
2390 -64 1
2391 63 1
2392 -64 1
2393 63 1
2394 -64 1
2395 63 1
2396 63 1
2397 63 1
2398 -64 1
2399 63 1
2400 63 1
2401 -64 1
2402 -64 1
2403 63 1
2404 63 1
2405 63 1
2406 63 1
2407 63 1
2408 63 1
2409 63 1
2410 -64 1
2411 -64 1
2412 63 1
2413 -64 1
2414 63 1
2415 -64 1
2416 -64 1
2417 -64 1
2418 -64 1
2419 63 1
2420 -64 1
2421 63 1
2422 -64 1
2423 -64 1
2424 -64 1
2425 -64 1
2426 63 1
2427 63 1
2428 -64 1
2429 -64 1
2430 63 1
2431 63 1
2432 -64 1
2433 -64 1
2434 -64 1
2435 63 1
2436 63 1
2437 -64 1
2438 -64 1
2439 63 1
2440 -64 1
2441 -64 1
2442 63 1
2443 -64 1
2444 63 1
2445 -64 1
2446 63 1
2447 63 1
2448 -64 1
2449 63 1
2450 -64 1
2451 -64 1
2452 -64 1
2453 -64 1
2454 -64 1
2455 -64 1
2456 63 1
2457 -64 1
2458 -64 1
2459 -64 1
2460 63 1
2461 -64 1
2462 -64 1
2463 -64 1
2464 63 1
2465 63 1
2466 63 1
2467 63 1
2468 -64 1
2469 -64 1
2470 -64 1
2471 63 1
2472 63 1
2473 63 1
2474 -64 1
2475 -64 1
2476 -64 1
2477 -64 1
2478 -64 1
2479 63 1
2480 -64 1
2481 63 1
2482 -64 1
2483 -64 1
2484 63 1
2485 -64 1
2486 63 1
2487 -64 1
2488 63 1
2489 63 1
2490 63 1
2491 63 1
2492 -64 1
2493 63 1
2494 63 1
2495 63 1
2496 63 1
2497 -64 1
2498 -64 1
2499 -64 1
2500 -64 1
2501 63 1
2502 -64 1
2503 -64 1
2504 63 1
2505 -64 1
2506 63 1
2507 63 1
2508 -64 1
2509 63 1
2510 63 1
2511 63 1
2512 63 1
2513 -64 1
2514 63 1
2515 63 1
2516 63 1
2517 -64 1
2518 -64 1
2519 63 1
2520 -64 1
2521 63 1
2522 -64 1
2523 63 1
2524 -64 1
2525 63 1
2526 -64 1
2527 -64 1
2528 63 1
2529 63 1
2530 -64 1
2531 -64 1
2532 63 1
2533 -64 1
2534 63 1
2535 63 1
2536 63 1
2537 -64 1
2538 -64 1
2539 -64 1
2540 63 1
2541 -64 1
2542 63 1
2543 63 1
2544 63 1
2545 63 1
2546 63 1
2547 63 1
2548 -64 1
2549 63 1
2550 63 1
2551 -64 1
2552 63 1
2553 63 1
2554 -64 1
2555 63 1
2556 63 1
2557 -64 1
2558 -64 1
2559 -64 1
2560 63 1
2561 -64 1
2562 63 1
2563 63 1
2564 63 1
2565 63 1
2566 -64 1
2567 63 1
2568 -64 1
2569 -64 1
2570 -64 1
2571 63 1
2572 -64 1
2573 63 1
2574 63 1
2575 -64 1
2576 63 1
2577 63 1
2578 -64 1
2579 -64 1
2580 -64 1
2581 -64 1
2582 -64 1
2583 63 1
2584 -64 1
2585 -64 1
2586 63 1
2587 63 1
2588 -64 1
2589 63 1
2590 63 1
2591 63 1
2592 63 1
2593 63 1
2594 -64 1
2595 -64 1
2596 -64 1
2597 -64 1
2598 -64 1
2599 63 1
2600 63 1
2601 -64 1
2602 63 1
2603 63 1
2604 -64 1
2605 -64 1
2606 -64 1
2607 63 1
2608 -64 1
2609 63 1
2610 -64 1
2611 -64 1
2612 -64 1
2613 63 1
2614 63 1
2615 63 1
2616 63 1
2617 -64 1
2618 63 1
2619 63 1
2620 -64 1
2621 -64 1
2622 -64 1
2623 -64 1
2624 63 1
2625 -64 1
2626 63 1
2627 -64 1
2628 -64 1
2629 -64 1
2630 63 1
2631 -64 1
2632 -64 1
2633 63 1
2634 -64 1
2635 -64 1
2636 -64 1
2637 63 1
2638 -64 1
2639 63 1
2640 63 1
2641 -64 1
2642 -64 1
2643 63 1
2644 63 1
2645 63 1
2646 63 1
2647 -64 1
2648 63 1
2649 63 1
2650 -64 1
2651 63 1
2652 -64 1
2653 -64 1
2654 -64 1
2655 63 1
2656 63 1
2657 63 1
2658 -64 1
2659 -64 1
2660 63 1
2661 -64 1
2662 -64 1
2663 -64 1
2664 -64 1
2665 63 1
2666 -64 1
2667 63 1
2668 63 1
2669 63 1
2670 63 1
2671 63 1
2672 -64 1
2673 -64 1
2674 63 1
2675 -64 1
2676 63 1
2677 -64 1
2678 -64 1
2679 63 1
2680 63 1
2681 -64 1
2682 63 1
2683 63 1
2684 -64 1
2685 63 1
2686 63 1
2687 -64 1
2688 -64 1
2689 -64 1
2690 63 1
2691 63 1
2692 63 1
2693 -64 1
2694 63 1
2695 -64 1
2696 63 1
2697 -64 1
2698 -64 1
2699 -64 1
2700 -64 1
2701 -64 1
2702 -64 1
2703 -64 1
2704 63 1
2705 -64 1
2706 63 1
2707 63 1
2708 -64 1
2709 -64 1
2710 63 1
2711 63 1
2712 63 1
2713 -64 1
2714 -64 1
2715 -64 1
2716 63 1
2717 -64 1
2718 -64 1
2719 -64 1
2720 63 1
2721 -64 1
2722 -64 1
2723 63 1
2724 63 1
2725 -64 1
2726 -64 1
2727 63 1
2728 63 1
2729 63 1
2730 63 1
2731 63 1
2732 63 1
2733 -64 1
2734 63 1
2735 63 1
2736 -64 1
2737 -64 1
2738 63 1
2739 -64 1
2740 63 1
2741 -64 1
2742 63 1
2743 63 1
2744 -64 1
2745 -64 1
2746 63 1
2747 -64 1
2748 -64 1
2749 -64 1
2750 -64 1
2751 63 1
2752 63 1
2753 63 1
2754 63 1
2755 63 1
2756 63 1
2757 -64 1
2758 -64 1
2759 63 1
2760 -64 1
2761 -64 1
2762 63 1
2763 63 1
2764 -64 1
2765 -64 1
2766 -64 1
2767 -64 1
2768 63 1
2769 63 1
2770 -64 1
2771 63 1
2772 63 1
2773 63 1
2774 63 1
2775 63 1
2776 -64 1
2777 -64 1
2778 -64 1
2779 -64 1
2780 63 1
2781 -64 1
2782 -64 1
2783 -64 1
2784 63 1
2785 -64 1
2786 63 1
2787 63 1
2788 -64 1
2789 -64 1
2790 -64 1
2791 -64 1
2792 63 1
2793 63 1
2794 -64 1
2795 -64 1
2796 63 1
2797 63 1
2798 63 1
2799 63 1
2800 -64 1
2801 63 1
2802 -64 1
2803 -64 1
2804 -64 1
2805 -64 1
2806 63 1
2807 -64 1
2808 -64 1
2809 -64 1
2810 -64 1
2811 -64 1
2812 -64 1
2813 -64 1
2814 63 1
2815 63 1
2816 -64 1
2817 -64 1
2818 -64 1
2819 -64 1
2820 63 1
2821 -64 1
2822 -64 1
2823 -64 1
2824 63 1
2825 -64 1
2826 63 1
2827 63 1
2828 63 1
2829 -64 1
2830 -64 1
2831 63 1
2832 63 1
2833 63 1
2834 63 1
2835 63 1
2836 -64 1
2837 -64 1
2838 63 1
2839 63 1
2840 63 1
2841 -64 1
2842 -64 1
2843 63 1
2844 -64 1
2845 63 1
2846 -64 1
2847 63 1
2848 -64 1
2849 -64 1
2850 63 1
2851 -64 1
2852 63 1
2853 -64 1
2854 -64 1
2855 -64 1
2856 -64 1
2857 63 1
2858 -64 1
2859 -64 1
2860 63 1
2861 -64 1
2862 63 1
2863 -64 1
2864 -64 1
2865 63 1
2866 -64 1
2867 63 1
2868 63 1
2869 63 1
2870 63 1
2871 -64 1
2872 -64 1
2873 -64 1
2874 -64 1
2875 -64 1
2876 -64 1
2877 -64 1
2878 63 1
2879 -64 1
2880 -64 1
2881 63 1
2882 63 1
2883 63 1
2884 63 1
2885 -64 1
2886 -64 1
2887 63 1
2888 63 1
2889 -64 1
2890 -64 1
2891 -64 1
2892 63 1
2893 -64 1
2894 63 1
2895 -64 1
2896 -64 1
2897 63 1
2898 -64 1
2899 63 1
2900 -64 1
2901 63 1
2902 63 1
2903 -64 1
2904 -64 1
2905 -64 1
2906 63 1
2907 63 1
2908 -64 1
2909 63 1
2910 -64 1
2911 63 1
2912 63 1
2913 63 1
2914 63 1
2915 63 1
2916 -64 1
2917 63 1
2918 63 1
2919 63 1
2920 63 1
2921 63 1
2922 -64 1
2923 63 1
2924 -64 1
2925 -64 1
2926 63 1
2927 63 1
2928 -64 1
2929 -64 1
2930 -64 1
2931 63 1
2932 63 1
2933 63 1
2934 63 1
2935 -64 1
2936 -64 1
2937 -64 1
2938 63 1
2939 63 1
2940 63 1
2941 63 1
2942 -64 1
2943 -64 1
2944 63 1
2945 63 1
2946 -64 1
2947 63 1
2948 -64 1
2949 63 1
2950 63 1
2951 -64 1
2952 63 1
2953 63 1
2954 -64 1
2955 63 1
2956 63 1
2957 63 1
2958 -64 1
2959 -64 1
2960 -64 1
2961 -64 1
2962 -64 1
2963 -64 1
2964 -64 1
2965 -64 1
2966 -64 1
2967 63 1
2968 -64 1
2969 63 1
2970 -64 1
2971 -64 1
2972 63 1
2973 -64 1
2974 -64 1
2975 63 1
2976 63 1
2977 63 1
2978 63 1
2979 63 1
2980 63 1
2981 -64 1
2982 -64 1
2983 63 1
2984 63 1
2985 63 1
2986 63 1
2987 63 1
2988 63 1
2989 63 1
2990 -64 1
2991 63 1
2992 -64 1
2993 63 1
2994 63 1
2995 63 1
2996 -64 1
2997 63 1
2998 -64 1
2999 63 1
3000 63 1
3001 -64 1
3002 -64 1
3003 -64 1
3004 63 1
3005 -64 1
3006 -64 1
3007 63 1
3008 -64 1
3009 63 1
3010 63 1
3011 63 1
3012 63 1
3013 63 1
3014 -64 1
3015 -64 1
3016 -64 1
3017 -64 1
3018 -64 1
3019 -64 1
3020 -64 1
3021 63 1
3022 -64 1
3023 63 1
3024 -64 1
3025 63 1
3026 63 1
3027 63 1
3028 63 1
3029 -64 1
3030 -64 1
3031 63 1
3032 63 1
3033 63 1
3034 -64 1
3035 63 1
3036 -64 1
3037 63 1
3038 63 1
3039 63 1
3040 -64 1
3041 63 1
3042 -64 1
3043 63 1
3044 -64 1
3045 63 1
3046 -64 1
3047 63 1
3048 63 1
3049 -64 1
3050 -64 1
3051 -64 1
3052 -64 1
3053 -64 1
3054 63 1
3055 63 1
3056 -64 1
3057 -64 1
3058 -64 1
3059 -64 1
3060 63 1
3061 63 1
3062 -64 1
3063 -64 1
3064 -64 1
3065 -64 1
3066 63 1
3067 -64 1
3068 -64 1
3069 63 1
3070 -64 1
3071 -64 1
3072 -64 1
3073 -64 1
3074 -64 1
3075 63 1
3076 -64 1
3077 -64 1
3078 63 1
3079 63 1
3080 -64 1
3081 -64 1
3082 63 1
3083 -64 1
3084 63 1
3085 63 1
3086 63 1
3087 -64 1
3088 63 1
3089 -64 1
3090 -64 1
3091 -64 1
3092 -64 1
3093 63 1
3094 -64 1
3095 -64 1
3096 63 1
3097 63 1
3098 63 1
3099 -64 1
3100 -64 1
3101 -64 1
3102 -64 1
3103 -64 1
3104 63 1
3105 63 1
3106 -64 1
3107 63 1
3108 63 1
3109 -64 1
3110 63 1
3111 63 1
3112 63 1
3113 -64 1
3114 63 1
3115 -64 1
3116 63 1
3117 -64 1
3118 -64 1
3119 63 1
3120 63 1
3121 63 1
3122 -64 1
3123 -64 1
3124 -64 1
3125 63 1
3126 63 1
3127 63 1
3128 -64 1
3129 -64 1
3130 -64 1
3131 63 1
3132 63 1
3133 -64 1
3134 -64 1
3135 63 1
3136 -64 1
3137 63 1
3138 63 1
3139 -64 1
3140 -64 1
3141 -64 1
3142 -64 1
3143 -64 1
3144 -64 1
3145 -64 1
3146 63 1
3147 -64 1
3148 63 1
3149 -64 1
3150 -64 1
3151 -64 1
3152 63 1
3153 63 1
3154 63 1
3155 63 1
3156 63 1
3157 63 1
3158 63 1
3159 63 1
3160 -64 1
3161 63 1
3162 63 1
3163 63 1
3164 63 1
3165 -64 1
3166 63 1
3167 -64 1
3168 63 1
3169 63 1
3170 63 1
3171 -64 1
3172 -64 1
3173 63 1
3174 -64 1
3175 -64 1
3176 63 1
3177 -64 1
3178 63 1
3179 63 1
3180 63 1
3181 -64 1
3182 63 1
3183 -64 1
3184 63 1
3185 63 1
3186 63 1
3187 63 1
3188 -64 1
3189 -64 1
3190 63 1
3191 -64 1
3192 -64 1
3193 63 1
3194 -64 1
3195 -64 1
3196 -64 1
3197 -64 1
3198 -64 1
3199 63 1
