# idx_orig bit_orig post_llr hard
0 0 -72284.33839947 0
1 1 63173.30068381 1
2 0 -81887.93458875 0
3 1 72368.87844462 1
4 1 83671.46707321 1
5 1 63627.43448554 1
6 0 -65948.19236950 0
7 1 82556.62436905 1
8 0 -66059.24475678 0
9 1 80795.52564102 1
10 0 -69229.79409630 0
11 0 -75910.64590697 0
12 1 69710.25651528 1
13 0 -66252.86664374 0
14 0 -93599.59123482 0
15 0 -53380.97190392 0
16 0 -79131.08067980 0
17 1 71059.12030018 1
18 0 -70003.19481716 0
19 0 -66913.68816509 0
20 1 72579.39618863 1
21 1 64077.29093754 1
22 0 -75049.73509382 0
23 1 74862.48826690 1
24 1 71628.74031934 1
25 0 -65603.81158169 0
26 0 -58211.07911268 0
27 1 73950.06684505 1
28 1 70197.69727614 1
29 1 69079.19179241 1
30 0 -71529.92743169 0
31 1 62952.40586538 1
32 1 74349.27775431 1
33 1 64247.97323783 1
34 0 -76036.36698052 0
35 1 65197.12562416 1
36 1 48565.52185675 1
37 0 -74987.71463031 0
38 0 -69049.91104146 0
39 0 -67492.38857314 0
40 1 56084.94917589 1
41 0 -59094.73901441 0
42 0 -72885.73125252 0
43 1 51892.82639892 1
44 0 -70258.62780005 0
45 0 -67227.20545134 0
46 0 -72489.46366091 0
47 0 -62778.58569273 0
48 0 -65436.14012028 0
49 0 -69438.04620615 0
50 1 64739.73284868 1
51 1 64068.71344845 1
52 1 59669.25763432 1
53 1 58994.68337802 1
54 1 60975.60311652 1
55 0 -56563.05200573 0
56 0 -62068.60125501 0
57 0 -56351.79294235 0
58 1 71690.91127246 1
59 1 65169.82317162 1
60 1 62896.96655786 1
61 0 -57605.98759733 0
62 1 65893.83608697 1
63 1 69400.73169462 1
64 0 -51241.73563277 0
65 0 -62113.38624746 0
66 0 -63524.37632446 0
67 1 73679.75185484 1
68 0 -63606.82570242 0
69 0 -68156.75355734 0
70 1 68755.66687939 1
71 1 57238.61770748 1
72 1 64245.33852547 1
73 0 -47467.49260877 0
74 1 52790.13612856 1
75 0 -49852.45594601 0
76 0 -58782.44618343 0
77 1 75534.00123871 1
78 1 56289.17813877 1
79 1 76636.29964263 1
80 1 57581.42315564 1
81 1 55216.95883114 1
82 1 50844.80638032 1
83 0 -62125.99352433 0
84 1 63268.99517289 1
85 0 -58052.84800430 0
86 0 -80838.41222581 0
87 0 -77976.51547879 0
88 1 77020.71155487 1
89 0 -79334.58277959 0
90 0 -72263.68149767 0
91 1 73748.61804425 1
92 1 55735.49849822 1
93 1 83052.83284247 1
94 1 56474.84638131 1
95 1 76228.12318578 1
96 0 -69481.34832645 0
97 0 -71285.30791652 0
98 1 65399.72572243 1
99 0 -67058.50618859 0
100 1 77398.48862552 1
101 1 65082.06833680 1
102 1 70192.24908725 1
103 0 -72650.67109086 0
104 0 -54119.82842870 0
105 1 78354.31588880 1
106 0 -72965.27052136 0
107 0 -78859.93111428 0
108 1 66925.25475284 1
109 1 76512.36182914 1
110 1 75908.76732347 1
111 0 -69273.77416254 0
112 0 -68190.06393329 0
113 1 62128.83404930 1
114 0 -67568.09652174 0
115 0 -65646.36533862 0
116 1 70583.94793502 1
117 0 -59557.00378141 0
118 0 -58003.31917110 0
119 0 -68775.18822778 0
120 0 -58081.33360073 0
121 0 -71568.51834039 0
122 0 -48601.48175299 0
123 0 -64450.25702353 0
124 1 47724.27785235 1
125 0 -57134.25787483 0
126 0 -72834.07956320 0
127 0 -47924.63341403 0
128 1 61867.48253290 1
129 1 43969.01664032 1
130 1 69898.61298351 1
131 0 -52230.70230694 0
132 1 49280.79017392 1
133 0 -62519.54901085 0
134 1 42799.11376624 1
135 1 71503.97318550 1
136 0 -48097.63325765 0
137 0 -62961.64345479 0
138 1 48732.53326931 1
139 1 53974.07721632 1
140 1 63064.85132769 1
141 0 -52389.13905834 0
142 0 -66996.73754148 0
143 1 50873.57232209 1
144 0 -70862.70865942 0
145 0 -64376.99751627 0
146 1 68224.28190063 1
147 0 -64943.19475752 0
148 0 -50661.50829000 0
149 1 71701.66756299 1
150 1 66179.29873262 1
151 1 79241.52349041 1
152 0 -59463.88230468 0
153 1 59123.81585208 1
154 1 67574.86277945 1
155 1 48772.91647244 1
156 0 -71393.60776535 0
157 0 -58729.26252859 0
158 1 66889.16566632 1
159 1 55211.52689140 1
160 1 57132.83475234 1
161 0 -88232.67358220 0
162 1 53681.37114096 1
163 0 -75038.26814827 0
164 0 -56578.29360984 0
165 0 -83092.35222804 0
166 0 -51952.84020282 0
167 1 53092.58952468 1
168 1 65776.89915619 1
169 0 -48050.36120848 0
170 0 -62799.06661895 0
171 0 -68458.74035415 0
172 0 -72208.55333758 0
173 0 -52409.10237104 0
174 0 -50448.77070680 0
175 0 -75755.71336275 0
176 1 52913.18638990 1
177 0 -60704.61673821 0
178 1 52490.41487982 1
179 1 58836.35519666 1
180 0 -50416.82402419 0
181 0 -66472.85364070 0
182 0 -58020.15531822 0
183 1 48620.90722660 1
184 0 -68380.55913140 0
185 1 71817.69895558 1
186 0 -59871.36995082 0
187 1 55494.93282762 1
188 1 59091.57413301 1
189 1 63970.55619015 1
190 1 58318.59636302 1
191 1 69368.43851100 1
192 0 -63860.30015433 0
193 0 -57819.54193358 0
194 1 53053.47325065 1
195 1 63340.03866136 1
196 0 -59312.46446161 0
197 0 -61794.75100767 0
198 1 71803.52552084 1
199 1 62625.16653876 1
200 1 70674.28453192 1
201 0 -63266.83415193 0
202 0 -61544.04531822 0
203 0 -60382.88546947 0
204 0 -63531.42383114 0
205 1 77004.07606363 1
206 1 61017.38390954 1
207 0 -65464.85508744 0
208 0 -59330.30522137 0
209 0 -63863.41176474 0
210 0 -61753.66054229 0
211 0 -64761.60736661 0
212 0 -81333.86480476 0
213 0 -64995.90295619 0
214 0 -69038.24726200 0
215 1 63679.66328401 1
216 1 60382.26707313 1
217 1 63785.61219778 1
218 1 64023.93446745 1
219 1 68803.78661502 1
220 0 -55478.92463019 0
221 1 53842.45182780 1
222 0 -65032.57676024 0
223 1 56685.68184358 1
224 1 60902.65609856 1
225 0 -57941.05316277 0
226 0 -66633.20107935 0
227 0 -48109.85000241 0
228 0 -48654.40863854 0
229 1 54344.03978915 1
230 0 -55465.59958758 0
231 1 54781.72487527 1
232 0 -60159.61390052 0
233 1 67940.30959402 1
234 1 55529.48215136 1
235 1 48749.02210419 1
236 0 -57236.32411392 0
237 1 53034.94980730 1
238 0 -65867.43725682 0
239 1 57587.60086616 1
240 1 75352.42732112 1
241 0 -57435.39025585 0
242 0 -69447.02450361 0
243 1 62717.73134881 1
244 0 -73501.26587501 0
245 0 -64128.15722915 0
246 1 63883.46627956 1
247 1 75509.25832227 1
248 1 55435.76789878 1
249 1 61791.14507292 1
250 1 55453.45689972 1
251 1 59132.72702754 1
252 1 81852.02475672 1
253 0 -65206.82274194 0
254 0 -76242.30495510 0
255 1 52676.63709673 1
256 0 -61510.40709493 0
257 0 -45364.53931077 0
258 0 -60142.57967563 0
259 1 64054.15144589 1
260 1 58998.51616974 1
261 1 69828.81420948 1
262 1 54544.21330249 1
263 0 -61420.66278149 0
264 1 63209.05824892 1
265 1 52777.80762500 1
266 0 -64768.93333735 0
267 0 -61515.34184898 0
268 0 -72666.10827611 0
269 1 58847.63523575 1
270 1 65315.93294674 1
271 1 53354.72173284 1
272 0 -58883.09849029 0
273 0 -68007.18677975 0
274 1 44671.63189292 1
275 0 -56750.63882764 0
276 1 57214.04922929 1
277 0 -60659.98054347 0
278 0 -47544.59343268 0
279 0 -47957.33110888 0
280 0 -60351.80272658 0
281 1 40877.47269732 1
282 0 -57182.33442031 0
283 0 -46640.29865670 0
284 1 59153.84240346 1
285 0 -40117.72436899 0
286 0 -41966.22433551 0
287 0 -59893.04119635 0
288 0 -47426.86731925 0
289 0 -61132.15860830 0
290 0 -41873.17014694 0
291 0 -53352.21790661 0
292 0 -51140.94948051 0
293 0 -58651.58283416 0
294 1 64815.16069935 1
295 0 -52952.39968372 0
296 1 73619.24577989 1
297 1 56158.96379163 1
298 1 70159.81112686 1
299 1 61948.95471083 1
300 1 58112.16595056 1
301 0 -66945.50194923 0
302 0 -53701.59411320 0
303 0 -76799.31136303 0
304 1 56752.59518844 1
305 1 55513.57706412 1
306 0 -58288.33014387 0
307 1 63124.51335634 1
308 0 -67252.83461998 0
309 0 -67750.14677980 0
310 0 -80669.79740543 0
311 0 -65570.53223115 0
312 0 -67980.74808750 0
313 0 -68074.76636103 0
314 1 64097.46558599 1
315 0 -60740.68460743 0
316 1 65414.30834555 1
317 0 -79183.16029451 0
318 1 61326.77279088 1
319 0 -63719.31342213 0
320 0 -57601.00635456 0
321 1 59863.52174293 1
322 0 -64613.87731470 0
323 0 -65639.87798598 0
324 1 71405.10141100 1
325 1 56195.57158662 1
326 0 -66590.48158958 0
327 0 -61846.56266881 0
328 0 -64909.72409418 0
329 0 -72950.38703961 0
330 0 -67908.12681166 0
331 0 -73740.11290547 0
332 1 58969.36989319 1
333 0 -75441.90848907 0
334 0 -59452.45460366 0
335 0 -62427.66138280 0
336 0 -86318.56249682 0
337 0 -59100.33632923 0
338 0 -82545.39487559 0
339 0 -60746.96610559 0
340 0 -83240.00904751 0
341 1 58842.13184617 1
342 1 66138.22675086 1
343 0 -85343.81000868 0
344 1 53407.41121788 1
345 1 64857.87461236 1
346 0 -68051.94408256 0
347 0 -65772.41937470 0
348 0 -59394.22499488 0
349 1 62514.98821129 1
350 0 -75579.27452079 0
351 0 -43013.31284313 0
352 0 -62290.41981484 0
353 0 -70489.40061150 0
354 0 -58828.06874862 0
355 1 60916.06125382 1
356 0 -71455.79202962 0
357 0 -62923.48403726 0
358 1 46738.16556560 1
359 1 64868.42846892 1
360 0 -63131.33518260 0
361 0 -65742.97772247 0
362 1 47577.55624418 1
363 1 70655.95056763 1
364 0 -59159.82378938 0
365 0 -58612.75106603 0
366 1 72138.15641089 1
367 1 53616.96249683 1
368 0 -57386.90575122 0
369 0 -49142.32399230 0
370 1 57113.05627010 1
371 0 -60616.66944335 0
372 1 49137.71468042 1
373 1 75942.54418614 1
374 1 43225.10866948 1
375 1 62342.32064624 1
376 0 -52903.41975351 0
377 1 53407.24139597 1
378 1 52222.50753456 1
379 0 -43886.77596616 0
380 1 73933.73070587 1
381 1 55355.58038003 1
382 0 -65472.84445047 0
383 1 61003.35746552 1
384 1 65608.56512995 1
385 0 -67267.39376141 0
386 1 59913.56688094 1
387 1 66803.66945953 1
388 1 53227.27475035 1
389 1 57457.53967839 1
390 0 -45941.27752101 0
391 0 -65679.20151408 0
392 0 -66197.81539749 0
393 0 -63902.45998538 0
394 0 -67666.90246150 0
395 0 -56800.90630019 0
396 1 59108.09588664 1
397 0 -41914.12084314 0
398 1 55154.50754202 1
399 0 -55160.13561112 0
400 0 -48872.18041373 0
401 1 69382.73939670 1
402 1 57306.07719491 1
403 1 54208.04878608 1
404 1 40788.55298403 1
405 1 58513.09627238 1
406 0 -60182.61578260 0
407 0 -49724.05684999 0
408 0 -61833.69424882 0
409 0 -44334.01604787 0
410 0 -47978.08207450 0
411 0 -50369.44173235 0
412 0 -48641.19044882 0
413 0 -58194.71554611 0
414 1 61295.99037958 1
415 0 -73641.31796747 0
416 0 -48343.86879828 0
417 0 -51911.36053592 0
418 1 49188.90232655 1
419 1 51125.28915470 1
420 0 -58791.68688169 0
421 1 58486.89180342 1
422 0 -75067.76640805 0
423 0 -43323.43720085 0
424 1 50214.62666241 1
425 0 -58728.91498171 0
426 0 -51831.94152416 0
427 1 67714.19244672 1
428 0 -63719.27552522 0
429 0 -75071.36902422 0
430 1 55025.55360829 1
431 0 -64214.21255789 0
432 0 -60601.08161679 0
433 1 65997.54317057 1
434 0 -81063.04740723 0
435 1 64084.75763816 1
436 0 -76558.05427233 0
437 0 -53666.84379133 0
438 0 -71534.74343295 0
439 0 -53434.96685889 0
440 0 -54645.94886758 0
441 0 -70634.60828528 0
442 0 -64211.33174571 0
443 1 74625.71695216 1
444 0 -66914.77869305 0
445 0 -75436.03885561 0
446 1 55179.83525414 1
447 1 58035.14210741 1
448 0 -78257.89709814 0
449 0 -58170.26844299 0
450 1 76544.38548913 1
451 1 63107.29761210 1
452 0 -75251.11354366 0
453 1 53639.68805277 1
454 1 71641.78106250 1
455 1 68365.48375681 1
456 1 60404.41485185 1
457 0 -76362.66011473 0
458 1 57994.56216267 1
459 0 -72446.24870041 0
460 1 58855.55537955 1
461 0 -58079.27460088 0
462 1 73866.76316906 1
463 1 54278.37522040 1
464 1 76370.62275728 1
465 1 60897.90525582 1
466 1 63817.82534805 1
467 0 -61942.06471584 0
468 0 -67642.49543588 0
469 1 78425.43103901 1
470 1 58822.77537150 1
471 0 -65133.65006073 0
472 1 65931.60603462 1
473 1 68222.87164584 1
474 0 -69565.80406911 0
475 1 54168.55472738 1
476 0 -69679.25111819 0
477 0 -68366.98565340 0
478 1 78873.20603902 1
479 1 70666.25123319 1
480 1 67754.69674933 1
481 0 -46441.83743838 0
482 1 67969.24973366 1
483 1 64922.16938694 1
484 0 -64718.57798876 0
485 0 -68207.41343827 0
486 0 -63636.28494031 0
487 1 74376.46042908 1
488 0 -56358.09357760 0
489 0 -60047.46314923 0
490 1 70073.52029043 1
491 0 -50518.99858291 0
492 0 -70906.41534664 0
493 0 -61091.63200762 0
494 0 -79599.94599138 0
495 1 49322.77183341 1
496 1 47274.26157187 1
497 0 -73055.55407398 0
498 1 55263.58372567 1
499 0 -71609.31218220 0
500 1 52897.55317017 1
501 0 -62047.78760670 0
502 1 49074.00150250 1
503 0 -43118.24457040 0
504 1 64429.86138493 1
505 1 42068.52737459 1
506 1 71518.23643256 1
507 1 55976.25158334 1
508 0 -64605.43502499 0
509 1 49361.20596339 1
510 0 -57065.94929440 0
511 1 60795.85372346 1
512 1 45297.60496078 1
513 1 65084.55957041 1
514 1 57823.65814236 1
515 1 60930.93115215 1
516 0 -43831.63881139 0
517 0 -56831.70166224 0
518 0 -71171.48314081 0
519 0 -49576.66618337 0
520 1 58650.92687267 1
521 0 -56073.27434863 0
522 0 -64629.14719543 0
523 0 -45340.19185994 0
524 0 -55528.70784495 0
525 0 -66219.87444780 0
526 0 -57335.02748357 0
527 0 -85519.69988771 0
528 0 -73789.14153709 0
529 0 -75402.22445106 0
530 1 50157.71957407 1
531 0 -53757.25464841 0
532 0 -60520.70907053 0
533 0 -40987.43752738 0
534 1 60121.90842414 1
535 1 56412.86653875 1
536 1 65446.45376534 1
537 1 59781.33172203 1
538 0 -46900.82820274 0
539 0 -70525.92402969 0
540 1 44488.47450884 1
541 1 56141.63736636 1
542 1 48582.32644000 1
543 1 60958.72555496 1
544 1 36732.64657465 1
545 0 -51888.50652142 0
546 1 61865.04832971 1
547 0 -55707.58056865 0
548 1 63278.73852892 1
549 1 70370.56900811 1
550 1 63168.19950939 1
551 0 -46607.39485144 0
552 0 -48364.41068012 0
553 1 76808.37616105 1
554 1 51315.68688574 1
555 0 -69917.29480277 0
556 1 63768.97631859 1
557 0 -71921.02644441 0
558 1 49878.92925355 1
559 1 62600.67609654 1
560 0 -69658.52873690 0
561 1 65232.33756152 1
562 1 69995.16569192 1
563 0 -63975.29215254 0
564 0 -64653.21847047 0
565 1 60702.37356801 1
566 0 -76247.45362037 0
567 0 -68883.95154739 0
568 0 -58950.37685297 0
569 1 71606.02572901 1
570 1 73127.49495457 1
571 1 70732.95398405 1
572 0 -55557.53958669 0
573 0 -70702.74984165 0
574 0 -69573.06272256 0
575 1 61260.18636242 1
576 1 74428.36181775 1
577 0 -72220.69894911 0
578 0 -62407.66573495 0
579 1 60857.75156662 1
580 1 68383.63081169 1
581 0 -72144.16909973 0
582 0 -55687.24956773 0
583 0 -76635.93974980 0
584 1 59924.59836184 1
585 1 68822.08669116 1
586 1 65936.49934916 1
587 1 48974.54809787 1
588 1 61056.07673307 1
589 0 -53378.80508296 0
590 0 -71982.41194575 0
591 0 -61410.40745828 0
592 0 -55608.96390188 0
593 1 54782.27244703 1
594 1 54013.41128304 1
595 1 64689.63465767 1
596 0 -57656.86537029 0
597 1 66492.30831257 1
598 0 -58660.45959121 0
599 0 -56089.01072320 0
600 0 -52194.62150437 0
601 0 -66996.08112430 0
602 0 -69028.28510727 0
603 1 65039.95534645 1
604 1 74683.98106800 1
605 1 74884.32563899 1
606 0 -54363.59370102 0
607 1 55893.50035104 1
608 1 50545.94231386 1
609 1 63919.81404164 1
610 1 60378.01927789 1
611 1 79000.48789915 1
612 1 56468.26076167 1
613 0 -49252.71960222 0
614 1 49513.44113801 1
615 1 68036.34695418 1
616 1 68176.46182268 1
617 0 -56083.06893421 0
618 1 75871.77721867 1
619 0 -60794.70342571 0
620 1 53553.30767732 1
621 0 -63845.56754779 0
622 1 61054.76666997 1
623 0 -67739.76619327 0
624 1 57785.01234558 1
625 1 89986.99990218 1
626 1 59280.12531616 1
627 0 -61983.36855564 0
628 1 52155.37660692 1
629 1 52058.58163016 1
630 0 -60893.31239275 0
631 1 64934.54833585 1
632 0 -76965.12037966 0
633 0 -56889.34297102 0
634 1 59757.77808384 1
635 0 -68341.85287019 0
636 1 52679.99550557 1
637 1 56463.42394373 1
638 1 51170.95514833 1
639 0 -67127.89890729 0
640 0 -58139.08751713 0
641 1 78843.26176762 1
642 0 -57375.85056350 0
643 1 58891.59769073 1
644 0 -62688.47433223 0
645 1 69473.07063466 1
646 0 -63868.88966472 0
647 0 -51879.53332230 0
648 0 -59523.78969711 0
649 1 50153.31879185 1
650 0 -58007.23759738 0
651 1 58214.03206689 1
652 1 53340.24768433 1
653 0 -62400.95180283 0
654 1 44214.03209323 1
655 0 -61006.47909699 0
656 0 -48221.98639365 0
657 1 57432.07318391 1
658 1 51971.58926325 1
659 0 -45772.66638381 0
660 1 64244.23512053 1
661 0 -52831.67803143 0
662 0 -62633.75467986 0
663 1 45403.58629394 1
664 0 -63501.84322704 0
665 0 -63866.28094956 0
666 0 -50341.29041438 0
667 1 69446.78947469 1
668 1 58895.18026209 1
669 0 -63026.56186614 0
670 1 49952.44005741 1
671 0 -65454.29112481 0
672 0 -69883.53336598 0
673 0 -55991.75847028 0
674 0 -81111.81093396 0
675 0 -61953.91063127 0
676 1 64420.50110529 1
677 1 62017.25344242 1
678 0 -68718.90036820 0
679 0 -63591.49668917 0
680 0 -55612.06661538 0
681 0 -71019.46725948 0
682 0 -65835.76646304 0
683 1 68360.90555209 1
684 1 59946.39479089 1
685 1 54265.64321480 1
686 0 -56044.64081134 0
687 0 -50500.77476511 0
688 0 -62533.79782901 0
689 1 54764.01390610 1
690 0 -61125.92399192 0
691 0 -50052.65057068 0
692 0 -53988.44143850 0
693 1 56352.09490059 1
694 1 59319.10970932 1
695 1 61624.74303653 1
696 0 -57115.86336577 0
697 1 57571.57504730 1
698 1 63130.25047143 1
699 1 49544.85825576 1
700 1 64104.02276032 1
701 1 60072.63624606 1
702 1 77352.11496568 1
703 0 -65004.09642062 0
704 1 72573.03338353 1
705 1 55055.52881945 1
706 0 -65665.84178740 0
707 0 -62944.99780540 0
708 0 -72903.83762298 0
709 1 73018.79088095 1
710 0 -65884.50554785 0
711 0 -57120.02401845 0
712 1 75585.70193343 1
713 0 -61019.90555681 0
714 0 -74906.85914098 0
715 0 -57033.57953830 0
716 1 74569.27553755 1
717 0 -63073.43784305 0
718 0 -63841.11298533 0
719 1 59407.49793859 1
720 1 58559.06612828 1
721 0 -68067.59081570 0
722 0 -61346.73624837 0
723 0 -69759.85189244 0
724 1 75729.65222173 1
725 1 62896.85673034 1
726 1 56872.02150955 1
727 0 -60660.71981537 0
728 1 70812.27690000 1
729 0 -52085.26721493 0
730 0 -70237.44433836 0
731 1 55674.08010164 1
732 0 -68941.75388139 0
733 0 -55288.18627653 0
734 0 -51858.71816583 0
735 1 59627.82058942 1
736 0 -51100.02259547 0
737 1 66626.18526317 1
738 1 75107.68797213 1
739 1 73867.63059630 1
740 1 59603.67574415 1
741 1 52897.24203128 1
742 1 63042.16933881 1
743 0 -58523.98288625 0
744 1 68239.43836084 1
745 0 -58083.38581629 0
746 0 -64032.94918126 0
747 0 -54709.57309088 0
748 0 -60076.85284345 0
749 0 -72830.59949037 0
750 1 50325.63350592 1
751 0 -60431.77402478 0
752 0 -61875.20307286 0
753 0 -69750.33248162 0
754 0 -46703.16494144 0
755 0 -55890.23991917 0
756 1 68991.17401097 1
757 0 -55782.22357079 0
758 1 77001.43319042 1
759 1 61528.68580333 1
760 1 68129.85312099 1
761 0 -45355.83251611 0
762 1 58967.05568966 1
763 1 71017.90990335 1
764 1 55440.60988037 1
765 1 67832.52810707 1
766 0 -63711.22467857 0
767 0 -72891.61255717 0
768 0 -48247.00052384 0
769 0 -69829.27646896 0
770 0 -65592.38488030 0
771 1 55777.30365099 1
772 0 -57986.29569525 0
773 1 61360.73133070 1
774 0 -60882.73862637 0
775 0 -41921.62318071 0
776 1 70265.14359281 1
777 0 -64495.07719510 0
778 0 -60120.62178673 0
779 0 -60944.49341466 0
780 0 -59402.26863816 0
781 0 -59382.72334370 0
782 1 46057.47145660 1
783 0 -63503.56523036 0
784 1 58182.78868334 1
785 0 -58864.97442131 0
786 1 64634.55574413 1
787 0 -58642.03662749 0
788 0 -65859.17440688 0
789 1 50233.60657053 1
790 0 -65382.70861143 0
791 1 59110.10060391 1
792 0 -52945.84228174 0
793 0 -63473.19874015 0
794 1 57093.06922173 1
795 0 -64694.70474762 0
796 1 66406.21349606 1
797 0 -64553.13318533 0
798 0 -68023.10641227 0
799 0 -54412.62305314 0
800 1 79326.51094663 1
801 1 59933.38368755 1
802 1 71550.22431636 1
803 0 -67909.57151865 0
804 1 59398.86745532 1
805 1 59180.81099966 1
806 0 -62070.24436577 0
807 1 69294.96771537 1
808 1 62586.35809973 1
809 0 -68824.26208996 0
810 1 57033.50307141 1
811 1 67708.42291506 1
812 0 -57773.90233856 0
813 0 -70789.10874246 0
814 0 -62460.65511144 0
815 0 -68282.97209119 0
816 0 -79195.05472970 0
817 0 -44688.31402883 0
818 1 58402.71069505 1
819 0 -57288.12570474 0
820 0 -57228.07683704 0
821 0 -69759.70893755 0
822 1 63281.44598463 1
823 0 -77667.19673224 0
824 1 47641.17550447 1
825 1 63939.22109263 1
826 1 66141.68948079 1
827 0 -56272.51555613 0
828 0 -67620.12499972 0
829 1 67431.35275007 1
830 0 -63435.43293070 0
831 0 -56986.64879284 0
832 1 60765.72165899 1
833 0 -73847.36557650 0
834 1 61306.35938223 1
835 0 -79158.44147419 0
836 0 -81028.20004862 0
837 0 -57888.75701867 0
838 1 56173.06803344 1
839 1 60822.54975883 1
840 0 -70939.51161261 0
841 0 -64577.64425042 0
842 1 69062.95643195 1
843 0 -69851.87235005 0
844 0 -68481.47397136 0
845 1 63215.29444861 1
846 0 -62329.78693513 0
847 0 -59774.59401836 0
848 0 -52848.40621019 0
849 1 66409.73677222 1
850 0 -62309.18574877 0
851 0 -65212.13663192 0
852 0 -48197.36392887 0
853 0 -64249.76140762 0
854 0 -67776.70835546 0
855 0 -53927.29021498 0
856 0 -66766.12165514 0
857 1 64565.35422716 1
858 1 56595.49014267 1
859 0 -49275.38674121 0
860 1 55994.83561895 1
861 1 68412.13316753 1
862 0 -58286.91488388 0
863 0 -71429.37651919 0
864 0 -60046.91202096 0
865 0 -64522.15114835 0
866 0 -47899.98155499 0
867 1 54379.44939961 1
868 1 59315.23517917 1
869 0 -49851.84300542 0
870 0 -59640.53230395 0
871 1 66043.44216673 1
872 1 52752.86554065 1
873 0 -46951.80316313 0
874 1 59086.64064357 1
875 1 62240.41476803 1
876 1 45724.95564772 1
877 0 -60042.92233038 0
878 1 61211.78025787 1
879 1 54398.48631491 1
880 0 -47641.53615848 0
881 0 -53900.07972319 0
882 1 69286.37083039 1
883 0 -44380.75980904 0
884 1 62233.96245558 1
885 1 63238.28342217 1
886 0 -64571.38304974 0
887 1 50959.61196009 1
888 0 -48616.75482933 0
889 1 58823.78458754 1
890 0 -44712.64072148 0
891 0 -64831.33977776 0
892 0 -61082.10867469 0
893 1 53964.47311778 1
894 1 53125.96847708 1
895 0 -53527.17022609 0
896 1 54237.64927155 1
897 1 41444.01455444 1
898 0 -54793.20729243 0
899 0 -49941.55809403 0
900 1 47195.53142402 1
901 1 48018.93427867 1
902 0 -41679.70764480 0
903 0 -49243.51730963 0
904 1 39844.21513731 1
905 1 56019.67061883 1
906 1 44448.84277873 1
907 0 -42315.16480048 0
908 1 44990.86021752 1
909 0 -37577.63319968 0
910 0 -43333.64328480 0
911 0 -33045.03678831 0
912 1 58268.93321662 1
913 1 42400.19599072 1
914 1 47365.11466491 1
915 0 -36732.64657465 0
916 0 -37577.63319968 0
917 1 51407.66240347 1
918 0 -33045.03678831 0
919 0 -62402.04392840 0
920 0 -52833.26088526 0
921 0 -52127.13302234 0
922 0 -61220.23135860 0
923 1 43341.38177053 1
924 1 61274.75622275 1
925 0 -41344.82481338 0
926 1 59544.47922937 1
927 1 70950.12127779 1
928 1 72524.26425457 1
929 0 -58457.04315891 0
930 1 53798.70236853 1
931 0 -56032.78725116 0
932 0 -51066.02472488 0
933 0 -64430.88943382 0
934 0 -73572.52500137 0
935 0 -51604.64510278 0
936 1 52737.49056479 1
937 0 -55141.32837616 0
938 1 66538.02351110 1
939 0 -51193.00268904 0
940 1 64118.91178995 1
941 0 -60535.82900106 0
942 1 75166.92669154 1
943 1 51896.88865963 1
944 1 50537.34572057 1
945 1 56131.84292002 1
946 1 51053.39006751 1
947 1 67113.10470398 1
948 0 -65326.06969507 0
949 0 -64877.75421436 0
950 0 -53081.28319524 0
951 0 -43973.69136991 0
952 0 -60653.37493910 0
953 0 -52624.69783159 0
954 0 -75088.57280084 0
955 1 68948.53757145 1
956 1 55712.23922365 1
957 1 51619.56504195 1
958 1 55770.09253098 1
959 1 60564.91175457 1
960 1 49693.73049837 1
961 0 -63097.00296958 0
962 0 -65760.59750088 0
963 0 -58382.62645183 0
964 0 -52708.88583211 0
965 1 59226.68245083 1
966 0 -66385.46735731 0
967 0 -52606.13239780 0
968 0 -78114.39264483 0
969 0 -69843.81322775 0
970 1 61205.87130198 1
971 0 -49678.23928724 0
972 0 -57082.64363553 0
973 0 -59842.26537292 0
974 1 52428.68384602 1
975 0 -58340.19713829 0
976 1 58960.33576854 1
977 0 -59643.88655540 0
978 1 54738.56662870 1
979 1 70342.37646294 1
980 0 -61160.00185768 0
981 1 47699.07333122 1
982 1 67942.53985805 1
983 1 59305.82017053 1
984 1 56237.81309255 1
985 1 50562.34164891 1
986 1 61212.78393476 1
987 1 73235.57206806 1
988 1 68902.44627843 1
989 1 79823.18604687 1
990 0 -72437.32341944 0
991 0 -61419.56792541 0
992 0 -46903.61493179 0
993 0 -63036.47425196 0
994 1 55572.17833114 1
995 0 -49732.14896841 0
996 1 71945.79021576 1
997 1 79542.06585227 1
998 0 -69738.99198399 0
999 0 -65326.01583574 0
1000 0 -65257.36298572 0
1001 1 65458.42177775 1
1002 1 47847.24152584 1
1003 1 73034.01460764 1
1004 1 67442.68830783 1
1005 0 -74724.09358810 0
1006 0 -54602.60965658 0
1007 0 -65174.44079795 0
1008 1 65872.43748365 1
1009 1 66747.62372176 1
1010 0 -71627.15598156 0
1011 1 71387.02714117 1
1012 1 58862.75525629 1
1013 1 56445.13357119 1
1014 0 -49381.45309114 0
1015 0 -60395.50762033 0
1016 1 56110.42916870 1
1017 1 73492.82903746 1
1018 0 -61927.63124881 0
1019 0 -63439.89529311 0
1020 1 57881.58115324 1
1021 0 -56734.47148443 0
1022 0 -50029.40527333 0
1023 0 -58216.98305517 0
1024 1 64537.57528800 1
1025 0 -67630.86678020 0
1026 0 -73255.46066314 0
1027 0 -62890.90854289 0
1028 0 -60887.11096094 0
1029 1 57767.23020674 1
1030 0 -67204.94215430 0
1031 0 -74302.34773952 0
1032 0 -59533.87246491 0
1033 1 66519.33893390 1
1034 0 -58948.44686220 0
1035 0 -64322.16525973 0
1036 0 -68838.78686492 0
1037 1 55063.74591013 1
1038 0 -70553.51405231 0
1039 1 70561.18689199 1
1040 1 76981.21882790 1
1041 0 -68305.09643022 0
1042 1 57232.47056373 1
1043 1 75596.43026724 1
1044 1 48442.65897820 1
1045 0 -79458.49769590 0
1046 1 78795.78600429 1
1047 0 -66090.43194619 0
1048 0 -59077.62942720 0
1049 1 58299.43346227 1
1050 0 -72830.08126971 0
1051 0 -59086.93282826 0
1052 1 75480.29207524 1
1053 1 71841.02364109 1
1054 0 -63700.30940272 0
1055 1 60004.82827151 1
1056 1 61251.16462569 1
1057 0 -60791.82893330 0
1058 0 -52585.70386605 0
1059 1 63237.11262163 1
1060 0 -65929.35749635 0
1061 0 -70402.82410391 0
1062 0 -53275.30985605 0
1063 0 -63632.04712929 0
1064 1 64118.53987260 1
1065 1 63921.82298934 1
1066 0 -66855.12211696 0
1067 1 65421.34091589 1
1068 1 66107.36624580 1
1069 1 58580.98606447 1
1070 0 -70295.95628920 0
1071 0 -75611.34727275 0
1072 1 58988.29033823 1
1073 0 -61603.94226572 0
1074 0 -57433.31028901 0
1075 1 84645.18527089 1
1076 0 -57107.77539769 0
1077 0 -56112.64838805 0
1078 0 -64385.58382498 0
1079 1 59227.38007018 1
1080 0 -61036.75161793 0
1081 1 70972.96260839 1
1082 0 -67145.21402413 0
1083 1 59863.34240871 1
1084 1 70522.56157484 1
1085 0 -79742.25745259 0
1086 1 60290.67981435 1
1087 0 -65547.15974651 0
1088 0 -59950.93751859 0
1089 1 64565.92028157 1
1090 0 -52752.93049791 0
1091 0 -72681.51269375 0
1092 0 -72326.21102943 0
1093 0 -58660.88136804 0
1094 0 -69594.68752873 0
1095 0 -76487.34099134 0
1096 0 -64382.68042601 0
1097 0 -53742.74673264 0
1098 1 61207.59161684 1
1099 0 -64346.72982555 0
1100 0 -59496.91272228 0
1101 1 87411.95097223 1
1102 0 -61837.61097851 0
1103 1 70916.77378194 1
1104 0 -61900.73432054 0
1105 0 -73442.00978697 0
1106 1 63458.19227143 1
1107 0 -59992.75399614 0
1108 0 -72253.62179347 0
1109 1 64884.70440155 1
1110 0 -63467.02758466 0
1111 1 61601.16804355 1
1112 0 -73876.59462483 0
1113 0 -71252.30850419 0
1114 0 -53508.30759965 0
1115 1 79274.08061284 1
1116 0 -71931.84812599 0
1117 0 -72222.14164721 0
1118 0 -60703.51178527 0
1119 1 59751.44416821 1
1120 1 68517.69205775 1
1121 1 59626.04555646 1
1122 1 80468.17276039 1
1123 1 64874.27897967 1
1124 1 75840.27692656 1
1125 0 -62782.15269297 0
1126 0 -57154.01772323 0
1127 0 -67482.26386006 0
1128 0 -58780.06468274 0
1129 0 -78655.91540054 0
1130 1 65861.35219466 1
1131 0 -74345.12594211 0
1132 0 -70252.54985952 0
1133 1 65934.87312703 1
1134 1 79719.77212087 1
1135 1 57720.42943464 1
1136 1 77434.10692919 1
1137 0 -71929.38234220 0
1138 1 74902.27941677 1
1139 1 61593.22643506 1
1140 1 60977.08761299 1
1141 0 -72031.63629296 0
1142 0 -64158.47011664 0
1143 1 68600.03631261 1
1144 0 -73657.95900022 0
1145 1 68394.49648202 1
1146 0 -56775.78783077 0
1147 0 -60109.20848865 0
1148 0 -61673.99346427 0
1149 1 55021.40916464 1
1150 0 -67573.15925809 0
1151 0 -63460.45572637 0
1152 1 77860.28280699 1
1153 1 55299.00258748 1
1154 1 62103.60822257 1
1155 0 -63073.02384504 0
1156 0 -56180.89347315 0
1157 1 60859.90021459 1
1158 0 -63731.14974419 0
1159 1 52518.36672956 1
1160 0 -58720.16539503 0
1161 0 -52755.72420879 0
1162 1 64271.75879152 1
1163 0 -48806.25250701 0
1164 0 -76539.48354535 0
1165 1 57083.14572022 1
1166 1 53544.58982241 1
1167 0 -60507.07099460 0
1168 0 -65773.71163212 0
1169 1 61439.54410078 1
1170 0 -53895.49539788 0
1171 0 -61099.30411343 0
1172 0 -79902.48170954 0
1173 0 -55546.13973733 0
1174 1 69735.68016486 1
1175 0 -54308.85097660 0
1176 0 -68093.01243521 0
1177 0 -53865.28712946 0
1178 1 63518.67834960 1
1179 1 70186.24090037 1
1180 1 61528.30198265 1
1181 1 55557.16272853 1
1182 0 -62356.29154451 0
1183 0 -59669.87195809 0
1184 0 -55652.35317547 0
1185 1 58628.42888712 1
1186 0 -56928.11519579 0
1187 1 67715.13320100 1
1188 1 63277.22639088 1
1189 0 -60519.69275856 0
1190 0 -58530.39537658 0
1191 1 51924.02349462 1
1192 1 60292.29737286 1
1193 1 67970.44685937 1
1194 1 56912.07560285 1
1195 0 -48462.59761943 0
1196 1 54332.30528758 1
1197 1 57613.48965999 1
1198 1 58824.49809311 1
1199 0 -57092.53002005 0
1200 1 57712.30785986 1
1201 0 -57450.41276451 0
1202 0 -53060.47063385 0
1203 0 -59967.10545724 0
1204 0 -61748.58501833 0
1205 0 -54986.35389871 0
1206 1 51168.37942071 1
1207 0 -62993.50077590 0
1208 0 -75475.37796114 0
1209 1 68516.86347845 1
1210 1 61518.32956528 1
1211 0 -63408.64965387 0
1212 1 64153.76683813 1
1213 1 71866.64011340 1
1214 1 70402.85423893 1
1215 0 -66101.43217676 0
1216 0 -63110.65712272 0
1217 0 -64632.24362649 0
1218 1 75489.80974485 1
1219 1 65022.64819791 1
1220 0 -65752.17571515 0
1221 1 66639.18896170 1
1222 0 -59918.62405005 0
1223 0 -64162.35064534 0
1224 0 -59854.66385809 0
1225 0 -63844.60168650 0
1226 1 64842.01771732 1
1227 0 -69427.12600699 0
1228 1 60011.19927828 1
1229 1 67827.01458654 1
1230 0 -54977.65078819 0
1231 1 58495.70781942 1
1232 0 -56536.84393507 0
1233 1 58995.91439032 1
1234 0 -59537.12819330 0
1235 1 58097.07179944 1
1236 1 64978.65227610 1
1237 1 49162.44689155 1
1238 0 -63863.83120806 0
1239 1 65401.12598245 1
1240 1 54555.43250575 1
1241 0 -55895.58535221 0
1242 1 50119.14142315 1
1243 1 59570.45321729 1
1244 1 43060.52723450 1
1245 0 -49251.37015249 0
1246 1 61729.02567442 1
1247 0 -52888.04976975 0
1248 0 -63644.60289851 0
1249 0 -53992.00908858 0
1250 1 56886.30766938 1
1251 1 44495.88422802 1
1252 1 47941.88659367 1
1253 0 -69989.51582522 0
1254 0 -52317.25363637 0
1255 1 58528.25849771 1
1256 0 -73164.42896123 0
1257 0 -57450.21198357 0
1258 1 56216.09002921 1
1259 0 -63563.91486398 0
1260 1 66693.43658296 1
1261 1 51848.95496208 1
1262 1 65771.73795428 1
1263 0 -82939.77932067 0
1264 0 -61460.43475710 0
1265 1 56511.00164579 1
1266 1 69066.60309892 1
1267 0 -63158.59573694 0
1268 0 -61449.73207637 0
1269 1 68383.51651898 1
1270 0 -69589.35282814 0
1271 0 -74436.63885825 0
1272 1 52118.47930546 1
1273 0 -79746.06855211 0
1274 1 63792.81840621 1
1275 0 -67470.91082312 0
1276 1 72948.29615796 1
1277 0 -60974.52435234 0
1278 1 59268.36737057 1
1279 1 52623.04465904 1
1280 0 -65964.74496355 0
1281 0 -72140.95502529 0
1282 0 -61588.48716776 0
1283 1 76658.11083845 1
1284 1 68759.32569119 1
1285 1 64854.39269765 1
1286 0 -54975.63221227 0
1287 1 54964.23512648 1
1288 1 59764.70401524 1
1289 0 -60876.02086395 0
1290 1 68876.43759892 1
1291 0 -74210.00672473 0
1292 1 64526.58956658 1
1293 0 -62260.76669805 0
1294 1 62819.93483842 1
1295 1 73441.19234332 1
1296 1 75940.36255300 1
1297 1 74396.20533673 1
1298 1 65391.98936944 1
1299 1 63573.42940291 1
1300 0 -65223.21654857 0
1301 0 -68330.41400590 0
1302 0 -68562.45748028 0
1303 0 -62786.24265393 0
1304 1 71398.93364465 1
1305 1 78441.79201990 1
1306 1 69638.28713388 1
1307 0 -61621.18287957 0
1308 1 58332.77585073 1
1309 0 -69032.97530659 0
1310 0 -57498.57542473 0
1311 0 -75901.10318778 0
1312 0 -73316.95621404 0
1313 0 -74590.30035501 0
1314 0 -68995.12504959 0
1315 1 65300.22488172 1
1316 0 -64713.56979118 0
1317 1 55001.92878554 1
1318 1 66636.96015147 1
1319 0 -71337.78509691 0
1320 0 -63623.78278005 0
1321 1 72244.75862951 1
1322 0 -52460.58370181 0
1323 1 61887.32367552 1
1324 1 57746.76307062 1
1325 1 70887.10789198 1
1326 0 -65755.25932213 0
1327 1 64637.74774936 1
1328 1 62047.94360212 1
1329 1 45840.01602542 1
1330 0 -61813.95382077 0
1331 0 -54535.39315199 0
1332 0 -70491.45253215 0
1333 0 -65539.83699559 0
1334 0 -74153.52719507 0
1335 0 -63787.34147796 0
1336 0 -53689.35169398 0
1337 0 -67606.12731430 0
1338 0 -50885.69796949 0
1339 0 -68243.11638965 0
1340 1 66125.04908514 1
1341 0 -69110.69997812 0
1342 1 67668.29480217 1
1343 0 -56520.03101285 0
1344 0 -65629.57652209 0
1345 1 51589.52503754 1
1346 1 69949.03952785 1
1347 0 -68342.69679531 0
1348 1 71385.00355610 1
1349 1 65742.68373345 1
1350 0 -59716.89930725 0
1351 0 -72611.61932625 0
1352 0 -69340.21433697 0
1353 1 64521.27209144 1
1354 1 71717.12918620 1
1355 0 -72864.41848310 0
1356 1 61750.66049343 1
1357 1 59934.74900307 1
1358 1 66522.94056724 1
1359 1 61455.61171839 1
1360 1 63969.08224875 1
1361 0 -66571.43969523 0
1362 1 75401.59335988 1
1363 0 -63850.93356688 0
1364 0 -71191.32990591 0
1365 0 -72799.24007013 0
1366 0 -61968.07939497 0
1367 0 -75896.24887711 0
1368 1 82667.06012494 1
1369 0 -67804.22541231 0
1370 1 62908.06905983 1
1371 0 -65823.90866839 0
1372 1 78099.99301375 1
1373 1 62011.51018349 1
1374 1 79852.89019517 1
1375 1 72256.78451203 1
1376 1 62585.90471835 1
1377 1 69392.12755611 1
1378 0 -66640.24469252 0
1379 1 72805.25109946 1
1380 0 -66758.55079757 0
1381 1 64633.19150212 1
1382 1 86278.25020746 1
1383 1 65668.66157525 1
1384 0 -66525.33344032 0
1385 0 -56499.00571830 0
1386 0 -66924.97009120 0
1387 1 65876.73446137 1
1388 1 71262.70439318 1
1389 0 -72137.40677030 0
1390 1 61511.55828136 1
1391 0 -60384.41239189 0
1392 1 59955.55556189 1
1393 0 -65158.90961315 0
1394 1 76551.47457117 1
1395 0 -64414.83069784 0
1396 0 -60203.42204320 0
1397 0 -67731.53701479 0
1398 0 -70252.51898166 0
1399 0 -59873.88527994 0
1400 1 65152.62471285 1
1401 1 61081.92671969 1
1402 1 89521.84103025 1
1403 1 69350.51746735 1
1404 1 70317.17305060 1
1405 0 -66104.43681011 0
1406 1 68155.43390491 1
1407 1 78504.32982252 1
1408 0 -63907.26193980 0
1409 1 76412.15728721 1
1410 0 -80457.32471607 0
1411 0 -67540.02918259 0
1412 1 65564.63654490 1
1413 0 -66417.65129459 0
1414 1 69767.48274349 1
1415 1 54716.39222621 1
1416 0 -66247.78893458 0
1417 1 68150.86298072 1
1418 1 77651.19986494 1
1419 0 -69123.65166201 0
1420 1 63198.04831911 1
1421 0 -56658.80747789 0
1422 1 62313.60745415 1
1423 1 59649.88135978 1
1424 0 -59918.68548560 0
1425 1 62839.69588603 1
1426 1 63556.35530186 1
1427 0 -69564.61879935 0
1428 0 -69297.70863634 0
1429 0 -55890.77789083 0
1430 0 -67615.73938852 0
1431 1 58542.69341495 1
1432 1 65783.51743679 1
1433 1 48422.04023529 1
1434 1 64196.60619592 1
1435 1 63255.27136393 1
1436 1 49222.41748849 1
1437 1 81910.67387302 1
1438 0 -69380.27426248 0
1439 1 83145.17251440 1
1440 1 51354.73332195 1
1441 1 64128.08055867 1
1442 0 -64767.73980719 0
1443 0 -56778.53536947 0
1444 0 -67742.27750453 0
1445 0 -62221.22059739 0
1446 1 70420.43918417 1
1447 0 -59600.74152448 0
1448 1 75194.54755550 1
1449 1 77704.88413384 1
1450 1 65909.35365145 1
1451 0 -70097.84095036 0
1452 0 -66814.10784416 0
1453 1 73141.95261512 1
1454 0 -51737.05707919 0
1455 0 -59337.59818426 0
1456 1 76042.98150574 1
1457 1 76730.13806671 1
1458 1 67329.39706668 1
1459 1 89628.42605432 1
1460 1 74512.05954814 1
1461 0 -67882.71109662 0
1462 1 61916.77973955 1
1463 1 69574.99731828 1
1464 1 63479.33361134 1
1465 0 -70666.28864066 0
1466 1 76791.83301865 1
1467 1 83201.30017772 1
1468 1 62251.53493269 1
1469 0 -79364.05367079 0
1470 1 82136.65845391 1
1471 0 -65970.47260926 0
1472 0 -58110.85257682 0
1473 0 -75708.29682115 0
1474 1 63823.14233627 1
1475 0 -62699.44017273 0
1476 0 -66846.89393310 0
1477 1 70929.24293703 1
1478 1 55025.53804643 1
1479 0 -71339.47045267 0
1480 1 75105.55923022 1
1481 1 70396.09650965 1
1482 1 53087.98089170 1
1483 1 71302.25014313 1
1484 0 -62079.19378937 0
1485 1 62998.61024185 1
1486 0 -77753.88731654 0
1487 1 76764.46849383 1
1488 0 -70690.94126293 0
1489 0 -55009.75577864 0
1490 0 -78003.26245230 0
1491 1 67252.00285339 1
1492 0 -56006.56715521 0
1493 0 -65125.64387721 0
1494 0 -66236.58083419 0
1495 0 -68006.82960665 0
1496 0 -55397.45740680 0
1497 1 67057.04655462 1
1498 0 -71696.40774405 0
1499 0 -67409.66927177 0
1500 1 65688.41245090 1
1501 1 76142.97235344 1
1502 0 -67860.30614278 0
1503 1 64084.91240086 1
1504 1 68386.74600604 1
1505 0 -70864.63956046 0
1506 1 68371.40473364 1
1507 1 66086.35286254 1
1508 0 -67937.32946735 0
1509 1 62952.47432404 1
1510 1 66089.88246310 1
1511 0 -80818.57296085 0
1512 0 -68750.70062912 0
1513 0 -66199.96277796 0
1514 0 -67174.07279516 0
1515 1 74235.79249366 1
1516 0 -61320.59326407 0
1517 0 -57345.20770944 0
1518 1 71704.29071996 1
1519 1 75341.51326057 1
1520 1 65493.30770093 1
1521 1 65734.36996590 1
1522 0 -79513.10472040 0
1523 0 -68211.39928844 0
1524 1 64337.48278110 1
1525 1 76672.41906584 1
1526 0 -80152.78493421 0
1527 1 56515.51587024 1
1528 0 -57444.89608404 0
1529 0 -70050.52952600 0
1530 1 64515.14260600 1
1531 1 74908.60768613 1
1532 1 68273.23672208 1
1533 1 68053.17379061 1
1534 0 -57787.00223556 0
1535 1 74774.38994963 1
1536 1 74471.63674370 1
1537 1 57076.84624848 1
1538 0 -56945.77778510 0
1539 0 -66685.53057575 0
1540 1 65600.15758683 1
1541 0 -72656.02865694 0
1542 1 59241.76943436 1
1543 1 71860.85341897 1
1544 1 67113.45843870 1
1545 0 -71384.07592789 0
1546 1 67609.15948983 1
1547 0 -59806.81114741 0
1548 1 54717.32901522 1
1549 1 54297.59851069 1
1550 0 -66422.01710301 0
1551 0 -67905.68911231 0
1552 0 -61671.79056533 0
1553 1 66789.44452425 1
1554 0 -59736.90666629 0
1555 0 -72936.99823748 0
1556 1 49641.22465494 1
1557 1 66890.19591768 1
1558 1 48409.77728345 1
1559 1 53841.18953371 1
1560 1 62649.60367302 1
1561 1 65595.85600773 1
1562 1 45129.36756104 1
1563 0 -42119.27096738 0
1564 1 70920.78630700 1
1565 1 50477.38887845 1
1566 1 49641.69239307 1
1567 0 -61260.64335845 0
1568 1 59489.21222660 1
1569 1 41940.01399569 1
1570 0 -42119.27096738 0
1571 0 -67850.30333468 0
1572 1 55133.92647253 1
1573 0 -46615.42682825 0
1574 1 65056.26397533 1
1575 1 70551.15993647 1
1576 1 44243.82924241 1
1577 0 -56666.49721542 0
1578 1 62344.12201715 1
1579 0 -58394.59220965 0
1580 1 56206.40544340 1
1581 1 73455.44297352 1
1582 0 -72128.48128345 0
1583 0 -58201.71910287 0
1584 0 -67205.34507840 0
1585 0 -73170.32439803 0
1586 0 -52408.53896407 0
1587 0 -59978.84567441 0
1588 0 -64843.26692964 0
1589 0 -59982.75609149 0
1590 0 -49932.67590684 0
1591 0 -67043.87092850 0
1592 0 -77062.12700728 0
1593 1 61260.37458192 1
1594 1 64370.02824917 1
1595 0 -66628.20456337 0
1596 0 -62324.37943856 0
1597 0 -56315.45145537 0
1598 1 72285.64953230 1
1599 1 62870.90375374 1
1600 0 -61195.00041718 0
1601 0 -53163.30860432 0
1602 0 -73785.56119891 0
1603 1 58412.15738100 1
1604 1 57495.01675838 1
1605 1 60505.98921534 1
1606 1 66892.98342985 1
1607 0 -57426.54803132 0
1608 0 -48807.04111196 0
1609 1 63206.14904023 1
1610 0 -53971.34152843 0
1611 1 50033.58991494 1
1612 0 -74837.57219169 0
1613 1 64277.47630589 1
1614 1 60100.54768794 1
1615 1 49912.86036512 1
1616 0 -66585.25980910 0
1617 1 48408.57426534 1
1618 0 -64438.95085021 0
1619 1 57219.85525268 1
1620 0 -64576.69424196 0
1621 1 52243.53695239 1
1622 0 -49586.03144482 0
1623 1 63180.31930017 1
1624 0 -65335.34360526 0
1625 1 54608.10417774 1
1626 0 -59224.54264395 0
1627 0 -56307.03870683 0
1628 1 55228.26647710 1
1629 1 39894.73444802 1
1630 0 -58982.84420370 0
1631 0 -45155.52046771 0
1632 0 -68985.29629107 0
1633 1 57770.85791107 1
1634 0 -66152.92020345 0
1635 1 43627.80242396 1
1636 1 50050.50687803 1
1637 1 73661.89054294 1
1638 0 -57625.00976755 0
1639 1 62585.64060075 1
1640 1 67645.11448448 1
1641 0 -61947.60994844 0
1642 0 -48239.53599221 0
1643 1 53247.62202576 1
1644 1 62178.84276801 1
1645 1 47288.49295920 1
1646 0 -45979.08547009 0
1647 0 -63360.76789922 0
1648 1 71885.00905594 1
1649 1 58821.45391966 1
1650 0 -47162.46523211 0
1651 0 -57293.69868773 0
1652 1 63262.55413646 1
1653 0 -54510.08516974 0
1654 1 57223.97840672 1
1655 1 67761.46771569 1
1656 1 59699.65198981 1
1657 0 -57136.06495165 0
1658 1 79492.70849445 1
1659 1 64020.19854277 1
1660 1 57106.32091516 1
1661 0 -56888.90451874 0
1662 0 -62964.87079620 0
1663 0 -59845.30086835 0
1664 1 57235.02588990 1
1665 0 -66795.58106372 0
1666 0 -57396.39882411 0
1667 0 -62614.32482097 0
1668 1 63366.75120766 1
1669 0 -70613.95964073 0
1670 1 67905.22321782 1
1671 1 59757.48203806 1
1672 1 66728.00706954 1
1673 0 -65827.54671645 0
1674 1 55225.86680298 1
1675 1 63440.07001951 1
1676 1 69440.78114194 1
1677 1 67415.27177562 1
1678 0 -74070.03429639 0
1679 1 70271.47915895 1
1680 1 61179.34034426 1
1681 1 55440.42446442 1
1682 0 -63051.03881561 0
1683 1 69265.95483082 1
1684 0 -59333.27150096 0
1685 1 63589.54749456 1
1686 0 -72705.90219443 0
1687 1 65708.75836314 1
1688 1 56976.73798280 1
1689 1 72896.65628206 1
1690 0 -65021.27631706 0
1691 0 -56862.87042012 0
1692 0 -51848.21074643 0
1693 1 75258.63037248 1
1694 1 55054.76315898 1
1695 1 54675.03872710 1
1696 1 63041.92627086 1
1697 1 58147.10045565 1
1698 1 64566.13037806 1
1699 0 -52654.84377130 0
1700 1 84777.48846116 1
1701 1 65756.68062664 1
1702 0 -52609.84317582 0
1703 0 -62819.33705283 0
1704 0 -66052.76580792 0
1705 1 59537.10048799 1
1706 0 -56130.05587550 0
1707 1 69630.51370354 1
1708 0 -70527.93026362 0
1709 1 62401.32529336 1
1710 1 69632.86779472 1
1711 1 62882.01266587 1
1712 0 -56878.34521784 0
1713 0 -71075.34002860 0
1714 1 69575.62453882 1
1715 0 -65746.87422785 0
1716 0 -75833.00091292 0
1717 1 67773.15848595 1
1718 1 58804.05989514 1
1719 1 57833.64517561 1
1720 0 -67769.06890653 0
1721 0 -61758.29154217 0
1722 1 69497.73448868 1
1723 0 -81270.89882285 0
1724 1 65439.96222352 1
1725 0 -74158.67509786 0
1726 1 64259.79856134 1
1727 0 -58970.12548709 0
1728 0 -67440.98315856 0
1729 0 -61551.91086889 0
1730 0 -63114.02194780 0
1731 1 67614.59567769 1
1732 0 -63291.31220240 0
1733 0 -69999.83854664 0
1734 1 57036.22090295 1
1735 0 -65128.12799951 0
1736 0 -65794.83750053 0
1737 0 -52990.08647351 0
1738 0 -63527.47939456 0
1739 1 63422.65502840 1
1740 0 -60583.17377757 0
1741 1 69421.87830791 1
1742 1 57141.20678684 1
1743 1 71109.86003821 1
1744 0 -57349.43465006 0
1745 0 -67850.01354845 0
1746 0 -65709.03754825 0
1747 0 -59228.13582796 0
1748 1 54827.90129075 1
1749 1 59713.14735337 1
1750 0 -63065.01716671 0
1751 1 67126.98653701 1
1752 0 -64763.32301951 0
1753 1 70520.07380699 1
1754 0 -62203.07181627 0
1755 0 -69839.64537549 0
1756 0 -73031.71947661 0
1757 0 -56266.94102636 0
1758 1 58251.04313407 1
1759 0 -64519.40542408 0
1760 1 72848.61878687 1
1761 1 70598.87795540 1
1762 0 -67636.43757718 0
1763 1 71035.92925323 1
1764 1 64488.51641381 1
1765 1 74376.89979768 1
1766 1 75391.88495530 1
1767 0 -69987.96732945 0
1768 0 -66916.04010803 0
1769 1 68844.52500300 1
1770 1 64125.24839889 1
1771 1 71491.15046019 1
1772 0 -71736.37991106 0
1773 0 -76339.86478050 0
1774 1 74797.87354934 1
1775 0 -83940.08026700 0
1776 1 69703.57642179 1
1777 0 -68333.02772196 0
1778 0 -75855.44674271 0
1779 1 70455.18869670 1
1780 0 -65101.84643245 0
1781 1 74848.88508368 1
1782 0 -71011.40521728 0
1783 1 65401.00618494 1
1784 0 -50821.78859804 0
1785 1 66287.24413834 1
1786 1 62582.60776240 1
1787 1 64376.72599542 1
1788 1 61501.33516032 1
1789 0 -61795.94587069 0
1790 1 58685.08320388 1
1791 0 -55273.00091963 0
1792 1 58258.79042892 1
1793 1 64962.80692880 1
1794 0 -71549.39623622 0
1795 1 60748.20351806 1
1796 0 -60821.98312022 0
1797 0 -60988.07720491 0
1798 0 -57573.40133941 0
1799 0 -58065.06830520 0
1800 1 59510.68140636 1
1801 0 -63491.22386219 0
1802 0 -64134.47606250 0
1803 1 62776.96749581 1
1804 1 68561.94858090 1
1805 1 55567.18899310 1
1806 0 -65344.50330254 0
1807 0 -64187.54727038 0
1808 0 -67044.88427366 0
1809 0 -61846.35940089 0
1810 0 -66132.83517406 0
1811 1 62239.57031309 1
1812 1 63388.54382438 1
1813 1 60633.59902453 1
1814 0 -64750.62355872 0
1815 0 -73678.55839023 0
1816 0 -60326.15337963 0
1817 1 68828.03068121 1
1818 1 64661.21619409 1
1819 0 -64295.11938082 0
1820 1 57023.88846897 1
1821 0 -56895.92250400 0
1822 0 -73089.08665461 0
1823 0 -60616.11828670 0
1824 0 -76504.45646302 0
1825 0 -53707.36681116 0
1826 1 50682.19503041 1
1827 0 -61134.06291314 0
1828 1 63537.57153904 1
1829 0 -68696.86197210 0
1830 1 60780.95328133 1
1831 0 -64317.52529971 0
1832 0 -58174.65979585 0
1833 1 48744.10727619 1
1834 1 61767.46640033 1
1835 1 59479.85381654 1
1836 0 -66699.14695152 0
1837 1 68875.92031661 1
1838 1 58980.54801808 1
1839 0 -59941.77953845 0
1840 1 55765.25315914 1
1841 1 61269.39571672 1
1842 0 -77604.36978431 0
1843 0 -75872.30310497 0
1844 1 71190.13415087 1
1845 1 62231.48094714 1
1846 1 60171.11663321 1
1847 1 66742.47028219 1
1848 0 -70319.63953626 0
1849 0 -73263.50668889 0
1850 0 -74320.54905677 0
1851 1 61311.48615478 1
1852 0 -72242.10862348 0
1853 1 62543.57916764 1
1854 0 -84018.77395414 0
1855 1 59477.77539032 1
1856 1 65682.11669945 1
1857 1 71111.79791080 1
1858 1 65855.99847834 1
1859 1 70632.40989588 1
1860 0 -57714.40691065 0
1861 0 -63158.51935979 0
1862 0 -73049.42655317 0
1863 1 59021.86538639 1
1864 0 -67334.16628018 0
1865 1 60870.56248745 1
1866 0 -62814.58369288 0
1867 1 68065.06635273 1
1868 1 68879.99733490 1
1869 0 -70201.83069326 0
1870 1 68840.94164967 1
1871 0 -69569.59406282 0
1872 1 66682.68655950 1
1873 0 -58234.07729817 0
1874 0 -72696.93874603 0
1875 1 68843.25450835 1
1876 1 63702.57078316 1
1877 0 -70325.52527105 0
1878 1 75446.24247368 1
1879 0 -72756.62064227 0
1880 1 55370.28879614 1
1881 1 65914.98166747 1
1882 0 -72797.98216960 0
1883 1 64370.09583990 1
1884 1 64539.49043809 1
1885 0 -68692.08518960 0
1886 1 75589.43576623 1
1887 0 -64951.90582040 0
1888 1 83540.72371031 1
1889 1 72306.52518537 1
1890 1 70643.04848949 1
1891 0 -63393.17720711 0
1892 0 -68695.30626336 0
1893 1 68048.88590088 1
1894 1 72364.33623514 1
1895 1 64827.81704116 1
1896 1 74041.60083589 1
1897 1 80199.33833930 1
1898 0 -73276.51044465 0
1899 1 82427.67847364 1
1900 0 -73685.67032837 0
1901 1 66060.44877731 1
1902 0 -63425.50255639 0
1903 0 -65443.14786346 0
1904 1 61630.32764648 1
1905 1 65065.51647814 1
1906 0 -72222.28402149 0
1907 0 -78614.28124504 0
1908 0 -77253.07301670 0
1909 0 -75631.00113085 0
1910 0 -75760.57829414 0
1911 1 66742.33886318 1
1912 0 -61726.56854813 0
1913 0 -76581.50259926 0
1914 1 64069.11903112 1
1915 0 -64228.67492524 0
1916 0 -66835.93839095 0
1917 0 -83986.71079636 0
1918 0 -63200.59452384 0
1919 1 75502.86419524 1
1920 1 76541.17667825 1
1921 0 -71525.41970669 0
1922 1 60519.20471129 1
1923 0 -73689.25085271 0
1924 1 68549.23115082 1
1925 0 -65930.51154490 0
1926 1 64987.67894513 1
1927 0 -76554.39193253 0
1928 0 -70121.06480344 0
1929 1 68175.40000530 1
1930 0 -81049.03272456 0
1931 1 75412.23578970 1
1932 0 -47666.71446265 0
1933 0 -63960.30923352 0
1934 1 66274.15827097 1
1935 0 -64859.77492811 0
1936 1 68902.75552612 1
1937 0 -67424.52949763 0
1938 1 69962.04266021 1
1939 0 -58969.47278607 0
1940 0 -64033.62052446 0
1941 0 -70288.73493838 0
1942 0 -60866.67517608 0
1943 1 70417.35491247 1
1944 0 -62174.07631733 0
1945 1 80320.16757555 1
1946 0 -74266.16917149 0
1947 0 -71471.01598099 0
1948 0 -58286.49289455 0
1949 1 66389.89728290 1
1950 1 79719.59222987 1
1951 1 68895.21271776 1
1952 0 -66996.83621163 0
1953 1 60246.89034373 1
1954 1 62778.36834471 1
1955 1 69270.30334129 1
1956 0 -66537.69935742 0
1957 1 66759.69619115 1
1958 0 -61050.39293222 0
1959 0 -61913.11559135 0
1960 1 50849.85095615 1
1961 0 -61061.77724555 0
1962 0 -57943.28551862 0
1963 0 -68834.30333431 0
1964 1 53000.11905099 1
1965 1 68872.27565515 1
1966 0 -75645.48110464 0
1967 1 50039.55910351 1
1968 1 54382.87188782 1
1969 0 -60632.91114039 0
1970 1 66982.28031674 1
1971 1 69009.61920633 1
1972 1 67186.38185562 1
1973 0 -73239.53358545 0
1974 0 -57703.51199016 0
1975 1 73199.19067904 1
1976 1 69221.12303027 1
1977 0 -60868.88749076 0
1978 1 52666.18300240 1
1979 1 64385.16400507 1
1980 0 -73643.08885187 0
1981 1 60982.47480176 1
1982 1 71007.69994736 1
1983 0 -66941.06116778 0
1984 1 57766.72436042 1
1985 1 72520.92045441 1
1986 1 73006.86408334 1
1987 1 65452.94549935 1
1988 1 53558.00512511 1
1989 0 -59784.80112571 0
1990 1 68423.71965179 1
1991 1 72367.93956157 1
1992 1 49295.48312420 1
1993 1 59058.13984888 1
1994 0 -62780.38853369 0
1995 1 61791.74573056 1
1996 1 57929.72651590 1
1997 0 -64115.45383523 0
1998 1 59292.89710567 1
1999 1 46077.46281252 1
2000 0 -53466.61832317 0
2001 0 -75581.12312147 0
2002 1 40300.83522441 1
2003 0 -60815.89519234 0
2004 1 73398.07571332 1
2005 0 -74766.17074243 0
2006 0 -46468.22800375 0
2007 0 -56784.64942150 0
2008 1 64104.72354441 1
2009 0 -40300.83522441 0
2010 1 64919.95572916 1
2011 0 -84834.97196057 0
2012 0 -71892.28308975 0
2013 1 54431.79869071 1
2014 0 -60301.03007427 0
2015 0 -73547.73879216 0
2016 1 50175.27135170 1
2017 1 58095.21260728 1
2018 1 70210.31494540 1
2019 1 57284.69263617 1
2020 1 51898.83350683 1
2021 1 67232.05135153 1
2022 1 63919.40426369 1
2023 1 54392.78262018 1
2024 0 -69278.48045231 0
2025 1 83314.53440663 1
2026 1 57237.30424023 1
2027 1 57775.18324742 1
2028 0 -55563.58206356 0
2029 0 -63830.01047761 0
2030 1 52240.61339435 1
2031 0 -66761.92311946 0
2032 1 78375.51390120 1
2033 0 -54153.81546490 0
2034 1 64852.60751217 1
2035 0 -60546.34893213 0
2036 1 66912.32216175 1
2037 0 -60022.72949770 0
2038 0 -60381.05852573 0
2039 0 -70112.03924464 0
2040 1 61990.74937977 1
2041 1 71813.27735787 1
2042 1 73412.26410805 1
2043 1 75681.18606634 1
2044 1 68566.66002986 1
2045 0 -73887.93543606 0
2046 0 -70594.12081153 0
2047 1 69951.20833537 1
2048 1 66379.27914523 1
2049 1 71262.18484442 1
2050 0 -70618.19217385 0
2051 0 -52589.71564678 0
2052 1 77599.66439919 1
2053 0 -63990.78830707 0
2054 0 -70814.55822943 0
2055 1 62127.28131916 1
2056 1 62737.03998226 1
2057 0 -64475.36507414 0
2058 0 -64248.15764805 0
2059 1 66604.68463213 1
2060 0 -66339.25121614 0
2061 1 70647.72765979 1
2062 0 -72825.19468880 0
2063 1 68868.14023691 1
2064 0 -85267.70576433 0
2065 1 62315.14525220 1
2066 0 -70728.57364675 0
2067 1 71050.90245829 1
2068 0 -62442.30886569 0
2069 0 -62855.15169619 0
2070 0 -65454.47281000 0
2071 0 -69073.73250801 0
2072 1 77483.49691169 1
2073 1 70667.71382632 1
2074 0 -69460.55020046 0
2075 0 -63572.70551166 0
2076 0 -63129.72089731 0
2077 0 -60134.46904678 0
2078 0 -76191.80793553 0
2079 1 55905.00992690 1
2080 1 71396.95854929 1
2081 1 64214.72119870 1
2082 1 71325.98506288 1
2083 1 68455.80972451 1
2084 1 76693.12832502 1
2085 1 64908.67826660 1
2086 0 -53175.71638914 0
2087 0 -61371.54999020 0
2088 0 -64839.57672322 0
2089 1 65474.47465572 1
2090 1 57387.38692233 1
2091 0 -57227.97362577 0
2092 1 81340.50732879 1
2093 0 -55283.71851562 0
2094 1 64575.59210397 1
2095 0 -55540.27455536 0
2096 0 -73767.54452821 0
2097 0 -66220.12707254 0
2098 1 66056.47487375 1
2099 1 75883.04035539 1
2100 1 63430.20744549 1
2101 1 58419.41726820 1
2102 1 65207.80166967 1
2103 1 74814.40800547 1
2104 1 73575.12751881 1
2105 0 -65624.23167886 0
2106 0 -70108.98153282 0
2107 1 69204.89811994 1
2108 0 -72827.79347743 0
2109 1 78303.46527261 1
2110 0 -67354.28217895 0
2111 1 61439.67310671 1
2112 0 -74234.05842702 0
2113 0 -79267.13606101 0
2114 0 -66346.05498576 0
2115 1 67117.60194071 1
2116 1 68335.72568427 1
2117 0 -74782.81558766 0
2118 0 -74970.88713272 0
2119 1 71803.95558900 1
2120 1 76603.97066902 1
2121 0 -64407.14952157 0
2122 0 -68685.38858041 0
2123 0 -67609.52483576 0
2124 1 73790.78893271 1
2125 1 58433.12309595 1
2126 0 -72056.94444195 0
2127 0 -72625.63146114 0
2128 0 -71122.16301824 0
2129 0 -69967.40316049 0
2130 1 78746.39728245 1
2131 0 -71274.89206899 0
2132 1 62714.09411868 1
2133 1 68830.70608464 1
2134 0 -64250.36970942 0
2135 1 71805.39986763 1
2136 0 -72072.00797856 0
2137 0 -74195.41695445 0
2138 1 86684.33795007 1
2139 1 73127.53196714 1
2140 1 67739.43774905 1
2141 1 67321.91307740 1
2142 1 69434.18383235 1
2143 0 -71932.02718515 0
2144 1 67114.01955059 1
2145 1 72009.01107790 1
2146 0 -64306.25166869 0
2147 1 70712.26304472 1
2148 1 68024.88521007 1
2149 1 72184.62455157 1
2150 1 73127.16605567 1
2151 1 58333.88726997 1
2152 1 65197.49610452 1
2153 0 -64486.86954499 0
2154 1 67022.94600353 1
2155 0 -62198.78565974 0
2156 1 77890.36627244 1
2157 1 66207.18331001 1
2158 1 66674.62947777 1
2159 1 66800.39995490 1
2160 0 -73002.94591536 0
2161 1 57224.74989891 1
2162 1 59024.15774071 1
2163 1 60529.28026730 1
2164 0 -62424.01266770 0
2165 1 50830.18084028 1
2166 0 -66609.90807642 0
2167 0 -55146.78070777 0
2168 0 -60184.00688098 0
2169 1 60813.29281380 1
2170 1 59164.63682356 1
2171 1 58746.62794365 1
2172 1 50748.27903888 1
2173 0 -83904.93513595 0
2174 1 55635.17583536 1
2175 1 56094.53240457 1
2176 1 86022.41746216 1
2177 1 60622.86908345 1
2178 0 -64809.09010196 0
2179 1 57293.62774626 1
2180 1 78362.08655001 1
2181 1 62311.18458223 1
2182 0 -66441.02381095 0
2183 0 -79309.65548223 0
2184 1 55463.98994534 1
2185 1 70382.40984631 1
2186 0 -62618.64767832 0
2187 0 -59906.41329159 0
2188 1 53297.65051617 1
2189 1 58638.40340626 1
2190 0 -61559.82634556 0
2191 0 -70841.55843979 0
2192 1 62463.79307353 1
2193 1 80465.49760194 1
2194 0 -58159.85195078 0
2195 1 64859.32306461 1
2196 1 57689.43212500 1
2197 1 65792.46251970 1
2198 1 58335.39038255 1
2199 1 68930.21502082 1
2200 1 68906.34879948 1
2201 1 65995.35277075 1
2202 1 55501.86111532 1
2203 0 -58214.96236416 0
2204 0 -67825.30124267 0
2205 1 69325.01419959 1
2206 0 -75168.61234341 0
2207 0 -66468.28051543 0
2208 0 -63098.58210116 0
2209 1 60371.95432178 1
2210 0 -66081.90585627 0
2211 1 77410.10901175 1
2212 0 -73663.31520211 0
2213 0 -84459.94119514 0
2214 1 68352.80017443 1
2215 1 69642.71822171 1
2216 0 -71411.07717186 0
2217 1 55749.59733534 1
2218 0 -71187.14803618 0
2219 1 63413.79180727 1
2220 0 -75761.45429637 0
2221 0 -69380.29341700 0
2222 1 67660.85390111 1
2223 1 71748.59521413 1
2224 1 66457.64764851 1
2225 0 -75403.46424955 0
2226 1 66085.42673528 1
2227 0 -70069.27981533 0
2228 0 -70476.93003365 0
2229 0 -67097.84330087 0
2230 0 -67561.76350655 0
2231 0 -71054.00246296 0
2232 0 -70992.96532575 0
2233 1 65769.63028809 1
2234 1 77849.09957946 1
2235 0 -67707.55985601 0
2236 0 -70533.27236692 0
2237 0 -68044.08094780 0
2238 0 -72240.99344526 0
2239 1 70624.24082414 1
2240 1 61822.65030222 1
2241 1 69853.99583524 1
2242 0 -71008.38694890 0
2243 0 -64429.05923106 0
2244 1 63315.12358916 1
2245 1 65879.95193875 1
2246 0 -53539.58815074 0
2247 1 60409.22068008 1
2248 0 -61512.05982349 0
2249 0 -59531.32087467 0
2250 0 -58373.59532119 0
2251 0 -67451.73013301 0
2252 1 65561.87285856 1
2253 1 55922.82532964 1
2254 1 70545.38163399 1
2255 1 67639.84963901 1
2256 1 60309.67521221 1
2257 1 60687.23303671 1
2258 0 -66325.03542974 0
2259 0 -65186.97217594 0
2260 0 -57126.63815271 0
2261 1 68880.99252241 1
2262 0 -70632.13069492 0
2263 0 -65799.73464729 0
2264 1 68315.30653494 1
2265 0 -75108.90893978 0
2266 0 -67193.31864740 0
2267 1 66041.31910615 1
2268 0 -62833.61673360 0
2269 0 -62027.98985350 0
2270 1 64536.25217134 1
2271 1 60030.87233837 1
2272 1 62124.09278165 1
2273 1 57683.36205557 1
2274 1 65147.15010769 1
2275 1 62900.82827868 1
2276 0 -64240.47319889 0
2277 1 65072.91204394 1
2278 1 58271.04071212 1
2279 1 58399.16299320 1
2280 1 57904.80738103 1
2281 1 59327.77483072 1
2282 1 72687.42847229 1
2283 0 -66498.47733248 0
2284 1 69079.39252222 1
2285 1 54781.85598821 1
2286 1 56481.40419271 1
2287 1 68372.10802057 1
2288 0 -68876.46213804 0
2289 1 73027.47495677 1
2290 1 66776.22225123 1
2291 0 -65583.62283595 0
2292 1 62032.88900550 1
2293 0 -47405.34419839 0
2294 1 77946.15764995 1
2295 0 -56659.37948743 0
2296 0 -59973.00636040 0
2297 0 -76368.47129057 0
2298 0 -63338.33711436 0
2299 1 63725.61348964 1
2300 0 -49963.27751698 0
2301 1 66465.71996854 1
2302 1 80238.50451647 1
2303 0 -74056.32642500 0
2304 1 76388.77109793 1
2305 1 64510.58680819 1
2306 0 -65901.72290298 0
2307 1 68164.38973005 1
2308 0 -79876.93903442 0
2309 0 -75084.01589212 0
2310 1 58932.20874822 1
2311 1 61082.45090505 1
2312 0 -77821.34175344 0
2313 0 -66449.27311150 0
2314 1 72462.68796525 1
2315 0 -74817.49316501 0
2316 0 -63376.91133163 0
2317 1 65824.85323718 1
2318 1 62806.26302287 1
2319 1 77796.57532971 1
2320 1 61193.59506738 1
2321 0 -60831.48928528 0
2322 1 83835.87468944 1
2323 0 -60791.29975380 0
2324 1 66306.96938046 1
2325 1 57239.76643352 1
2326 0 -72076.80668109 0
2327 1 64419.14014764 1
2328 0 -63858.90397894 0
2329 1 75644.71327429 1
2330 0 -59696.27138982 0
2331 1 59935.75420361 1
2332 0 -64093.98233209 0
2333 1 62016.95481922 1
2334 1 69131.48328251 1
2335 1 59377.31290142 1
2336 0 -64615.35109540 0
2337 1 59700.23850335 1
2338 1 72287.97642086 1
2339 1 68014.42988996 1
2340 1 58388.78761285 1
2341 0 -61056.98666431 0
2342 0 -62166.47903099 0
2343 1 63969.98832558 1
2344 0 -57794.91779483 0
2345 0 -67006.60096694 0
2346 1 68866.90263969 1
2347 0 -63473.46590194 0
2348 1 74787.79368362 1
2349 0 -57988.46858227 0
2350 0 -71166.59654477 0
2351 0 -46810.18750341 0
2352 1 63011.33980118 1
2353 0 -53739.93393744 0
2354 1 55570.51510736 1
2355 1 55044.32881103 1
2356 0 -60996.98664424 0
2357 1 71724.86069520 1
2358 0 -57080.74575776 0
2359 0 -73284.99754264 0
2360 0 -60894.13012755 0
2361 1 51665.59872721 1
2362 0 -57030.67035534 0
2363 1 61161.70091607 1
2364 1 54004.72251380 1
2365 1 49310.70212953 1
2366 0 -65296.04417133 0
2367 0 -76991.00388173 0
2368 0 -72533.97303131 0
2369 0 -69948.36849376 0
2370 0 -65724.74276708 0
2371 0 -61037.94367481 0
2372 1 58835.66780581 1
2373 0 -68277.21272940 0
2374 1 56129.24631127 1
2375 1 68749.27185591 1
2376 0 -65102.35297097 0
2377 1 76852.96161523 1
2378 0 -61367.78369777 0
2379 0 -69099.79967631 0
2380 0 -67401.77741484 0
2381 0 -68540.34473133 0
2382 1 60829.33737637 1
2383 0 -68024.32281660 0
2384 1 66691.29106754 1
2385 0 -79359.58585596 0
2386 0 -75227.02540242 0
2387 0 -68880.68842591 0
2388 0 -72543.18371361 0
2389 0 -70629.44989678 0
2390 0 -82612.98473608 0
2391 0 -72158.41904415 0
2392 1 60431.18606544 1
2393 0 -58097.32284647 0
2394 1 60853.53114443 1
2395 1 72006.31278062 1
2396 1 67254.45727297 1
2397 0 -63059.57257666 0
2398 0 -60763.53904629 0
2399 1 67789.14363827 1
2400 0 -58139.62259119 0
2401 0 -65261.85853221 0
2402 0 -62617.00777014 0
2403 1 59397.34209013 1
2404 1 55387.54440079 1
2405 0 -61462.74531986 0
2406 0 -74604.88925019 0
2407 1 59648.56320113 1
2408 0 -56239.00244486 0
2409 0 -68742.35541708 0
2410 0 -72041.49533037 0
2411 0 -64261.93437672 0
2412 0 -59963.00460163 0
2413 0 -66366.26500934 0
2414 1 51836.48789693 1
2415 1 63710.54703353 1
2416 0 -69199.74260992 0
2417 1 59416.61002181 1
2418 1 61837.92511734 1
2419 0 -63647.41111369 0
2420 0 -61545.55100672 0
2421 0 -56988.83238845 0
2422 1 53172.35989565 1
2423 1 69523.31327438 1
2424 0 -46609.74943915 0
2425 0 -61398.43718399 0
2426 1 58214.71108477 1
2427 1 49434.34326070 1
2428 1 43066.70595539 1
2429 1 46821.30823670 1
2430 1 60590.87166748 1
2431 0 -55136.06548878 0
2432 1 42719.32697266 1
2433 0 -52041.11101977 0
2434 1 49853.18437795 1
2435 0 -47841.37227181 0
2436 0 -45931.65193770 0
2437 1 52136.93795898 1
2438 0 -45903.86967679 0
2439 0 -42606.94141368 0
2440 1 48798.92912520 1
2441 0 -69140.33505268 0
2442 1 39335.03994504 1
2443 1 51029.28492398 1
2444 0 -58415.35538075 0
2445 0 -68745.74421168 0
2446 0 -51287.65564084 0
2447 1 52955.04661872 1
2448 0 -56556.38332527 0
2449 1 45148.56395568 1
2450 0 -53026.96526302 0
2451 1 75571.46667195 1
2452 1 56781.78385463 1
2453 0 -49592.76409943 0
2454 0 -59380.43946376 0
2455 1 75075.12238675 1
2456 1 46556.40032526 1
2457 1 52444.61786469 1
2458 0 -57869.36470450 0
2459 1 55449.89850514 1
2460 0 -48251.33096505 0
2461 1 77267.37512947 1
2462 1 58796.18207655 1
2463 1 48475.96379359 1
2464 0 -68122.40475638 0
2465 0 -79963.88038131 0
2466 0 -55543.54452662 0
2467 0 -46384.84551096 0
2468 0 -50884.33081017 0
2469 1 58041.01475747 1
2470 0 -46391.42466872 0
2471 0 -75054.46770059 0
2472 0 -71169.04882105 0
2473 1 57471.65000372 1
2474 1 46121.61191099 1
2475 1 63768.59285282 1
2476 0 -57094.61576284 0
2477 1 45703.38649803 1
2478 0 -57843.13262088 0
2479 0 -64434.06204260 0
2480 0 -54696.86549140 0
2481 0 -58089.58978154 0
2482 1 51879.96769712 1
2483 1 59274.32970041 1
2484 0 -54073.37687496 0
2485 1 68145.06320622 1
2486 0 -69968.84765990 0
2487 0 -60169.95852652 0
2488 0 -55264.79493624 0
2489 1 57989.31079628 1
2490 1 60940.20986880 1
2491 1 55627.77038132 1
2492 1 72013.54036029 1
2493 0 -59448.04474470 0
2494 0 -72264.91947883 0
2495 0 -62955.25796591 0
2496 0 -63459.98991490 0
2497 1 69549.30307105 1
2498 1 63675.90316980 1
2499 0 -66091.83496859 0
2500 0 -71024.64921541 0
2501 0 -68768.19139947 0
2502 1 63039.08911397 1
2503 0 -65008.40570574 0
2504 0 -77407.48033890 0
2505 0 -66026.36957665 0
2506 0 -57229.45362972 0
2507 0 -70157.79252441 0
2508 1 65594.45720464 1
2509 0 -57685.13510054 0
2510 0 -56808.50070965 0
2511 0 -60622.12507425 0
2512 0 -66376.20922300 0
2513 0 -59801.79345943 0
2514 0 -71673.27267012 0
2515 0 -59617.78410629 0
2516 0 -57703.09294787 0
2517 0 -58390.55138106 0
2518 0 -67552.67289468 0
2519 0 -55069.83534709 0
2520 1 57880.24348914 1
2521 0 -57124.45452036 0
2522 1 65276.49875729 1
2523 1 54349.44173291 1
2524 0 -72442.79674309 0
2525 1 58751.03341307 1
2526 1 51499.82744307 1
2527 0 -49788.06495997 0
2528 1 55022.48870903 1
2529 0 -56667.13801153 0
2530 0 -51640.16006054 0
2531 1 55445.01161257 1
2532 1 66913.79527199 1
2533 0 -47716.98466944 0
2534 1 55597.10229908 1
2535 0 -57399.36916284 0
2536 0 -56946.62316457 0
2537 0 -49885.21716121 0
2538 0 -58190.19932612 0
2539 1 50440.41580209 1
2540 0 -49609.89000186 0
2541 0 -52610.24256108 0
2542 0 -68393.67412221 0
2543 0 -57536.26416347 0
2544 1 68123.41393365 1
2545 1 51548.69385961 1
2546 1 58985.15089760 1
2547 1 59189.62720635 1
2548 1 61357.87390172 1
2549 1 65556.53679789 1
2550 0 -58195.95071762 0
2551 0 -50564.77096708 0
2552 0 -70129.77651739 0
2553 1 59832.89897498 1
2554 1 50465.30654310 1
2555 0 -61292.95379307 0
2556 1 66198.95203557 1
2557 1 66279.86501066 1
2558 0 -67504.68847116 0
2559 0 -70065.99490555 0
2560 0 -73001.46580423 0
2561 0 -47949.06921841 0
2562 0 -69229.03033132 0
2563 1 71198.37809262 1
2564 1 70029.44290202 1
2565 1 42563.97628652 1
2566 0 -57031.20786534 0
2567 0 -68459.10060023 0
2568 0 -60573.67353020 0
2569 1 70366.82133505 1
2570 0 -65337.14182584 0
2571 1 62729.39862691 1
2572 0 -49557.87090742 0
2573 1 65312.67958656 1
2574 0 -66263.01764573 0
2575 0 -59811.91624868 0
2576 0 -70847.25999068 0
2577 0 -77574.21124508 0
2578 0 -78485.32677190 0
2579 1 61041.22655285 1
2580 1 72345.19690557 1
2581 0 -61512.67582821 0
2582 1 69486.29684107 1
2583 0 -71732.64211185 0
2584 0 -72165.00240745 0
2585 1 60443.43054840 1
2586 1 64575.62934199 1
2587 1 57214.02981999 1
2588 0 -68472.77591676 0
2589 0 -71445.46641836 0
2590 0 -68149.82099752 0
2591 1 62310.18665470 1
2592 0 -49700.91321090 0
2593 1 63183.96081443 1
2594 0 -46805.96198462 0
2595 0 -59607.63419508 0
2596 0 -60894.47165613 0
2597 0 -68999.95610809 0
2598 1 71163.01774612 1
2599 0 -58879.57859131 0
2600 1 65295.19201896 1
2601 0 -52502.92653722 0
2602 1 61077.94744464 1
2603 0 -57945.72409930 0
2604 0 -57589.61573935 0
2605 0 -66581.19282700 0
2606 0 -65766.81067283 0
2607 1 55492.40254113 1
2608 0 -52651.68474683 0
2609 0 -62099.95816400 0
2610 0 -57595.09181054 0
2611 0 -53496.66883372 0
2612 1 62409.32369730 1
2613 0 -63265.53328890 0
2614 1 43139.66377955 1
2615 0 -52758.92186893 0
2616 1 69111.15088714 1
2617 1 54509.01269680 1
2618 0 -59253.42989844 0
2619 1 68529.41905901 1
2620 1 69783.00583200 1
2621 1 46389.68463685 1
2622 1 48727.06884724 1
2623 0 -60370.71089779 0
2624 0 -54491.41663419 0
2625 1 51942.04394197 1
2626 1 71609.77002011 1
2627 0 -58819.66912540 0
2628 0 -58352.33324611 0
2629 0 -49154.31858295 0
2630 0 -61305.36618725 0
2631 0 -54731.11830659 0
2632 0 -58828.24012973 0
2633 1 88730.97926408 1
2634 1 60270.37418747 1
2635 1 48017.93262881 1
2636 0 -68486.21458033 0
2637 1 57405.61469083 1
2638 0 -58410.36142581 0
2639 0 -68188.11456847 0
2640 1 84059.70213471 1
2641 1 72069.19951997 1
2642 1 50595.07836688 1
2643 1 66392.10127164 1
2644 1 61269.91948772 1
2645 1 61041.11757988 1
2646 1 58609.19985596 1
2647 0 -65804.30041043 0
2648 1 59567.34066057 1
2649 1 49863.05231124 1
2650 1 55163.64296446 1
2651 0 -64274.32397825 0
2652 0 -50578.00556540 0
2653 1 76666.59833163 1
2654 0 -71935.44247952 0
2655 0 -71470.35525258 0
2656 1 60353.11854340 1
2657 0 -54775.36479915 0
2658 0 -67925.68665960 0
2659 1 49232.42656181 1
2660 0 -76017.70936352 0
2661 1 71752.30073941 1
2662 0 -71608.95234106 0
2663 1 58587.05373697 1
2664 1 59755.92740167 1
2665 1 70880.99851592 1
2666 0 -58281.39089487 0
2667 0 -63553.38045829 0
2668 0 -65694.99256318 0
2669 0 -62585.44799334 0
2670 1 54537.07031072 1
2671 1 68682.16974629 1
2672 1 72383.55778497 1
2673 0 -68935.38352513 0
2674 0 -72147.81914715 0
2675 1 73520.60827748 1
2676 0 -74500.43568198 0
2677 1 50844.29505001 1
2678 0 -56153.70563359 0
2679 0 -68635.79549490 0
2680 1 54683.57966449 1
2681 0 -77100.26231514 0
2682 0 -76401.98424893 0
2683 1 75847.76303859 1
2684 1 55362.31881246 1
2685 0 -55129.09565175 0
2686 0 -67133.09930715 0
2687 0 -52269.62988246 0
2688 0 -70753.10932956 0
2689 1 69867.23992364 1
2690 1 69632.75877238 1
2691 0 -56317.59673642 0
2692 0 -46504.88227450 0
2693 1 69970.59793810 1
2694 1 59565.52243955 1
2695 1 75842.18443313 1
2696 1 66769.99693084 1
2697 1 66402.13180079 1
2698 1 54433.41173789 1
2699 1 48701.83237114 1
2700 1 68617.74579931 1
2701 1 65471.61775199 1
2702 0 -72648.14839081 0
2703 0 -63178.76303494 0
2704 0 -69819.11998788 0
2705 0 -59330.56670821 0
2706 0 -52925.52954482 0
2707 1 69938.21224046 1
2708 1 60852.17327076 1
2709 1 65926.70693231 1
2710 1 60276.41225948 1
2711 1 73630.70837404 1
2712 1 47781.13957099 1
2713 1 55671.42727143 1
2714 0 -70884.04613007 0
2715 1 57539.47654340 1
2716 0 -64340.67556408 0
2717 1 64716.72734812 1
2718 1 68875.56974313 1
2719 1 51770.81524559 1
2720 0 -52911.72028403 0
2721 0 -60218.45828496 0
2722 1 63127.53713250 1
2723 0 -65454.07247372 0
2724 0 -79502.54484271 0
2725 0 -64547.85707454 0
2726 1 49930.86815587 1
2727 1 51351.40798203 1
2728 0 -65874.63162133 0
2729 0 -59386.37990404 0
2730 1 71948.92448289 1
2731 1 76363.45725173 1
2732 0 -70809.50835343 0
2733 0 -55431.51958337 0
2734 1 60172.48609397 1
2735 1 58341.79124561 1
2736 0 -49278.92556937 0
2737 0 -67094.60632230 0
2738 1 62853.66727890 1
2739 0 -64213.89977509 0
2740 1 47410.04407600 1
2741 0 -49218.74151190 0
2742 0 -58653.98932162 0
2743 1 48919.64824155 1
2744 1 73212.31655558 1
2745 0 -65393.18260064 0
2746 0 -63099.15842912 0
2747 0 -69633.40594952 0
2748 0 -62942.25143655 0
2749 1 67641.40729928 1
2750 1 59376.49716393 1
2751 1 66603.74154819 1
2752 0 -80101.58992298 0
2753 0 -65142.25615569 0
2754 1 71594.24457157 1
2755 0 -56328.49598602 0
2756 0 -52417.83150502 0
2757 0 -55598.75518652 0
2758 0 -52715.83669348 0
2759 1 72071.43771735 1
2760 0 -58163.45548984 0
2761 1 46766.29195062 1
2762 1 72897.81013828 1
2763 0 -50297.02164993 0
2764 0 -54223.47348070 0
2765 0 -51790.55752574 0
2766 0 -64434.73049227 0
2767 1 64770.05459039 1
2768 0 -56656.74632565 0
2769 1 60953.91326418 1
2770 0 -51518.19081013 0
2771 1 51799.59530022 1
2772 0 -63095.45388163 0
2773 1 63280.93390911 1
2774 1 81242.36771765 1
2775 0 -57673.97442033 0
2776 0 -50923.58698884 0
2777 1 71599.66046867 1
2778 1 67674.89978195 1
2779 1 69475.42573143 1
2780 0 -70111.07285103 0
2781 0 -67987.76625187 0
2782 0 -67962.09330439 0
2783 0 -54926.71501818 0
2784 0 -55221.38907621 0
2785 1 58322.08182271 1
2786 1 71857.37405156 1
2787 0 -73605.18109218 0
2788 1 70168.92350119 1
2789 1 67385.17372401 1
2790 0 -68739.70514878 0
2791 1 60500.29402992 1
2792 1 61231.99692556 1
2793 1 71061.62933938 1
2794 0 -82538.87533732 0
2795 1 69629.44907967 1
2796 0 -58949.24129694 0
2797 0 -68012.25691016 0
2798 1 78864.54975278 1
2799 0 -72806.98721285 0
2800 0 -69511.46363815 0
2801 0 -72454.69389637 0
2802 0 -83018.10038103 0
2803 1 65276.61543856 1
2804 1 67325.88364353 1
2805 0 -66839.28650749 0
2806 0 -77839.71729295 0
2807 0 -90426.89041960 0
2808 1 86837.71357317 1
2809 0 -92252.51520089 0
2810 0 -72234.56430787 0
2811 1 68296.87783483 1
2812 0 -69748.20506835 0
2813 1 57719.09750764 1
2814 1 73905.99924423 1
2815 0 -77166.55345556 0
2816 1 77616.58640049 1
2817 0 -80231.03539663 0
2818 0 -69255.49679975 0
2819 1 80647.23002868 1
2820 0 -61969.49869801 0
2821 1 68827.84292746 1
2822 0 -68603.20053212 0
2823 1 72831.07293530 1
2824 0 -62116.59570577 0
2825 0 -61067.27346840 0
2826 0 -73364.28596272 0
2827 1 70478.58051025 1
2828 1 80761.21047168 1
2829 1 83789.50384959 1
2830 1 68997.66356106 1
2831 1 61750.79541151 1
2832 1 55878.26081198 1
2833 1 72021.38851260 1
2834 1 51487.77580770 1
2835 1 75390.31683163 1
2836 1 79034.64423569 1
2837 1 77126.87414515 1
2838 1 57197.14797591 1
2839 1 73401.96597829 1
2840 0 -70717.20256844 0
2841 0 -60209.26294406 0
2842 0 -68199.30877194 0
2843 0 -73262.78239552 0
2844 0 -61223.44867439 0
2845 1 61502.21616405 1
2846 0 -74452.13688483 0
2847 1 72215.26162547 1
2848 0 -66975.76015214 0
2849 1 79417.14889841 1
2850 1 93272.82771238 1
2851 0 -81263.39805396 0
2852 1 59002.66836949 1
2853 0 -63235.04778436 0
2854 1 67269.55359809 1
2855 0 -63758.51230030 0
2856 1 80690.56141783 1
2857 1 73761.44443292 1
2858 0 -73470.64579703 0
2859 1 60802.21070936 1
2860 0 -64148.89279235 0
2861 1 70386.11157388 1
2862 0 -51031.09852055 0
2863 1 76218.89658501 1
2864 1 70019.51930859 1
2865 0 -77193.62229801 0
2866 1 66371.67594002 1
2867 1 56166.30986136 1
2868 1 64583.64110594 1
2869 1 59618.66272946 1
2870 1 81918.40476804 1
2871 1 75672.46423694 1
2872 0 -70765.36926543 0
2873 0 -56693.22813393 0
2874 1 45791.61001516 1
2875 1 67977.73938395 1
2876 1 60537.69044231 1
2877 0 -65834.69631418 0
2878 1 69257.18561640 1
2879 0 -69605.70418925 0
2880 1 55620.45867560 1
2881 1 52326.23251434 1
2882 1 63771.08338979 1
2883 0 -58087.38772999 0
2884 1 66978.22725502 1
2885 0 -75625.99716007 0
2886 1 75986.61231984 1
2887 1 47416.73709777 1
2888 1 57175.67678433 1
2889 0 -57879.30811924 0
2890 1 50706.07487448 1
2891 0 -74297.18119114 0
2892 0 -67237.87857905 0
2893 1 64721.72243609 1
2894 1 54371.14765663 1
2895 1 61022.17939639 1
2896 0 -60978.05427768 0
2897 1 42726.80020309 1
2898 1 73983.56095619 1
2899 1 64415.32851786 1
2900 1 71457.57157178 1
2901 1 68212.38139733 1
2902 0 -63218.37208260 0
2903 0 -71246.34711116 0
2904 1 44247.68692189 1
2905 1 90635.03589030 1
2906 0 -76470.41183087 0
2907 0 -75233.12089690 0
2908 0 -59002.61731642 0
2909 1 60452.47855081 1
2910 0 -76181.92215563 0
2911 0 -68941.89809194 0
2912 0 -85905.32359116 0
2913 1 78728.82317238 1
2914 1 62716.99014467 1
2915 1 67618.39422851 1
2916 0 -57290.89514164 0
2917 0 -65419.12517344 0
2918 1 49128.55090373 1
2919 1 68817.67593045 1
2920 0 -69563.80177015 0
2921 1 73150.66471362 1
2922 0 -54337.18654782 0
2923 1 51694.01946426 1
2924 1 75551.20570849 1
2925 0 -65299.30574653 0
2926 0 -66433.13588491 0
2927 1 69694.51070905 1
2928 0 -56944.12780249 0
2929 1 57784.88025603 1
2930 1 50382.92934912 1
2931 0 -73303.03294609 0
2932 1 52412.25469154 1
2933 0 -67934.76115301 0
2934 0 -67882.94553316 0
2935 1 63956.47612214 1
2936 0 -50357.65868335 0
2937 1 59475.59144927 1
2938 0 -70014.02743207 0
2939 1 56068.48137252 1
2940 1 65919.57799153 1
2941 1 77178.90181156 1
2942 0 -55848.34264438 0
2943 1 54752.18102220 1
2944 1 62551.90190676 1
2945 0 -74389.50663287 0
2946 0 -48189.57216768 0
2947 0 -69240.69548596 0
2948 1 70767.78513936 1
2949 1 69742.13618753 1
2950 1 53363.25349207 1
2951 1 61166.35975842 1
2952 0 -73573.68978746 0
2953 0 -51428.60756147 0
2954 1 79004.08184456 1
2955 1 78370.97737878 1
2956 1 71203.79155291 1
2957 0 -56167.60276757 0
2958 0 -62916.74869128 0
2959 1 76345.03559110 1
2960 0 -60506.91000245 0
2961 0 -73725.07425942 0
2962 1 78416.20561078 1
2963 0 -69274.04844414 0
2964 0 -56071.67181309 0
2965 1 49921.39702612 1
2966 1 68568.70234335 1
2967 0 -59797.95069136 0
2968 0 -65253.30202469 0
2969 1 74896.98250462 1
2970 1 69381.28106939 1
2971 0 -51733.53523128 0
2972 1 58306.34664466 1
2973 1 69880.66364612 1
2974 0 -60743.07965350 0
2975 0 -64131.45753469 0
2976 0 -71796.45169853 0
2977 1 67468.24039700 1
2978 1 58767.91961668 1
2979 0 -47075.88672717 0
2980 0 -68146.68868682 0
2981 0 -54689.83799136 0
2982 0 -74245.22023524 0
2983 0 -73586.69011762 0
2984 1 89332.63197597 1
2985 1 55785.86472414 1
2986 0 -49641.33257333 0
2987 1 70914.64529283 1
2988 0 -50903.24707681 0
2989 1 71806.86791092 1
2990 0 -70293.02387429 0
2991 0 -64045.20645057 0
2992 1 67570.01082605 1
2993 0 -54436.07878349 0
2994 1 73132.29479252 1
2995 0 -52760.80064544 0
2996 0 -74056.19819237 0
2997 0 -60499.86582813 0
2998 1 74145.90428912 1
2999 1 45311.76524317 1
3000 1 46368.17430981 1
3001 0 -64762.70910737 0
3002 1 55322.45341313 1
3003 0 -65212.54617402 0
3004 1 74851.37917076 1
3005 0 -62770.00048238 0
3006 1 43191.00947419 1
3007 0 -52770.90045621 0
3008 0 -73682.21353694 0
3009 1 56521.46091790 1
3010 0 -62922.89892388 0
3011 0 -60456.74880511 0
3012 1 74386.81144713 1
3013 0 -48930.93739209 0
3014 1 53090.45224379 1
3015 1 65972.36979208 1
3016 1 58836.77259972 1
3017 1 71768.75223073 1
3018 0 -69861.02243775 0
3019 1 78344.86015244 1
3020 0 -53810.05314787 0
3021 0 -61498.98505049 0
3022 1 73165.56864455 1
3023 1 64804.38953088 1
3024 1 71638.36922668 1
3025 1 71928.96053231 1
3026 0 -68549.23569300 0
3027 0 -63592.29654888 0
3028 1 66685.11155970 1
3029 0 -86976.17977371 0
3030 0 -59070.07730954 0
3031 1 76727.93320545 1
3032 0 -82319.06610807 0
3033 0 -78234.10107763 0
3034 0 -51590.32802169 0
3035 1 62902.92636589 1
3036 1 81822.30098079 1
3037 0 -66849.27794790 0
3038 0 -90882.00652377 0
3039 1 80636.60606245 1
3040 0 -83863.17565621 0
3041 1 50150.10323759 1
3042 0 -59920.78313386 0
3043 1 78668.52004126 1
3044 1 54366.30445922 1
3045 1 76137.74583485 1
3046 0 -77270.43060711 0
3047 1 74248.63131005 1
3048 0 -57011.00804942 0
3049 0 -56327.91668844 0
3050 0 -76769.71039735 0
3051 0 -56792.29910715 0
3052 1 73032.04315488 1
3053 0 -74862.53260690 0
3054 0 -71274.23992834 0
3055 1 51691.61868571 1
3056 0 -60313.70219188 0
3057 1 73507.54516072 1
3058 0 -64046.21087467 0
3059 0 -78573.69847136 0
3060 0 -75856.17452914 0
3061 1 68730.90812048 1
3062 1 42642.82749583 1
3063 0 -57059.28728778 0
3064 1 65226.65886112 1
3065 1 49737.24282100 1
3066 0 -75171.21295827 0
3067 1 70786.72932685 1
3068 1 69887.01381878 1
3069 1 45125.77365607 1
3070 0 -58703.91560000 0
3071 0 -65886.22887571 0
3072 0 -51316.69406526 0
3073 1 79505.67056917 1
3074 0 -61748.47252116 0
3075 1 67433.29854574 1
3076 0 -64236.37592801 0
3077 1 55746.71816226 1
3078 0 -71362.94959463 0
3079 0 -57182.79918063 0
3080 1 91343.42899793 1
3081 0 -70037.86488555 0
3082 1 72227.03510980 1
3083 0 -67306.46870797 0
3084 1 45762.68272253 1
3085 1 66259.81359530 1
3086 1 62710.53320608 1
3087 1 77268.91843517 1
3088 1 66775.07405910 1
3089 0 -76889.27615939 0
3090 0 -56227.90919961 0
3091 0 -44325.50169848 0
3092 1 66247.09734571 1
3093 1 62558.15776832 1
3094 1 75606.95652168 1
3095 0 -64518.10722258 0
3096 0 -90709.35083956 0
3097 1 45056.35352421 1
3098 1 44883.75802479 1
3099 0 -61728.86059452 0
3100 1 66796.70929151 1
3101 1 80194.63558660 1
3102 1 61483.09483960 1
3103 0 -86839.72946976 0
3104 1 42393.39050460 1
3105 1 55755.51255602 1
3106 0 -58837.55222412 0
3107 0 -47558.36207033 0
3108 1 65784.94706087 1
3109 0 -62998.05501854 0
3110 0 -75020.91086334 0
3111 1 53590.48321381 1
3112 0 -51382.73079696 0
3113 0 -70580.11277626 0
3114 1 47740.89834315 1
3115 0 -78369.04978237 0
3116 1 73043.42614898 1
3117 1 66131.52858731 1
3118 0 -49313.64231876 0
3119 0 -44011.59921352 0
3120 1 57780.37960712 1
3121 1 57827.47341345 1
3122 1 67506.90610752 1
3123 1 62793.93936511 1
3124 1 69051.40267610 1
3125 0 -54148.75388988 0
3126 1 50305.43624684 1
3127 1 50678.65202680 1
3128 0 -44934.33622700 0
3129 0 -64891.67286106 0
3130 0 -68108.03539813 0
3131 1 76949.90856596 1
3132 1 44108.25786680 1
3133 0 -55690.52786932 0
3134 0 -61301.18277780 0
3135 0 -49700.95569363 0
3136 0 -62907.11287719 0
3137 1 64993.63953352 1
3138 1 60935.81196605 1
3139 0 -46304.38350561 0
3140 1 46049.08429767 1
3141 0 -66496.07144736 0
3142 0 -48404.09966845 0
3143 1 67170.84300217 1
3144 1 64535.78608887 1
3145 0 -69700.58273310 0
3146 1 49077.04801539 1
3147 0 -46562.55622871 0
3148 0 -63406.11540373 0
3149 0 -39389.24089308 0
3150 1 66136.80011144 1
3151 1 73198.37343126 1
3152 1 67169.89575735 1
3153 1 41870.88486976 1
3154 1 52136.77667752 1
3155 1 66891.69259767 1
3156 0 -38129.22527000 0
3157 1 64403.30834098 1
3158 0 -65425.27361918 0
3159 0 -71884.48257952 0
3160 0 -41402.44578383 0
3161 0 -45303.17605319 0
3162 1 68916.20229578 1
3163 1 33636.39398106 1
3164 0 -63079.37359016 0
3165 0 -68663.67037242 0
3166 0 -67475.22410268 0
3167 1 39676.67187669 1
3168 1 43483.80497821 1
3169 1 61881.89726613 1
3170 1 42098.56126079 1
3171 1 74645.50804536 1
3172 0 -63328.03221258 0
3173 1 71511.92624961 1
3174 1 53410.32198391 1
3175 1 44496.83766869 1
3176 1 62658.79306080 1
3177 0 -51323.00559243 0
3178 1 75130.07416476 1
3179 0 -77290.31546975 0
3180 0 -73648.03588015 0
3181 0 -45299.70688385 0
3182 1 45316.49702062 1
3183 1 71371.30217438 1
3184 0 -48654.80941896 0
3185 0 -72688.15218197 0
3186 0 -66219.20979430 0
3187 1 68515.88774487 1
3188 0 -45694.13313948 0
3189 0 -32214.93482194 0
3190 1 59549.78577864 1
3191 1 35066.11059160 1
3192 0 -72154.82696889 0
3193 0 -57610.43939269 0
3194 1 67179.44564706 1
3195 0 -39676.67187669 0
3196 0 32214.93482194 1
3197 1 62167.63674033 1
3198 0 33636.39398106 1
3199 1 68909.36637258 1
