3200 11 111 240
0 1 1 -11 3 -2
1 1 0 -16 -13 14
2 1 1 -8 6 11
3 0 0 7 -2 13
4 1 1 -2 6 6
5 1 1 -8 12 12
6 0 1 14 -7 -10
7 0 0 1 6 -9
8 0 0 9 8 13
9 1 1 -11 10 14
10 0 0 -5 -4 5
11 0 0 10 5 -14
12 0 0 11 6 -6
13 1 1 -1 1 1
14 0 0 2 -5 1
15 1 1 4 -13 -9
16 0 0 7 15 6
17 1 1 -11 2 12
18 0 1 6 -6 -16
19 0 0 13 12 -4
20 1 0 -10 5 6
21 1 1 0 -8 12
22 1 0 -12 -1 3
23 0 1 5 14 1
24 0 0 13 6 -11
25 1 0 -7 3 7
26 1 0 -16 -12 7
27 1 1 -9 9 11
28 1 0 -9 11 -8
29 1 1 -5 10 -9
30 0 1 12 12 -2
31 0 0 8 -4 13
32 1 1 -9 14 -10
33 0 0 2 -6 -11
34 1 0 -14 -1 -4
35 1 1 -10 6 15
36 1 1 -11 7 -1
37 1 0 -12 -11 -13
38 0 0 12 0 15
39 0 1 -1 10 0
40 1 1 -6 7 -10
41 1 0 -13 -16 -8
42 0 0 8 -10 1
43 0 1 10 11 7
44 0 0 5 -11 12
45 1 0 -8 -6 -12
46 1 1 2 -16 8
47 1 1 -6 -6 -1
48 1 0 -2 -6 -4
49 1 1 -3 -8 -4
50 0 0 6 6 13
51 0 0 13 12 15
52 1 0 -4 6 -8
53 0 0 -6 -11 -1
54 0 1 6 6 4
55 0 1 4 6 -9
56 0 1 0 0 2
57 1 0 -4 12 -10
58 1 1 -6 -4 -3
59 1 1 -2 12 -8
60 1 1 -5 -11 -12
61 1 1 -9 8 13
62 0 0 -4 -1 -9
63 1 1 0 -6 4
64 0 1 15 12 15
65 0 1 15 -6 7
66 0 0 13 10 3
67 1 1 -11 -7 4
68 0 1 0 -3 5
69 1 1 0 -10 -16
70 0 1 13 -7 6
71 1 0 -9 -4 15
72 1 1 -9 -6 -14
73 1 0 -3 -3 12
74 0 0 6 -3 -1
75 1 0 -8 5 7
76 1 0 -11 -9 3
77 1 1 3 -10 12
78 1 0 -12 0 -3
79 1 1 -8 15 -16
80 1 1 -10 9 -3
81 1 1 -13 -9 -10
82 0 1 3 -6 -5
83 0 1 7 7 -9
84 0 1 3 -10 -14
85 1 0 -3 -5 15
86 1 0 -7 -7 15
87 0 1 0 8 2
88 1 0 -9 -2 -8
89 1 0 -4 9 3
90 0 0 15 15 15
91 1 0 -16 -12 8
92 0 0 6 5 -4
93 1 0 -7 1 1
94 0 1 15 14 -16
95 0 0 8 -12 -6
96 1 0 -1 12 -16
97 1 1 1 1 -6
98 0 1 15 -13 1
99 1 0 -8 -9 -14
100 1 0 -8 -6 -6
101 1 1 -16 -2 7
102 0 0 6 0 10
103 1 0 0 -8 5
104 0 0 7 -8 9
105 0 1 8 9 -5
106 0 1 3 -8 -1
107 1 1 -4 -14 14
108 0 1 5 4 13
109 1 0 -5 -3 2
110 1 1 -2 8 -8
111 0 0 -3 5 15
112 0 1 3 3 -8
113 0 0 0 13 -7
114 0 0 1 -5 4
115 0 0 8 3 -11
116 1 1 -9 -1 -7
117 1 1 -13 4 -3
118 1 1 -3 11 -5
119 1 0 -2 15 15
120 1 0 -6 6 15
121 0 1 15 -3 11
122 1 1 -12 15 5
123 1 0 -6 7 5
124 0 1 4 15 5
125 1 0 -7 10 -10
126 0 1 15 -12 -13
127 1 0 -14 -10 11
128 0 0 12 12 -1
129 1 0 -7 -3 -12
130 0 0 11 -10 0
131 0 1 4 14 15
132 0 0 14 3 13
133 0 0 7 4 4
134 0 0 7 4 5
135 0 0 2 -1 1
136 0 1 13 -7 -15
137 1 1 10 8 -16
138 0 0 10 10 -8
139 0 0 15 0 -6
140 0 1 12 7 -13
141 1 1 -8 -13 14
142 1 0 2 -4 -3
143 1 1 -2 9 9
144 0 0 6 -16 -2
145 0 0 9 -14 -11
146 0 0 1 10 -4
147 1 0 -16 -15 2
148 1 1 -16 10 8
149 1 0 -4 6 0
150 0 0 -4 -6 -1
151 0 1 10 7 14
152 0 1 5 7 6
153 0 0 13 -8 -6
154 1 0 -12 5 2
155 1 0 -8 3 9
156 1 0 -16 8 -7
157 1 0 -3 -13 -7
158 1 0 -12 0 -14
159 0 1 15 7 -12
160 0 0 3 15 -11
161 1 0 -12 -16 8
162 1 1 -8 1 -15
163 1 0 -4 4 0
164 0 0 3 -9 -4
165 1 0 0 15 6
166 1 0 -12 4 0
167 1 1 -1 15 -9
168 1 0 1 -5 2
169 0 1 15 -5 -7
170 1 0 -9 -4 -4
171 0 1 12 -15 -3
172 1 0 3 14 -2
173 1 1 -14 -5 15
174 1 1 -13 -9 -13
175 1 1 -8 9 -12
176 1 0 0 0 -9
177 1 0 -16 13 -16
178 1 1 3 -3 -2
179 1 0 -7 -3 -3
180 1 1 -15 -6 9
181 1 1 -3 -2 1
182 0 0 15 -12 13
183 0 1 0 -6 9
184 1 1 -16 -13 -1
185 1 0 -9 8 -6
186 1 1 -7 8 -11
187 1 1 -7 -8 9
188 0 1 4 11 0
189 1 1 -15 9 8
190 0 1 15 -3 -9
191 0 1 9 3 8
192 1 1 -1 -1 4
193 0 1 4 -13 -4
194 0 0 6 9 -4
195 0 0 12 -6 -13
196 1 0 -13 -12 4
197 1 0 -5 0 -1
198 1 1 -9 -10 -10
199 0 0 10 6 12
200 1 0 -4 -16 2
201 1 0 -2 4 -9
202 0 0 11 5 -14
203 0 0 15 9 -6
204 1 1 -7 -3 -16
205 0 1 15 13 9
206 0 1 1 -8 4
207 1 1 -16 -10 5
208 0 1 7 7 -16
209 0 1 15 9 2
210 0 0 6 -8 -3
211 0 1 15 -16 -11
212 0 1 3 -10 -9
213 1 0 -12 -12 -16
214 0 0 13 -5 -3
215 1 0 -7 -1 14
216 0 1 6 1 6
217 0 1 6 12 -8
218 0 0 2 12 -15
219 1 1 -1 -8 -8
220 0 1 9 8 10
221 1 0 -16 9 -10
222 0 1 5 14 8
223 1 0 -12 8 -4
224 1 0 -14 5 1
225 0 0 9 11 -10
226 1 0 -6 11 7
227 0 1 10 0 15
228 0 0 5 12 12
229 0 1 12 -1 15
230 0 1 11 -14 -1
231 0 1 7 -10 -11
232 1 1 -8 2 6
233 1 1 3 1 -5
234 1 0 -6 -6 4
235 1 1 -8 6 12
236 1 1 -14 0 -5
237 1 1 -9 13 10
238 1 1 -11 -12 -8
239 1 1 -9 7 -13
240 1 1 -12 -16 4
241 0 0 5 7 -11
242 0 0 11 -14 -8
243 0 1 15 5 6
244 1 1 -9 -12 -8
245 0 0 8 -11 0
246 0 0 8 7 -9
247 0 0 4 -13 -2
248 0 0 12 13 15
249 0 1 11 7 6
250 1 0 -7 5 -4
251 1 0 -10 0 6
252 0 1 1 10 -11
253 0 1 9 -9 11
254 1 1 -3 15 -3
255 1 0 -13 8 11
256 1 1 -16 6 15
257 0 0 7 -1 12
258 1 1 -8 -5 3
259 1 1 -12 15 14
260 1 1 -3 -11 1
261 1 0 -6 13 -9
262 0 1 11 6 -8
263 1 0 -15 -5 0
264 1 0 -5 -15 -6
265 0 1 6 2 -16
266 0 1 6 -3 3
267 0 1 -9 7 11
268 0 1 15 -16 5
269 0 1 3 15 -4
270 1 1 -11 -14 10
271 1 0 -10 12 7
272 1 1 -8 -10 -3
273 0 0 11 7 7
274 1 0 -16 2 -10
275 1 1 -14 -7 -8
276 1 1 -6 12 -14
277 1 0 -16 -8 11
278 0 0 6 15 9
279 0 1 4 -3 15
280 1 1 -2 -1 5
281 1 1 -10 -12 -16
282 0 0 3 13 -2
283 1 1 -4 -13 -6
284 1 0 -5 9 -16
285 1 1 -3 -15 -7
286 1 1 9 -6 -13
287 0 0 7 -6 2
288 1 0 -14 10 -6
289 0 0 7 4 1
290 1 0 3 -3 10
291 0 0 14 15 -2
292 0 0 7 -3 -6
293 1 1 -4 -11 7
294 0 0 15 12 8
295 0 0 15 2 -2
296 0 0 1 -6 7
297 0 0 14 -12 1
298 0 0 6 -16 2
299 1 0 -3 -8 15
300 1 1 -5 15 -5
301 1 1 -14 6 -16
302 0 0 9 -1 -16
303 0 0 8 6 -8
304 0 1 3 11 -1
305 1 0 -7 13 -13
306 1 0 -5 8 2
307 0 1 7 9 -9
308 1 1 -16 15 2
309 0 0 6 -12 -8
310 0 1 6 6 6
311 0 1 6 10 7
312 0 0 8 2 -16
313 1 0 -12 15 7
314 0 1 13 -2 -10
315 0 0 15 -4 -14
316 0 1 13 2 -12
317 1 1 7 -15 1
318 0 0 5 -8 -12
319 0 0 5 -15 -9
320 1 1 -1 -6 13
321 1 0 -1 8 3
322 0 1 13 -9 -12
323 0 0 3 -12 11
324 1 0 -3 5 -8
325 0 1 7 3 -16
326 1 1 -7 -10 -7
327 0 1 15 15 -16
328 1 1 1 8 -16
329 1 0 -3 2 12
330 1 0 -5 5 12
331 1 1 2 -9 6
332 0 0 1 1 -12
333 1 1 -8 4 -9
334 0 1 4 15 -14
335 0 1 3 -4 -7
336 1 1 -12 11 -9
337 0 1 13 -13 -10
338 1 1 -1 13 -11
339 0 1 13 1 -6
340 0 0 8 -6 4
341 0 0 15 -8 5
342 0 0 12 4 -11
343 1 1 -7 8 12
344 0 0 4 10 -4
345 0 0 -3 -5 -2
346 1 0 -13 4 -13
347 1 0 -1 6 9
348 1 0 -14 15 -16
349 1 0 -8 -9 14
350 1 0 -12 -1 3
351 0 1 15 7 15
352 1 1 -3 -12 15
353 1 1 -1 4 -16
354 0 0 3 -8 -16
355 1 0 -3 10 -1
356 1 0 -10 -4 -7
357 1 1 -2 -11 -6
358 1 0 -16 3 15
359 0 0 1 -3 4
360 1 1 -4 10 10
361 0 1 15 -6 10
362 0 1 2 -1 -3
363 0 1 10 3 9
364 1 1 -1 -10 -4
365 1 1 -6 9 -16
366 1 1 -12 12 6
367 0 0 2 -2 -16
368 0 1 8 7 6
369 0 0 13 14 -4
370 1 0 -7 13 -3
371 0 0 1 -10 -12
372 0 0 -3 8 14
373 1 0 -4 -10 -9
374 1 1 -4 5 -7
375 0 1 9 13 -14
376 1 0 1 -11 7
377 0 0 12 12 10
378 1 1 -3 10 10
379 0 1 -5 4 15
380 0 1 8 -8 -8
381 1 1 -13 15 5
382 1 1 -12 6 -15
383 0 1 5 -2 -10
384 0 0 7 12 -12
385 1 0 -6 -10 -15
386 1 1 -10 3 -13
387 0 1 -2 6 0
388 0 0 -1 7 7
389 1 0 -16 -8 -5
390 1 0 -7 -4 -9
391 0 0 8 -7 11
392 0 0 10 -2 -11
393 1 1 -5 -4 -12
394 0 1 -6 -16 -7
395 0 0 12 -16 14
396 1 1 -6 -6 -7
397 0 1 3 -15 15
398 1 1 -10 15 -7
399 0 0 8 4 15
400 1 1 -11 -6 15
401 1 0 -5 -14 15
402 1 0 -12 10 0
403 1 0 -5 9 3
404 1 1 -11 -4 9
405 1 0 -16 -3 3
406 1 0 -15 14 11
407 1 1 2 -4 -12
408 1 1 -3 -9 -9
409 0 0 1 -2 -16
410 1 0 -10 -2 -3
411 0 1 12 14 -7
412 0 0 13 5 -7
413 0 0 2 2 -1
414 0 0 7 12 15
415 1 0 -13 -10 -13
416 0 0 7 7 3
417 1 1 2 -2 -14
418 1 0 -16 -5 -12
419 1 0 -4 4 10
420 1 1 -7 -11 6
421 1 1 -3 -8 -9
422 0 0 5 -16 -10
423 1 0 -2 1 2
424 0 1 14 12 3
425 0 0 1 1 13
426 1 0 -10 -5 -15
427 1 1 -12 -13 12
428 1 1 0 -4 14
429 0 0 15 0 -2
430 0 1 6 -8 -11
431 1 1 -7 8 -9
432 0 0 5 6 11
433 1 0 -7 -1 13
434 1 1 -12 -13 3
435 1 1 -16 5 11
436 0 0 12 -6 3
437 0 1 -1 -16 11
438 0 1 15 -14 4
439 1 1 -3 -4 -4
440 0 0 2 -15 -5
441 1 0 -6 5 13
442 0 0 15 10 -6
443 0 0 -8 3 10
444 0 0 10 9 8
445 0 0 3 15 -1
446 1 0 -6 -5 -16
447 1 1 -10 -11 5
448 1 0 -14 13 7
449 0 1 10 -6 -14
450 1 1 0 15 -13
451 1 1 -4 12 2
452 0 1 3 -16 0
453 1 0 -9 -16 -7
454 0 0 11 6 2
455 1 1 -2 1 -6
456 1 0 -4 8 -1
457 0 1 9 5 -8
458 0 0 15 8 -5
459 1 1 -10 -13 5
460 0 0 13 10 9
461 1 0 -9 14 11
462 1 0 -3 -13 -4
463 0 1 10 -4 -2
464 1 1 0 -6 4
465 1 1 -4 11 15
466 0 1 9 -11 4
467 0 0 6 -8 -7
468 0 0 2 -9 1
469 0 1 11 1 -6
470 0 0 9 -1 -8
471 0 1 10 4 -14
472 1 1 -7 0 -1
473 1 1 -16 11 7
474 1 0 -8 -10 -16
475 1 1 -3 4 -5
476 1 1 -15 7 -6
477 1 1 -7 6 -5
478 0 0 -7 -9 14
479 0 1 9 3 -1
480 1 0 -13 -3 -9
481 0 1 9 -5 -7
482 0 0 -6 9 -8
483 1 1 -4 15 7
484 0 0 10 0 10
485 0 1 15 -16 -6
486 1 0 -6 12 14
487 0 0 5 -16 -5
488 1 0 -7 10 5
489 0 1 1 -16 -14
490 0 1 2 -16 8
491 0 0 15 -10 7
492 1 0 -3 -6 6
493 1 0 -15 3 6
494 1 1 -8 -1 -9
495 0 0 8 -16 1
496 1 0 -2 -8 -9
497 0 0 7 4 10
498 1 1 -5 -10 -9
499 0 0 5 -12 -6
500 0 1 10 10 -8
501 1 0 -11 15 -4
502 0 0 12 5 -11
503 1 1 -15 15 -16
504 1 0 -7 7 -11
505 0 1 15 8 3
506 0 1 8 -16 -11
507 0 0 4 -10 7
508 1 1 -2 5 4
509 1 1 -9 -11 -7
510 0 1 6 9 10
511 0 1 8 -4 -9
512 0 0 3 7 8
513 1 0 -10 -11 -15
514 1 1 -12 6 -6
515 1 0 -11 -12 8
516 1 0 -5 -7 12
517 1 0 -10 4 0
518 0 0 -6 -5 -1
519 0 0 4 -11 4
520 0 1 1 6 -13
521 0 0 3 15 -16
522 0 1 8 -13 10
523 0 1 9 14 -7
524 0 1 5 14 -12
525 1 1 -13 8 6
526 1 0 -8 15 -14
527 1 1 -7 -6 -1
528 1 0 -2 0 -6
529 0 0 14 4 -4
530 1 0 -5 -12 -15
531 0 1 15 -2 -16
532 1 1 -11 11 -2
533 1 0 -9 -16 -4
534 1 0 -15 10 -7
535 1 1 -2 -16 15
536 1 1 1 3 -7
537 1 1 -13 9 -10
538 1 0 -6 11 -4
539 1 0 -16 15 -9
540 0 1 7 13 -12
541 0 1 11 0 -1
542 1 0 2 13 -4
543 0 1 9 -2 1
544 1 1 -1 4 12
545 0 0 6 -6 -11
546 0 1 6 -10 -8
547 1 1 -13 6 -14
548 1 1 -9 -9 -16
549 0 0 15 11 10
550 0 1 2 1 -16
551 0 1 -1 1 15
552 1 1 -2 -16 -3
553 1 0 -8 8 5
554 1 1 -16 -6 15
555 1 1 -7 -5 -7
556 1 1 -13 4 11
557 1 0 -4 12 15
558 0 1 8 -10 -5
559 1 0 -4 -6 12
560 1 0 -16 -6 -11
561 0 1 15 11 -13
562 0 1 8 4 -6
563 1 1 -5 14 -3
564 1 0 -10 13 12
565 0 1 5 6 -8
566 0 0 1 -15 -1
567 0 0 5 -6 7
568 1 1 -12 14 1
569 1 0 4 -3 7
570 0 0 15 11 -8
571 0 1 0 -7 15
572 1 1 -4 -12 12
573 0 0 -1 9 -10
574 1 1 -14 -3 -11
575 1 1 -2 9 -11
576 1 1 -6 1 -10
577 1 1 -12 -12 -1
578 0 1 15 -7 -8
579 0 1 13 -12 -10
580 1 0 -14 -9 5
581 1 0 -12 2 4
582 1 0 -7 4 -16
583 0 0 2 -13 -16
584 0 1 8 7 15
585 0 1 15 15 -9
586 0 1 11 -4 -16
587 0 1 14 -7 13
588 0 0 -4 -7 -12
589 0 1 5 4 14
590 0 1 11 -5 11
591 0 1 1 9 9
592 1 0 -8 -10 2
593 0 1 11 -11 15
594 0 0 15 11 -9
595 1 0 -16 7 9
596 1 1 -1 -13 -2
597 1 0 -3 11 2
598 0 0 14 -5 10
599 1 1 -16 -9 7
600 0 0 2 10 3
601 1 1 -10 15 6
602 1 1 -13 -1 3
603 1 0 -9 11 15
604 1 0 -10 -4 -10
605 0 0 1 9 -8
606 1 1 -3 15 9
607 1 1 -10 -11 -7
608 1 1 -10 8 -13
609 0 0 10 7 -9
610 1 0 -16 4 -10
611 1 1 -3 1 -16
612 1 0 -7 15 -11
613 1 0 -6 4 -10
614 1 0 -7 7 14
615 0 0 9 6 -7
616 0 0 7 -7 4
617 1 0 -15 6 0
618 0 0 10 -5 -4
619 0 1 12 -3 9
620 0 1 8 -8 5
621 1 1 -16 3 9
622 1 0 -13 11 7
623 1 1 -11 12 1
624 0 0 7 -4 -14
625 0 0 2 11 8
626 1 0 -16 -5 5
627 1 1 -16 7 15
628 0 1 15 -1 10
629 1 0 -16 -8 13
630 0 1 8 11 4
631 1 1 -8 9 8
632 0 1 1 8 -11
633 1 0 -16 7 -16
634 0 1 2 -15 3
635 0 0 13 6 -12
636 1 0 -14 -12 -16
637 0 1 7 -3 -9
638 0 1 15 -1 7
639 0 0 12 -16 -10
640 1 1 2 -5 13
641 1 0 -16 -13 -7
642 0 1 11 6 3
643 0 1 11 15 11
644 1 0 -7 3 -9
645 0 1 5 0 -5
646 1 1 -13 3 -5
647 1 0 -13 0 1
648 0 1 6 12 -10
649 0 1 15 8 2
650 1 0 -15 13 -2
651 0 0 8 -6 6
652 0 1 10 15 -12
653 1 1 -16 -10 -9
654 0 1 11 -10 8
655 0 0 10 -1 -5
656 1 0 -8 14 -6
657 1 0 -11 -11 -16
658 1 1 -5 10 -3
659 0 0 4 15 -12
660 0 0 7 10 -16
661 1 0 -6 -4 9
662 0 0 7 10 -10
663 0 1 2 -12 -16
664 0 0 9 5 8
665 0 1 6 6 4
666 1 1 -7 15 -2
667 0 0 12 -9 6
668 0 1 -2 13 -1
669 1 1 5 -1 7
670 1 1 -14 10 13
671 0 1 -3 7 9
672 1 1 -7 -16 12
673 1 1 4 -14 -9
674 0 1 9 -13 8
675 0 0 13 -6 12
676 1 0 -8 -5 10
677 0 0 7 -12 -3
678 1 1 -10 15 -14
679 1 1 -7 -16 -11
680 0 0 15 8 -16
681 1 0 -9 13 12
682 1 0 -10 -13 0
683 0 0 8 -2 -1
684 1 0 -6 -16 4
685 1 1 -15 15 1
686 1 1 -4 -1 8
687 1 1 -9 8 -10
688 0 1 12 14 -8
689 0 1 8 -13 6
690 1 1 -14 5 1
691 1 1 -16 9 1
692 0 0 15 -13 7
693 0 0 8 -3 -5
694 0 0 9 4 -13
695 1 0 -6 7 -9
696 1 1 -12 14 0
697 0 1 7 -2 12
698 1 1 -12 13 10
699 0 0 12 0 -5
700 1 0 -16 -7 9
701 0 0 8 8 4
702 0 1 13 6 11
703 1 0 -13 7 -4
704 0 1 7 -13 -9
705 1 0 -7 -1 12
706 1 1 -7 -3 -11
707 1 0 -16 -1 -11
708 1 1 -8 -14 -9
709 1 1 -4 -4 12
710 1 1 -16 -12 9
711 1 1 -10 -5 15
712 1 0 -1 -4 11
713 0 1 10 10 2
714 0 0 5 15 -13
715 0 1 15 -5 -9
716 1 1 0 15 -12
717 1 0 7 6 15
718 0 1 4 -6 -14
719 1 1 -16 -7 7
720 1 0 -8 -9 15
721 1 1 -16 -15 -16
722 0 1 -3 2 -6
723 1 0 -6 -13 -16
724 0 0 13 -2 -10
725 1 1 3 -11 4
726 0 0 0 -4 -7
727 0 0 15 -10 -6
728 1 1 -15 -6 -16
729 1 1 -3 15 2
730 0 0 8 -11 -2
731 0 0 3 0 -10
732 0 1 4 -12 9
733 1 0 -16 -8 1
734 1 1 -3 -2 -5
735 0 0 12 8 -1
736 0 1 0 2 5
737 1 1 -9 10 -16
738 0 0 3 5 -5
739 1 0 -3 -10 8
740 0 0 12 15 -8
741 0 1 14 -11 -9
742 1 1 -7 -11 -4
743 1 1 -12 -9 -16
744 0 0 13 5 10
745 0 1 11 13 -7
746 0 1 13 -9 11
747 0 0 10 -8 7
748 1 0 -9 11 5
749 0 1 7 6 -6
750 0 1 10 15 -11
751 1 1 -8 -16 10
752 1 0 -6 -3 -3
753 0 1 13 -7 3
754 1 1 -5 7 13
755 0 0 15 13 -9
756 1 0 -7 -7 6
757 0 1 2 14 -11
758 0 1 11 -2 0
759 0 1 11 14 -9
760 0 0 9 6 -9
761 1 0 1 11 -8
762 1 1 -8 8 -11
763 0 1 13 10 -6
764 1 1 -3 11 -15
765 0 1 -5 -8 6
766 0 1 6 2 -16
767 1 1 -2 -9 -13
768 0 0 8 -4 13
769 0 0 10 7 15
770 0 1 8 -15 0
771 0 0 6 9 -6
772 1 1 -14 -14 -5
773 0 1 3 -9 -6
774 0 0 11 13 10
775 0 1 6 -3 -2
776 0 1 7 11 12
777 0 1 12 15 -9
778 0 1 5 -1 -7
779 0 0 15 -6 -9
780 1 1 -12 15 11
781 0 0 15 7 4
782 0 0 9 2 7
783 1 0 -3 -7 15
784 0 0 9 6 4
785 0 0 -1 2 15
786 1 1 -12 -4 2
787 1 1 -5 -8 -10
788 0 1 4 12 -1
789 0 1 4 15 15
790 0 1 11 -15 3
791 1 0 -16 -5 15
792 0 0 8 -6 -3
793 0 0 9 -10 -8
794 1 0 -15 10 -8
795 1 1 -10 -1 -6
796 1 0 -8 -2 -4
797 1 0 -4 14 -13
798 1 0 -9 -1 15
799 1 0 -6 11 -16
800 1 0 -7 -9 6
801 1 1 -16 13 -8
802 0 1 15 -1 8
803 0 0 14 15 -1
804 1 1 -12 -3 2
805 0 1 13 5 -5
806 1 0 -7 13 -10
807 0 0 3 8 -14
808 0 0 6 -12 4
809 1 1 -11 7 3
810 1 1 -9 1 -7
811 0 1 12 -11 8
812 1 0 -5 -8 9
813 1 0 -3 -14 15
814 0 1 13 11 -16
815 1 1 -5 -4 -1
816 1 1 -1 9 15
817 0 1 12 5 1
818 0 0 6 15 -6
819 1 0 -8 -7 9
820 1 1 -7 0 -12
821 1 1 -13 9 7
822 0 0 10 -10 6
823 0 0 15 -11 11
824 1 0 -7 3 -2
825 1 1 -5 -9 -7
826 0 0 9 7 15
827 1 0 -8 3 -6
828 0 1 15 6 -10
829 1 0 -13 -1 12
830 1 0 -11 9 0
831 1 0 -9 -7 -4
832 0 1 12 -14 14
833 1 0 -16 -4 -14
834 0 1 15 -16 8
835 1 0 -12 9 -11
836 0 1 2 12 9
837 0 0 8 2 -12
838 1 0 -13 -9 -10
839 0 1 1 12 15
840 0 0 10 -14 11
841 0 1 13 4 -4
842 0 0 10 2 12
843 0 0 15 -7 -6
844 1 0 -9 15 4
845 1 1 -3 6 -3
846 1 0 -15 6 -4
847 1 1 -12 -3 -4
848 1 0 -3 -2 -6
849 1 1 -16 -3 9
850 1 0 -16 -10 8
851 0 1 15 -7 10
852 0 1 3 -16 -7
853 1 0 -2 -3 -6
854 0 1 13 -16 0
855 0 1 9 -2 -10
856 0 1 14 9 -15
857 1 1 -7 15 5
858 0 1 15 12 8
859 1 0 -13 3 -14
860 1 1 -16 2 -8
861 1 1 -7 -3 -12
862 1 0 -12 15 2
863 1 1 -2 2 -16
864 1 1 -11 -7 15
865 0 0 10 -5 8
866 1 0 -15 2 7
867 1 0 -9 -5 8
868 1 1 -8 -1 -2
869 0 0 8 -11 5
870 0 1 8 0 2
871 1 1 -2 -3 -9
872 0 0 9 -6 -6
873 0 1 10 -8 -3
874 0 0 4 10 -9
875 0 1 15 -13 8
876 0 1 9 11 -11
877 0 0 3 4 1
878 1 1 -6 8 12
879 1 1 -14 14 3
880 1 1 -1 2 14
881 0 1 2 -5 -10
882 0 0 -1 2 15
883 1 0 3 3 -9
884 1 0 -12 -13 14
885 0 1 5 -16 -13
886 0 0 15 1 -12
887 1 1 -3 8 -8
888 1 1 -4 1 15
889 0 0 1 -13 -14
890 0 1 4 9 8
891 0 1 8 -7 11
892 1 1 -2 -16 3
893 0 0 6 0 2
894 1 0 -12 -5 -4
895 0 0 7 -14 -12
896 0 0 1 12 -5
897 1 0 -4 15 0
898 1 0 -2 -6 -7
899 1 1 -13 10 -9
900 0 1 10 15 -2
901 1 1 -1 -7 -6
902 1 1 -9 -6 0
903 0 0 10 -8 8
904 0 1 8 -10 -12
905 0 0 9 4 -1
906 1 1 -11 15 -7
907 0 0 15 2 -6
908 1 0 -10 12 -3
909 0 0 1 -14 5
910 0 0 3 7 -6
911 1 1 -2 -11 -16
912 1 1 -6 12 -7
913 1 1 -9 -12 -14
914 1 0 -10 -9 11
915 1 1 -3 15 -5
916 0 0 8 -13 -4
917 1 1 -16 15 1
918 1 0 -10 5 -4
919 0 1 8 -8 0
920 0 1 13 8 -1
921 1 1 -7 -6 -1
922 0 1 -3 -13 9
923 0 1 7 15 11
924 1 1 -5 15 7
925 0 1 15 9 -5
926 1 1 -1 -4 3
927 0 1 -3 1 -15
928 1 1 -14 -9 -8
929 1 1 -4 -4 4
930 0 1 -9 4 0
931 1 1 -9 -14 7
932 1 0 -7 3 5
933 0 1 6 12 3
934 1 0 -6 -4 -9
935 0 0 4 15 10
936 1 1 -7 3 -14
937 1 0 -2 -16 -12
938 0 0 8 -10 6
939 0 1 11 15 -2
940 1 0 11 14 14
941 0 0 15 13 -15
942 0 1 15 -12 6
943 1 0 -8 9 -12
944 1 0 -3 15 -11
945 0 1 7 -9 2
946 1 0 -1 -10 15
947 0 1 14 10 -16
948 0 0 6 13 3
949 0 0 15 -3 -7
950 0 0 15 -14 10
951 1 1 -2 8 -3
952 1 0 -5 -13 -14
953 1 0 5 -14 10
954 0 1 10 0 -2
955 1 1 -16 8 -7
956 1 0 -1 -7 -11
957 1 0 -9 -16 4
958 1 0 -5 13 8
959 1 0 1 7 8
960 0 0 12 -5 15
961 1 0 -12 -16 -4
962 1 0 -10 -5 -6
963 1 0 -9 -6 -8
964 1 0 -14 -6 -1
965 1 0 -8 1 -10
966 1 1 -8 -2 -6
967 1 0 -7 -7 13
968 0 0 9 14 15
969 1 0 -6 -12 -6
970 0 0 6 -12 0
971 0 0 15 14 -16
972 0 0 7 -16 7
973 0 1 7 11 10
974 0 1 4 5 -13
975 0 1 10 -9 3
976 0 1 0 -6 -8
977 1 1 -11 6 0
978 0 0 1 -2 -13
979 0 1 11 8 1
980 0 1 12 9 -8
981 1 1 -12 -16 -9
982 0 0 14 8 -3
983 1 1 -16 -4 15
984 0 0 7 1 5
985 0 0 9 -6 13
986 1 1 -16 7 -3
987 1 1 -12 8 -14
988 0 0 10 -13 -14
989 1 1 -10 -3 -4
990 1 1 1 -1 -4
991 0 0 15 3 4
992 1 1 -12 -10 9
993 0 0 3 -5 11
994 1 1 -13 -5 7
995 0 1 15 0 9
996 0 1 14 -8 -9
997 0 1 15 3 15
998 1 0 -6 3 7
999 0 0 1 9 -3
1000 0 1 15 -10 -13
1001 1 0 1 14 4
1002 0 0 11 0 -13
1003 1 1 -5 7 -9
1004 0 0 12 -12 15
1005 1 0 -6 13 6
1006 0 1 0 -11 -4
1007 1 0 0 9 -12
1008 0 0 3 -7 15
1009 1 1 -3 14 -7
1010 1 1 -16 4 -1
1011 0 1 4 -11 -14
1012 0 1 3 12 -7
1013 0 1 8 3 15
1014 0 0 12 -8 -6
1015 1 0 -15 3 -3
1016 0 0 15 -5 -8
1017 0 0 10 -6 10
1018 0 0 11 -15 -12
1019 0 1 13 11 -7
1020 1 1 -10 1 -16
1021 0 0 11 9 0
1022 0 1 9 -7 -13
1023 0 1 10 -1 6
1024 1 1 -1 -3 4
1025 0 1 15 4 -10
1026 1 1 -14 -8 -6
1027 0 1 7 8 11
1028 1 0 -9 -7 -3
1029 0 0 11 9 7
1030 0 0 10 -13 4
1031 0 0 7 -4 -8
1032 1 0 -16 11 -16
1033 1 0 -6 -9 -2
1034 1 1 -7 -12 -1
1035 1 0 -16 5 -8
1036 0 0 5 -11 -5
1037 1 0 -5 3 12
1038 0 0 3 -13 -9
1039 1 0 -10 -1 13
1040 1 1 -10 2 -8
1041 1 0 -2 13 -3
1042 0 1 11 3 -8
1043 1 0 -16 1 -8
1044 0 0 6 -12 -9
1045 0 0 11 9 2
1046 1 0 -7 -13 -9
1047 0 1 8 -3 -6
1048 1 1 5 -15 -6
1049 0 1 15 -11 -10
1050 0 1 15 -5 -14
1051 1 0 -6 -1 15
1052 0 1 2 -3 -12
1053 0 0 14 -7 4
1054 1 0 -13 -2 5
1055 0 1 12 -3 13
1056 1 0 -13 2 7
1057 1 1 -15 5 6
1058 0 0 5 8 -3
1059 0 0 14 -15 12
1060 0 1 8 3 -12
1061 1 1 -2 7 0
1062 0 0 11 5 6
1063 0 1 6 5 -9
1064 0 0 4 2 13
1065 0 0 5 2 -7
1066 0 1 15 5 -7
1067 1 0 -16 8 13
1068 1 0 -4 15 9
1069 0 0 8 -1 -16
1070 0 1 -1 -6 15
1071 0 1 6 5 1
1072 0 1 3 -13 12
1073 1 0 -16 -9 8
1074 1 0 -16 13 -10
1075 0 1 1 -8 -3
1076 0 1 3 6 8
1077 0 1 13 -10 6
1078 0 0 12 2 1
1079 1 0 -8 5 -8
1080 0 1 7 5 15
1081 1 0 -11 11 -4
1082 0 0 4 -1 -4
1083 0 0 5 7 -14
1084 1 1 -2 -6 -5
1085 1 1 -6 11 10
1086 1 0 -11 -15 -6
1087 1 0 -10 -9 -13
1088 0 0 3 -9 -4
1089 0 1 10 -4 -16
1090 1 1 -16 -8 6
1091 0 1 14 -15 15
1092 0 0 4 -4 -10
1093 0 1 7 15 -16
1094 1 1 1 5 -13
1095 0 0 0 14 9
1096 1 1 -15 6 -3
1097 0 1 15 -7 3
1098 0 1 4 13 -15
1099 1 1 -5 -12 -16
1100 1 0 2 6 -13
1101 1 0 -7 -12 -13
1102 1 1 -11 -11 -1
1103 1 0 -12 6 -1
1104 1 0 -6 9 -4
1105 1 0 -7 3 12
1106 0 0 10 4 -10
1107 1 1 -12 4 -9
1108 0 1 11 -6 -5
1109 0 1 3 9 -9
1110 0 0 10 5 8
1111 0 0 6 -7 9
1112 0 0 15 -8 -12
1113 0 0 15 -15 -13
1114 0 1 10 4 3
1115 0 1 6 -6 -8
1116 1 1 -12 -13 0
1117 0 1 4 10 9
1118 1 1 -7 -10 12
1119 0 1 10 -6 13
1120 1 1 -4 -11 -14
1121 1 0 0 0 -15
1122 0 0 15 -10 8
1123 0 1 6 0 12
1124 1 1 -14 12 -8
1125 1 1 -11 -9 8
1126 0 0 13 11 9
1127 1 1 -14 9 -14
1128 0 0 13 7 13
1129 1 0 -2 5 -12
1130 1 0 4 5 -3
1131 1 1 -5 -8 5
1132 1 0 -7 9 -13
1133 1 1 -10 -1 -9
1134 0 0 10 13 1
1135 0 0 7 -16 -6
1136 1 1 -13 -8 -16
1137 1 0 -3 1 -4
1138 0 1 12 4 1
1139 1 0 -9 -1 8
1140 1 0 -8 14 7
1141 0 1 3 1 -1
1142 1 1 -10 -3 -9
1143 0 1 7 2 11
1144 0 1 5 -14 5
1145 0 1 15 4 2
1146 1 1 -11 -5 -2
1147 1 1 -5 8 15
1148 1 0 -11 -16 1
1149 0 0 2 10 5
1150 0 0 10 -15 0
1151 1 1 -10 -16 -10
1152 0 0 4 5 15
1153 1 1 -8 -3 5
1154 0 0 10 5 15
1155 1 1 -11 -10 6
1156 0 1 7 -16 10
1157 0 0 14 -10 8
1158 1 1 -9 -14 12
1159 1 0 -16 -1 -16
1160 0 0 -1 -7 15
1161 1 0 -16 10 -1
1162 0 0 6 -5 -8
1163 1 0 -16 10 -8
1164 1 0 -16 13 -13
1165 1 1 -2 7 -11
1166 1 0 -3 -10 -16
1167 1 0 -9 4 -13
1168 1 0 -1 -5 -4
1169 1 1 -10 -7 7
1170 0 1 4 7 -7
1171 0 0 7 -13 -4
1172 0 0 1 15 5
1173 0 1 15 -12 8
1174 1 0 -9 -11 15
1175 1 1 -8 -5 14
1176 1 1 -4 -7 8
1177 0 1 10 3 1
1178 0 0 6 6 -10
1179 1 1 -14 2 0
1180 1 1 -8 6 10
1181 1 0 -12 0 -5
1182 1 1 -7 15 6
1183 1 1 1 -16 7
1184 0 1 15 -5 15
1185 0 0 15 -5 8
1186 0 0 -1 9 -15
1187 1 0 -5 -16 -4
1188 1 1 -10 10 3
1189 1 0 -2 -15 15
1190 1 1 -8 -10 -12
1191 0 1 9 -8 -11
1192 0 1 8 -13 6
1193 0 0 15 11 -3
1194 1 1 -2 5 15
1195 0 0 12 15 -7
1196 1 0 -8 8 -5
1197 0 1 5 -12 6
1198 0 1 5 10 -8
1199 0 1 10 7 -16
1200 0 1 6 -14 15
1201 0 0 -2 -9 -5
1202 0 0 0 -13 -6
1203 0 1 -4 3 10
1204 1 1 -8 -4 -9
1205 1 0 -6 1 4
1206 1 0 -5 13 -16
1207 0 0 15 -3 -2
1208 0 0 6 15 11
1209 0 0 10 13 -16
1210 1 0 -10 -5 -6
1211 0 1 8 -5 15
1212 0 1 -1 -9 -10
1213 1 0 -16 -16 8
1214 1 1 -3 -2 5
1215 0 0 0 11 15
1216 1 1 -12 -3 13
1217 0 0 12 1 -10
1218 0 1 15 8 7
1219 1 0 -6 7 7
1220 1 1 -7 -9 -16
1221 1 1 -10 4 -3
1222 1 1 -11 -11 -12
1223 0 1 5 9 -9
1224 1 0 -11 6 -9
1225 0 1 9 -6 15
1226 1 0 -12 2 13
1227 0 0 9 -12 15
1228 0 0 3 15 12
1229 0 1 9 4 -13
1230 1 1 -16 9 -7
1231 1 0 -8 4 -9
1232 1 0 -14 -11 -11
1233 0 1 15 -12 -13
1234 1 0 -16 -9 -16
1235 0 0 2 -8 -7
1236 1 1 -1 5 -14
1237 1 1 -8 0 7
1238 1 0 -16 -10 -6
1239 1 0 7 15 2
1240 1 1 -8 2 10
1241 1 0 -10 2 12
1242 1 1 -13 -10 -16
1243 0 1 9 -4 -12
1244 1 1 -4 -14 15
1245 1 0 -9 15 -7
1246 0 0 11 -4 -13
1247 0 0 10 -16 0
1248 0 1 10 -12 -10
1249 1 0 -5 -16 -3
1250 0 1 7 -4 8
1251 0 0 15 -16 13
1252 1 0 -8 -9 14
1253 0 0 -1 -9 -2
1254 1 0 -1 0 0
1255 1 0 -14 -11 -3
1256 0 1 4 15 -11
1257 1 1 -4 12 -9
1258 1 1 -16 -6 15
1259 1 0 2 13 -10
1260 1 1 -7 -12 10
1261 1 0 -3 -2 -15
1262 1 0 3 13 -2
1263 0 1 6 -4 14
1264 0 0 6 -7 13
1265 1 1 -10 8 -1
1266 1 0 -2 -16 3
1267 0 0 6 7 -6
1268 0 1 4 -4 2
1269 1 1 -3 -5 1
1270 0 0 6 -1 15
1271 0 0 13 11 12
1272 0 0 10 -10 -3
1273 0 1 10 -16 11
1274 0 0 -6 -5 -8
1275 1 0 -11 0 -6
1276 1 0 -2 4 1
1277 1 1 -10 4 -7
1278 0 0 5 -9 -11
1279 0 1 -3 13 15
1280 0 0 0 -7 6
1281 0 0 15 -8 -4
1282 1 1 -2 15 -13
1283 0 0 7 -7 7
1284 0 1 3 -13 3
1285 0 1 15 -5 -8
1286 0 1 12 2 0
1287 1 0 6 3 15
1288 0 0 15 7 12
1289 1 0 -4 11 7
1290 1 0 -10 12 8
1291 1 1 -5 -9 2
1292 1 0 -12 4 9
1293 1 0 -4 -9 -3
1294 0 0 7 4 11
1295 0 1 2 -8 -9
1296 0 1 15 8 9
1297 0 1 7 13 -1
1298 1 0 -7 15 4
1299 1 0 -3 14 -9
1300 1 1 -3 -12 -4
1301 1 0 -16 6 14
1302 1 0 -4 -4 4
1303 1 0 -4 -14 -11
1304 0 1 11 -11 15
1305 0 1 11 -6 -2
1306 0 0 7 -1 -4
1307 1 1 -11 14 -16
1308 1 1 -7 -10 -5
1309 0 1 4 -12 -13
1310 1 1 -4 -13 -7
1311 0 1 11 -11 -7
1312 1 1 0 -4 -6
1313 0 1 5 5 -14
1314 0 1 1 10 -8
1315 1 1 -2 -5 -9
1316 0 0 3 0 9
1317 1 1 5 7 -10
1318 1 1 -10 -9 14
1319 0 0 -3 2 -2
1320 1 1 1 -8 -8
1321 1 1 -15 10 -4
1322 1 0 -10 10 -13
1323 1 1 -5 15 0
1324 0 1 6 10 -3
1325 1 1 -16 3 -4
1326 0 0 -1 0 -11
1327 0 1 2 4 0
1328 1 0 -16 -2 4
1329 1 1 5 10 -5
1330 1 0 -14 -16 9
1331 1 0 -14 -14 -4
1332 1 0 -10 11 1
1333 1 0 -15 1 10
1334 1 0 -9 12 -13
1335 1 0 -11 -9 -7
1336 0 1 7 3 3
1337 1 1 -8 -6 -7
1338 0 1 11 -13 0
1339 0 1 9 -2 7
1340 0 1 4 15 2
1341 1 1 -11 0 9
1342 1 1 -4 -10 -11
1343 1 1 -13 15 3
1344 1 0 -15 -11 2
1345 0 0 3 13 6
1346 1 0 -3 7 10
1347 1 1 -11 -6 -7
1348 1 1 -5 14 -7
1349 1 1 -1 -5 1
1350 0 0 14 10 -14
1351 0 0 14 -10 -14
1352 0 0 15 8 -15
1353 1 1 -3 -12 -10
1354 0 1 10 -7 12
1355 0 0 2 8 -7
1356 0 1 12 -10 7
1357 1 0 -16 -10 -9
1358 1 1 -5 -14 2
1359 0 0 15 14 -9
1360 0 1 5 6 15
1361 1 1 -4 11 13
1362 0 0 12 0 -10
1363 1 0 -15 -3 11
1364 1 1 -7 -15 -3
1365 0 0 1 13 -11
1366 0 0 1 9 8
1367 1 0 -10 4 -11
1368 1 0 -11 1 8
1369 1 0 -9 -7 12
1370 1 0 -8 7 -11
1371 1 1 -9 -13 4
1372 0 1 5 13 -1
1373 1 1 -2 4 10
1374 0 0 6 -2 10
1375 1 0 -2 6 -12
1376 0 1 6 -13 3
1377 0 1 8 6 13
1378 1 0 -1 -2 -12
1379 1 1 -10 12 -13
1380 0 0 9 6 -6
1381 0 1 3 1 -8
1382 0 1 15 9 4
1383 1 0 -16 -16 10
1384 1 0 -11 -14 -3
1385 1 1 -11 -3 -2
1386 0 0 15 -5 12
1387 0 1 10 -9 14
1388 0 0 -7 2 7
1389 0 1 8 4 4
1390 1 0 -16 0 -9
1391 0 1 2 13 -8
1392 1 1 -13 3 -9
1393 1 1 -8 0 -5
1394 1 1 -9 -6 3
1395 0 1 15 -5 -5
1396 1 1 -6 -2 -7
1397 0 1 13 -4 -1
1398 1 0 -5 4 -3
1399 1 0 -16 -13 12
1400 0 1 15 4 13
1401 0 0 4 -16 -15
1402 0 1 4 6 -3
1403 0 0 8 15 7
1404 0 0 10 -11 8
1405 0 0 15 -10 -15
1406 1 0 -10 -1 -11
1407 1 1 -12 -12 3
1408 0 0 12 6 15
1409 1 1 -9 -2 -10
1410 0 1 11 15 -9
1411 1 1 -9 1 -1
1412 1 0 -16 7 -5
1413 1 1 -10 -1 15
1414 0 1 4 -1 8
1415 1 0 -3 -15 -12
1416 0 0 13 -13 5
1417 1 1 -14 1 -6
1418 1 0 -5 -16 -1
1419 1 0 -4 -5 -1
1420 1 1 -12 -2 2
1421 1 0 -5 5 -1
1422 1 0 -10 4 -12
1423 1 0 -10 -5 -9
1424 0 0 4 -10 -9
1425 1 0 -8 -1 11
1426 0 1 5 -9 15
1427 1 1 -11 7 -16
1428 1 1 -9 -15 12
1429 0 0 9 12 12
1430 1 1 -14 11 -3
1431 0 1 9 5 -6
1432 1 0 0 11 -16
1433 1 0 4 14 -4
1434 0 0 12 -3 14
1435 1 0 -16 9 -11
1436 1 1 -8 15 -5
1437 0 0 14 15 1
1438 0 0 12 -8 5
1439 0 1 11 -9 9
1440 1 1 -5 4 13
1441 0 0 3 5 2
1442 0 0 0 7 -7
1443 1 0 -11 -9 -12
1444 0 1 2 2 13
1445 1 1 -8 -4 -15
1446 1 1 0 -7 -12
1447 0 0 12 -8 -10
1448 1 1 -13 -11 11
1449 1 1 8 6 -5
1450 0 1 10 -3 -7
1451 0 1 2 -12 -1
1452 0 1 15 -4 11
1453 1 0 -12 -15 -10
1454 0 1 9 0 2
1455 0 1 11 -5 -5
1456 0 1 9 15 -8
1457 0 1 10 -9 -7
1458 1 0 -2 -2 6
1459 1 1 -1 -9 0
1460 1 0 -11 -12 -8
1461 0 1 8 -3 -5
1462 1 0 -5 -9 -8
1463 0 1 9 -7 15
1464 1 1 -1 -13 0
1465 1 0 -3 6 10
1466 0 1 5 -12 11
1467 0 0 6 -15 14
1468 0 0 9 -6 -9
1469 1 1 -6 -14 2
1470 0 0 7 -6 -7
1471 0 1 8 -4 0
1472 1 0 -14 -14 -6
1473 0 0 6 -11 -2
1474 1 1 -14 -2 9
1475 0 1 6 2 -11
1476 0 1 10 7 7
1477 1 1 -7 -13 15
1478 0 0 8 2 -14
1479 1 0 -4 6 -3
1480 1 0 -2 -9 -16
1481 0 0 8 -9 0
1482 0 1 1 6 9
1483 0 1 6 -16 -16
1484 0 1 9 14 13
1485 0 0 3 6 7
1486 0 1 3 -3 -14
1487 0 0 3 -15 0
1488 0 1 -2 -4 14
1489 0 1 13 15 -16
1490 1 0 -12 6 -16
1491 0 1 8 4 -11
1492 1 1 -1 4 5
1493 1 0 15 5 -10
1494 0 0 7 7 -5
1495 0 0 5 3 -12
1496 0 0 -7 -7 3
1497 1 1 0 15 15
1498 1 1 -15 -14 -6
1499 1 0 -16 -3 4
1500 0 1 15 -11 -13
1501 0 1 10 -11 15
1502 1 1 -10 -13 5
1503 0 1 9 -14 7
1504 1 0 -6 9 5
1505 1 1 -16 -16 -2
1506 0 0 5 15 2
1507 1 0 -10 10 12
1508 1 1 -2 -13 -16
1509 0 0 9 -6 -12
1510 0 0 11 12 7
1511 0 0 8 -5 -16
1512 0 0 13 11 9
1513 1 1 -8 -9 3
1514 0 0 4 -15 -13
1515 1 0 -7 -16 1
1516 0 1 3 -10 2
1517 0 0 11 -16 15
1518 1 1 -15 -14 9
1519 0 1 1 -10 2
1520 1 0 -12 15 11
1521 0 0 7 9 -12
1522 0 0 3 12 -8
1523 1 1 -7 -1 0
1524 0 1 -3 15 -13
1525 0 1 13 4 -16
1526 0 0 11 9 -9
1527 0 0 -1 11 -14
1528 0 0 13 -5 15
1529 0 0 2 -16 -7
1530 1 1 -12 15 -8
1531 0 1 9 12 -10
1532 1 0 -14 -7 2
1533 0 1 6 15 -13
1534 1 1 -3 11 3
1535 1 1 -12 -1 -12
1536 0 0 8 2 15
1537 1 0 -12 -5 -11
1538 1 1 -8 6 -8
1539 1 1 -3 3 -9
1540 1 0 -11 9 8
1541 0 0 7 4 9
1542 1 1 -10 9 6
1543 0 1 12 1 7
1544 0 1 4 15 0
1545 0 0 2 14 -6
1546 1 1 -1 3 -16
1547 1 0 -16 6 -8
1548 1 1 0 -14 15
1549 0 1 3 -9 -7
1550 1 1 -5 -10 -10
1551 0 0 4 -1 -12
1552 0 1 9 -16 13
1553 1 1 -11 -6 7
1554 1 0 -4 5 11
1555 1 0 -2 6 -6
1556 1 1 -5 7 -8
1557 1 1 -3 -5 -11
1558 0 0 14 -12 4
1559 0 0 1 15 -2
1560 1 1 -16 12 6
1561 0 1 9 6 15
1562 0 1 9 -5 -16
1563 1 1 -3 10 11
1564 0 0 14 -2 3
1565 1 1 -11 15 -7
1566 1 0 -11 9 7
1567 1 1 -7 10 14
1568 0 1 12 -6 -11
1569 0 0 13 -10 -6
1570 0 1 13 -13 -5
1571 0 0 11 -5 -9
1572 0 0 15 1 -14
1573 1 0 -9 11 9
1574 1 0 -10 -4 -15
1575 1 1 -6 4 -16
1576 0 0 5 13 12
1577 0 0 8 -1 7
1578 1 1 -9 -2 5
1579 0 0 7 10 -16
1580 1 1 -5 15 -12
1581 1 0 -7 -1 0
1582 1 0 -14 9 3
1583 1 0 -16 -13 -6
1584 0 1 15 15 15
1585 1 0 -7 -1 0
1586 1 1 -5 -14 9
1587 0 1 10 -4 15
1588 1 1 -12 -12 9
1589 1 0 -9 9 13
1590 1 1 -14 2 5
1591 0 0 -3 -10 -5
1592 0 1 12 6 -10
1593 0 0 14 15 -2
1594 0 0 5 3 6
1595 0 0 15 -7 -10
1596 0 0 7 -16 -2
1597 1 0 -5 -9 -13
1598 0 0 10 -7 6
1599 0 1 -6 -16 2
1600 0 0 8 15 6
1601 1 1 -8 10 9
1602 1 1 -2 -16 11
1603 1 0 12 12 14
1604 1 1 4 -12 12
1605 1 0 2 -16 -6
1606 0 0 6 -13 9
1607 1 1 -11 6 -11
1608 1 1 -6 -10 11
1609 0 0 0 14 3
1610 1 0 -9 2 10
1611 1 1 -14 -12 -7
1612 1 0 -6 0 15
1613 1 1 -2 -4 6
1614 0 0 4 6 3
1615 1 0 -16 12 -5
1616 1 1 -12 -12 1
1617 1 1 -16 7 2
1618 0 1 3 -6 6
1619 1 0 -12 -11 4
1620 1 0 -7 1 -12
1621 1 0 -16 8 -4
1622 0 0 8 -12 4
1623 0 0 -2 5 3
1624 0 1 7 3 2
1625 1 0 -13 -11 7
1626 0 1 4 -8 6
1627 0 1 14 -16 3
1628 0 1 9 8 -14
1629 0 1 13 -2 11
1630 1 0 -9 -5 14
1631 0 0 6 4 7
1632 1 1 -2 -9 1
1633 1 0 -12 2 -1
1634 1 1 -12 -11 8
1635 1 1 -6 -15 -7
1636 0 1 4 -8 9
1637 1 0 -2 5 5
1638 1 1 -7 -7 -2
1639 1 0 -7 -5 0
1640 1 1 -3 8 3
1641 0 0 15 -3 10
1642 0 0 12 -10 -2
1643 0 1 14 -10 13
1644 1 0 -16 -11 -13
1645 0 0 8 -11 -5
1646 0 1 2 -3 12
1647 1 1 -5 1 -16
1648 1 1 -13 -2 -13
1649 1 1 -11 4 5
1650 1 1 -10 15 2
1651 1 1 -10 -16 0
1652 0 0 8 -4 6
1653 1 0 -4 -9 1
1654 1 1 -11 15 5
1655 1 0 -13 15 -9
1656 0 0 1 -15 -4
1657 0 0 3 10 -8
1658 0 1 10 15 -8
1659 1 0 -8 15 -7
1660 1 0 -10 -2 -10
1661 0 1 0 15 -9
1662 1 0 -12 5 1
1663 0 1 13 -11 14
1664 0 1 15 11 1
1665 1 0 -8 -1 9
1666 0 1 15 -5 12
1667 0 1 10 10 -16
1668 1 0 0 15 -16
1669 1 0 -16 -11 13
1670 1 1 -6 7 5
1671 0 0 15 11 4
1672 0 0 15 14 -1
1673 0 1 6 13 15
1674 0 1 12 10 15
1675 1 1 -11 -12 2
1676 1 0 -11 -7 8
1677 1 0 -16 15 -3
1678 0 0 5 1 6
1679 1 1 -16 15 9
1680 1 1 -15 11 -7
1681 1 1 -5 7 2
1682 1 0 -7 -10 -2
1683 0 1 -2 -9 6
1684 1 0 -10 -14 10
1685 1 1 7 3 -7
1686 1 0 -5 -10 12
1687 1 1 -4 9 15
1688 0 0 -2 2 8
1689 0 1 8 -9 11
1690 0 1 12 -14 2
1691 0 0 -2 -11 0
1692 1 0 -10 -3 -8
1693 0 0 -4 -4 -16
1694 1 1 -9 15 9
1695 0 1 7 1 -15
1696 0 1 6 12 -14
1697 1 0 -11 -8 -2
1698 0 0 11 -4 -12
1699 0 1 -2 -5 -8
1700 1 1 -12 -16 4
1701 0 1 11 15 15
1702 1 0 -7 -7 -13
1703 0 1 10 -10 -5
1704 1 0 -4 -5 8
1705 1 0 -16 13 4
1706 0 0 -1 -14 -11
1707 1 1 -5 12 15
1708 0 1 6 -6 15
1709 0 1 11 -15 3
1710 1 0 -9 7 15
1711 1 1 -10 -6 15
1712 0 1 5 3 11
1713 0 0 8 -5 1
1714 1 1 -5 -7 11
1715 1 1 -5 -2 9
1716 1 0 -13 -10 15
1717 1 0 0 -9 -12
1718 1 0 -9 -15 -14
1719 0 0 15 5 -13
1720 0 1 15 13 1
1721 0 1 9 -4 11
1722 1 0 -7 0 -8
1723 1 1 -14 8 12
1724 0 1 15 1 6
1725 1 0 -6 -16 -6
1726 0 1 0 8 -4
1727 0 0 8 7 12
1728 0 0 -5 -4 -3
1729 1 0 -11 0 -15
1730 1 1 -7 5 -4
1731 1 1 -4 6 12
1732 1 1 -10 -9 8
1733 1 0 -3 8 10
1734 0 0 7 7 -7
1735 0 1 4 4 7
1736 1 0 -4 -9 -5
1737 0 1 1 7 6
1738 0 0 9 -10 -2
1739 1 1 -8 -8 10
1740 0 1 5 13 4
1741 1 0 -8 -3 -8
1742 0 0 6 -6 7
1743 1 1 -2 -9 -5
1744 1 0 -13 5 -9
1745 1 0 -16 -1 15
1746 0 1 9 0 2
1747 0 0 9 10 8
1748 1 0 -10 -7 -3
1749 1 1 -6 11 7
1750 1 1 -13 -15 13
1751 1 1 -2 -2 15
1752 0 0 15 -13 -1
1753 1 0 -3 15 -6
1754 0 0 11 11 -3
1755 0 0 4 15 -12
1756 0 1 6 2 -1
1757 1 1 -11 -9 9
1758 1 1 -10 -7 8
1759 0 0 0 -10 -15
1760 0 0 11 -10 8
1761 1 0 -11 -6 2
1762 1 1 -10 7 10
1763 0 0 15 -13 -3
1764 1 1 -3 13 -13
1765 1 0 0 13 14
1766 1 0 -13 3 12
1767 0 1 1 3 10
1768 1 1 -12 4 13
1769 1 1 0 11 -5
1770 0 1 10 2 4
1771 1 1 -10 3 -11
1772 1 0 -16 0 1
1773 1 1 2 -14 7
1774 1 1 -8 3 -10
1775 0 1 9 -6 0
1776 1 1 -16 1 -1
1777 1 1 -6 -16 -12
1778 1 0 -8 11 -6
1779 1 0 -3 5 -16
1780 0 0 13 -3 6
1781 1 0 -4 -6 -8
1782 0 0 13 0 6
1783 1 0 -11 7 10
1784 1 1 0 3 12
1785 0 0 11 -1 -12
1786 0 1 6 14 -7
1787 0 0 2 15 15
1788 1 0 -4 -6 14
1789 1 1 1 -10 0
1790 0 1 5 -13 5
1791 1 1 -10 4 -7
1792 0 0 5 7 -3
1793 1 0 -6 -2 12
1794 0 1 8 5 15
1795 1 0 -7 12 6
1796 0 0 5 0 -13
1797 0 1 9 2 4
1798 1 0 -16 9 -9
1799 0 0 8 0 -11
1800 1 0 -10 3 -4
1801 1 1 -6 6 -16
1802 0 0 9 -3 -8
1803 1 0 -9 -9 -12
1804 0 1 7 10 -12
1805 1 1 -16 -6 10
1806 0 0 6 -8 -7
1807 1 1 -12 -16 10
1808 1 1 -14 4 5
1809 1 0 -5 -2 -8
1810 1 0 -10 8 15
1811 1 1 -2 0 -13
1812 1 1 -14 10 6
1813 1 1 -10 -4 -3
1814 1 1 -13 -13 -12
1815 0 0 8 -12 -13
1816 0 0 5 -15 0
1817 0 1 10 9 -8
1818 0 1 15 -5 15
1819 0 0 11 8 -12
1820 1 1 -14 -16 15
1821 0 0 3 -5 -12
1822 1 1 -11 -6 -1
1823 0 0 7 -14 -16
1824 0 1 14 -16 7
1825 0 1 11 10 12
1826 1 0 -13 11 -8
1827 0 1 15 2 -6
1828 0 0 4 -7 2
1829 0 1 13 -11 -8
1830 1 0 -4 7 -5
1831 0 0 15 15 10
1832 0 0 8 15 -9
1833 1 0 -9 -10 9
1834 1 0 -2 -13 12
1835 1 1 4 4 -2
1836 0 0 4 -8 -10
1837 1 0 -11 0 13
1838 1 1 -12 -4 -7
1839 0 1 4 -12 7
1840 1 0 -13 -9 -2
1841 1 1 -9 -8 -9
1842 0 1 10 1 0
1843 0 0 5 -4 8
1844 0 0 2 -11 -15
1845 0 1 12 -12 3
1846 1 1 -1 11 10
1847 1 0 -2 -13 1
1848 1 0 -11 -9 -7
1849 0 1 10 -10 15
1850 1 0 -6 7 8
1851 1 1 -11 -8 -15
1852 1 0 -5 -10 10
1853 1 1 -16 15 8
1854 0 1 4 0 -7
1855 1 1 -5 8 -1
1856 0 0 9 -5 4
1857 0 0 6 -3 4
1858 0 1 15 -5 -4
1859 1 1 -2 -7 -2
1860 0 1 8 -6 11
1861 0 0 0 -7 -8
1862 1 1 -3 -13 9
1863 1 1 -10 0 14
1864 1 1 -5 12 7
1865 0 0 12 -1 6
1866 0 0 14 10 -6
1867 1 0 -13 -10 -4
1868 1 0 -8 5 3
1869 0 0 -1 3 4
1870 1 0 -8 -7 -5
1871 0 1 7 7 -16
1872 1 0 -1 1 7
1873 0 0 10 0 7
1874 0 0 12 -7 -12
1875 1 1 -16 14 5
1876 1 0 -10 9 -11
1877 0 1 15 -13 0
1878 0 1 10 12 11
1879 1 1 -6 -4 15
1880 0 0 14 -5 13
1881 0 0 7 15 -11
1882 1 1 -6 14 15
1883 1 0 -3 -2 -11
1884 0 1 11 -14 12
1885 1 1 -4 -3 12
1886 0 1 0 -11 12
1887 0 1 1 -13 -9
1888 0 1 4 8 5
1889 1 1 -15 11 -16
1890 1 0 -5 -7 4
1891 1 0 -4 12 -16
1892 1 0 -16 -9 2
1893 0 0 -2 11 12
1894 1 0 -12 1 4
1895 1 0 -4 -13 -8
1896 1 1 -1 15 -2
1897 1 0 -7 -4 7
1898 1 0 -9 -13 8
1899 0 0 12 -10 9
1900 0 1 14 -8 -12
1901 1 0 3 -13 8
1902 1 0 0 10 -15
1903 0 0 10 -6 15
1904 0 0 15 -7 -7
1905 0 1 1 -9 9
1906 1 0 -16 -12 -4
1907 0 1 0 -12 -6
1908 0 0 14 4 15
1909 0 0 9 6 15
1910 1 1 -5 1 10
1911 1 1 -12 -12 12
1912 0 0 9 -16 5
1913 0 1 3 14 10
1914 1 0 -3 10 -11
1915 0 1 6 0 -11
1916 1 1 -16 9 -4
1917 1 1 -7 13 -9
1918 1 0 -8 -6 12
1919 1 0 -1 4 0
1920 1 1 -6 -14 8
1921 1 1 -11 -8 5
1922 0 1 12 -9 -10
1923 1 1 -1 6 4
1924 0 1 12 1 3
1925 0 1 6 0 -4
1926 0 0 1 8 -8
1927 1 0 -11 -13 -4
1928 1 0 -12 4 11
1929 0 1 13 -10 12
1930 1 1 -12 3 -7
1931 1 1 -12 -6 12
1932 0 0 15 8 9
1933 0 1 9 -9 -11
1934 0 1 15 8 3
1935 0 1 -3 11 13
1936 1 1 -11 6 15
1937 0 0 -1 -3 -11
1938 0 0 0 3 -1
1939 0 0 12 1 14
1940 0 1 5 6 15
1941 1 1 -15 13 5
1942 0 0 8 -15 6
1943 1 1 -9 8 15
1944 1 0 -9 4 -8
1945 0 0 3 -9 4
1946 0 1 11 3 -14
1947 0 0 6 10 -9
1948 1 1 -4 13 -12
1949 0 1 1 -6 0
1950 0 1 12 12 9
1951 1 1 -12 -10 10
1952 1 1 -4 8 -10
1953 1 1 -16 -3 6
1954 1 1 -13 -11 -4
1955 0 1 -5 -10 -11
1956 0 1 -1 -2 9
1957 1 0 -10 -10 -15
1958 0 1 15 0 12
1959 1 1 -6 12 8
1960 0 0 -5 -6 -16
1961 0 0 4 15 10
1962 0 1 15 8 -1
1963 0 0 11 15 -6
1964 0 0 7 15 9
1965 1 0 -8 -10 -6
1966 0 0 9 3 7
1967 0 0 3 -14 7
1968 0 0 5 4 -2
1969 1 0 -7 -12 -14
1970 1 1 -3 8 4
1971 1 1 -6 -7 -7
1972 0 0 -4 0 6
1973 1 0 -6 11 -9
1974 1 1 -16 3 -12
1975 0 0 2 -10 13
1976 1 1 -6 -14 -12
1977 1 0 -10 -1 -6
1978 0 0 2 -16 10
1979 0 1 4 -16 4
1980 1 0 -8 7 6
1981 1 0 -12 -12 -2
1982 1 1 -6 -12 12
1983 0 0 14 -3 -7
1984 1 0 0 2 -13
1985 1 1 -13 -5 2
1986 1 0 5 -4 -1
1987 1 1 -2 7 -9
1988 0 1 5 -6 -1
1989 0 1 6 -12 11
1990 0 0 15 -13 -10
1991 1 1 -7 -12 11
1992 0 0 7 -16 -9
1993 0 1 7 -7 8
1994 1 1 -7 -13 -1
1995 0 0 11 -6 2
1996 1 1 -7 6 -4
1997 0 1 4 -1 -13
1998 0 0 15 8 -3
1999 1 1 -3 -15 -12
2000 1 0 0 -10 -8
2001 1 0 -8 15 4
2002 0 1 -1 0 5
2003 1 1 -16 0 -13
2004 0 0 11 -2 -11
2005 1 0 1 15 10
2006 0 1 10 -9 7
2007 1 1 -16 7 -15
2008 0 1 9 -9 12
2009 1 0 -1 2 3
2010 0 1 15 -12 -11
2011 0 0 -2 -12 8
2012 1 1 -7 11 10
2013 1 1 -8 -12 -14
2014 1 0 -1 4 -11
2015 0 1 9 2 4
2016 0 0 9 -11 -16
2017 0 0 11 0 -14
2018 0 1 13 -5 -8
2019 1 1 -12 -7 12
2020 1 0 -5 6 -10
2021 1 0 -4 -15 -2
2022 0 0 8 2 -9
2023 0 0 15 1 10
2024 0 0 5 -5 -7
2025 1 0 -8 8 10
2026 0 0 2 -7 3
2027 0 0 3 0 -16
2028 1 0 -5 15 -10
2029 0 1 12 13 11
2030 0 0 1 12 7
2031 1 1 -5 -11 -4
2032 1 1 -15 -7 -14
2033 1 1 -11 9 4
2034 1 0 -14 4 -9
2035 1 0 -8 9 -13
2036 1 1 3 -3 13
2037 1 1 -9 7 2
2038 0 0 9 10 -1
2039 1 0 -16 0 -1
2040 0 0 3 6 9
2041 0 0 12 -14 10
2042 1 0 -6 -7 -11
2043 1 1 -5 -4 6
2044 0 1 15 15 1
2045 0 1 6 6 9
2046 1 0 0 2 -2
2047 0 0 8 -2 -16
2048 0 1 11 13 12
2049 0 0 -1 12 -14
2050 0 0 5 -9 -10
2051 1 0 -5 6 0
2052 1 1 -4 13 -9
2053 0 0 3 -7 -15
2054 0 1 5 6 11
2055 1 0 -11 -12 2
2056 0 0 7 -16 6
2057 0 0 3 8 1
2058 1 1 -16 2 -15
2059 0 1 5 13 -3
2060 0 1 12 -7 7
2061 1 1 -9 15 4
2062 0 1 11 4 0
2063 0 0 10 -16 0
2064 1 0 0 8 -1
2065 0 1 5 15 10
2066 1 1 -6 -16 12
2067 0 0 14 9 -8
2068 1 0 -5 0 7
2069 1 1 -2 -14 -16
2070 0 0 3 -5 -16
2071 1 1 0 -11 -1
2072 1 0 3 2 -9
2073 0 1 -3 -16 0
2074 1 0 -5 10 10
2075 1 0 -5 -5 13
2076 0 1 2 -16 -12
2077 1 1 -8 -4 -8
2078 1 0 -6 -11 -9
2079 1 0 -1 -11 -3
2080 0 1 -5 8 -7
2081 0 1 15 6 15
2082 1 1 -8 10 15
2083 0 0 9 -5 -2
2084 1 0 6 -11 14
2085 0 0 6 6 9
2086 1 1 -3 -9 8
2087 0 0 2 -1 -6
2088 1 1 -7 -16 -9
2089 0 0 9 -8 10
2090 1 1 2 15 4
2091 1 1 -8 -11 4
2092 1 0 1 -5 6
2093 0 1 15 -4 -1
2094 0 1 10 -6 -15
2095 1 1 -4 -1 -7
2096 0 1 11 -2 5
2097 1 0 -11 5 -6
2098 1 1 -16 -14 -11
2099 0 0 12 13 9
2100 1 1 -13 10 3
2101 0 1 -2 -2 11
2102 0 1 6 -11 -7
2103 0 0 15 -7 4
2104 0 0 10 -11 -11
2105 1 0 0 3 0
2106 0 1 12 -12 -5
2107 1 1 -11 12 15
2108 0 1 14 4 -7
2109 0 1 12 12 -4
2110 0 0 12 15 0
2111 0 1 -1 6 13
2112 1 1 1 -8 -13
2113 0 1 13 11 -11
2114 0 0 9 -13 -4
2115 0 0 5 9 -11
2116 1 1 -16 -5 -10
2117 0 1 11 -2 0
2118 1 0 -7 -9 -5
2119 1 0 -14 13 -10
2120 1 0 -4 0 -14
2121 1 1 6 11 -9
2122 0 1 0 4 7
2123 1 0 -13 10 -11
2124 1 0 -10 3 8
2125 0 1 14 6 2
2126 0 0 13 -10 -2
2127 1 0 -11 15 15
2128 1 0 -12 13 10
2129 1 1 -16 8 -5
2130 0 1 15 3 -7
2131 0 1 10 -9 15
2132 1 0 -10 15 -4
2133 1 1 -7 6 4
2134 1 0 0 15 -5
2135 0 1 3 4 15
2136 1 1 -3 9 4
2137 0 1 15 -12 2
2138 0 0 6 12 10
2139 1 0 -15 -10 -16
2140 0 0 6 -13 3
2141 0 0 8 9 1
2142 0 0 -2 -10 13
2143 1 0 -2 -11 -2
2144 0 0 4 10 0
2145 1 0 -12 -15 13
2146 0 1 10 -16 8
2147 1 1 4 -10 5
2148 1 0 -15 13 14
2149 1 0 -8 10 -8
2150 0 1 3 1 13
2151 0 0 14 -2 -9
2152 0 1 9 12 10
2153 1 0 -2 3 -3
2154 1 1 -16 7 9
2155 0 1 6 6 15
2156 1 1 -4 8 15
2157 0 0 2 2 9
2158 0 1 8 15 -1
2159 1 1 -3 -12 14
2160 1 0 -5 4 5
2161 1 0 -16 -6 -5
2162 0 0 15 1 -11
2163 1 1 -14 6 0
2164 1 1 -12 -10 -7
2165 1 0 0 -5 13
2166 1 0 -12 -10 3
2167 0 1 3 12 -16
2168 0 0 2 -16 10
2169 0 0 11 -3 2
2170 1 1 -8 -7 10
2171 1 1 -4 0 11
2172 0 0 15 10 -2
2173 1 1 -8 -15 2
2174 1 0 -10 -9 2
2175 0 0 2 -9 15
2176 1 1 -7 8 -11
2177 0 1 1 9 -1
2178 1 1 -13 -5 -10
2179 1 0 -5 0 5
2180 0 1 -3 -9 7
2181 1 0 -1 1 12
2182 0 1 -2 8 5
2183 0 0 15 5 -12
2184 0 0 6 11 5
2185 1 0 -4 -2 11
2186 0 1 4 10 15
2187 1 1 -7 6 6
2188 0 1 4 9 -9
2189 1 0 2 6 -6
2190 1 1 -7 7 -5
2191 0 0 8 11 -16
2192 1 0 1 3 -10
2193 0 0 15 -9 8
2194 0 0 10 15 -6
2195 1 1 -16 -3 -15
2196 0 1 4 -16 -2
2197 0 1 -1 15 1
2198 1 0 -12 6 9
2199 0 1 13 14 -6
2200 1 0 -3 10 -16
2201 0 0 3 -12 3
2202 1 0 -11 -11 2
2203 1 1 -4 -12 -6
2204 0 1 10 3 -9
2205 1 1 -7 0 -14
2206 1 1 -11 -3 -6
2207 1 1 -7 -16 -13
2208 1 0 -1 0 15
2209 1 1 -12 7 -10
2210 0 0 11 -6 -14
2211 1 0 -7 12 14
2212 1 1 -2 15 8
2213 1 0 -8 5 3
2214 1 0 -12 -12 -10
2215 0 0 5 -6 -4
2216 1 0 -7 -4 -2
2217 1 1 -15 15 -12
2218 0 0 10 -3 -7
2219 1 1 -1 4 11
2220 0 1 5 -16 -8
2221 0 0 -2 -4 7
2222 0 0 6 3 -8
2223 0 1 9 1 -11
2224 0 1 0 -13 -16
2225 1 1 -6 -3 -7
2226 0 1 9 3 -9
2227 1 0 -2 -6 15
2228 1 0 -10 0 10
2229 0 1 9 -1 11
2230 0 1 6 6 5
2231 0 0 12 12 0
2232 0 1 7 5 1
2233 1 1 -6 -9 0
2234 0 1 4 15 -8
2235 1 0 -10 15 -5
2236 1 0 -6 -8 12
2237 1 1 -2 5 4
2238 1 1 -16 -8 -16
2239 1 1 -11 -15 15
2240 0 0 15 -8 13
2241 1 1 -10 9 -9
2242 0 0 10 7 5
2243 1 0 -10 -13 -5
2244 1 0 3 -10 15
2245 1 0 -10 11 8
2246 0 0 7 -8 -16
2247 1 1 -16 10 9
2248 0 1 12 -14 12
2249 0 0 4 -1 -8
2250 0 1 6 -11 -6
2251 0 1 9 6 -6
2252 0 1 1 -5 4
2253 1 0 -9 -12 6
2254 0 1 -1 5 -14
2255 0 1 -2 12 15
2256 1 0 -8 6 15
2257 1 0 -13 -8 6
2258 1 0 -15 -15 5
2259 1 0 -11 11 8
2260 1 1 -2 -4 -4
2261 0 1 15 8 -8
2262 1 1 -3 15 -2
2263 1 1 -9 -8 13
2264 0 0 10 -8 -11
2265 0 1 6 5 -7
2266 1 1 -14 -2 -10
2267 0 0 9 14 5
2268 0 1 11 -5 -5
2269 0 0 11 -12 -7
2270 0 0 6 -10 14
2271 1 1 -8 -14 8
2272 1 1 1 15 -11
2273 1 0 -9 7 2
2274 0 0 10 -15 10
2275 0 1 15 11 15
2276 1 1 -12 0 -4
2277 0 1 3 -12 3
2278 1 0 -3 -6 0
2279 1 0 -2 5 14
2280 1 1 -9 11 -10
2281 1 1 -9 5 -9
2282 0 1 15 13 12
2283 0 0 11 -12 -16
2284 0 1 4 -12 15
2285 0 1 8 -11 6
2286 1 0 -9 -2 -3
2287 1 1 -8 1 -5
2288 0 1 15 -8 -15
2289 1 0 -11 12 12
2290 0 0 12 -5 9
2291 0 1 9 -9 12
2292 0 0 11 -6 -10
2293 0 0 4 15 4
2294 0 0 11 -9 11
2295 1 0 -12 -3 -14
2296 0 1 -5 4 13
2297 1 1 -4 -13 5
2298 0 0 4 1 -14
2299 1 0 -16 -9 1
2300 0 1 3 -4 -8
2301 1 0 -14 13 -1
2302 1 0 -7 -5 8
2303 1 1 -14 -13 7
2304 1 0 1 8 11
2305 0 0 -1 -15 -11
2306 1 1 -4 0 15
2307 1 1 -16 10 13
2308 0 1 1 -9 8
2309 1 1 -9 -11 -6
2310 0 0 15 5 -12
2311 0 1 13 3 -15
2312 1 0 -12 7 -7
2313 0 0 4 2 -15
2314 0 0 9 7 6
2315 0 0 11 8 -16
2316 0 1 10 -7 -6
2317 1 1 -8 10 -3
2318 1 1 -4 3 -16
2319 1 1 -14 8 -16
2320 0 1 0 8 -13
2321 0 0 12 -8 9
2322 0 1 8 -6 -9
2323 1 1 -3 14 8
2324 0 1 6 6 -6
2325 1 1 -10 -9 -1
2326 0 1 12 6 4
2327 1 1 -14 6 11
2328 0 1 8 7 7
2329 0 1 7 -2 -10
2330 0 0 0 -13 -6
2331 0 0 5 -6 3
2332 0 1 13 1 3
2333 0 1 15 -16 -5
2334 0 0 12 15 -9
2335 1 0 -7 -2 8
2336 1 0 -8 13 -13
2337 1 0 -7 -12 4
2338 0 0 14 8 9
2339 1 1 -11 12 12
2340 1 0 -9 -10 0
2341 0 0 5 -11 9
2342 1 1 -4 -12 -16
2343 0 1 7 -5 4
2344 0 0 4 -13 8
2345 0 1 -1 4 -8
2346 1 0 -12 14 3
2347 1 1 -11 -4 8
2348 1 0 -14 7 12
2349 0 1 14 9 8
2350 1 0 -11 1 -1
2351 0 1 9 5 -12
2352 0 1 6 -15 -7
2353 1 1 -5 -3 6
2354 1 0 -12 -6 6
2355 0 1 14 10 -7
2356 0 1 12 15 0
2357 0 0 6 -5 14
2358 0 0 7 -13 1
2359 0 1 7 -2 -15
2360 1 0 -7 -7 11
2361 1 0 -4 12 7
2362 1 1 -7 9 -11
2363 1 0 -3 8 11
2364 1 1 -3 -3 -14
2365 0 0 6 -13 -6
2366 0 0 3 8 7
2367 0 0 6 -9 1
2368 0 0 5 0 9
2369 1 1 -10 -8 -13
2370 1 0 -14 15 -11
2371 0 0 15 10 6
2372 1 0 -16 -3 -1
2373 0 0 1 8 12
2374 0 1 8 -13 -10
2375 0 1 12 13 11
2376 1 1 -4 -1 -7
2377 0 1 5 -6 3
2378 0 1 3 13 1
2379 1 0 1 1 -6
2380 0 0 13 13 -4
2381 1 0 -6 7 0
2382 1 1 -9 10 -7
2383 0 1 4 10 7
2384 1 1 -5 4 10
2385 1 0 -11 15 -16
2386 1 0 -7 -9 10
2387 0 0 5 -16 13
2388 0 1 13 14 8
2389 0 1 8 -3 13
2390 1 1 -6 -13 -2
2391 1 1 -5 -16 -4
2392 0 1 10 7 -10
2393 1 0 -15 -7 4
2394 1 0 -9 9 -15
2395 0 1 11 13 -4
2396 1 0 -12 -9 3
2397 0 1 5 11 -11
2398 1 1 -12 -12 4
2399 0 1 12 5 -15
2400 0 1 7 -12 -5
2401 1 1 -13 12 3
2402 1 1 -11 14 5
2403 0 1 -1 -3 13
2404 0 0 3 5 9
2405 0 1 5 3 3
2406 1 0 -14 3 -7
2407 0 1 4 -4 -7
2408 1 1 -6 -14 -9
2409 1 1 -11 -5 -6
2410 1 0 -8 -8 12
2411 1 0 -9 -11 7
2412 0 1 9 15 15
2413 0 0 10 2 -3
2414 1 1 -9 8 1
2415 1 0 -13 2 15
2416 0 0 9 1 5
2417 1 1 0 5 7
2418 1 0 -6 11 -1
2419 1 0 -8 -14 4
2420 1 0 0 15 15
2421 0 0 15 4 -8
2422 0 0 1 11 -5
2423 1 0 -15 0 -1
2424 1 0 -14 -9 2
2425 1 0 -4 1 -8
2426 0 1 7 -8 -16
2427 0 0 -1 -1 7
2428 1 0 -8 -4 10
2429 0 0 15 9 -13
2430 1 1 4 -16 14
2431 1 0 -4 -4 -10
2432 0 0 9 -3 -7
2433 1 1 -7 10 6
2434 1 0 -11 -2 5
2435 1 1 -10 -16 3
2436 0 1 6 0 -12
2437 1 0 -13 15 -7
2438 1 0 -15 -8 -4
2439 0 0 -2 3 -1
2440 0 0 7 -14 -14
2441 1 1 -4 -1 -8
2442 1 1 -16 -16 -3
2443 0 1 12 7 -14
2444 0 0 11 7 8
2445 1 1 -2 10 0
2446 0 0 12 -15 -1
2447 1 1 -15 -9 -9
2448 0 0 15 12 -9
2449 1 1 -5 -5 -5
2450 0 1 15 -7 -15
2451 1 1 -4 -4 -16
2452 0 1 10 -1 15
2453 0 0 -1 -16 -4
2454 1 1 -11 -6 6
2455 0 0 11 -5 -4
2456 1 0 -11 7 -15
2457 1 1 -1 -8 4
2458 0 1 11 5 -11
2459 0 1 12 -8 -1
2460 1 0 -11 -16 -16
2461 0 1 6 5 2
2462 1 0 -7 -7 4
2463 0 1 15 -4 -12
2464 0 0 7 14 15
2465 1 0 -8 11 -9
2466 0 0 15 7 14
2467 1 1 -4 12 -14
2468 0 1 15 -13 13
2469 0 1 10 9 -13
2470 1 0 -1 -11 7
2471 1 0 -13 14 -6
2472 1 0 -7 -14 15
2473 1 0 -15 -15 8
2474 0 1 14 -9 10
2475 1 1 -8 8 4
2476 1 1 -16 3 -7
2477 0 0 8 10 -12
2478 1 0 -13 11 11
2479 1 0 -9 -16 -1
2480 1 1 -6 9 -9
2481 0 1 10 5 -16
2482 0 1 5 15 -9
2483 0 0 10 6 15
2484 1 1 -8 -6 -13
2485 0 1 9 7 14
2486 0 0 15 -12 2
2487 1 1 -5 -13 -12
2488 1 1 -8 6 -3
2489 1 0 -12 -2 -7
2490 1 1 -7 -10 8
2491 1 0 -9 -16 8
2492 0 1 10 15 -2
2493 0 1 9 11 -8
2494 1 0 -4 15 -12
2495 0 0 14 1 -14
2496 0 0 13 9 -3
2497 0 0 3 11 -2
2498 0 0 2 -9 4
2499 0 0 14 -8 8
2500 1 0 -11 12 -3
2501 0 0 -4 3 -9
2502 1 0 -13 -7 -2
2503 1 0 -3 -16 6
2504 0 1 -5 -10 6
2505 1 0 -5 8 15
2506 0 0 0 4 -7
2507 1 1 1 -3 7
2508 1 0 -16 5 -11
2509 0 0 5 -4 -13
2510 0 1 7 -2 10
2511 0 0 5 10 5
2512 0 1 7 -16 4
2513 1 1 -14 -8 -8
2514 1 1 -11 -5 6
2515 0 1 9 2 15
2516 1 0 -5 -6 -4
2517 1 1 -7 15 -6
2518 1 1 -12 -2 -12
2519 0 1 12 15 -1
2520 1 1 -5 6 -7
2521 0 0 5 13 12
2522 1 1 -6 15 -9
2523 0 1 15 -7 6
2524 1 0 -5 -14 9
2525 1 0 -5 -5 7
2526 1 1 -13 -4 -8
2527 0 1 15 6 -9
2528 0 0 11 5 3
2529 0 1 6 -5 5
2530 1 1 -8 -2 2
2531 0 1 11 -1 -1
2532 0 1 9 1 3
2533 1 1 -16 6 13
2534 1 1 -1 -15 7
2535 0 0 8 11 -2
2536 1 1 -11 15 13
2537 1 0 -16 -10 -16
2538 0 0 7 -9 -5
2539 0 0 14 -1 2
2540 0 0 -6 -14 -8
2541 1 1 -5 -5 -4
2542 1 0 -9 -5 -6
2543 1 1 5 -16 7
2544 0 0 -1 9 -13
2545 1 0 -8 -16 -10
2546 1 1 -6 0 6
2547 1 1 -8 -10 2
2548 0 0 3 14 3
2549 1 0 -6 11 -14
2550 1 0 4 -4 14
2551 0 1 15 -13 -2
2552 0 1 10 4 7
2553 0 1 15 -5 -10
2554 0 1 -3 15 -16
2555 1 1 -16 -9 11
2556 1 0 -5 13 0
2557 0 1 13 -2 9
2558 0 0 3 5 -8
2559 1 1 -16 -8 1
2560 0 0 9 12 -8
2561 1 1 -5 13 4
2562 1 1 -7 -6 14
2563 0 1 14 -1 15
2564 1 0 -5 0 11
2565 0 1 2 -12 6
2566 1 1 -5 10 10
2567 1 1 -10 -10 -16
2568 0 1 13 3 15
2569 0 1 -1 -14 2
2570 0 0 8 15 3
2571 1 1 -7 -12 10
2572 0 1 8 -13 5
2573 0 1 3 1 9
2574 0 1 4 -9 4
2575 0 0 7 15 11
2576 1 1 -13 1 5
2577 1 1 -14 -5 -3
2578 1 1 -7 1 7
2579 1 0 -15 -8 11
2580 1 1 -12 15 -6
2581 1 1 -10 4 -10
2582 0 0 11 -3 -3
2583 1 0 -2 -2 -3
2584 0 0 3 2 10
2585 0 0 11 2 -11
2586 0 0 11 -6 7
2587 0 1 9 3 -13
2588 1 0 -14 4 -11
2589 0 0 -2 5 8
2590 0 1 7 15 7
2591 1 1 -15 -2 -6
2592 1 1 -10 3 14
2593 1 0 -10 8 0
2594 1 1 -14 15 -9
2595 1 1 -6 0 -7
2596 0 1 8 1 15
2597 0 0 8 -10 -16
2598 1 0 -5 15 -16
2599 0 1 10 -15 8
2600 0 0 5 -15 12
2601 1 1 -8 9 -15
2602 0 0 9 8 0
2603 1 1 -15 -6 -2
2604 1 1 -13 -2 -15
2605 0 0 15 -15 -13
2606 0 1 -2 3 -4
2607 0 0 15 6 -3
2608 0 1 9 -5 15
2609 1 0 -7 -16 12
2610 0 1 3 9 -2
2611 0 1 7 8 -16
2612 0 1 15 -2 5
2613 1 1 -9 9 9
2614 0 1 10 -7 10
2615 0 0 15 -6 11
2616 0 1 15 -15 14
2617 1 0 5 0 -8
2618 1 1 -3 14 -3
2619 0 1 4 -10 -7
2620 0 0 10 -11 4
2621 0 1 7 -15 -2
2622 1 0 -12 -8 -7
2623 0 0 11 -5 8
2624 0 0 5 -13 -16
2625 1 1 -13 3 -11
2626 1 1 -5 -1 -12
2627 1 0 -5 4 8
2628 0 0 12 -10 9
2629 0 1 11 13 1
2630 0 0 15 12 -9
2631 1 1 -2 1 -14
2632 0 0 6 -10 2
2633 0 0 13 -3 15
2634 1 0 -8 2 -16
2635 0 0 1 0 -16
2636 1 1 -7 -5 1
2637 1 0 10 6 9
2638 0 1 15 -15 -8
2639 0 1 12 -3 -15
2640 0 1 1 -6 10
2641 0 0 9 8 -8
2642 1 1 0 5 2
2643 0 1 15 -6 5
2644 1 1 -16 5 15
2645 0 0 15 -8 -9
2646 0 1 12 5 15
2647 1 0 -5 -11 -7
2648 0 1 6 -4 -10
2649 0 1 15 13 -16
2650 1 0 -6 8 5
2651 0 1 15 13 -2
2652 0 0 5 -13 -10
2653 0 1 6 -8 0
2654 1 1 -16 15 7
2655 0 0 15 10 2
2656 0 1 4 3 -9
2657 1 0 -6 -13 -1
2658 0 0 4 10 -16
2659 0 1 15 -12 11
2660 1 1 -10 -11 -10
2661 0 0 8 11 -3
2662 0 1 8 10 2
2663 1 0 -2 14 8
2664 0 1 13 -3 4
2665 0 1 13 11 10
2666 0 0 14 15 11
2667 1 1 -6 11 2
2668 0 0 10 -8 0
2669 1 0 -12 -13 11
2670 1 1 -12 -2 -8
2671 0 0 6 11 -4
2672 0 0 10 7 15
2673 0 0 7 -7 -11
2674 1 0 -13 14 9
2675 1 0 -11 6 7
2676 0 1 5 -13 1
2677 0 1 7 13 4
2678 0 0 13 12 9
2679 0 1 6 -14 0
2680 0 0 8 -7 -4
2681 0 0 14 -5 3
2682 0 0 -3 9 9
2683 1 0 -14 1 1
2684 1 1 -6 -12 3
2685 0 1 9 -8 -2
2686 0 0 4 -1 -6
2687 0 1 8 -3 -13
2688 1 0 -7 -10 5
2689 1 0 -16 -3 4
2690 1 0 -4 -7 -2
2691 1 1 -8 -3 13
2692 1 1 -10 -10 12
2693 1 1 -16 -13 15
2694 1 1 -7 -16 -5
2695 0 0 6 9 6
2696 1 0 1 -10 15
2697 1 0 -13 5 -2
2698 0 1 -2 9 -9
2699 1 0 -9 -10 9
2700 1 1 -7 -10 -9
2701 0 1 -2 -1 -1
2702 1 0 -1 6 7
2703 1 1 -2 -1 -7
2704 0 0 2 10 15
2705 1 0 -6 7 -5
2706 1 0 -9 -14 2
2707 0 1 2 -8 -6
2708 0 1 2 9 13
2709 0 0 7 -2 5
2710 0 1 3 2 -14
2711 0 0 8 6 6
2712 1 1 -16 2 2
2713 0 1 0 -16 0
2714 0 1 8 1 11
2715 1 1 -8 1 -8
2716 0 0 8 -12 1
2717 0 0 8 8 4
2718 1 0 -8 2 7
2719 1 1 -1 -2 -16
2720 1 1 -7 15 -2
2721 1 0 -5 -7 4
2722 1 1 -6 -6 -12
2723 1 0 -8 7 11
2724 0 0 3 -7 10
2725 0 1 5 -3 -4
2726 1 0 -1 15 9
2727 1 1 -13 -8 -16
2728 0 1 15 11 4
2729 1 0 -12 10 11
2730 1 0 -9 -16 10
2731 0 1 11 -13 -3
2732 1 1 -16 5 -2
2733 0 1 9 -16 15
2734 1 1 -12 -7 2
2735 0 1 -3 4 13
2736 1 1 -6 -15 -14
2737 1 0 -2 -11 -3
2738 1 1 -1 15 -9
2739 0 0 15 -16 -11
2740 1 0 -6 9 -11
2741 1 0 -7 15 4
2742 1 1 -12 12 3
2743 0 0 15 1 6
2744 1 1 -3 12 4
2745 0 0 3 -1 -16
2746 1 1 -6 -8 -6
2747 1 0 -6 -7 13
2748 1 0 -5 -16 15
2749 1 1 -13 2 13
2750 1 0 -11 -16 -8
2751 1 1 -3 1 -4
2752 0 0 7 15 1
2753 1 0 -10 -13 15
2754 0 1 9 -14 2
2755 0 0 15 9 3
2756 0 1 2 -12 -16
2757 0 1 1 13 9
2758 0 0 10 15 6
2759 1 1 -15 13 -14
2760 0 1 12 -9 11
2761 1 0 -16 1 9
2762 0 0 7 4 9
2763 1 1 2 -14 1
2764 0 1 6 -9 -16
2765 0 0 11 8 -13
2766 1 1 -11 13 15
2767 0 1 7 10 -16
2768 0 0 15 0 2
2769 1 0 5 6 -9
2770 1 1 -11 10 -4
2771 1 1 -10 10 -13
2772 0 0 5 4 15
2773 0 1 15 -12 5
2774 1 0 -6 15 -2
2775 0 0 -1 -4 13
2776 0 0 3 -11 -10
2777 0 0 3 -2 14
2778 0 1 15 7 -16
2779 1 0 0 -1 -4
2780 0 0 9 9 6
2781 1 1 -10 15 1
2782 1 1 -10 4 -6
2783 0 1 9 8 4
2784 0 0 8 -4 15
2785 0 1 0 -14 -7
2786 0 1 5 -6 -10
2787 0 0 12 8 -11
2788 0 0 1 -1 -7
2789 0 0 2 15 -1
2790 1 0 -8 -9 2
2791 0 0 11 -7 -4
2792 1 1 -10 -12 -2
2793 0 1 -3 -7 -5
2794 0 1 6 -7 -16
2795 1 0 -9 -5 8
2796 1 1 -6 9 13
2797 0 1 10 -16 -10
2798 0 0 12 2 -16
2799 0 0 2 -5 8
2800 1 1 -6 -3 2
2801 0 1 5 -5 -2
2802 0 1 5 -6 -1
2803 0 1 4 -1 -1
2804 0 0 6 -14 10
2805 0 1 3 14 1
2806 0 0 9 8 1
2807 1 1 -7 14 7
2808 1 0 -7 5 -8
2809 0 1 -7 -1 -1
2810 0 1 11 -5 -12
2811 1 0 -16 3 0
2812 1 0 -11 14 8
2813 0 0 1 -4 -16
2814 0 1 15 13 3
2815 0 1 4 12 15
2816 0 0 4 -1 -2
2817 1 0 -7 9 5
2818 0 1 11 -1 -4
2819 0 1 7 -10 8
2820 0 0 5 0 9
2821 1 1 -2 -15 -4
2822 1 1 -13 9 -11
2823 1 0 -5 8 -14
2824 1 1 -16 3 6
2825 1 0 -16 -11 11
2826 0 0 4 -7 15
2827 1 0 -8 -10 15
2828 1 1 1 15 -4
2829 0 0 7 -1 11
2830 0 0 15 -10 -10
2831 1 0 -9 5 13
2832 0 0 3 4 -3
2833 1 0 -8 -5 -16
2834 1 0 0 -16 -14
2835 1 1 8 7 3
2836 0 0 9 -11 8
2837 1 0 -10 6 10
2838 1 0 -5 6 11
2839 0 1 15 -16 -10
2840 1 1 -10 -10 -16
2841 0 1 10 9 12
2842 1 1 -9 -1 15
2843 0 0 0 6 -7
2844 0 0 8 15 5
2845 1 1 -6 10 -5
2846 1 1 -11 -9 1
2847 0 0 8 -3 7
2848 1 0 -8 -8 4
2849 1 1 -13 -2 -7
2850 0 0 7 -9 -5
2851 0 0 5 -3 -8
2852 1 0 -16 8 2
2853 1 1 7 -6 -9
2854 0 0 7 6 -6
2855 0 0 10 2 4
2856 1 0 -5 -5 -7
2857 0 1 10 8 -13
2858 0 1 4 5 9
2859 0 0 12 -16 4
2860 0 0 4 -7 15
2861 1 0 -9 0 -11
2862 0 0 15 12 -2
2863 0 1 3 4 15
2864 1 1 8 -9 -10
2865 0 1 5 5 -3
2866 0 1 15 -2 4
2867 1 0 -1 -9 -12
2868 1 1 -5 -14 15
2869 0 0 13 12 -15
2870 1 1 -2 -16 13
2871 1 1 -11 15 13
2872 0 0 11 15 -4
2873 0 0 11 9 15
2874 0 1 13 6 -14
2875 1 0 -9 -7 6
2876 0 0 2 4 12
2877 0 1 15 -12 -3
2878 0 1 2 15 -11
2879 1 0 -5 -5 -8
2880 0 0 6 -15 13
2881 0 0 4 6 -13
2882 0 1 6 -4 -6
2883 0 1 8 8 -16
2884 0 1 15 9 -7
2885 0 0 9 -16 9
2886 1 0 -8 5 15
2887 1 1 -5 15 -6
2888 0 0 14 4 -11
2889 1 0 -15 -7 14
2890 1 1 -4 -2 -9
2891 0 0 11 6 -12
2892 1 0 -6 -14 0
2893 1 0 -7 5 -10
2894 1 1 -3 -16 -10
2895 0 0 9 7 15
2896 1 0 -10 8 7
2897 0 1 11 7 11
2898 0 0 15 -10 -12
2899 0 0 9 -5 15
2900 1 0 -9 3 2
2901 0 0 2 15 -11
2902 1 1 -8 -11 11
2903 0 0 15 1 -11
2904 1 0 -10 6 -9
2905 0 1 4 9 2
2906 1 0 0 10 6
2907 1 1 3 7 -16
2908 1 1 -14 -10 -14
2909 1 0 5 -4 -12
2910 1 0 -9 -16 -14
2911 1 1 -13 -13 1
2912 1 1 -2 2 9
2913 0 1 0 -9 7
2914 1 1 -11 15 9
2915 0 1 -6 -2 -12
2916 1 1 -5 5 4
2917 1 1 -12 4 -9
2918 0 0 -1 -15 13
2919 0 0 7 2 -8
2920 1 0 -5 -8 7
2921 1 0 -9 5 -7
2922 1 0 -7 -12 -7
2923 0 1 6 15 15
2924 1 0 -6 3 -5
2925 1 0 -13 -7 -1
2926 1 1 -9 6 5
2927 0 1 10 12 -5
2928 1 1 -1 -8 -12
2929 0 1 3 6 15
2930 0 0 8 -6 -3
2931 0 1 10 9 6
2932 1 1 -16 -16 15
2933 0 1 9 1 5
2934 1 0 -11 -8 11
2935 1 1 -4 7 15
2936 1 0 -10 9 2
2937 0 0 9 -9 7
2938 0 1 13 13 -4
2939 0 1 11 14 9
2940 1 0 1 8 1
2941 1 0 -8 7 -3
2942 1 0 -4 -3 6
2943 1 1 -4 15 -11
2944 1 1 -11 2 -7
2945 0 0 3 8 -7
2946 0 1 2 -16 4
2947 0 0 15 15 15
2948 1 0 -16 -16 4
2949 1 1 -15 2 -12
2950 1 1 -5 -8 -8
2951 1 0 -11 0 -8
2952 0 0 15 -10 -9
2953 0 1 -3 -16 -13
2954 0 1 13 -1 15
2955 0 1 8 -3 12
2956 1 0 -4 -3 -15
2957 0 1 13 13 -12
2958 1 0 -1 -2 6
2959 1 1 -1 0 -8
2960 0 1 13 9 13
2961 0 0 11 8 6
2962 1 1 -9 -16 -4
2963 1 1 -2 -16 2
2964 0 0 4 0 -2
2965 0 0 7 -10 2
2966 1 0 -12 -6 15
2967 1 1 -16 1 9
2968 0 1 11 -16 -5
2969 0 0 5 -13 -8
2970 1 1 -11 8 -8
2971 1 1 -4 -7 5
2972 0 1 8 13 6
2973 0 0 3 -12 -8
2974 1 0 -3 -13 10
2975 1 0 1 -1 11
2976 1 0 -11 -16 0
2977 0 0 9 4 -14
2978 1 1 -15 0 13
2979 0 0 -6 -14 1
2980 1 1 1 -13 -2
2981 0 0 10 -8 6
2982 1 1 -13 15 0
2983 0 1 10 7 -13
2984 0 0 -5 9 11
2985 1 1 -5 -8 -9
2986 0 0 10 14 -13
2987 1 1 -4 10 7
2988 1 1 -6 -12 -5
2989 0 1 6 -8 -16
2990 0 1 15 15 10
2991 1 0 8 14 -1
2992 1 1 -8 -15 3
2993 0 1 14 -14 9
2994 1 1 -9 1 6
2995 0 1 14 -4 -9
2996 1 1 -7 15 15
2997 1 0 -4 -5 12
2998 1 0 -8 -9 -5
2999 1 1 -9 7 -15
3000 0 1 -4 6 -13
3001 0 0 12 -8 -2
3002 0 0 12 -6 -8
3003 0 1 5 10 -7
3004 1 0 -7 15 -7
3005 1 1 -16 -7 4
3006 0 0 10 -7 15
3007 0 1 15 6 -3
3008 0 1 4 -4 -14
3009 0 0 7 3 -8
3010 1 1 -5 -16 11
3011 1 0 -12 13 15
3012 0 1 3 15 -16
3013 0 1 12 9 -16
3014 1 1 -8 -12 6
3015 1 1 -3 -7 15
3016 1 0 -11 15 -7
3017 1 0 -8 4 12
3018 0 0 1 -2 6
3019 1 1 -4 -16 2
3020 0 1 15 5 7
3021 0 1 6 9 -14
3022 1 1 -4 6 10
3023 0 0 13 -15 15
3024 0 0 9 15 15
3025 1 0 -16 -11 10
3026 0 0 5 -15 3
3027 1 0 -7 -8 2
3028 0 0 8 -6 10
3029 0 1 15 -9 -10
3030 0 1 4 8 -8
3031 0 1 10 -8 15
3032 1 0 -9 -9 -7
3033 1 1 3 -7 3
3034 1 1 -16 -12 10
3035 0 0 4 7 -6
3036 1 0 -10 0 7
3037 0 1 9 -9 -4
3038 0 1 9 9 6
3039 1 0 -15 14 8
3040 1 1 -2 -3 -15
3041 1 1 -4 10 -8
3042 0 1 7 9 15
3043 1 1 -14 -10 8
3044 0 1 2 1 7
3045 1 0 -12 9 4
3046 1 1 -9 -5 6
3047 0 0 -2 -7 -2
3048 1 0 -12 -7 6
3049 1 0 -16 5 -7
3050 0 0 10 -12 -5
3051 1 0 -5 1 -8
3052 0 1 6 -14 4
3053 0 0 9 -8 8
3054 0 1 7 -5 -6
3055 1 1 0 -16 -5
3056 0 1 4 -12 -1
3057 1 1 -10 15 6
3058 1 0 -8 1 -8
3059 0 0 15 8 10
3060 0 0 6 -11 13
3061 1 0 -16 -10 -9
3062 0 0 15 15 -8
3063 1 0 -16 -7 2
3064 0 0 2 -14 5
3065 0 0 1 5 -14
3066 0 1 9 -10 -6
3067 0 1 13 3 -16
3068 0 1 10 14 -10
3069 0 0 10 -16 12
3070 1 0 -9 10 2
3071 0 1 10 -11 8
3072 0 0 4 -6 -8
3073 1 1 2 11 -8
3074 1 1 -7 -11 -8
3075 1 1 -5 -3 -12
3076 0 0 4 -9 2
3077 0 1 11 -13 -13
3078 0 0 15 9 -16
3079 1 0 -10 9 3
3080 0 0 2 12 -16
3081 1 0 0 5 4
3082 1 0 -13 13 -5
3083 0 1 -1 5 6
3084 1 1 -10 7 10
3085 1 1 -2 3 -6
3086 1 1 -16 -4 1
3087 0 1 15 -10 -16
3088 1 1 -16 -10 -5
3089 1 1 -13 8 3
3090 1 1 2 4 8
3091 1 0 -10 5 -11
3092 0 1 2 1 0
3093 1 0 -4 11 9
3094 0 0 8 -9 -1
3095 0 0 5 12 -3
3096 1 1 -4 -11 14
3097 1 0 -12 15 -6
3098 0 1 15 1 7
3099 0 0 15 11 -10
3100 1 1 -1 -1 14
3101 0 1 2 9 8
3102 1 0 -12 10 -1
3103 1 0 -7 -5 14
3104 0 0 10 -16 12
3105 0 1 14 8 15
3106 0 1 5 -14 10
3107 1 0 -7 -10 14
3108 1 1 -14 -4 9
3109 1 0 0 -6 -6
3110 1 1 0 -16 5
3111 0 1 15 15 2
3112 0 0 14 5 8
3113 0 0 7 -10 4
3114 0 0 8 3 -15
3115 0 0 2 -16 1
3116 0 0 9 -2 -9
3117 1 1 -14 10 -10
3118 0 1 14 8 14
3119 1 1 -4 1 15
3120 0 1 1 -2 4
3121 1 0 -7 -4 11
3122 1 1 4 -4 15
3123 1 1 8 -3 15
3124 0 0 1 0 10
3125 1 0 -10 -9 -16
3126 0 1 6 3 7
3127 0 0 11 7 -4
3128 0 0 -3 -2 -8
3129 0 1 12 3 15
3130 0 0 5 3 14
3131 1 1 -16 7 -8
3132 1 1 -16 15 -5
3133 1 0 -1 -16 -8
3134 0 0 6 -10 -6
3135 0 1 6 0 0
3136 0 0 10 -4 1
3137 1 1 -1 -6 7
3138 0 0 12 7 3
3139 0 0 5 12 3
3140 0 1 6 -3 -14
3141 1 1 -8 -5 -4
3142 1 0 4 1 -14
3143 0 1 2 -6 15
3144 1 1 4 -12 -8
3145 0 0 3 10 12
3146 0 0 7 8 -2
3147 1 0 -16 -1 14
3148 0 0 7 -16 1
3149 0 0 14 8 -5
3150 0 0 9 13 5
3151 0 0 7 1 2
3152 1 0 -16 9 7
3153 1 1 -9 -2 5
3154 1 0 -7 7 11
3155 1 1 -5 -7 8
3156 1 1 -6 9 4
3157 0 0 9 13 6
3158 0 0 4 2 -3
3159 1 0 -5 -14 -2
3160 0 0 -12 13 -9
3161 1 0 -2 12 6
3162 1 1 -12 -13 15
3163 0 0 5 -16 8
3164 0 0 8 3 -13
3165 1 0 -6 15 -11
3166 0 0 10 11 -3
3167 0 1 0 -7 -12
3168 1 1 -10 11 12
3169 1 1 -5 15 0
3170 0 0 4 -9 -9
3171 1 1 -8 -11 -6
3172 0 0 2 15 5
3173 0 1 11 3 -11
3174 0 0 6 9 -9
3175 0 1 9 -8 -8
3176 1 1 -14 10 5
3177 1 1 0 -2 11
3178 0 1 15 5 9
3179 0 0 1 -15 6
3180 1 0 -13 -12 -7
3181 1 1 -8 -7 11
3182 0 0 4 4 -10
3183 1 0 -7 -1 -15
3184 0 1 5 0 10
3185 1 0 -12 -12 9
3186 0 1 6 -5 -9
3187 0 1 7 -11 -12
3188 0 0 5 15 -14
3189 1 1 -5 3 5
3190 1 0 -1 -6 10
3191 0 1 4 0 -3
3192 0 0 8 2 9
3193 0 1 8 -6 6
3194 0 1 1 15 -4
3195 1 1 -5 -1 13
3196 0 1 5 -12 -8
3197 1 0 0 -10 8
3198 0 0 12 -2 -8
3199 1 1 -13 15 -5
