# idx_int bit_int post_llr hard
0 1 15010.67442188 1
1 0 -20703.84044826 0
2 1 17987.40124947 1
3 0 -28770.87374809 0
4 1 26466.22453445 1
5 1 20902.66926758 1
6 1 20334.82300784 1
7 0 -26393.98615662 0
8 0 -23758.87673130 0
9 1 16265.08883916 1
10 0 -26369.30944048 0
11 0 -20486.17861662 0
12 0 -36289.49653777 0
13 1 21995.18328040 1
14 0 -27132.34546123 0
15 1 17032.30422446 1
16 0 -21039.87454733 0
17 1 24794.27792419 1
18 1 26862.78569433 1
19 0 -36080.21461070 0
20 0 -14309.98474093 0
21 1 12885.01635767 1
22 0 -24694.03406407 0
23 1 20849.64896090 1
24 0 -11484.19713054 0
25 0 -34047.68441346 0
26 0 -10773.40343049 0
27 1 17639.13066340 1
28 0 -35358.91153185 0
29 1 19051.30511867 1
30 1 17366.39013189 1
31 0 -23791.78711563 0
32 1 22606.10521481 1
33 0 -16624.27928733 0
34 0 -23572.57300559 0
35 1 19667.59200593 1
36 1 18479.15672057 1
37 0 -28202.92056180 0
38 0 -18685.97092456 0
39 1 17936.90128037 1
40 1 16106.07549382 1
41 0 -19240.32785113 0
42 0 -24884.36665639 0
43 1 29004.74879081 1
44 0 -30087.66704442 0
45 0 -9698.48695977 0
46 1 25662.19186550 1
47 1 25481.97154362 1
48 0 979.30194502 1
49 1 32955.50345399 1
50 0 -31973.76087268 0
51 0 -20372.30731538 0
52 0 -20586.82110783 0
53 0 -23124.99750537 0
54 1 19714.20298047 1
55 1 21788.54372512 1
56 1 22586.50086012 1
57 0 -12251.55012555 0
58 1 19937.39376116 1
59 1 25492.63745919 1
60 1 6654.02206862 1
61 1 23562.19938773 1
62 0 -5853.40905763 0
63 1 27382.07100866 1
64 1 22150.71753466 1
65 1 17665.43370587 1
66 0 -29810.50489102 0
67 1 19859.19672564 1
68 1 22843.35588308 1
69 1 12473.71644332 1
70 1 21619.50831982 1
71 0 -20607.56407082 0
72 1 20585.69872641 1
73 0 -26427.22312055 0
74 0 -22986.85167819 0
75 0 -17738.69064708 0
76 0 -23665.11009151 0
77 1 19801.14896893 1
78 0 -16726.45697694 0
79 1 16294.38308263 1
80 1 24739.91973439 1
81 1 19624.92349566 1
82 1 25370.29919037 1
83 1 11758.63765320 1
84 1 5482.78183594 1
85 0 -5744.57549281 0
86 0 -13634.15226940 0
87 1 16357.38334731 1
88 0 -23314.32018700 0
89 0 -18813.53568611 0
90 0 -22954.44905305 0
91 0 -22297.49577646 0
92 0 -18081.11256571 0
93 0 -25084.80728226 0
94 1 25324.18595715 1
95 0 -15776.67540230 0
96 0 -9919.36018117 0
97 1 15543.00357029 1
98 1 20387.00723233 1
99 0 -22335.21962943 0
100 0 -7605.56497759 0
101 1 25850.66727429 1
102 0 -21602.92386826 0
103 0 -17377.87069326 0
104 0 -23490.56141068 0
105 1 20016.51743934 1
106 1 3247.55437815 1
107 1 14081.80018300 1
108 1 19761.66400685 1
109 0 -23538.79511989 0
110 1 27615.45000313 1
111 0 -22540.03253002 0
112 1 16880.50983177 1
113 0 -23815.57665023 0
114 0 -15498.37894573 0
115 0 -25776.01365284 0
116 1 20328.39736487 1
117 1 31201.66686702 1
118 1 19279.57914763 1
119 0 -31122.43852943 0
120 0 -19215.26749674 0
121 1 17253.87801396 1
122 1 16211.92843325 1
123 0 -29638.70918305 0
124 1 9817.81470086 1
125 0 -22819.22735821 0
126 1 21456.28696550 1
127 0 -15046.04177664 0
128 0 -23361.47536655 0
129 0 -16498.63833045 0
130 0 -17150.04675870 0
131 1 10696.08502099 1
132 0 -682.37260086 0
133 0 -14495.13725505 0
134 0 -24485.35805601 0
135 0 -11062.89397666 0
136 1 26786.23482369 1
137 1 13785.39909886 1
138 0 -19622.82250266 0
139 0 -28887.92907100 0
140 1 23005.07377308 1
141 1 21615.28209856 1
142 0 -19757.45710453 0
143 1 21092.23740726 1
144 0 -28110.74445704 0
145 0 -18947.70984335 0
146 0 -22987.57691297 0
147 0 -31514.35502424 0
148 1 26239.18354547 1
149 0 -24667.70723145 0
150 0 -20014.37318750 0
151 1 20572.06383968 1
152 1 17217.13626420 1
153 0 -16525.44622611 0
154 0 -12654.27555949 0
155 0 -27978.00222134 0
156 0 3807.91227203 1
157 0 -10009.48923651 0
158 0 -22239.46312564 0
159 1 27391.93387750 1
160 0 -22121.46169294 0
161 0 -19950.16681272 0
162 1 19223.37042637 1
163 0 -18902.83465793 0
164 0 -23185.50588102 0
165 0 -26025.00343430 0
166 0 -11731.52470497 0
167 1 1725.73739389 1
168 0 -22084.68887192 0
169 1 29774.14684372 1
170 0 -7131.68719073 0
171 1 14594.70511851 1
172 0 -24127.98755131 0
173 1 18348.63128213 1
174 1 35040.99977028 1
175 1 35646.50106484 1
176 0 -26640.36458094 0
177 0 -18256.34278754 0
178 1 25434.53685991 1
179 0 -27022.00331213 0
180 1 24176.43291892 1
181 1 24205.09649555 1
182 0 -26799.83118308 0
183 1 14283.68481670 1
184 1 24874.89959023 1
185 0 -16867.96316998 0
186 1 20837.68377112 1
187 1 20441.50935749 1
188 1 24092.69022907 1
189 1 22015.14048935 1
190 1 21845.60890204 1
191 1 27924.31061412 1
192 1 17990.16468898 1
193 1 17286.63099097 1
194 0 -17039.92376342 0
195 0 -21576.61388770 0
196 0 -31602.75619531 0
197 0 -15146.42424696 0
198 1 20105.73378852 1
199 0 -18099.51087764 0
200 0 -25600.88646745 0
201 0 -13207.18577726 0
202 0 -36126.68652390 0
203 0 -29735.91470589 0
204 1 12963.82187969 1
205 1 19770.27818960 1
206 1 30380.00858375 1
207 1 30000.66015533 1
208 1 14599.98254934 1
209 1 25791.21340431 1
210 0 -22365.24356093 0
211 1 15367.69011526 1
212 1 22473.43357868 1
213 0 -28269.84579392 0
214 0 -9619.37847058 0
215 0 -9767.61200528 0
216 1 15628.45295344 1
217 1 17484.63874940 1
218 0 -33503.38366758 0
219 1 18929.78490020 1
220 1 17769.81555266 1
221 0 -24357.23207583 0
222 1 22766.78797490 1
223 0 -2749.65282733 0
224 0 -28860.23362667 0
225 0 -15154.57120955 0
226 0 -13113.39899518 0
227 1 21134.22692106 1
228 0 -23993.31946852 0
229 1 12485.05134165 1
230 1 17822.28712094 1
231 1 14567.33966028 1
232 1 18688.57477017 1
233 1 11865.86348250 1
234 0 -19138.52387212 0
235 1 12398.66171457 1
236 1 15230.62290454 1
237 1 15583.92915986 1
238 1 9772.70116782 1
239 1 17713.94503265 1
240 1 19911.12045513 1
241 0 -8326.58706275 0
242 0 -9912.03230169 0
243 1 15516.74919580 1
244 1 17766.44653717 1
245 0 -15963.15425785 0
246 0 -27993.16018502 0
247 0 -26561.86899252 0
248 0 -9242.68572913 0
249 1 29296.47389148 1
250 0 -22007.48008187 0
251 0 -15895.58313600 0
252 1 17741.19897285 1
253 1 12458.43747603 1
254 1 20419.39621538 1
255 0 -22678.95985664 0
256 1 17891.58384357 1
257 0 -25582.34690637 0
258 1 22934.55578121 1
259 1 17039.59397269 1
260 1 9440.06110274 1
261 0 -23096.37286063 0
262 1 17902.59650696 1
263 0 -21670.06602667 0
264 0 -13081.85778676 0
265 1 19233.93857433 1
266 1 24869.30814700 1
267 1 26619.86041514 1
268 1 25435.06864322 1
269 1 15633.90755270 1
270 1 27226.03825846 1
271 0 -15804.65689251 0
272 1 18555.13405771 1
273 0 -25504.64184049 0
274 0 -30719.82230148 0
275 1 11821.64779704 1
276 1 27852.85922693 1
277 0 -28594.85385721 0
278 0 -30135.39801319 0
279 1 19853.78030809 1
280 1 27441.67514845 1
281 1 14289.23014666 1
282 0 -21565.27185032 0
283 1 19451.58424727 1
284 0 -16426.14702311 0
285 1 17165.94057996 1
286 1 18253.98791412 1
287 0 -18268.11076740 0
288 0 -26895.24314768 0
289 0 -16967.15621858 0
290 0 -14577.39443124 0
291 0 -22298.34397375 0
292 0 -20134.71556008 0
293 1 23220.40545122 1
294 0 -26059.13435165 0
295 0 -11882.47311055 0
296 0 1037.30984020 1
297 0 -12350.69839002 0
298 0 -21619.85717891 0
299 0 -21281.00426721 0
300 1 11919.15205452 1
301 1 23990.43524391 1
302 0 -30628.02622503 0
303 0 -27130.56000457 0
304 1 28447.81611663 1
305 0 -11901.08354637 0
306 0 -23482.55215974 0
307 1 14509.68796659 1
308 1 14171.62113661 1
309 0 -18286.61387824 0
310 1 33658.94359145 1
311 1 25300.45779320 1
312 0 -22132.40743243 0
313 0 -18014.80470581 0
314 1 26691.07383260 1
315 0 -17171.07075135 0
316 1 20014.03795187 1
317 1 23414.23608755 1
318 0 -8510.46417036 0
319 0 -24243.82430488 0
320 1 20795.82013761 1
321 0 -19817.48027012 0
322 1 12435.72307635 1
323 0 -22060.64178513 0
324 0 -20224.88040420 0
325 1 9487.38302777 1
326 1 21784.24326609 1
327 1 11897.63719158 1
328 1 19137.28019137 1
329 0 -21299.83896920 0
330 0 -26658.61591145 0
331 1 14209.34013411 1
332 0 -22305.24509183 0
333 1 18014.64679806 1
334 1 27193.11715101 1
335 1 12380.48677870 1
336 1 29213.87405536 1
337 1 17430.34456280 1
338 1 16761.78998322 1
339 1 25138.23600029 1
340 0 -25652.16742901 0
341 0 -30284.42410980 0
342 0 -20425.36922747 0
343 1 20672.30698927 1
344 0 -17315.31351177 0
345 0 -24889.67822095 0
346 0 -29120.72435873 0
347 0 -28612.30829135 0
348 0 -22769.00803850 0
349 0 -22987.04783357 0
350 0 -19008.44090221 0
351 1 26600.75985255 1
352 1 18089.54001728 1
353 1 27516.64955037 1
354 0 -13839.21855320 0
355 0 -20987.83433862 0
356 0 -20734.57627490 0
357 1 18020.10475283 1
358 0 -22448.82266545 0
359 0 -9931.28049481 0
360 1 29744.07304880 1
361 1 19828.45055779 1
362 1 29589.05547636 1
363 1 26583.29128031 1
364 1 9297.15980685 1
365 1 17149.97132841 1
366 1 16453.73842083 1
367 0 -17671.18032936 0
368 1 20555.25113813 1
369 0 -25555.47755434 0
370 0 -12942.13865879 0
371 0 -33294.68736656 0
372 0 -18214.05690860 0
373 0 -12363.10490191 0
374 1 27251.33610678 1
375 1 27106.13574225 1
376 0 -24818.60205602 0
377 0 -21672.69940444 0
378 1 5118.50118274 1
379 1 25436.61128024 1
380 1 24650.67439952 1
381 1 11174.21758458 1
382 1 17433.57973903 1
383 1 30392.37268439 1
384 0 -28255.86295135 0
385 0 -20055.47571133 0
386 1 18719.40867226 1
387 1 10541.52455647 1
388 0 -30523.04605382 0
389 0 -28020.35794792 0
390 0 -21293.88660949 0
391 0 -22010.05796559 0
392 0 -8522.14055428 0
393 1 28355.29704767 1
394 1 18802.49955532 1
395 0 -25635.63643026 0
396 1 27689.90618553 1
397 1 20016.13731806 1
398 1 18611.30510272 1
399 0 -23770.90483829 0
400 1 22559.18893999 1
401 0 -18293.22257440 0
402 0 -26768.67866381 0
403 0 -21545.99068293 0
404 1 29301.12064465 1
405 0 -28435.23467985 0
406 0 -19680.39354179 0
407 1 21663.26029524 1
408 1 28867.59104120 1
409 0 -29498.05743623 0
410 0 -27650.55158493 0
411 1 8048.53601553 1
412 0 -22956.21756309 0
413 0 -19194.74159125 0
414 0 -18730.80613132 0
415 0 -22125.86262393 0
416 0 -12467.88314898 0
417 1 20035.35412140 1
418 0 -16603.52553363 0
419 0 -13298.91186817 0
420 1 28014.65029745 1
421 1 12630.71565505 1
422 0 -23804.64152199 0
423 0 -28930.19901619 0
424 1 24199.53369958 1
425 0 -10353.13493423 0
426 0 -20442.91557706 0
427 1 18216.30548356 1
428 1 5808.36383269 1
429 0 -37511.76093660 0
430 1 15616.36973643 1
431 1 18825.24955788 1
432 0 -24035.72708773 0
433 0 -17911.41625544 0
434 1 21760.57594811 1
435 1 23098.91952700 1
436 0 -20804.58685972 0
437 1 36750.38441202 1
438 1 19788.03798131 1
439 1 29075.64646091 1
440 0 -30945.09671015 0
441 0 -16778.76145274 0
442 0 -19123.99803558 0
443 0 -10816.61054292 0
444 0 -19948.11727783 0
445 0 -24226.48980595 0
446 0 -23578.26776375 0
447 1 23764.29080117 1
448 0 -24632.48902636 0
449 1 11752.97837829 1
450 1 9629.79905653 1
451 1 26755.04759484 1
452 1 19571.06933324 1
453 0 -17404.30525336 0
454 0 -18723.27737394 0
455 1 17302.63998920 1
456 0 -2535.51859010 0
457 1 4278.50633014 1
458 0 -26484.36918332 0
459 1 27549.28729590 1
460 0 -28047.50277028 0
461 0 -26501.03467863 0
462 0 -20231.88998506 0
463 1 31174.74309315 1
464 1 23193.63999419 1
465 1 16527.89590756 1
466 1 32589.26629901 1
467 0 -26232.78239705 0
468 0 -8034.09755478 0
469 1 22301.03483044 1
470 0 -29484.31677794 0
471 1 6742.20241055 1
472 1 17792.23538279 1
473 1 18600.25718214 1
474 0 -22631.36602970 0
475 1 22284.28796433 1
476 1 30610.69271831 1
477 1 31143.61182899 1
478 0 -26816.10107103 0
479 1 20418.61621074 1
480 0 -7131.26365395 0
481 1 17855.35244918 1
482 0 -4082.90603383 0
483 1 17580.51645719 1
484 0 -30018.74954333 0
485 1 22280.34202083 1
486 0 -11728.69827057 0
487 0 -29709.14031087 0
488 0 -33957.26371409 0
489 1 -840.63941677 0
490 1 21899.00911412 1
491 0 -28758.66101330 0
492 0 -24336.27504118 0
493 0 -18902.28470278 0
494 1 33917.21305841 1
495 0 -14667.39065336 0
496 0 -19449.83021407 0
497 0 -27788.34066754 0
498 1 25641.42869988 1
499 0 -17687.58997945 0
500 1 20204.14820240 1
501 0 -10621.10399426 0
502 0 -30728.05668827 0
503 1 22117.36992554 1
504 0 -16274.39845766 0
505 1 19906.83436882 1
506 1 28422.69085168 1
507 0 -30468.76075389 0
508 1 16765.73672425 1
509 1 35072.85543464 1
510 1 30615.73607882 1
511 1 29691.56726203 1
512 0 -16956.08589101 0
513 0 -11770.93392625 0
514 1 6026.03633878 1
515 0 -27507.08252912 0
516 0 -14092.09008388 0
517 0 -14015.89365142 0
518 0 -30964.96723675 0
519 0 -23548.36652978 0
520 1 7481.54588368 1
521 0 -16708.91843253 0
522 1 10878.30447798 1
523 1 11566.85220715 1
524 1 4413.93982001 1
525 1 24353.73215525 1
526 0 -33331.57591337 0
527 1 32997.05962539 1
528 0 -19892.90274444 0
529 0 -25785.22229350 0
530 0 -24886.28227972 0
531 1 24140.32896404 1
532 1 28047.39967353 1
533 0 -22771.05616928 0
534 0 -27804.29149012 0
535 1 11395.39761048 1
536 1 15396.26306912 1
537 1 23853.28569267 1
538 0 -31639.69963779 0
539 0 -30890.39130084 0
540 1 33248.35151539 1
541 1 21166.30820155 1
542 0 -18697.19208987 0
543 1 16851.05219412 1
544 1 22690.16017824 1
545 0 -22761.53589583 0
546 1 20508.73502069 1
547 1 13393.59123091 1
548 1 19446.47902110 1
549 0 -19147.08610902 0
550 1 17621.87971502 1
551 1 30372.08603511 1
552 1 35873.45899750 1
553 0 -31098.84486790 0
554 1 30355.30675340 1
555 1 23790.32718742 1
556 1 19129.64759386 1
557 0 -20068.51788117 0
558 1 25492.23022262 1
559 0 -10872.27403451 0
560 0 -16968.10898688 0
561 1 22921.31132722 1
562 1 28653.30431424 1
563 1 38406.08253753 1
564 0 -23215.49621805 0
565 1 23453.39149405 1
566 0 -18959.44980955 0
567 0 -27498.90487532 0
568 1 19021.22630740 1
569 0 -22871.04115110 0
570 0 -20044.87319704 0
571 1 22448.61305323 1
572 1 20965.20345646 1
573 0 -23056.00198578 0
574 1 12451.00589837 1
575 1 20441.12829314 1
576 1 17453.67722963 1
577 1 22375.53167913 1
578 1 23130.71494955 1
579 1 26218.96877963 1
580 0 -16562.70196082 0
581 0 -7707.65634090 0
582 0 -20504.00532295 0
583 0 -32765.79858013 0
584 1 10481.76051447 1
585 1 21064.92982852 1
586 1 15138.73617032 1
587 1 3056.94076866 1
588 0 -34240.53756864 0
589 1 17520.50663227 1
590 1 24062.46090398 1
591 1 20390.92596017 1
592 0 -7724.06359261 0
593 1 24265.89875766 1
594 0 -23595.74180458 0
595 0 -23778.44324453 0
596 1 22302.75664005 1
597 0 -16591.68031700 0
598 0 -14113.13110246 0
599 1 28941.70156642 1
600 0 -23545.83757191 0
601 1 23664.85100430 1
602 1 19273.44889083 1
603 0 -22116.25001237 0
604 0 -23940.11619584 0
605 0 -32886.89578308 0
606 1 18522.21540105 1
607 1 29301.94447242 1
608 1 22996.58808269 1
609 0 -30119.34452131 0
610 0 -23182.21829261 0
611 1 14167.59090149 1
612 0 -17292.22500689 0
613 0 -24550.42294376 0
614 0 -21777.02594876 0
615 0 -25154.72072113 0
616 0 -24081.18375063 0
617 0 -27036.98674679 0
618 0 -30250.96995628 0
619 1 24659.76008652 1
620 1 12416.26593867 1
621 1 18422.50324460 1
622 0 -20155.21851046 0
623 1 26876.67789159 1
624 0 -15620.88622543 0
625 0 -16041.53419316 0
626 0 1080.81088530 1
627 1 23317.84178960 1
628 1 22724.01773890 1
629 0 -22642.96259111 0
630 1 17418.85001696 1
631 1 25139.43136236 1
632 1 23492.14777820 1
633 0 -19976.45026168 0
634 1 19834.40589457 1
635 0 -28020.11718668 0
636 0 -23379.31840181 0
637 1 32802.91244525 1
638 1 19256.25104626 1
639 0 -25446.55918261 0
640 1 17320.52962171 1
641 0 -22859.40147860 0
642 1 27603.79144073 1
643 1 18923.48606081 1
644 0 -20485.03752693 0
645 1 29710.58194322 1
646 1 21338.58160383 1
647 0 -23259.51970431 0
648 1 15510.95546430 1
649 1 23260.05674071 1
650 0 -14142.87407617 0
651 0 -15512.08450063 0
652 1 14692.52038687 1
653 1 20618.31044046 1
654 1 20745.25198650 1
655 0 -20254.64752754 0
656 0 -30980.54653485 0
657 0 -8272.03014701 0
658 1 26123.19818905 1
659 0 -31459.46819185 0
660 0 -16148.77343999 0
661 0 -16902.46652571 0
662 0 -27642.34269702 0
663 1 12109.98929178 1
664 0 -28431.19591906 0
665 1 28325.92223256 1
666 1 27311.54873007 1
667 0 -22439.49539086 0
668 1 25086.61393165 1
669 1 27070.16395917 1
670 1 31279.44175955 1
671 1 21836.88715488 1
672 1 13164.72473231 1
673 1 2113.15407518 1
674 1 24642.70790340 1
675 0 -17666.54437442 0
676 0 -6872.27163527 0
677 0 -24015.43642299 0
678 1 21898.86668833 1
679 1 12076.04165458 1
680 0 -32571.47666076 0
681 0 -18189.27311756 0
682 0 -37873.20651071 0
683 0 -19481.51143268 0
684 0 -28589.88814613 0
685 1 26151.38016456 1
686 1 21588.78134066 1
687 1 23917.25622676 1
688 1 27680.77916392 1
689 1 15659.14376679 1
690 1 17216.80047425 1
691 1 11657.83325589 1
692 0 -20555.46101690 0
693 0 -31055.06130656 0
694 0 -30696.93918259 0
695 0 -16158.13883541 0
696 1 23107.39048482 1
697 1 32852.65925838 1
698 1 19968.09296615 1
699 0 -18962.61201198 0
700 0 -26885.84676641 0
701 0 -24291.39869182 0
702 1 9574.93039458 1
703 0 -14140.47313041 0
704 1 10676.00213720 1
705 0 -11687.81016249 0
706 1 27587.28050937 1
707 0 -33406.62562377 0
708 1 17296.38580665 1
709 1 25328.77097437 1
710 1 15528.95144299 1
711 1 30436.73008192 1
712 0 -16652.07574654 0
713 1 13833.81760963 1
714 0 1267.34883260 1
715 1 12613.14788268 1
716 1 3962.92435652 1
717 0 -15026.17405716 0
718 1 33151.59109484 1
719 1 10979.01917392 1
720 0 10492.19888874 1
721 1 25014.37209227 1
722 1 24559.94293519 1
723 0 -17810.37930063 0
724 0 -23902.68551102 0
725 1 14285.08504007 1
726 0 -29276.96912550 0
727 0 -19004.58169584 0
728 1 18171.50867477 1
729 1 18609.50003291 1
730 0 -12657.21805783 0
731 0 -10668.83863802 0
732 1 21022.85263600 1
733 0 -18213.99424259 0
734 1 17574.70429589 1
735 0 -21345.68801454 0
736 1 30962.97268008 1
737 1 23486.94157694 1
738 0 -21699.43252197 0
739 0 -30705.42177831 0
740 0 -30720.26782656 0
741 1 27985.74259475 1
742 1 9368.84978964 1
743 1 12177.02544832 1
744 0 -25467.10680377 0
745 1 22630.38365286 1
746 1 21725.46232867 1
747 0 -28254.76748448 0
748 0 -30372.60824699 0
749 1 16247.01402219 1
750 1 24846.02871828 1
751 1 19113.63648578 1
752 0 -19959.27795947 0
753 1 15854.67529331 1
754 1 32111.26839798 1
755 0 -29494.63993194 0
756 0 -22881.18889567 0
757 1 23579.12931688 1
758 1 23508.77255685 1
759 1 7182.71564191 1
760 0 -19315.53114570 0
761 0 -21867.64901699 0
762 1 36185.78898164 1
763 1 32272.21188233 1
764 1 25325.87848685 1
765 1 4740.34820647 1
766 1 25546.04700553 1
767 1 23999.32584863 1
768 0 -23430.97592458 0
769 0 -23074.50907289 0
770 1 29899.25519128 1
771 0 -14870.79142483 0
772 1 26131.49063671 1
773 1 19606.95072208 1
774 0 -27497.35235619 0
775 1 19442.99528740 1
776 1 22327.58187761 1
777 1 27144.62332858 1
778 1 25623.10832453 1
779 0 -19816.24948372 0
780 1 16822.90737899 1
781 0 -28569.93195878 0
782 0 -18967.91641011 0
783 0 -35253.26577266 0
784 0 -17662.55690051 0
785 0 -21244.67433114 0
786 1 26539.34492889 1
787 1 20353.50837177 1
788 1 18563.39149617 1
789 1 14608.69867395 1
790 1 27090.25932820 1
791 0 -24814.75839179 0
792 0 -25457.97949160 0
793 0 -20138.76370841 0
794 0 -31779.93776348 0
795 1 7278.97664940 1
796 0 -25739.74482120 0
797 0 -24211.65798559 0
798 0 -19580.82424776 0
799 0 -22341.90014981 0
800 0 -22952.63484773 0
801 1 30458.94673571 1
802 1 24770.92474530 1
803 0 -12088.64836961 0
804 1 21536.44658087 1
805 1 33821.18917945 1
806 0 -17017.15852333 0
807 0 -30297.11011809 0
808 0 -12045.97075272 0
809 1 19869.33114880 1
810 1 25856.42442948 1
811 1 26645.78758787 1
812 0 -23952.44683881 0
813 0 -20543.92150317 0
814 1 24608.69298505 1
815 1 20665.04925902 1
816 1 22208.45806385 1
817 1 16436.47291593 1
818 0 -17851.56860726 0
819 0 -19831.23556100 0
820 1 21934.78535319 1
821 1 12012.36576962 1
822 0 -17280.47128735 0
823 0 -25717.93445933 0
824 0 -13535.20341822 0
825 1 18979.57332268 1
826 0 -24793.58691309 0
827 0 -24650.63540894 0
828 1 28409.39835303 1
829 0 -30604.25538478 0
830 0 -13566.05626778 0
831 0 -26547.05612189 0
832 1 19334.50796046 1
833 0 -27958.35441289 0
834 1 16600.98324530 1
835 0 -28646.51245343 0
836 1 32863.34510772 1
837 0 -30865.13004903 0
838 0 -15703.05864594 0
839 1 16266.66947507 1
840 0 -21433.79752546 0
841 1 24845.06432141 1
842 0 -16165.05800774 0
843 0 -31485.52106765 0
844 0 -18527.80440617 0
845 1 33376.67137703 1
846 0 -14500.97455297 0
847 1 20355.69264861 1
848 0 -31693.87628518 0
849 1 25047.24497029 1
850 0 -22312.11765060 0
851 1 29069.80652478 1
852 1 22152.67339177 1
853 0 -25929.95854553 0
854 1 21038.92998743 1
855 1 25988.00536438 1
856 1 26688.38961441 1
857 1 5237.29553037 1
858 1 24713.09359054 1
859 0 -21513.55572953 0
860 1 35208.87433787 1
861 1 33613.12143783 1
862 0 -28404.27272617 0
863 1 12968.28338252 1
864 1 20800.93130637 1
865 0 -28092.29400287 0
866 0 -26790.90631285 0
867 0 -28309.31836757 0
868 1 21924.10130236 1
869 0 -29679.15817813 0
870 1 17468.99872941 1
871 1 16728.62250655 1
872 0 -18104.54878788 0
873 1 36416.40255011 1
874 0 -12441.03393345 0
875 1 16745.19565751 1
876 1 26291.97405821 1
877 0 -25526.59722385 0
878 1 23239.71580794 1
879 1 23753.14097792 1
880 1 10160.64517255 1
881 1 23486.73323320 1
882 0 -25876.14703651 0
883 0 -27354.00171968 0
884 0 -35017.63042961 0
885 1 18515.01664471 1
886 0 -16995.24463161 0
887 1 20617.87525665 1
888 1 15555.11792853 1
889 0 -23030.05783709 0
890 1 18868.06898429 1
891 1 10240.82641234 1
892 1 29065.05629845 1
893 0 -11880.58479832 0
894 0 -30372.02929934 0
895 0 -24477.14842515 0
896 0 -16479.07677933 0
897 0 -26852.02535524 0
898 0 -13137.19562072 0
899 1 26909.70671809 1
900 1 29774.13599514 1
901 1 9100.90828515 1
902 1 27431.61053449 1
903 0 -21284.05567673 0
904 1 9904.33475766 1
905 0 -22774.12578328 0
906 1 19530.65314354 1
907 0 -13038.44594826 0
908 0 -27992.72033707 0
909 0 -13676.91151584 0
910 0 -17698.81195716 0
911 1 24078.33195878 1
912 1 11437.41561182 1
913 1 21486.43149225 1
914 0 -9657.93360723 0
915 1 20252.28682750 1
916 0 -12550.09344689 0
917 1 18265.02308696 1
918 0 -23427.09140924 0
919 1 34969.60269650 1
920 1 14326.57483567 1
921 1 14929.86263149 1
922 1 26040.44404323 1
923 1 19662.07224563 1
924 1 29080.21082158 1
925 1 30020.56359760 1
926 1 14858.35736922 1
927 1 27971.35280683 1
928 1 27917.21231329 1
929 1 21765.57370123 1
930 1 10814.63686494 1
931 1 17483.97984864 1
932 0 -23939.75641675 0
933 1 6638.80070159 1
934 0 -21724.81731675 0
935 0 -15619.34036016 0
936 1 21694.45519350 1
937 0 -22484.99113039 0
938 0 -29671.84677190 0
939 1 9547.22172103 1
940 0 -7119.03315052 0
941 0 -28901.68125389 0
942 1 -15656.99826201 0
943 0 -13408.94241913 0
944 0 -36064.66512151 0
945 1 15676.83695343 1
946 0 -13592.58404553 0
947 1 26870.91834226 1
948 0 -15700.62670716 0
949 0 -17701.05037816 0
950 0 -11191.66937999 0
951 1 23021.16684266 1
952 0 -13202.57887424 0
953 0 -28842.74357483 0
954 1 28234.75532358 1
955 1 20219.56468497 1
956 0 -15346.83285088 0
957 0 -27411.43344093 0
958 0 -14556.59844310 0
959 0 -23109.21010837 0
960 0 -24798.93945147 0
961 0 -11370.38478283 0
962 0 -22846.31641664 0
963 0 -14419.83106922 0
964 0 -20933.67425201 0
965 0 -24720.14741103 0
966 1 24224.18845767 1
967 0 -22108.65911792 0
968 0 -8807.02026200 0
969 0 -19800.37160371 0
970 0 -16693.86746533 0
971 0 -13924.72802346 0
972 0 -23393.99989123 0
973 1 18631.98028442 1
974 1 18392.69009786 1
975 1 18806.83803569 1
976 1 7699.64738826 1
977 1 23624.13124473 1
978 0 -18856.78654630 0
979 1 -1780.73355409 0
980 1 25708.35846515 1
981 1 12455.31998979 1
982 0 -21488.14836444 0
983 1 32390.96666793 1
984 0 -10025.80735054 0
985 0 -9514.56308827 0
986 1 20765.60398931 1
987 1 17615.33027348 1
988 0 -22655.41992504 0
989 1 8221.80372956 1
990 1 21729.03439643 1
991 0 -12328.56214864 0
992 1 23652.68376798 1
993 0 -18472.72381416 0
994 1 23029.03068443 1
995 1 24419.01978593 1
996 1 24311.46697027 1
997 1 28257.40150743 1
998 0 -31597.69827595 0
999 0 -30975.71298467 0
1000 1 22168.84443604 1
1001 0 -20783.78651552 0
1002 0 -17716.86849107 0
1003 1 -892.32116582 0
1004 0 -14988.87923255 0
1005 0 -33963.48660841 0
1006 1 30620.19777582 1
1007 0 -11299.61655990 0
1008 0 -16831.88536307 0
1009 1 22569.28097584 1
1010 1 20803.81904976 1
1011 1 25071.35486309 1
1012 1 28114.30577675 1
1013 1 26949.94026658 1
1014 0 -26309.45803104 0
1015 0 -14585.40855634 0
1016 0 -20543.63554211 0
1017 0 -27942.56465193 0
1018 0 -21816.78068310 0
1019 1 19891.36746385 1
1020 1 14634.04808965 1
1021 0 -23876.34720574 0
1022 1 21629.34691025 1
1023 1 24385.24215276 1
1024 1 25744.21179573 1
1025 1 14946.50338126 1
1026 1 12186.52967671 1
1027 1 27738.05363225 1
1028 0 -17176.50878728 0
1029 0 -28067.56756298 0
1030 0 -17185.91271232 0
1031 0 -26359.48141107 0
1032 0 -20212.44849462 0
1033 0 -14442.65184171 0
1034 1 25979.67135668 1
1035 0 -32583.69781554 0
1036 0 -20293.73412555 0
1037 0 -16754.30753705 0
1038 0 -16559.47335169 0
1039 0 -26334.27302416 0
1040 1 20972.44012150 1
1041 0 -21722.63493717 0
1042 1 20570.44619916 1
1043 0 -19534.65861670 0
1044 0 -9119.72200381 0
1045 0 -23090.90339551 0
1046 0 -18294.09336052 0
1047 1 19536.95825496 1
1048 1 26896.34539238 1
1049 1 10736.28341595 1
1050 1 25351.17046557 1
1051 0 -17036.70179089 0
1052 1 14234.26491171 1
1053 0 -28952.06401863 0
1054 0 -33306.55322557 0
1055 1 20126.48356916 1
1056 0 -22245.68044101 0
1057 1 21938.32175790 1
1058 0 -25091.13354190 0
1059 0 -20148.20884531 0
1060 1 28487.44380226 1
1061 1 27397.72143637 1
1062 0 -23774.78224335 0
1063 1 20708.54641329 1
1064 0 -17858.67153148 0
1065 0 -25895.09059909 0
1066 1 21382.67796785 1
1067 0 -27352.47470079 0
1068 0 -20736.04871073 0
1069 0 -22572.25122176 0
1070 1 11962.50508891 1
1071 1 25253.49337493 1
1072 1 21485.99756454 1
1073 0 -25888.71668642 0
1074 0 -28601.65921078 0
1075 1 21317.80372770 1
1076 1 10205.18900973 1
1077 1 9777.72253439 1
1078 0 -16008.93655529 0
1079 0 -15066.44735478 0
1080 1 11602.55166186 1
1081 0 -31423.98253109 0
1082 0 -20582.97443092 0
1083 0 -19680.78224238 0
1084 1 19241.54033367 1
1085 1 21004.10828933 1
1086 0 -11561.24008263 0
1087 0 -16645.01206051 0
1088 0 -17982.29909413 0
1089 1 13047.13110325 1
1090 1 26144.16018549 1
1091 1 27238.12021768 1
1092 0 -19084.42833844 0
1093 1 21377.64054350 1
1094 1 7450.43568040 1
1095 0 -29713.49547622 0
1096 1 26233.72997624 1
1097 1 25875.95475915 1
1098 1 24688.99749947 1
1099 1 34480.88861236 1
1100 0 -29334.49032715 0
1101 0 -29698.79115102 0
1102 1 14096.50428366 1
1103 0 -29420.42274602 0
1104 0 -27000.80588543 0
1105 0 -31139.99548544 0
1106 0 -20821.81435207 0
1107 1 22258.23743193 1
1108 1 25542.24724012 1
1109 1 20759.26742960 1
1110 0 -15934.79364270 0
1111 0 3411.02539401 1
1112 0 -15995.55103224 0
1113 0 -23803.92907053 0
1114 1 19428.32508537 1
1115 1 18110.96195286 1
1116 1 13117.92805734 1
1117 1 18790.54217635 1
1118 1 16568.87323086 1
1119 1 25918.94067190 1
1120 1 24688.77312344 1
1121 0 -24623.77996699 0
1122 0 -30064.58994588 0
1123 1 18294.60163227 1
1124 1 24210.96639433 1
1125 1 30470.78811275 1
1126 0 -23898.35083512 0
1127 1 24075.60637541 1
1128 0 -23434.47684943 0
1129 0 -21741.48892367 0
1130 0 -14485.54813210 0
1131 1 24121.24112334 1
1132 0 -23595.12009365 0
1133 1 -10918.79967760 0
1134 0 -3254.13855886 0
1135 0 -20677.54328022 0
1136 1 20341.85701477 1
1137 0 -17992.56375892 0
1138 1 32609.18975147 1
1139 0 -18154.05761551 0
1140 0 -18033.51108256 0
1141 1 16538.82273383 1
1142 1 17786.78229317 1
1143 1 17404.91787799 1
1144 1 25159.54400700 1
1145 1 20569.38995145 1
1146 1 5109.93358877 1
1147 1 12620.06027736 1
1148 0 -8243.34093979 0
1149 0 -16333.41478255 0
1150 0 -16415.80445392 0
1151 1 25483.07957181 1
1152 0 -15311.68597751 0
1153 1 23525.26228366 1
1154 0 -27389.81141783 0
1155 1 28426.45315636 1
1156 1 22167.22300223 1
1157 0 -21189.18315371 0
1158 1 6248.07246231 1
1159 0 -10988.69492077 0
1160 0 -24340.91649947 0
1161 0 -24547.82699593 0
1162 0 -10140.31391150 0
1163 0 -8612.68794338 0
1164 0 -19808.36509293 0
1165 1 25276.85386671 1
1166 0 -23209.07381963 0
1167 0 -22941.18989100 0
1168 0 -22861.94649720 0
1169 1 20735.26179553 1
1170 1 22982.81413775 1
1171 0 -11394.38754833 0
1172 0 -12771.25788271 0
1173 1 17704.28219979 1
1174 0 -20633.90293264 0
1175 1 16760.14980920 1
1176 1 19670.48880802 1
1177 1 18935.09136348 1
1178 0 -16876.89300652 0
1179 1 18119.30577526 1
1180 1 14694.79813979 1
1181 0 -13349.35513959 0
1182 1 27655.02668583 1
1183 1 25241.60565450 1
1184 1 18965.52288146 1
1185 0 -8151.87550957 0
1186 0 -20993.87221807 0
1187 0 -25034.43409801 0
1188 1 19380.07258938 1
1189 0 -25367.81456701 0
1190 1 16272.50254243 1
1191 1 15728.47773764 1
1192 1 15362.48710315 1
1193 0 -9587.61856697 0
1194 1 19288.64243880 1
1195 0 -20348.32945026 0
1196 0 -25366.79843790 0
1197 1 29758.67837729 1
1198 1 27973.07600890 1
1199 1 27240.56456997 1
1200 1 20891.07687729 1
1201 0 -28559.22812868 0
1202 0 -27188.81114090 0
1203 1 12331.46521334 1
1204 1 21993.87558422 1
1205 0 -19584.29424304 0
1206 0 -17472.38322523 0
1207 0 -15190.70165309 0
1208 0 -24098.26774575 0
1209 0 -18058.63544343 0
1210 0 -20184.58715520 0
1211 1 17402.45018410 1
1212 1 27195.27936642 1
1213 0 -21419.40570613 0
1214 1 24650.48987166 1
1215 0 -10889.74919894 0
1216 1 16854.92377264 1
1217 0 -22489.86584623 0
1218 1 18668.27871954 1
1219 0 -16745.96083279 0
1220 1 23189.72928621 1
1221 1 18987.41996769 1
1222 1 26534.13805255 1
1223 1 23370.08138618 1
1224 0 -21674.92744519 0
1225 1 12545.86782384 1
1226 0 -14694.83260268 0
1227 0 -27341.68139780 0
1228 0 -7831.18650443 0
1229 1 18354.78743428 1
1230 1 24534.63985059 1
1231 0 -28723.87262581 0
1232 0 -16893.39296038 0
1233 1 19487.47947965 1
1234 0 -19156.96448979 0
1235 0 -23923.86938604 0
1236 1 18107.46868855 1
1237 1 28280.09173120 1
1238 0 -25109.25742414 0
1239 0 -15579.35535569 0
1240 1 16535.48246563 1
1241 0 -18896.97378801 0
1242 1 11555.21296612 1
1243 1 25518.56302563 1
1244 1 24261.45768415 1
1245 0 -21240.27850989 0
1246 0 -20031.19166415 0
1247 0 -20708.41361177 0
1248 1 15857.53268159 1
1249 0 -5355.12218332 0
1250 1 27952.26704405 1
1251 0 -7843.88146039 0
1252 0 -14330.06789447 0
1253 0 -14979.44402242 0
1254 0 -29798.86210962 0
1255 0 -12653.37474551 0
1256 1 26047.21319281 1
1257 1 18578.79820257 1
1258 1 28829.09023233 1
1259 0 -30991.11292083 0
1260 1 25583.32444883 1
1261 0 -19239.74119616 0
1262 0 -26685.94117913 0
1263 1 16343.79778949 1
1264 0 -9336.40712194 0
1265 1 30977.75687876 1
1266 0 -20216.83744344 0
1267 0 -18707.81735393 0
1268 1 18278.03940419 1
1269 1 24674.67781829 1
1270 0 -10966.67416781 0
1271 0 -15717.24657918 0
1272 0 -26346.30073825 0
1273 1 23236.73610939 1
1274 0 -19716.91408021 0
1275 0 -16140.26407904 0
1276 0 -14591.21008768 0
1277 1 16182.28431622 1
1278 0 -17525.47169727 0
1279 1 16165.26437733 1
1280 0 -4298.49229643 0
1281 0 -14704.66636707 0
1282 1 22476.88002971 1
1283 0 -17899.89370217 0
1284 1 24459.41770197 1
1285 1 15849.11151933 1
1286 1 30683.58971213 1
1287 0 -25540.85709486 0
1288 0 -16219.80750551 0
1289 0 -33017.23724378 0
1290 0 -24285.56409824 0
1291 1 30772.62274228 1
1292 0 -16822.11342578 0
1293 0 -4481.31469998 0
1294 0 -25750.85326213 0
1295 1 27788.14447056 1
1296 1 21607.06653519 1
1297 1 22844.24638387 1
1298 0 -19836.43197890 0
1299 0 -20268.40543976 0
1300 1 24874.81631788 1
1301 0 -31857.47205953 0
1302 0 -9043.48463434 0
1303 0 -23324.03568086 0
1304 1 11473.09879405 1
1305 1 24774.38193827 1
1306 0 -19825.14530732 0
1307 1 23198.88959771 1
1308 1 22862.21010868 1
1309 1 14092.66844174 1
1310 1 26996.87075412 1
1311 1 24717.22792909 1
1312 1 19766.23554942 1
1313 1 22451.93992889 1
1314 1 26578.77323708 1
1315 1 25718.49296503 1
1316 0 -24825.89844841 0
1317 1 19560.68154695 1
1318 1 3559.84356783 1
1319 0 -16465.56809882 0
1320 1 23269.22116575 1
1321 1 26985.06258935 1
1322 0 -31474.24219272 0
1323 1 21937.30641065 1
1324 1 21074.47521311 1
1325 1 27490.47024637 1
1326 0 -12028.96104358 0
1327 1 21143.02762869 1
1328 0 -27708.96874018 0
1329 1 28195.01361861 1
1330 0 -22357.23402658 0
1331 0 -24923.70572055 0
1332 0 -15722.57108820 0
1333 0 -19613.46976376 0
1334 0 -7733.56751288 0
1335 0 -26778.74689498 0
1336 1 17308.26863282 1
1337 1 17752.60650917 1
1338 1 25272.09787293 1
1339 1 21021.57706785 1
1340 1 20017.26976030 1
1341 1 20402.00415802 1
1342 1 24288.20137297 1
1343 1 32299.29265134 1
1344 0 -19220.16656120 0
1345 0 -5044.82535524 0
1346 0 -22382.74066055 0
1347 1 8499.11182017 1
1348 1 15619.04832490 1
1349 1 22463.18891817 1
1350 0 -17776.57411753 0
1351 0 -22099.34991192 0
1352 0 -19705.98797967 0
1353 1 20241.92682698 1
1354 1 25661.46958409 1
1355 0 -21978.30127208 0
1356 1 25416.12323270 1
1357 0 -32013.25083964 0
1358 1 17604.50238605 1
1359 0 -26184.94204136 0
1360 1 32815.66488475 1
1361 1 25113.82497433 1
1362 0 -20478.77952843 0
1363 0 -26579.65655935 0
1364 1 27614.01708598 1
1365 0 -25639.16138586 0
1366 0 -20116.65630334 0
1367 0 -23036.41725110 0
1368 0 -25671.42955213 0
1369 0 -17362.72192923 0
1370 0 -9017.10373986 0
1371 1 15572.81379922 1
1372 1 15786.18083723 1
1373 1 28553.33337276 1
1374 0 -19793.17121796 0
1375 0 -25208.36161071 0
1376 1 23308.65851420 1
1377 1 19329.70644047 1
1378 0 -20904.11266156 0
1379 1 12190.25042020 1
1380 0 -27044.59018762 0
1381 1 18590.30183133 1
1382 1 23483.06839258 1
1383 0 -5505.14967464 0
1384 0 -21766.09286058 0
1385 1 20565.98215569 1
1386 0 -27917.62396171 0
1387 1 30003.15873144 1
1388 0 -32024.58331553 0
1389 1 27274.60948228 1
1390 0 -24981.77884173 0
1391 1 17416.63552648 1
1392 1 21463.04347483 1
1393 1 20967.46038940 1
1394 1 21137.05449487 1
1395 1 27240.65497439 1
1396 1 16207.01397119 1
1397 1 14488.62681494 1
1398 0 -29579.66339137 0
1399 0 -24194.85421549 0
1400 1 23230.72525532 1
1401 0 -21344.95939997 0
1402 1 26994.76609558 1
1403 0 -22810.08543597 0
1404 0 -33590.40775052 0
1405 0 -17933.78603459 0
1406 0 -17078.79495035 0
1407 1 17313.26794026 1
1408 0 -23006.77158010 0
1409 1 33437.63436825 1
1410 1 4901.06958646 1
1411 1 11299.22519607 1
1412 0 -30819.51453431 0
1413 1 21395.49211583 1
1414 1 29145.27028754 1
1415 0 -27079.56249637 0
1416 0 -27203.10897896 0
1417 1 23930.85151027 1
1418 0 -22446.49439812 0
1419 0 -25178.10406886 0
1420 1 30380.12700588 1
1421 0 -14715.77463939 0
1422 0 -17059.37224987 0
1423 0 3254.13855886 1
1424 0 -23366.93363148 0
1425 0 -27951.88692107 0
1426 1 24467.52605720 1
1427 1 23062.51960873 1
1428 1 7284.98518516 1
1429 0 -21634.29208624 0
1430 1 16062.25927043 1
1431 1 30238.95642317 1
1432 0 -23607.15941081 0
1433 0 -17522.45735513 0
1434 0 -17442.21141180 0
1435 0 -11397.04416667 0
1436 1 24436.83035713 1
1437 0 -18335.86061484 0
1438 0 -23180.82701537 0
1439 1 22440.19655254 1
1440 1 29251.83754047 1
1441 0 -20855.53620090 0
1442 0 -20015.29449444 0
1443 0 -33498.73144193 0
1444 1 11512.07633380 1
1445 1 28439.51803925 1
1446 1 27861.51687684 1
1447 0 -23210.71163208 0
1448 1 16214.07402207 1
1449 1 13571.75859355 1
1450 1 18544.28453213 1
1451 1 17035.08046063 1
1452 1 24298.97807104 1
1453 0 -28969.61305835 0
1454 1 17379.64047676 1
1455 1 26075.65502295 1
1456 1 18875.28204156 1
1457 1 31426.80319195 1
1458 0 -24403.42399336 0
1459 1 18871.66504740 1
1460 0 -19566.69254522 0
1461 1 26172.60126721 1
1462 0 -17871.13567965 0
1463 1 19043.31069143 1
1464 1 12863.81821122 1
1465 0 -17462.60835991 0
1466 1 14079.43618977 1
1467 0 -20310.78613188 0
1468 0 -26583.93337216 0
1469 1 10076.67679223 1
1470 0 -25954.62633330 0
1471 1 22496.97074579 1
1472 0 -28472.17105466 0
1473 0 -34013.79129004 0
1474 1 35052.97379013 1
1475 1 16326.64203452 1
1476 1 5853.94121634 1
1477 1 12620.76423277 1
1478 0 -28246.25968159 0
1479 0 -10317.01997803 0
1480 0 -20747.24328132 0
1481 0 -17586.68228687 0
1482 1 20654.58566518 1
1483 1 19723.33347777 1
1484 1 17726.23831474 1
1485 0 -19149.75213332 0
1486 1 15826.90805021 1
1487 0 -34463.28092847 0
1488 1 15282.97970969 1
1489 1 32005.05396894 1
1490 0 -26498.03812248 0
1491 1 23667.06714244 1
1492 1 17207.61420980 1
1493 0 -8285.70830230 0
1494 0 -20155.37817700 0
1495 0 -24936.95895676 0
1496 0 -19748.08509994 0
1497 1 27362.00430375 1
1498 1 34241.98465633 1
1499 0 -19925.87201721 0
1500 1 13112.74098823 1
1501 1 22763.62028121 1
1502 1 11667.17744499 1
1503 1 17545.96268853 1
1504 0 -21389.12169466 0
1505 1 25162.36578052 1
1506 0 -34677.83246199 0
1507 0 -28626.01135717 0
1508 1 27765.93115465 1
1509 0 -20833.20976670 0
1510 0 -18358.21884359 0
1511 0 -26144.29024728 0
1512 0 -23088.47855674 0
1513 1 28746.54062318 1
1514 0 -29886.29824816 0
1515 0 -17793.73228287 0
1516 1 20685.92877293 1
1517 0 -25647.72302141 0
1518 1 27688.57565782 1
1519 1 26279.60419566 1
1520 0 -18045.71715146 0
1521 0 -35032.91526217 0
1522 0 -25714.22155780 0
1523 1 15896.01569899 1
1524 1 20407.11926877 1
1525 1 34451.36378244 1
1526 0 -19798.78025446 0
1527 0 -15400.31581005 0
1528 0 -31898.77771271 0
1529 0 -12323.44210062 0
1530 1 20744.01662767 1
1531 1 27738.70418804 1
1532 0 -31620.55909310 0
1533 1 29832.98967959 1
1534 1 12543.26029313 1
1535 1 15642.86212070 1
1536 0 -15440.90215129 0
1537 0 -27848.27280040 0
1538 1 10924.98585247 1
1539 1 13534.48911938 1
1540 0 -13188.52208983 0
1541 0 -8192.40557858 0
1542 1 28271.89092497 1
1543 1 26393.29726186 1
1544 1 23792.41686638 1
1545 0 892.32116582 1
1546 1 18266.36434273 1
1547 0 -16838.48905551 0
1548 1 22610.08111378 1
1549 1 18664.93250917 1
1550 1 24832.20495171 1
1551 0 -26600.17935439 0
1552 1 23092.59640526 1
1553 1 16491.31980583 1
1554 0 -24296.32929018 0
1555 0 -30170.51589785 0
1556 1 27464.17948011 1
1557 1 17266.74027017 1
1558 0 -20344.82348308 0
1559 0 -18565.73361511 0
1560 1 16108.46943554 1
1561 1 25333.76555141 1
1562 1 18435.65967997 1
1563 1 16493.69087564 1
1564 0 -7288.45608758 0
1565 1 20711.28256639 1
1566 0 -17907.98747492 0
1567 1 5856.79275839 1
1568 1 29410.01450733 1
1569 0 -11915.24145400 0
1570 1 30564.80121561 1
1571 0 -25596.26867567 0
1572 0 -15015.75042807 0
1573 0 -26377.52104105 0
1574 0 -25424.98075217 0
1575 1 7137.84586179 1
1576 0 -27051.97583981 0
1577 0 -10017.14432365 0
1578 1 4446.10958709 1
1579 0 -25753.98419274 0
1580 1 24135.39936844 1
1581 0 -26185.85769957 0
1582 0 -23919.38598334 0
1583 0 -26479.05223721 0
1584 1 22464.85975882 1
1585 0 -25344.67744412 0
1586 1 33024.44375462 1
1587 1 29086.34319083 1
1588 1 26022.56307079 1
1589 0 -28862.93146180 0
1590 1 15288.43848860 1
1591 0 -26862.61843541 0
1592 1 11623.55330597 1
1593 0 -26697.49372079 0
1594 0 -28141.87091120 0
1595 0 -24189.08919285 0
1596 0 -22945.85849103 0
1597 0 -14651.39112328 0
1598 0 -34744.84200181 0
1599 1 17132.86606674 1
1600 0 -20127.55400417 0
1601 1 20424.90269442 1
1602 1 21919.35951501 1
1603 0 -24746.74251291 0
1604 1 16779.99107264 1
1605 0 -19476.84029387 0
1606 0 -9328.27859595 0
1607 1 15815.79399539 1
1608 1 24374.83626910 1
1609 0 -26084.17931125 0
1610 0 -23712.19242072 0
1611 1 35753.70202663 1
1612 0 -25896.97577457 0
1613 1 15092.91948996 1
1614 0 -23842.13276733 0
1615 0 -18207.17744884 0
1616 1 30458.89434344 1
1617 1 34507.35053057 1
1618 1 18365.18205052 1
1619 0 -31575.20988278 0
1620 0 -26979.42100007 0
1621 0 -31163.79430895 0
1622 0 -21446.37377495 0
1623 0 -21452.89773781 0
1624 1 16479.43766852 1
1625 0 -30560.00365048 0
1626 1 17740.76870519 1
1627 1 5484.01457448 1
1628 1 15083.12718400 1
1629 1 25531.94449622 1
1630 0 -7532.31772034 0
1631 0 -17966.81446212 0
1632 1 1080.81088530 1
1633 0 -19897.35940827 0
1634 1 11108.95937985 1
1635 1 26943.96363846 1
1636 1 31395.43571509 1
1637 0 -15598.46516818 0
1638 1 15925.82176649 1
1639 0 -27601.00989592 0
1640 1 23988.55737380 1
1641 0 -20959.68943623 0
1642 0 -26096.13261563 0
1643 1 29794.48360441 1
1644 0 -9084.48123245 0
1645 0 -25146.91689307 0
1646 1 20525.91869928 1
1647 1 24388.39096242 1
1648 1 27331.12605890 1
1649 1 22649.93758092 1
1650 1 29716.46802312 1
1651 1 23105.69934332 1
1652 0 -15377.95092025 0
1653 0 -24545.35802271 0
1654 1 15129.13680175 1
1655 0 -25400.45996573 0
1656 0 -25513.33381391 0
1657 0 -24445.71564043 0
1658 1 24772.48537493 1
1659 0 -12777.97310000 0
1660 0 -25500.06087090 0
1661 1 25576.26375745 1
1662 0 -30180.23552932 0
1663 1 22488.81628029 1
1664 1 24705.31703068 1
1665 0 -17504.26528095 0
1666 1 20892.65496048 1
1667 1 15092.09093713 1
1668 0 -23379.42973341 0
1669 0 -29311.31266112 0
1670 1 20781.75127230 1
1671 0 -15454.77131741 0
1672 0 -29799.20889796 0
1673 1 27676.62243275 1
1674 1 35954.22362975 1
1675 1 16814.26134160 1
1676 0 -14522.29493104 0
1677 0 -21266.68704846 0
1678 0 -7618.30785944 0
1679 1 22736.95622023 1
1680 1 18113.35446794 1
1681 1 22719.29649938 1
1682 0 -14471.29962551 0
1683 1 22636.99639478 1
1684 0 -24709.21584790 0
1685 1 22511.94777523 1
1686 0 -27814.20479727 0
1687 1 32380.48122729 1
1688 0 -24691.74031618 0
1689 1 24053.15678858 1
1690 1 18845.72102067 1
1691 0 -32445.37168694 0
1692 0 -23763.91751696 0
1693 0 -8648.73127843 0
1694 1 17172.21855605 1
1695 1 28282.32379166 1
1696 1 10094.12915621 1
1697 0 -20723.88743923 0
1698 0 -30445.84330800 0
1699 1 23422.75399577 1
1700 1 18303.79427225 1
1701 1 24714.64387078 1
1702 0 -19252.57146296 0
1703 1 22242.73186966 1
1704 0 -22139.76532219 0
1705 0 -11140.89240357 0
1706 0 -27552.54312700 0
1707 1 26830.50986642 1
1708 1 18150.68827454 1
1709 1 21199.79286922 1
1710 0 -14812.79533885 0
1711 1 16671.76192058 1
1712 1 27722.44984193 1
1713 0 -20689.64882853 0
1714 1 27783.54963675 1
1715 1 16889.24211584 1
1716 0 -27571.42669534 0
1717 0 -24448.88337525 0
1718 0 -20795.19977995 0
1719 0 -19595.46829075 0
1720 1 21488.34783592 1
1721 1 36560.45222143 1
1722 0 -9145.35167487 0
1723 1 17512.78791553 1
1724 1 16891.37923937 1
1725 0 -29167.37750092 0
1726 1 28887.51322832 1
1727 0 -21148.15818802 0
1728 0 -31515.75793929 0
1729 0 -24164.12515244 0
1730 1 15042.00721889 1
1731 1 18118.27610434 1
1732 1 24221.79847289 1
1733 0 -29642.93718722 0
1734 0 -21527.98168055 0
1735 1 14194.81657824 1
1736 0 -15524.78104710 0
1737 1 32641.23494834 1
1738 0 -28225.34585204 0
1739 1 11169.51130016 1
1740 1 22748.45070848 1
1741 0 -1037.30984020 0
1742 0 -29892.74664701 0
1743 1 19087.28710263 1
1744 0 -12031.23844780 0
1745 0 -12100.23345369 0
1746 1 29167.68190125 1
1747 0 -15282.18345077 0
1748 0 -8774.69586876 0
1749 1 25420.33319530 1
1750 1 34972.55807501 1
1751 1 25591.23790598 1
1752 0 -18974.03236085 0
1753 0 -16429.89187897 0
1754 0 -23299.01169793 0
1755 0 -27554.49626637 0
1756 1 16465.77372295 1
1757 1 18951.29130866 1
1758 1 23054.18930899 1
1759 0 -18031.37377810 0
1760 0 -15582.34357050 0
1761 0 -21177.45390933 0
1762 1 16699.66085722 1
1763 0 -28075.44054464 0
1764 1 17346.89942031 1
1765 0 -19743.05570158 0
1766 0 -32210.35387550 0
1767 1 27107.21450298 1
1768 1 19019.25471345 1
1769 1 17720.76516054 1
1770 1 30439.56060800 1
1771 1 17020.19953545 1
1772 0 -27307.96321671 0
1773 1 29638.85500585 1
1774 1 28045.26622748 1
1775 1 16713.34390925 1
1776 1 22433.26642182 1
1777 1 22727.96847771 1
1778 0 -21301.88903010 0
1779 0 -15458.44184362 0
1780 0 -26457.63014731 0
1781 0 -32623.36191704 0
1782 0 -21441.66648103 0
1783 0 -22014.38066501 0
1784 1 14498.27861748 1
1785 0 -29213.97004061 0
1786 1 13580.40579284 1
1787 0 -17475.97355273 0
1788 0 -15505.36414291 0
1789 1 16858.28633886 1
1790 1 20952.25707319 1
1791 1 29500.60861052 1
1792 0 -24731.20617188 0
1793 0 -28470.55400041 0
1794 1 23939.25416178 1
1795 0 -23067.62096047 0
1796 0 -11293.72405373 0
1797 1 18866.23414314 1
1798 0 -24386.56191996 0
1799 0 -17162.07105068 0
1800 0 -18612.52263193 0
1801 1 21323.49443252 1
1802 0 -19959.23481497 0
1803 0 -25361.06157254 0
1804 1 28576.95127266 1
1805 1 16263.64696316 1
1806 0 -25439.76019111 0
1807 1 12305.05349259 1
1808 1 20757.18709452 1
1809 0 -18634.76157268 0
1810 0 -22230.00340211 0
1811 1 20755.84478556 1
1812 1 18486.59400472 1
1813 1 23530.55351192 1
1814 1 25274.67241891 1
1815 0 -25356.68674756 0
1816 0 -28753.94793838 0
1817 1 23242.55653873 1
1818 1 23955.05248166 1
1819 0 -25570.20081057 0
1820 1 16225.86995555 1
1821 0 -26349.62760449 0
1822 1 15498.11651282 1
1823 0 -13952.51112605 0
1824 1 14822.75250716 1
1825 1 17148.24764286 1
1826 0 -14145.96378238 0
1827 1 17362.13059268 1
1828 0 -18595.99195422 0
1829 1 20900.41445791 1
1830 0 -14795.66633846 0
1831 0 -25394.90802723 0
1832 0 -27170.97012724 0
1833 0 -38139.97663451 0
1834 0 -27819.23315461 0
1835 1 -8449.15845208 0
1836 0 -20881.11499777 0
1837 0 -14872.84124488 0
1838 1 15439.76591200 1
1839 1 28832.43905317 1
1840 0 -18018.99467785 0
1841 1 27694.46290428 1
1842 1 31740.70929874 1
1843 0 -13026.12230151 0
1844 0 -23685.80426284 0
1845 1 26522.01640870 1
1846 1 34120.94633341 1
1847 0 -29595.02256515 0
1848 0 -27474.34318792 0
1849 1 30298.19247587 1
1850 0 -18893.57170560 0
1851 1 31462.15352932 1
1852 0 -15255.88477595 0
1853 1 32633.79681870 1
1854 1 20672.60709242 1
1855 1 24057.54237319 1
1856 0 -24209.67384555 0
1857 0 -19193.31099036 0
1858 1 27294.83216839 1
1859 1 18102.95733116 1
1860 1 17170.14341585 1
1861 0 -16121.46798970 0
1862 1 27806.23292126 1
1863 1 24209.11570364 1
1864 1 31575.71864593 1
1865 0 -24145.41423805 0
1866 0 -16799.61268938 0
1867 0 -13142.82864864 0
1868 0 -26165.20622445 0
1869 0 -23175.33764039 0
1870 0 -13346.83237827 0
1871 1 8633.49727302 1
1872 0 -24224.88491480 0
1873 0 -20898.66908903 0
1874 0 -19820.16368700 0
1875 1 24930.89354632 1
1876 0 -14432.24965920 0
1877 1 19229.80734429 1
1878 1 14458.89950255 1
1879 1 31787.99429486 1
1880 0 -30409.52199666 0
1881 0 -21935.84027411 0
1882 1 17219.91475244 1
1883 0 -26126.54392347 0
1884 1 15629.90085412 1
1885 1 30179.08390976 1
1886 1 21814.59018144 1
1887 1 15450.53388040 1
1888 1 13948.97120653 1
1889 1 9955.90046266 1
1890 0 -18711.84818165 0
1891 0 -26653.25975463 0
1892 0 -15337.38465590 0
1893 0 -13335.72044335 0
1894 0 -5472.15528371 0
1895 0 -11756.36937081 0
1896 1 23012.95593669 1
1897 0 -13684.89506720 0
1898 0 -26904.66028308 0
1899 0 -32287.94941248 0
1900 1 22076.60259058 1
1901 0 -8026.15451601 0
1902 0 -10742.52246135 0
1903 0 -18575.83691807 0
1904 0 -21497.14413885 0
1905 1 27024.16909907 1
1906 0 -9180.47840611 0
1907 1 5497.02270652 1
1908 0 -10345.34517127 0
1909 0 -18710.11455289 0
1910 1 23444.53257950 1
1911 1 19622.08338728 1
1912 0 -14505.30886469 0
1913 1 3956.47708855 1
1914 0 -22849.75635309 0
1915 1 25124.47733782 1
1916 1 22186.67623292 1
1917 1 25532.75345243 1
1918 0 -17002.00134215 0
1919 0 -20110.14447198 0
1920 1 23764.29772410 1
1921 1 26130.24335256 1
1922 1 23100.47363735 1
1923 1 13252.02303444 1
1924 1 26523.28685629 1
1925 1 4942.51408250 1
1926 0 -12923.04705520 0
1927 0 -23704.16415232 0
1928 0 -21879.64254507 0
1929 1 23371.18301015 1
1930 1 20510.41071941 1
1931 1 14513.30498239 1
1932 0 -23309.68859854 0
1933 1 25763.37186368 1
1934 1 29085.15718074 1
1935 1 29518.61213220 1
1936 1 20351.75764245 1
1937 0 -25629.35323876 0
1938 0 -13791.63236204 0
1939 0 -7243.31177117 0
1940 1 17540.09466400 1
1941 1 14227.77422428 1
1942 0 -17576.98713746 0
1943 1 19807.52453321 1
1944 0 -15925.99740665 0
1945 0 -26305.31404158 0
1946 1 25440.75721763 1
1947 0 -21775.52075603 0
1948 1 23615.07940834 1
1949 1 11955.38006524 1
1950 1 22163.13581331 1
1951 1 28115.53775175 1
1952 1 15982.70197252 1
1953 1 18044.90258129 1
1954 1 17390.77658004 1
1955 1 23661.78792882 1
1956 1 17059.17149238 1
1957 0 -16249.97895367 0
1958 1 26776.41004708 1
1959 1 13605.33873467 1
1960 0 -21677.49471477 0
1961 0 -21676.26126967 0
1962 1 16439.74046381 1
1963 0 -19216.89515724 0
1964 0 -14611.36660679 0
1965 0 -3914.61078896 0
1966 0 -26555.67026667 0
1967 0 -27069.52410064 0
1968 0 -24408.35915493 0
1969 0 -4194.35730687 0
1970 1 25823.24052817 1
1971 1 16588.29991404 1
1972 0 -25760.93816760 0
1973 0 -15182.34786849 0
1974 1 28352.08552381 1
1975 0 -15739.52702897 0
1976 1 27910.72498802 1
1977 0 -24276.69821690 0
1978 0 -17080.98613982 0
1979 1 21836.22531986 1
1980 0 -13821.27085849 0
1981 0 -29069.76101049 0
1982 1 15519.05691254 1
1983 0 -17100.01071851 0
1984 0 -16099.39280345 0
1985 1 37548.42232693 1
1986 0 -20215.42832262 0
1987 1 24185.53748503 1
1988 1 11673.33727095 1
1989 1 22671.15156213 1
1990 0 -9460.08388082 0
1991 1 22141.67292036 1
1992 0 -29390.39552014 0
1993 1 20094.15555658 1
1994 1 26417.38501340 1
1995 0 -25329.18521662 0
1996 1 12712.23070694 1
1997 1 40440.49538975 1
1998 0 -13087.02422915 0
1999 1 2900.55450006 1
2000 0 -6413.37547961 0
2001 0 -18879.44132331 0
2002 1 28116.04647631 1
2003 1 26559.26028826 1
2004 0 -30939.82587943 0
2005 0 -20147.93435120 0
2006 1 28869.11937105 1
2007 1 15081.26930180 1
2008 1 13312.84275285 1
2009 0 -15440.95639399 0
2010 1 16994.74353405 1
2011 0 -34422.17677660 0
2012 1 29160.74872712 1
2013 1 11623.73670780 1
2014 0 -16055.98683610 0
2015 1 33808.39962198 1
2016 0 -10462.00359746 0
2017 0 -18659.70628501 0
2018 1 25593.16729888 1
2019 1 17087.76618076 1
2020 0 -19886.14024437 0
2021 0 -16307.58087308 0
2022 0 -13232.09047935 0
2023 0 -24607.89792699 0
2024 0 -15299.73941709 0
2025 0 -24823.52512786 0
2026 0 -16182.20926671 0
2027 0 -27006.31652544 0
2028 0 -14044.52565183 0
2029 1 8843.96935784 1
2030 0 -24291.25869265 0
2031 1 5172.10338480 1
2032 1 25527.52256433 1
2033 1 30271.84411373 1
2034 0 -28700.84496103 0
2035 0 -3352.79936106 0
2036 1 14249.08261121 1
2037 1 13462.38472727 1
2038 0 -29406.98503021 0
2039 0 -24782.73218807 0
2040 0 -29346.35233517 0
2041 0 -27984.80875308 0
2042 0 -15017.15069744 0
2043 1 14630.21522601 1
2044 1 12268.70391110 1
2045 1 18246.50433197 1
2046 0 -21085.81521208 0
2047 0 -13046.18539914 0
2048 1 24706.31953473 1
2049 0 -14306.92413495 0
2050 0 -20374.52123671 0
2051 0 -24409.91173265 0
2052 1 17731.84882575 1
2053 0 -19772.12432044 0
2054 1 35796.27211025 1
2055 0 -29738.13995548 0
2056 0 -20199.52148405 0
2057 0 -14476.03022566 0
2058 1 23727.47290416 1
2059 1 15525.82057424 1
2060 1 13464.04084632 1
2061 1 21615.16649821 1
2062 1 11606.75913128 1
2063 0 -27643.87841202 0
2064 0 -18361.59955549 0
2065 1 21132.83466569 1
2066 1 14632.80530911 1
2067 0 -9657.54293191 0
2068 0 -18108.82207132 0
2069 1 28795.18822275 1
2070 0 -26371.29702912 0
2071 1 16895.86555687 1
2072 0 -20744.20818323 0
2073 1 19749.05077672 1
2074 0 -17844.07872918 0
2075 0 -23311.90195559 0
2076 1 24577.61265874 1
2077 1 27448.17679229 1
2078 0 -11085.88313139 0
2079 0 -27824.18642624 0
2080 1 18366.73803271 1
2081 1 28214.26154546 1
2082 1 24128.32527856 1
2083 0 -16487.68348195 0
2084 0 -23910.68160004 0
2085 0 -30337.82797006 0
2086 1 13134.03167237 1
2087 0 -17756.75091493 0
2088 1 19549.20437552 1
2089 0 -21773.99313867 0
2090 1 20493.15863012 1
2091 1 14398.35093538 1
2092 0 -13894.27507460 0
2093 1 12817.27362780 1
2094 1 19327.91001922 1
2095 1 28549.69879405 1
2096 1 30689.63895644 1
2097 0 2781.38481868 1
2098 1 21245.11036269 1
2099 0 -26632.73205538 0
2100 1 15300.93160709 1
2101 1 23920.32476990 1
2102 1 28502.62636728 1
2103 0 -22640.79523471 0
2104 0 -23445.00509117 0
2105 0 -20229.67010127 0
2106 1 20065.59510442 1
2107 1 18364.04882775 1
2108 1 35313.19499497 1
2109 1 14882.21848540 1
2110 0 -19653.57521773 0
2111 1 27544.42302128 1
2112 1 10811.53884349 1
2113 1 23410.29590198 1
2114 0 -17361.20137394 0
2115 0 -24243.06903257 0
2116 1 22578.64539740 1
2117 1 15443.43082972 1
2118 0 -25899.80140437 0
2119 0 -19917.28622261 0
2120 0 -25292.25389917 0
2121 1 7088.00825018 1
2122 1 21013.37582551 1
2123 0 -24880.97175077 0
2124 0 -21195.17563830 0
2125 1 21835.10612323 1
2126 0 -6814.67660375 0
2127 0 -14776.73320159 0
2128 0 -9704.46833286 0
2129 1 22981.16374808 1
2130 1 24506.02069038 1
2131 1 24534.02554534 1
2132 0 -29748.66005054 0
2133 1 19328.90666375 1
2134 0 -31452.43005494 0
2135 1 25723.35165808 1
2136 1 25709.83640955 1
2137 1 30745.93343872 1
2138 0 -10385.50909748 0
2139 0 -20634.45945746 0
2140 0 -19353.86408079 0
2141 0 -24412.54458056 0
2142 0 -27804.45970871 0
2143 0 -24684.53556891 0
2144 0 -37129.76550280 0
2145 0 -18659.11431296 0
2146 1 21851.85843712 1
2147 1 17294.72105364 1
2148 0 -25768.41440093 0
2149 0 -19472.13637592 0
2150 1 25957.17060833 1
2151 0 -24442.00233511 0
2152 1 13802.70029656 1
2153 0 -20652.88124348 0
2154 1 9665.91159112 1
2155 1 16249.47917943 1
2156 1 20663.59022517 1
2157 0 -26122.64008593 0
2158 1 32062.85375226 1
2159 1 29488.80049267 1
2160 0 -27689.72788496 0
2161 0 3261.76164039 1
2162 0 -32430.73657095 0
2163 1 29740.14830436 1
2164 1 36662.23411388 1
2165 0 -26679.34485081 0
2166 0 -37118.05823151 0
2167 1 20783.86143021 1
2168 0 -18309.64097454 0
2169 0 -27715.79656732 0
2170 1 34028.42344273 1
2171 1 22225.86402060 1
2172 0 -32747.12088439 0
2173 1 21404.08023421 1
2174 0 -22647.43222674 0
2175 0 -31450.52879820 0
2176 1 25259.38157659 1
2177 1 30319.83705764 1
2178 1 27851.18463540 1
2179 0 -28839.37889301 0
2180 1 21563.27933859 1
2181 0 -33473.95657022 0
2182 1 21380.53240243 1
2183 0 -14242.57425508 0
2184 0 -31575.52748333 0
2185 0 -30637.74695146 0
2186 1 -13931.66547934 0
2187 1 21537.89025204 1
2188 1 18091.77830262 1
2189 0 -15742.23568448 0
2190 1 2204.00996004 1
2191 0 -24508.26843035 0
2192 0 -29758.83955450 0
2193 0 -31215.24484761 0
2194 0 -22367.47930348 0
2195 1 22716.84719843 1
2196 1 10205.88371492 1
2197 1 24695.76214899 1
2198 0 -26611.75933672 0
2199 1 25789.67519654 1
2200 0 -32968.07141419 0
2201 0 -21078.88214558 0
2202 0 -15279.75022784 0
2203 1 22082.37991979 1
2204 1 12095.20201234 1
2205 1 21109.86206239 1
2206 1 27184.75423774 1
2207 1 19041.31327108 1
2208 0 -20354.95066852 0
2209 1 30555.07369044 1
2210 0 -20007.44356915 0
2211 0 -35336.54883980 0
2212 1 12475.08677304 1
2213 0 -20042.86408367 0
2214 0 -19509.57967579 0
2215 0 -28318.99767652 0
2216 0 -24873.73694211 0
2217 1 24097.81407923 1
2218 0 -26990.87719132 0
2219 1 17510.48364335 1
2220 1 17668.20299876 1
2221 0 -16707.94705868 0
2222 0 -5407.68397856 0
2223 1 27191.31127036 1
2224 1 23804.09037706 1
2225 1 17405.29439507 1
2226 1 27890.46825231 1
2227 0 -28328.35725668 0
2228 0 -26591.36098769 0
2229 1 15824.33563991 1
2230 1 30470.79913524 1
2231 0 -11981.02405701 0
2232 1 24571.56841087 1
2233 1 9585.89504539 1
2234 1 32534.99155570 1
2235 0 -15399.11034354 0
2236 0 -28250.15504533 0
2237 1 21436.41078899 1
2238 1 24433.29800953 1
2239 1 29644.86215716 1
2240 0 -32390.66108663 0
2241 1 27074.76621826 1
2242 0 -23699.79525114 0
2243 0 -23462.46315649 0
2244 0 -7312.81744436 0
2245 0 -30047.25292877 0
2246 0 -18634.81415547 0
2247 1 10312.59166521 1
2248 1 27300.83732268 1
2249 0 -23340.48540570 0
2250 1 25640.97569642 1
2251 1 32225.52663647 1
2252 1 36013.65645584 1
2253 0 -24345.66711046 0
2254 1 25084.40046535 1
2255 1 27422.47314745 1
2256 0 -14550.12390001 0
2257 0 -29796.55398942 0
2258 0 -21333.04118365 0
2259 0 -10927.46287730 0
2260 1 17396.38338091 1
2261 1 20345.45208481 1
2262 1 29214.23979311 1
2263 1 31764.06302964 1
2264 0 -33451.80258954 0
2265 1 20382.13435130 1
2266 1 26141.93829401 1
2267 0 -29147.26349566 0
2268 1 17864.05478926 1
2269 0 -26108.70081609 0
2270 0 -32619.09229218 0
2271 1 25676.49613752 1
2272 1 22063.40547036 1
2273 0 -27236.47599151 0
2274 0 -21756.15528356 0
2275 1 20688.32187493 1
2276 1 22709.58758102 1
2277 1 30178.75538527 1
2278 0 -32744.93368264 0
2279 0 -19710.48219348 0
2280 1 20373.32034249 1
2281 1 30852.36915385 1
2282 1 17562.11273963 1
2283 0 -33929.73322899 0
2284 1 25309.07422286 1
2285 1 23975.53542318 1
2286 0 -22700.66663334 0
2287 1 21868.48893228 1
2288 1 20720.86746120 1
2289 0 -18885.29806037 0
2290 0 -36343.03115574 0
2291 1 22364.39708715 1
2292 0 -27868.93970021 0
2293 0 -31453.97656794 0
2294 0 -23451.04918581 0
2295 0 -18050.58784766 0
2296 1 27170.81489819 1
2297 1 22820.60232645 1
2298 0 -25165.27565726 0
2299 0 -17880.80688216 0
2300 1 22569.84665532 1
2301 0 -18706.74530134 0
2302 0 -9173.30267610 0
2303 1 18325.17038028 1
2304 0 -20951.17879292 0
2305 0 -23337.47030674 0
2306 1 17327.39990783 1
2307 1 22363.39912598 1
2308 1 32198.43320413 1
2309 1 28309.17990740 1
2310 0 -26131.04100728 0
2311 1 25214.95392293 1
2312 0 -31361.65910612 0
2313 0 -20401.65537191 0
2314 0 -25057.11957822 0
2315 0 -26299.60223988 0
2316 1 22222.01570249 1
2317 1 15253.79883377 1
2318 1 25658.88054784 1
2319 1 19255.80424436 1
2320 1 14558.91896195 1
2321 0 -23165.96981018 0
2322 1 23983.34955204 1
2323 1 28476.37024931 1
2324 1 26051.22416025 1
2325 1 27741.21741937 1
2326 1 10336.01285836 1
2327 1 17461.96693678 1
2328 1 19037.69350549 1
2329 1 37029.17250302 1
2330 0 -18371.15459942 0
2331 0 -28052.87658545 0
2332 1 20438.62488174 1
2333 1 15855.96781839 1
2334 0 -22082.28678350 0
2335 0 -28801.79883164 0
2336 0 -19228.96022861 0
2337 0 -27780.42661023 0
2338 0 -10709.99246779 0
2339 1 24024.58370277 1
2340 0 -23831.38313571 0
2341 0 -17800.12574429 0
2342 1 16668.55282530 1
2343 1 33083.13430600 1
2344 0 -14982.85689321 0
2345 1 32631.70479360 1
2346 0 -21827.45291930 0
2347 1 32110.17516998 1
2348 0 -24518.44456808 0
2349 1 15896.73118307 1
2350 0 -16512.66327633 0
2351 1 24365.75553877 1
2352 1 19710.34463676 1
2353 1 30587.40535888 1
2354 0 -24049.75890648 0
2355 1 27440.53893231 1
2356 1 23687.97458373 1
2357 0 -17186.52721001 0
2358 0 -27125.56634401 0
2359 1 34375.77122904 1
2360 0 -35190.94663143 0
2361 0 -32373.52531695 0
2362 1 27116.71181841 1
2363 0 -20008.97229377 0
2364 1 31176.42507879 1
2365 0 -18116.95806340 0
2366 0 -34903.97776521 0
2367 0 -25699.01024769 0
2368 0 -27400.05310618 0
2369 1 25518.59398494 1
2370 0 -28891.80796532 0
2371 0 -25119.33446338 0
2372 0 -19864.40500573 0
2373 0 -22405.72043407 0
2374 1 18359.42980547 1
2375 1 30604.35305781 1
2376 1 18406.48884383 1
2377 1 15293.81051474 1
2378 1 26567.24122050 1
2379 0 -23619.18606752 0
2380 0 -15135.84931872 0
2381 0 -25678.87872378 0
2382 1 31327.41280159 1
2383 1 20750.36710066 1
2384 1 19925.08226164 1
2385 0 -12809.64060650 0
2386 0 -2651.71102215 0
2387 0 -22157.76535285 0
2388 1 20341.05971505 1
2389 1 32704.52256594 1
2390 1 14222.31299932 1
2391 1 24114.13004455 1
2392 1 39044.03517823 1
2393 0 -23418.05221773 0
2394 0 -29873.19574638 0
2395 1 30636.41187582 1
2396 0 -27624.97493734 0
2397 1 9913.64215054 1
2398 1 18439.70572711 1
2399 1 15724.70750190 1
2400 1 25621.26124438 1
2401 1 20047.35691479 1
2402 1 13146.72429597 1
2403 1 16597.22441486 1
2404 0 -24650.91263403 0
2405 1 31016.73382378 1
2406 0 -30053.42174699 0
2407 1 27689.27966773 1
2408 1 13522.60209798 1
2409 1 22417.89124377 1
2410 0 -11079.13426572 0
2411 0 -24828.93055091 0
2412 1 892.32116582 1
2413 0 -7051.43954179 0
2414 1 15921.01239175 1
2415 0 -16596.52414289 0
2416 0 -17522.82675541 0
2417 1 18518.28556847 1
2418 0 -27399.30304972 0
2419 0 -17859.60074421 0
2420 0 -35510.06095196 0
2421 0 -21403.31290754 0
2422 0 -23796.89592997 0
2423 0 -20300.21005282 0
2424 0 -26325.83284805 0
2425 0 -26728.03440541 0
2426 1 14677.29872737 1
2427 0 -35939.01947477 0
2428 0 -12187.01342484 0
2429 0 -15974.41721385 0
2430 1 23619.43535701 1
2431 0 -10468.70528103 0
2432 0 -20502.48465957 0
2433 1 25295.08928332 1
2434 0 -17656.15515176 0
2435 1 17915.34256819 1
2436 1 24409.22428632 1
2437 0 -30187.23361960 0
2438 0 -33049.76412839 0
2439 0 -21386.03047585 0
2440 0 -18693.53160509 0
2441 1 34038.08659732 1
2442 1 19066.02060268 1
2443 1 13881.16677344 1
2444 0 15299.06252362 1
2445 1 26475.83368293 1
2446 0 -22851.31880267 0
2447 1 9834.19390693 1
2448 0 -32013.11466836 0
2449 1 14798.23553692 1
2450 1 15079.21452145 1
2451 1 27425.85532036 1
2452 1 23889.76102386 1
2453 0 -32766.27204923 0
2454 1 5413.33709669 1
2455 0 -9172.32890412 0
2456 0 -16031.63019100 0
2457 1 31172.90907979 1
2458 1 22708.45504805 1
2459 1 19051.77978042 1
2460 0 -11953.64235857 0
2461 1 14157.28189974 1
2462 0 -25240.08131084 0
2463 1 16372.42468869 1
2464 0 -25261.02733286 0
2465 0 -14020.75237597 0
2466 0 -17306.47224200 0
2467 1 28412.42033302 1
2468 1 10099.99922393 1
2469 1 26447.49444489 1
2470 0 -27023.00462050 0
2471 0 -29644.36932039 0
2472 0 -29748.58082065 0
2473 0 -10360.86335137 0
2474 1 20562.17340881 1
2475 1 30386.50819633 1
2476 1 26908.51221558 1
2477 0 -23580.86010076 0
2478 0 -30520.06033849 0
2479 0 -33053.67318832 0
2480 1 17762.49393872 1
2481 1 20576.28048706 1
2482 1 12320.53431006 1
2483 0 -23246.30492319 0
2484 1 23386.92024026 1
2485 1 22455.72733916 1
2486 0 -25424.53650069 0
2487 1 29866.57420286 1
2488 1 19619.36807685 1
2489 0 -3182.42368435 0
2490 1 32553.09165605 1
2491 0 -14983.18345183 0
2492 1 30995.26860904 1
2493 1 18175.54345689 1
2494 0 -26777.28830989 0
2495 0 -24369.96135878 0
2496 0 -31576.14575611 0
2497 0 -13789.05544323 0
2498 0 -34289.63020592 0
2499 0 -30576.30710950 0
2500 0 -28525.53426061 0
2501 0 -22716.13816695 0
2502 0 -22529.73225817 0
2503 0 -26112.93321033 0
2504 1 24721.51550622 1
2505 0 -24354.98146954 0
2506 0 -26795.52382994 0
2507 1 23435.73335520 1
2508 0 -27439.95375607 0
2509 0 -26475.29578237 0
2510 1 27016.74287209 1
2511 0 -30263.39933928 0
2512 1 31138.53746829 1
2513 1 27512.17269016 1
2514 1 28732.21564000 1
2515 1 24308.86384541 1
2516 0 -21951.81239659 0
2517 1 28095.85354395 1
2518 1 25454.12059415 1
2519 1 10027.79160797 1
2520 1 2467.14087179 1
2521 0 -28358.46236184 0
2522 1 18909.81524641 1
2523 1 28967.38080962 1
2524 0 -26873.25403964 0
2525 0 -15045.85892330 0
2526 1 19640.01280951 1
2527 1 15913.79497676 1
2528 0 -23118.26302935 0
2529 1 32457.33693979 1
2530 1 35512.27714802 1
2531 1 26535.63177185 1
2532 1 21081.82268479 1
2533 1 22205.81034981 1
2534 1 20329.39599806 1
2535 0 -13627.22915877 0
2536 1 21277.66088175 1
2537 0 -14016.20900264 0
2538 0 -17991.18030806 0
2539 0 -21435.49154347 0
2540 0 -21471.33475451 0
2541 1 29073.64370038 1
2542 0 -18094.60591182 0
2543 1 26699.88644055 1
2544 0 -21969.87156446 0
2545 0 -27490.01830241 0
2546 1 14942.20915987 1
2547 1 9761.58262437 1
2548 0 -24310.61474250 0
2549 0 -22371.71387849 0
2550 0 -34762.81592071 0
2551 1 18884.88607052 1
2552 1 28923.11317667 1
2553 1 26109.42134392 1
2554 1 14356.97110942 1
2555 1 14241.87092250 1
2556 0 -25189.24300237 0
2557 1 17036.67781205 1
2558 0 -17686.61635911 0
2559 1 29038.43665994 1
2560 0 -25056.90912956 0
2561 1 16864.75220206 1
2562 1 21266.05365546 1
2563 1 29491.21081210 1
2564 0 -16058.22724783 0
2565 1 27053.38605910 1
2566 1 25289.35639523 1
2567 1 26684.78107824 1
2568 1 28616.54230522 1
2569 1 30425.71826796 1
2570 0 -11803.59520303 0
2571 1 33378.16917120 1
2572 1 16025.11964977 1
2573 1 29111.62135150 1
2574 1 23112.11852242 1
2575 0 -28675.33661817 0
2576 1 14944.63703387 1
2577 1 26751.60591190 1
2578 1 28101.69056094 1
2579 0 -24138.41143255 0
2580 1 24300.32762435 1
2581 1 19922.20013856 1
2582 0 -27619.37826366 0
2583 0 -25470.57052582 0
2584 0 -35657.75125342 0
2585 0 -20415.91905649 0
2586 0 -13601.59513470 0
2587 1 -3339.06466471 0
2588 0 -24942.66334515 0
2589 0 -29582.47643841 0
2590 1 19251.93571441 1
2591 1 31506.73356358 1
2592 1 34732.63818060 1
2593 0 -20149.42587110 0
2594 1 20807.51796222 1
2595 1 25785.29463349 1
2596 1 34427.84337096 1
2597 0 -9548.19424905 0
2598 0 -16976.30299542 0
2599 1 21620.17242295 1
2600 0 -27789.24192012 0
2601 1 28042.93194830 1
2602 0 -21225.62228883 0
2603 1 22491.34443519 1
2604 1 14082.25063341 1
2605 0 -33402.50805325 0
2606 1 27489.97441926 1
2607 0 -21716.32956486 0
2608 1 27961.83889628 1
2609 0 -18991.43262142 0
2610 1 1780.73355409 1
2611 1 19445.51230986 1
2612 1 15568.85279822 1
2613 1 25630.81787536 1
2614 1 9818.01004828 1
2615 0 -25195.10223974 0
2616 1 28386.31844380 1
2617 0 -8604.62327273 0
2618 1 20005.58922946 1
2619 1 22451.90790503 1
2620 0 -22385.15061130 0
2621 1 30381.74566670 1
2622 0 -33249.84842413 0
2623 0 -20649.49248274 0
2624 0 -21603.14262435 0
2625 1 21895.50941975 1
2626 1 26438.64436400 1
2627 0 -20746.26318912 0
2628 0 -33958.58056497 0
2629 1 27107.20513831 1
2630 0 -28468.79460088 0
2631 1 20278.38277973 1
2632 0 -16403.41204205 0
2633 0 -15808.53062159 0
2634 0 -22746.29893806 0
2635 0 -16387.63302027 0
2636 1 21501.01397045 1
2637 0 -26896.70526051 0
2638 1 16806.32676124 1
2639 1 23226.16795098 1
2640 1 21185.85815909 1
2641 0 -22521.69537772 0
2642 1 29586.40354353 1
2643 1 25270.24541914 1
2644 1 25210.60352375 1
2645 0 -18504.26633654 0
2646 1 16056.97218978 1
2647 0 -23271.49998508 0
2648 1 13912.49537663 1
2649 1 25634.81959236 1
2650 0 -19781.05428359 0
2651 1 16248.95642671 1
2652 0 -20058.89025380 0
2653 1 26895.61823654 1
2654 1 12897.84838430 1
2655 0 -30240.55989149 0
2656 1 12706.94065338 1
2657 0 -29367.85652823 0
2658 0 -18639.78809307 0
2659 1 30062.53610972 1
2660 1 33843.64170088 1
2661 0 -9897.23535426 0
2662 1 24057.34601835 1
2663 0 -19374.77876493 0
2664 1 19575.39784420 1
2665 1 28454.10912061 1
2666 0 -28497.57125626 0
2667 1 31896.91258900 1
2668 0 -26007.61395836 0
2669 0 -21696.75144358 0
2670 1 23105.92423710 1
2671 0 -34518.81445026 0
2672 0 -21192.93515293 0
2673 0 -17167.03883718 0
2674 0 -21079.57218010 0
2675 0 -20457.45673850 0
2676 1 11253.04061550 1
2677 1 21823.94983000 1
2678 0 -25940.70111654 0
2679 1 22503.94278407 1
2680 0 -33528.72781638 0
2681 0 -26381.59146891 0
2682 0 -7718.45381637 0
2683 0 -26554.02730477 0
2684 1 30817.34771746 1
2685 1 18066.10249763 1
2686 0 -29981.00734655 0
2687 1 23060.12064904 1
2688 0 -18384.20348721 0
2689 0 -22675.67130743 0
2690 0 -21002.32780566 0
2691 1 17263.73374798 1
2692 1 21960.38319874 1
2693 1 26220.53716514 1
2694 1 24308.80463054 1
2695 0 -29110.18233163 0
2696 0 -23937.23789368 0
2697 0 -21002.93887875 0
2698 1 25506.77143609 1
2699 0 -16459.56820041 0
2700 1 26498.56019468 1
2701 1 23510.39111234 1
2702 0 -17757.13491660 0
2703 1 12050.54864235 1
2704 0 -19911.50982315 0
2705 0 -20999.65717509 0
2706 0 -22953.26370405 0
2707 1 22574.80584168 1
2708 1 32893.04574217 1
2709 0 -18288.91881639 0
2710 1 18084.75868100 1
2711 0 -23227.51034350 0
2712 1 31704.42058338 1
2713 1 23561.45030161 1
2714 1 29256.32717641 1
2715 1 13073.41721027 1
2716 0 -3684.25528612 0
2717 0 -31752.47245160 0
2718 0 -25840.64805368 0
2719 1 24045.92555185 1
2720 1 24303.05409444 1
2721 0 -15519.36456296 0
2722 1 23473.66177029 1
2723 0 -19015.90085356 0
2724 0 -23332.33032308 0
2725 1 8605.04159069 1
2726 0 -29922.30150440 0
2727 1 24434.43745482 1
2728 1 13876.86884491 1
2729 0 -29435.29404218 0
2730 0 -34895.64688542 0
2731 1 17647.38053555 1
2732 1 24481.81274135 1
2733 1 17915.18739938 1
2734 1 20136.70452785 1
2735 1 20728.43609010 1
2736 1 18430.01451613 1
2737 0 -7411.60299459 0
2738 1 13794.50562166 1
2739 0 -24595.04923928 0
2740 0 -13780.46858331 0
2741 0 -33549.49617037 0
2742 1 5250.72909122 1
2743 0 -16475.40861001 0
2744 1 19183.15155124 1
2745 0 -21500.85906482 0
2746 1 27430.88588113 1
2747 0 -31810.66454647 0
2748 0 -15358.75028532 0
2749 1 14803.15930803 1
2750 0 -22321.92817792 0
2751 1 15937.99871438 1
2752 0 -30112.30640620 0
2753 0 -20386.07446122 0
2754 1 16294.54973438 1
2755 0 -23977.53705707 0
2756 1 31035.72209363 1
2757 1 27750.01704687 1
2758 0 -30194.65218619 0
2759 1 31295.64134730 1
2760 1 29288.71335944 1
2761 0 -17319.40806043 0
2762 0 -20074.45583549 0
2763 1 16630.58416680 1
2764 1 27744.38166565 1
2765 0 -20836.91662048 0
2766 1 12085.01510618 1
2767 1 19028.25668175 1
2768 0 -25213.22711865 0
2769 0 -18217.80720851 0
2770 1 20541.42394232 1
2771 1 33848.87722143 1
2772 0 -30640.63271565 0
2773 1 23606.06471579 1
2774 0 -21605.55213827 0
2775 0 -20366.47902596 0
2776 0 -19526.91362600 0
2777 0 -12362.66770275 0
2778 1 21569.81882576 1
2779 0 -18965.53926793 0
2780 0 -16392.59574340 0
2781 1 17700.33544727 1
2782 1 26643.98049580 1
2783 1 22681.04924332 1
2784 0 -29889.88913892 0
2785 1 19212.77981514 1
2786 1 21570.46819499 1
2787 0 -20213.96353220 0
2788 0 -19304.97831306 0
2789 0 -17420.46636318 0
2790 0 -15649.88682649 0
2791 0 -24754.97529862 0
2792 1 8234.61047748 1
2793 1 11916.18605973 1
2794 1 12592.98539305 1
2795 0 -21228.30092065 0
2796 1 23163.63537210 1
2797 1 12283.27824242 1
2798 0 -23171.32443709 0
2799 0 -28148.68439656 0
2800 1 25864.60129538 1
2801 1 30678.11446062 1
2802 1 22407.10778317 1
2803 1 23090.04930427 1
2804 0 -10483.42729235 0
2805 1 22203.49451782 1
2806 0 -10704.77437542 0
2807 1 8254.45845694 1
2808 0 -26164.59616689 0
2809 1 19418.43827454 1
2810 1 24089.62588209 1
2811 0 -21959.76494549 0
2812 0 -20383.15966516 0
2813 0 -34912.24300138 0
2814 1 26067.88451799 1
2815 1 27457.66752780 1
2816 0 -17367.35390799 0
2817 0 -24350.67059179 0
2818 1 12558.51848405 1
2819 1 28609.99348943 1
2820 0 -16278.24771426 0
2821 1 26314.04168967 1
2822 1 30416.03872608 1
2823 0 -23765.37144508 0
2824 1 27855.35389037 1
2825 0 -19390.19556104 0
2826 0 -31356.55522331 0
2827 0 -28795.19246067 0
2828 1 21296.84354811 1
2829 0 -27731.38191433 0
2830 0 -24965.59256819 0
2831 0 -15516.37196052 0
2832 0 -840.63941677 0
2833 0 -29075.81814197 0
2834 0 -12463.45583116 0
2835 1 29675.48876323 1
2836 0 -16177.33842982 0
2837 0 -6951.99718913 0
2838 0 -22730.52136130 0
2839 1 10919.17110715 1
2840 1 18939.42165680 1
2841 1 21466.89285529 1
2842 1 32001.17262202 1
2843 0 -12530.45700452 0
2844 0 -26345.68638015 0
2845 1 23926.23331742 1
2846 1 18661.85010522 1
2847 0 -17364.92457900 0
2848 0 -25541.26261594 0
2849 1 26146.46458621 1
2850 0 -23766.45690011 0
2851 0 -22005.06243478 0
2852 0 -34661.78019348 0
2853 1 18113.45873390 1
2854 0 -18894.24649322 0
2855 0 -26809.65800618 0
2856 0 -28514.98836807 0
2857 1 22354.50218565 1
2858 1 8522.30549240 1
2859 0 -30765.98019710 0
2860 0 -33746.08636096 0
2861 0 -29793.03217435 0
2862 0 -21092.64182452 0
2863 1 23826.16149449 1
2864 1 20619.22966907 1
2865 1 25717.13097922 1
2866 1 22570.52888313 1
2867 0 -25623.96410024 0
2868 1 33675.50571640 1
2869 0 -27207.82658231 0
2870 1 18152.37054345 1
2871 1 20263.48665373 1
2872 0 -24156.72581117 0
2873 0 -11886.17611813 0
2874 1 16970.90801804 1
2875 0 -15938.16122679 0
2876 0 -29938.69265286 0
2877 1 18663.66764863 1
2878 1 20140.90607006 1
2879 0 -23350.24154374 0
2880 0 -30246.75026329 0
2881 0 -24709.17629418 0
2882 1 21108.48939811 1
2883 1 16541.83758552 1
2884 1 24542.97156366 1
2885 0 -27550.57857583 0
2886 0 -14828.90389294 0
2887 1 17584.68304283 1
2888 0 -7733.56751288 0
2889 0 -18086.08554923 0
2890 1 33193.03693986 1
2891 0 -15531.95650226 0
2892 0 -17892.84292622 0
2893 0 -16396.02610331 0
2894 1 19533.14951695 1
2895 0 -25235.65206629 0
2896 0 -17305.72031005 0
2897 1 22382.52413618 1
2898 0 -15197.62633466 0
2899 0 -21550.93378151 0
2900 0 -25299.57773600 0
2901 0 -23224.91299514 0
2902 1 32136.62812525 1
2903 0 -19312.59436138 0
2904 0 -23282.78613997 0
2905 1 20626.67667025 1
2906 0 -14222.38362804 0
2907 1 17635.36867396 1
2908 1 23687.62761155 1
2909 0 -19442.96220764 0
2910 0 -21319.52574904 0
2911 1 23374.42844358 1
2912 1 13569.58841100 1
2913 1 24146.93065183 1
2914 1 23044.22412115 1
2915 1 22743.59072844 1
2916 1 27020.25795407 1
2917 1 22497.87698186 1
2918 0 -30549.12828748 0
2919 0 -16841.22872875 0
2920 0 -17474.26215474 0
2921 0 -14811.37435707 0
2922 0 -19021.83307547 0
2923 1 26688.72647311 1
2924 0 -17069.95333619 0
2925 0 -15280.70214638 0
2926 1 28734.64633949 1
2927 1 30295.50295676 1
2928 1 12990.07494702 1
2929 1 21073.82795914 1
2930 0 -9114.77233718 0
2931 1 24156.15611331 1
2932 1 16407.60307841 1
2933 1 6625.79239398 1
2934 0 -18912.34695471 0
2935 1 13607.02297979 1
2936 0 -17700.99139293 0
2937 0 -11944.26931317 0
2938 1 20538.94078209 1
2939 1 9515.55054289 1
2940 0 -18107.55965017 0
2941 0 -22138.14548630 0
2942 0 -24503.78551357 0
2943 1 24900.74711916 1
2944 1 22648.53558193 1
2945 0 -7561.70998111 0
2946 1 22396.10586128 1
2947 0 -39482.97967231 0
2948 0 -14930.42055006 0
2949 1 10946.75608658 1
2950 1 22100.05341551 1
2951 0 -20030.00255544 0
2952 0 -27941.23536602 0
2953 1 15302.34350353 1
2954 1 31187.06508569 1
2955 1 682.37260086 1
2956 0 -35573.72429118 0
2957 1 16811.41356255 1
2958 0 -29409.14268252 0
2959 1 26975.61462229 1
2960 1 13622.52209412 1
2961 0 -12635.94281285 0
2962 1 10967.76454564 1
2963 1 10465.87845862 1
2964 0 -16305.51340437 0
2965 0 -26544.15018331 0
2966 0 -27509.92226563 0
2967 1 21256.73278102 1
2968 1 24825.32167492 1
2969 0 -18853.02141420 0
2970 1 27118.69234262 1
2971 1 16090.45425474 1
2972 1 27344.08832727 1
2973 0 -28925.18333543 0
2974 0 -27628.99031255 0
2975 0 -21812.29957034 0
2976 0 -17451.38554337 0
2977 0 -26656.98620729 0
2978 1 14151.99068683 1
2979 0 -8106.69722309 0
2980 1 16729.16042831 1
2981 0 -21027.68401307 0
2982 1 26682.49961113 1
2983 1 26851.10224685 1
2984 0 -24451.63333182 0
2985 1 16993.53050165 1
2986 0 -27437.36109701 0
2987 1 28844.11280479 1
2988 1 19360.13647637 1
2989 1 28019.37401304 1
2990 1 35614.24210419 1
2991 0 -9049.69889859 0
2992 1 24658.31078447 1
2993 1 26002.76971918 1
2994 1 15577.17301159 1
2995 1 20505.55116075 1
2996 1 27073.13112494 1
2997 0 -20087.82418579 0
2998 0 -20794.80955216 0
2999 1 14759.68710512 1
3000 1 22110.32742021 1
3001 0 -23392.95318131 0
3002 0 -17751.62068196 0
3003 1 28270.03860957 1
3004 0 -10038.37088509 0
3005 1 17395.86932885 1
3006 0 -27240.50693481 0
3007 1 13526.55868014 1
3008 1 24869.74322988 1
3009 0 -10750.66887936 0
3010 1 23613.72614527 1
3011 0 -24527.79100961 0
3012 1 18091.42536508 1
3013 1 26317.88352244 1
3014 1 26158.06130975 1
3015 1 12156.01148383 1
3016 0 -20238.44342309 0
3017 0 -18531.20428022 0
3018 0 -21755.58906578 0
3019 1 28639.47849315 1
3020 1 16313.74420137 1
3021 1 34362.01445352 1
3022 1 22839.89964901 1
3023 0 -19862.60118887 0
3024 0 -27092.97184229 0
3025 0 -26310.33886396 0
3026 0 -27276.55569431 0
3027 0 -17320.45199600 0
3028 0 -31754.61626712 0
3029 1 32816.13907426 1
3030 1 16638.21123733 1
3031 1 35764.86418756 1
3032 0 -24986.97192958 0
3033 1 23845.00705312 1
3034 1 34689.01400445 1
3035 0 -25002.77214157 0
3036 0 -26030.18035749 0
3037 1 13618.91814454 1
3038 1 17999.63008248 1
3039 0 -21215.21801356 0
3040 1 4903.91989553 1
3041 1 20647.49565098 1
3042 1 23462.79757069 1
3043 1 16805.66647915 1
3044 1 29364.19353698 1
3045 0 -23003.36462060 0
3046 1 25053.19326736 1
3047 0 -13859.78658593 0
3048 0 5120.72588576 1
3049 0 -24421.35947172 0
3050 0 -32975.29998074 0
3051 0 -24697.62297815 0
3052 1 26580.70948954 1
3053 0 -17803.26373617 0
3054 1 21529.77428156 1
3055 1 18447.99371032 1
3056 1 31173.90603869 1
3057 1 30563.26795202 1
3058 0 -5544.13944319 0
3059 0 -20313.14555824 0
3060 0 -32296.47583312 0
3061 0 -33921.91394510 0
3062 0 -25470.49296801 0
3063 0 -22762.16947344 0
3064 0 -17100.66176172 0
3065 0 -28880.61059298 0
3066 1 21358.64468650 1
3067 1 18923.65256756 1
3068 1 25653.15015645 1
3069 0 -11745.62032039 0
3070 0 -21225.75032176 0
3071 1 17797.31968757 1
3072 0 -17610.86811204 0
3073 1 20579.08248984 1
3074 1 14799.09552617 1
3075 1 18716.26304014 1
3076 0 -27065.51797091 0
3077 1 11349.05459751 1
3078 0 -22830.02204570 0
3079 0 -17736.62376211 0
3080 0 -30370.66839790 0
3081 0 -33577.02462246 0
3082 0 -27097.91897777 0
3083 1 19067.53553804 1
3084 1 22699.39761308 1
3085 1 28469.63358789 1
3086 1 26706.22183102 1
3087 1 23484.37765318 1
3088 1 19370.62783312 1
3089 1 19260.24980198 1
3090 1 23959.93507932 1
3091 0 -28658.99467537 0
3092 1 17413.00497065 1
3093 0 -24972.43369547 0
3094 0 -11685.12905372 0
3095 0 -18253.94380877 0
3096 1 25550.83207141 1
3097 0 -24871.01258685 0
3098 1 21541.48454545 1
3099 0 -25842.06684789 0
3100 1 12355.60156314 1
3101 1 24198.14275856 1
3102 0 -28888.21932458 0
3103 0 -25521.62528027 0
3104 0 -23314.89281107 0
3105 1 18592.82688521 1
3106 1 20492.92675116 1
3107 0 -14304.20420007 0
3108 1 22561.52157888 1
3109 0 -28337.65167969 0
3110 1 12768.43994940 1
3111 1 26992.38444171 1
3112 0 -24468.56104727 0
3113 0 -23651.75020518 0
3114 0 -25648.05011011 0
3115 0 -25241.66374258 0
3116 0 -23810.43343559 0
3117 1 29678.79709883 1
3118 1 14440.50420658 1
3119 1 30783.32475532 1
3120 1 21294.81170498 1
3121 0 -11716.26578643 0
3122 1 23289.50088395 1
3123 1 15035.40972999 1
3124 0 -20815.08319456 0
3125 0 -20861.57117186 0
3126 1 17677.93942682 1
3127 0 -26389.90895982 0
3128 0 -29433.43060301 0
3129 1 19561.00943417 1
3130 0 -24195.80417180 0
3131 1 13984.22806944 1
3132 1 21571.11744274 1
3133 0 -17283.50148743 0
3134 0 4263.85420509 1
3135 1 18186.84708669 1
3136 0 -18524.34240581 0
3137 1 23506.84248571 1
3138 0 -18771.81812160 0
3139 0 -34681.27551606 0
3140 1 25948.57842845 1
3141 1 22725.93286414 1
3142 0 -16935.07969272 0
3143 1 17866.92570508 1
3144 1 29214.33763987 1
3145 0 -22221.78814012 0
3146 0 -23348.90339284 0
3147 0 -24383.31680624 0
3148 0 -29998.58806059 0
3149 0 -27876.10820768 0
3150 0 -29875.71487780 0
3151 0 -3272.96731878 0
3152 0 -23928.67679471 0
3153 1 15326.95072786 1
3154 0 -20734.18830564 0
3155 1 22375.35451106 1
3156 1 21513.58603108 1
3157 0 -28894.96266646 0
3158 0 -15187.29564964 0
3159 0 -19471.92817422 0
3160 0 4161.75909239 1
3161 0 -29682.51009702 0
3162 1 10048.06799396 1
3163 0 -18781.76127519 0
3164 0 -26462.87042503 0
3165 0 -16275.76912838 0
3166 0 -25775.55852218 0
3167 1 12840.04616405 1
3168 1 17978.95787165 1
3169 1 35796.26755709 1
3170 0 -17964.37667296 0
3171 1 28410.11070502 1
3172 0 -25411.50943239 0
3173 1 32996.87151106 1
3174 0 -26897.66143528 0
3175 1 22013.13181244 1
3176 1 17257.81566266 1
3177 1 25471.46544710 1
3178 1 20912.71978052 1
3179 0 -21355.24847697 0
3180 0 -23699.98066036 0
3181 1 15925.62893603 1
3182 0 -24887.64891129 0
3183 0 -23432.97759230 0
3184 1 12905.45504241 1
3185 0 -19725.35730997 0
3186 1 25466.69159200 1
3187 1 10072.50834501 1
3188 0 -16906.59778042 0
3189 1 10943.28858005 1
3190 0 -22552.11125684 0
3191 1 14116.73283292 1
3192 0 -28507.26547718 0
3193 1 15149.72537320 1
3194 1 23944.49362951 1
3195 1 23423.90143956 1
3196 1 16765.18506222 1
3197 0 -21187.55761382 0
3198 0 -6804.21474662 0
3199 1 9879.07754998 1
