# idx_int bit_int post_llr_q hard
0 1 63 1
1 0 -64 0
2 0 -64 0
3 1 63 1
4 0 -64 0
5 0 -64 0
6 0 -64 0
7 0 -64 0
8 1 63 1
9 0 -64 0
10 1 63 1
11 0 -64 0
12 1 63 1
13 0 -64 0
14 0 -64 0
15 0 -64 0
16 0 -64 0
17 1 63 1
18 0 -64 0
19 0 -64 0
20 1 63 1
21 0 -64 0
22 1 63 1
23 1 63 1
24 0 -64 0
25 0 -64 0
26 1 63 1
27 0 -64 0
28 0 -64 0
29 0 -64 0
30 0 -64 0
31 0 -64 0
32 0 -64 0
33 0 -64 0
34 1 63 1
35 0 -64 0
36 1 63 1
37 1 63 1
38 0 -64 0
39 1 63 1
40 1 63 1
41 0 -64 0
42 1 63 1
43 1 63 1
44 0 -64 0
45 1 63 1
46 0 -64 0
47 0 -64 0
48 1 63 1
49 0 -64 0
50 1 63 1
51 1 63 1
52 1 63 1
53 1 63 1
54 1 50 1
55 1 63 1
56 0 -64 0
57 1 63 1
58 1 63 1
59 1 63 1
60 1 63 1
61 0 -64 0
62 1 63 1
63 0 -64 0
64 1 63 1
65 1 63 1
66 0 -64 0
67 1 63 1
68 0 -64 0
69 1 63 1
70 1 63 1
71 1 63 1
72 0 -64 0
73 1 63 1
74 0 -64 0
75 0 -64 0
76 1 63 1
77 0 -58 0
78 0 -64 0
79 0 -64 0
80 1 63 1
81 0 -64 0
82 0 -64 0
83 0 -64 0
84 1 63 1
85 0 -64 0
86 0 -64 0
87 0 -64 0
88 1 63 1
89 1 63 1
90 1 63 1
91 0 -64 0
92 0 -64 0
93 1 63 1
94 1 63 1
95 1 63 1
96 0 -64 0
97 0 -64 0
98 0 -64 0
99 1 63 1
100 0 -64 0
101 0 -64 0
102 1 63 1
103 1 63 1
104 0 -64 0
105 0 -64 0
106 1 63 1
107 1 63 1
108 1 63 1
109 1 63 1
110 0 -64 0
111 0 -64 0
112 0 -64 0
113 1 63 1
114 0 -64 0
115 0 -64 0
116 0 -64 0
117 0 -64 0
118 1 63 1
119 1 63 1
120 0 -64 0
121 0 -64 0
122 1 63 1
123 0 -64 0
124 0 -64 0
125 0 -64 0
126 0 -64 0
127 0 -64 0
128 0 -64 0
129 0 -64 0
130 0 -64 0
131 1 63 1
132 1 63 1
133 1 63 1
134 0 -64 0
135 1 63 1
136 1 63 1
137 1 63 1
138 1 63 1
139 1 63 1
140 1 63 1
141 0 -64 0
142 1 63 1
143 0 -64 0
144 0 -64 0
145 1 63 1
146 0 -64 0
147 1 63 1
148 0 -64 0
149 1 63 1
150 0 -64 0
151 1 63 1
152 0 -64 0
153 1 63 1
154 0 -64 0
155 1 63 1
156 0 -64 0
157 1 63 1
158 0 -64 0
159 1 63 1
160 1 63 1
161 0 -64 0
162 1 63 1
163 1 63 1
164 1 63 1
165 1 63 1
166 1 63 1
167 1 63 1
168 0 -64 0
169 1 63 1
170 1 63 1
171 0 -64 0
172 0 -64 0
173 0 -64 0
174 1 63 1
175 1 63 1
176 0 -64 0
177 0 -64 0
178 0 -64 0
179 0 -64 0
180 0 -64 0
181 0 -64 0
182 1 63 1
183 0 -64 0
184 0 -64 0
185 1 63 1
186 1 63 1
187 1 63 1
188 1 63 1
189 0 -64 0
190 0 -64 0
191 0 -64 0
192 0 -64 0
193 1 63 1
194 1 63 1
195 0 -64 0
196 1 63 1
197 1 63 1
198 1 63 1
199 1 63 1
200 0 -64 0
201 0 -64 0
202 0 -64 0
203 0 -64 0
204 1 63 1
205 1 63 1
206 0 -64 0
207 0 -64 0
208 0 -64 0
209 0 -64 0
210 0 -64 0
211 1 63 1
212 1 63 1
213 0 -64 0
214 0 -64 0
215 1 63 1
216 1 63 1
217 1 63 1
218 1 63 1
219 0 -64 0
220 1 63 1
221 0 -64 0
222 1 63 1
223 0 -64 0
224 1 63 1
225 1 63 1
226 1 63 1
227 1 63 1
228 1 63 1
229 0 -64 0
230 1 63 1
231 0 -64 0
232 1 63 1
233 0 -64 0
234 0 -64 0
235 0 -64 0
236 0 -64 0
237 1 63 1
238 1 63 1
239 0 -64 0
240 0 -64 0
241 1 63 1
242 0 -64 0
243 0 -64 0
244 1 63 1
245 0 -64 0
246 1 63 1
247 1 63 1
248 1 63 1
249 0 -64 0
250 0 -64 0
251 1 63 1
252 1 63 1
253 0 -64 0
254 1 63 1
255 1 63 1
256 1 63 1
257 0 -64 0
258 0 -64 0
259 0 -64 0
260 0 -64 0
261 0 -64 0
262 0 -64 0
263 0 -64 0
264 1 63 1
265 0 -64 0
266 1 63 1
267 1 63 1
268 0 -64 0
269 1 63 1
270 1 63 1
271 1 63 1
272 1 63 1
273 0 -64 0
274 0 -64 0
275 0 -64 0
276 0 -64 0
277 1 63 1
278 0 -64 0
279 0 -64 0
280 1 63 1
281 1 63 1
282 1 63 1
283 1 63 1
284 1 63 1
285 1 63 1
286 0 -64 0
287 0 -64 0
288 1 63 1
289 0 -64 0
290 0 -64 0
291 1 63 1
292 1 61 1
293 1 63 1
294 0 -64 0
295 1 63 1
296 0 -64 0
297 1 63 1
298 1 -64 0
299 0 -64 0
300 1 63 1
301 0 -64 0
302 1 63 1
303 1 63 1
304 0 -64 0
305 1 63 1
306 0 -64 0
307 0 -64 0
308 0 -64 0
309 1 63 1
310 0 -64 0
311 1 63 1
312 1 63 1
313 0 -64 0
314 1 63 1
315 0 -64 0
316 1 63 1
317 1 63 1
318 1 63 1
319 1 63 1
320 1 63 1
321 1 63 1
322 0 -64 0
323 0 -64 0
324 0 -64 0
325 0 -64 0
326 1 63 1
327 0 -64 0
328 0 -64 0
329 0 -64 0
330 1 63 1
331 1 63 1
332 0 -64 0
333 0 -64 0
334 0 -64 0
335 0 -64 0
336 1 63 1
337 1 63 1
338 0 -64 0
339 1 63 1
340 0 -64 0
341 1 63 1
342 1 63 1
343 0 -64 0
344 0 -64 0
345 1 63 1
346 1 63 1
347 1 63 1
348 1 63 1
349 0 -64 0
350 0 -64 0
351 1 63 1
352 1 63 1
353 1 63 1
354 0 -64 0
355 1 63 1
356 1 63 1
357 1 63 1
358 0 -64 0
359 1 63 1
360 1 63 1
361 0 -64 0
362 1 63 1
363 0 -64 0
364 1 63 1
365 1 63 1
366 0 -64 0
367 0 -64 0
368 1 63 1
369 1 63 1
370 1 63 1
371 1 63 1
372 0 -64 0
373 0 -64 0
374 0 -64 0
375 0 -64 0
376 0 -64 0
377 0 -64 0
378 1 63 1
379 0 -64 0
380 0 -64 0
381 0 -64 0
382 0 -64 0
383 1 63 1
384 1 63 1
385 1 63 1
386 0 -64 0
387 1 63 1
388 1 63 1
389 1 63 1
390 1 63 1
391 0 -64 0
392 1 63 1
393 1 63 1
394 0 -64 0
395 1 63 1
396 1 63 1
397 1 63 1
398 1 63 1
399 0 -64 0
400 1 63 1
401 0 -64 0
402 1 63 1
403 0 -64 0
404 1 63 1
405 0 -64 0
406 0 -64 0
407 1 40 1
408 0 -64 0
409 0 -64 0
410 0 -64 0
411 1 63 1
412 0 -64 0
413 0 -64 0
414 0 -64 0
415 1 63 1
416 0 -64 0
417 1 63 1
418 1 63 1
419 1 63 1
420 0 -64 0
421 0 -64 0
422 1 63 1
423 0 -64 0
424 1 63 1
425 1 63 1
426 1 63 1
427 1 63 1
428 1 63 1
429 1 63 1
430 0 -64 0
431 0 -64 0
432 0 -64 0
433 0 -64 0
434 0 -64 0
435 0 -64 0
436 1 63 1
437 0 -64 0
438 1 63 1
439 0 -64 0
440 0 -64 0
441 0 -64 0
442 1 63 1
443 0 -64 0
444 1 63 1
445 0 -64 0
446 1 63 1
447 1 63 1
448 0 -64 0
449 1 63 1
450 1 63 1
451 1 63 1
452 0 -64 0
453 1 63 1
454 1 63 1
455 1 63 1
456 0 -64 0
457 0 -64 0
458 1 63 1
459 0 -64 0
460 1 63 1
461 1 63 1
462 1 63 1
463 0 -64 0
464 1 63 1
465 0 -64 0
466 1 63 1
467 1 63 1
468 1 63 1
469 1 63 1
470 0 -64 0
471 0 -64 0
472 0 -64 0
473 0 -64 0
474 0 -64 0
475 0 -64 0
476 0 -64 0
477 0 -64 0
478 1 63 1
479 1 63 1
480 0 -64 0
481 0 -64 0
482 0 -64 0
483 1 63 1
484 0 -64 0
485 0 -64 0
486 1 63 1
487 1 63 1
488 1 63 1
489 1 63 1
490 1 63 1
491 1 63 1
492 0 -64 0
493 0 -64 0
494 0 -64 0
495 1 63 1
496 1 63 1
497 1 63 1
498 0 -64 0
499 0 -64 0
500 1 63 1
501 0 -64 0
502 0 -64 0
503 0 -64 0
504 1 63 1
505 0 -64 0
506 1 63 1
507 1 63 1
508 0 -64 0
509 1 63 1
510 1 63 1
511 1 63 1
512 0 -64 0
513 0 -64 0
514 1 63 1
515 1 63 1
516 0 -64 0
517 1 63 1
518 1 63 1
519 0 -64 0
520 1 63 1
521 0 -64 0
522 0 -64 0
523 1 63 1
524 0 -64 0
525 1 63 1
526 0 -64 0
527 0 -64 0
528 0 -64 0
529 0 -64 0
530 0 58 1
531 1 63 1
532 1 63 1
533 0 -64 0
534 1 63 1
535 0 -64 0
536 1 63 1
537 1 63 1
538 1 63 1
539 1 63 1
540 1 63 1
541 1 63 1
542 0 -64 0
543 0 -64 0
544 0 -64 0
545 1 63 1
546 0 -64 0
547 1 63 1
548 1 63 1
549 0 -64 0
550 0 -64 0
551 1 63 1
552 0 -64 0
553 1 63 1
554 1 63 1
555 1 63 1
556 0 -64 0
557 1 63 1
558 1 63 1
559 0 -64 0
560 0 -64 0
561 0 -64 0
562 1 63 1
563 1 63 1
564 1 63 1
565 0 -64 0
566 1 63 1
567 1 63 1
568 0 -64 0
569 1 63 1
570 0 -64 0
571 0 -64 0
572 1 63 1
573 0 -64 0
574 0 -64 0
575 0 -64 0
576 1 63 1
577 0 -64 0
578 0 -64 0
579 1 63 1
580 0 -64 0
581 1 63 1
582 1 63 1
583 1 63 1
584 0 -64 0
585 0 -64 0
586 0 -64 0
587 1 63 1
588 1 63 1
589 0 -64 0
590 1 -64 0
591 0 -64 0
592 0 -64 0
593 1 63 1
594 1 63 1
595 0 -64 0
596 1 63 1
597 1 63 1
598 1 63 1
599 0 -64 0
600 0 -64 0
601 1 63 1
602 1 63 1
603 0 -64 0
604 1 63 1
605 1 63 1
606 1 63 1
607 1 63 1
608 1 63 1
609 1 63 1
610 0 -64 0
611 0 -64 0
612 1 63 1
613 1 63 1
614 0 -64 0
615 1 63 1
616 1 63 1
617 0 -64 0
618 0 -64 0
619 1 63 1
620 1 63 1
621 1 63 1
622 1 63 1
623 1 63 1
624 0 -64 0
625 0 -64 0
626 0 -64 0
627 0 -64 0
628 1 63 1
629 0 -64 0
630 1 63 1
631 1 63 1
632 1 63 1
633 1 63 1
634 1 63 1
635 1 63 1
636 0 -64 0
637 1 63 1
638 1 63 1
639 1 63 1
640 0 -64 0
641 1 63 1
642 0 -64 0
643 0 -64 0
644 1 63 1
645 0 -64 0
646 0 -64 0
647 0 -64 0
648 0 -64 0
649 0 -64 0
650 1 63 1
651 1 63 1
652 0 -64 0
653 0 -64 0
654 1 63 1
655 1 63 1
656 0 -64 0
657 1 63 1
658 1 63 1
659 0 -64 0
660 0 -64 0
661 0 -64 0
662 0 -64 0
663 0 -64 0
664 0 -64 0
665 0 -64 0
666 0 -64 0
667 0 -64 0
668 1 63 1
669 0 -64 0
670 1 63 1
671 0 -64 0
672 0 -64 0
673 1 63 1
674 0 -64 0
675 0 -64 0
676 1 63 1
677 1 63 1
678 0 -64 0
679 1 63 1
680 0 -64 0
681 0 -64 0
682 0 -64 0
683 0 -64 0
684 1 63 1
685 1 63 1
686 0 -64 0
687 1 63 1
688 1 63 1
689 0 -64 0
690 0 -64 0
691 1 63 1
692 1 63 1
693 0 -64 0
694 0 -64 0
695 0 -64 0
696 1 63 1
697 0 -64 0
698 1 63 1
699 1 60 1
700 0 -64 0
701 1 63 1
702 0 -64 0
703 1 63 1
704 1 63 1
705 0 -64 0
706 1 63 1
707 0 -64 0
708 0 -64 0
709 1 63 1
710 1 63 1
711 1 63 1
712 1 63 1
713 1 63 1
714 0 -64 0
715 1 63 1
716 0 -64 0
717 0 -64 0
718 1 63 1
719 0 -64 0
720 1 63 1
721 1 63 1
722 0 -64 0
723 0 -64 0
724 0 -64 0
725 1 63 1
726 0 -64 0
727 0 -64 0
728 0 -64 0
729 1 63 1
730 0 -64 0
731 1 63 1
732 0 -64 0
733 1 63 1
734 0 -64 0
735 1 63 1
736 0 -64 0
737 0 -64 0
738 1 63 1
739 0 -64 0
740 0 -64 0
741 1 63 1
742 1 63 1
743 0 -64 0
744 0 -64 0
745 0 -64 0
746 1 63 1
747 1 63 1
748 1 63 1
749 1 63 1
750 1 63 1
751 0 -64 0
752 0 -64 0
753 0 -64 0
754 0 -64 0
755 1 63 1
756 0 -64 0
757 1 63 1
758 1 63 1
759 0 -64 0
760 1 63 1
761 0 -64 0
762 1 63 1
763 0 -64 0
764 0 -64 0
765 0 -64 0
766 1 63 1
767 1 63 1
768 0 -39 0
769 0 -64 0
770 0 -64 0
771 1 63 1
772 1 63 1
773 1 63 1
774 0 -64 0
775 1 63 1
776 1 63 1
777 1 63 1
778 0 -64 0
779 0 -64 0
780 0 -64 0
781 1 63 1
782 0 -64 0
783 1 63 1
784 1 63 1
785 0 -64 0
786 1 63 1
787 0 -64 0
788 1 63 1
789 0 -64 0
790 1 63 1
791 0 -64 0
792 0 -64 0
793 1 63 1
794 0 -64 0
795 1 63 1
796 1 63 1
797 1 63 1
798 1 63 1
799 1 63 1
800 0 -64 0
801 0 -64 0
802 1 63 1
803 0 -64 0
804 1 63 1
805 1 63 1
806 1 63 1
807 1 63 1
808 0 -64 0
809 1 63 1
810 1 63 1
811 1 63 1
812 1 63 1
813 1 63 1
814 1 63 1
815 1 63 1
816 1 63 1
817 0 -64 0
818 1 63 1
819 1 63 1
820 0 -64 0
821 1 63 1
822 1 -64 0
823 0 -64 0
824 0 -64 0
825 1 63 1
826 1 63 1
827 1 63 1
828 0 -64 0
829 0 -64 0
830 0 -64 0
831 1 63 1
832 1 63 1
833 0 -64 0
834 1 63 1
835 0 -64 0
836 1 63 1
837 0 -64 0
838 1 63 1
839 0 -64 0
840 1 63 1
841 1 63 1
842 0 -64 0
843 0 -64 0
844 1 63 1
845 1 63 1
846 0 -64 0
847 1 63 1
848 0 -64 0
849 1 63 1
850 0 -64 0
851 0 -64 0
852 0 -64 0
853 0 -64 0
854 0 -64 0
855 1 63 1
856 1 63 1
857 0 -64 0
858 0 -64 0
859 0 -64 0
860 1 63 1
861 0 -64 0
862 0 -64 0
863 0 -64 0
864 0 -64 0
865 1 63 1
866 0 -64 0
867 1 63 1
868 1 63 1
869 0 -64 0
870 1 63 1
871 0 -64 0
872 1 63 1
873 0 -64 0
874 1 63 1
875 1 63 1
876 1 63 1
877 0 -64 0
878 1 63 1
879 0 -64 0
880 1 63 1
881 0 -64 0
882 1 63 1
883 0 -64 0
884 1 63 1
885 1 63 1
886 0 -64 0
887 1 63 1
888 1 63 1
889 0 -64 0
890 0 -64 0
891 0 -64 0
892 0 -64 0
893 0 -64 0
894 0 -64 0
895 1 63 1
896 0 -64 0
897 1 63 1
898 0 -64 0
899 1 63 1
900 1 63 1
901 1 63 1
902 0 -64 0
903 0 -64 0
904 1 63 1
905 1 63 1
906 0 -64 0
907 1 63 1
908 1 63 1
909 0 -64 0
910 0 -64 0
911 0 -64 0
912 1 63 1
913 0 -64 0
914 1 63 1
915 1 63 1
916 0 -64 0
917 0 -64 0
918 0 -64 0
919 0 -64 0
920 1 63 1
921 0 -64 0
922 1 63 1
923 1 63 1
924 1 63 1
925 1 63 1
926 1 63 1
927 1 63 1
928 0 -64 0
929 1 63 1
930 1 63 1
931 0 -64 0
932 1 63 1
933 1 63 1
934 0 -64 0
935 1 63 1
936 1 63 1
937 1 63 1
938 0 -64 0
939 1 63 1
940 0 -64 0
941 0 -64 0
942 1 63 1
943 1 63 1
944 0 -64 0
945 0 -64 0
946 0 -64 0
947 1 63 1
948 0 -64 0
949 0 -64 0
950 0 -64 0
951 0 -64 0
952 1 63 1
953 0 -64 0
954 1 63 1
955 0 -64 0
956 0 -64 0
957 1 63 1
958 1 63 1
959 0 -64 0
960 1 63 1
961 1 63 1
962 1 63 1
963 0 -64 0
964 0 -64 0
965 1 63 1
966 0 -64 0
967 1 63 1
968 0 -64 0
969 0 -64 0
970 1 63 1
971 0 -64 0
972 1 63 1
973 0 -64 0
974 0 -64 0
975 1 63 1
976 1 63 1
977 0 -64 0
978 0 -64 0
979 1 63 1
980 1 63 1
981 0 -64 0
982 0 -64 0
983 1 63 1
984 0 -64 0
985 0 -64 0
986 1 63 1
987 0 -64 0
988 1 63 1
989 0 -64 0
990 0 -64 0
991 0 -64 0
992 1 63 1
993 1 63 1
994 0 -64 0
995 1 63 1
996 0 -64 0
997 0 -64 0
998 0 -64 0
999 1 63 1
1000 1 63 1
1001 1 63 1
1002 1 63 1
1003 1 63 1
1004 0 -64 0
1005 1 63 1
1006 1 51 1
1007 1 63 1
1008 0 -64 0
1009 1 63 1
1010 0 -64 0
1011 0 -64 0
1012 0 -64 0
1013 0 -64 0
1014 1 63 1
1015 1 63 1
1016 1 63 1
1017 1 63 1
1018 0 -64 0
1019 0 -64 0
1020 0 -64 0
1021 0 -64 0
1022 0 -64 0
1023 1 63 1
1024 1 63 1
1025 1 63 1
1026 1 63 1
1027 0 -64 0
1028 1 63 1
1029 0 -64 0
1030 1 63 1
1031 1 63 1
1032 1 63 1
1033 1 63 1
1034 1 63 1
1035 0 -64 0
1036 0 -64 0
1037 1 63 1
1038 0 -64 0
1039 0 -64 0
1040 1 63 1
1041 1 63 1
1042 0 -64 0
1043 1 63 1
1044 0 -64 0
1045 0 -64 0
1046 1 63 1
1047 0 -64 0
1048 1 63 1
1049 0 -64 0
1050 1 63 1
1051 1 63 1
1052 0 -64 0
1053 1 63 1
1054 0 -64 0
1055 0 -64 0
1056 1 63 1
1057 0 -64 0
1058 1 63 1
1059 1 63 1
1060 1 61 1
1061 1 63 1
1062 1 63 1
1063 1 63 1
1064 1 63 1
1065 0 -64 0
1066 0 -64 0
1067 1 63 1
1068 1 63 1
1069 1 63 1
1070 0 -64 0
1071 0 -64 0
1072 0 -64 0
1073 0 -64 0
1074 0 -64 0
1075 0 -64 0
1076 0 -64 0
1077 0 -64 0
1078 1 63 1
1079 0 -64 0
1080 1 63 1
1081 1 63 1
1082 0 -64 0
1083 0 -64 0
1084 1 63 1
1085 1 63 1
1086 0 -64 0
1087 1 63 1
1088 1 63 1
1089 1 63 1
1090 1 63 1
1091 1 63 1
1092 0 -64 0
1093 1 63 1
1094 0 -64 0
1095 1 63 1
1096 1 63 1
1097 0 -64 0
1098 1 63 1
1099 0 -64 0
1100 1 63 1
1101 1 63 1
1102 0 -64 0
1103 1 63 1
1104 1 63 1
1105 0 -64 0
1106 1 63 1
1107 0 -64 0
1108 1 63 1
1109 0 -64 0
1110 0 -64 0
1111 0 -64 0
1112 0 -64 0
1113 0 -64 0
1114 0 -64 0
1115 0 -64 0
1116 0 -64 0
1117 1 63 1
1118 0 -64 0
1119 0 -64 0
1120 0 -64 0
1121 0 -64 0
1122 1 63 1
1123 0 -64 0
1124 0 -64 0
1125 0 -64 0
1126 1 63 1
1127 1 63 1
1128 1 63 1
1129 0 -64 0
1130 0 -64 0
1131 0 -64 0
1132 0 -64 0
1133 1 63 1
1134 0 -64 0
1135 1 63 1
1136 1 63 1
1137 0 -64 0
1138 1 63 1
1139 1 63 1
1140 1 63 1
1141 0 -64 0
1142 1 63 1
1143 0 -64 0
1144 0 -64 0
1145 0 -64 0
1146 0 -64 0
1147 1 63 1
1148 0 -64 0
1149 1 63 1
1150 1 63 1
1151 1 63 1
1152 1 63 1
1153 1 63 1
1154 1 63 1
1155 1 63 1
1156 1 63 1
1157 0 -64 0
1158 1 63 1
1159 1 63 1
1160 0 -64 0
1161 0 -64 0
1162 1 63 1
1163 1 63 1
1164 1 63 1
1165 0 -64 0
1166 0 -64 0
1167 0 -64 0
1168 0 -64 0
1169 1 63 1
1170 0 -64 0
1171 1 63 1
1172 1 63 1
1173 1 63 1
1174 1 63 1
1175 1 49 1
1176 1 63 1
1177 1 63 1
1178 0 -64 0
1179 0 -64 0
1180 1 63 1
1181 0 -64 0
1182 1 63 1
1183 1 63 1
1184 1 63 1
1185 0 -64 0
1186 0 -64 0
1187 1 63 1
1188 0 -64 0
1189 1 63 1
1190 1 63 1
1191 1 63 1
1192 1 63 1
1193 0 -64 0
1194 1 63 1
1195 0 -64 0
1196 1 63 1
1197 0 -64 0
1198 1 63 1
1199 1 63 1
1200 0 -64 0
1201 0 -64 0
1202 1 63 1
1203 1 63 1
1204 0 -64 0
1205 0 -64 0
1206 0 -64 0
1207 0 -64 0
1208 1 63 1
1209 1 63 1
1210 1 63 1
1211 1 63 1
1212 1 63 1
1213 0 -64 0
1214 1 63 1
1215 0 -64 0
1216 0 -64 0
1217 1 63 1
1218 1 63 1
1219 1 63 1
1220 0 -64 0
1221 1 63 1
1222 0 -64 0
1223 1 63 1
1224 0 -64 0
1225 0 -64 0
1226 0 -64 0
1227 0 -64 0
1228 0 -64 0
1229 1 63 1
1230 1 63 1
1231 0 -64 0
1232 1 63 1
1233 1 63 1
1234 1 63 1
1235 0 -64 0
1236 0 -64 0
1237 0 -64 0
1238 0 -64 0
1239 1 63 1
1240 1 63 1
1241 0 -64 0
1242 0 -64 0
1243 0 -64 0
1244 0 -56 0
1245 0 -64 0
1246 1 63 1
1247 1 63 1
1248 0 -64 0
1249 1 63 1
1250 1 63 1
1251 0 -64 0
1252 1 63 1
1253 1 63 1
1254 0 -64 0
1255 1 63 1
1256 1 63 1
1257 0 -64 0
1258 0 -64 0
1259 1 63 1
1260 0 -64 0
1261 0 -64 0
1262 1 63 1
1263 0 -64 0
1264 1 63 1
1265 0 -64 0
1266 0 -64 0
1267 0 -64 0
1268 0 -64 0
1269 0 -64 0
1270 1 63 1
1271 0 -64 0
1272 0 -64 0
1273 0 -64 0
1274 1 63 1
1275 0 -64 0
1276 0 -64 0
1277 1 63 1
1278 1 63 1
1279 1 63 1
1280 1 63 1
1281 1 63 1
1282 1 63 1
1283 1 63 1
1284 1 63 1
1285 0 -64 0
1286 0 -64 0
1287 1 63 1
1288 0 -64 0
1289 1 63 1
1290 1 63 1
1291 0 -64 0
1292 1 63 1
1293 0 -64 0
1294 1 63 1
1295 1 63 1
1296 1 63 1
1297 1 63 1
1298 0 -46 0
1299 0 -64 0
1300 1 63 1
1301 1 63 1
1302 0 -64 0
1303 0 -64 0
1304 0 -64 0
1305 1 63 1
1306 0 -64 0
1307 0 -64 0
1308 0 -64 0
1309 1 63 1
1310 1 63 1
1311 1 63 1
1312 1 63 1
1313 1 63 1
1314 0 -64 0
1315 1 63 1
1316 1 63 1
1317 1 63 1
1318 0 -64 0
1319 0 -64 0
1320 1 63 1
1321 0 -46 0
1322 0 -64 0
1323 0 -64 0
1324 1 63 1
1325 0 -64 0
1326 0 -64 0
1327 1 63 1
1328 1 63 1
1329 1 63 1
1330 1 63 1
1331 1 63 1
1332 0 -64 0
1333 1 63 1
1334 1 63 1
1335 0 -64 0
1336 1 63 1
1337 1 63 1
1338 1 63 1
1339 1 63 1
1340 0 -64 0
1341 1 63 1
1342 0 -64 0
1343 1 63 1
1344 0 -64 0
1345 1 63 1
1346 0 -64 0
1347 1 63 1
1348 1 63 1
1349 1 63 1
1350 0 -64 0
1351 0 -64 0
1352 1 63 1
1353 0 -64 0
1354 1 63 1
1355 0 -64 0
1356 1 63 1
1357 0 -64 0
1358 1 63 1
1359 0 -64 0
1360 1 63 1
1361 1 63 1
1362 1 63 1
1363 1 63 1
1364 0 -64 0
1365 1 63 1
1366 1 63 1
1367 0 -64 0
1368 1 63 1
1369 0 -64 0
1370 1 63 1
1371 1 63 1
1372 1 63 1
1373 1 63 1
1374 1 63 1
1375 1 63 1
1376 1 63 1
1377 0 -64 0
1378 0 -64 0
1379 0 -64 0
1380 1 63 1
1381 1 63 1
1382 1 63 1
1383 0 -64 0
1384 1 63 1
1385 0 -64 0
1386 1 63 1
1387 1 63 1
1388 1 63 1
1389 0 -64 0
1390 1 63 1
1391 1 63 1
1392 0 -64 0
1393 0 -64 0
1394 0 -64 0
1395 0 -64 0
1396 0 -64 0
1397 1 63 1
1398 1 63 1
1399 0 -64 0
1400 1 63 1
1401 1 63 1
1402 1 63 1
1403 0 -64 0
1404 1 63 1
1405 0 -64 0
1406 0 -64 0
1407 0 -64 0
1408 1 63 1
1409 1 63 1
1410 0 -64 0
1411 1 63 1
1412 0 -64 0
1413 1 63 1
1414 1 63 1
1415 1 63 1
1416 0 -64 0
1417 0 -64 0
1418 1 63 1
1419 1 63 1
1420 1 63 1
1421 1 63 1
1422 0 -64 0
1423 1 63 1
1424 0 -64 0
1425 0 -64 0
1426 0 -64 0
1427 0 -64 0
1428 0 -64 0
1429 0 -64 0
1430 0 -64 0
1431 0 -64 0
1432 0 -64 0
1433 0 -64 0
1434 0 -64 0
1435 1 63 1
1436 0 -64 0
1437 1 63 1
1438 1 63 1
1439 0 -64 0
1440 0 -64 0
1441 1 63 1
1442 0 -64 0
1443 0 -64 0
1444 0 -64 0
1445 1 63 1
1446 1 63 1
1447 1 63 1
1448 0 -64 0
1449 0 -64 0
1450 0 -64 0
1451 0 -64 0
1452 1 63 1
1453 0 -64 0
1454 0 -64 0
1455 0 -64 0
1456 1 63 1
1457 0 -64 0
1458 0 -64 0
1459 1 63 1
1460 1 63 1
1461 0 -64 0
1462 0 -64 0
1463 0 -64 0
1464 1 63 1
1465 0 -64 0
1466 1 63 1
1467 1 63 1
1468 0 -64 0
1469 1 63 1
1470 0 -64 0
1471 0 -64 0
1472 1 63 1
1473 0 -64 0
1474 0 -64 0
1475 1 63 1
1476 0 -64 0
1477 1 63 1
1478 0 -64 0
1479 0 -64 0
1480 1 63 1
1481 1 63 1
1482 1 63 1
1483 0 -64 0
1484 1 63 1
1485 1 63 1
1486 0 -64 0
1487 0 -64 0
1488 0 -64 0
1489 1 63 1
1490 1 63 1
1491 0 -64 0
1492 0 -64 0
1493 0 -64 0
1494 0 -64 0
1495 1 63 1
1496 1 63 1
1497 1 63 1
1498 0 -64 0
1499 1 63 1
1500 0 -64 0
1501 1 63 1
1502 0 -64 0
1503 1 63 1
1504 1 63 1
1505 0 -64 0
1506 0 -64 0
1507 1 63 1
1508 1 63 1
1509 1 63 1
1510 0 -64 0
1511 1 63 1
1512 1 63 1
1513 1 63 1
1514 1 63 1
1515 1 63 1
1516 1 63 1
1517 1 63 1
1518 0 -64 0
1519 1 63 1
1520 1 63 1
1521 1 63 1
1522 1 63 1
1523 1 63 1
1524 0 -64 0
1525 0 -64 0
1526 1 63 1
1527 0 -64 0
1528 1 63 1
1529 0 -64 0
1530 0 -64 0
1531 1 63 1
1532 0 -64 0
1533 0 -64 0
1534 1 63 1
1535 0 -64 0
1536 0 -37 0
1537 1 63 1
1538 0 -64 0
1539 1 63 1
1540 0 -64 0
1541 1 63 1
1542 1 63 1
1543 0 -64 0
1544 1 63 1
1545 1 63 1
1546 1 63 1
1547 1 63 1
1548 0 -64 0
1549 1 63 1
1550 1 63 1
1551 1 63 1
1552 0 -64 0
1553 1 63 1
1554 0 -64 0
1555 0 -64 0
1556 1 63 1
1557 0 -64 0
1558 1 63 1
1559 1 63 1
1560 1 63 1
1561 0 -64 0
1562 0 -64 0
1563 1 63 1
1564 0 -64 0
1565 0 -64 0
1566 0 -64 0
1567 1 63 1
1568 0 -64 0
1569 0 -64 0
1570 0 -64 0
1571 0 -64 0
1572 0 -64 0
1573 0 -64 0
1574 1 63 1
1575 1 63 1
1576 0 -64 0
1577 1 63 1
1578 1 63 1
1579 1 63 1
1580 0 -64 0
1581 0 -64 0
1582 1 63 1
1583 1 63 1
1584 1 63 1
1585 0 -64 0
1586 0 -64 0
1587 1 63 1
1588 0 -64 0
1589 1 63 1
1590 0 -64 0
1591 0 -64 0
1592 0 -64 0
1593 1 63 1
1594 0 -64 0
1595 1 63 1
1596 1 63 1
1597 1 63 1
1598 1 63 1
1599 1 63 1
1600 0 -64 0
1601 1 63 1
1602 1 63 1
1603 0 -64 0
1604 0 -64 0
1605 1 63 1
1606 0 -64 0
1607 0 -64 0
1608 1 63 1
1609 0 -64 0
1610 1 63 1
1611 1 63 1
1612 0 -64 0
1613 0 -46 0
1614 0 -64 0
1615 1 63 1
1616 0 -64 0
1617 1 63 1
1618 0 -64 0
1619 1 63 1
1620 1 63 1
1621 1 63 1
1622 0 -64 0
1623 0 -64 0
1624 0 -64 0
1625 0 -64 0
1626 1 63 1
1627 0 -64 0
1628 1 63 1
1629 1 63 1
1630 0 -64 0
1631 1 63 1
1632 0 -64 0
1633 0 -64 0
1634 1 63 1
1635 1 63 1
1636 0 -64 0
1637 0 -64 0
1638 0 -64 0
1639 1 63 1
1640 0 -64 0
1641 1 63 1
1642 1 63 1
1643 0 -64 0
1644 1 63 1
1645 0 -64 0
1646 0 -64 0
1647 1 63 1
1648 1 63 1
1649 1 63 1
1650 1 63 1
1651 1 63 1
1652 1 63 1
1653 1 63 1
1654 0 -64 0
1655 0 -64 0
1656 1 63 1
1657 1 63 1
1658 1 63 1
1659 1 63 1
1660 0 -64 0
1661 0 -64 0
1662 1 63 1
1663 1 63 1
1664 1 63 1
1665 0 -64 0
1666 1 63 1
1667 1 63 1
1668 0 -64 0
1669 1 63 1
1670 1 63 1
1671 0 -64 0
1672 1 63 1
1673 1 63 1
1674 0 -64 0
1675 0 -64 0
1676 1 63 1
1677 0 -64 0
1678 0 -64 0
1679 0 -64 0
1680 0 -64 0
1681 0 -64 0
1682 1 63 1
1683 1 63 1
1684 1 63 1
1685 0 -64 0
1686 0 -64 0
1687 0 -64 0
1688 1 63 1
1689 1 63 1
1690 0 -64 0
1691 0 -64 0
1692 0 -64 0
1693 1 63 1
1694 0 -64 0
1695 0 -64 0
1696 0 -64 0
1697 0 -64 0
1698 1 63 1
1699 1 63 1
1700 0 -64 0
1701 1 63 1
1702 0 -64 0
1703 0 -64 0
1704 0 -64 0
1705 1 63 1
1706 1 63 1
1707 1 63 1
1708 1 63 1
1709 1 63 1
1710 1 63 1
1711 0 -64 0
1712 1 63 1
1713 1 63 1
1714 1 63 1
1715 1 63 1
1716 1 63 1
1717 1 63 1
1718 0 -64 0
1719 0 -64 0
1720 1 63 1
1721 1 63 1
1722 0 -64 0
1723 0 -64 0
1724 1 63 1
1725 0 -64 0
1726 1 63 1
1727 0 -64 0
1728 1 63 1
1729 0 -64 0
1730 0 -64 0
1731 0 -64 0
1732 1 63 1
1733 1 63 1
1734 0 -64 0
1735 0 -64 0
1736 0 -64 0
1737 0 -64 0
1738 0 -64 0
1739 1 63 1
1740 1 63 1
1741 1 63 1
1742 0 -64 0
1743 1 63 1
1744 0 -64 0
1745 1 63 1
1746 0 -64 0
1747 0 -64 0
1748 1 63 1
1749 0 -64 0
1750 0 -64 0
1751 0 -64 0
1752 1 63 1
1753 1 63 1
1754 0 -64 0
1755 1 63 1
1756 0 -64 0
1757 0 -64 0
1758 1 63 1
1759 1 63 1
1760 0 -64 0
1761 0 -64 0
1762 0 -64 0
1763 0 -64 0
1764 0 -64 0
1765 0 -64 0
1766 0 -64 0
1767 0 -64 0
1768 1 63 1
1769 1 63 1
1770 0 -64 0
1771 1 63 1
1772 1 63 1
1773 1 63 1
1774 1 51 1
1775 0 -64 0
1776 0 -64 0
1777 1 63 1
1778 0 -64 0
1779 1 63 1
1780 1 63 1
1781 0 -64 0
1782 1 63 1
1783 0 -64 0
1784 1 63 1
1785 0 -64 0
1786 1 63 1
1787 1 63 1
1788 1 63 1
1789 1 63 1
1790 1 63 1
1791 0 -64 0
1792 1 63 1
1793 1 63 1
1794 0 -64 0
1795 1 63 1
1796 1 63 1
1797 0 -54 0
1798 0 -64 0
1799 1 63 1
1800 1 63 1
1801 0 -64 0
1802 1 63 1
1803 1 63 1
1804 1 63 1
1805 1 63 1
1806 1 63 1
1807 1 63 1
1808 0 -64 0
1809 1 63 1
1810 1 63 1
1811 0 -64 0
1812 0 -64 0
1813 0 -64 0
1814 1 63 1
1815 0 -64 0
1816 0 -64 0
1817 1 63 1
1818 1 63 1
1819 1 63 1
1820 0 -64 0
1821 0 -64 0
1822 0 -64 0
1823 1 63 1
1824 1 63 1
1825 1 63 1
1826 0 -64 0
1827 0 -64 0
1828 1 63 1
1829 0 -64 0
1830 0 -64 0
1831 1 63 1
1832 1 63 1
1833 1 63 1
1834 1 63 1
1835 0 -64 0
1836 1 63 1
1837 1 63 1
1838 0 -64 0
1839 1 63 1
1840 0 -64 0
1841 0 -64 0
1842 0 -64 0
1843 0 -64 0
1844 1 63 1
1845 0 -64 0
1846 1 63 1
1847 0 -64 0
1848 0 -64 0
1849 0 -64 0
1850 1 63 1
1851 0 -64 0
1852 1 63 1
1853 0 -64 0
1854 0 -64 0
1855 1 63 1
1856 1 63 1
1857 1 -64 0
1858 0 -64 0
1859 1 63 1
1860 1 63 1
1861 1 63 1
1862 0 -64 0
1863 0 -64 0
1864 1 63 1
1865 0 -64 0
1866 1 63 1
1867 1 63 1
1868 1 63 1
1869 0 -64 0
1870 1 63 1
1871 0 -64 0
1872 1 63 1
1873 1 63 1
1874 0 -64 0
1875 1 63 1
1876 0 -64 0
1877 1 63 1
1878 0 -64 0
1879 0 -64 0
1880 0 -64 0
1881 0 -64 0
1882 0 -64 0
1883 0 -64 0
1884 1 63 1
1885 0 -64 0
1886 1 63 1
1887 0 -64 0
1888 0 -64 0
1889 1 63 1
1890 1 63 1
1891 1 63 1
1892 1 63 1
1893 1 63 1
1894 1 63 1
1895 0 -64 0
1896 0 -64 0
1897 0 -64 0
1898 0 -64 0
1899 1 63 1
1900 1 63 1
1901 1 63 1
1902 1 63 1
1903 0 -64 0
1904 0 -64 0
1905 0 -64 0
1906 0 -64 0
1907 1 63 1
1908 0 -64 0
1909 1 63 1
1910 1 63 1
1911 1 63 1
1912 1 63 1
1913 0 -64 0
1914 0 -64 0
1915 0 -64 0
1916 0 -64 0
1917 0 -64 0
1918 0 -64 0
1919 1 63 1
1920 0 -64 0
1921 0 -64 0
1922 0 -64 0
1923 0 -64 0
1924 0 -64 0
1925 0 -64 0
1926 0 -64 0
1927 1 63 1
1928 1 63 1
1929 1 63 1
1930 1 63 1
1931 1 63 1
1932 1 63 1
1933 1 63 1
1934 0 -64 0
1935 0 -64 0
1936 1 63 1
1937 1 63 1
1938 0 -64 0
1939 1 63 1
1940 0 -64 0
1941 0 -64 0
1942 1 63 1
1943 1 44 1
1944 1 63 1
1945 0 -64 0
1946 1 63 1
1947 0 -64 0
1948 1 63 1
1949 0 -64 0
1950 1 63 1
1951 0 -64 0
1952 0 -64 0
1953 0 -64 0
1954 0 -64 0
1955 1 63 1
1956 1 63 1
1957 1 63 1
1958 1 63 1
1959 1 63 1
1960 1 63 1
1961 1 63 1
1962 0 -64 0
1963 1 63 1
1964 0 -64 0
1965 0 -64 0
1966 0 -64 0
1967 1 63 1
1968 0 -64 0
1969 0 -64 0
1970 1 63 1
1971 1 63 1
1972 0 -64 0
1973 1 63 1
1974 0 -64 0
1975 0 -64 0
1976 0 -64 0
1977 0 -64 0
1978 1 63 1
1979 0 -64 0
1980 0 -64 0
1981 1 63 1
1982 1 63 1
1983 0 -64 0
1984 0 -64 0
1985 0 -64 0
1986 1 63 1
1987 1 63 1
1988 1 63 1
1989 1 63 1
1990 1 63 1
1991 0 -64 0
1992 1 63 1
1993 1 63 1
1994 0 -64 0
1995 1 63 1
1996 1 63 1
1997 0 -64 0
1998 1 63 1
1999 0 -64 0
2000 1 63 1
2001 1 63 1
2002 1 63 1
2003 1 63 1
2004 0 -64 0
2005 1 63 1
2006 0 -64 0
2007 0 -64 0
2008 0 -64 0
2009 0 -64 0
2010 1 63 1
2011 1 63 1
2012 0 -64 0
2013 1 63 1
2014 1 63 1
2015 1 63 1
2016 1 63 1
2017 0 -64 0
2018 0 -64 0
2019 1 63 1
2020 1 63 1
2021 1 63 1
2022 1 63 1
2023 1 63 1
2024 1 63 1
2025 0 -64 0
2026 0 -64 0
2027 0 -64 0
2028 1 63 1
2029 0 -64 0
2030 1 63 1
2031 0 -64 0
2032 0 -64 0
2033 1 63 1
2034 0 -64 0
2035 0 -64 0
2036 1 63 1
2037 0 -64 0
2038 1 63 1
2039 1 63 1
2040 1 63 1
2041 0 -64 0
2042 0 -64 0
2043 0 -64 0
2044 0 -64 0
2045 1 63 1
2046 1 63 1
2047 1 63 1
2048 1 63 1
2049 1 63 1
2050 0 -64 0
2051 1 63 1
2052 1 63 1
2053 1 63 1
2054 0 -64 0
2055 1 63 1
2056 0 -64 0
2057 0 -64 0
2058 1 63 1
2059 0 -64 0
2060 1 63 1
2061 0 -64 0
2062 1 63 1
2063 0 -64 0
2064 1 63 1
2065 0 -64 0
2066 1 41 1
2067 0 -64 0
2068 0 -64 0
2069 0 -64 0
2070 0 -64 0
2071 0 -64 0
2072 1 63 1
2073 1 63 1
2074 1 63 1
2075 1 63 1
2076 0 -64 0
2077 1 63 1
2078 0 -64 0
2079 1 63 1
2080 1 63 1
2081 1 63 1
2082 0 -64 0
2083 1 63 1
2084 1 63 1
2085 0 -64 0
2086 0 -64 0
2087 1 63 1
2088 0 -64 0
2089 0 -50 0
2090 1 63 1
2091 1 63 1
2092 1 63 1
2093 1 63 1
2094 1 63 1
2095 1 63 1
2096 1 63 1
2097 1 63 1
2098 0 -64 0
2099 1 63 1
2100 1 63 1
2101 1 63 1
2102 0 -64 0
2103 1 63 1
2104 1 63 1
2105 1 63 1
2106 0 -64 0
2107 1 63 1
2108 1 63 1
2109 1 63 1
2110 0 -64 0
2111 0 -64 0
2112 1 63 1
2113 0 -64 0
2114 0 -64 0
2115 0 -64 0
2116 1 63 1
2117 1 63 1
2118 0 -64 0
2119 0 -64 0
2120 1 63 1
2121 0 -64 0
2122 1 63 1
2123 1 63 1
2124 1 63 1
2125 0 -64 0
2126 1 63 1
2127 1 63 1
2128 1 63 1
2129 0 -64 0
2130 1 63 1
2131 1 63 1
2132 0 -64 0
2133 1 63 1
2134 0 -64 0
2135 1 63 1
2136 0 -64 0
2137 1 63 1
2138 0 -64 0
2139 1 63 1
2140 0 -64 0
2141 0 -64 0
2142 0 -64 0
2143 0 -64 0
2144 1 63 1
2145 0 -64 0
2146 0 -64 0
2147 0 -64 0
2148 0 -64 0
2149 0 -64 0
2150 0 -64 0
2151 0 -64 0
2152 0 -64 0
2153 0 -64 0
2154 0 -64 0
2155 0 -64 0
2156 0 -64 0
2157 0 -64 0
2158 1 63 1
2159 0 -64 0
2160 0 -64 0
2161 0 -64 0
2162 0 -64 0
2163 1 63 1
2164 0 -64 0
2165 1 63 1
2166 0 -64 0
2167 0 -64 0
2168 0 -64 0
2169 0 -64 0
2170 1 63 1
2171 1 63 1
2172 1 63 1
2173 1 63 1
2174 0 -64 0
2175 1 63 1
2176 1 63 1
2177 1 63 1
2178 1 63 1
2179 0 -64 0
2180 1 63 1
2181 0 -64 0
2182 0 -64 0
2183 1 63 1
2184 0 -64 0
2185 0 -64 0
2186 0 -64 0
2187 0 -64 0
2188 1 63 1
2189 1 63 1
2190 1 63 1
2191 1 63 1
2192 0 -64 0
2193 0 -64 0
2194 1 63 1
2195 0 -64 0
2196 0 -64 0
2197 1 63 1
2198 0 -64 0
2199 1 63 1
2200 0 -64 0
2201 0 -64 0
2202 0 -64 0
2203 0 -64 0
2204 1 63 1
2205 1 63 1
2206 1 63 1
2207 1 63 1
2208 0 -64 0
2209 1 63 1
2210 1 63 1
2211 0 -64 0
2212 1 63 1
2213 1 63 1
2214 0 -64 0
2215 0 -64 0
2216 1 63 1
2217 1 63 1
2218 1 63 1
2219 0 -64 0
2220 0 -64 0
2221 0 -64 0
2222 0 -64 0
2223 1 63 1
2224 1 63 1
2225 0 -64 0
2226 1 63 1
2227 0 -64 0
2228 1 63 1
2229 0 -64 0
2230 0 -64 0
2231 1 63 1
2232 1 63 1
2233 1 63 1
2234 0 -64 0
2235 0 -51 0
2236 1 63 1
2237 1 63 1
2238 1 63 1
2239 1 63 1
2240 1 63 1
2241 0 -64 0
2242 1 63 1
2243 1 63 1
2244 0 -64 0
2245 0 -64 0
2246 0 -64 0
2247 1 63 1
2248 1 63 1
2249 0 -64 0
2250 0 -63 0
2251 1 63 1
2252 0 -64 0
2253 1 63 1
2254 0 -64 0
2255 1 63 1
2256 1 63 1
2257 0 -64 0
2258 0 -64 0
2259 1 63 1
2260 0 -64 0
2261 0 -64 0
2262 1 63 1
2263 0 -64 0
2264 1 63 1
2265 0 -64 0
2266 1 63 1
2267 0 -64 0
2268 1 63 1
2269 0 -64 0
2270 1 63 1
2271 0 -64 0
2272 0 -64 0
2273 1 63 1
2274 0 -64 0
2275 0 -64 0
2276 0 -64 0
2277 1 63 1
2278 0 -64 0
2279 0 -64 0
2280 0 -64 0
2281 0 -64 0
2282 0 -64 0
2283 0 -64 0
2284 1 63 1
2285 1 63 1
2286 1 63 1
2287 1 63 1
2288 1 63 1
2289 0 -64 0
2290 0 -64 0
2291 1 63 1
2292 0 -64 0
2293 0 -64 0
2294 0 -64 0
2295 1 63 1
2296 1 63 1
2297 0 -64 0
2298 0 -64 0
2299 0 -64 0
2300 1 63 1
2301 0 -64 0
2302 1 63 1
2303 1 63 1
2304 1 37 1
2305 0 -64 0
2306 0 -64 0
2307 1 63 1
2308 1 63 1
2309 0 -64 0
2310 1 63 1
2311 1 63 1
2312 1 63 1
2313 0 -64 0
2314 1 63 1
2315 0 -64 0
2316 1 63 1
2317 0 -64 0
2318 0 -64 0
2319 1 63 1
2320 1 63 1
2321 1 63 1
2322 0 -64 0
2323 1 63 1
2324 1 63 1
2325 0 -64 0
2326 0 -64 0
2327 1 63 1
2328 0 -64 0
2329 1 63 1
2330 1 63 1
2331 0 -64 0
2332 0 -64 0
2333 0 -64 0
2334 1 63 1
2335 0 -64 0
2336 1 63 1
2337 0 -64 0
2338 1 63 1
2339 0 -64 0
2340 0 -64 0
2341 1 63 1
2342 0 -64 0
2343 1 63 1
2344 1 63 1
2345 1 63 1
2346 0 -64 0
2347 1 63 1
2348 1 63 1
2349 1 63 1
2350 0 -64 0
2351 0 -64 0
2352 0 -64 0
2353 1 63 1
2354 1 63 1
2355 0 -64 0
2356 1 63 1
2357 1 63 1
2358 0 -64 0
2359 0 -64 0
2360 0 -64 0
2361 1 63 1
2362 1 63 1
2363 1 63 1
2364 1 63 1
2365 0 -64 0
2366 1 63 1
2367 1 63 1
2368 0 -64 0
2369 1 63 1
2370 1 63 1
2371 0 -64 0
2372 0 -64 0
2373 1 63 1
2374 1 63 1
2375 0 -64 0
2376 0 -64 0
2377 0 -64 0
2378 0 -64 0
2379 1 63 1
2380 0 -64 0
2381 1 60 1
2382 0 -64 0
2383 0 -64 0
2384 1 63 1
2385 0 -64 0
2386 0 -64 0
2387 0 -64 0
2388 1 63 1
2389 0 -64 0
2390 0 -64 0
2391 1 63 1
2392 0 -64 0
2393 0 -64 0
2394 1 63 1
2395 1 63 1
2396 1 63 1
2397 1 63 1
2398 1 63 1
2399 1 63 1
2400 0 -64 0
2401 1 63 1
2402 1 63 1
2403 1 63 1
2404 0 -64 0
2405 0 -64 0
2406 0 -64 0
2407 1 63 1
2408 0 -64 0
2409 0 -64 0
2410 1 63 1
2411 1 63 1
2412 1 63 1
2413 0 -64 0
2414 0 -64 0
2415 0 -64 0
2416 0 -64 0
2417 0 -64 0
2418 0 -64 0
2419 1 63 1
2420 1 63 1
2421 1 63 1
2422 1 63 1
2423 1 63 1
2424 0 -64 0
2425 0 -64 0
2426 0 -64 0
2427 1 63 1
2428 1 63 1
2429 1 63 1
2430 1 63 1
2431 0 -64 0
2432 0 -64 0
2433 0 -64 0
2434 0 -64 0
2435 1 63 1
2436 1 63 1
2437 0 -64 0
2438 0 -64 0
2439 1 63 1
2440 0 -64 0
2441 1 63 1
2442 1 63 1
2443 0 -64 0
2444 0 -64 0
2445 0 -64 0
2446 0 -64 0
2447 0 -64 0
2448 1 63 1
2449 1 63 1
2450 1 63 1
2451 0 -64 0
2452 0 -64 0
2453 1 63 1
2454 0 -64 0
2455 0 -64 0
2456 0 -64 0
2457 1 63 1
2458 1 63 1
2459 1 63 1
2460 0 -64 0
2461 0 -64 0
2462 0 -64 0
2463 0 -64 0
2464 0 -64 0
2465 1 63 1
2466 0 -64 0
2467 0 -64 0
2468 0 -64 0
2469 1 63 1
2470 0 -64 0
2471 0 -64 0
2472 1 63 1
2473 0 -64 0
2474 0 -64 0
2475 0 -64 0
2476 1 63 1
2477 0 -64 0
2478 0 -64 0
2479 1 63 1
2480 0 -64 0
2481 0 -64 0
2482 0 -64 0
2483 1 63 1
2484 1 63 1
2485 1 63 1
2486 1 63 1
2487 0 -64 0
2488 1 63 1
2489 1 63 1
2490 0 -64 0
2491 1 63 1
2492 1 63 1
2493 0 -64 0
2494 0 -64 0
2495 1 63 1
2496 1 63 1
2497 1 63 1
2498 0 -64 0
2499 0 -64 0
2500 0 -64 0
2501 0 -64 0
2502 0 -64 0
2503 0 -64 0
2504 1 63 1
2505 0 -64 0
2506 0 -64 0
2507 0 -64 0
2508 0 -64 0
2509 0 -64 0
2510 0 -64 0
2511 0 -64 0
2512 1 63 1
2513 0 -64 0
2514 0 -64 0
2515 0 -64 0
2516 1 63 1
2517 0 -64 0
2518 1 63 1
2519 1 63 1
2520 1 63 1
2521 1 63 1
2522 1 63 1
2523 1 63 1
2524 1 63 1
2525 1 63 1
2526 1 63 1
2527 0 -64 0
2528 0 -64 0
2529 0 -64 0
2530 0 -64 0
2531 1 63 1
2532 0 -64 0
2533 1 63 1
2534 0 -64 0
2535 1 63 1
2536 1 63 1
2537 1 63 1
2538 0 -64 0
2539 1 63 1
2540 0 -64 0
2541 1 63 1
2542 1 61 1
2543 1 63 1
2544 1 63 1
2545 1 63 1
2546 0 -64 0
2547 0 -64 0
2548 0 -64 0
2549 0 -64 0
2550 1 63 1
2551 1 63 1
2552 1 63 1
2553 0 -64 0
2554 1 63 1
2555 1 63 1
2556 0 -64 0
2557 1 63 1
2558 1 63 1
2559 1 63 1
2560 0 -64 0
2561 0 -64 0
2562 0 -64 0
2563 0 -64 0
2564 0 -64 0
2565 1 57 1
2566 0 -64 0
2567 1 63 1
2568 0 -64 0
2569 0 -64 0
2570 0 -64 0
2571 1 63 1
2572 1 63 1
2573 0 63 1
2574 1 63 1
2575 0 -64 0
2576 0 -64 0
2577 1 63 1
2578 1 63 1
2579 0 -64 0
2580 0 -64 0
2581 0 -64 0
2582 1 63 1
2583 0 -64 0
2584 1 63 1
2585 1 63 1
2586 1 63 1
2587 0 -64 0
2588 1 63 1
2589 1 63 1
2590 1 63 1
2591 0 -64 0
2592 1 63 1
2593 1 63 1
2594 1 63 1
2595 1 63 1
2596 0 -34 0
2597 1 63 1
2598 0 -64 0
2599 1 63 1
2600 1 63 1
2601 0 -64 0
2602 1 63 1
2603 1 63 1
2604 1 63 1
2605 1 63 1
2606 1 63 1
2607 1 63 1
2608 1 63 1
2609 1 63 1
2610 0 -64 0
2611 0 -64 0
2612 1 63 1
2613 0 -64 0
2614 1 63 1
2615 0 -64 0
2616 1 63 1
2617 1 63 1
2618 1 63 1
2619 0 -64 0
2620 0 -64 0
2621 1 63 1
2622 0 -64 0
2623 0 -64 0
2624 1 63 1
2625 0 -64 0
2626 1 63 1
2627 1 63 1
2628 1 63 1
2629 1 63 1
2630 0 -64 0
2631 1 63 1
2632 0 -64 0
2633 0 -64 0
2634 1 63 1
2635 0 -64 0
2636 1 63 1
2637 1 63 1
2638 1 63 1
2639 0 -64 0
2640 0 -64 0
2641 1 63 1
2642 0 -64 0
2643 0 -64 0
2644 1 63 1
2645 1 63 1
2646 1 63 1
2647 0 -64 0
2648 1 63 1
2649 0 -64 0
2650 0 -64 0
2651 1 63 1
2652 0 -64 0
2653 1 63 1
2654 1 63 1
2655 0 -64 0
2656 1 63 1
2657 1 63 1
2658 0 -64 0
2659 0 -64 0
2660 1 63 1
2661 1 63 1
2662 1 63 1
2663 0 -64 0
2664 0 -64 0
2665 1 63 1
2666 1 63 1
2667 1 63 1
2668 1 63 1
2669 0 -64 0
2670 0 -64 0
2671 1 63 1
2672 1 63 1
2673 0 58 1
2674 0 -64 0
2675 1 63 1
2676 0 -64 0
2677 1 63 1
2678 0 -64 0
2679 1 63 1
2680 0 -64 0
2681 0 -64 0
2682 0 -64 0
2683 0 -64 0
2684 1 63 1
2685 1 63 1
2686 1 63 1
2687 0 -64 0
2688 1 63 1
2689 1 63 1
2690 1 63 1
2691 0 -64 0
2692 1 63 1
2693 0 -64 0
2694 1 63 1
2695 0 -64 0
2696 1 63 1
2697 1 63 1
2698 1 63 1
2699 0 -64 0
2700 0 -64 0
2701 1 63 1
2702 1 63 1
2703 1 63 1
2704 1 63 1
2705 1 63 1
2706 0 -64 0
2707 0 -64 0
2708 1 63 1
2709 0 -64 0
2710 0 -64 0
2711 1 45 1
2712 1 63 1
2713 1 63 1
2714 0 -64 0
2715 1 63 1
2716 0 -64 0
2717 1 63 1
2718 1 63 1
2719 1 63 1
2720 1 63 1
2721 1 63 1
2722 0 -64 0
2723 1 63 1
2724 1 63 1
2725 0 -64 0
2726 1 63 1
2727 0 -64 0
2728 1 63 1
2729 1 63 1
2730 1 63 1
2731 0 -64 0
2732 0 -64 0
2733 1 63 1
2734 1 63 1
2735 0 -64 0
2736 0 -64 0
2737 0 -64 0
2738 1 63 1
2739 0 -64 0
2740 1 63 1
2741 0 -64 0
2742 1 63 1
2743 1 63 1
2744 1 63 1
2745 0 -64 0
2746 0 -64 0
2747 0 -64 0
2748 1 63 1
2749 0 -64 0
2750 0 -64 0
2751 1 63 1
2752 1 63 1
2753 0 -64 0
2754 1 63 1
2755 0 -64 0
2756 1 63 1
2757 0 -64 0
2758 0 -64 0
2759 1 63 1
2760 1 63 1
2761 0 -64 0
2762 1 63 1
2763 0 -64 0
2764 0 -64 0
2765 0 -64 0
2766 0 -64 0
2767 1 63 1
2768 0 -64 0
2769 1 63 1
2770 0 -64 0
2771 0 -64 0
2772 1 63 1
2773 1 63 1
2774 1 63 1
2775 0 -64 0
2776 1 63 1
2777 1 63 1
2778 1 63 1
2779 0 -64 0
2780 0 -52 0
2781 1 63 1
2782 0 -64 0
2783 0 -64 0
2784 0 -64 0
2785 1 63 1
2786 0 -64 0
2787 0 -64 0
2788 0 -64 0
2789 0 -64 0
2790 0 -64 0
2791 1 63 1
2792 1 63 1
2793 1 63 1
2794 0 -64 0
2795 0 -64 0
2796 1 63 1
2797 0 -64 0
2798 0 -64 0
2799 0 -64 0
2800 1 63 1
2801 1 63 1
2802 1 63 1
2803 0 -64 0
2804 0 -64 0
2805 0 -64 0
2806 0 -64 0
2807 1 63 1
2808 0 -64 0
2809 1 63 1
2810 0 -64 0
2811 1 63 1
2812 1 63 1
2813 1 63 1
2814 1 63 1
2815 0 -64 0
2816 0 -64 0
2817 0 -64 0
2818 1 63 1
2819 0 -64 0
2820 0 -64 0
2821 0 -64 0
2822 0 -64 0
2823 1 63 1
2824 0 -64 0
2825 0 -64 0
2826 1 63 1
2827 0 -64 0
2828 0 -64 0
2829 0 -64 0
2830 1 63 1
2831 0 -64 0
2832 1 63 1
2833 1 63 1
2834 0 -51 0
2835 1 63 1
2836 1 63 1
2837 0 -64 0
2838 0 -64 0
2839 1 63 1
2840 1 63 1
2841 0 -64 0
2842 1 63 1
2843 0 -64 0
2844 1 63 1
2845 1 63 1
2846 0 -64 0
2847 0 -64 0
2848 0 -64 0
2849 0 -64 0
2850 0 -64 0
2851 1 63 1
2852 0 -64 0
2853 1 63 1
2854 1 63 1
2855 1 63 1
2856 0 -64 0
2857 1 40 1
2858 1 63 1
2859 0 -64 0
2860 0 -64 0
2861 1 63 1
2862 0 -64 0
2863 0 -64 0
2864 1 63 1
2865 0 -64 0
2866 1 63 1
2867 0 -64 0
2868 0 -64 0
2869 1 63 1
2870 1 63 1
2871 1 63 1
2872 1 63 1
2873 1 63 1
2874 1 63 1
2875 0 -64 0
2876 0 -64 0
2877 1 63 1
2878 1 63 1
2879 0 -64 0
2880 1 63 1
2881 1 63 1
2882 0 -64 0
2883 1 63 1
2884 0 -64 0
2885 1 63 1
2886 1 63 1
2887 0 -64 0
2888 1 63 1
2889 0 -64 0
2890 0 -64 0
2891 1 63 1
2892 0 -64 0
2893 0 -64 0
2894 1 63 1
2895 1 63 1
2896 0 -64 0
2897 1 63 1
2898 1 63 1
2899 1 63 1
2900 1 63 1
2901 1 63 1
2902 1 63 1
2903 1 63 1
2904 0 -64 0
2905 0 -64 0
2906 1 63 1
2907 0 -64 0
2908 0 -64 0
2909 0 -64 0
2910 0 -64 0
2911 0 -64 0
2912 1 63 1
2913 0 -64 0
2914 1 63 1
2915 0 -64 0
2916 1 63 1
2917 1 63 1
2918 0 -64 0
2919 1 63 1
2920 1 63 1
2921 1 63 1
2922 1 63 1
2923 0 -64 0
2924 1 63 1
2925 1 63 1
2926 0 -64 0
2927 1 63 1
2928 0 -64 0
2929 1 63 1
2930 0 -64 0
2931 1 63 1
2932 0 -64 0
2933 1 63 1
2934 0 -64 0
2935 1 63 1
2936 0 -64 0
2937 1 63 1
2938 1 63 1
2939 0 -64 0
2940 0 -64 0
2941 0 -64 0
2942 1 63 1
2943 1 63 1
2944 1 63 1
2945 1 63 1
2946 1 63 1
2947 1 63 1
2948 1 63 1
2949 0 -64 0
2950 0 -57 0
2951 0 -64 0
2952 0 -64 0
2953 1 63 1
2954 1 63 1
2955 0 -64 0
2956 1 63 1
2957 0 -64 0
2958 0 -64 0
2959 0 -64 0
2960 1 63 1
2961 1 63 1
2962 0 -64 0
2963 0 -64 0
2964 1 63 1
2965 0 -64 0
2966 1 63 1
2967 0 -64 0
2968 0 -64 0
2969 0 -64 0
2970 1 63 1
2971 1 63 1
2972 0 -64 0
2973 0 -64 0
2974 0 -64 0
2975 1 63 1
2976 1 63 1
2977 1 63 1
2978 1 63 1
2979 0 -64 0
2980 1 63 1
2981 0 -64 0
2982 1 63 1
2983 0 -64 0
2984 0 -64 0
2985 1 63 1
2986 0 -64 0
2987 0 -64 0
2988 1 63 1
2989 1 63 1
2990 0 -64 0
2991 0 -64 0
2992 0 -64 0
2993 1 63 1
2994 1 63 1
2995 1 63 1
2996 1 63 1
2997 1 63 1
2998 0 -64 0
2999 1 63 1
3000 0 -64 0
3001 0 -64 0
3002 0 -64 0
3003 0 -49 0
3004 1 63 1
3005 0 -64 0
3006 0 -64 0
3007 0 -64 0
3008 0 -64 0
3009 0 -64 0
3010 0 -64 0
3011 0 -64 0
3012 0 -64 0
3013 1 63 1
3014 0 -64 0
3015 1 63 1
3016 0 -64 0
3017 0 -64 0
3018 1 63 1
3019 0 -64 0
3020 1 63 1
3021 1 63 1
3022 0 -64 0
3023 1 63 1
3024 1 63 1
3025 1 63 1
3026 0 -64 0
3027 1 63 1
3028 0 -64 0
3029 0 -64 0
3030 1 63 1
3031 1 63 1
3032 0 -64 0
3033 1 63 1
3034 0 -64 0
3035 1 63 1
3036 1 63 1
3037 1 63 1
3038 1 63 1
3039 0 -64 0
3040 1 63 1
3041 1 63 1
3042 1 63 1
3043 0 -64 0
3044 0 -64 0
3045 0 -64 0
3046 0 -64 0
3047 0 -64 0
3048 0 -64 0
3049 1 63 1
3050 1 63 1
3051 0 -64 0
3052 1 63 1
3053 0 -64 0
3054 1 63 1
3055 1 63 1
3056 1 63 1
3057 0 -64 0
3058 0 -64 0
3059 0 -64 0
3060 0 -64 0
3061 0 -64 0
3062 0 -64 0
3063 1 63 1
3064 0 -64 0
3065 0 -64 0
3066 0 -64 0
3067 0 -64 0
3068 1 63 1
3069 0 -64 0
3070 1 63 1
3071 0 -64 0
3072 0 -33 0
3073 1 63 1
3074 1 63 1
3075 1 63 1
3076 0 -64 0
3077 0 -64 0
3078 0 -64 0
3079 1 63 1
3080 0 -64 0
3081 0 -64 0
3082 1 63 1
3083 1 63 1
3084 0 -64 0
3085 0 -64 0
3086 0 -64 0
3087 1 63 1
3088 0 -64 0
3089 0 -64 0
3090 0 -64 0
3091 0 -64 0
3092 1 63 1
3093 1 63 1
3094 0 -64 0
3095 0 -64 0
3096 1 63 1
3097 0 -64 0
3098 0 -64 0
3099 1 63 1
3100 1 63 1
3101 0 -64 0
3102 1 63 1
3103 1 63 1
3104 0 -64 0
3105 1 63 1
3106 1 63 1
3107 0 -64 0
3108 0 -64 0
3109 0 -64 0
3110 1 63 1
3111 0 -64 0
3112 1 63 1
3113 0 -64 0
3114 0 -64 0
3115 0 -64 0
3116 1 63 1
3117 0 -64 0
3118 0 -64 0
3119 0 -64 0
3120 1 63 1
3121 0 -64 0
3122 1 63 1
3123 1 63 1
3124 1 63 1
3125 1 63 1
3126 1 41 1
3127 1 63 1
3128 0 -64 0
3129 1 63 1
3130 0 -64 0
3131 0 -64 0
3132 0 -64 0
3133 0 -64 0
3134 1 63 1
3135 0 -64 0
3136 1 63 1
3137 0 -64 0
3138 1 63 1
3139 1 63 1
3140 0 -64 0
3141 0 -64 0
3142 0 -64 0
3143 1 63 1
3144 0 -64 0
3145 0 -64 0
3146 1 63 1
3147 1 63 1
3148 0 -64 0
3149 1 -64 0
3150 0 -64 0
3151 1 63 1
3152 0 -64 0
3153 0 -64 0
3154 1 63 1
3155 0 -64 0
3156 0 -64 0
3157 0 -64 0
3158 1 63 1
3159 1 63 1
3160 0 -64 0
3161 1 63 1
3162 0 -64 0
3163 0 -64 0
3164 1 63 1
3165 1 63 1
3166 0 -64 0
3167 1 63 1
3168 1 63 1
3169 0 -64 0
3170 0 -64 0
3171 0 -64 0
3172 0 -64 0
3173 1 63 1
3174 1 63 1
3175 0 -64 0
3176 0 -64 0
3177 1 63 1
3178 0 -64 0
3179 1 63 1
3180 1 63 1
3181 0 -64 0
3182 1 63 1
3183 1 63 1
3184 1 63 1
3185 1 63 1
3186 1 63 1
3187 1 63 1
3188 1 63 1
3189 1 63 1
3190 1 63 1
3191 0 -64 0
3192 1 63 1
3193 0 -64 0
3194 1 63 1
3195 0 -64 0
3196 0 -64 0
3197 0 -64 0
3198 1 63 1
3199 0 -64 0
3200 1 63 1
3201 0 -64 0
3202 0 -64 0
3203 0 -64 0
3204 1 63 1
3205 0 -64 0
3206 0 -64 0
3207 1 63 1
3208 1 63 1
3209 1 63 1
3210 1 63 1
3211 1 63 1
3212 0 -64 0
3213 1 63 1
3214 0 -64 0
3215 0 -64 0
3216 0 -64 0
3217 1 63 1
3218 0 -64 0
3219 0 -64 0
3220 0 -64 0
3221 0 -64 0
3222 1 63 1
3223 0 -64 0
3224 1 63 1
3225 0 -64 0
3226 0 -64 0
3227 1 63 1
3228 1 63 1
3229 0 -64 0
3230 1 63 1
3231 1 63 1
3232 0 -64 0
3233 1 63 1
3234 0 -64 0
3235 1 63 1
3236 1 63 1
3237 1 63 1
3238 0 -64 0
3239 1 63 1
3240 1 63 1
3241 1 63 1
3242 0 -64 0
3243 0 -64 0
3244 0 -64 0
3245 0 -64 0
3246 1 63 1
3247 0 -64 0
3248 0 -64 0
3249 0 -64 0
3250 0 -64 0
3251 0 -64 0
3252 0 -64 0
3253 1 63 1
3254 0 -64 0
3255 1 63 1
3256 0 -64 0
3257 0 -64 0
3258 0 -64 0
3259 0 -64 0
3260 0 -64 0
3261 0 -64 0
3262 0 -64 0
3263 1 63 1
3264 0 -64 0
3265 0 -64 0
3266 0 -64 0
3267 0 -64 0
3268 1 63 1
3269 1 63 1
3270 0 -64 0
3271 1 63 1
3272 1 63 1
3273 0 -64 0
3274 1 63 1
3275 0 -64 0
3276 1 63 1
3277 0 -64 0
3278 0 -64 0
3279 0 -64 0
3280 0 -64 0
3281 1 63 1
3282 0 -64 0
3283 0 -64 0
3284 1 63 1
3285 0 -64 0
3286 1 63 1
3287 0 -64 0
3288 1 63 1
3289 0 -64 0
3290 0 -64 0
3291 0 -64 0
3292 1 63 1
3293 1 63 1
3294 0 -64 0
3295 1 63 1
3296 1 63 1
3297 0 -64 0
3298 0 -64 0
3299 1 63 1
3300 1 63 1
3301 1 63 1
3302 1 63 1
3303 1 63 1
3304 1 63 1
3305 1 63 1
3306 1 63 1
3307 1 63 1
3308 0 -64 0
3309 1 63 1
3310 1 63 1
3311 1 63 1
3312 0 -64 0
3313 0 -64 0
3314 0 -64 0
3315 0 -64 0
3316 0 -64 0
3317 0 -64 0
3318 1 63 1
3319 0 -64 0
3320 0 -64 0
3321 0 -64 0
3322 1 63 1
3323 1 63 1
3324 0 -64 0
3325 0 -64 0
3326 1 63 1
3327 0 -64 0
3328 1 63 1
3329 1 63 1
3330 0 -64 0
3331 1 63 1
3332 1 63 1
3333 1 58 1
3334 1 63 1
3335 0 -64 0
3336 0 -64 0
3337 1 63 1
3338 1 63 1
3339 0 -64 0
3340 0 -64 0
3341 0 -64 0
3342 0 -64 0
3343 0 -64 0
3344 1 63 1
3345 0 -64 0
3346 0 -64 0
3347 0 -64 0
3348 1 63 1
3349 1 63 1
3350 1 63 1
3351 0 -64 0
3352 1 63 1
3353 0 -64 0
3354 1 63 1
3355 1 63 1
3356 1 63 1
3357 1 63 1
3358 1 63 1
3359 1 63 1
3360 0 -64 0
3361 0 -64 0
3362 0 -64 0
3363 0 -64 0
3364 0 -59 0
3365 1 63 1
3366 1 63 1
3367 0 -64 0
3368 1 63 1
3369 0 -64 0
3370 0 -64 0
3371 1 63 1
3372 1 63 1
3373 1 63 1
3374 1 63 1
3375 0 -64 0
3376 1 63 1
3377 0 -64 0
3378 0 -64 0
3379 0 -64 0
3380 0 -64 0
3381 0 -64 0
3382 1 63 1
3383 0 -64 0
3384 1 63 1
3385 1 63 1
3386 1 63 1
3387 1 63 1
3388 0 -64 0
3389 0 -64 0
3390 0 -64 0
3391 0 -64 0
3392 0 -64 0
3393 1 63 1
3394 0 -64 0
3395 0 -64 0
3396 0 -64 0
3397 0 -64 0
3398 1 63 1
3399 1 63 1
3400 1 63 1
3401 1 63 1
3402 1 63 1
3403 0 -64 0
3404 1 63 1
3405 0 -64 0
3406 1 63 1
3407 0 -64 0
3408 0 -64 0
3409 1 63 1
3410 1 63 1
3411 1 63 1
3412 0 -64 0
3413 1 63 1
3414 0 -64 0
3415 0 -64 0
3416 1 63 1
3417 0 -64 0
3418 0 -64 0
3419 0 -64 0
3420 0 -64 0
3421 0 -64 0
3422 1 63 1
3423 1 63 1
3424 1 63 1
3425 1 63 1
3426 1 63 1
3427 0 -64 0
3428 1 63 1
3429 1 63 1
3430 1 63 1
3431 1 63 1
3432 1 63 1
3433 0 -64 0
3434 1 63 1
3435 1 63 1
3436 0 -64 0
3437 1 63 1
3438 1 63 1
3439 0 -64 0
3440 1 63 1
3441 0 -64 0
3442 1 63 1
3443 1 63 1
3444 1 63 1
3445 1 63 1
3446 1 63 1
3447 1 63 1
3448 0 -64 0
3449 1 63 1
3450 1 63 1
3451 1 63 1
3452 1 63 1
3453 0 -64 0
3454 1 63 1
3455 0 -64 0
3456 1 63 1
3457 0 -64 0
3458 1 63 1
3459 1 63 1
3460 1 63 1
3461 1 63 1
3462 0 -64 0
3463 1 63 1
3464 1 63 1
3465 0 -64 0
3466 0 -64 0
3467 0 -64 0
3468 0 -64 0
3469 0 -64 0
3470 0 -64 0
3471 1 63 1
3472 0 -64 0
3473 0 -64 0
3474 0 -64 0
3475 0 -64 0
3476 1 63 1
3477 0 -64 0
3478 1 63 1
3479 1 35 1
3480 1 63 1
3481 0 -64 0
3482 1 63 1
3483 0 -64 0
3484 0 -64 0
3485 1 63 1
3486 1 63 1
3487 1 63 1
3488 1 63 1
3489 0 -64 0
3490 1 63 1
3491 1 63 1
3492 0 -64 0
3493 1 63 1
3494 1 63 1
3495 0 -64 0
3496 1 63 1
3497 0 -64 0
3498 0 -64 0
3499 1 63 1
3500 0 -64 0
3501 0 -64 0
3502 0 -64 0
3503 1 63 1
3504 0 -64 0
3505 1 63 1
3506 1 63 1
3507 1 63 1
3508 0 -64 0
3509 1 63 1
3510 0 -64 0
3511 1 63 1
3512 0 -64 0
3513 1 63 1
3514 1 63 1
3515 0 -64 0
3516 0 -64 0
3517 1 63 1
3518 1 63 1
3519 0 -64 0
3520 1 63 1
3521 1 63 1
3522 1 63 1
3523 0 -64 0
3524 0 -64 0
3525 0 -64 0
3526 1 63 1
3527 1 63 1
3528 1 63 1
3529 1 63 1
3530 0 -64 0
3531 0 -64 0
3532 0 -64 0
3533 0 -64 0
3534 1 63 1
3535 0 -64 0
3536 0 -64 0
3537 1 63 1
3538 0 -64 0
3539 0 -64 0
3540 0 -64 0
3541 1 61 1
3542 1 63 1
3543 0 -64 0
3544 1 63 1
3545 0 -64 0
3546 0 -64 0
3547 1 63 1
3548 1 63 1
3549 0 -64 0
3550 0 -64 0
3551 1 63 1
3552 1 63 1
3553 0 -64 0
3554 0 -64 0
3555 0 -64 0
3556 1 63 1
3557 0 -64 0
3558 0 -64 0
3559 0 -64 0
3560 0 -64 0
3561 1 63 1
3562 1 63 1
3563 0 -64 0
3564 1 63 1
3565 1 63 1
3566 1 63 1
3567 0 -64 0
3568 0 -64 0
3569 0 -64 0
3570 0 -64 0
3571 0 -64 0
3572 1 63 1
3573 0 -64 0
3574 1 63 1
3575 1 63 1
3576 1 63 1
3577 0 -64 0
3578 1 63 1
3579 1 63 1
3580 1 63 1
3581 1 63 1
3582 1 63 1
3583 0 -64 0
3584 1 63 1
3585 1 63 1
3586 1 63 1
3587 1 63 1
3588 1 63 1
3589 0 -64 0
3590 0 -64 0
3591 0 -64 0
3592 0 -64 0
3593 0 -64 0
3594 0 -64 0
3595 0 -64 0
3596 0 -64 0
3597 1 63 1
3598 0 -64 0
3599 0 -64 0
3600 1 63 1
3601 0 -64 0
3602 0 -42 0
3603 1 63 1
3604 1 63 1
3605 1 63 1
3606 0 -64 0
3607 1 63 1
3608 1 63 1
3609 0 -64 0
3610 1 63 1
3611 1 63 1
3612 1 63 1
3613 0 -64 0
3614 1 63 1
3615 1 63 1
3616 1 63 1
3617 0 -64 0
3618 0 -64 0
3619 0 -64 0
3620 0 -64 0
3621 1 63 1
3622 1 63 1
3623 1 63 1
3624 1 63 1
3625 0 -52 0
3626 1 63 1
3627 1 63 1
3628 1 63 1
3629 1 63 1
3630 1 63 1
3631 0 -64 0
3632 1 63 1
3633 1 63 1
3634 1 63 1
3635 1 63 1
3636 1 63 1
3637 0 -64 0
3638 1 63 1
3639 1 63 1
3640 0 -64 0
3641 0 -64 0
3642 1 63 1
3643 1 63 1
3644 0 -64 0
3645 1 63 1
3646 1 63 1
3647 1 63 1
3648 1 63 1
3649 0 -64 0
3650 1 63 1
3651 1 63 1
3652 0 -64 0
3653 1 63 1
3654 1 63 1
3655 1 63 1
3656 0 -64 0
3657 0 -64 0
3658 0 -64 0
3659 0 -64 0
3660 1 63 1
3661 1 63 1
3662 1 63 1
3663 0 -64 0
3664 0 -64 0
3665 0 -64 0
3666 1 63 1
3667 0 -64 0
3668 0 -64 0
3669 0 -64 0
3670 1 63 1
3671 1 63 1
3672 0 -64 0
3673 1 63 1
3674 0 -64 0
3675 0 -64 0
3676 0 -64 0
3677 0 -64 0
3678 1 63 1
3679 1 63 1
3680 0 -64 0
3681 1 63 1
3682 1 63 1
3683 1 63 1
3684 0 -64 0
3685 0 -64 0
3686 0 -64 0
3687 1 63 1
3688 0 -64 0
3689 0 -64 0
3690 1 63 1
3691 0 -64 0
3692 1 63 1
3693 1 63 1
3694 1 63 1
3695 1 63 1
3696 1 63 1
3697 1 63 1
3698 0 -64 0
3699 1 63 1
3700 1 63 1
3701 1 63 1
3702 0 -64 0
3703 1 63 1
3704 1 63 1
3705 1 63 1
3706 0 -64 0
3707 1 63 1
3708 0 -64 0
3709 1 63 1
3710 1 63 1
3711 0 -64 0
3712 0 -64 0
3713 1 63 1
3714 1 63 1
3715 0 -64 0
3716 1 63 1
3717 1 63 1
3718 1 63 1
3719 1 63 1
3720 1 63 1
3721 1 63 1
3722 1 63 1
3723 1 63 1
3724 1 63 1
3725 1 63 1
3726 0 -64 0
3727 1 63 1
3728 1 63 1
3729 1 63 1
3730 1 63 1
3731 1 63 1
3732 0 -64 0
3733 1 63 1
3734 0 -64 0
3735 0 -64 0
3736 1 63 1
3737 0 -64 0
3738 1 63 1
3739 1 63 1
3740 1 61 1
3741 1 63 1
3742 1 63 1
3743 1 63 1
3744 0 -64 0
3745 0 -64 0
3746 0 -64 0
3747 1 63 1
3748 1 63 1
3749 0 -64 0
3750 0 -64 0
3751 1 63 1
3752 0 -64 0
3753 1 63 1
3754 1 63 1
3755 1 63 1
3756 1 63 1
3757 0 -64 0
3758 0 -64 0
3759 1 63 1
3760 0 -64 0
3761 1 63 1
3762 1 63 1
3763 0 -64 0
3764 0 -64 0
3765 1 63 1
3766 0 -64 0
3767 0 -64 0
3768 1 63 1
3769 1 63 1
3770 1 63 1
3771 1 55 1
3772 0 -64 0
3773 1 63 1
3774 1 63 1
3775 1 63 1
3776 1 63 1
3777 0 -64 0
3778 0 -64 0
3779 0 -64 0
3780 0 -64 0
3781 0 -64 0
3782 1 63 1
3783 0 -64 0
3784 1 63 1
3785 1 63 1
3786 1 63 1
3787 1 63 1
3788 0 -64 0
3789 0 -64 0
3790 1 63 1
3791 1 63 1
3792 0 -64 0
3793 1 63 1
3794 1 63 1
3795 1 63 1
3796 0 -64 0
3797 1 63 1
3798 1 63 1
3799 0 -64 0
3800 1 63 1
3801 0 -64 0
3802 1 63 1
3803 1 63 1
3804 0 -64 0
3805 0 -64 0
3806 1 63 1
3807 0 -64 0
3808 0 -64 0
3809 1 63 1
3810 0 -64 0
3811 1 63 1
3812 0 -64 0
3813 1 63 1
3814 0 -64 0
3815 0 -64 0
3816 1 63 1
3817 0 -64 0
3818 1 63 1
3819 1 63 1
3820 0 -64 0
3821 1 63 1
3822 0 -64 0
3823 1 63 1
3824 1 63 1
3825 0 -64 0
3826 0 -64 0
3827 0 -64 0
3828 1 63 1
3829 1 63 1
3830 0 -64 0
3831 1 63 1
3832 1 63 1
3833 0 -64 0
3834 0 -64 0
3835 1 63 1
3836 1 63 1
3837 1 63 1
3838 0 -64 0
3839 0 -64 0
3840 0 -38 0
3841 0 -64 0
3842 1 63 1
3843 0 -64 0
3844 0 -64 0
3845 1 63 1
3846 0 -64 0
3847 0 -64 0
3848 0 -64 0
3849 1 63 1
3850 0 -64 0
3851 1 63 1
3852 0 -64 0
3853 1 63 1
3854 1 63 1
3855 1 63 1
3856 0 -64 0
3857 1 63 1
3858 0 -64 0
3859 0 -64 0
3860 1 63 1
3861 0 -64 0
3862 1 63 1
3863 1 63 1
3864 1 63 1
3865 0 -64 0
3866 1 63 1
3867 0 -64 0
3868 0 -64 0
3869 1 63 1
3870 1 63 1
3871 0 -64 0
3872 0 -64 0
3873 1 63 1
3874 1 63 1
3875 1 63 1
3876 0 -64 0
3877 0 -64 0
3878 1 63 1
3879 0 -64 0
3880 0 -64 0
3881 0 -64 0
3882 0 -64 0
3883 0 -64 0
3884 0 -64 0
3885 1 63 1
3886 1 63 1
3887 1 63 1
3888 0 -64 0
3889 1 63 1
3890 0 -64 0
3891 1 63 1
3892 1 63 1
3893 0 -64 0
3894 1 62 1
3895 1 63 1
3896 1 63 1
3897 1 63 1
3898 1 63 1
3899 1 63 1
3900 0 -64 0
3901 0 -64 0
3902 1 63 1
3903 1 63 1
3904 0 -64 0
3905 1 63 1
3906 1 63 1
3907 1 63 1
3908 0 -64 0
3909 1 63 1
3910 0 -64 0
3911 0 -64 0
3912 0 -64 0
3913 1 63 1
3914 1 63 1
3915 1 63 1
3916 0 -64 0
3917 0 -64 0
3918 1 63 1
3919 0 -64 0
3920 0 -64 0
3921 1 63 1
3922 0 -64 0
3923 0 -64 0
3924 1 63 1
3925 0 -64 0
3926 1 63 1
3927 0 -64 0
3928 0 -64 0
3929 0 -64 0
3930 1 63 1
3931 1 63 1
3932 0 -64 0
3933 0 -64 0
3934 1 63 1
3935 1 63 1
3936 0 -64 0
3937 1 63 1
3938 0 -64 0
3939 1 63 1
3940 0 -64 0
3941 1 63 1
3942 1 63 1
3943 0 -64 0
3944 1 63 1
3945 1 63 1
3946 1 63 1
3947 0 -64 0
3948 0 -64 0
3949 0 -64 0
3950 1 63 1
3951 1 63 1
3952 0 -64 0
3953 0 -64 0
3954 0 -64 0
3955 0 -64 0
3956 0 -64 0
3957 1 63 1
3958 1 63 1
3959 0 -64 0
3960 0 -64 0
3961 1 63 1
3962 0 -64 0
3963 0 -64 0
3964 1 63 1
3965 1 63 1
3966 1 63 1
3967 0 -64 0
3968 0 -64 0
3969 0 -64 0
3970 0 -64 0
3971 0 -64 0
3972 0 -64 0
3973 1 63 1
3974 0 -64 0
3975 1 63 1
3976 0 -64 0
3977 0 -64 0
3978 0 -64 0
3979 0 -64 0
3980 1 63 1
3981 0 -64 0
3982 0 -64 0
3983 0 -64 0
3984 0 -64 0
3985 0 -64 0
3986 0 -64 0
3987 1 63 1
3988 1 63 1
3989 0 -64 0
3990 1 63 1
3991 0 -64 0
3992 0 -64 0
3993 0 -64 0
3994 1 63 1
3995 0 -64 0
3996 0 -64 0
3997 0 -64 0
3998 0 -64 0
3999 1 63 1
4000 1 63 1
4001 1 63 1
4002 1 63 1
4003 1 63 1
4004 0 -64 0
4005 1 63 1
4006 1 63 1
4007 1 63 1
4008 0 -64 0
4009 0 -64 0
4010 1 63 1
4011 0 -64 0
4012 0 -64 0
4013 1 63 1
4014 1 63 1
4015 1 63 1
4016 1 63 1
4017 1 63 1
4018 1 63 1
4019 1 63 1
4020 0 -64 0
4021 1 63 1
4022 0 -64 0
4023 0 -64 0
4024 1 63 1
4025 1 63 1
4026 1 63 1
4027 0 -64 0
4028 1 63 1
4029 1 63 1
4030 0 -64 0
4031 1 63 1
4032 0 -64 0
4033 1 63 1
4034 0 -64 0
4035 0 -64 0
4036 0 -64 0
4037 0 -64 0
4038 0 -64 0
4039 1 63 1
4040 0 -64 0
4041 1 63 1
4042 1 63 1
4043 0 -64 0
4044 0 -64 0
4045 0 -64 0
4046 0 -64 0
4047 1 63 1
4048 0 -64 0
4049 1 63 1
4050 1 63 1
4051 1 63 1
4052 0 -64 0
4053 1 63 1
4054 1 63 1
4055 1 63 1
4056 0 -64 0
4057 1 63 1
4058 1 63 1
4059 1 63 1
4060 0 -64 0
4061 1 63 1
4062 0 -64 0
4063 0 63 1
4064 0 -64 0
4065 0 -64 0
4066 0 -64 0
4067 0 -64 0
4068 0 -64 0
4069 1 63 1
4070 0 -64 0
4071 0 -64 0
4072 0 -64 0
4073 0 -64 0
4074 0 -64 0
4075 0 -64 0
4076 0 -64 0
4077 1 63 1
4078 0 -64 0
4079 0 -64 0
4080 1 63 1
4081 1 63 1
4082 1 63 1
4083 1 63 1
4084 0 -64 0
4085 1 63 1
4086 1 63 1
4087 1 63 1
4088 0 -64 0
4089 0 -64 0
4090 0 -64 0
4091 1 63 1
4092 1 63 1
4093 1 63 1
4094 0 -64 0
4095 0 -64 0
4096 1 63 1
4097 1 63 1
4098 1 63 1
4099 1 63 1
4100 1 63 1
4101 0 -45 0
4102 0 -64 0
4103 0 -64 0
4104 0 -64 0
4105 0 -64 0
4106 0 -64 0
4107 1 63 1
4108 0 -64 0
4109 0 -64 0
4110 1 63 1
4111 1 63 1
4112 0 -64 0
4113 1 63 1
4114 1 63 1
4115 0 -64 0
4116 0 -64 0
4117 1 63 1
4118 1 63 1
4119 0 -64 0
4120 1 63 1
4121 0 -64 0
4122 1 63 1
4123 1 63 1
4124 0 -64 0
4125 1 63 1
4126 0 -64 0
4127 0 -64 0
4128 1 63 1
4129 0 -64 0
4130 0 -64 0
4131 0 -64 0
4132 1 54 1
4133 0 -64 0
4134 0 -64 0
4135 0 -64 0
4136 1 63 1
4137 0 -64 0
4138 1 63 1
4139 0 -64 0
4140 1 63 1
4141 0 -64 0
4142 1 63 1
4143 0 -64 0
4144 0 -64 0
4145 1 63 1
4146 0 -64 0
4147 0 -64 0
4148 0 -64 0
4149 1 63 1
4150 1 63 1
4151 0 -64 0
4152 1 63 1
4153 0 -64 0
4154 0 -64 0
4155 1 63 1
4156 1 63 1
4157 1 63 1
4158 1 63 1
4159 1 63 1
4160 1 63 1
4161 1 63 1
4162 1 63 1
4163 1 63 1
4164 0 -64 0
4165 0 -64 0
4166 0 -64 0
4167 1 63 1
4168 1 63 1
4169 0 -64 0
4170 1 63 1
4171 0 -64 0
4172 1 63 1
4173 1 63 1
4174 1 63 1
4175 0 -64 0
4176 0 -64 0
4177 1 63 1
4178 1 63 1
4179 1 63 1
4180 1 63 1
4181 0 -64 0
4182 1 63 1
4183 1 63 1
4184 1 63 1
4185 1 63 1
4186 1 63 1
4187 1 63 1
4188 1 63 1
4189 0 -64 0
4190 1 63 1
4191 1 63 1
4192 0 -64 0
4193 0 -64 0
4194 0 -64 0
4195 1 63 1
4196 0 -64 0
4197 1 63 1
4198 1 63 1
4199 1 63 1
4200 1 63 1
4201 1 63 1
4202 1 63 1
4203 0 -64 0
4204 1 63 1
4205 1 63 1
4206 1 63 1
4207 1 63 1
4208 0 -64 0
4209 0 -64 0
4210 0 -64 0
4211 0 -64 0
4212 0 -64 0
4213 1 63 1
4214 0 -64 0
4215 0 -64 0
4216 0 -64 0
4217 0 -64 0
4218 0 -64 0
4219 1 63 1
4220 1 63 1
4221 0 -64 0
4222 0 -64 0
4223 1 63 1
4224 0 -64 0
4225 0 -64 0
4226 0 -64 0
4227 0 -64 0
4228 1 63 1
4229 1 63 1
4230 0 -64 0
4231 0 -64 0
4232 0 -64 0
4233 1 63 1
4234 0 -64 0
4235 0 -64 0
4236 1 63 1
4237 1 63 1
4238 1 63 1
4239 1 63 1
4240 0 -64 0
4241 1 63 1
4242 1 63 1
4243 1 63 1
4244 1 63 1
4245 0 -64 0
4246 0 -64 0
4247 0 -44 0
4248 1 63 1
4249 1 63 1
4250 1 63 1
4251 1 63 1
4252 0 -64 0
4253 1 63 1
4254 0 -64 0
4255 0 -64 0
4256 1 63 1
4257 0 -64 0
4258 1 63 1
4259 0 -64 0
4260 0 -64 0
4261 0 -64 0
4262 0 -64 0
4263 0 -64 0
4264 1 63 1
4265 1 63 1
4266 1 63 1
4267 0 -64 0
4268 0 -64 0
4269 1 63 1
4270 0 -64 0
4271 1 63 1
4272 1 63 1
4273 1 63 1
4274 1 63 1
4275 0 -64 0
4276 0 -64 0
4277 0 -64 0
4278 0 -64 0
4279 0 -64 0
4280 0 -64 0
4281 1 63 1
4282 1 63 1
4283 0 -64 0
4284 0 -64 0
4285 1 63 1
4286 1 63 1
4287 1 63 1
4288 0 -64 0
4289 0 -64 0
4290 0 -64 0
4291 1 63 1
4292 1 63 1
4293 1 63 1
4294 0 -64 0
4295 0 -64 0
4296 1 63 1
4297 1 63 1
4298 0 -64 0
4299 1 63 1
4300 0 -64 0
4301 1 63 1
4302 0 -64 0
4303 1 63 1
4304 0 -64 0
4305 1 63 1
4306 0 -64 0
4307 1 63 1
4308 0 -64 0
4309 0 -64 0
4310 1 63 1
4311 0 -64 0
4312 1 63 1
4313 0 -64 0
4314 0 -64 0
4315 0 -64 0
4316 1 63 1
4317 0 -64 0
4318 0 -64 0
4319 1 63 1
4320 1 63 1
4321 1 63 1
4322 1 63 1
4323 1 63 1
4324 0 -64 0
4325 1 57 1
4326 1 63 1
4327 0 -64 0
4328 0 -64 0
4329 1 63 1
4330 0 -64 0
4331 0 -64 0
4332 0 -64 0
4333 1 63 1
4334 0 -64 0
4335 1 63 1
4336 0 -64 0
4337 0 -64 0
4338 0 -64 0
4339 0 -64 0
4340 0 -64 0
4341 0 -64 0
4342 1 63 1
4343 0 -64 0
4344 1 63 1
4345 1 63 1
4346 0 -64 0
4347 0 -64 0
4348 0 -64 0
4349 1 63 1
4350 0 -64 0
4351 0 -64 0
4352 1 63 1
4353 1 63 1
4354 0 -64 0
4355 1 63 1
4356 1 63 1
4357 0 -64 0
4358 0 -64 0
4359 0 -64 0
4360 0 -64 0
4361 1 63 1
4362 0 -64 0
4363 1 63 1
4364 0 -64 0
4365 1 63 1
4366 0 -64 0
4367 0 -64 0
4368 0 -64 0
4369 0 -64 0
4370 0 -35 0
4371 0 -64 0
4372 0 -64 0
4373 1 63 1
4374 1 63 1
4375 1 63 1
4376 1 63 1
4377 0 -64 0
4378 1 63 1
4379 0 -64 0
4380 0 -64 0
4381 1 63 1
4382 0 -64 0
4383 0 -64 0
4384 0 -64 0
4385 1 63 1
4386 0 -64 0
4387 0 -64 0
4388 1 63 1
4389 0 -64 0
4390 0 -64 0
4391 0 -64 0
4392 0 -64 0
4393 0 -45 0
4394 1 63 1
4395 0 -64 0
4396 1 63 1
4397 0 -64 0
4398 0 -64 0
4399 1 63 1
4400 1 63 1
4401 0 -64 0
4402 1 63 1
4403 0 -64 0
4404 1 63 1
4405 1 63 1
4406 0 -64 0
4407 1 63 1
4408 0 -64 0
4409 1 63 1
4410 0 -64 0
4411 0 -64 0
4412 1 63 1
4413 0 -64 0
4414 0 -64 0
4415 0 -64 0
4416 0 -64 0
4417 0 -64 0
4418 1 63 1
4419 1 63 1
4420 1 63 1
4421 1 63 1
4422 1 63 1
4423 1 63 1
4424 1 63 1
4425 1 63 1
4426 0 -64 0
4427 0 -64 0
4428 1 63 1
4429 1 63 1
4430 0 -64 0
4431 1 58 1
4432 0 -64 0
4433 0 -64 0
4434 0 -64 0
4435 1 63 1
4436 1 63 1
4437 1 63 1
4438 1 63 1
4439 1 63 1
4440 0 -64 0
4441 0 -64 0
4442 0 -64 0
4443 0 -64 0
4444 0 -64 0
4445 0 -64 0
4446 0 -64 0
4447 1 63 1
4448 0 -64 0
4449 1 63 1
4450 1 63 1
4451 0 -64 0
4452 1 63 1
4453 1 63 1
4454 1 63 1
4455 1 63 1
4456 1 63 1
4457 0 -64 0
4458 1 63 1
4459 1 63 1
4460 0 -64 0
4461 0 -64 0
4462 0 -64 0
4463 1 63 1
4464 1 63 1
4465 1 63 1
4466 0 -64 0
4467 1 63 1
4468 0 -64 0
4469 1 63 1
4470 0 -64 0
4471 0 -64 0
4472 1 63 1
4473 0 -64 0
4474 1 63 1
4475 1 63 1
4476 1 63 1
4477 0 -64 0
4478 1 63 1
4479 0 -64 0
4480 1 63 1
4481 1 63 1
4482 1 63 1
4483 0 -64 0
4484 0 -64 0
4485 1 63 1
4486 0 -64 0
4487 1 63 1
4488 0 -64 0
4489 0 -64 0
4490 0 -64 0
4491 1 63 1
4492 1 63 1
4493 1 63 1
4494 1 63 1
4495 1 63 1
4496 0 -64 0
4497 1 63 1
4498 0 -64 0
4499 1 63 1
4500 1 63 1
4501 0 -64 0
4502 0 -64 0
4503 1 63 1
4504 1 63 1
4505 1 63 1
4506 1 63 1
4507 0 -64 0
4508 0 -64 0
4509 0 -64 0
4510 1 63 1
4511 0 -64 0
4512 1 63 1
4513 0 -64 0
4514 0 -64 0
4515 1 63 1
4516 0 -64 0
4517 1 63 1
4518 1 63 1
4519 0 -64 0
4520 0 -64 0
4521 0 -64 0
4522 0 -64 0
4523 0 -64 0
4524 1 63 1
4525 0 -64 0
4526 0 -64 0
4527 0 -64 0
4528 0 -64 0
4529 1 63 1
4530 0 -64 0
4531 1 63 1
4532 1 63 1
4533 1 63 1
4534 0 -64 0
4535 0 -64 0
4536 1 63 1
4537 0 -64 0
4538 0 -64 0
4539 0 -62 0
4540 1 63 1
4541 0 -64 0
4542 1 63 1
4543 1 63 1
4544 0 -64 0
4545 1 63 1
4546 1 63 1
4547 0 -64 0
4548 1 63 1
4549 1 63 1
4550 1 63 1
4551 1 63 1
4552 1 63 1
4553 0 -64 0
4554 1 51 1
4555 1 63 1
4556 1 63 1
4557 1 63 1
4558 0 -64 0
4559 1 63 1
4560 1 63 1
4561 1 63 1
4562 1 63 1
4563 1 63 1
4564 1 63 1
4565 1 63 1
4566 0 -64 0
4567 1 63 1
4568 1 63 1
4569 0 -64 0
4570 1 63 1
4571 1 63 1
4572 1 63 1
4573 0 -64 0
4574 1 63 1
4575 1 63 1
4576 1 63 1
4577 1 63 1
4578 1 63 1
4579 1 63 1
4580 1 63 1
4581 0 -64 0
4582 1 63 1
4583 1 63 1
4584 0 -64 0
4585 1 63 1
4586 0 -64 0
4587 0 -64 0
4588 1 63 1
4589 0 -64 0
4590 0 -64 0
4591 0 -64 0
4592 1 63 1
4593 0 -64 0
4594 1 63 1
4595 0 -64 0
4596 1 63 1
4597 0 -64 0
4598 0 -64 0
4599 1 63 1
4600 1 63 1
4601 1 63 1
4602 1 63 1
4603 1 63 1
4604 0 -64 0
4605 1 63 1
4606 0 -64 0
4607 1 63 1
4608 1 38 1
4609 1 63 1
4610 0 -64 0
4611 0 -64 0
4612 1 63 1
4613 0 -64 0
4614 1 63 1
4615 1 63 1
4616 0 -64 0
4617 1 63 1
4618 0 -64 0
4619 0 -64 0
4620 0 -64 0
4621 1 63 1
4622 1 63 1
4623 1 63 1
4624 1 63 1
4625 1 63 1
4626 1 63 1
4627 0 -64 0
4628 0 -64 0
4629 0 -64 0
4630 1 63 1
4631 0 -64 0
4632 1 63 1
4633 0 -64 0
4634 1 63 1
4635 0 -64 0
4636 1 63 1
4637 0 -64 0
4638 1 63 1
4639 1 63 1
4640 1 63 1
4641 0 -64 0
4642 0 -64 0
4643 1 63 1
4644 0 -64 0
4645 1 63 1
4646 0 -64 0
4647 1 63 1
4648 1 63 1
4649 1 63 1
4650 0 -64 0
4651 1 63 1
4652 0 -64 0
4653 0 -64 0
4654 0 -64 0
4655 0 -64 0
4656 0 -64 0
4657 1 63 1
4658 0 -64 0
4659 0 -64 0
4660 1 63 1
4661 0 -64 0
4662 0 -61 0
4663 1 63 1
4664 1 63 1
4665 1 63 1
4666 1 63 1
4667 0 -64 0
4668 1 63 1
4669 1 63 1
4670 1 63 1
4671 1 63 1
4672 0 -64 0
4673 1 63 1
4674 0 -64 0
4675 0 -64 0
4676 1 63 1
4677 0 -64 0
4678 1 63 1
4679 1 63 1
4680 1 63 1
4681 0 -64 0
4682 0 -64 0
4683 1 63 1
4684 1 63 1
4685 1 62 1
4686 1 63 1
4687 0 -64 0
4688 0 -64 0
4689 0 -64 0
4690 0 -64 0
4691 1 63 1
4692 0 -64 0
4693 1 63 1
4694 1 63 1
4695 0 -64 0
4696 0 -64 0
4697 1 63 1
4698 0 -64 0
4699 0 -64 0
4700 0 -64 0
4701 0 -64 0
4702 0 -64 0
4703 0 -64 0
4704 0 -64 0
4705 1 63 1
4706 0 -64 0
4707 1 63 1
4708 1 63 1
4709 0 -64 0
4710 0 -64 0
4711 1 63 1
4712 1 63 1
4713 1 63 1
4714 0 -64 0
4715 0 -64 0
4716 0 -64 0
4717 1 63 1
4718 1 63 1
4719 1 63 1
4720 1 63 1
4721 1 63 1
4722 1 63 1
4723 0 -64 0
4724 0 -64 0
4725 0 -64 0
4726 0 -64 0
4727 1 63 1
4728 0 -64 0
4729 1 63 1
4730 1 63 1
4731 0 -64 0
4732 1 63 1
4733 0 -64 0
4734 0 -64 0
4735 1 63 1
4736 1 63 1
4737 0 -64 0
4738 0 -64 0
4739 0 -64 0
4740 1 63 1
4741 1 63 1
4742 0 -64 0
4743 1 63 1
4744 0 -64 0
4745 1 63 1
4746 0 -64 0
4747 0 -64 0
4748 1 63 1
4749 0 -64 0
4750 0 -64 0
4751 1 63 1
4752 1 63 1
4753 1 63 1
4754 1 63 1
4755 0 -64 0
4756 0 -64 0
4757 0 -64 0
4758 1 63 1
4759 0 -64 0
4760 1 63 1
4761 0 -64 0
4762 0 -64 0
4763 1 63 1
4764 1 63 1
4765 0 -64 0
4766 1 63 1
4767 1 63 1
4768 0 -64 0
4769 0 -64 0
4770 0 -64 0
4771 1 63 1
4772 0 -64 0
4773 0 -64 0
4774 1 63 1
4775 0 -64 0
4776 1 63 1
4777 0 -64 0
4778 1 63 1
4779 0 -64 0
4780 1 63 1
4781 1 63 1
4782 1 63 1
4783 0 -64 0
4784 1 63 1
4785 1 63 1
4786 0 -64 0
4787 0 -64 0
4788 0 -64 0
4789 1 63 1
4790 1 63 1
4791 1 63 1
4792 1 63 1
4793 1 63 1
4794 0 -64 0
4795 1 63 1
4796 1 63 1
4797 1 63 1
4798 0 -64 0
4799 1 63 1
4800 1 63 1
4801 0 -64 0
4802 1 63 1
4803 1 63 1
4804 1 63 1
4805 0 -64 0
4806 1 63 1
4807 0 -64 0
4808 1 63 1
4809 0 -64 0
4810 0 -64 0
4811 1 63 1
4812 1 63 1
4813 1 63 1
4814 1 63 1
4815 0 -64 0
4816 1 63 1
4817 1 63 1
4818 1 63 1
4819 0 -64 0
4820 1 63 1
4821 1 63 1
4822 0 -64 0
4823 0 -64 0
4824 0 -64 0
4825 0 -64 0
4826 0 -64 0
4827 1 63 1
4828 0 -64 0
4829 0 -64 0
4830 0 -64 0
4831 1 63 1
4832 1 63 1
4833 0 -64 0
4834 1 63 1
4835 1 63 1
4836 0 -64 0
4837 0 -64 0
4838 1 63 1
4839 0 -64 0
4840 0 -64 0
4841 1 63 1
4842 0 -64 0
4843 0 -64 0
4844 0 -64 0
4845 0 -64 0
4846 1 49 1
4847 0 -64 0
4848 1 63 1
4849 0 -64 0
4850 1 63 1
4851 0 -64 0
4852 1 63 1
4853 0 -64 0
4854 1 63 1
4855 0 -64 0
4856 0 -64 0
4857 0 -64 0
4858 0 -64 0
4859 1 63 1
4860 0 -64 0
4861 1 63 1
4862 0 -64 0
4863 1 63 1
4864 1 63 1
4865 1 63 1
4866 1 63 1
4867 1 63 1
4868 1 63 1
4869 1 56 1
4870 1 63 1
4871 0 -64 0
4872 0 -64 0
4873 1 63 1
4874 0 -64 0
4875 0 -64 0
4876 1 63 1
4877 1 63 1
4878 1 63 1
4879 1 63 1
4880 1 63 1
4881 1 63 1
4882 0 -64 0
4883 1 63 1
4884 0 -64 0
4885 1 63 1
4886 0 -64 0
4887 0 -64 0
4888 1 63 1
4889 0 -64 0
4890 1 63 1
4891 1 63 1
4892 1 63 1
4893 1 63 1
4894 1 63 1
4895 0 -64 0
4896 1 63 1
4897 1 63 1
4898 1 63 1
4899 0 -64 0
4900 1 -64 0
4901 0 -64 0
4902 1 63 1
4903 1 63 1
4904 0 -64 0
4905 1 63 1
4906 0 -64 0
4907 1 63 1
4908 0 -64 0
4909 1 63 1
4910 0 -64 0
4911 0 -64 0
4912 1 63 1
4913 1 63 1
4914 1 63 1
4915 1 63 1
4916 1 63 1
4917 0 -64 0
4918 0 -64 0
4919 1 63 1
4920 0 -64 0
4921 1 63 1
4922 0 -64 0
4923 0 -64 0
4924 0 -64 0
4925 0 -64 0
4926 1 63 1
4927 0 -64 0
4928 1 63 1
4929 0 -64 0
4930 0 -64 0
4931 0 -64 0
4932 1 63 1
4933 0 -64 0
4934 0 -64 0
4935 1 63 1
4936 0 -64 0
4937 0 -64 0
4938 1 63 1
4939 1 63 1
4940 1 63 1
4941 0 -64 0
4942 1 63 1
4943 0 -64 0
4944 0 -64 0
4945 0 -64 0
4946 0 -64 0
4947 1 63 1
4948 0 -64 0
4949 0 -64 0
4950 0 -64 0
4951 0 -64 0
4952 1 63 1
4953 1 63 1
4954 1 63 1
4955 1 63 1
4956 0 -64 0
4957 1 63 1
4958 0 -64 0
4959 1 63 1
4960 0 -64 0
4961 1 63 1
4962 1 63 1
4963 1 63 1
4964 1 63 1
4965 1 63 1
4966 1 63 1
4967 1 63 1
4968 1 63 1
4969 1 63 1
4970 0 -64 0
4971 1 63 1
4972 0 -64 0
4973 1 63 1
4974 0 -64 0
4975 0 -64 0
4976 1 63 1
4977 1 63 1
4978 1 63 1
4979 1 63 1
4980 0 -64 0
4981 1 63 1
4982 0 -64 0
4983 1 63 1
4984 1 63 1
4985 0 -64 0
4986 0 -64 0
4987 0 -64 0
4988 0 -64 0
4989 0 -64 0
4990 0 -64 0
4991 0 -64 0
4992 1 63 1
4993 1 63 1
4994 1 63 1
4995 1 63 1
4996 0 -64 0
4997 1 63 1
4998 0 -64 0
4999 0 -64 0
5000 1 63 1
5001 1 63 1
5002 0 -64 0
5003 0 -64 0
5004 0 -64 0
5005 0 -64 0
5006 1 63 1
5007 1 63 1
5008 0 -64 0
5009 1 63 1
5010 0 -64 0
5011 0 -64 0
5012 1 63 1
5013 0 -64 0
5014 0 -64 0
5015 0 -64 0
5016 0 -64 0
5017 0 -64 0
5018 0 -64 0
5019 1 63 1
5020 0 -64 0
5021 0 -64 0
5022 0 -64 0
5023 0 -64 0
5024 1 63 1
5025 1 63 1
5026 1 63 1
5027 0 -64 0
5028 1 63 1
5029 0 -64 0
5030 0 -64 0
5031 1 63 1
5032 1 63 1
5033 0 -64 0
5034 0 -64 0
5035 1 63 1
5036 0 -64 0
5037 1 63 1
5038 1 63 1
5039 1 63 1
5040 1 63 1
5041 1 63 1
5042 0 -64 0
5043 1 63 1
5044 0 -64 0
5045 1 63 1
5046 0 -64 0
5047 0 -64 0
5048 1 63 1
5049 0 -64 0
5050 1 63 1
5051 0 -64 0
5052 1 63 1
5053 1 63 1
5054 0 -64 0
5055 1 63 1
5056 1 63 1
5057 1 63 1
5058 1 63 1
5059 0 -64 0
5060 1 63 1
5061 1 63 1
5062 0 -64 0
5063 0 -64 0
5064 0 -64 0
5065 1 63 1
5066 1 63 1
5067 1 63 1
5068 0 -64 0
5069 1 63 1
5070 1 63 1
5071 1 63 1
5072 0 -64 0
5073 0 -64 0
5074 0 -64 0
5075 1 63 1
5076 0 -64 0
5077 0 -64 0
5078 1 63 1
5079 0 -64 0
5080 0 -64 0
5081 1 63 1
5082 1 63 1
5083 1 63 1
5084 1 58 1
5085 1 63 1
5086 1 63 1
5087 0 -64 0
5088 1 63 1
5089 1 63 1
5090 0 -64 0
5091 1 63 1
5092 1 63 1
5093 1 63 1
5094 1 63 1
5095 0 -64 0
5096 0 -64 0
5097 0 -64 0
5098 1 63 1
5099 0 -64 0
5100 0 -64 0
5101 1 63 1
5102 1 63 1
5103 0 -64 0
5104 1 63 1
5105 1 63 1
5106 0 -64 0
5107 1 63 1
5108 0 -64 0
5109 0 -64 0
5110 0 -64 0
5111 1 63 1
5112 1 63 1
5113 1 63 1
5114 0 -64 0
5115 1 63 1
5116 1 63 1
5117 1 63 1
5118 1 63 1
5119 1 63 1
5120 1 63 1
5121 0 -64 0
5122 0 -64 0
5123 1 63 1
5124 0 -64 0
5125 0 -64 0
5126 0 -64 0
5127 1 63 1
5128 1 63 1
5129 1 63 1
5130 0 -64 0
5131 1 63 1
5132 1 63 1
5133 0 -64 0
5134 1 63 1
5135 1 63 1
5136 0 -64 0
5137 0 -64 0
5138 0 -50 0
5139 1 63 1
5140 1 63 1
5141 1 63 1
5142 1 63 1
5143 1 63 1
5144 1 63 1
5145 0 -64 0
5146 1 63 1
5147 0 -64 0
5148 0 -64 0
5149 1 63 1
5150 0 -64 0
5151 1 63 1
5152 1 63 1
5153 1 63 1
5154 1 63 1
5155 0 -64 0
5156 1 63 1
5157 1 63 1
5158 0 -64 0
5159 0 -64 0
5160 1 63 1
5161 1 49 1
5162 1 63 1
5163 1 63 1
5164 1 63 1
5165 0 -64 0
5166 1 63 1
5167 0 -64 0
5168 1 63 1
5169 1 63 1
5170 0 -64 0
5171 1 63 1
5172 0 -64 0
5173 0 -64 0
5174 1 63 1
5175 1 63 1
5176 0 -64 0
5177 1 63 1
5178 0 -64 0
5179 1 63 1
5180 1 63 1
5181 1 63 1
5182 0 -64 0
5183 1 63 1
5184 1 63 1
5185 1 63 1
5186 1 63 1
5187 0 -64 0
5188 0 -64 0
5189 0 -64 0
5190 0 -64 0
5191 1 63 1
5192 1 63 1
5193 0 -64 0
5194 1 63 1
5195 1 63 1
5196 1 63 1
5197 1 63 1
5198 1 63 1
5199 1 63 1
5200 1 63 1
5201 0 -64 0
5202 1 63 1
5203 1 63 1
5204 1 63 1
5205 0 -64 0
5206 0 -64 0
5207 0 -64 0
5208 0 -64 0
5209 0 -64 0
5210 1 63 1
5211 0 -64 0
5212 0 -64 0
5213 1 63 1
5214 0 -64 0
5215 1 63 1
5216 1 63 1
5217 0 -64 0
5218 0 -64 0
5219 0 -64 0
5220 1 63 1
5221 1 63 1
5222 1 63 1
5223 0 -64 0
5224 1 63 1
5225 0 -64 0
5226 1 63 1
5227 0 -64 0
5228 1 63 1
5229 1 63 1
5230 1 63 1
5231 1 63 1
5232 0 -64 0
5233 0 -64 0
5234 0 -64 0
5235 1 63 1
5236 0 -64 0
5237 1 63 1
5238 0 -61 0
5239 1 63 1
5240 1 63 1
5241 0 -64 0
5242 1 63 1
5243 1 63 1
5244 1 63 1
5245 0 -64 0
5246 0 -64 0
5247 1 63 1
5248 1 63 1
5249 1 63 1
5250 1 63 1
5251 0 -64 0
5252 1 63 1
5253 0 -64 0
5254 0 -64 0
5255 0 -64 0
5256 1 63 1
5257 1 63 1
5258 0 -64 0
5259 1 63 1
5260 1 63 1
5261 0 -64 0
5262 0 -64 0
5263 1 63 1
5264 0 -64 0
5265 1 63 1
5266 1 63 1
5267 1 63 1
5268 1 63 1
5269 0 -64 0
5270 0 -64 0
5271 0 -64 0
5272 1 63 1
5273 1 63 1
5274 1 63 1
5275 1 63 1
5276 0 -64 0
5277 0 -64 0
5278 0 -64 0
5279 0 -64 0
5280 0 -64 0
5281 1 63 1
5282 0 -64 0
5283 1 63 1
5284 1 63 1
5285 1 63 1
5286 1 63 1
5287 0 -64 0
5288 1 63 1
5289 1 63 1
5290 1 63 1
5291 1 63 1
5292 1 63 1
5293 1 63 1
5294 0 -64 0
5295 0 -64 0
5296 0 -64 0
5297 0 -64 0
5298 1 63 1
5299 0 -64 0
5300 1 63 1
5301 1 63 1
5302 1 63 1
5303 0 -64 0
5304 1 63 1
5305 1 63 1
5306 1 63 1
5307 0 -58 0
5308 0 -64 0
5309 0 -64 0
5310 0 -64 0
5311 0 -64 0
5312 0 -64 0
5313 1 63 1
5314 1 63 1
5315 1 63 1
5316 0 -64 0
5317 0 -64 0
5318 0 -64 0
5319 1 63 1
5320 0 -64 0
5321 0 -64 0
5322 1 63 1
5323 1 63 1
5324 0 -64 0
5325 0 -64 0
5326 1 63 1
5327 1 63 1
5328 1 63 1
5329 0 -64 0
5330 0 -64 0
5331 0 -64 0
5332 0 -64 0
5333 0 -64 0
5334 0 -64 0
5335 0 -64 0
5336 1 63 1
5337 0 -64 0
5338 1 63 1
5339 1 63 1
5340 1 63 1
5341 0 -64 0
5342 0 -64 0
5343 0 -64 0
5344 0 -64 0
5345 0 -64 0
5346 0 -64 0
5347 1 63 1
5348 0 -64 0
5349 1 63 1
5350 1 63 1
5351 1 63 1
5352 1 63 1
5353 0 -64 0
5354 0 -64 0
5355 1 63 1
5356 0 -64 0
5357 0 -64 0
5358 1 63 1
5359 1 63 1
5360 0 -64 0
5361 1 63 1
5362 0 -64 0
5363 1 63 1
5364 1 63 1
5365 0 -64 0
5366 1 63 1
5367 0 -64 0
5368 0 -64 0
5369 1 63 1
5370 0 -64 0
5371 1 63 1
5372 0 -64 0
5373 1 63 1
5374 1 63 1
5375 1 63 1
5376 1 37 1
5377 1 63 1
5378 1 63 1
5379 0 -64 0
5380 1 63 1
5381 1 63 1
5382 0 -64 0
5383 0 -64 0
5384 0 -64 0
5385 0 -64 0
5386 1 63 1
5387 0 -64 0
5388 1 63 1
5389 1 63 1
5390 1 63 1
5391 0 -64 0
5392 0 -64 0
5393 0 -64 0
5394 1 63 1
5395 1 63 1
5396 0 -64 0
5397 1 63 1
5398 1 63 1
5399 1 63 1
5400 0 -64 0
5401 1 63 1
5402 0 -64 0
5403 1 63 1
5404 1 63 1
5405 0 -64 0
5406 0 -64 0
5407 0 -64 0
5408 1 63 1
5409 0 -64 0
5410 0 -64 0
5411 1 63 1
5412 1 63 1
5413 0 -64 0
5414 0 -64 0
5415 0 -64 0
5416 0 -64 0
5417 0 -64 0
5418 1 63 1
5419 1 63 1
5420 0 -64 0
5421 1 63 1
5422 0 -64 0
5423 0 -64 0
5424 1 63 1
5425 1 63 1
5426 0 -64 0
5427 1 63 1
5428 0 -64 0
5429 0 -64 0
5430 0 -64 0
5431 0 -64 0
5432 1 63 1
5433 0 -64 0
5434 0 -64 0
5435 0 -64 0
5436 0 -64 0
5437 0 -64 0
5438 1 63 1
5439 0 -64 0
5440 1 63 1
5441 0 -64 0
5442 1 63 1
5443 0 -64 0
5444 1 63 1
5445 0 -64 0
5446 1 63 1
5447 0 -64 0
5448 1 63 1
5449 0 -64 0
5450 1 63 1
5451 0 -64 0
5452 0 -64 0
5453 1 58 1
5454 0 -64 0
5455 1 63 1
5456 0 -64 0
5457 0 -64 0
5458 0 -64 0
5459 0 -64 0
5460 0 -64 0
5461 1 63 1
5462 1 63 1
5463 0 -64 0
5464 0 -64 0
5465 0 -64 0
5466 1 63 1
5467 0 -64 0
5468 1 63 1
5469 1 63 1
5470 1 63 1
5471 0 -64 0
5472 0 -64 0
5473 0 -64 0
5474 0 -64 0
5475 1 63 1
5476 1 63 1
5477 1 63 1
5478 0 -64 0
5479 0 -64 0
5480 0 -64 0
5481 1 63 1
5482 0 -64 0
5483 0 -64 0
5484 0 -64 0
5485 0 -64 0
5486 1 63 1
5487 0 -64 0
5488 1 63 1
5489 1 63 1
5490 0 -64 0
5491 0 -64 0
5492 1 63 1
5493 1 63 1
5494 0 -64 0
5495 1 63 1
5496 0 -64 0
5497 1 63 1
5498 0 -64 0
5499 0 -61 0
5500 0 -64 0
5501 0 -64 0
5502 0 -64 0
5503 0 -64 0
5504 0 -64 0
5505 1 63 1
5506 0 -64 0
5507 0 -64 0
5508 0 -64 0
5509 0 -64 0
5510 0 -64 0
5511 0 -64 0
5512 0 -64 0
5513 1 63 1
5514 1 63 1
5515 1 63 1
5516 0 -64 0
5517 1 63 1
5518 0 -64 0
5519 0 -64 0
5520 1 63 1
5521 1 63 1
5522 1 63 1
5523 0 -64 0
5524 0 -64 0
5525 0 -64 0
5526 0 -64 0
5527 0 -64 0
5528 1 63 1
5529 0 -64 0
5530 1 63 1
5531 0 -64 0
5532 1 63 1
5533 1 63 1
5534 1 63 1
5535 0 -64 0
5536 0 -64 0
5537 1 63 1
5538 1 63 1
5539 1 63 1
5540 0 -64 0
5541 0 -64 0
5542 1 63 1
5543 0 -64 0
5544 1 63 1
5545 0 -64 0
5546 0 -64 0
5547 1 63 1
5548 0 -64 0
5549 0 -64 0
5550 1 63 1
5551 0 -64 0
5552 1 63 1
5553 1 63 1
5554 1 63 1
5555 0 -64 0
5556 0 -64 0
5557 0 -64 0
5558 1 63 1
5559 1 63 1
5560 1 63 1
5561 0 -64 0
5562 1 63 1
5563 1 63 1
5564 1 63 1
5565 1 63 1
5566 1 63 1
5567 0 -64 0
5568 0 63 1
5569 1 63 1
5570 0 -64 0
5571 1 63 1
5572 1 63 1
5573 0 -64 0
5574 1 63 1
5575 0 -64 0
5576 0 -64 0
5577 0 -64 0
5578 0 -64 0
5579 0 -64 0
5580 0 -64 0
5581 1 63 1
5582 0 -64 0
5583 0 -64 0
5584 0 -64 0
5585 0 -64 0
5586 1 63 1
5587 1 63 1
5588 1 63 1
5589 1 63 1
5590 0 -64 0
5591 1 63 1
5592 0 -64 0
5593 1 63 1
5594 1 63 1
5595 0 -64 0
5596 1 63 1
5597 0 -64 0
5598 0 -64 0
5599 0 -60 0
5600 0 -64 0
5601 0 -64 0
5602 0 -64 0
5603 0 -64 0
5604 0 -64 0
5605 0 -64 0
5606 0 -64 0
5607 1 63 1
5608 0 -64 0
5609 0 -64 0
5610 0 -64 0
5611 0 -64 0
5612 1 63 1
5613 1 63 1
5614 1 46 1
5615 1 63 1
5616 1 63 1
5617 1 63 1
5618 0 -64 0
5619 1 63 1
5620 1 63 1
5621 0 -64 0
5622 1 63 1
5623 0 -64 0
5624 0 -64 0
5625 1 63 1
5626 1 63 1
5627 1 63 1
5628 0 -64 0
5629 0 -64 0
5630 1 63 1
5631 0 -64 0
5632 1 63 1
5633 1 63 1
5634 1 63 1
5635 0 -64 0
5636 1 63 1
5637 0 -38 0
5638 1 63 1
5639 1 63 1
5640 1 63 1
5641 1 63 1
5642 0 -64 0
5643 0 -64 0
5644 0 -64 0
5645 0 -64 0
5646 1 63 1
5647 0 -64 0
5648 0 -64 0
5649 0 -64 0
5650 1 63 1
5651 0 -64 0
5652 0 -64 0
5653 0 -64 0
5654 1 63 1
5655 1 63 1
5656 1 63 1
5657 0 -64 0
5658 1 63 1
5659 0 -64 0
5660 1 63 1
5661 1 63 1
5662 1 63 1
5663 1 63 1
5664 1 63 1
5665 1 63 1
5666 1 63 1
5667 1 63 1
5668 0 -51 0
5669 0 -64 0
5670 1 63 1
5671 1 63 1
5672 1 63 1
5673 1 63 1
5674 0 -64 0
5675 1 63 1
5676 0 -64 0
5677 0 -64 0
5678 0 -64 0
5679 0 -64 0
5680 0 -64 0
5681 1 63 1
5682 1 63 1
5683 0 -64 0
5684 1 63 1
5685 0 -64 0
5686 1 63 1
5687 1 63 1
5688 1 63 1
5689 1 63 1
5690 0 -64 0
5691 1 63 1
5692 0 -64 0
5693 1 63 1
5694 1 63 1
5695 1 63 1
5696 1 63 1
5697 0 -64 0
5698 0 -64 0
5699 0 -64 0
5700 0 -64 0
5701 0 -64 0
5702 1 63 1
5703 1 63 1
5704 1 63 1
5705 1 63 1
5706 1 63 1
5707 0 -64 0
5708 1 63 1
5709 1 63 1
5710 1 63 1
5711 0 -64 0
5712 1 63 1
5713 0 -64 0
5714 1 63 1
5715 0 -64 0
5716 1 63 1
5717 0 -64 0
5718 0 -64 0
5719 0 -64 0
5720 0 -64 0
5721 0 -64 0
5722 1 63 1
5723 0 -64 0
5724 0 -64 0
5725 0 -64 0
5726 0 -64 0
5727 0 -64 0
5728 1 63 1
5729 1 63 1
5730 0 -64 0
5731 1 63 1
5732 0 -64 0
5733 1 63 1
5734 0 -64 0
5735 0 -64 0
5736 0 -64 0
5737 1 63 1
5738 0 -64 0
5739 1 63 1
5740 0 -64 0
5741 1 63 1
5742 1 63 1
5743 0 -64 0
5744 1 63 1
5745 0 -64 0
5746 0 -64 0
5747 1 63 1
5748 0 -64 0
5749 1 63 1
5750 0 -64 0
5751 0 -64 0
5752 0 -64 0
5753 1 63 1
5754 1 63 1
5755 1 63 1
5756 0 -64 0
5757 0 -64 0
5758 0 -64 0
5759 1 63 1
5760 1 63 1
5761 0 -64 0
5762 0 -64 0
5763 1 63 1
5764 0 -64 0
5765 1 63 1
5766 0 -64 0
5767 1 63 1
5768 1 63 1
5769 0 -64 0
5770 1 63 1
5771 0 -64 0
5772 1 63 1
5773 0 -64 0
5774 1 63 1
5775 0 -64 0
5776 1 63 1
5777 0 -64 0
5778 1 63 1
5779 1 63 1
5780 0 -64 0
5781 0 -64 0
5782 1 63 1
5783 0 -47 0
5784 0 -64 0
5785 1 63 1
5786 0 -64 0
5787 1 63 1
5788 1 63 1
5789 1 63 1
5790 1 63 1
5791 0 -64 0
5792 1 63 1
5793 0 -64 0
5794 0 -64 0
5795 1 63 1
5796 0 -64 0
5797 0 -64 0
5798 1 63 1
5799 1 63 1
5800 0 -64 0
5801 1 63 1
5802 0 -64 0
5803 1 63 1
5804 0 -64 0
5805 0 -64 0
5806 0 -64 0
5807 1 63 1
5808 0 -64 0
5809 0 -64 0
5810 0 -64 0
5811 1 63 1
5812 1 63 1
5813 0 -64 0
5814 1 63 1
5815 0 -64 0
5816 0 -64 0
5817 0 -64 0
5818 0 -64 0
5819 0 -64 0
5820 0 -64 0
5821 0 -64 0
5822 1 63 1
5823 0 -64 0
5824 1 63 1
5825 0 -64 0
5826 0 -64 0
5827 0 -64 0
5828 1 63 1
5829 0 -64 0
5830 0 -64 0
5831 1 63 1
5832 1 63 1
5833 0 -64 0
5834 1 63 1
5835 0 -64 0
5836 1 63 1
5837 0 -64 0
5838 1 63 1
5839 0 -64 0
5840 0 -64 0
5841 0 -64 0
5842 1 63 1
5843 0 -64 0
5844 1 63 1
5845 0 -64 0
5846 0 -64 0
5847 0 -64 0
5848 1 63 1
5849 1 63 1
5850 1 63 1
5851 0 -64 0
5852 1 63 1
5853 1 63 1
5854 0 -64 0
5855 1 63 1
5856 0 -64 0
5857 1 63 1
5858 1 63 1
5859 0 -64 0
5860 1 63 1
5861 0 -64 0
5862 1 63 1
5863 0 -64 0
5864 0 -64 0
5865 1 63 1
5866 0 -64 0
5867 1 63 1
5868 0 -64 0
5869 1 63 1
5870 0 -64 0
5871 1 63 1
5872 0 -64 0
5873 1 63 1
5874 1 63 1
5875 1 63 1
5876 0 -64 0
5877 1 63 1
5878 0 -64 0
5879 1 63 1
5880 0 -64 0
5881 1 63 1
5882 1 63 1
5883 1 63 1
5884 1 63 1
5885 1 63 1
5886 0 -64 0
5887 0 -64 0
5888 0 -64 0
5889 0 -64 0
5890 0 -64 0
5891 0 -64 0
5892 0 -64 0
5893 1 63 1
5894 0 -64 0
5895 1 63 1
5896 1 63 1
5897 0 -64 0
5898 1 63 1
5899 0 -64 0
5900 0 -64 0
5901 0 -64 0
5902 1 63 1
5903 1 63 1
5904 1 63 1
5905 0 -64 0
5906 1 38 1
5907 1 63 1
5908 0 -64 0
5909 0 -64 0
5910 0 -64 0
5911 1 63 1
5912 1 63 1
5913 0 -64 0
5914 1 63 1
5915 0 -64 0
5916 0 -64 0
5917 0 -64 0
5918 0 -64 0
5919 1 63 1
5920 0 -64 0
5921 1 63 1
5922 1 63 1
5923 0 -64 0
5924 0 -64 0
5925 1 63 1
5926 0 -64 0
5927 0 -64 0
5928 0 -64 0
5929 0 -46 0
5930 0 -64 0
5931 0 -64 0
5932 0 -64 0
5933 1 63 1
5934 0 -64 0
5935 1 63 1
5936 0 -64 0
5937 0 -64 0
5938 0 -64 0
5939 1 63 1
5940 1 63 1
5941 1 63 1
5942 1 63 1
5943 1 63 1
5944 1 63 1
5945 0 -64 0
5946 0 -64 0
5947 1 63 1
5948 1 63 1
5949 1 63 1
5950 0 -64 0
5951 1 63 1
5952 0 -64 0
5953 0 -64 0
5954 1 63 1
5955 1 63 1
5956 1 63 1
5957 0 -64 0
5958 0 -64 0
5959 0 -64 0
5960 1 63 1
5961 0 -64 0
5962 0 -64 0
5963 1 63 1
5964 0 -64 0
5965 0 -64 0
5966 0 -64 0
5967 1 63 1
5968 0 -64 0
5969 0 -64 0
5970 0 -64 0
5971 1 63 1
5972 0 -64 0
5973 0 -64 0
5974 0 -64 0
5975 0 -64 0
5976 1 63 1
5977 1 63 1
5978 1 63 1
5979 1 63 1
5980 0 -64 0
5981 1 63 1
5982 1 63 1
5983 0 -64 0
5984 0 -64 0
5985 1 63 1
5986 0 -64 0
5987 0 -64 0
5988 0 -64 0
5989 1 63 1
5990 1 63 1
5991 1 63 1
5992 0 -64 0
5993 0 -64 0
5994 1 63 1
5995 1 63 1
5996 0 -64 0
5997 0 -64 0
5998 1 63 1
5999 1 63 1
6000 0 -64 0
6001 1 63 1
6002 0 -64 0
6003 0 -64 0
6004 0 -64 0
6005 1 63 1
6006 0 -64 0
6007 0 -64 0
6008 0 -64 0
6009 1 63 1
6010 0 -64 0
6011 0 -64 0
6012 1 63 1
6013 1 63 1
6014 0 -64 0
6015 0 -64 0
6016 0 -64 0
6017 1 63 1
6018 0 -64 0
6019 1 63 1
6020 1 63 1
6021 1 63 1
6022 0 -64 0
6023 1 63 1
6024 1 63 1
6025 0 -64 0
6026 1 63 1
6027 0 -64 0
6028 1 63 1
6029 0 -64 0
6030 0 -64 0
6031 1 63 1
6032 1 63 1
6033 0 -64 0
6034 1 63 1
6035 0 -64 0
6036 0 -64 0
6037 1 63 1
6038 0 -64 0
6039 1 63 1
6040 1 63 1
6041 0 -64 0
6042 0 -64 0
6043 0 -64 0
6044 1 63 1
6045 0 -64 0
6046 1 63 1
6047 0 -64 0
6048 1 63 1
6049 0 -64 0
6050 1 63 1
6051 1 63 1
6052 0 -64 0
6053 0 -64 0
6054 1 63 1
6055 1 63 1
6056 1 63 1
6057 1 63 1
6058 0 -64 0
6059 0 -64 0
6060 1 63 1
6061 0 -64 0
6062 1 63 1
6063 0 -64 0
6064 0 -64 0
6065 1 63 1
6066 1 63 1
6067 1 63 1
6068 1 63 1
6069 1 63 1
6070 0 -64 0
6071 0 -64 0
6072 1 63 1
6073 1 63 1
6074 1 63 1
6075 1 63 1
6076 1 63 1
6077 0 -64 0
6078 1 63 1
6079 0 -64 0
6080 1 63 1
6081 1 63 1
6082 1 63 1
6083 1 63 1
6084 0 -64 0
6085 0 -64 0
6086 0 -64 0
6087 1 63 1
6088 1 63 1
6089 1 63 1
6090 1 54 1
6091 1 63 1
6092 0 -64 0
6093 1 63 1
6094 0 -64 0
6095 1 63 1
6096 0 -64 0
6097 1 63 1
6098 1 63 1
6099 0 -64 0
6100 1 63 1
6101 1 63 1
6102 0 -64 0
6103 0 -64 0
6104 1 63 1
6105 1 63 1
6106 1 63 1
6107 0 -64 0
6108 1 63 1
6109 1 63 1
6110 1 63 1
6111 0 -64 0
6112 0 -64 0
6113 0 -64 0
6114 0 -64 0
6115 1 63 1
6116 0 -64 0
6117 1 63 1
6118 1 63 1
6119 1 63 1
6120 0 -64 0
6121 1 -64 0
6122 0 -64 0
6123 0 -64 0
6124 1 63 1
6125 1 63 1
6126 0 -64 0
6127 1 63 1
6128 0 -64 0
6129 0 -64 0
6130 1 63 1
6131 0 -64 0
6132 1 63 1
6133 1 63 1
6134 0 -64 0
6135 1 63 1
6136 0 -64 0
6137 0 -64 0
6138 0 -64 0
6139 0 -64 0
6140 1 63 1
6141 0 -64 0
6142 0 -64 0
6143 1 63 1
