# idx_orig bit_orig post_llr hard
0 0 -34436.28821621 0
1 0 -30508.38009574 0
2 1 29863.83560454 1
3 1 30856.27219900 1
4 0 -29111.20858975 0
5 1 31270.36677852 1
6 0 -28798.99650343 0
7 0 -27832.38417470 0
8 0 -25210.23197218 0
9 1 28942.30853963 1
10 1 25830.15974448 1
11 1 26444.97470220 1
12 0 -26024.84087959 0
13 1 29437.57530910 1
14 0 -29484.64502187 0
15 1 25469.09019136 1
16 1 26729.33426845 1
17 0 -25627.30251788 0
18 0 -27866.35512417 0
19 0 -26162.25617752 0
20 1 27002.80837148 1
21 0 -30508.91801016 0
22 1 27533.75373008 1
23 1 31108.15113055 1
24 1 30012.41971669 1
25 1 37378.06947361 1
26 0 -35498.05240272 0
27 1 30030.51271945 1
28 1 32727.28497784 1
29 0 -32926.70980310 0
30 1 36385.24864372 1
31 0 -25436.56855182 0
32 1 32474.45660001 1
33 0 -33857.36828053 0
34 1 29204.69072256 1
35 0 -24451.17997061 0
36 1 29092.91378933 1
37 1 32560.07161393 1
38 1 22166.29787475 1
39 0 -29019.19845972 0
40 0 -32547.44355168 0
41 1 30071.06393162 1
42 1 31501.74387372 1
43 0 -23893.46452014 0
44 1 35711.60214186 1
45 1 24121.18254250 1
46 0 -32702.46444520 0
47 1 26011.95995434 1
48 1 30618.16266589 1
49 1 26480.53343396 1
50 1 29240.09122929 1
51 1 33199.87899228 1
52 0 -20224.07099948 0
53 0 -29015.27405642 0
54 0 -26074.79885435 0
55 1 26511.79763862 1
56 1 24590.53053474 1
57 1 25701.72221791 1
58 0 -28042.57442660 0
59 0 -20349.48742140 0
60 0 -30572.46785230 0
61 0 -30570.03687068 0
62 0 -28760.58744378 0
63 0 -30391.68759972 0
64 1 29411.53757917 1
65 0 -31205.20768079 0
66 0 -26523.22012035 0
67 0 -31882.65528463 0
68 0 -28087.09389194 0
69 0 -26437.38965077 0
70 1 28915.55692286 1
71 0 -22241.80658935 0
72 1 25738.55349582 1
73 1 26490.02265480 1
74 0 -29469.01135112 0
75 1 27387.73369606 1
76 0 -23497.30508626 0
77 1 25989.91396096 1
78 0 -22373.38852295 0
79 1 24852.64994134 1
80 0 -29080.11756048 0
81 1 30811.74817204 1
82 1 32989.09334419 1
83 0 -24997.44828246 0
84 1 33162.93060251 1
85 0 -28770.46687843 0
86 1 37146.62588636 1
87 1 31129.19736111 1
88 1 31900.49404668 1
89 0 -32082.39423255 0
90 0 -33511.31721741 0
91 1 35479.30809365 1
92 0 -33046.99538966 0
93 1 35465.99396199 1
94 0 -37086.94676081 0
95 1 24852.61845608 1
96 0 -34535.96535887 0
97 0 -30856.30096214 0
98 0 -25226.21410703 0
99 1 27076.40382572 1
100 1 30908.84120252 1
101 1 25316.82282244 1
102 1 21661.04080046 1
103 1 31478.35522995 1
104 1 31217.48711047 1
105 1 24428.23162367 1
106 0 -26034.25689745 0
107 0 -21901.35397392 0
108 0 -21607.04516912 0
109 0 -21266.85421008 0
110 1 29691.78609201 1
111 0 -23916.89308003 0
112 0 -28508.93823004 0
113 1 18215.10485159 1
114 1 23008.68479919 1
115 1 19973.40387084 1
116 0 -24450.82344820 0
117 0 -29540.01082849 0
118 1 24392.90530812 1
119 0 -25167.95639146 0
120 0 -19162.28382269 0
121 1 23116.15914811 1
122 1 23186.72981925 1
123 1 25229.38142803 1
124 1 31852.96064314 1
125 0 -26085.73987644 0
126 1 29466.69472109 1
127 0 -25103.18377051 0
128 0 -23995.28238792 0
129 0 -21211.93301589 0
130 0 -26543.82170210 0
131 1 29907.86993711 1
132 1 26318.56298910 1
133 0 -27820.22460804 0
134 1 27463.33176828 1
135 0 -35418.24793272 0
136 1 22305.12665156 1
137 0 -37031.68317191 0
138 0 -28044.62513500 0
139 1 29050.86684651 1
140 0 -29295.35463470 0
141 0 -20880.93180862 0
142 0 -31001.62222908 0
143 1 24495.17044750 1
144 0 -33028.43693557 0
145 1 29018.14173991 1
146 1 20643.15191267 1
147 0 -27896.63339892 0
148 1 16510.04810926 1
149 1 26653.59485873 1
150 0 -28353.67032346 0
151 0 -29134.85432094 0
152 0 -23759.21199415 0
153 1 19493.24133989 1
154 1 26904.07356223 1
155 0 -23932.49030095 0
156 1 29150.18001698 1
157 1 22597.73188702 1
158 0 -31032.72629622 0
159 1 30007.03161347 1
160 1 20437.64252277 1
161 0 -32000.20761175 0
162 1 22890.24399793 1
163 1 27183.93501339 1
164 0 -21810.25938673 0
165 0 -30797.05524524 0
166 1 25626.63397967 1
167 1 23632.66791746 1
168 1 30105.70083739 1
169 0 -28650.56943650 0
170 0 -37219.93932649 0
171 1 24745.28039345 1
172 0 -34757.95788496 0
173 0 -30495.21129275 0
174 1 27994.90941246 1
175 1 30379.66374485 1
176 0 -27130.67109335 0
177 1 27648.93871521 1
178 1 27622.28731160 1
179 1 35789.73384211 1
180 1 40125.81597219 1
181 1 34855.39651428 1
182 1 27960.33526709 1
183 0 -25878.04702064 0
184 1 35399.38080236 1
185 0 -22018.36011219 0
186 0 -32700.82030152 0
187 1 34284.07387654 1
188 0 -31492.66756950 0
189 1 27425.84296981 1
190 1 25110.22557211 1
191 1 33029.66232392 1
192 1 23838.59214824 1
193 1 29305.49254239 1
194 1 33881.45115376 1
195 0 -32993.55645011 0
196 0 -29856.76536520 0
197 1 31096.85524776 1
198 1 33511.87226451 1
199 0 -26466.15569535 0
200 0 -28960.73640212 0
201 0 -23183.58564862 0
202 0 -26995.00515628 0
203 0 -18978.95189480 0
204 1 18614.09166531 1
205 0 -25209.37251508 0
206 1 18690.24116167 1
207 1 20658.13720338 1
208 1 21741.60831336 1
209 1 21789.30249358 1
210 0 -18768.71074282 0
211 1 16943.82895128 1
212 1 21723.68663121 1
213 0 -19043.09362629 0
214 1 27180.89818704 1
215 1 27378.94781777 1
216 1 18142.21568300 1
217 1 29255.45263732 1
218 0 -18059.18371404 0
219 1 27167.59839104 1
220 1 15800.41629863 1
221 1 19192.66692677 1
222 1 25873.77663348 1
223 1 14101.81627347 1
224 1 16210.54414846 1
225 0 -15915.14116390 0
226 1 16043.68258098 1
227 1 12918.44846733 1
228 1 12517.80020341 1
229 0 -21228.45428313 0
230 1 13458.45553020 1
231 0 -10218.76902862 0
232 1 13153.95846688 1
233 0 12610.51717278 1
234 0 -7393.67161539 0
235 1 -12242.63128544 0
236 0 -16026.46666124 0
237 1 12306.89268508 1
238 0 -11874.93801506 0
239 0 9282.11127211 1
240 1 19370.41623375 1
241 1 11852.86524858 1
242 1 16095.25930819 1
243 0 -16832.63537892 0
244 1 17656.16662139 1
245 0 -16556.10914444 0
246 1 19606.44030081 1
247 0 -22893.73821658 0
248 0 8238.75640042 1
249 1 19957.27005168 1
250 0 -19958.79083437 0
251 1 15138.51081752 1
252 1 12473.94936805 1
253 1 14693.62209523 1
254 0 -19995.84549158 0
255 0 6284.33397692 1
256 0 -15384.13049558 0
257 1 25824.14560325 1
258 0 -12712.66968098 0
259 0 -18490.02238175 0
260 0 -17958.95401080 0
261 1 24377.14369187 1
262 0 -8545.17227755 0
263 0 -22460.73546660 0
264 0 -22217.28022232 0
265 1 20180.53919985 1
266 0 -18110.77041408 0
267 1 20644.57198316 1
268 0 -30204.80133753 0
269 1 21126.00063936 1
270 1 28398.57325802 1
271 1 27624.07949815 1
272 0 -24927.35583855 0
273 1 25008.34925950 1
274 0 -24670.34449216 0
275 0 -31157.48459062 0
276 0 -24967.95375501 0
277 0 -23667.00900662 0
278 0 -33687.14672792 0
279 1 27226.71574193 1
280 0 -28051.62888099 0
281 0 -29922.29993512 0
282 1 32965.00853971 1
283 0 -22825.70917049 0
284 1 25903.31806217 1
285 0 -39487.34396440 0
286 1 29132.26399278 1
287 0 -27530.04327604 0
288 1 23256.31102913 1
289 1 28364.58749082 1
290 0 -26651.36921303 0
291 1 25133.20341050 1
292 1 22988.79818961 1
293 1 22641.90021606 1
294 0 -26281.80537414 0
295 0 -27553.52828437 0
296 0 -30564.12655861 0
297 1 21793.77619592 1
298 0 -29043.64910463 0
299 1 24905.92990292 1
300 0 -26760.20628439 0
301 0 -20264.20618922 0
302 0 -25670.85792503 0
303 0 -36034.55372431 0
304 0 -32627.49371652 0
305 0 -28229.48822002 0
306 0 -27962.52717234 0
307 0 -28481.45082660 0
308 0 -26092.52635272 0
309 1 34357.11863581 1
310 1 34976.65041404 1
311 1 24037.37950918 1
312 1 28463.88866313 1
313 1 29155.43875963 1
314 0 -32997.96522695 0
315 0 -27539.17021051 0
316 0 -28666.42092840 0
317 1 34992.28370678 1
318 1 18799.99420114 1
319 0 -22032.70930971 0
320 0 -27593.32589363 0
321 0 -23039.86953807 0
322 1 21210.71329177 1
323 0 -19493.72500729 0
324 0 -29260.47013829 0
325 1 19051.55359083 1
326 1 22357.30771857 1
327 1 26527.10129926 1
328 0 -28879.24413959 0
329 1 25983.99951570 1
330 0 -18219.82726084 0
331 1 27890.60429111 1
332 0 -24182.57817608 0
333 1 23550.82297213 1
334 0 -28724.29232663 0
335 1 27221.19217188 1
336 1 28006.83571744 1
337 0 -21622.74587451 0
338 0 -27058.60910944 0
339 1 22747.15555471 1
340 1 25035.85085204 1
341 0 -31372.87042592 0
342 0 -27991.06323406 0
343 0 -25375.20958594 0
344 0 -20226.84173749 0
345 1 32691.09596186 1
346 1 24023.58798853 1
347 1 22984.61599446 1
348 1 32993.25938252 1
349 0 -31634.83668114 0
350 1 23654.40733336 1
351 1 26875.10941823 1
352 1 33506.86092707 1
353 1 25102.04595599 1
354 1 24308.01765709 1
355 0 -33098.68208613 0
356 1 26414.86860166 1
357 0 -26356.46938875 0
358 1 30038.06861336 1
359 1 28732.09847279 1
360 0 -23929.87027677 0
361 0 -24523.96855188 0
362 0 -35144.63371947 0
363 1 22198.75942281 1
364 1 27246.03460824 1
365 1 24662.76670575 1
366 1 33001.32762700 1
367 0 -20881.48437476 0
368 0 -21137.70271585 0
369 1 28207.60295034 1
370 1 22973.61832006 1
371 0 -23821.78911755 0
372 1 25481.38789211 1
373 0 -31672.06577517 0
374 0 -19325.55970807 0
375 1 18945.57919440 1
376 0 -29239.43880537 0
377 1 19428.31062606 1
378 1 18271.50644897 1
379 1 15108.74296265 1
380 1 19465.65047553 1
381 0 -18440.83102388 0
382 1 19725.45553093 1
383 1 25799.42992551 1
384 1 15658.34056435 1
385 1 23744.61352258 1
386 1 16883.46993485 1
387 0 -13979.72024880 0
388 1 16524.64617528 1
389 1 8487.28472826 1
390 0 -20816.53690784 0
391 0 -4665.68169211 0
392 0 -16820.30731283 0
393 1 14517.96192823 1
394 0 -15725.03923499 0
395 1 7298.17608385 1
396 1 13730.17477247 1
397 0 -21711.82708726 0
398 1 7579.05106434 1
399 0 -10069.64694350 0
400 0 -18596.98659440 0
401 1 14919.51237648 1
402 1 13408.95083129 1
403 1 19641.20493289 1
404 0 -22739.98484130 0
405 0 -4665.68169211 0
406 0 -16588.13826175 0
407 1 12576.45862300 1
408 1 16343.19567982 1
409 0 -8075.57027489 0
410 1 15725.15261196 1
411 1 25259.79964530 1
412 1 12981.73066185 1
413 1 22044.80193556 1
414 1 18910.70426331 1
415 1 29714.00726942 1
416 1 22100.64480134 1
417 1 17815.09714650 1
418 0 -30240.20891302 0
419 1 13834.99764467 1
420 0 -15779.58055612 0
421 0 -19781.11815377 0
422 0 -22851.29808330 0
423 0 -11126.19884780 0
424 0 -18466.05826731 0
425 0 -25535.04009692 0
426 1 16871.47992592 1
427 1 14905.47961746 1
428 0 -10606.07167846 0
429 0 -19202.99384485 0
430 1 7140.18599863 1
431 1 19803.25646918 1
432 0 -21507.61866195 0
433 1 19059.39831352 1
434 0 -8690.80660961 0
435 1 11338.13900151 1
436 1 19381.04858570 1
437 0 -13464.10887103 0
438 1 20788.32307666 1
439 1 27205.61540902 1
440 1 14126.04797089 1
441 1 17053.41073984 1
442 1 19651.25584053 1
443 0 -31844.93220082 0
444 0 -22192.96880983 0
445 0 -20515.62079140 0
446 1 27869.71008458 1
447 1 16195.31014310 1
448 0 -22267.28231675 0
449 0 -19344.62781082 0
450 0 -20680.46906145 0
451 1 14930.44132021 1
452 0 -20559.17128653 0
453 0 -25320.06009484 0
454 0 -20268.66399056 0
455 0 -16893.42814822 0
456 0 -28351.59102985 0
457 1 23086.05795511 1
458 1 17711.49842659 1
459 0 -24365.28464422 0
460 0 -28421.63395119 0
461 1 21873.58450029 1
462 0 -27192.71595968 0
463 0 -30668.79589391 0
464 0 -25355.96402073 0
465 1 19692.63347929 1
466 1 30010.85254334 1
467 1 32736.23446713 1
468 0 -26027.33601217 0
469 0 -23437.93774013 0
470 1 29674.26839549 1
471 1 31762.92833053 1
472 1 4598.35022152 1
473 0 -30293.24455957 0
474 0 -29003.80678642 0
475 1 24464.63978576 1
476 1 17587.08443115 1
477 0 -16301.76765326 0
478 0 -23911.22083586 0
479 0 -4962.05722405 0
480 0 -21878.70233878 0
481 1 26500.63273482 1
482 1 20906.01013334 1
483 1 20351.53870315 1
484 0 -21608.02116099 0
485 1 23324.16296848 1
486 0 -18235.58827097 0
487 1 29549.62660315 1
488 1 24996.21161970 1
489 1 25853.09313396 1
490 1 20076.73341422 1
491 1 24746.06963684 1
492 1 23545.44720288 1
493 1 17277.16621021 1
494 0 -22785.66120070 0
495 0 -23344.57168451 0
496 1 21914.37760852 1
497 0 -21445.77355391 0
498 1 22124.48753794 1
499 0 -22615.73260733 0
500 0 -16278.03530760 0
501 0 -23377.03156976 0
502 1 29196.36513108 1
503 1 21494.78833910 1
504 1 23322.16223472 1
505 0 -23075.99471357 0
506 1 28663.91108069 1
507 0 -16912.10209156 0
508 0 -26719.57246808 0
509 0 -26829.22692824 0
510 1 22020.90584367 1
511 1 19442.31025650 1
512 1 26787.27967839 1
513 1 28113.35399352 1
514 1 17969.53026219 1
515 1 28189.69560921 1
516 0 -31391.32960052 0
517 0 -28074.06944726 0
518 0 -18185.79229305 0
519 1 27531.24464252 1
520 1 35416.14045807 1
521 0 -19491.16082350 0
522 1 28373.63237397 1
523 0 -28757.14626254 0
524 1 21584.74163724 1
525 0 -22814.70217058 0
526 1 22657.33296054 1
527 1 23515.53612151 1
528 1 16513.04545550 1
529 1 27753.67716847 1
530 1 25053.40117760 1
531 1 16271.84290426 1
532 0 -17016.56149703 0
533 1 24732.67647794 1
534 1 21478.46231785 1
535 0 -23133.89713464 0
536 1 28419.89800201 1
537 0 -28047.89743947 0
538 1 16521.99679892 1
539 0 -21562.32523111 0
540 0 -22745.52375121 0
541 0 -30424.10915383 0
542 0 -23116.90291421 0
543 0 -31042.36053644 0
544 0 -34888.09172399 0
545 0 -26132.45623519 0
546 1 28984.00833673 1
547 0 -27502.56524641 0
548 0 -35008.17010486 0
549 1 25500.21788932 1
550 1 28560.98683085 1
551 0 -31753.34949189 0
552 1 27770.56330185 1
553 0 -24266.59577620 0
554 1 32141.02711165 1
555 0 -33054.01806481 0
556 0 -31190.14639675 0
557 0 -31037.90241619 0
558 1 25667.63844705 1
559 1 29620.99803976 1
560 1 23948.37116490 1
561 0 -31252.52166845 0
562 0 -25720.56450278 0
563 1 21407.16351110 1
564 0 -26701.54073298 0
565 0 -22477.00332816 0
566 1 23064.24780487 1
567 0 -18137.74218561 0
568 0 -22104.19540723 0
569 0 -23778.87623871 0
570 1 23268.51402369 1
571 1 21642.44073528 1
572 1 22925.77788935 1
573 0 -20610.45361649 0
574 0 -18728.89255557 0
575 0 -24921.17585751 0
576 1 23767.53150163 1
577 1 19909.98819616 1
578 1 21707.01364959 1
579 0 -26974.94829240 0
580 1 25965.69465269 1
581 0 -28128.07393604 0
582 0 -26403.78507126 0
583 0 -29090.04277021 0
584 1 27547.75818534 1
585 0 -27275.49908680 0
586 0 -33064.35595891 0
587 1 28379.59718909 1
588 0 -30306.79108901 0
589 1 22859.98808791 1
590 0 -35099.51468692 0
591 1 23096.37827202 1
592 1 24794.24748817 1
593 0 -34345.91827820 0
594 0 -26633.47546714 0
595 0 -23702.23304916 0
596 1 28195.35614952 1
597 1 30610.83672564 1
598 0 -20470.74705750 0
599 1 24266.05098131 1
600 1 32134.57801431 1
601 1 17795.34859520 1
602 1 23193.58494664 1
603 0 -24648.49649161 0
604 1 22422.41383988 1
605 0 -21586.73622148 0
606 0 -18500.37519133 0
607 1 25143.21714072 1
608 0 -15164.64365755 0
609 1 11559.31036378 1
610 1 11542.15846149 1
611 1 25109.17508092 1
612 1 18303.62846417 1
613 0 -21551.11146252 0
614 0 -22049.58948960 0
615 1 18495.29254570 1
616 0 -12224.81041702 0
617 1 11586.31059528 1
618 1 17825.25022301 1
619 0 -17244.50879728 0
620 0 -27952.29607255 0
621 1 30063.28347453 1
622 0 -21356.56475393 0
623 1 19982.90388846 1
624 1 26214.16786503 1
625 1 26375.76478024 1
626 0 -22755.97482257 0
627 1 29068.65996010 1
628 1 34456.54390239 1
629 0 -19820.32140950 0
630 1 18672.60211471 1
631 0 -23690.04909914 0
632 0 -20099.53422277 0
633 0 -19607.17720378 0
634 1 25828.82947124 1
635 1 36624.97293560 1
636 1 22480.30304247 1
637 0 -24384.83232113 0
638 0 -25479.74516921 0
639 0 -28417.85470994 0
640 0 -23919.53817650 0
641 1 26136.22509330 1
642 0 -29850.25241489 0
643 1 24896.85232931 1
644 1 20263.73623102 1
645 1 23196.99215182 1
646 0 -19688.78468929 0
647 0 -23231.30310242 0
648 1 31417.41034282 1
649 1 32473.65201824 1
650 1 18323.82177937 1
651 1 16918.05688484 1
652 0 -15952.18580209 0
653 0 -18665.77223669 0
654 1 21386.20016937 1
655 1 27707.24750560 1
656 0 -31070.79625950 0
657 0 -24205.20642543 0
658 0 -21475.20262256 0
659 0 -23966.64742223 0
660 0 -26175.43695459 0
661 0 -23054.68361215 0
662 1 27961.00514023 1
663 0 -24700.40464376 0
664 1 18911.21614681 1
665 0 -16640.63501612 0
666 1 15760.40701178 1
667 1 20220.32064129 1
668 0 -18588.91489373 0
669 1 26878.68731579 1
670 0 -24443.68313718 0
671 1 21036.35971851 1
672 0 -17020.46842000 0
673 0 -19889.55012829 0
674 0 -26547.85990863 0
675 1 23362.11644305 1
676 0 -25289.49984893 0
677 1 31229.03831824 1
678 1 21061.55193768 1
679 1 24090.05438087 1
680 1 26187.56682605 1
681 0 -25557.89709139 0
682 0 -22102.98048423 0
683 0 -25755.68213226 0
684 0 -22533.55665009 0
685 0 -31137.14162715 0
686 0 -20748.32538957 0
687 0 -23437.87951429 0
688 0 -24655.55231094 0
689 0 -23222.79816177 0
690 0 -28292.06225729 0
691 0 -22781.46117996 0
692 0 -30842.46932169 0
693 1 19742.92244335 1
694 0 -25078.63436437 0
695 1 28588.54229971 1
696 0 -25137.70978385 0
697 1 23379.64063913 1
698 0 -22446.31840124 0
699 0 -26037.62739908 0
700 1 24567.98673292 1
701 1 22252.94670472 1
702 0 -21302.59237267 0
703 1 27955.98979382 1
704 1 34469.76810614 1
705 1 32186.20885747 1
706 0 -25757.76740721 0
707 0 -20331.45530522 0
708 1 27434.96240792 1
709 0 -26756.10057303 0
710 1 27423.41450451 1
711 1 24914.26771102 1
712 1 32976.96000937 1
713 0 -24410.96965867 0
714 0 -27671.22355658 0
715 1 24179.93214296 1
716 0 -22835.18039372 0
717 0 -23705.44701332 0
718 0 -22511.31212547 0
719 1 31103.75501723 1
720 1 24679.39594656 1
721 1 19825.69856113 1
722 0 -21078.86239257 0
723 1 27772.28252254 1
724 0 -28175.07425949 0
725 0 -32300.75643350 0
726 0 -34586.35508778 0
727 1 29333.81921023 1
728 0 -27322.42733860 0
729 1 22585.96896586 1
730 0 -26215.55358265 0
731 1 22985.17612071 1
732 0 -30526.70025768 0
733 1 33702.88390256 1
734 0 -26124.38800229 0
735 0 -26335.26543013 0
736 1 26351.89759284 1
737 0 -30433.46310795 0
738 0 -24199.27764969 0
739 0 -27197.58294215 0
740 0 -32020.39781818 0
741 1 24472.49894626 1
742 0 -24000.86992619 0
743 1 31961.85307009 1
744 0 -33025.89676814 0
745 0 -23171.81712062 0
746 0 -30926.35445051 0
747 0 -32419.49748002 0
748 1 20638.02747464 1
749 1 24270.88766596 1
750 0 -28283.73369030 0
751 0 -36381.92745024 0
752 1 19249.95163809 1
753 1 26915.85047851 1
754 0 -29237.24734892 0
755 1 17585.21919269 1
756 1 25483.43454317 1
757 0 -17748.87715464 0
758 1 34749.12829033 1
759 1 15605.18161290 1
760 1 19367.74965966 1
761 0 -27987.85845744 0
762 0 -17888.04592931 0
763 1 18628.35963133 1
764 0 -27759.24056967 0
765 0 -28176.97184592 0
766 1 14876.77430745 1
767 0 -19003.83109350 0
768 0 -34828.23528907 0
769 0 -18605.45331351 0
770 0 -14672.68917300 0
771 1 13758.83491384 1
772 1 29108.58474773 1
773 0 -17775.04688956 0
774 0 -24316.10466227 0
775 0 -25809.66224466 0
776 0 -29706.23291470 0
777 0 -17713.40201622 0
778 0 -25570.88217991 0
779 1 36030.81736103 1
780 0 -32610.31121279 0
781 1 30509.98298574 1
782 1 37663.52194758 1
783 1 28846.08854600 1
784 1 26340.70708739 1
785 0 -18553.44385119 0
786 0 -38062.14631869 0
787 0 -27312.79529965 0
788 0 -31617.97713766 0
789 0 -38769.69854745 0
790 0 -21317.01300843 0
791 1 21916.76375885 1
792 1 10343.39221473 1
793 0 -31327.36941313 0
794 1 20394.22155362 1
795 1 26427.99302044 1
796 0 -25600.21449390 0
797 1 24942.59371496 1
798 0 -19586.02717915 0
799 0 -9459.66005304 0
800 1 30062.28578158 1
801 0 -20185.17892972 0
802 0 -27373.16653386 0
803 1 30467.41265569 1
804 0 -25370.23270426 0
805 0 -23584.40355544 0
806 1 13622.83343046 1
807 1 35478.34631715 1
808 1 23910.86276276 1
809 1 28709.44555002 1
810 1 29587.82417633 1
811 1 26307.29086962 1
812 0 -22366.23795682 0
813 1 22447.07035152 1
814 1 28572.13738040 1
815 0 -25432.13944482 0
816 0 -27179.25348277 0
817 1 28585.82731934 1
818 1 30256.78215467 1
819 1 23089.94440186 1
820 0 -27656.83926357 0
821 0 -29119.30553785 0
822 0 -25655.07085165 0
823 1 30719.82515622 1
824 0 -30561.93792416 0
825 1 28084.43048736 1
826 0 -26702.31993242 0
827 1 23895.27642363 1
828 0 -34802.59864236 0
829 0 -24109.80067210 0
830 0 -29933.26280526 0
831 1 34897.09685434 1
832 1 32566.39382242 1
833 1 30430.76101772 1
834 1 25582.89523083 1
835 1 37806.93460990 1
836 0 -32594.35344593 0
837 0 -36417.69770430 0
838 1 38905.19704998 1
839 1 33203.90928788 1
840 0 -29136.04688001 0
841 1 28059.00887748 1
842 0 -34188.02419726 0
843 1 31014.63519094 1
844 1 35360.33195677 1
845 1 32551.22156925 1
846 0 -34122.55675743 0
847 0 -29490.49109581 0
848 0 -28567.90225394 0
849 0 -29752.04173641 0
850 1 26249.22932586 1
851 1 30316.62204825 1
852 1 30443.93346797 1
853 1 33999.94491854 1
854 1 27787.25383648 1
855 0 -22712.67722268 0
856 0 -32470.86588077 0
857 1 24115.71472279 1
858 0 -28393.71538912 0
859 1 30234.16335115 1
860 1 30162.53407656 1
861 1 19304.05633223 1
862 1 24712.98364723 1
863 0 -21955.61234753 0
864 0 -26250.99917287 0
865 1 25875.55464187 1
866 1 34474.77024712 1
867 1 24131.20639823 1
868 0 -17832.38251608 0
869 0 -21167.17793435 0
870 1 21183.08414419 1
871 1 24200.93431553 1
872 1 28325.06642875 1
873 1 32161.19830154 1
874 1 23943.69348889 1
875 0 -17482.12355177 0
876 0 -22679.41426528 0
877 1 30696.25199909 1
878 0 -19955.94800755 0
879 0 -23697.82773267 0
880 0 -25816.23812930 0
881 1 24235.64655731 1
882 1 16483.90969154 1
883 1 17112.29491371 1
884 1 31146.05927560 1
885 1 18462.43816599 1
886 1 22514.51093203 1
887 0 -24046.40009625 0
888 1 27713.80244288 1
889 1 14022.11237903 1
890 1 14945.41557096 1
891 0 -27584.57783599 0
892 1 20492.65402576 1
893 0 -27353.45663128 0
894 1 25620.41699421 1
895 0 -25410.85913781 0
896 0 -15066.02885645 0
897 0 -14636.72830925 0
898 0 -24723.06314329 0
899 0 -24205.56343120 0
900 1 23670.93255612 1
901 1 23366.80728687 1
902 1 27687.89368204 1
903 1 14417.06279076 1
904 0 -12794.62211129 0
905 0 -30122.64760110 0
906 0 -19257.12200616 0
907 0 -23938.59169503 0
908 0 -29676.08890351 0
909 0 -33189.72167238 0
910 1 14740.59098908 1
911 0 -18323.88502283 0
912 1 28855.79930183 1
913 0 -19931.49970265 0
914 1 28342.14790481 1
915 0 -27410.58029851 0
916 1 28934.90240129 1
917 1 17439.96341707 1
918 0 -23501.15346247 0
919 1 34360.25142976 1
920 1 22408.23287117 1
921 1 31370.90365879 1
922 1 33288.79773687 1
923 1 29732.04122113 1
924 1 16105.15890103 1
925 0 -22415.07552488 0
926 0 -28502.65691896 0
927 0 -19602.67428465 0
928 0 -26904.33718757 0
929 0 -27581.46435742 0
930 0 -27873.47300317 0
931 0 -13721.29729038 0
932 1 22123.19209881 1
933 0 -30703.37844445 0
934 0 -21075.13802046 0
935 0 -27442.46913830 0
936 1 26128.14901738 1
937 1 23880.58098382 1
938 0 -13411.37014786 0
939 0 -24864.11029836 0
940 1 27638.31598556 1
941 1 23590.64865675 1
942 0 -25791.16855003 0
943 0 -28175.03232987 0
944 0 -24432.56205390 0
945 0 -15233.18929487 0
946 1 26446.18853003 1
947 1 24631.23704528 1
948 0 -21014.09963355 0
949 0 -26173.05009154 0
950 1 27094.22709333 1
951 1 24121.03855051 1
952 1 14888.61492433 1
953 0 -19428.67348483 0
954 1 27532.65576993 1
955 0 -17820.72574044 0
956 0 -26672.50212934 0
957 0 -27721.35455946 0
958 1 25426.24425768 1
959 1 1935.69922590 1
960 0 -17057.97263478 0
961 1 24329.81031606 1
962 1 19160.78666876 1
963 0 -21494.18096225 0
964 0 -21985.90333106 0
965 0 -23265.55000699 0
966 1 2119.44999507 1
967 0 -18596.70019244 0
968 1 28182.18328431 1
969 1 23169.39799813 1
970 0 -21352.56485764 0
971 0 -24865.90189813 0
972 1 25705.03472955 1
973 1 13201.17528104 1
974 1 16260.35897332 1
975 0 -24027.02427816 0
976 0 -20596.27637270 0
977 0 -27554.64512856 0
978 1 22980.97083320 1
979 0 -22103.81911157 0
980 1 6422.86053714 1
981 0 -13407.03306771 0
982 1 21252.20202343 1
983 1 20880.53582642 1
984 0 -27063.91745247 0
985 0 -23301.53139860 0
986 0 -26903.51660741 0
987 0 -14074.12721295 0
988 1 16158.66266997 1
989 0 -22553.05921216 0
990 0 -20304.74715513 0
991 0 -31613.39644868 0
992 1 22724.62988251 1
993 1 29852.77069755 1
994 1 18160.53905914 1
995 1 16297.50730299 1
996 0 -25387.25919016 0
997 0 -21136.25341654 0
998 0 -35978.90655169 0
999 1 31319.78058234 1
1000 1 31498.10359937 1
1001 1 27880.14495292 1
1002 0 -25802.23632251 0
1003 0 -34661.96782559 0
1004 0 -34704.91326127 0
1005 1 31798.71651814 1
1006 1 32493.59557256 1
1007 1 29108.96787514 1
1008 0 -20234.02372369 0
1009 1 24547.14460201 1
1010 1 34050.21333389 1
1011 1 24348.92209641 1
1012 0 -26653.92276085 0
1013 0 -23383.19230411 0
1014 1 25957.30414009 1
1015 0 -14423.53342897 0
1016 0 -14609.04417096 0
1017 0 -31621.84621103 0
1018 1 17333.78644508 1
1019 0 -18412.18397758 0
1020 1 19371.14157157 1
1021 1 20081.19638819 1
1022 1 9047.60195299 1
1023 0 -14170.89392603 0
1024 1 26628.01794656 1
1025 1 17647.61386039 1
1026 0 -17046.57420326 0
1027 1 22337.16869544 1
1028 0 -20387.27147285 0
1029 0 -14258.16581233 0
1030 0 -18772.81712743 0
1031 0 -27335.41910523 0
1032 0 -21557.92708268 0
1033 1 22741.40929767 1
1034 0 -23295.87606392 0
1035 0 -25805.60343023 0
1036 1 23590.96525975 1
1037 1 21103.10227820 1
1038 0 -26649.03392107 0
1039 1 21965.12828961 1
1040 0 -24248.91933861 0
1041 0 -28230.67685437 0
1042 1 29600.22747495 1
1043 0 -19910.29447908 0
1044 1 21440.63036766 1
1045 1 26521.40450512 1
1046 1 22775.41669730 1
1047 0 -25509.86442249 0
1048 1 22681.60688964 1
1049 1 23293.82426346 1
1050 1 22481.98426588 1
1051 0 -18273.03225800 0
1052 1 27730.96564682 1
1053 1 25352.53960297 1
1054 1 28796.90702256 1
1055 0 -23573.74548494 0
1056 1 23134.57708388 1
1057 1 22989.76673564 1
1058 0 -21348.72478398 0
1059 1 27109.81634200 1
1060 0 -23614.12265295 0
1061 0 -26259.28578023 0
1062 0 -23807.56563093 0
1063 0 -26586.62737346 0
1064 1 24390.13534373 1
1065 1 20177.09562255 1
1066 1 29727.59547821 1
1067 0 -25599.82183389 0
1068 1 23402.91128252 1
1069 0 -29254.43239491 0
1070 1 28971.93289613 1
1071 1 28127.70394908 1
1072 1 26001.32436471 1
1073 1 28811.62395127 1
1074 1 32842.57801732 1
1075 1 30293.09671939 1
1076 0 -29195.10306191 0
1077 1 32228.60983938 1
1078 0 -27422.11850235 0
1079 1 21417.10413992 1
1080 1 34232.79008422 1
1081 1 24853.60711955 1
1082 1 21034.01619578 1
1083 0 -29598.59916808 0
1084 1 37478.88198327 1
1085 1 21785.63160059 1
1086 0 -20978.69236286 0
1087 0 -23662.29754849 0
1088 0 -23183.40440861 0
1089 0 -21107.95134919 0
1090 1 25708.99714425 1
1091 0 -26666.36666158 0
1092 0 -23885.78213432 0
1093 0 -19448.84771256 0
1094 1 20806.75566156 1
1095 1 20463.19419469 1
1096 0 -23630.03841879 0
1097 0 -24028.60969158 0
1098 1 27637.63984516 1
1099 0 -20103.86194593 0
1100 0 -22015.26571957 0
1101 0 -20656.11195096 0
1102 0 -22125.85181410 0
1103 1 21704.19506586 1
1104 0 -19852.30490562 0
1105 0 -20012.68141137 0
1106 0 -17683.22570920 0
1107 1 22457.41028025 1
1108 0 -18393.56862275 0
1109 1 19471.84085115 1
1110 0 -21037.96486490 0
1111 1 19302.45786841 1
1112 1 23036.64936868 1
1113 0 -21104.89095388 0
1114 1 20198.99987724 1
1115 0 -20066.33938565 0
1116 0 -17504.97390550 0
1117 1 20820.97439519 1
1118 1 17750.74318039 1
1119 0 -16025.23918370 0
1120 1 13941.39926075 1
1121 0 -17625.76868268 0
1122 0 -13571.20045064 0
1123 0 -10421.30315893 0
1124 1 12611.87023876 1
1125 1 16665.96344929 1
1126 0 -13446.49518827 0
1127 1 7771.04649507 1
1128 1 2797.22025858 1
1129 0 6937.64313023 1
1130 0 -12874.76017530 0
1131 1 -8845.72397890 0
1132 1 9104.22407822 1
1133 1 -6806.18036152 0
1134 0 -511.04895029 0
1135 0 3877.87660119 1
1136 0 -7204.13116188 0
1137 1 -511.04895029 0
1138 0 9734.11591111 1
1139 0 -8924.39091920 0
1140 1 14442.03879215 1
1141 0 -11169.14131229 0
1142 1 511.04895029 1
1143 0 -14014.29607903 0
1144 1 11920.52791373 1
1145 0 -19081.04380528 0
1146 0 -15725.71679922 0
1147 1 15334.36274645 1
1148 1 10801.00558810 1
1149 1 8512.28776770 1
1150 0 -26416.60781199 0
1151 1 19855.10371502 1
1152 1 15614.78266394 1
1153 0 -14423.57459518 0
1154 0 -14440.27002230 0
1155 1 7554.96454830 1
1156 0 -12970.76925336 0
1157 1 19608.05373988 1
1158 0 -11498.22601936 0
1159 1 15646.90800671 1
1160 1 19981.91953527 1
1161 0 -17597.29473868 0
1162 1 12102.06679741 1
1163 0 -9787.23810711 0
1164 1 25751.75991667 1
1165 1 13309.46306759 1
1166 0 -14686.29531776 0
1167 1 16223.92861417 1
1168 1 15507.91066516 1
1169 1 15547.56067948 1
1170 1 13472.81061585 1
1171 0 -19900.64287758 0
1172 0 -21705.51417550 0
1173 0 -19488.20595586 0
1174 0 -19696.15013987 0
1175 0 -23546.04011910 0
1176 1 16954.88159655 1
1177 0 -18018.62167636 0
1178 0 -21907.32681610 0
1179 1 13238.40957172 1
1180 1 22590.74508734 1
1181 1 20146.11646323 1
1182 0 -31257.44865132 0
1183 1 19328.60501856 1
1184 0 -23253.62298192 0
1185 0 -27836.39278766 0
1186 0 -17080.85488355 0
1187 0 -20065.69765751 0
1188 1 21533.78123175 1
1189 0 -19910.49543466 0
1190 1 19181.30218167 1
1191 0 -19620.03027583 0
1192 0 -25454.04281278 0
1193 0 -19060.10049428 0
1194 1 27405.44959703 1
1195 1 30488.48028670 1
1196 1 30931.48078515 1
1197 0 -22805.74866214 0
1198 1 26130.14728466 1
1199 1 22368.92305537 1
1200 0 -25485.01112388 0
1201 0 -27940.55743241 0
1202 0 -27794.97678974 0
1203 1 26864.27633081 1
1204 0 -19829.63478324 0
1205 1 23056.48215159 1
1206 1 29027.13370890 1
1207 0 -23375.16621525 0
1208 1 27365.00983841 1
1209 1 28022.21139982 1
1210 1 29448.33860281 1
1211 1 18736.83292662 1
1212 1 22211.93413272 1
1213 0 -24745.01105586 0
1214 1 16303.45267656 1
1215 0 -20541.09439473 0
1216 1 20836.61006732 1
1217 1 16585.68311876 1
1218 0 -17048.40390120 0
1219 1 16142.39699122 1
1220 0 -17813.31156079 0
1221 0 -17283.56215541 0
1222 0 -18383.48611783 0
1223 0 -21669.03777978 0
1224 1 14399.83051532 1
1225 0 10429.48182824 1
1226 0 -18451.87861556 0
1227 0 13655.38679556 1
1228 1 -12887.22432712 0
1229 0 16181.98745149 1
1230 1 18611.21434241 1
1231 0 -10627.67323702 0
1232 1 17826.01410882 1
1233 1 20826.65479276 1
1234 0 -25031.52643681 0
1235 1 18750.05896628 1
1236 1 18471.34528938 1
1237 0 -27732.80978490 0
1238 1 19173.70319446 1
1239 0 -31127.15424453 0
1240 0 -26990.76342120 0
1241 0 -24237.39155764 0
1242 0 -15464.49321905 0
1243 0 -24508.13317617 0
1244 1 18188.26751056 1
1245 0 -20302.17046953 0
1246 0 -19971.34705703 0
1247 1 15627.90662898 1
1248 0 -22091.32851216 0
1249 1 8828.43756786 1
1250 1 20117.85031674 1
1251 1 14890.56060136 1
1252 1 15809.83404613 1
1253 0 -13998.73857057 0
1254 1 14653.68404071 1
1255 0 -16823.52062180 0
1256 1 8499.95100237 1
1257 1 21542.31398121 1
1258 0 -23426.77661894 0
1259 1 22513.97377993 1
1260 1 13762.65890115 1
1261 1 14925.81958211 1
1262 0 -19787.46986331 0
1263 0 -11688.04604993 0
1264 0 -18786.49839499 0
1265 0 -16071.28812010 0
1266 1 19945.24206124 1
1267 1 12412.04924558 1
1268 0 -10592.07659867 0
1269 0 -19821.59791111 0
1270 0 -14659.79271212 0
1271 1 16023.02463470 1
1272 0 -15693.38438503 0
1273 1 19312.93913951 1
1274 1 12363.84460455 1
1275 1 13995.62130013 1
1276 0 -21544.41880862 0
1277 1 13760.28856952 1
1278 1 24226.77401408 1
1279 0 -18775.60344477 0
1280 1 19166.31508147 1
1281 0 -12053.07366458 0
1282 1 15813.49554150 1
1283 1 24444.96109256 1
1284 0 -16507.39750243 0
1285 1 14530.36993711 1
1286 0 -16480.49367092 0
1287 0 -20884.28963589 0
1288 1 16855.96955258 1
1289 1 20870.17727564 1
1290 1 14886.91656302 1
1291 1 13861.89206291 1
1292 1 14674.46135082 1
1293 1 21160.43886602 1
1294 1 18371.98247166 1
1295 0 -5072.40827492 0
1296 0 -10930.97693063 0
1297 1 13627.47115428 1
1298 1 8246.55994607 1
1299 1 8185.97524671 1
1300 1 -6656.02118018 0
1301 1 7873.27150601 1
1302 1 -4545.64430200 0
1303 0 -10899.81015547 0
1304 1 -7685.67170742 0
1305 0 3060.54684944 1
1306 0 -6314.79774598 0
1307 0 8315.94525038 1
1308 0 5858.97204313 1
1309 0 -11914.85382762 0
1310 1 10986.88411860 1
1311 0 -11792.89931975 0
1312 0 1985.49996661 1
1313 1 8923.82544092 1
1314 1 15133.67274899 1
1315 1 14156.20331509 1
1316 0 -13303.88333576 0
1317 0 -15468.72660999 0
1318 1 15302.78170483 1
1319 1 10634.02391201 1
1320 0 -16288.14494419 0
1321 1 16174.49549590 1
1322 0 -16081.88467710 0
1323 1 13853.79817819 1
1324 0 -15803.70330613 0
1325 1 20617.17166808 1
1326 1 12492.30138820 1
1327 1 20212.41953515 1
1328 0 -23636.22250815 0
1329 1 18713.92871775 1
1330 1 22803.89483640 1
1331 1 19034.70608137 1
1332 1 20457.46653088 1
1333 1 13702.23313950 1
1334 0 -16764.65191776 0
1335 1 22346.20261983 1
1336 1 21221.84678779 1
1337 1 26814.89513673 1
1338 0 -21107.86408441 0
1339 0 -26679.16814198 0
1340 0 -14187.66395740 0
1341 0 -17714.70394228 0
1342 0 -23409.67346087 0
1343 0 -18676.52115060 0
1344 1 25045.46421672 1
1345 1 21710.81294656 1
1346 1 32963.89512607 1
1347 0 -14461.34018560 0
1348 0 -28408.36357766 0
1349 0 -24715.23911070 0
1350 1 23272.35302947 1
1351 1 27055.07977991 1
1352 0 -27557.18134798 0
1353 1 24503.23999456 1
1354 1 18358.00819293 1
1355 1 24156.97721255 1
1356 1 23883.72258301 1
1357 0 -26007.16141814 0
1358 0 -19288.29003946 0
1359 1 23441.47907264 1
1360 1 24492.19853282 1
1361 0 -15784.59154070 0
1362 0 -23014.67723801 0
1363 1 21045.04418373 1
1364 0 -22849.23860520 0
1365 0 -16431.18153195 0
1366 0 -22617.49760998 0
1367 1 27685.53180230 1
1368 0 -18380.79256933 0
1369 1 30096.02974753 1
1370 0 -22739.55568409 0
1371 1 26277.14280457 1
1372 0 -22287.42922037 0
1373 0 -23235.52384392 0
1374 0 -25908.34178554 0
1375 1 22784.97488679 1
1376 0 -18515.40849623 0
1377 1 27030.92303139 1
1378 0 -21042.00609431 0
1379 0 -23953.59003332 0
1380 1 17548.58015479 1
1381 0 -23658.94934768 0
1382 1 22520.01984594 1
1383 0 -15805.95313018 0
1384 1 21138.00994921 1
1385 0 -20209.99991918 0
1386 0 -24251.03374312 0
1387 1 20099.74211840 1
1388 0 -27969.60798512 0
1389 0 -26823.69281939 0
1390 0 -21411.92515764 0
1391 1 22962.81763666 1
1392 1 27682.35512904 1
1393 0 -28573.51737853 0
1394 0 -25096.24823937 0
1395 1 30442.82499888 1
1396 0 -29021.50966562 0
1397 0 -22706.91387609 0
1398 1 31628.85258590 1
1399 1 34575.16455174 1
1400 0 -23484.38050087 0
1401 0 -26412.48240673 0
1402 0 -31653.00467155 0
1403 1 25253.36479887 1
1404 0 -27853.83006792 0
1405 1 27851.77193690 1
1406 1 30600.72179528 1
1407 1 25208.66440669 1
1408 0 -24611.21129945 0
1409 1 32699.14420446 1
1410 1 25323.83287789 1
1411 0 -24751.98683030 0
1412 1 21671.35778494 1
1413 1 32720.05516532 1
1414 1 28561.55095594 1
1415 0 -22980.66356377 0
1416 1 27860.52205447 1
1417 0 -25981.39391683 0
1418 1 31554.71509100 1
1419 0 -22140.59783931 0
1420 0 -29304.19341820 0
1421 1 29846.49272910 1
1422 0 -24685.45950061 0
1423 0 -25128.03086044 0
1424 0 -19354.20637875 0
1425 0 -27238.42880899 0
1426 0 -15554.64576164 0
1427 0 -28712.00503630 0
1428 1 25131.71643041 1
1429 0 -27172.13012445 0
1430 1 22523.45425006 1
1431 1 18753.21499196 1
1432 1 25033.56592743 1
1433 1 16014.81807682 1
1434 0 -29953.50899664 0
1435 1 19884.74681245 1
1436 0 -35777.32617776 0
1437 0 -25528.74209262 0
1438 0 -13551.01792041 0
1439 1 29026.55546366 1
1440 0 -17741.33814938 0
1441 0 -29187.36477050 0
1442 0 -21684.66727432 0
1443 1 25581.80752534 1
1444 0 -19248.89208362 0
1445 1 14337.50083716 1
1446 1 22146.26598794 1
1447 1 18067.01591682 1
1448 1 29078.91021587 1
1449 0 -19219.09346094 0
1450 1 24009.79430367 1
1451 1 21545.59083224 1
1452 1 18136.48484481 1
1453 0 -21047.37145464 0
1454 1 23702.41053649 1
1455 1 27817.18913043 1
1456 1 19810.53872596 1
1457 1 25196.27096859 1
1458 0 -24764.57760171 0
1459 1 23291.13615089 1
1460 0 -21433.61964295 0
1461 0 -27400.93569069 0
1462 1 24920.38070831 1
1463 0 -20106.57485506 0
1464 0 -23116.20288888 0
1465 1 24975.40827748 1
1466 1 23487.84969404 1
1467 1 23059.37046983 1
1468 1 27415.59806069 1
1469 0 -29300.29684450 0
1470 1 27152.80285087 1
1471 1 27091.99102740 1
1472 0 -26316.84180759 0
1473 0 -26846.30045465 0
1474 1 26079.48175768 1
1475 1 23019.25012661 1
1476 0 -22205.21363600 0
1477 0 -18875.91545004 0
1478 1 27648.57125589 1
1479 0 -22502.79794801 0
1480 1 24327.48754050 1
1481 1 27958.70275204 1
1482 0 -23463.16441915 0
1483 1 21606.83868265 1
1484 0 -21831.08622761 0
1485 0 -28157.23824791 0
1486 1 25779.73972598 1
1487 0 -27914.30882998 0
1488 0 -32781.44640169 0
1489 0 -22391.11678479 0
1490 1 26237.45434015 1
1491 0 -23568.55397777 0
1492 1 29255.47186789 1
1493 1 30255.45692524 1
1494 1 31886.03898570 1
1495 0 -30025.08745244 0
1496 0 -29378.45178091 0
1497 0 -30935.42360935 0
1498 1 25690.44663206 1
1499 1 34616.52610741 1
1500 1 32591.86559083 1
1501 0 -24960.45687143 0
1502 0 -28282.54944563 0
1503 0 -28765.89242747 0
1504 1 33053.83862760 1
1505 0 -20439.71386006 0
1506 1 27869.09796609 1
1507 0 -34044.21986290 0
1508 1 19100.97928712 1
1509 0 -23871.55250207 0
1510 0 -25810.69876913 0
1511 1 29125.38015148 1
1512 0 -18542.51172980 0
1513 1 33707.16722576 1
1514 1 25472.95305086 1
1515 1 19675.15016417 1
1516 1 22813.88782664 1
1517 1 25865.23602373 1
1518 1 33381.27091020 1
1519 1 19295.00839584 1
1520 0 -27948.37906450 0
1521 0 -24482.13799634 0
1522 0 -25000.82382717 0
1523 1 24574.54019646 1
1524 0 -26753.73665536 0
1525 0 -33244.54340514 0
1526 0 -29242.62661874 0
1527 0 -31861.23650216 0
1528 1 32737.63225445 1
1529 1 31345.42067644 1
1530 1 32595.46949875 1
1531 1 36691.03217382 1
1532 1 35952.60022946 1
1533 1 33323.57310492 1
1534 1 35936.66414922 1
1535 1 34605.77069157 1
1536 1 30422.82697473 1
1537 1 34632.95500923 1
1538 1 33045.44661536 1
1539 1 33248.64527714 1
1540 0 -35436.47791710 0
1541 0 -30814.53390656 0
1542 0 -31287.10001034 0
1543 0 -27548.75347539 0
1544 0 -33035.33038019 0
1545 1 27176.65905217 1
1546 0 -24997.70813628 0
1547 0 -23788.16667489 0
1548 1 28934.76235779 1
1549 1 25679.25463147 1
1550 0 -27860.17826029 0
1551 1 32256.89092362 1
1552 1 25633.15281335 1
1553 0 -24509.85291711 0
1554 1 22609.18067891 1
1555 0 -27679.87925049 0
1556 1 24607.33245689 1
1557 1 28341.88846192 1
1558 1 28782.47065047 1
1559 0 -28315.98718999 0
1560 1 26683.80778996 1
1561 1 25010.29067492 1
1562 1 27647.82186105 1
1563 1 30332.44111951 1
1564 1 26686.74674807 1
1565 0 -34917.22921334 0
1566 1 28310.00307197 1
1567 0 -34646.97957081 0
1568 0 -29318.54319417 0
1569 0 -32559.11057862 0
1570 0 -32522.05954170 0
1571 1 31295.28333041 1
1572 1 35364.94568079 1
1573 1 31216.37453094 1
1574 1 28524.88578561 1
1575 0 -23987.42832772 0
1576 0 -28308.90147089 0
1577 0 -23382.29079976 0
1578 1 24380.02047213 1
1579 0 -24974.67618342 0
1580 0 -16624.77271876 0
1581 1 26377.23018504 1
1582 0 -22468.22745252 0
1583 1 30709.84403961 1
1584 1 23231.58956681 1
1585 1 22672.50326943 1
1586 0 -24941.97899993 0
1587 0 -17083.84652222 0
1588 1 27716.98584127 1
1589 1 22035.40164061 1
1590 1 35084.19658676 1
1591 0 -36163.89231179 0
1592 0 -26212.47409008 0
1593 1 23344.78625629 1
1594 0 -26814.98648074 0
1595 1 30661.70900198 1
1596 1 25484.32017744 1
1597 1 26924.10599871 1
1598 1 25331.95783938 1
1599 1 27390.71585898 1
1600 1 30231.35149074 1
1601 0 -28848.77558388 0
1602 1 27847.94667473 1
1603 1 28420.18837491 1
1604 0 -29551.08983411 0
1605 0 -26334.41970076 0
1606 1 28629.58983675 1
1607 1 32606.01748177 1
1608 0 -27109.78681753 0
1609 0 -27652.88755698 0
1610 0 -31410.91431769 0
1611 0 -25557.57244876 0
1612 0 -32461.99774456 0
1613 0 -22349.58448481 0
1614 1 25581.62757139 1
1615 0 -27085.50010805 0
1616 0 -29855.61551301 0
1617 1 29325.88577899 1
1618 1 22282.34353292 1
1619 1 28268.50339633 1
1620 0 -23039.86321092 0
1621 1 26361.36074424 1
1622 0 -27117.17956789 0
1623 0 -29017.28853232 0
1624 0 -30139.26767556 0
1625 1 20965.00858407 1
1626 0 -26010.52463403 0
1627 1 29365.96685715 1
1628 0 -33277.64710096 0
1629 0 -32904.17772077 0
1630 0 -26821.38927061 0
1631 0 -32546.99375569 0
1632 0 -31775.32712101 0
1633 0 -22167.22795280 0
1634 0 -27351.39914605 0
1635 0 -32530.04449583 0
1636 0 -31614.36266517 0
1637 1 26001.33669949 1
1638 0 -21096.74392729 0
1639 0 -32737.58453074 0
1640 1 20440.54103605 1
1641 1 31648.39657854 1
1642 1 31192.95190754 1
1643 1 32142.77709542 1
1644 1 25038.43960857 1
1645 1 20413.59400052 1
1646 1 21895.38075029 1
1647 1 14592.03135452 1
1648 1 24185.97851198 1
1649 0 -28734.17175193 0
1650 1 26051.32601811 1
1651 1 22869.57750222 1
1652 1 19436.61116520 1
1653 0 -26251.77560602 0
1654 0 -28699.34388564 0
1655 1 29608.79919685 1
1656 0 -25486.02029962 0
1657 1 28346.59500492 1
1658 0 -22653.54244889 0
1659 0 -22309.20438212 0
1660 1 21264.92875892 1
1661 1 20215.45538860 1
1662 1 23692.76858926 1
1663 1 25482.71982816 1
1664 1 23859.72763029 1
1665 0 -25885.40154977 0
1666 0 -21946.67400990 0
1667 0 -20727.83697281 0
1668 1 19503.03260070 1
1669 1 23475.24657453 1
1670 1 26984.85253590 1
1671 1 21215.53037338 1
1672 0 -26837.26483562 0
1673 1 26321.49860346 1
1674 1 30350.31014733 1
1675 0 -21281.32326941 0
1676 0 -29534.48991899 0
1677 0 -23633.72055922 0
1678 0 -23591.74047769 0
1679 1 24703.72546074 1
1680 1 26798.77898371 1
1681 1 20956.15054976 1
1682 1 21531.80682914 1
1683 1 24849.82819706 1
1684 0 -26605.11482113 0
1685 0 -14279.31307090 0
1686 1 14977.14741416 1
1687 0 -21045.09885240 0
1688 1 17208.05980932 1
1689 1 23422.53817258 1
1690 1 23731.22299495 1
1691 1 26100.52472610 1
1692 0 -14791.78090992 0
1693 1 17735.75701452 1
1694 0 -27218.19382732 0
1695 0 -24412.83635203 0
1696 1 27426.26911705 1
1697 1 32921.78677679 1
1698 1 22123.70559460 1
1699 1 24976.62009582 1
1700 1 25789.96007521 1
1701 1 25330.22209091 1
1702 1 21446.38431950 1
1703 1 26788.58832925 1
1704 0 -23713.31828353 0
1705 0 -24911.49407417 0
1706 0 -17729.96310923 0
1707 1 19869.44506530 1
1708 1 22351.55984944 1
1709 0 -20307.17335540 0
1710 0 -22218.78167368 0
1711 1 21612.49923506 1
1712 1 23804.60609541 1
1713 1 20107.28929007 1
1714 0 -15299.18809690 0
1715 0 -22876.49058456 0
1716 1 19464.08239854 1
1717 1 14612.94491806 1
1718 0 -18418.75807470 0
1719 0 -16174.24626167 0
1720 1 8647.90767395 1
1721 0 -10572.27568956 0
1722 1 16104.41949486 1
1723 0 -9093.70993504 0
1724 0 -19161.77094296 0
1725 0 -15968.62430233 0
1726 0 -15384.92657161 0
1727 1 9549.92329638 1
1728 1 14128.08957643 1
1729 0 -12031.41857748 0
1730 0 -28443.22956889 0
1731 1 14610.10048156 1
1732 1 13923.27611135 1
1733 0 -12011.76707902 0
1734 1 15158.86237710 1
1735 0 -19369.59944376 0
1736 1 16787.95434583 1
1737 1 11477.61601594 1
1738 1 17486.41411444 1
1739 1 14403.71245957 1
1740 0 -18931.24037552 0
1741 0 -15817.02783855 0
1742 0 -20301.32765097 0
1743 0 -24370.28248021 0
1744 0 -25870.93221023 0
1745 0 -18087.38783516 0
1746 0 -21174.78289527 0
1747 1 19931.76264821 1
1748 0 -15869.89202838 0
1749 1 13000.91317889 1
1750 1 20932.31870140 1
1751 0 -11913.31707259 0
1752 0 -16044.23005594 0
1753 1 8163.91610759 1
1754 1 12770.78974504 1
1755 0 -13629.26525056 0
1756 1 7605.93704284 1
1757 0 -10645.84118916 0
1758 1 20359.99663103 1
1759 0 -15061.69254103 0
1760 0 -13221.84816858 0
1761 1 6688.07482522 1
1762 0 -17078.74904141 0
1763 1 13854.79893261 1
1764 1 14252.20141171 1
1765 0 -14339.61888326 0
1766 0 -21467.02403480 0
1767 0 -17809.78778816 0
1768 1 16244.81698687 1
1769 0 -28981.42006195 0
1770 1 19974.97567326 1
1771 1 21621.78267797 1
1772 1 19667.08377065 1
1773 1 21775.20328343 1
1774 1 18735.70762928 1
1775 0 -13678.36874814 0
1776 0 -15369.69165071 0
1777 1 10615.33034615 1
1778 1 15991.92897334 1
1779 1 12530.34214743 1
1780 0 -14937.86037215 0
1781 0 -13135.64824313 0
1782 1 12926.39525627 1
1783 0 -16794.46627467 0
1784 1 12747.33834576 1
1785 1 19794.30733524 1
1786 1 15880.81096617 1
1787 1 9402.85580834 1
1788 1 14146.95650840 1
1789 1 16361.21172324 1
1790 0 -11355.57580919 0
1791 0 -9315.57397180 0
1792 0 -13901.40201047 0
1793 0 -5035.11410300 0
1794 1 -4562.32544255 0
1795 1 9135.55827670 1
1796 1 -4526.70581508 0
1797 0 4621.63404950 1
1798 0 4526.70581508 1
1799 1 8673.37361216 1
1800 1 11763.74415345 1
1801 1 11003.19871643 1
1802 0 -9046.56534050 0
1803 1 6785.51591559 1
1804 1 17784.45537317 1
1805 0 -11569.48792920 0
1806 1 16032.10545924 1
1807 1 19657.74579123 1
1808 0 -22069.11576025 0
1809 1 14810.66403453 1
1810 1 14622.71997586 1
1811 1 14409.28515032 1
1812 1 18581.42900024 1
1813 0 -19316.53302425 0
1814 0 -22667.44843766 0
1815 1 16954.12414263 1
1816 0 -20558.60989862 0
1817 0 -23156.60170131 0
1818 0 -19143.26133970 0
1819 1 22300.43693032 1
1820 0 -20980.67716917 0
1821 1 21342.73151882 1
1822 1 16858.18091360 1
1823 0 -25373.31031908 0
1824 0 -19244.57349487 0
1825 1 23626.01399239 1
1826 1 24219.27169580 1
1827 1 25689.19561070 1
1828 0 -25511.28167894 0
1829 0 -26881.89306914 0
1830 1 20931.23812371 1
1831 1 18171.16288049 1
1832 0 -26121.89872877 0
1833 1 24262.29969753 1
1834 1 32045.95938327 1
1835 1 25875.84472977 1
1836 1 27415.00240667 1
1837 1 21947.90170404 1
1838 0 -28753.56442760 0
1839 1 25281.05356628 1
1840 1 24352.24398133 1
1841 1 21266.15755393 1
1842 0 -30898.34516016 0
1843 1 26031.50339086 1
1844 1 18822.77309883 1
1845 0 -23605.86232325 0
1846 1 20008.93083899 1
1847 0 -24251.20536774 0
1848 1 20267.84900955 1
1849 1 20724.09040452 1
1850 1 16676.86983747 1
1851 1 17727.50279377 1
1852 1 20109.96755397 1
1853 0 -15729.88589978 0
1854 1 21358.06033908 1
1855 0 -18828.72460878 0
1856 1 21689.63169206 1
1857 0 -19584.65530849 0
1858 0 -19504.11384362 0
1859 0 -22368.15939214 0
1860 0 -14584.92148723 0
1861 1 22648.71411150 1
1862 0 -24344.87579593 0
1863 1 21131.33131095 1
1864 1 20857.03796701 1
1865 0 -20076.37105736 0
1866 0 -21034.08765265 0
1867 0 -18378.46185651 0
1868 0 -22542.37578896 0
1869 0 -23342.06437588 0
1870 0 -24197.94548557 0
1871 0 -19983.53408670 0
1872 0 -22901.48058364 0
1873 1 16598.99617678 1
1874 0 -19859.79117664 0
1875 0 -22523.61139540 0
1876 0 -24013.09987641 0
1877 0 -23748.48956179 0
1878 0 -20369.05772336 0
1879 1 23634.62033394 1
1880 0 -15927.12110700 0
1881 1 25838.51600631 1
1882 1 22662.88937515 1
1883 0 -23272.25569933 0
1884 1 19009.76837304 1
1885 0 -20944.80760060 0
1886 0 -25610.36791939 0
1887 0 -14480.19699251 0
1888 0 -31549.38989366 0
1889 1 33797.08779492 1
1890 0 -23232.99082244 0
1891 1 19679.37570550 1
1892 1 27484.90678397 1
1893 0 -35342.33118217 0
1894 1 21295.76422999 1
1895 1 27689.81930986 1
1896 0 -28401.34743796 0
1897 0 -27150.68913957 0
1898 1 28747.16260318 1
1899 1 32716.14872832 1
1900 0 -35237.78333983 0
1901 1 23549.68016628 1
1902 0 -30695.02598189 0
1903 1 27977.65787931 1
1904 0 -23446.38009660 0
1905 0 -29552.13199911 0
1906 1 30090.28256108 1
1907 1 35848.77076223 1
1908 0 -24477.97047106 0
1909 0 -28096.43740270 0
1910 0 -21453.72888678 0
1911 0 -22913.37465594 0
1912 0 -21266.24143166 0
1913 0 -33143.78702712 0
1914 1 23888.80077438 1
1915 1 25745.94180693 1
1916 0 -16891.33999116 0
1917 1 21612.99399511 1
1918 0 -18594.30313387 0
1919 1 22344.30233541 1
1920 0 -24190.17777126 0
1921 0 -22122.79845236 0
1922 0 -18213.24557938 0
1923 1 16928.69672642 1
1924 1 19816.21894266 1
1925 0 -21442.95285370 0
1926 1 29388.63463728 1
1927 0 -26750.68994364 0
1928 1 24142.04894665 1
1929 0 -22910.15297355 0
1930 1 27897.68405415 1
1931 1 16036.48468265 1
1932 0 -24701.89324292 0
1933 0 -21054.58416110 0
1934 0 -25848.69964794 0
1935 0 -22204.71948534 0
1936 1 22306.15097996 1
1937 0 -21785.11431884 0
1938 1 18140.23777570 1
1939 1 17798.79073802 1
1940 1 18620.74565746 1
1941 0 -23510.75101013 0
1942 0 -18260.47252484 0
1943 1 22636.33605336 1
1944 0 -23510.68179075 0
1945 0 -14354.41238135 0
1946 0 -24138.58493742 0
1947 0 -20554.40200737 0
1948 0 -25692.83719691 0
1949 1 17424.80042022 1
1950 0 -17567.71973517 0
1951 0 -21659.88611163 0
1952 0 -14775.80369302 0
1953 1 17011.45064733 1
1954 1 26976.50077218 1
1955 1 28482.79331878 1
1956 0 -24414.94643625 0
1957 0 -21880.43355010 0
1958 0 -24395.01401516 0
1959 0 -24873.23854685 0
1960 0 -23052.34853662 0
1961 0 -30041.72768875 0
1962 1 31192.75072197 1
1963 1 28762.28511272 1
1964 0 -21071.83782620 0
1965 0 -20742.45601661 0
1966 0 -25734.03768997 0
1967 0 -32036.16617153 0
1968 0 -30005.50105719 0
1969 0 -25418.69550147 0
1970 0 -28002.71660537 0
1971 1 23864.19596243 1
1972 1 18305.28458569 1
1973 1 20058.24237042 1
1974 0 -31465.12047020 0
1975 0 -25848.84515051 0
1976 1 19494.51039815 1
1977 0 -18592.08528801 0
1978 1 22707.63912674 1
1979 0 -15717.65884370 0
1980 1 21525.76255207 1
1981 0 -20576.31292482 0
1982 0 -20784.73143575 0
1983 0 -21166.81861791 0
1984 0 -20072.59076107 0
1985 0 -19460.16871358 0
1986 1 14859.62807962 1
1987 1 18552.24621284 1
1988 1 19686.55217671 1
1989 1 21389.67833846 1
1990 1 23401.13681270 1
1991 1 26491.36132975 1
1992 0 -19709.20070329 0
1993 1 19584.86341625 1
1994 1 18835.00917666 1
1995 0 -19325.74732786 0
1996 1 26360.15279145 1
1997 1 28526.23518240 1
1998 0 -19301.77791503 0
1999 0 -21123.66412875 0
2000 0 -20438.33814998 0
2001 1 30976.54843221 1
2002 0 -26984.87370712 0
2003 0 -29005.59881879 0
2004 1 27246.50038985 1
2005 0 -23164.56784617 0
2006 0 -23856.93200993 0
2007 1 25668.79027264 1
2008 0 -33098.08791996 0
2009 1 31586.57153851 1
2010 0 -30162.37636102 0
2011 1 27855.83464523 1
2012 1 27238.86433094 1
2013 1 20344.36376516 1
2014 0 -20200.93148339 0
2015 1 18962.60891643 1
2016 1 23836.82555819 1
2017 0 -18907.86309200 0
2018 0 -23350.98840671 0
2019 0 -27354.37161564 0
2020 1 20026.56665283 1
2021 0 -16709.02199866 0
2022 0 -18167.83600223 0
2023 0 -25451.35184111 0
2024 0 -20007.02945284 0
2025 1 28596.66356592 1
2026 0 -28630.62432434 0
2027 1 28572.96335336 1
2028 0 -22122.69800221 0
2029 0 -26845.93196794 0
2030 0 -32593.87810592 0
2031 0 -28041.40906547 0
2032 1 26777.41587487 1
2033 0 -24739.34948946 0
2034 1 21063.76903363 1
2035 0 -24092.80315690 0
2036 1 25192.32494914 1
2037 0 -26466.55438919 0
2038 1 29573.07248951 1
2039 1 25627.85140856 1
2040 0 -21791.33611232 0
2041 0 -20607.58215580 0
2042 1 19179.69955921 1
2043 0 -26697.62642157 0
2044 1 28284.39804831 1
2045 1 26089.40140522 1
2046 0 -31059.30182863 0
2047 0 -23289.73310165 0
2048 1 30811.62930295 1
2049 0 -22649.59430457 0
2050 1 33163.77372352 1
2051 0 -28027.86705286 0
2052 1 25991.32778794 1
2053 1 34459.07413236 1
2054 0 -22999.42239878 0
2055 0 -34335.33579570 0
2056 1 27591.42241972 1
2057 1 29333.21175870 1
2058 1 26858.45944057 1
2059 0 -28155.57551672 0
2060 0 -28182.34021028 0
2061 0 -28606.20479111 0
2062 0 -31182.89343910 0
2063 1 28589.35711149 1
2064 1 30778.99361215 1
2065 1 25045.54653892 1
2066 1 26203.11019317 1
2067 0 -24314.83730745 0
2068 0 -38563.87374781 0
2069 1 29658.57223784 1
2070 0 -20842.59691527 0
2071 1 30372.19259951 1
2072 1 30088.41327959 1
2073 0 -26818.18126334 0
2074 0 -19319.89843023 0
2075 1 26613.89536801 1
2076 1 31150.79518151 1
2077 0 -19453.23680319 0
2078 1 27684.98502099 1
2079 1 23086.26078246 1
2080 0 -24642.48553580 0
2081 1 18754.41730686 1
2082 1 25205.73384188 1
2083 0 -26676.44948641 0
2084 1 21293.12725967 1
2085 0 -18203.17436041 0
2086 1 18055.42440509 1
2087 1 22242.38532712 1
2088 0 -18793.90970284 0
2089 0 -28020.93089539 0
2090 0 -23633.15791314 0
2091 0 -25715.76832740 0
2092 1 18068.42297436 1
2093 0 -19019.34723253 0
2094 0 -21752.15758634 0
2095 0 -20412.94625247 0
2096 0 -27609.27199647 0
2097 0 -27480.09541786 0
2098 1 18176.75750208 1
2099 0 -20400.59728193 0
2100 0 -22725.90045027 0
2101 0 -20514.87638607 0
2102 0 -24776.66326146 0
2103 1 21932.08214528 1
2104 1 27257.16027917 1
2105 0 -18167.75935152 0
2106 0 -22680.62175778 0
2107 1 22959.74290753 1
2108 0 -19455.66255678 0
2109 1 20568.14868597 1
2110 1 29147.49566829 1
2111 1 34623.77287085 1
2112 1 20515.67960503 1
2113 0 -25593.70322918 0
2114 0 -30998.69889514 0
2115 0 -27521.61067155 0
2116 0 -24722.61445037 0
2117 1 25587.32421325 1
2118 1 29175.88736692 1
2119 0 -23605.95220339 0
2120 1 24609.63631721 1
2121 1 29247.13776676 1
2122 1 28278.68035654 1
2123 1 32082.66159967 1
2124 1 30318.91333002 1
2125 0 -27708.08452552 0
2126 1 32878.62970384 1
2127 0 -25141.87612388 0
2128 0 -27035.31716279 0
2129 0 -24146.81580031 0
2130 1 34027.66527260 1
2131 1 27631.34688467 1
2132 0 -29593.57416950 0
2133 0 -29245.02731723 0
2134 1 31472.12746745 1
2135 0 -22981.16362225 0
2136 1 24789.23699220 1
2137 0 -32096.10720945 0
2138 0 -29342.72916690 0
2139 1 18296.56950154 1
2140 0 -21826.28177614 0
2141 1 20815.74941747 1
2142 1 15934.78671946 1
2143 0 -23444.69419765 0
2144 1 25573.16962121 1
2145 0 -26427.74419400 0
2146 1 16310.14263153 1
2147 1 21851.40856966 1
2148 0 -18574.53746233 0
2149 0 -19417.93902787 0
2150 1 20437.03844384 1
2151 1 20406.07390161 1
2152 0 -21638.21947752 0
2153 0 -16789.49321755 0
2154 0 -17394.66798594 0
2155 0 -15425.12539346 0
2156 1 14632.56164039 1
2157 1 15289.14935503 1
2158 1 16213.23446041 1
2159 1 17324.95360737 1
2160 0 -14610.01728240 0
2161 0 -11082.03980843 0
2162 1 13348.97109115 1
2163 0 -14799.19847932 0
2164 0 -15291.71220613 0
2165 0 -20127.95776438 0
2166 0 -17138.26904720 0
2167 0 -14209.25783029 0
2168 0 -15673.41602609 0
2169 0 -17354.15955365 0
2170 1 19827.70556631 1
2171 0 -30613.87613952 0
2172 0 -27211.97033514 0
2173 0 -31562.92406159 0
2174 0 -21742.36025995 0
2175 0 -27019.03836942 0
2176 1 24273.59122302 1
2177 1 22214.11259019 1
2178 1 27596.84970286 1
2179 0 -25614.44493802 0
2180 0 -27527.33949178 0
2181 0 -24006.93537390 0
2182 0 -20445.70354432 0
2183 0 -25275.54254205 0
2184 0 -23301.71968065 0
2185 0 -25906.59114833 0
2186 1 26579.65628578 1
2187 0 -28559.13656599 0
2188 0 -19953.59607430 0
2189 1 20306.95492325 1
2190 0 -24558.81431118 0
2191 1 18177.22866442 1
2192 0 -23673.00792319 0
2193 1 17851.71003395 1
2194 1 27656.22622980 1
2195 1 9039.96540828 1
2196 1 17579.22281501 1
2197 0 -15416.18277350 0
2198 1 18279.84997413 1
2199 0 -17108.86963614 0
2200 1 24817.20568157 1
2201 0 -26304.11853537 0
2202 0 -17230.92609312 0
2203 0 -22531.15174329 0
2204 0 -23030.81859694 0
2205 1 16463.60452017 1
2206 0 -25296.27784263 0
2207 0 -25452.78712033 0
2208 1 23457.55245560 1
2209 0 -20895.95115977 0
2210 0 -22646.97687848 0
2211 1 30104.52962921 1
2212 1 22302.28415653 1
2213 1 24486.08084206 1
2214 0 -30719.83222944 0
2215 0 -32028.18205904 0
2216 0 -20810.39918262 0
2217 0 -20191.67807664 0
2218 1 30950.95246577 1
2219 0 -21505.49146976 0
2220 1 30275.08990426 1
2221 0 -26561.80930714 0
2222 1 25675.50932416 1
2223 1 16915.71046910 1
2224 0 -15304.57499569 0
2225 1 23536.26213545 1
2226 1 16173.08784625 1
2227 0 -25662.47652446 0
2228 1 24124.30520126 1
2229 0 -23540.49218374 0
2230 0 -16384.97633510 0
2231 1 9631.99411156 1
2232 0 -21867.18364948 0
2233 1 14355.54392259 1
2234 1 25601.46849189 1
2235 0 -26034.31441003 0
2236 0 -28320.98342277 0
2237 1 15272.61098306 1
2238 0 -19633.58777462 0
2239 1 19113.20816837 1
2240 1 10233.91641194 1
2241 0 -25045.33157910 0
2242 0 -23646.18745405 0
2243 1 24629.41309515 1
2244 1 19969.97755232 1
2245 1 -8506.04469574 0
2246 0 -23348.73738658 0
2247 1 4897.13515107 1
2248 0 -26315.49341604 0
2249 0 -24848.32658838 0
2250 0 -22507.26502556 0
2251 0 8568.46549597 1
2252 0 -13493.89583837 0
2253 1 26403.67290945 1
2254 1 -4897.13515107 0
2255 0 -25283.52976862 0
2256 0 -24125.37337259 0
2257 0 -23812.76131198 0
2258 1 15624.44620578 1
2259 0 -14074.48817058 0
2260 1 26852.03443503 1
2261 0 -12542.41646706 0
2262 0 -26428.85009346 0
2263 0 -23443.86782035 0
2264 1 25839.72655007 1
2265 0 -15447.25497442 0
2266 0 -18815.74547150 0
2267 0 -22197.25102520 0
2268 0 -14779.88243873 0
2269 1 23923.52457329 1
2270 1 25490.86428455 1
2271 1 19287.38653165 1
2272 1 20776.84585791 1
2273 1 19874.61221786 1
2274 0 -24879.82728450 0
2275 0 -14947.78630363 0
2276 0 -31131.59510402 0
2277 0 -22916.85915231 0
2278 1 19711.07479608 1
2279 0 -18756.76716576 0
2280 1 15752.92975597 1
2281 0 -20829.78624622 0
2282 0 -13985.57399276 0
2283 0 -19199.47042786 0
2284 1 16335.40192442 1
2285 1 20363.21473803 1
2286 1 13500.72067374 1
2287 0 -18807.71799934 0
2288 1 20192.66196965 1
2289 0 -21019.07998632 0
2290 0 -21685.41126913 0
2291 0 -22612.19254382 0
2292 1 26725.06047406 1
2293 1 23207.56803474 1
2294 0 -27434.90797660 0
2295 1 33240.94847155 1
2296 1 22869.63832248 1
2297 1 25170.91113413 1
2298 1 26663.75307662 1
2299 0 -32719.23058349 0
2300 0 -23159.14010956 0
2301 1 25572.34639857 1
2302 0 -24450.29450595 0
2303 1 20634.58978861 1
2304 1 23481.11031758 1
2305 0 -17087.54047000 0
2306 0 -27068.98800222 0
2307 0 -21169.72825825 0
2308 1 20961.01690064 1
2309 1 20764.43032349 1
2310 0 -17253.85052878 0
2311 0 -17917.78310717 0
2312 0 -16191.76263480 0
2313 0 -20130.46687812 0
2314 0 -19529.19263894 0
2315 0 -19730.53309526 0
2316 1 17820.58684414 1
2317 1 18355.36863497 1
2318 0 -17451.31434854 0
2319 1 18227.44182474 1
2320 1 19010.85544886 1
2321 0 -17049.67571805 0
2322 1 15761.80223642 1
2323 0 -23693.49226794 0
2324 0 -29441.64155917 0
2325 1 24161.68379740 1
2326 0 -22959.85034586 0
2327 0 -20555.08545964 0
2328 0 -32270.86494444 0
2329 0 -18082.77522651 0
2330 0 -30562.38622560 0
2331 0 -23398.77829872 0
2332 1 29855.72771437 1
2333 0 -19647.00791021 0
2334 1 23115.80775250 1
2335 0 -25971.58956528 0
2336 0 -20669.63052318 0
2337 0 -27106.46945839 0
2338 1 25515.75423018 1
2339 1 26397.58831709 1
2340 1 18931.88106171 1
2341 0 -22468.82686996 0
2342 1 23961.40641015 1
2343 1 17197.27052085 1
2344 1 24527.18936562 1
2345 1 20565.57485100 1
2346 1 22778.88648244 1
2347 1 23489.24894431 1
2348 1 28964.63288036 1
2349 0 -28924.30260070 0
2350 0 -21682.01593963 0
2351 0 -34104.10272672 0
2352 0 -27869.11549016 0
2353 0 -25377.95405297 0
2354 1 29584.04341764 1
2355 1 24130.27739059 1
2356 1 24201.60675429 1
2357 1 20741.47555940 1
2358 0 -31361.60889562 0
2359 1 22840.84893516 1
2360 0 -22946.29249102 0
2361 1 24050.61335436 1
2362 1 25060.51765685 1
2363 1 22250.80197341 1
2364 0 -18176.82206455 0
2365 1 31622.10020516 1
2366 0 -26337.09646159 0
2367 0 -23001.46010821 0
2368 1 23526.46836126 1
2369 1 32574.17510289 1
2370 0 -27267.72808852 0
2371 0 -25486.01245846 0
2372 1 31457.96179817 1
2373 0 -27118.05095711 0
2374 0 -32077.17239476 0
2375 0 -35108.05747047 0
2376 0 -33224.76181665 0
2377 0 -29390.88810311 0
2378 0 -28694.24492017 0
2379 1 31577.60295862 1
2380 0 -29488.95388227 0
2381 1 28523.31968399 1
2382 1 29998.33748302 1
2383 1 30354.17437206 1
2384 0 -30403.40791975 0
2385 0 -29670.87921114 0
2386 1 35168.09939329 1
2387 0 -31159.71913721 0
2388 0 -30222.45938404 0
2389 1 36698.56576207 1
2390 1 36496.97530248 1
2391 0 -30187.33181876 0
2392 0 -30884.84211471 0
2393 0 -31710.99528641 0
2394 1 27106.81080041 1
2395 0 -29869.96606322 0
2396 1 31960.45093898 1
2397 1 31388.31733958 1
2398 0 -28093.34604380 0
2399 1 22823.20416246 1
2400 0 -30318.55570903 0
2401 1 27212.97547970 1
2402 0 -29449.84400706 0
2403 1 29294.15176607 1
2404 1 28904.78561527 1
2405 0 -28144.61967609 0
2406 0 -23287.50642390 0
2407 0 -29046.12874935 0
2408 0 -31184.58554124 0
2409 1 34963.78575795 1
2410 1 37849.97547528 1
2411 0 -33966.98948404 0
2412 1 35342.73696311 1
2413 0 -33288.49931565 0
2414 0 -31844.47811617 0
2415 1 35865.01385254 1
2416 0 -43246.48240061 0
2417 1 32577.77868728 1
2418 0 -34731.56935438 0
2419 0 -32803.02525190 0
2420 1 33294.82105417 1
2421 1 29275.25128167 1
2422 0 -35604.63288699 0
2423 0 -33617.22844603 0
2424 1 30706.80837086 1
2425 1 36895.26104550 1
2426 1 29775.97490476 1
2427 0 -23260.28501741 0
2428 0 -25034.45507794 0
2429 0 -27058.15285949 0
2430 0 -28074.48002337 0
2431 1 34713.46495898 1
2432 0 -36967.97224019 0
2433 0 -30774.80860118 0
2434 1 20323.54098255 1
2435 0 -23446.39990318 0
2436 1 26959.07752836 1
2437 1 29334.78643522 1
2438 1 32226.14967976 1
2439 0 -34039.73001978 0
2440 0 -30751.38331272 0
2441 0 -28383.87127931 0
2442 1 20903.39289009 1
2443 0 -27893.47933653 0
2444 0 -28513.42507220 0
2445 1 37425.75567283 1
2446 0 -30533.16514340 0
2447 1 26046.75905347 1
2448 1 20798.13152275 1
2449 1 21647.31258047 1
2450 0 -26287.38447677 0
2451 0 -35545.96566194 0
2452 0 -34197.99329883 0
2453 0 -27180.78623256 0
2454 0 -24726.75847558 0
2455 0 -21812.56208904 0
2456 0 -32944.90900839 0
2457 1 23734.95852424 1
2458 1 28944.28494682 1
2459 1 29317.53128035 1
2460 0 -25785.08395025 0
2461 0 -31581.88836385 0
2462 1 33762.34871795 1
2463 1 31986.21432936 1
2464 0 -32167.16334680 0
2465 0 -33896.01128541 0
2466 0 -28419.28391471 0
2467 1 33928.50630194 1
2468 1 32397.78185297 1
2469 1 28198.18767151 1
2470 0 -24895.19745366 0
2471 0 -20319.30577381 0
2472 0 -27835.39549319 0
2473 1 26028.64429215 1
2474 0 -26063.56131555 0
2475 1 25734.52771527 1
2476 1 27343.64996440 1
2477 0 -22131.92205347 0
2478 1 19507.59446409 1
2479 0 -27267.11863385 0
2480 1 20651.52282121 1
2481 1 22344.96994739 1
2482 1 21689.49934499 1
2483 0 -23896.46277665 0
2484 0 -19603.78857643 0
2485 1 18344.04801020 1
2486 1 24994.13159678 1
2487 0 -25581.88718251 0
2488 0 -22276.56162604 0
2489 0 -20111.56212544 0
2490 1 21109.18085812 1
2491 0 -23127.22238305 0
2492 0 -12627.09314154 0
2493 0 -21243.66524567 0
2494 1 16949.47144081 1
2495 1 15480.18754140 1
2496 1 16872.07863697 1
2497 1 13375.21782503 1
2498 0 -25446.14813543 0
2499 1 11211.53253502 1
2500 0 -16033.73586343 0
2501 0 -15220.20861419 0
2502 0 -14962.54983649 0
2503 0 -17687.48823263 0
2504 1 14017.06649192 1
2505 1 22343.57130201 1
2506 1 14125.19764065 1
2507 0 -20796.39225614 0
2508 0 -19693.04427675 0
2509 0 -25627.81687640 0
2510 1 24073.74964232 1
2511 1 26247.48067664 1
2512 1 24960.90381581 1
2513 0 -16350.73739600 0
2514 1 23674.84314288 1
2515 0 -22507.42183351 0
2516 0 -21020.69250838 0
2517 1 17049.91332528 1
2518 0 -17320.44955984 0
2519 0 -17326.46399248 0
2520 1 16740.18134137 1
2521 1 23155.93125647 1
2522 1 23480.75374180 1
2523 1 19257.23380824 1
2524 0 -16341.69018177 0
2525 0 -16727.60773185 0
2526 0 -15012.47588661 0
2527 0 -9749.89373814 0
2528 0 -19594.56749348 0
2529 0 -15397.77263516 0
2530 1 13038.10074577 1
2531 1 10610.52867221 1
2532 1 10553.15194227 1
2533 0 -13154.09287737 0
2534 0 -9075.33834281 0
2535 1 20153.63568223 1
2536 1 16410.05484498 1
2537 1 15501.29619822 1
2538 0 -12571.48747170 0
2539 1 13009.71422470 1
2540 1 17604.19134486 1
2541 0 -12003.52711567 0
2542 0 -18232.97800563 0
2543 0 -20750.73028008 0
2544 1 21193.87460770 1
2545 0 -20415.01549309 0
2546 0 -14335.69240254 0
2547 1 18537.90703340 1
2548 1 12112.71235428 1
2549 1 16360.81821788 1
2550 0 -12310.79597684 0
2551 1 17152.70062259 1
2552 0 -11794.44947744 0
2553 0 -15326.47838675 0
2554 1 10956.75671167 1
2555 1 5488.14601594 1
2556 1 12848.99993330 1
2557 0 -8816.58647023 0
2558 0 -11176.63032785 0
2559 1 8895.42153131 1
2560 1 -6968.83725375 0
2561 1 6804.74572505 1
2562 1 -5594.13166380 0
2563 1 -8300.10955338 0
2564 0 7536.16556145 1
2565 0 -11689.96408565 0
2566 1 10209.33532026 1
2567 1 6411.05559058 1
2568 1 12757.92752777 1
2569 0 -14103.92670748 0
2570 0 -16073.33787836 0
2571 0 -19444.20165103 0
2572 0 -24886.04778040 0
2573 1 22406.06526878 1
2574 0 -19415.05621786 0
2575 0 -20375.36912799 0
2576 1 18778.71795772 1
2577 1 23106.78470012 1
2578 1 19051.72351850 1
2579 1 25751.28210898 1
2580 1 20041.34893134 1
2581 0 -23219.86681910 0
2582 1 17339.40600453 1
2583 0 -19292.33871380 0
2584 1 24204.94031677 1
2585 0 -20866.80135634 0
2586 0 -28008.16031921 0
2587 1 23952.07900572 1
2588 1 22435.32163320 1
2589 1 18398.97497794 1
2590 0 -22695.41085366 0
2591 1 28394.66097036 1
2592 1 26570.80287621 1
2593 1 29314.35707283 1
2594 1 25436.95732022 1
2595 1 22431.64292118 1
2596 1 21515.60392315 1
2597 1 18887.16559198 1
2598 1 22728.20118851 1
2599 1 22863.85624011 1
2600 1 24155.83092894 1
2601 0 -21317.24599117 0
2602 1 20721.19451334 1
2603 1 23304.10813369 1
2604 0 -21889.86223177 0
2605 1 21361.24263414 1
2606 1 26303.26771517 1
2607 1 27161.00303576 1
2608 0 -25364.11944621 0
2609 1 25054.32518784 1
2610 1 21695.31769554 1
2611 0 -22272.82305219 0
2612 1 24120.60743200 1
2613 0 -25073.89969388 0
2614 0 -29411.76500969 0
2615 1 21577.82419861 1
2616 0 -28086.93944560 0
2617 0 -23162.93553210 0
2618 0 -24114.58058736 0
2619 1 27046.28815330 1
2620 1 26811.94392444 1
2621 1 28644.03256973 1
2622 1 26269.44617221 1
2623 1 34600.48010009 1
2624 1 29012.17603727 1
2625 1 27143.09920226 1
2626 1 26912.69565881 1
2627 1 24303.56217181 1
2628 0 -30922.96158210 0
2629 0 -26730.77230147 0
2630 0 -29980.93718232 0
2631 0 -25966.30342694 0
2632 0 -22416.66816007 0
2633 0 -26260.00334190 0
2634 1 22577.97098346 1
2635 1 31304.95002604 1
2636 1 26680.86528239 1
2637 0 -32122.34864698 0
2638 1 27447.90903581 1
2639 0 -24689.80630396 0
2640 1 26910.06087366 1
2641 1 30667.16787546 1
2642 0 -27737.56238670 0
2643 0 -28458.53063216 0
2644 1 33242.51140400 1
2645 1 27502.40465369 1
2646 0 -29218.00274092 0
2647 1 26880.53376483 1
2648 1 29838.58471634 1
2649 1 32562.26815179 1
2650 1 35201.54338511 1
2651 0 -29164.04438439 0
2652 1 30552.68919417 1
2653 1 23824.20542417 1
2654 1 25095.87145167 1
2655 0 -29654.41970425 0
2656 1 28157.19794138 1
2657 0 -22474.34282692 0
2658 1 26014.15157654 1
2659 1 25693.64415034 1
2660 0 -18824.46849906 0
2661 1 24703.89904259 1
2662 1 25469.31597177 1
2663 1 29212.67648389 1
2664 1 21099.16853181 1
2665 0 -24731.18536056 0
2666 1 23874.97873772 1
2667 1 22367.31914169 1
2668 0 -32551.81773293 0
2669 0 -26458.75063561 0
2670 0 -33317.86915129 0
2671 1 27540.71653870 1
2672 1 26876.09607255 1
2673 1 24897.85452539 1
2674 0 -23927.11216133 0
2675 0 -30711.82857875 0
2676 0 -16528.49062638 0
2677 1 23106.92554961 1
2678 1 20428.10641253 1
2679 1 19474.12851465 1
2680 0 -16809.52984100 0
2681 1 14105.96846994 1
2682 1 27153.80896824 1
2683 0 -9866.17983265 0
2684 0 -15415.27819158 0
2685 1 17380.82149265 1
2686 0 -19483.84230312 0
2687 1 9476.63622889 1
2688 0 -9002.86230354 0
2689 1 20285.65040427 1
2690 1 9872.24736832 1
2691 0 -17407.81428095 0
2692 1 21238.09130066 1
2693 0 -24555.57103541 0
2694 1 17966.65016092 1
2695 1 20115.94162981 1
2696 0 -26374.29901266 0
2697 0 -25098.21951572 0
2698 1 33399.75571780 1
2699 1 32181.53973025 1
2700 0 -34101.76159191 0
2701 0 -35091.76107778 0
2702 0 -24703.20166446 0
2703 0 -32973.92230457 0
2704 1 29371.78578189 1
2705 0 -29905.71024889 0
2706 1 30670.43568523 1
2707 0 -29796.32935775 0
2708 1 24686.22850036 1
2709 1 29831.92328738 1
2710 0 -32796.56094286 0
2711 1 21917.00105193 1
2712 1 24704.09767518 1
2713 1 29896.72902456 1
2714 1 22837.17904025 1
2715 1 13476.56365708 1
2716 1 20776.85547436 1
2717 1 21743.97822332 1
2718 0 -20177.13084491 0
2719 0 -20096.62557329 0
2720 0 -20703.89408325 0
2721 0 -19418.06007815 0
2722 0 -13632.58666887 0
2723 0 -21341.83534809 0
2724 1 24210.53918087 1
2725 1 23451.02426554 1
2726 0 -19075.49566186 0
2727 0 -23246.86037781 0
2728 1 23095.93831454 1
2729 0 -26041.31162741 0
2730 1 16373.54228062 1
2731 0 -29257.15030959 0
2732 1 16719.16140352 1
2733 1 20661.90401417 1
2734 0 -24339.74916587 0
2735 1 18845.81351946 1
2736 0 -22916.32445299 0
2737 0 -18091.98351497 0
2738 0 -23238.42023441 0
2739 1 25510.80781808 1
2740 0 -29802.48937008 0
2741 0 -24874.69782532 0
2742 1 25190.88169292 1
2743 1 21953.51056585 1
2744 0 -22446.21729359 0
2745 1 28050.97808294 1
2746 1 27371.87407906 1
2747 1 28871.05787137 1
2748 1 31163.22880829 1
2749 0 -29837.50527191 0
2750 0 -26502.18206923 0
2751 1 29223.37028997 1
2752 1 37138.51067607 1
2753 0 -33102.26575513 0
2754 1 35389.45136332 1
2755 1 30304.42649020 1
2756 1 29823.47324256 1
2757 1 25192.77190362 1
2758 1 33199.75657416 1
2759 0 -30934.62064234 0
2760 1 30477.07779822 1
2761 0 -31657.27115243 0
2762 0 -34057.28809850 0
2763 1 23012.42375360 1
2764 1 25000.93774236 1
2765 1 28578.17199626 1
2766 1 29459.61887097 1
2767 0 -29092.62493418 0
2768 0 -32208.60297018 0
2769 1 32751.47399593 1
2770 0 -24207.82679416 0
2771 1 26829.64090461 1
2772 0 -29508.72109729 0
2773 0 -27373.87273684 0
2774 1 28290.48757371 1
2775 0 -34553.23766165 0
2776 1 36532.54065367 1
2777 1 28323.10388226 1
2778 0 -22919.60218039 0
2779 0 -36144.40188961 0
2780 1 31237.71012149 1
2781 0 -25154.91590946 0
2782 0 -36429.06572390 0
2783 1 25724.53597507 1
2784 0 -24270.09317919 0
2785 0 -27907.52636676 0
2786 1 26664.87292791 1
2787 1 25093.22863375 1
2788 0 -31265.50102842 0
2789 0 -33992.27165463 0
2790 0 -29460.43345718 0
2791 1 23414.28735653 1
2792 1 26440.65618473 1
2793 1 24613.30431015 1
2794 0 -25756.87329847 0
2795 1 27226.47725789 1
2796 0 -35878.50209415 0
2797 0 -27828.19871621 0
2798 0 -16330.77302728 0
2799 0 -19320.66306927 0
2800 1 25694.43999856 1
2801 0 -21482.16869737 0
2802 1 26980.96828586 1
2803 0 -31654.64077703 0
2804 0 -28058.17047647 0
2805 0 -15529.05197485 0
2806 1 24807.47161406 1
2807 0 -29745.72579991 0
2808 1 24918.22651940 1
2809 1 24805.54882006 1
2810 0 -26238.74929781 0
2811 1 29474.82613373 1
2812 1 16159.57821636 1
2813 0 -27638.16307107 0
2814 0 -37590.33776906 0
2815 0 -25190.50823641 0
2816 0 -24133.11884773 0
2817 0 -27179.32701568 0
2818 1 28648.72855631 1
2819 1 23017.70769451 1
2820 0 -27972.30117511 0
2821 1 31517.97435386 1
2822 0 -30570.64253034 0
2823 0 -30405.09851118 0
2824 0 -27870.64477773 0
2825 1 34017.99369806 1
2826 0 -33322.17689331 0
2827 0 -34192.55316393 0
2828 0 -34328.96205901 0
2829 0 -35051.14976615 0
2830 1 33715.22252992 1
2831 0 -33028.76700364 0
2832 0 -36241.31545165 0
2833 1 27310.79574286 1
2834 0 -33688.03601574 0
2835 1 29972.31826030 1
2836 1 33501.01207447 1
2837 0 -34920.64166327 0
2838 0 -28361.08113087 0
2839 1 33019.46500399 1
2840 0 -29047.30310842 0
2841 0 -36187.42530536 0
2842 0 -31733.70890618 0
2843 0 -29832.64436532 0
2844 1 34145.50645380 1
2845 1 29748.26354237 1
2846 0 -33648.33272900 0
2847 0 -33942.92650949 0
2848 0 -33475.07819294 0
2849 1 28010.55478486 1
2850 1 28636.37996502 1
2851 0 -28344.91893272 0
2852 1 30031.05885455 1
2853 1 26378.40420613 1
2854 0 -30894.81396713 0
2855 0 -32498.90140487 0
2856 0 -17635.06103901 0
2857 0 -22589.94151048 0
2858 1 21188.80880182 1
2859 1 26334.21965086 1
2860 0 -20436.91594262 0
2861 0 -26519.09530184 0
2862 1 23590.03873300 1
2863 1 17646.13765919 1
2864 1 19479.39255038 1
2865 0 -22916.81007219 0
2866 1 20420.24958639 1
2867 0 -21127.07257722 0
2868 1 31161.41987801 1
2869 0 -27998.91604733 0
2870 1 19301.15606247 1
2871 0 -22184.89935929 0
2872 0 -29661.33396162 0
2873 1 23440.12237464 1
2874 1 34213.25638725 1
2875 0 -25125.10172511 0
2876 0 -34716.89010276 0
2877 0 -27005.10836497 0
2878 0 -33786.32246205 0
2879 0 -40402.36699833 0
2880 1 34125.57393064 1
2881 1 34190.61687989 1
2882 0 -38785.45081405 0
2883 1 41761.31848738 1
2884 0 -31297.65259005 0
2885 0 -29192.13620142 0
2886 1 35731.69812190 1
2887 1 35156.71854268 1
2888 1 38992.17040417 1
2889 0 -34735.31626397 0
2890 1 35203.63965567 1
2891 0 -26628.96774511 0
2892 0 -30252.37926214 0
2893 1 32051.13120875 1
2894 0 -29215.00560042 0
2895 1 30212.03189671 1
2896 1 35188.91389550 1
2897 1 33089.89675204 1
2898 0 -24421.41755982 0
2899 0 -30594.96912410 0
2900 0 -32401.08380562 0
2901 1 30879.14521577 1
2902 1 27375.41361394 1
2903 0 -33227.22229523 0
2904 0 -31710.41486132 0
2905 0 -33260.90632898 0
2906 0 -34570.82621857 0
2907 1 28838.40489800 1
2908 0 -32567.46205481 0
2909 1 29109.66454571 1
2910 0 -31109.85234235 0
2911 1 31007.48115081 1
2912 1 32982.53250932 1
2913 1 26087.35727626 1
2914 1 27937.96388937 1
2915 1 31064.71902585 1
2916 0 -26326.82299824 0
2917 1 27495.88377138 1
2918 0 -27386.56159537 0
2919 0 -25639.72320294 0
2920 0 -28409.91486986 0
2921 1 29314.50404250 1
2922 1 25569.23679853 1
2923 0 -27567.06846243 0
2924 0 -26512.20301280 0
2925 0 -24381.21991566 0
2926 0 -24787.05574480 0
2927 1 23680.76753650 1
2928 0 -31051.67272244 0
2929 1 25152.42989325 1
2930 1 26597.23017205 1
2931 1 26341.60368374 1
2932 0 -24849.16518924 0
2933 0 -27754.34750044 0
2934 1 20828.57162316 1
2935 0 -29922.06617786 0
2936 0 -21378.90018659 0
2937 0 -29288.93554328 0
2938 1 24022.80657759 1
2939 1 26412.09782712 1
2940 0 -27611.52382528 0
2941 1 21561.36121423 1
2942 1 33995.00577077 1
2943 1 22842.49773950 1
2944 0 -27963.19049511 0
2945 1 24140.93265281 1
2946 1 30134.69792239 1
2947 1 31340.43232432 1
2948 0 -30043.81873156 0
2949 0 -33342.73251658 0
2950 1 29827.81316057 1
2951 1 38032.55783900 1
2952 1 28639.30813261 1
2953 0 -32217.25906455 0
2954 1 31205.03709179 1
2955 1 29189.68382832 1
2956 1 31179.27300927 1
2957 1 24558.06731671 1
2958 1 40300.06804947 1
2959 1 24200.15522136 1
2960 0 -29590.42457128 0
2961 0 -28446.84424684 0
2962 1 28429.59697974 1
2963 0 -27466.50890136 0
2964 1 23637.86977134 1
2965 1 33993.63207696 1
2966 1 21747.02232667 1
2967 1 29918.54225415 1
2968 1 27445.89603723 1
2969 1 23335.25233191 1
2970 0 -34566.66453084 0
2971 1 32850.63042735 1
2972 1 35947.70411790 1
2973 1 19270.20646571 1
2974 1 29929.65740328 1
2975 0 -26749.16008232 0
2976 1 25237.72372080 1
2977 0 -29129.20649554 0
2978 1 28028.91896837 1
2979 0 -32743.93216365 0
2980 0 -24620.32582330 0
2981 1 33360.04305744 1
2982 0 -29756.77267046 0
2983 1 20748.46288661 1
2984 1 35245.86825425 1
2985 1 23796.02235572 1
2986 1 33673.09434400 1
2987 1 22362.46549824 1
2988 0 -32166.86098706 0
2989 0 -23036.83333274 0
2990 0 -20271.26699618 0
2991 1 30038.10694779 1
2992 0 -23599.00650035 0
2993 0 -29048.88460778 0
2994 1 23437.05361065 1
2995 1 28050.23308535 1
2996 1 24906.34309562 1
2997 0 -27698.28256508 0
2998 0 -35957.41897140 0
2999 1 34128.36344656 1
3000 0 -33726.41254470 0
3001 0 -24429.85621178 0
3002 0 -30503.17145642 0
3003 1 27664.04460761 1
3004 0 -19953.92013074 0
3005 1 30678.31091518 1
3006 1 22465.56919855 1
3007 1 25957.87859909 1
3008 1 20353.14573194 1
3009 0 -26522.36278350 0
3010 0 -25651.02908469 0
3011 0 -27932.35667984 0
3012 1 32768.35911470 1
3013 0 -31848.83792499 0
3014 0 -28408.52250203 0
3015 1 28515.93759637 1
3016 0 -30357.93672747 0
3017 0 -30419.18615452 0
3018 0 -29305.54134121 0
3019 1 32487.21710873 1
3020 0 -28707.39123966 0
3021 1 30891.90485579 1
3022 1 27201.41711543 1
3023 0 -27421.04976687 0
3024 1 29615.77016495 1
3025 1 38029.21858652 1
3026 0 -30189.65180529 0
3027 1 33940.49633498 1
3028 1 35436.27706835 1
3029 0 -28871.68157100 0
3030 1 27060.00625432 1
3031 1 28312.91997064 1
3032 1 25459.90671980 1
3033 1 34811.24284602 1
3034 1 26037.45802129 1
3035 0 -30537.68237287 0
3036 1 24842.36358080 1
3037 0 -28890.36014393 0
3038 0 -23033.92419268 0
3039 0 -25565.54141567 0
3040 0 -25594.03874680 0
3041 1 27550.23544009 1
3042 1 27622.79615130 1
3043 0 -24501.88096431 0
3044 1 29342.91828285 1
3045 1 22311.50921491 1
3046 1 27581.57195978 1
3047 1 27013.64155919 1
3048 0 -22372.98010896 0
3049 1 24666.43119259 1
3050 1 22242.80344059 1
3051 1 26034.45714554 1
3052 1 26665.23920247 1
3053 0 -28302.21015373 0
3054 0 -24306.58408355 0
3055 0 -26705.10925888 0
3056 1 26930.85985398 1
3057 0 -24371.14428228 0
3058 1 24101.68533204 1
3059 0 -33675.08256007 0
3060 1 26169.10339674 1
3061 1 29734.20316744 1
3062 0 -30540.63306357 0
3063 1 32184.06104389 1
3064 1 24727.11840757 1
3065 0 -24777.97368125 0
3066 1 27410.15069708 1
3067 1 40412.78061081 1
3068 1 30908.26970289 1
3069 1 26617.82937670 1
3070 0 -28884.12597751 0
3071 0 -23417.90304045 0
3072 0 -22413.65081427 0
3073 1 19213.74692984 1
3074 0 -19656.58101097 0
3075 1 21398.37364919 1
3076 1 24939.20550435 1
3077 1 15806.76292009 1
3078 1 12810.41215483 1
3079 1 15694.45906952 1
3080 0 -10307.84546855 0
3081 1 17184.19275061 1
3082 0 -15337.80752668 0
3083 1 18041.80133954 1
3084 1 15328.26058916 1
3085 0 -18203.54416092 0
3086 1 16957.76467215 1
3087 0 -7851.89425894 0
3088 1 11664.29592854 1
3089 0 -18158.61025706 0
3090 0 -13591.02966173 0
3091 1 17678.06693985 1
3092 1 -9619.97396611 0
3093 1 12203.93486210 1
3094 1 -7261.71246063 0
3095 1 -10927.82270992 0
3096 0 14491.69045098 1
3097 0 -13272.67868351 0
3098 1 15680.64026146 1
3099 0 -9742.92249082 0
3100 1 15624.07952002 1
3101 1 16622.22842435 1
3102 1 15083.18543085 1
3103 0 -22379.68159534 0
3104 0 -20862.09482576 0
3105 0 -16808.39079396 0
3106 0 -28927.70623524 0
3107 1 20819.43090151 1
3108 0 -22059.18592674 0
3109 1 21938.90644839 1
3110 1 28623.98483360 1
3111 1 18211.03568507 1
3112 0 -27881.01128557 0
3113 0 -19693.36325638 0
3114 0 -24885.05806741 0
3115 1 18682.70513237 1
3116 0 -23112.26631824 0
3117 0 -25743.31278215 0
3118 0 -20835.31042660 0
3119 0 -21923.79829430 0
3120 0 -21740.74212975 0
3121 1 23333.64672008 1
3122 0 -22706.40736033 0
3123 1 23330.46783288 1
3124 1 20787.47338805 1
3125 1 19975.48840633 1
3126 0 -21872.51969137 0
3127 0 -22471.27840610 0
3128 1 26992.93057333 1
3129 0 -24325.76114350 0
3130 1 22380.27050436 1
3131 0 -21906.43947696 0
3132 0 -21654.42071216 0
3133 1 24831.11506139 1
3134 0 -28759.20506361 0
3135 0 -25947.66245311 0
3136 1 25224.89422468 1
3137 1 17429.79613847 1
3138 1 27733.95819475 1
3139 0 -20604.51510235 0
3140 0 -20557.85639950 0
3141 0 -19698.88314956 0
3142 1 24546.67859460 1
3143 1 20023.49818518 1
3144 0 -16598.19376945 0
3145 1 22977.50017876 1
3146 1 19416.81897218 1
3147 1 16193.98115838 1
3148 0 -18578.69434178 0
3149 0 -20213.86465691 0
3150 0 -19748.42044484 0
3151 0 -19783.77485851 0
3152 0 -21939.88898288 0
3153 0 -32766.76903905 0
3154 0 -21972.48713535 0
3155 0 -25498.59635014 0
3156 0 -29010.03260051 0
3157 0 -23193.24134093 0
3158 1 24525.07353097 1
3159 1 28450.64100886 1
3160 1 21808.46905772 1
3161 0 -12342.90002494 0
3162 0 -20904.75131439 0
3163 0 -23610.70477179 0
3164 1 22987.54957585 1
3165 0 -24655.77727162 0
3166 1 25229.02103381 1
3167 0 -19724.69055651 0
3168 0 -13240.06179629 0
3169 0 -22173.98674582 0
3170 1 23102.22757733 1
3171 1 20486.03468202 1
3172 0 -18010.68551875 0
3173 1 26503.49871996 1
3174 1 16509.83079172 1
3175 0 -15888.94371210 0
3176 0 -15013.75960606 0
3177 1 20286.29662105 1
3178 1 13047.77625571 1
3179 0 -15598.57747407 0
3180 1 17412.17936038 1
3181 0 -21836.10546306 0
3182 1 10518.06113105 1
3183 1 13561.42127382 1
3184 0 -18438.23886347 0
3185 1 14770.72823515 1
3186 0 -15531.04911444 0
3187 1 21663.87993242 1
3188 1 21951.28469253 1
3189 0 -11871.27647847 0
3190 0 -22787.68095016 0
3191 1 22534.28794436 1
3192 1 24116.31099864 1
3193 0 -24891.54992401 0
3194 1 24788.66560665 1
3195 1 21638.63121046 1
3196 1 24109.48379258 1
3197 1 25920.07492355 1
3198 0 18478.91586366 1
3199 0 -21123.08480174 0
